eye_packets,776
norm_X,norm_Y,phi,theta,confidence,timestamp
1581494812.79503,"{'circle_3d': {'center': [-0.010643887983012412, -0.030983350303745993, 3.3415746327135007], 'normal': [-0.2622913040801675, 0.5275094803728815, -0.8080451843310854], 'radius': 0.1037151332752537}, 'confidence': 0.3094514163131687, 'timestamp': 359909.308611, 'diameter_3d': 0.2074302665505074, 'ellipse': {'center': [158.15108952248636, 113.99471308958996], 'axes': [31.26489913424819, 38.49426724017816], 'angle': -62.99983909384}, 'location': [158.15108952248636, 113.99471308958996], 'diameter': 38.49426724017816, 'sphere': {'center': [3.1368517609789968, -6.361097114778323, 13.038116844686524], 'radius': 12.0}, 'projected_sphere': {'center': [309.1663339863049, -182.48848496627988], 'axes': [1141.2691094315592, 1141.2691094315592], 'angle': 90.0}, 'model_confidence': 0.5783171116411467, 'model_id': 39, 'model_birth_timestamp': 359861.586521, 'theta': 2.1264626368212305, 'phi': -1.8846662148137832, 'norm_pos': [0.49422215475776987, 0.5250220287933751], 'topic': 'pupil.1', 'id': 1, 'method': '3d c++'}"
1581494812.802967,"{'circle_3d': {'center': [-0.01074205626101632, -0.03415854286532394, 3.339534398322934], 'normal': [-0.2622994847700011, 0.5272448809927499, -0.8082152038636324], 'radius': 0.10335080255668175}, 'confidence': 0.28287122749164656, 'timestamp': 359909.317011, 'diameter_3d': 0.2067016051133635, 'ellipse': {'center': [158.13095123632098, 113.40307880640263], 'axes': [31.199403875150324, 38.38256819574973], 'angle': -62.94882181000566}, 'location': [158.13095123632098, 113.40307880640263], 'diameter': 38.38256819574973, 'sphere': {'center': [3.1368517609789968, -6.361097114778323, 13.038116844686524], 'radius': 12.0}, 'projected_sphere': {'center': [309.1663339863049, -182.48848496627988], 'axes': [1141.2691094315592, 1141.2691094315592], 'angle': 90.0}, 'model_confidence': 0.5783171116411467, 'model_id': 39, 'model_birth_timestamp': 359861.586521, 'theta': 2.126151208335542, 'phi': -1.8846135957751715, 'norm_pos': [0.4941592226135031, 0.527487171639989], 'topic': 'pupil.1', 'id': 1, 'method': '3d c++'}"
1581494812.810984,"{'circle_3d': {'center': [-0.010840250589865708, -0.03734990788828352, 3.3374850990909817], 'normal': [-0.2623076676307385, 0.5269789339075032, -0.8083859787996284], 'radius': 0.10526222164884527}, 'confidence': 0.2416633238230874, 'timestamp': 359909.325411, 'diameter_3d': 0.21052444329769054, 'ellipse': {'center': [158.11634827808766, 112.7963458933925], 'axes': [31.82230852218162, 39.11682662079742], 'angle': -62.89716744763775}, 'location': [158.11634827808766, 112.7963458933925], 'diameter': 39.11682662079742, 'sphere': {'center': [3.1368517609789968, -6.361097114778323, 13.038116844686524], 'radius': 12.0}, 'projected_sphere': {'center': [309.1663339863049, -182.48848496627988], 'axes': [1141.2691094315592, 1141.2691094315592], 'angle': 90.0}, 'model_confidence': 0.5783171116411467, 'model_id': 39, 'model_birth_timestamp': 359861.586521, 'theta': 2.125838254255672, 'phi': -1.884560725171603, 'norm_pos': [0.4941135883690239, 0.5300152254441979], 'topic': 'pupil.1', 'id': 1, 'method': '3d c++'}"
1581494812.819411,"{'circle_3d': {'center': [-0.01093846354581629, -0.040557454119984016, 3.3354267486136315], 'normal': [-0.2623158520437344, 0.5267116383881949, -0.8085575080060744], 'radius': 0.10351193141186286}, 'confidence': 0.2455142360991076, 'timestamp': 359909.333811, 'diameter_3d': 0.20702386282372573, 'ellipse': {'center': [158.09273671237491, 112.20414434807509], 'axes': [31.337813947569966, 38.4900692868373], 'angle': -62.844939288500804}, 'location': [158.09273671237491, 112.20414434807509], 'diameter': 38.4900692868373, 'sphere': {'center': [3.1368517609789968, -6.361097114778323, 13.038116844686524], 'radius': 12.0}, 'projected_sphere': {'center': [309.1663339863049, -182.48848496627988], 'axes': [1141.2691094315592, 1141.2691094315592], 'angle': 90.0}, 'model_confidence': 0.5783171116411467, 'model_id': 39, 'model_birth_timestamp': 359861.586521, 'theta': 2.125523774581621, 'phi': -1.8845076030030772, 'norm_pos': [0.4940398022261716, 0.5324827318830205], 'topic': 'pupil.1', 'id': 1, 'method': '3d c++'}"
1581494812.827053,"{'circle_3d': {'center': [-0.011036687671308165, -0.04378119034268657, 3.33335936055917], 'normal': [-0.2623240373875254, 0.5264429937029697, -0.8087297903439462], 'radius': 0.10435587867494137}, 'confidence': 0.2252697705716843, 'timestamp': 359909.342211, 'diameter_3d': 0.20871175734988273, 'ellipse': {'center': [158.07545436575805, 111.59520067055092], 'axes': [31.639120370167387, 38.82822284296518], 'angle': -62.792049964778776}, 'location': [158.07545436575805, 111.59520067055092], 'diameter': 38.82822284296518, 'sphere': {'center': [3.1368517609789968, -6.361097114778323, 13.038116844686524], 'radius': 12.0}, 'projected_sphere': {'center': [309.1663339863049, -182.48848496627988], 'axes': [1141.2691094315592, 1141.2691094315592], 'angle': 90.0}, 'model_confidence': 0.5783171116411467, 'model_id': 39, 'model_birth_timestamp': 359861.586521, 'theta': 2.1252077693133886, 'phi': -1.884454229269594, 'norm_pos': [0.4939857948929939, 0.5350199972060379], 'topic': 'pupil.1', 'id': 1, 'method': '3d c++'}"
1581494812.834641,"{'circle_3d': {'center': [-0.011134915474990681, -0.04702112537344405, 3.3312829486682674], 'normal': [-0.26233222303783227, 0.5261729991170733, -0.8089028246681881], 'radius': 0.10390094787327366}, 'confidence': 0.2350772780160345, 'timestamp': 359909.350611, 'diameter_3d': 0.2078018957465473, 'ellipse': {'center': [158.05496091445912, 110.98895352332487], 'axes': [31.546797457365223, 38.683169692810075], 'angle': -62.73854108397639}, 'location': [158.05496091445912, 110.98895352332487], 'diameter': 38.683169692810075, 'sphere': {'center': [3.1368517609789968, -6.361097114778323, 13.038116844686524], 'radius': 12.0}, 'projected_sphere': {'center': [309.1663339863049, -182.48848496627988], 'axes': [1141.2691094315592, 1141.2691094315592], 'angle': 90.0}, 'model_confidence': 0.5783171116411467, 'model_id': 39, 'model_birth_timestamp': 359861.586521, 'theta': 2.1248902384509756, 'phi': -1.8844006039711536, 'norm_pos': [0.49392175285768475, 0.5375460269861464], 'topic': 'pupil.1', 'id': 1, 'method': '3d c++'}"
1581494812.84321,"{'circle_3d': {'center': [-0.011233139432444528, -0.05027726808660837, 3.3291975267395735], 'normal': [-0.26234040836762007, 0.5259016538909761, -0.8090766098289124], 'radius': 0.10310147337064927}, 'confidence': 0.1820528558108528, 'timestamp': 359909.359011, 'diameter_3d': 0.20620294674129855, 'ellipse': {'center': [158.03360007835147, 110.38061503122246], 'axes': [31.349506287344013, 38.409650101545026], 'angle': -62.684391427017665}, 'location': [158.03360007835147, 110.38061503122246], 'diameter': 38.409650101545026, 'sphere': {'center': [3.1368517609789968, -6.361097114778323, 13.038116844686524], 'radius': 12.0}, 'projected_sphere': {'center': [309.1663339863049, -182.48848496627988], 'axes': [1141.2691094315592, 1141.2691094315592], 'angle': 90.0}, 'model_confidence': 0.5783171116411467, 'model_id': 39, 'model_birth_timestamp': 359861.586521, 'theta': 2.124571181992165, 'phi': -1.884346727107382, 'norm_pos': [0.49385500024484835, 0.5400807707032398], 'topic': 'pupil.1', 'id': 1, 'method': '3d c++'}"
1581494812.851451,"{'circle_3d': {'center': [0.39669806181565326, 0.04821896871509512, 3.2701986915264527], 'normal': [-0.2283461415969453, 0.5341096736244515, -0.8139931794300059], 'radius': 0.10353354895271957}, 'confidence': 0.22033866492418738, 'timestamp': 359909.367411, 'diameter_3d': 0.20706709790543915, 'ellipse': {'center': [235.3513473435073, 128.8746981592692], 'axes': [32.50595336819402, 39.553586784660965], 'angle': -76.94814821345162}, 'location': [235.3513473435073, 128.8746981592692], 'diameter': 39.553586784660965, 'sphere': {'center': [3.1368517609789968, -6.361097114778323, 13.038116844686524], 'radius': 12.0}, 'projected_sphere': {'center': [309.1663339863049, -182.48848496627988], 'axes': [1141.2691094315592, 1141.2691094315592], 'angle': 90.0}, 'model_confidence': 0.5783171116411467, 'model_id': 39, 'model_birth_timestamp': 359861.586521, 'theta': 2.1342505999413786, 'phi': -1.8442925986790255, 'norm_pos': [0.7354729604484603, 0.46302209100304503], 'topic': 'pupil.1', 'id': 1, 'method': '3d c++'}"
1581494812.859145,"{'circle_3d': {'center': [0.40376365408014125, 0.23963401167229392, 3.396510236022488], 'normal': [-0.2277573422415713, 0.5500609272042181, -0.8034672173886697], 'radius': 0.10349402175426156}, 'confidence': 0.31808693464642684, 'timestamp': 359909.375811, 'diameter_3d': 0.20698804350852312, 'ellipse': {'center': [233.8327769722232, 163.50276999658726], 'axes': [29.668867968393354, 38.11540923386079], 'angle': -76.8944610661463}, 'location': [233.8327769722232, 163.50276999658726], 'diameter': 38.11540923386079, 'sphere': {'center': [3.1368517609789968, -6.361097114778323, 13.038116844686524], 'radius': 12.0}, 'projected_sphere': {'center': [309.1663339863049, -182.48848496627988], 'axes': [1141.2691094315592, 1141.2691094315592], 'angle': 90.0}, 'model_confidence': 0.5783171116411467, 'model_id': 39, 'model_birth_timestamp': 359861.586521, 'theta': 2.1532335187423133, 'phi': -1.8470181129021035, 'norm_pos': [0.7307274280381975, 0.3187384583475531], 'topic': 'pupil.1', 'id': 1, 'method': '3d c++'}"
1581494812.866715,"{'circle_3d': {'center': [0.1382166646975711, 0.32377288863112685, 3.534396489117036], 'normal': [-0.24988625802345213, 0.5570725002841208, -0.7919766962974574], 'radius': 0.10289470386902148}, 'confidence': 0.190288969668532, 'timestamp': 359909.384211, 'diameter_3d': 0.20578940773804297, 'ellipse': {'center': [184.3575053771419, 176.58193447777984], 'axes': [27.047515512667438, 36.187106594584954], 'angle': -70.19290038738343}, 'location': [184.3575053771419, 176.58193447777984], 'diameter': 36.187106594584954, 'sphere': {'center': [3.1368517609789968, -6.361097114778323, 13.038116844686524], 'radius': 12.0}, 'projected_sphere': {'center': [309.1663339863049, -182.48848496627988], 'axes': [1141.2691094315592, 1141.2691094315592], 'angle': 90.0}, 'model_confidence': 0.5783171116411467, 'model_id': 39, 'model_birth_timestamp': 359861.586521, 'theta': 2.1616528037207545, 'phi': -1.8764321749513113, 'norm_pos': [0.5761172043035685, 0.26424193967591736], 'topic': 'pupil.1', 'id': 1, 'method': '3d c++'}"
1581494812.878882,"{'circle_3d': {'center': [0.06739158339137141, 0.3175833358381386, 3.5526731725772827], 'normal': [-0.2557883481323021, 0.5565567042180385, -0.7904536393424367], 'radius': 0.10481044595266847}, 'confidence': 0.36673853061719436, 'timestamp': 359909.39261, 'diameter_3d': 0.20962089190533695, 'ellipse': {'center': [171.87392466756492, 175.20415347986366], 'axes': [27.248810023103132, 36.63414725439712], 'angle': -68.51243158264272}, 'location': [171.87392466756492, 175.20415347986366], 'diameter': 36.63414725439712, 'sphere': {'center': [3.1368517609789968, -6.361097114778323, 13.038116844686524], 'radius': 12.0}, 'projected_sphere': {'center': [309.1663339863049, -182.48848496627988], 'axes': [1141.2691094315592, 1141.2691094315592], 'angle': 90.0}, 'model_confidence': 0.5783171116411467, 'model_id': 39, 'model_birth_timestamp': 359861.586521, 'theta': 2.1610318390782113, 'phi': -1.8837586479384663, 'norm_pos': [0.5371060145861404, 0.2699826938339014], 'topic': 'pupil.1', 'id': 1, 'method': '3d c++'}"
1581494812.888007,"{'circle_3d': {'center': [0.4402418941731425, 0.2196337053684152, 3.3725968328601468], 'normal': [-0.22471748890048784, 0.5483942350122282, -0.8054600009855314], 'radius': 0.10382514056223362}, 'confidence': 0.2766890297863248, 'timestamp': 359909.40101, 'diameter_3d': 0.20765028112446723, 'ellipse': {'center': [241.06503062587558, 160.1300928264967], 'axes': [30.214578215641023, 38.55763571418056], 'angle': -77.96669302564129}, 'location': [241.06503062587558, 160.1300928264967], 'diameter': 38.55763571418056, 'sphere': {'center': [3.1368517609789968, -6.361097114778323, 13.038116844686524], 'radius': 12.0}, 'projected_sphere': {'center': [309.1663339863049, -182.48848496627988], 'axes': [1141.2691094315592, 1141.2691094315592], 'angle': 90.0}, 'model_confidence': 0.5783171116411467, 'model_id': 39, 'model_birth_timestamp': 359861.586521, 'theta': 2.151239086491032, 'phi': -1.8428707496119874, 'norm_pos': [0.7533282207058611, 0.332791279889597], 'topic': 'pupil.1', 'id': 1, 'method': '3d c++'}"
1581494812.895658,"{'circle_3d': {'center': [-0.08429898961813942, 0.1280793398149429, 3.4717812461890567], 'normal': [-0.26842922921642803, 0.5407647045494388, -0.7971946332081222], 'radius': 0.1026121559861005}, 'confidence': 0.21486542652699472, 'timestamp': 359909.40941, 'diameter_3d': 0.205224311972201, 'ellipse': {'center': [145.05680140028775, 142.6464782267447], 'axes': [28.255406569941442, 36.65581424195903], 'angle': -63.24941163327456}, 'location': [145.05680140028775, 142.6464782267447], 'diameter': 36.65581424195903, 'sphere': {'center': [3.1368517609789968, -6.361097114778323, 13.038116844686524], 'radius': 12.0}, 'projected_sphere': {'center': [309.1663339863049, -182.48848496627988], 'axes': [1141.2691094315592, 1141.2691094315592], 'angle': 90.0}, 'model_confidence': 0.5783171116411467, 'model_id': 39, 'model_birth_timestamp': 359861.586521, 'theta': 2.142142262925829, 'phi': -1.8955893584567172, 'norm_pos': [0.45330250437589925, 0.4056396740552304], 'topic': 'pupil.1', 'id': 1, 'method': '3d c++'}"
1581494812.90314,"{'circle_3d': {'center': [-0.09652312615826064, 0.3363316740722997, 3.620594110044202], 'normal': [-0.26944790726143814, 0.5581190657375519, -0.7847935612201935], 'radius': 0.10371619419868278}, 'confidence': 0.2579331390843958, 'timestamp': 359909.41781, 'diameter_3d': 0.20743238839736555, 'ellipse': {'center': [143.57353595757198, 177.38955653174548], 'axes': [25.7853850148034, 35.53073275844121], 'angle': -65.12176508190173}, 'location': [143.57353595757198, 177.38955653174548], 'diameter': 35.53073275844121, 'sphere': {'center': [3.1368517609789968, -6.361097114778323, 13.038116844686524], 'radius': 12.0}, 'projected_sphere': {'center': [309.1663339863049, -182.48848496627988], 'axes': [1141.2691094315592, 1141.2691094315592], 'angle': 90.0}, 'model_confidence': 0.5783171116411467, 'model_id': 39, 'model_birth_timestamp': 359861.586521, 'theta': 2.162913555100586, 'phi': -1.9015221352457425, 'norm_pos': [0.44866729986741244, 0.2608768477843938], 'topic': 'pupil.1', 'id': 1, 'method': '3d c++'}"
1581494812.9106848,"{'circle_3d': {'center': [0.07520318644953372, 0.22192777107748718, 3.4835320102583527], 'normal': [-0.2551373812107886, 0.5485854071546509, -0.7962154028690143], 'radius': 0.10374196520883282}, 'confidence': 0.23306838363960095, 'timestamp': 359909.42621, 'diameter_3d': 0.20748393041766564, 'ellipse': {'center': [173.5007702049202, 159.2713361831585], 'axes': [28.297629403488365, 36.96933882886454], 'angle': -68.03918683889289}, 'location': [173.5007702049202, 159.2713361831585], 'diameter': 36.96933882886454, 'sphere': {'center': [3.1368517609789968, -6.361097114778323, 13.038116844686524], 'radius': 12.0}, 'projected_sphere': {'center': [309.1663339863049, -182.48848496627988], 'axes': [1141.2691094315592, 1141.2691094315592], 'angle': 90.0}, 'model_confidence': 0.5783171116411467, 'model_id': 39, 'model_birth_timestamp': 359861.586521, 'theta': 2.1514677183034747, 'phi': -1.8808962053889258, 'norm_pos': [0.5421899068903756, 0.33636943257017293], 'topic': 'pupil.1', 'id': 1, 'method': '3d c++'}"
1581494812.919946,"{'circle_3d': {'center': [0.3494852468982237, 0.23099847892987047, 3.406145935283078], 'normal': [-0.23228054284006439, 0.5493412994756827, -0.802664242450287], 'radius': 0.10395838579568362}, 'confidence': 0.18710714994192107, 'timestamp': 359909.43461, 'diameter_3d': 0.20791677159136723, 'ellipse': {'center': [223.74347267616454, 161.8064398505752], 'axes': [29.67964825657224, 38.10686510535234], 'angle': -75.3774183044056}, 'location': [223.74347267616454, 161.8064398505752], 'diameter': 38.10686510535234, 'sphere': {'center': [3.1368517609789968, -6.361097114778323, 13.038116844686524], 'radius': 12.0}, 'projected_sphere': {'center': [309.1663339863049, -182.48848496627988], 'axes': [1141.2691094315592, 1141.2691094315592], 'angle': 90.0}, 'model_confidence': 0.5783171116411467, 'model_id': 39, 'model_birth_timestamp': 359861.586521, 'theta': 2.152372061927658, 'phi': -1.8524881476973891, 'norm_pos': [0.6991983521130142, 0.3258065006226033], 'topic': 'pupil.1', 'id': 1, 'method': '3d c++'}"
1581494812.927132,"{'circle_3d': {'center': [-0.07333723703529094, 0.13118177556251354, 3.470201637753366], 'normal': [-0.267515749834524, 0.5410232408617364, -0.7973262672444298], 'radius': 0.10222572042214019}, 'confidence': 0.21552461943095444, 'timestamp': 359909.44301, 'diameter_3d': 0.20445144084428038, 'ellipse': {'center': [147.00793055814952, 143.21270544915689], 'axes': [28.18008217835046, 36.53395951687782], 'angle': -63.54517144882073}, 'location': [147.00793055814952, 143.21270544915689], 'diameter': 36.53395951687782, 'sphere': {'center': [3.1368517609789968, -6.361097114778323, 13.038116844686524], 'radius': 12.0}, 'projected_sphere': {'center': [309.1663339863049, -182.48848496627988], 'axes': [1141.2691094315592, 1141.2691094315592], 'angle': 90.0}, 'model_confidence': 0.5783171116411467, 'model_id': 39, 'model_birth_timestamp': 359861.586521, 'theta': 2.1424496451001223, 'phi': -1.894510026988902, 'norm_pos': [0.45939978299421724, 0.40328039396184634], 'topic': 'pupil.1', 'id': 1, 'method': '3d c++'}"
1581494812.935154,"{'circle_3d': {'center': [-0.09346801903361746, 0.33940688652169726, 3.6217332369833155], 'normal': [-0.2691933150010512, 0.5583753334416683, -0.7846986339752674], 'radius': 0.10281951657860772}, 'confidence': 0.2603111227936053, 'timestamp': 359909.45141, 'diameter_3d': 0.20563903315721543, 'ellipse': {'center': [144.09995674532172, 177.90162664864155], 'axes': [25.541917566993718, 35.21289128838008], 'angle': -65.21025690850927}, 'location': [144.09995674532172, 177.90162664864155], 'diameter': 35.21289128838008, 'sphere': {'center': [3.1368517609789968, -6.361097114778323, 13.038116844686524], 'radius': 12.0}, 'projected_sphere': {'center': [309.1663339863049, -182.48848496627988], 'axes': [1141.2691094315592, 1141.2691094315592], 'angle': 90.0}, 'model_confidence': 0.5783171116411467, 'model_id': 39, 'model_birth_timestamp': 359861.586521, 'theta': 2.163222432440883, 'phi': -1.9012690345241108, 'norm_pos': [0.4503123648291304, 0.2587432222973268], 'topic': 'pupil.1', 'id': 1, 'method': '3d c++'}"
1581494812.9433432,"{'circle_3d': {'center': [-0.20692981493948226, 0.2250428290296851, 3.580744830584255], 'normal': [-0.2786484646598732, 0.5488449953173339, -0.7881143345085223], 'radius': 0.10171767358036987}, 'confidence': 0.25849860050500467, 'timestamp': 359909.45981, 'diameter_3d': 0.20343534716073974, 'ellipse': {'center': [124.2693945042728, 158.76123171508655], 'axes': [25.980876563489957, 35.23767101938775], 'angle': -61.76757610347994}, 'location': [124.2693945042728, 158.76123171508655], 'diameter': 35.23767101938775, 'sphere': {'center': [3.1368517609789968, -6.361097114778323, 13.038116844686524], 'radius': 12.0}, 'projected_sphere': {'center': [309.1663339863049, -182.48848496627988], 'axes': [1141.2691094315592, 1141.2691094315592], 'angle': 90.0}, 'model_confidence': 0.5783171116411467, 'model_id': 39, 'model_birth_timestamp': 359861.586521, 'theta': 2.151778226991049, 'phi': -1.910642224785662, 'norm_pos': [0.3883418578258525, 0.338494867853806], 'topic': 'pupil.1', 'id': 1, 'method': '3d c++'}"
1581494812.951541,"{'circle_3d': {'center': [-0.2002755294918841, 0.2341272926315625, 3.5847261057453146], 'normal': [-0.2780939408725734, 0.5496020339508237, -0.787782561578434], 'radius': 0.1024631540320008}, 'confidence': 0.2673455202216983, 'timestamp': 359909.46821, 'diameter_3d': 0.2049263080640016, 'ellipse': {'center': [125.46140527551674, 160.28689926196733], 'axes': [26.102230888596562, 35.45482755524889], 'angle': -62.00527973214302}, 'location': [125.46140527551674, 160.28689926196733], 'diameter': 35.45482755524889, 'sphere': {'center': [3.1368517609789968, -6.361097114778323, 13.038116844686524], 'radius': 12.0}, 'projected_sphere': {'center': [309.1663339863049, -182.48848496627988], 'axes': [1141.2691094315592, 1141.2691094315592], 'angle': 90.0}, 'model_confidence': 0.5783171116411467, 'model_id': 39, 'model_birth_timestamp': 359861.586521, 'theta': 2.152684127305845, 'phi': -1.9101488066836847, 'norm_pos': [0.39206689148598983, 0.33213791974180273], 'topic': 'pupil.1', 'id': 1, 'method': '3d c++'}"
1581494812.963238,"{'circle_3d': {'center': [0.10199628713379516, 0.33483521513808157, 3.5537010753282416], 'normal': [-0.2529046228204335, 0.5579943608263671, -0.7903679807798569], 'radius': 0.10330922353697283}, 'confidence': 0.2716295838391388, 'timestamp': 359909.47661, 'diameter_3d': 0.20661844707394567, 'ellipse': {'center': [177.90529880308827, 178.20473875874802], 'axes': [26.818432356820775, 36.11764378475491], 'angle': -69.40806762055601}, 'location': [177.90529880308827, 178.20473875874802], 'diameter': 36.11764378475491, 'sphere': {'center': [3.1368517609789968, -6.361097114778323, 13.038116844686524], 'radius': 12.0}, 'projected_sphere': {'center': [309.1663339863049, -182.48848496627988], 'axes': [1141.2691094315592, 1141.2691094315592], 'angle': 90.0}, 'model_confidence': 0.5783171116411467, 'model_id': 39, 'model_birth_timestamp': 359861.586521, 'theta': 2.1627632725155634, 'phi': -1.880484200675815, 'norm_pos': [0.5559540587596509, 0.2574802551718832], 'topic': 'pupil.1', 'id': 1, 'method': '3d c++'}"
1581494812.9710689,"{'circle_3d': {'center': [0.4415145993573808, 0.2287521605818874, 3.3784561822607433], 'normal': [-0.22461143013513463, 0.5491541062800175, -0.8049717218688149], 'radius': 0.10355313409848588}, 'confidence': 0.2410805509401669, 'timestamp': 359909.48501, 'diameter_3d': 0.20710626819697175, 'ellipse': {'center': [241.15704930953362, 161.73594486644689], 'axes': [30.007465188264295, 38.3932937583053], 'angle': -77.98129740804549}, 'location': [241.15704930953362, 161.73594486644689], 'diameter': 38.3932937583053, 'sphere': {'center': [3.1368517609789968, -6.361097114778323, 13.038116844686524], 'radius': 12.0}, 'projected_sphere': {'center': [309.1663339863049, -182.48848496627988], 'axes': [1141.2691094315592, 1141.2691094315592], 'angle': 90.0}, 'model_confidence': 0.5783171116411467, 'model_id': 39, 'model_birth_timestamp': 359861.586521, 'theta': 2.1521480554094614, 'phi': -1.8429055194203101, 'norm_pos': [0.7536157790922926, 0.326100229723138], 'topic': 'pupil.1', 'id': 1, 'method': '3d c++'}"
1581494812.979477,"{'circle_3d': {'center': [0.41688832434837897, 0.2378523922715461, 3.3915804555570634], 'normal': [-0.22666361971921814, 0.5499124589208224, -0.803878032427455], 'radius': 0.104150244019798}, 'confidence': 0.194782460063835, 'timestamp': 359909.49341, 'diameter_3d': 0.208300488039596, 'ellipse': {'center': [236.3415334493044, 163.23672179147871], 'axes': [29.94087707346048, 38.43092758341872], 'angle': -77.26580551319896}, 'location': [236.3415334493044, 163.23672179147871], 'diameter': 38.43092758341872, 'sphere': {'center': [3.1368517609789968, -6.361097114778323, 13.038116844686524], 'radius': 12.0}, 'projected_sphere': {'center': [309.1663339863049, -182.48848496627988], 'axes': [1141.2691094315592, 1141.2691094315592], 'angle': 90.0}, 'model_confidence': 0.5783171116411467, 'model_id': 39, 'model_birth_timestamp': 359861.586521, 'theta': 2.1530557493345257, 'phi': -1.845624111099038, 'norm_pos': [0.7385672920290762, 0.3198469925355053], 'topic': 'pupil.1', 'id': 1, 'method': '3d c++'}"
1581494812.987017,"{'circle_3d': {'center': [-0.07690275306798577, 0.13811398119128704, 3.47610674986503], 'normal': [-0.26781287617058186, 0.5416009246641341, -0.7968341745684578], 'radius': 0.1020120117706808}, 'confidence': 0.15749191611677707, 'timestamp': 359909.50181, 'diameter_3d': 0.2040240235413616, 'ellipse': {'center': [146.39325988859153, 144.41130932509566], 'axes': [28.006713101906296, 36.395620760330296], 'angle': -63.5433512794881}, 'location': [146.39325988859153, 144.41130932509566], 'diameter': 36.395620760330296, 'sphere': {'center': [3.1368517609789968, -6.361097114778323, 13.038116844686524], 'radius': 12.0}, 'projected_sphere': {'center': [309.1663339863049, -182.48848496627988], 'axes': [1141.2691094315592, 1141.2691094315592], 'angle': 90.0}, 'model_confidence': 0.5783171116411467, 'model_id': 39, 'model_birth_timestamp': 359861.586521, 'theta': 2.1431366918163333, 'phi': -1.8950313269254766, 'norm_pos': [0.4574789371518485, 0.3982862111454347], 'topic': 'pupil.1', 'id': 1, 'method': '3d c++'}"
1581494812.996246,"{'circle_3d': {'center': [-0.03637863820039078, 0.145940521929127, 3.4678989773547375], 'normal': [-0.2644358665982823, 0.5422531363922874, -0.7975181556109822], 'radius': 0.10421477607428711}, 'confidence': 0.19199066683663757, 'timestamp': 359909.510209, 'diameter_3d': 0.20842955214857423, 'ellipse': {'center': [153.61211335123963, 145.85798898065394], 'axes': [28.77306861219356, 37.271068616889586], 'angle': -64.59900833196306}, 'location': [153.61211335123963, 145.85798898065394], 'diameter': 37.271068616889586, 'sphere': {'center': [3.1368517609789968, -6.361097114778323, 13.038116844686524], 'radius': 12.0}, 'projected_sphere': {'center': [309.1663339863049, -182.48848496627988], 'axes': [1141.2691094315592, 1141.2691094315592], 'angle': 90.0}, 'model_confidence': 0.5783171116411467, 'model_id': 39, 'model_birth_timestamp': 359861.586521, 'theta': 2.1439127412477785, 'phi': -1.890962173773336, 'norm_pos': [0.48003785422262385, 0.39225837924727525], 'topic': 'pupil.1', 'id': 1, 'method': '3d c++'}"
1581494813.005068,"{'circle_3d': {'center': [-0.037124434821073304, 0.14542282159608888, 3.4677943095753463], 'normal': [-0.2644980163166725, 0.5422099946978677, -0.7975268779259315], 'radius': 0.10428580097787879}, 'confidence': 0.19185080025526635, 'timestamp': 359909.518609, 'diameter_3d': 0.20857160195575758, 'ellipse': {'center': [153.4787279769637, 145.76587119771202], 'axes': [28.794856104246485, 37.29752842111776], 'angle': -64.57527371066553}, 'location': [153.4787279769637, 145.76587119771202], 'diameter': 37.29752842111776, 'sphere': {'center': [3.1368517609789968, -6.361097114778323, 13.038116844686524], 'radius': 12.0}, 'projected_sphere': {'center': [309.1663339863049, -182.48848496627988], 'axes': [1141.2691094315592, 1141.2691094315592], 'angle': 90.0}, 'model_confidence': 0.5783171116411467, 'model_id': 39, 'model_birth_timestamp': 359861.586521, 'theta': 2.1438613960911166, 'phi': -1.8910291143467097, 'norm_pos': [0.4796210249280116, 0.3926422033428666], 'topic': 'pupil.1', 'id': 1, 'method': '3d c++'}"
1581494813.0115252,"{'circle_3d': {'center': [0.3655176187464413, 0.24540813365929548, 3.4113938573734295], 'normal': [-0.23094451185271295, 0.5505421040364682, -0.8022269156094245], 'radius': 0.10341999427470155}, 'confidence': 0.19795963913957873, 'timestamp': 359909.527009, 'diameter_3d': 0.2068399885494031, 'ellipse': {'center': [226.55796858368774, 164.36429646274553], 'axes': [29.393010004454183, 37.87348014600609], 'angle': -75.82495286453424}, 'location': [226.55796858368774, 164.36429646274553], 'diameter': 37.87348014600609, 'sphere': {'center': [3.1368517609789968, -6.361097114778323, 13.038116844686524], 'radius': 12.0}, 'projected_sphere': {'center': [309.1663339863049, -182.48848496627988], 'axes': [1141.2691094315592, 1141.2691094315592], 'angle': 90.0}, 'model_confidence': 0.5783171116411467, 'model_id': 39, 'model_birth_timestamp': 359861.586521, 'theta': 2.153809801896866, 'phi': -1.851096443336292, 'norm_pos': [0.7079936518240242, 0.31514876473856035], 'topic': 'pupil.1', 'id': 1, 'method': '3d c++'}"
1581494813.020725,"{'circle_3d': {'center': [-0.0666442542648249, 0.13737349107936048, 3.4721619490621123], 'normal': [-0.2669580012703185, 0.5415392171548069, -0.7971629079687009], 'radius': 0.10266484495346029}, 'confidence': 0.24408181117951802, 'timestamp': 359909.535409, 'diameter_3d': 0.20532968990692058, 'ellipse': {'center': [148.21139042850365, 144.3035838030125], 'axes': [28.263010100574643, 36.67015094929652], 'angle': -63.77672688785834}, 'location': [148.21139042850365, 144.3035838030125], 'diameter': 36.67015094929652, 'sphere': {'center': [3.1368517609789968, -6.361097114778323, 13.038116844686524], 'radius': 12.0}, 'projected_sphere': {'center': [309.1663339863049, -182.48848496627988], 'axes': [1141.2691094315592, 1141.2691094315592], 'angle': 90.0}, 'model_confidence': 0.5783171116411467, 'model_id': 39, 'model_birth_timestamp': 359861.586521, 'theta': 2.1430632877868305, 'phi': -1.8939428442539123, 'norm_pos': [0.4631605950890739, 0.398735067487448], 'topic': 'pupil.1', 'id': 1, 'method': '3d c++'}"
1581494813.027146,"{'circle_3d': {'center': [-0.08676941800153726, 0.34554316804347174, 3.623806322334918], 'normal': [-0.2686350982483778, 0.5588866902351495, -0.7845258768626338], 'radius': 0.10213153143318228}, 'confidence': 0.20983933439397476, 'timestamp': 359909.543809, 'diameter_3d': 0.20426306286636456, 'ellipse': {'center': [145.25383415726114, 178.92133085995232], 'axes': [25.333777883066844, 34.958384523866265], 'angle': -65.3983486879423}, 'location': [145.25383415726114, 178.92133085995232], 'diameter': 34.958384523866265, 'sphere': {'center': [3.1368517609789968, -6.361097114778323, 13.038116844686524], 'radius': 12.0}, 'projected_sphere': {'center': [309.1663339863049, -182.48848496627988], 'axes': [1141.2691094315592, 1141.2691094315592], 'angle': 90.0}, 'model_confidence': 0.5783171116411467, 'model_id': 39, 'model_birth_timestamp': 359861.586521, 'theta': 2.1638389585627666, 'phi': -1.9006998978925411, 'norm_pos': [0.4539182317414411, 0.2544944547501987], 'topic': 'pupil.1', 'id': 1, 'method': '3d c++'}"
1581494813.034991,"{'circle_3d': {'center': [-0.20017019037893435, 0.23125809295367983, 3.5826878585831405], 'normal': [-0.2780851626131609, 0.5493629339776669, -0.7879524155086153], 'radius': 0.10444575610152898}, 'confidence': 0.25195742184577424, 'timestamp': 359909.552209, 'diameter_3d': 0.20889151220305796, 'ellipse': {'center': [125.463994315017, 159.80496865756584], 'axes': [26.644468362089015, 36.16185360300352], 'angle': -61.974201426904344}, 'location': [125.463994315017, 159.80496865756584], 'diameter': 36.16185360300352, 'sphere': {'center': [3.1368517609789968, -6.361097114778323, 13.038116844686524], 'radius': 12.0}, 'projected_sphere': {'center': [309.1663339863049, -182.48848496627988], 'axes': [1141.2691094315592, 1141.2691094315592], 'angle': 90.0}, 'model_confidence': 0.5783171116411467, 'model_id': 39, 'model_birth_timestamp': 359861.586521, 'theta': 2.152397953186695, 'phi': -1.910071234537322, 'norm_pos': [0.39207498223442816, 0.33414596392680906], 'topic': 'pupil.1', 'id': 1, 'method': '3d c++'}"
1581494813.047323,"{'circle_3d': {'center': [-0.19349534006028035, 0.24036918415773378, 3.586692037250833], 'normal': [-0.27752892508660637, 0.5501221915780047, -0.7876187339529741], 'radius': 0.10338664174593007}, 'confidence': 0.22438613991732048, 'timestamp': 359909.560609, 'diameter_3d': 0.20677328349186014, 'ellipse': {'center': [126.65424315403808, 161.34034698872568], 'axes': [26.303790411050134, 35.75350836381586], 'angle': -62.21132699193298}, 'location': [126.65424315403808, 161.34034698872568], 'diameter': 35.75350836381586, 'sphere': {'center': [3.1368517609789968, -6.361097114778323, 13.038116844686524], 'radius': 12.0}, 'projected_sphere': {'center': [309.1663339863049, -182.48848496627988], 'axes': [1141.2691094315592, 1141.2691094315592], 'angle': 90.0}, 'model_confidence': 0.5783171116411467, 'model_id': 39, 'model_birth_timestamp': 359861.586521, 'theta': 2.1533068800818618, 'phi': -1.9095760993685191, 'norm_pos': [0.395794509856369, 0.327748554213643], 'topic': 'pupil.1', 'id': 1, 'method': '3d c++'}"
1581494813.0548968,"{'circle_3d': {'center': [-0.19646828364838642, 0.24119273141607245, 3.5883154569893367], 'normal': [-0.27777667038561527, 0.5501908205161996, -0.7874834489747656], 'radius': 0.10379068054775982}, 'confidence': 0.29483792669565473, 'timestamp': 359909.569009, 'diameter_3d': 0.20758136109551964, 'ellipse': {'center': [126.15632531475224, 161.46244623550194], 'axes': [26.377024005255663, 35.87735972499859], 'angle': -62.161620592925104}, 'location': [126.15632531475224, 161.46244623550194], 'diameter': 35.87735972499859, 'sphere': {'center': [3.1368517609789968, -6.361097114778323, 13.038116844686524], 'radius': 12.0}, 'projected_sphere': {'center': [309.1663339863049, -182.48848496627988], 'axes': [1141.2691094315592, 1141.2691094315592], 'angle': 90.0}, 'model_confidence': 0.5783171116411467, 'model_id': 39, 'model_birth_timestamp': 359861.586521, 'theta': 2.153389064367478, 'phi': -1.9099097650162835, 'norm_pos': [0.39423851660860076, 0.32723980735207525], 'topic': 'pupil.1', 'id': 1, 'method': '3d c++'}"
1581494813.063416,"{'circle_3d': {'center': [0.10570933635715996, 0.341887546264779, 3.5574959665225556], 'normal': [-0.25259520205181973, 0.5585820550869252, -0.7900517398469974], 'radius': 0.10234188660731545}, 'confidence': 0.183103261832125, 'timestamp': 359909.577409, 'diameter_3d': 0.2046837732146309, 'ellipse': {'center': [178.53117273688503, 179.3761513867877], 'axes': [26.494680827895678, 35.744216590347996], 'angle': -69.53197261847833}, 'location': [178.53117273688503, 179.3761513867877], 'diameter': 35.744216590347996, 'sphere': {'center': [3.1368517609789968, -6.361097114778323, 13.038116844686524], 'radius': 12.0}, 'projected_sphere': {'center': [309.1663339863049, -182.48848496627988], 'axes': [1141.2691094315592, 1141.2691094315592], 'angle': 90.0}, 'model_confidence': 0.5783171116411467, 'model_id': 39, 'model_birth_timestamp': 359861.586521, 'theta': 2.163471639125796, 'phi': -1.8802450983925987, 'norm_pos': [0.5579099148027657, 0.2525993692217179], 'topic': 'pupil.1', 'id': 1, 'method': '3d c++'}"
1581494813.071575,"{'circle_3d': {'center': [0.42750967798982664, 0.13532261438718152, 3.3192693728999068], 'normal': [-0.22577850691576418, 0.541368310763792, -0.8099039559822181], 'radius': 0.10437533149743136}, 'confidence': 0.24160953338780516, 'timestamp': 359909.585809, 'diameter_3d': 0.20875066299486272, 'ellipse': {'center': [239.99303524942044, 145.0163641977818], 'axes': [31.579470706975254, 39.35015472032061], 'angle': -77.78785581031968}, 'location': [239.99303524942044, 145.0163641977818], 'diameter': 39.35015472032061, 'sphere': {'center': [3.1368517609789968, -6.361097114778323, 13.038116844686524], 'radius': 12.0}, 'projected_sphere': {'center': [309.1663339863049, -182.48848496627988], 'axes': [1141.2691094315592, 1141.2691094315592], 'angle': 90.0}, 'model_confidence': 0.5783171116411467, 'model_id': 39, 'model_birth_timestamp': 359861.586521, 'theta': 2.142860004587412, 'phi': -1.8426658988096938, 'norm_pos': [0.7499782351544388, 0.3957651491759092], 'topic': 'pupil.1', 'id': 1, 'method': '3d c++'}"
1581494813.081957,"{'circle_3d': {'center': [-0.0018210446881989917, 0.05040108977249513, 3.392318599232347], 'normal': [-0.2615560671389329, 0.5342915170459014, -0.8038165204545147], 'radius': 0.10342755386614898}, 'confidence': 0.1401719302959937, 'timestamp': 359909.594209, 'diameter_3d': 0.20685510773229795, 'ellipse': {'center': [159.78827488370294, 128.96703023199285], 'axes': [30.093075255969474, 37.812938076087065], 'angle': -64.36421414128071}, 'location': [159.78827488370294, 128.96703023199285], 'diameter': 37.812938076087065, 'sphere': {'center': [3.1368517609789968, -6.361097114778323, 13.038116844686524], 'radius': 12.0}, 'projected_sphere': {'center': [309.1663339863049, -182.48848496627988], 'axes': [1141.2691094315592, 1141.2691094315592], 'angle': 90.0}, 'model_confidence': 0.5783171116411467, 'model_id': 39, 'model_birth_timestamp': 359861.586521, 'theta': 2.134465708186872, 'phi': -1.8853834127354188, 'norm_pos': [0.4993383590115717, 0.46263737403336314], 'topic': 'pupil.1', 'id': 1, 'method': '3d c++'}"
1581494813.087035,"{'circle_3d': {'center': [0.09233948380182655, 0.35820052553202153, 3.5733408718999886], 'normal': [-0.25370935643143083, 0.559941470025862, -0.7887313310655446], 'radius': 0.10401667724523106}, 'confidence': 0.18140866515888424, 'timestamp': 359909.602609, 'diameter_3d': 0.20803335449046212, 'ellipse': {'center': [176.13184836047466, 181.9381491679518], 'axes': [26.642083442659864, 36.16412055814368], 'angle': -69.31879902330822}, 'location': [176.13184836047466, 181.9381491679518], 'diameter': 36.16412055814368, 'sphere': {'center': [3.1368517609789968, -6.361097114778323, 13.038116844686524], 'radius': 12.0}, 'projected_sphere': {'center': [309.1663339863049, -182.48848496627988], 'axes': [1141.2691094315592, 1141.2691094315592], 'angle': 90.0}, 'model_confidence': 0.5783171116411467, 'model_id': 39, 'model_birth_timestamp': 359861.586521, 'theta': 2.1651114821380597, 'phi': -1.882011286258874, 'norm_pos': [0.5504120261264833, 0.24192437846686754], 'topic': 'pupil.1', 'id': 1, 'method': '3d c++'}"
1581494813.0966249,"{'circle_3d': {'center': [-0.2883476043632842, 0.335654374740912, 3.6881687809120116], 'normal': [-0.28543328044519006, 0.5580626241266029, -0.779162338647876], 'radius': 0.10358471386172638}, 'confidence': 0.14885513615903853, 'timestamp': 359909.611009, 'diameter_3d': 0.20716942772345276, 'ellipse': {'center': [111.62106801583712, 176.22998764065656], 'axes': [24.589337343408236, 34.84245782531135], 'angle': -61.48861918078421}, 'location': [111.62106801583712, 176.22998764065656], 'diameter': 34.84245782531135, 'sphere': {'center': [3.1368517609789968, -6.361097114778323, 13.038116844686524], 'radius': 12.0}, 'projected_sphere': {'center': [309.1663339863049, -182.48848496627988], 'axes': [1141.2691094315592, 1141.2691094315592], 'angle': 90.0}, 'model_confidence': 0.5783171116411467, 'model_id': 39, 'model_birth_timestamp': 359861.586521, 'theta': 2.162845535118428, 'phi': -1.921947422198352, 'norm_pos': [0.348815837549491, 0.26570838483059767], 'topic': 'pupil.1', 'id': 1, 'method': '3d c++'}"
1581494813.103838,"{'circle_3d': {'center': [0.13616532922277935, 0.43703420021012285, 3.615734366647988], 'normal': [-0.25005720264635145, 0.5665109429157038, -0.7851985398365446], 'radius': 0.10255721958015034}, 'confidence': 0.20822525443073348, 'timestamp': 359909.619408, 'diameter_3d': 0.20511443916030067, 'ellipse': {'center': [183.45382000890103, 194.7406439396563], 'axes': [25.476250920689008, 35.275192902110334], 'angle': -70.66188619322988}, 'location': [183.45382000890103, 194.7406439396563], 'diameter': 35.275192902110334, 'sphere': {'center': [3.1368517609789968, -6.361097114778323, 13.038116844686524], 'radius': 12.0}, 'projected_sphere': {'center': [309.1663339863049, -182.48848496627988], 'axes': [1141.2691094315592, 1141.2691094315592], 'angle': 90.0}, 'model_confidence': 0.5783171116411467, 'model_id': 39, 'model_birth_timestamp': 359861.586521, 'theta': 2.1730619752012874, 'phi': -1.8791050204890487, 'norm_pos': [0.5732931875278158, 0.188580650251432], 'topic': 'pupil.1', 'id': 1, 'method': '3d c++'}"
1581494813.111558,"{'circle_3d': {'center': [-0.40956029347664513, 0.23313256216173883, 3.6605320539328474], 'normal': [-0.2955343378713035, 0.5495191397450051, -0.781465399229473], 'radius': 0.10148565315727263}, 'confidence': 0.021450981948407645, 'timestamp': 359909.627808, 'diameter_3d': 0.20297130631454527, 'ellipse': {'center': [90.7203470602141, 159.2937724182137], 'axes': [24.48755332868978, 34.44671870994128], 'angle': -58.206170697360335}, 'location': [90.7203470602141, 159.2937724182137], 'diameter': 34.44671870994128, 'sphere': {'center': [3.1368517609789968, -6.361097114778323, 13.038116844686524], 'radius': 12.0}, 'projected_sphere': {'center': [309.1663339863049, -182.48848496627988], 'axes': [1141.2691094315592, 1141.2691094315592], 'angle': 90.0}, 'model_confidence': 0.5783171116411467, 'model_id': 39, 'model_birth_timestamp': 359861.586521, 'theta': 2.1525849067392526, 'phi': -1.9323517470642024, 'norm_pos': [0.283501084563169, 0.3362759482574429], 'topic': 'pupil.1', 'id': 1, 'method': '3d c++'}"
1581494813.118654,"{'circle_3d': {'center': [-0.6926020269708268, 0.44952545164603563, 3.93038913994765], 'normal': [-0.3191211489958186, 0.5675518805353632, -0.7589773087282395], 'radius': 0.10372344657205088}, 'confidence': 0.3046928120609804, 'timestamp': 359909.636208, 'diameter_3d': 0.20744689314410175, 'ellipse': {'center': [50.817703994109266, 190.7453697435072], 'axes': [20.808033805267748, 32.839228982360495], 'angle': -56.78703943523942}, 'location': [50.817703994109266, 190.7453697435072], 'diameter': 32.839228982360495, 'sphere': {'center': [3.1368517609789968, -6.361097114778323, 13.038116844686524], 'radius': 12.0}, 'projected_sphere': {'center': [309.1663339863049, -182.48848496627988], 'axes': [1141.2691094315592, 1141.2691094315592], 'angle': 90.0}, 'model_confidence': 0.5783171116411467, 'model_id': 39, 'model_birth_timestamp': 359861.586521, 'theta': 2.174325715190767, 'phi': -1.9688170127126048, 'norm_pos': [0.15880532498159144, 0.20522762606871991], 'topic': 'pupil.1', 'id': 1, 'method': '3d c++'}"
1581494813.136611,"{'circle_3d': {'center': [-0.6762065382545432, 0.436654781798234, 3.9139097252028776], 'normal': [-0.31775485826946165, 0.5664793247147131, -0.7603505932903039], 'radius': 0.10344675993528375}, 'confidence': 0.21013582118816432, 'timestamp': 359909.644608, 'diameter_3d': 0.2068935198705675, 'ellipse': {'center': [52.9556401822428, 189.00399482597945], 'axes': [20.986129275668315, 32.88677369210858], 'angle': -56.84838737177177}, 'location': [52.9556401822428, 189.00399482597945], 'diameter': 32.88677369210858, 'sphere': {'center': [3.1368517609789968, -6.361097114778323, 13.038116844686524], 'radius': 12.0}, 'projected_sphere': {'center': [309.1663339863049, -182.48848496627988], 'axes': [1141.2691094315592, 1141.2691094315592], 'angle': 90.0}, 'model_confidence': 0.5783171116411467, 'model_id': 39, 'model_birth_timestamp': 359861.586521, 'theta': 2.173023606628716, 'phi': -1.9666427389619718, 'norm_pos': [0.16548637556950876, 0.2124833548917523], 'topic': 'pupil.1', 'id': 1, 'method': '3d c++'}"
1581494813.144381,"{'circle_3d': {'center': [0.0, -0.0, 0.0], 'normal': [0.0, -0.0, 0.0], 'radius': 0.0}, 'confidence': 0.0, 'timestamp': 359909.653008, 'diameter_3d': 0.0, 'ellipse': {'center': [160.0, 120.0], 'axes': [0.0, 0.0], 'angle': 90.0}, 'location': [160.0, 120.0], 'diameter': 0.0, 'sphere': {'center': [0.0, -0.0, 0.0], 'radius': 0.0}, 'projected_sphere': {'axes': [0.0, 0.0], 'angle': 90.0, 'center': [0.0, 0.0]}, 'model_confidence': 0.0, 'model_id': 1, 'model_birth_timestamp': -1.0, 'theta': 0.0, 'phi': 0.0, 'norm_pos': [0.5, 0.5], 'topic': 'pupil.1', 'id': 1, 'method': '3d c++'}"
1581494813.147077,"{'circle_3d': {'center': [0.0, -0.0, 0.0], 'normal': [0.0, -0.0, 0.0], 'radius': 0.0}, 'confidence': 0.0, 'timestamp': 359909.661408, 'diameter_3d': 0.0, 'ellipse': {'center': [160.0, 120.0], 'axes': [0.0, 0.0], 'angle': 90.0}, 'location': [160.0, 120.0], 'diameter': 0.0, 'sphere': {'center': [0.0, -0.0, 0.0], 'radius': 0.0}, 'projected_sphere': {'axes': [0.0, 0.0], 'angle': 90.0, 'center': [0.0, 0.0]}, 'model_confidence': 0.0, 'model_id': 1, 'model_birth_timestamp': -1.0, 'theta': 0.0, 'phi': 0.0, 'norm_pos': [0.5, 0.5], 'topic': 'pupil.1', 'id': 1, 'method': '3d c++'}"
1581494813.154706,"{'circle_3d': {'center': [0.0, -0.0, 0.0], 'normal': [0.0, -0.0, 0.0], 'radius': 0.0}, 'confidence': 0.0, 'timestamp': 359909.669808, 'diameter_3d': 0.0, 'ellipse': {'center': [160.0, 120.0], 'axes': [0.0, 0.0], 'angle': 90.0}, 'location': [160.0, 120.0], 'diameter': 0.0, 'sphere': {'center': [0.0, -0.0, 0.0], 'radius': 0.0}, 'projected_sphere': {'axes': [0.0, 0.0], 'angle': 90.0, 'center': [0.0, 0.0]}, 'model_confidence': 0.0, 'model_id': 1, 'model_birth_timestamp': 359909.669808, 'theta': 0.0, 'phi': 0.0, 'norm_pos': [0.5, 0.5], 'topic': 'pupil.1', 'id': 1, 'method': '3d c++'}"
1581494813.170961,"{'circle_3d': {'center': [0.0, -0.0, 0.0], 'normal': [0.0, -0.0, 0.0], 'radius': 0.0}, 'confidence': 0.0, 'timestamp': 359909.678208, 'diameter_3d': 0.0, 'ellipse': {'center': [160.0, 120.0], 'axes': [0.0, 0.0], 'angle': 90.0}, 'location': [160.0, 120.0], 'diameter': 0.0, 'sphere': {'center': [0.0, -0.0, 0.0], 'radius': 0.0}, 'projected_sphere': {'axes': [0.0, 0.0], 'angle': 90.0, 'center': [0.0, 0.0]}, 'model_confidence': 0.0, 'model_id': 1, 'model_birth_timestamp': 359909.669808, 'theta': 0.0, 'phi': 0.0, 'norm_pos': [0.5, 0.5], 'topic': 'pupil.1', 'id': 1, 'method': '3d c++'}"
1581494813.171839,"{'circle_3d': {'center': [0.0, -0.0, 0.0], 'normal': [0.0, -0.0, 0.0], 'radius': 0.0}, 'confidence': 0.0, 'timestamp': 359909.686608, 'diameter_3d': 0.0, 'ellipse': {'center': [160.0, 120.0], 'axes': [0.0, 0.0], 'angle': 90.0}, 'location': [160.0, 120.0], 'diameter': 0.0, 'sphere': {'center': [0.0, -0.0, 0.0], 'radius': 0.0}, 'projected_sphere': {'axes': [0.0, 0.0], 'angle': 90.0, 'center': [0.0, 0.0]}, 'model_confidence': 0.0, 'model_id': 1, 'model_birth_timestamp': 359909.669808, 'theta': 0.0, 'phi': 0.0, 'norm_pos': [0.5, 0.5], 'topic': 'pupil.1', 'id': 1, 'method': '3d c++'}"
1581494813.180385,"{'circle_3d': {'center': [0.0, -0.0, 0.0], 'normal': [0.0, -0.0, 0.0], 'radius': 0.0}, 'confidence': 0.0, 'timestamp': 359909.695008, 'diameter_3d': 0.0, 'ellipse': {'center': [160.0, 120.0], 'axes': [0.0, 0.0], 'angle': 90.0}, 'location': [160.0, 120.0], 'diameter': 0.0, 'sphere': {'center': [0.0, -0.0, 0.0], 'radius': 0.0}, 'projected_sphere': {'axes': [0.0, 0.0], 'angle': 90.0, 'center': [0.0, 0.0]}, 'model_confidence': 0.0, 'model_id': 1, 'model_birth_timestamp': 359909.669808, 'theta': 0.0, 'phi': 0.0, 'norm_pos': [0.5, 0.5], 'topic': 'pupil.1', 'id': 1, 'method': '3d c++'}"
1581494813.186734,"{'circle_3d': {'center': [0.0, -0.0, 0.0], 'normal': [0.0, -0.0, 0.0], 'radius': 0.0}, 'confidence': 0.0, 'timestamp': 359909.703408, 'diameter_3d': 0.0, 'ellipse': {'center': [160.0, 120.0], 'axes': [0.0, 0.0], 'angle': 90.0}, 'location': [160.0, 120.0], 'diameter': 0.0, 'sphere': {'center': [0.0, -0.0, 0.0], 'radius': 0.0}, 'projected_sphere': {'axes': [0.0, 0.0], 'angle': 90.0, 'center': [0.0, 0.0]}, 'model_confidence': 0.0, 'model_id': 1, 'model_birth_timestamp': 359909.669808, 'theta': 0.0, 'phi': 0.0, 'norm_pos': [0.5, 0.5], 'topic': 'pupil.1', 'id': 1, 'method': '3d c++'}"
1581494813.195176,"{'circle_3d': {'center': [0.0, -0.0, 0.0], 'normal': [0.0, -0.0, 0.0], 'radius': 0.0}, 'confidence': 0.0, 'timestamp': 359909.711808, 'diameter_3d': 0.0, 'ellipse': {'center': [160.0, 120.0], 'axes': [0.0, 0.0], 'angle': 90.0}, 'location': [160.0, 120.0], 'diameter': 0.0, 'sphere': {'center': [0.0, -0.0, 0.0], 'radius': 0.0}, 'projected_sphere': {'axes': [0.0, 0.0], 'angle': 90.0, 'center': [0.0, 0.0]}, 'model_confidence': 0.0, 'model_id': 1, 'model_birth_timestamp': 359909.669808, 'theta': 0.0, 'phi': 0.0, 'norm_pos': [0.5, 0.5], 'topic': 'pupil.1', 'id': 1, 'method': '3d c++'}"
1581494813.203237,"{'circle_3d': {'center': [0.0, -0.0, 0.0], 'normal': [0.0, -0.0, 0.0], 'radius': 0.0}, 'confidence': 0.0, 'timestamp': 359909.720208, 'diameter_3d': 0.0, 'ellipse': {'center': [160.0, 120.0], 'axes': [0.0, 0.0], 'angle': 90.0}, 'location': [160.0, 120.0], 'diameter': 0.0, 'sphere': {'center': [0.0, -0.0, 0.0], 'radius': 0.0}, 'projected_sphere': {'axes': [0.0, 0.0], 'angle': 90.0, 'center': [0.0, 0.0]}, 'model_confidence': 0.0, 'model_id': 1, 'model_birth_timestamp': 359909.669808, 'theta': 0.0, 'phi': 0.0, 'norm_pos': [0.5, 0.5], 'topic': 'pupil.1', 'id': 1, 'method': '3d c++'}"
1581494813.218394,"{'circle_3d': {'center': [0.0, -0.0, 0.0], 'normal': [0.0, -0.0, 0.0], 'radius': 0.0}, 'confidence': 0.0, 'timestamp': 359909.728607, 'diameter_3d': 0.0, 'ellipse': {'center': [160.0, 120.0], 'axes': [0.0, 0.0], 'angle': 90.0}, 'location': [160.0, 120.0], 'diameter': 0.0, 'sphere': {'center': [0.0, -0.0, 0.0], 'radius': 0.0}, 'projected_sphere': {'axes': [0.0, 0.0], 'angle': 90.0, 'center': [0.0, 0.0]}, 'model_confidence': 0.0, 'model_id': 1, 'model_birth_timestamp': 359909.669808, 'theta': 0.0, 'phi': 0.0, 'norm_pos': [0.5, 0.5], 'topic': 'pupil.1', 'id': 1, 'method': '3d c++'}"
1581494813.223233,"{'circle_3d': {'center': [0.0, -0.0, 0.0], 'normal': [0.0, -0.0, 0.0], 'radius': 0.0}, 'confidence': 0.0, 'timestamp': 359909.737007, 'diameter_3d': 0.0, 'ellipse': {'center': [160.0, 120.0], 'axes': [0.0, 0.0], 'angle': 90.0}, 'location': [160.0, 120.0], 'diameter': 0.0, 'sphere': {'center': [0.0, -0.0, 0.0], 'radius': 0.0}, 'projected_sphere': {'axes': [0.0, 0.0], 'angle': 90.0, 'center': [0.0, 0.0]}, 'model_confidence': 0.0, 'model_id': 1, 'model_birth_timestamp': 359909.669808, 'theta': 0.0, 'phi': 0.0, 'norm_pos': [0.5, 0.5], 'topic': 'pupil.1', 'id': 1, 'method': '3d c++'}"
1581494813.231615,"{'circle_3d': {'center': [0.0, -0.0, 0.0], 'normal': [0.0, -0.0, 0.0], 'radius': 0.0}, 'confidence': 0.0, 'timestamp': 359909.745407, 'diameter_3d': 0.0, 'ellipse': {'center': [160.0, 120.0], 'axes': [0.0, 0.0], 'angle': 90.0}, 'location': [160.0, 120.0], 'diameter': 0.0, 'sphere': {'center': [0.0, -0.0, 0.0], 'radius': 0.0}, 'projected_sphere': {'axes': [0.0, 0.0], 'angle': 90.0, 'center': [0.0, 0.0]}, 'model_confidence': 0.0, 'model_id': 1, 'model_birth_timestamp': 359909.669808, 'theta': 0.0, 'phi': 0.0, 'norm_pos': [0.5, 0.5], 'topic': 'pupil.1', 'id': 1, 'method': '3d c++'}"
1581494813.2409532,"{'circle_3d': {'center': [0.0, -0.0, 0.0], 'normal': [0.0, -0.0, 0.0], 'radius': 0.0}, 'confidence': 0.0, 'timestamp': 359909.753807, 'diameter_3d': 0.0, 'ellipse': {'center': [160.0, 120.0], 'axes': [0.0, 0.0], 'angle': 90.0}, 'location': [160.0, 120.0], 'diameter': 0.0, 'sphere': {'center': [0.0, -0.0, 0.0], 'radius': 0.0}, 'projected_sphere': {'axes': [0.0, 0.0], 'angle': 90.0, 'center': [0.0, 0.0]}, 'model_confidence': 0.0, 'model_id': 1, 'model_birth_timestamp': 359909.669808, 'theta': 0.0, 'phi': 0.0, 'norm_pos': [0.5, 0.5], 'topic': 'pupil.1', 'id': 1, 'method': '3d c++'}"
1581494813.2542322,"{'circle_3d': {'center': [0.0, -0.0, 0.0], 'normal': [0.0, -0.0, 0.0], 'radius': 0.0}, 'confidence': 0.0, 'timestamp': 359909.762207, 'diameter_3d': 0.0, 'ellipse': {'center': [160.0, 120.0], 'axes': [0.0, 0.0], 'angle': 90.0}, 'location': [160.0, 120.0], 'diameter': 0.0, 'sphere': {'center': [0.0, -0.0, 0.0], 'radius': 0.0}, 'projected_sphere': {'axes': [0.0, 0.0], 'angle': 90.0, 'center': [0.0, 0.0]}, 'model_confidence': 0.0, 'model_id': 1, 'model_birth_timestamp': 359909.669808, 'theta': 0.0, 'phi': 0.0, 'norm_pos': [0.5, 0.5], 'topic': 'pupil.1', 'id': 1, 'method': '3d c++'}"
1581494813.256307,"{'circle_3d': {'center': [0.0, -0.0, 0.0], 'normal': [0.0, -0.0, 0.0], 'radius': 0.0}, 'confidence': 0.0, 'timestamp': 359909.770607, 'diameter_3d': 0.0, 'ellipse': {'center': [160.0, 120.0], 'axes': [0.0, 0.0], 'angle': 90.0}, 'location': [160.0, 120.0], 'diameter': 0.0, 'sphere': {'center': [0.0, -0.0, 0.0], 'radius': 0.0}, 'projected_sphere': {'axes': [0.0, 0.0], 'angle': 90.0, 'center': [0.0, 0.0]}, 'model_confidence': 0.0, 'model_id': 1, 'model_birth_timestamp': 359909.669808, 'theta': 0.0, 'phi': 0.0, 'norm_pos': [0.5, 0.5], 'topic': 'pupil.1', 'id': 1, 'method': '3d c++'}"
1581494813.262957,"{'circle_3d': {'center': [0.0, -0.0, 0.0], 'normal': [0.0, -0.0, 0.0], 'radius': 0.0}, 'confidence': 0.0, 'timestamp': 359909.779007, 'diameter_3d': 0.0, 'ellipse': {'center': [160.0, 120.0], 'axes': [0.0, 0.0], 'angle': 90.0}, 'location': [160.0, 120.0], 'diameter': 0.0, 'sphere': {'center': [0.0, -0.0, 0.0], 'radius': 0.0}, 'projected_sphere': {'axes': [0.0, 0.0], 'angle': 90.0, 'center': [0.0, 0.0]}, 'model_confidence': 0.0, 'model_id': 1, 'model_birth_timestamp': 359909.669808, 'theta': 0.0, 'phi': 0.0, 'norm_pos': [0.5, 0.5], 'topic': 'pupil.1', 'id': 1, 'method': '3d c++'}"
1581494813.270449,"{'circle_3d': {'center': [0.0, -0.0, 0.0], 'normal': [0.0, -0.0, 0.0], 'radius': 0.0}, 'confidence': 0.0, 'timestamp': 359909.787407, 'diameter_3d': 0.0, 'ellipse': {'center': [160.0, 120.0], 'axes': [0.0, 0.0], 'angle': 90.0}, 'location': [160.0, 120.0], 'diameter': 0.0, 'sphere': {'center': [0.0, -0.0, 0.0], 'radius': 0.0}, 'projected_sphere': {'axes': [0.0, 0.0], 'angle': 90.0, 'center': [0.0, 0.0]}, 'model_confidence': 0.0, 'model_id': 1, 'model_birth_timestamp': 359909.669808, 'theta': 0.0, 'phi': 0.0, 'norm_pos': [0.5, 0.5], 'topic': 'pupil.1', 'id': 1, 'method': '3d c++'}"
1581494813.27855,"{'circle_3d': {'center': [0.0, -0.0, 0.0], 'normal': [0.0, -0.0, 0.0], 'radius': 0.0}, 'confidence': 0.0, 'timestamp': 359909.795807, 'diameter_3d': 0.0, 'ellipse': {'center': [160.0, 120.0], 'axes': [0.0, 0.0], 'angle': 90.0}, 'location': [160.0, 120.0], 'diameter': 0.0, 'sphere': {'center': [0.0, -0.0, 0.0], 'radius': 0.0}, 'projected_sphere': {'axes': [0.0, 0.0], 'angle': 90.0, 'center': [0.0, 0.0]}, 'model_confidence': 0.0, 'model_id': 1, 'model_birth_timestamp': 359909.669808, 'theta': 0.0, 'phi': 0.0, 'norm_pos': [0.5, 0.5], 'topic': 'pupil.1', 'id': 1, 'method': '3d c++'}"
1581494813.290339,"{'circle_3d': {'center': [0.0, -0.0, 0.0], 'normal': [0.0, -0.0, 0.0], 'radius': 0.0}, 'confidence': 0.0, 'timestamp': 359909.804207, 'diameter_3d': 0.0, 'ellipse': {'center': [160.0, 120.0], 'axes': [0.0, 0.0], 'angle': 90.0}, 'location': [160.0, 120.0], 'diameter': 0.0, 'sphere': {'center': [0.0, -0.0, 0.0], 'radius': 0.0}, 'projected_sphere': {'axes': [0.0, 0.0], 'angle': 90.0, 'center': [0.0, 0.0]}, 'model_confidence': 0.0, 'model_id': 1, 'model_birth_timestamp': 359909.669808, 'theta': 0.0, 'phi': 0.0, 'norm_pos': [0.5, 0.5], 'topic': 'pupil.1', 'id': 1, 'method': '3d c++'}"
1581494813.299535,"{'circle_3d': {'center': [0.0, -0.0, 0.0], 'normal': [0.0, -0.0, 0.0], 'radius': 0.0}, 'confidence': 0.0, 'timestamp': 359909.812607, 'diameter_3d': 0.0, 'ellipse': {'center': [160.0, 120.0], 'axes': [0.0, 0.0], 'angle': 90.0}, 'location': [160.0, 120.0], 'diameter': 0.0, 'sphere': {'center': [0.0, -0.0, 0.0], 'radius': 0.0}, 'projected_sphere': {'axes': [0.0, 0.0], 'angle': 90.0, 'center': [0.0, 0.0]}, 'model_confidence': 0.0, 'model_id': 1, 'model_birth_timestamp': 359909.669808, 'theta': 0.0, 'phi': 0.0, 'norm_pos': [0.5, 0.5], 'topic': 'pupil.1', 'id': 1, 'method': '3d c++'}"
1581494813.307275,"{'circle_3d': {'center': [0.0, -0.0, 0.0], 'normal': [0.0, -0.0, 0.0], 'radius': 0.0}, 'confidence': 0.0, 'timestamp': 359909.821007, 'diameter_3d': 0.0, 'ellipse': {'center': [160.0, 120.0], 'axes': [0.0, 0.0], 'angle': 90.0}, 'location': [160.0, 120.0], 'diameter': 0.0, 'sphere': {'center': [-3.9521986248523238, 3.8070213497415617, 85.2083099070292], 'radius': 12.0}, 'projected_sphere': {'center': [131.2426739823612, 147.7009746985376], 'axes': [174.63085485717966, 174.63085485717966], 'angle': 90.0}, 'model_confidence': 0.0, 'model_id': 1, 'model_birth_timestamp': 359909.669808, 'theta': 0.0, 'phi': 0.0, 'norm_pos': [0.5, 0.5], 'topic': 'pupil.1', 'id': 1, 'method': '3d c++'}"
1581494813.314817,"{'circle_3d': {'center': [-0.4396278007512553, -1.7555156359816841, 75.1723730554874], 'normal': [0.2927142353417557, -0.46354474881027047, -0.8363280709618173], 'radius': 2.66368653310554}, 'confidence': 0.9990333025157162, 'timestamp': 359909.829407, 'diameter_3d': 5.32737306621108, 'ellipse': {'center': [156.18206296249963, 105.81745581841486], 'axes': [36.3551538621659, 43.953272321378755], 'angle': -59.16213113121145}, 'location': [156.18206296249963, 105.81745581841486], 'diameter': 43.953272321378755, 'sphere': {'center': [-3.9521986248523238, 3.8070213497415617, 85.2083099070292], 'radius': 12.0}, 'projected_sphere': {'center': [131.2426739823612, 147.7009746985376], 'axes': [174.63085485717966, 174.63085485717966], 'angle': 90.0}, 'model_confidence': 0.8971537469815383, 'model_id': 1, 'model_birth_timestamp': 359909.669808, 'theta': 1.0888047819090032, 'phi': -1.234122135346667, 'norm_pos': [0.4880689467578113, 0.5590939340899381], 'topic': 'pupil.1', 'id': 1, 'method': '3d c++'}"
1581494813.322945,"{'circle_3d': {'center': [-0.5039433793797112, -1.7980198163034595, 75.17371727508787], 'normal': [0.2873546037893844, -0.46708676383708514, -0.8362160526617778], 'radius': 2.6477178390395175}, 'confidence': 0.9994985262710153, 'timestamp': 359909.837807, 'diameter_3d': 5.295435678079035, 'ellipse': {'center': [155.6572587600533, 105.46570830461394], 'axes': [36.125234594196556, 43.68950883136315], 'angle': -59.89933712997774}, 'location': [155.6572587600533, 105.46570830461394], 'diameter': 43.68950883136315, 'sphere': {'center': [-3.9521986248523238, 3.8070213497415617, 85.2083099070292], 'radius': 12.0}, 'projected_sphere': {'center': [131.2426739823612, 147.7009746985376], 'axes': [174.63085485717966, 174.63085485717966], 'angle': 90.0}, 'model_confidence': 0.9219127290372331, 'model_id': 1, 'model_birth_timestamp': 359909.669808, 'theta': 1.0848031547088761, 'phi': -1.2398014959733696, 'norm_pos': [0.4864289336251666, 0.5605595487307753], 'topic': 'pupil.1', 'id': 1, 'method': '3d c++'}"
1581494813.3309288,"{'circle_3d': {'center': [-0.47755785351823477, -1.809022727945294, 75.18898256295759], 'normal': [0.2895533976111741, -0.4680036731405713, -0.8349439453393016], 'radius': 2.6309720588462953}, 'confidence': 0.9999859182709369, 'timestamp': 359909.846206, 'diameter_3d': 5.2619441176925905, 'ellipse': {'center': [155.8770543059402, 105.37421071930774], 'axes': [35.826683274885276, 43.40418677122358], 'angle': -59.7308672604833}, 'location': [155.8770543059402, 105.37421071930774], 'diameter': 43.40418677122358, 'sphere': {'center': [-3.9521986248523238, 3.8070213497415617, 85.2083099070292], 'radius': 12.0}, 'projected_sphere': {'center': [131.2426739823612, 147.7009746985376], 'axes': [174.63085485717966, 174.63085485717966], 'angle': 90.0}, 'model_confidence': 0.9474736381780313, 'model_id': 1, 'model_birth_timestamp': 359909.669808, 'theta': 1.083765890712821, 'phi': -1.236980645844309, 'norm_pos': [0.4871157947060631, 0.5609407886695511], 'topic': 'pupil.1', 'id': 1, 'method': '3d c++'}"
1581494813.338469,"{'circle_3d': {'center': [-0.5443735871930242, -1.8241696305263364, 75.17454607402756], 'normal': [0.28398541980494163, -0.46926591502232484, -0.8361469860834705], 'radius': 2.64191709315401}, 'confidence': 0.998617655247487, 'timestamp': 359909.854606, 'diameter_3d': 5.28383418630802, 'ellipse': {'center': [155.3267266456825, 105.25019271599002], 'axes': [36.03859345562265, 43.59367124967114], 'angle': -60.35945323867381}, 'location': [155.3267266456825, 105.25019271599002], 'diameter': 43.59367124967114, 'sphere': {'center': [-3.9521986248523238, 3.8070213497415617, 85.2083099070292], 'radius': 12.0}, 'projected_sphere': {'center': [131.2426739823612, 147.7009746985376], 'axes': [174.63085485717966, 174.63085485717966], 'angle': 90.0}, 'model_confidence': 0.9238608777369262, 'model_id': 1, 'model_birth_timestamp': 359909.669808, 'theta': 1.0823370323164807, 'phi': -1.243384350292184, 'norm_pos': [0.4853960207677578, 0.5614575303500415], 'topic': 'pupil.1', 'id': 1, 'method': '3d c++'}"
1581494813.346994,"{'circle_3d': {'center': [-0.5653732465605641, -1.879281259757839, 75.19854584936235], 'normal': [0.28223544819097995, -0.4738585507916167, -0.8341470048055711], 'radius': 2.594450331365615}, 'confidence': 0.9997367513588792, 'timestamp': 359909.863006, 'diameter_3d': 5.18890066273123, 'ellipse': {'center': [155.1630892873459, 104.79183164806955], 'axes': [35.27691325111878, 42.7969345238862], 'angle': -60.78665059460714}, 'location': [155.1630892873459, 104.79183164806955], 'diameter': 42.7969345238862, 'sphere': {'center': [-3.9521986248523238, 3.8070213497415617, 85.2083099070292], 'radius': 12.0}, 'projected_sphere': {'center': [131.2426739823612, 147.7009746985376], 'axes': [174.63085485717966, 174.63085485717966], 'angle': 90.0}, 'model_confidence': 0.9335241391550175, 'model_id': 1, 'model_birth_timestamp': 359909.669808, 'theta': 1.0771289639714723, 'phi': -1.24453564176792, 'norm_pos': [0.484884654022956, 0.5633673681330436], 'topic': 'pupil.1', 'id': 1, 'method': '3d c++'}"
1581494813.354382,"{'circle_3d': {'center': [-0.5913112294474336, -1.8946677233362674, 75.1985557827086], 'normal': [0.28007394961707416, -0.4751407560898191, -0.8341461770267172], 'radius': 2.6357268380155663}, 'confidence': 0.9985380012835698, 'timestamp': 359909.871406, 'diameter_3d': 5.271453676031133, 'ellipse': {'center': [154.94489877374127, 104.67492457477249], 'axes': [35.83619213782903, 43.47831581218453], 'angle': -61.07327966462553}, 'location': [154.94489877374127, 104.67492457477249], 'diameter': 43.47831581218453, 'sphere': {'center': [-3.9521986248523238, 3.8070213497415617, 85.2083099070292], 'radius': 12.0}, 'projected_sphere': {'center': [131.2426739823612, 147.7009746985376], 'axes': [174.63085485717966, 174.63085485717966], 'angle': 90.0}, 'model_confidence': 0.9187380565466974, 'model_id': 1, 'model_birth_timestamp': 359909.669808, 'theta': 1.075672335487638, 'phi': -1.2468622558063616, 'norm_pos': [0.48420280866794146, 0.563854480938448], 'topic': 'pupil.1', 'id': 1, 'method': '3d c++'}"
1581494813.3632362,"{'circle_3d': {'center': [-0.6219450285130304, -1.879535147707978, 75.1797264484652], 'normal': [0.27752113302827447, -0.473879708120795, -0.8357152882136673], 'radius': 2.59219435673886}, 'confidence': 0.999132207250767, 'timestamp': 359909.879806, 'diameter_3d': 5.18438871347772, 'ellipse': {'center': [154.6980237985492, 104.7861108646779], 'axes': [35.32887397436764, 42.770766937265705], 'angle': -61.26383487666891}, 'location': [154.6980237985492, 104.7861108646779], 'diameter': 42.770766937265705, 'sphere': {'center': [-3.9521986248523238, 3.8070213497415617, 85.2083099070292], 'radius': 12.0}, 'projected_sphere': {'center': [131.2426739823612, 147.7009746985376], 'axes': [174.63085485717966, 174.63085485717966], 'angle': 90.0}, 'model_confidence': 0.9171745379637941, 'model_id': 1, 'model_birth_timestamp': 359909.669808, 'theta': 1.0771049378045756, 'phi': -1.2501776448215938, 'norm_pos': [0.48343132437046626, 0.5633912047305087], 'topic': 'pupil.1', 'id': 1, 'method': '3d c++'}"
1581494813.370767,"{'circle_3d': {'center': [-0.614212627397543, -1.9186920355703316, 75.20460780680371], 'normal': [0.2781654997878984, -0.4771427821093244, -0.8336418416854582], 'radius': 2.604837633504003}, 'confidence': 0.9985831925101393, 'timestamp': 359909.888206, 'diameter_3d': 5.209675267008006, 'ellipse': {'center': [154.76192304068118, 104.47214710301508], 'axes': [35.38551658879077, 42.96541702288181], 'angle': -61.37226821376906}, 'location': [154.76192304068118, 104.47214710301508], 'diameter': 42.96541702288181, 'sphere': {'center': [-3.9521986248523238, 3.8070213497415617, 85.2083099070292], 'radius': 12.0}, 'projected_sphere': {'center': [131.2426739823612, 147.7009746985376], 'axes': [174.63085485717966, 174.63085485717966], 'angle': 90.0}, 'model_confidence': 0.9087417153712751, 'model_id': 1, 'model_birth_timestamp': 359909.669808, 'theta': 1.0733956713150297, 'phi': -1.2487382410350665, 'norm_pos': [0.4836310095021287, 0.5646993870707705], 'topic': 'pupil.1', 'id': 1, 'method': '3d c++'}"
1581494813.382113,"{'circle_3d': {'center': [-0.6408606558507599, -1.8853641652582516, 75.17677024436182], 'normal': [0.2759448307501303, -0.4743654595833178, -0.8359616385556156], 'radius': 2.5686609879765827}, 'confidence': 0.9985808628697432, 'timestamp': 359909.896606, 'diameter_3d': 5.137321975953165, 'ellipse': {'center': [154.54578490546828, 104.73263954062863], 'axes': [35.01987666909049, 42.38415437878659], 'angle': -61.44982049594805}, 'location': [154.54578490546828, 104.73263954062863], 'diameter': 42.38415437878659, 'sphere': {'center': [-3.9521986248523238, 3.8070213497415617, 85.2083099070292], 'radius': 12.0}, 'projected_sphere': {'center': [131.2426739823612, 147.7009746985376], 'axes': [174.63085485717966, 174.63085485717966], 'angle': 90.0}, 'model_confidence': 0.9021268099708157, 'model_id': 1, 'model_birth_timestamp': 359909.669808, 'theta': 1.07655323515827, 'phi': -1.2519651762255428, 'norm_pos': [0.48295557782958837, 0.5636140019140474], 'topic': 'pupil.1', 'id': 1, 'method': '3d c++'}"
1581494813.39093,"{'circle_3d': {'center': [-0.6477869871925588, -1.871971646471998, 75.16690052996185], 'normal': [0.2753676364716471, -0.47324941635113, -0.8367841147556122], 'radius': 2.5453884559109214}, 'confidence': 0.9987608432286128, 'timestamp': 359909.905006, 'diameter_3d': 5.090776911821843, 'ellipse': {'center': [154.49113517266107, 104.83572833232702], 'axes': [34.74694046242972, 42.00549537664919], 'angle': -61.44914024011076}, 'location': [154.49113517266107, 104.83572833232702], 'diameter': 42.00549537664919, 'sphere': {'center': [-3.9521986248523238, 3.8070213497415617, 85.2083099070292], 'radius': 12.0}, 'projected_sphere': {'center': [131.2426739823612, 147.7009746985376], 'axes': [174.63085485717966, 174.63085485717966], 'angle': 90.0}, 'model_confidence': 0.8987347260465128, 'model_id': 1, 'model_birth_timestamp': 359909.669808, 'theta': 1.0778205611679128, 'phi': -1.252880024609985, 'norm_pos': [0.48278479741456587, 0.5631844652819707], 'topic': 'pupil.1', 'id': 1, 'method': '3d c++'}"
1581494813.398913,"{'circle_3d': {'center': [-0.6799335478242727, -1.8302730273514198, 75.13293431245913], 'normal': [0.27268875641900425, -0.4697745314244151, -0.8396146328808403], 'radius': 2.6165814610715663}, 'confidence': 0.9985214752768097, 'timestamp': 359909.913406, 'diameter_3d': 5.233162922143133, 'ellipse': {'center': [154.21492505488732, 105.18781125722333], 'axes': [35.87648964021452, 43.20026862259199], 'angle': -61.53791532817133}, 'location': [154.21492505488732, 105.18781125722333], 'diameter': 43.20026862259199, 'sphere': {'center': [-3.9521986248523238, 3.8070213497415617, 85.2083099070292], 'radius': 12.0}, 'projected_sphere': {'center': [131.2426739823612, 147.7009746985376], 'axes': [174.63085485717966, 174.63085485717966], 'angle': 90.0}, 'model_confidence': 0.8936092494898351, 'model_id': 1, 'model_birth_timestamp': 359909.669808, 'theta': 1.0817609717159054, 'phi': -1.256764806459171, 'norm_pos': [0.4819216407965229, 0.5617174530949027], 'topic': 'pupil.1', 'id': 1, 'method': '3d c++'}"
1581494813.408705,"{'circle_3d': {'center': [-0.647243836678026, -1.8302175308265287, 75.14357883006866], 'normal': [0.2754128990145248, -0.46976990671400753, -0.8387275897467114], 'radius': 2.5741284681747683}, 'confidence': 0.9990077589756478, 'timestamp': 359909.921806, 'diameter_3d': 5.1482569363495365, 'ellipse': {'center': [154.48969334187169, 105.18061868971938], 'axes': [35.24761144846484, 42.49288260629472], 'angle': -61.25780009902834}, 'location': [154.48969334187169, 105.18061868971938], 'diameter': 42.49288260629472, 'sphere': {'center': [-3.9521986248523238, 3.8070213497415617, 85.2083099070292], 'radius': 12.0}, 'projected_sphere': {'center': [131.2426739823612, 147.7009746985376], 'axes': [174.63085485717966, 174.63085485717966], 'angle': 90.0}, 'model_confidence': 0.8936532231891836, 'model_id': 1, 'model_birth_timestamp': 359909.669808, 'theta': 1.0817662104732972, 'phi': -1.2535194895367625, 'norm_pos': [0.482780291693349, 0.5617474221261692], 'topic': 'pupil.1', 'id': 1, 'method': '3d c++'}"
1581494813.41473,"{'circle_3d': {'center': [-0.6699034742702108, -1.816341183728606, 75.1284124689781], 'normal': [0.27352459588184275, -0.4686135444558473, -0.8399914531709248], 'radius': 2.565365199440614}, 'confidence': 0.9978410461304198, 'timestamp': 359909.930206, 'diameter_3d': 5.130730398881228, 'ellipse': {'center': [154.3035477377784, 105.29008601253379], 'axes': [35.1955540247683, 42.35678606643156], 'angle': -61.38926795318231}, 'location': [154.3035477377784, 105.29008601253379], 'diameter': 42.35678606643156, 'sphere': {'center': [-3.9521986248523238, 3.8070213497415617, 85.2083099070292], 'radius': 12.0}, 'projected_sphere': {'center': [131.2426739823612, 147.7009746985376], 'axes': [174.63085485717966, 174.63085485717966], 'angle': 90.0}, 'model_confidence': 0.8841308435873829, 'model_id': 1, 'model_birth_timestamp': 359909.669808, 'theta': 1.0830756513281463, 'phi': -1.255996679884597, 'norm_pos': [0.4821985866805575, 0.5612913082811092], 'topic': 'pupil.1', 'id': 1, 'method': '3d c++'}"
1581494813.42284,"{'circle_3d': {'center': [-0.650975183920905, -1.7842447147949931, 75.11674572754707], 'normal': [0.27510195341095156, -0.46593883871137953, -0.8409636816235109], 'radius': 2.5887607733300415}, 'confidence': 0.9973074900341674, 'timestamp': 359909.938606, 'diameter_3d': 5.177521546660083, 'ellipse': {'center': [154.4546784691392, 105.55668654723584], 'axes': [35.572839319917215, 42.74953102658738], 'angle': -61.08135179719268}, 'location': [154.4546784691392, 105.55668654723584], 'diameter': 42.74953102658738, 'sphere': {'center': [-3.9521986248523238, 3.8070213497415617, 85.2083099070292], 'radius': 12.0}, 'projected_sphere': {'center': [131.2426739823612, 147.7009746985376], 'axes': [174.63085485717966, 174.63085485717966], 'angle': 90.0}, 'model_confidence': 0.8718944321312483, 'model_id': 1, 'model_birth_timestamp': 359909.669808, 'theta': 1.0861009574501486, 'phi': -1.2546418042522958, 'norm_pos': [0.48267087021606, 0.5601804727198507], 'topic': 'pupil.1', 'id': 1, 'method': '3d c++'}"
1581494813.431842,"{'circle_3d': {'center': [-0.5994665945121285, -1.7426417461066341, 75.11076429161793], 'normal': [0.27939433586168294, -0.4624719246540163, -0.8414621346176064], 'radius': 2.587804384533989}, 'confidence': 0.9988162727267581, 'timestamp': 359909.947006, 'diameter_3d': 5.175608769067978, 'ellipse': {'center': [154.87691961251025, 105.89691638690812], 'axes': [35.592079386924716, 42.73656652598027], 'angle': -60.447866999998524}, 'location': [154.87691961251025, 105.89691638690812], 'diameter': 42.73656652598027, 'sphere': {'center': [-3.9521986248523238, 3.8070213497415617, 85.2083099070292], 'radius': 12.0}, 'projected_sphere': {'center': [131.2426739823612, 147.7009746985376], 'axes': [174.63085485717966, 174.63085485717966], 'angle': 90.0}, 'model_confidence': 0.8719803009200722, 'model_id': 1, 'model_birth_timestamp': 359909.669808, 'theta': 1.090015161019718, 'phi': -1.2502153094776087, 'norm_pos': [0.48399037378909454, 0.5587628483878828], 'topic': 'pupil.1', 'id': 1, 'method': '3d c++'}"
1581494813.4381928,"{'circle_3d': {'center': [-0.6098536149252665, -1.7537403119018693, 75.11342706585604], 'normal': [0.27852875082725476, -0.4633968051369526, -0.8412402367644299], 'radius': 2.5525025568869517}, 'confidence': 0.9998507699246794, 'timestamp': 359909.955405, 'diameter_3d': 5.105005113773903, 'ellipse': {'center': [154.7966436520253, 105.79861348341755], 'axes': [35.093090479192085, 42.152005411755], 'angle': -60.58837582550402}, 'location': [154.7966436520253, 105.79861348341755], 'diameter': 42.152005411755, 'sphere': {'center': [-3.9521986248523238, 3.8070213497415617, 85.2083099070292], 'radius': 12.0}, 'projected_sphere': {'center': [131.2426739823612, 147.7009746985376], 'axes': [174.63085485717966, 174.63085485717966], 'angle': 90.0}, 'model_confidence': 0.8789438132344451, 'model_id': 1, 'model_birth_timestamp': 359909.669808, 'theta': 1.0889717400807633, 'phi': -1.2510634288163465, 'norm_pos': [0.48373951141257904, 0.5591724438190935], 'topic': 'pupil.1', 'id': 1, 'method': '3d c++'}"
1581494813.4475431,"{'circle_3d': {'center': [-0.6301948738950931, -1.7589219774224798, 75.1095690965408], 'normal': [0.27683364591310256, -0.4638286105970035, -0.8415617342073677], 'radius': 2.544749723464048}, 'confidence': 0.99998055407828, 'timestamp': 359909.963805, 'diameter_3d': 5.089499446928096, 'ellipse': {'center': [154.63038592134433, 105.75382000466527], 'axes': [35.002359853254646, 42.026246220935185], 'angle': -60.78664039178213}, 'location': [154.63038592134433, 105.75382000466527], 'diameter': 42.026246220935185, 'sphere': {'center': [-3.9521986248523238, 3.8070213497415617, 85.2083099070292], 'radius': 12.0}, 'projected_sphere': {'center': [131.2426739823612, 147.7009746985376], 'axes': [174.63085485717966, 174.63085485717966], 'angle': 90.0}, 'model_confidence': 0.8859028076047437, 'model_id': 1, 'model_birth_timestamp': 359909.669808, 'theta': 1.0884843958698736, 'phi': -1.2529938946831012, 'norm_pos': [0.48321995600420103, 0.5593590833138947], 'topic': 'pupil.1', 'id': 1, 'method': '3d c++'}"
1581494813.454699,"{'circle_3d': {'center': [-0.6050132084387041, -1.7798832378855804, 75.12947828243607], 'normal': [0.2789321180344683, -0.46557538230226186, -0.8399026353827616], 'radius': 2.5506355815286894}, 'confidence': 0.9996780373964627, 'timestamp': 359909.972205, 'diameter_3d': 5.101271163057379, 'ellipse': {'center': [154.83800907812702, 105.58620134015693], 'axes': [34.994118218621054, 42.11228455554982], 'angle': -60.66811062310063}, 'location': [154.83800907812702, 105.58620134015693], 'diameter': 42.11228455554982, 'sphere': {'center': [-3.9521986248523238, 3.8070213497415617, 85.2083099070292], 'radius': 12.0}, 'projected_sphere': {'center': [131.2426739823612, 147.7009746985376], 'axes': [174.63085485717966, 174.63085485717966], 'angle': 90.0}, 'model_confidence': 0.8903161490355638, 'model_id': 1, 'model_birth_timestamp': 359909.669808, 'theta': 1.0865116832244008, 'phi': -1.2501556972106413, 'norm_pos': [0.48386877836914693, 0.5600574944160128], 'topic': 'pupil.1', 'id': 1, 'method': '3d c++'}"
1581494813.466652,"{'circle_3d': {'center': [-0.5844981597212691, -1.7748378943430856, 75.13351755401354], 'normal': [0.2806417054275879, -0.46515493700705396, -0.8395660294179718], 'radius': 2.5403799622348884}, 'confidence': 0.9997350606304609, 'timestamp': 359909.980605, 'diameter_3d': 5.080759924469777, 'ellipse': {'center': [155.00804612342702, 105.6260352736582], 'axes': [34.836600510197094, 41.94049351403253], 'angle': -60.47015839271746}, 'location': [155.00804612342702, 105.6260352736582], 'diameter': 41.94049351403253, 'sphere': {'center': [-3.9521986248523238, 3.8070213497415617, 85.2083099070292], 'radius': 12.0}, 'projected_sphere': {'center': [131.2426739823612, 147.7009746985376], 'axes': [174.63085485717966, 174.63085485717966], 'angle': 90.0}, 'model_confidence': 0.8945885172771062, 'model_id': 1, 'model_birth_timestamp': 359909.669808, 'theta': 1.0869866989040187, 'phi': -1.248203042869082, 'norm_pos': [0.4844001441357094, 0.5598915196930908], 'topic': 'pupil.1', 'id': 1, 'method': '3d c++'}"
1581494813.4753559,"{'circle_3d': {'center': [-0.6091393931229172, -1.7960148388448944, 75.13706666487984], 'normal': [0.2785882693107839, -0.46691968238220466, -0.8392702701791142], 'radius': 2.5426787708483616}, 'confidence': 0.999926032959096, 'timestamp': 359909.989005, 'diameter_3d': 5.085357541696723, 'ellipse': {'center': [154.80586648938788, 105.4533376423166], 'axes': [34.849797986770625, 41.97674656294098], 'angle': -60.77746458173082}, 'location': [154.80586648938788, 105.4533376423166], 'diameter': 41.97674656294098, 'sphere': {'center': [-3.9521986248523238, 3.8070213497415617, 85.2083099070292], 'radius': 12.0}, 'projected_sphere': {'center': [131.2426739823612, 147.7009746985376], 'axes': [174.63085485717966, 174.63085485717966], 'angle': 90.0}, 'model_confidence': 0.8994547892714144, 'model_id': 1, 'model_birth_timestamp': 359909.669808, 'theta': 1.0849921062437367, 'phi': -1.2502993346797762, 'norm_pos': [0.4837683327793371, 0.5606110931570142], 'topic': 'pupil.1', 'id': 1, 'method': '3d c++'}"
1581494813.4834392,"{'circle_3d': {'center': [-0.5880112241180635, -1.742798310429726, 75.11466116773195], 'normal': [0.2803489500611884, -0.46248497168094066, -0.8411373949414381], 'radius': 2.550555290325574}, 'confidence': 0.9995994297342461, 'timestamp': 359909.997405, 'diameter_3d': 5.101110580651148, 'ellipse': {'center': [154.97626415078733, 105.88818478161393], 'axes': [35.06249500242371, 42.11894982836845], 'angle': -60.35070877293492}, 'location': [154.97626415078733, 105.88818478161393], 'diameter': 42.11894982836845, 'sphere': {'center': [-3.9521986248523238, 3.8070213497415617, 85.2083099070292], 'radius': 12.0}, 'projected_sphere': {'center': [131.2426739823612, 147.7009746985376], 'axes': [174.63085485717966, 174.63085485717966], 'angle': 90.0}, 'model_confidence': 0.9021878872242817, 'model_id': 1, 'model_birth_timestamp': 359909.669808, 'theta': 1.0900004457278567, 'phi': -1.2490780664324055, 'norm_pos': [0.4843008254712104, 0.5587992300766087], 'topic': 'pupil.1', 'id': 1, 'method': '3d c++'}"
1581494813.49086,"{'circle_3d': {'center': [-0.5679479816133819, -1.7762200503709478, 75.13983122096116], 'normal': [0.2820208869365785, -0.46527011667604246, -0.8390398905056704], 'radius': 2.512429445075219}, 'confidence': 0.99759255608755, 'timestamp': 359910.005805, 'diameter_3d': 5.024858890150438, 'ellipse': {'center': [155.1480725428096, 105.60974295101865], 'axes': [34.4258991726827, 41.47531399346068], 'angle': -60.33611363110066}, 'location': [155.1480725428096, 105.60974295101865], 'diameter': 41.47531399346068, 'sphere': {'center': [-3.9521986248523238, 3.8070213497415617, 85.2083099070292], 'radius': 12.0}, 'projected_sphere': {'center': [131.2426739823612, 147.7009746985376], 'axes': [174.63085485717966, 174.63085485717966], 'angle': 90.0}, 'model_confidence': 0.8949616823958784, 'model_id': 1, 'model_birth_timestamp': 359909.669808, 'theta': 1.0868565816461535, 'phi': -1.246536875319915, 'norm_pos': [0.48483772669627995, 0.5599594043707556], 'topic': 'pupil.1', 'id': 1, 'method': '3d c++'}"
1581494813.499069,"{'circle_3d': {'center': [-0.566162545681717, -1.742325412066367, 75.12170938020319], 'normal': [0.2821696732642172, -0.46244556348399407, -0.8405500439021677], 'radius': 2.544778421989606}, 'confidence': 0.9978001668650365, 'timestamp': 359910.014205, 'diameter_3d': 5.089556843979212, 'ellipse': {'center': [155.15692829354163, 105.89191805363407], 'axes': [34.95258075196787, 42.019444656825556], 'angle': -60.16240625266568}, 'location': [155.15692829354163, 105.89191805363407], 'diameter': 42.019444656825556, 'sphere': {'center': [-3.9521986248523238, 3.8070213497415617, 85.2083099070292], 'radius': 12.0}, 'projected_sphere': {'center': [131.2426739823612, 147.7009746985376], 'axes': [174.63085485717966, 174.63085485717966], 'angle': 90.0}, 'model_confidence': 0.8893148417297381, 'model_id': 1, 'model_birth_timestamp': 359909.669808, 'theta': 1.0900448925299233, 'phi': -1.2469204693000104, 'norm_pos': [0.48486540091731756, 0.5587836747765247], 'topic': 'pupil.1', 'id': 1, 'method': '3d c++'}"
1581494813.5073879,"{'circle_3d': {'center': [-0.5519070910379957, -1.758860572793754, 75.1356252644195], 'normal': [0.28335762781786067, -0.46382349354460967, -0.8393903868841411], 'radius': 2.529462185996312}, 'confidence': 0.9391689745432503, 'timestamp': 359910.022605, 'diameter_3d': 5.058924371992624, 'ellipse': {'center': [155.2770919615728, 105.75513493348005], 'axes': [34.67991982059715, 41.75873129347143], 'angle': -60.1191625263719}, 'location': [155.2770919615728, 105.75513493348005], 'diameter': 41.75873129347143, 'sphere': {'center': [-3.9521986248523238, 3.8070213497415617, 85.2083099070292], 'radius': 12.0}, 'projected_sphere': {'center': [131.2426739823612, 147.7009746985376], 'axes': [174.63085485717966, 174.63085485717966], 'angle': 90.0}, 'model_confidence': 0.8891235993378932, 'model_id': 1, 'model_birth_timestamp': 359909.669808, 'theta': 1.0884901718045588, 'phi': -1.2452326954666746, 'norm_pos': [0.485240912379915, 0.5593536044438332], 'topic': 'pupil.1', 'id': 1, 'method': '3d c++'}"
1581494813.514678,"{'circle_3d': {'center': [-0.5820750825204941, -1.70584432795631, 75.09640705301199], 'normal': [0.2808436285276525, -0.45940547314148933, -0.8426585711681014], 'radius': 2.526005423469007}, 'confidence': 0.9992123091980409, 'timestamp': 359910.031005, 'diameter_3d': 5.052010846938014, 'ellipse': {'center': [155.0267137289981, 106.18348710968452], 'axes': [34.80830307316957, 41.723304022700965], 'angle': -60.12574215688453}, 'location': [155.0267137289981, 106.18348710968452], 'diameter': 41.723304022700965, 'sphere': {'center': [-3.9521986248523238, 3.8070213497415617, 85.2083099070292], 'radius': 12.0}, 'projected_sphere': {'center': [131.2426739823612, 147.7009746985376], 'axes': [174.63085485717966, 174.63085485717966], 'angle': 90.0}, 'model_confidence': 0.8902015839242772, 'model_id': 1, 'model_birth_timestamp': 359909.669808, 'theta': 1.09347058560241, 'phi': -1.2490912312083478, 'norm_pos': [0.484458480403119, 0.5575688037096478], 'topic': 'pupil.1', 'id': 1, 'method': '3d c++'}"
1581494813.523036,"{'circle_3d': {'center': [-0.5193715548920581, -1.7158739926770243, 75.1230074651369], 'normal': [0.2860689224966888, -0.46024127853488217, -0.8404418701576929], 'radius': 2.49732152649859}, 'confidence': 0.9868181519111185, 'timestamp': 359910.039405, 'diameter_3d': 4.99464305299718, 'ellipse': {'center': [155.54738356903584, 106.09918219632895], 'axes': [34.298293335978094, 41.23445359304732], 'angle': -59.640136385138014}, 'location': [155.54738356903584, 106.09918219632895], 'diameter': 41.23445359304732, 'sphere': {'center': [-3.9521986248523238, 3.8070213497415617, 85.2083099070292], 'radius': 12.0}, 'projected_sphere': {'center': [131.2426739823612, 147.7009746985376], 'axes': [174.63085485717966, 174.63085485717966], 'angle': 90.0}, 'model_confidence': 0.8910037039360219, 'model_id': 1, 'model_birth_timestamp': 359909.669808, 'theta': 1.0925293742685995, 'phi': -1.242717962033897, 'norm_pos': [0.486085573653237, 0.5579200741819628], 'topic': 'pupil.1', 'id': 1, 'method': '3d c++'}"
1581494813.531691,"{'circle_3d': {'center': [-0.5080835932808396, -1.7144770436052355, 75.12609154292043], 'normal': [0.2870095859642903, -0.4601248661122331, -0.8401848636757308], 'radius': 2.4897980108561755}, 'confidence': 0.9952833813720222, 'timestamp': 359910.047805, 'diameter_3d': 4.979596021712351, 'ellipse': {'center': [155.64127011398313, 106.10955331086416], 'axes': [34.18198256714451, 41.10843113056938], 'angle': -59.53808403745529}, 'location': [155.64127011398313, 106.10955331086416], 'diameter': 41.10843113056938, 'sphere': {'center': [-3.9521986248523238, 3.8070213497415617, 85.2083099070292], 'radius': 12.0}, 'projected_sphere': {'center': [131.2426739823612, 147.7009746985376], 'axes': [174.63085485717966, 174.63085485717966], 'angle': 90.0}, 'model_confidence': 0.8925747785820337, 'model_id': 1, 'model_birth_timestamp': 359909.669808, 'theta': 1.0926604953202101, 'phi': -1.241621717255226, 'norm_pos': [0.48637896910619727, 0.5578768612047327], 'topic': 'pupil.1', 'id': 1, 'method': '3d c++'}"
1581494813.539745,"{'circle_3d': {'center': [-0.5067506428405504, -1.7317203036625282, 75.13600981717398], 'normal': [0.2871206651676478, -0.46156180445034084, -0.8393583408212686], 'radius': 2.528058238368982}, 'confidence': 0.999947109877286, 'timestamp': 359910.056205, 'diameter_3d': 5.056116476737964, 'ellipse': {'center': [155.64783495570532, 105.97759225042444], 'axes': [34.66260749781268, 41.7349231245283], 'angle': -59.60941325393584}, 'location': [155.64783495570532, 105.97759225042444], 'diameter': 41.7349231245283, 'sphere': {'center': [-3.9521986248523238, 3.8070213497415617, 85.2083099070292], 'radius': 12.0}, 'projected_sphere': {'center': [131.2426739823612, 147.7009746985376], 'axes': [174.63085485717966, 174.63085485717966], 'angle': 90.0}, 'model_confidence': 0.8963830664290073, 'model_id': 1, 'model_birth_timestamp': 359909.669808, 'theta': 1.0910413758059365, 'phi': -1.24120204031036, 'norm_pos': [0.48639948423657914, 0.5584266989565648], 'topic': 'pupil.1', 'id': 1, 'method': '3d c++'}"
1581494813.5508711,"{'circle_3d': {'center': [-0.5020743213539962, -1.7307905037919173, 75.13709934596584], 'normal': [0.28751035862486063, -0.4614843211277899, -0.8392675467552805], 'radius': 2.5339497258017345}, 'confidence': 0.9889108930770916, 'timestamp': 359910.064604, 'diameter_3d': 5.067899451603469, 'ellipse': {'center': [155.68549116490408, 105.9866361891962], 'axes': [34.73885437310606, 41.831578621848806], 'angle': -59.56560962661107}, 'location': [155.68549116490408, 105.9866361891962], 'diameter': 41.831578621848806, 'sphere': {'center': [-3.9521986248523238, 3.8070213497415617, 85.2083099070292], 'radius': 12.0}, 'projected_sphere': {'center': [131.2426739823612, 147.7009746985376], 'axes': [174.63085485717966, 174.63085485717966], 'angle': 90.0}, 'model_confidence': 0.8970203413003919, 'model_id': 1, 'model_birth_timestamp': 359909.669808, 'theta': 1.0911287175471263, 'phi': -1.2407532945586222, 'norm_pos': [0.48651715989032523, 0.5583890158783491], 'topic': 'pupil.1', 'id': 1, 'method': '3d c++'}"
1581494813.5593479,"{'circle_3d': {'center': [-0.5104060037174687, -1.6905320451050434, 75.11222303022826], 'normal': [0.2868160517612379, -0.4581294495705504, -0.8413405730667453], 'radius': 2.5287942399705057}, 'confidence': 0.9944491411303482, 'timestamp': 359910.073004, 'diameter_3d': 5.057588479941011, 'ellipse': {'center': [155.6159167384828, 106.31215017398735], 'axes': [34.78061539707669, 41.760090907201764], 'angle': -59.44247287850271}, 'location': [155.6159167384828, 106.31215017398735], 'diameter': 41.760090907201764, 'sphere': {'center': [-3.9521986248523238, 3.8070213497415617, 85.2083099070292], 'radius': 12.0}, 'projected_sphere': {'center': [131.2426739823612, 147.7009746985376], 'axes': [174.63085485717966, 174.63085485717966], 'angle': 90.0}, 'model_confidence': 0.898485876957289, 'model_id': 1, 'model_birth_timestamp': 359909.669808, 'theta': 1.0949066495556017, 'phi': -1.2422480524802308, 'norm_pos': [0.48629973980775876, 0.5570327076083861], 'topic': 'pupil.1', 'id': 1, 'method': '3d c++'}"
1581494813.567243,"{'circle_3d': {'center': [-0.5193881291263165, -1.7118640011275152, 75.12080691647718], 'normal': [0.2860675413105006, -0.4599071125724231, -0.8406252492126688], 'radius': 2.5517301759622675}, 'confidence': 0.9972691674560266, 'timestamp': 359910.081404, 'diameter_3d': 5.103460351924535, 'ellipse': {'center': [155.53975362415255, 106.14323374020587], 'axes': [35.05614502683981, 42.13433377103657], 'angle': -59.621143187494226}, 'location': [155.53975362415255, 106.14323374020587], 'diameter': 42.13433377103657, 'sphere': {'center': [-3.9521986248523238, 3.8070213497415617, 85.2083099070292], 'radius': 12.0}, 'projected_sphere': {'center': [131.2426739823612, 147.7009746985376], 'axes': [174.63085485717966, 174.63085485717966], 'angle': 90.0}, 'model_confidence': 0.9000763646787036, 'model_id': 1, 'model_birth_timestamp': 359909.669808, 'theta': 1.0929057379528213, 'phi': -1.2427859789054447, 'norm_pos': [0.4860617300754767, 0.5577365260824756], 'topic': 'pupil.1', 'id': 1, 'method': '3d c++'}"
1581494813.574649,"{'circle_3d': {'center': [-0.49273149775136593, -1.6549300348647593, 75.09894918200287], 'normal': [0.28828892725841315, -0.45516261538386005, -0.8424467270855278], 'radius': 2.521200832314453}, 'confidence': 0.999861545971298, 'timestamp': 359910.089804, 'diameter_3d': 5.042401664628906, 'ellipse': {'center': [155.76102222909432, 106.60083319886212], 'axes': [34.7377293267173, 41.641719676572016], 'angle': -59.11958666100526}, 'location': [155.76102222909432, 106.60083319886212], 'diameter': 41.641719676572016, 'sphere': {'center': [-3.9521986248523238, 3.8070213497415617, 85.2083099070292], 'radius': 12.0}, 'projected_sphere': {'center': [131.2426739823612, 147.7009746985376], 'axes': [174.63085485717966, 174.63085485717966], 'angle': 90.0}, 'model_confidence': 0.9029007228900543, 'model_id': 1, 'model_birth_timestamp': 359909.669808, 'theta': 1.0982414910649627, 'phi': -1.2410832247767507, 'norm_pos': [0.48675319446591975, 0.5558298616714079], 'topic': 'pupil.1', 'id': 1, 'method': '3d c++'}"
1581494813.582827,"{'circle_3d': {'center': [-0.501693583718994, -1.664166684978932, 75.1008811316262], 'normal': [0.2875420867611108, -0.4559323362267078, -0.8422857312835842], 'radius': 2.521143868322693}, 'confidence': 0.9993558627945338, 'timestamp': 359910.098204, 'diameter_3d': 5.042287736645386, 'ellipse': {'center': [155.687602968185, 106.52527841425567], 'axes': [34.72747187945579, 41.639806860145846], 'angle': -59.24066818942669}, 'location': [155.687602968185, 106.52527841425567], 'diameter': 41.639806860145846, 'sphere': {'center': [-3.9521986248523238, 3.8070213497415617, 85.2083099070292], 'radius': 12.0}, 'projected_sphere': {'center': [131.2426739823612, 147.7009746985376], 'axes': [174.63085485717966, 174.63085485717966], 'angle': 90.0}, 'model_confidence': 0.9038004650460341, 'model_id': 1, 'model_birth_timestamp': 359909.669808, 'theta': 1.0973768416034204, 'phi': -1.2418185907416155, 'norm_pos': [0.4865237592755781, 0.5561446732739348], 'topic': 'pupil.1', 'id': 1, 'method': '3d c++'}"
1581494813.591243,"{'circle_3d': {'center': [-0.4886922386006862, -1.6477958594767692, 75.09648056084215], 'normal': [0.2886255321876365, -0.45456810076819426, -0.8426524455155876], 'radius': 2.5548221482010205}, 'confidence': 0.9982167491382955, 'timestamp': 359910.106604, 'diameter_3d': 5.109644296402041, 'ellipse': {'center': [155.78939664493925, 106.66611324332204], 'axes': [35.21295186847724, 42.19854098810194], 'angle': -59.05040977159541}, 'location': [155.78939664493925, 106.66611324332204], 'diameter': 42.19854098810194, 'sphere': {'center': [-3.9521986248523238, 3.8070213497415617, 85.2083099070292], 'radius': 12.0}, 'projected_sphere': {'center': [131.2426739823612, 147.7009746985376], 'axes': [174.63085485717966, 174.63085485717966], 'angle': 90.0}, 'model_confidence': 0.900836300273411, 'model_id': 1, 'model_birth_timestamp': 359909.669808, 'theta': 1.0989090648255888, 'phi': -1.2408004532199943, 'norm_pos': [0.48684186451543515, 0.5555578614861582], 'topic': 'pupil.1', 'id': 1, 'method': '3d c++'}"
1581494813.601948,"{'circle_3d': {'center': [-0.49340752864648074, -1.6369629181471623, 75.08903130409573], 'normal': [0.2882325913504869, -0.4536653556573937, -0.8432732169111229], 'radius': 2.520037859318899}, 'confidence': 0.9999928313099545, 'timestamp': 359910.115004, 'diameter_3d': 5.040075718637798, 'ellipse': {'center': [155.75488713639362, 106.74665660944467], 'axes': [34.766623363867055, 41.62790797492933], 'angle': -59.03701580664398}, 'location': [155.75488713639362, 106.74665660944467], 'diameter': 41.62790797492933, 'sphere': {'center': [-3.9521986248523238, 3.8070213497415617, 85.2083099070292], 'radius': 12.0}, 'projected_sphere': {'center': [131.2426739823612, 147.7009746985376], 'axes': [174.63085485717966, 174.63085485717966], 'angle': 90.0}, 'model_confidence': 0.9038035887707685, 'model_id': 1, 'model_birth_timestamp': 359909.669808, 'theta': 1.0999223125797755, 'phi': -1.2414433071007656, 'norm_pos': [0.4867340223012301, 0.5552222641273139], 'topic': 'pupil.1', 'id': 1, 'method': '3d c++'}"
1581494813.6072772,"{'circle_3d': {'center': [-0.46942387788218376, -1.6198958357893352, 75.08809005154896], 'normal': [0.29023122891417835, -0.4522430987942414, -0.8433516546233534], 'radius': 2.571402992073635}, 'confidence': 0.997961882159279, 'timestamp': 359910.123404, 'diameter_3d': 5.14280598414727, 'ellipse': {'center': [155.94464018144924, 106.89744718242059], 'axes': [35.48199164486368, 42.47698803747333], 'angle': -58.749358635464006}, 'location': [155.94464018144924, 106.89744718242059], 'diameter': 42.47698803747333, 'sphere': {'center': [-3.9521986248523238, 3.8070213497415617, 85.2083099070292], 'radius': 12.0}, 'projected_sphere': {'center': [131.2426739823612, 147.7009746985376], 'axes': [174.63085485717966, 174.63085485717966], 'angle': 90.0}, 'model_confidence': 0.9002079484358605, 'model_id': 1, 'model_birth_timestamp': 359909.669808, 'theta': 1.101517605068017, 'phi': -1.2393513039346415, 'norm_pos': [0.4873270005670289, 0.5545939700732475], 'topic': 'pupil.1', 'id': 1, 'method': '3d c++'}"
1581494813.6145868,"{'circle_3d': {'center': [-0.47135054427904954, -1.570087997023803, 75.06087714238879], 'normal': [0.2900706733811062, -0.4480924455637804, -0.8456193970533682], 'radius': 2.528929192764794}, 'confidence': 0.9995250427256691, 'timestamp': 359910.131804, 'diameter_3d': 5.057858385529588, 'ellipse': {'center': [155.93271678907206, 107.29369683347286], 'axes': [35.01925185722675, 41.790015187165125], 'angle': -58.51596863290993}, 'location': [155.93271678907206, 107.29369683347286], 'diameter': 41.790015187165125, 'sphere': {'center': [-3.9521986248523238, 3.8070213497415617, 85.2083099070292], 'radius': 12.0}, 'projected_sphere': {'center': [131.2426739823612, 147.7009746985376], 'axes': [174.63085485717966, 174.63085485717966], 'angle': 90.0}, 'model_confidence': 0.9015840423190369, 'model_id': 1, 'model_birth_timestamp': 359909.669808, 'theta': 1.106165891906834, 'phi': -1.2403465783582637, 'norm_pos': [0.4872897399658502, 0.5529429298605297], 'topic': 'pupil.1', 'id': 1, 'method': '3d c++'}"
1581494813.622221,"{'circle_3d': {'center': [-0.4810421892237944, -1.5683165953845082, 75.05661965490457], 'normal': [0.28926303630237743, -0.44794482876050584, -0.8459741876770535], 'radius': 2.5643855287033164}, 'confidence': 0.9971972847965153, 'timestamp': 359910.140204, 'diameter_3d': 5.128771057406633, 'ellipse': {'center': [155.84790146506356, 107.31507910520136], 'axes': [35.52946314634768, 42.37856243634395], 'angle': -58.58959888199878}, 'location': [155.84790146506356, 107.31507910520136], 'diameter': 42.37856243634395, 'sphere': {'center': [-3.9521986248523238, 3.8070213497415617, 85.2083099070292], 'radius': 12.0}, 'projected_sphere': {'center': [131.2426739823612, 147.7009746985376], 'axes': [174.63085485717966, 174.63085485717966], 'angle': 90.0}, 'model_confidence': 0.8959638917751533, 'model_id': 1, 'model_birth_timestamp': 359909.669808, 'theta': 1.1063310069011996, 'phi': -1.2413297992030892, 'norm_pos': [0.4870246920783236, 0.5528538370616609], 'topic': 'pupil.1', 'id': 1, 'method': '3d c++'}"
1581494813.6364212,"{'circle_3d': {'center': [-0.4637597988703268, -1.617740951819087, 75.08888558896902], 'normal': [0.29070323549849975, -0.45206352513005404, -0.8432853598383484], 'radius': 2.496463534435852}, 'confidence': 0.9999078665426158, 'timestamp': 359910.148604, 'diameter_3d': 4.992927068871704, 'ellipse': {'center': [156.00151144966893, 106.89957747344668], 'axes': [34.444112906481664, 41.23818406154479], 'angle': -58.690628818460695}, 'location': [156.00151144966893, 106.89957747344668], 'diameter': 41.23818406154479, 'sphere': {'center': [-3.9521986248523238, 3.8070213497415617, 85.2083099070292], 'radius': 12.0}, 'projected_sphere': {'center': [131.2426739823612, 147.7009746985376], 'axes': [174.63085485717966, 174.63085485717966], 'angle': 90.0}, 'model_confidence': 0.8984975100127301, 'model_id': 1, 'model_birth_timestamp': 359909.669808, 'theta': 1.1017189343249731, 'phi': -1.2388267555041554, 'norm_pos': [0.4875047232802154, 0.5545850938606388], 'topic': 'pupil.1', 'id': 1, 'method': '3d c++'}"
1581494813.645807,"{'circle_3d': {'center': [-0.47816741971067067, -1.5971105507625598, 75.07290337410436], 'normal': [0.2895026004284711, -0.4503443250420101, -0.8446172110770709], 'radius': 2.51522054338411}, 'confidence': 0.8891921247366831, 'timestamp': 359910.157004, 'diameter_3d': 5.03044108676822, 'ellipse': {'center': [155.87948957916058, 107.0705979927459], 'axes': [34.774320650857504, 41.55693374839294], 'angle': -58.709745256134845}, 'location': [155.87948957916058, 107.0705979927459], 'diameter': 41.55693374839294, 'sphere': {'center': [-3.9521986248523238, 3.8070213497415617, 85.2083099070292], 'radius': 12.0}, 'projected_sphere': {'center': [131.2426739823612, 147.7009746985376], 'axes': [174.63085485717966, 174.63085485717966], 'angle': 90.0}, 'model_confidence': 0.8986375637194954, 'model_id': 1, 'model_birth_timestamp': 359909.669808, 'theta': 1.103645380249853, 'phi': -1.2405841986622532, 'norm_pos': [0.4871234049348768, 0.5538725083635587], 'topic': 'pupil.1', 'id': 1, 'method': '3d c++'}"
1581494813.651017,"{'circle_3d': {'center': [-0.49845914511026557, -1.5728162422843992, 75.0530634260473], 'normal': [0.2878116233118382, -0.44831979933549676, -0.8462705400818255], 'radius': 2.5585556905662075}, 'confidence': 0.9966771059597076, 'timestamp': 359910.165404, 'diameter_3d': 5.117111381132415, 'ellipse': {'center': [155.7054072288164, 107.27641242389491], 'axes': [35.46366614880829, 42.284309523225616], 'angle': -58.76091383161638}, 'location': [155.7054072288164, 107.27641242389491], 'diameter': 42.284309523225616, 'sphere': {'center': [-3.9521986248523238, 3.8070213497415617, 85.2083099070292], 'radius': 12.0}, 'projected_sphere': {'center': [131.2426739823612, 147.7009746985376], 'axes': [174.63085485717966, 174.63085485717966], 'angle': 90.0}, 'model_confidence': 0.8919449335574092, 'model_id': 1, 'model_birth_timestamp': 359909.669808, 'theta': 1.105911561352917, 'phi': -1.2429734672454031, 'norm_pos': [0.48657939759005125, 0.5530149482337712], 'topic': 'pupil.1', 'id': 1, 'method': '3d c++'}"
1581494813.658578,"{'circle_3d': {'center': [-0.49985943135526245, -1.575489307903866, 75.05400377054812], 'normal': [0.2876949327914218, -0.44854255480378563, -0.8461921780400905], 'radius': 2.5337598879195125}, 'confidence': 0.9978649088993727, 'timestamp': 359910.173804, 'diameter_3d': 5.067519775839025, 'ellipse': {'center': [155.69739063969232, 107.24939295042988], 'axes': [35.115352530152585, 41.87388264881572], 'angle': -58.78627290875709}, 'location': [155.69739063969232, 107.24939295042988], 'diameter': 41.87388264881572, 'sphere': {'center': [-3.9521986248523238, 3.8070213497415617, 85.2083099070292], 'radius': 12.0}, 'projected_sphere': {'center': [131.2426739823612, 147.7009746985376], 'axes': [174.63085485717966, 174.63085485717966], 'angle': 90.0}, 'model_confidence': 0.8888417605384058, 'model_id': 1, 'model_birth_timestamp': 359909.669808, 'theta': 1.1056623432482147, 'phi': -1.243068845066237, 'norm_pos': [0.4865543457490385, 0.5531275293732089], 'topic': 'pupil.1', 'id': 1, 'method': '3d c++'}"
1581494813.666446,"{'circle_3d': {'center': [-0.4915828677365388, -1.5501363791012839, 75.04341936901054], 'normal': [0.2883846464263154, -0.4464298107369038, -0.847074211501555], 'radius': 2.5672171468661724}, 'confidence': 0.9947344814577733, 'timestamp': 359910.182203, 'diameter_3d': 5.134434293732345, 'ellipse': {'center': [155.75994829966447, 107.46319803868047], 'axes': [35.628934231548, 42.43278976589087], 'angle': -58.58770749640182}, 'location': [155.75994829966447, 107.46319803868047], 'diameter': 42.43278976589087, 'sphere': {'center': [-3.9521986248523238, 3.8070213497415617, 85.2083099070292], 'radius': 12.0}, 'projected_sphere': {'center': [131.2426739823612, 147.7009746985376], 'axes': [174.63085485717966, 174.63085485717966], 'angle': 90.0}, 'model_confidence': 0.8775341828073713, 'model_id': 1, 'model_birth_timestamp': 359909.669808, 'theta': 1.1080248240206092, 'phi': -1.242656376291127, 'norm_pos': [0.4867498384364515, 0.5522366748388314], 'topic': 'pupil.1', 'id': 1, 'method': '3d c++'}"
1581494813.675493,"{'circle_3d': {'center': [-0.5053735244689168, -1.549669334965528, 75.03848878590131], 'normal': [0.2872354250319506, -0.4463908903922575, -0.8474850934273253], 'radius': 2.535242455427882}, 'confidence': 0.9989853267872936, 'timestamp': 359910.190603, 'diameter_3d': 5.070484910855764, 'ellipse': {'center': [155.65071039957604, 107.45967551208975], 'axes': [35.206343764802035, 41.90694213554173], 'angle': -58.703455707165965}, 'location': [155.65071039957604, 107.45967551208975], 'diameter': 41.90694213554173, 'sphere': {'center': [-3.9521986248523238, 3.8070213497415617, 85.2083099070292], 'radius': 12.0}, 'projected_sphere': {'center': [131.2426739823612, 147.7009746985376], 'axes': [174.63085485717966, 174.63085485717966], 'angle': 90.0}, 'model_confidence': 0.8778396066301264, 'model_id': 1, 'model_birth_timestamp': 359909.669808, 'theta': 1.1080683187803517, 'phi': -1.2440201129110569, 'norm_pos': [0.48640846999867515, 0.5522513520329594], 'topic': 'pupil.1', 'id': 1, 'method': '3d c++'}"
1581494813.6830459,"{'circle_3d': {'center': [-0.4929239149457496, -1.53765122996725, 75.03639300326374], 'normal': [0.2882728924922145, -0.445389381642401, -0.8476597419804552], 'radius': 2.534589361161674}, 'confidence': 0.9990720079533465, 'timestamp': 359910.199003, 'diameter_3d': 5.069178722323348, 'ellipse': {'center': [155.75291711120448, 107.5579886752256], 'axes': [35.207798066962724, 41.89718076304984], 'angle': -58.53578729091632}, 'location': [155.75291711120448, 107.5579886752256], 'diameter': 41.89718076304984, 'sphere': {'center': [-3.9521986248523238, 3.8070213497415617, 85.2083099070292], 'radius': 12.0}, 'projected_sphere': {'center': [131.2426739823612, 147.7009746985376], 'axes': [174.63085485717966, 174.63085485717966], 'angle': 90.0}, 'model_confidence': 0.8783501594000542, 'model_id': 1, 'model_birth_timestamp': 359909.669808, 'theta': 1.109187213435643, 'phi': -1.2429852999644344, 'norm_pos': [0.486727865972514, 0.5518417138532267], 'topic': 'pupil.1', 'id': 1, 'method': '3d c++'}"
1581494813.690652,"{'circle_3d': {'center': [-0.518216348563624, -1.5288423940188087, 75.02320687200012], 'normal': [0.28616518969072496, -0.4446553119800309, -0.8487585862524236], 'radius': 2.510530413378879}, 'confidence': 0.9992077278139919, 'timestamp': 359910.207403, 'diameter_3d': 5.021060826757758, 'ellipse': {'center': [155.54738013565355, 107.62362666716932], 'axes': [34.93111018650705, 41.5067369831548], 'angle': -58.708350507475764}, 'location': [155.54738013565355, 107.62362666716932], 'diameter': 41.5067369831548, 'sphere': {'center': [-3.9521986248523238, 3.8070213497415617, 85.2083099070292], 'radius': 12.0}, 'projected_sphere': {'center': [131.2426739823612, 147.7009746985376], 'axes': [174.63085485717966, 174.63085485717966], 'angle': 90.0}, 'model_confidence': 0.8791694229829838, 'model_id': 1, 'model_birth_timestamp': 359909.669808, 'theta': 1.1100069272748818, 'phi': -1.2456081210432877, 'norm_pos': [0.48608556292391736, 0.5515682222201279], 'topic': 'pupil.1', 'id': 1, 'method': '3d c++'}"
1581494813.699323,"{'circle_3d': {'center': [-0.5178056150144528, -1.5467447099155747, 75.03274438798113], 'normal': [0.28619941748648925, -0.4461471716380947, -0.8479637932540061], 'radius': 2.5529702606936535}, 'confidence': 0.9977936390167702, 'timestamp': 359910.215803, 'diameter_3d': 5.105940521387307, 'ellipse': {'center': [155.54570105155008, 107.48662896717427], 'axes': [35.478139573295365, 42.20335566545904], 'angle': -58.79549614320379}, 'location': [155.54570105155008, 107.48662896717427], 'diameter': 42.20335566545904, 'sphere': {'center': [-3.9521986248523238, 3.8070213497415617, 85.2083099070292], 'radius': 12.0}, 'projected_sphere': {'center': [131.2426739823612, 147.7009746985376], 'axes': [174.63085485717966, 174.63085485717966], 'angle': 90.0}, 'model_confidence': 0.876520776361811, 'model_id': 1, 'model_birth_timestamp': 359909.669808, 'theta': 1.1083406610181852, 'phi': -1.245288151206771, 'norm_pos': [0.486080315786094, 0.5521390459701072], 'topic': 'pupil.1', 'id': 1, 'method': '3d c++'}"
1581494813.7068422,"{'circle_3d': {'center': [-0.4734849033681101, -1.5245500251991517, 75.03614703388024], 'normal': [0.28989281012368445, -0.4442976145783928, -0.8476802394290806], 'radius': 2.5420801353687312}, 'confidence': 0.9970323090033231, 'timestamp': 359910.224203, 'diameter_3d': 5.0841602707374625, 'ellipse': {'center': [155.91155978619864, 107.66714086399368], 'axes': [35.314530385159756, 42.02100812547961], 'angle': -58.30255506156588}, 'location': [155.91155978619864, 107.66714086399368], 'diameter': 42.02100812547961, 'sphere': {'center': [-3.9521986248523238, 3.8070213497415617, 85.2083099070292], 'radius': 12.0}, 'projected_sphere': {'center': [131.2426739823612, 147.7009746985376], 'axes': [174.63085485717966, 174.63085485717966], 'angle': 90.0}, 'model_confidence': 0.872180649179688, 'model_id': 1, 'model_birth_timestamp': 359909.669808, 'theta': 1.110406236481444, 'phi': -1.241280765351616, 'norm_pos': [0.4872236243318707, 0.5513869130666931], 'topic': 'pupil.1', 'id': 1, 'method': '3d c++'}"
1581494813.718606,"{'circle_3d': {'center': [-0.4965272237308538, -1.497087719690291, 75.01396038648392], 'normal': [0.2879726167601225, -0.442009089119321, -0.8495291267121075], 'radius': 2.5168760710461306}, 'confidence': 0.9993118313015511, 'timestamp': 359910.232603, 'diameter_3d': 5.033752142092261, 'ellipse': {'center': [155.7240492366178, 107.8846664651956], 'axes': [35.06305664009314, 41.6165241206577], 'angle': -58.35921147721972}, 'location': [155.7240492366178, 107.8846664651956], 'diameter': 41.6165241206577, 'sphere': {'center': [-3.9521986248523238, 3.8070213497415617, 85.2083099070292], 'radius': 12.0}, 'projected_sphere': {'center': [131.2426739823612, 147.7009746985376], 'axes': [174.63085485717966, 174.63085485717966], 'angle': 90.0}, 'model_confidence': 0.8733176131014986, 'model_id': 1, 'model_birth_timestamp': 359909.669808, 'theta': 1.112959125331098, 'phi': -1.2439732196679365, 'norm_pos': [0.4866376538644306, 0.5504805563950184], 'topic': 'pupil.1', 'id': 1, 'method': '3d c++'}"
1581494813.727199,"{'circle_3d': {'center': [-0.4816263217494434, -1.4734626585838848, 75.00676019501219], 'normal': [0.2892143585919067, -0.4400403340271205, -0.8501291426680845], 'radius': 2.541012858122873}, 'confidence': 0.9916701119677201, 'timestamp': 359910.241003, 'diameter_3d': 5.082025716245746, 'ellipse': {'center': [155.84264346046476, 108.08286488375407], 'axes': [35.43362630718981, 42.01957845001619], 'angle': -58.10877142614517}, 'location': [155.84264346046476, 108.08286488375407], 'diameter': 42.01957845001619, 'sphere': {'center': [-3.9521986248523238, 3.8070213497415617, 85.2083099070292], 'radius': 12.0}, 'projected_sphere': {'center': [131.2426739823612, 147.7009746985376], 'axes': [174.63085485717966, 174.63085485717966], 'angle': 90.0}, 'model_confidence': 0.8713639964128439, 'model_id': 1, 'model_birth_timestamp': 359909.669808, 'theta': 1.1151527373957233, 'phi': -1.2428781079346753, 'norm_pos': [0.4870082608139524, 0.5496547296510247], 'topic': 'pupil.1', 'id': 1, 'method': '3d c++'}"
1581494813.735638,"{'circle_3d': {'center': [-0.4793676390380446, -1.456226656673179, 74.99862502614579], 'normal': [0.2894025821511899, -0.4386040005345617, -0.8508070734069516], 'radius': 2.561939977236842}, 'confidence': 0.995283635614602, 'timestamp': 359910.249403, 'diameter_3d': 5.123879954473684, 'ellipse': {'center': [155.857682202323, 108.22782274987529], 'axes': [35.76337218972692, 42.3702404720437], 'angle': -57.99948664295652}, 'location': [155.857682202323, 108.22782274987529], 'diameter': 42.3702404720437, 'sphere': {'center': [-3.9521986248523238, 3.8070213497415617, 85.2083099070292], 'radius': 12.0}, 'projected_sphere': {'center': [131.2426739823612, 147.7009746985376], 'axes': [174.63085485717966, 174.63085485717966], 'angle': 90.0}, 'model_confidence': 0.863440608093391, 'model_id': 1, 'model_birth_timestamp': 359909.669808, 'theta': 1.116751631374246, 'phi': -1.2429227835009906, 'norm_pos': [0.48705525688225937, 0.5490507385421863], 'topic': 'pupil.1', 'id': 1, 'method': '3d c++'}"
1581494813.743583,"{'circle_3d': {'center': [-0.4940561531971208, -1.4274075321328894, 74.97884242693362], 'normal': [0.28817853930460025, -0.4362024068228709, -0.8524556233412984], 'radius': 2.5438606175156755}, 'confidence': 0.9961178688448621, 'timestamp': 359910.257803, 'diameter_3d': 5.087721235031351, 'ellipse': {'center': [155.73798795993224, 108.45851232047367], 'axes': [35.60046671275041, 42.08215968436352], 'angle': -57.97519613172606}, 'location': [155.73798795993224, 108.45851232047367], 'diameter': 42.08215968436352, 'sphere': {'center': [-3.9521986248523238, 3.8070213497415617, 85.2083099070292], 'radius': 12.0}, 'projected_sphere': {'center': [131.2426739823612, 147.7009746985376], 'axes': [174.63085485717966, 174.63085485717966], 'angle': 90.0}, 'model_confidence': 0.8576608128729291, 'model_id': 1, 'model_birth_timestamp': 359909.669808, 'theta': 1.1194222497122353, 'phi': -1.2448005679586334, 'norm_pos': [0.48668121237478823, 0.5480895319980263], 'topic': 'pupil.1', 'id': 1, 'method': '3d c++'}"
1581494813.750654,"{'circle_3d': {'center': [-0.47232223085813896, -1.4229268178546333, 74.9839222751571], 'normal': [0.2899896994995154, -0.4358290139663496, -0.8520323026560086], 'radius': 2.51687079973872}, 'confidence': 0.9956394368995202, 'timestamp': 359910.266203, 'diameter_3d': 5.03374159947744, 'ellipse': {'center': [155.92078283361536, 108.49045036761666], 'axes': [35.201060865411726, 41.63258388868024], 'angle': -57.763526245934294}, 'location': [155.92078283361536, 108.49045036761666], 'diameter': 41.63258388868024, 'sphere': {'center': [-3.9521986248523238, 3.8070213497415617, 85.2083099070292], 'radius': 12.0}, 'projected_sphere': {'center': [131.2426739823612, 147.7009746985376], 'axes': [174.63085485717966, 174.63085485717966], 'angle': 90.0}, 'model_confidence': 0.851080971224083, 'model_id': 1, 'model_birth_timestamp': 359909.669808, 'theta': 1.1198371587658764, 'phi': -1.242743589489779, 'norm_pos': [0.487252446355048, 0.5479564568015973], 'topic': 'pupil.1', 'id': 1, 'method': '3d c++'}"
1581494813.759866,"{'circle_3d': {'center': [-0.3100417196833569, -1.4162835689200923, 75.03718515089653], 'normal': [0.30351307543074735, -0.43527540988847135, -0.8475937296777228], 'radius': 2.1022687812598204}, 'confidence': 0.12916212470017113, 'timestamp': 359910.274603, 'diameter_3d': 4.204537562519641, 'ellipse': {'center': [157.31247151113155, 108.47485285862733], 'axes': [29.20743881700952, 34.74748219506152], 'angle': -56.348176920380084}, 'location': [157.31247151113155, 108.47485285862733], 'diameter': 34.74748219506152, 'sphere': {'center': [-3.9521986248523238, 3.8070213497415617, 85.2083099070292], 'radius': 12.0}, 'projected_sphere': {'center': [131.2426739823612, 147.7009746985376], 'axes': [174.63085485717966, 174.63085485717966], 'angle': 90.0}, 'model_confidence': 0.8328245380845867, 'model_id': 1, 'model_birth_timestamp': 359909.669808, 'theta': 1.120452162720021, 'phi': -1.2269344823407962, 'norm_pos': [0.4916014734722861, 0.5480214464223861], 'topic': 'pupil.1', 'id': 1, 'method': '3d c++'}"
1581494813.766985,"{'circle_3d': {'center': [-0.3279647422188381, -1.5411172869674328, 75.09582545035329], 'normal': [0.3020194902194571, -0.44567821972574956, -0.8427070380563259], 'radius': 2.562586133794132}, 'confidence': 0.9954837208885793, 'timestamp': 359910.283003, 'diameter_3d': 5.125172267588264, 'ellipse': {'center': [157.1075575899886, 107.54330286034418], 'axes': [35.335185078298906, 42.32580522474607], 'angle': -57.16214015080676}, 'location': [157.1075575899886, 107.54330286034418], 'diameter': 42.32580522474607, 'sphere': {'center': [-3.9521986248523238, 3.8070213497415617, 85.2083099070292], 'radius': 12.0}, 'projected_sphere': {'center': [131.2426739823612, 147.7009746985376], 'axes': [174.63085485717966, 174.63085485717966], 'angle': 90.0}, 'model_confidence': 0.8266962477799566, 'model_id': 1, 'model_birth_timestamp': 359909.669808, 'theta': 1.1088645848873446, 'phi': -1.226664956917207, 'norm_pos': [0.4909611174687144, 0.551902904748566], 'topic': 'pupil.1', 'id': 1, 'method': '3d c++'}"
1581494813.774782,"{'circle_3d': {'center': [-0.37963175216886835, -1.5873010897565267, 75.10197271896091], 'normal': [0.29771390605695464, -0.44952686995817404, -0.8421947656723578], 'radius': 2.518497096212112}, 'confidence': 0.9986696225834234, 'timestamp': 359910.291402, 'diameter_3d': 5.036994192424224, 'ellipse': {'center': [156.69007295479526, 107.15588974211671], 'axes': [34.69532496866788, 41.59443145824121], 'angle': -57.83036662312353}, 'location': [156.69007295479526, 107.15588974211671], 'diameter': 41.59443145824121, 'sphere': {'center': [-3.9521986248523238, 3.8070213497415617, 85.2083099070292], 'radius': 12.0}, 'projected_sphere': {'center': [131.2426739823612, 147.7009746985376], 'axes': [174.63085485717966, 174.63085485717966], 'angle': 90.0}, 'model_confidence': 0.8272745458555608, 'model_id': 1, 'model_birth_timestamp': 359909.669808, 'theta': 1.1045607210046384, 'phi': -1.2310089278809448, 'norm_pos': [0.4896564779837352, 0.5535171260745138], 'topic': 'pupil.1', 'id': 1, 'method': '3d c++'}"
1581494813.7831721,"{'circle_3d': {'center': [-0.3600011746115497, -1.574199561399256, 75.10194661532113], 'normal': [0.2993497875200645, -0.4484350759284015, -0.8421969409756729], 'radius': 2.5037656298484867}, 'confidence': 0.9995570707742993, 'timestamp': 359910.299802, 'diameter_3d': 5.007531259696973, 'ellipse': {'center': [156.8532855744229, 107.26041521826372], 'axes': [34.49378130419635, 41.35090695455931], 'angle': -57.5996243076562}, 'location': [156.8532855744229, 107.26041521826372], 'diameter': 41.35090695455931, 'sphere': {'center': [-3.9521986248523238, 3.8070213497415617, 85.2083099070292], 'radius': 12.0}, 'projected_sphere': {'center': [131.2426739823612, 147.7009746985376], 'axes': [174.63085485717966, 174.63085485717966], 'angle': 90.0}, 'model_confidence': 0.8296004300076931, 'model_id': 1, 'model_birth_timestamp': 359909.669808, 'theta': 1.1057825941601933, 'phi': -1.229284157215623, 'norm_pos': [0.49016651742007156, 0.5530816032572345], 'topic': 'pupil.1', 'id': 1, 'method': '3d c++'}"
1581494813.7914,"{'circle_3d': {'center': [-0.38874856215963316, -1.5259706675187434, 75.0662677164971], 'normal': [0.29695417189105755, -0.44441600143835874, -0.8451701825443424], 'radius': 2.5150165705639926}, 'confidence': 0.9997739337397499, 'timestamp': 359910.308202, 'diameter_3d': 5.030033141127985, 'ellipse': {'center': [156.61342655925543, 107.6538932462508], 'axes': [34.80817962820732, 41.556406943610156], 'angle': -57.5912635706731}, 'location': [156.61342655925543, 107.6538932462508], 'diameter': 41.556406943610156, 'sphere': {'center': [-3.9521986248523238, 3.8070213497415617, 85.2083099070292], 'radius': 12.0}, 'projected_sphere': {'center': [131.2426739823612, 147.7009746985376], 'axes': [174.63085485717966, 174.63085485717966], 'angle': 90.0}, 'model_confidence': 0.8322518234096243, 'model_id': 1, 'model_birth_timestamp': 359909.669808, 'theta': 1.1102740861498905, 'phi': -1.2329155202102144, 'norm_pos': [0.4894169579976732, 0.5514421114739549], 'topic': 'pupil.1', 'id': 1, 'method': '3d c++'}"
1581494813.8053708,"{'circle_3d': {'center': [-0.3359097295930127, -1.5350797951766628, 75.08979173570157], 'normal': [0.3013574079382759, -0.445175095409852, -0.8432098476106363], 'radius': 2.4967562277414674}, 'confidence': 0.9940045289160052, 'timestamp': 359910.316602, 'diameter_3d': 4.993512455482935, 'ellipse': {'center': [157.05134407625388, 107.57851811187051], 'axes': [34.45339891112157, 41.241468750653276], 'angle': -57.19661728277385}, 'location': [157.05134407625388, 107.57851811187051], 'diameter': 41.241468750653276, 'sphere': {'center': [-3.9521986248523238, 3.8070213497415617, 85.2083099070292], 'radius': 12.0}, 'projected_sphere': {'center': [131.2426739823612, 147.7009746985376], 'axes': [174.63085485717966, 174.63085485717966], 'angle': 90.0}, 'model_confidence': 0.834129279334328, 'model_id': 1, 'model_birth_timestamp': 359909.669808, 'theta': 1.1094265350383334, 'phi': -1.2275504412051803, 'norm_pos': [0.4907854502382934, 0.5517561745338728], 'topic': 'pupil.1', 'id': 1, 'method': '3d c++'}"
1581494813.81189,"{'circle_3d': {'center': [-0.3321627300913206, -1.4911803833079817, 75.06807329654754], 'normal': [0.30166965789675027, -0.441516811087462, -0.8450197175401388], 'radius': 2.5095349920579118}, 'confidence': 0.9982513767127965, 'timestamp': 359910.325002, 'diameter_3d': 5.0190699841158235, 'ellipse': {'center': [157.07904735153835, 107.93874561157321], 'axes': [34.728093198204746, 41.46436658976566], 'angle': -56.934819330166015}, 'location': [157.07904735153835, 107.93874561157321], 'diameter': 41.46436658976566, 'sphere': {'center': [-3.9521986248523238, 3.8070213497415617, 85.2083099070292], 'radius': 12.0}, 'projected_sphere': {'center': [131.2426739823612, 147.7009746985376], 'axes': [174.63085485717966, 174.63085485717966], 'angle': 90.0}, 'model_confidence': 0.8337311483271548, 'model_id': 1, 'model_birth_timestamp': 359909.669808, 'theta': 1.1135078496473616, 'phi': -1.2279015883888322, 'norm_pos': [0.49087202297355736, 0.550255226618445], 'topic': 'pupil.1', 'id': 1, 'method': '3d c++'}"
1581494813.8203032,"{'circle_3d': {'center': [-0.33674714940364536, -1.492036388433399, 75.0668850704412], 'normal': [0.30128762295405653, -0.4415881448479134, -0.8451187363823338], 'radius': 2.513127967580384}, 'confidence': 0.9560725603539287, 'timestamp': 359910.333402, 'diameter_3d': 5.026255935160768, 'ellipse': {'center': [157.04081728381794, 107.93229093865278], 'axes': [34.782899263418365, 41.524433424391695], 'angle': -56.977629983286974}, 'location': [157.04081728381794, 107.93229093865278], 'diameter': 41.524433424391695, 'sphere': {'center': [-3.9521986248523238, 3.8070213497415617, 85.2083099070292], 'radius': 12.0}, 'projected_sphere': {'center': [131.2426739823612, 147.7009746985376], 'axes': [174.63085485717966, 174.63085485717966], 'angle': 90.0}, 'model_confidence': 0.8338057734543325, 'model_id': 1, 'model_birth_timestamp': 359909.669808, 'theta': 1.1134283456972973, 'phi': -1.2283397055202825, 'norm_pos': [0.4907525540119311, 0.5502821210889468], 'topic': 'pupil.1', 'id': 1, 'method': '3d c++'}"
1581494813.826962,"{'circle_3d': {'center': [-0.35064418280104714, -1.4755980530824653, 75.05337328261604], 'normal': [0.3001295368376064, -0.4402182835686689, -0.8462447187010971], 'radius': 2.4940790195893454}, 'confidence': 0.9645229359865546, 'timestamp': 359910.341802, 'diameter_3d': 4.988158039178691, 'ellipse': {'center': [156.92854924118723, 108.06171119639022], 'axes': [34.57873979476628, 41.216984637604284], 'angle': -57.00694029804538}, 'location': [156.92854924118723, 108.06171119639022], 'diameter': 41.216984637604284, 'sphere': {'center': [-3.9521986248523238, 3.8070213497415617, 85.2083099070292], 'radius': 12.0}, 'projected_sphere': {'center': [131.2426739823612, 147.7009746985376], 'axes': [174.63085485717966, 174.63085485717966], 'angle': 90.0}, 'model_confidence': 0.8345237914981096, 'model_id': 1, 'model_birth_timestamp': 359909.669808, 'theta': 1.1149545608457259, 'phi': -1.2299757028037541, 'norm_pos': [0.4904017163787101, 0.5497428700150407], 'topic': 'pupil.1', 'id': 1, 'method': '3d c++'}"
1581494813.835733,"{'circle_3d': {'center': [-0.3914895453256406, -1.5022098734748823, 75.05284760000448], 'normal': [0.2967257566272236, -0.442435935268037, -0.8462885255853934], 'radius': 2.506810070316298}, 'confidence': 0.998159171136553, 'timestamp': 359910.350202, 'diameter_3d': 5.013620140632596, 'ellipse': {'center': [156.5911963684315, 107.84560946527174], 'axes': [34.75486308568158, 41.42806000922253], 'angle': -57.49060729325886}, 'location': [156.5911963684315, 107.84560946527174], 'diameter': 41.42806000922253, 'sphere': {'center': [-3.9521986248523238, 3.8070213497415617, 85.2083099070292], 'radius': 12.0}, 'projected_sphere': {'center': [131.2426739823612, 147.7009746985376], 'axes': [174.63085485717966, 174.63085485717966], 'angle': 90.0}, 'model_confidence': 0.8339558728482355, 'model_id': 1, 'model_birth_timestamp': 359909.669808, 'theta': 1.1124832154211912, 'phi': -1.233569198047563, 'norm_pos': [0.4893474886513484, 0.5506432938947011], 'topic': 'pupil.1', 'id': 1, 'method': '3d c++'}"
1581494813.8431208,"{'circle_3d': {'center': [-0.37556347769784004, -1.4988943552023377, 75.05671202511087], 'normal': [0.29805292892954033, -0.4421596420786583, -0.8459664901598615], 'radius': 2.5174944717746586}, 'confidence': 0.9984505729961662, 'timestamp': 359910.358602, 'diameter_3d': 5.034988943549317, 'ellipse': {'center': [156.72076697192992, 107.87552864628334], 'axes': [34.88671723135759, 41.60245475217553], 'angle': -57.33911717706045}, 'location': [156.72076697192992, 107.87552864628334], 'diameter': 41.60245475217553, 'sphere': {'center': [-3.9521986248523238, 3.8070213497415617, 85.2083099070292], 'radius': 12.0}, 'projected_sphere': {'center': [131.2426739823612, 147.7009746985376], 'axes': [174.63085485717966, 174.63085485717966], 'angle': 90.0}, 'model_confidence': 0.8339354609934291, 'model_id': 1, 'model_birth_timestamp': 359909.669808, 'theta': 1.1127912798329338, 'phi': -1.2320540702258391, 'norm_pos': [0.489752396787281, 0.5505186306404861], 'topic': 'pupil.1', 'id': 1, 'method': '3d c++'}"
1581494813.850476,"{'circle_3d': {'center': [-0.3466960064817095, -1.5060084313742506, 75.07065409249796], 'normal': [0.3004585515308845, -0.442752481759651, -0.8448046512109368], 'radius': 2.4620519120740303}, 'confidence': 0.9946053051258537, 'timestamp': 359910.367002, 'diameter_3d': 4.924103824148061, 'ellipse': {'center': [156.96647034280238, 107.80773111807738], 'axes': [34.058179025354654, 40.67831259181127], 'angle': -57.13433680330038}, 'location': [156.96647034280238, 107.80773111807738], 'diameter': 40.67831259181127, 'sphere': {'center': [-3.9521986248523238, 3.8070213497415617, 85.2083099070292], 'radius': 12.0}, 'projected_sphere': {'center': [131.2426739823612, 147.7009746985376], 'axes': [174.63085485717966, 174.63085485717966], 'angle': 90.0}, 'model_confidence': 0.8346744841916443, 'model_id': 1, 'model_birth_timestamp': 359909.669808, 'theta': 1.1121302113795093, 'phi': -1.229093024654463, 'norm_pos': [0.49052021982125743, 0.5508011203413442], 'topic': 'pupil.1', 'id': 1, 'method': '3d c++'}"
1581494813.858329,"{'circle_3d': {'center': [-0.3677462322829266, -1.4740533839837155, 75.0465211519816], 'normal': [0.29870436604744977, -0.4400895611437731, -0.8468157295873007], 'radius': 2.4567488757802662}, 'confidence': 0.9987674236935205, 'timestamp': 359910.375402, 'diameter_3d': 4.9134977515605325, 'ellipse': {'center': [156.79280958911474, 108.06604559798], 'axes': [34.08998776565763, 40.60365567603349], 'angle': -57.14243563815757}, 'location': [156.79280958911474, 108.06604559798], 'diameter': 40.60365567603349, 'sphere': {'center': [-3.9521986248523238, 3.8070213497415617, 85.2083099070292], 'radius': 12.0}, 'projected_sphere': {'center': [131.2426739823612, 147.7009746985376], 'axes': [174.63085485717966, 174.63085485717966], 'angle': 90.0}, 'model_confidence': 0.8357197668378502, 'model_id': 1, 'model_birth_timestamp': 359909.669808, 'theta': 1.1150979167014312, 'phi': -1.2316841013821913, 'norm_pos': [0.48997752996598354, 0.5497248100084167], 'topic': 'pupil.1', 'id': 1, 'method': '3d c++'}"
1581494813.866582,"{'circle_3d': {'center': [-0.39584042039358813, -1.4903365132485593, 75.045125563872], 'normal': [0.2963631837048946, -0.44144648858251007, -0.8469320285964338], 'radius': 2.493976567355059}, 'confidence': 0.9990445526465377, 'timestamp': 359910.383802, 'diameter_3d': 4.987953134710118, 'ellipse': {'center': [156.55674010974823, 107.93953809465727], 'axes': [34.61117634965323, 41.220104092140566], 'angle': -57.46518740444322}, 'location': [156.55674010974823, 107.93953809465727], 'diameter': 41.220104092140566, 'sphere': {'center': [-3.9521986248523238, 3.8070213497415617, 85.2083099070292], 'radius': 12.0}, 'projected_sphere': {'center': [131.2426739823612, 147.7009746985376], 'axes': [174.63085485717966, 174.63085485717966], 'angle': 90.0}, 'model_confidence': 0.8366952888186452, 'model_id': 1, 'model_birth_timestamp': 359909.669808, 'theta': 1.1135862234736882, 'phi': -1.2341878048863308, 'norm_pos': [0.48923981284296325, 0.5502519246055948], 'topic': 'pupil.1', 'id': 1, 'method': '3d c++'}"
1581494813.874947,"{'circle_3d': {'center': [-0.40038182645661546, -1.5104064678997098, 75.05402220011402], 'normal': [0.29598473319964236, -0.4431189848034393, -0.8461906422429321], 'radius': 2.476174478596803}, 'confidence': 0.9982515320411927, 'timestamp': 359910.392202, 'diameter_3d': 4.952348957193606, 'ellipse': {'center': [156.52246218833017, 107.77222425395541], 'axes': [34.3239994950016, 40.92105598416979], 'angle': -57.60836007162626}, 'location': [156.52246218833017, 107.77222425395541], 'diameter': 40.92105598416979, 'sphere': {'center': [-3.9521986248523238, 3.8070213497415617, 85.2083099070292], 'radius': 12.0}, 'projected_sphere': {'center': [131.2426739823612, 147.7009746985376], 'axes': [174.63085485717966, 174.63085485717966], 'angle': 90.0}, 'model_confidence': 0.8362932226201214, 'model_id': 1, 'model_birth_timestamp': 359909.669808, 'theta': 1.1117214202661838, 'phi': -1.2343131208005587, 'norm_pos': [0.4891326943385318, 0.5509490656085191], 'topic': 'pupil.1', 'id': 1, 'method': '3d c++'}"
1581494813.886699,"{'circle_3d': {'center': [-0.4060490008846602, -1.5006194240134594, 75.04692357143468], 'normal': [0.29551246866397196, -0.44230339781291844, -0.8467821946328774], 'radius': 2.4496911335654747}, 'confidence': 0.987162603359698, 'timestamp': 359910.400601, 'diameter_3d': 4.8993822671309495, 'ellipse': {'center': [156.4790566445749, 107.84639482189131], 'axes': [33.987572761615176, 40.48706762068234], 'angle': -57.60522459218298}, 'location': [156.4790566445749, 107.84639482189131], 'diameter': 40.48706762068234, 'sphere': {'center': [-3.9521986248523238, 3.8070213497415617, 85.2083099070292], 'radius': 12.0}, 'projected_sphere': {'center': [131.2426739823612, 147.7009746985376], 'axes': [174.63085485717966, 174.63085485717966], 'angle': 90.0}, 'model_confidence': 0.8378608793653486, 'model_id': 1, 'model_birth_timestamp': 359909.669808, 'theta': 1.1126309993277934, 'phi': -1.2350279363121284, 'norm_pos': [0.4889970520142966, 0.5506400215754529], 'topic': 'pupil.1', 'id': 1, 'method': '3d c++'}"
1581494813.8950531,"{'circle_3d': {'center': [-0.39621786892899324, -1.4903480660888464, 75.0449995144589], 'normal': [0.29633172966027754, -0.4414474513192007, -0.8469425327141921], 'radius': 2.50181160003714}, 'confidence': 0.9990742622187568, 'timestamp': 359910.409001, 'diameter_3d': 5.00362320007428, 'ellipse': {'center': [156.55254226269648, 107.94101466612594], 'axes': [34.72051919631431, 41.34971240375949], 'angle': -57.46844690810205}, 'location': [156.55254226269648, 107.94101466612594], 'diameter': 41.34971240375949, 'sphere': {'center': [-3.9521986248523238, 3.8070213497415617, 85.2083099070292], 'radius': 12.0}, 'projected_sphere': {'center': [131.2426739823612, 147.7009746985376], 'axes': [174.63085485717966, 174.63085485717966], 'angle': 90.0}, 'model_confidence': 0.8388134281261395, 'model_id': 1, 'model_birth_timestamp': 359909.669808, 'theta': 1.1135851505323389, 'phi': -1.2342247587598192, 'norm_pos': [0.4892266945709265, 0.5502457722244752], 'topic': 'pupil.1', 'id': 1, 'method': '3d c++'}"
1581494813.9039528,"{'circle_3d': {'center': [-0.38420000707245405, -1.517499676604504, 75.06341652644015], 'normal': [0.2973332181483225, -0.4437100855288388, -0.8454077817157544], 'radius': 2.4686490951450057}, 'confidence': 0.9982410103120101, 'timestamp': 359910.417401, 'diameter_3d': 4.9372981902900115, 'ellipse': {'center': [156.65703489458573, 107.71369023840302], 'axes': [34.17903041781934, 40.79150821603537], 'angle': -57.50892001147528}, 'location': [156.65703489458573, 107.71369023840302], 'diameter': 40.79150821603537, 'sphere': {'center': [-3.9521986248523238, 3.8070213497415617, 85.2083099070292], 'radius': 12.0}, 'projected_sphere': {'center': [131.2426739823612, 147.7009746985376], 'axes': [174.63085485717966, 174.63085485717966], 'angle': 90.0}, 'model_confidence': 0.8383811370330174, 'model_id': 1, 'model_birth_timestamp': 359909.669808, 'theta': 1.111061942681765, 'phi': -1.232604359151877, 'norm_pos': [0.48955323404558043, 0.5511929573399874], 'topic': 'pupil.1', 'id': 1, 'method': '3d c++'}"
1581494813.9111848,"{'circle_3d': {'center': [-0.3699592157573468, -1.5001013065296567, 75.05931932041324], 'normal': [0.29851995075791476, -0.44226022135593485, -0.8457492155513309], 'radius': 2.506994306150513}, 'confidence': 0.9961213455303158, 'timestamp': 359910.425801, 'diameter_3d': 5.013988612301026, 'ellipse': {'center': [156.7684370237642, 107.86381556588282], 'axes': [34.72975206894655, 41.42742197224605], 'angle': -57.298323655447746}, 'location': [156.7684370237642, 107.86381556588282], 'diameter': 41.42742197224605, 'sphere': {'center': [-3.9521986248523238, 3.8070213497415617, 85.2083099070292], 'radius': 12.0}, 'projected_sphere': {'center': [131.2426739823612, 147.7009746985376], 'axes': [174.63085485717966, 174.63085485717966], 'angle': 90.0}, 'model_confidence': 0.8345469383427395, 'model_id': 1, 'model_birth_timestamp': 359909.669808, 'theta': 1.112679140264231, 'phi': -1.2314824449383426, 'norm_pos': [0.4899013656992631, 0.550567435142155], 'topic': 'pupil.1', 'id': 1, 'method': '3d c++'}"
1581494813.918689,"{'circle_3d': {'center': [-0.37158178137868614, -1.5080937840215416, 75.06292996662899], 'normal': [0.2983847369561365, -0.4429262611469253, -0.8454483283666855], 'radius': 2.479751648748073}, 'confidence': 0.9976751753317645, 'timestamp': 359910.434201, 'diameter_3d': 4.959503297496146, 'ellipse': {'center': [156.75912874792462, 107.79312538339934], 'axes': [34.33589975921985, 40.97518064339829], 'angle': -57.35379376873452}, 'location': [156.75912874792462, 107.79312538339934], 'diameter': 40.97518064339829, 'sphere': {'center': [-3.9521986248523238, 3.8070213497415617, 85.2083099070292], 'radius': 12.0}, 'projected_sphere': {'center': [131.2426739823612, 147.7009746985376], 'axes': [174.63085485717966, 174.63085485717966], 'angle': 90.0}, 'model_confidence': 0.8332921111278813, 'model_id': 1, 'model_birth_timestamp': 359909.669808, 'theta': 1.1119363911691162, 'phi': -1.2315129583096058, 'norm_pos': [0.48987227733726446, 0.5508619775691694], 'topic': 'pupil.1', 'id': 1, 'method': '3d c++'}"
1581494813.926919,"{'circle_3d': {'center': [-0.3583160589278518, -1.4914710829088138, 75.05892637680971], 'normal': [0.29949021382703933, -0.4415410360541979, -0.845781960851625], 'radius': 2.4458908040085645}, 'confidence': 0.9989574805724198, 'timestamp': 359910.442601, 'diameter_3d': 4.891781608017129, 'ellipse': {'center': [156.87253674652837, 107.92239614395471], 'axes': [33.88528328049292, 40.41750921945117], 'angle': -57.15513509806501}, 'location': [156.87253674652837, 107.92239614395471], 'diameter': 40.41750921945117, 'sphere': {'center': [-3.9521986248523238, 3.8070213497415617, 85.2083099070292], 'radius': 12.0}, 'projected_sphere': {'center': [131.2426739823612, 147.7009746985376], 'axes': [174.63085485717966, 174.63085485717966], 'angle': 90.0}, 'model_confidence': 0.8340773468635376, 'model_id': 1, 'model_birth_timestamp': 359909.669808, 'theta': 1.1134808504305616, 'phi': -1.2304748639518457, 'norm_pos': [0.49022667733290115, 0.5503233494001887], 'topic': 'pupil.1', 'id': 1, 'method': '3d c++'}"
1581494813.93473,"{'circle_3d': {'center': [-0.35828709128652125, -1.460056246099839, 75.04259825027401], 'normal': [0.2994926277971502, -0.43892313298678337, -0.8471426380629322], 'radius': 2.495386709591545}, 'confidence': 0.9957909235964485, 'timestamp': 359910.451001, 'diameter_3d': 4.99077341918309, 'ellipse': {'center': [156.864924590535, 108.1882811977997], 'axes': [34.64472822848127, 41.24447816528541], 'angle': -56.98861323886586}, 'location': [156.864924590535, 108.1882811977997], 'diameter': 41.24447816528541, 'sphere': {'center': [-3.9521986248523238, 3.8070213497415617, 85.2083099070292], 'radius': 12.0}, 'projected_sphere': {'center': [131.2426739823612, 147.7009746985376], 'axes': [174.63085485717966, 174.63085485717966], 'angle': 90.0}, 'model_confidence': 0.8299539280462009, 'model_id': 1, 'model_birth_timestamp': 359909.669808, 'theta': 1.1163964883166728, 'phi': -1.23097780523991, 'norm_pos': [0.4902028893454219, 0.5492154950091679], 'topic': 'pupil.1', 'id': 1, 'method': '3d c++'}"
1581494813.9427369,"{'circle_3d': {'center': [-0.3610043503628999, -1.487703214227909, 75.05600891294058], 'normal': [0.2992661895407853, -0.4412270469974559, -0.8460250828407179], 'radius': 2.50089683972677}, 'confidence': 0.9713052282917796, 'timestamp': 359910.459401, 'diameter_3d': 5.00179367945354, 'ellipse': {'center': [156.84264567794077, 107.96398784598566], 'axes': [34.660748995563324, 41.328348709506784], 'angle': -57.157897001976345}, 'location': [156.84264567794077, 107.96398784598566], 'diameter': 41.328348709506784, 'sphere': {'center': [-3.9521986248523238, 3.8070213497415617, 85.2083099070292], 'radius': 12.0}, 'projected_sphere': {'center': [131.2426739823612, 147.7009746985376], 'axes': [174.63085485717966, 174.63085485717966], 'angle': 90.0}, 'model_confidence': 0.8291543240066979, 'model_id': 1, 'model_birth_timestamp': 359909.669808, 'theta': 1.1138307698072356, 'phi': -1.2308006151273587, 'norm_pos': [0.4901332677435649, 0.5501500506417265], 'topic': 'pupil.1', 'id': 1, 'method': '3d c++'}"
1581494813.952172,"{'circle_3d': {'center': [-0.37197863749628546, -1.4869598367301151, 75.05174611608986], 'normal': [0.2983516656130032, -0.4411650988726397, -0.8463803159116123], 'radius': 2.452835306538444}, 'confidence': 0.9928040286450601, 'timestamp': 359910.467801, 'diameter_3d': 4.905670613076888, 'ellipse': {'center': [156.7588899411586, 107.95989738382514], 'axes': [34.01230026474395, 40.53621656585943], 'angle': -57.246173179314574}, 'location': [156.7588899411586, 107.95989738382514], 'diameter': 40.53621656585943, 'sphere': {'center': [-3.9521986248523238, 3.8070213497415617, 85.2083099070292], 'radius': 12.0}, 'projected_sphere': {'center': [131.2426739823612, 147.7009746985376], 'axes': [174.63085485717966, 174.63085485717966], 'angle': 90.0}, 'model_confidence': 0.8289104042852324, 'model_id': 1, 'model_birth_timestamp': 359909.669808, 'theta': 1.113899799653326, 'phi': -1.231893337483224, 'norm_pos': [0.48987153106612064, 0.550167094234062], 'topic': 'pupil.1', 'id': 1, 'method': '3d c++'}"
1581494813.9592588,"{'circle_3d': {'center': [-0.3601381478248502, -1.4797398228070113, 75.05216606038101], 'normal': [0.2993383730856228, -0.4405634310457144, -0.8463453205540162], 'radius': 2.470262205178607}, 'confidence': 0.9967327802476511, 'timestamp': 359910.476201, 'diameter_3d': 4.940524410357214, 'ellipse': {'center': [156.85379882205933, 108.02274755449332], 'axes': [34.2530475777909, 40.8239878101004], 'angle': -57.10854196386214}, 'location': [156.85379882205933, 108.02274755449332], 'diameter': 40.8239878101004, 'sphere': {'center': [-3.9521986248523238, 3.8070213497415617, 85.2083099070292], 'radius': 12.0}, 'projected_sphere': {'center': [131.2426739823612, 147.7009746985376], 'axes': [174.63085485717966, 174.63085485717966], 'angle': 90.0}, 'model_confidence': 0.826395381860523, 'model_id': 1, 'model_birth_timestamp': 359909.669808, 'theta': 1.1145701265459584, 'phi': -1.230843771465848, 'norm_pos': [0.4901681213189354, 0.5499052185229445], 'topic': 'pupil.1', 'id': 1, 'method': '3d c++'}"
1581494813.9711208,"{'circle_3d': {'center': [-0.3360480916870232, -1.4590017448176775, 75.04994113595887], 'normal': [0.301345877763775, -0.4388352578799366, -0.846530730922528], 'radius': 2.4465949984766584}, 'confidence': 0.9987287928256452, 'timestamp': 359910.484601, 'diameter_3d': 4.893189996953317, 'ellipse': {'center': [157.05488132523362, 108.18815820730083], 'axes': [33.936087070063564, 40.43373069901259], 'angle': -56.79623489653268}, 'location': [157.05488132523362, 108.18815820730083], 'diameter': 40.43373069901259, 'sphere': {'center': [-3.9521986248523238, 3.8070213497415617, 85.2083099070292], 'radius': 12.0}, 'projected_sphere': {'center': [131.2426739823612, 147.7009746985376], 'axes': [174.63085485717966, 174.63085485717966], 'angle': 90.0}, 'model_confidence': 0.826889507600892, 'model_id': 1, 'model_birth_timestamp': 359909.669808, 'theta': 1.1164942853125008, 'phi': -1.2288063133064515, 'norm_pos': [0.49079650414135506, 0.5492160074695799], 'topic': 'pupil.1', 'id': 1, 'method': '3d c++'}"
1581494813.9792361,"{'circle_3d': {'center': [-0.339464012618234, -1.4446617977888971, 75.04130578882848], 'normal': [0.30106121768617417, -0.43764026229420494, -0.8472503431833933], 'radius': 2.4904919970144226}, 'confidence': 0.9953291073214521, 'timestamp': 359910.493001, 'diameter_3d': 4.980983994028845, 'ellipse': {'center': [157.0201908813919, 108.31361952687516], 'axes': [34.583802591136205, 41.16409915657423], 'angle': -56.74821211760343}, 'location': [157.0201908813919, 108.31361952687516], 'diameter': 41.16409915657423, 'sphere': {'center': [-3.9521986248523238, 3.8070213497415617, 85.2083099070292], 'radius': 12.0}, 'projected_sphere': {'center': [131.2426739823612, 147.7009746985376], 'axes': [174.63085485717966, 174.63085485717966], 'angle': 90.0}, 'model_confidence': 0.822424933076249, 'model_id': 1, 'model_birth_timestamp': 359909.669808, 'theta': 1.117823743676264, 'phi': -1.2293729663638233, 'norm_pos': [0.4906880965043497, 0.5486932519713534], 'topic': 'pupil.1', 'id': 1, 'method': '3d c++'}"
1581494813.986557,"{'circle_3d': {'center': [-0.32958496271537463, -1.4334098841565863, 75.03901540162306], 'normal': [0.30188447184474576, -0.4367026028248457, -0.8474412087838449], 'radius': 2.4542092591101765}, 'confidence': 0.9970398777688978, 'timestamp': 359910.501401, 'diameter_3d': 4.908418518220353, 'ellipse': {'center': [157.10631069209137, 108.39857639357399], 'axes': [34.0904285994904, 40.5653574791697], 'angle': -56.60482799099583}, 'location': [157.10631069209137, 108.39857639357399], 'diameter': 40.5653574791697, 'sphere': {'center': [-3.9521986248523238, 3.8070213497415617, 85.2083099070292], 'radius': 12.0}, 'projected_sphere': {'center': [131.2426739823612, 147.7009746985376], 'axes': [174.63085485717966, 174.63085485717966], 'angle': 90.0}, 'model_confidence': 0.820532134469687, 'model_id': 1, 'model_birth_timestamp': 359909.669808, 'theta': 1.1188663079129888, 'phi': -1.2285816999704302, 'norm_pos': [0.49095722091278554, 0.5483392650267751], 'topic': 'pupil.1', 'id': 1, 'method': '3d c++'}"
1581494813.9947011,"{'circle_3d': {'center': [-0.31586651371738617, -1.4493078826857895, 75.05212500432786], 'normal': [0.30302767592791147, -0.4380274360356126, -0.8463487418917783], 'radius': 2.4446374862417426}, 'confidence': 0.9964655486695033, 'timestamp': 359910.509801, 'diameter_3d': 4.889274972483485, 'ellipse': {'center': [157.22110954689404, 108.26770716037657], 'axes': [33.90064877485473, 40.400060662282584], 'angle': -56.57551701150121}, 'location': [157.22110954689404, 108.26770716037657], 'diameter': 40.400060662282584, 'sphere': {'center': [-3.9521986248523238, 3.8070213497415617, 85.2083099070292], 'radius': 12.0}, 'projected_sphere': {'center': [131.2426739823612, 147.7009746985376], 'axes': [174.63085485717966, 174.63085485717966], 'angle': 90.0}, 'model_confidence': 0.8178800361183791, 'model_id': 1, 'model_birth_timestamp': 359909.669808, 'theta': 1.1173930988806238, 'phi': -1.2269759380995617, 'norm_pos': [0.49131596733404387, 0.548884553498431], 'topic': 'pupil.1', 'id': 1, 'method': '3d c++'}"
1581494814.002996,"{'circle_3d': {'center': [-0.3629754185228631, -1.4737362175513251, 75.04804040811212], 'normal': [0.29910193386078837, -0.44006313060774055, -0.8466891249097577], 'radius': 2.4518643039563974}, 'confidence': 0.9991315032748832, 'timestamp': 359910.5182, 'diameter_3d': 4.903728607912795, 'ellipse': {'center': [156.83277650758637, 108.06787936980959], 'axes': [34.015790700421555, 40.522058631615934], 'angle': -57.100608936239084}, 'location': [156.83277650758637, 108.06787936980959], 'diameter': 40.522058631615934, 'sphere': {'center': [-3.9521986248523238, 3.8070213497415617, 85.2083099070292], 'radius': 12.0}, 'projected_sphere': {'center': [131.2426739823612, 147.7009746985376], 'axes': [174.63085485717966, 174.63085485717966], 'angle': 90.0}, 'model_confidence': 0.8190210423475897, 'model_id': 1, 'model_birth_timestamp': 359909.669808, 'theta': 1.1151273506688804, 'phi': -1.231219672728306, 'norm_pos': [0.4901024265862074, 0.5497171692924601], 'topic': 'pupil.1', 'id': 1, 'method': '3d c++'}"
1581494814.011154,"{'circle_3d': {'center': [-0.3459105924466268, -1.481802269199286, 75.0582837319368], 'normal': [0.30052400270047475, -0.440735301578404, -0.8458355145910333], 'radius': 2.4573829337491424}, 'confidence': 0.9982168501625578, 'timestamp': 359910.5266, 'diameter_3d': 4.914765867498285, 'ellipse': {'center': [156.9728401778483, 108.00403194008422], 'axes': [34.048276460167024, 40.60771460509502], 'angle': -57.00008809725249}, 'location': [156.9728401778483, 108.00403194008422], 'diameter': 40.60771460509502, 'sphere': {'center': [-3.9521986248523238, 3.8070213497415617, 85.2083099070292], 'radius': 12.0}, 'projected_sphere': {'center': [131.2426739823612, 147.7009746985376], 'axes': [174.63085485717966, 174.63085485717966], 'angle': 90.0}, 'model_confidence': 0.8188742291431517, 'model_id': 1, 'model_birth_timestamp': 359909.669808, 'theta': 1.114378665595437, 'phi': -1.2294091516944095, 'norm_pos': [0.4905401255557759, 0.5499832002496491], 'topic': 'pupil.1', 'id': 1, 'method': '3d c++'}"
1581494814.018642,"{'circle_3d': {'center': [-0.3226223778358346, -1.5164862251620583, 75.08475107789025], 'normal': [0.3024646872513741, -0.44362563124196835, -0.8436299024282471], 'radius': 2.4032524426173048}, 'confidence': 0.9998462892419024, 'timestamp': 359910.535, 'diameter_3d': 4.8065048852346095, 'ellipse': {'center': [157.17308969940544, 107.71194935695422], 'axes': [33.18499628492713, 39.69902240789513], 'angle': -56.98866772463286}, 'location': [157.17308969940544, 107.71194935695422], 'diameter': 39.69902240789513, 'sphere': {'center': [-3.9521986248523238, 3.8070213497415617, 85.2083099070292], 'radius': 12.0}, 'projected_sphere': {'center': [131.2426739823612, 147.7009746985376], 'axes': [174.63085485717966, 174.63085485717966], 'angle': 90.0}, 'model_confidence': 0.8209586621673703, 'model_id': 1, 'model_birth_timestamp': 359909.669808, 'theta': 1.1111561795792897, 'phi': -1.2265447404424068, 'norm_pos': [0.49116590531064197, 0.5512002110126908], 'topic': 'pupil.1', 'id': 1, 'method': '3d c++'}"
1581494814.026835,"{'circle_3d': {'center': [-0.33458903714663046, -1.4722469044584274, 75.05733815201303], 'normal': [0.3014674656421411, -0.43993902118333245, -0.8459143129180141], 'radius': 2.419461447570238}, 'confidence': 0.9995813979496003, 'timestamp': 359910.5434, 'diameter_3d': 4.838922895140476, 'ellipse': {'center': [157.0710218543036, 108.07495026330986], 'axes': [33.52740806749831, 39.98129144419808], 'angle': -56.8545736867}, 'location': [157.0710218543036, 108.07495026330986], 'diameter': 39.98129144419808, 'sphere': {'center': [-3.9521986248523238, 3.8070213497415617, 85.2083099070292], 'radius': 12.0}, 'projected_sphere': {'center': [131.2426739823612, 147.7009746985376], 'axes': [174.63085485717966, 174.63085485717966], 'angle': 90.0}, 'model_confidence': 0.8226265517047526, 'model_id': 1, 'model_birth_timestamp': 359909.669808, 'theta': 1.115265557578955, 'phi': -1.2284485624872084, 'norm_pos': [0.4908469432946988, 0.549687707236209], 'topic': 'pupil.1', 'id': 1, 'method': '3d c++'}"
1581494814.035125,"{'circle_3d': {'center': [-0.31521535225639674, -1.4301830845525378, 75.04248272040698], 'normal': [0.30308193938299394, -0.43643370285784167, -0.8471522655518525], 'radius': 2.4332608850344735}, 'confidence': 0.9996290989465972, 'timestamp': 359910.5518, 'diameter_3d': 4.866521770068947, 'ellipse': {'center': [157.22750248643243, 108.42141889917062], 'axes': [33.785029038488425, 40.217066433974], 'angle': -56.467050469356835}, 'location': [157.22750248643243, 108.42141889917062], 'diameter': 40.217066433974, 'sphere': {'center': [-3.9521986248523238, 3.8070213497415617, 85.2083099070292], 'radius': 12.0}, 'projected_sphere': {'center': [131.2426739823612, 147.7009746985376], 'axes': [174.63085485717966, 174.63085485717966], 'angle': 90.0}, 'model_confidence': 0.8243121848367063, 'model_id': 1, 'model_birth_timestamp': 359909.669808, 'theta': 1.1191651948530896, 'phi': -1.2272201976722172, 'norm_pos': [0.4913359452701013, 0.5482440879201225], 'topic': 'pupil.1', 'id': 1, 'method': '3d c++'}"
1581494814.042665,"{'circle_3d': {'center': [-0.3209792443478472, -1.4273311435226672, 75.03895398903188], 'normal': [0.3026016150420397, -0.43619604110535243, -0.8474463264997771], 'radius': 2.45080972202171}, 'confidence': 0.9988489546429533, 'timestamp': 359910.5602, 'diameter_3d': 4.90161944404342, 'ellipse': {'center': [157.17750245658974, 108.4478546298836], 'axes': [34.044013954994185, 40.509116824342534], 'angle': -56.499906339896874}, 'location': [157.17750245658974, 108.4478546298836], 'diameter': 40.509116824342534, 'sphere': {'center': [-3.9521986248523238, 3.8070213497415617, 85.2083099070292], 'radius': 12.0}, 'projected_sphere': {'center': [131.2426739823612, 147.7009746985376], 'axes': [174.63085485717966, 174.63085485717966], 'angle': 90.0}, 'model_confidence': 0.8249319273656242, 'model_id': 1, 'model_birth_timestamp': 359909.669808, 'theta': 1.1194293239097963, 'phi': -1.2278328637897606, 'norm_pos': [0.4911796951768429, 0.5481339390421517], 'topic': 'pupil.1', 'id': 1, 'method': '3d c++'}"
1581494814.054534,"{'circle_3d': {'center': [-0.3212689740895902, -1.4146046705570603, 75.03231012443524], 'normal': [0.30257747089689446, -0.43513550169155185, -0.8479999818828303], 'radius': 2.4349882884855014}, 'confidence': 0.9991232138037139, 'timestamp': 359910.5686, 'diameter_3d': 4.869976576971003, 'ellipse': {'center': [157.17694392347127, 108.5485228276541], 'axes': [33.8531916381577, 40.25103184696768], 'angle': -56.433424670543324}, 'location': [157.17694392347127, 108.5485228276541], 'diameter': 40.25103184696768, 'sphere': {'center': [-3.9521986248523238, 3.8070213497415617, 85.2083099070292], 'radius': 12.0}, 'projected_sphere': {'center': [131.2426739823612, 147.7009746985376], 'axes': [174.63085485717966, 174.63085485717966], 'angle': 90.0}, 'model_confidence': 0.8258904981559012, 'model_id': 1, 'model_birth_timestamp': 359909.669808, 'theta': 1.120607559092159, 'phi': -1.2280649041008245, 'norm_pos': [0.4911779497608477, 0.547714488218108], 'topic': 'pupil.1', 'id': 1, 'method': '3d c++'}"
1581494814.064071,"{'circle_3d': {'center': [-0.34142026178642393, -1.4263460215764736, 75.03117152879935], 'normal': [0.3008981969221583, -0.43611394760983624, -0.8480948648524875], 'radius': 2.405707065419066}, 'confidence': 0.9991201430073856, 'timestamp': 359910.577, 'diameter_3d': 4.811414130838132, 'ellipse': {'center': [157.01525228667282, 108.4461796680153], 'axes': [33.44949406911082, 39.767608622930524], 'angle': -56.66611732572351}, 'location': [157.01525228667282, 108.4461796680153], 'diameter': 39.767608622930524, 'sphere': {'center': [-3.9521986248523238, 3.8070213497415617, 85.2083099070292], 'radius': 12.0}, 'projected_sphere': {'center': [131.2426739823612, 147.7009746985376], 'axes': [174.63085485717966, 174.63085485717966], 'angle': 90.0}, 'model_confidence': 0.8268222212609477, 'model_id': 1, 'model_birth_timestamp': 359909.669808, 'theta': 1.1195205519243223, 'phi': -1.2298578927419352, 'norm_pos': [0.4906726633958526, 0.5481409180499363], 'topic': 'pupil.1', 'id': 1, 'method': '3d c++'}"
1581494814.0712051,"{'circle_3d': {'center': [-0.2863272524068865, -1.4476276234562695, 75.06187943867454], 'normal': [0.30548928103711975, -0.4378874144331526, -0.8455358723628892], 'radius': 2.4722951301614815}, 'confidence': 0.9990208221232365, 'timestamp': 359910.5854, 'diameter_3d': 4.944590260322963, 'ellipse': {'center': [157.4604613155285, 108.2882163480253], 'axes': [34.243004890614735, 40.85182951482581], 'angle': -56.320509478782654}, 'location': [157.4604613155285, 108.2882163480253], 'diameter': 40.85182951482581, 'sphere': {'center': [-3.9521986248523238, 3.8070213497415617, 85.2083099070292], 'radius': 12.0}, 'projected_sphere': {'center': [131.2426739823612, 147.7009746985376], 'axes': [174.63085485717966, 174.63085485717966], 'angle': 90.0}, 'model_confidence': 0.8276148169819142, 'model_id': 1, 'model_birth_timestamp': 359909.669808, 'theta': 1.1175488522402128, 'phi': -1.2240933336324893, 'norm_pos': [0.49206394161102657, 0.5487990985498945], 'topic': 'pupil.1', 'id': 1, 'method': '3d c++'}"
1581494814.078922,"{'circle_3d': {'center': [-0.29518453446546555, -1.4204550285905286, 75.04466200597065], 'normal': [0.30475117419890485, -0.4356230315276742, -0.8469706584215463], 'radius': 2.4181890725098345}, 'confidence': 0.9998116954100442, 'timestamp': 359910.5938, 'diameter_3d': 4.836378145019669, 'ellipse': {'center': [157.39432779748367, 108.49871110937076], 'axes': [33.56744095388363, 39.96659600939396], 'angle': -56.247045258056524}, 'location': [157.39432779748367, 108.49871110937076], 'diameter': 39.96659600939396, 'sphere': {'center': [-3.9521986248523238, 3.8070213497415617, 85.2083099070292], 'radius': 12.0}, 'projected_sphere': {'center': [131.2426739823612, 147.7009746985376], 'axes': [174.63085485717966, 174.63085485717966], 'angle': 90.0}, 'model_confidence': 0.829374308449149, 'model_id': 1, 'model_birth_timestamp': 359909.669808, 'theta': 1.1200660079666132, 'phi': -1.2254061752516898, 'norm_pos': [0.49185727436713644, 0.5479220370442885], 'topic': 'pupil.1', 'id': 1, 'method': '3d c++'}"
1581494814.0865102,"{'circle_3d': {'center': [-0.2505698446945326, -1.4170117564513038, 75.05905266921576], 'normal': [0.30846906501314925, -0.4353360921827388, -0.8457714364844532], 'radius': 2.4499881231497715}, 'confidence': 0.946826095071068, 'timestamp': 359910.6022, 'diameter_3d': 4.899976246299543, 'ellipse': {'center': [157.75723521573596, 108.53499028757312], 'axes': [33.9485660963113, 40.4843543969114], 'angle': -55.85790226999198}, 'location': [157.75723521573596, 108.53499028757312], 'diameter': 40.4843543969114, 'sphere': {'center': [-3.9521986248523238, 3.8070213497415617, 85.2083099070292], 'radius': 12.0}, 'projected_sphere': {'center': [131.2426739823612, 147.7009746985376], 'axes': [174.63085485717966, 174.63085485717966], 'angle': 90.0}, 'model_confidence': 0.8289005730133692, 'model_id': 1, 'model_birth_timestamp': 359909.669808, 'theta': 1.1203847591192801, 'phi': -1.2210692996750223, 'norm_pos': [0.4929913600491749, 0.5477708738017786], 'topic': 'pupil.1', 'id': 1, 'method': '3d c++'}"
1581494814.0952551,"{'circle_3d': {'center': [-0.23889362293045657, -1.3704641078759634, 75.03948449310548], 'normal': [0.30944208349348895, -0.4314571214681271, -0.8474021178269774], 'radius': 2.5054467579078845}, 'confidence': 0.9955672653202944, 'timestamp': 359910.6106, 'diameter_3d': 5.010893515815769, 'ellipse': {'center': [157.8442688626602, 108.9260135598581], 'axes': [34.80635654273603, 41.41158014749497], 'angle': -55.50471259088572}, 'location': [157.8442688626602, 108.9260135598581], 'diameter': 41.41158014749497, 'sphere': {'center': [-3.9521986248523238, 3.8070213497415617, 85.2083099070292], 'radius': 12.0}, 'projected_sphere': {'center': [131.2426739823612, 147.7009746985376], 'axes': [174.63085485717966, 174.63085485717966], 'angle': 90.0}, 'model_confidence': 0.8253839379316119, 'model_id': 1, 'model_birth_timestamp': 359909.669808, 'theta': 1.1246889774932065, 'phi': -1.2206753677446196, 'norm_pos': [0.4932633401958131, 0.5461416101672578], 'topic': 'pupil.1', 'id': 1, 'method': '3d c++'}"
1581494814.102576,"{'circle_3d': {'center': [-0.2529187944170648, -1.3709600232557202, 75.03462632451946], 'normal': [0.30827331920293827, -0.43149844774977353, -0.8478069652091444], 'radius': 2.4833994029296256}, 'confidence': 0.9963233498167867, 'timestamp': 359910.619, 'diameter_3d': 4.966798805859251, 'ellipse': {'center': [157.7319724654691, 108.9169955350961], 'axes': [34.52069348858565, 41.04976793919711], 'angle': -55.62371983783903}, 'location': [157.7319724654691, 108.9169955350961], 'diameter': 41.04976793919711, 'sphere': {'center': [-3.9521986248523238, 3.8070213497415617, 85.2083099070292], 'radius': 12.0}, 'projected_sphere': {'center': [131.2426739823612, 147.7009746985376], 'axes': [174.63085485717966, 174.63085485717966], 'angle': 90.0}, 'model_confidence': 0.8228669482272633, 'model_id': 1, 'model_birth_timestamp': 359909.669808, 'theta': 1.1246431674917983, 'phi': -1.2220462863926678, 'norm_pos': [0.49291241395459096, 0.546179185270433], 'topic': 'pupil.1', 'id': 1, 'method': '3d c++'}"
1581494814.110531,"{'circle_3d': {'center': [-0.22391922936074504, -1.2774336068497165, 74.99810665030863], 'normal': [0.31068994962429825, -0.42370457971593983, -0.8508502713933809], 'radius': 2.468319071998666}, 'confidence': 0.9970466661370245, 'timestamp': 359910.627399, 'diameter_3d': 4.936638143997332, 'ellipse': {'center': [157.9707499272522, 109.67863780082251], 'axes': [34.474739720656444, 40.81973736129165], 'angle': -54.85558731825529}, 'location': [157.9707499272522, 109.67863780082251], 'diameter': 40.81973736129165, 'sphere': {'center': [-3.9521986248523238, 3.8070213497415617, 85.2083099070292], 'radius': 12.0}, 'projected_sphere': {'center': [131.2426739823612, 147.7009746985376], 'axes': [174.63085485717966, 174.63085485717966], 'angle': 90.0}, 'model_confidence': 0.8212671191821674, 'model_id': 1, 'model_birth_timestamp': 359909.669808, 'theta': 1.133265059085397, 'phi': -1.2206870661944, 'norm_pos': [0.4936585935226631, 0.5430056758299062], 'topic': 'pupil.1', 'id': 1, 'method': '3d c++'}"
1581494814.119342,"{'circle_3d': {'center': [-0.1789089014500327, -1.2564961947843907, 75.00423842847005], 'normal': [0.3144408102835243, -0.42195979537716266, -0.85033928987993], 'radius': 2.44022396244126}, 'confidence': 0.9979487017775021, 'timestamp': 359910.635799, 'diameter_3d': 4.88044792488252, 'ellipse': {'center': [158.34514512813743, 109.8460493139915], 'axes': [34.05776578013128, 40.351433091311314], 'angle': -54.36215360670394}, 'location': [158.34514512813743, 109.8460493139915], 'diameter': 40.351433091311314, 'sphere': {'center': [-3.9521986248523238, 3.8070213497415617, 85.2083099070292], 'radius': 12.0}, 'projected_sphere': {'center': [131.2426739823612, 147.7009746985376], 'axes': [174.63085485717966, 174.63085485717966], 'angle': 90.0}, 'model_confidence': 0.8207795707069199, 'model_id': 1, 'model_birth_timestamp': 359909.669808, 'theta': 1.1351904280760334, 'phi': -1.216607501428594, 'norm_pos': [0.4948285785254295, 0.5423081278583688], 'topic': 'pupil.1', 'id': 1, 'method': '3d c++'}"
1581494814.127027,"{'circle_3d': {'center': [-0.16118566803871692, -1.1806576390731944, 74.9735026755369], 'normal': [0.3159177464011339, -0.415639915734563, -0.8529006026243586], 'radius': 2.4461299207847627}, 'confidence': 0.9915949435778177, 'timestamp': 359910.644199, 'diameter_3d': 4.892259841569525, 'ellipse': {'center': [158.48879138455987, 110.46764664791044], 'axes': [34.276305754792, 40.46531291237698], 'angle': -53.770976858968595}, 'location': [158.48879138455987, 110.46764664791044], 'diameter': 40.46531291237698, 'sphere': {'center': [-3.9521986248523238, 3.8070213497415617, 85.2083099070292], 'radius': 12.0}, 'projected_sphere': {'center': [131.2426739823612, 147.7009746985376], 'axes': [174.63085485717966, 174.63085485717966], 'angle': 90.0}, 'model_confidence': 0.8198085798621801, 'model_id': 1, 'model_birth_timestamp': 359909.669808, 'theta': 1.1421500687688468, 'phi': -1.2160611520432683, 'norm_pos': [0.49527747307674963, 0.5397181389670398], 'topic': 'pupil.1', 'id': 1, 'method': '3d c++'}"
1581494814.138299,"{'circle_3d': {'center': [-0.1542509100685936, -1.1470139433262405, 74.95974281348839], 'normal': [0.3164956428986442, -0.41283627442231685, -0.854047257795068], 'radius': 2.4155661076243433}, 'confidence': 0.9975990821078023, 'timestamp': 359910.652599, 'diameter_3d': 4.831132215248687, 'ellipse': {'center': [158.5497372424258, 110.737326698308], 'axes': [33.9078777850049, 39.966735569731256], 'angle': -53.51271572173967}, 'location': [158.5497372424258, 110.737326698308], 'diameter': 39.966735569731256, 'sphere': {'center': [-3.9521986248523238, 3.8070213497415617, 85.2083099070292], 'radius': 12.0}, 'projected_sphere': {'center': [131.2426739823612, 147.7009746985376], 'axes': [174.63085485717966, 174.63085485717966], 'angle': 90.0}, 'model_confidence': 0.81892302648231, 'model_id': 1, 'model_birth_timestamp': 359909.669808, 'theta': 1.1452304246991558, 'phi': -1.2159034517536524, 'norm_pos': [0.4954679288825806, 0.5385944720903834], 'topic': 'pupil.1', 'id': 1, 'method': '3d c++'}"
1581494814.146827,"{'circle_3d': {'center': [-0.11552630494066563, -1.1683159029744656, 74.98451585925223], 'normal': [0.31972269332597153, -0.4146114377263356, -0.8519828373147478], 'radius': 2.454140076612072}, 'confidence': 0.9922209084001398, 'timestamp': 359910.660999, 'diameter_3d': 4.908280153224144, 'ellipse': {'center': [158.863546245222, 110.57175436472889], 'axes': [34.34243904813004, 40.59171110482667], 'angle': -53.321742019958165}, 'location': [158.863546245222, 110.57175436472889], 'diameter': 40.59171110482667, 'sphere': {'center': [-3.9521986248523238, 3.8070213497415617, 85.2083099070292], 'radius': 12.0}, 'projected_sphere': {'center': [131.2426739823612, 147.7009746985376], 'axes': [174.63085485717966, 174.63085485717966], 'angle': 90.0}, 'model_confidence': 0.8118367218515554, 'model_id': 1, 'model_birth_timestamp': 359909.669808, 'theta': 1.1432805575683527, 'phi': -1.2117898973766388, 'norm_pos': [0.4964485820163188, 0.5392843568136296], 'topic': 'pupil.1', 'id': 1, 'method': '3d c++'}"
1581494814.154593,"{'circle_3d': {'center': [-0.13992125428251834, -1.2153174474364015, 74.99838070765655], 'normal': [0.3176897808808171, -0.4185282330981636, -0.8508274332810547], 'radius': 2.4396922890729877}, 'confidence': 0.9964505936713246, 'timestamp': 359910.669399, 'diameter_3d': 4.8793845781459755, 'ellipse': {'center': [158.66556440160926, 110.18391864611263], 'axes': [34.07812948719544, 40.34548632651351], 'angle': -53.80083182069846}, 'location': [158.66556440160926, 110.18391864611263], 'diameter': 40.34548632651351, 'sphere': {'center': [-3.9521986248523238, 3.8070213497415617, 85.2083099070292], 'radius': 12.0}, 'projected_sphere': {'center': [131.2426739823612, 147.7009746985376], 'axes': [174.63085485717966, 174.63085485717966], 'angle': 90.0}, 'model_confidence': 0.8097493558855584, 'model_id': 1, 'model_birth_timestamp': 359909.669808, 'theta': 1.1389721379383266, 'phi': -1.213438605647717, 'norm_pos': [0.4958298887550289, 0.5409003389745307], 'topic': 'pupil.1', 'id': 1, 'method': '3d c++'}"
1581494814.1626759,"{'circle_3d': {'center': [-0.08825384169325279, -1.230733278541595, 75.02543413355983], 'normal': [0.32199539859658927, -0.4198128856902631, -0.8485729811224476], 'radius': 2.3864880243521056}, 'confidence': 0.999805650044399, 'timestamp': 359910.677799, 'diameter_3d': 4.772976048704211, 'ellipse': {'center': [159.09901867443324, 110.05004889812955], 'axes': [33.22126582755751, 39.451076261410485], 'angle': -53.47022131901258}, 'location': [159.09901867443324, 110.05004889812955], 'diameter': 39.451076261410485, 'sphere': {'center': [-3.9521986248523238, 3.8070213497415617, 85.2083099070292], 'radius': 12.0}, 'projected_sphere': {'center': [131.2426739823612, 147.7009746985376], 'axes': [174.63085485717966, 174.63085485717966], 'angle': 90.0}, 'model_confidence': 0.8115168693362595, 'model_id': 1, 'model_birth_timestamp': 359909.669808, 'theta': 1.1375571779812668, 'phi': -1.208125492894437, 'norm_pos': [0.49718443335760387, 0.5414581295911269], 'topic': 'pupil.1', 'id': 1, 'method': '3d c++'}"
1581494814.171155,"{'circle_3d': {'center': [-0.08667240200644599, -1.2000079716745997, 75.01089041016778], 'normal': [0.3221271852371565, -0.41725244345134677, -0.8497849580717861], 'radius': 2.4313363800946917}, 'confidence': 0.9972130687338738, 'timestamp': 359910.686199, 'diameter_3d': 4.862672760189383, 'ellipse': {'center': [159.1050434237748, 110.30950769897403], 'axes': [33.90948097149973, 40.200340393586245], 'angle': -53.27554924162789}, 'location': [159.1050434237748, 110.30950769897403], 'diameter': 40.200340393586245, 'sphere': {'center': [-3.9521986248523238, 3.8070213497415617, 85.2083099070292], 'radius': 12.0}, 'projected_sphere': {'center': [131.2426739823612, 147.7009746985376], 'axes': [174.63085485717966, 174.63085485717966], 'angle': 90.0}, 'model_confidence': 0.8103348675071231, 'model_id': 1, 'model_birth_timestamp': 359909.669808, 'theta': 1.1403764234216651, 'phi': -1.2084630425397969, 'norm_pos': [0.4972032606992962, 0.5403770512542749], 'topic': 'pupil.1', 'id': 1, 'method': '3d c++'}"
1581494814.178466,"{'circle_3d': {'center': [-0.09020425536057886, -1.185234366650933, 75.00231253527957], 'normal': [0.32183286412431206, -0.41602130969937456, -0.8504997809791365], 'radius': 2.401087952219948}, 'confidence': 0.9979677332220949, 'timestamp': 359910.694599, 'diameter_3d': 4.802175904439896, 'ellipse': {'center': [159.08014823430932, 110.42447664261347], 'axes': [33.52416069892335, 39.704551123566624], 'angle': -53.21618982088064}, 'location': [159.08014823430932, 110.42447664261347], 'diameter': 39.704551123566624, 'sphere': {'center': [-3.9521986248523238, 3.8070213497415617, 85.2083099070292], 'radius': 12.0}, 'projected_sphere': {'center': [131.2426739823612, 147.7009746985376], 'axes': [174.63085485717966, 174.63085485717966], 'angle': 90.0}, 'model_confidence': 0.8100125780694079, 'model_id': 1, 'model_birth_timestamp': 359909.669808, 'theta': 1.1417306974018582, 'phi': -1.2090443178476284, 'norm_pos': [0.4971254632322166, 0.5398980139891105], 'topic': 'pupil.1', 'id': 1, 'method': '3d c++'}"
1581494814.1869252,"{'circle_3d': {'center': [-0.06692428811063333, -1.1599620764666092, 74.99881829519907], 'normal': [0.3237728613951409, -0.4139152855173476, -0.8507909676525107], 'radius': 2.39117853554344}, 'confidence': 0.9982171372323186, 'timestamp': 359910.702999, 'diameter_3d': 4.78235707108688, 'ellipse': {'center': [159.2729382290038, 110.63014167475532], 'axes': [33.401848920816214, 39.542321239542034], 'angle': -52.87549377460897}, 'location': [159.2729382290038, 110.63014167475532], 'diameter': 39.542321239542034, 'sphere': {'center': [-3.9521986248523238, 3.8070213497415617, 85.2083099070292], 'radius': 12.0}, 'projected_sphere': {'center': [131.2426739823612, 147.7009746985376], 'axes': [174.63085485717966, 174.63085485717966], 'angle': 90.0}, 'model_confidence': 0.809969861295956, 'model_id': 1, 'model_birth_timestamp': 359909.669808, 'theta': 1.1440454280175236, 'phi': -1.2071643284601636, 'norm_pos': [0.4977279319656369, 0.5390410763551862], 'topic': 'pupil.1', 'id': 1, 'method': '3d c++'}"
1581494814.1947572,"{'circle_3d': {'center': [-0.0841202695605503, -1.1430406138028797, 74.98408101706426], 'normal': [0.3223398629409811, -0.41250516362870343, -0.8520190741637456], 'radius': 2.479795378700058}, 'confidence': 0.9940854215609446, 'timestamp': 359910.711399, 'diameter_3d': 4.959590757400116, 'ellipse': {'center': [159.11796421952025, 110.78441784058126], 'axes': [34.705189231681764, 41.01622284866704], 'angle': -52.913097057300845}, 'location': [159.11796421952025, 110.78441784058126], 'diameter': 41.01622284866704, 'sphere': {'center': [-3.9521986248523238, 3.8070213497415617, 85.2083099070292], 'radius': 12.0}, 'projected_sphere': {'center': [131.2426739823612, 147.7009746985376], 'axes': [174.63085485717966, 174.63085485717966], 'angle': 90.0}, 'model_confidence': 0.8054269230506561, 'model_id': 1, 'model_birth_timestamp': 359909.669808, 'theta': 1.1455939310843446, 'phi': -1.2091140394525142, 'norm_pos': [0.49724363818600076, 0.5383982589975781], 'topic': 'pupil.1', 'id': 1, 'method': '3d c++'}"
1581494814.203107,"{'circle_3d': {'center': [-0.06329954436045959, -1.1264067977239787, 74.98393947870726], 'normal': [0.32407492337432203, -0.41111901228879505, -0.8520308690268288], 'radius': 2.3971053832351803}, 'confidence': 0.996796922440989, 'timestamp': 359910.719799, 'diameter_3d': 4.794210766470361, 'ellipse': {'center': [159.30145950726015, 110.90577764492414], 'axes': [33.548861587487124, 39.64808254334351], 'angle': -52.64272837604624}, 'location': [159.30145950726015, 110.90577764492414], 'diameter': 39.64808254334351, 'sphere': {'center': [-3.9521986248523238, 3.8070213497415617, 85.2083099070292], 'radius': 12.0}, 'projected_sphere': {'center': [131.2426739823612, 147.7009746985376], 'axes': [174.63085485717966, 174.63085485717966], 'angle': 90.0}, 'model_confidence': 0.8038955106178136, 'model_id': 1, 'model_birth_timestamp': 359909.669808, 'theta': 1.1471150536921684, 'phi': -1.2073384067197321, 'norm_pos': [0.49781706096018796, 0.5378925931461493], 'topic': 'pupil.1', 'id': 1, 'method': '3d c++'}"
1581494814.212328,"{'circle_3d': {'center': [-0.08108851977977904, -1.0668167434960942, 74.94867010851236], 'normal': [0.3225925087560454, -0.4061531744364713, -0.8549699832097372], 'radius': 2.373851011286439}, 'confidence': 0.9962805725908658, 'timestamp': 359910.728199, 'diameter_3d': 4.747702022572878, 'ellipse': {'center': [159.15743761505675, 111.38859663629], 'axes': [33.372703884755715, 39.28163804187777], 'angle': -52.421681342871786}, 'location': [159.15743761505675, 111.38859663629], 'diameter': 39.28163804187777, 'sphere': {'center': [-3.9521986248523238, 3.8070213497415617, 85.2083099070292], 'radius': 12.0}, 'projected_sphere': {'center': [131.2426739823612, 147.7009746985376], 'axes': [174.63085485717966, 174.63085485717966], 'angle': 90.0}, 'model_confidence': 0.8020269395595636, 'model_id': 1, 'model_birth_timestamp': 359909.669808, 'theta': 1.1525559015166627, 'phi': -1.2099981159654598, 'norm_pos': [0.49736699254705236, 0.5358808473487917], 'topic': 'pupil.1', 'id': 1, 'method': '3d c++'}"
1581494814.223335,"{'circle_3d': {'center': [-0.12682145306763903, -1.0573241647313312, 74.92703410052464], 'normal': [0.3187814309820571, -0.40536212620607437, -0.8567729838753801], 'radius': 2.421278087321541}, 'confidence': 0.994250353193638, 'timestamp': 359910.736598, 'diameter_3d': 4.842556174643082, 'ellipse': {'center': [158.77341497141967, 111.4734342122683], 'axes': [34.131779183010536, 40.078308502914155], 'angle': -52.73919349794852}, 'location': [158.77341497141967, 111.4734342122683], 'diameter': 40.078308502914155, 'sphere': {'center': [-3.9521986248523238, 3.8070213497415617, 85.2083099070292], 'radius': 12.0}, 'projected_sphere': {'center': [131.2426739823612, 147.7009746985376], 'axes': [174.63085485717966, 174.63085485717966], 'angle': 90.0}, 'model_confidence': 0.7978474971793936, 'model_id': 1, 'model_birth_timestamp': 359909.669808, 'theta': 1.1534213992950224, 'phi': -1.2145949398290876, 'norm_pos': [0.49616692178568644, 0.5355273574488821], 'topic': 'pupil.1', 'id': 1, 'method': '3d c++'}"
1581494814.2312052,"{'circle_3d': {'center': [-0.1024746413879889, -1.0977400255813183, 74.955361984491], 'normal': [0.32081033195536124, -0.40873011461024, -0.8544123268781829], 'radius': 2.434981988382734}, 'confidence': 0.9921684778356877, 'timestamp': 359910.744998, 'diameter_3d': 4.869963976765468, 'ellipse': {'center': [158.97273232529403, 111.14591999249187], 'axes': [34.20232302132108, 40.29007749993749], 'angle': -52.787371534182945}, 'location': [158.97273232529403, 111.14591999249187], 'diameter': 40.29007749993749, 'sphere': {'center': [-3.9521986248523238, 3.8070213497415617, 85.2083099070292], 'radius': 12.0}, 'projected_sphere': {'center': [131.2426739823612, 147.7009746985376], 'axes': [174.63085485717966, 174.63085485717966], 'angle': 90.0}, 'model_confidence': 0.7915767943221019, 'model_id': 1, 'model_birth_timestamp': 359909.669808, 'theta': 1.1497341172706692, 'phi': -1.211609423212468, 'norm_pos': [0.4967897885165439, 0.5368920000312839], 'topic': 'pupil.1', 'id': 1, 'method': '3d c++'}"
1581494814.239264,"{'circle_3d': {'center': [-0.11277823092765082, -1.0721732604151342, 74.93931234178784], 'normal': [0.31995169949372276, -0.4065995508463913, -0.8557497971034473], 'radius': 2.409305963522146}, 'confidence': 0.9942149001605002, 'timestamp': 359910.753398, 'diameter_3d': 4.818611927044292, 'ellipse': {'center': [158.89117439764087, 111.35011200334264], 'axes': [33.91043612747724, 39.8735745985538], 'angle': -52.71496213696039}, 'location': [158.89117439764087, 111.35011200334264], 'diameter': 39.8735745985538, 'sphere': {'center': [-3.9521986248523238, 3.8070213497415617, 85.2083099070292], 'radius': 12.0}, 'projected_sphere': {'center': [131.2426739823612, 147.7009746985376], 'axes': [174.63085485717966, 174.63085485717966], 'angle': 90.0}, 'model_confidence': 0.7875419494324465, 'model_id': 1, 'model_birth_timestamp': 359909.669808, 'theta': 1.1520673674317279, 'phi': -1.213003870239089, 'norm_pos': [0.4965349199926277, 0.5360411999860724], 'topic': 'pupil.1', 'id': 1, 'method': '3d c++'}"
1581494814.246919,"{'circle_3d': {'center': [-0.10843184957452934, -1.085895286263903, 74.94747057633253], 'normal': [0.3203138979398162, -0.4077430530004554, -0.8550699442247218], 'radius': 2.4025501196444803}, 'confidence': 0.9948436762400283, 'timestamp': 359910.761798, 'diameter_3d': 4.805100239288961, 'ellipse': {'center': [158.92820381496924, 111.23668472095162], 'axes': [33.78029337777068, 39.75745166747267], 'angle': -52.76363163781071}, 'location': [158.92820381496924, 111.23668472095162], 'diameter': 39.75745166747267, 'sphere': {'center': [-3.9521986248523238, 3.8070213497415617, 85.2083099070292], 'radius': 12.0}, 'projected_sphere': {'center': [131.2426739823612, 147.7009746985376], 'axes': [174.63085485717966, 174.63085485717966], 'angle': 90.0}, 'model_confidence': 0.7842313600377904, 'model_id': 1, 'model_birth_timestamp': 359909.669808, 'theta': 1.1508153829725711, 'phi': -1.212371570594238, 'norm_pos': [0.49665063692177885, 0.5365138136627017], 'topic': 'pupil.1', 'id': 1, 'method': '3d c++'}"
1581494814.254389,"{'circle_3d': {'center': [-0.07980810535370875, -1.0958126703124558, 74.96297876370845], 'normal': [0.32269920995821794, -0.4085695016711681, -0.8537775952767297], 'radius': 2.4374851095206527}, 'confidence': 0.9947606158463834, 'timestamp': 359910.770198, 'diameter_3d': 4.874970219041305, 'ellipse': {'center': [159.15908331682445, 111.1629368615643], 'axes': [34.20524695210517, 40.32734368821411], 'angle': -52.590047029408304}, 'location': [159.15908331682445, 111.1629368615643], 'diameter': 40.32734368821411, 'sphere': {'center': [-3.9521986248523238, 3.8070213497415617, 85.2083099070292], 'radius': 12.0}, 'projected_sphere': {'center': [131.2426739823612, 147.7009746985376], 'axes': [174.63085485717966, 174.63085485717966], 'angle': 90.0}, 'model_confidence': 0.7809026695991927, 'model_id': 1, 'model_birth_timestamp': 359909.669808, 'theta': 1.149910094566184, 'phi': -1.209427551749829, 'norm_pos': [0.4973721353650764, 0.5368210964101487], 'topic': 'pupil.1', 'id': 1, 'method': '3d c++'}"
1581494814.264024,"{'circle_3d': {'center': [-0.15213986284249792, -1.0917967344908082, 74.93401505128021], 'normal': [0.3166715635008188, -0.40823484035269747, -0.8561912379790828], 'radius': 2.4288066352382063}, 'confidence': 0.9933867951880839, 'timestamp': 359910.778598, 'diameter_3d': 4.857613270476413, 'ellipse': {'center': [158.56419678342908, 111.19172969173066], 'axes': [34.206257933518266, 40.19942590647132], 'angle': -53.16087703464961}, 'location': [158.56419678342908, 111.19172969173066], 'diameter': 40.19942590647132, 'sphere': {'center': [-3.9521986248523238, 3.8070213497415617, 85.2083099070292], 'radius': 12.0}, 'projected_sphere': {'center': [131.2426739823612, 147.7009746985376], 'axes': [174.63085485717966, 174.63085485717966], 'angle': 90.0}, 'model_confidence': 0.7762399815496202, 'model_id': 1, 'model_birth_timestamp': 359909.669808, 'theta': 1.150276725320963, 'phi': -1.2165388645071267, 'norm_pos': [0.49551311494821587, 0.5367011262844557], 'topic': 'pupil.1', 'id': 1, 'method': '3d c++'}"
1581494814.2703848,"{'circle_3d': {'center': [-0.2723101084062298, -1.1704519883757083, 74.9280774351996], 'normal': [0.30665737637050783, -0.4147894448431058, -0.856686039319134], 'radius': 2.4372101845673133}, 'confidence': 0.9950014519234911, 'timestamp': 359910.786998, 'diameter_3d': 4.874420369134627, 'ellipse': {'center': [157.57372816587963, 110.54541182867322], 'axes': [34.3442826804624, 40.342474138767216], 'angle': -54.640600671904174}, 'location': [157.57372816587963, 110.54541182867322], 'diameter': 40.342474138767216, 'sphere': {'center': [-3.9521986248523238, 3.8070213497415617, 85.2083099070292], 'radius': 12.0}, 'projected_sphere': {'center': [131.2426739823612, 147.7009746985376], 'axes': [174.63085485717966, 174.63085485717966], 'angle': 90.0}, 'model_confidence': 0.7732743299826206, 'model_id': 1, 'model_birth_timestamp': 359909.669808, 'theta': 1.143084936320844, 'phi': -1.2270498943707762, 'norm_pos': [0.49241790051837386, 0.5393941173805282], 'topic': 'pupil.1', 'id': 1, 'method': '3d c++'}"
1581494814.278996,"{'circle_3d': {'center': [-0.25606646530873833, -1.316129417585894, 75.00576447589194], 'normal': [0.3080110132952987, -0.4269292306106211, -0.8502121192614386], 'radius': 2.3709082904247833}, 'confidence': 0.6593594472464033, 'timestamp': 359910.795398, 'diameter_3d': 4.741816580849567, 'ellipse': {'center': [157.72048748742355, 109.3427433818097], 'axes': [33.078958621127995, 39.20463844083653], 'angle': -55.34319379775316}, 'location': [157.72048748742355, 109.3427433818097], 'diameter': 39.20463844083653, 'sphere': {'center': [-3.9521986248523238, 3.8070213497415617, 85.2083099070292], 'radius': 12.0}, 'projected_sphere': {'center': [131.2426739823612, 147.7009746985376], 'axes': [174.63085485717966, 174.63085485717966], 'angle': 90.0}, 'model_confidence': 0.7660443257373806, 'model_id': 1, 'model_birth_timestamp': 359909.669808, 'theta': 1.1297020809517262, 'phi': -1.2232277864475387, 'norm_pos': [0.4928765233981986, 0.5444052359091263], 'topic': 'pupil.1', 'id': 1, 'method': '3d c++'}"
1581494814.286771,"{'circle_3d': {'center': [-0.2982124316703958, -1.2448264670044837, 74.95515339127884], 'normal': [0.3044988494318273, -0.4209873180621705, -0.8544297096458634], 'radius': 2.406572260775062}, 'confidence': 0.994703706317687, 'timestamp': 359910.803798, 'diameter_3d': 4.813144521550124, 'ellipse': {'center': [157.36628610446164, 109.93037165170438], 'axes': [33.79350006475708, 39.82123447373476], 'angle': -55.29212956242476}, 'location': [157.36628610446164, 109.93037165170438], 'diameter': 39.82123447373476, 'sphere': {'center': [-3.9521986248523238, 3.8070213497415617, 85.2083099070292], 'radius': 12.0}, 'projected_sphere': {'center': [131.2426739823612, 147.7009746985376], 'axes': [174.63085485717966, 174.63085485717966], 'angle': 90.0}, 'model_confidence': 0.7629398988721614, 'model_id': 1, 'model_birth_timestamp': 359909.669808, 'theta': 1.1362628076022032, 'phi': -1.2284520295090795, 'norm_pos': [0.49176964407644264, 0.5419567847845651], 'topic': 'pupil.1', 'id': 1, 'method': '3d c++'}"
1581494814.294975,"{'circle_3d': {'center': [-0.3553023702069664, -1.3209480048769215, 74.97277046685255], 'normal': [0.29974135455377976, -0.42733077955154025, -0.8529616200147216], 'radius': 2.4066548282317544}, 'confidence': 0.9979193991019839, 'timestamp': 359910.812198, 'diameter_3d': 4.813309656463509, 'ellipse': {'center': [156.89755756126806, 109.30606072442826], 'axes': [33.71482327118493, 39.813825183837274], 'angle': -56.20674506595701}, 'location': [156.89755756126806, 109.30606072442826], 'diameter': 39.813825183837274, 'sphere': {'center': [-3.9521986248523238, 3.8070213497415617, 85.2083099070292], 'radius': 12.0}, 'projected_sphere': {'center': [131.2426739823612, 147.7009746985376], 'axes': [174.63085485717966, 174.63085485717966], 'angle': 90.0}, 'model_confidence': 0.7630256133094426, 'model_id': 1, 'model_birth_timestamp': 359909.669808, 'theta': 1.1292579830878438, 'phi': -1.232863731783962, 'norm_pos': [0.49030486737896267, 0.5445580803148822], 'topic': 'pupil.1', 'id': 1, 'method': '3d c++'}"
1581494814.307093,"{'circle_3d': {'center': [-0.28365233108525834, -1.3533849624128553, 75.01458758473865], 'normal': [0.30571219114725545, -0.4300338593462014, -0.8494768601908798], 'radius': 2.422403935358479}, 'confidence': 0.9972995213068679, 'timestamp': 359910.820598, 'diameter_3d': 4.844807870716958, 'ellipse': {'center': [157.48696447494038, 109.04719606780839], 'axes': [33.75772605724267, 40.05196581186888], 'angle': -55.782254919870795}, 'location': [157.48696447494038, 109.04719606780839], 'diameter': 40.05196581186888, 'sphere': {'center': [-3.9521986248523238, 3.8070213497415617, 85.2083099070292], 'radius': 12.0}, 'projected_sphere': {'center': [131.2426739823612, 147.7009746985376], 'axes': [174.63085485717966, 174.63085485717966], 'angle': 90.0}, 'model_confidence': 0.762525191556418, 'model_id': 1, 'model_birth_timestamp': 359909.669808, 'theta': 1.126266045910004, 'phi': -1.2253444200787937, 'norm_pos': [0.49214676398418866, 0.5456366830507984], 'topic': 'pupil.1', 'id': 1, 'method': '3d c++'}"
1581494814.314812,"{'circle_3d': {'center': [-0.3226082175579297, -1.3622767951309251, 75.00515205444776], 'normal': [0.30246586727453284, -0.4307748454060406, -0.850263154381787], 'radius': 2.435986892436374}, 'confidence': 0.9978738892480894, 'timestamp': 359910.828998, 'diameter_3d': 4.871973784872748, 'ellipse': {'center': [157.1642741728216, 108.97559542138261], 'axes': [33.986035482311536, 40.28187701096096], 'angle': -56.15858138304912}, 'location': [157.1642741728216, 108.97559542138261], 'diameter': 40.28187701096096, 'sphere': {'center': [-3.9521986248523238, 3.8070213497415617, 85.2083099070292], 'radius': 12.0}, 'projected_sphere': {'center': [131.2426739823612, 147.7009746985376], 'axes': [174.63085485717966, 174.63085485717966], 'angle': 90.0}, 'model_confidence': 0.7625798097257719, 'model_id': 1, 'model_birth_timestamp': 359909.669808, 'theta': 1.1254451325651191, 'phi': -1.2290241457956494, 'norm_pos': [0.49113835679006745, 0.5459350190775725], 'topic': 'pupil.1', 'id': 1, 'method': '3d c++'}"
1581494814.322974,"{'circle_3d': {'center': [-0.31972698598809224, -1.4023730228257945, 75.02659295634203], 'normal': [0.30270596990535265, -0.43411619771394633, -0.8484764125572647], 'radius': 2.4209573304952277}, 'confidence': 0.9990852351318046, 'timestamp': 359910.837398, 'diameter_3d': 4.841914660990455, 'ellipse': {'center': [157.19123679957775, 108.64563070461675], 'axes': [33.683006928215775, 40.02201267241332], 'angle': -56.353998102400645}, 'location': [157.19123679957775, 108.64563070461675], 'diameter': 40.02201267241332, 'sphere': {'center': [-3.9521986248523238, 3.8070213497415617, 85.2083099070292], 'radius': 12.0}, 'projected_sphere': {'center': [131.2426739823612, 147.7009746985376], 'axes': [174.63085485717966, 174.63085485717966], 'angle': 90.0}, 'model_confidence': 0.763787744480493, 'model_id': 1, 'model_birth_timestamp': 359909.669808, 'theta': 1.1217393506713789, 'phi': -1.2281082896662625, 'norm_pos': [0.4912226149986805, 0.5473098720640969], 'topic': 'pupil.1', 'id': 1, 'method': '3d c++'}"
1581494814.330606,"{'circle_3d': {'center': [-0.33519339208541243, -1.3884593173408826, 75.01398532007842], 'normal': [0.3014171027305759, -0.4329567222568704, -0.8495270489125656], 'radius': 2.435509304417298}, 'confidence': 0.9992918820213441, 'timestamp': 359910.845798, 'diameter_3d': 4.871018608834596, 'ellipse': {'center': [157.0613700752116, 108.76129808413042], 'axes': [33.93984401402424, 40.26941347840647], 'angle': -56.40824676395588}, 'location': [157.0613700752116, 108.76129808413042], 'diameter': 40.26941347840647, 'sphere': {'center': [-3.9521986248523238, 3.8070213497415617, 85.2083099070292], 'radius': 12.0}, 'projected_sphere': {'center': [131.2426739823612, 147.7009746985376], 'axes': [174.63085485717966, 174.63085485717966], 'angle': 90.0}, 'model_confidence': 0.7651651582816665, 'model_id': 1, 'model_birth_timestamp': 359909.669808, 'theta': 1.123026032769063, 'phi': -1.2298466254497689, 'norm_pos': [0.49081678148503627, 0.5468279246494566], 'topic': 'pupil.1', 'id': 1, 'method': '3d c++'}"
1581494814.338948,"{'circle_3d': {'center': [-0.3392702849450018, -1.4317122716165267, 75.03469605279103], 'normal': [0.3010773616589435, -0.43656113511317407, -0.8478011545198477], 'radius': 2.441497405573625}, 'confidence': 0.9986347698221313, 'timestamp': 359910.854197, 'diameter_3d': 4.88299481114725, 'ellipse': {'center': [157.02822470719252, 108.40948471498226], 'axes': [33.93208332660502, 40.35753788772504], 'angle': -56.67697979319057}, 'location': [157.02822470719252, 108.40948471498226], 'diameter': 40.35753788772504, 'sphere': {'center': [-3.9521986248523238, 3.8070213497415617, 85.2083099070292], 'radius': 12.0}, 'projected_sphere': {'center': [131.2426739823612, 147.7009746985376], 'axes': [174.63085485717966, 174.63085485717966], 'angle': 90.0}, 'model_confidence': 0.7659131321493873, 'model_id': 1, 'model_birth_timestamp': 359909.669808, 'theta': 1.1190235571124998, 'phi': -1.2295610513471062, 'norm_pos': [0.4907132022099766, 0.5482938136875739], 'topic': 'pupil.1', 'id': 1, 'method': '3d c++'}"
1581494814.3468149,"{'circle_3d': {'center': [-0.3387213443625319, -1.35850867776354, 74.99752729851544], 'normal': [0.30112310670748266, -0.43046083562542514, -0.8508985507094807], 'radius': 2.4161341472674636}, 'confidence': 0.9996213644211239, 'timestamp': 359910.862597, 'diameter_3d': 4.832268294534927, 'ellipse': {'center': [157.0340840805851, 109.0018366793471], 'axes': [33.74103694757315, 39.95760423716372], 'angle': -56.27383527150084}, 'location': [157.0340840805851, 109.0018366793471], 'diameter': 39.95760423716372, 'sphere': {'center': [-3.9521986248523238, 3.8070213497415617, 85.2083099070292], 'radius': 12.0}, 'projected_sphere': {'center': [131.2426739823612, 147.7009746985376], 'axes': [174.63085485717966, 174.63085485717966], 'angle': 90.0}, 'model_confidence': 0.7675483582612386, 'model_id': 1, 'model_birth_timestamp': 359909.669808, 'theta': 1.1257930525960234, 'phi': -1.2306616834112925, 'norm_pos': [0.49073151275182847, 0.5458256805027204], 'topic': 'pupil.1', 'id': 1, 'method': '3d c++'}"
1581494814.354928,"{'circle_3d': {'center': [-0.3614636840876848, -1.3595220538334791, 74.99001984243684], 'normal': [0.2992279117303866, -0.43054528363125344, -0.8515241720493644], 'radius': 2.4348391094353223}, 'confidence': 0.9974682208270905, 'timestamp': 359910.870997, 'diameter_3d': 4.869678218870645, 'ellipse': {'center': [156.84404566847735, 108.99622954729571], 'axes': [34.03384645210788, 40.27116550491087], 'angle': -56.47220274076326}, 'location': [156.84404566847735, 108.99622954729571], 'diameter': 40.27116550491087, 'sphere': {'center': [-3.9521986248523238, 3.8070213497415617, 85.2083099070292], 'radius': 12.0}, 'projected_sphere': {'center': [131.2426739823612, 147.7009746985376], 'axes': [174.63085485717966, 174.63085485717966], 'angle': 90.0}, 'model_confidence': 0.7671826600967768, 'model_id': 1, 'model_birth_timestamp': 359909.669808, 'theta': 1.1256994906371978, 'phi': -1.2328724135843492, 'norm_pos': [0.49013764271399174, 0.5458490435529345], 'topic': 'pupil.1', 'id': 1, 'method': '3d c++'}"
1581494814.3634272,"{'circle_3d': {'center': [-0.3271138419470807, -1.3894077967345, 75.01733917591615], 'normal': [0.3020903985754369, -0.4330357622063385, -0.8492475609260878], 'radius': 2.4293270783446013}, 'confidence': 0.9987295389748957, 'timestamp': 359910.879397, 'diameter_3d': 4.8586541566892025, 'ellipse': {'center': [157.12883856605674, 108.75270584783877], 'axes': [33.839498982199196, 40.16533989361213], 'angle': -56.34537386810591}, 'location': [157.12883856605674, 108.75270584783877], 'diameter': 40.16533989361213, 'sphere': {'center': [-3.9521986248523238, 3.8070213497415617, 85.2083099070292], 'radius': 12.0}, 'projected_sphere': {'center': [131.2426739823612, 147.7009746985376], 'axes': [174.63085485717966, 174.63085485717966], 'angle': 90.0}, 'model_confidence': 0.767976060127773, 'model_id': 1, 'model_birth_timestamp': 359909.669808, 'theta': 1.1229383465872207, 'phi': -1.2290389773856951, 'norm_pos': [0.49102762051892734, 0.5468637256340052], 'topic': 'pupil.1', 'id': 1, 'method': '3d c++'}"
1581494814.3715441,"{'circle_3d': {'center': [-0.33378727311562084, -1.4051281852724484, 75.02299712271687], 'normal': [0.30153427931139193, -0.43434579458450084, -0.8487760653593609], 'radius': 2.4293971759897754}, 'confidence': 0.9971375802345708, 'timestamp': 359910.887797, 'diameter_3d': 4.858794351979551, 'ellipse': {'center': [157.07428901936325, 108.62417755585255], 'axes': [33.81531131124222, 40.16357382290977], 'angle': -56.48714371151586}, 'location': [157.07428901936325, 108.62417755585255], 'diameter': 40.16357382290977, 'sphere': {'center': [-3.9521986248523238, 3.8070213497415617, 85.2083099070292], 'radius': 12.0}, 'projected_sphere': {'center': [131.2426739823612, 147.7009746985376], 'axes': [174.63085485717966, 174.63085485717966], 'angle': 90.0}, 'model_confidence': 0.7673246009760382, 'model_id': 1, 'model_birth_timestamp': 359909.669808, 'theta': 1.1214844700372757, 'phi': -1.2294452391278614, 'norm_pos': [0.49085715318551015, 0.5473992601839477], 'topic': 'pupil.1', 'id': 1, 'method': '3d c++'}"
1581494814.378751,"{'circle_3d': {'center': [-0.3207847475959005, -1.3612362679398524, 75.00527376824446], 'normal': [0.3026178231047019, -0.43068813480678453, -0.8502530115653953], 'radius': 2.446048646858053}, 'confidence': 0.9986947856415224, 'timestamp': 359910.896197, 'diameter_3d': 4.892097293716106, 'ellipse': {'center': [157.1778736978111, 108.9861215843024], 'axes': [34.12607659707923, 40.44823063724958], 'angle': -56.13749092091705}, 'location': [157.1778736978111, 108.9861215843024], 'diameter': 40.44823063724958, 'sphere': {'center': [-3.9521986248523238, 3.8070213497415617, 85.2083099070292], 'radius': 12.0}, 'projected_sphere': {'center': [131.2426739823612, 147.7009746985376], 'axes': [174.63085485717966, 174.63085485717966], 'angle': 90.0}, 'model_confidence': 0.7680692827102931, 'model_id': 1, 'model_birth_timestamp': 359909.669808, 'theta': 1.1255412129069635, 'phi': -1.2288617454150348, 'norm_pos': [0.4911808553056597, 0.5458911600654066], 'topic': 'pupil.1', 'id': 1, 'method': '3d c++'}"
1581494814.3934999,"{'circle_3d': {'center': [-0.3071515097807933, -1.3833570691522965, 75.02137693397054], 'normal': [0.30375392625596087, -0.43253153490782154, -0.8489110810882211], 'radius': 2.4792034721661365}, 'confidence': 0.997695853892367, 'timestamp': 359910.904597, 'diameter_3d': 4.958406944332273, 'ellipse': {'center': [157.28618214479138, 108.8127080606991], 'axes': [34.51796266927196, 40.987902264479914], 'angle': -56.14461690860634}, 'location': [157.28618214479138, 108.8127080606991], 'diameter': 40.987902264479914, 'sphere': {'center': [-3.9521986248523238, 3.8070213497415617, 85.2083099070292], 'radius': 12.0}, 'projected_sphere': {'center': [131.2426739823612, 147.7009746985376], 'axes': [174.63085485717966, 174.63085485717966], 'angle': 90.0}, 'model_confidence': 0.7679215607153789, 'model_id': 1, 'model_birth_timestamp': 359909.669808, 'theta': 1.1234976683074567, 'phi': -1.2271755611859028, 'norm_pos': [0.49151931920247305, 0.5466137164137538], 'topic': 'pupil.1', 'id': 1, 'method': '3d c++'}"
1581494814.3985438,"{'circle_3d': {'center': [-0.31326113944709766, -1.382765877879808, 75.01889174359461], 'normal': [0.3032447904504355, -0.4324822689684475, -0.849118180286216], 'radius': 2.4663370844275785}, 'confidence': 0.9960143818619865, 'timestamp': 359910.912997, 'diameter_3d': 4.932674168855157, 'ellipse': {'center': [157.23764300477328, 108.81472976428738], 'axes': [34.349349150756865, 40.77649477054189], 'angle': -56.19262517825629}, 'location': [157.23764300477328, 108.81472976428738], 'diameter': 40.77649477054189, 'sphere': {'center': [-3.9521986248523238, 3.8070213497415617, 85.2083099070292], 'radius': 12.0}, 'projected_sphere': {'center': [131.2426739823612, 147.7009746985376], 'axes': [174.63085485717966, 174.63085485717966], 'angle': 90.0}, 'model_confidence': 0.7662983873510054, 'model_id': 1, 'model_birth_timestamp': 359909.669808, 'theta': 1.1235523092414983, 'phi': -1.2277846093382603, 'norm_pos': [0.4913676343899165, 0.5466052926488025], 'topic': 'pupil.1', 'id': 1, 'method': '3d c++'}"
1581494814.407221,"{'circle_3d': {'center': [-0.325451176542062, -1.4499726239368425, 75.04904234943018], 'normal': [0.30222895402585515, -0.438082831139867, -0.8466056297999183], 'radius': 2.4086711326611807}, 'confidence': 0.9990608194096066, 'timestamp': 359910.921397, 'diameter_3d': 4.817342265322361, 'ellipse': {'center': [157.14712119009695, 108.25482660107849], 'axes': [33.41433044373898, 39.80718440227453], 'angle': -56.659165559888635}, 'location': [157.14712119009695, 108.25482660107849], 'diameter': 39.80718440227453, 'sphere': {'center': [-3.9521986248523238, 3.8070213497415617, 85.2083099070292], 'radius': 12.0}, 'projected_sphere': {'center': [131.2426739823612, 147.7009746985376], 'axes': [174.63085485717966, 174.63085485717966], 'angle': 90.0}, 'model_confidence': 0.7673642595399377, 'model_id': 1, 'model_birth_timestamp': 359909.669808, 'theta': 1.1173314767426954, 'phi': -1.2279087859528257, 'norm_pos': [0.49108475371905297, 0.5489382224955063], 'topic': 'pupil.1', 'id': 1, 'method': '3d c++'}"
1581494814.41452,"{'circle_3d': {'center': [-0.35436501525482367, -1.4236603375754227, 75.02520810042738], 'normal': [0.2998194674664583, -0.4358901406097487, -0.8485918172168189], 'radius': 2.413000913264294}, 'confidence': 0.9997321058555193, 'timestamp': 359910.929797, 'diameter_3d': 4.826001826528588, 'ellipse': {'center': [156.90749746129305, 108.46891946250551], 'axes': [33.57601825019208, 39.89142803627691], 'angle': -56.76069014979327}, 'location': [156.90749746129305, 108.46891946250551], 'diameter': 39.89142803627691, 'sphere': {'center': [-3.9521986248523238, 3.8070213497415617, 85.2083099070292], 'radius': 12.0}, 'projected_sphere': {'center': [131.2426739823612, 147.7009746985376], 'axes': [174.63085485717966, 174.63085485717966], 'angle': 90.0}, 'model_confidence': 0.7689872345627458, 'model_id': 1, 'model_birth_timestamp': 359909.669808, 'theta': 1.1197692413811924, 'phi': -1.2311721221512069, 'norm_pos': [0.49033592956654076, 0.548046168906227], 'topic': 'pupil.1', 'id': 1, 'method': '3d c++'}"
1581494814.423021,"{'circle_3d': {'center': [-0.3764596011407457, -1.413851181503932, 75.01239992082432], 'normal': [0.29797825197596484, -0.43507271093712446, -0.8496591655170737], 'radius': 2.45920822121364}, 'confidence': 0.9979373923771848, 'timestamp': 359910.938197, 'diameter_3d': 4.91841644242728, 'ellipse': {'center': [156.718755902829, 108.5570086662838], 'axes': [34.27457610908752, 40.662539650910084], 'angle': -56.89478549461751}, 'location': [156.718755902829, 108.5570086662838], 'diameter': 40.662539650910084, 'sphere': {'center': [-3.9521986248523238, 3.8070213497415617, 85.2083099070292], 'radius': 12.0}, 'projected_sphere': {'center': [131.2426739823612, 147.7009746985376], 'axes': [174.63085485717966, 174.63085485717966], 'angle': 90.0}, 'model_confidence': 0.7690419818838112, 'model_id': 1, 'model_birth_timestamp': 359909.669808, 'theta': 1.1206772971404328, 'phi': -1.2334951192393837, 'norm_pos': [0.4897461121963406, 0.5476791305571508], 'topic': 'pupil.1', 'id': 1, 'method': '3d c++'}"
1581494814.431357,"{'circle_3d': {'center': [-0.3627186696724829, -1.3836471962148105, 75.00181228554409], 'normal': [0.29912332959832005, -0.432555712163031, -0.8505414684570928], 'radius': 2.4885571441078276}, 'confidence': 0.9950609545810444, 'timestamp': 359910.946597, 'diameter_3d': 4.977114288215655, 'ellipse': {'center': [156.82697620833872, 108.80983874752337], 'axes': [34.73223494101597, 41.15356042707406], 'angle': -56.6147770558386}, 'location': [156.82697620833872, 108.80983874752337], 'diameter': 41.15356042707406, 'sphere': {'center': [-3.9521986248523238, 3.8070213497415617, 85.2083099070292], 'radius': 12.0}, 'projected_sphere': {'center': [131.2426739823612, 147.7009746985376], 'axes': [174.63085485717966, 174.63085485717966], 'angle': 90.0}, 'model_confidence': 0.7666452433666593, 'model_id': 1, 'model_birth_timestamp': 359909.669808, 'theta': 1.1234708527501913, 'phi': -1.2326204996863266, 'norm_pos': [0.4900843006510585, 0.5466256718853193], 'topic': 'pupil.1', 'id': 1, 'method': '3d c++'}"
1581494814.4387121,"{'circle_3d': {'center': [-0.3882625145637242, -1.402128789466306, 75.00227668011036], 'normal': [0.2969946758573833, -0.434095844933989, -0.8505027689099042], 'radius': 2.446084079008014}, 'confidence': 0.9989488569604243, 'timestamp': 359910.954997, 'diameter_3d': 4.892168158016028, 'ellipse': {'center': [156.62289187547526, 108.64955146295947], 'axes': [34.13535113977387, 40.4509234539468], 'angle': -56.93185763115307}, 'location': [156.62289187547526, 108.64955146295947], 'diameter': 40.4509234539468, 'sphere': {'center': [-3.9521986248523238, 3.8070213497415617, 85.2083099070292], 'radius': 12.0}, 'projected_sphere': {'center': [131.2426739823612, 147.7009746985376], 'axes': [174.63085485717966, 174.63085485717966], 'angle': 90.0}, 'model_confidence': 0.7675686653160096, 'model_id': 1, 'model_birth_timestamp': 359909.669808, 'theta': 1.1217619432379795, 'phi': -1.2348353137878114, 'norm_pos': [0.48944653711086017, 0.5472935355710022], 'topic': 'pupil.1', 'id': 1, 'method': '3d c++'}"
1581494814.447472,"{'circle_3d': {'center': [-0.3808287097564884, -1.362629896496272, 74.98480645068803], 'normal': [0.2976141595913196, -0.43080427051981945, -0.8519586213617647], 'radius': 2.4325660236692093}, 'confidence': 0.999343321228847, 'timestamp': 359910.963396, 'diameter_3d': 4.8651320473384185, 'ellipse': {'center': [156.68477927542367, 108.96960981987908], 'axes': [34.023631940216546, 40.23645491044852], 'angle': -56.65404064107803}, 'location': [156.68477927542367, 108.96960981987908], 'diameter': 40.23645491044852, 'sphere': {'center': [-3.9521986248523238, 3.8070213497415617, 85.2083099070292], 'radius': 12.0}, 'projected_sphere': {'center': [131.2426739823612, 147.7009746985376], 'axes': [174.63085485717966, 174.63085485717966], 'angle': 90.0}, 'model_confidence': 0.7688035511325797, 'model_id': 1, 'model_birth_timestamp': 359909.669808, 'theta': 1.1254125268416761, 'phi': -1.2347190847829996, 'norm_pos': [0.48963993523569893, 0.5459599590838371], 'topic': 'pupil.1', 'id': 1, 'method': '3d c++'}"
1581494814.45531,"{'circle_3d': {'center': [-0.3959534663895541, -1.3256843118645802, 74.96094668695028], 'normal': [0.2963537632052308, -0.4277254718005118, -0.8539469350065773], 'radius': 2.439289475192916}, 'confidence': 0.9967718295690392, 'timestamp': 359910.971796, 'diameter_3d': 4.878578950385832, 'ellipse': {'center': [156.55794658988782, 109.2720215546738], 'axes': [34.22159346937063, 40.36042462489707], 'angle': -56.58049693504926}, 'location': [156.55794658988782, 109.2720215546738], 'diameter': 40.36042462489707, 'sphere': {'center': [-3.9521986248523238, 3.8070213497415617, 85.2083099070292], 'radius': 12.0}, 'projected_sphere': {'center': [131.2426739823612, 147.7009746985376], 'axes': [174.63085485717966, 174.63085485717966], 'angle': 90.0}, 'model_confidence': 0.7678748494568954, 'model_id': 1, 'model_birth_timestamp': 359909.669808, 'theta': 1.128821377600796, 'phi': -1.2367608886067016, 'norm_pos': [0.48924358309339944, 0.5446999101888592], 'topic': 'pupil.1', 'id': 1, 'method': '3d c++'}"
1581494814.462919,"{'circle_3d': {'center': [-0.39153085060589277, -1.3295780887887263, 74.96443411661016], 'normal': [0.29672231452053593, -0.42804995321085737, -0.8536563158682533], 'radius': 2.4840857507454395}, 'confidence': 0.9961917383732735, 'timestamp': 359910.980196, 'diameter_3d': 4.968171501490879, 'ellipse': {'center': [156.58834935236175, 109.24917063553846], 'axes': [34.8351097054961, 41.09992946466291], 'angle': -56.56409870141262}, 'location': [156.58834935236175, 109.24917063553846], 'diameter': 41.09992946466291, 'sphere': {'center': [-3.9521986248523238, 3.8070213497415617, 85.2083099070292], 'radius': 12.0}, 'projected_sphere': {'center': [131.2426739823612, 147.7009746985376], 'axes': [174.63085485717966, 174.63085485717966], 'angle': 90.0}, 'model_confidence': 0.7664824117938673, 'model_id': 1, 'model_birth_timestamp': 359909.669808, 'theta': 1.1284623712270923, 'phi': -1.2362702001060684, 'norm_pos': [0.4893385917261305, 0.5447951223519231], 'topic': 'pupil.1', 'id': 1, 'method': '3d c++'}"
1581494814.475297,"{'circle_3d': {'center': [-0.4550288523047685, -1.2951519895406873, 74.92542943520142], 'normal': [0.29143081437896295, -0.4251811116068541, -0.8569067059856483], 'radius': 2.428453950174668}, 'confidence': 0.99949499619926, 'timestamp': 359910.988596, 'diameter_3d': 4.856907900349336, 'ellipse': {'center': [156.07093471024075, 109.5171297135379], 'axes': [34.22111256686452, 40.20025064129961], 'angle': -56.922627004179354}, 'location': [156.07093471024075, 109.5171297135379], 'diameter': 40.20025064129961, 'sphere': {'center': [-3.9521986248523238, 3.8070213497415617, 85.2083099070292], 'radius': 12.0}, 'projected_sphere': {'center': [131.2426739823612, 147.7009746985376], 'axes': [174.63085485717966, 174.63085485717966], 'angle': 90.0}, 'model_confidence': 0.7678053594254441, 'model_id': 1, 'model_birth_timestamp': 359909.669808, 'theta': 1.1316343512089888, 'phi': -1.2429714864032695, 'norm_pos': [0.48772167096950236, 0.5436786261935921], 'topic': 'pupil.1', 'id': 1, 'method': '3d c++'}"
1581494814.482892,"{'circle_3d': {'center': [-0.4655841159213896, -1.3132255008403275, 74.9308300868], 'normal': [0.29055120907757787, -0.42668723754849075, -0.8564566516857671], 'radius': 2.4306733555819617}, 'confidence': 0.9977783238844284, 'timestamp': 359910.996996, 'diameter_3d': 4.8613467111639235, 'ellipse': {'center': [155.98414244192102, 109.36941809719454], 'axes': [34.228011224705284, 40.234240110894184], 'angle': -57.11407082080901}, 'location': [155.98414244192102, 109.36941809719454], 'diameter': 40.234240110894184, 'sphere': {'center': [-3.9521986248523238, 3.8070213497415617, 85.2083099070292], 'radius': 12.0}, 'projected_sphere': {'center': [131.2426739823612, 147.7009746985376], 'axes': [174.63085485717966, 174.63085485717966], 'angle': 90.0}, 'model_confidence': 0.7677146982195904, 'model_id': 1, 'model_birth_timestamp': 359909.669808, 'theta': 1.1299696711135814, 'phi': -1.2437320481232519, 'norm_pos': [0.4874504451310032, 0.5442940912616894], 'topic': 'pupil.1', 'id': 1, 'method': '3d c++'}"
1581494814.4913542,"{'circle_3d': {'center': [-0.49378337671385975, -1.2715847442456978, 74.90068534491215], 'normal': [0.28820127067820533, -0.4232171744989383, -0.8589687135097547], 'radius': 2.4557599473083562}, 'confidence': 0.9959304966874681, 'timestamp': 359911.005396, 'diameter_3d': 4.9115198946167125, 'ellipse': {'center': [155.7464533175447, 109.71368405912898], 'axes': [34.71314482978471, 40.66589046460248], 'angle': -57.13160599572636}, 'location': [155.7464533175447, 109.71368405912898], 'diameter': 40.66589046460248, 'sphere': {'center': [-3.9521986248523238, 3.8070213497415617, 85.2083099070292], 'radius': 12.0}, 'projected_sphere': {'center': [131.2426739823612, 147.7009746985376], 'axes': [174.63085485717966, 174.63085485717966], 'angle': 90.0}, 'model_confidence': 0.7661251168659566, 'model_id': 1, 'model_birth_timestamp': 359909.669808, 'theta': 1.1338030847874498, 'phi': -1.2470789730954661, 'norm_pos': [0.48670766661732723, 0.5428596497536293], 'topic': 'pupil.1', 'id': 1, 'method': '3d c++'}"
1581494814.498718,"{'circle_3d': {'center': [-0.5308251813163101, -1.3215425340135525, 74.91306652719067], 'normal': [0.28511445362800114, -0.4273803236462595, -0.8579369483198779], 'radius': 2.441412840531587}, 'confidence': 0.9931888404502961, 'timestamp': 359911.013796, 'diameter_3d': 4.882825681063174, 'ellipse': {'center': [155.44439877464464, 109.30102228753866], 'axes': [34.45307796955012, 40.422000869936504], 'angle': -57.73140354269174}, 'location': [155.44439877464464, 109.30102228753866], 'diameter': 40.422000869936504, 'sphere': {'center': [-3.9521986248523238, 3.8070213497415617, 85.2083099070292], 'radius': 12.0}, 'projected_sphere': {'center': [131.2426739823612, 147.7009746985376], 'axes': [174.63085485717966, 174.63085485717966], 'angle': 90.0}, 'model_confidence': 0.7659774195901581, 'model_id': 1, 'model_birth_timestamp': 359909.669808, 'theta': 1.1292031827437117, 'phi': -1.2499529617975909, 'norm_pos': [0.4857637461707645, 0.5445790738019223], 'topic': 'pupil.1', 'id': 1, 'method': '3d c++'}"
1581494814.507068,"{'circle_3d': {'center': [-0.5187732451234357, -1.2950697501288984, 74.9039294515891], 'normal': [0.286118781644074, -0.42517425832253836, -0.858698371286676], 'radius': 2.4612782240903726}, 'confidence': 0.996830853781429, 'timestamp': 359911.022196, 'diameter_3d': 4.922556448180745, 'ellipse': {'center': [155.54023783870082, 109.52179328132061], 'axes': [34.77503858897754, 40.75577393602449], 'angle': -57.48102842365047}, 'location': [155.54023783870082, 109.52179328132061], 'diameter': 40.75577393602449, 'sphere': {'center': [-3.9521986248523238, 3.8070213497415617, 85.2083099070292], 'radius': 12.0}, 'projected_sphere': {'center': [131.2426739823612, 147.7009746985376], 'axes': [174.63085485717966, 174.63085485717966], 'angle': 90.0}, 'model_confidence': 0.7663156226977108, 'model_id': 1, 'model_birth_timestamp': 359909.669808, 'theta': 1.1316419229793278, 'phi': -1.2491652695306537, 'norm_pos': [0.4860632432459401, 0.5436591946611642], 'topic': 'pupil.1', 'id': 1, 'method': '3d c++'}"
1581494814.5149062,"{'circle_3d': {'center': [-0.5175020136916029, -1.3178992143890111, 74.91568884140007], 'normal': [0.28622471759672674, -0.42707671367754774, -0.8577184221357612], 'radius': 2.4589482263273843}, 'confidence': 0.9966771802616778, 'timestamp': 359911.030596, 'diameter_3d': 4.917896452654769, 'ellipse': {'center': [155.55191994440153, 109.3347468104739], 'axes': [34.68997905527842, 40.71090219540271], 'angle': -57.594275648235175}, 'location': [155.55191994440153, 109.3347468104739], 'diameter': 40.71090219540271, 'sphere': {'center': [-3.9521986248523238, 3.8070213497415617, 85.2083099070292], 'radius': 12.0}, 'projected_sphere': {'center': [131.2426739823612, 147.7009746985376], 'axes': [174.63085485717966, 174.63085485717966], 'angle': 90.0}, 'model_confidence': 0.7668853838441847, 'model_id': 1, 'model_birth_timestamp': 359909.669808, 'theta': 1.1295389811107637, 'phi': -1.2487115283928496, 'norm_pos': [0.4860997498262548, 0.5444385549563587], 'topic': 'pupil.1', 'id': 1, 'method': '3d c++'}"
1581494814.523008,"{'circle_3d': {'center': [-0.518974870382368, -1.3132294753196492, 74.91287372684707], 'normal': [0.286101979539163, -0.42668756875510094, -0.8579530150151775], 'radius': 2.4319357769157923}, 'confidence': 0.9988113930280449, 'timestamp': 359911.038996, 'diameter_3d': 4.863871553831585, 'ellipse': {'center': [155.54319216598913, 109.36758387744685], 'axes': [34.32094156759989, 40.265049026948255], 'angle': -57.581829426526596}, 'location': [155.54319216598913, 109.36758387744685], 'diameter': 40.265049026948255, 'sphere': {'center': [-3.9521986248523238, 3.8070213497415617, 85.2083099070292], 'radius': 12.0}, 'projected_sphere': {'center': [131.2426739823612, 147.7009746985376], 'axes': [174.63085485717966, 174.63085485717966], 'angle': 90.0}, 'model_confidence': 0.767612196675671, 'model_id': 1, 'model_birth_timestamp': 359909.669808, 'theta': 1.1299693048962949, 'phi': -1.2489223708562451, 'norm_pos': [0.486072475518716, 0.5443017338439715], 'topic': 'pupil.1', 'id': 1, 'method': '3d c++'}"
1581494814.5309298,"{'circle_3d': {'center': [-0.5758193000143788, -1.313651145232777, 74.89430118810618], 'normal': [0.2813649437364954, -0.4267227079145282, -0.8595007265769187], 'radius': 2.4597192748417576}, 'confidence': 0.9986428702630638, 'timestamp': 359911.047396, 'diameter_3d': 4.919438549683515, 'ellipse': {'center': [155.07005994733245, 109.36743871546648], 'axes': [34.79169939124049, 40.73557809037182], 'angle': -58.08765158541618}, 'location': [155.07005994733245, 109.36743871546648], 'diameter': 40.73557809037182, 'sphere': {'center': [-3.9521986248523238, 3.8070213497415617, 85.2083099070292], 'radius': 12.0}, 'projected_sphere': {'center': [131.2426739823612, 147.7009746985376], 'axes': [174.63085485717966, 174.63085485717966], 'angle': 90.0}, 'model_confidence': 0.7681918983052372, 'model_id': 1, 'model_birth_timestamp': 359909.669808, 'theta': 1.1299304509414487, 'phi': -1.2544326472717326, 'norm_pos': [0.4845939373354139, 0.5443023386855563], 'topic': 'pupil.1', 'id': 1, 'method': '3d c++'}"
1581494814.538526,"{'circle_3d': {'center': [-0.5883870013550281, -1.3263201664227937, 74.8964925967755], 'normal': [0.2803176352914413, -0.427778459680363, -0.8593181091878085], 'radius': 2.4395084425793496}, 'confidence': 0.9971031968086731, 'timestamp': 359911.055796, 'diameter_3d': 4.879016885158699, 'ellipse': {'center': [154.96943797988985, 109.25941446096195], 'axes': [34.49509299427536, 40.39972276536191], 'angle': -58.26767757053004}, 'location': [154.96943797988985, 109.25941446096195], 'diameter': 40.39972276536191, 'sphere': {'center': [-3.9521986248523238, 3.8070213497415617, 85.2083099070292], 'radius': 12.0}, 'projected_sphere': {'center': [131.2426739823612, 147.7009746985376], 'axes': [174.63085485717966, 174.63085485717966], 'angle': 90.0}, 'model_confidence': 0.7675696359759732, 'model_id': 1, 'model_birth_timestamp': 359909.669808, 'theta': 1.1287627559552948, 'phi': -1.2554709659512837, 'norm_pos': [0.4842794936871558, 0.5447524397459919], 'topic': 'pupil.1', 'id': 1, 'method': '3d c++'}"
1581494814.5476391,"{'circle_3d': {'center': [-0.5913080680842269, -1.321436704459356, 74.89311079834843], 'normal': [0.2800742130640081, -0.42737150451674316, -0.8595999257233984], 'radius': 2.4498451562479198}, 'confidence': 0.9991657976415979, 'timestamp': 359911.064196, 'diameter_3d': 4.8996903124958395, 'ellipse': {'center': [154.94374594584113, 109.30126126455279], 'axes': [34.656096326801645, 40.572774562917004], 'angle': -58.267597311630695}, 'location': [154.94374594584113, 109.30126126455279], 'diameter': 40.572774562917004, 'sphere': {'center': [-3.9521986248523238, 3.8070213497415617, 85.2083099070292], 'radius': 12.0}, 'projected_sphere': {'center': [131.2426739823612, 147.7009746985376], 'axes': [174.63085485717966, 174.63085485717966], 'angle': 90.0}, 'model_confidence': 0.7685441881213895, 'model_id': 1, 'model_birth_timestamp': 359909.669808, 'theta': 1.1292129376192543, 'phi': -1.2558236121601836, 'norm_pos': [0.4841992060807535, 0.5445780780643634], 'topic': 'pupil.1', 'id': 1, 'method': '3d c++'}"
1581494814.558967,"{'circle_3d': {'center': [-0.5453414948126261, -1.2749925180136197, 74.88520671353929], 'normal': [0.28390476083664146, -0.4235011556462651, -0.860258599457493], 'radius': 2.450013459049435}, 'confidence': 0.9979840140036602, 'timestamp': 359911.072595, 'diameter_3d': 4.90002691809887, 'ellipse': {'center': [155.32154788397952, 109.68281401846342], 'axes': [34.69677752096421, 40.5793622205181], 'angle': -57.60632487218596}, 'location': [155.32154788397952, 109.68281401846342], 'diameter': 40.5793622205181, 'sphere': {'center': [-3.9521986248523238, 3.8070213497415617, 85.2083099070292], 'radius': 12.0}, 'projected_sphere': {'center': [131.2426739823612, 147.7009746985376], 'axes': [174.63085485717966, 174.63085485717966], 'angle': 90.0}, 'model_confidence': 0.768598487245975, 'model_id': 1, 'model_birth_timestamp': 359909.669808, 'theta': 1.133489626638641, 'phi': -1.2520284056915372, 'norm_pos': [0.485379837137436, 0.5429882749230691], 'topic': 'pupil.1', 'id': 1, 'method': '3d c++'}"
1581494814.5670102,"{'circle_3d': {'center': [-0.5517494566443366, -1.2573940158982797, 74.87445087670056], 'normal': [0.28337076401733224, -0.42203461380332014, -0.861154919194053], 'radius': 2.4967365363697898}, 'confidence': 0.985963938675267, 'timestamp': 359911.080995, 'diameter_3d': 4.9934730727395795, 'ellipse': {'center': [155.26163052378934, 109.83574561572244], 'axes': [35.40690253392975, 41.359333122546666], 'angle': -57.566697440984306}, 'location': [155.26163052378934, 109.83574561572244], 'diameter': 41.359333122546666, 'sphere': {'center': [-3.9521986248523238, 3.8070213497415617, 85.2083099070292], 'radius': 12.0}, 'projected_sphere': {'center': [131.2426739823612, 147.7009746985376], 'axes': [174.63085485717966, 174.63085485717966], 'angle': 90.0}, 'model_confidence': 0.7668108138747187, 'model_id': 1, 'model_birth_timestamp': 359909.669808, 'theta': 1.135107901423818, 'phi': -1.2528976056991366, 'norm_pos': [0.4851925953868417, 0.5423510599344898], 'topic': 'pupil.1', 'id': 1, 'method': '3d c++'}"
1581494814.576479,"{'circle_3d': {'center': [-0.6086517128610112, -1.2087702466016994, 74.83225436027321], 'normal': [0.27862890933260936, -0.4179826330286051, -0.8646712955629989], 'radius': 2.441585119696393}, 'confidence': 0.998315371809585, 'timestamp': 359911.089395, 'diameter_3d': 4.883170239392786, 'ellipse': {'center': [154.79678879146022, 110.22101613759493], 'axes': [34.8065973847868, 40.4683214670906], 'angle': -57.809359233292405}, 'location': [154.79678879146022, 110.22101613759493], 'diameter': 40.4683214670906, 'sphere': {'center': [-3.9521986248523238, 3.8070213497415617, 85.2083099070292], 'radius': 12.0}, 'projected_sphere': {'center': [131.2426739823612, 147.7009746985376], 'axes': [174.63085485717966, 174.63085485717966], 'angle': 90.0}, 'model_confidence': 0.7671110815253068, 'model_id': 1, 'model_birth_timestamp': 359909.669808, 'theta': 1.139572801147027, 'phi': -1.2590656761223555, 'norm_pos': [0.4837399649733132, 0.5407457660933545], 'topic': 'pupil.1', 'id': 1, 'method': '3d c++'}"
1581494814.583179,"{'circle_3d': {'center': [-0.5663851581221433, -1.1874330331771512, 74.83566836374561], 'normal': [0.28215112222751504, -0.41620453190989276, -0.8643867952736326], 'radius': 2.4208180195842632}, 'confidence': 0.9979704019416249, 'timestamp': 359911.097795, 'diameter_3d': 4.8416360391685265, 'ellipse': {'center': [155.14808763209155, 110.3931968892474], 'axes': [34.49838467094235, 40.12186762630611], 'angle': -57.30830399962938}, 'location': [155.14808763209155, 110.3931968892474], 'diameter': 40.12186762630611, 'sphere': {'center': [-3.9521986248523238, 3.8070213497415617, 85.2083099070292], 'radius': 12.0}, 'projected_sphere': {'center': [131.2426739823612, 147.7009746985376], 'axes': [174.63085485717966, 174.63085485717966], 'angle': 90.0}, 'model_confidence': 0.7671489530121867, 'model_id': 1, 'model_birth_timestamp': 359909.669808, 'theta': 1.1415292021834575, 'phi': -1.2552827300307214, 'norm_pos': [0.4848377738502861, 0.5400283462948025], 'topic': 'pupil.1', 'id': 1, 'method': '3d c++'}"
1581494814.5928252,"{'circle_3d': {'center': [-0.5651341287654574, -1.1524802864899035, 74.81931873273489], 'normal': [0.28225537467390555, -0.4132918030192888, -0.8657492645245265], 'radius': 2.4364250963498586}, 'confidence': 0.9970033198696575, 'timestamp': 359911.106195, 'diameter_3d': 4.872850192699717, 'ellipse': {'center': [155.1549969091636, 110.68259200761474], 'axes': [34.79302947130938, 40.38924128100064], 'angle': -57.099294180129796}, 'location': [155.1549969091636, 110.68259200761474], 'diameter': 40.38924128100064, 'sphere': {'center': [-3.9521986248523238, 3.8070213497415617, 85.2083099070292], 'radius': 12.0}, 'projected_sphere': {'center': [131.2426739823612, 147.7009746985376], 'axes': [174.63085485717966, 174.63085485717966], 'angle': 90.0}, 'model_confidence': 0.7674238599747474, 'model_id': 1, 'model_birth_timestamp': 359909.669808, 'theta': 1.1447302296697353, 'phi': -1.2556381824048606, 'norm_pos': [0.4848593653411363, 0.5388225333016052], 'topic': 'pupil.1', 'id': 1, 'method': '3d c++'}"
1581494814.60077,"{'circle_3d': {'center': [-0.6070406235523471, -1.1638014518258153, 74.81115459311007], 'normal': [0.2787631667749981, -0.4142352334639481, -0.8664296094932601], 'radius': 2.4771148866099297}, 'confidence': 0.9955725862491452, 'timestamp': 359911.114595, 'diameter_3d': 4.9542297732198595, 'ellipse': {'center': [154.8035298723697, 110.59635272247354], 'axes': [35.40804735024953, 41.068705188862744], 'angle': -57.54346029058543}, 'location': [154.8035298723697, 110.59635272247354], 'diameter': 41.068705188862744, 'sphere': {'center': [-3.9521986248523238, 3.8070213497415617, 85.2083099070292], 'radius': 12.0}, 'projected_sphere': {'center': [131.2426739823612, 147.7009746985376], 'axes': [174.63085485717966, 174.63085485717966], 'angle': 90.0}, 'model_confidence': 0.7656724779113944, 'model_id': 1, 'model_birth_timestamp': 359909.669808, 'theta': 1.1436939305901797, 'phi': -1.2595177886985318, 'norm_pos': [0.4837610308511553, 0.5391818636563602], 'topic': 'pupil.1', 'id': 1, 'method': '3d c++'}"
1581494814.6069021,"{'circle_3d': {'center': [-0.5295988192092356, -1.148957059998554, 74.8292883456005], 'normal': [0.28521665047025735, -0.41299820081167626, -0.8649184634523911], 'radius': 2.4753959140833754}, 'confidence': 0.9954872521816562, 'timestamp': 359911.122995, 'diameter_3d': 4.950791828166751, 'ellipse': {'center': [155.4433652093667, 110.7200884594151], 'axes': [35.30766618480564, 41.02978768354486], 'angle': -56.7593382820608}, 'location': [155.4433652093667, 110.7200884594151], 'diameter': 41.02978768354486, 'sphere': {'center': [-3.9521986248523238, 3.8070213497415617, 85.2083099070292], 'radius': 12.0}, 'projected_sphere': {'center': [131.2426739823612, 147.7009746985376], 'axes': [174.63085485717966, 174.63085485717966], 'angle': 90.0}, 'model_confidence': 0.7638865329973599, 'model_id': 1, 'model_birth_timestamp': 359909.669808, 'theta': 1.1450526337671008, 'phi': -1.252264025878403, 'norm_pos': [0.48576051627927097, 0.5386662980857704], 'topic': 'pupil.1', 'id': 1, 'method': '3d c++'}"
1581494814.6181262,"{'circle_3d': {'center': [-0.5689294680708072, -1.1303042222394266, 74.80752599383143], 'normal': [0.2819390963984597, -0.4114437976650823, -0.8667319927664807], 'radius': 2.4781339762779004}, 'confidence': 0.9922665027368054, 'timestamp': 359911.131395, 'diameter_3d': 4.956267952555801, 'ellipse': {'center': [155.1171546995412, 110.8722497089686], 'axes': [35.441557803546786, 41.08722646541994], 'angle': -57.00705428974028}, 'location': [155.1171546995412, 110.8722497089686], 'diameter': 41.08722646541994, 'sphere': {'center': [-3.9521986248523238, 3.8070213497415617, 85.2083099070292], 'radius': 12.0}, 'projected_sphere': {'center': [131.2426739823612, 147.7009746985376], 'axes': [174.63085485717966, 174.63085485717966], 'angle': 90.0}, 'model_confidence': 0.7597584837461313, 'model_id': 1, 'model_birth_timestamp': 359909.669808, 'theta': 1.1467587373151402, 'phi': -1.2563023151774912, 'norm_pos': [0.48474110843606627, 0.5380322928792975], 'topic': 'pupil.1', 'id': 1, 'method': '3d c++'}"
1581494814.623316,"{'circle_3d': {'center': [-0.4859942795993577, -1.3707258274213059, 74.9527571863646], 'normal': [0.28885036210441395, -0.43147893143023913, -0.8546293933887179], 'radius': 2.442014744990496}, 'confidence': 0.5189893961254985, 'timestamp': 359911.139795, 'diameter_3d': 4.884029489980992, 'ellipse': {'center': [155.81625119248918, 108.9010371214804], 'axes': [34.28979488476374, 40.41058919701121], 'angle': -57.6037744475015}, 'location': [155.81625119248918, 108.9010371214804], 'diameter': 40.41058919701121, 'sphere': {'center': [-3.9521986248523238, 3.8070213497415617, 85.2083099070292], 'radius': 12.0}, 'projected_sphere': {'center': [131.2426739823612, 147.7009746985376], 'axes': [174.63085485717966, 174.63085485717966], 'angle': 90.0}, 'model_confidence': 0.751152913900599, 'model_id': 1, 'model_birth_timestamp': 359909.669808, 'theta': 1.1246648013712275, 'phi': -1.2448667621780245, 'norm_pos': [0.48692578497652866, 0.5462456786604983], 'topic': 'pupil.1', 'id': 1, 'method': '3d c++'}"
1581494814.63359,"{'circle_3d': {'center': [-0.5785527396604913, -1.1541039144950753, 74.81572843975741], 'normal': [0.28113715709931936, -0.4134271053530531, -0.8660484556059829], 'radius': 2.4826296216905432}, 'confidence': 0.9936923131293787, 'timestamp': 359911.148195, 'diameter_3d': 4.9652592433810865, 'ellipse': {'center': [155.03792913622755, 110.67778248979909], 'axes': [35.46839132761079, 41.15744589813545], 'angle': -57.229961779877215}, 'location': [155.03792913622755, 110.67778248979909], 'diameter': 41.15744589813545, 'sphere': {'center': [-3.9521986248523238, 3.8070213497415617, 85.2083099070292], 'radius': 12.0}, 'projected_sphere': {'center': [131.2426739823612, 147.7009746985376], 'axes': [174.63085485717966, 174.63085485717966], 'angle': 90.0}, 'model_confidence': 0.7481933065289659, 'model_id': 1, 'model_birth_timestamp': 359909.669808, 'theta': 1.1445816385224101, 'phi': -1.256907633028253, 'norm_pos': [0.4844935285507111, 0.5388425729591705], 'topic': 'pupil.1', 'id': 1, 'method': '3d c++'}"
1581494814.6427038,"{'circle_3d': {'center': [-0.5595358216194528, -1.082849761753315, 74.78818516609985], 'normal': [0.2827219002694059, -0.4074892592912397, -0.8683437284107791], 'radius': 2.473741880910759}, 'confidence': 0.9944285433687644, 'timestamp': 359911.156595, 'diameter_3d': 4.947483761821518, 'ellipse': {'center': [155.19358271616932, 111.2607546841964], 'axes': [35.46587651622778, 41.02469834257548], 'angle': -56.64756968825669}, 'location': [155.19358271616932, 111.2607546841964], 'diameter': 41.02469834257548, 'sphere': {'center': [-3.9521986248523238, 3.8070213497415617, 85.2083099070292], 'radius': 12.0}, 'projected_sphere': {'center': [131.2426739823612, 147.7009746985376], 'axes': [174.63085485717966, 174.63085485717966], 'angle': 90.0}, 'model_confidence': 0.7457906599698583, 'model_id': 1, 'model_birth_timestamp': 359909.669808, 'theta': 1.1510933140628568, 'phi': -1.2560331077489888, 'norm_pos': [0.4849799459880291, 0.5364135221491817], 'topic': 'pupil.1', 'id': 1, 'method': '3d c++'}"
1581494814.650841,"{'circle_3d': {'center': [-0.5257278361075217, -1.0477119973763944, 74.78281893239115], 'normal': [0.2855392323954002, -0.40456111225982966, -0.8687909145531708], 'radius': 2.4625909473213032}, 'confidence': 0.9959573453247649, 'timestamp': 359911.164995, 'diameter_3d': 4.9251818946426065, 'ellipse': {'center': [155.47337439675414, 111.54781812872591], 'axes': [35.332039877982155, 40.84231348392001], 'angle': -56.13445873287531}, 'location': [155.47337439675414, 111.54781812872591], 'diameter': 40.84231348392001, 'sphere': {'center': [-3.9521986248523238, 3.8070213497415617, 85.2083099070292], 'radius': 12.0}, 'projected_sphere': {'center': [131.2426739823612, 147.7009746985376], 'axes': [174.63085485717966, 174.63085485717966], 'angle': 90.0}, 'model_confidence': 0.744507434235131, 'model_id': 1, 'model_birth_timestamp': 359909.669808, 'theta': 1.154297462378284, 'phi': -1.2532551486065264, 'norm_pos': [0.48585429498985666, 0.5352174244636421], 'topic': 'pupil.1', 'id': 1, 'method': '3d c++'}"
1581494814.658339,"{'circle_3d': {'center': [-0.5060389360933977, -1.002994747047631, 74.7685911106151], 'normal': [0.28717997406324386, -0.4008346747324327, -0.8699765663678416], 'radius': 2.4552829405815357}, 'confidence': 0.9926191426713933, 'timestamp': 359911.173395, 'diameter_3d': 4.9105658811630715, 'ellipse': {'center': [155.63561421747397, 111.91394135191679], 'axes': [35.29153331527238, 40.72851418324873], 'angle': -55.688893481668316}, 'location': [155.63561421747397, 111.91394135191679], 'diameter': 40.72851418324873, 'sphere': {'center': [-3.9521986248523238, 3.8070213497415617, 85.2083099070292], 'radius': 12.0}, 'projected_sphere': {'center': [131.2426739823612, 147.7009746985376], 'axes': [174.63085485717966, 174.63085485717966], 'angle': 90.0}, 'model_confidence': 0.7408672127821037, 'model_id': 1, 'model_birth_timestamp': 359909.669808, 'theta': 1.158368594747456, 'phi': -1.2519578541906824, 'norm_pos': [0.4863612944296062, 0.53369191103368], 'topic': 'pupil.1', 'id': 1, 'method': '3d c++'}"
1581494814.667017,"{'circle_3d': {'center': [-0.47292025971230744, -0.9863170247951762, 74.77190586708028], 'normal': [0.289939863761668, -0.39944486454472816, -0.8697003366624099], 'radius': 2.423058445429371}, 'confidence': 0.98758646931789, 'timestamp': 359911.181795, 'diameter_3d': 4.846116890858742, 'ellipse': {'center': [155.9133744014982, 112.0457259684676], 'axes': [34.8156049174641, 40.1918313521269], 'angle': -55.28897443478598}, 'location': [155.9133744014982, 112.0457259684676], 'diameter': 40.1918313521269, 'sphere': {'center': [-3.9521986248523238, 3.8070213497415617, 85.2083099070292], 'radius': 12.0}, 'projected_sphere': {'center': [131.2426739823612, 147.7009746985376], 'axes': [174.63085485717966, 174.63085485717966], 'angle': 90.0}, 'model_confidence': 0.7406824379084909, 'model_id': 1, 'model_birth_timestamp': 359909.669808, 'theta': 1.1598851031660167, 'phi': -1.2490046365096208, 'norm_pos': [0.4872292950046819, 0.5331428084647183], 'topic': 'pupil.1', 'id': 1, 'method': '3d c++'}"
1581494814.6766562,"{'circle_3d': {'center': [-0.39456153584941367, -1.2236674365434643, 74.91096128330587], 'normal': [0.2964697574169093, -0.4192240655237523, -0.8581123853102783], 'radius': 2.453650716312349}, 'confidence': 0.5911211810359084, 'timestamp': 359911.190194, 'diameter_3d': 4.907301432624698, 'ellipse': {'center': [156.56422292818803, 110.10881383231471], 'axes': [34.64437154800972, 40.62469285244763], 'angle': -55.9962729724696}, 'location': [156.56422292818803, 110.10881383231471], 'diameter': 40.62469285244763, 'sphere': {'center': [-3.9521986248523238, 3.8070213497415617, 85.2083099070292], 'radius': 12.0}, 'projected_sphere': {'center': [131.2426739823612, 147.7009746985376], 'axes': [174.63085485717966, 174.63085485717966], 'angle': 90.0}, 'model_confidence': 0.7319179647744534, 'model_id': 1, 'model_birth_timestamp': 359909.669808, 'theta': 1.1382058392433938, 'phi': -1.2381444306817788, 'norm_pos': [0.4892631966505876, 0.5412132756986887], 'topic': 'pupil.1', 'id': 1, 'method': '3d c++'}"
1581494814.682872,"{'circle_3d': {'center': [-0.39120592957268663, -1.2236155074115675, 74.91209585352306], 'normal': [0.29674939127330313, -0.41921973809609414, -0.8580178377921791], 'radius': 2.455937020148406}, 'confidence': 0.4640521964189249, 'timestamp': 359911.198594, 'diameter_3d': 4.911874040296812, 'ellipse': {'center': [156.59159842158306, 110.10980041775866], 'axes': [34.671860038863414, 40.66192734711971], 'angle': -55.96693495990816}, 'location': [156.59159842158306, 110.10980041775866], 'diameter': 40.66192734711971, 'sphere': {'center': [3.1288151564275357, -7.390223781503218, 71.70056965504821], 'radius': 12.0}, 'projected_sphere': {'center': [187.05509044513556, 56.096201653965586], 'axes': [207.52973193361993, 207.52973193361993], 'angle': 90.0}, 'model_confidence': 0.7319179647744534, 'model_id': 1, 'model_birth_timestamp': 359909.669808, 'theta': 1.1382106057428631, 'phi': -1.2378193026434656, 'norm_pos': [0.4893487450674471, 0.5412091649260056], 'topic': 'pupil.1', 'id': 1, 'method': '3d c++'}"
1581494814.6918411,"{'circle_3d': {'center': [-0.392340899421598, -0.6983751054405563, 62.38281126973711], 'normal': [-0.29342967132076114, 0.5576540563385551, -0.776479865442592], 'radius': 2.0998471634803915}, 'confidence': 0.03170725886548342, 'timestamp': 359911.206994, 'diameter_3d': 4.199694326960783, 'ellipse': {'center': [156.25903966346658, 112.75166245268375], 'axes': [32.605960205861805, 41.75109225338653], 'angle': -61.467935564354114}, 'location': [156.25903966346658, 112.75166245268375], 'diameter': 41.75109225338653, 'sphere': {'center': [3.1288151564275357, -7.390223781503218, 71.70056965504821], 'radius': 12.0}, 'projected_sphere': {'center': [187.05509044513556, 56.096201653965586], 'axes': [207.52973193361993, 207.52973193361993], 'angle': 90.0}, 'model_confidence': 0.7319179647744534, 'model_id': 1, 'model_birth_timestamp': 359909.669808, 'theta': 2.162353246910208, 'phi': -1.9321047030631557, 'norm_pos': [0.4883094989483331, 0.5302014064471511], 'topic': 'pupil.1', 'id': 1, 'method': '3d c++'}"
1581494814.699029,"{'circle_3d': {'center': [-0.6949665479100084, -0.43030365107666046, 62.704003351415665], 'normal': [-0.318648475361462, 0.5799933442022132, -0.7497138586360457], 'radius': 2.428815692402591}, 'confidence': 0.2937169110620795, 'timestamp': 359911.215394, 'diameter_3d': 4.857631384805182, 'ellipse': {'center': [153.34621675907715, 115.33772109200368], 'axes': [36.05162101334772, 48.05079774907355], 'angle': -60.36788748306618}, 'location': [153.34621675907715, 115.33772109200368], 'diameter': 48.05079774907355, 'sphere': {'center': [3.1288151564275357, -7.390223781503218, 71.70056965504821], 'radius': 12.0}, 'projected_sphere': {'center': [187.05509044513556, 56.096201653965586], 'axes': [207.52973193361993, 207.52973193361993], 'angle': 90.0}, 'model_confidence': 0.7319179647744534, 'model_id': 1, 'model_birth_timestamp': 359909.669808, 'theta': 2.189516847022971, 'phi': -1.9726896660732292, 'norm_pos': [0.4792069273721161, 0.5194261621166514], 'topic': 'pupil.1', 'id': 1, 'method': '3d c++'}"
1581494814.70653,"{'circle_3d': {'center': [-0.45712282858079556, -0.8757092872528176, 62.28238778847355], 'normal': [-0.29882816541736096, 0.5428762078542001, -0.784848488881222], 'radius': 2.427146237916739}, 'confidence': 0.27855704746518956, 'timestamp': 359911.223794, 'diameter_3d': 4.854292475833478, 'ellipse': {'center': [155.66780234052715, 110.87611038601392], 'axes': [38.20783576214278, 48.34124730923724], 'angle': -60.18101559086181}, 'location': [155.66780234052715, 110.87611038601392], 'diameter': 48.34124730923724, 'sphere': {'center': [3.1288151564275357, -7.390223781503218, 71.70056965504821], 'radius': 12.0}, 'projected_sphere': {'center': [187.05509044513556, 56.096201653965586], 'axes': [207.52973193361993, 207.52973193361993], 'angle': 90.0}, 'model_confidence': 0.7319179647744534, 'model_id': 1, 'model_birth_timestamp': 359909.669808, 'theta': 2.144654480634486, 'phi': -1.9345953152345683, 'norm_pos': [0.48646188231414733, 0.538016206724942], 'topic': 'pupil.1', 'id': 1, 'method': '3d c++'}"
1581494814.714638,"{'circle_3d': {'center': [-0.11213245100432223, -0.5077767772638895, 62.42004263123546], 'normal': [-0.2700789672859882, 0.5735372503532775, -0.7733772519843961], 'radius': 2.445722763351131}, 'confidence': 0.3522934903629017, 'timestamp': 359911.232194, 'diameter_3d': 4.891445526702262, 'ellipse': {'center': [159.08446723710398, 114.53083462579862], 'axes': [37.800695108068886, 48.60093176821865], 'angle': -64.42006063059236}, 'location': [159.08446723710398, 114.53083462579862], 'diameter': 48.60093176821865, 'sphere': {'center': [3.1288151564275357, -7.390223781503218, 71.70056965504821], 'radius': 12.0}, 'projected_sphere': {'center': [187.05509044513556, 56.096201653965586], 'axes': [207.52973193361993, 207.52973193361993], 'angle': 90.0}, 'model_confidence': 0.7319179647744534, 'model_id': 1, 'model_birth_timestamp': 359909.669808, 'theta': 2.1816137285237347, 'phi': -1.9067762880029595, 'norm_pos': [0.49713896011594993, 0.5227881890591723], 'topic': 'pupil.1', 'id': 1, 'method': '3d c++'}"
1581494814.727166,"{'circle_3d': {'center': [-0.6847683092596593, -0.8911193298354423, 62.36149997565566], 'normal': [-0.3177986221405996, 0.5415920376389814, -0.7782558066160461], 'radius': 2.4453153055655843}, 'confidence': 0.32916229640071326, 'timestamp': 359911.240594, 'diameter_3d': 4.890630611131169, 'ellipse': {'center': [153.42380244334467, 110.73303295695439], 'axes': [38.06527763003933, 48.64445786081053], 'angle': -58.38243736440813}, 'location': [153.42380244334467, 110.73303295695439], 'diameter': 48.64445786081053, 'sphere': {'center': [3.1288151564275357, -7.390223781503218, 71.70056965504821], 'radius': 12.0}, 'projected_sphere': {'center': [187.05509044513556, 56.096201653965586], 'axes': [207.52973193361993, 207.52973193361993], 'angle': 90.0}, 'model_confidence': 0.7319179647744534, 'model_id': 1, 'model_birth_timestamp': 359909.669808, 'theta': 2.143126120061504, 'phi': -1.9584778370606626, 'norm_pos': [0.4794493826354521, 0.5386123626793566], 'topic': 'pupil.1', 'id': 1, 'method': '3d c++'}"
1581494814.735397,"{'circle_3d': {'center': [-0.16124875525612792, -0.42713066834289837, 62.49780845231693], 'normal': [-0.2741719926403053, 0.5802577594300267, -0.7668967668942734], 'radius': 2.4120625510007954}, 'confidence': 0.3740042996972314, 'timestamp': 359911.248994, 'diameter_3d': 4.824125102001591, 'ellipse': {'center': [158.59367113836254, 115.34890410642664], 'axes': [36.87941958265369, 47.87235520533364], 'angle': -64.34313360856058}, 'location': [158.59367113836254, 115.34890410642664], 'diameter': 47.87235520533364, 'sphere': {'center': [3.1288151564275357, -7.390223781503218, 71.70056965504821], 'radius': 12.0}, 'projected_sphere': {'center': [187.05509044513556, 56.096201653965586], 'axes': [207.52973193361993, 207.52973193361993], 'angle': 90.0}, 'model_confidence': 0.7319179647744534, 'model_id': 1, 'model_birth_timestamp': 359909.669808, 'theta': 2.189841471263471, 'phi': -1.914144371283465, 'norm_pos': [0.4956052223073829, 0.5193795662232223], 'topic': 'pupil.1', 'id': 1, 'method': '3d c++'}"
1581494814.744545,"{'circle_3d': {'center': [-0.8455458123377277, -0.519576059495769, 62.7006443903569], 'normal': [-0.33119674739710536, 0.5725539768339543, -0.7499937720576096], 'radius': 2.4520588696164927}, 'confidence': 0.3132720610055075, 'timestamp': 359911.257394, 'diameter_3d': 4.904117739232985, 'ellipse': {'center': [151.86912008278358, 114.45140912052153], 'axes': [36.402860898535096, 48.515486802227834], 'angle': -58.922390362857975}, 'location': [151.86912008278358, 114.45140912052153], 'diameter': 48.515486802227834, 'sphere': {'center': [3.1288151564275357, -7.390223781503218, 71.70056965504821], 'radius': 12.0}, 'projected_sphere': {'center': [187.05509044513556, 56.096201653965586], 'axes': [207.52973193361993, 207.52973193361993], 'angle': 90.0}, 'model_confidence': 0.7319179647744534, 'model_id': 1, 'model_birth_timestamp': 359909.669808, 'theta': 2.1804139170530648, 'phi': -1.9866423324901055, 'norm_pos': [0.4745910002586987, 0.5231191286644936], 'topic': 'pupil.1', 'id': 1, 'method': '3d c++'}"
1581494814.751057,"{'circle_3d': {'center': [-0.050020573510972444, -0.4751883061754256, 62.42278501769947], 'normal': [-0.26490297749487574, 0.5762529562773161, -0.7731487197790622], 'radius': 2.4379317862809113}, 'confidence': 0.324022825415891, 'timestamp': 359911.265794, 'diameter_3d': 4.875863572561823, 'ellipse': {'center': [159.69668209481395, 114.8558126704003], 'axes': [37.667330832059484, 48.44363671070579], 'angle': -65.03248594722756}, 'location': [159.69668209481395, 114.8558126704003], 'diameter': 48.44363671070579, 'sphere': {'center': [3.1288151564275357, -7.390223781503218, 71.70056965504821], 'radius': 12.0}, 'projected_sphere': {'center': [187.05509044513556, 56.096201653965586], 'axes': [207.52973193361993, 207.52973193361993], 'angle': 90.0}, 'model_confidence': 0.7319179647744534, 'model_id': 1, 'model_birth_timestamp': 359909.669808, 'theta': 2.184932744661955, 'phi': -1.90088929601027, 'norm_pos': [0.4990521315462936, 0.521434113873332], 'topic': 'pupil.1', 'id': 1, 'method': '3d c++'}"
1581494814.7596328,"{'circle_3d': {'center': [-0.0697401110892808, -0.3421196452542059, 62.530320351717904], 'normal': [-0.26654627229306804, 0.5873420113540844, -0.7641874419441924], 'radius': 2.4205180472509995}, 'confidence': 0.3585467620025479, 'timestamp': 359911.274194, 'diameter_3d': 4.841036094501999, 'ellipse': {'center': [159.4974344330467, 116.18846008786309], 'axes': [36.84358353339306, 48.01502091721144], 'angle': -65.36456912613141}, 'location': [159.4974344330467, 116.18846008786309], 'diameter': 48.01502091721144, 'sphere': {'center': [3.1288151564275357, -7.390223781503218, 71.70056965504821], 'radius': 12.0}, 'projected_sphere': {'center': [187.05509044513556, 56.096201653965586], 'axes': [207.52973193361993, 207.52973193361993], 'angle': 90.0}, 'model_confidence': 0.7319179647744534, 'model_id': 1, 'model_birth_timestamp': 359909.669808, 'theta': 2.1985670905542496, 'phi': -1.9063990121421073, 'norm_pos': [0.4984294826032709, 0.5158814163005705], 'topic': 'pupil.1', 'id': 1, 'method': '3d c++'}"
1581494814.7686558,"{'circle_3d': {'center': [-0.512120799866421, -0.02663321518970818, 62.95293458413536], 'normal': [-0.3034113296911631, 0.6136325471927926, -0.7289695892427376], 'radius': 2.4441114917020434}, 'confidence': 0.3727244963161287, 'timestamp': 359911.282594, 'diameter_3d': 4.888222983404087, 'ellipse': {'center': [155.15959522734303, 119.31917684083457], 'axes': [35.01169118638713, 48.16063848375386], 'angle': -63.23735029546077}, 'location': [155.15959522734303, 119.31917684083457], 'diameter': 48.16063848375386, 'sphere': {'center': [3.1288151564275357, -7.390223781503218, 71.70056965504821], 'radius': 12.0}, 'projected_sphere': {'center': [187.05509044513556, 56.096201653965586], 'axes': [207.52973193361993, 207.52973193361993], 'angle': 90.0}, 'model_confidence': 0.7319179647744534, 'model_id': 1, 'model_birth_timestamp': 359909.669808, 'theta': 2.2314492774632235, 'phi': -1.9652063352214428, 'norm_pos': [0.48487373508544696, 0.5028367631631893], 'topic': 'pupil.1', 'id': 1, 'method': '3d c++'}"
1581494814.77488,"{'circle_3d': {'center': [-0.43764858288905417, -0.5925259049207208, 62.477140792914255], 'normal': [-0.2972053116097158, 0.5664748230485415, -0.7686190718444964], 'radius': 2.416030121686436}, 'confidence': 0.343087492107461, 'timestamp': 359911.290994, 'diameter_3d': 4.832060243372872, 'ellipse': {'center': [155.86620584837135, 113.71245667629337], 'axes': [37.0348312014521, 47.968991667516406], 'angle': -61.57235053960906}, 'location': [155.86620584837135, 113.71245667629337], 'diameter': 47.968991667516406, 'sphere': {'center': [3.1288151564275357, -7.390223781503218, 71.70056965504821], 'radius': 12.0}, 'projected_sphere': {'center': [187.05509044513556, 56.096201653965586], 'axes': [207.52973193361993, 207.52973193361993], 'angle': 90.0}, 'model_confidence': 0.7319179647744534, 'model_id': 1, 'model_birth_timestamp': 359909.669808, 'theta': 2.1730181439553924, 'phi': -1.9397625927571107, 'norm_pos': [0.48708189327616047, 0.526198097182111], 'topic': 'pupil.1', 'id': 1, 'method': '3d c++'}"
1581494814.783333,"{'circle_3d': {'center': [-0.41170088607396904, -0.12437179652691555, 62.83083791811246], 'normal': [-0.2950430035417921, 0.605487665414692, -0.739144311411313], 'radius': 2.4355929135554764}, 'confidence': 0.3558849008145268, 'timestamp': 359911.299393, 'diameter_3d': 4.871185827110953, 'ellipse': {'center': [156.13797410383526, 118.35465086275029], 'axes': [35.517068649541635, 48.08521071803137], 'angle': -63.5968431592969}, 'location': [156.13797410383526, 118.35465086275029], 'diameter': 48.08521071803137, 'sphere': {'center': [3.1288151564275357, -7.390223781503218, 71.70056965504821], 'radius': 12.0}, 'projected_sphere': {'center': [187.05509044513556, 56.096201653965586], 'axes': [207.52973193361993, 207.52973193361993], 'angle': 90.0}, 'model_confidence': 0.7319179647744534, 'model_id': 1, 'model_birth_timestamp': 359909.669808, 'theta': 2.2211748083471554, 'phi': -1.950585545112628, 'norm_pos': [0.4879311690744852, 0.5068556214052071], 'topic': 'pupil.1', 'id': 1, 'method': '3d c++'}"
1581494814.790928,"{'circle_3d': {'center': [-0.3883525368241689, -0.8065478739688672, 62.304573541697685], 'normal': [-0.29309730777097537, 0.5486396589611959, -0.782999676112544], 'radius': 2.4414202007316623}, 'confidence': 0.3138064782812723, 'timestamp': 359911.307793, 'diameter_3d': 4.882840401463325, 'ellipse': {'center': [156.3517710073949, 111.55997028969296], 'axes': [38.32218552350729, 48.60749280192422], 'angle': -61.026222355606876}, 'location': [156.3517710073949, 111.55997028969296], 'diameter': 48.60749280192422, 'sphere': {'center': [3.1288151564275357, -7.390223781503218, 71.70056965504821], 'radius': 12.0}, 'projected_sphere': {'center': [187.05509044513556, 56.096201653965586], 'axes': [207.52973193361993, 207.52973193361993], 'angle': 90.0}, 'model_confidence': 0.7319179647744534, 'model_id': 1, 'model_birth_timestamp': 359909.669808, 'theta': 2.1515326068537757, 'phi': -1.9289761536203254, 'norm_pos': [0.488599284398109, 0.5351667904596127], 'topic': 'pupil.1', 'id': 1, 'method': '3d c++'}"
1581494814.8008478,"{'circle_3d': {'center': [-0.025752454908515077, -0.42559763322837085, 62.45164075488492], 'normal': [-0.2628806342780043, 0.5803855123562374, -0.7707440750136079], 'radius': 2.4288995258948445}, 'confidence': 0.3776824525400521, 'timestamp': 359911.316193, 'diameter_3d': 4.857799051789689, 'ellipse': {'center': [159.93431423887833, 115.35243110615163], 'axes': [37.37870893776291, 48.24174471541511], 'angle': -65.40660157194354}, 'location': [159.93431423887833, 115.35243110615163], 'diameter': 48.24174471541511, 'sphere': {'center': [3.1288151564275357, -7.390223781503218, 71.70056965504821], 'radius': 12.0}, 'projected_sphere': {'center': [187.05509044513556, 56.096201653965586], 'axes': [207.52973193361993, 207.52973193361993], 'angle': 90.0}, 'model_confidence': 0.7319179647744534, 'model_id': 1, 'model_birth_timestamp': 359909.669808, 'theta': 2.1899983412374366, 'phi': -1.8994970774008022, 'norm_pos': [0.49979473199649477, 0.519364870391035], 'topic': 'pupil.1', 'id': 1, 'method': '3d c++'}"
1581494814.812903,"{'circle_3d': {'center': [-0.6332684245683544, -0.6171756056177102, 62.536916151301185], 'normal': [-0.3135069650829908, 0.5644206813237923, -0.7636377919789189], 'radius': 2.436017336034119}, 'confidence': 0.4381910559561951, 'timestamp': 359911.324593, 'diameter_3d': 4.872034672068238, 'ellipse': {'center': [153.94307815240217, 113.47162237212123], 'axes': [37.0209233783563, 48.32188031174408], 'angle': -60.01336337793532}, 'location': [153.94307815240217, 113.47162237212123], 'diameter': 48.32188031174408, 'sphere': {'center': [3.1288151564275357, -7.390223781503218, 71.70056965504821], 'radius': 12.0}, 'projected_sphere': {'center': [187.05509044513556, 56.096201653965586], 'axes': [207.52973193361993, 207.52973193361993], 'angle': 90.0}, 'model_confidence': 0.7319179647744534, 'model_id': 1, 'model_birth_timestamp': 359909.669808, 'theta': 2.1705276219363365, 'phi': -1.9603592400761911, 'norm_pos': [0.48107211922625676, 0.5272015734494948], 'topic': 'pupil.1', 'id': 1, 'method': '3d c++'}"
1581494814.821142,"{'circle_3d': {'center': [0.10243943098033581, -0.4758698058705937, 62.371434696860646], 'normal': [-0.25219797712059994, 0.5761961646360519, -0.7774279131822971], 'radius': 2.465508310079415}, 'confidence': 0.37011223213417016, 'timestamp': 359911.332993, 'diameter_3d': 4.93101662015883, 'ellipse': {'center': [161.2089892585096, 114.83247263769421], 'axes': [38.36626291288101, 49.0317316991549], 'angle': -66.24816196635392}, 'location': [161.2089892585096, 114.83247263769421], 'diameter': 49.0317316991549, 'sphere': {'center': [3.1288151564275357, -7.390223781503218, 71.70056965504821], 'radius': 12.0}, 'projected_sphere': {'center': [187.05509044513556, 56.096201653965586], 'axes': [207.52973193361993, 207.52973193361993], 'angle': 90.0}, 'model_confidence': 0.7319179647744534, 'model_id': 1, 'model_birth_timestamp': 359909.669808, 'theta': 2.184863257034534, 'phi': -1.8844858721230429, 'norm_pos': [0.5037780914328425, 0.5215313640096075], 'topic': 'pupil.1', 'id': 1, 'method': '3d c++'}"
1581494814.82706,"{'circle_3d': {'center': [-0.6243792571438926, -0.6542918326173517, 62.50596512445991], 'normal': [-0.3127662011309523, 0.5613276624071555, -0.7662170442156916], 'radius': 2.446225124432215}, 'confidence': 0.3321429582516123, 'timestamp': 359911.341393, 'diameter_3d': 4.89245024886443, 'ellipse': {'center': [154.0305427165646, 113.09725630324478], 'axes': [37.33688000335049, 48.548517367635085], 'angle': -59.91551170414629}, 'location': [154.0305427165646, 113.09725630324478], 'diameter': 48.548517367635085, 'sphere': {'center': [3.1288151564275357, -7.390223781503218, 71.70056965504821], 'radius': 12.0}, 'projected_sphere': {'center': [187.05509044513556, 56.096201653965586], 'axes': [207.52973193361993, 207.52973193361993], 'angle': 90.0}, 'model_confidence': 0.7319179647744534, 'model_id': 1, 'model_birth_timestamp': 359909.669808, 'theta': 2.1667854999465868, 'phi': -1.9583475976944313, 'norm_pos': [0.48134544598926443, 0.5287614320698134], 'topic': 'pupil.1', 'id': 1, 'method': '3d c++'}"
1581494814.834871,"{'circle_3d': {'center': [0.028659159864638628, -0.5152077629946135, 62.366589392468626], 'normal': [-0.25834633304690796, 0.5729180015423835, -0.7778316885482985], 'radius': 2.4391903037255607}, 'confidence': 0.3153274313504516, 'timestamp': 359911.349793, 'diameter_3d': 4.878380607451121, 'ellipse': {'center': [160.47576993820235, 114.45222742633595], 'axes': [37.98060878653756, 48.511932378239855], 'angle': -65.51102251821675}, 'location': [160.47576993820235, 114.45222742633595], 'diameter': 48.511932378239855, 'sphere': {'center': [3.1288151564275357, -7.390223781503218, 71.70056965504821], 'radius': 12.0}, 'projected_sphere': {'center': [187.05509044513556, 56.096201653965586], 'axes': [207.52973193361993, 207.52973193361993], 'angle': 90.0}, 'model_confidence': 0.7319179647744534, 'model_id': 1, 'model_birth_timestamp': 359909.669808, 'theta': 2.1808579904968433, 'phi': -1.8914693892091112, 'norm_pos': [0.5014867810568824, 0.5231157190569335], 'topic': 'pupil.1', 'id': 1, 'method': '3d c++'}"
1581494814.851326,"{'circle_3d': {'center': [-0.5993204343164016, -0.6967623395246685, 62.46484667621354], 'normal': [-0.3106779658953281, 0.5577884534982124, -0.7696435815695559], 'radius': 2.420942703757864}, 'confidence': 0.34214655581389725, 'timestamp': 359911.358193, 'diameter_3d': 4.841885407515728, 'ellipse': {'center': [154.27057142204436, 112.67994023810776], 'axes': [37.16286737545396, 48.07790089118455], 'angle': -59.9123715491601}, 'location': [154.27057142204436, 112.67994023810776], 'diameter': 48.07790089118455, 'sphere': {'center': [3.1288151564275357, -7.390223781503218, 71.70056965504821], 'radius': 12.0}, 'projected_sphere': {'center': [187.05509044513556, 56.096201653965586], 'axes': [207.52973193361993, 207.52973193361993], 'angle': 90.0}, 'model_confidence': 0.7319179647744534, 'model_id': 1, 'model_birth_timestamp': 359909.669808, 'theta': 2.1625151656758193, 'phi': -1.954457953164421, 'norm_pos': [0.48209553569388863, 0.5305002490078843], 'topic': 'pupil.1', 'id': 1, 'method': '3d c++'}"
1581494814.853806,"{'circle_3d': {'center': [0.07070627511118621, -0.46158330364577793, 62.392405969411314], 'normal': [-0.25484240677636244, 0.5773867064881201, -0.7756803071364082], 'radius': 2.4495882877883877}, 'confidence': 0.3584046179629044, 'timestamp': 359911.366593, 'diameter_3d': 4.899176575576775, 'ellipse': {'center': [160.89207958578203, 114.98209662738229], 'axes': [38.00821833343748, 48.69868750016807], 'angle': -66.04378716165813}, 'location': [160.89207958578203, 114.98209662738229], 'diameter': 48.69868750016807, 'sphere': {'center': [3.1288151564275357, -7.390223781503218, 71.70056965504821], 'radius': 12.0}, 'projected_sphere': {'center': [187.05509044513556, 56.096201653965586], 'axes': [207.52973193361993, 207.52973193361993], 'angle': 90.0}, 'model_confidence': 0.7319179647744534, 'model_id': 1, 'model_birth_timestamp': 359909.669808, 'theta': 2.1863206625638862, 'phi': -1.8882271594933129, 'norm_pos': [0.5027877487055689, 0.5209079307192405], 'topic': 'pupil.1', 'id': 1, 'method': '3d c++'}"
1581494814.859238,"{'circle_3d': {'center': [-0.5564675064587781, -0.65201481232946, 62.480199186223444], 'normal': [-0.3071068885738595, 0.5615174140978132, -0.7683642057353973], 'radius': 2.42956389844243}, 'confidence': 0.35610231681320825, 'timestamp': 359911.374993, 'diameter_3d': 4.85912779688486, 'ellipse': {'center': [154.69602568179718, 113.1212257229297], 'axes': [37.21946404022206, 48.236779599554936], 'angle': -60.427750987365606}, 'location': [154.69602568179718, 113.1212257229297], 'diameter': 48.236779599554936, 'sphere': {'center': [3.1288151564275357, -7.390223781503218, 71.70056965504821], 'radius': 12.0}, 'projected_sphere': {'center': [187.05509044513556, 56.096201653965586], 'axes': [207.52973193361993, 207.52973193361993], 'angle': 90.0}, 'model_confidence': 0.7319179647744534, 'model_id': 1, 'model_birth_timestamp': 359909.669808, 'theta': 2.1670147990093134, 'phi': -1.9510347597315645, 'norm_pos': [0.4834250802556162, 0.5286615594877929], 'topic': 'pupil.1', 'id': 1, 'method': '3d c++'}"
1581494814.867237,"{'circle_3d': {'center': [0.11364540435659931, -0.4189080973320767, 62.41027854024315], 'normal': [-0.25126414600591135, 0.5809429736809285, -0.7741909262337554], 'radius': 2.4493889933331814}, 'confidence': 0.39547105172019587, 'timestamp': 359911.383393, 'diameter_3d': 4.898777986666363, 'ellipse': {'center': [161.3155640701957, 115.4061095424824], 'axes': [37.91198258833713, 48.68078627206665], 'angle': -66.53968165216531}, 'location': [161.3155640701957, 115.4061095424824], 'diameter': 48.68078627206665, 'sphere': {'center': [3.1288151564275357, -7.390223781503218, 71.70056965504821], 'radius': 12.0}, 'projected_sphere': {'center': [187.05509044513556, 56.096201653965586], 'axes': [207.52973193361993, 207.52973193361993], 'angle': 90.0}, 'model_confidence': 0.7319179647744534, 'model_id': 1, 'model_birth_timestamp': 359909.669808, 'theta': 2.1906830627947915, 'phi': -1.8846217244129846, 'norm_pos': [0.5041111377193616, 0.5191412102396566], 'topic': 'pupil.1', 'id': 1, 'method': '3d c++'}"
1581494814.8755488,"{'circle_3d': {'center': [-0.5357525531780394, -0.7094812811532201, 62.430260968400646], 'normal': [-0.3053806424671313, 0.5567285416958333, -0.7725257238872973], 'radius': 2.44960045708297}, 'confidence': 0.35936577573154216, 'timestamp': 359911.391793, 'diameter_3d': 4.89920091416594, 'ellipse': {'center': [154.90142138534455, 112.5389188832317], 'axes': [37.78729136425167, 48.67364167274149], 'angle': -60.33014477372109}, 'location': [154.90142138534455, 112.5389188832317], 'diameter': 48.67364167274149, 'sphere': {'center': [3.1288151564275357, -7.390223781503218, 71.70056965504821], 'radius': 12.0}, 'projected_sphere': {'center': [187.05509044513556, 56.096201653965586], 'axes': [207.52973193361993, 207.52973193361993], 'angle': 90.0}, 'model_confidence': 0.7319179647744534, 'model_id': 1, 'model_birth_timestamp': 359909.669808, 'theta': 2.161238684761961, 'phi': -1.9472457948824553, 'norm_pos': [0.48406694182920174, 0.5310878379865346], 'topic': 'pupil.1', 'id': 1, 'method': '3d c++'}"
1581494814.8833768,"{'circle_3d': {'center': [0.11857630873183078, -0.5683862700153508, 62.298389320323686], 'normal': [-0.25085323730797543, 0.5684864592906557, -0.7835150278937106], 'radius': 2.461039229800919}, 'confidence': 0.38348435051349117, 'timestamp': 359911.400193, 'diameter_3d': 4.922078459601838, 'ellipse': {'center': [161.37107986660826, 113.90872535094887], 'axes': [38.681198486833416, 48.99989199776931], 'angle': -66.04492777879425}, 'location': [161.37107986660826, 113.90872535094887], 'diameter': 48.99989199776931, 'sphere': {'center': [3.1288151564275357, -7.390223781503218, 71.70056965504821], 'radius': 12.0}, 'projected_sphere': {'center': [187.05509044513556, 56.096201653965586], 'axes': [207.52973193361993, 207.52973193361993], 'angle': 90.0}, 'model_confidence': 0.7319179647744534, 'model_id': 1, 'model_birth_timestamp': 359909.669808, 'theta': 2.1754612698404165, 'phi': -1.8806479517676795, 'norm_pos': [0.5042846245831508, 0.5253803110377131], 'topic': 'pupil.1', 'id': 1, 'method': '3d c++'}"
1581494814.895242,"{'circle_3d': {'center': [-0.5515217765416431, -0.5587764355435132, 62.54707593848276], 'normal': [-0.3066947444140982, 0.5692872788299753, -0.7627911430471207], 'radius': 2.452712695813697}, 'confidence': 0.4059503629191553, 'timestamp': 359911.408592, 'diameter_3d': 4.905425391627394, 'ellipse': {'center': [154.7526878895508, 114.04327211739552], 'axes': [37.22790023634321, 48.644372709507344], 'angle': -60.86547228343957}, 'location': [154.7526878895508, 114.04327211739552], 'diameter': 48.644372709507344, 'sphere': {'center': [3.1288151564275357, -7.390223781503218, 71.70056965504821], 'radius': 12.0}, 'projected_sphere': {'center': [187.05509044513556, 56.096201653965586], 'axes': [207.52973193361993, 207.52973193361993], 'angle': 90.0}, 'model_confidence': 0.7319179647744534, 'model_id': 1, 'model_birth_timestamp': 359909.669808, 'theta': 2.176435010406876, 'phi': -1.953085132711737, 'norm_pos': [0.48360214965484627, 0.5248196995108521], 'topic': 'pupil.1', 'id': 1, 'method': '3d c++'}"
1581494814.9041762,"{'circle_3d': {'center': [-0.36434648875156084, -0.8403711889579899, 62.27203568965474], 'normal': [-0.29109680376492464, 0.5458210493787689, -0.7857111637827889], 'radius': 2.433240927807819}, 'confidence': 0.2995767924489624, 'timestamp': 359911.416992, 'diameter_3d': 4.866481855615638, 'ellipse': {'center': [156.58696665694617, 111.22190583676755], 'axes': [38.36363726060009, 48.469679441066894], 'angle': -61.063107443978595}, 'location': [156.58696665694617, 111.22190583676755], 'diameter': 48.469679441066894, 'sphere': {'center': [3.1288151564275357, -7.390223781503218, 71.70056965504821], 'radius': 12.0}, 'projected_sphere': {'center': [187.05509044513556, 56.096201653965586], 'axes': [207.52973193361993, 207.52973193361993], 'angle': 90.0}, 'model_confidence': 0.7319179647744534, 'model_id': 1, 'model_birth_timestamp': 359909.669808, 'theta': 2.148165016536205, 'phi': -1.9256056905671275, 'norm_pos': [0.4893342708029568, 0.536575392346802], 'topic': 'pupil.1', 'id': 1, 'method': '3d c++'}"
1581494814.9111779,"{'circle_3d': {'center': [0.08935227970079751, -0.5049177881962352, 62.35422134142695], 'normal': [-0.25328857306056146, 0.5737754994422485, -0.7788623594684385], 'radius': 2.455982627300268}, 'confidence': 0.35657607663399793, 'timestamp': 359911.425392, 'diameter_3d': 4.911965254600536, 'ellipse': {'center': [161.07885749623367, 114.54633084889814], 'axes': [38.3080689017301, 48.85561972395791], 'angle': -66.03795447044324}, 'location': [161.07885749623367, 114.54633084889814], 'diameter': 48.85561972395791, 'sphere': {'center': [3.1288151564275357, -7.390223781503218, 71.70056965504821], 'radius': 12.0}, 'projected_sphere': {'center': [187.05509044513556, 56.096201653965586], 'axes': [207.52973193361993, 207.52973193361993], 'angle': 90.0}, 'model_confidence': 0.7319179647744534, 'model_id': 1, 'model_birth_timestamp': 359909.669808, 'theta': 2.1819045968373008, 'phi': -1.8852120504233785, 'norm_pos': [0.5033714296757302, 0.5227236214629245], 'topic': 'pupil.1', 'id': 1, 'method': '3d c++'}"
1581494814.918837,"{'circle_3d': {'center': [-0.6159348106896343, -0.7118089282439417, 62.460676650714134], 'normal': [-0.31206249725976415, 0.5565345711049398, -0.7699910836945065], 'radius': 2.4659461867166494}, 'confidence': 0.3942106555926818, 'timestamp': 359911.433792, 'diameter_3d': 4.931892373433299, 'ellipse': {'center': [154.11455096883378, 112.51554336601451], 'axes': [37.87506620645223, 48.97570099602661], 'angle': -59.722027254319286}, 'location': [154.11455096883378, 112.51554336601451], 'diameter': 48.97570099602661, 'sphere': {'center': [3.1288151564275357, -7.390223781503218, 71.70056965504821], 'radius': 12.0}, 'projected_sphere': {'center': [187.05509044513556, 56.096201653965586], 'axes': [207.52973193361993, 207.52973193361993], 'angle': 90.0}, 'model_confidence': 0.7319179647744534, 'model_id': 1, 'model_birth_timestamp': 359909.669808, 'theta': 2.1610051989010763, 'phi': -1.9558466944275903, 'norm_pos': [0.48160797177760556, 0.5311852359749396], 'topic': 'pupil.1', 'id': 1, 'method': '3d c++'}"
1581494814.92698,"{'circle_3d': {'center': [0.11777886185918485, -0.6829637685867684, 62.21656609368637], 'normal': [-0.2509196912140292, 0.5589383344097041, -0.790333630113487], 'radius': 2.4423043099301136}, 'confidence': 0.37711169563126745, 'timestamp': 359911.442192, 'diameter_3d': 4.884608619860227, 'ellipse': {'center': [161.36394084861104, 112.76791204600713], 'axes': [38.81440295269219, 48.69033686960446], 'angle': -65.61103255747898}, 'location': [161.36394084861104, 112.76791204600713], 'diameter': 48.69033686960446, 'sphere': {'center': [3.1288151564275357, -7.390223781503218, 71.70056965504821], 'radius': 12.0}, 'projected_sphere': {'center': [187.05509044513556, 56.096201653965586], 'axes': [207.52973193361993, 207.52973193361993], 'angle': 90.0}, 'model_confidence': 0.7319179647744534, 'model_id': 1, 'model_birth_timestamp': 359909.669808, 'theta': 2.1639012384904945, 'phi': -1.8782169336123802, 'norm_pos': [0.5042623151519094, 0.5301336998083037], 'topic': 'pupil.1', 'id': 1, 'method': '3d c++'}"
1581494814.934891,"{'circle_3d': {'center': [-0.4939571373395637, -0.7711284853487497, 62.369808787469445], 'normal': [-0.30189769114725823, 0.551591274679539, -0.7775634056315639], 'radius': 2.437042562587064}, 'confidence': 0.4258699555354571, 'timestamp': 359911.450592, 'diameter_3d': 4.874085125174128, 'ellipse': {'center': [155.30909552988825, 111.92356549599207], 'axes': [37.908651639825585, 48.47058278975057], 'angle': -60.37189565186892}, 'location': [155.30909552988825, 111.92356549599207], 'diameter': 48.47058278975057, 'sphere': {'center': [3.1288151564275357, -7.390223781503218, 71.70056965504821], 'radius': 12.0}, 'projected_sphere': {'center': [187.05509044513556, 56.096201653965586], 'axes': [207.52973193361993, 207.52973193361993], 'angle': 90.0}, 'model_confidence': 0.7319179647744534, 'model_id': 1, 'model_birth_timestamp': 359909.669808, 'theta': 2.155067105166781, 'phi': -1.9411422579785123, 'norm_pos': [0.4853409235309008, 0.5336518104333664], 'topic': 'pupil.1', 'id': 1, 'method': '3d c++'}"
1581494814.9429429,"{'circle_3d': {'center': [-0.06752883795229314, -0.8535945268795793, 62.158250070314615], 'normal': [-0.26636199953165246, 0.54471910455197, -0.7951932987277999], 'radius': 2.432425525860582}, 'confidence': 0.3336941881459677, 'timestamp': 359911.458992, 'diameter_3d': 4.864851051721164, 'ellipse': {'center': [159.5272675306566, 111.06949640772925], 'axes': [38.95636848194196, 48.539553888646125], 'angle': -63.39255928023734}, 'location': [159.5272675306566, 111.06949640772925], 'diameter': 48.539553888646125, 'sphere': {'center': [3.1288151564275357, -7.390223781503218, 71.70056965504821], 'radius': 12.0}, 'projected_sphere': {'center': [187.05509044513556, 56.096201653965586], 'axes': [207.52973193361993, 207.52973193361993], 'angle': 90.0}, 'model_confidence': 0.7319179647744534, 'model_id': 1, 'model_birth_timestamp': 359909.669808, 'theta': 2.146850454889721, 'phi': -1.894014747843394, 'norm_pos': [0.4985227110333018, 0.5372104316344615], 'topic': 'pupil.1', 'id': 1, 'method': '3d c++'}"
1581494814.951159,"{'circle_3d': {'center': [0.06734810819928638, -0.6380395032188897, 62.264711083370564], 'normal': [-0.2551222540190208, 0.5626820231903608, -0.7863215476398041], 'radius': 2.4452583329963526}, 'confidence': 0.4214446802964759, 'timestamp': 359911.467392, 'diameter_3d': 4.890516665992705, 'ellipse': {'center': [160.86295110633492, 113.21966095013843], 'axes': [38.60844066199415, 48.71185588093746], 'angle': -65.3652257672931}, 'location': [160.86295110633492, 113.21966095013843], 'diameter': 48.71185588093746, 'sphere': {'center': [3.1288151564275357, -7.390223781503218, 71.70056965504821], 'radius': 12.0}, 'projected_sphere': {'center': [187.05509044513556, 56.096201653965586], 'axes': [207.52973193361993, 207.52973193361993], 'angle': 90.0}, 'model_confidence': 0.7319179647744534, 'model_id': 1, 'model_birth_timestamp': 359909.669808, 'theta': 2.168422914489274, 'phi': -1.8845309515038615, 'norm_pos': [0.5026967222072967, 0.5282514127077566], 'topic': 'pupil.1', 'id': 1, 'method': '3d c++'}"
1581494814.959407,"{'circle_3d': {'center': [-0.5462602944475026, -0.945943185069547, 62.26844009567488], 'normal': [-0.30625628757291984, 0.5370233830361393, -0.7860107966144442], 'radius': 2.449425330746059}, 'confidence': 0.3773922716416816, 'timestamp': 359911.475792, 'diameter_3d': 4.898850661492118, 'ellipse': {'center': [154.78880379908108, 110.1705808122943], 'axes': [38.62468624213473, 48.797478310392705], 'angle': -59.16689600677169}, 'location': [154.78880379908108, 110.1705808122943], 'diameter': 48.797478310392705, 'sphere': {'center': [3.1288151564275357, -7.390223781503218, 71.70056965504821], 'radius': 12.0}, 'projected_sphere': {'center': [187.05509044513556, 56.096201653965586], 'axes': [207.52973193361993, 207.52973193361993], 'angle': 90.0}, 'model_confidence': 0.7319179647744534, 'model_id': 1, 'model_birth_timestamp': 359909.669808, 'theta': 2.1377008505230695, 'phi': -1.9423344119539765, 'norm_pos': [0.4837150118721284, 0.5409559132821071], 'topic': 'pupil.1', 'id': 1, 'method': '3d c++'}"
1581494814.9669771,"{'circle_3d': {'center': [0.12147433627062165, -0.8155383210377973, 62.12302235485895], 'normal': [-0.25061173501307615, 0.547890455038785, -0.7981289416824382], 'radius': 2.4253040706833433}, 'confidence': 0.4572852697718962, 'timestamp': 359911.484192, 'diameter_3d': 4.850608141366687, 'ellipse': {'center': [161.4021272785186, 111.44280846303036], 'axes': [39.030677927686085, 48.42376211101555], 'angle': -65.12751076882468}, 'location': [161.4021272785186, 111.44280846303036], 'diameter': 48.42376211101555, 'sphere': {'center': [3.1288151564275357, -7.390223781503218, 71.70056965504821], 'radius': 12.0}, 'projected_sphere': {'center': [187.05509044513556, 56.096201653965586], 'axes': [207.52973193361993, 207.52973193361993], 'angle': 90.0}, 'model_confidence': 0.7319179647744534, 'model_id': 1, 'model_birth_timestamp': 359909.669808, 'theta': 2.150636756279022, 'phi': -1.8750463006191493, 'norm_pos': [0.5043816477453706, 0.5356549647373735], 'topic': 'pupil.1', 'id': 1, 'method': '3d c++'}"
1581494814.979414,"{'circle_3d': {'center': [-0.3416111161205966, -1.1228900855366515, 62.07369737843574], 'normal': [-0.2892021893790109, 0.5222778079972137, -0.8022393563843725], 'radius': 2.4419100072371567}, 'confidence': 0.34498884150263076, 'timestamp': 359911.492592, 'diameter_3d': 4.883820014474313, 'ellipse': {'center': [156.8087927585329, 108.37600522255897], 'axes': [39.53466387701249, 48.7983438163226], 'angle': -59.92975269169163}, 'location': [156.8087927585329, 108.37600522255897], 'diameter': 48.7983438163226, 'sphere': {'center': [3.1288151564275357, -7.390223781503218, 71.70056965504821], 'radius': 12.0}, 'projected_sphere': {'center': [187.05509044513556, 56.096201653965586], 'axes': [207.52973193361993, 207.52973193361993], 'angle': 90.0}, 'model_confidence': 0.7319179647744534, 'model_id': 1, 'model_birth_timestamp': 359909.669808, 'theta': 2.1203161521123133, 'phi': -1.91678884687944, 'norm_pos': [0.4900274773704153, 0.548433311572671], 'topic': 'pupil.1', 'id': 1, 'method': '3d c++'}"
1581494814.987088,"{'circle_3d': {'center': [0.051885730429058974, -0.8941687347180682, 62.09152318120067], 'normal': [-0.25641078549987306, 0.5413379205654292, -0.8007538728206285], 'radius': 2.4394250292439654}, 'confidence': 0.3672880307521734, 'timestamp': 359911.500992, 'diameter_3d': 4.878850058487931, 'ellipse': {'center': [160.71497705829967, 110.65148612988388], 'axes': [39.421446443778244, 48.73082205368382], 'angle': -64.22018007264067}, 'location': [160.71497705829967, 110.65148612988388], 'diameter': 48.73082205368382, 'sphere': {'center': [3.1288151564275357, -7.390223781503218, 71.70056965504821], 'radius': 12.0}, 'projected_sphere': {'center': [187.05509044513556, 56.096201653965586], 'axes': [207.52973193361993, 207.52973193361993], 'angle': 90.0}, 'model_confidence': 0.7319179647744534, 'model_id': 1, 'model_birth_timestamp': 359909.669808, 'theta': 2.1428238600027405, 'phi': -1.8806913252257282, 'norm_pos': [0.5022343033071864, 0.5389521411254838], 'topic': 'pupil.1', 'id': 1, 'method': '3d c++'}"
1581494814.995937,"{'circle_3d': {'center': [-0.514575096580606, -0.9087599408954752, 62.28163479238037], 'normal': [-0.3036158544173451, 0.5401219867173118, -0.7849112385556531], 'radius': 2.4530220480915363}, 'confidence': 0.3844073388159928, 'timestamp': 359911.509392, 'diameter_3d': 4.906044096183073, 'ellipse': {'center': [155.10380459035025, 110.54011704571823], 'axes': [38.61527316638326, 48.85829209253935], 'angle': -59.58515210291117}, 'location': [155.10380459035025, 110.54011704571823], 'diameter': 48.85829209253935, 'sphere': {'center': [3.1288151564275357, -7.390223781503218, 71.70056965504821], 'radius': 12.0}, 'projected_sphere': {'center': [187.05509044513556, 56.096201653965586], 'axes': [207.52973193361993, 207.52973193361993], 'angle': 90.0}, 'model_confidence': 0.7319179647744534, 'model_id': 1, 'model_birth_timestamp': 359909.669808, 'theta': 2.1413783779323703, 'phi': -1.9398853653668928, 'norm_pos': [0.4846993893448445, 0.539416178976174], 'topic': 'pupil.1', 'id': 1, 'method': '3d c++'}"
1581494815.003405,"{'circle_3d': {'center': [0.03350174888696289, -0.9074910654947548, 62.08843090022923], 'normal': [-0.2579427839617144, 0.5402277263340386, -0.8010115629015822], 'radius': 2.444279797425449}, 'confidence': 0.40960169379073713, 'timestamp': 359911.517792, 'diameter_3d': 4.888559594850898, 'ellipse': {'center': [160.53337031971938, 110.51694419448347], 'axes': [39.515657582352716, 48.83038848784515], 'angle': -64.00941324982192}, 'location': [160.53337031971938, 110.51694419448347], 'diameter': 48.83038848784515, 'sphere': {'center': [3.1288151564275357, -7.390223781503218, 71.70056965504821], 'radius': 12.0}, 'projected_sphere': {'center': [187.05509044513556, 56.096201653965586], 'axes': [207.52973193361993, 207.52973193361993], 'angle': 90.0}, 'model_confidence': 0.7319179647744534, 'model_id': 1, 'model_birth_timestamp': 359909.669808, 'theta': 2.1415040261581217, 'phi': -1.8823317381570281, 'norm_pos': [0.5016667822491231, 0.5395127325229856], 'topic': 'pupil.1', 'id': 1, 'method': '3d c++'}"
1581494815.0110369,"{'circle_3d': {'center': [0.14178445172026466, -0.806424704927009, 62.12292708036365], 'normal': [-0.24891922539227254, 0.5486499230480174, -0.7981368812237133], 'radius': 2.4490988159384033}, 'confidence': 0.46002251757432905, 'timestamp': 359911.526191, 'diameter_3d': 4.898197631876807, 'ellipse': {'center': [161.60738731751454, 111.5249672805668], 'axes': [39.4149141646628, 48.89912060503799], 'angle': -65.33548585417682}, 'location': [161.60738731751454, 111.5249672805668], 'diameter': 48.89912060503799, 'sphere': {'center': [3.1288151564275357, -7.390223781503218, 71.70056965504821], 'radius': 12.0}, 'projected_sphere': {'center': [187.05509044513556, 56.096201653965586], 'axes': [207.52973193361993, 207.52973193361993], 'angle': 90.0}, 'model_confidence': 0.7319179647744534, 'model_id': 1, 'model_birth_timestamp': 359909.669808, 'theta': 2.1515448836537368, 'phi': -1.8731120249483684, 'norm_pos': [0.505023085367233, 0.5353126363309717], 'topic': 'pupil.1', 'id': 1, 'method': '3d c++'}"
1581494815.019351,"{'circle_3d': {'center': [-0.4258910190619205, -0.9145173381507119, 62.243863565428], 'normal': [-0.29622551462412133, 0.5396422036127088, -0.7880588408016842], 'radius': 2.4316179998946623}, 'confidence': 0.37952016463011096, 'timestamp': 359911.534591, 'diameter_3d': 4.863235999789325, 'ellipse': {'center': [155.97633570198334, 110.4827557123397], 'axes': [38.47978743128789, 48.46008614261478], 'angle': -60.245262894746986}, 'location': [155.97633570198334, 110.4827557123397], 'diameter': 48.46008614261478, 'sphere': {'center': [3.1288151564275357, -7.390223781503218, 71.70056965504821], 'radius': 12.0}, 'projected_sphere': {'center': [187.05509044513556, 56.096201653965586], 'axes': [207.52973193361993, 207.52973193361993], 'angle': 90.0}, 'model_confidence': 0.7319179647744534, 'model_id': 1, 'model_birth_timestamp': 359909.669808, 'theta': 2.140808388686134, 'phi': -1.9303493518857278, 'norm_pos': [0.48742604906869796, 0.539655184531918], 'topic': 'pupil.1', 'id': 1, 'method': '3d c++'}"
1581494815.026848,"{'circle_3d': {'center': [0.052013251422333706, -0.806787056463314, 62.151137686352264], 'normal': [-0.25640015875043354, 0.5486197270866587, -0.7957859973913292], 'radius': 2.4449497284364163}, 'confidence': 0.4111669092479561, 'timestamp': 359911.542991, 'diameter_3d': 4.889899456872833, 'ellipse': {'center': [160.71504429710433, 111.52804961439232], 'axes': [39.19816019929836, 48.79449753376144], 'angle': -64.57824838194298}, 'location': [160.71504429710433, 111.52804961439232], 'diameter': 48.79449753376144, 'sphere': {'center': [3.1288151564275357, -7.390223781503218, 71.70056965504821], 'radius': 12.0}, 'projected_sphere': {'center': [187.05509044513556, 56.096201653965586], 'axes': [207.52973193361993, 207.52973193361993], 'angle': 90.0}, 'model_confidence': 0.7319179647744534, 'model_id': 1, 'model_birth_timestamp': 359909.669808, 'theta': 2.151508766765411, 'phi': -1.8824912620512322, 'norm_pos': [0.502234513428451, 0.5352997932733654], 'topic': 'pupil.1', 'id': 1, 'method': '3d c++'}"
1581494815.0349271,"{'circle_3d': {'center': [0.052282112246718526, -0.8158839583170963, 62.14478604943362], 'normal': [-0.2563777536817347, 0.5478616519321767, -0.7963153004678827], 'radius': 2.4270808328125653}, 'confidence': 0.4793969746335472, 'timestamp': 359911.551391, 'diameter_3d': 4.8541616656251305, 'ellipse': {'center': [160.71507272807312, 111.44281475629703], 'axes': [38.94442341229738, 48.44262103039725], 'angle': -64.54381784541559}, 'location': [160.71507272807312, 111.44281475629703], 'diameter': 48.44262103039725, 'sphere': {'center': [3.1288151564275357, -7.390223781503218, 71.70056965504821], 'radius': 12.0}, 'projected_sphere': {'center': [187.05509044513556, 56.096201653965586], 'axes': [207.52973193361993, 207.52973193361993], 'angle': 90.0}, 'model_confidence': 0.7319179647744534, 'model_id': 1, 'model_birth_timestamp': 359909.669808, 'theta': 2.1506023258458815, 'phi': -1.882271736692735, 'norm_pos': [0.5022346022752285, 0.535654938515429], 'topic': 'pupil.1', 'id': 1, 'method': '3d c++'}"
1581494815.0431418,"{'circle_3d': {'center': [-0.00884982853596794, -0.8175401278827268, 62.163542443617814], 'normal': [-0.26147208208029205, 0.5477236378017077, -0.7947522676192001], 'radius': 2.422189204487722}, 'confidence': 0.4372378311812374, 'timestamp': 359911.559791, 'diameter_3d': 4.844378408975444, 'ellipse': {'center': [160.10740567010382, 111.4315547622505], 'axes': [38.76676804422003, 48.3306915049432], 'angle': -64.02778671625775}, 'location': [160.10740567010382, 111.4315547622505], 'diameter': 48.3306915049432, 'sphere': {'center': [3.1288151564275357, -7.390223781503218, 71.70056965504821], 'radius': 12.0}, 'projected_sphere': {'center': [187.05509044513556, 56.096201653965586], 'axes': [207.52973193361993, 207.52973193361993], 'angle': 90.0}, 'model_confidence': 0.7319179647744534, 'model_id': 1, 'model_birth_timestamp': 359909.669808, 'theta': 2.1504373583604797, 'phi': -1.8886402190787666, 'norm_pos': [0.5003356427190744, 0.5357018551572896], 'topic': 'pupil.1', 'id': 1, 'method': '3d c++'}"
1581494815.0510132,"{'circle_3d': {'center': [-0.04140814624585287, -0.719977164786517, 62.242372454557724], 'normal': [-0.2641852752227823, 0.5558538847263916, -0.7881831000408738], 'radius': 2.431703214990886}, 'confidence': 0.5180380502542997, 'timestamp': 359911.568191, 'diameter_3d': 4.863406429981772, 'ellipse': {'center': [159.78445629080494, 112.40927689302464], 'axes': [38.50790163868367, 48.459464358268214], 'angle': -64.15592859246513}, 'location': [159.78445629080494, 112.40927689302464], 'diameter': 48.459464358268214, 'sphere': {'center': [3.1288151564275357, -7.390223781503218, 71.70056965504821], 'radius': 12.0}, 'projected_sphere': {'center': [187.05509044513556, 56.096201653965586], 'axes': [207.52973193361993, 207.52973193361993], 'angle': 90.0}, 'model_confidence': 0.7319179647744534, 'model_id': 1, 'model_birth_timestamp': 359909.669808, 'theta': 2.1601861332468517, 'phi': -1.8942103133369381, 'norm_pos': [0.4993264259087654, 0.5316280129457307], 'topic': 'pupil.1', 'id': 1, 'method': '3d c++'}"
1581494815.063325,"{'circle_3d': {'center': [-0.4717273973997691, -0.7302776486877498, 62.3902951786391], 'normal': [-0.3000452128189421, 0.5549955110679557, -0.7758562063674261], 'radius': 2.4493309201991265}, 'confidence': 0.4535550489275684, 'timestamp': 359911.576591, 'diameter_3d': 4.898661840398253, 'ellipse': {'center': [155.5319387473388, 112.32674432610908], 'axes': [37.99503791043791, 48.698811803243274], 'angle': -60.722120114276635}, 'location': [155.5319387473388, 112.32674432610908], 'diameter': 48.698811803243274, 'sphere': {'center': [3.1288151564275357, -7.390223781503218, 71.70056965504821], 'radius': 12.0}, 'projected_sphere': {'center': [187.05509044513556, 56.096201653965586], 'axes': [207.52973193361993, 207.52973193361993], 'angle': 90.0}, 'model_confidence': 0.7319179647744534, 'model_id': 1, 'model_birth_timestamp': 359909.669808, 'theta': 2.1591538966195563, 'phi': -1.9398091088913987, 'norm_pos': [0.4860373085854338, 0.5319718986412122], 'topic': 'pupil.1', 'id': 1, 'method': '3d c++'}"
1581494815.0711648,"{'circle_3d': {'center': [-0.008318089817096475, -0.6336858795637053, 62.29272236807754], 'normal': [-0.261427770520386, 0.5630448251616261, -0.7839872739142226], 'radius': 2.4474577627958456}, 'confidence': 0.4436633523784057, 'timestamp': 359911.584991, 'diameter_3d': 4.894915525591691, 'ellipse': {'center': [160.1134364486929, 113.26643987800956], 'axes': [38.49504731906122, 48.734118461805316], 'angle': -64.76484060864941}, 'location': [160.1134364486929, 113.26643987800956], 'diameter': 48.734118461805316, 'sphere': {'center': [3.1288151564275357, -7.390223781503218, 71.70056965504821], 'radius': 12.0}, 'projected_sphere': {'center': [187.05509044513556, 56.096201653965586], 'axes': [207.52973193361993, 207.52973193361993], 'angle': 90.0}, 'model_confidence': 0.7319179647744534, 'model_id': 1, 'model_birth_timestamp': 359909.669808, 'theta': 2.168861849840489, 'phi': -1.8926601584642981, 'norm_pos': [0.5003544889021654, 0.5280565005082936], 'topic': 'pupil.1', 'id': 1, 'method': '3d c++'}"
1581494815.079175,"{'circle_3d': {'center': [-0.49840476154253066, -0.7439170625235763, 62.390903567377435], 'normal': [-0.3022683264975055, 0.5538588932483034, -0.775805507305898], 'radius': 2.4585868902416306}, 'confidence': 0.4081414756076491, 'timestamp': 359911.593391, 'diameter_3d': 4.917173780483261, 'ellipse': {'center': [155.2700249549925, 112.18892231491628], 'axes': [38.13383323227966, 48.88279678667934], 'angle': -60.459304538398946}, 'location': [155.2700249549925, 112.18892231491628], 'diameter': 48.88279678667934, 'sphere': {'center': [3.1288151564275357, -7.390223781503218, 71.70056965504821], 'radius': 12.0}, 'projected_sphere': {'center': [187.05509044513556, 56.096201653965586], 'axes': [207.52973193361993, 207.52973193361993], 'angle': 90.0}, 'model_confidence': 0.7319179647744534, 'model_id': 1, 'model_birth_timestamp': 359909.669808, 'theta': 2.1577881503885235, 'phi': -1.9423213895660316, 'norm_pos': [0.48521882798435156, 0.5325461570211821], 'topic': 'pupil.1', 'id': 1, 'method': '3d c++'}"
1581494815.086637,"{'circle_3d': {'center': [-0.07516566574798444, -0.84054118247332, 62.16976881025577], 'normal': [-0.26699840184796003, 0.5458068832524916, -0.7942334037327039], 'radius': 2.444198380719554}, 'confidence': 0.33956087244743155, 'timestamp': 359911.601791, 'diameter_3d': 4.888396761439108, 'ellipse': {'center': [159.45330228140526, 111.19709212859263], 'axes': [39.08457608579243, 48.76563808095102], 'angle': -63.38455498994186}, 'location': [159.45330228140526, 111.19709212859263], 'diameter': 48.76563808095102, 'sphere': {'center': [3.1288151564275357, -7.390223781503218, 71.70056965504821], 'radius': 12.0}, 'projected_sphere': {'center': [187.05509044513556, 56.096201653965586], 'axes': [207.52973193361993, 207.52973193361993], 'angle': 90.0}, 'model_confidence': 0.7319179647744534, 'model_id': 1, 'model_birth_timestamp': 359909.669808, 'theta': 2.1481481099622854, 'phi': -1.8950987892084472, 'norm_pos': [0.4982915696293914, 0.5366787827975308], 'topic': 'pupil.1', 'id': 1, 'method': '3d c++'}"
1581494815.0950332,"{'circle_3d': {'center': [-0.5191961559548415, -0.7389410455943484, 62.40258861442811], 'normal': [-0.3040009426985314, 0.5542735613257391, -0.7748317533850083], 'radius': 2.457009275540288}, 'confidence': 0.4671092857226819, 'timestamp': 359911.610191, 'diameter_3d': 4.914018551080576, 'ellipse': {'center': [155.06487983385222, 112.24066251537604], 'axes': [38.04700104924572, 48.84248106749626], 'angle': -60.32414107193075}, 'location': [155.06487983385222, 112.24066251537604], 'diameter': 48.84248106749626, 'sphere': {'center': [3.1288151564275357, -7.390223781503218, 71.70056965504821], 'radius': 12.0}, 'projected_sphere': {'center': [187.05509044513556, 56.096201653965586], 'axes': [207.52973193361993, 207.52973193361993], 'angle': 90.0}, 'model_confidence': 0.7319179647744534, 'model_id': 1, 'model_birth_timestamp': 359909.669808, 'theta': 2.158286266592708, 'phi': -1.944685725464836, 'norm_pos': [0.4845777494807882, 0.5323305728525998], 'topic': 'pupil.1', 'id': 1, 'method': '3d c++'}"
1581494815.102728,"{'circle_3d': {'center': [-0.12868536057567015, -0.5550466596818646, 62.39094860502401], 'normal': [-0.2714583764169339, 0.5695980934851129, -0.7758017541686839], 'radius': 2.4439330373286094}, 'confidence': 0.4691755447413008, 'timestamp': 359911.618591, 'diameter_3d': 4.887866074657219, 'ellipse': {'center': [158.92089695507525, 114.0603005317545], 'axes': [37.9240159351483, 48.58802623504735], 'angle': -64.10757293113922}, 'location': [158.92089695507525, 114.0603005317545], 'diameter': 48.58802623504735, 'sphere': {'center': [3.1288151564275357, -7.390223781503218, 71.70056965504821], 'radius': 12.0}, 'projected_sphere': {'center': [187.05509044513556, 56.096201653965586], 'axes': [207.52973193361993, 207.52973193361993], 'angle': 90.0}, 'model_confidence': 0.7319179647744534, 'model_id': 1, 'model_birth_timestamp': 359909.669808, 'theta': 2.1768131161539155, 'phi': -1.9073881919658833, 'norm_pos': [0.4966278029846102, 0.5247487477843562], 'topic': 'pupil.1', 'id': 1, 'method': '3d c++'}"
1581494815.1108391,"{'circle_3d': {'center': [-0.14471071900004295, -0.6751299338723111, 62.3095344107093], 'normal': [-0.2727938229522982, 0.5595911539692422, -0.7825862703615762], 'radius': 2.4232632541826162}, 'confidence': 0.4338969760986515, 'timestamp': 359911.626991, 'diameter_3d': 4.8465265083652325, 'ellipse': {'center': [158.75954826503212, 112.86739375410981], 'axes': [38.02305790766092, 48.23979897649501], 'angle': -63.503728835566925}, 'location': [158.75954826503212, 112.86739375410981], 'diameter': 48.23979897649501, 'sphere': {'center': [3.1288151564275357, -7.390223781503218, 71.70056965504821], 'radius': 12.0}, 'projected_sphere': {'center': [187.05509044513556, 56.096201653965586], 'axes': [207.52973193361993, 207.52973193361993], 'angle': 90.0}, 'model_confidence': 0.7319179647744534, 'model_id': 1, 'model_birth_timestamp': 359909.669808, 'theta': 2.164688727241426, 'phi': -1.9062054401014514, 'norm_pos': [0.4961235883282254, 0.529719192691209], 'topic': 'pupil.1', 'id': 1, 'method': '3d c++'}"
1581494815.119106,"{'circle_3d': {'center': [-0.08695975633700614, -0.5746972735223235, 62.36207994153222], 'normal': [-0.2679812427303785, 0.5679605423317412, -0.7782074761263326], 'radius': 2.439330949098265}, 'confidence': 0.46183791756173237, 'timestamp': 359911.63539, 'diameter_3d': 4.87866189819653, 'ellipse': {'center': [159.33287865507114, 113.86341036111976], 'axes': [38.00383014638016, 48.51866848975063], 'angle': -64.36174544433489}, 'location': [159.33287865507114, 113.86341036111976], 'diameter': 48.51866848975063, 'sphere': {'center': [3.1288151564275357, -7.390223781503218, 71.70056965504821], 'radius': 12.0}, 'projected_sphere': {'center': [187.05509044513556, 56.096201653965586], 'axes': [207.52973193361993, 207.52973193361993], 'angle': 90.0}, 'model_confidence': 0.7319179647744534, 'model_id': 1, 'model_birth_timestamp': 359909.669808, 'theta': 2.174822147918447, 'phi': -1.9024352147561705, 'norm_pos': [0.49791524579709734, 0.5255691234953344], 'topic': 'pupil.1', 'id': 1, 'method': '3d c++'}"
1581494815.12687,"{'circle_3d': {'center': [-0.5672646350981982, -0.7883792206445026, 62.38635242712534], 'normal': [-0.30800664929381116, 0.5501537134048929, -0.7761847689935729], 'radius': 2.4402275256578907}, 'confidence': 0.4184514540172494, 'timestamp': 359911.64379, 'diameter_3d': 4.880455051315781, 'ellipse': {'center': [154.58596752656047, 111.75495379103639], 'axes': [37.86731867651068, 48.52197897918061], 'angle': -59.73962647243406}, 'location': [154.58596752656047, 111.75495379103639], 'diameter': 48.52197897918061, 'sphere': {'center': [3.1288151564275357, -7.390223781503218, 71.70056965504821], 'radius': 12.0}, 'projected_sphere': {'center': [187.05509044513556, 56.096201653965586], 'axes': [207.52973193361993, 207.52973193361993], 'angle': 90.0}, 'model_confidence': 0.7319179647744534, 'model_id': 1, 'model_birth_timestamp': 359909.669808, 'theta': 2.153344627437011, 'phi': -1.948559445511866, 'norm_pos': [0.48308114852050144, 0.5343543592040151], 'topic': 'pupil.1', 'id': 1, 'method': '3d c++'}"
1581494815.135183,"{'circle_3d': {'center': [-0.09829934945368546, -0.6820639774364317, 62.28853884288904], 'normal': [-0.26892620882343504, 0.5590133170055654, -0.7843359010132643], 'radius': 2.4595329086664104}, 'confidence': 0.41242947091433596, 'timestamp': 359911.65219, 'diameter_3d': 4.919065817332821, 'ellipse': {'center': [159.2249944041216, 112.78278226967207], 'axes': [38.70467660726826, 48.97844345734943], 'angle': -63.84746824445012}, 'location': [159.2249944041216, 112.78278226967207], 'diameter': 48.97844345734943, 'sphere': {'center': [3.1288151564275357, -7.390223781503218, 71.70056965504821], 'radius': 12.0}, 'projected_sphere': {'center': [187.05509044513556, 56.096201653965586], 'axes': [207.52973193361993, 207.52973193361993], 'angle': 90.0}, 'model_confidence': 0.7319179647744534, 'model_id': 1, 'model_birth_timestamp': 359909.669808, 'theta': 2.1639916678768087, 'phi': -1.9011062797624754, 'norm_pos': [0.49757810751287995, 0.5300717405430331], 'topic': 'pupil.1', 'id': 1, 'method': '3d c++'}"
1581494815.147189,"{'circle_3d': {'center': [-0.5631605936345259, -0.6999241070974946, 62.44804538717405], 'normal': [-0.3076646458385051, 0.5575249728671436, -0.7710436889895137], 'radius': 2.4621826050929707}, 'confidence': 0.44561048077143733, 'timestamp': 359911.66059, 'diameter_3d': 4.924365210185941, 'ellipse': {'center': [154.63405605528058, 112.63201003864887], 'axes': [37.88692753284698, 48.91015679393442], 'angle': -60.16728011590327}, 'location': [154.63405605528058, 112.63201003864887], 'diameter': 48.91015679393442, 'sphere': {'center': [3.1288151564275357, -7.390223781503218, 71.70056965504821], 'radius': 12.0}, 'projected_sphere': {'center': [187.05509044513556, 56.096201653965586], 'axes': [207.52973193361993, 207.52973193361993], 'angle': 90.0}, 'model_confidence': 0.7319179647744534, 'model_id': 1, 'model_birth_timestamp': 359909.669808, 'theta': 2.1621977465411497, 'phi': -1.950460715829125, 'norm_pos': [0.4832314251727518, 0.5306999581722964], 'topic': 'pupil.1', 'id': 1, 'method': '3d c++'}"
1581494815.155194,"{'circle_3d': {'center': [-0.19317592176787324, -0.6111281819311776, 62.37274900238485], 'normal': [-0.2768325898496174, 0.56492463329767, -0.7773183877219467], 'radius': 2.4357357853858588}, 'confidence': 0.47755080902366537, 'timestamp': 359911.66899, 'diameter_3d': 4.8714715707717176, 'ellipse': {'center': [158.2822081921132, 113.5061260592279], 'axes': [37.88895609589116, 48.439452115292035], 'angle': -63.378206594901876}, 'location': [158.2822081921132, 113.5061260592279], 'diameter': 48.439452115292035, 'sphere': {'center': [3.1288151564275357, -7.390223781503218, 71.70056965504821], 'radius': 12.0}, 'projected_sphere': {'center': [187.05509044513556, 56.096201653965586], 'axes': [207.52973193361993, 207.52973193361993], 'angle': 90.0}, 'model_confidence': 0.7319179647744534, 'model_id': 1, 'model_birth_timestamp': 359909.669808, 'theta': 2.171138239718128, 'phi': -1.912928768377162, 'norm_pos': [0.4946319006003537, 0.5270578080865504], 'topic': 'pupil.1', 'id': 1, 'method': '3d c++'}"
1581494815.164901,"{'circle_3d': {'center': [-0.184113679741309, -0.6294275074088844, 62.356259286344], 'normal': [-0.2760774030140704, 0.5633996895078612, -0.7786925307253513], 'radius': 2.4311630460913594}, 'confidence': 0.433815476484656, 'timestamp': 359911.67739, 'diameter_3d': 4.862326092182719, 'ellipse': {'center': [158.3710154385878, 113.32422295401993], 'axes': [37.903488542870534, 48.36117511765871], 'angle': -63.37591514760752}, 'location': [158.3710154385878, 113.32422295401993], 'diameter': 48.36117511765871, 'sphere': {'center': [3.1288151564275357, -7.390223781503218, 71.70056965504821], 'radius': 12.0}, 'projected_sphere': {'center': [187.05509044513556, 56.096201653965586], 'axes': [207.52973193361993, 207.52973193361993], 'angle': 90.0}, 'model_confidence': 0.7319179647744534, 'model_id': 1, 'model_birth_timestamp': 359909.669808, 'theta': 2.169291308891987, 'phi': -1.9115096687440127, 'norm_pos': [0.49490942324558684, 0.5278157376915836], 'topic': 'pupil.1', 'id': 1, 'method': '3d c++'}"
1581494815.1727989,"{'circle_3d': {'center': [-0.1491208949758649, -0.6404677836031034, 62.335959187350085], 'normal': [-0.27316133761695, 0.5624796664916761, -0.7803842056415106], 'radius': 2.4500731557000193}, 'confidence': 0.4590332184214487, 'timestamp': 359911.68579, 'diameter_3d': 4.9001463114000385, 'ellipse': {'center': [158.72022877975263, 113.20531164609616], 'axes': [38.30596241541364, 48.75319514878841], 'angle': -63.60838732333318}, 'location': [158.72022877975263, 113.20531164609616], 'diameter': 48.75319514878841, 'sphere': {'center': [3.1288151564275357, -7.390223781503218, 71.70056965504821], 'radius': 12.0}, 'projected_sphere': {'center': [187.05509044513556, 56.096201653965586], 'axes': [207.52973193361993, 207.52973193361993], 'angle': 90.0}, 'model_confidence': 0.7319179647744534, 'model_id': 1, 'model_birth_timestamp': 359909.669808, 'theta': 2.168178150545956, 'phi': -1.907501815049702, 'norm_pos': [0.496000714936727, 0.5283112014745993], 'topic': 'pupil.1', 'id': 1, 'method': '3d c++'}"
1581494815.1816902,"{'circle_3d': {'center': [-0.18409956180843556, -0.5534891881572044, 62.41167003400368], 'normal': [-0.2760762265196643, 0.5697278827788346, -0.774074968420378], 'radius': 2.433676483258986}, 'confidence': 0.4496859550486768, 'timestamp': 359911.69419, 'diameter_3d': 4.867352966517972, 'ellipse': {'center': [158.3716194329195, 114.08225615372452], 'axes': [37.6555030956745, 48.368265000167476], 'angle': -63.678592420782536}, 'location': [158.3716194329195, 114.08225615372452], 'diameter': 48.368265000167476, 'sphere': {'center': [3.1288151564275357, -7.390223781503218, 71.70056965504821], 'radius': 12.0}, 'projected_sphere': {'center': [187.05509044513556, 56.096201653965586], 'axes': [207.52973193361993, 207.52973193361993], 'angle': 90.0}, 'model_confidence': 0.7319179647744534, 'model_id': 1, 'model_birth_timestamp': 359909.669808, 'theta': 2.1769710340361694, 'phi': -1.9133858329530171, 'norm_pos': [0.4949113107278734, 0.5246572660261479], 'topic': 'pupil.1', 'id': 1, 'method': '3d c++'}"
1581494815.187528,"{'circle_3d': {'center': [-0.537839708188665, -0.6722810648908197, 62.45801114778948], 'normal': [-0.30555457205135, 0.5598285597176998, -0.7702132089382279], 'radius': 2.432881791567904}, 'confidence': 0.48086038338112125, 'timestamp': 359911.70259, 'diameter_3d': 4.865763583135808, 'ellipse': {'center': [154.8792723925926, 112.91649279448248], 'axes': [37.385907380940736, 48.31969831172167], 'angle': -60.47811739164749}, 'location': [154.8792723925926, 112.91649279448248], 'diameter': 48.31969831172167, 'sphere': {'center': [3.1288151564275357, -7.390223781503218, 71.70056965504821], 'radius': 12.0}, 'projected_sphere': {'center': [187.05509044513556, 56.096201653965586], 'axes': [207.52973193361993, 207.52973193361993], 'angle': 90.0}, 'model_confidence': 0.7319179647744534, 'model_id': 1, 'model_birth_timestamp': 359909.669808, 'theta': 2.164975210893411, 'phi': -1.9484669739847393, 'norm_pos': [0.4839977262268519, 0.529514613356323], 'topic': 'pupil.1', 'id': 1, 'method': '3d c++'}"
1581494815.206764,"{'circle_3d': {'center': [-0.26528233620978314, -0.5788081849650677, 62.42238449944209], 'normal': [-0.2828414577197766, 0.5676179663781793, -0.7731820963005105], 'radius': 2.424425787216537}, 'confidence': 0.5035701456382357, 'timestamp': 359911.71099, 'diameter_3d': 4.848851574433074, 'ellipse': {'center': [157.5681801515908, 113.83688833929746], 'axes': [37.45388240658415, 48.17657602014715], 'angle': -62.946014111099856}, 'location': [157.5681801515908, 113.83688833929746], 'diameter': 48.17657602014715, 'sphere': {'center': [3.1288151564275357, -7.390223781503218, 71.70056965504821], 'radius': 12.0}, 'projected_sphere': {'center': [187.05509044513556, 56.096201653965586], 'axes': [207.52973193361993, 207.52973193361993], 'angle': 90.0}, 'model_confidence': 0.7319179647744534, 'model_id': 1, 'model_birth_timestamp': 359909.669808, 'theta': 2.174405983197901, 'phi': -1.9214900075922148, 'norm_pos': [0.49240056297372126, 0.525679631919594], 'topic': 'pupil.1', 'id': 1, 'method': '3d c++'}"
1581494815.207343,"{'circle_3d': {'center': [-0.5505385084382035, -0.6997056364463008, 62.443176741300675], 'normal': [-0.3066128054054783, 0.5575431787547432, -0.7714494094789616], 'radius': 2.4474780549903827}, 'confidence': 0.47018392001392006, 'timestamp': 359911.71939, 'diameter_3d': 4.8949561099807655, 'ellipse': {'center': [154.7557241842357, 112.63834439100849], 'axes': [37.686507328136344, 48.62152466154588], 'angle': -60.26256914557246}, 'location': [154.7557241842357, 112.63834439100849], 'diameter': 48.62152466154588, 'sphere': {'center': [3.1288151564275357, -7.390223781503218, 71.70056965504821], 'radius': 12.0}, 'projected_sphere': {'center': [187.05509044513556, 56.096201653965586], 'axes': [207.52973193361993, 207.52973193361993], 'angle': 90.0}, 'model_confidence': 0.7319179647744534, 'model_id': 1, 'model_birth_timestamp': 359909.669808, 'theta': 2.1622196772749698, 'phi': -1.949102762912985, 'norm_pos': [0.4836116380757366, 0.5306735650374647], 'topic': 'pupil.1', 'id': 1, 'method': '3d c++'}"
1581494815.2121742,"{'circle_3d': {'center': [-0.19190122832186196, -0.607955594981652, 62.37460155848288], 'normal': [-0.2767263653957831, 0.5651890155434638, -0.7771640080471109], 'radius': 2.434269503975912}, 'confidence': 0.4705442087995003, 'timestamp': 359911.72779, 'diameter_3d': 4.868539007951824, 'ellipse': {'center': [158.2945684698985, 113.53827648169518], 'axes': [37.856560982188725, 48.40882948614656], 'angle': -63.400958620199}, 'location': [158.2945684698985, 113.53827648169518], 'diameter': 48.40882948614656, 'sphere': {'center': [3.1288151564275357, -7.390223781503218, 71.70056965504821], 'radius': 12.0}, 'projected_sphere': {'center': [187.05509044513556, 56.096201653965586], 'axes': [207.52973193361993, 207.52973193361993], 'angle': 90.0}, 'model_confidence': 0.7319179647744534, 'model_id': 1, 'model_birth_timestamp': 359909.669808, 'theta': 2.1714586828561613, 'phi': -1.9128702517518077, 'norm_pos': [0.49467052646843285, 0.5269238479929368], 'topic': 'pupil.1', 'id': 1, 'method': '3d c++'}"
1581494815.223389,"{'circle_3d': {'center': [-0.18070598806355465, -0.6315292863338087, 62.35353170096174], 'normal': [-0.2757934287075909, 0.5632245412641176, -0.7789198295072063], 'radius': 2.4332321729370636}, 'confidence': 0.4774397949462614, 'timestamp': 359911.73619, 'diameter_3d': 4.866464345874127, 'ellipse': {'center': [158.4050517707921, 113.3023014565045], 'axes': [37.95005631077613, 48.40445234999793], 'angle': -63.39432526102382}, 'location': [158.4050517707921, 113.3023014565045], 'diameter': 48.40445234999793, 'sphere': {'center': [3.1288151564275357, -7.390223781503218, 71.70056965504821], 'radius': 12.0}, 'projected_sphere': {'center': [187.05509044513556, 56.096201653965586], 'axes': [207.52973193361993, 207.52973193361993], 'angle': 90.0}, 'model_confidence': 0.7319179647744534, 'model_id': 1, 'model_birth_timestamp': 359909.669808, 'theta': 2.1690793276801883, 'phi': -1.9110938356049327, 'norm_pos': [0.4950157867837254, 0.5279070772645647], 'topic': 'pupil.1', 'id': 1, 'method': '3d c++'}"
1581494815.23107,"{'circle_3d': {'center': [-0.49074033277442153, -0.5489734741976537, 62.53017640866126], 'normal': [-0.30162962410016325, 0.5701041922754639, -0.7641994371989129], 'radius': 2.4434402344140564}, 'confidence': 0.4218297627812682, 'timestamp': 359911.744589, 'diameter_3d': 4.886880468828113, 'ellipse': {'center': [155.3494721511022, 114.14063411942948], 'axes': [37.178015274776804, 48.47284423213168], 'angle': -61.35715250437236}, 'location': [155.3494721511022, 114.14063411942948], 'diameter': 48.47284423213168, 'sphere': {'center': [3.1288151564275357, -7.390223781503218, 71.70056965504821], 'radius': 12.0}, 'projected_sphere': {'center': [187.05509044513556, 56.096201653965586], 'axes': [207.52973193361993, 207.52973193361993], 'angle': 90.0}, 'model_confidence': 0.7319179647744534, 'model_id': 1, 'model_birth_timestamp': 359909.669808, 'theta': 2.1774289969927705, 'phi': -1.946725525170804, 'norm_pos': [0.4854671004721943, 0.5244140245023772], 'topic': 'pupil.1', 'id': 1, 'method': '3d c++'}"
1581494815.240706,"{'circle_3d': {'center': [-0.12939208535691682, -0.474649878383989, 62.45076299976727], 'normal': [-0.27151727014870436, 0.5762978252599358, -0.7708172212734118], 'radius': 2.454380906415831}, 'confidence': 0.505653088289983, 'timestamp': 359911.752989, 'diameter_3d': 4.908761812831662, 'ellipse': {'center': [158.91516215801954, 114.85913738611545], 'axes': [37.7736913498623, 48.74923809069564], 'angle': -64.41091691654917}, 'location': [158.91516215801954, 114.85913738611545], 'diameter': 48.74923809069564, 'sphere': {'center': [3.1288151564275357, -7.390223781503218, 71.70056965504821], 'radius': 12.0}, 'projected_sphere': {'center': [187.05509044513556, 56.096201653965586], 'axes': [207.52973193361993, 207.52973193361993], 'angle': 90.0}, 'model_confidence': 0.7319179647744534, 'model_id': 1, 'model_birth_timestamp': 359909.669808, 'theta': 2.1849876466828597, 'phi': -1.9094706193736748, 'norm_pos': [0.49660988174381104, 0.5214202608911856], 'topic': 'pupil.1', 'id': 1, 'method': '3d c++'}"
1581494815.250675,"{'circle_3d': {'center': [-0.48480495004806157, -0.4982669338260184, 62.565873133771184], 'normal': [-0.30113500887296646, 0.5743297373064333, -0.761224710106419], 'radius': 2.440909148597494}, 'confidence': 0.5049351899618614, 'timestamp': 359911.761389, 'diameter_3d': 4.881818297194988, 'ellipse': {'center': [155.40917858124467, 114.64640277343202], 'axes': [36.955463594399895, 48.39486414233546], 'angle': -61.611813896323525}, 'location': [155.40917858124467, 114.64640277343202], 'diameter': 48.39486414233546, 'sphere': {'center': [3.1288151564275357, -7.390223781503218, 71.70056965504821], 'radius': 12.0}, 'projected_sphere': {'center': [187.05509044513556, 56.096201653965586], 'axes': [207.52973193361993, 207.52973193361993], 'angle': 90.0}, 'model_confidence': 0.7319179647744534, 'model_id': 1, 'model_birth_timestamp': 359909.669808, 'theta': 2.182581472054623, 'phi': -1.9474976228428336, 'norm_pos': [0.4856536830663896, 0.5223066551107], 'topic': 'pupil.1', 'id': 1, 'method': '3d c++'}"
1581494815.25523,"{'circle_3d': {'center': [-0.12204900467649304, -0.4167446634951286, 62.491743932039086], 'normal': [-0.270905346758669, 0.5811232598340074, -0.7674021435840939], 'radius': 2.4557562797496595}, 'confidence': 0.48469718109948584, 'timestamp': 359911.769789, 'diameter_3d': 4.911512559499319, 'ellipse': {'center': [158.98751901211207, 115.43546835191037], 'axes': [37.58098186707752, 48.74463667825936], 'angle': -64.6857488012265}, 'location': [158.98751901211207, 115.43546835191037], 'diameter': 48.74463667825936, 'sphere': {'center': [3.1288151564275357, -7.390223781503218, 71.70056965504821], 'radius': 12.0}, 'projected_sphere': {'center': [187.05509044513556, 56.096201653965586], 'axes': [207.52973193361993, 207.52973193361993], 'angle': 90.0}, 'model_confidence': 0.7319179647744534, 'model_id': 1, 'model_birth_timestamp': 359909.669808, 'theta': 2.1909045772350995, 'phi': -1.9101556044273795, 'norm_pos': [0.49683599691285024, 0.51901888186704], 'topic': 'pupil.1', 'id': 1, 'method': '3d c++'}"
1581494815.265019,"{'circle_3d': {'center': [-0.17708907125253548, -0.34340133613924984, 62.5674819701017], 'normal': [-0.27549201897333925, 0.5872352037803307, -0.7610906404122092], 'radius': 2.44267090778286}, 'confidence': 0.5119899750743329, 'timestamp': 359911.778189, 'diameter_3d': 4.88534181556572, 'ellipse': {'center': [158.44231106718374, 116.17232803759826], 'axes': [36.98619463612967, 48.42643723562378], 'angle': -64.53365477600073}, 'location': [158.44231106718374, 116.17232803759826], 'diameter': 48.42643723562378, 'sphere': {'center': [3.1288151564275357, -7.390223781503218, 71.70056965504821], 'radius': 12.0}, 'projected_sphere': {'center': [187.05509044513556, 56.096201653965586], 'axes': [207.52973193361993, 207.52973193361993], 'angle': 90.0}, 'model_confidence': 0.7319179647744534, 'model_id': 1, 'model_birth_timestamp': 359909.669808, 'theta': 2.1984351279516243, 'phi': -1.9180948378498328, 'norm_pos': [0.49513222208494917, 0.5159486331766738], 'topic': 'pupil.1', 'id': 1, 'method': '3d c++'}"
1581494815.273422,"{'circle_3d': {'center': [-0.4327822979311966, -0.46472331154057755, 62.57081243956583], 'normal': [-0.29679978786322764, 0.5771250391635533, -0.7608131012901986], 'radius': 2.4435442458075918}, 'confidence': 0.5045414163688514, 'timestamp': 359911.786589, 'diameter_3d': 4.8870884916151835, 'ellipse': {'center': [155.9225551239353, 114.9767555341032], 'axes': [36.97262087311041, 48.44284080067058], 'angle': -62.135199275817335}, 'location': [155.9225551239353, 114.9767555341032], 'diameter': 48.44284080067058, 'sphere': {'center': [3.1288151564275357, -7.390223781503218, 71.70056965504821], 'radius': 12.0}, 'projected_sphere': {'center': [187.05509044513556, 56.096201653965586], 'axes': [207.52973193361993, 207.52973193361993], 'angle': 90.0}, 'model_confidence': 0.7319179647744534, 'model_id': 1, 'model_birth_timestamp': 359909.669808, 'theta': 2.1860002130401095, 'phi': -1.9427467214959586, 'norm_pos': [0.4872579847622978, 0.52093018527457], 'topic': 'pupil.1', 'id': 1, 'method': '3d c++'}"
1581494815.279337,"{'circle_3d': {'center': [-0.07464733194310913, -0.3769247018644215, 62.505382647426245], 'normal': [-0.26695520736422035, 0.5844415899698996, -0.7662655839684971], 'radius': 2.458366397843817}, 'confidence': 0.447898431979089, 'timestamp': 359911.794989, 'diameter_3d': 4.916732795687634, 'ellipse': {'center': [159.45540034804222, 115.82905807591766], 'axes': [37.55067902666402, 48.78568808404803], 'angle': -65.2007085547088}, 'location': [159.45540034804222, 115.82905807591766], 'diameter': 48.78568808404803, 'sphere': {'center': [3.1288151564275357, -7.390223781503218, 71.70056965504821], 'radius': 12.0}, 'projected_sphere': {'center': [187.05509044513556, 56.096201653965586], 'axes': [207.52973193361993, 207.52973193361993], 'angle': 90.0}, 'model_confidence': 0.7319179647744534, 'model_id': 1, 'model_birth_timestamp': 359909.669808, 'theta': 2.1949880386059006, 'phi': -1.9060314040575352, 'norm_pos': [0.4982981260876319, 0.5173789246836764], 'topic': 'pupil.1', 'id': 1, 'method': '3d c++'}"
1581494815.287833,"{'circle_3d': {'center': [-0.359615457570722, -0.5004924617959041, 62.51566605220273], 'normal': [-0.29070255116652144, 0.5741442766422761, -0.7654086335704566], 'radius': 2.4416418556897743}, 'confidence': 0.5030984736316456, 'timestamp': 359911.803389, 'diameter_3d': 4.883283711379549, 'ellipse': {'center': [156.64182313025614, 114.61734244565731], 'axes': [37.23247029350947, 48.4472169744381], 'angle': -62.54005293086185}, 'location': [156.64182313025614, 114.61734244565731], 'diameter': 48.4472169744381, 'sphere': {'center': [3.1288151564275357, -7.390223781503218, 71.70056965504821], 'radius': 12.0}, 'projected_sphere': {'center': [187.05509044513556, 56.096201653965586], 'axes': [207.52973193361993, 207.52973193361993], 'angle': 90.0}, 'model_confidence': 0.7319179647744534, 'model_id': 1, 'model_birth_timestamp': 359909.669808, 'theta': 2.1823549383646825, 'phi': -1.9337689631334753, 'norm_pos': [0.48950569728205046, 0.5224277398097612], 'topic': 'pupil.1', 'id': 1, 'method': '3d c++'}"
1581494815.296233,"{'circle_3d': {'center': [-0.3659044819954089, -0.4144135982070116, 62.583278010297455], 'normal': [-0.29122663653524533, 0.5813175152746838, -0.7597743037292297], 'radius': 2.4305888287601967}, 'confidence': 0.6270774246035643, 'timestamp': 359911.811789, 'diameter_3d': 4.861177657520393, 'ellipse': {'center': [156.57980207723944, 115.4785606155841], 'axes': [36.71530170603929, 48.175706823848316], 'angle': -62.835049250183694}, 'location': [156.57980207723944, 115.4785606155841], 'diameter': 48.175706823848316, 'sphere': {'center': [3.1288151564275357, -7.390223781503218, 71.70056965504821], 'radius': 12.0}, 'projected_sphere': {'center': [187.05509044513556, 56.096201653965586], 'axes': [207.52973193361993, 207.52973193361993], 'angle': 90.0}, 'model_confidence': 0.7319179647744534, 'model_id': 1, 'model_birth_timestamp': 359909.669808, 'theta': 2.191143294717683, 'phi': -1.9368296849244344, 'norm_pos': [0.4893118814913732, 0.5188393307683996], 'topic': 'pupil.1', 'id': 1, 'method': '3d c++'}"
1581494815.30289,"{'circle_3d': {'center': [-0.14106735290978856, -0.44211164842513995, 62.47931127230548], 'normal': [-0.2724902091114436, 0.579009344423173, -0.7684381985618941], 'radius': 2.4426378082175817}, 'confidence': 0.5311716956697946, 'timestamp': 359911.820189, 'diameter_3d': 4.885275616435163, 'ellipse': {'center': [158.7978214210995, 115.18815810883541], 'axes': [37.444079282112305, 48.49378850149342], 'angle': -64.44304044760173}, 'location': [158.7978214210995, 115.18815810883541], 'diameter': 48.49378850149342, 'sphere': {'center': [3.1288151564275357, -7.390223781503218, 71.70056965504821], 'radius': 12.0}, 'projected_sphere': {'center': [187.05509044513556, 56.096201653965586], 'axes': [207.52973193361993, 207.52973193361993], 'angle': 90.0}, 'model_confidence': 0.7319179647744534, 'model_id': 1, 'model_birth_timestamp': 359909.669808, 'theta': 2.188309442602557, 'phi': -1.9115655891550851, 'norm_pos': [0.49624319194093597, 0.5200493412131858], 'topic': 'pupil.1', 'id': 1, 'method': '3d c++'}"
1581494815.3151622,"{'circle_3d': {'center': [-0.11674837044937814, -0.46274928618190536, 62.455224095812525], 'normal': [-0.27046362723974277, 0.577289541276776, -0.7704454632696405], 'radius': 2.435292364719199}, 'confidence': 0.5171556212226597, 'timestamp': 359911.828589, 'diameter_3d': 4.870584729438398, 'ellipse': {'center': [159.03686040530454, 114.98386823941328], 'axes': [37.45675189674536, 48.36635987727055], 'angle': -64.55471658881068}, 'location': [159.03686040530454, 114.98386823941328], 'diameter': 48.36635987727055, 'sphere': {'center': [3.1288151564275357, -7.390223781503218, 71.70056965504821], 'radius': 12.0}, 'projected_sphere': {'center': [187.05509044513556, 56.096201653965586], 'axes': [207.52973193361993, 207.52973193361993], 'angle': 90.0}, 'model_confidence': 0.7319179647744534, 'model_id': 1, 'model_birth_timestamp': 359909.669808, 'theta': 2.186201661221093, 'phi': -1.9084048043030826, 'norm_pos': [0.4969901887665767, 0.5209005490024446], 'topic': 'pupil.1', 'id': 1, 'method': '3d c++'}"
1581494815.323225,"{'circle_3d': {'center': [-0.1216606170798813, -0.28953440472496617, 62.58933386508262], 'normal': [-0.27087298112561803, 0.591724114731521, -0.7592696491637991], 'radius': 2.4473586385626764}, 'confidence': 0.5265696204452683, 'timestamp': 359911.836989, 'diameter_3d': 4.894717277125353, 'ellipse': {'center': [158.9891558126544, 116.70388980598837], 'axes': [36.94503008476875, 48.50233149180078], 'angle': -65.15322429808889}, 'location': [158.9891558126544, 116.70388980598837], 'diameter': 48.50233149180078, 'sphere': {'center': [3.1288151564275357, -7.390223781503218, 71.70056965504821], 'radius': 12.0}, 'projected_sphere': {'center': [187.05509044513556, 56.096201653965586], 'axes': [207.52973193361993, 207.52973193361993], 'angle': 90.0}, 'model_confidence': 0.7319179647744534, 'model_id': 1, 'model_birth_timestamp': 359909.669808, 'theta': 2.2039922203014557, 'phi': -1.9134759362999605, 'norm_pos': [0.49684111191454494, 0.5137337924750485], 'topic': 'pupil.1', 'id': 1, 'method': '3d c++'}"
1581494815.330754,"{'circle_3d': {'center': [-0.2849465418099899, -0.42272557780734665, 62.546324746310994], 'normal': [-0.2844801415197938, 0.5806248503079893, -0.7628537423947681], 'radius': 2.436777431090662}, 'confidence': 0.5422442737549017, 'timestamp': 359911.845389, 'diameter_3d': 4.873554862181324, 'ellipse': {'center': [157.37798704620116, 115.38991498210524], 'axes': [37.0028693439308, 48.326411235783524], 'angle': -63.41267132786185}, 'location': [157.37798704620116, 115.38991498210524], 'diameter': 48.326411235783524, 'sphere': {'center': [3.1288151564275357, -7.390223781503218, 71.70056965504821], 'radius': 12.0}, 'projected_sphere': {'center': [187.05509044513556, 56.096201653965586], 'axes': [207.52973193361993, 207.52973193361993], 'angle': 90.0}, 'model_confidence': 0.7319179647744534, 'model_id': 1, 'model_birth_timestamp': 359909.669808, 'theta': 2.1902922755668364, 'phi': -1.9277384193674372, 'norm_pos': [0.4918062095193786, 0.5192086875745615], 'topic': 'pupil.1', 'id': 1, 'method': '3d c++'}"
1581494815.338484,"{'circle_3d': {'center': [-0.02254942451301556, -0.33947960007281, 62.5160224279924], 'normal': [-0.2626137150783792, 0.5875620151192006, -0.7653789355879845], 'radius': 2.44683707508013}, 'confidence': 0.5462922878622726, 'timestamp': 359911.853789, 'diameter_3d': 4.89367415016026, 'ellipse': {'center': [159.96724937904324, 116.20369727497015], 'axes': [37.31979712565997, 48.548369455017905], 'angle': -65.74109657736376}, 'location': [159.96724937904324, 116.20369727497015], 'diameter': 48.548369455017905, 'sphere': {'center': [3.1288151564275357, -7.390223781503218, 71.70056965504821], 'radius': 12.0}, 'projected_sphere': {'center': [187.05509044513556, 56.096201653965586], 'axes': [207.52973193361993, 207.52973193361993], 'angle': 90.0}, 'model_confidence': 0.7319179647744534, 'model_id': 1, 'model_birth_timestamp': 359909.669808, 'theta': 2.1988389488423254, 'phi': -1.9013252409714976, 'norm_pos': [0.4998976543095101, 0.5158179280209577], 'topic': 'pupil.1', 'id': 1, 'method': '3d c++'}"
1581494815.3472471,"{'circle_3d': {'center': [-0.06610176749204433, -0.2724381488674865, 62.58302428707243], 'normal': [-0.26624307699329836, 0.5931488027196443, -0.759795447331315], 'radius': 2.4333592317947605}, 'confidence': 0.574114316962933, 'timestamp': 359911.862188, 'diameter_3d': 4.866718463589521, 'ellipse': {'center': [159.53445496897518, 116.87657608926129], 'axes': [36.766917606548056, 48.229397348727545], 'angle': -65.64015080184532}, 'location': [159.53445496897518, 116.87657608926129], 'diameter': 48.229397348727545, 'sphere': {'center': [3.1288151564275357, -7.390223781503218, 71.70056965504821], 'radius': 12.0}, 'projected_sphere': {'center': [187.05509044513556, 56.096201653965586], 'axes': [207.52973193361993, 207.52973193361993], 'angle': 90.0}, 'model_confidence': 0.7319179647744534, 'model_id': 1, 'model_birth_timestamp': 359909.669808, 'theta': 2.2057606638109855, 'phi': -1.907840053095799, 'norm_pos': [0.49854517177804747, 0.5130142662947446], 'topic': 'pupil.1', 'id': 1, 'method': '3d c++'}"
1581494815.3550878,"{'circle_3d': {'center': [-0.17679441917770333, -0.2054410323782907, 62.6755022214196], 'normal': [-0.27546746463377, 0.5987318957604107, -0.7520889528023846], 'radius': 2.4280240946625624}, 'confidence': 0.7367730567354239, 'timestamp': 359911.870588, 'diameter_3d': 4.856048189325125, 'ellipse': {'center': [158.44286618738684, 117.54714271576947], 'axes': [36.2084491430909, 48.05314648144649], 'angle': -65.0345841628938}, 'location': [158.44286618738684, 117.54714271576947], 'diameter': 48.05314648144649, 'sphere': {'center': [3.1288151564275357, -7.390223781503218, 71.70056965504821], 'radius': 12.0}, 'projected_sphere': {'center': [187.05509044513556, 56.096201653965586], 'axes': [207.52973193361993, 207.52973193361993], 'angle': 90.0}, 'model_confidence': 0.7319179647744534, 'model_id': 1, 'model_birth_timestamp': 359909.669808, 'theta': 2.212713245747413, 'phi': -1.9218912357641538, 'norm_pos': [0.49513395683558387, 0.5102202386842939], 'topic': 'pupil.1', 'id': 1, 'method': '3d c++'}"
1581494815.3633568,"{'circle_3d': {'center': [-0.03339805935588247, -0.23447486061271405, 62.60135732874771], 'normal': [-0.26351776798195153, 0.5963124100742088, -0.7582676938583753], 'radius': 2.426152745790404}, 'confidence': 0.5465644909271989, 'timestamp': 359911.878988, 'diameter_3d': 4.852305491580808, 'ellipse': {'center': [159.85521233759366, 117.2549504608495], 'axes': [36.56386912643016, 48.072379883808956], 'angle': -66.02378892909668}, 'location': [159.85521233759366, 117.2549504608495], 'diameter': 48.072379883808956, 'sphere': {'center': [3.1288151564275357, -7.390223781503218, 71.70056965504821], 'radius': 12.0}, 'projected_sphere': {'center': [187.05509044513556, 56.096201653965586], 'axes': [207.52973193361993, 207.52973193361993], 'angle': 90.0}, 'model_confidence': 0.7319179647744534, 'model_id': 1, 'model_birth_timestamp': 359909.669808, 'theta': 2.2096958723219218, 'phi': -1.905265473959762, 'norm_pos': [0.4995475385549802, 0.511437706413127], 'topic': 'pupil.1', 'id': 1, 'method': '3d c++'}"
1581494815.37044,"{'circle_3d': {'center': [-0.29607999596983836, -0.35343361050309774, 62.6036648361331], 'normal': [-0.2854079293664479, 0.5863991809166768, -0.7580754015762596], 'radius': 2.4391320580090547}, 'confidence': 0.484173043605542, 'timestamp': 359911.887388, 'diameter_3d': 4.8782641160181095, 'ellipse': {'center': [157.26961689875392, 116.07883485523266], 'axes': [36.74193932649821, 48.32895271730212], 'angle': -63.59450365021558}, 'location': [157.26961689875392, 116.07883485523266], 'diameter': 48.32895271730212, 'sphere': {'center': [3.1288151564275357, -7.390223781503218, 71.70056965504821], 'radius': 12.0}, 'projected_sphere': {'center': [187.05509044513556, 56.096201653965586], 'axes': [207.52973193361993, 207.52973193361993], 'angle': 90.0}, 'model_confidence': 0.7319179647744534, 'model_id': 1, 'model_birth_timestamp': 359909.669808, 'theta': 2.1974026432281186, 'phi': -1.9308727983902767, 'norm_pos': [0.491467552808606, 0.5163381881031972], 'topic': 'pupil.1', 'id': 1, 'method': '3d c++'}"
1581494815.378426,"{'circle_3d': {'center': [-0.23263417389128138, -0.36999465305577406, 62.567276635342935], 'normal': [-0.2801207775265681, 0.5850190940372871, -0.7611077516421065], 'radius': 2.4370271976401785}, 'confidence': 0.4536779300864334, 'timestamp': 359911.895788, 'diameter_3d': 4.874054395280357, 'ellipse': {'center': [157.89395004383616, 115.9121639766386], 'axes': [36.90015069541907, 48.31490293118235], 'angle': -64.01128920748003}, 'location': [157.89395004383616, 115.9121639766386], 'diameter': 48.31490293118235, 'sphere': {'center': [3.1288151564275357, -7.390223781503218, 71.70056965504821], 'radius': 12.0}, 'projected_sphere': {'center': [187.05509044513556, 56.096201653965586], 'axes': [207.52973193361993, 207.52973193361993], 'angle': 90.0}, 'model_confidence': 0.7319179647744534, 'model_id': 1, 'model_birth_timestamp': 359909.669808, 'theta': 2.1956999276087696, 'phi': -1.9234542627917646, 'norm_pos': [0.493418593886988, 0.5170326500973392], 'topic': 'pupil.1', 'id': 1, 'method': '3d c++'}"
1581494815.386894,"{'circle_3d': {'center': [-0.008732533738612602, -0.3956602435172698, 62.46845855275906], 'normal': [-0.26146230751384564, 0.5828802948321622, -0.7693425918574291], 'radius': 2.4276885957538514}, 'confidence': 0.5266353989542217, 'timestamp': 359911.904188, 'diameter_3d': 4.855377191507703, 'ellipse': {'center': [160.10175061621163, 115.65047864617999], 'axes': [37.27333969481398, 48.20470062933245], 'angle': -65.64896055918899}, 'location': [160.10175061621163, 115.65047864617999], 'diameter': 48.20470062933245, 'sphere': {'center': [3.1288151564275357, -7.390223781503218, 71.70056965504821], 'radius': 12.0}, 'projected_sphere': {'center': [187.05509044513556, 56.096201653965586], 'axes': [207.52973193361993, 207.52973193361993], 'angle': 90.0}, 'model_confidence': 0.7319179647744534, 'model_id': 1, 'model_birth_timestamp': 359909.669808, 'theta': 2.1930652546154343, 'phi': -1.8984018011524104, 'norm_pos': [0.5003179706756613, 0.5181230056409167], 'topic': 'pupil.1', 'id': 1, 'method': '3d c++'}"
1581494815.399102,"{'circle_3d': {'center': [-0.16450567243713676, -0.42240516834420827, 62.50255129823456], 'normal': [-0.2744434024053894, 0.5806515510965842, -0.7665015297344713], 'radius': 2.4244337338853694}, 'confidence': 0.5583154114293075, 'timestamp': 359911.912588, 'diameter_3d': 4.848867467770739, 'ellipse': {'center': [158.56351663233963, 115.39186325759046], 'axes': [37.04427923103401, 48.11441080011335], 'angle': -64.33576992180437}, 'location': [158.56351663233963, 115.39186325759046], 'diameter': 48.11441080011335, 'sphere': {'center': [3.1288151564275357, -7.390223781503218, 71.70056965504821], 'radius': 12.0}, 'projected_sphere': {'center': [187.05509044513556, 56.096201653965586], 'axes': [207.52973193361993, 207.52973193361993], 'angle': 90.0}, 'model_confidence': 0.7319179647744534, 'model_id': 1, 'model_birth_timestamp': 359909.669808, 'theta': 2.19032507100351, 'phi': -1.9146217042015587, 'norm_pos': [0.4955109894760613, 0.5192005697600397], 'topic': 'pupil.1', 'id': 1, 'method': '3d c++'}"
1581494815.407528,"{'circle_3d': {'center': [0.0782883891153916, -0.4502415631402821, 62.39836920296601], 'normal': [-0.2542105639426787, 0.5783318515302448, -0.7751833710068504], 'radius': 2.459351594897345}, 'confidence': 0.5247477712232683, 'timestamp': 359911.920988, 'diameter_3d': 4.91870318979469, 'ellipse': {'center': [160.96828091445957, 115.09150053895519], 'axes': [38.128656855982484, 48.888241232188584], 'angle': -66.1452033012746}, 'location': [160.96828091445957, 115.09150053895519], 'diameter': 48.888241232188584, 'sphere': {'center': [3.1288151564275357, -7.390223781503218, 71.70056965504821], 'radius': 12.0}, 'projected_sphere': {'center': [187.05509044513556, 56.096201653965586], 'axes': [207.52973193361993, 207.52973193361993], 'angle': 90.0}, 'model_confidence': 0.7319179647744534, 'model_id': 1, 'model_birth_timestamp': 359909.669808, 'theta': 2.1874787351028697, 'phi': -1.8876814763309497, 'norm_pos': [0.5030258778576862, 0.5204520810876867], 'topic': 'pupil.1', 'id': 1, 'method': '3d c++'}"
1581494815.4149709,"{'circle_3d': {'center': [-0.05395210079529322, -0.3814282713246211, 62.494768327469465], 'normal': [-0.2652306047685691, 0.5840662925148831, -0.7671501106315622], 'radius': 2.406679565708153}, 'confidence': 0.5621386874211024, 'timestamp': 359911.929388, 'diameter_3d': 4.813359131416306, 'ellipse': {'center': [159.65162531727663, 115.80136573788292], 'axes': [36.81490486317685, 47.76736195594016], 'angle': -65.3457222471526}, 'location': [159.65162531727663, 115.80136573788292], 'diameter': 47.76736195594016, 'sphere': {'center': [3.1288151564275357, -7.390223781503218, 71.70056965504821], 'radius': 12.0}, 'projected_sphere': {'center': [187.05509044513556, 56.096201653965586], 'axes': [207.52973193361993, 207.52973193361993], 'angle': 90.0}, 'model_confidence': 0.7319179647744534, 'model_id': 1, 'model_birth_timestamp': 359909.669808, 'theta': 2.1945256052415063, 'phi': -1.9036665053335757, 'norm_pos': [0.49891132911648944, 0.5174943094254878], 'topic': 'pupil.1', 'id': 1, 'method': '3d c++'}"
1581494815.4226959,"{'circle_3d': {'center': [-0.08857940856064195, -0.41804978076067556, 62.47901003009571], 'normal': [-0.2681162137490149, 0.5810145000618787, -0.7684633020793756], 'radius': 2.4311406536721942}, 'confidence': 0.6819111825425044, 'timestamp': 359911.937788, 'diameter_3d': 4.8622813073443885, 'ellipse': {'center': [159.31398659793555, 115.42958469540754], 'axes': [37.27040683519834, 48.265408358250866], 'angle': -64.9414888588808}, 'location': [159.31398659793555, 115.42958469540754], 'diameter': 48.265408358250866, 'sphere': {'center': [3.1288151564275357, -7.390223781503218, 71.70056965504821], 'radius': 12.0}, 'projected_sphere': {'center': [187.05509044513556, 56.096201653965586], 'axes': [207.52973193361993, 207.52973193361993], 'angle': 90.0}, 'model_confidence': 0.7319179647744534, 'model_id': 1, 'model_birth_timestamp': 359909.669808, 'theta': 2.19077094181505, 'phi': -1.9064901212413992, 'norm_pos': [0.4978562081185486, 0.5190433971024686], 'topic': 'pupil.1', 'id': 1, 'method': '3d c++'}"
1581494815.431087,"{'circle_3d': {'center': [-0.014316450243554879, -0.350194357625103, 62.50498868296844], 'normal': [-0.2619276338892575, 0.5866691186565095, -0.7662984143399811], 'radius': 2.4238507560207254}, 'confidence': 0.5510776877942719, 'timestamp': 359911.946188, 'diameter_3d': 4.847701512041451, 'ellipse': {'center': [160.04515444669312, 116.10478541780762], 'axes': [37.02576991747615, 48.100443574248764], 'angle': -65.76743881526615}, 'location': [160.04515444669312, 116.10478541780762], 'diameter': 48.100443574248764, 'sphere': {'center': [3.1288151564275357, -7.390223781503218, 71.70056965504821], 'radius': 12.0}, 'projected_sphere': {'center': [187.05509044513556, 56.096201653965586], 'axes': [207.52973193361993, 207.52973193361993], 'angle': 90.0}, 'model_confidence': 0.7319179647744534, 'model_id': 1, 'model_birth_timestamp': 359909.669808, 'theta': 2.1977359307678674, 'phi': -1.9001554165250854, 'norm_pos': [0.500141107645916, 0.5162300607591349], 'topic': 'pupil.1', 'id': 1, 'method': '3d c++'}"
1581494815.438973,"{'circle_3d': {'center': [-0.24682646136729858, -0.3875355641569378, 62.55904891729068], 'normal': [-0.2813034681495696, 0.5835573514455235, -0.7617933948131277], 'radius': 2.452535704775381}, 'confidence': 0.5022691877992488, 'timestamp': 359911.954588, 'diameter_3d': 4.905071409550762, 'ellipse': {'center': [157.75654497299183, 115.73291686989026], 'axes': [37.17761610941772, 48.62902340599928], 'angle': -63.837060577615084}, 'location': [157.75654497299183, 115.73291686989026], 'diameter': 48.62902340599928, 'sphere': {'center': [3.1288151564275357, -7.390223781503218, 71.70056965504821], 'radius': 12.0}, 'projected_sphere': {'center': [187.05509044513556, 56.096201653965586], 'axes': [207.52973193361993, 207.52973193361993], 'angle': 90.0}, 'model_confidence': 0.7319179647744534, 'model_id': 1, 'model_birth_timestamp': 359909.669808, 'theta': 2.193898744811749, 'phi': -1.9245294003406326, 'norm_pos': [0.49298920304059946, 0.5177795130421239], 'topic': 'pupil.1', 'id': 1, 'method': '3d c++'}"
1581494815.446893,"{'circle_3d': {'center': [0.0018560334735751027, -0.41795575288711895, 62.448023779424965], 'normal': [-0.26057992691283005, 0.5810223357180083, -0.7710454896352706], 'radius': 2.437640198075673}, 'confidence': 0.5459115893844334, 'timestamp': 359911.962988, 'diameter_3d': 4.875280396151346, 'ellipse': {'center': [160.20836388842227, 115.42438089578812], 'axes': [37.5325903197589, 48.41817517668555], 'angle': -65.6522474091257}, 'location': [160.20836388842227, 115.42438089578812], 'diameter': 48.41817517668555, 'sphere': {'center': [3.1288151564275357, -7.390223781503218, 71.70056965504821], 'radius': 12.0}, 'projected_sphere': {'center': [187.05509044513556, 56.096201653965586], 'axes': [207.52973193361993, 207.52973193361993], 'angle': 90.0}, 'model_confidence': 0.7319179647744534, 'model_id': 1, 'model_birth_timestamp': 359909.669808, 'theta': 2.190780569224394, 'phi': -1.8967020513467714, 'norm_pos': [0.5006511371513196, 0.5190650796008829], 'topic': 'pupil.1', 'id': 1, 'method': '3d c++'}"
1581494815.454732,"{'circle_3d': {'center': [0.05460205755165859, -0.3519725234593629, 62.4803617912664], 'normal': [-0.25618442490632315, 0.5865209381703214, -0.7683506553151515], 'radius': 2.446041673567991}, 'confidence': 0.5746579188022785, 'timestamp': 359911.971387, 'diameter_3d': 4.892083347135982, 'ellipse': {'center': [160.72932486175546, 116.07664369817232], 'axes': [37.49413037010683, 48.56001823312492], 'angle': -66.30296550471496}, 'location': [160.72932486175546, 116.07664369817232], 'diameter': 48.56001823312492, 'sphere': {'center': [3.1288151564275357, -7.390223781503218, 71.70056965504821], 'radius': 12.0}, 'projected_sphere': {'center': [187.05509044513556, 56.096201653965586], 'axes': [207.52973193361993, 207.52973193361993], 'angle': 90.0}, 'model_confidence': 0.7319179647744534, 'model_id': 1, 'model_birth_timestamp': 359909.669808, 'theta': 2.197552964881111, 'phi': -1.8926259911886163, 'norm_pos': [0.5022791401929858, 0.516347317924282], 'topic': 'pupil.1', 'id': 1, 'method': '3d c++'}"
1581494815.463148,"{'circle_3d': {'center': [-0.17674538891206604, -0.391201449175794, 62.53067566042231], 'normal': [-0.2754633787783001, 0.5832518610272853, -0.7641578328854917], 'radius': 2.4322856284426546}, 'confidence': 0.5798424267353739, 'timestamp': 359911.979787, 'diameter_3d': 4.864571256885309, 'ellipse': {'center': [158.44402745817646, 115.70038487526506], 'axes': [37.0187632446549, 48.24872961708651], 'angle': -64.35866303088572}, 'location': [158.44402745817646, 115.70038487526506], 'diameter': 48.24872961708651, 'sphere': {'center': [3.1288151564275357, -7.390223781503218, 71.70056965504821], 'radius': 12.0}, 'projected_sphere': {'center': [187.05509044513556, 56.096201653965586], 'axes': [207.52973193361993, 207.52973193361993], 'angle': 90.0}, 'model_confidence': 0.7319179647744534, 'model_id': 1, 'model_birth_timestamp': 359909.669808, 'theta': 2.193522609232688, 'phi': -1.9167764972661898, 'norm_pos': [0.49513758580680145, 0.5179150630197289], 'topic': 'pupil.1', 'id': 1, 'method': '3d c++'}"
1581494815.470777,"{'circle_3d': {'center': [-0.1785686100807089, -0.3261732994127424, 62.58133704437778], 'normal': [-0.2756153138756871, 0.5886708735075398, -0.7599360508892026], 'radius': 2.4229133401314087}, 'confidence': 0.658901338418689, 'timestamp': 359911.988187, 'diameter_3d': 4.845826680262817, 'ellipse': {'center': [158.4245556352175, 116.35050968656314], 'axes': [36.615408145684604, 48.023889542405286], 'angle': -64.58578745191322}, 'location': [158.4245556352175, 116.35050968656314], 'diameter': 48.023889542405286, 'sphere': {'center': [3.1288151564275357, -7.390223781503218, 71.70056965504821], 'radius': 12.0}, 'projected_sphere': {'center': [187.05509044513556, 56.096201653965586], 'axes': [207.52973193361993, 207.52973193361993], 'angle': 90.0}, 'model_confidence': 0.7319179647744534, 'model_id': 1, 'model_birth_timestamp': 359909.669808, 'theta': 2.20020998142576, 'phi': -1.9187243845762496, 'norm_pos': [0.49507673636005467, 0.5152062096393202], 'topic': 'pupil.1', 'id': 1, 'method': '3d c++'}"
1581494815.4826381,"{'circle_3d': {'center': [-0.03816111954827539, -0.36616724903532116, 62.50095601663375], 'normal': [-0.263914689664651, 0.5853380443723248, -0.766634469867872], 'radius': 2.434699626650893}, 'confidence': 0.5929473826634701, 'timestamp': 359911.996587, 'diameter_3d': 4.869399253301786, 'ellipse': {'center': [159.81168325435846, 115.94295193475634], 'axes': [37.21225935399981, 48.31903364795356], 'angle': -65.52404495769744}, 'location': [159.81168325435846, 115.94295193475634], 'diameter': 48.31903364795356, 'sphere': {'center': [3.1288151564275357, -7.390223781503218, 71.70056965504821], 'radius': 12.0}, 'projected_sphere': {'center': [187.05509044513556, 56.096201653965586], 'axes': [207.52973193361993, 207.52973193361993], 'angle': 90.0}, 'model_confidence': 0.7319179647744534, 'model_id': 1, 'model_birth_timestamp': 359909.669808, 'theta': 2.1960932542659863, 'phi': -1.9023403982703497, 'norm_pos': [0.4994115101698702, 0.5169043669385153], 'topic': 'pupil.1', 'id': 1, 'method': '3d c++'}"
1581494815.490975,"{'circle_3d': {'center': [-0.06890571294929293, -0.3021027216784109, 62.560924088461945], 'normal': [-0.2664767391147357, 0.5906767549854005, -0.7616371305488555], 'radius': 2.4148764944741195}, 'confidence': 0.652695833441455, 'timestamp': 359912.004987, 'diameter_3d': 4.829752988948239, 'ellipse': {'center': [159.50430280661183, 116.58832712478674], 'axes': [36.600586141467836, 47.87968884867673], 'angle': -65.51383991612293}, 'location': [159.50430280661183, 116.58832712478674], 'diameter': 47.87968884867673, 'sphere': {'center': [3.1288151564275357, -7.390223781503218, 71.70056965504821], 'radius': 12.0}, 'projected_sphere': {'center': [187.05509044513556, 56.096201653965586], 'axes': [207.52973193361993, 207.52973193361993], 'angle': 90.0}, 'model_confidence': 0.7319179647744534, 'model_id': 1, 'model_birth_timestamp': 359909.669808, 'theta': 2.2026936116224074, 'phi': -1.9073585527463741, 'norm_pos': [0.498450946270662, 0.5142153036467219], 'topic': 'pupil.1', 'id': 1, 'method': '3d c++'}"
1581494815.499028,"{'circle_3d': {'center': [-0.13299241081716007, -0.44035276335967044, 62.4777770071875], 'normal': [-0.2718172972703913, 0.5791559181786289, -0.7685660539883927], 'radius': 2.4291946904143336}, 'confidence': 0.5933989621664526, 'timestamp': 359912.013387, 'diameter_3d': 4.858389380828667, 'ellipse': {'center': [158.87535500681665, 115.20998525047773], 'axes': [37.24588234052092, 48.2278810256097], 'angle': -64.51241727510727}, 'location': [158.87535500681665, 115.20998525047773], 'diameter': 48.2278810256097, 'sphere': {'center': [3.1288151564275357, -7.390223781503218, 71.70056965504821], 'radius': 12.0}, 'projected_sphere': {'center': [187.05509044513556, 56.096201653965586], 'axes': [207.52973193361993, 207.52973193361993], 'angle': 90.0}, 'model_confidence': 0.7319179647744534, 'model_id': 1, 'model_birth_timestamp': 359909.669808, 'theta': 2.1884892283935042, 'phi': -1.9107351979146838, 'norm_pos': [0.496485484396302, 0.5199583947896762], 'topic': 'pupil.1', 'id': 1, 'method': '3d c++'}"
1581494815.506697,"{'circle_3d': {'center': [0.01449038884054099, -0.46771093112234396, 62.40649643184269], 'normal': [-0.2595270639655829, 0.5768760708650729, -0.7745061019337935], 'radius': 2.4501366237763875}, 'confidence': 0.47577053916790996, 'timestamp': 359912.021787, 'diameter_3d': 4.900273247552775, 'ellipse': {'center': [160.33626425766596, 114.92323233283747], 'axes': [37.94236023919627, 48.69876791868873], 'angle': -65.57199856337287}, 'location': [160.33626425766596, 114.92323233283747], 'diameter': 48.69876791868873, 'sphere': {'center': [3.1288151564275357, -7.390223781503218, 71.70056965504821], 'radius': 12.0}, 'projected_sphere': {'center': [187.05509044513556, 56.096201653965586], 'axes': [207.52973193361993, 207.52973193361993], 'angle': 90.0}, 'model_confidence': 0.7319179647744534, 'model_id': 1, 'model_birth_timestamp': 359909.669808, 'theta': 2.1856953826698704, 'phi': -1.8941245099199397, 'norm_pos': [0.5010508258052061, 0.5211531986131772], 'topic': 'pupil.1', 'id': 1, 'method': '3d c++'}"
1581494815.515327,"{'circle_3d': {'center': [-0.03829937158555108, -0.5043485196211988, 62.39712365669633], 'normal': [-0.26392621066775723, 0.5738229384901683, -0.7752871665293236], 'radius': 2.4323142416911776}, 'confidence': 0.5968691290899041, 'timestamp': 359912.030187, 'diameter_3d': 4.864628483382355, 'ellipse': {'center': [159.8121032961751, 114.56619604571658], 'axes': [37.713732009407416, 48.35171656969422], 'angle': -65.01650994188223}, 'location': [159.8121032961751, 114.56619604571658], 'diameter': 48.35171656969422, 'sphere': {'center': [3.1288151564275357, -7.390223781503218, 71.70056965504821], 'radius': 12.0}, 'projected_sphere': {'center': [187.05509044513556, 56.096201653965586], 'axes': [207.52973193361993, 207.52973193361993], 'angle': 90.0}, 'model_confidence': 0.7319179647744534, 'model_id': 1, 'model_birth_timestamp': 359909.669808, 'theta': 2.181962520255294, 'phi': -1.8989146782525788, 'norm_pos': [0.4994128228005472, 0.5226408498095143], 'topic': 'pupil.1', 'id': 1, 'method': '3d c++'}"
1581494815.5230038,"{'circle_3d': {'center': [-0.14609222606019623, -0.44399375080358094, 62.479676531454714], 'normal': [-0.27290894854064435, 0.5788525025583031, -0.7684077602994582], 'radius': 2.4068684167872085}, 'confidence': 0.5315987565919205, 'timestamp': 359912.038587, 'diameter_3d': 4.813736833574417, 'ellipse': {'center': [158.74247213418187, 115.18198071026079], 'axes': [36.893085454313464, 47.782966486053276], 'angle': -64.39693850743453}, 'location': [158.74247213418187, 115.18198071026079], 'diameter': 47.782966486053276, 'sphere': {'center': [3.1288151564275357, -7.390223781503218, 71.70056965504821], 'radius': 12.0}, 'projected_sphere': {'center': [187.05509044513556, 56.096201653965586], 'axes': [207.52973193361993, 207.52973193361993], 'angle': 90.0}, 'model_confidence': 0.7319179647744534, 'model_id': 1, 'model_birth_timestamp': 359909.669808, 'theta': 2.188117087478399, 'phi': -1.9120620545066447, 'norm_pos': [0.49607022541931833, 0.5200750803739134], 'topic': 'pupil.1', 'id': 1, 'method': '3d c++'}"
1581494815.530926,"{'circle_3d': {'center': [-0.08706939401661318, -0.4895966951698938, 62.42482535210532], 'normal': [-0.2679903792036791, 0.5750522571944437, -0.7729786919119075], 'radius': 2.4179043015364488}, 'confidence': 0.5346900127650441, 'timestamp': 359912.046987, 'diameter_3d': 4.8358086030728975, 'ellipse': {'center': [159.32750774467326, 114.72070735122546], 'axes': [37.346203917087344, 48.04401040027398], 'angle': -64.68625702513773}, 'location': [159.32750774467326, 114.72070735122546], 'diameter': 48.04401040027398, 'sphere': {'center': [3.1288151564275357, -7.390223781503218, 71.70056965504821], 'radius': 12.0}, 'projected_sphere': {'center': [187.05509044513556, 56.096201653965586], 'axes': [207.52973193361993, 207.52973193361993], 'angle': 90.0}, 'model_confidence': 0.7319179647744534, 'model_id': 1, 'model_birth_timestamp': 359909.669808, 'theta': 2.1834643483993603, 'phi': -1.9045267204261755, 'norm_pos': [0.49789846170210394, 0.5219970527032273], 'topic': 'pupil.1', 'id': 1, 'method': '3d c++'}"
1581494815.5389051,"{'circle_3d': {'center': [-0.22582696591930196, -0.5283195236713514, 62.44526597622031], 'normal': [-0.2795535101955698, 0.5718253548193222, -0.7712753065689916], 'radius': 2.4326085670542894}, 'confidence': 0.5913186022135188, 'timestamp': 359912.055387, 'diameter_3d': 4.865217134108579, 'ellipse': {'center': [157.95944540814838, 114.33603074490595], 'axes': [37.46362470128882, 48.32130435624836], 'angle': -63.45311252175556}, 'location': [157.95944540814838, 114.33603074490595], 'diameter': 48.32130435624836, 'sphere': {'center': [3.1288151564275357, -7.390223781503218, 71.70056965504821], 'radius': 12.0}, 'projected_sphere': {'center': [187.05509044513556, 56.096201653965586], 'axes': [207.52973193361993, 207.52973193361993], 'angle': 90.0}, 'model_confidence': 0.7319179647744534, 'model_id': 1, 'model_birth_timestamp': 359909.669808, 'theta': 2.1795254849977885, 'phi': -1.9185245936861541, 'norm_pos': [0.4936232669004637, 0.5235998718962251], 'topic': 'pupil.1', 'id': 1, 'method': '3d c++'}"
1581494815.54735,"{'circle_3d': {'center': [-0.16546055916543256, -0.5682727604085311, 62.39418841552016], 'normal': [-0.27452297629941397, 0.5684959184245572, -0.7755317699606707], 'radius': 2.4265876522739496}, 'confidence': 0.6277211334236825, 'timestamp': 359912.063787, 'diameter_3d': 4.853175304547899, 'ellipse': {'center': [158.55462843128032, 113.93606941335904], 'axes': [37.636635879274955, 48.2406763246219], 'angle': -63.766412050210896}, 'location': [158.55462843128032, 113.93606941335904], 'diameter': 48.2406763246219, 'sphere': {'center': [3.1288151564275357, -7.390223781503218, 71.70056965504821], 'radius': 12.0}, 'projected_sphere': {'center': [187.05509044513556, 56.096201653965586], 'axes': [207.52973193361993, 207.52973193361993], 'angle': 90.0}, 'model_confidence': 0.7319179647744534, 'model_id': 1, 'model_birth_timestamp': 359909.669808, 'theta': 2.175472767660208, 'phi': -1.9110126691873588, 'norm_pos': [0.495483213847751, 0.5252663774443374], 'topic': 'pupil.1', 'id': 1, 'method': '3d c++'}"
1581494815.555965,"{'circle_3d': {'center': [-0.3054512599404595, -0.6094715731752016, 62.41470870031377], 'normal': [-0.28618886803066623, 0.5650626840273346, -0.7738217462278704], 'radius': 2.4396563644353932}, 'confidence': 0.5075355082325155, 'timestamp': 359912.072187, 'diameter_3d': 4.8793127288707865, 'ellipse': {'center': [157.17383271705688, 113.52761015553256], 'axes': [37.727512328577355, 48.48568870685375], 'angle': -62.51050403271569}, 'location': [157.17383271705688, 113.52761015553256], 'diameter': 48.48568870685375, 'sphere': {'center': [3.1288151564275357, -7.390223781503218, 71.70056965504821], 'radius': 12.0}, 'projected_sphere': {'center': [187.05509044513556, 56.096201653965586], 'axes': [207.52973193361993, 207.52973193361993], 'angle': 90.0}, 'model_confidence': 0.7319179647744534, 'model_id': 1, 'model_birth_timestamp': 359909.669808, 'theta': 2.171305554619832, 'phi': -1.9250339514789951, 'norm_pos': [0.4911682272408028, 0.5269682910186144], 'topic': 'pupil.1', 'id': 1, 'method': '3d c++'}"
1581494815.56762,"{'circle_3d': {'center': [-0.22258537481340612, -0.5529804467912971, 62.42586113881249], 'normal': [-0.27928337760341176, 0.56977027789266, -0.7728923763529765], 'radius': 2.4127747111623146}, 'confidence': 0.4614548843716198, 'timestamp': 359912.080586, 'diameter_3d': 4.825549422324629, 'ellipse': {'center': [157.98804244287777, 114.09650471424536], 'axes': [37.25749268674185, 47.94195067237977], 'angle': -63.38065529138206}, 'location': [157.98804244287777, 114.09650471424536], 'diameter': 47.94195067237977, 'sphere': {'center': [3.1288151564275357, -7.390223781503218, 71.70056965504821], 'radius': 12.0}, 'projected_sphere': {'center': [187.05509044513556, 56.096201653965586], 'axes': [207.52973193361993, 207.52973193361993], 'angle': 90.0}, 'model_confidence': 0.7319179647744534, 'model_id': 1, 'model_birth_timestamp': 359909.669808, 'theta': 2.1770226209780703, 'phi': -1.9175450383444648, 'norm_pos': [0.493712632633993, 0.5245978970239777], 'topic': 'pupil.1', 'id': 1, 'method': '3d c++'}"
1581494815.5750852,"{'circle_3d': {'center': [0.029862356926706912, -0.5046642281564067, 62.373964635868916], 'normal': [-0.25824606662506905, 0.5737966294455675, -0.777217084931608], 'radius': 2.437140794369942}, 'confidence': 0.5580616483210429, 'timestamp': 359912.088986, 'diameter_3d': 4.874281588739884, 'ellipse': {'center': [160.48711391060218, 114.5581952292927], 'axes': [37.91029613717072, 48.46543304707241], 'angle': -65.5595266446165}, 'location': [160.48711391060218, 114.5581952292927], 'diameter': 48.46543304707241, 'sphere': {'center': [3.1288151564275357, -7.390223781503218, 71.70056965504821], 'radius': 12.0}, 'projected_sphere': {'center': [187.05509044513556, 56.096201653965586], 'axes': [207.52973193361993, 207.52973193361993], 'angle': 90.0}, 'model_confidence': 0.7319179647744534, 'model_id': 1, 'model_birth_timestamp': 359909.669808, 'theta': 2.1819303964326817, 'phi': -1.8915897450614991, 'norm_pos': [0.5015222309706318, 0.5226741865446137], 'topic': 'pupil.1', 'id': 1, 'method': '3d c++'}"
1581494815.583246,"{'circle_3d': {'center': [-0.030783924608767332, -0.5546297384390488, 62.357572934212854], 'normal': [-0.26329992341969183, 0.5696328369220139, -0.778583060069613], 'radius': 2.4065187420675738}, 'confidence': 0.5274247118775859, 'timestamp': 359912.097386, 'diameter_3d': 4.8130374841351475, 'ellipse': {'center': [159.8831560710266, 114.07249408397253], 'axes': [37.51651694760248, 47.86885118487499], 'angle': -64.88688559982434}, 'location': [159.8831560710266, 114.07249408397253], 'diameter': 47.86885118487499, 'sphere': {'center': [3.1288151564275357, -7.390223781503218, 71.70056965504821], 'radius': 12.0}, 'projected_sphere': {'center': [187.05509044513556, 56.096201653965586], 'axes': [207.52973193361993, 207.52973193361993], 'angle': 90.0}, 'model_confidence': 0.7319179647744534, 'model_id': 1, 'model_birth_timestamp': 359909.669808, 'theta': 2.176855387669057, 'phi': -1.8969010269663533, 'norm_pos': [0.4996348627219581, 0.5246979413167812], 'topic': 'pupil.1', 'id': 1, 'method': '3d c++'}"
1581494815.590612,"{'circle_3d': {'center': [-0.13761732161702644, -0.49914896366278416, 62.43539255359456], 'normal': [-0.27220270650371353, 0.5742562348200362, -0.7720980917878043], 'radius': 2.435133525326258}, 'confidence': 0.5238987272297816, 'timestamp': 359912.105786, 'diameter_3d': 4.870267050652516, 'ellipse': {'center': [158.83092209023496, 114.6218435165487], 'axes': [37.55654321041357, 48.37862748822222], 'angle': -64.25320719428713}, 'location': [158.83092209023496, 114.6218435165487], 'diameter': 48.37862748822222, 'sphere': {'center': [3.1288151564275357, -7.390223781503218, 71.70056965504821], 'radius': 12.0}, 'projected_sphere': {'center': [187.05509044513556, 56.096201653965586], 'axes': [207.52973193361993, 207.52973193361993], 'angle': 90.0}, 'model_confidence': 0.7319179647744534, 'model_id': 1, 'model_birth_timestamp': 359909.669808, 'theta': 2.1824916870420834, 'phi': -1.9097405043328797, 'norm_pos': [0.4963466315319843, 0.5224089853477139], 'topic': 'pupil.1', 'id': 1, 'method': '3d c++'}"
1581494815.601079,"{'circle_3d': {'center': [-0.1464120057892555, -0.4518203485762564, 62.47389935434793], 'normal': [-0.2729355968513993, 0.5782002860772469, -0.7688891917250238], 'radius': 2.4238909123074395}, 'confidence': 0.38645692208841265, 'timestamp': 359912.114186, 'diameter_3d': 4.847781824614879, 'ellipse': {'center': [158.74207144776722, 115.09813468360062], 'axes': [37.18410251969688, 48.12555910847134], 'angle': -64.36486431926068}, 'location': [158.74207144776722, 115.09813468360062], 'diameter': 48.12555910847134, 'sphere': {'center': [3.1288151564275357, -7.390223781503218, 71.70056965504821], 'radius': 12.0}, 'projected_sphere': {'center': [187.05509044513556, 56.096201653965586], 'axes': [207.52973193361993, 207.52973193361993], 'angle': 90.0}, 'model_confidence': 0.7319179647744534, 'model_id': 1, 'model_birth_timestamp': 359909.669808, 'theta': 2.187317472938398, 'phi': -1.911895349246886, 'norm_pos': [0.4960689732742726, 0.5204244388183308], 'topic': 'pupil.1', 'id': 1, 'method': '3d c++'}"
1581494815.606308,"{'circle_3d': {'center': [0.06682699518985169, -0.21076119941628058, 62.58577149311101], 'normal': [-0.2551656801031404, 0.5982885485072449, -0.7595665134947669], 'radius': 2.4334880410916586}, 'confidence': 0.30573347099330617, 'timestamp': 359912.122586, 'diameter_3d': 4.866976082183317, 'ellipse': {'center': [160.84422681794456, 117.48453885479388], 'axes': [36.755703074145984, 48.229665312048425], 'angle': -66.87913776862085}, 'location': [160.84422681794456, 117.48453885479388], 'diameter': 48.229665312048425, 'sphere': {'center': [3.1288151564275357, -7.390223781503218, 71.70056965504821], 'radius': 12.0}, 'projected_sphere': {'center': [187.05509044513556, 56.096201653965586], 'axes': [207.52973193361993, 207.52973193361993], 'angle': 90.0}, 'model_confidence': 0.7319179647744534, 'model_id': 1, 'model_birth_timestamp': 359909.669808, 'theta': 2.2121598330978305, 'phi': -1.8948873829425497, 'norm_pos': [0.5026382088060768, 0.5104810881050255], 'topic': 'pupil.1', 'id': 1, 'method': '3d c++'}"
1581494815.616129,"{'circle_3d': {'center': [0.12582662532081912, -0.17743195442148085, 62.59245821846464], 'normal': [-0.25024904425889305, 0.6010659855901448, -0.7590092863819642], 'radius': 2.4590601230749463}, 'confidence': 0.25838918323103555, 'timestamp': 359912.130986, 'diameter_3d': 4.9181202461498925, 'ellipse': {'center': [161.4290543497291, 117.80446715691848], 'axes': [37.107437257216645, 48.73164527687744], 'angle': -67.44780618875319}, 'location': [161.4290543497291, 117.80446715691848], 'diameter': 48.73164527687744, 'sphere': {'center': [3.1288151564275357, -7.390223781503218, 71.70056965504821], 'radius': 12.0}, 'projected_sphere': {'center': [187.05509044513556, 56.096201653965586], 'axes': [207.52973193361993, 207.52973193361993], 'angle': 90.0}, 'model_confidence': 0.7319179647744534, 'model_id': 1, 'model_birth_timestamp': 359909.669808, 'theta': 2.215630584452872, 'phi': -1.8892777007704702, 'norm_pos': [0.5044657948429034, 0.5091480535128396], 'topic': 'pupil.1', 'id': 1, 'method': '3d c++'}"
1581494815.623808,"{'circle_3d': {'center': [-0.07433453773704057, -0.12820623478889992, 62.70040670163527], 'normal': [-0.26692914118038136, 0.6051681288928599, -0.7500135794510783], 'radius': 2.439101074934284}, 'confidence': 0.11993730153629052, 'timestamp': 359912.139386, 'diameter_3d': 4.878202149868568, 'ellipse': {'center': [159.4524304345869, 118.30528811381052], 'axes': [36.24682885481103, 48.25315625954046], 'angle': -66.0737365425577}, 'location': [159.4524304345869, 118.30528811381052], 'diameter': 48.25315625954046, 'sphere': {'center': [3.1288151564275357, -7.390223781503218, 71.70056965504821], 'radius': 12.0}, 'projected_sphere': {'center': [187.05509044513556, 56.096201653965586], 'axes': [207.52973193361993, 207.52973193361993], 'angle': 90.0}, 'model_confidence': 0.7319179647744534, 'model_id': 1, 'model_birth_timestamp': 359909.669808, 'theta': 2.220773368553913, 'phi': -1.9127167525045017, 'norm_pos': [0.498288845108084, 0.5070612995257895], 'topic': 'pupil.1', 'id': 1, 'method': '3d c++'}"
1581494815.631417,"{'circle_3d': {'center': [-0.07276788456112815, -0.07900265886556657, 62.739771045127846], 'normal': [-0.2667985867490554, 0.6092684268864711, -0.7467332174933641], 'radius': 2.428158635068805}, 'confidence': 0.04529648077955716, 'timestamp': 359912.147786, 'diameter_3d': 4.85631727013761, 'ellipse': {'center': [159.46556300587912, 118.79598370094502], 'axes': [35.88184504525052, 48.00652650532238], 'angle': -66.25019073860679}, 'location': [159.46556300587912, 118.79598370094502], 'diameter': 48.00652650532238, 'sphere': {'center': [3.1288151564275357, -7.390223781503218, 71.70056965504821], 'radius': 12.0}, 'projected_sphere': {'center': [187.05509044513556, 56.096201653965586], 'axes': [207.52973193361993, 207.52973193361993], 'angle': 90.0}, 'model_confidence': 0.7319179647744534, 'model_id': 1, 'model_birth_timestamp': 359909.669808, 'theta': 2.2259340099377947, 'phi': -1.9139487108766031, 'norm_pos': [0.4983298843933722, 0.5050167345793958], 'topic': 'pupil.1', 'id': 1, 'method': '3d c++'}"
1581494815.641747,"{'circle_3d': {'center': [0.6736950479309356, -0.317421236433562, 62.322518183057255], 'normal': [-0.2045933423747167, 0.5894002120891381, -0.7815042893325799], 'radius': 2.4567783101224476}, 'confidence': 0.03630090745080862, 'timestamp': 359912.156186, 'diameter_3d': 4.913556620244895, 'ellipse': {'center': [166.86028468180595, 116.39624655500457], 'axes': [38.47762259997191, 48.89790549965212], 'angle': -71.48825328483356}, 'location': [166.86028468180595, 116.39624655500457], 'diameter': 48.89790549965212, 'sphere': {'center': [3.1288151564275357, -7.390223781503218, 71.70056965504821], 'radius': 12.0}, 'projected_sphere': {'center': [187.05509044513556, 56.096201653965586], 'axes': [207.52973193361993, 207.52973193361993], 'angle': 90.0}, 'model_confidence': 0.7319179647744534, 'model_id': 1, 'model_birth_timestamp': 359909.669808, 'theta': 2.201112508604518, 'phi': -1.8268443041824898, 'norm_pos': [0.5214383896306436, 0.5150156393541476], 'topic': 'pupil.1', 'id': 1, 'method': '3d c++'}"
1581494815.65342,"{'circle_3d': {'center': [0.13962181806806084, -0.24704950600476216, 62.53324810206642], 'normal': [-0.24909944486328958, 0.5952645229582046, -0.7639434627484825], 'radius': 2.4424397980403496}, 'confidence': 0.0962513798338583, 'timestamp': 359912.164586, 'diameter_3d': 4.884879596080699, 'ellipse': {'center': [161.56529760180055, 117.11862256207169], 'axes': [37.16393141788613, 48.447638098002265], 'angle': -67.32907741972019}, 'location': [161.56529760180055, 117.11862256207169], 'diameter': 48.447638098002265, 'sphere': {'center': [3.1288151564275357, -7.390223781503218, 71.70056965504821], 'radius': 12.0}, 'projected_sphere': {'center': [187.05509044513556, 56.096201653965586], 'axes': [207.52973193361993, 207.52973193361993], 'angle': 90.0}, 'model_confidence': 0.7319179647744534, 'model_id': 1, 'model_birth_timestamp': 359909.669808, 'theta': 2.2083911365465214, 'phi': -1.8859961729231085, 'norm_pos': [0.5048915550056268, 0.5120057393247013], 'topic': 'pupil.1', 'id': 1, 'method': '3d c++'}"
1581494815.6598568,"{'circle_3d': {'center': [0.16638448152131646, -0.20072089292682538, 62.56081841600859], 'normal': [-0.2468692229088516, 0.5991252407146994, -0.7616459365866355], 'radius': 2.4407982964647226}, 'confidence': 0.15587011353214567, 'timestamp': 359912.172986, 'diameter_3d': 4.881596592929445, 'ellipse': {'center': [161.82754539731147, 117.57858985265041], 'axes': [36.995557788221156, 48.39386672485063], 'angle': -67.69040249005694}, 'location': [161.82754539731147, 117.57858985265041], 'diameter': 48.39386672485063, 'sphere': {'center': [3.1288151564275357, -7.390223781503218, 71.70056965504821], 'radius': 12.0}, 'projected_sphere': {'center': [187.05509044513556, 56.096201653965586], 'axes': [207.52973193361993, 207.52973193361993], 'angle': 90.0}, 'model_confidence': 0.7319179647744534, 'model_id': 1, 'model_birth_timestamp': 359909.669808, 'theta': 2.21320443425835, 'phi': -1.8842374866036506, 'norm_pos': [0.5057110793665983, 0.5100892089472899], 'topic': 'pupil.1', 'id': 1, 'method': '3d c++'}"
1581494815.671923,"{'circle_3d': {'center': [0.06458036279540691, -0.15440631886142775, 62.631203041175866], 'normal': [-0.2553528994693441, 0.6029847885534826, -0.755780551156029], 'radius': 2.445486282714907}, 'confidence': 0.23815989347488625, 'timestamp': 359912.181386, 'diameter_3d': 4.890972565429814, 'ellipse': {'center': [160.82225466656325, 118.03944906444416], 'axes': [36.70119759817955, 48.432642492314194], 'angle': -67.04744800993332}, 'location': [160.82225466656325, 118.03944906444416], 'diameter': 48.432642492314194, 'sphere': {'center': [3.1288151564275357, -7.390223781503218, 71.70056965504821], 'radius': 12.0}, 'projected_sphere': {'center': [187.05509044513556, 56.096201653965586], 'axes': [207.52973193361993, 207.52973193361993], 'angle': 90.0}, 'model_confidence': 0.7319179647744534, 'model_id': 1, 'model_birth_timestamp': 359909.669808, 'theta': 2.218033664744646, 'phi': -1.8966211320235322, 'norm_pos': [0.5025695458330102, 0.5081689622314827], 'topic': 'pupil.1', 'id': 1, 'method': '3d c++'}"
1581494815.6751208,"{'circle_3d': {'center': [0.06051481457660435, -0.1081140394053266, 62.66971085224101], 'normal': [-0.2556916951542444, 0.6068424785081579, -0.7525715669006006], 'radius': 2.44917763402459}, 'confidence': 0.23840374707831835, 'timestamp': 359912.189785, 'diameter_3d': 4.89835526804918, 'ellipse': {'center': [160.78141265869903, 118.49696287027977], 'axes': [36.55659853256403, 48.47615355088541], 'angle': -67.16650377114145}, 'location': [160.78141265869903, 118.49696287027977], 'diameter': 48.47615355088541, 'sphere': {'center': [3.1288151564275357, -7.390223781503218, 71.70056965504821], 'radius': 12.0}, 'projected_sphere': {'center': [187.05509044513556, 56.096201653965586], 'axes': [207.52973193361993, 207.52973193361993], 'angle': 90.0}, 'model_confidence': 0.7319179647744534, 'model_id': 1, 'model_birth_timestamp': 359909.669808, 'theta': 2.2228782502475943, 'phi': -1.8983172801245165, 'norm_pos': [0.5024419145584345, 0.5062626547071676], 'topic': 'pupil.1', 'id': 1, 'method': '3d c++'}"
1581494815.682602,"{'circle_3d': {'center': [0.04917595001849806, -0.061835798898341565, 62.71110070884451], 'normal': [-0.2566366005340865, 0.6106989985504064, -0.7491224121836418], 'radius': 2.4475841016185003}, 'confidence': 0.24668497090574137, 'timestamp': 359912.198185, 'diameter_3d': 4.8951682032370005, 'ellipse': {'center': [160.66820219464228, 118.95588187044581], 'axes': [36.318138032876234, 48.41278993578397], 'angle': -67.22839695108692}, 'location': [160.66820219464228, 118.95588187044581], 'diameter': 48.41278993578397, 'sphere': {'center': [3.1288151564275357, -7.390223781503218, 71.70056965504821], 'radius': 12.0}, 'projected_sphere': {'center': [187.05509044513556, 56.096201653965586], 'axes': [207.52973193361993, 207.52973193361993], 'angle': 90.0}, 'model_confidence': 0.7319179647744534, 'model_id': 1, 'model_birth_timestamp': 359909.669808, 'theta': 2.2277393443860523, 'phi': -1.9008483508585376, 'norm_pos': [0.5020881318582571, 0.5043504922064759], 'topic': 'pupil.1', 'id': 1, 'method': '3d c++'}"
1581494815.6914601,"{'circle_3d': {'center': [0.14125527040234376, -0.7956786512772149, 62.13048812703469], 'normal': [-0.24896332383543263, 0.5495454275188335, -0.7975067940011269], 'radius': 2.4482595952046906}, 'confidence': 0.21581611823507404, 'timestamp': 359912.206585, 'diameter_3d': 4.896519190409381, 'ellipse': {'center': [161.60163795726027, 111.63327101623788], 'axes': [39.36163550981093, 48.87642932173594], 'angle': -65.37316239603167}, 'location': [161.60163795726027, 111.63327101623788], 'diameter': 48.87642932173594, 'sphere': {'center': [3.1288151564275357, -7.390223781503218, 71.70056965504821], 'radius': 12.0}, 'projected_sphere': {'center': [187.05509044513556, 56.096201653965586], 'axes': [207.52973193361993, 207.52973193361993], 'angle': 90.0}, 'model_confidence': 0.7319179647744534, 'model_id': 1, 'model_birth_timestamp': 359909.669808, 'theta': 2.1526163712989805, 'phi': -1.8733869566484411, 'norm_pos': [0.5050051186164384, 0.5348613707656755], 'topic': 'pupil.1', 'id': 1, 'method': '3d c++'}"
1581494815.702934,"{'circle_3d': {'center': [-0.25609262134712063, -0.298535707553107, 62.6313712561954], 'normal': [-0.28207564814788805, 0.5909740061625093, -0.7557665332377344], 'radius': 2.446151137025154}, 'confidence': 0.3422794714595386, 'timestamp': 359912.214985, 'diameter_3d': 4.892302274050308, 'ellipse': {'center': [157.66497971605423, 116.620120363745], 'axes': [36.705618650363355, 48.44649398545368], 'angle': -64.10114038286956}, 'location': [157.66497971605423, 116.620120363745], 'diameter': 48.44649398545368, 'sphere': {'center': [3.1288151564275357, -7.390223781503218, 71.70056965504821], 'radius': 12.0}, 'projected_sphere': {'center': [187.05509044513556, 56.096201653965586], 'axes': [207.52973193361993, 207.52973193361993], 'angle': 90.0}, 'model_confidence': 0.7319179647744534, 'model_id': 1, 'model_birth_timestamp': 359909.669808, 'theta': 2.2030620441710154, 'phi': -1.9280153649434002, 'norm_pos': [0.49270306161266947, 0.5140828318177292], 'topic': 'pupil.1', 'id': 1, 'method': '3d c++'}"
1581494815.7163808,"{'circle_3d': {'center': [-0.21659579893046166, -0.19187483424367535, 62.70101422306947], 'normal': [-0.27878424627983317, 0.5998624122716286, -0.7499629526648952], 'radius': 2.439507236046177}, 'confidence': 0.3972498885477839, 'timestamp': 359912.223385, 'diameter_3d': 4.879014472092354, 'ellipse': {'center': [158.05319375190763, 117.67894697527748], 'axes': [36.2474586292848, 48.261117203977406], 'angle': -64.78459580490477}, 'location': [158.05319375190763, 117.67894697527748], 'diameter': 48.261117203977406, 'sphere': {'center': [3.1288151564275357, -7.390223781503218, 71.70056965504821], 'radius': 12.0}, 'projected_sphere': {'center': [187.05509044513556, 56.096201653965586], 'axes': [207.52973193361993, 207.52973193361993], 'angle': 90.0}, 'model_confidence': 0.7319179647744534, 'model_id': 1, 'model_birth_timestamp': 359909.669808, 'theta': 2.21412546201746, 'phi': -1.9266976769644042, 'norm_pos': [0.49391623047471134, 0.5096710542696772], 'topic': 'pupil.1', 'id': 1, 'method': '3d c++'}"
1581494815.718637,"{'circle_3d': {'center': [-0.34805041863969866, -0.2525914590939422, 62.702480379929256], 'normal': [-0.2897387979222695, 0.5948026935341063, -0.7498407729265797], 'radius': 2.4485615045646907}, 'confidence': 0.3510196631544284, 'timestamp': 359912.231785, 'diameter_3d': 4.897123009129381, 'ellipse': {'center': [156.76173688516826, 117.07875104688601], 'axes': [36.37082376072953, 48.439865558869585], 'angle': -63.58760571194295}, 'location': [156.76173688516826, 117.07875104688601], 'diameter': 48.439865558869585, 'sphere': {'center': [3.1288151564275357, -7.390223781503218, 71.70056965504821], 'radius': 12.0}, 'projected_sphere': {'center': [187.05509044513556, 56.096201653965586], 'axes': [207.52973193361993, 207.52973193361993], 'angle': 90.0}, 'model_confidence': 0.7319179647744534, 'model_id': 1, 'model_birth_timestamp': 359909.669808, 'theta': 2.2078165079901173, 'phi': -1.9395242446200132, 'norm_pos': [0.4898804277661508, 0.512171870637975], 'topic': 'pupil.1', 'id': 1, 'method': '3d c++'}"
1581494815.722952,"{'circle_3d': {'center': [-0.08354403938306065, -0.20227454159366687, 62.644404124230284], 'normal': [-0.26769659965088305, 0.5989957699924627, -0.7546804609014941], 'radius': 2.449790042485827}, 'confidence': 0.327180600689993, 'timestamp': 359912.240185, 'diameter_3d': 4.899580084971654, 'ellipse': {'center': [159.3642888609382, 117.567841575764], 'axes': [36.69632620907072, 48.50792170959092], 'angle': -65.7510936771494}, 'location': [159.3642888609382, 117.567841575764], 'diameter': 48.50792170959092, 'sphere': {'center': [3.1288151564275357, -7.390223781503218, 71.70056965504821], 'radius': 12.0}, 'projected_sphere': {'center': [187.05509044513556, 56.096201653965586], 'axes': [207.52973193361993, 207.52973193361993], 'angle': 90.0}, 'model_confidence': 0.7319179647744534, 'model_id': 1, 'model_birth_timestamp': 359909.669808, 'theta': 2.213042738099148, 'phi': -1.911665541969052, 'norm_pos': [0.4980134026904318, 0.5101339934343166], 'topic': 'pupil.1', 'id': 1, 'method': '3d c++'}"
1581494815.73531,"{'circle_3d': {'center': [-0.37413778070004433, -0.45047150022120697, 62.55895278522095], 'normal': [-0.2919127447606317, 0.5783126901068344, -0.7618014058189384], 'radius': 2.4688376550309368}, 'confidence': 0.42559010277586207, 'timestamp': 359912.248585, 'diameter_3d': 4.9376753100618735, 'ellipse': {'center': [156.50449606728716, 115.10693104108373], 'axes': [37.42060982901535, 48.95340250896682], 'angle': -62.63076427319607}, 'location': [156.50449606728716, 115.10693104108373], 'diameter': 48.95340250896682, 'sphere': {'center': [3.1288151564275357, -7.390223781503218, 71.70056965504821], 'radius': 12.0}, 'projected_sphere': {'center': [187.05509044513556, 56.096201653965586], 'axes': [207.52973193361993, 207.52973193361993], 'angle': 90.0}, 'model_confidence': 0.7319179647744534, 'model_id': 1, 'model_birth_timestamp': 359909.669808, 'theta': 2.1874552474514415, 'phi': -1.93672565103751, 'norm_pos': [0.4890765502102724, 0.5203877873288179], 'topic': 'pupil.1', 'id': 1, 'method': '3d c++'}"
1581494815.743039,"{'circle_3d': {'center': [-0.3688032036813502, -0.3869056443160348, 62.60550501116721], 'normal': [-0.2914681966757405, 0.5836098447655986, -0.7579220536567502], 'radius': 2.43418714061001}, 'confidence': 0.5001578692288451, 'timestamp': 359912.256985, 'diameter_3d': 4.86837428122002, 'ellipse': {'center': [156.5524769620234, 115.75103783753767], 'axes': [36.655109066221776, 48.22996992400772], 'angle': -62.921064891244185}, 'location': [156.5524769620234, 115.75103783753767], 'diameter': 48.22996992400772, 'sphere': {'center': [3.1288151564275357, -7.390223781503218, 71.70056965504821], 'radius': 12.0}, 'projected_sphere': {'center': [187.05509044513556, 56.096201653965586], 'axes': [207.52973193361993, 207.52973193361993], 'angle': 90.0}, 'model_confidence': 0.7319179647744534, 'model_id': 1, 'model_birth_timestamp': 359909.669808, 'theta': 2.193963387533039, 'phi': -1.9379238567823582, 'norm_pos': [0.48922649050632316, 0.5177040090102597], 'topic': 'pupil.1', 'id': 1, 'method': '3d c++'}"
1581494815.751041,"{'circle_3d': {'center': [-0.04216187022654827, -0.4451228123949793, 62.442574341519276], 'normal': [-0.264248085554507, 0.5787584140923533, -0.7714996094607449], 'radius': 2.458832667133865}, 'confidence': 0.5483231673531027, 'timestamp': 359912.265385, 'diameter_3d': 4.91766533426773, 'ellipse': {'center': [159.77722053661483, 115.14801481808777], 'axes': [37.887134738766136, 48.84375221622282], 'angle': -65.20576468399565}, 'location': [159.77722053661483, 115.14801481808777], 'diameter': 48.84375221622282, 'sphere': {'center': [3.1288151564275357, -7.390223781503218, 71.70056965504821], 'radius': 12.0}, 'projected_sphere': {'center': [187.05509044513556, 56.096201653965586], 'axes': [207.52973193361993, 207.52973193361993], 'angle': 90.0}, 'model_confidence': 0.7319179647744534, 'model_id': 1, 'model_birth_timestamp': 359909.669808, 'theta': 2.188001707431411, 'phi': -1.900785055507383, 'norm_pos': [0.4993038141769214, 0.5202166049246343], 'topic': 'pupil.1', 'id': 1, 'method': '3d c++'}"
1581494815.759,"{'circle_3d': {'center': [-0.26701721010757806, -0.39877787442500967, 62.557921971428776], 'normal': [-0.28298603054459287, 0.5826204922565175, -0.7618873069682865], 'radius': 2.4241378857303437}, 'confidence': 0.508123756926072, 'timestamp': 359912.273785, 'diameter_3d': 4.8482757714606874, 'ellipse': {'center': [157.5528233136814, 115.63177934318156], 'axes': [36.7517178167763, 48.066572757969624], 'angle': -63.64089858835774}, 'location': [157.5528233136814, 115.63177934318156], 'diameter': 48.066572757969624, 'sphere': {'center': [3.1288151564275357, -7.390223781503218, 71.70056965504821], 'radius': 12.0}, 'projected_sphere': {'center': [187.05509044513556, 56.096201653965586], 'axes': [207.52973193361993, 207.52973193361993], 'angle': 90.0}, 'model_confidence': 0.7319179647744534, 'model_id': 1, 'model_birth_timestamp': 359909.669808, 'theta': 2.192745557090487, 'phi': -1.9264314227738177, 'norm_pos': [0.49235257285525436, 0.5182009194034102], 'topic': 'pupil.1', 'id': 1, 'method': '3d c++'}"
1581494815.766916,"{'circle_3d': {'center': [-0.35710977913431474, -0.360526643529532, 62.62137996146913], 'normal': [-0.29049374463015426, 0.5858080948311406, -0.7565991411315902], 'radius': 2.4422008721542254}, 'confidence': 0.5586184462596632, 'timestamp': 359912.282185, 'diameter_3d': 4.884401744308451, 'ellipse': {'center': [156.6694299101433, 116.00995737670527], 'axes': [36.6944042219185, 48.37651174342112], 'angle': -63.11060535002211}, 'location': [156.6694299101433, 116.00995737670527], 'diameter': 48.37651174342112, 'sphere': {'center': [3.1288151564275357, -7.390223781503218, 71.70056965504821], 'radius': 12.0}, 'projected_sphere': {'center': [187.05509044513556, 56.096201653965586], 'axes': [207.52973193361993, 207.52973193361993], 'angle': 90.0}, 'model_confidence': 0.7319179647744534, 'model_id': 1, 'model_birth_timestamp': 359909.669808, 'theta': 2.196673119914291, 'phi': -1.9373875175711768, 'norm_pos': [0.4895919684691978, 0.5166251775970614], 'topic': 'pupil.1', 'id': 1, 'method': '3d c++'}"
1581494815.775106,"{'circle_3d': {'center': [-0.36456880864925534, -0.3222791101754918, 62.65399977494479], 'normal': [-0.29111533042306587, 0.5889953892773104, -0.7538808233419515], 'radius': 2.4320179875997887}, 'confidence': 0.5096942563805804, 'timestamp': 359912.290585, 'diameter_3d': 4.864035975199577, 'ellipse': {'center': [156.59517172910796, 116.39370040124818], 'axes': [36.37319534532963, 48.149659484570954], 'angle': -63.20212751143263}, 'location': [156.59517172910796, 116.39370040124818], 'diameter': 48.149659484570954, 'sphere': {'center': [3.1288151564275357, -7.390223781503218, 71.70056965504821], 'radius': 12.0}, 'projected_sphere': {'center': [187.05509044513556, 56.096201653965586], 'axes': [207.52973193361993, 207.52973193361993], 'angle': 90.0}, 'model_confidence': 0.7319179647744534, 'model_id': 1, 'model_birth_timestamp': 359909.669808, 'theta': 2.2006114833340145, 'phi': -1.939311234978325, 'norm_pos': [0.4893599116534624, 0.5150262483281326], 'topic': 'pupil.1', 'id': 1, 'method': '3d c++'}"
1581494815.78373,"{'circle_3d': {'center': [-0.22273995085036935, -0.38108694897132445, 62.55512930339077], 'normal': [-0.2792962589398254, 0.5840947360443244, -0.7621200293047867], 'radius': 2.4333597825492386}, 'confidence': 0.5581956520978324, 'timestamp': 359912.298985, 'diameter_3d': 4.866719565098477, 'ellipse': {'center': [157.99078747549896, 115.80266308411782], 'axes': [36.907537474500984, 48.25144770958312], 'angle': -64.04477325148095}, 'location': [157.99078747549896, 115.80266308411782], 'diameter': 48.25144770958312, 'sphere': {'center': [3.1288151564275357, -7.390223781503218, 71.70056965504821], 'radius': 12.0}, 'projected_sphere': {'center': [187.05509044513556, 56.096201653965586], 'axes': [207.52973193361993, 207.52973193361993], 'angle': 90.0}, 'model_confidence': 0.7319179647744534, 'model_id': 1, 'model_birth_timestamp': 359909.669808, 'theta': 2.19456064734966, 'phi': -1.9220702163379326, 'norm_pos': [0.49372121086093423, 0.5174889038161757], 'topic': 'pupil.1', 'id': 1, 'method': '3d c++'}"
1581494815.790875,"{'circle_3d': {'center': [-0.24932314959282253, -0.3358359383169045, 62.59981178862285], 'normal': [-0.2815115255016965, 0.5878656535988595, -0.75839648886878], 'radius': 2.424136642435173}, 'confidence': 0.7043364557767912, 'timestamp': 359912.307384, 'diameter_3d': 4.848273284870346, 'ellipse': {'center': [157.72770651050143, 116.25692550715745], 'axes': [36.53705840091028, 48.03433532562798], 'angle': -64.01315430309526}, 'location': [157.72770651050143, 116.25692550715745], 'diameter': 48.03433532562798, 'sphere': {'center': [3.1288151564275357, -7.390223781503218, 71.70056965504821], 'radius': 12.0}, 'projected_sphere': {'center': [187.05509044513556, 56.096201653965586], 'axes': [207.52973193361993, 207.52973193361993], 'angle': 90.0}, 'model_confidence': 0.7319179647744534, 'model_id': 1, 'model_birth_timestamp': 359909.669808, 'theta': 2.1992142425813648, 'phi': -1.9262252497478134, 'norm_pos': [0.49289908284531697, 0.5155961437201773], 'topic': 'pupil.1', 'id': 1, 'method': '3d c++'}"
1581494815.801756,"{'circle_3d': {'center': [-0.23761536513737802, -0.20219165036763975, 62.70060634260973], 'normal': [-0.2805358767970762, 0.5990026775946317, -0.7499969427032069], 'radius': 2.4405658114682742}, 'confidence': 0.599348673993474, 'timestamp': 359912.315784, 'diameter_3d': 4.8811316229365485, 'ellipse': {'center': [157.84661076367252, 117.57706508367342], 'axes': [36.264819030847086, 48.282469828194436], 'angle': -64.59094169334324}, 'location': [157.84661076367252, 117.57706508367342], 'diameter': 48.282469828194436, 'sphere': {'center': [3.1288151564275357, -7.390223781503218, 71.70056965504821], 'radius': 12.0}, 'projected_sphere': {'center': [187.05509044513556, 56.096201653965586], 'axes': [207.52973193361993, 207.52973193361993], 'angle': 90.0}, 'model_confidence': 0.7319179647744534, 'model_id': 1, 'model_birth_timestamp': 359909.669808, 'theta': 2.2130513645188503, 'phi': -1.9287332993279542, 'norm_pos': [0.4932706586364766, 0.5100955621513608], 'topic': 'pupil.1', 'id': 1, 'method': '3d c++'}"
1581494815.807901,"{'circle_3d': {'center': [-0.16235857820959732, -0.17192851101181716, 62.696993208078034], 'normal': [-0.27426447788642777, 0.6015246058742835, -0.7502980372475149], 'radius': 2.4293688044084085}, 'confidence': 0.5869132817267483, 'timestamp': 359912.324184, 'diameter_3d': 4.858737608816817, 'ellipse': {'center': [158.5850877482242, 117.87831666198821], 'axes': [36.118356777295304, 48.06330389106324], 'angle': -65.26088843231668}, 'location': [158.5850877482242, 117.87831666198821], 'diameter': 48.06330389106324, 'sphere': {'center': [3.1288151564275357, -7.390223781503218, 71.70056965504821], 'radius': 12.0}, 'projected_sphere': {'center': [187.05509044513556, 56.096201653965586], 'axes': [207.52973193361993, 207.52973193361993], 'angle': 90.0}, 'model_confidence': 0.7319179647744534, 'model_id': 1, 'model_birth_timestamp': 359909.669808, 'theta': 2.21620455800516, 'phi': -1.9212482424249488, 'norm_pos': [0.4955783992132006, 0.5088403472417158], 'topic': 'pupil.1', 'id': 1, 'method': '3d c++'}"
1581494815.818679,"{'circle_3d': {'center': [-0.20625852847522408, -0.2296614819163736, 62.667096841672134], 'normal': [-0.2779228070752299, 0.5967135249655703, -0.7527894011146732], 'radius': 2.422042233406253}, 'confidence': 0.5423441685069178, 'timestamp': 359912.332584, 'diameter_3d': 4.844084466812506, 'ellipse': {'center': [158.15193918447855, 117.31007067603039], 'axes': [36.16157129630703, 47.941200196769415], 'angle': -64.72684019758839}, 'location': [158.15193918447855, 117.31007067603039], 'diameter': 47.941200196769415, 'sphere': {'center': [3.1288151564275357, -7.390223781503218, 71.70056965504821], 'radius': 12.0}, 'projected_sphere': {'center': [187.05509044513556, 56.096201653965586], 'axes': [207.52973193361993, 207.52973193361993], 'angle': 90.0}, 'model_confidence': 0.7319179647744534, 'model_id': 1, 'model_birth_timestamp': 359909.669808, 'theta': 2.2101956395583735, 'phi': -1.9244641650456773, 'norm_pos': [0.4942248099514955, 0.5112080388498734], 'topic': 'pupil.1', 'id': 1, 'method': '3d c++'}"
1581494815.8365262,"{'circle_3d': {'center': [-0.3058961156803277, -0.1845210028323745, 62.740625127166886], 'normal': [-0.28622593934232193, 0.6004752315559035, -0.7466620439901104], 'radius': 2.420333879888587}, 'confidence': 0.6438368405260251, 'timestamp': 359912.340984, 'diameter_3d': 4.840667759777174, 'ellipse': {'center': [157.17247326906156, 117.76141847458868], 'axes': [35.75746570048981, 47.85178643569871], 'angle': -64.14888234557489}, 'location': [157.17247326906156, 117.76141847458868], 'diameter': 47.85178643569871, 'sphere': {'center': [3.1288151564275357, -7.390223781503218, 71.70056965504821], 'radius': 12.0}, 'projected_sphere': {'center': [187.05509044513556, 56.096201653965586], 'axes': [207.52973193361993, 207.52973193361993], 'angle': 90.0}, 'model_confidence': 0.7319179647744534, 'model_id': 1, 'model_birth_timestamp': 359909.669808, 'theta': 2.214891607458097, 'phi': -1.9368592523358787, 'norm_pos': [0.49116397896581737, 0.5093274230225472], 'topic': 'pupil.1', 'id': 1, 'method': '3d c++'}"
1581494815.840914,"{'circle_3d': {'center': [-0.22166292781766872, -0.14735312821523383, 62.738699241639395], 'normal': [-0.27920650702043365, 0.6035725544406653, -0.7468225344507347], 'radius': 2.4331865297741766}, 'confidence': 0.6704735746300817, 'timestamp': 359912.349384, 'diameter_3d': 4.866373059548353, 'ellipse': {'center': [158.00259402410887, 118.12221220436325], 'axes': [35.95959514510706, 48.10718022575344], 'angle': -64.90450255904717}, 'location': [158.00259402410887, 118.12221220436325], 'diameter': 48.10718022575344, 'sphere': {'center': [3.1288151564275357, -7.390223781503218, 71.70056965504821], 'radius': 12.0}, 'projected_sphere': {'center': [187.05509044513556, 56.096201653965586], 'axes': [207.52973193361993, 207.52973193361993], 'angle': 90.0}, 'model_confidence': 0.7319179647744534, 'model_id': 1, 'model_birth_timestamp': 359909.669808, 'theta': 2.2187706471525015, 'phi': -1.9285665060173365, 'norm_pos': [0.49375810632534023, 0.5078241158151531], 'topic': 'pupil.1', 'id': 1, 'method': '3d c++'}"
1581494815.842654,"{'circle_3d': {'center': [-0.32974028994318916, -0.1101973244267338, 62.81014733613412], 'normal': [-0.2882129538642271, 0.6066688714230404, -0.7408685265761742], 'radius': 2.4258635018823727}, 'confidence': 0.6073533857114511, 'timestamp': 359912.357784, 'diameter_3d': 4.851727003764745, 'ellipse': {'center': [156.9405477362372, 118.4955494510567], 'axes': [35.48314167619961, 47.90832199722438], 'angle': -64.2417569415881}, 'location': [156.9405477362372, 118.4955494510567], 'diameter': 47.90832199722438, 'sphere': {'center': [3.1288151564275357, -7.390223781503218, 71.70056965504821], 'radius': 12.0}, 'projected_sphere': {'center': [187.05509044513556, 56.096201653965586], 'axes': [207.52973193361993, 207.52973193361993], 'angle': 90.0}, 'model_confidence': 0.7319179647744534, 'model_id': 1, 'model_birth_timestamp': 359909.669808, 'theta': 2.2226598458923696, 'phi': -1.9418018258163408, 'norm_pos': [0.4904392116757412, 0.5062685439539304], 'topic': 'pupil.1', 'id': 1, 'method': '3d c++'}"
1581494815.850506,"{'circle_3d': {'center': [-0.18193947163125435, -0.16852924249003998, 62.7069034516596], 'normal': [-0.27589621900489913, 0.6018078782510982, -0.7494721836157177], 'radius': 2.432908846205693}, 'confidence': 0.5563682530045317, 'timestamp': 359912.366184, 'diameter_3d': 4.865817692411386, 'ellipse': {'center': [158.3930360818399, 117.91138246078157], 'axes': [36.11971746111186, 48.125866066331035], 'angle': -65.1260843657843}, 'location': [158.3930360818399, 117.91138246078157], 'diameter': 48.125866066331035, 'sphere': {'center': [3.1288151564275357, -7.390223781503218, 71.70056965504821], 'radius': 12.0}, 'projected_sphere': {'center': [187.05509044513556, 56.096201653965586], 'axes': [207.52973193361993, 207.52973193361993], 'angle': 90.0}, 'model_confidence': 0.7319179647744534, 'model_id': 1, 'model_birth_timestamp': 359909.669808, 'theta': 2.216559203677701, 'phi': -1.9235222251461077, 'norm_pos': [0.49497823775574973, 0.5087025730800768], 'topic': 'pupil.1', 'id': 1, 'method': '3d c++'}"
1581494815.8584352,"{'circle_3d': {'center': [-0.29505302789171894, -0.1244864270265964, 62.78506701345983], 'normal': [-0.2853223486932712, 0.6054781128730519, -0.7429585534656985], 'radius': 2.428304496310789}, 'confidence': 0.6890270083475412, 'timestamp': 359912.374584, 'diameter_3d': 4.856608992621578, 'ellipse': {'center': [157.2811421372965, 118.35239355735368], 'axes': [35.648110226357055, 47.9755195096261], 'angle': -64.44419443572724}, 'location': [157.2811421372965, 118.35239355735368], 'diameter': 47.9755195096261, 'sphere': {'center': [3.1288151564275357, -7.390223781503218, 71.70056965504821], 'radius': 12.0}, 'projected_sphere': {'center': [187.05509044513556, 56.096201653965586], 'axes': [207.52973193361993, 207.52973193361993], 'angle': 90.0}, 'model_confidence': 0.7319179647744534, 'model_id': 1, 'model_birth_timestamp': 359909.669808, 'theta': 2.2211628055303736, 'phi': -1.9374647752295397, 'norm_pos': [0.4915035691790516, 0.5068650268443597], 'topic': 'pupil.1', 'id': 1, 'method': '3d c++'}"
1581494815.8703308,"{'circle_3d': {'center': [-0.14578159640550004, -0.18397184916480747, 62.68131529595598], 'normal': [-0.27288306273608637, 0.6005209943615343, -0.7516045299243526], 'radius': 2.444220986048196}, 'confidence': 0.5528572324026447, 'timestamp': 359912.382984, 'diameter_3d': 4.888441972096392, 'ellipse': {'center': [158.75056128698048, 117.75327780463171], 'axes': [36.42081565555969, 48.36934257463603], 'angle': -65.34343593099626}, 'location': [158.75056128698048, 117.75327780463171], 'diameter': 48.36934257463603, 'sphere': {'center': [3.1288151564275357, -7.390223781503218, 71.70056965504821], 'radius': 12.0}, 'projected_sphere': {'center': [187.05509044513556, 56.096201653965586], 'axes': [207.52973193361993, 207.52973193361993], 'angle': 90.0}, 'model_confidence': 0.7319179647744534, 'model_id': 1, 'model_birth_timestamp': 359909.669808, 'theta': 2.2149488377079316, 'phi': -1.9190646764968742, 'norm_pos': [0.496095504021814, 0.5093613424807012], 'topic': 'pupil.1', 'id': 1, 'method': '3d c++'}"
1581494815.8746161,"{'circle_3d': {'center': [-0.25862891585457115, -0.14096519791881335, 62.75778079219963], 'normal': [-0.2822870060235089, 0.6041048819653672, -0.7452324052373818], 'radius': 2.4134103937706803}, 'confidence': 0.6159876599227235, 'timestamp': 359912.391384, 'diameter_3d': 4.826820787541361, 'ellipse': {'center': [157.63627158493878, 118.19339710486787], 'axes': [35.568922953003074, 47.70159402326486], 'angle': -64.65351954570603}, 'location': [157.63627158493878, 118.19339710486787], 'diameter': 47.70159402326486, 'sphere': {'center': [3.1288151564275357, -7.390223781503218, 71.70056965504821], 'radius': 12.0}, 'projected_sphere': {'center': [187.05509044513556, 56.096201653965586], 'axes': [207.52973193361993, 207.52973193361993], 'angle': 90.0}, 'model_confidence': 0.7319179647744534, 'model_id': 1, 'model_birth_timestamp': 359909.669808, 'theta': 2.219438472015344, 'phi': -1.9328860862081318, 'norm_pos': [0.4926133487029337, 0.5075275120630505], 'topic': 'pupil.1', 'id': 1, 'method': '3d c++'}"
1581494815.8830578,"{'circle_3d': {'center': [-0.17305976384452348, -0.10590483745916046, 62.7542676518561], 'normal': [-0.2751562433560049, 0.607026578670338, -0.7455251669326762], 'radius': 2.429535488303946}, 'confidence': 0.5815354250594743, 'timestamp': 359912.399784, 'diameter_3d': 4.859070976607892, 'ellipse': {'center': [158.47982188996215, 118.53214956544006], 'axes': [35.826606940802385, 48.022916060574595], 'angle': -65.4097143623328}, 'location': [158.47982188996215, 118.53214956544006], 'diameter': 48.022916060574595, 'sphere': {'center': [3.1288151564275357, -7.390223781503218, 71.70056965504821], 'radius': 12.0}, 'projected_sphere': {'center': [187.05509044513556, 56.096201653965586], 'axes': [207.52973193361993, 207.52973193361993], 'angle': 90.0}, 'model_confidence': 0.7319179647744534, 'model_id': 1, 'model_birth_timestamp': 359909.669808, 'theta': 2.223109895089901, 'phi': -1.924364205933413, 'norm_pos': [0.49524944340613175, 0.5061160434773331], 'topic': 'pupil.1', 'id': 1, 'method': '3d c++'}"
1581494815.890413,"{'circle_3d': {'center': [-0.1905471615954739, -0.07085826056373978, 62.78941248144998], 'normal': [-0.27661352650191745, 0.6099471267449565, -0.7425964311331862], 'radius': 2.4192091586118925}, 'confidence': 0.7298153813970361, 'timestamp': 359912.408184, 'diameter_3d': 4.838418317223785, 'ellipse': {'center': [158.30641365323888, 118.88270231044194], 'axes': [35.49442687167861, 47.79204232267015], 'angle': -65.400169075546}, 'location': [158.30641365323888, 118.88270231044194], 'diameter': 47.79204232267015, 'sphere': {'center': [3.1288151564275357, -7.390223781503218, 71.70056965504821], 'radius': 12.0}, 'projected_sphere': {'center': [187.05509044513556, 56.096201653965586], 'axes': [207.52973193361993, 207.52973193361993], 'angle': 90.0}, 'model_confidence': 0.7319179647744534, 'model_id': 1, 'model_birth_timestamp': 359909.669808, 'theta': 2.2267901940917265, 'phi': -1.927369107515852, 'norm_pos': [0.4947075426663715, 0.5046554070398253], 'topic': 'pupil.1', 'id': 1, 'method': '3d c++'}"
1581494815.902446,"{'circle_3d': {'center': [-0.2004856893663023, -0.03583082701505447, 62.8220190892649], 'normal': [-0.27744173714948656, 0.6128660795406805, -0.7398792138152764], 'radius': 2.420237940611898}, 'confidence': 0.5863806882793706, 'timestamp': 359912.416583, 'diameter_3d': 4.840475881223796, 'ellipse': {'center': [158.20906677972204, 119.2285984387008], 'axes': [35.34302452105621, 47.787676374769745], 'angle': -65.44612864597988}, 'location': [158.20906677972204, 119.2285984387008], 'diameter': 47.787676374769745, 'sphere': {'center': [3.1288151564275357, -7.390223781503218, 71.70056965504821], 'radius': 12.0}, 'projected_sphere': {'center': [187.05509044513556, 56.096201653965586], 'axes': [207.52973193361993, 207.52973193361993], 'angle': 90.0}, 'model_confidence': 0.7319179647744534, 'model_id': 1, 'model_birth_timestamp': 359909.669808, 'theta': 2.230478929301716, 'phi': -1.929551630640557, 'norm_pos': [0.49440333368663136, 0.5032141731720801], 'topic': 'pupil.1', 'id': 1, 'method': '3d c++'}"
1581494815.910678,"{'circle_3d': {'center': [-0.2102741220608375, -0.0008153932891348248, 62.85482907200626], 'normal': [-0.27825743987403107, 0.6157840323511735, -0.7371450485868292], 'radius': 2.427937527095438}, 'confidence': 0.6009982102080849, 'timestamp': 359912.424983, 'diameter_3d': 4.855875054190876, 'ellipse': {'center': [158.1143246439971, 119.57174109837962], 'axes': [35.287703676970715, 47.91489736444624], 'angle': -65.49262341563387}, 'location': [158.1143246439971, 119.57174109837962], 'diameter': 47.91489736444624, 'sphere': {'center': [3.1288151564275357, -7.390223781503218, 71.70056965504821], 'radius': 12.0}, 'projected_sphere': {'center': [187.05509044513556, 56.096201653965586], 'axes': [207.52973193361993, 207.52973193361993], 'angle': 90.0}, 'model_confidence': 0.7319179647744534, 'model_id': 1, 'model_birth_timestamp': 359909.669808, 'theta': 2.2341769791014148, 'phi': -1.931739382153082, 'norm_pos': [0.49410726451249093, 0.501784412090085], 'topic': 'pupil.1', 'id': 1, 'method': '3d c++'}"
1581494815.918359,"{'circle_3d': {'center': [-0.21990942906056565, 0.03418266470604081, 62.88783837740029], 'normal': [-0.27906038212400847, 0.6187005371841049, -0.7343942731373266], 'radius': 2.4197433540086895}, 'confidence': 0.6808467568853533, 'timestamp': 359912.433383, 'diameter_3d': 4.839486708017379, 'ellipse': {'center': [158.01871627961935, 119.91987828358764], 'axes': [35.00026702002024, 47.728125006418445], 'angle': -65.53965482400952}, 'location': [158.01871627961935, 119.91987828358764], 'diameter': 47.728125006418445, 'sphere': {'center': [3.1288151564275357, -7.390223781503218, 71.70056965504821], 'radius': 12.0}, 'projected_sphere': {'center': [187.05509044513556, 56.096201653965586], 'axes': [207.52973193361993, 207.52973193361993], 'angle': 90.0}, 'model_confidence': 0.7319179647744534, 'model_id': 1, 'model_birth_timestamp': 359909.669808, 'theta': 2.2378839048541, 'phi': -1.9339321025073084, 'norm_pos': [0.4938084883738105, 0.5003338404850515], 'topic': 'pupil.1', 'id': 1, 'method': '3d c++'}"
1581494815.927254,"{'circle_3d': {'center': [-0.19267346281148034, -0.12031456620085201, 62.749808047591145], 'normal': [-0.276790718269918, 0.6058257679418638, -0.7458968006214223], 'radius': 2.4297703386565472}, 'confidence': 0.48316709121789075, 'timestamp': 359912.441783, 'diameter_3d': 4.8595406773130945, 'ellipse': {'center': [158.2870721136035, 118.39008797236926], 'axes': [35.85261822428731, 48.03101929759577], 'angle': -65.21420764891496}, 'location': [158.2870721136035, 118.39008797236926], 'diameter': 48.03101929759577, 'sphere': {'center': [3.1288151564275357, -7.390223781503218, 71.70056965504821], 'radius': 12.0}, 'projected_sphere': {'center': [187.05509044513556, 56.096201653965586], 'axes': [207.52973193361993, 207.52973193361993], 'angle': 90.0}, 'model_confidence': 0.7319179647744534, 'model_id': 1, 'model_birth_timestamp': 359909.669808, 'theta': 2.221599706508399, 'phi': -1.9261297916728481, 'norm_pos': [0.4946471003550109, 0.5067079667817947], 'topic': 'pupil.1', 'id': 1, 'method': '3d c++'}"
1581494815.935454,"{'circle_3d': {'center': [-0.14109546480791257, -0.16705969960275713, 62.693151313754484], 'normal': [-0.2724925517696207, 0.6019303401583718, -0.7506181951078107], 'radius': 2.429360557631245}, 'confidence': 0.6394236637976696, 'timestamp': 359912.450183, 'diameter_3d': 4.85872111526249, 'ellipse': {'center': [158.79427333015363, 117.92588337508761], 'axes': [36.138332206414866, 48.06601532607267], 'angle': -65.43758073017526}, 'location': [158.79427333015363, 117.92588337508761], 'diameter': 48.06601532607267, 'sphere': {'center': [3.1288151564275357, -7.390223781503218, 71.70056965504821], 'radius': 12.0}, 'projected_sphere': {'center': [187.05509044513556, 56.096201653965586], 'axes': [207.52973193361993, 207.52973193361993], 'angle': 90.0}, 'model_confidence': 0.7319179647744534, 'model_id': 1, 'model_birth_timestamp': 359909.669808, 'theta': 2.216712550425266, 'phi': -1.9190265328325282, 'norm_pos': [0.4962321041567301, 0.5086421526038016], 'topic': 'pupil.1', 'id': 1, 'method': '3d c++'}"
1581494815.9428961,"{'circle_3d': {'center': [-0.2706739130954947, -0.22314151568894758, 62.696325885511314], 'normal': [-0.2832907557935858, 0.5972568554845225, -0.7503536474614081], 'radius': 2.437889567136548}, 'confidence': 0.5473567872125646, 'timestamp': 359912.458583, 'diameter_3d': 4.875779134273096, 'ellipse': {'center': [157.52095127642914, 117.3715213737467], 'axes': [36.2461896160181, 48.23292043112108], 'angle': -64.26916550893456}, 'location': [157.52095127642914, 117.3715213737467], 'diameter': 48.23292043112108, 'sphere': {'center': [3.1288151564275357, -7.390223781503218, 71.70056965504821], 'radius': 12.0}, 'projected_sphere': {'center': [187.05509044513556, 56.096201653965586], 'axes': [207.52973193361993, 207.52973193361993], 'angle': 90.0}, 'model_confidence': 0.7319179647744534, 'model_id': 1, 'model_birth_timestamp': 359909.669808, 'theta': 2.210872896047658, 'phi': -1.9317945972072297, 'norm_pos': [0.49225297273884105, 0.5109519942760554], 'topic': 'pupil.1', 'id': 1, 'method': '3d c++'}"
1581494815.951443,"{'circle_3d': {'center': [-0.09153192834474799, -0.18437149055427327, 62.661484667361435], 'normal': [-0.26836225706435696, 0.600487690912412, -0.7532570823072314], 'radius': 2.430086083914075}, 'confidence': 0.5778617909561975, 'timestamp': 359912.466983, 'diameter_3d': 4.86017216782815, 'ellipse': {'center': [159.28237069241595, 117.75251081499047], 'axes': [36.31274536776169, 48.10446557846958], 'angle': -65.75214958075256}, 'location': [159.28237069241595, 117.75251081499047], 'diameter': 48.10446557846958, 'sphere': {'center': [3.1288151564275357, -7.390223781503218, 71.70056965504821], 'radius': 12.0}, 'projected_sphere': {'center': [187.05509044513556, 56.096201653965586], 'axes': [207.52973193361993, 207.52973193361993], 'angle': 90.0}, 'model_confidence': 0.7319179647744534, 'model_id': 1, 'model_birth_timestamp': 359909.669808, 'theta': 2.2149071886910434, 'phi': -1.9130451773978137, 'norm_pos': [0.49775740841379984, 0.509364538270873], 'topic': 'pupil.1', 'id': 1, 'method': '3d c++'}"
1581494815.959894,"{'circle_3d': {'center': [-0.22994789547079764, -0.24965737497532015, 62.660048533167696], 'normal': [-0.2798969209915279, 0.5950472005439917, -0.7533767601567101], 'radius': 2.4338661133232877}, 'confidence': 0.5919074341134184, 'timestamp': 359912.475383, 'diameter_3d': 4.8677322266465755, 'ellipse': {'center': [157.9206353074462, 117.10849729992873], 'axes': [36.37405317506469, 48.180894256412984], 'angle': -64.47683284533413}, 'location': [157.9206353074462, 117.10849729992873], 'diameter': 48.180894256412984, 'sphere': {'center': [3.1288151564275357, -7.390223781503218, 71.70056965504821], 'radius': 12.0}, 'projected_sphere': {'center': [187.05509044513556, 56.096201653965586], 'axes': [207.52973193361993, 207.52973193361993], 'angle': 90.0}, 'model_confidence': 0.7319179647744534, 'model_id': 1, 'model_birth_timestamp': 359909.669808, 'theta': 2.2081207039521065, 'phi': -1.9265153372133572, 'norm_pos': [0.49350198533576933, 0.5120479279169636], 'topic': 'pupil.1', 'id': 1, 'method': '3d c++'}"
1581494815.966597,"{'circle_3d': {'center': [-0.1400562456684984, -0.21196530885685405, 62.656948419257795], 'normal': [-0.2724059501746695, 0.5981882060538637, -0.7536351029825349], 'radius': 2.4153425490099685}, 'confidence': 0.7095446381940209, 'timestamp': 359912.483783, 'diameter_3d': 4.830685098019937, 'ellipse': {'center': [158.80249559956854, 117.48561127717244], 'axes': [36.11462616296589, 47.81599662250572], 'angle': -65.28856796640886}, 'location': [158.80249559956854, 117.48561127717244], 'diameter': 47.81599662250572, 'sphere': {'center': [3.1288151564275357, -7.390223781503218, 71.70056965504821], 'radius': 12.0}, 'projected_sphere': {'center': [187.05509044513556, 56.096201653965586], 'axes': [207.52973193361993, 207.52973193361993], 'angle': 90.0}, 'model_confidence': 0.7319179647744534, 'model_id': 1, 'model_birth_timestamp': 359909.669808, 'theta': 2.2120346113636593, 'phi': -1.9176402846100473, 'norm_pos': [0.4962577987486517, 0.5104766196784482], 'topic': 'pupil.1', 'id': 1, 'method': '3d c++'}"
1581494815.9750102,"{'circle_3d': {'center': [-0.1563914960099848, -0.18226148344305848, 62.68654187827031], 'normal': [-0.27376722103646006, 0.6006635248383466, -0.7511689813981585], 'radius': 2.418841213821607}, 'confidence': 0.6117210580392478, 'timestamp': 359912.492183, 'diameter_3d': 4.837682427643214, 'ellipse': {'center': [158.64216732955683, 117.77939451598529], 'axes': [36.01521343789145, 47.86282149749459], 'angle': -65.26958141264679}, 'location': [158.64216732955683, 117.77939451598529], 'diameter': 47.86282149749459, 'sphere': {'center': [3.1288151564275357, -7.390223781503218, 71.70056965504821], 'radius': 12.0}, 'projected_sphere': {'center': [187.05509044513556, 56.096201653965586], 'axes': [207.52973193361993, 207.52973193361993], 'angle': 90.0}, 'model_confidence': 0.7319179647744534, 'model_id': 1, 'model_birth_timestamp': 359909.669808, 'theta': 2.215127099859833, 'phi': -1.920290087046984, 'norm_pos': [0.4957567729048651, 0.5092525228500613], 'topic': 'pupil.1', 'id': 1, 'method': '3d c++'}"
1581494815.986618,"{'circle_3d': {'center': [-0.16514256533721383, -0.15257233878150434, 62.71356547562921], 'normal': [-0.2744964768137292, 0.6031376202268096, -0.7489170149515837], 'radius': 2.4208342764315947}, 'confidence': 0.6803382827013127, 'timestamp': 359912.500583, 'diameter_3d': 4.841668552863189, 'ellipse': {'center': [158.55633930687924, 118.073075180254], 'axes': [35.906428721219015, 47.88173854442831], 'angle': -65.30748718343612}, 'location': [158.55633930687924, 118.073075180254], 'diameter': 47.88173854442831, 'sphere': {'center': [3.1288151564275357, -7.390223781503218, 71.70056965504821], 'radius': 12.0}, 'projected_sphere': {'center': [187.05509044513556, 56.096201653965586], 'axes': [207.52973193361993, 207.52973193361993], 'angle': 90.0}, 'model_confidence': 0.7319179647744534, 'model_id': 1, 'model_birth_timestamp': 359909.669808, 'theta': 2.2182252563799016, 'phi': -1.9221158465965056, 'norm_pos': [0.49548856033399763, 0.5080288534156083], 'topic': 'pupil.1', 'id': 1, 'method': '3d c++'}"
1581494815.994488,"{'circle_3d': {'center': [-0.19875594281448494, -0.2187516642699876, 62.67298646511108], 'normal': [-0.2772975916035018, 0.5976226764361028, -0.7522985991614279], 'radius': 2.4095750496985886}, 'confidence': 0.5756609141750529, 'timestamp': 359912.508983, 'diameter_3d': 4.819150099397177, 'ellipse': {'center': [158.2238260538803, 117.42228892617965], 'axes': [35.94533747047066, 47.689771433163116], 'angle': -64.82225820684482}, 'location': [158.2238260538803, 117.42228892617965], 'diameter': 47.689771433163116, 'sphere': {'center': [3.1288151564275357, -7.390223781503218, 71.70056965504821], 'radius': 12.0}, 'projected_sphere': {'center': [187.05509044513556, 56.096201653965586], 'axes': [207.52973193361993, 207.52973193361993], 'angle': 90.0}, 'model_confidence': 0.7319179647744534, 'model_id': 1, 'model_birth_timestamp': 359909.669808, 'theta': 2.2113290809452746, 'phi': -1.9239446502404427, 'norm_pos': [0.4944494564183759, 0.5107404628075848], 'topic': 'pupil.1', 'id': 1, 'method': '3d c++'}"
1581494816.0025861,"{'circle_3d': {'center': [-0.13987230639493076, -0.27850681243810715, 62.60446257441759], 'normal': [-0.2723906219018722, 0.5926430807554259, -0.7580089233858853], 'radius': 2.421305907803462}, 'confidence': 0.5102597928184386, 'timestamp': 359912.517383, 'diameter_3d': 4.842611815606924, 'ellipse': {'center': [158.80551219296558, 116.8231732752228], 'axes': [36.47319716961229, 47.97418396040296], 'angle': -65.05369034889948}, 'location': [158.80551219296558, 116.8231732752228], 'diameter': 47.97418396040296, 'sphere': {'center': [3.1288151564275357, -7.390223781503218, 71.70056965504821], 'radius': 12.0}, 'projected_sphere': {'center': [187.05509044513556, 56.096201653965586], 'axes': [207.52973193361993, 207.52973193361993], 'angle': 90.0}, 'model_confidence': 0.7319179647744534, 'model_id': 1, 'model_birth_timestamp': 359909.669808, 'theta': 2.205132655464033, 'phi': -1.915776497978795, 'norm_pos': [0.49626722560301745, 0.513236778019905], 'topic': 'pupil.1', 'id': 1, 'method': '3d c++'}"
1581494816.0111518,"{'circle_3d': {'center': [-0.15394032853620798, -0.24303142953607804, 62.63739372660443], 'normal': [-0.27356295708031203, 0.5955993626639284, -0.7552646607036487], 'radius': 2.42732696159929}, 'confidence': 0.5776091795882827, 'timestamp': 359912.525782, 'diameter_3d': 4.85465392319858, 'ellipse': {'center': [158.66777215158857, 117.17376658030754], 'axes': [36.39432460599981, 48.06839931471684], 'angle': -65.07356586349546}, 'location': [158.66777215158857, 117.17376658030754], 'diameter': 48.06839931471684, 'sphere': {'center': [3.1288151564275357, -7.390223781503218, 71.70056965504821], 'radius': 12.0}, 'projected_sphere': {'center': [187.05509044513556, 56.096201653965586], 'axes': [207.52973193361993, 207.52973193361993], 'angle': 90.0}, 'model_confidence': 0.7319179647744534, 'model_id': 1, 'model_birth_timestamp': 359909.669808, 'theta': 2.2088079118951316, 'phi': -1.9183052688180955, 'norm_pos': [0.4958367879737143, 0.5117759725820519], 'topic': 'pupil.1', 'id': 1, 'method': '3d c++'}"
1581494816.018986,"{'circle_3d': {'center': [-0.16239173606265878, -0.21556043113556278, 62.66219795436472], 'normal': [-0.27426724104084954, 0.597888612530638, -0.7531976417236242], 'radius': 2.415958132593364}, 'confidence': 0.6794147543984164, 'timestamp': 359912.534182, 'diameter_3d': 4.831916265186728, 'ellipse': {'center': [158.58272130730057, 117.45049711949376], 'axes': [36.09658456078633, 47.82426647831686], 'angle': -65.10721227268935}, 'location': [158.58272130730057, 117.45049711949376], 'diameter': 47.82426647831686, 'sphere': {'center': [3.1288151564275357, -7.390223781503218, 71.70056965504821], 'radius': 12.0}, 'projected_sphere': {'center': [187.05509044513556, 56.096201653965586], 'axes': [207.52973193361993, 207.52973193361993], 'angle': 90.0}, 'model_confidence': 0.7319179647744534, 'model_id': 1, 'model_birth_timestamp': 359909.669808, 'theta': 2.211660805127642, 'phi': -1.9200095577091072, 'norm_pos': [0.4955710040853143, 0.510622928668776], 'topic': 'pupil.1', 'id': 1, 'method': '3d c++'}"
1581494816.026858,"{'circle_3d': {'center': [-0.08045402415795921, -0.18810573923405816, 62.654571256211014], 'normal': [-0.2674390983821246, 0.60017650352243, -0.7538331999030999], 'radius': 2.428757670982173}, 'confidence': 0.652968614821416, 'timestamp': 359912.542582, 'diameter_3d': 4.857515341964346, 'ellipse': {'center': [159.39129569497416, 117.71560169292076], 'axes': [36.32857759040577, 48.08341256509731], 'angle': -65.82343584732806}, 'location': [159.39129569497416, 117.71560169292076], 'diameter': 48.08341256509731, 'sphere': {'center': [3.1288151564275357, -7.390223781503218, 71.70056965504821], 'radius': 12.0}, 'projected_sphere': {'center': [187.05509044513556, 56.096201653965586], 'axes': [207.52973193361993, 207.52973193361993], 'angle': 90.0}, 'model_confidence': 0.7319179647744534, 'model_id': 1, 'model_birth_timestamp': 359909.669808, 'theta': 2.2145180832500304, 'phi': -1.9117162491179884, 'norm_pos': [0.49809779904679424, 0.5095183262794969], 'topic': 'pupil.1', 'id': 1, 'method': '3d c++'}"
1581494816.035472,"{'circle_3d': {'center': [-0.1194073103795259, -0.25680534499298613, 62.614129636218735], 'normal': [-0.27068520556725506, 0.5944515363758525, -0.7572033349024563], 'radius': 2.417747320490889}, 'confidence': 0.5790110032241914, 'timestamp': 359912.550982, 'diameter_3d': 4.835494640981778, 'ellipse': {'center': [159.00647891274656, 117.03915090354117], 'axes': [36.37034587751687, 47.89619444518426], 'angle': -65.28705592782418}, 'location': [159.00647891274656, 117.03915090354117], 'diameter': 47.89619444518426, 'sphere': {'center': [3.1288151564275357, -7.390223781503218, 71.70056965504821], 'radius': 12.0}, 'projected_sphere': {'center': [187.05509044513556, 56.096201653965586], 'axes': [207.52973193361993, 207.52973193361993], 'angle': 90.0}, 'model_confidence': 0.7319179647744534, 'model_id': 1, 'model_birth_timestamp': 359909.669808, 'theta': 2.2073797462226983, 'phi': -1.9141194241285653, 'norm_pos': [0.496895246602333, 0.5123368712352452], 'topic': 'pupil.1', 'id': 1, 'method': '3d c++'}"
1581494816.0425348,"{'circle_3d': {'center': [-0.034398553223818684, -0.22249688684074442, 62.611137869143995], 'normal': [-0.26360114247094624, 0.5973105745552062, -0.7574526488253516], 'radius': 2.4308522944394606}, 'confidence': 0.6804527304569205, 'timestamp': 359912.559382, 'diameter_3d': 4.861704588878921, 'ellipse': {'center': [159.84587164080574, 117.37223464165581], 'axes': [36.58431938987433, 48.15806738185504], 'angle': -66.0572611928469}, 'location': [159.84587164080574, 117.37223464165581], 'diameter': 48.15806738185504, 'sphere': {'center': [3.1288151564275357, -7.390223781503218, 71.70056965504821], 'radius': 12.0}, 'projected_sphere': {'center': [187.05509044513556, 56.096201653965586], 'axes': [207.52973193361993, 207.52973193361993], 'angle': 90.0}, 'model_confidence': 0.7319179647744534, 'model_id': 1, 'model_birth_timestamp': 359909.669808, 'theta': 2.2109398749249074, 'phi': -1.9056972731790889, 'norm_pos': [0.49951834887751795, 0.5109490223264341], 'topic': 'pupil.1', 'id': 1, 'method': '3d c++'}"
1581494816.050708,"{'circle_3d': {'center': [-0.07219562843248939, -0.29258738908173854, 62.569464158111714], 'normal': [-0.26675089873833546, 0.5914696993684567, -0.7609254580780417], 'radius': 2.4189603447259818}, 'confidence': 0.6219836993298291, 'timestamp': 359912.567782, 'diameter_3d': 4.8379206894519635, 'ellipse': {'center': [159.47237533396878, 116.68160700068732], 'axes': [36.61863749542263, 47.95419634900715], 'angle': -65.5221805154064}, 'location': [159.47237533396878, 116.68160700068732], 'diameter': 47.95419634900715, 'sphere': {'center': [3.1288151564275357, -7.390223781503218, 71.70056965504821], 'radius': 12.0}, 'projected_sphere': {'center': [187.05509044513556, 56.096201653965586], 'axes': [207.52973193361993, 207.52973193361993], 'angle': 90.0}, 'model_confidence': 0.7319179647744534, 'model_id': 1, 'model_birth_timestamp': 359909.669808, 'theta': 2.2036766600574564, 'phi': -1.9079709638534113, 'norm_pos': [0.49835117291865244, 0.5138266374971361], 'topic': 'pupil.1', 'id': 1, 'method': '3d c++'}"
1581494816.05861,"{'circle_3d': {'center': [-0.10082174594618376, -0.35626614401038026, 62.530352349401525], 'normal': [-0.26913640853114335, 0.5861631364577365, -0.7641847754705574], 'radius': 2.4226153242348683}, 'confidence': 0.6418441674525184, 'timestamp': 359912.576182, 'diameter_3d': 4.8452306484697365, 'ellipse': {'center': [159.19123213353348, 116.0482223253318], 'axes': [36.87481962387259, 48.056723446411226], 'angle': -65.07274423823941}, 'location': [159.19123213353348, 116.0482223253318], 'diameter': 48.056723446411226, 'sphere': {'center': [3.1288151564275357, -7.390223781503218, 71.70056965504821], 'radius': 12.0}, 'projected_sphere': {'center': [187.05509044513556, 56.096201653965586], 'axes': [207.52973193361993, 207.52973193361993], 'angle': 90.0}, 'model_confidence': 0.7319179647744534, 'model_id': 1, 'model_birth_timestamp': 359909.669808, 'theta': 2.197111269036826, 'phi': -1.9094186870121013, 'norm_pos': [0.49747260041729213, 0.5164657403111175], 'topic': 'pupil.1', 'id': 1, 'method': '3d c++'}"
1581494816.07044,"{'circle_3d': {'center': [-0.10633334016851448, -0.3241752304608827, 62.557005137898194], 'normal': [-0.26959570804967087, 0.588837379253528, -0.7619637097625015], 'radius': 2.4210377102456144}, 'confidence': 0.800494599938656, 'timestamp': 359912.584582, 'diameter_3d': 4.842075420491229, 'ellipse': {'center': [159.13635319349027, 116.36817953224188], 'axes': [36.71360008049123, 48.00503081883049], 'angle': -65.14638829618117}, 'location': [159.13635319349027, 116.36817953224188], 'diameter': 48.00503081883049, 'sphere': {'center': [3.1288151564275357, -7.390223781503218, 71.70056965504821], 'radius': 12.0}, 'projected_sphere': {'center': [187.05509044513556, 56.096201653965586], 'axes': [207.52973193361993, 207.52973193361993], 'angle': 90.0}, 'model_confidence': 0.7319179647744534, 'model_id': 1, 'model_birth_timestamp': 359909.669808, 'theta': 2.2004159733074653, 'phi': -1.910867529486647, 'norm_pos': [0.4973011037296571, 0.5151325852823254], 'topic': 'pupil.1', 'id': 1, 'method': '3d c++'}"
1581494816.078926,"{'circle_3d': {'center': [-0.04524363855982161, -0.39731019822044455, 62.47969603143192], 'normal': [-0.2645048995822798, 0.5827427986068979, -0.7684061353013578], 'radius': 2.4361010263934744}, 'confidence': 0.5621912221273916, 'timestamp': 359912.592982, 'diameter_3d': 4.872202052786949, 'ellipse': {'center': [159.74244756254276, 115.6326247563478], 'axes': [37.34380983220614, 48.36327431286448], 'angle': -65.35626884286808}, 'location': [159.74244756254276, 115.6326247563478], 'diameter': 48.36327431286448, 'sphere': {'center': [3.1288151564275357, -7.390223781503218, 71.70056965504821], 'radius': 12.0}, 'projected_sphere': {'center': [187.05509044513556, 56.096201653965586], 'axes': [207.52973193361993, 207.52973193361993], 'angle': 90.0}, 'model_confidence': 0.7319179647744534, 'model_id': 1, 'model_birth_timestamp': 359909.669808, 'theta': 2.1928960508466946, 'phi': -1.9023174912770486, 'norm_pos': [0.4991951486329461, 0.5181973968485509], 'topic': 'pupil.1', 'id': 1, 'method': '3d c++'}"
1581494816.086355,"{'circle_3d': {'center': [-0.08056932407759732, -0.4640132742753611, 62.44165723155812], 'normal': [-0.2674487067087611, 0.5771842089356548, -0.7715760352908413], 'radius': 2.4230789684633742}, 'confidence': 0.608321157581469, 'timestamp': 359912.601382, 'diameter_3d': 4.8461579369267485, 'ellipse': {'center': [159.39229771261375, 114.97383738769744], 'axes': [37.33950357370903, 48.13392431967135], 'angle': -64.83345609806022}, 'location': [159.39229771261375, 114.97383738769744], 'diameter': 48.13392431967135, 'sphere': {'center': [3.1288151564275357, -7.390223781503218, 71.70056965504821], 'radius': 12.0}, 'projected_sphere': {'center': [187.05509044513556, 56.096201653965586], 'axes': [207.52973193361993, 207.52973193361993], 'angle': 90.0}, 'model_confidence': 0.7319179647744534, 'model_id': 1, 'model_birth_timestamp': 359909.669808, 'theta': 2.1860726686417733, 'phi': -1.904462652554941, 'norm_pos': [0.498100930351918, 0.5209423442179273], 'topic': 'pupil.1', 'id': 1, 'method': '3d c++'}"
1581494816.0959418,"{'circle_3d': {'center': [-0.015372875273120812, -0.5323306147882567, 62.36872187793384], 'normal': [-0.2620156693083881, 0.5714910972262469, -0.7776539814261981], 'radius': 2.411080372171004}, 'confidence': 0.5713284246737954, 'timestamp': 359912.609782, 'diameter_3d': 4.822160744342008, 'ellipse': {'center': [160.03599832976562, 114.29300257437271], 'axes': [37.53065237664422, 47.95103710842437], 'angle': -65.09435349318913}, 'location': [160.03599832976562, 114.29300257437271], 'diameter': 47.95103710842437, 'sphere': {'center': [3.1288151564275357, -7.390223781503218, 71.70056965504821], 'radius': 12.0}, 'projected_sphere': {'center': [187.05509044513556, 56.096201653965586], 'axes': [207.52973193361993, 207.52973193361993], 'angle': 90.0}, 'model_confidence': 0.7319179647744534, 'model_id': 1, 'model_birth_timestamp': 359909.669808, 'theta': 2.179118098136394, 'phi': -1.89578120475138, 'norm_pos': [0.5001124947805176, 0.5237791559401137], 'topic': 'pupil.1', 'id': 1, 'method': '3d c++'}"
1581494816.103402,"{'circle_3d': {'center': [-0.049682659066606405, -0.6022841277258362, 62.32928228918564], 'normal': [-0.2648748179578453, 0.5656616378147821, -0.7809406138218813], 'radius': 2.416042662572854}, 'confidence': 0.6794696298043891, 'timestamp': 359912.618182, 'diameter_3d': 4.832085325145708, 'ellipse': {'center': [159.69831843671236, 113.59370138202677], 'axes': [37.81065219834811, 48.08024196325542], 'angle': -64.55274625436623}, 'location': [159.69831843671236, 113.59370138202677], 'diameter': 48.08024196325542, 'sphere': {'center': [3.1288151564275357, -7.390223781503218, 71.70056965504821], 'radius': 12.0}, 'projected_sphere': {'center': [187.05509044513556, 56.096201653965586], 'axes': [207.52973193361993, 207.52973193361993], 'angle': 90.0}, 'model_confidence': 0.7319179647744534, 'model_id': 1, 'model_birth_timestamp': 359909.669808, 'theta': 2.1720316976218075, 'phi': -1.897794314555611, 'norm_pos': [0.4990572451147261, 0.5266929109082218], 'topic': 'pupil.1', 'id': 1, 'method': '3d c++'}"
1581494816.11056,"{'circle_3d': {'center': [-0.054696241108877164, -0.5747893495335283, 62.35096492087481], 'normal': [-0.26529261646136776, 0.5679528693308075, -0.7791337278477837], 'radius': 2.422704993317168}, 'confidence': 0.7228173046819577, 'timestamp': 359912.626582, 'diameter_3d': 4.845409986634336, 'ellipse': {'center': [159.6493916955751, 113.86660217934588], 'axes': [37.802775007050556, 48.196200188512606], 'angle': -64.61864576134171}, 'location': [159.6493916955751, 113.86660217934588], 'diameter': 48.196200188512606, 'sphere': {'center': [3.1288151564275357, -7.390223781503218, 71.70056965504821], 'radius': 12.0}, 'projected_sphere': {'center': [187.05509044513556, 56.096201653965586], 'axes': [207.52973193361993, 207.52973193361993], 'angle': 90.0}, 'model_confidence': 0.7319179647744534, 'model_id': 1, 'model_birth_timestamp': 359909.669808, 'theta': 2.1748128253714105, 'phi': -1.8989801737048275, 'norm_pos': [0.4989043490486722, 0.5255558242527255], 'topic': 'pupil.1', 'id': 1, 'method': '3d c++'}"
1581494816.118977,"{'circle_3d': {'center': [-0.061466377786819404, -0.5555038812169197, 62.36736508121177], 'normal': [-0.2658567945178628, 0.5695599916905246, -0.777767047819703], 'radius': 2.4109085578728306}, 'confidence': 0.6455211608579324, 'timestamp': 359912.634982, 'diameter_3d': 4.821817115745661, 'ellipse': {'center': [159.58028261738772, 114.06375870451751], 'axes': [37.53395825045702, 47.948837134228924], 'angle': -64.63858686136734}, 'location': [159.58028261738772, 114.06375870451751], 'diameter': 47.948837134228924, 'sphere': {'center': [3.1288151564275357, -7.390223781503218, 71.70056965504821], 'radius': 12.0}, 'projected_sphere': {'center': [187.05509044513556, 56.096201653965586], 'axes': [207.52973193361993, 207.52973193361993], 'angle': 90.0}, 'model_confidence': 0.7319179647744534, 'model_id': 1, 'model_birth_timestamp': 359909.669808, 'theta': 2.176766760028281, 'phi': -1.9001658689626466, 'norm_pos': [0.4986883831793366, 0.524734338731177], 'topic': 'pupil.1', 'id': 1, 'method': '3d c++'}"
1581494816.128154,"{'circle_3d': {'center': [-0.06818779488948534, -0.5362478454101263, 62.383800580056224], 'normal': [-0.26641691260975175, 0.571164661341091, -0.776397422915999], 'radius': 2.4101753124820187}, 'confidence': 0.6018340581159747, 'timestamp': 359912.643381, 'diameter_3d': 4.820350624964037, 'ellipse': {'center': [159.5134503672342, 114.25672346146425], 'axes': [37.437876138802416, 47.921676916121015], 'angle': -64.65865954494424}, 'location': [159.5134503672342, 114.25672346146425], 'diameter': 47.921676916121015, 'sphere': {'center': [3.1288151564275357, -7.390223781503218, 71.70056965504821], 'radius': 12.0}, 'projected_sphere': {'center': [187.05509044513556, 56.096201653965586], 'axes': [207.52973193361993, 207.52973193361993], 'angle': 90.0}, 'model_confidence': 0.7319179647744534, 'model_id': 1, 'model_birth_timestamp': 359909.669808, 'theta': 2.1787203557509836, 'phi': -1.9013512592030608, 'norm_pos': [0.4984795323976069, 0.5239303189105656], 'topic': 'pupil.1', 'id': 1, 'method': '3d c++'}"
1581494816.135905,"{'circle_3d': {'center': [-0.07486199819962147, -0.5170167258733063, 62.40027517264825], 'normal': [-0.2669730962189298, 0.5727672546358261, -0.775024540199997], 'radius': 2.415866287021673}, 'confidence': 0.6530084286552419, 'timestamp': 359912.651781, 'diameter_3d': 4.831732574043346, 'ellipse': {'center': [159.44813770891201, 114.44714130152916], 'axes': [37.44136364648323, 48.022276841995996], 'angle': -64.67887022457994}, 'location': [159.44813770891201, 114.44714130152916], 'diameter': 48.022276841995996, 'sphere': {'center': [3.1288151564275357, -7.390223781503218, 71.70056965504821], 'radius': 12.0}, 'projected_sphere': {'center': [187.05509044513556, 56.096201653965586], 'axes': [207.52973193361993, 207.52973193361993], 'angle': 90.0}, 'model_confidence': 0.7319179647744534, 'model_id': 1, 'model_birth_timestamp': 359909.669808, 'theta': 2.18067407775382, 'phi': -1.902536626705809, 'norm_pos': [0.49827543034035005, 0.5231369112436285], 'topic': 'pupil.1', 'id': 1, 'method': '3d c++'}"
1581494816.142965,"{'circle_3d': {'center': [-0.08148809021358439, -0.49781288629336196, 62.41678674525342], 'normal': [-0.26752527055342673, 0.5743675746008214, -0.773648575816233], 'radius': 2.430145641338287}, 'confidence': 0.7458758149356625, 'timestamp': 359912.660181, 'diameter_3d': 4.860291282676574, 'ellipse': {'center': [159.38470499273737, 114.63422140664501], 'axes': [37.57726141977257, 48.29357426847566], 'angle': -64.69921521196744}, 'location': [159.38470499273737, 114.63422140664501], 'diameter': 48.29357426847566, 'sphere': {'center': [3.1288151564275357, -7.390223781503218, 71.70056965504821], 'radius': 12.0}, 'projected_sphere': {'center': [187.05509044513556, 56.096201653965586], 'axes': [207.52973193361993, 207.52973193361993], 'angle': 90.0}, 'model_confidence': 0.7319179647744534, 'model_id': 1, 'model_birth_timestamp': 359909.669808, 'theta': 2.1826276934030027, 'phi': -1.9037218303089458, 'norm_pos': [0.4980772031023043, 0.5223574108056458], 'topic': 'pupil.1', 'id': 1, 'method': '3d c++'}"
1581494816.154867,"{'circle_3d': {'center': [-0.08806597721804144, -0.47863639554090653, 62.43333513885074], 'normal': [-0.26807342780379806, 0.5759656154968592, -0.7722695430164562], 'radius': 2.4192231613195183}, 'confidence': 0.6460917500388337, 'timestamp': 359912.668581, 'diameter_3d': 4.838446322639037, 'ellipse': {'center': [159.31776207435158, 114.82965178535666], 'axes': [37.32272341446392, 48.06370134242183], 'angle': -64.7197079132485}, 'location': [159.31776207435158, 114.82965178535666], 'diameter': 48.06370134242183, 'sphere': {'center': [3.1288151564275357, -7.390223781503218, 71.70056965504821], 'radius': 12.0}, 'projected_sphere': {'center': [187.05509044513556, 56.096201653965586], 'axes': [207.52973193361993, 207.52973193361993], 'angle': 90.0}, 'model_confidence': 0.7319179647744534, 'model_id': 1, 'model_birth_timestamp': 359909.669808, 'theta': 2.1845812027120695, 'phi': -1.9049068700206846, 'norm_pos': [0.4978680064823487, 0.5215431175610139], 'topic': 'pupil.1', 'id': 1, 'method': '3d c++'}"
1581494816.163211,"{'circle_3d': {'center': [-0.07162931661658956, -0.3618738169512561, 62.515829487207654], 'normal': [-0.2667037060870104, 0.58569583037933, -0.7653950139867131], 'radius': 2.4010088977022392}, 'confidence': 0.6470049210389066, 'timestamp': 359912.676981, 'diameter_3d': 4.8020177954044785, 'ellipse': {'center': [159.47598389461768, 115.99870157102336], 'axes': [36.62019688328951, 47.63879450146822], 'angle': -65.278741736504}, 'location': [159.47598389461768, 115.99870157102336], 'diameter': 47.63879450146822, 'sphere': {'center': [3.1288151564275357, -7.390223781503218, 71.70056965504821], 'radius': 12.0}, 'projected_sphere': {'center': [187.05509044513556, 56.096201653965586], 'axes': [207.52973193361993, 207.52973193361993], 'angle': 90.0}, 'model_confidence': 0.7319179647744534, 'model_id': 1, 'model_birth_timestamp': 359909.669808, 'theta': 2.19653460568102, 'phi': -1.9060917458410256, 'norm_pos': [0.4983624496706803, 0.5166720767874027], 'topic': 'pupil.1', 'id': 1, 'method': '3d c++'}"
1581494816.1712372,"{'circle_3d': {'center': [-0.07958374479122732, -0.3496317699667788, 62.52798874138234], 'normal': [-0.2673665751015636, 0.58671600096137, -0.7643817428054897], 'radius': 2.4259598319280022}, 'confidence': 0.7526342305464784, 'timestamp': 359912.685381, 'diameter_3d': 4.8519196638560045, 'ellipse': {'center': [159.40124163004694, 116.11222161618257], 'axes': [36.93837229868052, 48.124853168740955], 'angle': -65.2612083210103}, 'location': [159.40124163004694, 116.11222161618257], 'diameter': 48.124853168740955, 'sphere': {'center': [3.1288151564275357, -7.390223781503218, 71.70056965504821], 'radius': 12.0}, 'projected_sphere': {'center': [187.05509044513556, 56.096201653965586], 'axes': [207.52973193361993, 207.52973193361993], 'angle': 90.0}, 'model_confidence': 0.7319179647744534, 'model_id': 1, 'model_birth_timestamp': 359909.669808, 'theta': 2.197793823753909, 'phi': -1.907276457769969, 'norm_pos': [0.49812888009389666, 0.5161990765992392], 'topic': 'pupil.1', 'id': 1, 'method': '3d c++'}"
1581494816.1790679,"{'circle_3d': {'center': [-0.01643195686644372, -0.4267476378389983, 62.447601450578084], 'normal': [-0.2621039261078316, 0.580289678638685, -0.771080683705844], 'radius': 2.4487520827456373}, 'confidence': 0.638883816654688, 'timestamp': 359912.693781, 'diameter_3d': 4.8975041654912745, 'ellipse': {'center': [160.0295506530086, 115.33362813754994], 'axes': [37.70582617780627, 48.6394005981126], 'angle': -65.47593601789997}, 'location': [160.0295506530086, 115.33362813754994], 'diameter': 48.6394005981126, 'sphere': {'center': [3.1288151564275357, -7.390223781503218, 71.70056965504821], 'radius': 12.0}, 'projected_sphere': {'center': [187.05509044513556, 56.096201653965586], 'axes': [207.52973193361993, 207.52973193361993], 'angle': 90.0}, 'model_confidence': 0.7319179647744534, 'model_id': 1, 'model_birth_timestamp': 359909.669808, 'theta': 2.189880663755208, 'phi': -1.8984610058075153, 'norm_pos': [0.5000923457906519, 0.5194432160935419], 'topic': 'pupil.1', 'id': 1, 'method': '3d c++'}"
1581494816.186774,"{'circle_3d': {'center': [-0.11965510340755303, -0.39959168086446617, 62.50391244688361], 'normal': [-0.27070585498625743, 0.5825526750532294, -0.7663881006803837], 'radius': 2.4382998783156142}, 'confidence': 0.6514133040280212, 'timestamp': 359912.702181, 'diameter_3d': 4.8765997566312285, 'ellipse': {'center': [159.00822112733073, 115.61229760081417], 'axes': [37.25047878799655, 48.388518368071644], 'angle': -64.76799269867428}, 'location': [159.00822112733073, 115.61229760081417], 'diameter': 48.388518368071644, 'sphere': {'center': [3.1288151564275357, -7.390223781503218, 71.70056965504821], 'radius': 12.0}, 'projected_sphere': {'center': [187.05509044513556, 56.096201653965586], 'axes': [207.52973193361993, 207.52973193361993], 'angle': 90.0}, 'model_confidence': 0.7319179647744534, 'model_id': 1, 'model_birth_timestamp': 359909.669808, 'theta': 2.192662117351959, 'phi': -1.9103394682731, 'norm_pos': [0.4969006910229085, 0.518282093329941], 'topic': 'pupil.1', 'id': 1, 'method': '3d c++'}"
1581494816.198884,"{'circle_3d': {'center': [-0.11837257935587653, -0.3805441308577482, 62.51796855275129], 'normal': [-0.270598977981951, 0.5841399708871224, -0.7652167585247434], 'radius': 2.4301149343628405}, 'confidence': 0.6913834002096344, 'timestamp': 359912.710581, 'diameter_3d': 4.860229868725681, 'ellipse': {'center': [159.01944269995127, 115.80472733603659], 'axes': [37.05270335599343, 48.21516790421209], 'angle': -64.84820268503115}, 'location': [159.01944269995127, 115.80472733603659], 'diameter': 48.21516790421209, 'sphere': {'center': [3.1288151564275357, -7.390223781503218, 71.70056965504821], 'radius': 12.0}, 'projected_sphere': {'center': [187.05509044513556, 56.096201653965586], 'axes': [207.52973193361993, 207.52973193361993], 'angle': 90.0}, 'model_confidence': 0.7319179647744534, 'model_id': 1, 'model_birth_timestamp': 359909.669808, 'theta': 2.1946163779870687, 'phi': -1.9106959604014433, 'norm_pos': [0.4969357584373477, 0.5174803027665142], 'topic': 'pupil.1', 'id': 1, 'method': '3d c++'}"
1581494816.2031648,"{'circle_3d': {'center': [-0.12464882335754845, -0.3615243861840529, 62.53474416344731], 'normal': [-0.2711219983154237, 0.5857249496099305, -0.7638187909667422], 'radius': 2.4235934742099077}, 'confidence': 0.6865474549877018, 'timestamp': 359912.718981, 'diameter_3d': 4.847186948419815, 'ellipse': {'center': [158.95636941096473, 115.99653368995632], 'axes': [36.86662214955734, 48.07285805040513], 'angle': -64.86953446864906}, 'location': [158.95636941096473, 115.99653368995632], 'diameter': 48.07285805040513, 'sphere': {'center': [3.1288151564275357, -7.390223781503218, 71.70056965504821], 'radius': 12.0}, 'projected_sphere': {'center': [187.05509044513556, 56.096201653965586], 'axes': [207.52973193361993, 207.52973193361993], 'angle': 90.0}, 'model_confidence': 0.7319179647744534, 'model_id': 1, 'model_birth_timestamp': 359909.669808, 'theta': 2.1965705322661573, 'phi': -1.9118793752543741, 'norm_pos': [0.4967386544092648, 0.516681109625182], 'topic': 'pupil.1', 'id': 1, 'method': '3d c++'}"
1581494816.210892,"{'circle_3d': {'center': [-0.13087620300287783, -0.34253251496635784, 62.5515554976193], 'normal': [-0.2716409466192012, 0.5873076055447385, -0.7624178464524097], 'radius': 2.43137133590013}, 'confidence': 0.692552484378986, 'timestamp': 359912.727381, 'diameter_3d': 4.86274267180026, 'ellipse': {'center': [158.8960818154987, 116.18301666778781], 'axes': [36.89814208108819, 48.214331571462644], 'angle': -64.89099491998034}, 'location': [158.8960818154987, 116.18301666778781], 'diameter': 48.214331571462644, 'sphere': {'center': [3.1288151564275357, -7.390223781503218, 71.70056965504821], 'radius': 12.0}, 'projected_sphere': {'center': [187.05509044513556, 56.096201653965586], 'axes': [207.52973193361993, 207.52973193361993], 'angle': 90.0}, 'model_confidence': 0.7319179647744534, 'model_id': 1, 'model_birth_timestamp': 359909.669808, 'theta': 2.1985245802027684, 'phi': -1.913062626217068, 'norm_pos': [0.4965502556734334, 0.5159040972175508], 'topic': 'pupil.1', 'id': 1, 'method': '3d c++'}"
1581494816.220272,"{'circle_3d': {'center': [-0.13705462875099084, -0.32356858533380883, 62.56840239394804], 'normal': [-0.27215581543154393, 0.5888879330141176, -0.7610139384250144], 'radius': 2.4311398167213762}, 'confidence': 0.671018472069568, 'timestamp': 359912.735781, 'diameter_3d': 4.8622796334427525, 'ellipse': {'center': [158.835034687771, 116.37190853261076], 'axes': [36.80754897894725, 48.19681806823154], 'angle': -64.91259177608951}, 'location': [158.835034687771, 116.37190853261076], 'diameter': 48.19681806823154, 'sphere': {'center': [3.1288151564275357, -7.390223781503218, 71.70056965504821], 'radius': 12.0}, 'projected_sphere': {'center': [187.05509044513556, 56.096201653965586], 'axes': [207.52973193361993, 207.52973193361993], 'angle': 90.0}, 'model_confidence': 0.7319179647744534, 'model_id': 1, 'model_birth_timestamp': 359909.669808, 'theta': 2.2004785217969007, 'phi': -1.914245713289525, 'norm_pos': [0.49635948339928443, 0.5151170477807885], 'topic': 'pupil.1', 'id': 1, 'method': '3d c++'}"
1581494816.226764,"{'circle_3d': {'center': [-0.14318401159404148, -0.3046326652893674, 62.5852846908632], 'normal': [-0.2726665973351315, 0.5904659263511544, -0.7596070803487514], 'radius': 2.4238050036113687}, 'confidence': 0.7486645970228287, 'timestamp': 359912.744181, 'diameter_3d': 4.8476100072227375, 'ellipse': {'center': [158.7733751531745, 116.56289455958287], 'axes': [36.609407012735005, 48.038413709061054], 'angle': -64.93432415506236}, 'location': [158.7733751531745, 116.56289455958287], 'diameter': 48.038413709061054, 'sphere': {'center': [3.1288151564275357, -7.390223781503218, 71.70056965504821], 'radius': 12.0}, 'projected_sphere': {'center': [187.05509044513556, 56.096201653965586], 'axes': [207.52973193361993, 207.52973193361993], 'angle': 90.0}, 'model_confidence': 0.7319179647744534, 'model_id': 1, 'model_birth_timestamp': 359909.669808, 'theta': 2.202432357048555, 'phi': -1.9154286364717452, 'norm_pos': [0.4961667973536703, 0.5143212726684048], 'topic': 'pupil.1', 'id': 1, 'method': '3d c++'}"
1581494816.23902,"{'circle_3d': {'center': [-0.17318088705254508, -0.3827895888341466, 62.53581716715994], 'normal': [-0.27516633695667336, 0.5839528493890892, -0.7637293739906892], 'radius': 2.416586193093547}, 'confidence': 0.6511717405777009, 'timestamp': 359912.75258, 'diameter_3d': 4.833172386187094, 'ellipse': {'center': [158.47665048963802, 115.7893714844002], 'axes': [36.75323577887784, 47.93316017979295], 'angle': -64.41747243710643}, 'location': [158.47665048963802, 115.7893714844002], 'diameter': 47.93316017979295, 'sphere': {'center': [3.1288151564275357, -7.390223781503218, 71.70056965504821], 'radius': 12.0}, 'projected_sphere': {'center': [187.05509044513556, 56.096201653965586], 'axes': [207.52973193361993, 207.52973193361993], 'angle': 90.0}, 'model_confidence': 0.7319179647744534, 'model_id': 1, 'model_birth_timestamp': 359909.669808, 'theta': 2.1943858533755147, 'phi': -1.9166112549677328, 'norm_pos': [0.4952395327801188, 0.5175442854816659], 'topic': 'pupil.1', 'id': 1, 'method': '3d c++'}"
1581494816.248451,"{'circle_3d': {'center': [-0.1776954996707829, -0.35702157684468894, 62.55720845527629], 'normal': [-0.2755425546748599, 0.5861001837215442, -0.7619467666476604], 'radius': 2.4408401170717995}, 'confidence': 0.7049675252065195, 'timestamp': 359912.76098, 'diameter_3d': 4.881680234143599, 'ellipse': {'center': [158.43603991740167, 116.03754047488187], 'axes': [37.011628422755585, 48.39804787129376], 'angle': -64.47865960304723}, 'location': [158.43603991740167, 116.03754047488187], 'diameter': 48.39804787129376, 'sphere': {'center': [3.1288151564275357, -7.390223781503218, 71.70056965504821], 'radius': 12.0}, 'projected_sphere': {'center': [187.05509044513556, 56.096201653965586], 'axes': [207.52973193361993, 207.52973193361993], 'angle': 90.0}, 'model_confidence': 0.7319179647744534, 'model_id': 1, 'model_birth_timestamp': 359909.669808, 'theta': 2.1970335703118935, 'phi': -1.9177938503971843, 'norm_pos': [0.4951126247418802, 0.5165102480213255], 'topic': 'pupil.1', 'id': 1, 'method': '3d c++'}"
1581494816.2544441,"{'circle_3d': {'center': [-0.1841320350234077, -0.3393387908873384, 62.57317124390361], 'normal': [-0.27607893262091193, 0.5875737492179899, -0.7606165342620502], 'radius': 2.4382702240445338}, 'confidence': 0.6692703048833988, 'timestamp': 359912.76938, 'diameter_3d': 4.8765404480890675, 'ellipse': {'center': [158.37219143241578, 116.21453949264806], 'axes': [36.88987039511326, 48.334783715396064], 'angle': -64.49489289084234}, 'location': [158.37219143241578, 116.21453949264806], 'diameter': 48.334783715396064, 'sphere': {'center': [3.1288151564275357, -7.390223781503218, 71.70056965504821], 'radius': 12.0}, 'projected_sphere': {'center': [187.05509044513556, 56.096201653965586], 'axes': [207.52973193361993, 207.52973193361993], 'angle': 90.0}, 'model_confidence': 0.7319179647744534, 'model_id': 1, 'model_birth_timestamp': 359909.669808, 'theta': 2.198853450156075, 'phi': -1.9189762819282032, 'norm_pos': [0.4949130982262993, 0.5157727521139664], 'topic': 'pupil.1', 'id': 1, 'method': '3d c++'}"
1581494816.26299,"{'circle_3d': {'center': [-0.19052475789006396, -0.3216866097316142, 62.58916115885504], 'normal': [-0.27661165952646666, 0.5890447643143004, -0.7592840413494311], 'radius': 2.437624864405573}, 'confidence': 0.7446129345929383, 'timestamp': 359912.77778, 'diameter_3d': 4.875249728811146, 'ellipse': {'center': [158.30911648891302, 116.39048600637841], 'axes': [36.79727465755675, 48.30969606739861], 'angle': -64.5112467669823}, 'location': [158.30911648891302, 116.39048600637841], 'diameter': 48.30969606739861, 'sphere': {'center': [3.1288151564275357, -7.390223781503218, 71.70056965504821], 'radius': 12.0}, 'projected_sphere': {'center': [187.05509044513556, 56.096201653965586], 'axes': [207.52973193361993, 207.52973193361993], 'angle': 90.0}, 'model_confidence': 0.7319179647744534, 'model_id': 1, 'model_birth_timestamp': 359909.669808, 'theta': 2.2006725820999664, 'phi': -1.920158549568986, 'norm_pos': [0.4947159890278532, 0.51503964164009], 'topic': 'pupil.1', 'id': 1, 'method': '3d c++'}"
1581494816.2704809,"{'circle_3d': {'center': [-0.19687361808797776, -0.3040650629780277, 62.60517803121304], 'normal': [-0.27714073120962607, 0.5905132265437658, -0.757949301986264], 'radius': 2.422287278336112}, 'confidence': 0.7201165216240786, 'timestamp': 359912.78618, 'diameter_3d': 4.844574556672224, 'ellipse': {'center': [158.24414412181807, 116.57113320714168], 'axes': [36.48305249391584, 47.993312669266686], 'angle': -64.52772763553024}, 'location': [158.24414412181807, 116.57113320714168], 'diameter': 47.993312669266686, 'sphere': {'center': [3.1288151564275357, -7.390223781503218, 71.70056965504821], 'radius': 12.0}, 'projected_sphere': {'center': [187.05509044513556, 56.096201653965586], 'axes': [207.52973193361993, 207.52973193361993], 'angle': 90.0}, 'model_confidence': 0.7319179647744534, 'model_id': 1, 'model_birth_timestamp': 359909.669808, 'theta': 2.2024909661435688, 'phi': -1.9213406533195314, 'norm_pos': [0.49451295038068144, 0.514286944970243], 'topic': 'pupil.1', 'id': 1, 'method': '3d c++'}"
1581494816.27852,"{'circle_3d': {'center': [-0.20317856598397155, -0.2864741800176658, 62.62122169204976], 'normal': [-0.27766614353429225, 0.5919791334571293, -0.7566123302498711], 'radius': 2.430945327914662}, 'confidence': 0.7332714755448934, 'timestamp': 359912.79458, 'diameter_3d': 4.861890655829324, 'ellipse': {'center': [158.1834886350121, 116.74309496499022], 'axes': [36.53083130467707, 48.152684537864495], 'angle': -64.54431898881026}, 'location': [158.1834886350121, 116.74309496499022], 'diameter': 48.152684537864495, 'sphere': {'center': [3.1288151564275357, -7.390223781503218, 71.70056965504821], 'radius': 12.0}, 'projected_sphere': {'center': [187.05509044513556, 56.096201653965586], 'axes': [207.52973193361993, 207.52973193361993], 'angle': 90.0}, 'model_confidence': 0.7319179647744534, 'model_id': 1, 'model_birth_timestamp': 359909.669808, 'theta': 2.2043086022868814, 'phi': -1.9225225931798402, 'norm_pos': [0.4943234019844128, 0.5135704376458741], 'topic': 'pupil.1', 'id': 1, 'method': '3d c++'}"
1581494816.286894,"{'circle_3d': {'center': [-0.20943955249393476, -0.26891399003245375, 62.63729197242885], 'normal': [-0.27818789241012254, 0.5934424826225637, -0.7552731402182804], 'radius': 2.4347368001189}, 'confidence': 0.6057664331798149, 'timestamp': 359912.80298, 'diameter_3d': 4.8694736002378, 'ellipse': {'center': [158.1225162648547, 116.91635120572603], 'axes': [36.504864030591776, 48.2155201967015], 'angle': -64.56103233758841}, 'location': [158.1225162648547, 116.91635120572603], 'diameter': 48.2155201967015, 'sphere': {'center': [3.1288151564275357, -7.390223781503218, 71.70056965504821], 'radius': 12.0}, 'projected_sphere': {'center': [187.05509044513556, 56.096201653965586], 'axes': [207.52973193361993, 207.52973193361993], 'angle': 90.0}, 'model_confidence': 0.7319179647744534, 'model_id': 1, 'model_birth_timestamp': 359909.669808, 'theta': 2.2061254905299057, 'phi': -1.9237043691499125, 'norm_pos': [0.494132863327671, 0.5128485366428082], 'topic': 'pupil.1', 'id': 1, 'method': '3d c++'}"
1581494816.296192,"{'circle_3d': {'center': [-0.1250190052751292, -0.25138452187409577, 62.620396899350524], 'normal': [-0.27115284680855545, 0.5949032716357603, -0.7566810629748075], 'radius': 2.436254134534007}, 'confidence': 0.5599147266677029, 'timestamp': 359912.81138, 'diameter_3d': 4.872508269068014, 'ellipse': {'center': [158.95406423651352, 117.08673588621349], 'axes': [36.616635318589644, 48.25825840106514], 'angle': -65.26351220522406}, 'location': [158.95406423651352, 117.08673588621349], 'diameter': 48.25825840106514, 'sphere': {'center': [3.1288151564275357, -7.390223781503218, 71.70056965504821], 'radius': 12.0}, 'projected_sphere': {'center': [187.05509044513556, 56.096201653965586], 'axes': [207.52973193361993, 207.52973193361993], 'angle': 90.0}, 'model_confidence': 0.7319179647744534, 'model_id': 1, 'model_birth_timestamp': 359909.669808, 'theta': 2.2079416308852227, 'phi': -1.9148859812379353, 'norm_pos': [0.49673145073910474, 0.5121386004741104], 'topic': 'pupil.1', 'id': 1, 'method': '3d c++'}"
1581494816.3029602,"{'circle_3d': {'center': [-0.13764324409458517, -0.2338858045499812, 62.63872236670378], 'normal': [-0.27220486671017674, 0.5963614980794364, -0.7551539406953692], 'radius': 2.4307804117536347}, 'confidence': 0.6892073980228188, 'timestamp': 359912.81978, 'diameter_3d': 4.861560823507269, 'ellipse': {'center': [158.8287687191197, 117.26274245979974], 'axes': [36.439635184819295, 48.13576221409381], 'angle': -65.22954073086039}, 'location': [158.8287687191197, 117.26274245979974], 'diameter': 48.13576221409381, 'sphere': {'center': [3.1288151564275357, -7.390223781503218, 71.70056965504821], 'radius': 12.0}, 'projected_sphere': {'center': [187.05509044513556, 56.096201653965586], 'axes': [207.52973193361993, 207.52973193361993], 'angle': 90.0}, 'model_confidence': 0.7319179647744534, 'model_id': 1, 'model_birth_timestamp': 359909.669808, 'theta': 2.2097570233276627, 'phi': -1.9167615059060157, 'norm_pos': [0.49633990224724905, 0.5114052397508344], 'topic': 'pupil.1', 'id': 1, 'method': '3d c++'}"
1581494816.310326,"{'circle_3d': {'center': [-0.2579122041254416, -0.3129708489464278, 62.62078063140355], 'normal': [-0.2822272800460815, 0.5897710777130659, -0.7566490853037222], 'radius': 2.43594926484576}, 'confidence': 0.657083654694512, 'timestamp': 359912.82818, 'diameter_3d': 4.87189852969152, 'ellipse': {'center': [157.64527031066817, 116.48037316062798], 'axes': [36.60689436157009, 48.25246514288906], 'angle': -64.03380658169382}, 'location': [157.64527031066817, 116.48037316062798], 'diameter': 48.25246514288906, 'sphere': {'center': [3.1288151564275357, -7.390223781503218, 71.70056965504821], 'radius': 12.0}, 'projected_sphere': {'center': [187.05509044513556, 56.096201653965586], 'axes': [207.52973193361993, 207.52973193361993], 'angle': 90.0}, 'model_confidence': 0.7319179647744534, 'model_id': 1, 'model_birth_timestamp': 359909.669808, 'theta': 2.201571667869814, 'phi': -1.9278091385696823, 'norm_pos': [0.492641469720838, 0.5146651118307168], 'topic': 'pupil.1', 'id': 1, 'method': '3d c++'}"
1581494816.3229172,"{'circle_3d': {'center': [-0.25489531407991306, -0.28868875340971734, 62.63863257203228], 'normal': [-0.28197587254228734, 0.5917945856744583, -0.7551614235846611], 'radius': 2.440142168286096}, 'confidence': 0.761200788052347, 'timestamp': 359912.83658, 'diameter_3d': 4.880284336572192, 'ellipse': {'center': [157.67586897513675, 116.71992390554945], 'axes': [36.577867545877254, 48.321810727672194], 'angle': -64.14659481927015}, 'location': [157.67586897513675, 116.71992390554945], 'diameter': 48.321810727672194, 'sphere': {'center': [3.1288151564275357, -7.390223781503218, 71.70056965504821], 'radius': 12.0}, 'projected_sphere': {'center': [187.05509044513556, 56.096201653965586], 'axes': [207.52973193361993, 207.52973193361993], 'angle': 90.0}, 'model_confidence': 0.7319179647744534, 'model_id': 1, 'model_birth_timestamp': 359909.669808, 'theta': 2.2040796407951677, 'phi': -1.9281618894250536, 'norm_pos': [0.49273709054730236, 0.5136669837268772], 'topic': 'pupil.1', 'id': 1, 'method': '3d c++'}"
1581494816.331294,"{'circle_3d': {'center': [-0.2613929644202373, -0.27245289261268013, 62.65381186727694], 'normal': [-0.28251734340398116, 0.5931475740742117, -0.7538964823142728], 'radius': 2.4315051417377562}, 'confidence': 0.7046959973366794, 'timestamp': 359912.84498, 'diameter_3d': 4.8630102834755125, 'ellipse': {'center': [157.610680092289, 116.88431432039177], 'axes': [36.36994986805065, 48.1390520622477], 'angle': -64.15781799110717}, 'location': [157.610680092289, 116.88431432039177], 'diameter': 48.1390520622477, 'sphere': {'center': [3.1288151564275357, -7.390223781503218, 71.70056965504821], 'radius': 12.0}, 'projected_sphere': {'center': [187.05509044513556, 56.096201653965586], 'axes': [207.52973193361993, 207.52973193361993], 'angle': 90.0}, 'model_confidence': 0.7319179647744534, 'model_id': 1, 'model_birth_timestamp': 359909.669808, 'theta': 2.2057591377202477, 'phi': -1.929341562855609, 'norm_pos': [0.4925333752884031, 0.5129820236650343], 'topic': 'pupil.1', 'id': 1, 'method': '3d c++'}"
1581494816.339808,"{'circle_3d': {'center': [-0.1773680048539661, -0.2562505168435667, 62.63549500763466], 'normal': [-0.27551526344012517, 0.594497772054971, -0.7554228872844627], 'radius': 2.428422216567928}, 'confidence': 0.5697817451733069, 'timestamp': 359912.85338, 'diameter_3d': 4.856844433135856, 'ellipse': {'center': [158.4372771806682, 117.04304313406769], 'axes': [36.420050458904015, 48.09163891739765], 'angle': -64.84896276272943}, 'location': [158.4372771806682, 117.04304313406769], 'diameter': 48.09163891739765, 'sphere': {'center': [3.1288151564275357, -7.390223781503218, 71.70056965504821], 'radius': 12.0}, 'projected_sphere': {'center': [187.05509044513556, 56.096201653965586], 'axes': [207.52973193361993, 207.52973193361993], 'angle': 90.0}, 'model_confidence': 0.7319179647744534, 'model_id': 1, 'model_birth_timestamp': 359909.669808, 'theta': 2.2074372451085473, 'phi': -1.9205210723978523, 'norm_pos': [0.4951164911895881, 0.5123206536080513], 'topic': 'pupil.1', 'id': 1, 'method': '3d c++'}"
1581494816.34721,"{'circle_3d': {'center': [-0.21467863278733557, -0.33681137544526507, 62.58627194696618], 'normal': [-0.27862448243457255, 0.587784367171496, -0.7595248090068359], 'radius': 2.4260221879191524}, 'confidence': 0.7181180139443961, 'timestamp': 359912.861779, 'diameter_3d': 4.852044375838305, 'ellipse': {'center': [158.06924034641153, 116.24515519887655], 'axes': [36.636124694501476, 48.08192785505737], 'angle': -64.27182758838205}, 'location': [158.06924034641153, 116.24515519887655], 'diameter': 48.08192785505737, 'sphere': {'center': [3.1288151564275357, -7.390223781503218, 71.70056965504821], 'radius': 12.0}, 'projected_sphere': {'center': [187.05509044513556, 56.096201653965586], 'axes': [207.52973193361993, 207.52973193361993], 'angle': 90.0}, 'model_confidence': 0.7319179647744534, 'model_id': 1, 'model_birth_timestamp': 359909.669808, 'theta': 2.1991137634435938, 'phi': -1.9223943695373678, 'norm_pos': [0.493966376082536, 0.5156451866713477], 'topic': 'pupil.1', 'id': 1, 'method': '3d c++'}"
1581494816.3544252,"{'circle_3d': {'center': [-0.21842450310018657, -0.3138283539166249, 62.60548227701185], 'normal': [-0.2789366382939768, 0.5896996189655493, -0.7579239481696967], 'radius': 2.4185380727323422}, 'confidence': 0.6686605065462596, 'timestamp': 359912.870179, 'diameter_3d': 4.8370761454646845, 'ellipse': {'center': [158.0312451679126, 116.4762789618364], 'axes': [36.42439439434858, 47.91884538428731], 'angle': -64.32857392518622}, 'location': [158.0312451679126, 116.4762789618364], 'diameter': 47.91884538428731, 'sphere': {'center': [3.1288151564275357, -7.390223781503218, 71.70056965504821], 'radius': 12.0}, 'projected_sphere': {'center': [187.05509044513556, 56.096201653965586], 'axes': [207.52973193361993, 207.52973193361993], 'angle': 90.0}, 'model_confidence': 0.7319179647744534, 'model_id': 1, 'model_birth_timestamp': 359909.669808, 'theta': 2.2014831846465266, 'phi': -1.9234398993150856, 'norm_pos': [0.4938476411497269, 0.5146821709923484], 'topic': 'pupil.1', 'id': 1, 'method': '3d c++'}"
1581494816.362988,"{'circle_3d': {'center': [-0.2241453033327958, -0.29890896993125615, 62.619220063800014], 'normal': [-0.27941337164669433, 0.5909429009643302, -0.7567791326040166], 'radius': 2.425779432694237}, 'confidence': 0.6672651124539322, 'timestamp': 359912.878579, 'diameter_3d': 4.851558865388474, 'ellipse': {'center': [157.97615541363604, 116.62220636466321], 'axes': [36.462843949611994, 48.05191692050435], 'angle': -64.34035021668717}, 'location': [157.97615541363604, 116.62220636466321], 'diameter': 48.05191692050435, 'sphere': {'center': [3.1288151564275357, -7.390223781503218, 71.70056965504821], 'radius': 12.0}, 'projected_sphere': {'center': [187.05509044513556, 56.096201653965586], 'axes': [207.52973193361993, 207.52973193361993], 'angle': 90.0}, 'model_confidence': 0.7319179647744534, 'model_id': 1, 'model_birth_timestamp': 359909.669808, 'theta': 2.203023485696587, 'phi': -1.9244846235651878, 'norm_pos': [0.4936754856676126, 0.5140741401472366], 'topic': 'pupil.1', 'id': 1, 'method': '3d c++'}"
1581494816.370829,"{'circle_3d': {'center': [-0.22983078826384729, -0.28402605035533046, 62.632965163009715], 'normal': [-0.27988716205761527, 0.592183144262324, -0.7556337076698748], 'radius': 2.4253584904443186}, 'confidence': 0.5629082847511411, 'timestamp': 359912.886979, 'diameter_3d': 4.850716980888637, 'ellipse': {'center': [157.92020264567566, 116.7703541709153], 'axes': [36.38576436782681, 48.03307968567252], 'angle': -64.35220153603491}, 'location': [157.92020264567566, 116.7703541709153], 'diameter': 48.03307968567252, 'sphere': {'center': [3.1288151564275357, -7.390223781503218, 71.70056965504821], 'radius': 12.0}, 'projected_sphere': {'center': [187.05509044513556, 56.096201653965586], 'axes': [207.52973193361993, 207.52973193361993], 'angle': 90.0}, 'model_confidence': 0.7319179647744534, 'model_id': 1, 'model_birth_timestamp': 359909.669808, 'theta': 2.2045617556381902, 'phi': -1.9255285422876738, 'norm_pos': [0.4935006332677364, 0.5134568576211862], 'topic': 'pupil.1', 'id': 1, 'method': '3d c++'}"
1581494816.37868,"{'circle_3d': {'center': [-0.23548100868960242, -0.2691795638681205, 62.64671740510157], 'normal': [-0.2803580137597615, 0.5934203514695914, -0.7544876874955535], 'radius': 2.4227495659410625}, 'confidence': 0.5565045262116042, 'timestamp': 359912.895379, 'diameter_3d': 4.845499131882125, 'ellipse': {'center': [157.86426827708374, 116.9188367385438], 'axes': [36.27589918007276, 47.970894636122374], 'angle': -64.36412486339773}, 'location': [157.86426827708374, 116.9188367385438], 'diameter': 47.970894636122374, 'sphere': {'center': [3.1288151564275357, -7.390223781503218, 71.70056965504821], 'radius': 12.0}, 'projected_sphere': {'center': [187.05509044513556, 56.096201653965586], 'axes': [207.52973193361993, 207.52973193361993], 'angle': 90.0}, 'model_confidence': 0.7319179647744534, 'model_id': 1, 'model_birth_timestamp': 359909.669808, 'theta': 2.2060979944713375, 'phi': -1.9265716554825443, 'norm_pos': [0.49332583836588667, 0.5128381802560675], 'topic': 'pupil.1', 'id': 1, 'method': '3d c++'}"
1581494816.3872142,"{'circle_3d': {'center': [-0.24109601587870833, -0.2543694789187043, 62.66047662106612], 'normal': [-0.2808259310255204, 0.5946545252153762, -0.7533410861651748], 'radius': 2.4343279240333864}, 'confidence': 0.5843218799209843, 'timestamp': 359912.903779, 'diameter_3d': 4.868655848066773, 'ellipse': {'center': [157.8109902084271, 117.06200180552233], 'axes': [36.378468694035725, 48.18976336109228], 'angle': -64.37611259391319}, 'location': [157.8109902084271, 117.06200180552233], 'diameter': 48.18976336109228, 'sphere': {'center': [3.1288151564275357, -7.390223781503218, 71.70056965504821], 'radius': 12.0}, 'projected_sphere': {'center': [187.05509044513556, 56.096201653965586], 'axes': [207.52973193361993, 207.52973193361993], 'angle': 90.0}, 'model_confidence': 0.7319179647744534, 'model_id': 1, 'model_birth_timestamp': 359909.669808, 'theta': 2.2076322021960277, 'phi': -1.9276139631497988, 'norm_pos': [0.49315934440133474, 0.5122416591436569], 'topic': 'pupil.1', 'id': 1, 'method': '3d c++'}"
1581494816.394946,"{'circle_3d': {'center': [-0.1562453226788012, -0.23959576372729963, 62.64093960741317], 'normal': [-0.2737550399255281, 0.5958856681479933, -0.7549691706362532], 'radius': 2.415368153791315}, 'confidence': 0.6333894993636265, 'timestamp': 359912.912179, 'diameter_3d': 4.83073630758263, 'ellipse': {'center': [158.64318300306425, 117.21207528091821], 'axes': [36.196602778402855, 47.82873556122654], 'angle': -65.06834685636811}, 'location': [158.64318300306425, 117.21207528091821], 'diameter': 47.82873556122654, 'sphere': {'center': [3.1288151564275357, -7.390223781503218, 71.70056965504821], 'radius': 12.0}, 'projected_sphere': {'center': [187.05509044513556, 56.096201653965586], 'axes': [207.52973193361993, 207.52973193361993], 'angle': 90.0}, 'model_confidence': 0.7319179647744534, 'model_id': 1, 'model_birth_timestamp': 359909.669808, 'theta': 2.209164378812261, 'phi': -1.9186554652894372, 'norm_pos': [0.4957599468845758, 0.5116163529961741], 'topic': 'pupil.1', 'id': 1, 'method': '3d c++'}"
1581494816.406226,"{'circle_3d': {'center': [-0.16820525595499713, -0.22485838618462672, 62.65694233234723], 'normal': [-0.2747517010318777, 0.5971137829432159, -0.753635610225082], 'radius': 2.4267577843191193}, 'confidence': 0.6235657351853092, 'timestamp': 359912.920579, 'diameter_3d': 4.8535155686382385, 'ellipse': {'center': [158.527207415984, 117.3547494887197], 'axes': [36.28503604933378, 48.042221932530296], 'angle': -65.03038246289391}, 'location': [158.527207415984, 117.3547494887197], 'diameter': 48.042221932530296, 'sphere': {'center': [3.1288151564275357, -7.390223781503218, 71.70056965504821], 'radius': 12.0}, 'projected_sphere': {'center': [187.05509044513556, 56.096201653965586], 'axes': [207.52973193361993, 207.52973193361993], 'angle': 90.0}, 'model_confidence': 0.7319179647744534, 'model_id': 1, 'model_birth_timestamp': 359909.669808, 'theta': 2.2106945243306337, 'phi': -1.920390236963851, 'norm_pos': [0.49539752317495, 0.5110218771303345], 'topic': 'pupil.1', 'id': 1, 'method': '3d c++'}"
1581494816.415391,"{'circle_3d': {'center': [-0.17263602055254657, -0.21015731426151696, 62.67022826327303], 'normal': [-0.2751209314150069, 0.5983388722701418, -0.7525284493145984], 'radius': 2.422048934155976}, 'confidence': 0.9116187750543743, 'timestamp': 359912.928979, 'diameter_3d': 4.844097868311952, 'ellipse': {'center': [158.4828458232905, 117.50231392501509], 'axes': [36.14633930577064, 47.93882238682654], 'angle': -65.04916152119056}, 'location': [158.4828458232905, 117.50231392501509], 'diameter': 47.93882238682654, 'sphere': {'center': [3.1288151564275357, -7.390223781503218, 71.70056965504821], 'radius': 12.0}, 'projected_sphere': {'center': [187.05509044513556, 56.096201653965586], 'axes': [207.52973193361993, 207.52973193361993], 'angle': 90.0}, 'model_confidence': 0.7319179647744534, 'model_id': 1, 'model_birth_timestamp': 359909.669808, 'theta': 2.2122226387299393, 'phi': -1.9212964750964927, 'norm_pos': [0.49525889319778277, 0.5104070253124371], 'topic': 'pupil.1', 'id': 1, 'method': '3d c++'}"
1581494816.422882,"{'circle_3d': {'center': [-0.08669535710737675, -0.19549251539750934, 62.65091031638428], 'normal': [-0.2679592094612427, 0.5995609388421425, -0.7541382782219946], 'radius': 2.4271824159361386}, 'confidence': 0.6907783077909688, 'timestamp': 359912.937379, 'diameter_3d': 4.854364831872277, 'ellipse': {'center': [159.3296645595097, 117.64310800320254], 'axes': [36.32373444481999, 48.055016192333625], 'angle': -65.75054457598885}, 'location': [159.3296645595097, 117.64310800320254], 'diameter': 48.055016192333625, 'sphere': {'center': [3.1288151564275357, -7.390223781503218, 71.70056965504821], 'radius': 12.0}, 'projected_sphere': {'center': [187.05509044513556, 56.096201653965586], 'axes': [207.52973193361993, 207.52973193361993], 'angle': 90.0}, 'model_confidence': 0.7319179647744534, 'model_id': 1, 'model_birth_timestamp': 359909.669808, 'theta': 2.2137487220207883, 'phi': -1.9122012660550614, 'norm_pos': [0.4979052017484678, 0.5098203833199895], 'topic': 'pupil.1', 'id': 1, 'method': '3d c++'}"
1581494816.4305909,"{'circle_3d': {'center': [-0.09745583793031054, -0.18086395691096868, 62.6663952937399], 'normal': [-0.26885591619648724, 0.6007799853826875, -0.7528478634423592], 'radius': 2.4354230714176572}, 'confidence': 0.7790286828560316, 'timestamp': 359912.945779, 'diameter_3d': 4.8708461428353145, 'ellipse': {'center': [159.22483659222206, 117.78560525718116], 'axes': [36.36719356191801, 48.206432388694736], 'angle': -65.71931098755863}, 'location': [159.22483659222206, 117.78560525718116], 'diameter': 48.206432388694736, 'sphere': {'center': [3.1288151564275357, -7.390223781503218, 71.70056965504821], 'radius': 12.0}, 'projected_sphere': {'center': [187.05509044513556, 56.096201653965586], 'axes': [207.52973193361993, 207.52973193361993], 'angle': 90.0}, 'model_confidence': 0.7319179647744534, 'model_id': 1, 'model_birth_timestamp': 359909.669808, 'theta': 2.21527277420318, 'phi': -1.9137986846482247, 'norm_pos': [0.4975776143506939, 0.5092266447617452], 'topic': 'pupil.1', 'id': 1, 'method': '3d c++'}"
1581494816.4396842,"{'circle_3d': {'center': [-0.07618468287633418, -0.07081450656435351, 62.74768051823874], 'normal': [-0.26708331994198914, 0.6099507729115721, -0.7460740947341229], 'radius': 2.4299446127342326}, 'confidence': 0.6189185853844746, 'timestamp': 359912.954179, 'diameter_3d': 4.859889225468465, 'ellipse': {'center': [159.43212892052512, 118.87642365205545], 'axes': [35.867620215716336, 48.035835517792], 'angle': -66.2517179928774}, 'location': [159.43212892052512, 118.87642365205545], 'diameter': 48.035835517792, 'sphere': {'center': [3.1288151564275357, -7.390223781503218, 71.70056965504821], 'radius': 12.0}, 'projected_sphere': {'center': [187.05509044513556, 56.096201653965586], 'axes': [207.52973193361993, 207.52973193361993], 'angle': 90.0}, 'model_confidence': 0.7319179647744534, 'model_id': 1, 'model_birth_timestamp': 359909.669808, 'theta': 2.226794795277115, 'phi': -1.9145669280775581, 'norm_pos': [0.49822540287664097, 0.5046815681164356], 'topic': 'pupil.1', 'id': 1, 'method': '3d c++'}"
1581494816.4470642,"{'circle_3d': {'center': [-0.056091425234421344, 0.03170113767598437, 62.82524427734216], 'normal': [-0.2654088818051631, 0.6184937432649336, -0.7396104481421713], 'radius': 2.422477142722377}, 'confidence': 0.6544437989478993, 'timestamp': 359912.962579, 'diameter_3d': 4.844954285444754, 'ellipse': {'center': [159.6271536421299, 119.89109581652724], 'axes': [35.36064773991534, 47.829249387956985], 'angle': -66.73570542430569}, 'location': [159.6271536421299, 119.89109581652724], 'diameter': 47.829249387956985, 'sphere': {'center': [3.1288151564275357, -7.390223781503218, 71.70056965504821], 'radius': 12.0}, 'projected_sphere': {'center': [187.05509044513556, 56.096201653965586], 'axes': [207.52973193361993, 207.52973193361993], 'angle': 90.0}, 'model_confidence': 0.7319179647744534, 'model_id': 1, 'model_birth_timestamp': 359909.669808, 'theta': 2.237620710595784, 'phi': -1.9153330826839245, 'norm_pos': [0.498834855131656, 0.5004537674311365], 'topic': 'pupil.1', 'id': 1, 'method': '3d c++'}"
1581494816.455538,"{'circle_3d': {'center': [-0.06046486593894862, 0.04072681246756549, 62.83437169826317], 'normal': [-0.26577333519720703, 0.6192458828308987, -0.738849829732087], 'radius': 2.4359563489416196}, 'confidence': 0.6512102985881482, 'timestamp': 359912.970979, 'diameter_3d': 4.871912697883239, 'ellipse': {'center': [159.5860779573046, 119.97550395583633], 'axes': [35.510769071156936, 48.088612597836565], 'angle': -66.73210495443301}, 'location': [159.5860779573046, 119.97550395583633], 'diameter': 48.088612597836565, 'sphere': {'center': [3.1288151564275357, -7.390223781503218, 71.70056965504821], 'radius': 12.0}, 'projected_sphere': {'center': [187.05509044513556, 56.096201653965586], 'axes': [207.52973193361993, 207.52973193361993], 'angle': 90.0}, 'model_confidence': 0.7319179647744534, 'model_id': 1, 'model_birth_timestamp': 359909.669808, 'theta': 2.238578248217079, 'phi': -1.916097148467324, 'norm_pos': [0.49870649361657693, 0.5001020668506819], 'topic': 'pupil.1', 'id': 1, 'method': '3d c++'}"
1581494816.4627578,"{'circle_3d': {'center': [-0.06271807427218024, 0.05752131557478535, 62.84928677592329], 'normal': [-0.2659611025583097, 0.6206454247565003, -0.7376069065937436], 'radius': 2.4306008277108155}, 'confidence': 0.8128114052902115, 'timestamp': 359912.979378, 'diameter_3d': 4.861201655421631, 'ellipse': {'center': [159.56290834128427, 120.14302889581305], 'axes': [35.35616386250672, 47.97148545986951], 'angle': -66.76896799738026}, 'location': [159.56290834128427, 120.14302889581305], 'diameter': 47.97148545986951, 'sphere': {'center': [3.1288151564275357, -7.390223781503218, 71.70056965504821], 'radius': 12.0}, 'projected_sphere': {'center': [187.05509044513556, 56.096201653965586], 'axes': [207.52973193361993, 207.52973193361993], 'angle': 90.0}, 'model_confidence': 0.7319179647744534, 'model_id': 1, 'model_birth_timestamp': 359909.669808, 'theta': 2.2403619120414637, 'phi': -1.9168590348451162, 'norm_pos': [0.49863408856651337, 0.4994040462674456], 'topic': 'pupil.1', 'id': 1, 'method': '3d c++'}"
1581494816.4708722,"{'circle_3d': {'center': [-0.06492393767167703, 0.07428709343590878, 62.86421814570128], 'normal': [-0.26614492450826777, 0.622042572911594, -0.7363626257789112], 'radius': 2.416279094758286}, 'confidence': 0.6578098308696293, 'timestamp': 359912.987778, 'diameter_3d': 4.832558189516572, 'ellipse': {'center': [159.53888416448356, 120.3133135684723], 'axes': [35.07152950186602, 47.67736210762365], 'angle': -66.80589935167193}, 'location': [159.53888416448356, 120.3133135684723], 'diameter': 47.67736210762365, 'sphere': {'center': [3.1288151564275357, -7.390223781503218, 71.70056965504821], 'radius': 12.0}, 'projected_sphere': {'center': [187.05509044513556, 56.096201653965586], 'axes': [207.52973193361993, 207.52973193361993], 'angle': 90.0}, 'model_confidence': 0.7319179647744534, 'model_id': 1, 'model_birth_timestamp': 359909.669808, 'theta': 2.242145040459092, 'phi': -1.9176189232312375, 'norm_pos': [0.4985590130140111, 0.49869452679803206], 'topic': 'pupil.1', 'id': 1, 'method': '3d c++'}"
1581494816.478438,"{'circle_3d': {'center': [-0.0033323511365623837, -0.003175189522610644, 62.77750039102379], 'normal': [-0.26101229229700823, 0.6155873826650508, -0.7435891053353685], 'radius': 2.4174905279963936}, 'confidence': 0.5017049083910771, 'timestamp': 359912.996178, 'diameter_3d': 4.834981055992787, 'ellipse': {'center': [160.14563190616283, 119.54748299876104], 'axes': [35.53150324026343, 47.76683437690853], 'angle': -67.01842086902201}, 'location': [160.14563190616283, 119.54748299876104], 'diameter': 47.76683437690853, 'sphere': {'center': [3.1288151564275357, -7.390223781503218, 71.70056965504821], 'radius': 12.0}, 'projected_sphere': {'center': [187.05509044513556, 56.096201653965586], 'axes': [207.52973193361993, 207.52973193361993], 'angle': 90.0}, 'model_confidence': 0.7319179647744534, 'model_id': 1, 'model_birth_timestamp': 359909.669808, 'theta': 2.233927421069987, 'phi': -1.908376722794392, 'norm_pos': [0.5004550997067588, 0.5018854875051624], 'topic': 'pupil.1', 'id': 1, 'method': '3d c++'}"
1581494816.490728,"{'circle_3d': {'center': [-0.03466153993262244, -0.07453953911953626, 62.729885218656236], 'normal': [-0.26362305803001324, 0.6096403535319735, -0.7475570363659982], 'radius': 2.411974799369558}, 'confidence': 0.615207758102612, 'timestamp': 359913.004578, 'diameter_3d': 4.823949598739116, 'ellipse': {'center': [159.83795275597947, 118.84478390262592], 'axes': [35.69303871411478, 47.69379053251262], 'angle': -66.55180510925452}, 'location': [159.83795275597947, 118.84478390262592], 'diameter': 47.69379053251262, 'sphere': {'center': [3.1288151564275357, -7.390223781503218, 71.70056965504821], 'radius': 12.0}, 'projected_sphere': {'center': [187.05509044513556, 56.096201653965586], 'axes': [207.52973193361993, 207.52973193361993], 'angle': 90.0}, 'model_confidence': 0.7319179647744534, 'model_id': 1, 'model_birth_timestamp': 359909.669808, 'theta': 2.2264031279270484, 'phi': -1.9098265075874798, 'norm_pos': [0.49949360236243584, 0.5048134004057253], 'topic': 'pupil.1', 'id': 1, 'method': '3d c++'}"
1581494816.499894,"{'circle_3d': {'center': [-0.034507388557063035, -0.052288795228731644, 62.74802249719414], 'normal': [-0.26361021208204993, 0.6114945821895407, -0.7460455964878393], 'radius': 2.4201241510062768}, 'confidence': 0.7275453568188729, 'timestamp': 359913.012978, 'diameter_3d': 4.8402483020125535, 'ellipse': {'center': [159.84031655893855, 119.0619759633608], 'axes': [35.72097109715894, 47.84127204011594], 'angle': -66.62576327622618}, 'location': [159.84031655893855, 119.0619759633608], 'diameter': 47.84127204011594, 'sphere': {'center': [3.1288151564275357, -7.390223781503218, 71.70056965504821], 'radius': 12.0}, 'projected_sphere': {'center': [187.05509044513556, 56.096201653965586], 'axes': [207.52973193361993, 207.52973193361993], 'angle': 90.0}, 'model_confidence': 0.7319179647744534, 'model_id': 1, 'model_birth_timestamp': 359909.669808, 'theta': 2.2287444329105157, 'phi': -1.910446475616435, 'norm_pos': [0.49950098924668296, 0.5039084334859967], 'topic': 'pupil.1', 'id': 1, 'method': '3d c++'}"
1581494816.506867,"{'circle_3d': {'center': [-0.06070451971178015, -0.1331437872303649, 62.691587792915016], 'normal': [-0.26579330634494297, 0.6047566661894044, -0.7507484885110997], 'radius': 2.425753985270263}, 'confidence': 0.557440984171575, 'timestamp': 359913.021378, 'diameter_3d': 4.851507970540526, 'ellipse': {'center': [159.58460745632837, 118.26066777734988], 'axes': [36.093625399593506, 47.99563559467003], 'angle': -66.16019831749449}, 'location': [159.58460745632837, 118.26066777734988], 'diameter': 47.99563559467003, 'sphere': {'center': [3.1288151564275357, -7.390223781503218, 71.70056965504821], 'radius': 12.0}, 'projected_sphere': {'center': [187.05509044513556, 56.096201653965586], 'axes': [207.52973193361993, 207.52973193361993], 'angle': 90.0}, 'model_confidence': 0.7319179647744534, 'model_id': 1, 'model_birth_timestamp': 359909.669808, 'theta': 2.2202566205126413, 'phi': -1.9110637131675865, 'norm_pos': [0.4987018983010262, 0.5072472175943755], 'topic': 'pupil.1', 'id': 1, 'method': '3d c++'}"
1581494816.515393,"{'circle_3d': {'center': [-0.06088439418532987, -0.11209577406134841, 62.70864719741379], 'normal': [-0.2658082958844055, 0.6065106672868226, -0.7493268714695354], 'radius': 2.419869925843385}, 'confidence': 0.7257405123348558, 'timestamp': 359913.029778, 'diameter_3d': 4.83973985168677, 'ellipse': {'center': [159.58165430056184, 118.47111613299325], 'axes': [35.918585924483786, 47.86617014504795], 'angle': -66.22942717643299}, 'location': [159.58165430056184, 118.47111613299325], 'diameter': 47.86617014504795, 'sphere': {'center': [3.1288151564275357, -7.390223781503218, 71.70056965504821], 'radius': 12.0}, 'projected_sphere': {'center': [187.05509044513556, 56.096201653965586], 'axes': [207.52973193361993, 207.52973193361993], 'angle': 90.0}, 'model_confidence': 0.7319179647744534, 'model_id': 1, 'model_birth_timestamp': 359909.669808, 'theta': 2.2224608507328463, 'phi': -1.9116782202451836, 'norm_pos': [0.49869266968925574, 0.5063703494458615], 'topic': 'pupil.1', 'id': 1, 'method': '3d c++'}"
1581494816.522597,"{'circle_3d': {'center': [-0.0630316807259752, -0.09898895512052963, 62.72003467796041], 'normal': [-0.2659872364294592, 0.6076029021985573, -0.7483779147573165], 'radius': 2.4181438443432715}, 'confidence': 0.6435237638085274, 'timestamp': 359913.038178, 'diameter_3d': 4.836287688686543, 'ellipse': {'center': [159.56008477306705, 118.60149229516452], 'axes': [35.83465658939885, 47.82336156537257], 'angle': -66.25697101897103}, 'location': [159.56008477306705, 118.60149229516452], 'diameter': 47.82336156537257, 'sphere': {'center': [3.1288151564275357, -7.390223781503218, 71.70056965504821], 'radius': 12.0}, 'projected_sphere': {'center': [187.05509044513556, 56.096201653965586], 'axes': [207.52973193361993, 207.52973193361993], 'angle': 90.0}, 'model_confidence': 0.7319179647744534, 'model_id': 1, 'model_birth_timestamp': 359909.669808, 'theta': 2.2238353219177474, 'phi': -1.9122899968407086, 'norm_pos': [0.49862526491583453, 0.5058271154368146], 'topic': 'pupil.1', 'id': 1, 'method': '3d c++'}"
1581494816.531069,"{'circle_3d': {'center': [-0.04047931162970775, 0.008920648723144353, 62.800668853612734], 'normal': [-0.2641078723381037, 0.6165953691855303, -0.7416584001196234], 'radius': 2.429486668517246}, 'confidence': 0.5757431607920115, 'timestamp': 359913.046578, 'diameter_3d': 4.858973337034492, 'ellipse': {'center': [159.7819721971184, 119.66351978095143], 'axes': [35.589127146860385, 47.98641105313672], 'angle': -66.77897076146498}, 'location': [159.7819721971184, 119.66351978095143], 'diameter': 47.98641105313672, 'sphere': {'center': [3.1288151564275357, -7.390223781503218, 71.70056965504821], 'radius': 12.0}, 'projected_sphere': {'center': [187.05509044513556, 56.096201653965586], 'axes': [207.52973193361993, 207.52973193361993], 'angle': 90.0}, 'model_confidence': 0.7319179647744534, 'model_id': 1, 'model_birth_timestamp': 359909.669808, 'theta': 2.235207120327694, 'phi': -1.9128990429584312, 'norm_pos': [0.499318663115995, 0.5014020009127024], 'topic': 'pupil.1', 'id': 1, 'method': '3d c++'}"
1581494816.539131,"{'circle_3d': {'center': [-0.044195700187678266, 0.015296424502535544, 62.80729845811272], 'normal': [-0.26441757138460115, 0.6171266838338129, -0.7411059330779578], 'radius': 2.4323338326352673}, 'confidence': 0.704009562316261, 'timestamp': 359913.054978, 'diameter_3d': 4.8646676652705345, 'ellipse': {'center': [159.74576866006245, 119.72553502515254], 'axes': [35.59684615430698, 48.037640596559605], 'angle': -66.7716922554309}, 'location': [159.74576866006245, 119.72553502515254], 'diameter': 48.037640596559605, 'sphere': {'center': [3.1288151564275357, -7.390223781503218, 71.70056965504821], 'radius': 12.0}, 'projected_sphere': {'center': [187.05509044513556, 56.096201653965586], 'axes': [207.52973193361993, 207.52973193361993], 'angle': 90.0}, 'model_confidence': 0.7319179647744534, 'model_id': 1, 'model_birth_timestamp': 359909.669808, 'theta': 2.2358821724405695, 'phi': -1.91350535859835, 'norm_pos': [0.49920552706269516, 0.5011436040618644], 'topic': 'pupil.1', 'id': 1, 'method': '3d c++'}"
1581494816.546838,"{'circle_3d': {'center': [-0.045819987622006675, 0.029452647893474015, 62.81968606245334], 'normal': [-0.26455292867079516, 0.6183063691163909, -0.740073632716239], 'radius': 2.444551049367202}, 'confidence': 0.670906140137207, 'timestamp': 359913.063378, 'diameter_3d': 4.889102098734404, 'ellipse': {'center': [159.73141196167373, 119.86097558151837], 'axes': [35.711987498535976, 48.26961779645232], 'angle': -66.80488285896216}, 'location': [159.73141196167373, 119.86097558151837], 'diameter': 48.26961779645232, 'sphere': {'center': [3.1288151564275357, -7.390223781503218, 71.70056965504821], 'radius': 12.0}, 'projected_sphere': {'center': [187.05509044513556, 56.096201653965586], 'axes': [207.52973193361993, 207.52973193361993], 'angle': 90.0}, 'model_confidence': 0.7319179647744534, 'model_id': 1, 'model_birth_timestamp': 359909.669808, 'theta': 2.2373822796717757, 'phi': -1.9141089437604648, 'norm_pos': [0.4991606623802304, 0.5005792684103401], 'topic': 'pupil.1', 'id': 1, 'method': '3d c++'}"
1581494816.5551932,"{'circle_3d': {'center': [-0.047404198208268244, 0.04357304129153139, 62.83206947696603], 'normal': [-0.2646849462196503, 0.619483068566229, -0.7390416815068481], 'radius': 2.4237224711897736}, 'confidence': 0.7228848774947031, 'timestamp': 359913.071778, 'diameter_3d': 4.847444942379547, 'ellipse': {'center': [159.71250646974056, 120.0075952234129], 'axes': [35.34398501200757, 47.8486769496597], 'angle': -66.83811407641129}, 'location': [159.71250646974056, 120.0075952234129], 'diameter': 47.8486769496597, 'sphere': {'center': [3.1288151564275357, -7.390223781503218, 71.70056965504821], 'radius': 12.0}, 'projected_sphere': {'center': [187.05509044513556, 56.096201653965586], 'axes': [207.52973193361993, 207.52973193361993], 'angle': 90.0}, 'model_confidence': 0.7319179647744534, 'model_id': 1, 'model_birth_timestamp': 359909.669808, 'theta': 2.2388803557874546, 'phi': -1.9147097984447763, 'norm_pos': [0.49910158271793925, 0.4999683532357796], 'topic': 'pupil.1', 'id': 1, 'method': '3d c++'}"
1581494816.562967,"{'circle_3d': {'center': [-0.04894846261643737, 0.05765764080060265, 62.84444856843348], 'normal': [-0.2648136349203311, 0.6206567851919851, -0.7380100905512279], 'radius': 2.424171552430478}, 'confidence': 0.6624272528129692, 'timestamp': 359913.080178, 'diameter_3d': 4.848343104860956, 'ellipse': {'center': [159.69718392859912, 120.14635833755206], 'axes': [35.287267369426466, 47.8481683446839], 'angle': -66.87138349878342}, 'location': [159.69718392859912, 120.14635833755206], 'diameter': 47.8481683446839, 'sphere': {'center': [3.1288151564275357, -7.390223781503218, 71.70056965504821], 'radius': 12.0}, 'projected_sphere': {'center': [187.05509044513556, 56.096201653965586], 'axes': [207.52973193361993, 207.52973193361993], 'angle': 90.0}, 'model_confidence': 0.7319179647744534, 'model_id': 1, 'model_birth_timestamp': 359909.669808, 'theta': 2.2403764007876057, 'phi': -1.9153079226512848, 'norm_pos': [0.49905369977687225, 0.4993901735935331], 'topic': 'pupil.1', 'id': 1, 'method': '3d c++'}"
1581494816.574475,"{'circle_3d': {'center': [-0.05045273496133218, 0.07170481245727167, 62.8568217316043], 'normal': [-0.26493899094907236, 0.6218273828300409, -0.7369789936203263], 'radius': 2.433576725143975}, 'confidence': 0.6224483160493933, 'timestamp': 359913.088577, 'diameter_3d': 4.86715345028795, 'ellipse': {'center': [159.6835921022366, 120.28157226926105], 'axes': [35.36089414479785, 48.024525717658186], 'angle': -66.90468736012691}, 'location': [159.6835921022366, 120.28157226926105], 'diameter': 48.024525717658186, 'sphere': {'center': [3.1288151564275357, -7.390223781503218, 71.70056965504821], 'radius': 12.0}, 'projected_sphere': {'center': [187.05509044513556, 56.096201653965586], 'axes': [207.52973193361993, 207.52973193361993], 'angle': 90.0}, 'model_confidence': 0.7319179647744534, 'model_id': 1, 'model_birth_timestamp': 359909.669808, 'theta': 2.2418702369433112, 'phi': -1.9159032456658707, 'norm_pos': [0.4990112253194893, 0.4988267822114123], 'topic': 'pupil.1', 'id': 1, 'method': '3d c++'}"
1581494816.5831602,"{'circle_3d': {'center': [-0.05191750442522247, 0.0857179375593855, 62.86919178104895], 'normal': [-0.2650610550710632, 0.6229951432552171, -0.7359481561666056], 'radius': 2.426416812936753}, 'confidence': 0.7543262233729212, 'timestamp': 359913.096977, 'diameter_3d': 4.852833625873506, 'ellipse': {'center': [159.66792836043933, 120.4221897088583], 'axes': [35.19347696457108, 47.873760197611254], 'angle': -66.93803376552711}, 'location': [159.66792836043933, 120.4221897088583], 'diameter': 47.873760197611254, 'sphere': {'center': [3.1288151564275357, -7.390223781503218, 71.70056965504821], 'radius': 12.0}, 'projected_sphere': {'center': [187.05509044513556, 56.096201653965586], 'axes': [207.52973193361993, 207.52973193361993], 'angle': 90.0}, 'model_confidence': 0.7319179647744534, 'model_id': 1, 'model_birth_timestamp': 359909.669808, 'theta': 2.2433622199541947, 'phi': -1.9164959092418126, 'norm_pos': [0.4989622761263729, 0.49824087621309043], 'topic': 'pupil.1', 'id': 1, 'method': '3d c++'}"
1581494816.590864,"{'circle_3d': {'center': [-0.0786047196290327, 0.005566855682813454, 62.8115461659585], 'normal': [-0.2672849896713807, 0.6163158864321693, -0.740751957424143], 'radius': 2.424804546129521}, 'confidence': 0.5848654980881749, 'timestamp': 359913.105377, 'diameter_3d': 4.849609092259042, 'ellipse': {'center': [159.4066518015987, 119.63286762126558], 'axes': [35.464632951958876, 47.885640407986955], 'angle': -66.48421324945585}, 'location': [159.4066518015987, 119.63286762126558], 'diameter': 47.885640407986955, 'sphere': {'center': [3.1288151564275357, -7.390223781503218, 71.70056965504821], 'radius': 12.0}, 'projected_sphere': {'center': [187.05509044513556, 56.096201653965586], 'axes': [207.52973193361993, 207.52973193361993], 'angle': 90.0}, 'model_confidence': 0.7319179647744534, 'model_id': 1, 'model_birth_timestamp': 359909.669808, 'theta': 2.2348521718495507, 'phi': -1.9170858423399506, 'norm_pos': [0.498145786879996, 0.5015297182447267], 'topic': 'pupil.1', 'id': 1, 'method': '3d c++'}"
1581494816.600367,"{'circle_3d': {'center': [-0.10338217448606057, -0.06853847986355532, 62.759326746045645], 'normal': [-0.26934977757613304, 0.6101404418033053, -0.7451035757502141], 'radius': 2.424384308083665}, 'confidence': 0.6435289202632719, 'timestamp': 359913.113777, 'diameter_3d': 4.84876861616733, 'ellipse': {'center': [159.1638140930222, 118.90156378131856], 'axes': [35.72554112604966, 47.91702954568975], 'angle': -66.0556735752758}, 'location': [159.1638140930222, 118.90156378131856], 'diameter': 47.91702954568975, 'sphere': {'center': [3.1288151564275357, -7.390223781503218, 71.70056965504821], 'radius': 12.0}, 'projected_sphere': {'center': [187.05509044513556, 56.096201653965586], 'axes': [207.52973193361993, 207.52973193361993], 'angle': 90.0}, 'model_confidence': 0.7319179647744534, 'model_id': 1, 'model_birth_timestamp': 359909.669808, 'theta': 2.2270341654932038, 'phi': -1.9176730449602855, 'norm_pos': [0.49738691904069443, 0.5045768175778393], 'topic': 'pupil.1', 'id': 1, 'method': '3d c++'}"
1581494816.606488,"{'circle_3d': {'center': [-0.1034990643484508, -0.04909851577296109, 62.77532318164334], 'normal': [-0.2693595183979989, 0.6117604388108547, -0.7437705394504063], 'radius': 2.418333513962631}, 'confidence': 0.6686134621830307, 'timestamp': 359913.122177, 'diameter_3d': 4.836667027925262, 'ellipse': {'center': [159.16157542998354, 119.09581445328797], 'axes': [35.55456060998552, 47.78523016018546], 'angle': -66.1195133919199}, 'location': [159.16157542998354, 119.09581445328797], 'diameter': 47.78523016018546, 'sphere': {'center': [3.1288151564275357, -7.390223781503218, 71.70056965504821], 'radius': 12.0}, 'projected_sphere': {'center': [187.05509044513556, 56.096201653965586], 'axes': [207.52973193361993, 207.52973193361993], 'angle': 90.0}, 'model_confidence': 0.7319179647744534, 'model_id': 1, 'model_birth_timestamp': 359909.669808, 'theta': 2.229080472868156, 'phi': -1.9182575171028167, 'norm_pos': [0.49737992321869856, 0.5037674397779668], 'topic': 'pupil.1', 'id': 1, 'method': '3d c++'}"
1581494816.616531,"{'circle_3d': {'center': [-0.040560883014788995, -0.13276381810083393, 62.684787359527746], 'normal': [-0.2641146699535271, 0.6047883302835321, -0.7513151912933723], 'radius': 2.431159960008021}, 'confidence': 0.5634636898806111, 'timestamp': 359913.130577, 'diameter_3d': 4.862319920016042, 'ellipse': {'center': [159.78373902978143, 118.26196667085503], 'axes': [36.20933534485212, 48.10783562532423], 'angle': -66.31420740197876}, 'location': [159.78373902978143, 118.26196667085503], 'diameter': 48.10783562532423, 'sphere': {'center': [3.1288151564275357, -7.390223781503218, 71.70056965504821], 'radius': 12.0}, 'projected_sphere': {'center': [187.05509044513556, 56.096201653965586], 'axes': [207.52973193361993, 207.52973193361993], 'angle': 90.0}, 'model_confidence': 0.7319179647744534, 'model_id': 1, 'model_birth_timestamp': 359909.669808, 'theta': 2.22029637963167, 'phi': -1.908839258767545, 'norm_pos': [0.499324184468067, 0.507241805538104], 'topic': 'pupil.1', 'id': 1, 'method': '3d c++'}"
1581494816.623341,"{'circle_3d': {'center': [-0.04742466019432756, -0.11455572014028004, 62.70189448099236], 'normal': [-0.2646866513851553, 0.6063056717802449, -0.7498895978379879], 'radius': 2.4209270173575215}, 'confidence': 0.581591072502939, 'timestamp': 359913.138977, 'diameter_3d': 4.841854034715043, 'ellipse': {'center': [159.71432808636072, 118.44602665003949], 'axes': [35.96899627278773, 47.89221075228362], 'angle': -66.32298299716797}, 'location': [159.71432808636072, 118.44602665003949], 'diameter': 47.89221075228362, 'sphere': {'center': [3.1288151564275357, -7.390223781503218, 71.70056965504821], 'radius': 12.0}, 'projected_sphere': {'center': [187.05509044513556, 56.096201653965586], 'axes': [207.52973193361993, 207.52973193361993], 'angle': 90.0}, 'model_confidence': 0.7319179647744534, 'model_id': 1, 'model_birth_timestamp': 359909.669808, 'theta': 2.2222030445342864, 'phi': -1.9101123425346183, 'norm_pos': [0.49910727526987725, 0.5064748889581688], 'topic': 'pupil.1', 'id': 1, 'method': '3d c++'}"
1581494816.631262,"{'circle_3d': {'center': [-0.04879750559787377, -0.10429550062897341, 62.710684958563355], 'normal': [-0.26480105516878416, 0.6071606900728538, -0.7491570580404049], 'radius': 2.4327150640367736}, 'confidence': 0.5866259541466265, 'timestamp': 359913.147377, 'diameter_3d': 4.865430128073547, 'ellipse': {'center': [159.70244888611722, 118.54351044151743], 'axes': [36.09910046570544, 48.11884842805096], 'angle': -66.34675520551863}, 'location': [159.70244888611722, 118.54351044151743], 'diameter': 48.11884842805096, 'sphere': {'center': [3.1288151564275357, -7.390223781503218, 71.70056965504821], 'radius': 12.0}, 'projected_sphere': {'center': [187.05509044513556, 56.096201653965586], 'axes': [207.52973193361993, 207.52973193361993], 'angle': 90.0}, 'model_confidence': 0.7319179647744534, 'model_id': 1, 'model_birth_timestamp': 359909.669808, 'theta': 2.2232786671621176, 'phi': -1.9105549679989302, 'norm_pos': [0.4990701527691163, 0.5060687064936774], 'topic': 'pupil.1', 'id': 1, 'method': '3d c++'}"
1581494816.640074,"{'circle_3d': {'center': [-0.07432480937409203, -0.18971596991595696, 62.65111764872456], 'normal': [-0.2669283304834689, 0.6000423176322717, -0.7541210005269712], 'radius': 2.4196338607947445}, 'confidence': 0.6025598324128397, 'timestamp': 359913.155777, 'diameter_3d': 4.839267721589489, 'ellipse': {'center': [159.45027523379724, 117.70261684676879], 'axes': [36.209709357680374, 47.905284728434964], 'angle': -65.86452452407995}, 'location': [159.45027523379724, 117.70261684676879], 'diameter': 47.905284728434964, 'sphere': {'center': [3.1288151564275357, -7.390223781503218, 71.70056965504821], 'radius': 12.0}, 'projected_sphere': {'center': [187.05509044513556, 56.096201653965586], 'axes': [207.52973193361993, 207.52973193361993], 'angle': 90.0}, 'model_confidence': 0.7319179647744534, 'model_id': 1, 'model_birth_timestamp': 359909.669808, 'theta': 2.2143503336778734, 'phi': -1.9109942213187987, 'norm_pos': [0.4982821101056164, 0.5095724298051301], 'topic': 'pupil.1', 'id': 1, 'method': '3d c++'}"
1581494816.647087,"{'circle_3d': {'center': [-0.16422510341997976, -0.1728147094090371, 62.69696525830376], 'normal': [-0.2744200216539597, 0.6014507560078485, -0.7503003663953709], 'radius': 2.412159531575189}, 'confidence': 0.6441511982242657, 'timestamp': 359913.164177, 'diameter_3d': 4.824319063150378, 'ellipse': {'center': [158.5640323718721, 117.87555053876675], 'axes': [35.8622772450875, 47.722636458561844], 'angle': -65.24379121850576}, 'location': [158.5640323718721, 117.87555053876675], 'diameter': 47.722636458561844, 'sphere': {'center': [3.1288151564275357, -7.390223781503218, 71.70056965504821], 'radius': 12.0}, 'projected_sphere': {'center': [187.05509044513556, 56.096201653965586], 'axes': [207.52973193361993, 207.52973193361993], 'angle': 90.0}, 'model_confidence': 0.7319179647744534, 'model_id': 1, 'model_birth_timestamp': 359909.669808, 'theta': 2.216112116493676, 'phi': -1.9214301024942237, 'norm_pos': [0.4955126011621003, 0.5088518727551385], 'topic': 'pupil.1', 'id': 1, 'method': '3d c++'}"
1581494816.658485,"{'circle_3d': {'center': [-0.15956436794011752, -0.16390105023589374, 62.702413183454226], 'normal': [-0.2740316270306377, 0.6021935609389436, -0.7498463726328322], 'radius': 2.433600469908111}, 'confidence': 0.8340658196761217, 'timestamp': 359913.172577, 'diameter_3d': 4.867200939816222, 'ellipse': {'center': [158.61322556234327, 117.95627687042658], 'axes': [36.15350805664261, 48.142923585358055], 'angle': -65.30985243899464}, 'location': [158.61322556234327, 117.95627687042658], 'diameter': 48.142923585358055, 'sphere': {'center': [3.1288151564275357, -7.390223781503218, 71.70056965504821], 'radius': 12.0}, 'projected_sphere': {'center': [187.05509044513556, 56.096201653965586], 'axes': [207.52973193361993, 207.52973193361993], 'angle': 90.0}, 'model_confidence': 0.7319179647744534, 'model_id': 1, 'model_birth_timestamp': 359909.669808, 'theta': 2.2170422153875853, 'phi': -1.921168539167263, 'norm_pos': [0.49566632988232273, 0.5085155130398893], 'topic': 'pupil.1', 'id': 1, 'method': '3d c++'}"
1581494816.66687,"{'circle_3d': {'center': [-0.16232736689304117, -0.1550376592551741, 62.710549484457914], 'normal': [-0.2742618769433814, 0.6029321768540036, -0.7491683475491915], 'radius': 2.42604471949258}, 'confidence': 0.6938240418693052, 'timestamp': 359913.180977, 'diameter_3d': 4.85208943898516, 'ellipse': {'center': [158.5848468609969, 118.04677059641779], 'axes': [35.99932918977326, 47.9871554910765], 'angle': -65.31999112281892}, 'location': [158.5848468609969, 118.04677059641779], 'diameter': 47.9871554910765, 'sphere': {'center': [3.1288151564275357, -7.390223781503218, 71.70056965504821], 'radius': 12.0}, 'projected_sphere': {'center': [187.05509044513556, 56.096201653965586], 'axes': [207.52973193361993, 207.52973193361993], 'angle': 90.0}, 'model_confidence': 0.7319179647744534, 'model_id': 1, 'model_birth_timestamp': 359909.669808, 'theta': 2.217967716501121, 'phi': -1.9217313315017197, 'norm_pos': [0.4955776464406153, 0.5081384558482592], 'topic': 'pupil.1', 'id': 1, 'method': '3d c++'}"
1581494816.6749032,"{'circle_3d': {'center': [-0.16506636931247876, -0.14622445175310794, 62.71865347836472], 'normal': [-0.2744901271450012, 0.6036666108125092, -0.7484930147236243], 'radius': 2.4362338012444904}, 'confidence': 0.7814560524584984, 'timestamp': 359913.189377, 'diameter_3d': 4.872467602488981, 'ellipse': {'center': [158.55949319483537, 118.13058088570399], 'axes': [36.10894023118694, 48.18263165993048], 'angle': -65.3301003127935}, 'location': [158.55949319483537, 118.13058088570399], 'diameter': 48.18263165993048, 'sphere': {'center': [3.1288151564275357, -7.390223781503218, 71.70056965504821], 'radius': 12.0}, 'projected_sphere': {'center': [187.05509044513556, 56.096201653965586], 'axes': [207.52973193361993, 207.52973193361993], 'angle': 90.0}, 'model_confidence': 0.7319179647744534, 'model_id': 1, 'model_birth_timestamp': 359909.669808, 'theta': 2.218888619834283, 'phi': -1.922291393360571, 'norm_pos': [0.49549841623386054, 0.5077892463095667], 'topic': 'pupil.1', 'id': 1, 'method': '3d c++'}"
1581494816.6827352,"{'circle_3d': {'center': [-0.1426074585597248, -0.04222459717063387, 62.795250903807606], 'normal': [-0.2726185512489384, 0.6123332653610488, -0.7421098959367174], 'radius': 2.4182404690379817}, 'confidence': 0.7303841162947222, 'timestamp': 359913.197776, 'diameter_3d': 4.8364809380759635, 'ellipse': {'center': [158.77719120977127, 119.16472114068074], 'axes': [35.45108064179999, 47.76835622226705], 'angle': -65.85173134199317}, 'location': [158.77719120977127, 119.16472114068074], 'diameter': 47.76835622226705, 'sphere': {'center': [3.1288151564275357, -7.390223781503218, 71.70056965504821], 'radius': 12.0}, 'projected_sphere': {'center': [187.05509044513556, 56.096201653965586], 'axes': [207.52973193361993, 207.52973193361993], 'angle': 90.0}, 'model_confidence': 0.7319179647744534, 'model_id': 1, 'model_birth_timestamp': 359909.669808, 'theta': 2.2298048165822264, 'phi': -1.9228486585606996, 'norm_pos': [0.49617872253053524, 0.503480328580497], 'topic': 'pupil.1', 'id': 1, 'method': '3d c++'}"
1581494816.691166,"{'circle_3d': {'center': [-0.14699354780615703, -0.04016017350751078, 62.79856750431359], 'normal': [-0.27298405868614106, 0.6125053006663089, -0.7418335125612187], 'radius': 2.415787802353179}, 'confidence': 0.7236686443450336, 'timestamp': 359913.206176, 'diameter_3d': 4.831575604706358, 'ellipse': {'center': [158.73371738649757, 119.18606910325684], 'axes': [35.398124044614875, 47.71737381641397], 'angle': -65.82615080725198}, 'location': [158.73371738649757, 119.18606910325684], 'diameter': 47.71737381641397, 'sphere': {'center': [3.1288151564275357, -7.390223781503218, 71.70056965504821], 'radius': 12.0}, 'projected_sphere': {'center': [187.05509044513556, 56.096201653965586], 'axes': [207.52973193361993, 207.52973193361993], 'angle': 90.0}, 'model_confidence': 0.7319179647744534, 'model_id': 1, 'model_birth_timestamp': 359909.669808, 'theta': 2.230022435933978, 'phi': -1.9234032597933801, 'norm_pos': [0.4960428668328049, 0.5033913787364298], 'topic': 'pupil.1', 'id': 1, 'method': '3d c++'}"
1581494816.6995049,"{'circle_3d': {'center': [-0.149258313043783, -0.030292002000814833, 62.807558998930745], 'normal': [-0.2731727891226099, 0.6133276482918669, -0.7410842213431224], 'radius': 2.43287060932639}, 'confidence': 0.7719874371125817, 'timestamp': 359913.214576, 'diameter_3d': 4.86574121865278, 'ellipse': {'center': [158.7140644916922, 119.27765605103586], 'axes': [35.602610760511595, 48.04817796953477], 'angle': -65.84239506875291}, 'location': [158.7140644916922, 119.27765605103586], 'diameter': 48.04817796953477, 'sphere': {'center': [3.1288151564275357, -7.390223781503218, 71.70056965504821], 'radius': 12.0}, 'projected_sphere': {'center': [187.05509044513556, 56.096201653965586], 'axes': [207.52973193361993, 207.52973193361993], 'angle': 90.0}, 'model_confidence': 0.7319179647744534, 'model_id': 1, 'model_birth_timestamp': 359909.669808, 'theta': 2.2310631878398945, 'phi': -1.9239551305504552, 'norm_pos': [0.4959814515365381, 0.5030097664540172], 'topic': 'pupil.1', 'id': 1, 'method': '3d c++'}"
1581494816.7064152,"{'circle_3d': {'center': [-0.1768592495942931, -0.11553924692989526, 62.747833668557156], 'normal': [-0.2754728671684857, 0.6062237112144435, -0.746061332207588], 'radius': 2.4348227314447857}, 'confidence': 0.5574279048349219, 'timestamp': 359913.222976, 'diameter_3d': 4.869645462889571, 'ellipse': {'center': [158.44330550091803, 118.43511522243541], 'axes': [35.937695265664296, 48.132423170690444], 'angle': -65.34828639975748}, 'location': [158.44330550091803, 118.43511522243541], 'diameter': 48.132423170690444, 'sphere': {'center': [3.1288151564275357, -7.390223781503218, 71.70056965504821], 'radius': 12.0}, 'projected_sphere': {'center': [187.05509044513556, 56.096201653965586], 'axes': [207.52973193361993, 207.52973193361993], 'angle': 90.0}, 'model_confidence': 0.7319179647744534, 'model_id': 1, 'model_birth_timestamp': 359909.669808, 'theta': 2.222099983567822, 'phi': -1.9245042708319244, 'norm_pos': [0.49513532969036883, 0.5065203532398524], 'topic': 'pupil.1', 'id': 1, 'method': '3d c++'}"
1581494816.7153149,"{'circle_3d': {'center': [-0.08783264044998296, -0.09906927327162762, 62.72882272995402], 'normal': [-0.26805398307312656, 0.6075962090192992, -0.7476455770911828], 'radius': 2.421801772090411}, 'confidence': 0.6202322094108865, 'timestamp': 359913.231376, 'diameter_3d': 4.843603544180822, 'ellipse': {'center': [159.3166342890381, 118.60009461469073], 'axes': [35.843709447550054, 47.88910659532085], 'angle': -66.07002615313111}, 'location': [159.3166342890381, 118.60009461469073], 'diameter': 47.88910659532085, 'sphere': {'center': [3.1288151564275357, -7.390223781503218, 71.70056965504821], 'radius': 12.0}, 'projected_sphere': {'center': [187.05509044513556, 56.096201653965586], 'axes': [207.52973193361993, 207.52973193361993], 'angle': 90.0}, 'model_confidence': 0.7319179647744534, 'model_id': 1, 'model_birth_timestamp': 359909.669808, 'theta': 2.2238268948056192, 'phi': -1.9150506806377885, 'norm_pos': [0.497864482153244, 0.5058329391054552], 'topic': 'pupil.1', 'id': 1, 'method': '3d c++'}"
1581494816.725048,"{'circle_3d': {'center': [-0.09672315528617892, -0.09053982668990024, 62.73895614187392], 'normal': [-0.26879485930947616, 0.6083069962344431, -0.7468011260978575], 'radius': 2.413158734478081}, 'confidence': 0.6380631575224781, 'timestamp': 359913.239776, 'diameter_3d': 4.826317468956162, 'ellipse': {'center': [159.22778133722352, 118.68771363108989], 'axes': [35.66383926484816, 47.710425146765736], 'angle': -66.03190096263016}, 'location': [159.22778133722352, 118.68771363108989], 'diameter': 47.710425146765736, 'sphere': {'center': [3.1288151564275357, -7.390223781503218, 71.70056965504821], 'radius': 12.0}, 'projected_sphere': {'center': [187.05509044513556, 56.096201653965586], 'axes': [207.52973193361993, 207.52973193361993], 'angle': 90.0}, 'model_confidence': 0.7319179647744534, 'model_id': 1, 'model_birth_timestamp': 359909.669808, 'theta': 2.2247221221101032, 'phi': -1.9162884316026676, 'norm_pos': [0.4975868166788235, 0.5054678598704587], 'topic': 'pupil.1', 'id': 1, 'method': '3d c++'}"
1581494816.730792,"{'circle_3d': {'center': [-0.09816738286731619, -0.08205999213935833, 62.746390423040566], 'normal': [-0.26891521160790427, 0.609013649113655, -0.7461816026673038], 'radius': 2.424744325395472}, 'confidence': 0.6882658659224025, 'timestamp': 359913.248176, 'diameter_3d': 4.849488650790944, 'ellipse': {'center': [159.2152671573036, 118.76760198931775], 'axes': [35.79717609923335, 47.93398043605528], 'angle': -66.04948778349724}, 'location': [159.2152671573036, 118.76760198931775], 'diameter': 47.93398043605528, 'sphere': {'center': [3.1288151564275357, -7.390223781503218, 71.70056965504821], 'radius': 12.0}, 'projected_sphere': {'center': [187.05509044513556, 56.096201653965586], 'axes': [207.52973193361993, 207.52973193361993], 'angle': 90.0}, 'model_confidence': 0.7319179647744534, 'model_id': 1, 'model_birth_timestamp': 359909.669808, 'theta': 2.2256127515693307, 'phi': -1.9166957243439853, 'norm_pos': [0.49754770986657376, 0.505134991711176], 'topic': 'pupil.1', 'id': 1, 'method': '3d c++'}"
1581494816.743722,"{'circle_3d': {'center': [-0.09958477609231497, -0.07362968673587922, 62.75378896431249], 'normal': [-0.2690333277099875, 0.6097161745639449, -0.74556505756131], 'radius': 2.434857567645997}, 'confidence': 0.7384873145647992, 'timestamp': 359913.256576, 'diameter_3d': 4.869715135291994, 'ellipse': {'center': [159.20280045131915, 118.84747766167868], 'axes': [35.90860228122241, 48.12839050857832], 'angle': -66.0670630621781}, 'location': [159.20280045131915, 118.84747766167868], 'diameter': 48.12839050857832, 'sphere': {'center': [3.1288151564275357, -7.390223781503218, 71.70056965504821], 'radius': 12.0}, 'projected_sphere': {'center': [187.05509044513556, 56.096201653965586], 'axes': [207.52973193361993, 207.52973193361993], 'angle': 90.0}, 'model_confidence': 0.7319179647744534, 'model_id': 1, 'model_birth_timestamp': 359909.669808, 'theta': 2.226498783170959, 'phi': -1.9170996449329412, 'norm_pos': [0.4975087514103723, 0.5048021764096722], 'topic': 'pupil.1', 'id': 1, 'method': '3d c++'}"
1581494816.751198,"{'circle_3d': {'center': [-0.10097548128699385, -0.06524882767062046, 62.76115164478285], 'normal': [-0.2691492198095441, 0.6104145794860497, -0.7449515008554468], 'radius': 2.4277471646079225}, 'confidence': 0.7939404716181634, 'timestamp': 359913.264976, 'diameter_3d': 4.855494329215845, 'ellipse': {'center': [159.18796117386628, 118.9328529862281], 'axes': [35.765826619629806, 47.9821461431756], 'angle': -66.08462884938574}, 'location': [159.18796117386628, 118.9328529862281], 'diameter': 47.9821461431756, 'sphere': {'center': [3.1288151564275357, -7.390223781503218, 71.70056965504821], 'radius': 12.0}, 'projected_sphere': {'center': [187.05509044513556, 56.096201653965586], 'axes': [207.52973193361993, 207.52973193361993], 'angle': 90.0}, 'model_confidence': 0.7319179647744534, 'model_id': 1, 'model_birth_timestamp': 359909.669808, 'theta': 2.227380216921176, 'phi': -1.9175001933723683, 'norm_pos': [0.49746237866833215, 0.5044464458907163], 'topic': 'pupil.1', 'id': 1, 'method': '3d c++'}"
1581494816.7591271,"{'circle_3d': {'center': [-0.10233964407150875, -0.056917332448306546, 62.7684783445285], 'normal': [-0.269262900041587, 0.6111088707545758, -0.7443409425433088], 'radius': 2.415197530818458}, 'confidence': 0.7528285626342505, 'timestamp': 359913.273376, 'diameter_3d': 4.830395061636916, 'ellipse': {'center': [159.1725631889801, 119.01960181215621], 'axes': [35.54331311750531, 47.72840402097039], 'angle': -66.10218294295925}, 'location': [159.1725631889801, 119.01960181215621], 'diameter': 47.72840402097039, 'sphere': {'center': [3.1288151564275357, -7.390223781503218, 71.70056965504821], 'radius': 12.0}, 'projected_sphere': {'center': [187.05509044513556, 56.096201653965586], 'axes': [207.52973193361993, 207.52973193361993], 'angle': 90.0}, 'model_confidence': 0.7319179647744534, 'model_id': 1, 'model_birth_timestamp': 359909.669808, 'theta': 2.228257052819981, 'phi': -1.9178973696622672, 'norm_pos': [0.49741425996556277, 0.5040849924493491], 'topic': 'pupil.1', 'id': 1, 'method': '3d c++'}"
1581494816.767426,"{'circle_3d': {'center': [-0.10367740936572867, -0.04863511883118132, 62.775768944656036], 'normal': [-0.269374380482772, 0.6117990552226698, -0.7437333925326813], 'radius': 2.426605075067592}, 'confidence': 0.7345014220947179, 'timestamp': 359913.281776, 'diameter_3d': 4.853210150135184, 'ellipse': {'center': [159.16107857700683, 119.09752313571381], 'axes': [35.674046586854196, 47.94844289702462], 'angle': -66.11972078610627}, 'location': [159.16107857700683, 119.09752313571381], 'diameter': 47.94844289702462, 'sphere': {'center': [3.1288151564275357, -7.390223781503218, 71.70056965504821], 'radius': 12.0}, 'projected_sphere': {'center': [187.05509044513556, 56.096201653965586], 'axes': [207.52973193361993, 207.52973193361993], 'angle': 90.0}, 'model_confidence': 0.7319179647744534, 'model_id': 1, 'model_birth_timestamp': 359909.669808, 'theta': 2.229129290867374, 'phi': -1.9182911738026385, 'norm_pos': [0.4973783705531464, 0.5037603202678591], 'topic': 'pupil.1', 'id': 1, 'method': '3d c++'}"
1581494816.774962,"{'circle_3d': {'center': [-0.10498892138455851, -0.04040210484185991, 62.78302332729613], 'normal': [-0.26948367315100785, 0.6124851397217799, -0.743128860646007], 'radius': 2.423490706328341}, 'confidence': 0.7585539757078386, 'timestamp': 359913.290176, 'diameter_3d': 4.846981412656682, 'ellipse': {'center': [159.14764252970284, 119.17998660328452], 'axes': [35.59107289009679, 47.88135582772481], 'angle': -66.13724770143698}, 'location': [159.14764252970284, 119.17998660328452], 'diameter': 47.88135582772481, 'sphere': {'center': [3.1288151564275357, -7.390223781503218, 71.70056965504821], 'radius': 12.0}, 'projected_sphere': {'center': [187.05509044513556, 56.096201653965586], 'axes': [207.52973193361993, 207.52973193361993], 'angle': 90.0}, 'model_confidence': 0.7319179647744534, 'model_id': 1, 'model_birth_timestamp': 359909.669808, 'theta': 2.2299969310633556, 'phi': -1.918681605793481, 'norm_pos': [0.49733638290532134, 0.5034167224863145], 'topic': 'pupil.1', 'id': 1, 'method': '3d c++'}"
1581494816.7828119,"{'circle_3d': {'center': [-0.10627432363333567, -0.03221820876619219, 62.790241375597994], 'normal': [-0.26959079000507263, 0.613167131061419, -0.7425273566208517], 'radius': 2.421639354641354}, 'confidence': 0.7519001558376459, 'timestamp': 359913.298576, 'diameter_3d': 4.843278709282708, 'ellipse': {'center': [159.1346595124687, 119.26150718131223], 'axes': [35.5269427715527, 47.83927919547838], 'angle': -66.15476109814884}, 'location': [159.1346595124687, 119.26150718131223], 'diameter': 47.83927919547838, 'sphere': {'center': [3.1288151564275357, -7.390223781503218, 71.70056965504821], 'radius': 12.0}, 'projected_sphere': {'center': [187.05509044513556, 56.096201653965586], 'axes': [207.52973193361993, 207.52973193361993], 'angle': 90.0}, 'model_confidence': 0.7319179647744534, 'model_id': 1, 'model_birth_timestamp': 359909.669808, 'theta': 2.2308599734079255, 'phi': -1.9190686656347957, 'norm_pos': [0.49729581097646464, 0.503077053411199], 'topic': 'pupil.1', 'id': 1, 'method': '3d c++'}"
1581494816.79098,"{'circle_3d': {'center': [-0.1075337589118659, -0.02408334909987353, 62.797422973773436], 'normal': [-0.2696957429449502, 0.6138450360336122, -0.7419288901062315], 'radius': 2.4248512750549938}, 'confidence': 0.6753735772114571, 'timestamp': 359913.306976, 'diameter_3d': 4.8497025501099875, 'ellipse': {'center': [159.1227050591779, 119.34076615465152], 'axes': [35.53736751850417, 47.89731987159741], 'angle': -66.17226019088629}, 'location': [159.1227050591779, 119.34076615465152], 'diameter': 47.89731987159741, 'sphere': {'center': [3.1288151564275357, -7.390223781503218, 71.70056965504821], 'radius': 12.0}, 'projected_sphere': {'center': [187.05509044513556, 56.096201653965586], 'axes': [207.52973193361993, 207.52973193361993], 'angle': 90.0}, 'model_confidence': 0.7319179647744534, 'model_id': 1, 'model_birth_timestamp': 359909.669808, 'theta': 2.231718417907017, 'phi': -1.919452353329229, 'norm_pos': [0.4972584533099309, 0.5027468076889521], 'topic': 'pupil.1', 'id': 1, 'method': '3d c++'}"
1581494816.801374,"{'circle_3d': {'center': [-0.13382421414612855, -0.11103379782498024, 62.73571731275606], 'normal': [-0.27188661421447197, 0.6065991653065198, -0.747071028524346], 'radius': 2.4227765850960328}, 'confidence': 0.5824453712369445, 'timestamp': 359913.315375, 'diameter_3d': 4.8455531701920656, 'ellipse': {'center': [158.86452195860045, 118.48264622712588], 'axes': [35.82231917297675, 47.90324042798009], 'angle': -65.68476921727687}, 'location': [158.86452195860045, 118.48264622712588], 'diameter': 47.90324042798009, 'sphere': {'center': [3.1288151564275357, -7.390223781503218, 71.70056965504821], 'radius': 12.0}, 'projected_sphere': {'center': [187.05509044513556, 56.096201653965586], 'axes': [207.52973193361993, 207.52973193361993], 'angle': 90.0}, 'model_confidence': 0.7319179647744534, 'model_id': 1, 'model_birth_timestamp': 359909.669808, 'theta': 2.222572163173199, 'phi': -1.9198326237961603, 'norm_pos': [0.4964516311206264, 0.5063223073869755], 'topic': 'pupil.1', 'id': 1, 'method': '3d c++'}"
1581494816.807659,"{'circle_3d': {'center': [-0.13335333413658335, -0.0963188892410809, 62.747513854830885], 'normal': [-0.27184737421367655, 0.6078254076885113, -0.7460879833514439], 'radius': 2.4374558662935537}, 'confidence': 0.8276909856918324, 'timestamp': 359913.323775, 'diameter_3d': 4.874911732587107, 'ellipse': {'center': [158.87135045898168, 118.62309569629988], 'axes': [35.978904661066316, 48.184646676397136], 'angle': -65.73830943850906}, 'location': [158.87135045898168, 118.62309569629988], 'diameter': 48.184646676397136, 'sphere': {'center': [3.1288151564275357, -7.390223781503218, 71.70056965504821], 'radius': 12.0}, 'projected_sphere': {'center': [187.05509044513556, 56.096201653965586], 'axes': [207.52973193361993, 207.52973193361993], 'angle': 90.0}, 'model_confidence': 0.7319179647744534, 'model_id': 1, 'model_birth_timestamp': 359909.669808, 'theta': 2.2241155005418904, 'phi': -1.9202095675903164, 'norm_pos': [0.49647297018431774, 0.5057371012654172], 'topic': 'pupil.1', 'id': 1, 'method': '3d c++'}"
1581494816.8152041,"{'circle_3d': {'center': [-0.1349196479120769, -0.0895456341004861, 62.753607393197626], 'normal': [-0.27197790036163433, 0.6083898456168941, -0.7455801884875487], 'radius': 2.4266878009484913}, 'confidence': 0.7334086595048266, 'timestamp': 359913.332175, 'diameter_3d': 4.853375601896983, 'ellipse': {'center': [158.85425039866576, 118.69387900954163], 'axes': [35.78849204853097, 47.967000723954044], 'angle': -65.74957849015377}, 'location': [158.85425039866576, 118.69387900954163], 'diameter': 47.967000723954044, 'sphere': {'center': [3.1288151564275357, -7.390223781503218, 71.70056965504821], 'radius': 12.0}, 'projected_sphere': {'center': [187.05509044513556, 56.096201653965586], 'axes': [207.52973193361993, 207.52973193361993], 'angle': 90.0}, 'model_confidence': 0.7319179647744534, 'model_id': 1, 'model_birth_timestamp': 359909.669808, 'theta': 2.22482650979518, 'phi': -1.9205831392349444, 'norm_pos': [0.4964195324958305, 0.5054421707935766], 'topic': 'pupil.1', 'id': 1, 'method': '3d c++'}"
1581494816.827897,"{'circle_3d': {'center': [-0.1364631970359298, -0.08282594143844335, 62.75965839939761], 'normal': [-0.27210652945528874, 0.6089498200053978, -0.7450759379708835], 'radius': 2.419953894668028}, 'confidence': 0.781254198270234, 'timestamp': 359913.340575, 'diameter_3d': 4.839907789336056, 'ellipse': {'center': [158.8380065164336, 118.76270650469957], 'axes': [35.65810441365266, 47.82921633961778], 'angle': -65.76081058827369}, 'location': [158.8380065164336, 118.76270650469957], 'diameter': 47.82921633961778, 'sphere': {'center': [3.1288151564275357, -7.390223781503218, 71.70056965504821], 'radius': 12.0}, 'projected_sphere': {'center': [187.05509044513556, 56.096201653965586], 'axes': [207.52973193361993, 207.52973193361993], 'angle': 90.0}, 'model_confidence': 0.7319179647744534, 'model_id': 1, 'model_birth_timestamp': 359909.669808, 'theta': 2.2255322795873362, 'phi': -1.920953338730044, 'norm_pos': [0.496368770363855, 0.5051553895637518], 'topic': 'pupil.1', 'id': 1, 'method': '3d c++'}"
1581494816.835747,"{'circle_3d': {'center': [-0.13798411506832586, -0.07615973357460781, 62.76566676679295], 'normal': [-0.2722332726246551, 0.6095053373273841, -0.7445752406879387], 'radius': 2.43040229266942}, 'confidence': 0.7404233499764442, 'timestamp': 359913.348975, 'diameter_3d': 4.86080458533884, 'ellipse': {'center': [158.8246374823555, 118.82502733902014], 'axes': [35.78141304422123, 48.03128427590113], 'angle': -65.77200286315654}, 'location': [158.8246374823555, 118.82502733902014], 'diameter': 48.03128427590113, 'sphere': {'center': [3.1288151564275357, -7.390223781503218, 71.70056965504821], 'radius': 12.0}, 'projected_sphere': {'center': [187.05509044513556, 56.096201653965586], 'axes': [207.52973193361993, 207.52973193361993], 'angle': 90.0}, 'model_confidence': 0.7319179647744534, 'model_id': 1, 'model_birth_timestamp': 359909.669808, 'theta': 2.226232809918359, 'phi': -1.9213201660756152, 'norm_pos': [0.496326992132361, 0.5048957194207494], 'topic': 'pupil.1', 'id': 1, 'method': '3d c++'}"
1581494816.844925,"{'circle_3d': {'center': [-0.13948253466219507, -0.06954693323505623, 62.77163238986105], 'normal': [-0.27235814092414423, 0.6100564040223468, -0.7440781054322638], 'radius': 2.4196282101614126}, 'confidence': 0.7136473862271749, 'timestamp': 359913.357375, 'diameter_3d': 4.839256420322825, 'ellipse': {'center': [158.80822040588097, 118.8941786301917], 'axes': [35.59208868491476, 47.81369422816481], 'angle': -65.78316263222843}, 'location': [158.80822040588097, 118.8941786301917], 'diameter': 47.81369422816481, 'sphere': {'center': [3.1288151564275357, -7.390223781503218, 71.70056965504821], 'radius': 12.0}, 'projected_sphere': {'center': [187.05509044513556, 56.096201653965586], 'axes': [207.52973193361993, 207.52973193361993], 'angle': 90.0}, 'model_confidence': 0.7319179647744534, 'model_id': 1, 'model_birth_timestamp': 359909.669808, 'theta': 2.226928100793048, 'phi': -1.921683621274165, 'norm_pos': [0.496275688768378, 0.5046075890408679], 'topic': 'pupil.1', 'id': 1, 'method': '3d c++'}"
1581494816.8507478,"{'circle_3d': {'center': [-0.14095858751758428, -0.06298746373811603, 62.77755516402382], 'normal': [-0.27248114532875994, 0.6106030264804251, -0.743584540918699], 'radius': 2.437363976521631}, 'confidence': 0.6785672495506079, 'timestamp': 359913.365775, 'diameter_3d': 4.874727953043262, 'ellipse': {'center': [158.79642292251853, 118.95288219735896], 'axes': [35.82283718926303, 48.15987856106949], 'angle': -65.79427983791095}, 'location': [158.79642292251853, 118.95288219735896], 'diameter': 48.15987856106949, 'sphere': {'center': [3.1288151564275357, -7.390223781503218, 71.70056965504821], 'radius': 12.0}, 'projected_sphere': {'center': [187.05509044513556, 56.096201653965586], 'axes': [207.52973193361993, 207.52973193361993], 'angle': 90.0}, 'model_confidence': 0.7319179647744534, 'model_id': 1, 'model_birth_timestamp': 359909.669808, 'theta': 2.2276181522017673, 'phi': -1.9220437043206564, 'norm_pos': [0.4962388216328704, 0.5043629908443377], 'topic': 'pupil.1', 'id': 1, 'method': '3d c++'}"
1581494816.858228,"{'circle_3d': {'center': [-0.14241240443976544, -0.05648124872224258, 62.78343498589011], 'normal': [-0.2726022967389418, 0.6111452110650814, -0.7430945557631753], 'radius': 2.433997021942666}, 'confidence': 0.7855117181008328, 'timestamp': 359913.374175, 'diameter_3d': 4.867994043885332, 'ellipse': {'center': [158.7815889397665, 119.01838992535546], 'axes': [35.74306374936526, 48.08882284070252], 'angle': -65.80536387082348}, 'location': [158.7815889397665, 119.01838992535546], 'diameter': 48.08882284070252, 'sphere': {'center': [3.1288151564275357, -7.390223781503218, 71.70056965504821], 'radius': 12.0}, 'projected_sphere': {'center': [187.05509044513556, 56.096201653965586], 'axes': [207.52973193361993, 207.52973193361993], 'angle': 90.0}, 'model_confidence': 0.7319179647744534, 'model_id': 1, 'model_birth_timestamp': 359909.669808, 'theta': 2.228302964149353, 'phi': -1.9224004152176195, 'norm_pos': [0.4961924654367703, 0.5040900419776856], 'topic': 'pupil.1', 'id': 1, 'method': '3d c++'}"
1581494816.8673122,"{'circle_3d': {'center': [-0.14384411529340868, -0.05002821233252597, 62.789271753084336], 'normal': [-0.2727216059767454, 0.6116829640975577, -0.7426081584969899], 'radius': 2.423293903193449}, 'confidence': 0.8044660908909771, 'timestamp': 359913.382575, 'diameter_3d': 4.846587806386898, 'ellipse': {'center': [158.76584618342827, 119.0859082585716], 'axes': [35.55581612210911, 47.872788065470935], 'angle': -65.81641169504103}, 'location': [158.76584618342827, 119.0859082585716], 'diameter': 47.872788065470935, 'sphere': {'center': [3.1288151564275357, -7.390223781503218, 71.70056965504821], 'radius': 12.0}, 'projected_sphere': {'center': [187.05509044513556, 56.096201653965586], 'axes': [207.52973193361993, 207.52973193361993], 'angle': 90.0}, 'model_confidence': 0.7319179647744534, 'model_id': 1, 'model_birth_timestamp': 359909.669808, 'theta': 2.228982536635805, 'phi': -1.9227537539650543, 'norm_pos': [0.49614326932321334, 0.503808715589285], 'topic': 'pupil.1', 'id': 1, 'method': '3d c++'}"
1581494816.875183,"{'circle_3d': {'center': [-0.145253849008947, -0.04362827917747936, 62.79506536428245], 'normal': [-0.27283908378637356, 0.6122162918604782, -0.7421253575638135], 'radius': 2.4342820691408384}, 'confidence': 0.6802104850582572, 'timestamp': 359913.390975, 'diameter_3d': 4.868564138281677, 'ellipse': {'center': [158.75366519931433, 119.14534818552102], 'axes': [35.6874863990443, 48.08559174571047], 'angle': -65.82741753909816}, 'location': [158.75366519931433, 119.14534818552102], 'diameter': 48.08559174571047, 'sphere': {'center': [3.1288151564275357, -7.390223781503218, 71.70056965504821], 'radius': 12.0}, 'projected_sphere': {'center': [187.05509044513556, 56.096201653965586], 'axes': [207.52973193361993, 207.52973193361993], 'angle': 90.0}, 'model_confidence': 0.7319179647744534, 'model_id': 1, 'model_birth_timestamp': 359909.669808, 'theta': 2.229656869661123, 'phi': -1.9231037205629615, 'norm_pos': [0.49610520374785727, 0.5035610492269957], 'topic': 'pupil.1', 'id': 1, 'method': '3d c++'}"
1581494816.883214,"{'circle_3d': {'center': [-0.14664173357851062, -0.03728137433181189, 62.800815719206376], 'normal': [-0.2729547408338372, 0.6127452005976172, -0.741646161320153], 'radius': 2.4390903493013343}, 'confidence': 0.6791252446868546, 'timestamp': 359913.399375, 'diameter_3d': 4.878180698602669, 'ellipse': {'center': [158.74075064619106, 119.20639707353446], 'axes': [35.72847173097968, 48.17624521168841], 'angle': -65.83838641879626}, 'location': [158.74075064619106, 119.20639707353446], 'diameter': 48.17624521168841, 'sphere': {'center': [3.1288151564275357, -7.390223781503218, 71.70056965504821], 'radius': 12.0}, 'projected_sphere': {'center': [187.05509044513556, 56.096201653965586], 'axes': [207.52973193361993, 207.52973193361993], 'angle': 90.0}, 'model_confidence': 0.7319179647744534, 'model_id': 1, 'model_birth_timestamp': 359909.669808, 'theta': 2.2303259632253076, 'phi': -1.9234503150113407, 'norm_pos': [0.49606484576934706, 0.5033066788602731], 'topic': 'pupil.1', 'id': 1, 'method': '3d c++'}"
1581494816.8907452,"{'circle_3d': {'center': [-0.1480078960613347, -0.030987423295763428, 62.80652271865784], 'normal': [-0.2730685877074059, 0.6132696965172879, -0.7411705780325312], 'radius': 2.4274057078419595}, 'confidence': 0.69782381045162, 'timestamp': 359913.407775, 'diameter_3d': 4.854811415683919, 'ellipse': {'center': [158.72550699702228, 119.27265944746989], 'axes': [35.527848788337764, 47.94096104884384], 'angle': -65.84931991780525}, 'location': [158.72550699702228, 119.27265944746989], 'diameter': 47.94096104884384, 'sphere': {'center': [3.1288151564275357, -7.390223781503218, 71.70056965504821], 'radius': 12.0}, 'projected_sphere': {'center': [187.05509044513556, 56.096201653965586], 'axes': [207.52973193361993, 207.52973193361993], 'angle': 90.0}, 'model_confidence': 0.7319179647744534, 'model_id': 1, 'model_birth_timestamp': 359909.669808, 'theta': 2.23098981733294, 'phi': -1.9237935373125576, 'norm_pos': [0.4960172093656946, 0.5030305856355421], 'topic': 'pupil.1', 'id': 1, 'method': '3d c++'}"
1581494816.898766,"{'circle_3d': {'center': [-0.14935246254209789, -0.024746352171892916, 62.81218626435507], 'normal': [-0.2731806349141362, 0.6137897857776106, -0.7406986158910953], 'radius': 2.422708943837509}, 'confidence': 0.7222463403153043, 'timestamp': 359913.416175, 'diameter_3d': 4.845417887675018, 'ellipse': {'center': [158.71155907576335, 119.33594916086244], 'axes': [35.43006562752592, 47.84384357750337], 'angle': -65.86021338980012}, 'location': [158.71155907576335, 119.33594916086244], 'diameter': 47.84384357750337, 'sphere': {'center': [3.1288151564275357, -7.390223781503218, 71.70056965504821], 'radius': 12.0}, 'projected_sphere': {'center': [187.05509044513556, 56.096201653965586], 'axes': [207.52973193361993, 207.52973193361993], 'angle': 90.0}, 'model_confidence': 0.7319179647744534, 'model_id': 1, 'model_birth_timestamp': 359909.669808, 'theta': 2.2316484319748215, 'phi': -1.924133387461857, 'norm_pos': [0.49597362211176044, 0.5027668784964066], 'topic': 'pupil.1', 'id': 1, 'method': '3d c++'}"
1581494816.911201,"{'circle_3d': {'center': [-0.12498036763290532, 0.07575922258201473, 62.88740266069739], 'normal': [-0.2711496270050367, 0.622165250340436, -0.7344305828625685], 'radius': 2.4204499048405514}, 'confidence': 0.6270901000456779, 'timestamp': 359913.424574, 'diameter_3d': 4.840899809681103, 'ellipse': {'center': [158.95001693760403, 120.32745031524344], 'axes': [35.01373101640187, 47.74223359597353], 'angle': -66.3688983522017}, 'location': [158.95001693760403, 120.32745031524344], 'diameter': 47.74223359597353, 'sphere': {'center': [3.1288151564275357, -7.390223781503218, 71.70056965504821], 'radius': 12.0}, 'projected_sphere': {'center': [187.05509044513556, 56.096201653965586], 'axes': [207.52973193361993, 207.52973193361993], 'angle': 90.0}, 'model_confidence': 0.7319179647744534, 'model_id': 1, 'model_birth_timestamp': 359909.669808, 'theta': 2.2423017296840544, 'phi': -1.9244698256051185, 'norm_pos': [0.4967188029300126, 0.4986356236864856], 'topic': 'pupil.1', 'id': 1, 'method': '3d c++'}"
1581494816.918838,"{'circle_3d': {'center': [-0.03974941572183921, 0.07532752266979603, 62.85603788242845], 'normal': [-0.2640470476791146, 0.6221292753477512, -0.73704431438498], 'radius': 2.4155459758769147}, 'confidence': 0.6041250759453625, 'timestamp': 359913.432974, 'diameter_3d': 4.831091951753829, 'ellipse': {'center': [159.78597310916214, 120.3233763908506], 'axes': [35.10254546202317, 47.669053140555526], 'angle': -66.9953330752363}, 'location': [159.78597310916214, 120.3233763908506], 'diameter': 47.669053140555526, 'sphere': {'center': [3.1288151564275357, -7.390223781503218, 71.70056965504821], 'radius': 12.0}, 'projected_sphere': {'center': [187.05509044513556, 56.096201653965586], 'axes': [207.52973193361993, 207.52973193361993], 'angle': 90.0}, 'model_confidence': 0.7319179647744534, 'model_id': 1, 'model_birth_timestamp': 359909.669808, 'theta': 2.24225577875579, 'phi': -1.9148029318568105, 'norm_pos': [0.4993311659661317, 0.4986525983714558], 'topic': 'pupil.1', 'id': 1, 'method': '3d c++'}"
1581494816.927,"{'circle_3d': {'center': [-0.04684108419648636, 0.08262084271214043, 62.864744811621236], 'normal': [-0.2646380200520018, 0.6227370520179465, -0.7363187369522479], 'radius': 2.4147816781618237}, 'confidence': 0.5817011525969603, 'timestamp': 359913.441374, 'diameter_3d': 4.829563356323647, 'ellipse': {'center': [159.71609955844946, 120.39563799251641], 'axes': [35.047115499169905, 47.64739345031224], 'angle': -66.96580012788192}, 'location': [159.71609955844946, 120.39563799251641], 'diameter': 47.64739345031224, 'sphere': {'center': [3.1288151564275357, -7.390223781503218, 71.70056965504821], 'radius': 12.0}, 'projected_sphere': {'center': [187.05509044513556, 56.096201653965586], 'axes': [207.52973193361993, 207.52973193361993], 'angle': 90.0}, 'model_confidence': 0.7319179647744534, 'model_id': 1, 'model_birth_timestamp': 359909.669808, 'theta': 2.243032318572883, 'phi': -1.9158267374752929, 'norm_pos': [0.49911281112015454, 0.4983515083645149], 'topic': 'pupil.1', 'id': 1, 'method': '3d c++'}"
1581494816.9345868,"{'circle_3d': {'center': [0.0834302681847956, -0.09928500122147099, 62.669077940793784], 'normal': [-0.2537820740202284, 0.6075782316901457, -0.7526243095212025], 'radius': 2.430039885831446}, 'confidence': 0.44300356024225573, 'timestamp': 359913.449774, 'diameter_3d': 4.860079771662892, 'ellipse': {'center': [161.00410364130352, 118.59055380795746], 'axes': [36.27378633063008, 48.09760653147034], 'angle': -67.3707515949617}, 'location': [161.00410364130352, 118.59055380795746], 'diameter': 48.09760653147034, 'sphere': {'center': [3.1288151564275357, -7.390223781503218, 71.70056965504821], 'radius': 12.0}, 'projected_sphere': {'center': [187.05509044513556, 56.096201653965586], 'axes': [207.52973193361993, 207.52973193361993], 'angle': 90.0}, 'model_confidence': 0.7319179647744534, 'model_id': 1, 'model_birth_timestamp': 359909.669808, 'theta': 2.2238042605442616, 'phi': -1.8960194430968216, 'norm_pos': [0.5031378238790735, 0.505872692466844], 'topic': 'pupil.1', 'id': 1, 'method': '3d c++'}"
1581494816.9445498,"{'circle_3d': {'center': [0.008600324795246639, 0.016028868591386747, 62.78924645995375], 'normal': [-0.26001790263602403, 0.617187720841217, -0.7426102662578716], 'radius': 2.4307258801601437}, 'confidence': 0.4842245533941934, 'timestamp': 359913.458174, 'diameter_3d': 4.861451760320287, 'ellipse': {'center': [160.2645144193542, 119.73222949458182], 'axes': [35.665970372912234, 48.01958735004351], 'angle': -67.16889633786886}, 'location': [160.2645144193542, 119.73222949458182], 'diameter': 48.01958735004351, 'sphere': {'center': [3.1288151564275357, -7.390223781503218, 71.70056965504821], 'radius': 12.0}, 'projected_sphere': {'center': [187.05509044513556, 56.096201653965586], 'axes': [207.52973193361993, 207.52973193361993], 'angle': 90.0}, 'model_confidence': 0.7319179647744534, 'model_id': 1, 'model_birth_timestamp': 359909.669808, 'theta': 2.2359597447770136, 'phi': -1.9075962749922915, 'norm_pos': [0.5008266075604819, 0.5011157104392424], 'topic': 'pupil.1', 'id': 1, 'method': '3d c++'}"
1581494816.952091,"{'circle_3d': {'center': [0.1282086872744359, 0.10821404801654033, 62.825334957638596], 'normal': [-0.25005053909609165, 0.6248698191266465, -0.7396028914508014], 'radius': 2.4645582919234923}, 'confidence': 0.2991942906306325, 'timestamp': 359913.466574, 'diameter_3d': 4.929116583846985, 'ellipse': {'center': [161.442701860148, 120.62741275405058], 'axes': [35.97439715552493, 48.66074879201093], 'angle': -68.34988820288497}, 'location': [161.442701860148, 120.62741275405058], 'diameter': 48.66074879201093, 'sphere': {'center': [3.1288151564275357, -7.390223781503218, 71.70056965504821], 'radius': 12.0}, 'projected_sphere': {'center': [187.05509044513556, 56.096201653965586], 'axes': [207.52973193361993, 207.52973193361993], 'angle': 90.0}, 'model_confidence': 0.7319179647744534, 'model_id': 1, 'model_birth_timestamp': 359909.669808, 'theta': 2.2457611058795166, 'phi': -1.8968195677780992, 'norm_pos': [0.5045084433129625, 0.49738578019145596], 'topic': 'pupil.1', 'id': 1, 'method': '3d c++'}"
1581494816.959285,"{'circle_3d': {'center': [-0.9479526263023703, -0.8652746224486023, 62.49160647141847], 'normal': [-0.3397306485608254, 0.5437457632545512, -0.7674135986358116], 'radius': 2.4488919164680163}, 'confidence': 0.022103720064931432, 'timestamp': 359913.474974, 'diameter_3d': 4.897783832936033, 'ellipse': {'center': [150.83749140546846, 111.01235434179259], 'axes': [37.42191994565395, 48.61790212820237], 'angle': -56.60037244936417}, 'location': [150.83749140546846, 111.01235434179259], 'diameter': 48.61790212820237, 'sphere': {'center': [3.1288151564275357, -7.390223781503218, 71.70056965504821], 'radius': 12.0}, 'projected_sphere': {'center': [187.05509044513556, 56.096201653965586], 'axes': [207.52973193361993, 207.52973193361993], 'angle': 90.0}, 'model_confidence': 0.7319179647744534, 'model_id': 1, 'model_birth_timestamp': 359909.669808, 'theta': 2.1456902433990783, 'phi': -1.987559360985234, 'norm_pos': [0.47136716064208894, 0.5374485235758641], 'topic': 'pupil.1', 'id': 1, 'method': '3d c++'}"
1581494816.968043,"{'circle_3d': {'center': [-0.640223388482787, -0.9897162730521387, 62.27571676063964], 'normal': [-0.3140865454091935, 0.5333756257042566, -0.785404407867381], 'radius': 2.4428844801677765}, 'confidence': 0.021842860211113767, 'timestamp': 359913.483374, 'diameter_3d': 4.885768960335553, 'ellipse': {'center': [153.8578337185927, 109.74095101332597], 'axes': [38.47545974367776, 48.66285201857648], 'angle': -58.2409907570889}, 'location': [153.8578337185927, 109.74095101332597], 'diameter': 48.66285201857648, 'sphere': {'center': [3.1288151564275357, -7.390223781503218, 71.70056965504821], 'radius': 12.0}, 'projected_sphere': {'center': [187.05509044513556, 56.096201653965586], 'axes': [207.52973193361993, 207.52973193361993], 'angle': 90.0}, 'model_confidence': 0.7319179647744534, 'model_id': 1, 'model_birth_timestamp': 359909.669808, 'theta': 2.1333825687132446, 'phi': -1.9512201413216437, 'norm_pos': [0.4808057303706022, 0.5427460374444751], 'topic': 'pupil.1', 'id': 1, 'method': '3d c++'}"
1581494816.974785,"{'circle_3d': {'center': [0.0, -0.0, 0.0], 'normal': [0.0, -0.0, 0.0], 'radius': 0.0}, 'confidence': 0.0, 'timestamp': 359913.491774, 'diameter_3d': 0.0, 'ellipse': {'center': [160.0, 120.0], 'axes': [0.0, 0.0], 'angle': 90.0}, 'location': [160.0, 120.0], 'diameter': 0.0, 'sphere': {'center': [3.1288151564275357, -7.390223781503218, 71.70056965504821], 'radius': 12.0}, 'projected_sphere': {'center': [187.05509044513556, 56.096201653965586], 'axes': [207.52973193361993, 207.52973193361993], 'angle': 90.0}, 'model_confidence': 0.7319179647744534, 'model_id': 1, 'model_birth_timestamp': 359909.669808, 'theta': 0.0, 'phi': 0.0, 'norm_pos': [0.5, 0.5], 'topic': 'pupil.1', 'id': 1, 'method': '3d c++'}"
1581494816.9839659,"{'circle_3d': {'center': [0.0, -0.0, 0.0], 'normal': [0.0, -0.0, 0.0], 'radius': 0.0}, 'confidence': 0.0, 'timestamp': 359913.500174, 'diameter_3d': 0.0, 'ellipse': {'center': [160.0, 120.0], 'axes': [0.0, 0.0], 'angle': 90.0}, 'location': [160.0, 120.0], 'diameter': 0.0, 'sphere': {'center': [3.1288151564275357, -7.390223781503218, 71.70056965504821], 'radius': 12.0}, 'projected_sphere': {'center': [187.05509044513556, 56.096201653965586], 'axes': [207.52973193361993, 207.52973193361993], 'angle': 90.0}, 'model_confidence': 0.7319179647744534, 'model_id': 1, 'model_birth_timestamp': 359909.669808, 'theta': 0.0, 'phi': 0.0, 'norm_pos': [0.5, 0.5], 'topic': 'pupil.1', 'id': 1, 'method': '3d c++'}"
1581494816.996265,"{'circle_3d': {'center': [-0.14601563959394737, -0.697579679373943, 62.29397631953809], 'normal': [-0.2729025663351236, 0.5577203418441063, -0.783882777959177], 'radius': 2.419508421836945}, 'confidence': 0.007358120129865091, 'timestamp': 359913.508574, 'diameter_3d': 4.83901684367389, 'ellipse': {'center': [158.74608918829568, 112.64394090708878], 'axes': [38.04435936246194, 48.177037145540694], 'angle': -63.40200611098514}, 'location': [158.74608918829568, 112.64394090708878], 'diameter': 48.177037145540694, 'sphere': {'center': [3.1288151564275357, -7.390223781503218, 71.70056965504821], 'radius': 12.0}, 'projected_sphere': {'center': [187.05509044513556, 56.096201653965586], 'axes': [207.52973193361993, 207.52973193361993], 'angle': 90.0}, 'model_confidence': 0.7319179647744534, 'model_id': 1, 'model_birth_timestamp': 359909.669808, 'theta': 2.1624331040393976, 'phi': -1.9058150092570356, 'norm_pos': [0.49608152871342404, 0.5306502462204634], 'topic': 'pupil.1', 'id': 1, 'method': '3d c++'}"
1581494817.0041258,"{'circle_3d': {'center': [0.0, -0.0, 0.0], 'normal': [0.0, -0.0, 0.0], 'radius': 0.0}, 'confidence': 0.0, 'timestamp': 359913.516974, 'diameter_3d': 0.0, 'ellipse': {'center': [160.0, 120.0], 'axes': [0.0, 0.0], 'angle': 90.0}, 'location': [160.0, 120.0], 'diameter': 0.0, 'sphere': {'center': [3.1288151564275357, -7.390223781503218, 71.70056965504821], 'radius': 12.0}, 'projected_sphere': {'center': [187.05509044513556, 56.096201653965586], 'axes': [207.52973193361993, 207.52973193361993], 'angle': 90.0}, 'model_confidence': 0.7319179647744534, 'model_id': 1, 'model_birth_timestamp': 359909.669808, 'theta': 0.0, 'phi': 0.0, 'norm_pos': [0.5, 0.5], 'topic': 'pupil.1', 'id': 1, 'method': '3d c++'}"
1581494817.0119832,"{'circle_3d': {'center': [-0.9657593144322303, -1.3261263510339365, 62.18946129396015], 'normal': [-0.3412145392383139, 0.5053414525391069, -0.7925923634240053], 'radius': 2.432766735492415}, 'confidence': 0.04363684290088238, 'timestamp': 359913.525374, 'diameter_3d': 4.86553347098483, 'ellipse': {'center': [150.62308195597726, 106.39138558303961], 'axes': [38.72187530671966, 48.53619779477471], 'angle': -54.068542791631074}, 'location': [150.62308195597726, 106.39138558303961], 'diameter': 48.53619779477471, 'sphere': {'center': [3.1288151564275357, -7.390223781503218, 71.70056965504821], 'radius': 12.0}, 'projected_sphere': {'center': [187.05509044513556, 56.096201653965586], 'axes': [207.52973193361993, 207.52973193361993], 'angle': 90.0}, 'model_confidence': 0.7319179647744534, 'model_id': 1, 'model_birth_timestamp': 359909.669808, 'theta': 2.1005739408488675, 'phi': -1.9773200390258379, 'norm_pos': [0.47069713111242895, 0.5567025600706683], 'topic': 'pupil.1', 'id': 1, 'method': '3d c++'}"
1581494817.0235252,"{'circle_3d': {'center': [-0.8719435800598414, -4.0611761586899515, 60.88801346062956], 'normal': [-0.33339656137394813, 0.27742063523443894, -0.901046349534888], 'radius': 2.444931681659351}, 'confidence': 0.10674632514711721, 'timestamp': 359913.533773, 'diameter_3d': 4.889863363318702, 'ellipse': {'center': [151.4190300076268, 78.38404138961334], 'axes': [45.468217571698055, 49.90194981685133], 'angle': -31.594354977285125}, 'location': [151.4190300076268, 78.38404138961334], 'diameter': 49.90194981685133, 'sphere': {'center': [3.1288151564275357, -7.390223781503218, 71.70056965504821], 'radius': 12.0}, 'projected_sphere': {'center': [187.05509044513556, 56.096201653965586], 'axes': [207.52973193361993, 207.52973193361993], 'angle': 90.0}, 'model_confidence': 0.7319179647744534, 'model_id': 1, 'model_birth_timestamp': 359909.669808, 'theta': 1.851904646439889, 'phi': -1.9251854337529362, 'norm_pos': [0.4731844687738337, 0.6733998275432778], 'topic': 'pupil.1', 'id': 1, 'method': '3d c++'}"
1581494817.027977,"{'circle_3d': {'center': [0.645869355888621, -3.763167117904988, 60.534574844435326], 'normal': [-0.20691215004490948, 0.3022547219665191, -0.9304995675510737], 'radius': 2.4495980392729892}, 'confidence': 0.08448835817523635, 'timestamp': 359913.542173, 'diameter_3d': 4.8991960785459785, 'ellipse': {'center': [166.81201107141266, 81.16326830556801], 'axes': [47.73142122657239, 50.207921910407286], 'angle': -50.11562446142997}, 'location': [166.81201107141266, 81.16326830556801], 'diameter': 50.207921910407286, 'sphere': {'center': [3.1288151564275357, -7.390223781503218, 71.70056965504821], 'radius': 12.0}, 'projected_sphere': {'center': [187.05509044513556, 56.096201653965586], 'axes': [207.52973193361993, 207.52973193361993], 'angle': 90.0}, 'model_confidence': 0.7319179647744534, 'model_id': 1, 'model_birth_timestamp': 359909.669808, 'theta': 1.877853452962993, 'phi': -1.7896029799027806, 'norm_pos': [0.5212875345981646, 0.6618197153934666], 'topic': 'pupil.1', 'id': 1, 'method': '3d c++'}"
1581494817.034505,"{'circle_3d': {'center': [0.6415645990708598, -3.824822458125677, 60.51569155700054], 'normal': [-0.20727087977972297, 0.2971167769481284, -0.9320731748373062], 'radius': 2.4475676735262843}, 'confidence': 0.11045544009414536, 'timestamp': 359913.550573, 'diameter_3d': 4.895135347052569, 'ellipse': {'center': [166.77039590413798, 80.52429309082686], 'axes': [47.78203834690503, 50.18425003982069], 'angle': -49.249809765101}, 'location': [166.77039590413798, 80.52429309082686], 'diameter': 50.18425003982069, 'sphere': {'center': [3.1288151564275357, -7.390223781503218, 71.70056965504821], 'radius': 12.0}, 'projected_sphere': {'center': [187.05509044513556, 56.096201653965586], 'axes': [207.52973193361993, 207.52973193361993], 'angle': 90.0}, 'model_confidence': 0.7319179647744534, 'model_id': 1, 'model_birth_timestamp': 359909.669808, 'theta': 1.8724679722823978, 'phi': -1.7896119884409165, 'norm_pos': [0.5211574872004312, 0.6644821121215547], 'topic': 'pupil.1', 'id': 1, 'method': '3d c++'}"
1581494817.048377,"{'circle_3d': {'center': [0.6479894237607144, -3.877430417389149, 60.497633144241135], 'normal': [-0.20673547772223513, 0.29273278034283917, -0.9335780425672566], 'radius': 2.4455435458651666}, 'confidence': 0.09094246681855614, 'timestamp': 359913.558973, 'diameter_3d': 4.891087091730333, 'ellipse': {'center': [166.83778569520013, 79.97751787031154], 'axes': [47.83027086552932, 50.159353293773776], 'angle': -48.629669795033806}, 'location': [166.83778569520013, 79.97751787031154], 'diameter': 50.159353293773776, 'sphere': {'center': [3.1288151564275357, -7.390223781503218, 71.70056965504821], 'radius': 12.0}, 'projected_sphere': {'center': [187.05509044513556, 56.096201653965586], 'axes': [207.52973193361993, 207.52973193361993], 'angle': 90.0}, 'model_confidence': 0.7319179647744534, 'model_id': 1, 'model_birth_timestamp': 359909.669808, 'theta': 1.8678798952376165, 'phi': -1.7887237769049469, 'norm_pos': [0.5213680802975004, 0.6667603422070352], 'topic': 'pupil.1', 'id': 1, 'method': '3d c++'}"
1581494817.054757,"{'circle_3d': {'center': [0.8888380302249086, -3.9304531774872267, 60.430587851971694], 'normal': [-0.18666476051688558, 0.2883142170013326, -0.9391651502563764], 'radius': 2.4412729589171938}, 'confidence': 0.09072206931572302, 'timestamp': 359913.567373, 'diameter_3d': 4.8825459178343875, 'ellipse': {'center': [169.29839033122732, 79.39291236456071], 'axes': [48.11288794709026, 50.11842642337549], 'angle': -51.50353299798923}, 'location': [169.29839033122732, 79.39291236456071], 'diameter': 50.11842642337549, 'sphere': {'center': [3.1288151564275357, -7.390223781503218, 71.70056965504821], 'radius': 12.0}, 'projected_sphere': {'center': [187.05509044513556, 56.096201653965586], 'axes': [207.52973193361993, 207.52973193361993], 'angle': 90.0}, 'model_confidence': 0.7319179647744534, 'model_id': 1, 'model_birth_timestamp': 359909.669808, 'theta': 1.8632621538030179, 'phi': -1.7669955003188138, 'norm_pos': [0.5290574697850854, 0.6691961984809971], 'topic': 'pupil.1', 'id': 1, 'method': '3d c++'}"
1581494817.061109,"{'circle_3d': {'center': [-0.3826894224779487, -4.563227635419911, 60.57953425440516], 'normal': [-0.292625381575457, 0.2355830121736089, -0.9267529500535875], 'radius': 2.4755794735267056}, 'confidence': 0.07110294487664934, 'timestamp': 359913.575773, 'diameter_3d': 4.951158947053411, 'ellipse': {'center': [156.36329805382033, 73.06062942403048], 'axes': [47.66353338228032, 50.79992017961679], 'angle': -28.008575171069676}, 'location': [156.36329805382033, 73.06062942403048], 'diameter': 50.79992017961679, 'sphere': {'center': [3.1288151564275357, -7.390223781503218, 71.70056965504821], 'radius': 12.0}, 'projected_sphere': {'center': [187.05509044513556, 56.096201653965586], 'axes': [207.52973193361993, 207.52973193361993], 'angle': 90.0}, 'model_confidence': 0.7319179647744534, 'model_id': 1, 'model_birth_timestamp': 359909.669808, 'theta': 1.808614748042599, 'phi': -1.8766423822281977, 'norm_pos': [0.48863530641818853, 0.6955807107332064], 'topic': 'pupil.1', 'id': 1, 'method': '3d c++'}"
1581494817.070064,"{'circle_3d': {'center': [-0.27613245355912897, -4.577302830319215, 60.54289034904393], 'normal': [-0.28374563416555537, 0.2344100792653336, -0.9298066088336902], 'radius': 2.4574681125593947}, 'confidence': 0.045471400215016555, 'timestamp': 359913.584173, 'diameter_3d': 4.914936225118789, 'ellipse': {'center': [157.44114910397576, 72.89217699116779], 'axes': [47.52589368271739, 50.45531423119702], 'angle': -28.507243780963858}, 'location': [157.44114910397576, 72.89217699116779], 'diameter': 50.45531423119702, 'sphere': {'center': [3.1288151564275357, -7.390223781503218, 71.70056965504821], 'radius': 12.0}, 'projected_sphere': {'center': [187.05509044513556, 56.096201653965586], 'axes': [207.52973193361993, 207.52973193361993], 'angle': 90.0}, 'model_confidence': 0.7319179647744534, 'model_id': 1, 'model_birth_timestamp': 359909.669808, 'theta': 1.8074080221466655, 'phi': -1.8669860725415781, 'norm_pos': [0.49200359094992424, 0.6962825958701342], 'topic': 'pupil.1', 'id': 1, 'method': '3d c++'}"
1581494817.0868502,"{'circle_3d': {'center': [-1.4576379331960445, -4.406999875409749, 61.02045621076333], 'normal': [-0.38220442413529837, 0.24860199217445578, -0.8900094536904071], 'radius': 2.4460179814173038}, 'confidence': 0.0404224771163396, 'timestamp': 359913.592573, 'diameter_3d': 4.8920359628346075, 'ellipse': {'center': [145.52367819125402, 74.98709830970327], 'axes': [44.564583343001246, 49.856180561916844], 'angle': -24.362016693700717}, 'location': [145.52367819125402, 74.98709830970327], 'diameter': 49.856180561916844, 'sphere': {'center': [3.1288151564275357, -7.390223781503218, 71.70056965504821], 'radius': 12.0}, 'projected_sphere': {'center': [187.05509044513556, 56.096201653965586], 'axes': [207.52973193361993, 207.52973193361993], 'angle': 90.0}, 'model_confidence': 0.7319179647744534, 'model_id': 1, 'model_birth_timestamp': 359909.669808, 'theta': 1.822032994198097, 'phi': -1.976420503167932, 'norm_pos': [0.4547614943476688, 0.6875537570429031], 'topic': 'pupil.1', 'id': 1, 'method': '3d c++'}"
1581494817.091001,"{'circle_3d': {'center': [-1.8823719089905375, -4.253791192527055, 61.257830799259715], 'normal': [-0.4175989221181728, 0.2613693824146803, -0.8702282379823748], 'radius': 2.4292189553904717}, 'confidence': 0.04134776933641431, 'timestamp': 359913.600973, 'diameter_3d': 4.8584379107809434, 'ellipse': {'center': [141.29540212844918, 76.70843376706752], 'axes': [42.945820540300915, 49.32419949793343], 'angle': -24.310571077682475}, 'location': [141.29540212844918, 76.70843376706752], 'diameter': 49.32419949793343, 'sphere': {'center': [3.1288151564275357, -7.390223781503218, 71.70056965504821], 'radius': 12.0}, 'projected_sphere': {'center': [187.05509044513556, 56.096201653965586], 'axes': [207.52973193361993, 207.52973193361993], 'angle': 90.0}, 'model_confidence': 0.7319179647744534, 'model_id': 1, 'model_birth_timestamp': 359909.669808, 'theta': 1.8352369557632804, 'phi': -2.0182129727078846, 'norm_pos': [0.4415481316514037, 0.680381525970552], 'topic': 'pupil.1', 'id': 1, 'method': '3d c++'}"
1581494817.101995,"{'circle_3d': {'center': [-2.072627808448963, -4.329860229424572, 61.328531956878905], 'normal': [-0.43345358040637494, 0.2550302960065539, -0.8643364748474425], 'radius': 2.461307921111255}, 'confidence': 0.09571092375282579, 'timestamp': 359913.609373, 'diameter_3d': 4.92261584222251, 'ellipse': {'center': [139.4125403501455, 75.98927832252167], 'axes': [43.06682867142176, 49.927385360115046], 'angle': -22.80475523216664}, 'location': [139.4125403501455, 75.98927832252167], 'diameter': 49.927385360115046, 'sphere': {'center': [3.1288151564275357, -7.390223781503218, 71.70056965504821], 'radius': 12.0}, 'projected_sphere': {'center': [187.05509044513556, 56.096201653965586], 'axes': [207.52973193361993, 207.52973193361993], 'angle': 90.0}, 'model_confidence': 0.7319179647744534, 'model_id': 1, 'model_birth_timestamp': 359909.669808, 'theta': 1.8286753619343925, 'phi': -2.035632897088294, 'norm_pos': [0.43566418859420464, 0.683378006989493], 'topic': 'pupil.1', 'id': 1, 'method': '3d c++'}"
1581494817.103074,"{'circle_3d': {'center': [-2.081106735443266, -4.387190735904381, 61.3160375804843], 'normal': [-0.4341601576559002, 0.25025275379990314, -0.8653776728803263], 'radius': 2.4996583787680313}, 'confidence': 0.013454376982907306, 'timestamp': 359913.617773, 'diameter_3d': 4.999316757536063, 'ellipse': {'center': [139.33530021687804, 75.39695329452445], 'axes': [43.78725515753782, 50.719434954254695], 'angle': -22.179238104426172}, 'location': [139.33530021687804, 75.39695329452445], 'diameter': 50.719434954254695, 'sphere': {'center': [3.1288151564275357, -7.390223781503218, 71.70056965504821], 'radius': 12.0}, 'projected_sphere': {'center': [187.05509044513556, 56.096201653965586], 'axes': [207.52973193361993, 207.52973193361993], 'angle': 90.0}, 'model_confidence': 0.7319179647744534, 'model_id': 1, 'model_birth_timestamp': 359909.669808, 'theta': 1.8237376337398723, 'phi': -2.03580317619775, 'norm_pos': [0.4354228131777439, 0.6858460279394815], 'topic': 'pupil.1', 'id': 1, 'method': '3d c++'}"
1581494817.1107562,"{'circle_3d': {'center': [-2.1067392251368156, -4.444947007248851, 61.31238814716532], 'normal': [-0.436296198463696, 0.24543973118786397, -0.8656817923235743], 'radius': 2.5012741969877164}, 'confidence': 0.006722606752146274, 'timestamp': 359913.626173, 'diameter_3d': 5.002548393975433, 'ellipse': {'center': [139.07733754983565, 74.81394799429194], 'axes': [43.81155820416303, 50.75914915845493], 'angle': -21.490500817009938}, 'location': [139.07733754983565, 74.81394799429194], 'diameter': 50.75914915845493, 'sphere': {'center': [3.1288151564275357, -7.390223781503218, 71.70056965504821], 'radius': 12.0}, 'projected_sphere': {'center': [187.05509044513556, 56.096201653965586], 'axes': [207.52973193361993, 207.52973193361993], 'angle': 90.0}, 'model_confidence': 0.7319179647744534, 'model_id': 1, 'model_birth_timestamp': 359909.669808, 'theta': 1.8187695994601856, 'phi': -2.0376319735336694, 'norm_pos': [0.4346166798432364, 0.6882752166904502], 'topic': 'pupil.1', 'id': 1, 'method': '3d c++'}"
1581494817.119127,"{'circle_3d': {'center': [0.11822822535163402, -0.2625572861302068, 62.52817974504264], 'normal': [-0.25088224425632516, 0.593972207947751, -0.7643658258337974], 'radius': 2.3026966291364075}, 'confidence': 0.0633417091139065, 'timestamp': 359913.634573, 'diameter_3d': 4.605393258272815, 'ellipse': {'center': [161.33429219340218, 117.01316978498485], 'axes': [35.060020789020975, 45.677791270726615], 'angle': -67.10920911462229}, 'location': [161.33429219340218, 117.01316978498485], 'diameter': 45.677791270726615, 'sphere': {'center': [3.1288151564275357, -7.390223781503218, 71.70056965504821], 'radius': 12.0}, 'projected_sphere': {'center': [187.05509044513556, 56.096201653965586], 'axes': [207.52973193361993, 207.52973193361993], 'angle': 90.0}, 'model_confidence': 0.7319179647744534, 'model_id': 1, 'model_birth_timestamp': 359909.669808, 'theta': 2.206783795273183, 'phi': -1.8879403153177348, 'norm_pos': [0.5041696631043818, 0.5124451258958964], 'topic': 'pupil.1', 'id': 1, 'method': '3d c++'}"
1581494817.126685,"{'circle_3d': {'center': [0.022977787163701358, -0.18849647466710184, 62.61822975645075], 'normal': [-0.2588197807719862, 0.600143942236343, -0.756861658216455], 'radius': 2.424264580655889}, 'confidence': 0.4050707453700304, 'timestamp': 359913.642973, 'diameter_3d': 4.848529161311778, 'ellipse': {'center': [160.40981052156067, 117.71007284277651], 'axes': [36.44896240344508, 48.021989544109715], 'angle': -66.6139053258794}, 'location': [160.40981052156067, 117.71007284277651], 'diameter': 48.021989544109715, 'sphere': {'center': [3.1288151564275357, -7.390223781503218, 71.70056965504821], 'radius': 12.0}, 'projected_sphere': {'center': [187.05509044513556, 56.096201653965586], 'axes': [207.52973193361993, 207.52973193361993], 'angle': 90.0}, 'model_confidence': 0.7319179647744534, 'model_id': 1, 'model_birth_timestamp': 359909.669808, 'theta': 2.214477375526474, 'phi': -1.9002946692503306, 'norm_pos': [0.5012806578798771, 0.5095413631550978], 'topic': 'pupil.1', 'id': 1, 'method': '3d c++'}"
1581494817.13462,"{'circle_3d': {'center': [0.01863960540634446, -0.2133077448724876, 62.600092511239616], 'normal': [-0.2591812959184326, 0.5980763363858942, -0.7583730953173831], 'radius': 2.4317045069450165}, 'confidence': 0.5676765533884796, 'timestamp': 359913.651372, 'diameter_3d': 4.863409013890033, 'ellipse': {'center': [160.3687321610838, 117.46141385143125], 'axes': [36.65457990829386, 48.183353682518344], 'angle': -66.49713634674873}, 'location': [160.3687321610838, 117.46141385143125], 'diameter': 48.183353682518344, 'sphere': {'center': [3.1288151564275357, -7.390223781503218, 71.70056965504821], 'radius': 12.0}, 'projected_sphere': {'center': [187.05509044513556, 56.096201653965586], 'axes': [207.52973193361993, 207.52973193361993], 'angle': 90.0}, 'model_confidence': 0.7319179647744534, 'model_id': 1, 'model_birth_timestamp': 359909.669808, 'theta': 2.2118950181121875, 'phi': -1.9001112667751572, 'norm_pos': [0.501152288003387, 0.5105774422857031], 'topic': 'pupil.1', 'id': 1, 'method': '3d c++'}"
1581494817.142514,"{'circle_3d': {'center': [0.11315237124218136, -0.20635102270111894, 62.57380954253352], 'normal': [-0.2513052320987795, 0.5986560632335082, -0.7605633427095578], 'radius': 2.4389704278568627}, 'confidence': 0.6319144932950717, 'timestamp': 359913.659772, 'diameter_3d': 4.877940855713725, 'ellipse': {'center': [161.30201615884624, 117.5249507349896], 'axes': [36.90063047660777, 48.34758315028344], 'angle': -67.25479288704312}, 'location': [161.30201615884624, 117.5249507349896], 'diameter': 48.34758315028344, 'sphere': {'center': [3.1288151564275357, -7.390223781503218, 71.70056965504821], 'radius': 12.0}, 'projected_sphere': {'center': [187.05509044513556, 56.096201653965586], 'axes': [207.52973193361993, 207.52973193361993], 'angle': 90.0}, 'model_confidence': 0.7319179647744534, 'model_id': 1, 'model_birth_timestamp': 359909.669808, 'theta': 2.2126185708112494, 'phi': -1.8899224660354657, 'norm_pos': [0.5040688004963945, 0.5103127052708767], 'topic': 'pupil.1', 'id': 1, 'method': '3d c++'}"
1581494817.151003,"{'circle_3d': {'center': [-0.003952156634970283, -0.2958491249984254, 62.543298380517264], 'normal': [-0.2610639427552088, 0.591197888042066, -0.7631059395442457], 'radius': 2.4269149360372273}, 'confidence': 0.5965050925657251, 'timestamp': 359913.668172, 'diameter_3d': 4.853829872074455, 'ellipse': {'center': [160.14689615153847, 116.64392828579804], 'axes': [36.87499293974898, 48.13189009831442], 'angle': -66.03923178404885}, 'location': [160.14689615153847, 116.64392828579804], 'diameter': 48.13189009831442, 'sphere': {'center': [3.1288151564275357, -7.390223781503218, 71.70056965504821], 'radius': 12.0}, 'projected_sphere': {'center': [187.05509044513556, 56.096201653965586], 'axes': [207.52973193361993, 207.52973193361993], 'angle': 90.0}, 'model_confidence': 0.7319179647744534, 'model_id': 1, 'model_birth_timestamp': 359909.669808, 'theta': 2.203339603679646, 'phi': -1.9004223584084976, 'norm_pos': [0.5004590504735578, 0.5139836321425082], 'topic': 'pupil.1', 'id': 1, 'method': '3d c++'}"
1581494817.162705,"{'circle_3d': {'center': [0.008693768759796772, -0.2821847930399617, 62.54957931166436], 'normal': [-0.2600101156389783, 0.5923365823719381, -0.7625825286153212], 'radius': 2.440278809475598}, 'confidence': 0.719594191350166, 'timestamp': 359913.676572, 'diameter_3d': 4.880557618951196, 'ellipse': {'center': [160.27345881884196, 116.77462875352984], 'axes': [37.04583443604695, 48.39223906159283], 'angle': -66.18500407862763}, 'location': [160.27345881884196, 116.77462875352984], 'diameter': 48.39223906159283, 'sphere': {'center': [3.1288151564275357, -7.390223781503218, 71.70056965504821], 'radius': 12.0}, 'projected_sphere': {'center': [187.05509044513556, 56.096201653965586], 'axes': [207.52973193361993, 207.52973193361993], 'angle': 90.0}, 'model_confidence': 0.7319179647744534, 'model_id': 1, 'model_birth_timestamp': 359909.669808, 'theta': 2.204752185273193, 'phi': -1.8993950777589947, 'norm_pos': [0.5008545588088811, 0.5134390468602923], 'topic': 'pupil.1', 'id': 1, 'method': '3d c++'}"
1581494817.172544,"{'circle_3d': {'center': [0.011910549348919108, -0.27655582382405086, 62.55285770843223], 'normal': [-0.2597420505898847, 0.5928056631399307, -0.7623093288846654], 'radius': 2.43276788261176}, 'confidence': 0.6847580584357229, 'timestamp': 359913.684972, 'diameter_3d': 4.86553576522352, 'ellipse': {'center': [160.3039284073654, 116.83309616320895], 'axes': [36.91473737588446, 48.24067650840403], 'angle': -66.22944599000486}, 'location': [160.3039284073654, 116.83309616320895], 'diameter': 48.24067650840403, 'sphere': {'center': [3.1288151564275357, -7.390223781503218, 71.70056965504821], 'radius': 12.0}, 'projected_sphere': {'center': [187.05509044513556, 56.096201653965586], 'axes': [207.52973193361993, 207.52973193361993], 'angle': 90.0}, 'model_confidence': 0.7319179647744534, 'model_id': 1, 'model_birth_timestamp': 359909.669808, 'theta': 2.205334519506878, 'phi': -1.8991895061965829, 'norm_pos': [0.5009497762730168, 0.513195432653296], 'topic': 'pupil.1', 'id': 1, 'method': '3d c++'}"
1581494817.178839,"{'circle_3d': {'center': [0.015168818996077693, -0.27095980734321046, 62.556102095281425], 'normal': [-0.2594705281192881, 0.5932719978466673, -0.7620389633138989], 'radius': 2.428172496426289}, 'confidence': 0.5668618958109676, 'timestamp': 359913.693372, 'diameter_3d': 4.856344992852578, 'ellipse': {'center': [160.33525566361965, 116.89020396229228], 'axes': [36.82819716959072, 48.14700410347653], 'angle': -66.2740398392281}, 'location': [160.33525566361965, 116.89020396229228], 'diameter': 48.14700410347653, 'sphere': {'center': [3.1288151564275357, -7.390223781503218, 71.70056965504821], 'radius': 12.0}, 'projected_sphere': {'center': [187.05509044513556, 56.096201653965586], 'axes': [207.52973193361993, 207.52973193361993], 'angle': 90.0}, 'model_confidence': 0.7319179647744534, 'model_id': 1, 'model_birth_timestamp': 359909.669808, 'theta': 2.2059136922132674, 'phi': -1.8989785578913951, 'norm_pos': [0.5010476739488114, 0.5129574834904489], 'topic': 'pupil.1', 'id': 1, 'method': '3d c++'}"
1581494817.1870139,"{'circle_3d': {'center': [-0.004325934304249213, -0.36231056036378906, 62.492319948306886], 'normal': [-0.2610950908943153, 0.5856594350949522, -0.7673541422284437], 'radius': 2.439483144387643}, 'confidence': 0.4805497732947361, 'timestamp': 359913.701772, 'diameter_3d': 4.878966288775286, 'ellipse': {'center': [160.14646362441277, 115.97832257955166], 'axes': [37.33076501239677, 48.42060944629311], 'angle': -65.80269911976842}, 'location': [160.14646362441277, 115.97832257955166], 'diameter': 48.42060944629311, 'sphere': {'center': [3.1288151564275357, -7.390223781503218, 71.70056965504821], 'radius': 12.0}, 'projected_sphere': {'center': [187.05509044513556, 56.096201653965586], 'axes': [207.52973193361993, 207.52973193361993], 'angle': 90.0}, 'model_confidence': 0.7319179647744534, 'model_id': 1, 'model_birth_timestamp': 359909.669808, 'theta': 2.1964897033923623, 'phi': -1.8987622328434322, 'norm_pos': [0.5004576988262899, 0.5167569892518681], 'topic': 'pupil.1', 'id': 1, 'method': '3d c++'}"
1581494817.194593,"{'circle_3d': {'center': [0.0005843426587017753, -0.3499932885367407, 62.50006278957106], 'normal': [-0.2606859011474028, 0.5866858744138731, -0.7667089054564292], 'radius': 2.426868609957825}, 'confidence': 0.5799542128071161, 'timestamp': 359913.710172, 'diameter_3d': 4.85373721991565, 'ellipse': {'center': [160.19275710597316, 116.10515602007953], 'axes': [37.09754828780478, 48.16411784376936], 'angle': -65.8848372481873}, 'location': [160.19275710597316, 116.10515602007953], 'diameter': 48.16411784376936, 'sphere': {'center': [3.1288151564275357, -7.390223781503218, 71.70056965504821], 'radius': 12.0}, 'projected_sphere': {'center': [187.05509044513556, 56.096201653965586], 'axes': [207.52973193361993, 207.52973193361993], 'angle': 90.0}, 'model_confidence': 0.7319179647744534, 'model_id': 1, 'model_birth_timestamp': 359909.669808, 'theta': 2.197756621468929, 'phi': -1.8985405310526946, 'norm_pos': [0.5006023659561661, 0.516228516583002], 'topic': 'pupil.1', 'id': 1, 'method': '3d c++'}"
1581494817.2029388,"{'circle_3d': {'center': [-0.0881638320566358, -0.3457567257128824, 62.533971044465545], 'normal': [-0.26808158237368085, 0.5870389213158611, -0.7638832175485553], 'radius': 2.4466943802930716}, 'confidence': 0.6430631081999884, 'timestamp': 359913.718572, 'diameter_3d': 4.893388760586143, 'ellipse': {'center': [159.31981900282528, 116.14388688722283], 'axes': [37.223220889537544, 48.53183436836125], 'angle': -65.20874130339624}, 'location': [159.31981900282528, 116.14388688722283], 'diameter': 48.53183436836125, 'sphere': {'center': [3.1288151564275357, -7.390223781503218, 71.70056965504821], 'radius': 12.0}, 'projected_sphere': {'center': [187.05509044513556, 56.096201653965586], 'axes': [207.52973193361993, 207.52973193361993], 'angle': 90.0}, 'model_confidence': 0.7319179647744534, 'model_id': 1, 'model_birth_timestamp': 359909.669808, 'theta': 2.1981926505110794, 'phi': -1.9083134525191812, 'norm_pos': [0.497874434383829, 0.5160671379699049], 'topic': 'pupil.1', 'id': 1, 'method': '3d c++'}"
1581494817.2111082,"{'circle_3d': {'center': [-0.07866347285993047, -0.3415584377634735, 62.53386917370671], 'normal': [-0.26728988577395546, 0.5873887786449786, -0.7638917067784583], 'radius': 2.4395945963899455}, 'confidence': 0.6968219770841815, 'timestamp': 359913.726972, 'diameter_3d': 4.879189192779891, 'ellipse': {'center': [159.4123770345208, 116.18775609999395], 'axes': [37.11576780028626, 48.39096487788203], 'angle': -65.29742642005937}, 'location': [159.4123770345208, 116.18775609999395], 'diameter': 48.39096487788203, 'sphere': {'center': [3.1288151564275357, -7.390223781503218, 71.70056965504821], 'radius': 12.0}, 'projected_sphere': {'center': [187.05509044513556, 56.096201653965586], 'axes': [207.52973193361993, 207.52973193361993], 'angle': 90.0}, 'model_confidence': 0.7319179647744534, 'model_id': 1, 'model_birth_timestamp': 359909.669808, 'theta': 2.1986248763283895, 'phi': -1.9073869288234009, 'norm_pos': [0.4981636782328775, 0.5158843495833585], 'topic': 'pupil.1', 'id': 1, 'method': '3d c++'}"
1581494817.2185001,"{'circle_3d': {'center': [-0.07671118143728206, -0.3373983906936848, 62.536386390621026], 'normal': [-0.26712719482206815, 0.5877354492341278, -0.7636819387022656], 'radius': 2.446229414006248}, 'confidence': 0.5619512628476881, 'timestamp': 359913.735372, 'diameter_3d': 4.892458828012496, 'ellipse': {'center': [159.43263727289062, 116.22673995770658], 'axes': [37.20378571734217, 48.520702518952795], 'angle': -65.327499999757}, 'location': [159.43263727289062, 116.22673995770658], 'diameter': 48.520702518952795, 'sphere': {'center': [3.1288151564275357, -7.390223781503218, 71.70056965504821], 'radius': 12.0}, 'projected_sphere': {'center': [187.05509044513556, 56.096201653965586], 'axes': [207.52973193361993, 207.52973193361993], 'angle': 90.0}, 'model_confidence': 0.7319179647744534, 'model_id': 1, 'model_birth_timestamp': 359909.669808, 'theta': 2.199053298923816, 'phi': -1.9072827558910175, 'norm_pos': [0.49822699147778315, 0.5157219168428893], 'topic': 'pupil.1', 'id': 1, 'method': '3d c++'}"
1581494817.227155,"{'circle_3d': {'center': [-0.07472433900286202, -0.33327655085963137, 62.53886509284313], 'normal': [-0.26696162461919976, 0.5880789358869655, -0.7634753801837566], 'radius': 2.440963060190558}, 'confidence': 0.6966590389442425, 'timestamp': 359913.743772, 'diameter_3d': 4.881926120381116, 'ellipse': {'center': [159.45135867647528, 116.26950368535508], 'axes': [37.11076605855723, 48.414260450791005], 'angle': -65.35767775011408}, 'location': [159.45135867647528, 116.26950368535508], 'diameter': 48.414260450791005, 'sphere': {'center': [3.1288151564275357, -7.390223781503218, 71.70056965504821], 'radius': 12.0}, 'projected_sphere': {'center': [187.05509044513556, 56.096201653965586], 'axes': [207.52973193361993, 207.52973193361993], 'angle': 90.0}, 'model_confidence': 0.7319179647744534, 'model_id': 1, 'model_birth_timestamp': 359909.669808, 'theta': 2.199477918291422, 'phi': -1.9071738479143212, 'norm_pos': [0.49828549586398524, 0.5155437346443539], 'topic': 'pupil.1', 'id': 1, 'method': '3d c++'}"
1581494817.234698,"{'circle_3d': {'center': [-0.07270298876880998, -0.32919288479633657, 62.54130526090993], 'normal': [-0.26679317876636216, 0.5884192413922402, -0.763272032844857], 'radius': 2.441098586522947}, 'confidence': 0.681907664665127, 'timestamp': 359913.752172, 'diameter_3d': 4.882197173045894, 'ellipse': {'center': [159.4712721599945, 116.30999333005252], 'axes': [37.10020503561817, 48.41506199760557], 'angle': -65.38795498033328}, 'location': [159.4712721599945, 116.30999333005252], 'diameter': 48.41506199760557, 'sphere': {'center': [3.1288151564275357, -7.390223781503218, 71.70056965504821], 'radius': 12.0}, 'projected_sphere': {'center': [187.05509044513556, 56.096201653965586], 'axes': [207.52973193361993, 207.52973193361993], 'angle': 90.0}, 'model_confidence': 0.7319179647744534, 'model_id': 1, 'model_birth_timestamp': 359909.669808, 'theta': 2.199898734434188, 'phi': -1.9070602048926073, 'norm_pos': [0.4983477254999828, 0.5153750277914478], 'topic': 'pupil.1', 'id': 1, 'method': '3d c++'}"
1581494817.24836,"{'circle_3d': {'center': [-0.1620545523974073, -0.3251478386793236, 62.57615852436863], 'normal': [-0.27423914240207864, 0.588756328568658, -0.7603675942232987], 'radius': 2.441813222405539}, 'confidence': 0.6090106105955816, 'timestamp': 359913.760571, 'diameter_3d': 4.883626444811078, 'ellipse': {'center': [158.5903273139871, 116.35348905009799], 'axes': [36.92860866376179, 48.40266515916863], 'angle': -64.71554161762754}, 'location': [158.5903273139871, 116.35348905009799], 'diameter': 48.40266515916863, 'sphere': {'center': [3.1288151564275357, -7.390223781503218, 71.70056965504821], 'radius': 12.0}, 'projected_sphere': {'center': [187.05509044513556, 56.096201653965586], 'axes': [207.52973193361993, 207.52973193361993], 'angle': 90.0}, 'model_confidence': 0.7319179647744534, 'model_id': 1, 'model_birth_timestamp': 359909.669808, 'theta': 2.200315697933698, 'phi': -1.9169418412004264, 'norm_pos': [0.4955947728562097, 0.5151937956245918], 'topic': 'pupil.1', 'id': 1, 'method': '3d c++'}"
1581494817.254712,"{'circle_3d': {'center': [-0.15360850546641514, -0.32114041638133983, 62.576220073801565], 'normal': [-0.2735353051578292, 0.5890902804268231, -0.7603624651038872], 'radius': 2.4422689955664043}, 'confidence': 0.7202821282879549, 'timestamp': 359913.768971, 'diameter_3d': 4.884537991132809, 'ellipse': {'center': [158.6736311608174, 116.39282788215263], 'axes': [36.93538481573962, 48.41162458126851], 'angle': -64.79471079818472}, 'location': [158.6736311608174, 116.39282788215263], 'diameter': 48.41162458126851, 'sphere': {'center': [3.1288151564275357, -7.390223781503218, 71.70056965504821], 'radius': 12.0}, 'projected_sphere': {'center': [187.05509044513556, 56.096201653965586], 'axes': [207.52973193361993, 207.52973193361993], 'angle': 90.0}, 'model_confidence': 0.7319179647744534, 'model_id': 1, 'model_birth_timestamp': 359909.669808, 'theta': 2.200728908079553, 'phi': -1.916124643424339, 'norm_pos': [0.49585509737755434, 0.5150298838243641], 'topic': 'pupil.1', 'id': 1, 'method': '3d c++'}"
1581494817.26291,"{'circle_3d': {'center': [-0.1526814306469162, -0.31717106915206017, 62.57896313660418], 'normal': [-0.27345804892287096, 0.5894210593625965, -0.7601338765370026], 'radius': 2.4373117400332442}, 'confidence': 0.7144362504582115, 'timestamp': 359913.777371, 'diameter_3d': 4.8746234800664885, 'ellipse': {'center': [158.68196324885912, 116.43397028246842], 'axes': [36.846155181455224, 48.311181643902984], 'angle': -64.81625402775188}, 'location': [158.68196324885912, 116.43397028246842], 'diameter': 48.311181643902984, 'sphere': {'center': [3.1288151564275357, -7.390223781503218, 71.70056965504821], 'radius': 12.0}, 'projected_sphere': {'center': [187.05509044513556, 56.096201653965586], 'axes': [207.52973193361993, 207.52973193361993], 'angle': 90.0}, 'model_confidence': 0.7319179647744534, 'model_id': 1, 'model_birth_timestamp': 359909.669808, 'theta': 2.2011383150005677, 'phi': -1.9161304406538497, 'norm_pos': [0.4958811351526847, 0.5148584571563816], 'topic': 'pupil.1', 'id': 1, 'method': '3d c++'}"
1581494817.270732,"{'circle_3d': {'center': [-0.1517255579915857, -0.31323976459939296, 62.58166896222749], 'normal': [-0.2733783928682601, 0.5897486680753188, -0.7599083910683936], 'radius': 2.457826222848044}, 'confidence': 0.6274005033898064, 'timestamp': 359913.785771, 'diameter_3d': 4.915652445696088, 'ellipse': {'center': [158.69466264532238, 116.46583713231325], 'axes': [37.142599526421904, 48.71596961646789], 'angle': -64.83784678628506}, 'location': [158.69466264532238, 116.46583713231325], 'diameter': 48.71596961646789, 'sphere': {'center': [3.1288151564275357, -7.390223781503218, 71.70056965504821], 'radius': 12.0}, 'projected_sphere': {'center': [187.05509044513556, 56.096201653965586], 'axes': [207.52973193361993, 207.52973193361993], 'angle': 90.0}, 'model_confidence': 0.7319179647744534, 'model_id': 1, 'model_birth_timestamp': 359909.669808, 'theta': 2.2015439186995414, 'phi': -1.9161321444680568, 'norm_pos': [0.49592082076663246, 0.5147256786153614], 'topic': 'pupil.1', 'id': 1, 'method': '3d c++'}"
1581494817.278539,"{'circle_3d': {'center': [-0.15074093620723739, -0.3093464706828595, 62.58433751976493], 'normal': [-0.27329634105289774, 0.5900731092350299, -0.7596860112736068], 'radius': 2.444986545496504}, 'confidence': 0.5120681997482621, 'timestamp': 359913.794171, 'diameter_3d': 4.889973090993008, 'ellipse': {'center': [158.70229068771175, 116.50898220837122], 'axes': [36.93449692763366, 48.459248853424334], 'angle': -64.85951097146483}, 'location': [158.70229068771175, 116.50898220837122], 'diameter': 48.459248853424334, 'sphere': {'center': [3.1288151564275357, -7.390223781503218, 71.70056965504821], 'radius': 12.0}, 'projected_sphere': {'center': [187.05509044513556, 56.096201653965586], 'axes': [207.52973193361993, 207.52973193361993], 'angle': 90.0}, 'model_confidence': 0.7319179647744534, 'model_id': 1, 'model_birth_timestamp': 359909.669808, 'theta': 2.2019457191708516, 'phi': -1.9161297548669367, 'norm_pos': [0.49594465839909924, 0.51454590746512], 'topic': 'pupil.1', 'id': 1, 'method': '3d c++'}"
1581494817.2872949,"{'circle_3d': {'center': [-0.14972761307925753, -0.30549115555098183, 62.58696877903424], 'normal': [-0.2732118974588994, 0.5903943854960196, -0.7594667396678312], 'radius': 2.443912437789406}, 'confidence': 0.5272335269373233, 'timestamp': 359913.802571, 'diameter_3d': 4.887824875578812, 'ellipse': {'center': [158.712091776584, 116.5476278634888], 'axes': [36.9046322009584, 48.43591231238386], 'angle': -64.88123005096152}, 'location': [158.712091776584, 116.5476278634888], 'diameter': 48.43591231238386, 'sphere': {'center': [3.1288151564275357, -7.390223781503218, 71.70056965504821], 'radius': 12.0}, 'projected_sphere': {'center': [187.05509044513556, 56.096201653965586], 'axes': [207.52973193361993, 207.52973193361993], 'angle': 90.0}, 'model_confidence': 0.7319179647744534, 'model_id': 1, 'model_birth_timestamp': 359909.669808, 'theta': 2.2023437164173223, 'phi': -1.9161232718505152, 'norm_pos': [0.495975286801825, 0.51438488390213], 'topic': 'pupil.1', 'id': 1, 'method': '3d c++'}"
1581494817.295669,"{'circle_3d': {'center': [-0.14868563549663927, -0.3016737876513851, 62.58956271050034], 'normal': [-0.2731250659936812, 0.5907124994876527, -0.7592505787123227], 'radius': 2.4423829827292423}, 'confidence': 0.5127902637185361, 'timestamp': 359913.810971, 'diameter_3d': 4.8847659654584845, 'ellipse': {'center': [158.72210211732252, 116.586051345915], 'axes': [36.86809159820098, 48.4035765248786], 'angle': -64.90300869104301}, 'location': [158.72210211732252, 116.586051345915], 'diameter': 48.4035765248786, 'sphere': {'center': [3.1288151564275357, -7.390223781503218, 71.70056965504821], 'radius': 12.0}, 'projected_sphere': {'center': [187.05509044513556, 56.096201653965586], 'axes': [207.52973193361993, 207.52973193361993], 'angle': 90.0}, 'model_confidence': 0.7319179647744534, 'model_id': 1, 'model_birth_timestamp': 359909.669808, 'theta': 2.202737910438953, 'phi': -1.9161126954187928, 'norm_pos': [0.4960065691166329, 0.5142247860586875], 'topic': 'pupil.1', 'id': 1, 'method': '3d c++'}"
1581494817.302986,"{'circle_3d': {'center': [-0.14761504944419102, -0.29789433570426915, 62.59211928529241], 'normal': [-0.2730358504893105, 0.5910274538165791, -0.7590375308129833], 'radius': 2.4379835532633014}, 'confidence': 0.5882667400029038, 'timestamp': 359913.819371, 'diameter_3d': 4.875967106526603, 'ellipse': {'center': [158.73193655840856, 116.62509394419439], 'axes': [36.78839948312227, 48.314360261038544], 'angle': -64.92484790223008}, 'location': [158.73193655840856, 116.62509394419439], 'diameter': 48.314360261038544, 'sphere': {'center': [3.1288151564275357, -7.390223781503218, 71.70056965504821], 'radius': 12.0}, 'projected_sphere': {'center': [187.05509044513556, 56.096201653965586], 'axes': [207.52973193361993, 207.52973193361993], 'angle': 90.0}, 'model_confidence': 0.7319179647744534, 'model_id': 1, 'model_birth_timestamp': 359909.669808, 'theta': 2.203128301235744, 'phi': -1.9160980255717688, 'norm_pos': [0.49603730174502675, 0.5140621085658568], 'topic': 'pupil.1', 'id': 1, 'method': '3d c++'}"
1581494817.311064,"{'circle_3d': {'center': [-0.14651590000133075, -0.29415276870325613, 62.59463847520215], 'normal': [-0.2729442547024056, 0.5913392510666636, -0.7588275983205051], 'radius': 2.4507946713573565}, 'confidence': 0.577876917299356, 'timestamp': 359913.827771, 'diameter_3d': 4.901589342714713, 'ellipse': {'center': [158.74479940979148, 116.65775077518343], 'axes': [36.96889538420758, 48.56645460414228], 'angle': -64.94674083547159}, 'location': [158.74479940979148, 116.65775077518343], 'diameter': 48.56645460414228, 'sphere': {'center': [3.1288151564275357, -7.390223781503218, 71.70056965504821], 'radius': 12.0}, 'projected_sphere': {'center': [187.05509044513556, 56.096201653965586], 'axes': [207.52973193361993, 207.52973193361993], 'angle': 90.0}, 'model_confidence': 0.7319179647744534, 'model_id': 1, 'model_birth_timestamp': 359909.669808, 'theta': 2.2035148888076956, 'phi': -1.9160792623094447, 'norm_pos': [0.4960774981555984, 0.5139260384367357], 'topic': 'pupil.1', 'id': 1, 'method': '3d c++'}"
1581494817.318848,"{'circle_3d': {'center': [-0.23625749932540918, -0.2904490559162394, 62.63031690953885], 'normal': [-0.2804227213127454, 0.5916478937989149, -0.7558543954591137], 'radius': 2.4452169821172856}, 'confidence': 0.5507932003527904, 'timestamp': 359913.836171, 'diameter_3d': 4.890433964234571, 'ellipse': {'center': [157.86011665097266, 116.6999556527768], 'axes': [36.69760788595693, 48.42869707456283], 'angle': -64.28019408298212}, 'location': [157.86011665097266, 116.6999556527768], 'diameter': 48.42869707456283, 'sphere': {'center': [3.1288151564275357, -7.390223781503218, 71.70056965504821], 'radius': 12.0}, 'projected_sphere': {'center': [187.05509044513556, 56.096201653965586], 'axes': [207.52973193361993, 207.52973193361993], 'angle': 90.0}, 'model_confidence': 0.7319179647744534, 'model_id': 1, 'model_birth_timestamp': 359909.669808, 'theta': 2.203897673154808, 'phi': -1.926056405631819, 'norm_pos': [0.4933128645342896, 0.5137501847800967], 'topic': 'pupil.1', 'id': 1, 'method': '3d c++'}"
1581494817.3309388,"{'circle_3d': {'center': [-0.22878247518827566, -0.2867831668609213, 62.63041697836089], 'normal': [-0.27979980263465093, 0.5919533845535248, -0.7558460563906101], 'radius': 2.447448375063936}, 'confidence': 0.4982384454576199, 'timestamp': 359913.844571, 'diameter_3d': 4.894896750127872, 'ellipse': {'center': [157.93408118074166, 116.73528499000332], 'axes': [36.73082633931389, 48.47280750571227], 'angle': -64.34996369325808}, 'location': [157.93408118074166, 116.73528499000332], 'diameter': 48.47280750571227, 'sphere': {'center': [3.1288151564275357, -7.390223781503218, 71.70056965504821], 'radius': 12.0}, 'projected_sphere': {'center': [187.05509044513556, 56.096201653965586], 'axes': [207.52973193361993, 207.52973193361993], 'angle': 90.0}, 'model_confidence': 0.7319179647744534, 'model_id': 1, 'model_birth_timestamp': 359909.669808, 'theta': 2.2042766542796937, 'phi': -1.925335387444493, 'norm_pos': [0.49354400368981766, 0.5136029792083194], 'topic': 'pupil.1', 'id': 1, 'method': '3d c++'}"
1581494817.338788,"{'circle_3d': {'center': [-0.13794806135033122, -0.28315507140699125, 62.600139311985046], 'normal': [-0.27223026814815554, 0.5922557258413522, -0.7583691952552638], 'radius': 2.4390145855375245}, 'confidence': 0.49151337189789307, 'timestamp': 359913.852971, 'diameter_3d': 4.878029171075049, 'ellipse': {'center': [158.82729426779923, 116.7707853857453], 'axes': [36.762691914989595, 48.32859834506786], 'angle': -65.05167924701992}, 'location': [158.82729426779923, 116.7707853857453], 'diameter': 48.32859834506786, 'sphere': {'center': [3.1288151564275357, -7.390223781503218, 71.70056965504821], 'radius': 12.0}, 'projected_sphere': {'center': [187.05509044513556, 56.096201653965586], 'axes': [207.52973193361993, 207.52973193361993], 'angle': 90.0}, 'model_confidence': 0.7319179647744534, 'model_id': 1, 'model_birth_timestamp': 359909.669808, 'theta': 2.2046518321771007, 'phi': -1.9154380033232763, 'norm_pos': [0.4963352945868726, 0.513455060892728], 'topic': 'pupil.1', 'id': 1, 'method': '3d c++'}"
1581494817.3474581,"{'circle_3d': {'center': [-0.23506020243531411, -0.27956473962452133, 62.638402664742635], 'normal': [-0.28032294657190415, 0.5925549201565581, -0.7551805825254648], 'radius': 2.477479010277454}, 'confidence': 0.31605152610955817, 'timestamp': 359913.861371, 'diameter_3d': 4.954958020554908, 'ellipse': {'center': [157.87725210361899, 116.79667218332074], 'axes': [37.140066862895914, 49.061763875672774], 'angle': -64.3292044727332}, 'location': [157.87725210361899, 116.79667218332074], 'diameter': 49.061763875672774, 'sphere': {'center': [3.1288151564275357, -7.390223781503218, 71.70056965504821], 'radius': 12.0}, 'projected_sphere': {'center': [187.05509044513556, 56.096201653965586], 'axes': [207.52973193361993, 207.52973193361993], 'angle': 90.0}, 'model_confidence': 0.7319179647744534, 'model_id': 1, 'model_birth_timestamp': 359909.669808, 'theta': 2.2050232068496682, 'phi': -1.9262312355848248, 'norm_pos': [0.49336641282380933, 0.5133471992361636], 'topic': 'pupil.1', 'id': 1, 'method': '3d c++'}"
1581494817.35534,"{'circle_3d': {'center': [-0.22751767918672483, -0.27601256257349593, 62.63839394338647], 'normal': [-0.279694402967855, 0.5928509349108101, -0.7551813093051453], 'radius': 2.445500376029706}, 'confidence': 0.6329287625107778, 'timestamp': 359913.86977, 'diameter_3d': 4.891000752059412, 'ellipse': {'center': [157.946275458639, 116.84283734544047], 'axes': [36.660287958599646, 48.42804208915959], 'angle': -64.39897440311192}, 'location': [157.946275458639, 116.84283734544047], 'diameter': 48.42804208915959, 'sphere': {'center': [3.1288151564275357, -7.390223781503218, 71.70056965504821], 'radius': 12.0}, 'projected_sphere': {'center': [187.05509044513556, 56.096201653965586], 'axes': [207.52973193361993, 207.52973193361993], 'angle': 90.0}, 'model_confidence': 0.7319179647744534, 'model_id': 1, 'model_birth_timestamp': 359909.669808, 'theta': 2.2053907347649147, 'phi': -1.9254992094366137, 'norm_pos': [0.4935821108082469, 0.513154844393998], 'topic': 'pupil.1', 'id': 1, 'method': '3d c++'}"
1581494817.363431,"{'circle_3d': {'center': [-0.22744867459718687, -0.2724976650446651, 62.64112883192678], 'normal': [-0.2796886525853935, 0.5931438430382125, -0.754953401926786], 'radius': 2.442144243718828}, 'confidence': 0.5444195629867844, 'timestamp': 359913.87817, 'diameter_3d': 4.884288487437656, 'ellipse': {'center': [157.9464305540183, 116.87888990233334], 'axes': [36.59577447881939, 48.35943072719452], 'angle': -64.41235227728416}, 'location': [157.9464305540183, 116.87888990233334], 'diameter': 48.35943072719452, 'sphere': {'center': [3.1288151564275357, -7.390223781503218, 71.70056965504821], 'radius': 12.0}, 'projected_sphere': {'center': [187.05509044513556, 56.096201653965586], 'axes': [207.52973193361993, 207.52973193361993], 'angle': 90.0}, 'model_confidence': 0.7319179647744534, 'model_id': 1, 'model_birth_timestamp': 359909.669808, 'theta': 2.2057545034405712, 'phi': -1.9255908288792158, 'norm_pos': [0.4935825954813072, 0.5130046254069445], 'topic': 'pupil.1', 'id': 1, 'method': '3d c++'}"
1581494817.3723142,"{'circle_3d': {'center': [-0.22735690264987918, -0.2690204431458252, 62.64382784998191], 'normal': [-0.27968100492311787, 0.5934336115297827, -0.754728483755525], 'radius': 2.4674455069500896}, 'confidence': 0.45033662605263103, 'timestamp': 359913.88657, 'diameter_3d': 4.934891013900179, 'ellipse': {'center': [157.95147105048605, 116.90456020369304], 'axes': [36.96132654648914, 48.85867985567714], 'angle': -64.42573772295744}, 'location': [157.95147105048605, 116.90456020369304], 'diameter': 48.85867985567714, 'sphere': {'center': [3.1288151564275357, -7.390223781503218, 71.70056965504821], 'radius': 12.0}, 'projected_sphere': {'center': [187.05509044513556, 56.096201653965586], 'axes': [207.52973193361993, 207.52973193361993], 'angle': 90.0}, 'model_confidence': 0.7319179647744534, 'model_id': 1, 'model_birth_timestamp': 359909.669808, 'theta': 2.2061144688913874, 'phi': -1.925678996606604, 'norm_pos': [0.4935983470327689, 0.5128976658179456], 'topic': 'pupil.1', 'id': 1, 'method': '3d c++'}"
1581494817.378804,"{'circle_3d': {'center': [-0.22724241161206038, -0.2655808680636227, 62.64649096332153], 'normal': [-0.2796714640032997, 0.5937202427866329, -0.75450655764389], 'radius': 2.461266218286847}, 'confidence': 0.5033641482109312, 'timestamp': 359913.89497, 'diameter_3d': 4.922532436573694, 'ellipse': {'center': [157.9516066374284, 116.94085785908828], 'axes': [36.85477033253785, 48.73417325374661], 'angle': -64.43915657092396}, 'location': [157.9516066374284, 116.94085785908828], 'diameter': 48.73417325374661, 'sphere': {'center': [3.1288151564275357, -7.390223781503218, 71.70056965504821], 'radius': 12.0}, 'projected_sphere': {'center': [187.05509044513556, 56.096201653965586], 'axes': [207.52973193361993, 207.52973193361993], 'angle': 90.0}, 'model_confidence': 0.7319179647744534, 'model_id': 1, 'model_birth_timestamp': 359909.669808, 'theta': 2.2064706311198194, 'phi': -1.9257637126193523, 'norm_pos': [0.49359877074196373, 0.5127464255871321], 'topic': 'pupil.1', 'id': 1, 'method': '3d c++'}"
1581494817.386799,"{'circle_3d': {'center': [-0.2271052489895049, -0.26217891133673277, 62.649118138225134], 'normal': [-0.27966003378475335, 0.5940037391805404, -0.7542876264019232], 'radius': 2.448809016577059}, 'confidence': 0.5729869363625335, 'timestamp': 359913.90337, 'diameter_3d': 4.897618033154118, 'ellipse': {'center': [157.95094882281953, 116.97896422404025], 'axes': [36.654379138179166, 48.485323359691684], 'angle': -64.45259789166394}, 'location': [157.95094882281953, 116.97896422404025], 'diameter': 48.485323359691684, 'sphere': {'center': [3.1288151564275357, -7.390223781503218, 71.70056965504821], 'radius': 12.0}, 'projected_sphere': {'center': [187.05509044513556, 56.096201653965586], 'axes': [207.52973193361993, 207.52973193361993], 'angle': 90.0}, 'model_confidence': 0.7319179647744534, 'model_id': 1, 'model_birth_timestamp': 359909.669808, 'theta': 2.2068229901209313, 'phi': -1.9258449769162875, 'norm_pos': [0.49359671507131103, 0.5125876490664989], 'topic': 'pupil.1', 'id': 1, 'method': '3d c++'}"
1581494817.395663,"{'circle_3d': {'center': [-0.2269454615205535, -0.2588145447135908, 62.651709341591044], 'normal': [-0.2796467181623408, 0.5942841030658024, -0.7540716927880975], 'radius': 2.4376316803623497}, 'confidence': 0.4859928645803998, 'timestamp': 359913.91177, 'diameter_3d': 4.875263360724699, 'ellipse': {'center': [157.95073184840564, 117.01622872908347], 'axes': [36.47349215289836, 48.26188030525807], 'angle': -64.46605845197773}, 'location': [157.95073184840564, 117.01622872908347], 'diameter': 48.26188030525807, 'sphere': {'center': [3.1288151564275357, -7.390223781503218, 71.70056965504821], 'radius': 12.0}, 'projected_sphere': {'center': [187.05509044513556, 56.096201653965586], 'axes': [207.52973193361993, 207.52973193361993], 'angle': 90.0}, 'model_confidence': 0.7319179647744534, 'model_id': 1, 'model_birth_timestamp': 359909.669808, 'theta': 2.2071715458972037, 'phi': -1.9259227894980084, 'norm_pos': [0.49359603702626764, 0.5124323802954855], 'topic': 'pupil.1', 'id': 1, 'method': '3d c++'}"
1581494817.404819,"{'circle_3d': {'center': [-0.22676309517799043, -0.2554877402487419, 62.65426454086063], 'normal': [-0.2796315209671272, 0.5945613367712064, -0.7538587595156319], 'radius': 2.4590160458163464}, 'confidence': 0.5930381274084584, 'timestamp': 359913.92017, 'diameter_3d': 4.918032091632693, 'ellipse': {'center': [157.95601058346782, 117.04177946299826], 'axes': [36.78059196102032, 48.68356153002922], 'angle': -64.47952526600673}, 'location': [157.95601058346782, 117.04177946299826], 'diameter': 48.68356153002922, 'sphere': {'center': [3.1288151564275357, -7.390223781503218, 71.70056965504821], 'radius': 12.0}, 'projected_sphere': {'center': [187.05509044513556, 56.096201653965586], 'axes': [207.52973193361993, 207.52973193361993], 'angle': 90.0}, 'model_confidence': 0.7319179647744534, 'model_id': 1, 'model_birth_timestamp': 359909.669808, 'theta': 2.207516298448637, 'phi': -1.925997150364515, 'norm_pos': [0.4936125330733369, 0.5123259189041739], 'topic': 'pupil.1', 'id': 1, 'method': '3d c++'}"
1581494817.418012,"{'circle_3d': {'center': [-0.20156156746331488, -0.15609527678283186, 62.724157473438126], 'normal': [-0.2775313936575709, 0.6028440420600323, -0.7480343484675074], 'radius': 2.4539925345882354}, 'confidence': 0.4552013447257033, 'timestamp': 359913.92857, 'diameter_3d': 4.907985069176471, 'ellipse': {'center': [158.20345996107747, 118.02778706027522], 'axes': [36.34328485652362, 48.529961394305126], 'angle': -65.02323127455703}, 'location': [158.20345996107747, 118.02778706027522], 'diameter': 48.529961394305126, 'sphere': {'center': [3.1288151564275357, -7.390223781503218, 71.70056965504821], 'radius': 12.0}, 'projected_sphere': {'center': [187.05509044513556, 56.096201653965586], 'axes': [207.52973193361993, 207.52973193361993], 'angle': 90.0}, 'model_confidence': 0.7319179647744534, 'model_id': 1, 'model_birth_timestamp': 359909.669808, 'theta': 2.2178572477752305, 'phi': -1.926068059515807, 'norm_pos': [0.4943858123783671, 0.5082175539155199], 'topic': 'pupil.1', 'id': 1, 'method': '3d c++'}"
1581494817.423678,"{'circle_3d': {'center': [-0.11311400634534463, -0.15951301614318858, 62.689092687798656], 'normal': [-0.2701607635644067, 0.6025592304466693, -0.7509564139374632], 'radius': 2.4566858389970667}, 'confidence': 0.43133847180502377, 'timestamp': 359913.93697, 'diameter_3d': 4.913371677994133, 'ellipse': {'center': [159.07384536781404, 117.99021257968246], 'axes': [36.56686864452027, 48.61008351186754], 'angle': -65.67440428508817}, 'location': [159.07384536781404, 117.99021257968246], 'diameter': 48.61008351186754, 'sphere': {'center': [3.1288151564275357, -7.390223781503218, 71.70056965504821], 'radius': 12.0}, 'projected_sphere': {'center': [187.05509044513556, 56.096201653965586], 'axes': [207.52973193361993, 207.52973193361993], 'angle': 90.0}, 'model_confidence': 0.7319179647744534, 'model_id': 1, 'model_birth_timestamp': 359909.669808, 'theta': 2.2175003260596364, 'phi': -1.9161355169518843, 'norm_pos': [0.49710576677441887, 0.5083741142513231], 'topic': 'pupil.1', 'id': 1, 'method': '3d c++'}"
1581494817.4310882,"{'circle_3d': {'center': [-0.11879858698016266, -0.15504137302352028, 62.694730410999085], 'normal': [-0.2706344786173082, 0.6029318673733082, -0.7504866036707606], 'radius': 2.4376883180845117}, 'confidence': 0.5548272147300661, 'timestamp': 359913.94537, 'diameter_3d': 4.875376636169023, 'ellipse': {'center': [159.01490385313105, 118.0413451405622], 'axes': [36.2545645584473, 48.22962592040689], 'angle': -65.64693030025916}, 'location': [159.01490385313105, 118.0413451405622], 'diameter': 48.22962592040689, 'sphere': {'center': [3.1288151564275357, -7.390223781503218, 71.70056965504821], 'radius': 12.0}, 'projected_sphere': {'center': [187.05509044513556, 56.096201653965586], 'axes': [207.52973193361993, 207.52973193361993], 'angle': 90.0}, 'model_confidence': 0.7319179647744534, 'model_id': 1, 'model_birth_timestamp': 359909.669808, 'theta': 2.2179673285798627, 'phi': -1.916893590496095, 'norm_pos': [0.4969215745410345, 0.5081610619143242], 'topic': 'pupil.1', 'id': 1, 'method': '3d c++'}"
1581494817.438692,"{'circle_3d': {'center': [-0.11700163821373488, -0.15060156403495117, 62.6976510458435], 'normal': [-0.27048473288677255, 0.6033018514556889, -0.750243217433726], 'radius': 2.4407829743586587}, 'confidence': 0.539250219918677, 'timestamp': 359913.95377, 'diameter_3d': 4.881565948717317, 'ellipse': {'center': [159.03303643190299, 118.08418388876535], 'axes': [36.28559318057539, 48.28864915691478], 'angle': -65.67571684742988}, 'location': [159.03303643190299, 118.08418388876535], 'diameter': 48.28864915691478, 'sphere': {'center': [3.1288151564275357, -7.390223781503218, 71.70056965504821], 'radius': 12.0}, 'projected_sphere': {'center': [187.05509044513556, 56.096201653965586], 'axes': [207.52973193361993, 207.52973193361993], 'angle': 90.0}, 'model_confidence': 0.7319179647744534, 'model_id': 1, 'model_birth_timestamp': 359909.669808, 'theta': 2.218431169580133, 'phi': -1.9168204848633632, 'norm_pos': [0.49697823884969683, 0.5079825671301443], 'topic': 'pupil.1', 'id': 1, 'method': '3d c++'}"
1581494817.4463518,"{'circle_3d': {'center': [-0.11517536075850954, -0.14619355835456993, 62.70053900784951], 'normal': [-0.2703325430988371, 0.6036691852623873, -0.7500025539332255], 'radius': 2.4404584780351275}, 'confidence': 0.5768843029337255, 'timestamp': 359913.96217, 'diameter_3d': 4.880916956070255, 'ellipse': {'center': [159.05092339738016, 118.12789826887476], 'axes': [36.26587656850288, 48.280005671720446], 'angle': -65.7045851287839}, 'location': [159.05092339738016, 118.12789826887476], 'diameter': 48.280005671720446, 'sphere': {'center': [3.1288151564275357, -7.390223781503218, 71.70056965504821], 'radius': 12.0}, 'projected_sphere': {'center': [187.05509044513556, 56.096201653965586], 'axes': [207.52973193361993, 207.52973193361993], 'angle': 90.0}, 'model_confidence': 0.7319179647744534, 'model_id': 1, 'model_birth_timestamp': 359909.669808, 'theta': 2.2188918490540175, 'phi': -1.9167432858141886, 'norm_pos': [0.497034135616813, 0.5078004238796885], 'topic': 'pupil.1', 'id': 1, 'method': '3d c++'}"
1581494817.4545898,"{'circle_3d': {'center': [-0.20312794881776952, -0.1418173252449959, 62.736264942005356], 'normal': [-0.27766192543710877, 0.6040338713548519, -0.7470253927535714], 'radius': 2.4263693403941238}, 'confidence': 0.45320176739912194, 'timestamp': 359913.97057, 'diameter_3d': 4.8527386807882475, 'ellipse': {'center': [158.18372091806756, 118.17879579347428], 'axes': [35.87156176778546, 47.97409862642242], 'angle': -65.06162213660495}, 'location': [158.18372091806756, 118.17879579347428], 'diameter': 47.97409862642242, 'sphere': {'center': [3.1288151564275357, -7.390223781503218, 71.70056965504821], 'radius': 12.0}, 'projected_sphere': {'center': [187.05509044513556, 56.096201653965586], 'axes': [207.52973193361993, 207.52973193361993], 'angle': 90.0}, 'model_confidence': 0.7319179647744534, 'model_id': 1, 'model_birth_timestamp': 359909.669808, 'theta': 2.2193493670047437, 'phi': -1.926661993348079, 'norm_pos': [0.4943241278689611, 0.5075883508605239], 'topic': 'pupil.1', 'id': 1, 'method': '3d c++'}"
1581494817.462373,"{'circle_3d': {'center': [-0.16961283186979204, -0.04223496810369287, 62.80520944850389], 'normal': [-0.2748689990247773, 0.6123324011166271, -0.7412800172120271], 'radius': 2.4648415484844173}, 'confidence': 0.4854917967834771, 'timestamp': 359913.97897, 'diameter_3d': 4.9296830969688346, 'ellipse': {'center': [158.5191645044033, 119.14901579964578], 'axes': [36.08306692983234, 48.6818842761198], 'angle': -65.65190659284958}, 'location': [158.5191645044033, 119.14901579964578], 'diameter': 48.6818842761198, 'sphere': {'center': [3.1288151564275357, -7.390223781503218, 71.70056965504821], 'radius': 12.0}, 'projected_sphere': {'center': [187.05509044513556, 56.096201653965586], 'axes': [207.52973193361993, 207.52973193361993], 'angle': 90.0}, 'model_confidence': 0.7319179647744534, 'model_id': 1, 'model_birth_timestamp': 359909.669808, 'theta': 2.2298037234323096, 'phi': -1.9258825396201922, 'norm_pos': [0.49537238907626036, 0.5035457675014758], 'topic': 'pupil.1', 'id': 1, 'method': '3d c++'}"
1581494817.470956,"{'circle_3d': {'center': [-0.08149403343519035, -0.04454002877480967, 62.77113265653678], 'normal': [-0.26752576582189375, 0.6121403127273672, -0.7441197498759526], 'radius': 2.4545134840673763}, 'confidence': 0.4490223936155302, 'timestamp': 359913.987369, 'diameter_3d': 4.909026968134753, 'ellipse': {'center': [159.38336730474956, 119.12766241710328], 'axes': [36.10910678170934, 48.50380859656514], 'angle': -66.29882622988958}, 'location': [159.38336730474956, 119.12766241710328], 'diameter': 48.50380859656514, 'sphere': {'center': [3.1288151564275357, -7.390223781503218, 71.70056965504821], 'radius': 12.0}, 'projected_sphere': {'center': [187.05509044513556, 56.096201653965586], 'axes': [207.52973193361993, 207.52973193361993], 'angle': 90.0}, 'model_confidence': 0.7319179647744534, 'model_id': 1, 'model_birth_timestamp': 359909.669808, 'theta': 2.229560781087389, 'phi': -1.9159267148843915, 'norm_pos': [0.49807302282734234, 0.5036347399287363], 'topic': 'pupil.1', 'id': 1, 'method': '3d c++'}"
1581494817.47958,"{'circle_3d': {'center': [-0.08660552357098306, -0.03902159002443639, 62.777515458718604], 'normal': [-0.2679517233332099, 0.6126001826232318, -0.7435878496941339], 'radius': 2.459847483384523}, 'confidence': 0.6275305947870768, 'timestamp': 359913.995769, 'diameter_3d': 4.919694966769046, 'ellipse': {'center': [159.33387947111538, 119.18043455066463], 'axes': [36.15448993719909, 48.60437305952008], 'angle': -66.27883905071947}, 'location': [159.33387947111538, 119.18043455066463], 'diameter': 48.60437305952008, 'sphere': {'center': [3.1288151564275357, -7.390223781503218, 71.70056965504821], 'radius': 12.0}, 'projected_sphere': {'center': [187.05509044513556, 56.096201653965586], 'axes': [207.52973193361993, 207.52973193361993], 'angle': 90.0}, 'model_confidence': 0.7319179647744534, 'model_id': 1, 'model_birth_timestamp': 359909.669808, 'theta': 2.2301424743826246, 'phi': -1.9166615285770838, 'norm_pos': [0.49791837334723554, 0.5034148560388974], 'topic': 'pupil.1', 'id': 1, 'method': '3d c++'}"
1581494817.487062,"{'circle_3d': {'center': [-0.08430207892107999, -0.03352952767242279, 62.781212767494125], 'normal': [-0.26775976961238473, 0.6130578544858998, -0.7432797406295075], 'radius': 2.4583759277543304}, 'confidence': 0.5233827138293013, 'timestamp': 359914.004169, 'diameter_3d': 4.916751855508661, 'ellipse': {'center': [159.35622983823578, 119.23515789041292], 'axes': [36.11365722697981, 48.57242595355702], 'angle': -66.31410034765683}, 'location': [159.35622983823578, 119.23515789041292], 'diameter': 48.57242595355702, 'sphere': {'center': [3.1288151564275357, -7.390223781503218, 71.70056965504821], 'radius': 12.0}, 'projected_sphere': {'center': [187.05509044513556, 56.096201653965586], 'axes': [207.52973193361993, 207.52973193361993], 'angle': 90.0}, 'model_confidence': 0.7319179647744534, 'model_id': 1, 'model_birth_timestamp': 359909.669808, 'theta': 2.2307216478606264, 'phi': -1.9165651605455143, 'norm_pos': [0.4979882182444868, 0.5031868421232795], 'topic': 'pupil.1', 'id': 1, 'method': '3d c++'}"
1581494817.4990878,"{'circle_3d': {'center': [-0.0819680900002484, -0.028063811439837494, 62.78488283239372], 'normal': [-0.2675652705356487, 0.6135133308386151, -0.7429739018878745], 'radius': 2.462943614022146}, 'confidence': 0.48521314161629153, 'timestamp': 359914.012569, 'diameter_3d': 4.925887228044292, 'ellipse': {'center': [159.37980635522638, 119.28748037201888], 'axes': [36.16178200465427, 48.659901904053946], 'angle': -66.34945594861681}, 'location': [159.37980635522638, 119.28748037201888], 'diameter': 48.659901904053946, 'sphere': {'center': [3.1288151564275357, -7.390223781503218, 71.70056965504821], 'radius': 12.0}, 'projected_sphere': {'center': [187.05509044513556, 56.096201653965586], 'axes': [207.52973193361993, 207.52973193361993], 'angle': 90.0}, 'model_confidence': 0.7319179647744534, 'model_id': 1, 'model_birth_timestamp': 359909.669808, 'theta': 2.2312983015133705, 'phi': -1.9164646991661385, 'norm_pos': [0.49806189486008245, 0.5029688317832547], 'topic': 'pupil.1', 'id': 1, 'method': '3d c++'}"
1581494817.506548,"{'circle_3d': {'center': [-0.07960361202880994, -0.02262441102495316, 62.788525640213834], 'normal': [-0.2673682307046955, 0.6139666142065222, -0.7426703345695317], 'radius': 2.4519246113765996}, 'confidence': 0.4575117867724692, 'timestamp': 359914.020969, 'diameter_3d': 4.903849222753199, 'ellipse': {'center': [159.4012890048362, 119.34504117573964], 'axes': [35.98093568573386, 48.43925219412576], 'angle': -66.38490828382503}, 'location': [159.4012890048362, 119.34504117573964], 'diameter': 48.43925219412576, 'sphere': {'center': [3.1288151564275357, -7.390223781503218, 71.70056965504821], 'radius': 12.0}, 'projected_sphere': {'center': [187.05509044513556, 56.096201653965586], 'axes': [207.52973193361993, 207.52973193361993], 'angle': 90.0}, 'model_confidence': 0.7319179647744534, 'model_id': 1, 'model_birth_timestamp': 359909.669808, 'theta': 2.2318724353448767, 'phi': -1.9163601444383025, 'norm_pos': [0.4981290281401131, 0.5027289951010848], 'topic': 'pupil.1', 'id': 1, 'method': '3d c++'}"
1581494817.514914,"{'circle_3d': {'center': [0.012034400249725685, -0.017211296256181896, 62.76052689171028], 'normal': [-0.25973172968148417, 0.6144177071039197, -0.7450035636114946], 'radius': 2.4563447562582725}, 'confidence': 0.5380475829221094, 'timestamp': 359914.029369, 'diameter_3d': 4.912689512516545, 'ellipse': {'center': [160.30286462140495, 119.39483056628347], 'axes': [36.19146247438059, 48.548127841466524], 'angle': -67.08932611351597}, 'location': [160.30286462140495, 119.39483056628347], 'diameter': 48.548127841466524, 'sphere': {'center': [3.1288151564275357, -7.390223781503218, 71.70056965504821], 'radius': 12.0}, 'projected_sphere': {'center': [187.05509044513556, 56.096201653965586], 'axes': [207.52973193361993, 207.52973193361993], 'angle': 90.0}, 'model_confidence': 0.7319179647744534, 'model_id': 1, 'model_birth_timestamp': 359909.669808, 'theta': 2.232444049355144, 'phi': -1.906251496362006, 'norm_pos': [0.5009464519418905, 0.5025215393071523], 'topic': 'pupil.1', 'id': 1, 'method': '3d c++'}"
1581494817.5231879,"{'circle_3d': {'center': [0.008221953823080774, -0.011824437054453796, 62.76630297122368], 'normal': [-0.26004943355037113, 0.6148666120373968, -0.744522223652044], 'radius': 2.4539193286663443}, 'confidence': 0.538784679612027, 'timestamp': 359914.037769, 'diameter_3d': 4.907838657332689, 'ellipse': {'center': [160.26487786860338, 119.44899573844535], 'axes': [36.12571658393149, 48.495718377804884], 'angle': -67.07775870425164}, 'location': [160.26487786860338, 119.44899573844535], 'diameter': 48.495718377804884, 'sphere': {'center': [3.1288151564275357, -7.390223781503218, 71.70056965504821], 'radius': 12.0}, 'projected_sphere': {'center': [187.05509044513556, 56.096201653965586], 'axes': [207.52973193361993, 207.52973193361993], 'angle': 90.0}, 'model_confidence': 0.7319179647744534, 'model_id': 1, 'model_birth_timestamp': 359909.669808, 'theta': 2.233013143544176, 'phi': -1.9068328225126698, 'norm_pos': [0.5008277433393855, 0.502295851089811], 'topic': 'pupil.1', 'id': 1, 'method': '3d c++'}"
1581494817.53123,"{'circle_3d': {'center': [0.03632380248298084, 0.08775935063402862, 62.83962921391844], 'normal': [-0.25770761282871285, 0.6231652610114372, -0.7384117034274807], 'radius': 2.44790778584983}, 'confidence': 0.520109833388936, 'timestamp': 359914.046169, 'diameter_3d': 4.89581557169966, 'ellipse': {'center': [160.53779175808742, 120.4332378419959], 'axes': [35.65798479414948, 48.32070601785241], 'angle': -67.59952215661524}, 'location': [160.53779175808742, 120.4332378419959], 'diameter': 48.32070601785241, 'sphere': {'center': [3.1288151564275357, -7.390223781503218, 71.70056965504821], 'radius': 12.0}, 'projected_sphere': {'center': [187.05509044513556, 56.096201653965586], 'axes': [207.52973193361993, 207.52973193361993], 'angle': 90.0}, 'model_confidence': 0.7319179647744534, 'model_id': 1, 'model_birth_timestamp': 359909.669808, 'theta': 2.2435797179119694, 'phi': -1.906582327872924, 'norm_pos': [0.5016805992440232, 0.4981948423250171], 'topic': 'pupil.1', 'id': 1, 'method': '3d c++'}"
1581494817.5387268,"{'circle_3d': {'center': [-0.05020509452169852, 0.08653910433473389, 62.86927037391122], 'normal': [-0.26491835424576954, 0.6230635738198295, -0.7359416067614162], 'radius': 2.461111270130442}, 'confidence': 0.5408626361455061, 'timestamp': 359914.054569, 'diameter_3d': 4.922222540260884, 'ellipse': {'center': [159.68991204384713, 120.41805386817119], 'axes': [35.696992624688455, 48.55870689164255], 'angle': -66.95326323275219}, 'location': [159.68991204384713, 120.41805386817119], 'diameter': 48.55870689164255, 'sphere': {'center': [3.1288151564275357, -7.390223781503218, 71.70056965504821], 'radius': 12.0}, 'projected_sphere': {'center': [187.05509044513556, 56.096201653965586], 'axes': [207.52973193361993, 207.52973193361993], 'angle': 90.0}, 'model_confidence': 0.7319179647744534, 'model_id': 1, 'model_birth_timestamp': 359909.669808, 'theta': 2.2434497048686635, 'phi': -1.9163270981797973, 'norm_pos': [0.49903097513702227, 0.49825810888262], 'topic': 'pupil.1', 'id': 1, 'method': '3d c++'}"
1581494817.5468621,"{'circle_3d': {'center': [-0.04002172804031945, 0.09306243114178159, 62.871135909939], 'normal': [-0.2640697403723213, 0.6236071843870833, -0.7357861454257678], 'radius': 2.452108824317192}, 'confidence': 0.4750522871576036, 'timestamp': 359914.062969, 'diameter_3d': 4.904217648634384, 'ellipse': {'center': [159.78842830170635, 120.48532404118106], 'axes': [35.556603986278866, 48.379531787147506], 'angle': -67.04895826598542}, 'location': [159.78842830170635, 120.48532404118106], 'diameter': 48.379531787147506, 'sphere': {'center': [3.1288151564275357, -7.390223781503218, 71.70056965504821], 'radius': 12.0}, 'projected_sphere': {'center': [187.05509044513556, 56.096201653965586], 'axes': [207.52973193361993, 207.52973193361993], 'angle': 90.0}, 'model_confidence': 0.7319179647744534, 'model_id': 1, 'model_birth_timestamp': 359909.669808, 'theta': 2.2441448994428796, 'phi': -1.915373065833918, 'norm_pos': [0.49933883844283233, 0.4979778164950789], 'topic': 'pupil.1', 'id': 1, 'method': '3d c++'}"
1581494817.555381,"{'circle_3d': {'center': [0.05129447990320024, 0.09956453272012578, 62.84438890408741], 'normal': [-0.25646005637702796, 0.6241490261852787, -0.7380150625800669], 'radius': 2.457255263391432}, 'confidence': 0.6309645099192854, 'timestamp': 359914.071369, 'diameter_3d': 4.914510526782864, 'ellipse': {'center': [160.68593926972406, 120.54601858840829], 'axes': [35.769572978061646, 48.5017120523183], 'angle': -67.74732507443869}, 'location': [160.68593926972406, 120.54601858840829], 'diameter': 48.5017120523183, 'sphere': {'center': [3.1288151564275357, -7.390223781503218, 71.70056965504821], 'radius': 12.0}, 'projected_sphere': {'center': [187.05509044513556, 56.096201653965586], 'axes': [207.52973193361993, 207.52973193361993], 'angle': 90.0}, 'model_confidence': 0.7319179647744534, 'model_id': 1, 'model_birth_timestamp': 359909.669808, 'theta': 2.2448382158990254, 'phi': -1.9052420258806813, 'norm_pos': [0.5021435602178876, 0.4977249225482988], 'topic': 'pupil.1', 'id': 1, 'method': '3d c++'}"
1581494817.564026,"{'circle_3d': {'center': [0.048048302593425074, 0.10604543518958387, 62.851003370580884], 'normal': [-0.2567305711528426, 0.6246891013910669, -0.7374638570389442], 'radius': 2.445152569177614}, 'confidence': 0.5588469218414178, 'timestamp': 359914.079769, 'diameter_3d': 4.890305138355228, 'ellipse': {'center': [160.65209068748152, 120.61422121188235], 'axes': [35.559061705315166, 48.257608341074615], 'angle': -67.7428019877398}, 'location': [160.65209068748152, 120.61422121188235], 'diameter': 48.257608341074615, 'sphere': {'center': [3.1288151564275357, -7.390223781503218, 71.70056965504821], 'radius': 12.0}, 'projected_sphere': {'center': [187.05509044513556, 56.096201653965586], 'axes': [207.52973193361993, 207.52973193361993], 'angle': 90.0}, 'model_confidence': 0.7319179647744534, 'model_id': 1, 'model_birth_timestamp': 359909.669808, 'theta': 2.245529654237101, 'phi': -1.9058009602004529, 'norm_pos': [0.5020377833983798, 0.4974407449504902], 'topic': 'pupil.1', 'id': 1, 'method': '3d c++'}"
1581494817.5725608,"{'circle_3d': {'center': [-0.03613770094930713, 0.11250516464308902, 62.886255627783214], 'normal': [-0.2637460714480702, 0.6252274121788588, -0.7345261689387498], 'radius': 2.441111314095482}, 'confidence': 0.5534904794452103, 'timestamp': 359914.088169, 'diameter_3d': 4.882222628190964, 'ellipse': {'center': [159.82458169143283, 120.68062570499048], 'axes': [35.3191811606401, 48.150883266645934], 'angle': -67.1382700793697}, 'location': [159.82458169143283, 120.68062570499048], 'diameter': 48.150883266645934, 'sphere': {'center': [3.1288151564275357, -7.390223781503218, 71.70056965504821], 'radius': 12.0}, 'projected_sphere': {'center': [187.05509044513556, 56.096201653965586], 'axes': [207.52973193361993, 207.52973193361993], 'angle': 90.0}, 'model_confidence': 0.7319179647744534, 'model_id': 1, 'model_birth_timestamp': 359909.669808, 'theta': 2.2462192144571045, 'phi': -1.9155280737259235, 'norm_pos': [0.49945181778572756, 0.49716405956253973], 'topic': 'pupil.1', 'id': 1, 'method': '3d c++'}"
1581494817.5855849,"{'circle_3d': {'center': [-0.025832147941381667, 0.11894298190011732, 62.888043632139876], 'normal': [-0.2628872753640764, 0.6257638969502779, -0.7343771685756946], 'radius': 2.4584864060956115}, 'confidence': 0.6098742364700523, 'timestamp': 359914.096568, 'diameter_3d': 4.916972812191223, 'ellipse': {'center': [159.92820360455886, 120.73772077766566], 'axes': [35.56165615008168, 48.49247795493982], 'angle': -67.23426400068112}, 'location': [159.92820360455886, 120.73772077766566], 'diameter': 48.49247795493982, 'sphere': {'center': [3.1288151564275357, -7.390223781503218, 71.70056965504821], 'radius': 12.0}, 'projected_sphere': {'center': [187.05509044513556, 56.096201653965586], 'axes': [207.52973193361993, 207.52973193361993], 'angle': 90.0}, 'model_confidence': 0.7319179647744534, 'model_id': 1, 'model_birth_timestamp': 359909.669808, 'theta': 2.2469068148032787, 'phi': -1.914556402020409, 'norm_pos': [0.4997756362642464, 0.49692616342639306], 'topic': 'pupil.1', 'id': 1, 'method': '3d c++'}"
1581494817.591726,"{'circle_3d': {'center': [-0.04794727932700127, 0.03143624584608595, 62.82210453627771], 'normal': [-0.2647302029795447, 0.6184716689457753, -0.7398720932308749], 'radius': 2.4474065235145086}, 'confidence': 0.5422080100861222, 'timestamp': 359914.104968, 'diameter_3d': 4.894813047029017, 'ellipse': {'center': [159.71090896098585, 119.87958438175602], 'axes': [35.741268398614864, 48.32418982637452], 'angle': -66.79539251958495}, 'location': [159.71090896098585, 119.87958438175602], 'diameter': 48.32418982637452, 'sphere': {'center': [3.1288151564275357, -7.390223781503218, 71.70056965504821], 'radius': 12.0}, 'projected_sphere': {'center': [187.05509044513556, 56.096201653965586], 'axes': [207.52973193361993, 207.52973193361993], 'angle': 90.0}, 'model_confidence': 0.7319179647744534, 'model_id': 1, 'model_birth_timestamp': 359909.669808, 'theta': 2.2375926190154756, 'phi': -1.914407705738389, 'norm_pos': [0.49909659050308075, 0.5005017317426832], 'topic': 'pupil.1', 'id': 1, 'method': '3d c++'}"
1581494817.5989,"{'circle_3d': {'center': [-0.043143789801628696, 0.0444232528772206, 62.83125739774128], 'normal': [-0.2643299121857637, 0.6195539195317031, -0.7391093547755774], 'radius': 2.454476868746989}, 'confidence': 0.5860512981113524, 'timestamp': 359914.113368, 'diameter_3d': 4.908953737493978, 'ellipse': {'center': [159.7589504126925, 120.0051015719811], 'axes': [35.797291107344954, 48.45686440635534], 'angle': -66.87246331963068}, 'location': [159.7589504126925, 120.0051015719811], 'diameter': 48.45686440635534, 'sphere': {'center': [3.1288151564275357, -7.390223781503218, 71.70056965504821], 'radius': 12.0}, 'projected_sphere': {'center': [187.05509044513556, 56.096201653965586], 'axes': [207.52973193361993, 207.52973193361993], 'angle': 90.0}, 'model_confidence': 0.7319179647744534, 'model_id': 1, 'model_birth_timestamp': 359909.669808, 'theta': 2.238970613857155, 'phi': -1.91425491610901, 'norm_pos': [0.4992467200396641, 0.49997874345007876], 'topic': 'pupil.1', 'id': 1, 'method': '3d c++'}"
1581494817.606688,"{'circle_3d': {'center': [-0.040379493372691755, 0.049587657863853885, 62.83460038946081], 'normal': [-0.264099554150019, 0.6199842866139228, -0.7388307721322837], 'radius': 2.4480914871656876}, 'confidence': 0.534967407180468, 'timestamp': 359914.121768, 'diameter_3d': 4.896182974331375, 'ellipse': {'center': [159.78505802768916, 120.05823332238337], 'axes': [35.686780703386354, 48.32815657535458], 'angle': -66.90938701979314}, 'location': [159.78505802768916, 120.05823332238337], 'diameter': 48.32815657535458, 'sphere': {'center': [3.1288151564275357, -7.390223781503218, 71.70056965504821], 'radius': 12.0}, 'projected_sphere': {'center': [187.05509044513556, 56.096201653965586], 'axes': [207.52973193361993, 207.52973193361993], 'angle': 90.0}, 'model_confidence': 0.7319179647744534, 'model_id': 1, 'model_birth_timestamp': 359909.669808, 'theta': 2.239519002944634, 'phi': -1.9140980331312563, 'norm_pos': [0.49932830633652864, 0.49975736115673597], 'topic': 'pupil.1', 'id': 1, 'method': '3d c++'}"
1581494817.6150222,"{'circle_3d': {'center': [-0.12605214524165076, 0.054726110724082844, 62.870022675910995], 'normal': [-0.2712389418057655, 0.6204124910189418, -0.7358789149281014], 'radius': 2.4542872162206066}, 'confidence': 0.5574628928634314, 'timestamp': 359914.130168, 'diameter_3d': 4.908574432441213, 'ellipse': {'center': [158.94477272564254, 120.1084013769218], 'axes': [35.593667231665655, 48.423447494400016], 'angle': -66.29310814583073}, 'location': [158.94477272564254, 120.1084013769218], 'diameter': 48.423447494400016, 'sphere': {'center': [3.1288151564275357, -7.390223781503218, 71.70056965504821], 'radius': 12.0}, 'projected_sphere': {'center': [187.05509044513556, 56.096201653965586], 'axes': [207.52973193361993, 207.52973193361993], 'angle': 90.0}, 'model_confidence': 0.7319179647744534, 'model_id': 1, 'model_birth_timestamp': 359909.669808, 'theta': 2.240064872215439, 'phi': -1.923937056805127, 'norm_pos': [0.49670241476763294, 0.4995483275961592], 'topic': 'pupil.1', 'id': 1, 'method': '3d c++'}"
1581494817.6227698,"{'circle_3d': {'center': [0.011028562172577416, 0.05904990891874906, 62.82432448955897], 'normal': [-0.2598155495212465, 0.620772807535164, -0.7396870971241036], 'radius': 2.4036881594459953}, 'confidence': 0.9958968512110418, 'timestamp': 359914.138568, 'diameter_3d': 4.807376318891991, 'ellipse': {'center': [160.28345014813473, 120.16611370411856], 'axes': [35.09070167288472, 47.458722383432054], 'angle': -67.32197028947292}, 'location': [160.28345014813473, 120.16611370411856], 'diameter': 47.458722383432054, 'sphere': {'center': [3.1288151564275357, -7.390223781503218, 71.70056965504821], 'radius': 12.0}, 'projected_sphere': {'center': [187.05509044513556, 56.096201653965586], 'axes': [207.52973193361993, 207.52973193361993], 'angle': 90.0}, 'model_confidence': 0.7308987609848216, 'model_id': 1, 'model_birth_timestamp': 359909.669808, 'theta': 2.240524381592253, 'phi': -1.9085848471726339, 'norm_pos': [0.5008857817129211, 0.49930785956617263], 'topic': 'pupil.1', 'id': 1, 'method': '3d c++'}"
1581494817.6305149,"{'circle_3d': {'center': [-0.020995253210452258, 0.11407731082239003, 62.88217073579666], 'normal': [-0.26248420080316565, 0.6253584243604674, -0.7348665766042956], 'radius': 2.383832240441326}, 'confidence': 0.9952134733954798, 'timestamp': 359914.146968, 'diameter_3d': 4.767664480882652, 'ellipse': {'center': [159.9648394815785, 120.71576917981315], 'axes': [34.5098149570638, 47.023339950935345], 'angle': -67.25492555275882}, 'location': [159.9648394815785, 120.71576917981315], 'diameter': 47.023339950935345, 'sphere': {'center': [3.1288151564275357, -7.390223781503218, 71.70056965504821], 'radius': 12.0}, 'projected_sphere': {'center': [187.05509044513556, 56.096201653965586], 'axes': [207.52973193361993, 207.52973193361993], 'angle': 90.0}, 'model_confidence': 0.7294230140100555, 'model_id': 1, 'model_birth_timestamp': 359909.669808, 'theta': 2.2463870948233478, 'phi': -1.9138587074709639, 'norm_pos': [0.4998901233799328, 0.49701762841744523], 'topic': 'pupil.1', 'id': 1, 'method': '3d c++'}"
1581494817.639856,"{'circle_3d': {'center': [-0.018730466978336135, 0.13999255503695096, 62.90347931372045], 'normal': [-0.26229546861715597, 0.6275180280450141, -0.733090861777313], 'radius': 2.40975390814102}, 'confidence': 0.99682831349338, 'timestamp': 359914.155368, 'diameter_3d': 4.81950781628204, 'ellipse': {'center': [159.9903380367809, 120.96189796622129], 'axes': [34.77746174551013, 47.518995024823184], 'angle': -67.3514727776862}, 'location': [159.9903380367809, 120.96189796622129], 'diameter': 47.518995024823184, 'sphere': {'center': [3.1288151564275357, -7.390223781503218, 71.70056965504821], 'radius': 12.0}, 'projected_sphere': {'center': [187.05509044513556, 56.096201653965586], 'axes': [207.52973193361993, 207.52973193361993], 'angle': 90.0}, 'model_confidence': 0.7290787796460529, 'model_id': 1, 'model_birth_timestamp': 359909.669808, 'theta': 2.249157698887048, 'phi': -1.9143975800174342, 'norm_pos': [0.4999698063649404, 0.49599209180741133], 'topic': 'pupil.1', 'id': 1, 'method': '3d c++'}"
1581494817.6475992,"{'circle_3d': {'center': [-0.013609623688604078, 0.1717529413911265, 62.92892929855182], 'normal': [-0.261868731676345, 0.6301647269078621, -0.7309700297080325], 'radius': 2.410641071733327}, 'confidence': 0.9937978979178687, 'timestamp': 359914.163768, 'diameter_3d': 4.821282143466654, 'ellipse': {'center': [160.04009651059783, 121.27395419210131], 'axes': [34.66118434580766, 47.517380574348], 'angle': -67.48606290962778}, 'location': [160.04009651059783, 121.27395419210131], 'diameter': 47.517380574348, 'sphere': {'center': [3.1288151564275357, -7.390223781503218, 71.70056965504821], 'radius': 12.0}, 'projected_sphere': {'center': [187.05509044513556, 56.096201653965586], 'axes': [207.52973193361993, 207.52973193361993], 'angle': 90.0}, 'model_confidence': 0.7266702692538041, 'model_id': 1, 'model_birth_timestamp': 359909.669808, 'theta': 2.2525616708801532, 'phi': -1.9148002694433253, 'norm_pos': [0.5001253015956182, 0.49469185753291123], 'topic': 'pupil.1', 'id': 1, 'method': '3d c++'}"
1581494817.65621,"{'circle_3d': {'center': [-0.058185599167322355, 0.14553729729939935, 62.92245304913317], 'normal': [-0.2655833962995715, 0.6279800899002181, -0.7315097171595868], 'radius': 2.4195610431584815}, 'confidence': 0.9965507750917532, 'timestamp': 359914.172168, 'diameter_3d': 4.839122086316963, 'ellipse': {'center': [159.60450661687392, 121.01360047724965], 'axes': [34.82266819199697, 47.69819492777423], 'angle': -67.0786851131151}, 'location': [159.60450661687392, 121.01360047724965], 'diameter': 47.69819492777423, 'sphere': {'center': [3.1288151564275357, -7.390223781503218, 71.70056965504821], 'radius': 12.0}, 'projected_sphere': {'center': [187.05509044513556, 56.096201653965586], 'axes': [207.52973193361993, 207.52973193361993], 'angle': 90.0}, 'model_confidence': 0.7261615810892685, 'model_id': 1, 'model_birth_timestamp': 359909.669808, 'theta': 2.24975129152737, 'phi': -1.919059970718289, 'norm_pos': [0.498764083177731, 0.4957766646781264], 'topic': 'pupil.1', 'id': 1, 'method': '3d c++'}"
1581494817.66705,"{'circle_3d': {'center': [-0.06013086127654743, 0.07374868123331524, 62.86203253787322], 'normal': [-0.26574550147534026, 0.6219977052280444, -0.7365447597645826], 'radius': 2.413071482062038}, 'confidence': 0.9978213811436849, 'timestamp': 359914.180568, 'diameter_3d': 4.826142964124076, 'ellipse': {'center': [159.58547946542032, 120.30903596997426], 'axes': [35.03603045849075, 47.61567336275658], 'angle': -66.83959452312392}, 'location': [159.58547946542032, 120.30903596997426], 'diameter': 47.61567336275658, 'sphere': {'center': [3.1288151564275357, -7.390223781503218, 71.70056965504821], 'radius': 12.0}, 'projected_sphere': {'center': [187.05509044513556, 56.096201653965586], 'axes': [207.52973193361993, 207.52973193361993], 'angle': 90.0}, 'model_confidence': 0.726513392762651, 'model_id': 1, 'model_birth_timestamp': 359909.669808, 'theta': 2.242087738272197, 'phi': -1.9170601248187666, 'norm_pos': [0.4987046233294385, 0.4987123501251073], 'topic': 'pupil.1', 'id': 1, 'method': '3d c++'}"
1581494817.686193,"{'circle_3d': {'center': [-0.14262660371227653, 0.09008545118101363, 62.90610306557092], 'normal': [-0.27262014667831763, 0.6233591027236859, -0.7328722157897745], 'radius': 2.429305758893347}, 'confidence': 0.5569118179212013, 'timestamp': 359914.197368, 'diameter_3d': 4.858611517786694, 'ellipse': {'center': [158.77817269265563, 120.46578732664918], 'axes': [35.0463306530394, 47.902869513379386], 'angle': -66.28599910528006}, 'location': [158.77817269265563, 120.46578732664918], 'diameter': 47.902869513379386, 'sphere': {'center': [3.1288151564275357, -7.390223781503218, 71.70056965504821], 'radius': 12.0}, 'projected_sphere': {'center': [187.05509044513556, 56.096201653965586], 'axes': [207.52973193361993, 207.52973193361993], 'angle': 90.0}, 'model_confidence': 0.726513392762651, 'model_id': 1, 'model_birth_timestamp': 359909.669808, 'theta': 2.243827593236667, 'phi': -1.926924299786761, 'norm_pos': [0.49618178966454884, 0.49805921947229514], 'topic': 'pupil.1', 'id': 1, 'method': '3d c++'}"
1581494817.6915689,"{'circle_3d': {'center': [-0.13526340083760102, 0.09488685483982984, 62.907452464102434], 'normal': [-0.2720065464387614, 0.6237592196952539, -0.7327597659121481], 'radius': 2.456654598512294}, 'confidence': 0.573388417169324, 'timestamp': 359914.205767, 'diameter_3d': 4.913309197024588, 'ellipse': {'center': [158.8545279847677, 120.5033667349722], 'axes': [35.4345148330925, 48.44149012141453], 'angle': -66.35518028349888}, 'location': [158.8545279847677, 120.5033667349722], 'diameter': 48.44149012141453, 'sphere': {'center': [3.1288151564275357, -7.390223781503218, 71.70056965504821], 'radius': 12.0}, 'projected_sphere': {'center': [187.05509044513556, 56.096201653965586], 'axes': [207.52973193361993, 207.52973193361993], 'angle': 90.0}, 'model_confidence': 0.726513392762651, 'model_id': 1, 'model_birth_timestamp': 359909.669808, 'theta': 2.24433939828021, 'phi': -1.9262386773959188, 'norm_pos': [0.4964203999523991, 0.4979026386042825], 'topic': 'pupil.1', 'id': 1, 'method': '3d c++'}"
1581494817.698904,"{'circle_3d': {'center': [-0.13488496773414216, 0.09966264836958416, 62.911379546332036], 'normal': [-0.2719750103468065, 0.6241572024894002, -0.7324325090596814], 'radius': 2.448337869681601}, 'confidence': 0.6360643466558229, 'timestamp': 359914.214167, 'diameter_3d': 4.896675739363202, 'ellipse': {'center': [158.85694464375766, 120.5533001331467], 'axes': [35.29417253528391, 48.274381114226365], 'angle': -66.37326325040137}, 'location': [158.85694464375766, 120.5533001331467], 'diameter': 48.274381114226365, 'sphere': {'center': [3.1288151564275357, -7.390223781503218, 71.70056965504821], 'radius': 12.0}, 'projected_sphere': {'center': [187.05509044513556, 56.096201653965586], 'axes': [207.52973193361993, 207.52973193361993], 'angle': 90.0}, 'model_confidence': 0.726513392762651, 'model_id': 1, 'model_birth_timestamp': 359909.669808, 'theta': 2.2448486808711126, 'phi': -1.9263466030724699, 'norm_pos': [0.49642795201174267, 0.4976945827785554], 'topic': 'pupil.1', 'id': 1, 'method': '3d c++'}"
1581494817.706178,"{'circle_3d': {'center': [-0.13448866540120585, 0.10441228679273706, 62.915282046196964], 'normal': [-0.27194198515239515, 0.6245530056913297, -0.7321073007376041], 'radius': 2.4493026868078442}, 'confidence': 0.5072672803369775, 'timestamp': 359914.222567, 'diameter_3d': 4.8986053736156885, 'ellipse': {'center': [158.86095233187302, 120.59971126612044], 'axes': [35.28800744229563, 48.29043553967675], 'angle': -66.39136788701087}, 'location': [158.86095233187302, 120.59971126612044], 'diameter': 48.29043553967675, 'sphere': {'center': [3.1288151564275357, -7.390223781503218, 71.70056965504821], 'radius': 12.0}, 'projected_sphere': {'center': [187.05509044513556, 56.096201653965586], 'axes': [207.52973193361993, 207.52973193361993], 'angle': 90.0}, 'model_confidence': 0.726513392762651, 'model_id': 1, 'model_birth_timestamp': 359909.669808, 'theta': 2.245355379911643, 'phi': -1.926451915842686, 'norm_pos': [0.4964404760371032, 0.4975012030578315], 'topic': 'pupil.1', 'id': 1, 'method': '3d c++'}"
1581494817.714879,"{'circle_3d': {'center': [-0.16003132899512096, 0.015082297738224781, 62.849302476385446], 'normal': [-0.2740705404518881, 0.617108839936787, -0.7376055982218973], 'radius': 2.4337004876411044}, 'confidence': 0.5234848602410802, 'timestamp': 359914.230967, 'diameter_3d': 4.867400975282209, 'ellipse': {'center': [158.60829749449059, 119.72543092416565], 'axes': [35.40055877358151, 48.03280351306665], 'angle': -65.91380464409168}, 'location': [158.60829749449059, 119.72543092416565], 'diameter': 48.03280351306665, 'sphere': {'center': [3.1288151564275357, -7.390223781503218, 71.70056965504821], 'radius': 12.0}, 'projected_sphere': {'center': [187.05509044513556, 56.096201653965586], 'axes': [207.52973193361993, 207.52973193361993], 'angle': 90.0}, 'model_confidence': 0.726513392762651, 'model_id': 1, 'model_birth_timestamp': 359909.669808, 'theta': 2.2358594954053395, 'phi': -1.9265546157073241, 'norm_pos': [0.49565092967028307, 0.5011440378159764], 'topic': 'pupil.1', 'id': 1, 'method': '3d c++'}"
1581494817.722386,"{'circle_3d': {'center': [-0.15781977090359112, 0.026404730307717728, 62.857965266507456], 'normal': [-0.27388624394426053, 0.6180523759842446, -0.7368836990450629], 'radius': 2.4474049060384826}, 'confidence': 0.48310490246627086, 'timestamp': 359914.239367, 'diameter_3d': 4.894809812076965, 'ellipse': {'center': [158.63208909222806, 119.83226478855633], 'axes': [35.555557502099084, 48.29683422078351], 'angle': -65.96740163792238}, 'location': [158.63208909222806, 119.83226478855633], 'diameter': 48.29683422078351, 'sphere': {'center': [3.1288151564275357, -7.390223781503218, 71.70056965504821], 'radius': 12.0}, 'projected_sphere': {'center': [187.05509044513556, 56.096201653965586], 'axes': [207.52973193361993, 207.52973193361993], 'angle': 90.0}, 'model_confidence': 0.726513392762651, 'model_id': 1, 'model_birth_timestamp': 359909.669808, 'theta': 2.23705914842584, 'phi': -1.9266547026663838, 'norm_pos': [0.4957252784132127, 0.5006988967143486], 'topic': 'pupil.1', 'id': 1, 'method': '3d c++'}"
1581494817.7305899,"{'circle_3d': {'center': [-0.15772769247436003, 0.029885415071763788, 62.86085158187217], 'normal': [-0.27387857074182465, 0.6183424330479151, -0.7366431727646704], 'radius': 2.448396985482452}, 'confidence': 0.5886570835192093, 'timestamp': 359914.247767, 'diameter_3d': 4.896793970964904, 'ellipse': {'center': [158.63313715918468, 119.86623749546135], 'axes': [35.555112656397874, 48.31421594138591], 'angle': -65.97953515709527}, 'location': [158.63313715918468, 119.86623749546135], 'diameter': 48.31421594138591, 'sphere': {'center': [3.1288151564275357, -7.390223781503218, 71.70056965504821], 'radius': 12.0}, 'projected_sphere': {'center': [187.05509044513556, 56.096201653965586], 'axes': [207.52973193361993, 207.52973193361993], 'angle': 90.0}, 'model_confidence': 0.726513392762651, 'model_id': 1, 'model_birth_timestamp': 359909.669808, 'theta': 2.2374281670326477, 'phi': -1.9267521767198659, 'norm_pos': [0.49572855362245216, 0.500557343768911], 'topic': 'pupil.1', 'id': 1, 'method': '3d c++'}"
1581494817.739006,"{'circle_3d': {'center': [-0.15761985243151377, 0.03333482177289149, 62.86370807435844], 'normal': [-0.2738695840715874, 0.6186298836063424, -0.7364051317241475], 'radius': 2.4529126054846535}, 'confidence': 0.602751605648511, 'timestamp': 359914.256167, 'diameter_3d': 4.905825210969307, 'ellipse': {'center': [158.6348840173085, 119.89866285207708], 'axes': [35.60602921283391, 48.40119428609987], 'angle': -65.99166881875279}, 'location': [158.6348840173085, 119.89866285207708], 'diameter': 48.40119428609987, 'sphere': {'center': [3.1288151564275357, -7.390223781503218, 71.70056965504821], 'radius': 12.0}, 'projected_sphere': {'center': [187.05509044513556, 56.096201653965586], 'axes': [207.52973193361993, 207.52973193361993], 'angle': 90.0}, 'model_confidence': 0.726513392762651, 'model_id': 1, 'model_birth_timestamp': 359909.669808, 'theta': 2.237793975302378, 'phi': -1.9268470378677691, 'norm_pos': [0.4957340125540891, 0.5004222381163455], 'topic': 'pupil.1', 'id': 1, 'method': '3d c++'}"
1581494817.7504928,"{'circle_3d': {'center': [-0.24567085376901066, 0.03675297609734862, 62.89983898032303], 'normal': [-0.2812071675163789, 0.6189147298000474, -0.7333942228937651], 'radius': 2.4445103390422402}, 'confidence': 0.5532225302601297, 'timestamp': 359914.264567, 'diameter_3d': 4.8890206780844805, 'ellipse': {'center': [157.77000615326088, 119.93717350075535], 'axes': [35.29693291033401, 48.20787941151329], 'angle': -65.36126622312999}, 'location': [157.77000615326088, 119.93717350075535], 'diameter': 48.20787941151329, 'sphere': {'center': [3.1288151564275357, -7.390223781503218, 71.70056965504821], 'radius': 12.0}, 'projected_sphere': {'center': [187.05509044513556, 56.096201653965586], 'axes': [207.52973193361993, 207.52973193361993], 'angle': 90.0}, 'model_confidence': 0.726513392762651, 'model_id': 1, 'model_birth_timestamp': 359909.669808, 'theta': 2.2381565732350306, 'phi': -1.936939286110095, 'norm_pos': [0.49303126922894025, 0.500261777080186], 'topic': 'pupil.1', 'id': 1, 'method': '3d c++'}"
1581494817.759375,"{'circle_3d': {'center': [-0.23936358424475213, 0.04013990354944852, 62.90028173483027], 'normal': [-0.28068156172269065, 0.6191969737543889, -0.7333573266848283], 'radius': 2.4596481335688294}, 'confidence': 0.48957462007524716, 'timestamp': 359914.272967, 'diameter_3d': 4.919296267137659, 'ellipse': {'center': [157.83424031355523, 119.96512548150275], 'axes': [35.51363486874176, 48.506263136377726], 'angle': -65.41832482546295}, 'location': [157.83424031355523, 119.96512548150275], 'diameter': 48.506263136377726, 'sphere': {'center': [3.1288151564275357, -7.390223781503218, 71.70056965504821], 'radius': 12.0}, 'projected_sphere': {'center': [187.05509044513556, 56.096201653965586], 'axes': [207.52973193361993, 207.52973193361993], 'angle': 90.0}, 'model_confidence': 0.726513392762651, 'model_id': 1, 'model_birth_timestamp': 359909.669808, 'theta': 2.2385159608330847, 'phi': -1.9363311162667696, 'norm_pos': [0.4932320009798601, 0.5001453104937386], 'topic': 'pupil.1', 'id': 1, 'method': '3d c++'}"
1581494817.7671528,"{'circle_3d': {'center': [-0.24032856196498953, 0.043495629357340526, 62.90348568787982], 'normal': [-0.28076197653271046, 0.6194766175717132, -0.7330903305973658], 'radius': 2.4501700727679445}, 'confidence': 0.5974514507902138, 'timestamp': 359914.281367, 'diameter_3d': 4.900340145535889, 'ellipse': {'center': [157.8233164483719, 120.00152394160807], 'axes': [35.3600809054289, 48.31676688021182], 'angle': -65.4225671966164}, 'location': [157.8233164483719, 120.00152394160807], 'diameter': 48.31676688021182, 'sphere': {'center': [3.1288151564275357, -7.390223781503218, 71.70056965504821], 'radius': 12.0}, 'projected_sphere': {'center': [187.05509044513556, 56.096201653965586], 'axes': [207.52973193361993, 207.52973193361993], 'angle': 90.0}, 'model_confidence': 0.726513392762651, 'model_id': 1, 'model_birth_timestamp': 359909.669808, 'theta': 2.23887213809156, 'phi': -1.936548359801117, 'norm_pos': [0.4931978639011622, 0.49999365024329967], 'topic': 'pupil.1', 'id': 1, 'method': '3d c++'}"
1581494817.774614,"{'circle_3d': {'center': [-0.24128296894629964, 0.04682017861332177, 62.90666177739531], 'normal': [-0.28084151044781963, 0.619753663343045, -0.7328256564710756], 'radius': 2.446899787919106}, 'confidence': 0.4468882718973937, 'timestamp': 359914.289767, 'diameter_3d': 4.893799575838212, 'ellipse': {'center': [157.81347457057353, 120.03543833975057], 'axes': [35.29647367788337, 48.249807448784416], 'angle': -65.42677578044547}, 'location': [157.81347457057353, 120.03543833975057], 'diameter': 48.249807448784416, 'sphere': {'center': [3.1288151564275357, -7.390223781503218, 71.70056965504821], 'radius': 12.0}, 'projected_sphere': {'center': [187.05509044513556, 56.096201653965586], 'axes': [207.52973193361993, 207.52973193361993], 'angle': 90.0}, 'model_confidence': 0.726513392762651, 'model_id': 1, 'model_birth_timestamp': 359909.669808, 'theta': 2.239225105012958, 'phi': -1.9367636185569692, 'norm_pos': [0.4931671080330423, 0.4998523402510393], 'topic': 'pupil.1', 'id': 1, 'method': '3d c++'}"
1581494817.783103,"{'circle_3d': {'center': [-0.15415216699824752, 0.050113576179192876, 62.87653964845859], 'normal': [-0.2735806102854819, 0.6200281131402009, -0.7353358338824686], 'radius': 2.476600779593122}, 'confidence': 0.4331765632323311, 'timestamp': 359914.298167, 'diameter_3d': 4.953201559186244, 'ellipse': {'center': [158.6725296107176, 120.05563477275815], 'axes': [35.883517644259335, 48.859007459515546], 'angle': -66.07206251033912}, 'location': [158.6725296107176, 120.05563477275815], 'diameter': 48.859007459515546, 'sphere': {'center': [3.1288151564275357, -7.390223781503218, 71.70056965504821], 'radius': 12.0}, 'projected_sphere': {'center': [187.05509044513556, 56.096201653965586], 'axes': [207.52973193361993, 207.52973193361993], 'angle': 90.0}, 'model_confidence': 0.726513392762651, 'model_id': 1, 'model_birth_timestamp': 359909.669808, 'theta': 2.239574861597278, 'phi': -1.9269768925343262, 'norm_pos': [0.4958516550334925, 0.499768188446841], 'topic': 'pupil.1', 'id': 1, 'method': '3d c++'}"
1581494817.7909791,"{'circle_3d': {'center': [-0.16126856899534303, 0.05337584670933104, 62.881943137580684], 'normal': [-0.27417364378523995, 0.6202999690177126, -0.7348855431222941], 'radius': 2.4416293130052766}, 'confidence': 0.5077486263296955, 'timestamp': 359914.306567, 'diameter_3d': 4.883258626010553, 'ellipse': {'center': [158.59730104938095, 120.10023280864337], 'axes': [35.34827701767375, 48.16448959624332], 'angle': -66.03066915911418}, 'location': [158.59730104938095, 120.10023280864337], 'diameter': 48.16448959624332, 'sphere': {'center': [3.1288151564275357, -7.390223781503218, 71.70056965504821], 'radius': 12.0}, 'projected_sphere': {'center': [187.05509044513556, 56.096201653965586], 'axes': [207.52973193361993, 207.52973193361993], 'angle': 90.0}, 'model_confidence': 0.726513392762651, 'model_id': 1, 'model_birth_timestamp': 359909.669808, 'theta': 2.2399214078445215, 'phi': -1.9278856881844784, 'norm_pos': [0.49561656577931545, 0.4995823632973193], 'topic': 'pupil.1', 'id': 1, 'method': '3d c++'}"
1581494817.8033972,"{'circle_3d': {'center': [-0.1610698312443417, 0.056607014650145615, 62.88459733990605], 'normal': [-0.27415708230598984, 0.6205692330127804, -0.7346643595951803], 'radius': 2.432231091159054}, 'confidence': 0.4261027462124555, 'timestamp': 359914.314967, 'diameter_3d': 4.864462182318108, 'ellipse': {'center': [158.59780437759537, 120.13534491178889], 'axes': [35.19844810496186, 47.97695182853409], 'angle': -66.04268735039572}, 'location': [158.59780437759537, 120.13534491178889], 'diameter': 47.97695182853409, 'sphere': {'center': [3.1288151564275357, -7.390223781503218, 71.70056965504821], 'radius': 12.0}, 'projected_sphere': {'center': [187.05509044513556, 56.096201653965586], 'axes': [207.52973193361993, 207.52973193361993], 'angle': 90.0}, 'model_confidence': 0.726513392762651, 'model_id': 1, 'model_birth_timestamp': 359909.669808, 'theta': 2.2402647437546874, 'phi': -1.9279644964857459, 'norm_pos': [0.4956181386799855, 0.49943606286754627], 'topic': 'pupil.1', 'id': 1, 'method': '3d c++'}"
1581494817.808553,"{'circle_3d': {'center': [-0.1608556584777623, 0.059806725144432527, 62.88722117790403], 'normal': [-0.2741392345754415, 0.6208358755539709, -0.7344457064286818], 'radius': 2.4501809273186823}, 'confidence': 0.5061505369672075, 'timestamp': 359914.323366, 'diameter_3d': 4.900361854637365, 'ellipse': {'center': [158.60265355114007, 120.16060124243417], 'axes': [35.44505172282223, 48.329259458169034], 'angle': -66.05470064593862}, 'location': [158.60265355114007, 120.16060124243417], 'diameter': 48.329259458169034, 'sphere': {'center': [3.1288151564275357, -7.390223781503218, 71.70056965504821], 'radius': 12.0}, 'projected_sphere': {'center': [187.05509044513556, 56.096201653965586], 'axes': [207.52973193361993, 207.52973193361993], 'angle': 90.0}, 'model_confidence': 0.726513392762651, 'model_id': 1, 'model_birth_timestamp': 359909.669808, 'theta': 2.240604829029743, 'phi': -1.928040681725222, 'norm_pos': [0.4956332923473127, 0.4993308281565243], 'topic': 'pupil.1', 'id': 1, 'method': '3d c++'}"
1581494817.814804,"{'circle_3d': {'center': [-0.16062603605293768, 0.06297576410679007, 62.88981525065517], 'normal': [-0.2741200993733727, 0.6210999621341673, -0.7342295336994202], 'radius': 2.4563184857621447}, 'confidence': 0.5577289324191387, 'timestamp': 359914.331766, 'diameter_3d': 4.9126369715242895, 'ellipse': {'center': [158.6058449277468, 120.18966648299822], 'axes': [35.52056285125404, 48.44841606904358], 'angle': -66.06671781080776}, 'location': [158.6058449277468, 120.18966648299822], 'diameter': 48.44841606904358, 'sphere': {'center': [3.1288151564275357, -7.390223781503218, 71.70056965504821], 'radius': 12.0}, 'projected_sphere': {'center': [187.05509044513556, 56.096201653965586], 'axes': [207.52973193361993, 207.52973193361993], 'angle': 90.0}, 'model_confidence': 0.726513392762651, 'model_id': 1, 'model_birth_timestamp': 359909.669808, 'theta': 2.2409417446479174, 'phi': -1.9281142620434917, 'norm_pos': [0.4956432653992088, 0.49920972298750743], 'topic': 'pupil.1', 'id': 1, 'method': '3d c++'}"
1581494817.822231,"{'circle_3d': {'center': [-0.1603810244034558, 0.06611377256339779, 62.892379218651946], 'normal': [-0.274099681735916, 0.6213614628388847, -0.734015869699689], 'radius': 2.446197510967174}, 'confidence': 0.6282575533379413, 'timestamp': 359914.340166, 'diameter_3d': 4.892395021934348, 'ellipse': {'center': [158.60668304353118, 120.22412538316574], 'axes': [35.360809663940955, 48.246691343620434], 'angle': -66.07873801489362}, 'location': [158.60668304353118, 120.22412538316574], 'diameter': 48.246691343620434, 'sphere': {'center': [3.1288151564275357, -7.390223781503218, 71.70056965504821], 'radius': 12.0}, 'projected_sphere': {'center': [187.05509044513556, 56.096201653965586], 'axes': [207.52973193361993, 207.52973193361993], 'angle': 90.0}, 'model_confidence': 0.726513392762651, 'model_id': 1, 'model_birth_timestamp': 359909.669808, 'theta': 2.2412754499290144, 'phi': -1.9281852282146665, 'norm_pos': [0.4956458845110349, 0.4990661442368094], 'topic': 'pupil.1', 'id': 1, 'method': '3d c++'}"
1581494817.836352,"{'circle_3d': {'center': [-0.16012065887993954, 0.06922077412378602, 62.89491305691117], 'normal': [-0.27407798460895627, 0.6216203796355837, -0.7338047165114201], 'radius': 2.4595644494711615}, 'confidence': 0.5195318057464814, 'timestamp': 359914.348566, 'diameter_3d': 4.919128898942323, 'ellipse': {'center': [158.61128800791278, 120.25003829492833], 'axes': [35.54120119631525, 48.50856854250193], 'angle': -66.09075547071279}, 'location': [158.61128800791278, 120.25003829492833], 'diameter': 48.50856854250193, 'sphere': {'center': [3.1288151564275357, -7.390223781503218, 71.70056965504821], 'radius': 12.0}, 'projected_sphere': {'center': [187.05509044513556, 56.096201653965586], 'axes': [207.52973193361993, 207.52973193361993], 'angle': 90.0}, 'model_confidence': 0.726513392762651, 'model_id': 1, 'model_birth_timestamp': 359909.669808, 'theta': 2.241605944873034, 'phi': -1.9282535802387462, 'norm_pos': [0.4956602750247274, 0.49895817377113194], 'topic': 'pupil.1', 'id': 1, 'method': '3d c++'}"
1581494817.843207,"{'circle_3d': {'center': [-0.0716504807344358, 0.07229679218700902, 62.86497084157804], 'normal': [-0.2667054697634976, 0.6218767144741856, -0.7362999011225142], 'radius': 2.4444758612011497}, 'confidence': 0.6956133124963109, 'timestamp': 359914.356966, 'diameter_3d': 4.888951722402299, 'ellipse': {'center': [159.47708264783697, 120.2839725069844], 'axes': [35.4774664866493, 48.23354447941511], 'angle': -66.74993570097608}, 'location': [159.47708264783697, 120.2839725069844], 'diameter': 48.23354447941511, 'sphere': {'center': [3.1288151564275357, -7.390223781503218, 71.70056965504821], 'radius': 12.0}, 'projected_sphere': {'center': [187.05509044513556, 56.096201653965586], 'axes': [207.52973193361993, 207.52973193361993], 'angle': 90.0}, 'model_confidence': 0.726513392762651, 'model_id': 1, 'model_birth_timestamp': 359909.669808, 'theta': 2.241933229479976, 'phi': -1.9183193181157308, 'norm_pos': [0.4983658832744905, 0.49881678122089834], 'topic': 'pupil.1', 'id': 1, 'method': '3d c++'}"
1581494817.850894,"{'circle_3d': {'center': [-0.07754048849270312, 0.07534184994115556, 62.86967993311845], 'normal': [-0.2671963037433532, 0.6221304692870311, -0.7359074768274803], 'radius': 2.466398601361363}, 'confidence': 0.442267984214063, 'timestamp': 359914.365366, 'diameter_3d': 4.932797202722726, 'ellipse': {'center': [159.4225383375878, 120.30635444914752], 'axes': [35.77160410088177, 48.66279591560168], 'angle': -66.71617276613375}, 'location': [159.4225383375878, 120.30635444914752], 'diameter': 48.66279591560168, 'sphere': {'center': [3.1288151564275357, -7.390223781503218, 71.70056965504821], 'radius': 12.0}, 'projected_sphere': {'center': [187.05509044513556, 56.096201653965586], 'axes': [207.52973193361993, 207.52973193361993], 'angle': 90.0}, 'model_confidence': 0.726513392762651, 'model_id': 1, 'model_birth_timestamp': 359909.669808, 'theta': 2.2422573037498403, 'phi': -1.9190794779973623, 'norm_pos': [0.4981954323049619, 0.49872352312855195], 'topic': 'pupil.1', 'id': 1, 'method': '3d c++'}"
1581494817.8584042,"{'circle_3d': {'center': [-0.07610108419937545, 0.07835597036286934, 62.87170628649494], 'normal': [-0.2670763533855759, 0.6223816459888406, -0.7357386140461059], 'radius': 2.4586090233653497}, 'confidence': 0.5866257801468002, 'timestamp': 359914.373766, 'diameter_3d': 4.917218046730699, 'ellipse': {'center': [159.43544714703015, 120.33878274631273], 'axes': [35.647981287442065, 48.50744062713339], 'angle': -66.73635610430942}, 'location': [159.43544714703015, 120.33878274631273], 'diameter': 48.50744062713339, 'sphere': {'center': [3.1288151564275357, -7.390223781503218, 71.70056965504821], 'radius': 12.0}, 'projected_sphere': {'center': [187.05509044513556, 56.096201653965586], 'axes': [207.52973193361993, 207.52973193361993], 'angle': 90.0}, 'model_confidence': 0.726513392762651, 'model_id': 1, 'model_birth_timestamp': 359909.669808, 'theta': 2.2425781676826273, 'phi': -1.9190090585459212, 'norm_pos': [0.4982357723344692, 0.49858840522369696], 'topic': 'pupil.1', 'id': 1, 'method': '3d c++'}"
1581494817.869258,"{'circle_3d': {'center': [-0.07464118735034697, 0.08133917623742803, 62.873700763871284], 'normal': [-0.2669546953148236, 0.6226302464783873, -0.7355724075980775], 'radius': 2.4628298033239053}, 'confidence': 0.6007141760052649, 'timestamp': 359914.382166, 'diameter_3d': 4.925659606647811, 'ellipse': {'center': [159.4503770121031, 120.3666564629827], 'axes': [35.69892589962863, 48.5892391355989], 'angle': -66.75657778548977}, 'location': [159.4503770121031, 120.3666564629827], 'diameter': 48.5892391355989, 'sphere': {'center': [3.1288151564275357, -7.390223781503218, 71.70056965504821], 'radius': 12.0}, 'projected_sphere': {'center': [187.05509044513556, 56.096201653965586], 'axes': [207.52973193361993, 207.52973193361993], 'angle': 90.0}, 'model_confidence': 0.726513392762651, 'model_id': 1, 'model_birth_timestamp': 359909.669808, 'theta': 2.242895821280527, 'phi': -1.9189353936696976, 'norm_pos': [0.4982824281628222, 0.4984722647375721], 'topic': 'pupil.1', 'id': 1, 'method': '3d c++'}"
1581494817.874269,"{'circle_3d': {'center': [0.015246867199901537, 0.08429149007581138, 62.844085365938454], 'normal': [-0.2594640241023028, 0.6228762726315857, -0.7380403574258131], 'radius': 2.4618337814318747}, 'confidence': 0.4873268831150366, 'timestamp': 359914.390566, 'diameter_3d': 4.923667562863749, 'ellipse': {'center': [160.33284883192258, 120.39448565344372], 'axes': [35.83807920778654, 48.59234878409471], 'angle': -67.43171043709373}, 'location': [160.33284883192258, 120.39448565344372], 'diameter': 48.59234878409471, 'sphere': {'center': [3.1288151564275357, -7.390223781503218, 71.70056965504821], 'radius': 12.0}, 'projected_sphere': {'center': [187.05509044513556, 56.096201653965586], 'axes': [207.52973193361993, 207.52973193361993], 'angle': 90.0}, 'model_confidence': 0.726513392762651, 'model_id': 1, 'model_birth_timestamp': 359909.669808, 'theta': 2.2432102645391367, 'phi': -1.908858483369712, 'norm_pos': [0.5010401525997581, 0.4983563097773178], 'topic': 'pupil.1', 'id': 1, 'method': '3d c++'}"
1581494817.883054,"{'circle_3d': {'center': [0.010559249593890208, 0.08721293423823973, 62.84820159550738], 'normal': [-0.2598546589028038, 0.6231197263117881, -0.7376973382950691], 'radius': 2.463935899093025}, 'confidence': 0.5095215354931141, 'timestamp': 359914.398966, 'diameter_3d': 4.92787179818605, 'ellipse': {'center': [160.2870411512764, 120.42261438038894], 'axes': [35.84735241866866, 48.630699684934044], 'angle': -67.40583798699961}, 'location': [160.2870411512764, 120.42261438038894], 'diameter': 48.630699684934044, 'sphere': {'center': [3.1288151564275357, -7.390223781503218, 71.70056965504821], 'radius': 12.0}, 'projected_sphere': {'center': [187.05509044513556, 56.096201653965586], 'axes': [207.52973193361993, 207.52973193361993], 'angle': 90.0}, 'model_confidence': 0.726513392762651, 'model_id': 1, 'model_birth_timestamp': 359909.669808, 'theta': 2.2435214974606694, 'phi': -1.9094751229544649, 'norm_pos': [0.5008970035977388, 0.49823910674837946], 'topic': 'pupil.1', 'id': 1, 'method': '3d c++'}"
1581494817.8908951,"{'circle_3d': {'center': [0.013223519492678637, 0.0901035308508229, 62.84970573947976], 'normal': [-0.25963263641123807, 0.6233606093628368, -0.7375719929640377], 'radius': 2.463838541106619}, 'confidence': 0.5995202408860059, 'timestamp': 359914.407366, 'diameter_3d': 4.927677082213238, 'ellipse': {'center': [160.3131292507789, 120.4510897097653], 'axes': [35.838109919496524, 48.627621038524396], 'angle': -67.43458517002662}, 'location': [160.3131292507789, 120.4510897097653], 'diameter': 48.627621038524396, 'sphere': {'center': [3.1288151564275357, -7.390223781503218, 71.70056965504821], 'radius': 12.0}, 'projected_sphere': {'center': [187.05509044513556, 56.096201653965586], 'axes': [207.52973193361993, 207.52973193361993], 'angle': 90.0}, 'model_confidence': 0.726513392762651, 'model_id': 1, 'model_birth_timestamp': 359909.669808, 'theta': 2.2438295200451246, 'phi': -1.9092605711000181, 'norm_pos': [0.5009785289086841, 0.4981204595426446], 'topic': 'pupil.1', 'id': 1, 'method': '3d c++'}"
1581494817.899651,"{'circle_3d': {'center': [0.015913638762600435, 0.09296330182588264, 62.851176725744196], 'normal': [-0.2594084598054112, 0.6235989236107582, -0.7374494107753345], 'radius': 2.457787544806703}, 'confidence': 0.4583051633677986, 'timestamp': 359914.415766, 'diameter_3d': 4.915575089613406, 'ellipse': {'center': [160.33858929637557, 120.48137437778813], 'axes': [35.74233763834268, 48.50698467013365], 'angle': -67.46341433003283}, 'location': [160.33858929637557, 120.48137437778813], 'diameter': 48.50698467013365, 'sphere': {'center': [3.1288151564275357, -7.390223781503218, 71.70056965504821], 'radius': 12.0}, 'projected_sphere': {'center': [187.05509044513556, 56.096201653965586], 'axes': [207.52973193361993, 207.52973193361993], 'angle': 90.0}, 'model_confidence': 0.726513392762651, 'model_id': 1, 'model_birth_timestamp': 359909.669808, 'theta': 2.244134332292502, 'phi': -1.9090421415907628, 'norm_pos': [0.5010580915511736, 0.49799427342588276], 'topic': 'pupil.1', 'id': 1, 'method': '3d c++'}"
1581494817.906689,"{'circle_3d': {'center': [0.01862959518662821, 0.09579226886148984, 62.85261455410367], 'normal': [-0.2591821301034089, 0.6238346708637256, -0.7373295917453787], 'radius': 2.4523558129510037}, 'confidence': 0.5723233417716515, 'timestamp': 359914.424166, 'diameter_3d': 4.904711625902007, 'ellipse': {'center': [160.36439791692538, 120.51112995243966], 'axes': [35.655790812011325, 48.398610041882904], 'angle': -67.49232624949117}, 'location': [160.36439791692538, 120.51112995243966], 'diameter': 48.398610041882904, 'sphere': {'center': [3.1288151564275357, -7.390223781503218, 71.70056965504821], 'radius': 12.0}, 'projected_sphere': {'center': [187.05509044513556, 56.096201653965586], 'axes': [207.52973193361993, 207.52973193361993], 'angle': 90.0}, 'model_confidence': 0.726513392762651, 'model_id': 1, 'model_birth_timestamp': 359909.669808, 'theta': 2.244435934202802, 'phi': -1.908819834426699, 'norm_pos': [0.5011387434903918, 0.4978702918648348], 'topic': 'pupil.1', 'id': 1, 'method': '3d c++'}"
1581494817.919016,"{'circle_3d': {'center': [0.021371049381980978, 0.09859012217179952, 62.854019059606415], 'normal': [-0.2589536755871295, 0.6240678253062514, -0.7372125496201497], 'radius': 2.462346522443059}, 'confidence': 0.607555146121345, 'timestamp': 359914.432565, 'diameter_3d': 4.924693044886118, 'ellipse': {'center': [160.3927332871037, 120.53510789812488], 'axes': [35.79394893991162, 48.59484240233733], 'angle': -67.52131895645655}, 'location': [160.3927332871037, 120.53510789812488], 'diameter': 48.59484240233733, 'sphere': {'center': [3.1288151564275357, -7.390223781503218, 71.70056965504821], 'radius': 12.0}, 'projected_sphere': {'center': [187.05509044513556, 56.096201653965586], 'axes': [207.52973193361993, 207.52973193361993], 'angle': 90.0}, 'model_confidence': 0.726513392762651, 'model_id': 1, 'model_birth_timestamp': 359909.669808, 'theta': 2.244734290446074, 'phi': -1.9085936767640024, 'norm_pos': [0.5012272915221991, 0.497770383757813], 'topic': 'pupil.1', 'id': 1, 'method': '3d c++'}"
1581494817.9279811,"{'circle_3d': {'center': [-0.06415644063619697, 0.10135754922411522, 62.88687908041139], 'normal': [-0.2660809664219777, 0.6242984442272778, -0.7344742145530686], 'radius': 2.465841593120473}, 'confidence': 0.46538781179433064, 'timestamp': 359914.440965, 'diameter_3d': 4.931683186240946, 'ellipse': {'center': [159.55345842812125, 120.56258974536505], 'axes': [35.67424878113719, 48.63855343320854], 'angle': -66.89698197132894}, 'location': [159.55345842812125, 120.56258974536505], 'diameter': 48.63855343320854, 'sphere': {'center': [3.1288151564275357, -7.390223781503218, 71.70056965504821], 'radius': 12.0}, 'projected_sphere': {'center': [187.05509044513556, 56.096201653965586], 'axes': [207.52973193361993, 207.52973193361993], 'angle': 90.0}, 'model_confidence': 0.726513392762651, 'model_id': 1, 'model_birth_timestamp': 359909.669808, 'theta': 2.245029472064383, 'phi': -1.918363614751924, 'norm_pos': [0.4986045575878789, 0.49765587606097894], 'topic': 'pupil.1', 'id': 1, 'method': '3d c++'}"
1581494817.934946,"{'circle_3d': {'center': [0.03309225877985389, 0.10409423613877422, 62.854570718160055], 'normal': [-0.25797690813730684, 0.6245265014701661, -0.7371665780740132], 'radius': 2.446763592823284}, 'confidence': 0.45292653565615393, 'timestamp': 359914.449365, 'diameter_3d': 4.893527185646568, 'ellipse': {'center': [160.50544175937887, 120.59466890622178], 'axes': [35.564207557717296, 48.286685339650816], 'angle': -67.62541105655103}, 'location': [160.50544175937887, 120.59466890622178], 'diameter': 48.286685339650816, 'sphere': {'center': [3.1288151564275357, -7.390223781503218, 71.70056965504821], 'radius': 12.0}, 'projected_sphere': {'center': [187.05509044513556, 56.096201653965586], 'axes': [207.52973193361993, 207.52973193361993], 'angle': 90.0}, 'model_confidence': 0.726513392762651, 'model_id': 1, 'model_birth_timestamp': 359909.669808, 'theta': 2.2453214433456146, 'phi': -1.907433205682206, 'norm_pos': [0.501579505498059, 0.4975222128907426], 'topic': 'pupil.1', 'id': 1, 'method': '3d c++'}"
1581494817.943203,"{'circle_3d': {'center': [0.028589366480078038, 0.10680020375245292, 62.85844143748397], 'normal': [-0.25835214916228816, 0.6247519987713059, -0.7368440181303537], 'radius': 2.4544234222771757}, 'confidence': 0.5871147015343648, 'timestamp': 359914.457765, 'diameter_3d': 4.908846844554351, 'ellipse': {'center': [160.46226110391186, 120.61869006172134], 'axes': [35.65569326867778, 48.434986767060785], 'angle': -67.60016414881898}, 'location': [160.46226110391186, 120.61869006172134], 'diameter': 48.434986767060785, 'sphere': {'center': [3.1288151564275357, -7.390223781503218, 71.70056965504821], 'radius': 12.0}, 'projected_sphere': {'center': [187.05509044513556, 56.096201653965586], 'axes': [207.52973193361993, 207.52973193361993], 'angle': 90.0}, 'model_confidence': 0.726513392762651, 'model_id': 1, 'model_birth_timestamp': 359909.669808, 'theta': 2.2456102042897688, 'phi': -1.9080232564688702, 'norm_pos': [0.5014445659497245, 0.49742212474282776], 'topic': 'pupil.1', 'id': 1, 'method': '3d c++'}"
1581494817.950839,"{'circle_3d': {'center': [0.06480418386763587, 0.05599529422343785, 62.80306111409603], 'normal': [-0.25533424771332497, 0.6205182563105547, -0.7414590450793485], 'radius': 2.436281829909752}, 'confidence': 0.9961174654429329, 'timestamp': 359914.466165, 'diameter_3d': 4.872563659819504, 'ellipse': {'center': [160.81694572699783, 120.12361023723001], 'axes': [35.6762983042368, 48.11892746319842], 'angle': -67.7154540828156}, 'location': [160.81694572699783, 120.12361023723001], 'diameter': 48.11892746319842, 'sphere': {'center': [3.1288151564275357, -7.390223781503218, 71.70056965504821], 'radius': 12.0}, 'projected_sphere': {'center': [187.05509044513556, 56.096201653965586], 'axes': [207.52973193361993, 207.52973193361993], 'angle': 90.0}, 'model_confidence': 0.7257169028041743, 'model_id': 1, 'model_birth_timestamp': 359909.669808, 'theta': 2.240199736698557, 'phi': -1.9024443623215974, 'norm_pos': [0.5025529553968682, 0.49948495734487497], 'topic': 'pupil.1', 'id': 1, 'method': '3d c++'}"
1581494817.959079,"{'circle_3d': {'center': [0.05931817780134585, 0.0771709891315453, 62.82272061163115], 'normal': [-0.2557914148855158, 0.622282897552897, -0.7398207536180886], 'radius': 2.4298879402795146}, 'confidence': 0.9960753249282557, 'timestamp': 359914.474565, 'diameter_3d': 4.859775880559029, 'ellipse': {'center': [160.76145587528967, 120.33481347210268], 'axes': [35.481703110025975, 47.9776180099633], 'angle': -67.7390938821499}, 'location': [160.76145587528967, 120.33481347210268], 'diameter': 47.9776180099633, 'sphere': {'center': [3.1288151564275357, -7.390223781503218, 71.70056965504821], 'radius': 12.0}, 'projected_sphere': {'center': [187.05509044513556, 56.096201653965586], 'axes': [207.52973193361993, 207.52973193361993], 'angle': 90.0}, 'model_confidence': 0.7249037870706299, 'model_id': 1, 'model_birth_timestamp': 359909.669808, 'theta': 2.2424520124162703, 'phi': -1.903678004163897, 'norm_pos': [0.5023795496102802, 0.4986049438662389], 'topic': 'pupil.1', 'id': 1, 'method': '3d c++'}"
1581494817.966683,"{'circle_3d': {'center': [0.08567102110258773, 0.13977140171863933, 62.866632463043], 'normal': [-0.25359534461041233, 0.6274995986018215, -0.7361614326671012], 'radius': 2.4042021957179283}, 'confidence': 0.9923715298659868, 'timestamp': 359914.482965, 'diameter_3d': 4.8084043914358565, 'ellipse': {'center': [161.01486089461764, 120.96021894398997], 'axes': [34.883176163062934, 47.43718968011363], 'angle': -68.12480035513457}, 'location': [161.01486089461764, 120.96021894398997], 'diameter': 47.43718968011363, 'sphere': {'center': [3.1288151564275357, -7.390223781503218, 71.70056965504821], 'radius': 12.0}, 'projected_sphere': {'center': [187.05509044513556, 56.096201653965586], 'axes': [207.52973193361993, 207.52973193361993], 'angle': 90.0}, 'model_confidence': 0.7216557783080502, 'model_id': 1, 'model_birth_timestamp': 359909.669808, 'theta': 2.24913402919875, 'phi': -1.9025480930587328, 'norm_pos': [0.5031714402956802, 0.4959990877333751], 'topic': 'pupil.1', 'id': 1, 'method': '3d c++'}"
1581494817.974779,"{'circle_3d': {'center': [0.04986906103183664, 0.12785807714140507, 62.868891665653095], 'normal': [-0.2565788412829749, 0.6265068215537186, -0.7359731657829265], 'radius': 2.365833118298795}, 'confidence': 0.9905183611126248, 'timestamp': 359914.491365, 'diameter_3d': 4.73166623659759, 'ellipse': {'center': [160.65802033781947, 120.85663274778948], 'axes': [34.314780599217094, 46.67791695870327], 'angle': -67.82239998787203}, 'location': [160.65802033781947, 120.85663274778948], 'diameter': 46.67791695870327, 'sphere': {'center': [3.1288151564275357, -7.390223781503218, 71.70056965504821], 'radius': 12.0}, 'projected_sphere': {'center': [187.05509044513556, 56.096201653965586], 'axes': [207.52973193361993, 207.52973193361993], 'angle': 90.0}, 'model_confidence': 0.7172332586021346, 'model_id': 1, 'model_birth_timestamp': 359909.669808, 'theta': 2.2478596312531036, 'phi': -1.9062459149705746, 'norm_pos': [0.5020563135556858, 0.4964306968842105], 'topic': 'pupil.1', 'id': 1, 'method': '3d c++'}"
1581494817.98299,"{'circle_3d': {'center': [0.042309104041579726, 0.133329330894707, 62.87619268250719], 'normal': [-0.2572088376988297, 0.6269627593664938, -0.7353647477117522], 'radius': 2.4487478157565694}, 'confidence': 0.9982856745725157, 'timestamp': 359914.499765, 'diameter_3d': 4.897495631513139, 'ellipse': {'center': [160.59547722888263, 120.88176510837916], 'axes': [35.48142058725908, 48.309357252993564], 'angle': -67.78272753608104}, 'location': [160.59547722888263, 120.88176510837916], 'diameter': 48.309357252993564, 'sphere': {'center': [3.1288151564275357, -7.390223781503218, 71.70056965504821], 'radius': 12.0}, 'projected_sphere': {'center': [187.05509044513556, 56.096201653965586], 'axes': [207.52973193361993, 207.52973193361993], 'angle': 90.0}, 'model_confidence': 0.7179347044864004, 'model_id': 1, 'model_birth_timestamp': 359909.669808, 'theta': 2.2484447425668552, 'phi': -1.9072666071884834, 'norm_pos': [0.5018608663402582, 0.4963259787150869], 'topic': 'pupil.1', 'id': 1, 'method': '3d c++'}"
1581494817.9902122,"{'circle_3d': {'center': [0.03141955142634023, 0.130351246000334, 62.8774697620509], 'normal': [-0.2581163004167663, 0.626714585625296, -0.7352583244164428], 'radius': 2.427622791495893}, 'confidence': 0.9985079849201782, 'timestamp': 359914.508165, 'diameter_3d': 4.855245582991786, 'ellipse': {'center': [160.48553920869148, 120.8600438340619], 'axes': [35.16844449423134, 47.89133300073888], 'angle': -67.69287047477192}, 'location': [160.48553920869148, 120.8600438340619], 'diameter': 47.89133300073888, 'sphere': {'center': [3.1288151564275357, -7.390223781503218, 71.70056965504821], 'radius': 12.0}, 'projected_sphere': {'center': [187.05509044513556, 56.096201653965586], 'axes': [207.52973193361993, 207.52973193361993], 'angle': 90.0}, 'model_confidence': 0.7187713243662963, 'model_id': 1, 'model_birth_timestamp': 359909.669808, 'theta': 2.248126223617479, 'phi': -1.9084109324638363, 'norm_pos': [0.5015173100271608, 0.49641648402474214], 'topic': 'pupil.1', 'id': 1, 'method': '3d c++'}"
1581494818.002461,"{'circle_3d': {'center': [0.05007570949570539, 0.1476907753845067, 62.885740810937506], 'normal': [-0.2565616205776525, 0.6281595464073104, -0.7345690703425586], 'radius': 2.367032126250874}, 'confidence': 0.9932489792976971, 'timestamp': 359914.516565, 'diameter_3d': 4.734064252501748, 'ellipse': {'center': [160.659680762717, 121.05147130971139], 'axes': [34.24814289076642, 46.68914483945482], 'angle': -67.8836006116842}, 'location': [160.659680762717, 121.05147130971139], 'diameter': 46.68914483945482, 'sphere': {'center': [3.1288151564275357, -7.390223781503218, 71.70056965504821], 'radius': 12.0}, 'projected_sphere': {'center': [187.05509044513556, 56.096201653965586], 'axes': [207.52973193361993, 207.52973193361993], 'angle': 90.0}, 'model_confidence': 0.7162107532663553, 'model_id': 1, 'model_birth_timestamp': 359909.669808, 'theta': 2.2499819088837802, 'phi': -1.906819064215116, 'norm_pos': [0.5020615023834906, 0.49561886954286927], 'topic': 'pupil.1', 'id': 1, 'method': '3d c++'}"
1581494818.0108988,"{'circle_3d': {'center': [0.035289339580085066, 0.09403702950075932, 62.84529223797266], 'normal': [-0.2577938180706209, 0.6236884009169982, -0.7379397847562966], 'radius': 2.4310643223103336}, 'confidence': 0.9983059301116197, 'timestamp': 359914.524965, 'diameter_3d': 4.862128644620667, 'ellipse': {'center': [160.52499969490168, 120.50106364843865], 'axes': [35.38326037008071, 47.98369468160234], 'angle': -67.61103309135198}, 'location': [160.52499969490168, 120.50106364843865], 'diameter': 47.98369468160234, 'sphere': {'center': [3.1288151564275357, -7.390223781503218, 71.70056965504821], 'radius': 12.0}, 'projected_sphere': {'center': [187.05509044513556, 56.096201653965586], 'axes': [207.52973193361993, 207.52973193361993], 'angle': 90.0}, 'model_confidence': 0.7169169347325033, 'model_id': 1, 'model_birth_timestamp': 359909.669808, 'theta': 2.2442487960303747, 'phi': -1.9068853873011118, 'norm_pos': [0.5016406240465677, 0.49791223479817226], 'topic': 'pupil.1', 'id': 1, 'method': '3d c++'}"
1581494818.01898,"{'circle_3d': {'center': [0.05233288628386523, 0.11816556572111914, 62.859792186296964], 'normal': [-0.25637352251197254, 0.6256991122686948, -0.7367314557292707], 'radius': 2.421606595572312}, 'confidence': 0.9957137665307128, 'timestamp': 359914.533365, 'diameter_3d': 4.843213191144624, 'ellipse': {'center': [160.69043354769275, 120.74183835785391], 'axes': [35.171262544082865, 47.78594852756271], 'angle': -67.8114725988109}, 'location': [160.69043354769275, 120.74183835785391], 'diameter': 47.78594852756271, 'sphere': {'center': [3.1288151564275357, -7.390223781503218, 71.70056965504821], 'radius': 12.0}, 'projected_sphere': {'center': [187.05509044513556, 56.096201653965586], 'axes': [207.52973193361993, 207.52973193361993], 'angle': 90.0}, 'model_confidence': 0.7159664434495894, 'model_id': 1, 'model_birth_timestamp': 359909.669808, 'theta': 2.246823761620094, 'phi': -1.9056773733706245, 'norm_pos': [0.5021576048365398, 0.49690900684227535], 'topic': 'pupil.1', 'id': 1, 'method': '3d c++'}"
1581494818.027015,"{'circle_3d': {'center': [0.07706859579077197, 0.0834474085971948, 62.821882709789655], 'normal': [-0.254312213386397, 0.6228059325083678, -0.7398905787715465], 'radius': 2.419408537575613}, 'confidence': 0.9982536531739048, 'timestamp': 359914.541764, 'diameter_3d': 4.838817075151226, 'ellipse': {'center': [160.93426098347206, 120.40007664974164], 'axes': [35.33262480944079, 47.77122021308439], 'angle': -67.89130576615233}, 'location': [160.93426098347206, 120.40007664974164], 'diameter': 47.77122021308439, 'sphere': {'center': [3.1288151564275357, -7.390223781503218, 71.70056965504821], 'radius': 12.0}, 'projected_sphere': {'center': [187.05509044513556, 56.096201653965586], 'axes': [207.52973193361993, 207.52973193361993], 'angle': 90.0}, 'model_confidence': 0.7166312174228473, 'model_id': 1, 'model_birth_timestamp': 359909.669808, 'theta': 2.2431203555847357, 'phi': -1.9018619759034736, 'norm_pos': [0.5029195655733502, 0.4983330139594099], 'topic': 'pupil.1', 'id': 1, 'method': '3d c++'}"
1581494818.0350971,"{'circle_3d': {'center': [0.04814202128046263, 0.11911358914607373, 62.862057037636106], 'normal': [-0.25672276126225607, 0.6257781142207743, -0.7365427181176758], 'radius': 2.4258698616462073}, 'confidence': 0.9962872062454807, 'timestamp': 359914.550164, 'diameter_3d': 4.851739723292415, 'ellipse': {'center': [160.64984799659095, 120.74974522261792], 'axes': [35.22171194359371, 47.868413689343626], 'angle': -67.78312780721625}, 'location': [160.64984799659095, 120.74974522261792], 'diameter': 47.868413689343626, 'sphere': {'center': [3.1288151564275357, -7.390223781503218, 71.70056965504821], 'radius': 12.0}, 'projected_sphere': {'center': [187.05509044513556, 56.096201653965586], 'axes': [207.52973193361993, 207.52973193361993], 'angle': 90.0}, 'model_confidence': 0.7160545263549145, 'model_id': 1, 'model_birth_timestamp': 359909.669808, 'theta': 2.2469250419136366, 'phi': -1.9061797678435783, 'norm_pos': [0.5020307749893467, 0.49687606157242536], 'topic': 'pupil.1', 'id': 1, 'method': '3d c++'}"
1581494818.0432599,"{'circle_3d': {'center': [0.06290729004247853, 0.14359884402074297, 62.877773862218056], 'normal': [-0.2554923221987548, 0.6278185521269968, -0.7352329827358463], 'radius': 2.427122881831454}, 'confidence': 0.996385654474336, 'timestamp': 359914.558564, 'diameter_3d': 4.854245763662908, 'ellipse': {'center': [160.7943684983643, 120.99019746729984], 'axes': [35.15940227311976, 47.8812726992762], 'angle': -67.96667393369124}, 'location': [160.7943684983643, 120.99019746729984], 'diameter': 47.8812726992762, 'sphere': {'center': [3.1288151564275357, -7.390223781503218, 71.70056965504821], 'radius': 12.0}, 'projected_sphere': {'center': [187.05509044513556, 56.096201653965586], 'axes': [207.52973193361993, 207.52973193361993], 'angle': 90.0}, 'model_confidence': 0.7155470735335401, 'model_id': 1, 'model_birth_timestamp': 359909.669808, 'theta': 2.2495437380127496, 'phi': -1.9052408583034375, 'norm_pos': [0.5024824015573884, 0.49587417721958404], 'topic': 'pupil.1', 'id': 1, 'method': '3d c++'}"
1581494818.050657,"{'circle_3d': {'center': [0.09854372027693614, 0.21430554692367032, 62.926255509979946], 'normal': [-0.25252261967921663, 0.6337107773689074, -0.7311928454223557], 'radius': 2.3850516067418033}, 'confidence': 0.9930661858975531, 'timestamp': 359914.566964, 'diameter_3d': 4.7701032134836066, 'ellipse': {'center': [161.13614966945, 121.69993535778165], 'axes': [34.30521092986712, 47.01477781209105], 'angle': -68.4392676094934}, 'location': [161.13614966945, 121.69993535778165], 'diameter': 47.01477781209105, 'sphere': {'center': [3.1288151564275357, -7.390223781503218, 71.70056965504821], 'radius': 12.0}, 'projected_sphere': {'center': [187.05509044513556, 56.096201653965586], 'axes': [207.52973193361993, 207.52973193361993], 'angle': 90.0}, 'model_confidence': 0.7129884989973578, 'model_id': 1, 'model_birth_timestamp': 359909.669808, 'theta': 2.257137118776831, 'phi': -1.9033289338830615, 'norm_pos': [0.5035504677170313, 0.49291693600924313], 'topic': 'pupil.1', 'id': 1, 'method': '3d c++'}"
1581494818.058906,"{'circle_3d': {'center': [0.08968601350564098, 0.48685402575761216, 63.17324069041915], 'normal': [-0.25326076191015784, 0.6564231506050691, -0.7106107470524219], 'radius': 2.457907926358138}, 'confidence': 0.4681167950901512, 'timestamp': 359914.575364, 'diameter_3d': 4.915815852716276, 'ellipse': {'center': [161.04990095395476, 124.34358120269711], 'axes': [34.082100011360616, 48.263690713462765], 'angle': -69.13524057710848}, 'location': [161.04990095395476, 124.34358120269711], 'diameter': 48.263690713462765, 'sphere': {'center': [3.1288151564275357, -7.390223781503218, 71.70056965504821], 'radius': 12.0}, 'projected_sphere': {'center': [187.05509044513556, 56.096201653965586], 'axes': [207.52973193361993, 207.52973193361993], 'angle': 90.0}, 'model_confidence': 0.7057094927457208, 'model_id': 1, 'model_birth_timestamp': 359909.669808, 'theta': 2.2868638872175935, 'phi': -1.9131601545411498, 'norm_pos': [0.5032809404811086, 0.48190174498876204], 'topic': 'pupil.1', 'id': 1, 'method': '3d c++'}"
1581494818.066865,"{'circle_3d': {'center': [0.04497622031498816, 0.3120755303965286, 63.03082209666885], 'normal': [-0.25698657800937896, 0.6418582759916456, -0.7224789631982801], 'radius': 2.4008470466445933}, 'confidence': 0.9903755657965106, 'timestamp': 359914.583764, 'diameter_3d': 4.8016940932891865, 'ellipse': {'center': [160.60984266866578, 122.654421275684], 'axes': [34.00592108316239, 47.24819362665414], 'angle': -68.32797099720231}, 'location': [160.60984266866578, 122.654421275684], 'diameter': 47.24819362665414, 'sphere': {'center': [3.1288151564275357, -7.390223781503218, 71.70056965504821], 'radius': 12.0}, 'projected_sphere': {'center': [187.05509044513556, 56.096201653965586], 'axes': [207.52973193361993, 207.52973193361993], 'angle': 90.0}, 'model_confidence': 0.7015963789563373, 'model_id': 1, 'model_birth_timestamp': 359909.669808, 'theta': 2.267715485162844, 'phi': -1.9125410410308628, 'norm_pos': [0.5019057583395805, 0.48893991135131665], 'topic': 'pupil.1', 'id': 1, 'method': '3d c++'}"
1581494818.0750961,"{'circle_3d': {'center': [0.04679225139349796, 0.36236153948117433, 63.07510991926004], 'normal': [-0.2568352420861698, 0.6460487767486994, -0.7187883113156806], 'radius': 2.4104989922841784}, 'confidence': 0.9904431590447076, 'timestamp': 359914.592164, 'diameter_3d': 4.820997984568357, 'ellipse': {'center': [160.62755475243054, 123.1435800811307], 'axes': [33.919075322178394, 47.40516546869022], 'angle': -68.4840784054794}, 'location': [160.62755475243054, 123.1435800811307], 'diameter': 47.40516546869022, 'sphere': {'center': [3.1288151564275357, -7.390223781503218, 71.70056965504821], 'radius': 12.0}, 'projected_sphere': {'center': [187.05509044513556, 56.096201653965586], 'axes': [207.52973193361993, 207.52973193361993], 'angle': 90.0}, 'model_confidence': 0.6975755109338677, 'model_id': 1, 'model_birth_timestamp': 359909.669808, 'theta': 2.273192822736511, 'phi': -1.9139746516164762, 'norm_pos': [0.5019611086013455, 0.48690174966195543], 'topic': 'pupil.1', 'id': 1, 'method': '3d c++'}"
1581494818.086299,"{'circle_3d': {'center': [0.020390765724775495, 0.3093061170320457, 63.03714440005549], 'normal': [-0.2590353658918967, 0.6416274915446053, -0.7219521045827271], 'radius': 2.421066261660203}, 'confidence': 0.9922149546662965, 'timestamp': 359914.600564, 'diameter_3d': 4.842132523320406, 'ellipse': {'center': [160.37184821090113, 122.62037575414718], 'axes': [34.26089242399305, 47.64158797175923], 'angle': -68.14149534760355}, 'location': [160.37184821090113, 122.62037575414718], 'diameter': 47.64158797175923, 'sphere': {'center': [3.1288151564275357, -7.390223781503218, 71.70056965504821], 'radius': 12.0}, 'projected_sphere': {'center': [187.05509044513556, 56.096201653965586], 'axes': [207.52973193361993, 207.52973193361993], 'angle': 90.0}, 'model_confidence': 0.6946744537806304, 'model_id': 1, 'model_birth_timestamp': 359909.669808, 'theta': 2.267414561348139, 'phi': -1.9152878908350925, 'norm_pos': [0.5011620256590661, 0.4890817676910534], 'topic': 'pupil.1', 'id': 1, 'method': '3d c++'}"
1581494818.095094,"{'circle_3d': {'center': [0.0252990414126395, 0.3182980670616553, 63.04338312396083], 'normal': [-0.25862634291790804, 0.6423768207137396, -0.7214322109239487], 'radius': 2.4419883425536204}, 'confidence': 0.47480994943263743, 'timestamp': 359914.608964, 'diameter_3d': 4.883976685107241, 'ellipse': {'center': [160.4226748635579, 122.70113788151158], 'axes': [34.52539942199227, 48.04886707381043], 'angle': -68.20299910737688}, 'location': [160.4226748635579, 122.70113788151158], 'diameter': 48.04886707381043, 'sphere': {'center': [3.1288151564275357, -7.390223781503218, 71.70056965504821], 'radius': 12.0}, 'projected_sphere': {'center': [187.05509044513556, 56.096201653965586], 'axes': [207.52973193361993, 207.52973193361993], 'angle': 90.0}, 'model_confidence': 0.6902494456864083, 'model_id': 1, 'model_birth_timestamp': 359909.669808, 'theta': 2.268391901239291, 'phi': -1.9150146428485935, 'norm_pos': [0.5013208589486184, 0.488745258827035], 'topic': 'pupil.1', 'id': 1, 'method': '3d c++'}"
1581494818.102759,"{'circle_3d': {'center': [0.04674737260739592, 0.15830856289101192, 62.89599597873815], 'normal': [-0.25683898198501165, 0.6290443620328525, -0.7337144730258388], 'radius': 2.414697673252918}, 'confidence': 0.9937633561730372, 'timestamp': 359914.617364, 'diameter_3d': 4.829395346505836, 'ellipse': {'center': [160.63345563842935, 121.13953513419567], 'axes': [34.8865973612079, 47.62224259866112], 'angle': -67.89074219497344}, 'location': [160.63345563842935, 121.13953513419567], 'diameter': 47.62224259866112, 'sphere': {'center': [3.1288151564275357, -7.390223781503218, 71.70056965504821], 'radius': 12.0}, 'projected_sphere': {'center': [187.05509044513556, 56.096201653965586], 'axes': [207.52973193361993, 207.52973193361993], 'angle': 90.0}, 'model_confidence': 0.688347093406072, 'model_id': 1, 'model_birth_timestamp': 359909.669808, 'theta': 2.2511196031515976, 'phi': -1.9075183973258865, 'norm_pos': [0.5019795488700918, 0.49525193694085134], 'topic': 'pupil.1', 'id': 1, 'method': '3d c++'}"
1581494818.110713,"{'circle_3d': {'center': [0.05652940802319595, 0.10035063723937565, 62.843236243832926], 'normal': [-0.2560238123670283, 0.6242145348952162, -0.7381111176012738], 'radius': 2.450717024516982}, 'confidence': 0.9989685998294807, 'timestamp': 359914.625764, 'diameter_3d': 4.901434049033964, 'ellipse': {'center': [160.7364003667375, 120.55599936836536], 'axes': [35.68018844785553, 48.373457783156795], 'angle': -67.78880903408827}, 'location': [160.7364003667375, 120.55599936836536], 'diameter': 48.373457783156795, 'sphere': {'center': [3.1288151564275357, -7.390223781503218, 71.70056965504821], 'radius': 12.0}, 'projected_sphere': {'center': [187.05509044513556, 56.096201653965586], 'axes': [207.52973193361993, 207.52973193361993], 'angle': 90.0}, 'model_confidence': 0.6895609663054691, 'model_id': 1, 'model_birth_timestamp': 359909.669808, 'theta': 2.2449220639196494, 'phi': -1.9046742169186865, 'norm_pos': [0.5023012511460547, 0.49768333596514436], 'topic': 'pupil.1', 'id': 1, 'method': '3d c++'}"
1581494818.118548,"{'circle_3d': {'center': [0.06863396768113716, 0.08599641308099137, 62.82693326999536], 'normal': [-0.2550150990621999, 0.6230183495486842, -0.7394696987544046], 'radius': 2.419214704173249}, 'confidence': 0.9967739594500062, 'timestamp': 359914.634164, 'diameter_3d': 4.838429408346498, 'ellipse': {'center': [160.85123247768541, 120.42541487895353], 'axes': [35.30406182369518, 47.76356173350405], 'angle': -67.8357873169055}, 'location': [160.85123247768541, 120.42541487895353], 'diameter': 47.76356173350405, 'sphere': {'center': [3.1288151564275357, -7.390223781503218, 71.70056965504821], 'radius': 12.0}, 'projected_sphere': {'center': [187.05509044513556, 56.096201653965586], 'axes': [207.52973193361993, 207.52973193361993], 'angle': 90.0}, 'model_confidence': 0.6894620522602701, 'model_id': 1, 'model_birth_timestamp': 359909.669808, 'theta': 2.2433918873091883, 'phi': -1.902886671282629, 'norm_pos': [0.502660101492767, 0.4982274380043603], 'topic': 'pupil.1', 'id': 1, 'method': '3d c++'}"
1581494818.127018,"{'circle_3d': {'center': [0.07040993026797393, 0.08136771460840819, 62.822423565473414], 'normal': [-0.2548671021799635, 0.6226326246759689, -0.7398455074645666], 'radius': 2.485229710495768}, 'confidence': 0.999509539706259, 'timestamp': 359914.642564, 'diameter_3d': 4.970459420991536, 'ellipse': {'center': [160.87846152106727, 120.35631786248913], 'axes': [36.29242575624181, 49.07133940915098], 'angle': -67.83504475794618}, 'location': [160.87846152106727, 120.35631786248913], 'diameter': 49.07133940915098, 'sphere': {'center': [3.1288151564275357, -7.390223781503218, 71.70056965504821], 'radius': 12.0}, 'projected_sphere': {'center': [187.05509044513556, 56.096201653965586], 'axes': [207.52973193361993, 207.52973193361993], 'angle': 90.0}, 'model_confidence': 0.690972454857941, 'model_id': 1, 'model_birth_timestamp': 359909.669808, 'theta': 2.2428988604514855, 'phi': -1.9025513012065398, 'norm_pos': [0.5027451922533352, 0.49851534223962857], 'topic': 'pupil.1', 'id': 1, 'method': '3d c++'}"
1581494818.13446,"{'circle_3d': {'center': [0.09247968289607078, 0.1000528789038242, 62.83059657488974], 'normal': [-0.2530279561276221, 0.6241897217005868, -0.7391644233465394], 'radius': 2.414921351270774}, 'confidence': 0.9966484383650084, 'timestamp': 359914.650964, 'diameter_3d': 4.829842702541548, 'ellipse': {'center': [161.084601171214, 120.56509695160264], 'axes': [35.222445964713046, 47.67600959366819], 'angle': -68.05704635831103}, 'location': [161.084601171214, 120.56509695160264], 'diameter': 47.67600959366819, 'sphere': {'center': [3.1288151564275357, -7.390223781503218, 71.70056965504821], 'radius': 12.0}, 'projected_sphere': {'center': [187.05509044513556, 56.096201653965586], 'axes': [207.52973193361993, 207.52973193361993], 'angle': 90.0}, 'model_confidence': 0.6907933513633058, 'model_id': 1, 'model_birth_timestamp': 359909.669808, 'theta': 2.244890303554534, 'phi': -1.9006095576788604, 'norm_pos': [0.5033893786600437, 0.49764542936832235], 'topic': 'pupil.1', 'id': 1, 'method': '3d c++'}"
1581494818.14302,"{'circle_3d': {'center': [0.09780816528187009, 0.12477105412188472, 62.84970250882157], 'normal': [-0.25258391592880547, 0.6262495696354252, -0.7375722621855534], 'radius': 2.4103195105790376}, 'confidence': 0.9938642241692267, 'timestamp': 359914.659363, 'diameter_3d': 4.820639021158075, 'ellipse': {'center': [161.13550087993232, 120.81018717204924], 'axes': [35.0579960695927, 47.570727119430686], 'angle': -68.17086558774979}, 'location': [161.13550087993232, 120.81018717204924], 'diameter': 47.570727119430686, 'sphere': {'center': [3.1288151564275357, -7.390223781503218, 71.70056965504821], 'radius': 12.0}, 'projected_sphere': {'center': [187.05509044513556, 56.096201653965586], 'axes': [207.52973193361993, 207.52973193361993], 'angle': 90.0}, 'model_confidence': 0.6889989593583778, 'model_id': 1, 'model_birth_timestamp': 359909.669808, 'theta': 2.2475296177202493, 'phi': -1.9007321037559366, 'norm_pos': [0.5035484402497885, 0.49662422011646146], 'topic': 'pupil.1', 'id': 1, 'method': '3d c++'}"
1581494818.150778,"{'circle_3d': {'center': [0.08122049075256887, 0.15592233112145593, 62.881961737657335], 'normal': [-0.2539662221395806, 0.6288455093853895, -0.7348839931159061], 'radius': 2.4156373245877028}, 'confidence': 0.9970367194792459, 'timestamp': 359914.667763, 'diameter_3d': 4.8312746491754055, 'ellipse': {'center': [160.9722376631735, 121.11528121971547], 'axes': [34.97130027510217, 47.65140992381192], 'angle': -68.1395952845951}, 'location': [160.9722376631735, 121.11528121971547], 'diameter': 47.65140992381192, 'sphere': {'center': [3.1288151564275357, -7.390223781503218, 71.70056965504821], 'radius': 12.0}, 'projected_sphere': {'center': [187.05509044513556, 56.096201653965586], 'axes': [207.52973193361993, 207.52973193361993], 'angle': 90.0}, 'model_confidence': 0.6890598421013805, 'model_id': 1, 'model_birth_timestamp': 359909.669808, 'theta': 2.2508638276191917, 'phi': -1.9035341854421928, 'norm_pos': [0.5030382426974171, 0.49535299491785223], 'topic': 'pupil.1', 'id': 1, 'method': '3d c++'}"
1581494818.1585941,"{'circle_3d': {'center': [0.09944906472421389, 0.22495414646582734, 62.93518282913966], 'normal': [-0.25244717430861013, 0.6345981606640871, -0.730448902159046], 'radius': 2.408858162429176}, 'confidence': 0.9958779790774421, 'timestamp': 359914.676163, 'diameter_3d': 4.817716324858352, 'ellipse': {'center': [161.14798698485026, 121.79630930506383], 'axes': [34.6028256489888, 47.47768488217089], 'angle': -68.47677552676983}, 'location': [161.14798698485026, 121.79630930506383], 'diameter': 47.47768488217089, 'sphere': {'center': [3.1288151564275357, -7.390223781503218, 71.70056965504821], 'radius': 12.0}, 'projected_sphere': {'center': [187.05509044513556, 56.096201653965586], 'axes': [207.52973193361993, 207.52973193361993], 'angle': 90.0}, 'model_confidence': 0.6884563882621042, 'model_id': 1, 'model_birth_timestamp': 359909.669808, 'theta': 2.2582847857679758, 'phi': -1.9035508924173667, 'norm_pos': [0.503587459327657, 0.49251537789556743], 'topic': 'pupil.1', 'id': 1, 'method': '3d c++'}"
1581494818.170434,"{'circle_3d': {'center': [0.10371408933914683, 0.1896672064530156, 62.9031827620782], 'normal': [-0.2520917555906991, 0.6316575823296862, -0.7331155744141676], 'radius': 2.409011505892212}, 'confidence': 0.9942018454408756, 'timestamp': 359914.684563, 'diameter_3d': 4.818023011784424, 'ellipse': {'center': [161.19111384918605, 121.44932897248466], 'axes': [34.767274728666116, 47.50472624100801], 'angle': -68.40601784732686}, 'location': [161.19111384918605, 121.44932897248466], 'diameter': 47.50472624100801, 'sphere': {'center': [3.1288151564275357, -7.390223781503218, 71.70056965504821], 'radius': 12.0}, 'projected_sphere': {'center': [187.05509044513556, 56.096201653965586], 'axes': [207.52973193361993, 207.52973193361993], 'angle': 90.0}, 'model_confidence': 0.6869007503625069, 'model_id': 1, 'model_birth_timestamp': 359909.669808, 'theta': 2.254485813848709, 'phi': -1.9019939889079225, 'norm_pos': [0.5037222307787064, 0.49396112928131386], 'topic': 'pupil.1', 'id': 1, 'method': '3d c++'}"
1581494818.17886,"{'circle_3d': {'center': [0.10597087581113618, 0.2348366879611028, 62.94152488451773], 'normal': [-0.25190369005136665, 0.6354217057886934, -0.7299203975442063], 'radius': 2.43404429160215}, 'confidence': 0.9929987595676304, 'timestamp': 359914.692963, 'diameter_3d': 4.8680885832043, 'ellipse': {'center': [161.2151901457927, 121.88451225830266], 'axes': [34.93255069957979, 47.969649718442554], 'angle': -68.55345896065643}, 'location': [161.2151901457927, 121.88451225830266], 'diameter': 47.969649718442554, 'sphere': {'center': [3.1288151564275357, -7.390223781503218, 71.70056965504821], 'radius': 12.0}, 'projected_sphere': {'center': [187.05509044513556, 56.096201653965586], 'axes': [207.52973193361993, 207.52973193361993], 'angle': 90.0}, 'model_confidence': 0.6846805455848703, 'model_id': 1, 'model_birth_timestamp': 359909.669808, 'theta': 2.259350858272359, 'phi': -1.9031092289113647, 'norm_pos': [0.5037974692056022, 0.4921478655904056], 'topic': 'pupil.1', 'id': 1, 'method': '3d c++'}"
1581494818.186751,"{'circle_3d': {'center': [0.062481999788070564, 0.19941708936255953, 62.92589288471774], 'normal': [-0.2555277630532888, 0.6324700725721482, -0.731223064194206], 'radius': 2.4451527010418173}, 'confidence': 0.9959416539769393, 'timestamp': 359914.701363, 'diameter_3d': 4.8903054020836345, 'ellipse': {'center': [160.79109953689954, 121.53295863856815], 'axes': [35.173164991573046, 48.200535520207715], 'angle': -68.12915709890756}, 'location': [160.79109953689954, 121.53295863856815], 'diameter': 48.200535520207715, 'sphere': {'center': [3.1288151564275357, -7.390223781503218, 71.70056965504821], 'radius': 12.0}, 'projected_sphere': {'center': [187.05509044513556, 56.096201653965586], 'axes': [207.52973193361993, 207.52973193361993], 'angle': 90.0}, 'model_confidence': 0.6841472439325758, 'model_id': 1, 'model_birth_timestamp': 359909.669808, 'theta': 2.2555343016954903, 'phi': -1.9069833552996347, 'norm_pos': [0.5024721860528111, 0.4936126723392994], 'topic': 'pupil.1', 'id': 1, 'method': '3d c++'}"
1581494818.195126,"{'circle_3d': {'center': [0.07353789888199236, 0.2060811612199318, 62.92780315315812], 'normal': [-0.2546064381287953, 0.6330254118935958, -0.7310638751575073], 'radius': 2.4393602212593635}, 'confidence': 0.9951298774892392, 'timestamp': 359914.709763, 'diameter_3d': 4.878720442518727, 'ellipse': {'center': [160.89857881765386, 121.6003902738494], 'axes': [35.079798322272, 48.08483879967216], 'angle': -68.23038842501612}, 'location': [160.89857881765386, 121.6003902738494], 'diameter': 48.08483879967216, 'sphere': {'center': [3.1288151564275357, -7.390223781503218, 71.70056965504821], 'radius': 12.0}, 'projected_sphere': {'center': [187.05509044513556, 56.096201653965586], 'axes': [207.52973193361993, 207.52973193361993], 'angle': 90.0}, 'model_confidence': 0.683163829503397, 'model_id': 1, 'model_birth_timestamp': 359909.669808, 'theta': 2.256251462705352, 'phi': -1.905927676276717, 'norm_pos': [0.5028080588051683, 0.49333170719229413], 'topic': 'pupil.1', 'id': 1, 'method': '3d c++'}"
1581494818.202562,"{'circle_3d': {'center': [0.0428362044652455, 0.11569608636058515, 62.86100513832834], 'normal': [-0.2571649126635242, 0.6254933223219836, -0.7366303763933233], 'radius': 2.4211271960305627}, 'confidence': 0.9941735983406704, 'timestamp': 359914.718163, 'diameter_3d': 4.842254392061125, 'ellipse': {'center': [160.5971310004469, 120.71782484908469], 'axes': [35.15816391877049, 47.7755545430703], 'angle': -67.73326947759902}, 'location': [160.5971310004469, 120.71782484908469], 'diameter': 47.7755545430703, 'sphere': {'center': [3.1288151564275357, -7.390223781503218, 71.70056965504821], 'radius': 12.0}, 'projected_sphere': {'center': [187.05509044513556, 56.096201653965586], 'axes': [207.52973193361993, 207.52973193361993], 'angle': 90.0}, 'model_confidence': 0.681654133453069, 'model_id': 1, 'model_birth_timestamp': 359909.669808, 'theta': 2.2465599780726757, 'phi': -1.9066779103751457, 'norm_pos': [0.5018660343763965, 0.49700906312881377], 'topic': 'pupil.1', 'id': 1, 'method': '3d c++'}"
1581494818.210162,"{'circle_3d': {'center': [0.1056466361667705, 0.07909404155691924, 62.808452732952524], 'normal': [-0.25193071002173045, 0.6224431519216781, -0.7410097435079739], 'radius': 2.431858205719814}, 'confidence': 0.995784164394547, 'timestamp': 359914.726563, 'diameter_3d': 4.863716411439628, 'ellipse': {'center': [161.2172056145955, 120.3522956944139], 'axes': [35.58339991945718, 48.0274545465498], 'angle': -68.09304015645836}, 'location': [161.2172056145955, 120.3522956944139], 'diameter': 48.0274545465498, 'sphere': {'center': [3.1288151564275357, -7.390223781503218, 71.70056965504821], 'radius': 12.0}, 'projected_sphere': {'center': [187.05509044513556, 56.096201653965586], 'axes': [207.52973193361993, 207.52973193361993], 'angle': 90.0}, 'model_confidence': 0.681053566216927, 'model_id': 1, 'model_birth_timestamp': 359909.669808, 'theta': 2.242656750486258, 'phi': -1.8985195882790922, 'norm_pos': [0.503803767545611, 0.4985321012732754], 'topic': 'pupil.1', 'id': 1, 'method': '3d c++'}"
1581494818.219434,"{'circle_3d': {'center': [0.09072719759618897, 0.07225043150640875, 62.80779167656644], 'normal': [-0.2531739965692789, 0.6218728510841356, -0.7410648315401476], 'radius': 2.4348625002889035}, 'confidence': 0.9962701162062537, 'timestamp': 359914.734963, 'diameter_3d': 4.869725000577807, 'ellipse': {'center': [161.07114806407853, 120.2839951839955], 'axes': [35.63095909863311, 48.08730714656619], 'angle': -67.9600270335981}, 'location': [161.07114806407853, 120.2839951839955], 'diameter': 48.08730714656619, 'sphere': {'center': [3.1288151564275357, -7.390223781503218, 71.70056965504821], 'radius': 12.0}, 'projected_sphere': {'center': [187.05509044513556, 56.096201653965586], 'axes': [207.52973193361993, 207.52973193361993], 'angle': 90.0}, 'model_confidence': 0.6807280822976547, 'model_id': 1, 'model_birth_timestamp': 359909.669808, 'theta': 2.2419282961282985, 'phi': -1.9000000596937867, 'norm_pos': [0.5033473377002454, 0.4988166867333521], 'topic': 'pupil.1', 'id': 1, 'method': '3d c++'}"
1581494818.2279282,"{'circle_3d': {'center': [0.00620523624902658, 0.0732064919026838, 62.83792242973166], 'normal': [-0.26021749334820904, 0.621952522783825, -0.7385539354430456], 'radius': 2.446745293177786}, 'confidence': 0.47505483273876303, 'timestamp': 359914.743363, 'diameter_3d': 4.893490586355572, 'ellipse': {'center': [160.24204434395708, 120.29072093610026], 'axes': [35.649957173806754, 48.299027646419994], 'angle': -67.3300319736896}, 'location': [160.24204434395708, 120.29072093610026], 'diameter': 48.299027646419994, 'sphere': {'center': [3.1288151564275357, -7.390223781503218, 71.70056965504821], 'radius': 12.0}, 'projected_sphere': {'center': [187.05509044513556, 56.096201653965586], 'axes': [207.52973193361993, 207.52973193361993], 'angle': 90.0}, 'model_confidence': 0.6807280822976547, 'model_id': 1, 'model_birth_timestamp': 359909.669808, 'theta': 2.242030036728445, 'phi': -1.9095487149080779, 'norm_pos': [0.5007563885748658, 0.4987886627662489], 'topic': 'pupil.1', 'id': 1, 'method': '3d c++'}"
1581494818.234883,"{'circle_3d': {'center': [0.015529642260258214, 0.07322856134562983, 62.83466121691847], 'normal': [-0.25944045951393985, 0.6219543619040707, -0.7388257031774788], 'radius': 2.444979457590823}, 'confidence': 0.4300299827889285, 'timestamp': 359914.751763, 'diameter_3d': 4.889958915181646, 'ellipse': {'center': [160.33340095302745, 120.29139451874092], 'axes': [35.64098435641034, 48.26664186100018], 'angle': -67.39960204952214}, 'location': [160.33340095302745, 120.29139451874092], 'diameter': 48.26664186100018, 'sphere': {'center': [3.1288151564275357, -7.390223781503218, 71.70056965504821], 'radius': 12.0}, 'projected_sphere': {'center': [187.05509044513556, 56.096201653965586], 'axes': [207.52973193361993, 207.52973193361993], 'angle': 90.0}, 'model_confidence': 0.6807280822976547, 'model_id': 1, 'model_birth_timestamp': 359909.669808, 'theta': 2.242032385378376, 'phi': -1.908497463024599, 'norm_pos': [0.5010418779782108, 0.49878585617191284], 'topic': 'pupil.1', 'id': 1, 'method': '3d c++'}"
1581494818.242101,"{'circle_3d': {'center': [0.01754029838493354, 0.07321239681805558, 62.833941819741426], 'normal': [-0.25927290483688353, 0.6219530148601061, -0.7388856529422322], 'radius': 2.4540430473220676}, 'confidence': 0.405871532404544, 'timestamp': 359914.760163, 'diameter_3d': 4.908086094644135, 'ellipse': {'center': [160.3544970022007, 120.28799403794271], 'axes': [35.77700652414628, 48.446243858253126], 'angle': -67.41454978467783}, 'location': [160.3544970022007, 120.28799403794271], 'diameter': 48.446243858253126, 'sphere': {'center': [3.1288151564275357, -7.390223781503218, 71.70056965504821], 'radius': 12.0}, 'projected_sphere': {'center': [187.05509044513556, 56.096201653965586], 'axes': [207.52973193361993, 207.52973193361993], 'angle': 90.0}, 'model_confidence': 0.6807280822976547, 'model_id': 1, 'model_birth_timestamp': 359909.669808, 'theta': 2.242030665134411, 'phi': -1.9082702074877476, 'norm_pos': [0.5011078031318772, 0.49880002484190533], 'topic': 'pupil.1', 'id': 1, 'method': '3d c++'}"
1581494818.254373,"{'circle_3d': {'center': [0.019569041233493678, 0.07315800691513807, 62.833184421764614], 'normal': [-0.2591038429328368, 0.6219484823681963, -0.7389487694402999], 'radius': 2.446397079481179}, 'confidence': 0.42219953658905385, 'timestamp': 359914.768562, 'diameter_3d': 4.892794158962358, 'ellipse': {'center': [160.3733039653208, 120.29012608189464], 'axes': [35.66928548377177, 48.29577778613251], 'angle': -67.42951703519493}, 'location': [160.3733039653208, 120.29012608189464], 'diameter': 48.29577778613251, 'sphere': {'center': [3.1288151564275357, -7.390223781503218, 71.70056965504821], 'radius': 12.0}, 'projected_sphere': {'center': [187.05509044513556, 56.096201653965586], 'axes': [207.52973193361993, 207.52973193361993], 'angle': 90.0}, 'model_confidence': 0.6807280822976547, 'model_id': 1, 'model_birth_timestamp': 359909.669808, 'theta': 2.2420248769279305, 'phi': -1.9080397980740684, 'norm_pos': [0.5011665748916274, 0.498791141325439], 'topic': 'pupil.1', 'id': 1, 'method': '3d c++'}"
1581494818.262634,"{'circle_3d': {'center': [0.02161638106568864, 0.07306537815794112, 62.832388855714335], 'normal': [-0.25893323128015394, 0.6219407633050966, -0.7390150666111565], 'radius': 2.440648989404952}, 'confidence': 0.38538941091549694, 'timestamp': 359914.776962, 'diameter_3d': 4.881297978809904, 'ellipse': {'center': [160.39257854167758, 120.29120430526082], 'axes': [35.589450348980414, 48.18283143998959], 'angle': -67.44450886885961}, 'location': [160.39257854167758, 120.29120430526082], 'diameter': 48.18283143998959, 'sphere': {'center': [3.1288151564275357, -7.390223781503218, 71.70056965504821], 'radius': 12.0}, 'projected_sphere': {'center': [187.05509044513556, 56.096201653965586], 'axes': [207.52973193361993, 207.52973193361993], 'angle': 90.0}, 'model_confidence': 0.6807280822976547, 'model_id': 1, 'model_birth_timestamp': 359909.669808, 'theta': 2.242015019380618, 'phi': -1.9078061799156645, 'norm_pos': [0.5012268079427424, 0.4987866487280799], 'topic': 'pupil.1', 'id': 1, 'method': '3d c++'}"
1581494818.270871,"{'circle_3d': {'center': [0.02368210536818749, 0.07293451384838612, 62.831555223120425], 'normal': [-0.25876108758827904, 0.621929857945967, -0.7390845359939823], 'radius': 2.451024060073751}, 'confidence': 0.39878393149500607, 'timestamp': 359914.785362, 'diameter_3d': 4.902048120147502, 'ellipse': {'center': [160.41440941313903, 120.2862127693977], 'axes': [35.74525086928417, 48.388435144745465], 'angle': -67.459524910637}, 'location': [160.41440941313903, 120.2862127693977], 'diameter': 48.388435144745465, 'sphere': {'center': [3.1288151564275357, -7.390223781503218, 71.70056965504821], 'radius': 12.0}, 'projected_sphere': {'center': [187.05509044513556, 56.096201653965586], 'axes': [207.52973193361993, 207.52973193361993], 'angle': 90.0}, 'model_confidence': 0.6807280822976547, 'model_id': 1, 'model_birth_timestamp': 359909.669808, 'theta': 2.2420010929394345, 'phi': -1.9075693802563263, 'norm_pos': [0.5012950294160594, 0.4988074467941763], 'topic': 'pupil.1', 'id': 1, 'method': '3d c++'}"
1581494818.27888,"{'circle_3d': {'center': [0.0257662428724319, 0.07276541271777415, 62.83068353813413], 'normal': [-0.25858740946292536, 0.6219157661850828, -0.7391571764095068], 'radius': 2.457337471546247}, 'confidence': 0.5253111520059912, 'timestamp': 359914.793762, 'diameter_3d': 4.914674943092494, 'ellipse': {'center': [160.43582661845403, 120.2822702476661], 'axes': [35.84196327573832, 48.51383247322974], 'angle': -67.47456450337678}, 'location': [160.43582661845403, 120.2822702476661], 'diameter': 48.51383247322974, 'sphere': {'center': [3.1288151564275357, -7.390223781503218, 71.70056965504821], 'radius': 12.0}, 'projected_sphere': {'center': [187.05509044513556, 56.096201653965586], 'axes': [207.52973193361993, 207.52973193361993], 'angle': 90.0}, 'model_confidence': 0.6807280822976547, 'model_id': 1, 'model_birth_timestamp': 359909.669808, 'theta': 2.241983097604381, 'phi': -1.9073293990960534, 'norm_pos': [0.5013619581826688, 0.49882387396805794], 'topic': 'pupil.1', 'id': 1, 'method': '3d c++'}"
1581494818.286947,"{'circle_3d': {'center': [0.027868823097953133, 0.07255807312680584, 62.82977381543976], 'normal': [-0.2584121944441319, 0.6218984878858353, -0.7392329866340379], 'radius': 2.4631965437480865}, 'confidence': 0.3368758266190748, 'timestamp': 359914.802162, 'diameter_3d': 4.926393087496173, 'ellipse': {'center': [160.4573607697101, 120.278105768866], 'axes': [35.932260368862416, 48.6302870677115], 'angle': -67.48962838623581}, 'location': [160.4573607697101, 120.278105768866], 'diameter': 48.6302870677115, 'sphere': {'center': [3.1288151564275357, -7.390223781503218, 71.70056965504821], 'radius': 12.0}, 'projected_sphere': {'center': [187.05509044513556, 56.096201653965586], 'axes': [207.52973193361993, 207.52973193361993], 'angle': 90.0}, 'model_confidence': 0.6807280822976547, 'model_id': 1, 'model_birth_timestamp': 359909.669808, 'theta': 2.2419610333754565, 'phi': -1.9070862364348455, 'norm_pos': [0.5014292524053441, 0.49884122596305835], 'topic': 'pupil.1', 'id': 1, 'method': '3d c++'}"
1581494818.2949262,"{'circle_3d': {'center': [0.029989876366458112, 0.07231249306377396, 62.82882607024899], 'normal': [-0.25823544000508974, 0.6218780228805826, -0.7393119653999354], 'radius': 2.4499198841025303}, 'confidence': 0.4666286486182272, 'timestamp': 359914.810562, 'diameter_3d': 4.8998397682050605, 'ellipse': {'center': [160.4762496056218, 120.2803573290833], 'axes': [35.74320735707059, 48.368714910195685], 'angle': -67.50471580076486}, 'location': [160.4762496056218, 120.2803573290833], 'diameter': 48.368714910195685, 'sphere': {'center': [3.1288151564275357, -7.390223781503218, 71.70056965504821], 'radius': 12.0}, 'projected_sphere': {'center': [187.05509044513556, 56.096201653965586], 'axes': [207.52973193361993, 207.52973193361993], 'angle': 90.0}, 'model_confidence': 0.6807280822976547, 'model_id': 1, 'model_birth_timestamp': 359909.669808, 'theta': 2.2419349002524673, 'phi': -1.9068398922709853, 'norm_pos': [0.5014882800175682, 0.4988318444621529], 'topic': 'pupil.1', 'id': 1, 'method': '3d c++'}"
1581494818.3026829,"{'circle_3d': {'center': [0.03212943374221622, 0.07202867015166703, 62.82784031832845], 'normal': [-0.25805714355710996, 0.6218543709712404, -0.7393941113933137], 'radius': 2.447802905862737}, 'confidence': 0.3615501838923034, 'timestamp': 359914.818962, 'diameter_3d': 4.895605811725474, 'ellipse': {'center': [160.4969721500277, 120.27826939825347], 'axes': [35.71736130117154, 48.32764623784035], 'angle': -67.51982931443389}, 'location': [160.4969721500277, 120.27826939825347], 'diameter': 48.32764623784035, 'sphere': {'center': [3.1288151564275357, -7.390223781503218, 71.70056965504821], 'radius': 12.0}, 'projected_sphere': {'center': [187.05509044513556, 56.096201653965586], 'axes': [207.52973193361993, 207.52973193361993], 'angle': 90.0}, 'model_confidence': 0.6807280822976547, 'model_id': 1, 'model_birth_timestamp': 359909.669808, 'theta': 2.2419046982357744, 'phi': -1.9065903666078863, 'norm_pos': [0.5015530379688365, 0.49884054417394386], 'topic': 'pupil.1', 'id': 1, 'method': '3d c++'}"
1581494818.310486,"{'circle_3d': {'center': [0.03428752711954042, 0.07170660163805032, 62.8268165759614], 'normal': [-0.2578773024423329, 0.6218275319284391, -0.7394794232572343], 'radius': 2.4424776317857786}, 'confidence': 0.4981828777893142, 'timestamp': 359914.827362, 'diameter_3d': 4.884955263571557, 'ellipse': {'center': [160.5174080376263, 120.27693646916218], 'axes': [35.64481722029862, 48.2232187592797], 'angle': -67.53496849509236}, 'location': [160.5174080376263, 120.27693646916218], 'diameter': 48.2232187592797, 'sphere': {'center': [3.1288151564275357, -7.390223781503218, 71.70056965504821], 'radius': 12.0}, 'projected_sphere': {'center': [187.05509044513556, 56.096201653965586], 'axes': [207.52973193361993, 207.52973193361993], 'angle': 90.0}, 'model_confidence': 0.6807280822976547, 'model_id': 1, 'model_birth_timestamp': 359909.669808, 'theta': 2.2418704273252112, 'phi': -1.9063376594438526, 'norm_pos': [0.5016169001175822, 0.49884609804515756], 'topic': 'pupil.1', 'id': 1, 'method': '3d c++'}"
1581494818.31893,"{'circle_3d': {'center': [-0.052127863399054064, 0.07134628440166146, 62.857121591300185], 'normal': [-0.26507858498554915, 0.6217975054920734, -0.7369540053123357], 'radius': 2.4529132683193278}, 'confidence': 0.41420970893226544, 'timestamp': 359914.835762, 'diameter_3d': 4.9058265366386555, 'ellipse': {'center': [159.67004293431893, 120.27127304404614], 'axes': [35.64069948555922, 48.4061509118001], 'angle': -66.89116129962855}, 'location': [159.67004293431893, 120.27127304404614], 'diameter': 48.4061509118001, 'sphere': {'center': [3.1288151564275357, -7.390223781503218, 71.70056965504821], 'radius': 12.0}, 'projected_sphere': {'center': [187.05509044513556, 56.096201653965586], 'axes': [207.52973193361993, 207.52973193361993], 'angle': 90.0}, 'model_confidence': 0.6807280822976547, 'model_id': 1, 'model_birth_timestamp': 359909.669808, 'theta': 2.2418320875207773, 'phi': -1.9160817707788846, 'norm_pos': [0.49896888416974666, 0.49886969564980777], 'topic': 'pupil.1', 'id': 1, 'method': '3d c++'}"
1581494818.326704,"{'circle_3d': {'center': [-0.0437965346152116, 0.070947714950929, 62.85379312580554], 'normal': [-0.26438430758689563, 0.621764291371179, -0.7372313774368896], 'radius': 2.4414016803813867}, 'confidence': 0.42363839820204596, 'timestamp': 359914.844162, 'diameter_3d': 4.882803360762773, 'ellipse': {'center': [159.7501369864533, 120.27124434637813], 'axes': [35.49034080170596, 48.181359242668435], 'angle': -66.9515690399965}, 'location': [159.7501369864533, 120.27124434637813], 'diameter': 48.181359242668435, 'sphere': {'center': [3.1288151564275357, -7.390223781503218, 71.70056965504821], 'radius': 12.0}, 'projected_sphere': {'center': [187.05509044513556, 56.096201653965586], 'axes': [207.52973193361993, 207.52973193361993], 'angle': 90.0}, 'model_confidence': 0.6807280822976547, 'model_id': 1, 'model_birth_timestamp': 359909.669808, 'theta': 2.241789678822473, 'phi': -1.915127765290194, 'norm_pos': [0.4992191780826666, 0.49886981522342444], 'topic': 'pupil.1', 'id': 1, 'method': '3d c++'}"
1581494818.338368,"{'circle_3d': {'center': [-0.04276883938276077, 0.0705108894240567, 62.85305626836472], 'normal': [-0.26429866631752474, 0.6217278892439396, -0.7372927822236247], 'radius': 2.4403356430760526}, 'confidence': 0.4843463691997416, 'timestamp': 359914.852562, 'diameter_3d': 4.880671286152105, 'ellipse': {'center': [159.76007765229465, 120.26729439896316], 'axes': [35.47861335957476, 48.160867969941485], 'angle': -66.95780332854835}, 'location': [159.76007765229465, 120.26729439896316], 'diameter': 48.160867969941485, 'sphere': {'center': [3.1288151564275357, -7.390223781503218, 71.70056965504821], 'radius': 12.0}, 'projected_sphere': {'center': [187.05509044513556, 56.096201653965586], 'axes': [207.52973193361993, 207.52973193361993], 'angle': 90.0}, 'model_confidence': 0.6807280822976547, 'model_id': 1, 'model_birth_timestamp': 359909.669808, 'theta': 2.2417432012302987, 'phi': -1.9149983753670912, 'norm_pos': [0.4992502426634208, 0.49888627333765345], 'topic': 'pupil.1', 'id': 1, 'method': '3d c++'}"
1581494818.346869,"{'circle_3d': {'center': [-0.13005160732608045, 0.07003580358912309, 62.884430231290224], 'normal': [-0.27157223031280137, 0.6216882987576952, -0.7346782853131658], 'radius': 2.443537089481739}, 'confidence': 0.4241236686520356, 'timestamp': 359914.860962, 'diameter_3d': 4.887074178963478, 'ellipse': {'center': [158.90379114144596, 120.26311490654068], 'axes': [35.36341646878306, 48.20020669794911], 'angle': -66.31328957396683}, 'location': [158.90379114144596, 120.26311490654068], 'diameter': 48.20020669794911, 'sphere': {'center': [3.1288151564275357, -7.390223781503218, 71.70056965504821], 'radius': 12.0}, 'projected_sphere': {'center': [187.05509044513556, 56.096201653965586], 'axes': [207.52973193361993, 207.52973193361993], 'angle': 90.0}, 'model_confidence': 0.6807280822976547, 'model_id': 1, 'model_birth_timestamp': 359909.669808, 'theta': 2.241692654744254, 'phi': -1.924866442717115, 'norm_pos': [0.49657434731701866, 0.49890368788941386], 'topic': 'pupil.1', 'id': 1, 'method': '3d c++'}"
1581494818.354764,"{'circle_3d': {'center': [-0.12287971258090602, 0.06952245284050829, 62.881348226936844], 'normal': [-0.27097457241737016, 0.621645519528644, -0.7349351190092809], 'radius': 2.438032971143071}, 'confidence': 0.43258489140869427, 'timestamp': 359914.869362, 'diameter_3d': 4.876065942286142, 'ellipse': {'center': [158.97332743078948, 120.25984681873013], 'axes': [35.299512088656215, 48.09389787426915], 'angle': -66.36420455855595}, 'location': [158.97332743078948, 120.25984681873013], 'diameter': 48.09389787426915, 'sphere': {'center': [3.1288151564275357, -7.390223781503218, 71.70056965504821], 'radius': 12.0}, 'projected_sphere': {'center': [187.05509044513556, 56.096201653965586], 'axes': [207.52973193361993, 207.52973193361993], 'angle': 90.0}, 'model_confidence': 0.6807280822976547, 'model_id': 1, 'model_birth_timestamp': 359909.669808, 'theta': 2.2416380393639472, 'phi': -1.9240370863271055, 'norm_pos': [0.49679164822121713, 0.49891730492195785], 'topic': 'pupil.1', 'id': 1, 'method': '3d c++'}"
1581494818.362578,"{'circle_3d': {'center': [-0.12299491856169276, 0.0689709001610197, 62.880924200879974], 'normal': [-0.2709841729157691, 0.6215995568053533, -0.73497045451402], 'radius': 2.439008399313255}, 'confidence': 0.5234311637550376, 'timestamp': 359914.877761, 'diameter_3d': 4.87801679862651, 'ellipse': {'center': [158.9723487362526, 120.25407379556063], 'axes': [35.31583038339222, 48.113476112329735], 'angle': -66.36158163409537}, 'location': [158.9723487362526, 120.25407379556063], 'diameter': 48.113476112329735, 'sphere': {'center': [3.1288151564275357, -7.390223781503218, 71.70056965504821], 'radius': 12.0}, 'projected_sphere': {'center': [187.05509044513556, 56.096201653965586], 'axes': [207.52973193361993, 207.52973193361993], 'angle': 90.0}, 'model_confidence': 0.6807280822976547, 'model_id': 1, 'model_birth_timestamp': 359909.669808, 'theta': 2.241579362318579, 'phi': -1.9240329804931382, 'norm_pos': [0.4967885898007894, 0.498941359185164], 'topic': 'pupil.1', 'id': 1, 'method': '3d c++'}"
1581494818.371052,"{'circle_3d': {'center': [-0.12310383082366938, 0.06838100886748677, 62.880465490050256], 'normal': [-0.2709932489376004, 0.6215503991975587, -0.7350086804164964], 'radius': 2.447388115022517}, 'confidence': 0.340187932839602, 'timestamp': 359914.886161, 'diameter_3d': 4.894776230045034, 'ellipse': {'center': [158.97255882058977, 120.24532962730885], 'axes': [35.43969607027329, 48.279245623028174], 'angle': -66.35888010097446}, 'location': [158.97255882058977, 120.24532962730885], 'diameter': 48.279245623028174, 'sphere': {'center': [3.1288151564275357, -7.390223781503218, 71.70056965504821], 'radius': 12.0}, 'projected_sphere': {'center': [187.05509044513556, 56.096201653965586], 'axes': [207.52973193361993, 207.52973193361993], 'angle': 90.0}, 'model_confidence': 0.6807280822976547, 'model_id': 1, 'model_birth_timestamp': 359909.669808, 'theta': 2.2415166096352905, 'phi': -1.9240269704883173, 'norm_pos': [0.496789246314343, 0.4989777932195465], 'topic': 'pupil.1', 'id': 1, 'method': '3d c++'}"
1581494818.378326,"{'circle_3d': {'center': [-0.09724537614712725, 0.1613882590855642, 62.95038742674013], 'normal': [-0.2688383777145552, 0.6293010033823985, -0.7291818523590069], 'radius': 2.450213107517684}, 'confidence': 0.4323928654587058, 'timestamp': 359914.894561, 'diameter_3d': 4.900426215035368, 'ellipse': {'center': [159.22581069404077, 121.15932019762114], 'axes': [35.12054432690299, 48.28155912736592], 'angle': -66.84270078741507}, 'location': [159.22581069404077, 121.15932019762114], 'diameter': 48.28155912736592, 'sphere': {'center': [3.1288151564275357, -7.390223781503218, 71.70056965504821], 'radius': 12.0}, 'projected_sphere': {'center': [187.05509044513556, 56.096201653965586], 'axes': [207.52973193361993, 207.52973193361993], 'angle': 90.0}, 'model_confidence': 0.6807280822976547, 'model_id': 1, 'model_birth_timestamp': 359909.669808, 'theta': 2.2514497880581312, 'phi': -1.9240190566881727, 'norm_pos': [0.49758065841887744, 0.4951694991765786], 'topic': 'pupil.1', 'id': 1, 'method': '3d c++'}"
1581494818.386935,"{'circle_3d': {'center': [-0.09915870461132181, 0.1542451329190655, 62.944932981923536], 'normal': [-0.2689978217532381, 0.6287057428685237, -0.7296363894270564], 'radius': 2.4456156774745144}, 'confidence': 0.638180354272522, 'timestamp': 359914.902961, 'diameter_3d': 4.891231354949029, 'ellipse': {'center': [159.20643541116422, 121.09072680151067], 'axes': [35.082571639965565, 48.19505871630136], 'angle': -66.80647485984827}, 'location': [159.20643541116422, 121.09072680151067], 'diameter': 48.19505871630136, 'sphere': {'center': [3.1288151564275357, -7.390223781503218, 71.70056965504821], 'radius': 12.0}, 'projected_sphere': {'center': [187.05509044513556, 56.096201653965586], 'axes': [207.52973193361993, 207.52973193361993], 'angle': 90.0}, 'model_confidence': 0.6807280822976547, 'model_id': 1, 'model_birth_timestamp': 359909.669808, 'theta': 2.2506840836733297, 'phi': -1.9240092390927044, 'norm_pos': [0.4975201106598882, 0.4954553049937055], 'topic': 'pupil.1', 'id': 1, 'method': '3d c++'}"
1581494818.394627,"{'circle_3d': {'center': [-0.0989046741916888, 0.15478649047707194, 62.94530582745631], 'normal': [-0.2689766525516021, 0.6287508559983577, -0.7296053189659921], 'radius': 2.450155756657971}, 'confidence': 0.46259226599277514, 'timestamp': 359914.911361, 'diameter_3d': 4.900311513315942, 'ellipse': {'center': [159.2096015882256, 121.09445263662258], 'axes': [35.14587311907179, 48.28430744786989], 'angle': -66.81001645081176}, 'location': [159.2096015882256, 121.09445263662258], 'diameter': 48.28430744786989, 'sphere': {'center': [3.1288151564275357, -7.390223781503218, 71.70056965504821], 'radius': 12.0}, 'projected_sphere': {'center': [187.05509044513556, 56.096201653965586], 'axes': [207.52973193361993, 207.52973193361993], 'angle': 90.0}, 'model_confidence': 0.6807280822976547, 'model_id': 1, 'model_birth_timestamp': 359909.669808, 'theta': 2.2507420976603894, 'phi': -1.9239975177019126, 'norm_pos': [0.49753000496320504, 0.49543978068073924], 'topic': 'pupil.1', 'id': 1, 'method': '3d c++'}"
1581494818.403043,"{'circle_3d': {'center': [-0.09864292602350977, 0.1552958199324399, 62.945648280736975], 'normal': [-0.2689548402042537, 0.628793300119638, -0.7295767811926029], 'radius': 2.456678088022167}, 'confidence': 0.4916272939268544, 'timestamp': 359914.919761, 'diameter_3d': 4.913356176044334, 'ellipse': {'center': [159.21314306025278, 121.09716226395258], 'axes': [35.237798046900565, 48.41266991641051], 'angle': -66.8135136852304}, 'location': [159.21314306025278, 121.09716226395258], 'diameter': 48.41266991641051, 'sphere': {'center': [3.1288151564275357, -7.390223781503218, 71.70056965504821], 'radius': 12.0}, 'projected_sphere': {'center': [187.05509044513556, 56.096201653965586], 'axes': [207.52973193361993, 207.52973193361993], 'angle': 90.0}, 'model_confidence': 0.6807280822976547, 'model_id': 1, 'model_birth_timestamp': 359909.669808, 'theta': 2.2507966818757814, 'phi': -1.9239838925156958, 'norm_pos': [0.4975410720632899, 0.4954284905668642], 'topic': 'pupil.1', 'id': 1, 'method': '3d c++'}"
1581494818.41062,"{'circle_3d': {'center': [-0.098373462888099, 0.15577312551426026, 62.945960337971734], 'normal': [-0.26893238494296956, 0.6288330755847898, -0.7295507764230399], 'radius': 2.4582729595567696}, 'confidence': 0.5064355959853784, 'timestamp': 359914.928161, 'diameter_3d': 4.916545919113539, 'ellipse': {'center': [159.21602004123292, 121.10128963615716], 'axes': [35.259096034244514, 48.44388268974955], 'angle': -66.81696685984357}, 'location': [159.21602004123292, 121.10128963615716], 'diameter': 48.44388268974955, 'sphere': {'center': [3.1288151564275357, -7.390223781503218, 71.70056965504821], 'radius': 12.0}, 'projected_sphere': {'center': [187.05509044513556, 56.096201653965586], 'axes': [207.52973193361993, 207.52973193361993], 'angle': 90.0}, 'model_confidence': 0.6807280822976547, 'model_id': 1, 'model_birth_timestamp': 359909.669808, 'theta': 2.250847836318752, 'phi': -1.9239683635342433, 'norm_pos': [0.4975500626288529, 0.4954112931826785], 'topic': 'pupil.1', 'id': 1, 'method': '3d c++'}"
1581494818.422592,"{'circle_3d': {'center': [-0.09809628713491181, 0.1562184111965852, 62.946241995676196], 'normal': [-0.2689092869635373, 0.6288701827249835, -0.7295273049476679], 'radius': 2.4620286719121167}, 'confidence': 0.44529295753159465, 'timestamp': 359914.936561, 'diameter_3d': 4.924057343824233, 'ellipse': {'center': [159.2192987662523, 121.10433897006203], 'axes': [35.31158525284378, 48.5177313540123], 'angle': -66.82037577939727}, 'location': [159.2192987662523, 121.10433897006203], 'diameter': 48.5177313540123, 'sphere': {'center': [3.1288151564275357, -7.390223781503218, 71.70056965504821], 'radius': 12.0}, 'projected_sphere': {'center': [187.05509044513556, 56.096201653965586], 'axes': [207.52973193361993, 207.52973193361993], 'angle': 90.0}, 'model_confidence': 0.6807280822976547, 'model_id': 1, 'model_birth_timestamp': 359909.669808, 'theta': 2.2508955609896892, 'phi': -1.9239509307574667, 'norm_pos': [0.4975603086445385, 0.49539858762474154], 'topic': 'pupil.1', 'id': 1, 'method': '3d c++'}"
1581494818.431242,"{'circle_3d': {'center': [-0.04291491477996923, 0.04572129479002207, 62.832263775245224], 'normal': [-0.2643108392672921, 0.6196620896911034, -0.7390254899835828], 'radius': 2.4656975841153863}, 'confidence': 0.9980846297266365, 'timestamp': 359914.944961, 'diameter_3d': 4.931395168230773, 'ellipse': {'center': [159.76287016866118, 120.01392617182421], 'axes': [35.955935198128046, 48.677765203717215], 'angle': -66.87828626459256}, 'location': [159.76287016866118, 120.01392617182421], 'diameter': 48.677765203717215, 'sphere': {'center': [3.1288151564275357, -7.390223781503218, 71.70056965504821], 'radius': 12.0}, 'projected_sphere': {'center': [187.05509044513556, 56.096201653965586], 'axes': [207.52973193361993, 207.52973193361993], 'angle': 90.0}, 'model_confidence': 0.6814046884788261, 'model_id': 1, 'model_birth_timestamp': 359909.669808, 'theta': 2.2391084257915326, 'phi': -1.9142680165556432, 'norm_pos': [0.4992589692770662, 0.49994197428406584], 'topic': 'pupil.1', 'id': 1, 'method': '3d c++'}"
1581494818.4391522,"{'circle_3d': {'center': [-0.13495566500479717, 0.05384496195170385, 62.87256645115865], 'normal': [-0.2719809017860277, 0.6203390619545768, -0.7356669336574637], 'radius': 2.437576743089859}, 'confidence': 0.44000251334543766, 'timestamp': 359914.953361, 'diameter_3d': 4.875153486179718, 'ellipse': {'center': [158.85485175867692, 120.10574889146315], 'axes': [35.33786362505779, 48.091593312089636], 'angle': -66.22490375792921}, 'location': [158.85485175867692, 120.10574889146315], 'diameter': 48.091593312089636, 'sphere': {'center': [3.1288151564275357, -7.390223781503218, 71.70056965504821], 'radius': 12.0}, 'projected_sphere': {'center': [187.05509044513556, 56.096201653965586], 'axes': [207.52973193361993, 207.52973193361993], 'angle': 90.0}, 'model_confidence': 0.6814046884788261, 'model_id': 1, 'model_birth_timestamp': 359909.669808, 'theta': 2.2399712490834567, 'phi': -1.9249181283807433, 'norm_pos': [0.49642141174586535, 0.4995593796189035], 'topic': 'pupil.1', 'id': 1, 'method': '3d c++'}"
1581494818.446385,"{'circle_3d': {'center': [-0.041677971851848294, 0.04879188203277707, 62.834396902321174], 'normal': [-0.26420776068994867, 0.6199179719613329, -0.7388477293939197], 'radius': 2.4401197701875286}, 'confidence': 0.9964616942009854, 'timestamp': 359914.961761, 'diameter_3d': 4.880239540375057, 'ellipse': {'center': [159.77112191867855, 120.0532153205347], 'axes': [35.57145952242066, 48.17083316902471], 'angle': -66.89721961957231}, 'location': [159.77112191867855, 120.0532153205347], 'diameter': 48.17083316902471, 'sphere': {'center': [3.1288151564275357, -7.390223781503218, 71.70056965504821], 'radius': 12.0}, 'projected_sphere': {'center': [187.05509044513556, 56.096201653965586], 'axes': [207.52973193361993, 207.52973193361993], 'angle': 90.0}, 'model_confidence': 0.6811867920705317, 'model_id': 1, 'model_birth_timestamp': 359909.669808, 'theta': 2.239434486967005, 'phi': -1.9142206135221924, 'norm_pos': [0.49928475599587047, 0.49977826949777204], 'topic': 'pupil.1', 'id': 1, 'method': '3d c++'}"
1581494818.454794,"{'circle_3d': {'center': [-0.13628308082315277, 0.04789524076722529, 62.86804346422143], 'normal': [-0.2720915197708907, 0.6198432518558702, -0.7360438492355652], 'radius': 2.448271864215928}, 'confidence': 0.46815152864385695, 'timestamp': 359914.970161, 'diameter_3d': 4.896543728431856, 'ellipse': {'center': [158.8434910491768, 120.04338987106355], 'axes': [35.516427306834586, 48.30620846207144], 'angle': -66.19581640403649}, 'location': [158.8434910491768, 120.04338987106355], 'diameter': 48.30620846207144, 'sphere': {'center': [3.1288151564275357, -7.390223781503218, 71.70056965504821], 'radius': 12.0}, 'projected_sphere': {'center': [187.05509044513556, 56.096201653965586], 'axes': [207.52973193361993, 207.52973193361993], 'angle': 90.0}, 'model_confidence': 0.6811867920705317, 'model_id': 1, 'model_birth_timestamp': 359909.669808, 'theta': 2.2393392652600954, 'phi': -1.924883788335671, 'norm_pos': [0.4963859095286775, 0.4998192088705685], 'topic': 'pupil.1', 'id': 1, 'method': '3d c++'}"
1581494818.462966,"{'circle_3d': {'center': [-0.1907366661058556, 0.14043783375007113, 62.96731646198974], 'normal': [-0.2766293185444492, 0.6275551346044407, -0.7277710994215394], 'radius': 2.452625902910978}, 'confidence': 0.5234930947461527, 'timestamp': 359914.978561, 'diameter_3d': 4.905251805821956, 'ellipse': {'center': [158.31010129759096, 120.95387838980191], 'axes': [35.067478823242766, 48.31628993541528], 'angle': -66.09901511744927}, 'location': [158.31010129759096, 120.95387838980191], 'diameter': 48.31628993541528, 'sphere': {'center': [3.1288151564275357, -7.390223781503218, 71.70056965504821], 'radius': 12.0}, 'projected_sphere': {'center': [187.05509044513556, 56.096201653965586], 'axes': [207.52973193361993, 207.52973193361993], 'angle': 90.0}, 'model_confidence': 0.6811867920705317, 'model_id': 1, 'model_birth_timestamp': 359909.669808, 'theta': 2.2492053577301663, 'phi': -1.9340349463678201, 'norm_pos': [0.4947190665549718, 0.4960255067091587], 'topic': 'pupil.1', 'id': 1, 'method': '3d c++'}"
1581494818.4707682,"{'circle_3d': {'center': [-0.09910680187396848, 0.1326545640941621, 62.926356229990844], 'normal': [-0.2689934965251254, 0.6269065287997818, -0.7311844520881141], 'radius': 2.4537711681945136}, 'confidence': 0.4235197687745678, 'timestamp': 359914.986961, 'diameter_3d': 4.907542336389027, 'ellipse': {'center': [159.2083845020485, 120.87549680447779], 'axes': [35.2955222925134, 48.370096549373535], 'angle': -66.7391656413792}, 'location': [159.2083845020485, 120.87549680447779], 'diameter': 48.370096549373535, 'sphere': {'center': [3.1288151564275357, -7.390223781503218, 71.70056965504821], 'radius': 12.0}, 'projected_sphere': {'center': [187.05509044513556, 56.096201653965586], 'axes': [207.52973193361993, 207.52973193361993], 'angle': 90.0}, 'model_confidence': 0.6811867920705317, 'model_id': 1, 'model_birth_timestamp': 359909.669808, 'theta': 2.248372566211702, 'phi': -1.9233166978658642, 'norm_pos': [0.49752620156890154, 0.49635209664800917], 'topic': 'pupil.1', 'id': 1, 'method': '3d c++'}"
1581494818.478606,"{'circle_3d': {'center': [-0.19372312371418987, 0.13256829559991523, 62.961671627169224], 'normal': [-0.2768781900118104, 0.6268993397585942, -0.7282415023232488], 'radius': 2.444147782665137}, 'confidence': 0.3500771545575769, 'timestamp': 359914.99536, 'diameter_3d': 4.888295565330274, 'ellipse': {'center': [158.27953038046365, 120.87950961545778], 'axes': [34.97500805377989, 48.15345729069497], 'angle': -66.05213734915121}, 'location': [158.27953038046365, 120.87950961545778], 'diameter': 48.15345729069497, 'sphere': {'center': [3.1288151564275357, -7.390223781503218, 71.70056965504821], 'radius': 12.0}, 'projected_sphere': {'center': [187.05509044513556, 56.096201653965586], 'axes': [207.52973193361993, 207.52973193361993], 'angle': 90.0}, 'model_confidence': 0.6811867920705317, 'model_id': 1, 'model_birth_timestamp': 359909.669808, 'theta': 2.248363338814113, 'phi': -1.9341190139999314, 'norm_pos': [0.4946235324389489, 0.49633537660225924], 'topic': 'pupil.1', 'id': 1, 'method': '3d c++'}"
1581494818.48723,"{'circle_3d': {'center': [-0.09987436803049121, 0.13244860966120875, 62.92646206225751], 'normal': [-0.2690574603715022, 0.6268893659303688, -0.7311756327325587], 'radius': 2.445885967681469}, 'confidence': 0.3945401978214417, 'timestamp': 359915.00376, 'diameter_3d': 4.891771935362938, 'ellipse': {'center': [159.19967211313792, 120.87625323693972], 'axes': [35.18139366484534, 48.214469260330354], 'angle': -66.73291418367721}, 'location': [159.19967211313792, 120.87625323693972], 'diameter': 48.214469260330354, 'sphere': {'center': [3.1288151564275357, -7.390223781503218, 71.70056965504821], 'radius': 12.0}, 'projected_sphere': {'center': [187.05509044513556, 56.096201653965586], 'axes': [207.52973193361993, 207.52973193361993], 'angle': 90.0}, 'model_confidence': 0.6811867920705317, 'model_id': 1, 'model_birth_timestamp': 359909.669808, 'theta': 2.2483505371538564, 'phi': -1.9233976563555315, 'norm_pos': [0.497498975353556, 0.4963489448460845], 'topic': 'pupil.1', 'id': 1, 'method': '3d c++'}"
1581494818.4950888,"{'circle_3d': {'center': [-0.10692807124335557, 0.1322955135284296, 62.92892960198753], 'normal': [-0.2696452689725743, 0.6268766079193041, -0.730970004421724], 'radius': 2.4445413003731673}, 'confidence': 0.4251925533113798, 'timestamp': 359915.01216, 'diameter_3d': 4.889082600746335, 'ellipse': {'center': [159.13029969189526, 120.87532764138419], 'axes': [35.149322078532656, 48.18606731069559], 'angle': -66.68095653622166}, 'location': [159.13029969189526, 120.87532764138419], 'diameter': 48.18606731069559, 'sphere': {'center': [3.1288151564275357, -7.390223781503218, 71.70056965504821], 'radius': 12.0}, 'projected_sphere': {'center': [187.05509044513556, 56.096201653965586], 'axes': [207.52973193361993, 207.52973193361993], 'angle': 90.0}, 'model_confidence': 0.6811867920705317, 'model_id': 1, 'model_birth_timestamp': 359909.669808, 'theta': 2.2483341621168678, 'phi': -1.9241968376513592, 'norm_pos': [0.4972821865371727, 0.49635280149423255], 'topic': 'pupil.1', 'id': 1, 'method': '3d c++'}"
1581494818.50633,"{'circle_3d': {'center': [-0.06232914128981504, 0.06541727371062578, 62.85579636643556], 'normal': [-0.2659286914764459, 0.6213034212678203, -0.7370644407177208], 'radius': 2.435591282540867}, 'confidence': 0.9945359819369646, 'timestamp': 359915.02056, 'diameter_3d': 4.871182565081734, 'ellipse': {'center': [159.56736354355883, 120.21911263633586], 'axes': [35.39544572086603, 48.06509261406609], 'angle': -66.79693975442747}, 'location': [159.56736354355883, 120.21911263633586], 'diameter': 48.06509261406609, 'sphere': {'center': [3.1288151564275357, -7.390223781503218, 71.70056965504821], 'radius': 12.0}, 'projected_sphere': {'center': [187.05509044513556, 56.096201653965586], 'axes': [207.52973193361993, 207.52973193361993], 'angle': 90.0}, 'model_confidence': 0.6799249804741669, 'model_id': 1, 'model_birth_timestamp': 359909.669808, 'theta': 2.241201374517328, 'phi': -1.917054949627559, 'norm_pos': [0.49864801107362133, 0.49908703068193394], 'topic': 'pupil.1', 'id': 1, 'method': '3d c++'}"
1581494818.51498,"{'circle_3d': {'center': [-0.054107996974610995, 0.10458824711054326, 62.88599122750654], 'normal': [-0.26524359611684556, 0.6245676690511468, -0.7345482022951393], 'radius': 2.4167360280144368}, 'confidence': 0.9951259278814537, 'timestamp': 359915.02896, 'diameter_3d': 4.8334720560288735, 'ellipse': {'center': [159.6447068170714, 120.61147324140741], 'axes': [34.967371718708506, 47.66995151732536], 'angle': -66.98110845025649}, 'location': [159.6447068170714, 120.61147324140741], 'diameter': 47.66995151732536, 'sphere': {'center': [3.1288151564275357, -7.390223781503218, 71.70056965504821], 'radius': 12.0}, 'projected_sphere': {'center': [187.05509044513556, 56.096201653965586], 'axes': [207.52973193361993, 207.52973193361993], 'angle': 90.0}, 'model_confidence': 0.6789970133706857, 'model_id': 1, 'model_birth_timestamp': 359909.669808, 'theta': 2.2453741555837903, 'phi': -1.9173232425201223, 'norm_pos': [0.49888970880334815, 0.49745219482746916], 'topic': 'pupil.1', 'id': 1, 'method': '3d c++'}"
1581494818.522877,"{'circle_3d': {'center': [-0.05594815014118382, 0.09977599977826301, 62.882566141920265], 'normal': [-0.26539694221405996, 0.6241666484401235, -0.7348336260939957], 'radius': 2.4165531604864765}, 'confidence': 0.9941745081403036, 'timestamp': 359915.03736, 'diameter_3d': 4.833106320972953, 'ellipse': {'center': [159.62668741797157, 120.5641742187638], 'axes': [34.98214735624849, 47.66892574938827], 'angle': -66.95246798349062}, 'location': [159.62668741797157, 120.5641742187638], 'diameter': 47.66892574938827, 'sphere': {'center': [3.1288151564275357, -7.390223781503218, 71.70056965504821], 'radius': 12.0}, 'projected_sphere': {'center': [187.05509044513556, 56.096201653965586], 'axes': [207.52973193361993, 207.52973193361993], 'angle': 90.0}, 'model_confidence': 0.6775668701341608, 'model_id': 1, 'model_birth_timestamp': 359909.669808, 'theta': 2.244860770991511, 'phi': -1.917383772428209, 'norm_pos': [0.4988333981811611, 0.49764927408848414], 'topic': 'pupil.1', 'id': 1, 'method': '3d c++'}"
1581494818.530412,"{'circle_3d': {'center': [-0.04131043515377497, 0.10645374140432118, 62.882966247594794], 'normal': [-0.2641771326317759, 0.6247231269089616, -0.7348002839544514], 'radius': 2.438272535628678}, 'confidence': 0.9927934074151374, 'timestamp': 359915.04576, 'diameter_3d': 4.876545071257356, 'ellipse': {'center': [159.7734879139078, 120.62211542912496], 'axes': [35.294942450115, 48.097351994785676], 'angle': -67.08127528687329}, 'location': [159.7734879139078, 120.62211542912496], 'diameter': 48.097351994785676, 'sphere': {'center': [3.1288151564275357, -7.390223781503218, 71.70056965504821], 'radius': 12.0}, 'projected_sphere': {'center': [187.05509044513556, 56.096201653965586], 'axes': [207.52973193361993, 207.52973193361993], 'angle': 90.0}, 'model_confidence': 0.6754127050707326, 'model_id': 1, 'model_birth_timestamp': 359909.669808, 'theta': 2.245573228654817, 'phi': -1.9159290035840757, 'norm_pos': [0.4992921497309618, 0.49740785237864604], 'topic': 'pupil.1', 'id': 1, 'method': '3d c++'}"
1581494818.538612,"{'circle_3d': {'center': [-0.016910386460857296, 0.1648206535702812, 62.924140176445626], 'normal': [-0.2621437952406994, 0.629587036256125, -0.7313691232168821], 'radius': 2.4334313514373345}, 'confidence': 0.9937588606726223, 'timestamp': 359915.05416, 'diameter_3d': 4.866862702874669, 'ellipse': {'center': [160.01116279441746, 121.1978727375929], 'axes': [35.013851797024316, 47.9705519437299], 'angle': -67.44074551133303}, 'location': [160.01116279441746, 121.1978727375929], 'diameter': 47.9705519437299, 'sphere': {'center': [3.1288151564275357, -7.390223781503218, 71.70056965504821], 'radius': 12.0}, 'projected_sphere': {'center': [187.05509044513556, 56.096201653965586], 'axes': [207.52973193361993, 207.52973193361993], 'angle': 90.0}, 'model_confidence': 0.6737968108898373, 'model_id': 1, 'model_birth_timestamp': 359909.669808, 'theta': 2.2518178910277777, 'phi': -1.9149603226915766, 'norm_pos': [0.5000348837325546, 0.49500886359336294], 'topic': 'pupil.1', 'id': 1, 'method': '3d c++'}"
1581494818.546879,"{'circle_3d': {'center': [-0.011032895667662412, 0.1977202053021001, 62.95045764074468], 'normal': [-0.2616540043412665, 0.6323286655671099, -0.7291760011919609], 'radius': 2.4536980590231057}, 'confidence': 0.9921692602227926, 'timestamp': 359915.06256, 'diameter_3d': 4.907396118046211, 'ellipse': {'center': [160.07110722539292, 121.51410498529646], 'axes': [35.1700717436177, 48.350247317094905], 'angle': -67.58345812286845}, 'location': [160.07110722539292, 121.51410498529646], 'diameter': 48.350247317094905, 'sphere': {'center': [3.1288151564275357, -7.390223781503218, 71.70056965504821], 'radius': 12.0}, 'projected_sphere': {'center': [187.05509044513556, 56.096201653965586], 'axes': [207.52973193361993, 207.52973193361993], 'angle': 90.0}, 'model_confidence': 0.6713569954594933, 'model_id': 1, 'model_birth_timestamp': 359909.669808, 'theta': 2.2553517568422445, 'phi': -1.9153203489055894, 'norm_pos': [0.5002222100793529, 0.4936912292279314], 'topic': 'pupil.1', 'id': 1, 'method': '3d c++'}"
1581494818.554187,"{'circle_3d': {'center': [-0.015447748846659781, 0.1991548301057282, 62.95328761591347], 'normal': [-0.26202190877284964, 0.6324482176340789, -0.7289401699278956], 'radius': 2.467271538390407}, 'confidence': 0.9949111101531908, 'timestamp': 359915.07096, 'diameter_3d': 4.934543076780814, 'ellipse': {'center': [160.0297771116128, 121.5234458411272], 'axes': [35.350254321123685, 48.615728491896206], 'angle': -67.55546059574296}, 'location': [160.0297771116128, 121.5234458411272], 'diameter': 48.615728491896206, 'sphere': {'center': [3.1288151564275357, -7.390223781503218, 71.70056965504821], 'radius': 12.0}, 'projected_sphere': {'center': [187.05509044513556, 56.096201653965586], 'axes': [207.52973193361993, 207.52973193361993], 'angle': 90.0}, 'model_confidence': 0.6703871687195773, 'model_id': 1, 'model_birth_timestamp': 359909.669808, 'theta': 2.255506086984306, 'phi': -1.9158702266322745, 'norm_pos': [0.50009305347379, 0.4936523089953033], 'topic': 'pupil.1', 'id': 1, 'method': '3d c++'}"
1581494818.563033,"{'circle_3d': {'center': [-0.015274401714477914, 0.21237589949855185, 62.96471371868948], 'normal': [-0.26200746317850115, 0.6335499734168142, -0.7279879946965612], 'radius': 2.411347593269904}, 'confidence': 0.9929052178187446, 'timestamp': 359915.07936, 'diameter_3d': 4.822695186539808, 'ellipse': {'center': [160.02305432911055, 121.67297938274838], 'axes': [34.48998540303686, 47.50444646426089], 'angle': -67.59648218474109}, 'location': [160.02305432911055, 121.67297938274838], 'diameter': 47.50444646426089, 'sphere': {'center': [3.1288151564275357, -7.390223781503218, 71.70056965504821], 'radius': 12.0}, 'projected_sphere': {'center': [187.05509044513556, 56.096201653965586], 'axes': [207.52973193361993, 207.52973193361993], 'angle': 90.0}, 'model_confidence': 0.6683765251196072, 'model_id': 1, 'model_birth_timestamp': 359909.669808, 'theta': 2.2569292639611804, 'phi': -1.9162689522190948, 'norm_pos': [0.5000720447784704, 0.4930292525718818], 'topic': 'pupil.1', 'id': 1, 'method': '3d c++'}"
1581494818.570882,"{'circle_3d': {'center': [-0.03944433807982639, 0.20945480879056433, 62.970906597421404], 'normal': [-0.2640216245422802, 0.6333065491911486, -0.7274719214689008], 'radius': 2.48818964069475}, 'confidence': 0.9918914357546399, 'timestamp': 359915.08776, 'diameter_3d': 4.9763792813895, 'ellipse': {'center': [159.79741295675566, 121.6174691299812], 'axes': [35.55840417248452, 49.01454700236601], 'angle': -67.41130929591499}, 'location': [159.79741295675566, 121.6174691299812], 'diameter': 49.01454700236601, 'sphere': {'center': [3.1288151564275357, -7.390223781503218, 71.70056965504821], 'radius': 12.0}, 'projected_sphere': {'center': [187.05509044513556, 56.096201653965586], 'axes': [207.52973193361993, 207.52973193361993], 'angle': 90.0}, 'model_confidence': 0.6658582504721733, 'model_id': 1, 'model_birth_timestamp': 359909.669808, 'theta': 2.2566146816635038, 'phi': -1.9189436118965535, 'norm_pos': [0.49936691548986145, 0.493260545291745], 'topic': 'pupil.1', 'id': 1, 'method': '3d c++'}"
1581494818.578294,"{'circle_3d': {'center': [-0.012219222700991406, 0.23178245384703722, 62.98053961052345], 'normal': [-0.26175286492737726, 0.635167186279188, -0.7266691703770634], 'radius': 2.4519581598993545}, 'confidence': 0.9964710135733709, 'timestamp': 359915.09616, 'diameter_3d': 4.903916319798709, 'ellipse': {'center': [160.05849674107927, 121.84932102112523], 'axes': [34.99015034668987, 48.29298777291466], 'angle': -67.67684376936485}, 'location': [160.05849674107927, 121.84932102112523], 'diameter': 48.29298777291466, 'sphere': {'center': [3.1288151564275357, -7.390223781503218, 71.70056965504821], 'radius': 12.0}, 'projected_sphere': {'center': [187.05509044513556, 56.096201653965586], 'axes': [207.52973193361993, 207.52973193361993], 'angle': 90.0}, 'model_confidence': 0.665741672968001, 'model_id': 1, 'model_birth_timestamp': 359909.669808, 'theta': 2.25902128505312, 'phi': -1.9165370256036167, 'norm_pos': [0.5001828023158728, 0.4922944957453115], 'topic': 'pupil.1', 'id': 1, 'method': '3d c++'}"
1581494818.591049,"{'circle_3d': {'center': [0.014377841788003387, 0.2518042144366479, 62.98852693692221], 'normal': [-0.2595364428866277, 0.6368356663283222, -0.726003559843833], 'radius': 2.4725916262366683}, 'confidence': 0.9968290055593263, 'timestamp': 359915.104559, 'diameter_3d': 4.945183252473337, 'ellipse': {'center': [160.3217722993336, 122.0382974525817], 'axes': [35.243360610239634, 48.69356435820862], 'angle': -67.93016633568443}, 'location': [160.3217722993336, 122.0382974525817], 'diameter': 48.69356435820862, 'sphere': {'center': [3.1288151564275357, -7.390223781503218, 71.70056965504821], 'radius': 12.0}, 'projected_sphere': {'center': [187.05509044513556, 56.096201653965586], 'axes': [207.52973193361993, 207.52973193361993], 'angle': 90.0}, 'model_confidence': 0.6658113154066281, 'model_id': 1, 'model_birth_timestamp': 359909.669808, 'theta': 2.261183404061823, 'phi': -1.9141249682040389, 'norm_pos': [0.5010055384354175, 0.4915070939475762], 'topic': 'pupil.1', 'id': 1, 'method': '3d c++'}"
1581494818.6011782,"{'circle_3d': {'center': [-0.02310269214031413, 0.3123383303300473, 63.05557394717015], 'normal': [-0.26265982071398747, 0.6418801759861055, -0.7204163089898383], 'radius': 2.4506935031165495}, 'confidence': 0.992920393346005, 'timestamp': 359915.112959, 'diameter_3d': 4.901387006233099, 'ellipse': {'center': [159.95001900564176, 122.63994267916623], 'axes': [34.586503555359734, 48.21093339919011], 'angle': -67.83573839801}, 'location': [159.95001900564176, 122.63994267916623], 'diameter': 48.21093339919011, 'sphere': {'center': [3.1288151564275357, -7.390223781503218, 71.70056965504821], 'radius': 12.0}, 'projected_sphere': {'center': [187.05509044513556, 56.096201653965586], 'axes': [207.52973193361993, 207.52973193361993], 'angle': 90.0}, 'model_confidence': 0.6638755579670419, 'model_id': 1, 'model_birth_timestamp': 359909.669808, 'theta': 2.2677440448800583, 'phi': -1.9204133030901585, 'norm_pos': [0.4998438093926305, 0.48900023883680743], 'topic': 'pupil.1', 'id': 1, 'method': '3d c++'}"
1581494818.606677,"{'circle_3d': {'center': [0.00581422638337159, 0.36644974543027775, 63.09354455995802], 'normal': [-0.26025007750368034, 0.6463894605777913, -0.7172520912575162], 'radius': 2.412370103816974}, 'confidence': 0.9939575718913991, 'timestamp': 359915.121359, 'diameter_3d': 4.824740207633948, 'ellipse': {'center': [160.2264844084987, 123.18302424183338], 'axes': [33.85285052142619, 47.42812776705846], 'angle': -68.20027293956873}, 'location': [160.2264844084987, 123.18302424183338], 'diameter': 47.42812776705846, 'sphere': {'center': [3.1288151564275357, -7.390223781503218, 71.70056965504821], 'radius': 12.0}, 'projected_sphere': {'center': [187.05509044513556, 56.096201653965586], 'axes': [207.52973193361993, 207.52973193361993], 'angle': 90.0}, 'model_confidence': 0.6624903666332838, 'model_id': 1, 'model_birth_timestamp': 359909.669808, 'theta': 2.2736392395373572, 'phi': -1.9188666618873231, 'norm_pos': [0.5007077637765585, 0.4867373989923609], 'topic': 'pupil.1', 'id': 1, 'method': '3d c++'}"
1581494818.615272,"{'circle_3d': {'center': [0.011948143789484611, 0.448168195108547, 63.16565599136555], 'normal': [-0.2597389177198376, 0.6531993313843137, -0.7112428053068888], 'radius': 2.486014924111917}, 'confidence': 0.9972307754581404, 'timestamp': 359915.129759, 'diameter_3d': 4.972029848223834, 'ellipse': {'center': [160.29491796193818, 123.95583461897456], 'axes': [34.51311656396219, 48.821638915352246], 'angle': -68.47447148590675}, 'location': [160.29491796193818, 123.95583461897456], 'diameter': 48.821638915352246, 'sphere': {'center': [3.1288151564275357, -7.390223781503218, 71.70056965504821], 'radius': 12.0}, 'projected_sphere': {'center': [187.05509044513556, 56.096201653965586], 'axes': [207.52973193361993, 207.52973193361993], 'angle': 90.0}, 'model_confidence': 0.6627847699987477, 'model_id': 1, 'model_birth_timestamp': 359909.669808, 'theta': 2.282598394572373, 'phi': -1.9209390305205047, 'norm_pos': [0.5009216186310568, 0.4835173557542727], 'topic': 'pupil.1', 'id': 1, 'method': '3d c++'}"
1581494818.6227741,"{'circle_3d': {'center': [-0.003331756786050466, 0.39844637023508866, 63.12582342081671], 'normal': [-0.26101224276779883, 0.6490558459781922, -0.7145621861859588], 'radius': 2.496337485121356}, 'confidence': 0.9944987045492037, 'timestamp': 359915.138159, 'diameter_3d': 4.992674970242712, 'ellipse': {'center': [160.14822616065382, 123.46637258859121], 'axes': [34.86452870212349, 49.05523111957534], 'angle': -68.22569483865591}, 'location': [160.14822616065382, 123.46637258859121], 'diameter': 49.05523111957534, 'sphere': {'center': [3.1288151564275357, -7.390223781503218, 71.70056965504821], 'radius': 12.0}, 'projected_sphere': {'center': [187.05509044513556, 56.096201653965586], 'axes': [207.52973193361993, 207.52973193361993], 'angle': 90.0}, 'model_confidence': 0.6616935020811732, 'model_id': 1, 'model_birth_timestamp': 359909.669808, 'theta': 2.2771390071705193, 'phi': -1.92101449788651, 'norm_pos': [0.5004632067520431, 0.48555678088086995], 'topic': 'pupil.1', 'id': 1, 'method': '3d c++'}"
1581494818.635246,"{'circle_3d': {'center': [0.02408323074526786, 0.31999436401039816, 63.04532986528838], 'normal': [-0.2587276604735223, 0.6425181787928014, -0.7212699824799861], 'radius': 2.4726608715741687}, 'confidence': 0.9951022761100875, 'timestamp': 359915.146559, 'diameter_3d': 4.945321743148337, 'ellipse': {'center': [160.4151191577208, 122.70690878532672], 'axes': [34.94961543253331, 48.6513308450489], 'angle': -68.19907162815308}, 'location': [160.4151191577208, 122.70690878532672], 'diameter': 48.6513308450489, 'sphere': {'center': [3.1288151564275357, -7.390223781503218, 71.70056965504821], 'radius': 12.0}, 'projected_sphere': {'center': [187.05509044513556, 56.096201653965586], 'axes': [207.52973193361993, 207.52973193361993], 'angle': 90.0}, 'model_confidence': 0.6609145071561962, 'model_id': 1, 'model_birth_timestamp': 359909.669808, 'theta': 2.2685763624177753, 'phi': -1.9152105527749614, 'norm_pos': [0.5012972473678775, 0.48872121339447205], 'topic': 'pupil.1', 'id': 1, 'method': '3d c++'}"
1581494818.638891,"{'circle_3d': {'center': [-0.006380855107800176, 0.22829721336950026, 62.97539436626825], 'normal': [-0.2612663342946113, 0.6348767495727266, -0.7270979407316637], 'radius': 2.4910416397258155}, 'confidence': 0.9979435324093958, 'timestamp': 359915.154959, 'diameter_3d': 4.982083279451631, 'ellipse': {'center': [160.12155364790382, 121.80113016403975], 'axes': [35.575579256790256, 49.06731933332268], 'angle': -67.70905667061906}, 'location': [160.12155364790382, 121.80113016403975], 'diameter': 49.06731933332268, 'sphere': {'center': [3.1288151564275357, -7.390223781503218, 71.70056965504821], 'radius': 12.0}, 'projected_sphere': {'center': [187.05509044513556, 56.096201653965586], 'axes': [207.52973193361993, 207.52973193361993], 'angle': 90.0}, 'model_confidence': 0.6615635874980597, 'model_id': 1, 'model_birth_timestamp': 359909.669808, 'theta': 2.2586453123175576, 'phi': -1.9157564960194906, 'norm_pos': [0.5003798551496994, 0.4924952909831677], 'topic': 'pupil.1', 'id': 1, 'method': '3d c++'}"
1581494818.646987,"{'circle_3d': {'center': [0.052565514840337446, 0.19904533698936966, 62.92904285581142], 'normal': [-0.2563541367989332, 0.6324390932077156, -0.7309605666030666], 'radius': 2.446428998254162}, 'confidence': 0.9960469020389274, 'timestamp': 359915.163359, 'diameter_3d': 4.892857996508324, 'ellipse': {'center': [160.6939687777063, 121.52896482664231], 'axes': [35.17543408296819, 48.2232965628339], 'angle': -68.0548660856304}, 'location': [160.6939687777063, 121.52896482664231], 'diameter': 48.2232965628339, 'sphere': {'center': [3.1288151564275357, -7.390223781503218, 71.70056965504821], 'radius': 12.0}, 'projected_sphere': {'center': [187.05509044513556, 56.096201653965586], 'axes': [207.52973193361993, 207.52973193361993], 'angle': 90.0}, 'model_confidence': 0.6612596140875948, 'model_id': 1, 'model_birth_timestamp': 359909.669808, 'theta': 2.255494307547988, 'phi': -1.908102251569816, 'norm_pos': [0.5021686524303322, 0.49362931322232373], 'topic': 'pupil.1', 'id': 1, 'method': '3d c++'}"
1581494818.654597,"{'circle_3d': {'center': [0.021979802836270768, 0.14447102150604874, 62.89284870629078], 'normal': [-0.2589029461326054, 0.6278912335841056, -0.7339767457297864], 'radius': 2.4467916560634615}, 'confidence': 0.9946742093946993, 'timestamp': 359915.171759, 'diameter_3d': 4.893583312126923, 'ellipse': {'center': [160.3952746393561, 120.99242958300506], 'axes': [35.3673146185239, 48.25800643803131], 'angle': -67.6657044285535}, 'location': [160.3952746393561, 120.99242958300506], 'diameter': 48.25800643803131, 'sphere': {'center': [3.1288151564275357, -7.390223781503218, 71.70056965504821], 'radius': 12.0}, 'projected_sphere': {'center': [187.05509044513556, 56.096201653965586], 'axes': [207.52973193361993, 207.52973193361993], 'angle': 90.0}, 'model_confidence': 0.6602766255173864, 'model_id': 1, 'model_birth_timestamp': 359909.669808, 'theta': 2.2496371192501647, 'phi': -1.9099100241298415, 'norm_pos': [0.5012352332479878, 0.4958648767374789], 'topic': 'pupil.1', 'id': 1, 'method': '3d c++'}"
1581494818.662656,"{'circle_3d': {'center': [0.010700563057680856, 0.16507400932552763, 62.91451043179504], 'normal': [-0.25984288278082124, 0.6296081492357288, -0.7321716019377646], 'radius': 2.4708001163651496}, 'confidence': 0.9968082442077861, 'timestamp': 359915.180159, 'diameter_3d': 4.941600232730299, 'ellipse': {'center': [160.28757956443428, 121.18678748355221], 'axes': [35.6022312674734, 48.71516699061248], 'angle': -67.64470563303024}, 'location': [160.28757956443428, 121.18678748355221], 'diameter': 48.71516699061248, 'sphere': {'center': [3.1288151564275357, -7.390223781503218, 71.70056965504821], 'radius': 12.0}, 'projected_sphere': {'center': [187.05509044513556, 56.096201653965586], 'axes': [207.52973193361993, 207.52973193361993], 'angle': 90.0}, 'model_confidence': 0.6603569781066909, 'model_id': 1, 'model_birth_timestamp': 359909.669808, 'theta': 2.2518450662084857, 'phi': -1.9118238702405475, 'norm_pos': [0.5008986861388571, 0.49505505215186585], 'topic': 'pupil.1', 'id': 1, 'method': '3d c++'}"
1581494818.6747808,"{'circle_3d': {'center': [0.01115770227639823, 0.1974222752260637, 62.942268488932925], 'normal': [-0.25980478784592814, 0.6323038380607735, -0.7298584305096074], 'radius': 2.4196961210038324}, 'confidence': 0.9951523681856748, 'timestamp': 359915.188559, 'diameter_3d': 4.839392242007665, 'ellipse': {'center': [160.28384851686914, 121.52286314401472], 'axes': [34.723551988106074, 47.6859608259523], 'angle': -67.74528235843854}, 'location': [160.28384851686914, 121.52286314401472], 'diameter': 47.6859608259523, 'sphere': {'center': [3.1288151564275357, -7.390223781503218, 71.70056965504821], 'radius': 12.0}, 'projected_sphere': {'center': [187.05509044513556, 56.096201653965586], 'axes': [207.52973193361993, 207.52973193361993], 'angle': 90.0}, 'model_confidence': 0.6596245421157221, 'model_id': 1, 'model_birth_timestamp': 359909.669808, 'theta': 2.2553197093735458, 'phi': -1.9127761520365179, 'norm_pos': [0.5008870266152161, 0.49365473689993866], 'topic': 'pupil.1', 'id': 1, 'method': '3d c++'}"
1581494818.6829052,"{'circle_3d': {'center': [-0.012691126795783436, 0.2782261063204672, 63.02152508836892], 'normal': [-0.26179219026860995, 0.6390374906519738, -0.7232537138899409], 'radius': 2.4124084570621958}, 'confidence': 0.9928678109118619, 'timestamp': 359915.196959, 'diameter_3d': 4.8248169141243915, 'ellipse': {'center': [160.04719248530031, 122.31889630656481], 'axes': [34.21749811573056, 47.482753100911005], 'angle': -67.81098667918069}, 'location': [160.04719248530031, 122.31889630656481], 'diameter': 47.482753100911005, 'sphere': {'center': [3.1288151564275357, -7.390223781503218, 71.70056965504821], 'radius': 12.0}, 'projected_sphere': {'center': [187.05509044513556, 56.096201653965586], 'axes': [207.52973193361993, 207.52973193361993], 'angle': 90.0}, 'model_confidence': 0.6577855636277663, 'model_id': 1, 'model_birth_timestamp': 359909.669808, 'theta': 2.2640425890246934, 'phi': -1.918089954771381, 'norm_pos': [0.5001474765165634, 0.49033793205598], 'topic': 'pupil.1', 'id': 1, 'method': '3d c++'}"
1581494818.690887,"{'circle_3d': {'center': [-0.013787754512232908, 0.14176163845990342, 26.108811699433115], 'normal': [-0.2863153169407979, 0.5630573541155993, -0.7752354192511014], 'radius': 1.0198612850327622}, 'confidence': 0.9993190768902415, 'timestamp': 359915.205359, 'diameter_3d': 2.0397225700655244, 'ellipse': {'center': [159.88249376992326, 122.95524150879804], 'axes': [37.41724623934894, 48.45167334540177], 'angle': -63.18448163693958}, 'location': [159.88249376992326, 122.95524150879804], 'diameter': 48.45167334540177, 'sphere': {'center': [3.421996048777342, -6.614926610927289, 35.41163673044633], 'radius': 12.0}, 'projected_sphere': {'center': [219.9135692707986, 4.183424505517735], 'axes': [420.200854122239, 420.200854122239], 'angle': 90.0}, 'model_confidence': 0.6589620998933565, 'model_id': 1, 'model_birth_timestamp': 359909.669808, 'theta': 2.168877010318565, 'phi': -1.9245840935690885, 'norm_pos': [0.49963279303101016, 0.4876864937133415], 'topic': 'pupil.1', 'id': 1, 'method': '3d c++'}"
1581494818.6988108,"{'circle_3d': {'center': [-0.007979522222479662, 0.17080165526552005, 26.127825041288887], 'normal': [-0.2858312975833185, 0.5654773555160674, -0.7736509740964537], 'radius': 1.0078455492289402}, 'confidence': 0.9990324105255518, 'timestamp': 359915.213758, 'diameter_3d': 2.0156910984578804, 'ellipse': {'center': [160.0146577303519, 123.65163418656712], 'axes': [36.845641110610245, 47.84578617484183], 'angle': -63.368734903587914}, 'location': [160.0146577303519, 123.65163418656712], 'diameter': 47.84578617484183, 'sphere': {'center': [3.421996048777342, -6.614926610927289, 35.41163673044633], 'radius': 12.0}, 'projected_sphere': {'center': [219.9135692707986, 4.183424505517735], 'axes': [420.200854122239, 420.200854122239], 'angle': 90.0}, 'model_confidence': 0.6599934536907104, 'model_id': 1, 'model_birth_timestamp': 359909.669808, 'theta': 2.171808244054707, 'phi': -1.9246991493532275, 'norm_pos': [0.5000458054073497, 0.48478485755597034], 'topic': 'pupil.1', 'id': 1, 'method': '3d c++'}"
1581494818.707259,"{'circle_3d': {'center': [-0.005338551065388941, 0.19185694174545542, 26.14227455132178], 'normal': [-0.28561121665356093, 0.5672319627227287, -0.7724468482603795], 'radius': 1.0013613792432943}, 'confidence': 0.9984202409440383, 'timestamp': 359915.222158, 'diameter_3d': 2.0027227584865885, 'ellipse': {'center': [160.07412497953882, 124.15402910937507], 'axes': [36.51009327009092, 47.51161253895202], 'angle': -63.48692836496247}, 'location': [160.07412497953882, 124.15402910937507], 'diameter': 47.51161253895202, 'sphere': {'center': [3.421996048777342, -6.614926610927289, 35.41163673044633], 'radius': 12.0}, 'projected_sphere': {'center': [219.9135692707986, 4.183424505517735], 'axes': [420.200854122239, 420.200854122239], 'angle': 90.0}, 'model_confidence': 0.6607235259235011, 'model_id': 1, 'model_birth_timestamp': 359909.669808, 'theta': 2.173937205090516, 'phi': -1.9249551866817967, 'norm_pos': [0.5002316405610588, 0.48269154537760384], 'topic': 'pupil.1', 'id': 1, 'method': '3d c++'}"
1581494818.714825,"{'circle_3d': {'center': [-0.01815295396354566, 0.19336348241507118, 26.148129789560652], 'normal': [-0.28667908356174066, 0.56735750777853, -0.7719589117404733], 'radius': 1.0255257996800726}, 'confidence': 0.9987874606593378, 'timestamp': 359915.230558, 'diameter_3d': 2.0510515993601453, 'ellipse': {'center': [159.78049179899492, 124.16975528916106], 'axes': [37.35174257040635, 48.6479149928909], 'angle': -63.378108753185295}, 'location': [159.78049179899492, 124.16975528916106], 'diameter': 48.6479149928909, 'sphere': {'center': [3.421996048777342, -6.614926610927289, 35.41163673044633], 'radius': 12.0}, 'projected_sphere': {'center': [219.9135692707986, 4.183424505517735], 'axes': [420.200854122239, 420.200854122239], 'angle': 90.0}, 'model_confidence': 0.6616246857170549, 'model_id': 1, 'model_birth_timestamp': 359909.669808, 'theta': 2.174089655357069, 'phi': -1.9263769856467792, 'norm_pos': [0.4993140368718591, 0.4826260196284956], 'topic': 'pupil.1', 'id': 1, 'method': '3d c++'}"
1581494818.722208,"{'circle_3d': {'center': [-0.025999417188184992, 0.1899519059557564, 26.148540291504073], 'normal': [-0.2873329554971273, 0.5670732097402538, -0.7719247032451884], 'radius': 0.9962332106998479}, 'confidence': 0.9998977327955345, 'timestamp': 359915.238958, 'diameter_3d': 1.9924664213996959, 'ellipse': {'center': [159.5828997138004, 124.1123610551989], 'axes': [36.280923389564315, 47.25675509251323], 'angle': -63.292179814270476}, 'location': [159.5828997138004, 124.1123610551989], 'diameter': 47.25675509251323, 'sphere': {'center': [3.421996048777342, -6.614926610927289, 35.41163673044633], 'radius': 12.0}, 'projected_sphere': {'center': [219.9135692707986, 4.183424505517735], 'axes': [420.200854122239, 420.200854122239], 'angle': 90.0}, 'model_confidence': 0.6630488002557389, 'model_id': 1, 'model_birth_timestamp': 359909.669808, 'theta': 2.173744453114323, 'phi': -1.9271356388123573, 'norm_pos': [0.49869656160562625, 0.48286516227000453], 'topic': 'pupil.1', 'id': 1, 'method': '3d c++'}"
1581494818.731173,"{'circle_3d': {'center': [-0.023697653540477592, 0.1608566504139377, 26.126381962528793], 'normal': [-0.2871411418598183, 0.5646486051117688, -0.7737712306597949], 'radius': 1.0117708242873586}, 'confidence': 0.9999497500173431, 'timestamp': 359915.247358, 'diameter_3d': 2.0235416485747173, 'ellipse': {'center': [159.64400961006973, 123.4130660744605], 'axes': [36.99944749560318, 48.03481537637257], 'angle': -63.18157506338684}, 'location': [159.64400961006973, 123.4130660744605], 'diameter': 48.03481537637257, 'sphere': {'center': [3.421996048777342, -6.614926610927289, 35.41163673044633], 'radius': 12.0}, 'projected_sphere': {'center': [219.9135692707986, 4.183424505517735], 'axes': [420.200854122239, 420.200854122239], 'angle': 90.0}, 'model_confidence': 0.6644809323321343, 'model_id': 1, 'model_birth_timestamp': 359909.669808, 'theta': 2.1708037561753883, 'phi': -1.9261373519698886, 'norm_pos': [0.4988875300314679, 0.4857788913564146], 'topic': 'pupil.1', 'id': 1, 'method': '3d c++'}"
1581494818.738753,"{'circle_3d': {'center': [-0.047019829462010776, 0.125121635664601, 26.1090737250087], 'normal': [-0.2890846565199461, 0.5616706872159908, -0.7752135837864694], 'radius': 1.0107365823644816}, 'confidence': 0.9997778879111122, 'timestamp': 359915.255758, 'diameter_3d': 2.021473164728963, 'ellipse': {'center': [159.0911226819907, 122.56817637051516], 'axes': [37.08053167666689, 48.01734876502634], 'angle': -62.806695616552425}, 'location': [159.0911226819907, 122.56817637051516], 'diameter': 48.01734876502634, 'sphere': {'center': [3.421996048777342, -6.614926610927289, 35.41163673044633], 'radius': 12.0}, 'projected_sphere': {'center': [219.9135692707986, 4.183424505517735], 'axes': [420.200854122239, 420.200854122239], 'angle': 90.0}, 'model_confidence': 0.6658158032450956, 'model_id': 1, 'model_birth_timestamp': 359909.669808, 'theta': 2.167200042818058, 'phi': -1.9277331375123719, 'norm_pos': [0.49715975838122095, 0.4892992651228535], 'topic': 'pupil.1', 'id': 1, 'method': '3d c++'}"
1581494818.746437,"{'circle_3d': {'center': [-0.020577998343835446, 0.11168133792159995, 26.08954311191993], 'normal': [-0.2868811705934315, 0.560550662404074, -0.7768411348772002], 'radius': 1.0114597919443675}, 'confidence': 0.9991351975260648, 'timestamp': 359915.264158, 'diameter_3d': 2.022919583888735, 'ellipse': {'center': [159.71848816927852, 122.24957904847003], 'axes': [37.24124244551508, 48.08765759164666], 'angle': -62.98449245622539}, 'location': [159.71848816927852, 122.24957904847003], 'diameter': 48.08765759164666, 'sphere': {'center': [3.421996048777342, -6.614926610927289, 35.41163673044633], 'radius': 12.0}, 'projected_sphere': {'center': [219.9135692707986, 4.183424505517735], 'axes': [420.200854122239, 420.200854122239], 'angle': 90.0}, 'model_confidence': 0.6668320074622036, 'model_id': 1, 'model_birth_timestamp': 359909.669808, 'theta': 2.165846931998077, 'phi': -1.924553304543965, 'norm_pos': [0.49912027552899535, 0.49062675396470823], 'topic': 'pupil.1', 'id': 1, 'method': '3d c++'}"
1581494818.758823,"{'circle_3d': {'center': [-0.024640259570404943, 0.08999348970524768, 26.075430616498718], 'normal': [-0.28721969236231226, 0.558743341719378, -0.7780171761623011], 'radius': 1.0081613441732553}, 'confidence': 0.9987428085523266, 'timestamp': 359915.272558, 'diameter_3d': 2.0163226883465106, 'ellipse': {'center': [159.62100646903633, 121.73792249019043], 'axes': [37.21653519239456, 47.95661371027782], 'angle': -62.84656345805975}, 'location': [159.62100646903633, 121.73792249019043], 'diameter': 47.95661371027782, 'sphere': {'center': [3.421996048777342, -6.614926610927289, 35.41163673044633], 'radius': 12.0}, 'projected_sphere': {'center': [219.9135692707986, 4.183424505517735], 'axes': [420.200854122239, 420.200854122239], 'angle': 90.0}, 'model_confidence': 0.6676522867412049, 'model_id': 1, 'model_birth_timestamp': 359909.669808, 'theta': 2.1636661021283876, 'phi': -1.9244449656517588, 'norm_pos': [0.4988156452157385, 0.49275865629087323], 'topic': 'pupil.1', 'id': 1, 'method': '3d c++'}"
1581494818.7669098,"{'circle_3d': {'center': [-0.03403549787747595, 0.09079788359690166, 26.079482372953898], 'normal': [-0.2880026288879015, 0.5588103745436825, -0.777679529791036], 'radius': 1.0204834342581428}, 'confidence': 0.9994391383253385, 'timestamp': 359915.280958, 'diameter_3d': 2.0409668685162856, 'ellipse': {'center': [159.40311600288882, 121.74709420174857], 'axes': [37.643834893967046, 48.53557279486163], 'angle': -62.76459150614826}, 'location': [159.40311600288882, 121.74709420174857], 'diameter': 48.53557279486163, 'sphere': {'center': [3.421996048777342, -6.614926610927289, 35.41163673044633], 'radius': 12.0}, 'projected_sphere': {'center': [219.9135692707986, 4.183424505517735], 'axes': [420.200854122239, 420.200854122239], 'angle': 90.0}, 'model_confidence': 0.6687922986633454, 'model_id': 1, 'model_birth_timestamp': 359909.669808, 'theta': 2.1637469309787942, 'phi': -1.9254716438976038, 'norm_pos': [0.4981347375090276, 0.4927204408260476], 'topic': 'pupil.1', 'id': 1, 'method': '3d c++'}"
1581494818.774851,"{'circle_3d': {'center': [-0.04245724670836015, 0.07172201233863884, 26.068923336984337], 'normal': [-0.2887044412904752, 0.5572207186054939, -0.7785594494551662], 'radius': 1.0181583858429646}, 'confidence': 0.9993285220087573, 'timestamp': 359915.289358, 'diameter_3d': 2.036316771685929, 'ellipse': {'center': [159.2023350560517, 121.29625701629888], 'axes': [37.63117744381112, 48.444495235371164], 'angle': -62.59793640606996}, 'location': [159.2023350560517, 121.29625701629888], 'diameter': 48.444495235371164, 'sphere': {'center': [3.421996048777342, -6.614926610927289, 35.41163673044633], 'radius': 12.0}, 'projected_sphere': {'center': [219.9135692707986, 4.183424505517735], 'axes': [420.200854122239, 420.200854122239], 'angle': 90.0}, 'model_confidence': 0.6698690153512321, 'model_id': 1, 'model_birth_timestamp': 359909.669808, 'theta': 2.1618312909519344, 'phi': -1.9258962134070496, 'norm_pos': [0.4975072970501616, 0.4945989290987547], 'topic': 'pupil.1', 'id': 1, 'method': '3d c++'}"
1581494818.7835069,"{'circle_3d': {'center': [-0.040237805348340316, 0.07242926183188292, 26.06860680592937], 'normal': [-0.2885194878438069, 0.5572796560632644, -0.7785858270430802], 'radius': 1.0135269017871529}, 'confidence': 0.9995618911547555, 'timestamp': 359915.297758, 'diameter_3d': 2.0270538035743058, 'ellipse': {'center': [159.2530909447409, 121.3167612140127], 'axes': [37.46198027450088, 48.22457912077938], 'angle': -62.62154118411532}, 'location': [159.2530909447409, 121.3167612140127], 'diameter': 48.22457912077938, 'sphere': {'center': [3.421996048777342, -6.614926610927289, 35.41163673044633], 'radius': 12.0}, 'projected_sphere': {'center': [219.9135692707986, 4.183424505517735], 'axes': [420.200854122239, 420.200854122239], 'angle': 90.0}, 'model_confidence': 0.6710449514403249, 'model_id': 1, 'model_birth_timestamp': 359909.669808, 'theta': 2.161902270464101, 'phi': -1.9256763168315756, 'norm_pos': [0.49766590920231535, 0.4945134949416138], 'topic': 'pupil.1', 'id': 1, 'method': '3d c++'}"
1581494818.7901518,"{'circle_3d': {'center': [-0.05216969890087242, 0.07502405608157314, 26.074895734218195], 'normal': [-0.2895138123065179, 0.5574958889174052, -0.778061749685678], 'radius': 1.0175536493260322}, 'confidence': 0.9993187023709853, 'timestamp': 359915.306158, 'diameter_3d': 2.0351072986520644, 'ellipse': {'center': [158.97159736272886, 121.37516350829489], 'axes': [37.567399875284096, 48.40464076218887], 'angle': -62.52505542320801}, 'location': [158.97159736272886, 121.37516350829489], 'diameter': 48.40464076218887, 'sphere': {'center': [3.421996048777342, -6.614926610927289, 35.41163673044633], 'radius': 12.0}, 'projected_sphere': {'center': [219.9135692707986, 4.183424505517735], 'axes': [420.200854122239, 420.200854122239], 'angle': 90.0}, 'model_confidence': 0.6721000139765843, 'model_id': 1, 'model_birth_timestamp': 359909.669808, 'theta': 2.162162712810647, 'phi': -1.9270187634285076, 'norm_pos': [0.4967862417585277, 0.49427015204877134], 'topic': 'pupil.1', 'id': 1, 'method': '3d c++'}"
1581494818.800338,"{'circle_3d': {'center': [-0.01363768820793787, 0.08110415913791069, 26.065001359810083], 'normal': [-0.28630281141544, 0.5580025641720999, -0.7788862808863541], 'radius': 1.0168210640375748}, 'confidence': 0.9994873352120608, 'timestamp': 359915.314558, 'diameter_3d': 2.0336421280751495, 'ellipse': {'center': [159.88594561634352, 121.52002251563155], 'axes': [37.60879730551873, 48.38811318838636], 'angle': -62.90570107578764}, 'location': [159.88594561634352, 121.52002251563155], 'diameter': 48.38811318838636, 'sphere': {'center': [3.421996048777342, -6.614926610927289, 35.41163673044633], 'radius': 12.0}, 'projected_sphere': {'center': [219.9135692707986, 4.183424505517735], 'axes': [420.200854122239, 420.200854122239], 'angle': 90.0}, 'model_confidence': 0.6732219217532753, 'model_id': 1, 'model_birth_timestamp': 359909.669808, 'theta': 2.162773157946653, 'phi': -1.9230457411408812, 'norm_pos': [0.4996435800510735, 0.49366657285153515], 'topic': 'pupil.1', 'id': 1, 'method': '3d c++'}"
1581494818.807252,"{'circle_3d': {'center': [-0.026729797917777187, 0.09136638117261153, 26.07718846938404], 'normal': [-0.2873938205579266, 0.5588577493416583, -0.7778706884218575], 'radius': 1.0205881110464394}, 'confidence': 0.9998750573113308, 'timestamp': 359915.322958, 'diameter_3d': 2.041176222092879, 'ellipse': {'center': [159.57653061713796, 121.76051448442128], 'axes': [37.66361548339554, 48.54482275852014], 'angle': -62.83390035784809}, 'location': [159.57653061713796, 121.76051448442128], 'diameter': 48.54482275852014, 'sphere': {'center': [3.421996048777342, -6.614926610927289, 35.41163673044633], 'radius': 12.0}, 'projected_sphere': {'center': [219.9135692707986, 4.183424505517735], 'axes': [420.200854122239, 420.200854122239], 'angle': 90.0}, 'model_confidence': 0.6745146906198318, 'model_id': 1, 'model_birth_timestamp': 359909.669808, 'theta': 2.1638040586395153, 'phi': -1.9247031277346303, 'norm_pos': [0.4986766581785561, 0.49266452298157803], 'topic': 'pupil.1', 'id': 1, 'method': '3d c++'}"
1581494818.814961,"{'circle_3d': {'center': [-0.022046571610975896, 0.08524182227303445, 26.071063225800344], 'normal': [-0.2870035516990265, 0.5583473694333603, -0.7783811253871659], 'radius': 1.0019206707613908}, 'confidence': 0.999889922098943, 'timestamp': 359915.331357, 'diameter_3d': 2.0038413415227816, 'ellipse': {'center': [159.68008071446468, 121.63013949566387], 'axes': [37.01568619551244, 47.667550053494466], 'angle': -62.84804821243877}, 'location': [159.68008071446468, 121.63013949566387], 'diameter': 47.667550053494466, 'sphere': {'center': [3.421996048777342, -6.614926610927289, 35.41163673044633], 'radius': 12.0}, 'projected_sphere': {'center': [219.9135692707986, 4.183424505517735], 'axes': [420.200854122239, 420.200854122239], 'angle': 90.0}, 'model_confidence': 0.6758023926327961, 'model_id': 1, 'model_birth_timestamp': 359909.669808, 'theta': 2.1631887245327217, 'phi': -1.9240486228691687, 'norm_pos': [0.4990002522327021, 0.49320775210140055], 'topic': 'pupil.1', 'id': 1, 'method': '3d c++'}"
1581494818.8225121,"{'circle_3d': {'center': [-0.020119034800281987, 0.0788786981726135, 26.065791972733237], 'normal': [-0.2868429236314687, 0.5578171090916585, -0.7788203964760914], 'radius': 1.0088195991512676}, 'confidence': 0.9994300979037158, 'timestamp': 359915.339757, 'diameter_3d': 2.0176391983025352, 'ellipse': {'center': [159.72876094255506, 121.47360922394115], 'axes': [37.307095314429965, 48.00565354545301], 'angle': -62.83588442635037}, 'location': [159.72876094255506, 121.47360922394115], 'diameter': 48.00565354545301, 'sphere': {'center': [3.421996048777342, -6.614926610927289, 35.41163673044633], 'radius': 12.0}, 'projected_sphere': {'center': [219.9135692707986, 4.183424505517735], 'axes': [420.200854122239, 420.200854122239], 'angle': 90.0}, 'model_confidence': 0.676869520693002, 'model_id': 1, 'model_birth_timestamp': 359909.669808, 'theta': 2.1625496915883726, 'phi': -1.9236839371047953, 'norm_pos': [0.49915237794548456, 0.4938599615669118], 'topic': 'pupil.1', 'id': 1, 'method': '3d c++'}"
1581494818.83481,"{'circle_3d': {'center': [-0.014133319137159539, 0.07524963017914921, 26.06099200241338], 'normal': [-0.2863441139928751, 0.5575146867588698, -0.779220394002746], 'radius': 1.0278226200370881}, 'confidence': 0.9993671021863688, 'timestamp': 359915.348157, 'diameter_3d': 2.0556452400741763, 'ellipse': {'center': [159.87886588293665, 121.37210249386851], 'axes': [38.044303199213, 48.91947446519497], 'angle': -62.873746627309785}, 'location': [159.87886588293665, 121.37210249386851], 'diameter': 48.91947446519497, 'sphere': {'center': [3.421996048777342, -6.614926610927289, 35.41163673044633], 'radius': 12.0}, 'projected_sphere': {'center': [219.9135692707986, 4.183424505517735], 'axes': [420.200854122239, 420.200854122239], 'angle': 90.0}, 'model_confidence': 0.6778984911873565, 'model_id': 1, 'model_birth_timestamp': 359909.669808, 'theta': 2.1621853560822077, 'phi': -1.922953584029153, 'norm_pos': [0.49962145588417706, 0.49428290627554783], 'topic': 'pupil.1', 'id': 1, 'method': '3d c++'}"
1581494818.842627,"{'circle_3d': {'center': [-0.01056245924078869, 0.08677124489280263, 26.06793361346275], 'normal': [-0.2860465423348442, 0.5584748213183409, -0.7786419264152985], 'radius': 1.0203380922622742}, 'confidence': 0.9999198103333904, 'timestamp': 359915.356557, 'diameter_3d': 2.0406761845245485, 'ellipse': {'center': [159.9603221332558, 121.65170931430909], 'axes': [37.7186218252867, 48.550140390799086], 'angle': -62.96035052778751}, 'location': [159.9603221332558, 121.65170931430909], 'diameter': 48.550140390799086, 'sphere': {'center': [3.421996048777342, -6.614926610927289, 35.41163673044633], 'radius': 12.0}, 'projected_sphere': {'center': [219.9135692707986, 4.183424505517735], 'axes': [420.200854122239, 420.200854122239], 'angle': 90.0}, 'model_confidence': 0.6791696453761098, 'model_id': 1, 'model_birth_timestamp': 359909.669808, 'theta': 2.1633423616577727, 'phi': -1.9228574046324227, 'norm_pos': [0.4998760066664244, 0.4931178778570454], 'topic': 'pupil.1', 'id': 1, 'method': '3d c++'}"
1581494818.850842,"{'circle_3d': {'center': [-0.01635168448904256, 0.08465884965358494, 26.068547331242485], 'normal': [-0.2865289777721987, 0.5582987883817395, -0.7785907832669872], 'radius': 1.006750225652225}, 'confidence': 0.9996102271510932, 'timestamp': 359915.364957, 'diameter_3d': 2.01350045130445, 'ellipse': {'center': [159.81728374767218, 121.61247158825196], 'axes': [37.211553070188636, 47.902077480295944], 'angle': -62.897445464633336}, 'location': [159.81728374767218, 121.61247158825196], 'diameter': 47.902077480295944, 'sphere': {'center': [3.421996048777342, -6.614926610927289, 35.41163673044633], 'radius': 12.0}, 'projected_sphere': {'center': [219.9135692707986, 4.183424505517735], 'axes': [420.200854122239, 420.200854122239], 'angle': 90.0}, 'model_confidence': 0.680291641885189, 'model_id': 1, 'model_birth_timestamp': 359909.669808, 'theta': 2.1631301665904634, 'phi': -1.92342449478075, 'norm_pos': [0.4994290117114756, 0.49328136838228354], 'topic': 'pupil.1', 'id': 1, 'method': '3d c++'}"
1581494818.8599281,"{'circle_3d': {'center': [0.0009743664674246588, 0.08216254762776387, 26.060401119494706], 'normal': [-0.28508514019249315, 0.5580907632129211, -0.7792696342459687], 'radius': 1.0335762036313654}, 'confidence': 0.9992074789136555, 'timestamp': 359915.373357, 'diameter_3d': 2.0671524072627308, 'ellipse': {'center': [160.2399883482509, 121.53152792708016], 'axes': [38.261588446350686, 49.19463521673878], 'angle': -63.04480962415073}, 'location': [160.2399883482509, 121.53152792708016], 'diameter': 49.19463521673878, 'sphere': {'center': [3.421996048777342, -6.614926610927289, 35.41163673044633], 'radius': 12.0}, 'projected_sphere': {'center': [219.9135692707986, 4.183424505517735], 'axes': [420.200854122239, 420.200854122239], 'angle': 90.0}, 'model_confidence': 0.6812229341070064, 'model_id': 1, 'model_birth_timestamp': 359909.669808, 'theta': 2.1628794462375964, 'phi': -1.9215089887647203, 'norm_pos': [0.500749963588284, 0.49361863363716596], 'topic': 'pupil.1', 'id': 1, 'method': '3d c++'}"
1581494818.866275,"{'circle_3d': {'center': [0.00574564832959279, 0.08472317246005456, 26.060491026234548], 'normal': [-0.2846875333706458, 0.558304148615612, -0.7792621420176488], 'radius': 1.0185143637278686}, 'confidence': 0.9997734793088328, 'timestamp': 359915.381757, 'diameter_3d': 2.0370287274557373, 'ellipse': {'center': [160.3469953620661, 121.60457777257284], 'axes': [37.70267458612013, 48.47715914377436], 'angle': -63.10059185982141}, 'location': [160.3469953620661, 121.60457777257284], 'diameter': 48.47715914377436, 'sphere': {'center': [3.421996048777342, -6.614926610927289, 35.41163673044633], 'radius': 12.0}, 'projected_sphere': {'center': [219.9135692707986, 4.183424505517735], 'axes': [420.200854122239, 420.200854122239], 'angle': 90.0}, 'model_confidence': 0.6823988753993593, 'model_id': 1, 'model_birth_timestamp': 359909.669808, 'theta': 2.163136627520246, 'phi': -1.9210620101960771, 'norm_pos': [0.5010843605064565, 0.4933142592809465], 'topic': 'pupil.1', 'id': 1, 'method': '3d c++'}"
1581494818.8751519,"{'circle_3d': {'center': [0.007309098618177856, 0.08456767869597837, 26.059808604581427], 'normal': [-0.28455724584659703, 0.5582911908019389, -0.7793190104887423], 'radius': 1.0211361992237107}, 'confidence': 0.9999231797989074, 'timestamp': 359915.390157, 'diameter_3d': 2.0422723984474214, 'ellipse': {'center': [160.38523258589575, 121.59876618661374], 'axes': [37.804582766098825, 48.603297415720554], 'angle': -63.11425853012898}, 'location': [160.38523258589575, 121.59876618661374], 'diameter': 48.603297415720554, 'sphere': {'center': [3.421996048777342, -6.614926610927289, 35.41163673044633], 'radius': 12.0}, 'projected_sphere': {'center': [219.9135692707986, 4.183424505517735], 'axes': [420.200854122239, 420.200854122239], 'angle': 90.0}, 'model_confidence': 0.683631713093491, 'model_id': 1, 'model_birth_timestamp': 359909.669808, 'theta': 2.1631210089356268, 'phi': -1.920890984123769, 'norm_pos': [0.5012038518309242, 0.4933384742224427], 'topic': 'pupil.1', 'id': 1, 'method': '3d c++'}"
1581494818.882717,"{'circle_3d': {'center': [0.013812305162750782, 0.08914943924306318, 26.060719776302555], 'normal': [-0.2840153119678826, 0.5586730041808626, -0.7792430795119815], 'radius': 1.025900810217813}, 'confidence': 0.9999441908610599, 'timestamp': 359915.398557, 'diameter_3d': 2.051801620435626, 'ellipse': {'center': [160.54157227572298, 121.70368168037862], 'axes': [37.9747396816339, 48.828541046325086], 'angle': -63.19535317481368}, 'location': [160.54157227572298, 121.70368168037862], 'diameter': 48.828541046325086, 'sphere': {'center': [3.421996048777342, -6.614926610927289, 35.41163673044633], 'radius': 12.0}, 'projected_sphere': {'center': [219.9135692707986, 4.183424505517735], 'axes': [420.200854122239, 420.200854122239], 'angle': 90.0}, 'model_confidence': 0.6848642134060889, 'model_id': 1, 'model_birth_timestamp': 359909.669808, 'theta': 2.1635812931526974, 'phi': -1.9203086065044817, 'norm_pos': [0.5016924133616343, 0.49290132633175576], 'topic': 'pupil.1', 'id': 1, 'method': '3d c++'}"
1581494818.890497,"{'circle_3d': {'center': [0.03513074470705213, 0.08379361717797362, 26.04914290039986], 'normal': [-0.28223877533919084, 0.5582266856754385, -0.7802078191705393], 'radius': 1.0220380977632533}, 'confidence': 0.9998211144021845, 'timestamp': 359915.406957, 'diameter_3d': 2.0440761955265065, 'ellipse': {'center': [161.04695101960692, 121.57965662604886], 'axes': [37.91206049401218, 48.66622825519791], 'angle': -63.36750620133738}, 'location': [161.04695101960692, 121.57965662604886], 'diameter': 48.66622825519791, 'sphere': {'center': [3.421996048777342, -6.614926610927289, 35.41163673044633], 'radius': 12.0}, 'projected_sphere': {'center': [219.9135692707986, 4.183424505517735], 'axes': [420.200854122239, 420.200854122239], 'angle': 90.0}, 'model_confidence': 0.6860306080787137, 'model_id': 1, 'model_birth_timestamp': 359909.669808, 'theta': 2.163043260701677, 'phi': -1.9178986731265, 'norm_pos': [0.5032717219362717, 0.49341809739146314], 'topic': 'pupil.1', 'id': 1, 'method': '3d c++'}"
1581494818.8989062,"{'circle_3d': {'center': [0.04108675997976796, 0.07884133244788227, 26.04344997413296], 'normal': [-0.2817424407331312, 0.5578139952812643, -0.7806822296927808], 'radius': 1.0308484744376847}, 'confidence': 0.9996114071096616, 'timestamp': 359915.415357, 'diameter_3d': 2.0616969488753694, 'ellipse': {'center': [161.19251018403136, 121.4548085948417], 'axes': [38.279278838618325, 49.096730461579405], 'angle': -63.39991754377519}, 'location': [161.19251018403136, 121.4548085948417], 'diameter': 49.096730461579405, 'sphere': {'center': [3.421996048777342, -6.614926610927289, 35.41163673044633], 'radius': 12.0}, 'projected_sphere': {'center': [219.9135692707986, 4.183424505517735], 'axes': [420.200854122239, 420.200854122239], 'angle': 90.0}, 'model_confidence': 0.6870948135822452, 'model_id': 1, 'model_birth_timestamp': 359909.669808, 'theta': 2.1625459398511295, 'phi': -1.917141874939791, 'norm_pos': [0.503726594325098, 0.493938297521493], 'topic': 'pupil.1', 'id': 1, 'method': '3d c++'}"
1581494818.906653,"{'circle_3d': {'center': [0.048538141573308824, 0.08219722658560524, 26.043162251997927], 'normal': [-0.2811214922670028, 0.5580936531260745, -0.7807062065373672], 'radius': 1.0193352697522173}, 'confidence': 0.9990478977052238, 'timestamp': 359915.423757, 'diameter_3d': 2.0386705395044347, 'ellipse': {'center': [161.3648048810898, 121.5439222223475], 'axes': [37.8531063177253, 48.54863465307816], 'angle': -63.48448732795776}, 'location': [161.3648048810898, 121.5439222223475], 'diameter': 48.54863465307816, 'sphere': {'center': [3.421996048777342, -6.614926610927289, 35.41163673044633], 'radius': 12.0}, 'projected_sphere': {'center': [219.9135692707986, 4.183424505517735], 'axes': [420.200854122239, 420.200854122239], 'angle': 90.0}, 'model_confidence': 0.687904572871123, 'model_id': 1, 'model_birth_timestamp': 359909.669808, 'theta': 2.1628829289882647, 'phi': -1.91642817130117, 'norm_pos': [0.5042650152534056, 0.4935669907402187], 'topic': 'pupil.1', 'id': 1, 'method': '3d c++'}"
1581494818.914517,"{'circle_3d': {'center': [0.039666494548537656, 0.07518042848566164, 26.04134780278846], 'normal': [-0.28186079618573373, 0.5575089199510792, -0.7808574106381558], 'radius': 0.9961085132950164}, 'confidence': 0.9995247712564364, 'timestamp': 359915.432157, 'diameter_3d': 1.9922170265900327, 'ellipse': {'center': [161.14470207544036, 121.39580138670858], 'axes': [37.002090120732426, 47.4449989079154], 'angle': -63.36985411770073}, 'location': [161.14470207544036, 121.39580138670858], 'diameter': 47.4449989079154, 'sphere': {'center': [3.421996048777342, -6.614926610927289, 35.41163673044633], 'radius': 12.0}, 'projected_sphere': {'center': [219.9135692707986, 4.183424505517735], 'axes': [420.200854122239, 420.200854122239], 'angle': 90.0}, 'model_confidence': 0.6889150843617742, 'model_id': 1, 'model_birth_timestamp': 359909.669808, 'theta': 2.162178409535535, 'phi': -1.917204344081391, 'norm_pos': [0.5035771939857512, 0.4941841608887142], 'topic': 'pupil.1', 'id': 1, 'method': '3d c++'}"
1581494818.9264011,"{'circle_3d': {'center': [0.04529637566116751, 0.06866243345589673, 26.034668307582887], 'normal': [-0.2813916394263479, 0.5569657536985988, -0.7814140352386204], 'radius': 1.0200264067199887}, 'confidence': 0.9999523586474977, 'timestamp': 359915.440556, 'diameter_3d': 2.0400528134399774, 'ellipse': {'center': [161.28874432020595, 121.22167531245736], 'axes': [37.93810756808132, 48.59734179883618], 'angle': -63.39209350796087}, 'location': [161.28874432020595, 121.22167531245736], 'diameter': 48.59734179883618, 'sphere': {'center': [3.421996048777342, -6.614926610927289, 35.41163673044633], 'radius': 12.0}, 'projected_sphere': {'center': [219.9135692707986, 4.183424505517735], 'axes': [420.200854122239, 420.200854122239], 'angle': 90.0}, 'model_confidence': 0.6901017504874041, 'model_id': 1, 'model_birth_timestamp': 359909.669808, 'theta': 2.161524270754034, 'phi': -1.9164454672887254, 'norm_pos': [0.5040273260006436, 0.4949096861980943], 'topic': 'pupil.1', 'id': 1, 'method': '3d c++'}"
1581494818.934735,"{'circle_3d': {'center': [0.071166573468735, 0.0654411689554335, 26.023099669066227], 'normal': [-0.2792357896090506, 0.5566973149902269, -0.7823780884483422], 'radius': 1.0176084421947809}, 'confidence': 0.9996440608422239, 'timestamp': 359915.448956, 'diameter_3d': 2.0352168843895617, 'ellipse': {'center': [161.90379220697918, 121.14689053368977], 'axes': [37.9281434795479, 48.50371043452476], 'angle': -63.618562128339555}, 'location': [161.90379220697918, 121.14689053368977], 'diameter': 48.50371043452476, 'sphere': {'center': [3.421996048777342, -6.614926610927289, 35.41163673044633], 'radius': 12.0}, 'projected_sphere': {'center': [219.9135692707986, 4.183424505517735], 'axes': [420.200854122239, 420.200854122239], 'angle': 90.0}, 'model_confidence': 0.6911440184036555, 'model_id': 1, 'model_birth_timestamp': 359909.669808, 'theta': 2.1612010941522293, 'phi': -1.9136105912360935, 'norm_pos': [0.5059493506468099, 0.4952212894429593], 'topic': 'pupil.1', 'id': 1, 'method': '3d c++'}"
1581494818.943118,"{'circle_3d': {'center': [0.061515850511749015, 0.05262935912391686, 26.01744329921982], 'normal': [-0.2800400165221328, 0.5556296641709338, -0.7828494526022094], 'radius': 1.0294204247731307}, 'confidence': 0.9998846342114109, 'timestamp': 359915.457356, 'diameter_3d': 2.0588408495462613, 'ellipse': {'center': [161.67973863082088, 120.83247728230091], 'axes': [38.409012247078394, 49.07761852627924], 'angle': -63.469313739644974}, 'location': [161.67973863082088, 120.83247728230091], 'diameter': 49.07761852627924, 'sphere': {'center': [3.421996048777342, -6.614926610927289, 35.41163673044633], 'radius': 12.0}, 'projected_sphere': {'center': [219.9135692707986, 4.183424505517735], 'axes': [420.200854122239, 420.200854122239], 'angle': 90.0}, 'model_confidence': 0.6922806274693216, 'model_id': 1, 'model_birth_timestamp': 359909.669808, 'theta': 2.159916428287942, 'phi': -1.914331021305119, 'norm_pos': [0.5052491832213153, 0.4965313446570795], 'topic': 'pupil.1', 'id': 1, 'method': '3d c++'}"
1581494818.9505868,"{'circle_3d': {'center': [0.06835792927436568, 0.04786271839704437, 26.011618128525463], 'normal': [-0.2794698432919147, 0.5552324441103611, -0.7833348834934056], 'radius': 1.0228084448711383}, 'confidence': 0.9998122664826402, 'timestamp': 359915.465756, 'diameter_3d': 2.0456168897422766, 'ellipse': {'center': [161.84030423124992, 120.72433016094458], 'axes': [38.202709230573916, 48.773124218593985], 'angle': -63.51134882616736}, 'location': [161.84030423124992, 120.72433016094458], 'diameter': 48.773124218593985, 'sphere': {'center': [3.421996048777342, -6.614926610927289, 35.41163673044633], 'radius': 12.0}, 'projected_sphere': {'center': [219.9135692707986, 4.183424505517735], 'axes': [420.200854122239, 420.200854122239], 'angle': 90.0}, 'model_confidence': 0.6933764485824057, 'model_id': 1, 'model_birth_timestamp': 359909.669808, 'theta': 2.159438749189199, 'phi': -1.913488934412539, 'norm_pos': [0.505750950722656, 0.4969819576627309], 'topic': 'pupil.1', 'id': 1, 'method': '3d c++'}"
1581494818.958753,"{'circle_3d': {'center': [0.06790703622971117, 0.046019500510603883, 26.010472770785398], 'normal': [-0.2795074177123026, 0.5550788426198244, -0.7834303299717446], 'radius': 1.0207894620510476}, 'confidence': 0.9998368060829322, 'timestamp': 359915.474156, 'diameter_3d': 2.041578924102095, 'ellipse': {'center': [161.82886107404588, 120.68208960323996], 'axes': [38.135231437992125, 48.678922571535985], 'angle': -63.49859639153849}, 'location': [161.82886107404588, 120.68208960323996], 'diameter': 48.678922571535985, 'sphere': {'center': [3.421996048777342, -6.614926610927289, 35.41163673044633], 'radius': 12.0}, 'projected_sphere': {'center': [219.9135692707986, 4.183424505517735], 'axes': [420.200854122239, 420.200854122239], 'angle': 90.0}, 'model_confidence': 0.6944741783494024, 'model_id': 1, 'model_birth_timestamp': 359909.669808, 'theta': 2.1592540757409497, 'phi': -1.9134929224626938, 'norm_pos': [0.5057151908563934, 0.49715795998650014], 'topic': 'pupil.1', 'id': 1, 'method': '3d c++'}"
1581494818.967049,"{'circle_3d': {'center': [0.0835496004315095, 0.05387539614799852, 26.010474296898252], 'normal': [-0.2782038706954861, 0.5557335005896072, -0.7834302027956735], 'radius': 1.0232691578044042}, 'confidence': 0.9993450562821161, 'timestamp': 359915.482556, 'diameter_3d': 2.0465383156088084, 'ellipse': {'center': [162.20199123590902, 120.86694749310294], 'axes': [38.22763369189717, 48.79735453647117], 'angle': -63.68161344076249}, 'location': [162.20199123590902, 120.86694749310294], 'diameter': 48.79735453647117, 'sphere': {'center': [3.421996048777342, -6.614926610927289, 35.41163673044633], 'radius': 12.0}, 'projected_sphere': {'center': [219.9135692707986, 4.183424505517735], 'axes': [420.200854122239, 420.200854122239], 'angle': 90.0}, 'model_confidence': 0.695354577856433, 'model_id': 1, 'model_birth_timestamp': 359909.669808, 'theta': 2.1600413224643815, 'phi': -1.9120161791880663, 'norm_pos': [0.5068812226122157, 0.4963877187787378], 'topic': 'pupil.1', 'id': 1, 'method': '3d c++'}"
1581494818.974785,"{'circle_3d': {'center': [0.06646289835868657, 0.042923501963733734, 26.008795183832966], 'normal': [-0.27962776253488797, 0.5548208427409186, -0.7835701288844472], 'radius': 1.027351615546606}, 'confidence': 0.9998213329677555, 'timestamp': 359915.490956, 'diameter_3d': 2.054703231093212, 'ellipse': {'center': [161.79738801723354, 120.60302513652654], 'axes': [38.392520596900624, 48.995181596678805], 'angle': -63.4707222273741}, 'location': [161.79738801723354, 120.60302513652654], 'diameter': 48.995181596678805, 'sphere': {'center': [3.421996048777342, -6.614926610927289, 35.41163673044633], 'radius': 12.0}, 'projected_sphere': {'center': [219.9135692707986, 4.183424505517735], 'axes': [420.200854122239, 420.200854122239], 'angle': 90.0}, 'model_confidence': 0.6964296733246722, 'model_id': 1, 'model_birth_timestamp': 359909.669808, 'theta': 2.158943936418068, 'phi': -1.9135726977613512, 'norm_pos': [0.5056168375538548, 0.4974873952644727], 'topic': 'pupil.1', 'id': 1, 'method': '3d c++'}"
1581494818.982896,"{'circle_3d': {'center': [0.065354458810849, 0.0453256375472284, 26.01089222678082], 'normal': [-0.2797201324972078, 0.5550210207062097, -0.7833953753054594], 'radius': 1.0368908587695178}, 'confidence': 0.9990523407013578, 'timestamp': 359915.499356, 'diameter_3d': 2.0737817175390356, 'ellipse': {'center': [161.77478902934337, 120.65240158701215], 'axes': [38.734557892818124, 49.44641535506824], 'angle': -63.471465499544564}, 'location': [161.77478902934337, 120.65240158701215], 'diameter': 49.44641535506824, 'sphere': {'center': [3.421996048777342, -6.614926610927289, 35.41163673044633], 'radius': 12.0}, 'projected_sphere': {'center': [219.9135692707986, 4.183424505517735], 'axes': [420.200854122239, 420.200854122239], 'angle': 90.0}, 'model_confidence': 0.6971726689386837, 'model_id': 1, 'model_birth_timestamp': 359909.669808, 'theta': 2.1591845629617272, 'phi': -1.9137478903979062, 'norm_pos': [0.505546215716698, 0.497281660054116], 'topic': 'pupil.1', 'id': 1, 'method': '3d c++'}"
1581494818.99248,"{'circle_3d': {'center': [0.07493841790724254, 0.045014065240543744, 26.00725501735326], 'normal': [-0.278921469239175, 0.5549950563473194, -0.7836984760910894], 'radius': 1.0391297506265502}, 'confidence': 0.9998527462346659, 'timestamp': 359915.507756, 'diameter_3d': 2.0782595012531004, 'ellipse': {'center': [162.004087019679, 120.6430018152318], 'axes': [38.844016244035316, 49.56021463665727], 'angle': -63.55994721224707}, 'location': [162.004087019679, 120.6430018152318], 'diameter': 49.56021463665727, 'sphere': {'center': [3.421996048777342, -6.614926610927289, 35.41163673044633], 'radius': 12.0}, 'projected_sphere': {'center': [219.9135692707986, 4.183424505517735], 'axes': [420.200854122239, 420.200854122239], 'angle': 90.0}, 'model_confidence': 0.6982458100515898, 'model_id': 1, 'model_birth_timestamp': 359909.669808, 'theta': 2.159153349984073, 'phi': -1.912721174431225, 'norm_pos': [0.5062627719364968, 0.49732082576986747], 'topic': 'pupil.1', 'id': 1, 'method': '3d c++'}"
1581494818.998713,"{'circle_3d': {'center': [0.08313323750211321, 0.05943876083182076, 26.014571124005876], 'normal': [-0.2782385676062691, 0.5561971143132591, -0.7830888005367048], 'radius': 1.0367675351500798}, 'confidence': 0.9999862895193323, 'timestamp': 359915.516156, 'diameter_3d': 2.0735350703001596, 'ellipse': {'center': [162.19720770366908, 120.98829428684083], 'axes': [38.703416222566524, 49.43369904185016], 'angle': -63.70321093962199}, 'location': [162.19720770366908, 120.98829428684083], 'diameter': 49.43369904185016, 'sphere': {'center': [3.421996048777342, -6.614926610927289, 35.41163673044633], 'radius': 12.0}, 'projected_sphere': {'center': [219.9135692707986, 4.183424505517735], 'axes': [420.200854122239, 420.200854122239], 'angle': 90.0}, 'model_confidence': 0.6993681875640423, 'model_id': 1, 'model_birth_timestamp': 359909.669808, 'theta': 2.1605990831383033, 'phi': -1.9121929943577904, 'norm_pos': [0.5068662740739659, 0.4958821071381633], 'topic': 'pupil.1', 'id': 1, 'method': '3d c++'}"
1581494819.011455,"{'circle_3d': {'center': [0.09466335895348443, 0.05230081260031039, 26.005418805361295], 'normal': [-0.27727772415198815, 0.5556022852939666, -0.7838514937570864], 'radius': 1.0370058569841742}, 'confidence': 0.9993131326108595, 'timestamp': 359915.524556, 'diameter_3d': 2.0740117139683485, 'ellipse': {'center': [162.4726795118013, 120.81805230679714], 'axes': [38.777120389331124, 49.46248978719431], 'angle': -63.77896307413694}, 'location': [162.4726795118013, 120.81805230679714], 'diameter': 49.46248978719431, 'sphere': {'center': [3.421996048777342, -6.614926610927289, 35.41163673044633], 'radius': 12.0}, 'projected_sphere': {'center': [219.9135692707986, 4.183424505517735], 'axes': [420.200854122239, 420.200854122239], 'angle': 90.0}, 'model_confidence': 0.700199761542486, 'model_id': 1, 'model_birth_timestamp': 359909.669808, 'theta': 2.1598834987820763, 'phi': -1.9107969435117136, 'norm_pos': [0.507727123474379, 0.4965914487216786], 'topic': 'pupil.1', 'id': 1, 'method': '3d c++'}"
1581494819.019596,"{'circle_3d': {'center': [0.08916915532432412, 0.06461490533486991, 26.016106408489698], 'normal': [-0.27773557445441815, 0.5566284596885133, -0.7829608601630528], 'radius': 1.032679016836402}, 'confidence': 0.9990508076196414, 'timestamp': 359915.532956, 'diameter_3d': 2.065358033672804, 'ellipse': {'center': [162.3388778623345, 121.11480395248], 'axes': [38.5395820240524, 49.23579572956368], 'angle': -63.78352021630756}, 'location': [162.3388778623345, 121.11480395248], 'diameter': 49.23579572956368, 'sphere': {'center': [3.421996048777342, -6.614926610927289, 35.41163673044633], 'radius': 12.0}, 'projected_sphere': {'center': [219.9135692707986, 4.183424505517735], 'axes': [420.200854122239, 420.200854122239], 'angle': 90.0}, 'model_confidence': 0.7009180699833473, 'model_id': 1, 'model_birth_timestamp': 359909.669808, 'theta': 2.1611182097029915, 'phi': -1.9116740373428647, 'norm_pos': [0.5073089933197953, 0.49535498353133334], 'topic': 'pupil.1', 'id': 1, 'method': '3d c++'}"
1581494819.026495,"{'circle_3d': {'center': [0.07303772636591344, 0.08034674300430744, 26.033055128152476], 'normal': [-0.2790798602009524, 0.5579394461609664, -0.7815484668578212], 'radius': 1.035687652752593}, 'confidence': 0.9996043609400278, 'timestamp': 359915.541356, 'diameter_3d': 2.071375305505186, 'ellipse': {'center': [161.95469575665064, 121.48654398520311], 'axes': [38.53217035766555, 49.347189353632054], 'angle': -63.70415881648372}, 'location': [161.95469575665064, 121.48654398520311], 'diameter': 49.347189353632054, 'sphere': {'center': [3.421996048777342, -6.614926610927289, 35.41163673044633], 'radius': 12.0}, 'projected_sphere': {'center': [219.9135692707986, 4.183424505517735], 'axes': [420.200854122239, 420.200854122239], 'angle': 90.0}, 'model_confidence': 0.701863228123456, 'model_id': 1, 'model_birth_timestamp': 359909.669808, 'theta': 2.16269709936164, 'phi': -1.9137696643513329, 'norm_pos': [0.5061084242395333, 0.4938060667283204], 'topic': 'pupil.1', 'id': 1, 'method': '3d c++'}"
1581494819.034448,"{'circle_3d': {'center': [0.08672309193616412, 0.0766059151998526, 26.025511504606524], 'normal': [-0.2779394130700982, 0.5576277105105951, -0.7821771021533175], 'radius': 1.045172230897065}, 'confidence': 0.9991252572616358, 'timestamp': 359915.549755, 'diameter_3d': 2.09034446179413, 'ellipse': {'center': [162.28479775614264, 121.3897034701238], 'axes': [38.93911386938219, 49.81386846012281], 'angle': -63.8151408677708}, 'location': [162.28479775614264, 121.3897034701238], 'diameter': 49.81386846012281, 'sphere': {'center': [3.421996048777342, -6.614926610927289, 35.41163673044633], 'radius': 12.0}, 'projected_sphere': {'center': [219.9135692707986, 4.183424505517735], 'axes': [420.200854122239, 420.200854122239], 'angle': 90.0}, 'model_confidence': 0.7026024665961361, 'model_id': 1, 'model_birth_timestamp': 359909.669808, 'theta': 2.16232150809639, 'phi': -1.9122211238831694, 'norm_pos': [0.5071399929879458, 0.4942095688744842], 'topic': 'pupil.1', 'id': 1, 'method': '3d c++'}"
1581494819.0433102,"{'circle_3d': {'center': [0.07870034307485829, 0.08372935523235281, 26.033450228181344], 'normal': [-0.278607975475207, 0.5582213305133035, -0.7815155418554155], 'radius': 1.029731137419803}, 'confidence': 0.9995171725014049, 'timestamp': 359915.558155, 'diameter_3d': 2.059462274839606, 'ellipse': {'center': [162.08676630633667, 121.57183987058279], 'axes': [38.30736485137368, 49.06251338297602], 'angle': -63.772410403617194}, 'location': [162.08676630633667, 121.57183987058279], 'diameter': 49.06251338297602, 'sphere': {'center': [3.421996048777342, -6.614926610927289, 35.41163673044633], 'radius': 12.0}, 'projected_sphere': {'center': [219.9135692707986, 4.183424505517735], 'axes': [420.200854122239, 420.200854122239], 'angle': 90.0}, 'model_confidence': 0.7034987093790024, 'model_id': 1, 'model_birth_timestamp': 359909.669808, 'theta': 2.16303680629058, 'phi': -1.9132473870181363, 'norm_pos': [0.5065211447073021, 0.493450667205905], 'topic': 'pupil.1', 'id': 1, 'method': '3d c++'}"
1581494819.050874,"{'circle_3d': {'center': [0.08370084948145884, 0.09282711541421396, 26.038172850475934], 'normal': [-0.27819126660799026, 0.5589794771951252, -0.7811219899975332], 'radius': 1.0126484282283528}, 'confidence': 0.9985319661398704, 'timestamp': 359915.566555, 'diameter_3d': 2.0252968564567055, 'ellipse': {'center': [162.19808808295593, 121.80193520608314], 'axes': [37.6382460154736, 48.2394413085688], 'angle': -63.860270472933735}, 'location': [162.19808808295593, 121.80193520608314], 'diameter': 48.2394413085688, 'sphere': {'center': [3.421996048777342, -6.614926610927289, 35.41163673044633], 'radius': 12.0}, 'projected_sphere': {'center': [219.9135692707986, 4.183424505517735], 'axes': [420.200854122239, 420.200854122239], 'angle': 90.0}, 'model_confidence': 0.7039857522302517, 'model_id': 1, 'model_birth_timestamp': 359909.669808, 'theta': 2.1639508562133116, 'phi': -1.9129333918664875, 'norm_pos': [0.5068690252592373, 0.4924919366413202], 'topic': 'pupil.1', 'id': 1, 'method': '3d c++'}"
1581494819.058731,"{'circle_3d': {'center': [0.08752229188712679, 0.1157571622314979, 26.053261833577356], 'normal': [-0.2778728130741846, 0.5608903144298989, -0.7798645747390814], 'radius': 1.0220829468579022}, 'confidence': 0.9979711185615369, 'timestamp': 359915.574955, 'diameter_3d': 2.0441658937158045, 'ellipse': {'center': [162.2909631496902, 122.33874519576328], 'axes': [37.88372512184362, 48.66111664049974], 'angle': -63.99884529408596}, 'location': [162.2909631496902, 122.33874519576328], 'diameter': 48.66111664049974, 'sphere': {'center': [3.421996048777342, -6.614926610927289, 35.41163673044633], 'radius': 12.0}, 'projected_sphere': {'center': [219.9135692707986, 4.183424505517735], 'axes': [420.200854122239, 420.200854122239], 'angle': 90.0}, 'model_confidence': 0.7042429416529217, 'model_id': 1, 'model_birth_timestamp': 359909.669808, 'theta': 2.1662571372125425, 'phi': -1.9130805952608185, 'norm_pos': [0.5071592598427819, 0.49025522835098634], 'topic': 'pupil.1', 'id': 1, 'method': '3d c++'}"
1581494819.066666,"{'circle_3d': {'center': [0.08455838304686614, 0.12077956173474025, 26.057933069172574], 'normal': [-0.27811980547753967, 0.5613088477218358, -0.7794753051061466], 'radius': 1.0251422680637328}, 'confidence': 0.9984672492021125, 'timestamp': 359915.583355, 'diameter_3d': 2.0502845361274655, 'ellipse': {'center': [162.22128279633756, 122.45537559746082], 'axes': [37.96461391846115, 48.79812233609284], 'angle': -63.993684565754876}, 'location': [162.22128279633756, 122.45537559746082], 'diameter': 48.79812233609284, 'sphere': {'center': [3.421996048777342, -6.614926610927289, 35.41163673044633], 'radius': 12.0}, 'projected_sphere': {'center': [219.9135692707986, 4.183424505517735], 'axes': [420.200854122239, 420.200854122239], 'angle': 90.0}, 'model_confidence': 0.7047006964350233, 'model_id': 1, 'model_birth_timestamp': 359909.669808, 'theta': 2.166762765914996, 'phi': -1.9135195948126316, 'norm_pos': [0.5069415087385549, 0.4897692683439133], 'topic': 'pupil.1', 'id': 1, 'method': '3d c++'}"
1581494819.0745442,"{'circle_3d': {'center': [0.07820359069757199, 0.11274192050824006, 26.054418760963042], 'normal': [-0.27864937150664754, 0.5606390442862941, -0.7797681641236075], 'radius': 1.0290688239318826}, 'confidence': 0.9999211591988534, 'timestamp': 359915.591755, 'diameter_3d': 2.058137647863765, 'ellipse': {'center': [162.07238276706752, 122.2613978860967], 'axes': [38.13511106281526, 48.99165780871292], 'angle': -63.898659807162986}, 'location': [162.07238276706752, 122.2613978860967], 'diameter': 48.99165780871292, 'sphere': {'center': [3.421996048777342, -6.614926610927289, 35.41163673044633], 'radius': 12.0}, 'projected_sphere': {'center': [219.9135692707986, 4.183424505517735], 'axes': [420.200854122239, 420.200854122239], 'angle': 90.0}, 'model_confidence': 0.7057433990551476, 'model_id': 1, 'model_birth_timestamp': 359909.669808, 'theta': 2.1659536617725843, 'phi': -1.9140030763332903, 'norm_pos': [0.506476196147086, 0.4905775088079304], 'topic': 'pupil.1', 'id': 1, 'method': '3d c++'}"
1581494819.082092,"{'circle_3d': {'center': [0.07046312241192343, 0.12251369667700818, 26.064223979050503], 'normal': [-0.27929441053045156, 0.5614533589670248, -0.7789510626163192], 'radius': 1.0371691661591813}, 'confidence': 0.999977893771446, 'timestamp': 359915.600155, 'diameter_3d': 2.0743383323183626, 'ellipse': {'center': [161.89089801957957, 122.48646647833746], 'axes': [38.3664024484483, 49.35897545475563], 'angle': -63.870599281740894}, 'location': [161.89089801957957, 122.48646647833746], 'diameter': 49.35897545475563, 'sphere': {'center': [3.421996048777342, -6.614926610927289, 35.41163673044633], 'radius': 12.0}, 'projected_sphere': {'center': [219.9135692707986, 4.183424505517735], 'axes': [420.200854122239, 420.200854122239], 'angle': 90.0}, 'model_confidence': 0.7068030135320202, 'model_id': 1, 'model_birth_timestamp': 359909.669808, 'theta': 2.166937389747662, 'phi': -1.915069388700223, 'norm_pos': [0.5059090563111861, 0.48963972300692726], 'topic': 'pupil.1', 'id': 1, 'method': '3d c++'}"
1581494819.094374,"{'circle_3d': {'center': [0.06296217196464227, 0.10714399415941056, 26.055854657596733], 'normal': [-0.2799194897343917, 0.5601725504238916, -0.7796485060708], 'radius': 1.0347562328283368}, 'confidence': 0.9996592095641536, 'timestamp': 359915.608555, 'diameter_3d': 2.0695124656566737, 'ellipse': {'center': [161.71264376636103, 122.12375956334877], 'axes': [38.336388432689155, 49.25975071162022], 'angle': -63.73191769201203}, 'location': [161.71264376636103, 122.12375956334877], 'diameter': 49.25975071162022, 'sphere': {'center': [3.421996048777342, -6.614926610927289, 35.41163673044633], 'radius': 12.0}, 'projected_sphere': {'center': [219.9135692707986, 4.183424505517735], 'axes': [420.200854122239, 420.200854122239], 'angle': 90.0}, 'model_confidence': 0.7077254732955729, 'model_id': 1, 'model_birth_timestamp': 359909.669808, 'theta': 2.165390411783418, 'phi': -1.9154955289710673, 'norm_pos': [0.5053520117698782, 0.4911510018193801], 'topic': 'pupil.1', 'id': 1, 'method': '3d c++'}"
1581494819.102484,"{'circle_3d': {'center': [0.07007393628486103, 0.07706314665460479, 26.031770460813114], 'normal': [-0.27932684270770675, 0.5576658131318245, -0.7816555224694348], 'radius': 1.032116234794932}, 'confidence': 0.999728579889141, 'timestamp': 359915.616955, 'diameter_3d': 2.064232469589864, 'ellipse': {'center': [161.8829049424487, 121.41143461301353], 'axes': [38.408280747079786, 49.17931095351485], 'angle': -63.661520355525425}, 'location': [161.8829049424487, 121.41143461301353], 'diameter': 49.17931095351485, 'sphere': {'center': [3.421996048777342, -6.614926610927289, 35.41163673044633], 'radius': 12.0}, 'projected_sphere': {'center': [219.9135692707986, 4.183424505517735], 'axes': [420.200854122239, 420.200854122239], 'angle': 90.0}, 'model_confidence': 0.7086651787253762, 'model_id': 1, 'model_birth_timestamp': 359909.669808, 'theta': 2.162367410535156, 'phi': -1.9140065087581806, 'norm_pos': [0.5058840779451522, 0.494119022445777], 'topic': 'pupil.1', 'id': 1, 'method': '3d c++'}"
1581494819.110694,"{'circle_3d': {'center': [0.06915447925031959, 0.088636746113818, 26.040367247191284], 'normal': [-0.27940346412725187, 0.5586302797534256, -0.7809391236045874], 'radius': 1.0267397619583407}, 'confidence': 0.9991956456019713, 'timestamp': 359915.625355, 'diameter_3d': 2.0534795239166814, 'ellipse': {'center': [161.8579524004547, 121.69090041911203], 'axes': [38.14758540958385, 48.90688392347352], 'angle': -63.70563899693769}, 'location': [161.8579524004547, 121.69090041911203], 'diameter': 48.90688392347352, 'sphere': {'center': [3.421996048777342, -6.614926610927289, 35.41163673044633], 'radius': 12.0}, 'projected_sphere': {'center': [219.9135692707986, 4.183424505517735], 'axes': [420.200854122239, 420.200854122239], 'angle': 90.0}, 'model_confidence': 0.7093868094427136, 'model_id': 1, 'model_birth_timestamp': 359909.669808, 'theta': 2.163529780850114, 'phi': -1.914384159020197, 'norm_pos': [0.505806101251421, 0.4929545815870332], 'topic': 'pupil.1', 'id': 1, 'method': '3d c++'}"
1581494819.118816,"{'circle_3d': {'center': [0.07626567562116904, 0.07892625863289648, 26.030889317216342], 'normal': [-0.2788108644296811, 0.5578210724633488, -0.7817289511024991], 'radius': 1.02104333953393}, 'confidence': 0.9985294750515107, 'timestamp': 359915.633755, 'diameter_3d': 2.04208667906786, 'ellipse': {'center': [162.02560338751243, 121.46476926560292], 'axes': [38.00173933736019, 48.6530700074627], 'angle': -63.72782898188091}, 'location': [162.02560338751243, 121.46476926560292], 'diameter': 48.6530700074627, 'sphere': {'center': [3.421996048777342, -6.614926610927289, 35.41163673044633], 'radius': 12.0}, 'projected_sphere': {'center': [219.9135692707986, 4.183424505517735], 'axes': [420.200854122239, 420.200854122239], 'angle': 90.0}, 'model_confidence': 0.7098367654384208, 'model_id': 1, 'model_birth_timestamp': 359909.669808, 'theta': 2.1625544669503585, 'phi': -1.9133913045152038, 'norm_pos': [0.5063300105859764, 0.4938967947266545], 'topic': 'pupil.1', 'id': 1, 'method': '3d c++'}"
1581494819.1261492,"{'circle_3d': {'center': [0.061229401482508994, 0.11060520275426633, 26.058964953590912], 'normal': [-0.28006388727456943, 0.5604609844734629, -0.7793893147379517], 'radius': 1.038214430288398}, 'confidence': 0.9986620196023395, 'timestamp': 359915.642155, 'diameter_3d': 2.076428860576796, 'ellipse': {'center': [161.67263836716484, 122.20302932262881], 'axes': [38.442652841916015, 49.418594014263896], 'angle': -63.73148096293804}, 'location': [161.67263836716484, 122.20302932262881], 'diameter': 49.418594014263896, 'sphere': {'center': [3.421996048777342, -6.614926610927289, 35.41163673044633], 'radius': 12.0}, 'projected_sphere': {'center': [219.9135692707986, 4.183424505517735], 'axes': [420.200854122239, 420.200854122239], 'angle': 90.0}, 'model_confidence': 0.7103405327519519, 'model_id': 1, 'model_birth_timestamp': 359909.669808, 'theta': 2.1657386449987994, 'phi': -1.9157653830078973, 'norm_pos': [0.5052269948973901, 0.49082071115571335], 'topic': 'pupil.1', 'id': 1, 'method': '3d c++'}"
1581494819.134979,"{'circle_3d': {'center': [0.07416629224482785, 0.1450464747012612, 26.079177258107165], 'normal': [-0.2789858130443762, 0.5633310904690458, -0.777704956028264], 'radius': 1.028294854386479}, 'confidence': 0.9987677325046947, 'timestamp': 359915.650555, 'diameter_3d': 2.056589708772958, 'ellipse': {'center': [161.97356344034395, 123.02786293614332], 'axes': [37.93265750760196, 48.90849927002896], 'angle': -64.00522713231209}, 'location': [161.97356344034395, 123.02786293614332], 'diameter': 48.90849927002896, 'sphere': {'center': [3.421996048777342, -6.614926610927289, 35.41163673044633], 'radius': 12.0}, 'projected_sphere': {'center': [219.9135692707986, 4.183424505517735], 'axes': [420.200854122239, 420.200854122239], 'angle': 90.0}, 'model_confidence': 0.7108856009931386, 'model_id': 1, 'model_birth_timestamp': 359909.669808, 'theta': 2.1692082801026116, 'phi': -1.9152268352023072, 'norm_pos': [0.5061673857510749, 0.48738390443273616], 'topic': 'pupil.1', 'id': 1, 'method': '3d c++'}"
1581494819.143096,"{'circle_3d': {'center': [0.052226599567680054, 0.1597637668935903, 26.097764058789586], 'normal': [-0.28081412076747186, 0.5645575314850733, -0.7761560559713956], 'radius': 1.019243823655069}, 'confidence': 0.9980908118327878, 'timestamp': 359915.658955, 'diameter_3d': 2.038487647310138, 'ellipse': {'center': [161.4477309355678, 123.3831516433956], 'axes': [37.46986826069285, 48.443173502806836], 'angle': -63.868365241011844}, 'location': [161.4477309355678, 123.3831516433956], 'diameter': 48.443173502806836, 'sphere': {'center': [3.421996048777342, -6.614926610927289, 35.41163673044633], 'radius': 12.0}, 'projected_sphere': {'center': [219.9135692707986, 4.183424505517735], 'axes': [420.200854122239, 420.200854122239], 'angle': 90.0}, 'model_confidence': 0.7111631602116364, 'model_id': 1, 'model_birth_timestamp': 359909.669808, 'theta': 2.1706934123944905, 'phi': -1.9179454563145308, 'norm_pos': [0.5045241591736493, 0.485903534819185], 'topic': 'pupil.1', 'id': 1, 'method': '3d c++'}"
1581494819.151804,"{'circle_3d': {'center': [0.042053634636735726, 0.17701812025535446, 26.114030799581457], 'normal': [-0.28166186784505054, 0.5659953942652203, -0.7748004942387396], 'radius': 1.0355998039160497}, 'confidence': 0.996747955505947, 'timestamp': 359915.667354, 'diameter_3d': 2.0711996078320993, 'ellipse': {'center': [161.21198761995817, 123.77755029314883], 'axes': [37.957530797075805, 49.19042118375653], 'angle': -63.85159572431083}, 'location': [161.21198761995817, 123.77755029314883], 'diameter': 49.19042118375653, 'sphere': {'center': [3.421996048777342, -6.614926610927289, 35.41163673044633], 'radius': 12.0}, 'projected_sphere': {'center': [219.9135692707986, 4.183424505517735], 'axes': [420.200854122239, 420.200854122239], 'angle': 90.0}, 'model_confidence': 0.7109145087983326, 'model_id': 1, 'model_birth_timestamp': 359909.669808, 'theta': 2.1724364849683275, 'phi': -1.9194718399229833, 'norm_pos': [0.5037874613123693, 0.4842602071118799], 'topic': 'pupil.1', 'id': 1, 'method': '3d c++'}"
1581494819.158968,"{'circle_3d': {'center': [0.023948517888653154, 0.1708852107405301, 26.11615229451], 'normal': [-0.2831706275740574, 0.5654843184723183, -0.7746237029946943], 'radius': 1.0131206341293473}, 'confidence': 0.999177231884213, 'timestamp': 359915.675754, 'diameter_3d': 2.0262412682586946, 'ellipse': {'center': [160.7736665851041, 123.65032645581347], 'axes': [37.11843876290447, 48.11798244489892], 'angle': -63.65914774949235}, 'location': [160.7736665851041, 123.65032645581347], 'diameter': 48.11798244489892, 'sphere': {'center': [3.421996048777342, -6.614926610927289, 35.41163673044633], 'radius': 12.0}, 'projected_sphere': {'center': [219.9135692707986, 4.183424505517735], 'axes': [420.200854122239, 420.200854122239], 'angle': 90.0}, 'model_confidence': 0.7116171995672937, 'model_id': 1, 'model_birth_timestamp': 359909.669808, 'theta': 2.171816686442971, 'phi': -1.9212643316971059, 'norm_pos': [0.5024177080784503, 0.4847903064341106], 'topic': 'pupil.1', 'id': 1, 'method': '3d c++'}"
1581494819.1685052,"{'circle_3d': {'center': [0.02199171336832073, 0.12898506553743072, 26.08642221177478], 'normal': [-0.2833336946174185, 0.5619926397053933, -0.777101209889296], 'radius': 1.030837920253913}, 'confidence': 0.9995415013542472, 'timestamp': 359915.684154, 'diameter_3d': 2.061675840507826, 'ellipse': {'center': [160.73630249991805, 122.64442732839575], 'axes': [37.9769549044494, 49.015543178080726], 'angle': -63.45291284030118}, 'location': [160.73630249991805, 122.64442732839575], 'diameter': 49.015543178080726, 'sphere': {'center': [3.421996048777342, -6.614926610927289, 35.41163673044633], 'radius': 12.0}, 'projected_sphere': {'center': [219.9135692707986, 4.183424505517735], 'axes': [420.200854122239, 420.200854122239], 'angle': 90.0}, 'model_confidence': 0.712452448542511, 'model_id': 1, 'model_birth_timestamp': 359909.669808, 'theta': 2.167589226109789, 'phi': -1.9204211075360547, 'norm_pos': [0.5023009453122439, 0.4889815527983511], 'topic': 'pupil.1', 'id': 1, 'method': '3d c++'}"
1581494819.178902,"{'circle_3d': {'center': [0.021314666843426977, 0.09895672299353642, 26.065025755495668], 'normal': [-0.2833901151611596, 0.5594902778267354, -0.7788842479125554], 'radius': 1.0279674837942883}, 'confidence': 0.9991024337142116, 'timestamp': 359915.692554, 'diameter_3d': 2.0559349675885765, 'ellipse': {'center': [160.72030435999028, 121.93479185622022], 'axes': [38.02102927667957, 48.91894542413693], 'angle': -63.30963788000884}, 'location': [160.72030435999028, 121.93479185622022], 'diameter': 48.91894542413693, 'sphere': {'center': [3.421996048777342, -6.614926610927289, 35.41163673044633], 'radius': 12.0}, 'projected_sphere': {'center': [219.9135692707986, 4.183424505517735], 'axes': [420.200854122239, 420.200854122239], 'angle': 90.0}, 'model_confidence': 0.7131082859482385, 'model_id': 1, 'model_birth_timestamp': 359909.669808, 'theta': 2.164567014169422, 'phi': -1.9197481594862689, 'norm_pos': [0.5022509511249696, 0.49193836726574913], 'topic': 'pupil.1', 'id': 1, 'method': '3d c++'}"
1581494819.188304,"{'circle_3d': {'center': [0.020807514053846177, 0.0687379790239886, 26.04357694197909], 'normal': [-0.2834323778936247, 0.5569720491626065, -0.7806716490389367], 'radius': 1.0315142664598376}, 'confidence': 0.9996006556203361, 'timestamp': 359915.700954, 'diameter_3d': 2.063028532919675, 'ellipse': {'center': [160.71099274205199, 121.21423279830147], 'axes': [38.303432943397915, 49.1281218565708], 'angle': -63.165289645465236}, 'location': [160.71099274205199, 121.21423279830147], 'diameter': 49.1281218565708, 'sphere': {'center': [3.421996048777342, -6.614926610927289, 35.41163673044633], 'radius': 12.0}, 'projected_sphere': {'center': [219.9135692707986, 4.183424505517735], 'axes': [420.200854122239, 420.200854122239], 'angle': 90.0}, 'model_confidence': 0.7139489581464376, 'model_id': 1, 'model_birth_timestamp': 359909.669808, 'theta': 2.1615318507795918, 'phi': -1.9190601418969733, 'norm_pos': [0.5022218523189125, 0.49494069667374385], 'topic': 'pupil.1', 'id': 1, 'method': '3d c++'}"
1581494819.195203,"{'circle_3d': {'center': [0.03158442773209558, 0.04829895407317952, 26.025128641183024], 'normal': [-0.28253430175377053, 0.5552687970833724, -0.782209007438609], 'radius': 1.029063134234782}, 'confidence': 0.9997417468593844, 'timestamp': 359915.709354, 'diameter_3d': 2.058126268469564, 'ellipse': {'center': [160.96725871062557, 120.73004235309327], 'axes': [38.341979491128484, 49.04598297781613], 'angle': -63.16996049318092}, 'location': [160.96725871062557, 120.73004235309327], 'diameter': 49.04598297781613, 'sphere': {'center': [3.421996048777342, -6.614926610927289, 35.41163673044633], 'radius': 12.0}, 'projected_sphere': {'center': [219.9135692707986, 4.183424505517735], 'axes': [420.200854122239, 420.200854122239], 'angle': 90.0}, 'model_confidence': 0.714835344283582, 'model_id': 1, 'model_birth_timestamp': 359909.669808, 'theta': 2.1594824593160724, 'phi': -1.9174142855125524, 'norm_pos': [0.5030226834707049, 0.4969581568621114], 'topic': 'pupil.1', 'id': 1, 'method': '3d c++'}"
1581494819.2025962,"{'circle_3d': {'center': [0.012349102916703991, 0.04396585536876163, 26.029022018816693], 'normal': [-0.28413724548838654, 0.5549077055246708, -0.7818845593024699], 'radius': 1.0152461536375408}, 'confidence': 0.998997315993333, 'timestamp': 359915.717754, 'diameter_3d': 2.0304923072750816, 'ellipse': {'center': [160.50399915619357, 120.6383812637799], 'axes': [37.79970496643171, 48.37978432709495], 'angle': -62.97098137827608}, 'location': [160.50399915619357, 120.6383812637799], 'diameter': 48.37978432709495, 'sphere': {'center': [3.421996048777342, -6.614926610927289, 35.41163673044633], 'radius': 12.0}, 'projected_sphere': {'center': [219.9135692707986, 4.183424505517735], 'axes': [420.200854122239, 420.200854122239], 'angle': 90.0}, 'model_confidence': 0.7154303526163086, 'model_id': 1, 'model_birth_timestamp': 359909.669808, 'theta': 2.159048346220901, 'phi': -1.9193590035166168, 'norm_pos': [0.501574997363105, 0.49734007806758374], 'topic': 'pupil.1', 'id': 1, 'method': '3d c++'}"
1581494819.2103722,"{'circle_3d': {'center': [0.019154753576042793, 0.0459052158936073, 26.0279279490272], 'normal': [-0.2835701079334416, 0.5550693189017414, -0.7819757317849276], 'radius': 1.0261663379263315}, 'confidence': 0.9997739907140369, 'timestamp': 359915.726154, 'diameter_3d': 2.052332675852663, 'ellipse': {'center': [160.6703805664039, 120.67559562338215], 'axes': [38.21439646918789, 48.90254803379392], 'angle': -63.0432411899723}, 'location': [160.6703805664039, 120.67559562338215], 'diameter': 48.90254803379392, 'sphere': {'center': [3.421996048777342, -6.614926610927289, 35.41163673044633], 'radius': 12.0}, 'projected_sphere': {'center': [219.9135692707986, 4.183424505517735], 'axes': [420.200854122239, 420.200854122239], 'angle': 90.0}, 'model_confidence': 0.7163183653989713, 'model_id': 1, 'model_birth_timestamp': 359909.669808, 'theta': 2.1592426262247337, 'phi': -1.9186807521477036, 'norm_pos': [0.5020949392700123, 0.49718501823590766], 'topic': 'pupil.1', 'id': 1, 'method': '3d c++'}"
1581494819.2197812,"{'circle_3d': {'center': [0.0220306226137863, 0.08036547404941174, 26.051439136498818], 'normal': [-0.28333045218029634, 0.5579410070813917, -0.7800164661622928], 'radius': 1.0312502948885338}, 'confidence': 0.9997247476782195, 'timestamp': 359915.734554, 'diameter_3d': 2.0625005897770676, 'ellipse': {'center': [160.73947262448442, 121.4907250261678], 'axes': [38.23822207260337, 49.1007732883196], 'angle': -63.230539210239705}, 'location': [160.73947262448442, 121.4907250261678], 'diameter': 49.1007732883196, 'sphere': {'center': [3.421996048777342, -6.614926610927289, 35.41163673044633], 'radius': 12.0}, 'projected_sphere': {'center': [219.9135692707986, 4.183424505517735], 'axes': [420.200854122239, 420.200854122239], 'angle': 90.0}, 'model_confidence': 0.7171850761726883, 'model_id': 1, 'model_birth_timestamp': 359909.669808, 'theta': 2.162698980258016, 'phi': -1.9192141220104464, 'norm_pos': [0.5023108519515138, 0.4937886457243008], 'topic': 'pupil.1', 'id': 1, 'method': '3d c++'}"
1581494819.227901,"{'circle_3d': {'center': [0.031948476013655025, 0.09805365131924759, 26.060515222675864], 'normal': [-0.28250396439697395, 0.559415021853878, -0.779260125647539], 'radius': 1.020414786278095}, 'confidence': 0.998775382016194, 'timestamp': 359915.742954, 'diameter_3d': 2.04082957255619, 'ellipse': {'center': [160.9699232076526, 121.9195516600241], 'axes': [37.772580231349735, 48.567741438943045], 'angle': -63.403546113987645}, 'location': [160.9699232076526, 121.9195516600241], 'diameter': 48.567741438943045, 'sphere': {'center': [3.421996048777342, -6.614926610927289, 35.41163673044633], 'radius': 12.0}, 'projected_sphere': {'center': [219.9135692707986, 4.183424505517735], 'axes': [420.200854122239, 420.200854122239], 'angle': 90.0}, 'model_confidence': 0.7176863495809482, 'model_id': 1, 'model_birth_timestamp': 359909.669808, 'theta': 2.1644762198700422, 'phi': -1.9185884588722362, 'norm_pos': [0.5030310100239144, 0.4920018680832329], 'topic': 'pupil.1', 'id': 1, 'method': '3d c++'}"
1581494819.2367208,"{'circle_3d': {'center': [0.03162315319231723, 0.13022309944288324, 26.08381131325634], 'normal': [-0.28253107463208543, 0.5620958091975143, -0.7773187847658325], 'radius': 1.0330954797709353}, 'confidence': 0.9980464384401002, 'timestamp': 359915.751354, 'diameter_3d': 2.0661909595418706, 'ellipse': {'center': [160.9658645930537, 122.67204899439963], 'axes': [38.07841863401591, 49.127915399328046], 'angle': -63.5469072833579}, 'location': [160.9658645930537, 122.67204899439963], 'diameter': 49.127915399328046, 'sphere': {'center': [3.421996048777342, -6.614926610927289, 35.41163673044633], 'radius': 12.0}, 'projected_sphere': {'center': [219.9135692707986, 4.183424505517735], 'axes': [420.200854122239, 420.200854122239], 'angle': 90.0}, 'model_confidence': 0.7179114237976236, 'model_id': 1, 'model_birth_timestamp': 359909.669808, 'theta': 2.167713961445889, 'phi': -1.9194192699775612, 'norm_pos': [0.5030183268532928, 0.4888664625233349], 'topic': 'pupil.1', 'id': 1, 'method': '3d c++'}"
1581494819.244596,"{'circle_3d': {'center': [0.033132618824628146, 0.1529870721636275, 26.099765327159027], 'normal': [-0.28240528582939284, 0.563992806924243, -0.7759892836072754], 'radius': 1.033880062937253}, 'confidence': 0.9989565300862603, 'timestamp': 359915.759754, 'diameter_3d': 2.067760125874506, 'ellipse': {'center': [161.00089036003013, 123.21042974796057], 'axes': [37.99499799263802, 49.1353308092102], 'angle': -63.66312898956629}, 'location': [161.00089036003013, 123.21042974796057], 'diameter': 49.1353308092102, 'sphere': {'center': [3.421996048777342, -6.614926610927289, 35.41163673044633], 'radius': 12.0}, 'projected_sphere': {'center': [219.9135692707986, 4.183424505517735], 'axes': [420.200854122239, 420.200854122239], 'angle': 90.0}, 'model_confidence': 0.7184807632174217, 'model_id': 1, 'model_birth_timestamp': 359909.669808, 'theta': 2.170009384258289, 'phi': -1.919826086655673, 'norm_pos': [0.5031277823750941, 0.48662320938349757], 'topic': 'pupil.1', 'id': 1, 'method': '3d c++'}"
1581494819.250853,"{'circle_3d': {'center': [0.050700331438422896, 0.152653357793735, 26.09314830403198], 'normal': [-0.2809413097782433, 0.5639649973934187, -0.7765407022011959], 'radius': 1.0046379812993025}, 'confidence': 0.9968768801872766, 'timestamp': 359915.768154, 'diameter_3d': 2.009275962598605, 'ellipse': {'center': [161.40603016262023, 123.22659158316331], 'axes': [36.96391203262421, 47.75696171977565], 'angle': -63.82274142783261}, 'location': [161.40603016262023, 123.22659158316331], 'diameter': 47.75696171977565, 'sphere': {'center': [3.421996048777342, -6.614926610927289, 35.41163673044633], 'radius': 12.0}, 'projected_sphere': {'center': [219.9135692707986, 4.183424505517735], 'axes': [420.200854122239, 420.200854122239], 'angle': 90.0}, 'model_confidence': 0.7182629057733259, 'model_id': 1, 'model_birth_timestamp': 359909.669808, 'theta': 2.169975707950912, 'phi': -1.9179318186261998, 'norm_pos': [0.5043938442581882, 0.4865558684034862], 'topic': 'pupil.1', 'id': 1, 'method': '3d c++'}"
1581494819.2620149,"{'circle_3d': {'center': [0.0452252172494374, 0.1631281395442672, 26.102748904773904], 'normal': [-0.28139756929399207, 0.5648378958726297, -0.7757406521393689], 'radius': 1.023011587728217}, 'confidence': 0.9979257376008607, 'timestamp': 359915.776553, 'diameter_3d': 2.046023175456434, 'ellipse': {'center': [161.2828692122843, 123.45950919512575], 'axes': [37.57401570382602, 48.613053359425464], 'angle': -63.819082783679896}, 'location': [161.2828692122843, 123.45950919512575], 'diameter': 48.613053359425464, 'sphere': {'center': [3.421996048777342, -6.614926610927289, 35.41163673044633], 'radius': 12.0}, 'projected_sphere': {'center': [219.9135692707986, 4.183424505517735], 'axes': [420.200854122239, 420.200854122239], 'angle': 90.0}, 'model_confidence': 0.7184411135337854, 'model_id': 1, 'model_birth_timestamp': 359909.669808, 'theta': 2.1710331253852524, 'phi': -1.9187815812267637, 'norm_pos': [0.5040089662883884, 0.4855853783536427], 'topic': 'pupil.1', 'id': 1, 'method': '3d c++'}"
1581494819.270738,"{'circle_3d': {'center': [0.03329088165918659, 0.16457226786543622, 26.108138880562404], 'normal': [-0.2823920972598463, 0.5649582398993938, -0.7752914874903274], 'radius': 1.0259786340671933}, 'confidence': 0.9991880030877824, 'timestamp': 359915.784953, 'diameter_3d': 2.0519572681343865, 'ellipse': {'center': [161.0008085393937, 123.49094094770943], 'axes': [37.64579576064587, 48.74401159253019], 'angle': -63.7162944889821}, 'location': [161.0008085393937, 123.49094094770943], 'diameter': 48.74401159253019, 'sphere': {'center': [3.421996048777342, -6.614926610927289, 35.41163673044633], 'radius': 12.0}, 'projected_sphere': {'center': [219.9135692707986, 4.183424505517735], 'axes': [420.200854122239, 420.200854122239], 'angle': 90.0}, 'model_confidence': 0.7190905254843893, 'model_id': 1, 'model_birth_timestamp': 359909.669808, 'theta': 2.1711789685255294, 'phi': -1.920100281244003, 'norm_pos': [0.5031275266856052, 0.48545441271787737], 'topic': 'pupil.1', 'id': 1, 'method': '3d c++'}"
1581494819.278683,"{'circle_3d': {'center': [0.037018503885194676, 0.1376854180808662, 26.087251613653358], 'normal': [-0.28208146207434565, 0.5627176690840129, -0.7770320930660811], 'radius': 1.0171534783287464}, 'confidence': 0.9989201736273435, 'timestamp': 359915.793353, 'diameter_3d': 2.0343069566574927, 'ellipse': {'center': [161.0870470933634, 122.86187716844375], 'axes': [37.46614678365812, 48.36303301586654], 'angle': -63.63009607951533}, 'location': [161.0870470933634, 122.86187716844375], 'diameter': 48.36303301586654, 'sphere': {'center': [3.421996048777342, -6.614926610927289, 35.41163673044633], 'radius': 12.0}, 'projected_sphere': {'center': [219.9135692707986, 4.183424505517735], 'axes': [420.200854122239, 420.200854122239], 'angle': 90.0}, 'model_confidence': 0.7196329694481585, 'model_id': 1, 'model_birth_timestamp': 359909.669808, 'theta': 2.1684660348025466, 'phi': -1.9190265632651258, 'norm_pos': [0.5033970221667606, 0.488075511798151], 'topic': 'pupil.1', 'id': 1, 'method': '3d c++'}"
1581494819.286939,"{'circle_3d': {'center': [0.033203873129504125, 0.13155966792611284, 26.084203510127317], 'normal': [-0.2823993479706532, 0.5622071899044502, -0.7772861016932513], 'radius': 1.03879242975205}, 'confidence': 0.9986848218466666, 'timestamp': 359915.801753, 'diameter_3d': 2.0775848595041, 'ellipse': {'center': [161.00570338394988, 122.69905322810986], 'axes': [38.28585369789314, 49.39826966633932], 'angle': -63.5674687527247}, 'location': [161.00570338394988, 122.69905322810986], 'diameter': 49.39826966633932, 'sphere': {'center': [3.421996048777342, -6.614926610927289, 35.41163673044633], 'radius': 12.0}, 'projected_sphere': {'center': [219.9135692707986, 4.183424505517735], 'axes': [420.200854122239, 420.200854122239], 'angle': 90.0}, 'model_confidence': 0.7200839996074682, 'model_id': 1, 'model_birth_timestamp': 359909.669808, 'theta': 2.1678486362840936, 'phi': -1.9192830688449667, 'norm_pos': [0.5031428230748434, 0.4887539448828756], 'topic': 'pupil.1', 'id': 1, 'method': '3d c++'}"
1581494819.294423,"{'circle_3d': {'center': [0.03314084188175137, 0.1054420164668306, 26.065391179497357], 'normal': [-0.28240460057463257, 0.56003071894951, -0.7788537959124147], 'radius': 1.044286875756876}, 'confidence': 0.9996006829628445, 'timestamp': 359915.810153, 'diameter_3d': 2.088573751513752, 'ellipse': {'center': [161.00782771707202, 122.07530819491234], 'axes': [38.62258082898419, 49.69541292601467], 'angle': -63.448339208508564}, 'location': [161.00782771707202, 122.07530819491234], 'diameter': 49.69541292601467, 'sphere': {'center': [3.421996048777342, -6.614926610927289, 35.41163673044633], 'radius': 12.0}, 'projected_sphere': {'center': [219.9135692707986, 4.183424505517735], 'axes': [420.200854122239, 420.200854122239], 'angle': 90.0}, 'model_confidence': 0.7208682264938315, 'model_id': 1, 'model_birth_timestamp': 359909.669808, 'theta': 2.165219205382061, 'phi': -1.9186428624624647, 'norm_pos': [0.5031494616158501, 0.4913528825211986], 'topic': 'pupil.1', 'id': 1, 'method': '3d c++'}"
1581494819.303201,"{'circle_3d': {'center': [0.04489987796698269, 0.07981039220533415, 26.042767112825175], 'normal': [-0.2814246809008633, 0.557894750261052, -0.7807391348017632], 'radius': 1.0398254592809815}, 'confidence': 0.9986498195229973, 'timestamp': 359915.818553, 'diameter_3d': 2.079650918561963, 'ellipse': {'center': [161.286905480052, 121.47043761629747], 'axes': [38.61782722384687, 49.525863433585975], 'angle': -63.43976484954056}, 'location': [161.286905480052, 121.47043761629747], 'diameter': 49.525863433585975, 'sphere': {'center': [3.421996048777342, -6.614926610927289, 35.41163673044633], 'radius': 12.0}, 'projected_sphere': {'center': [219.9135692707986, 4.183424505517735], 'axes': [420.200854122239, 420.200854122239], 'angle': 90.0}, 'model_confidence': 0.7212934655422054, 'model_id': 1, 'model_birth_timestamp': 359909.669808, 'theta': 2.1626432421760247, 'phi': -1.916758450691937, 'norm_pos': [0.5040215796251626, 0.4938731765987605], 'topic': 'pupil.1', 'id': 1, 'method': '3d c++'}"
1581494819.31142,"{'circle_3d': {'center': [0.03590266894929339, 0.06263580427918569, 26.03376214106807], 'normal': [-0.28217444831900407, 0.5564635346005395, -0.7814895491148552], 'radius': 1.0421393899516886}, 'confidence': 0.9999721886456846, 'timestamp': 359915.826953, 'diameter_3d': 2.0842787799033773, 'ellipse': {'center': [161.07478452549464, 121.06030205703877], 'axes': [38.7681860623281, 49.653197759754505], 'angle': -63.276895749580085}, 'location': [161.07478452549464, 121.06030205703877], 'diameter': 49.653197759754505, 'sphere': {'center': [3.421996048777342, -6.614926610927289, 35.41163673044633], 'radius': 12.0}, 'projected_sphere': {'center': [219.9135692707986, 4.183424505517735], 'axes': [420.200854122239, 420.200854122239], 'angle': 90.0}, 'model_confidence': 0.7222005852640878, 'model_id': 1, 'model_birth_timestamp': 359909.669808, 'theta': 2.160919700129208, 'phi': -1.9173011052372781, 'norm_pos': [0.5033587016421708, 0.4955820747623385], 'topic': 'pupil.1', 'id': 1, 'method': '3d c++'}"
