Processing_4/T0_EU_PS_B4_C0_P766094_S4_0814104941.csv
UDPSynch,1565748146315,pupilPackets,775,imuPackets,1165,logDataStart,767879,logDataEnd,774398,logDataDur,6518
767887,767886,1,246878.820437,27,130,{"topic":"pupil.1","circle_3d":{"center":[-11.731161434030785,-0.9327323772773379,54.69376649134801],"normal":[-0.4139509697803652,0.6897937619380848,-0.5939942429091379],"radius":2.2090232714861813},"confidence":0.9939172946650902,"timestamp":246878.820437,"diameter_3d":4.4180465429723625,"ellipse":{"center":[27.125792623183116,109.00068085333342],"axes":[25.507639806387147,50.91569234154174],"angle":-53.04470267502242},"norm_pos":[0.08476810194744724,0.545830496444444],"diameter":50.91569234154174,"sphere":{"center":[-6.763749796666403,-9.210257520534356,61.82169740625766],"radius":12.0},"projected_sphere":{"center":[92.16742584119508,27.63178782999104],"axes":[240.69219423428237,240.69219423428237],"angle":90.0},"model_confidence":0.3242859536830234,"model_id":1,"model_birth_timestamp":246252.306372,"theta":2.332000483999627,"phi":-2.1794346228816384,"method":"3d c++","id":1}
767894,767891,1,246878.828837,27,130,{"topic":"pupil.1","circle_3d":{"center":[-11.732472980352437,-0.9293716241894021,54.698585818221424],"normal":[-0.41406026530716944,0.6900738246954128,-0.5935926323363534],"radius":2.221067902902088},"confidence":0.9953746396239016,"timestamp":246878.828837,"diameter_3d":4.442135805804176,"ellipse":{"center":[27.123598772669595,109.0352651873969],"axes":[25.62170626314468,51.18902526480254],"angle":-53.05575374682476},"norm_pos":[0.08476124616459249,0.5456863950525129],"diameter":51.18902526480254,"sphere":{"center":[-6.763749796666403,-9.210257520534356,61.82169740625766],"radius":12.0},"projected_sphere":{"center":[92.16742584119508,27.63178782999104],"axes":[240.69219423428237,240.69219423428237],"angle":90.0},"model_confidence":0.3258026834441985,"model_id":1,"model_birth_timestamp":246252.306372,"theta":2.3323873791687344,"phi":-2.1798757905208754,"method":"3d c++","id":1}
767903,767903,1,246878.837237,27,131,{"topic":"pupil.1","circle_3d":{"center":[-11.732145723747903,-0.9332128202726686,54.69389459321423],"normal":[-0.4140329939234584,0.6897537250218072,-0.5939835677536194],"radius":2.201389108405323},"confidence":0.9951200816005112,"timestamp":246878.837237,"diameter_3d":4.402778216810646,"ellipse":{"center":[27.114227502209843,108.9982292824827],"axes":[25.417737041737,50.739475941031046],"angle":-53.03856290029037},"norm_pos":[0.08473196094440576,0.5458407113229888],"diameter":50.739475941031046,"sphere":{"center":[-6.763749796666403,-9.210257520534356,61.82169740625766],"radius":12.0},"projected_sphere":{"center":[92.16742584119508,27.63178782999104],"axes":[240.69219423428237,240.69219423428237],"angle":90.0},"model_confidence":0.3273866034383066,"model_id":1,"model_birth_timestamp":246252.306372,"theta":2.3319451862999934,"phi":-2.1795359956877363,"method":"3d c++","id":1}
767912,767908,1,246878.845637,27,130,{"topic":"pupil.1","circle_3d":{"center":[-11.72096025117786,-0.9181617037277121,54.703606968887534],"normal":[-0.41310087120928807,0.691007984733887,-0.5931742031141773],"radius":2.168423836701244},"confidence":0.9933012872273558,"timestamp":246878.845637,"diameter_3d":4.336847673402488,"ellipse":{"center":[27.260458865601265,109.18340567979482],"axes":[24.999505883695736,49.969000364448185],"angle":-53.155683147666366},"norm_pos":[0.08518893395500396,0.545069143000855],"diameter":49.969000364448185,"sphere":{"center":[-6.763749796666403,-9.210257520534356,61.82169740625766],"radius":12.0},"projected_sphere":{"center":[92.16742584119508,27.63178782999104],"axes":[240.69219423428237,240.69219423428237],"angle":90.0},"model_confidence":0.3283732055646804,"model_id":1,"model_birth_timestamp":246252.306372,"theta":2.333678916400446,"phi":-2.1791183932365197,"method":"3d c++","id":1}
767919,767914,1,246878.854037,27,130,{"topic":"pupil.1","circle_3d":{"center":[-11.730575919910713,-0.9173405079483992,54.71127085900888],"normal":[-0.4139021769370258,0.6910764177154964,-0.5925355456040655],"radius":2.1806845357000433},"confidence":0.9942393843612369,"timestamp":246878.854037,"diameter_3d":4.361369071400087,"ellipse":{"center":[27.17120139533864,109.19002087086271],"axes":[25.094572209169108,50.2451196612856],"angle":-53.12177443369839},"norm_pos":[0.08491000436043325,0.5450415797047388],"diameter":50.2451196612856,"sphere":{"center":[-6.763749796666403,-9.210257520534356,61.82169740625766],"radius":12.0},"projected_sphere":{"center":[92.16742584119508,27.63178782999104],"axes":[240.69219423428237,240.69219423428237],"angle":90.0},"model_confidence":0.32963910193927193,"model_id":1,"model_birth_timestamp":246252.306372,"theta":2.33377359212971,"phi":-2.1805331295896186,"method":"3d c++","id":1}
767931,767931,1,246878.862437,27,130,{"topic":"pupil.1","circle_3d":{"center":[-11.731528652791143,-0.9177280582033394,54.71148444510017],"normal":[-0.4139815713437283,0.691044121860918,-0.5925177467631247],"radius":2.169402311252541},"confidence":0.9941971584698744,"timestamp":246878.862437,"diameter_3d":4.338804622505082,"ellipse":{"center":[27.15986581535401,109.18998078896826],"axes":[24.962548284757656,49.98474303071291],"angle":-53.11623862063226},"norm_pos":[0.08487458067298129,0.5450417467126323],"diameter":49.98474303071291,"sphere":{"center":[-6.763749796666403,-9.210257520534356,61.82169740625766],"radius":12.0},"projected_sphere":{"center":[92.16742584119508,27.63178782999104],"axes":[240.69219423428237,240.69219423428237],"angle":90.0},"model_confidence":0.3305880584095089,"model_id":1,"model_birth_timestamp":246252.306372,"theta":2.333728910360974,"phi":-2.180637278266507,"method":"3d c++","id":1}
767939,767937,1,246878.870837,27,130,{"topic":"pupil.1","circle_3d":{"center":[-11.732053580497725,-0.9058112747324607,54.72577392427491],"normal":[-0.41402531531927683,0.6920371871501579,-0.5913269568318957],"radius":2.1704155488387005},"confidence":0.9942799340777648,"timestamp":246878.870837,"diameter_3d":4.340831097677401,"ellipse":{"center":[27.18795311516041,109.32788213582316],"axes":[24.904131730770526,49.9946220093663],"angle":-53.17182675498117},"norm_pos":[0.08496235348487628,0.5444671577674035],"diameter":49.9946220093663,"sphere":{"center":[-6.763749796666403,-9.210257520534356,61.82169740625766],"radius":12.0},"projected_sphere":{"center":[92.16742584119508,27.63178782999104],"axes":[240.69219423428237,240.69219423428237],"angle":90.0},"model_confidence":0.3317141473349605,"model_id":1,"model_birth_timestamp":246252.306372,"theta":2.3351037047280014,"phi":-2.1816317460091996,"method":"3d c++","id":1}
767947,767943,1,246878.879237,27,130,{"topic":"pupil.1","circle_3d":{"center":[-11.728658019385612,-0.9008013755307402,54.729263062942465],"normal":[-0.4137423518932675,0.6924546787503012,-0.5910361952762663],"radius":2.1503996445730724},"confidence":0.9936281008184514,"timestamp":246878.879237,"diameter_3d":4.300799289146145,"ellipse":{"center":[27.232690524652696,109.39288541729671],"axes":[24.66031822275697,49.52960904140455],"angle":-53.20951593207795},"norm_pos":[0.08510215788953968,0.5441963107612637],"diameter":49.52960904140455,"sphere":{"center":[-6.763749796666403,-9.210257520534356,61.82169740625766],"radius":12.0},"projected_sphere":{"center":[92.16742584119508,27.63178782999104],"axes":[240.69219423428237,240.69219423428237],"angle":90.0},"model_confidence":0.3325967862710666,"model_id":1,"model_birth_timestamp":246252.306372,"theta":2.335682219062963,"phi":-2.1815416122390228,"method":"3d c++","id":1}
767955,767954,1,246878.887637,27,130,{"topic":"pupil.1","circle_3d":{"center":[-11.733422075650502,-0.905160713771421,54.72749382376913],"normal":[-0.41413935658200823,0.6920914005635779,-0.5911836318740443],"radius":2.1448206036314192},"confidence":0.9938769258126285,"timestamp":246878.887637,"diameter_3d":4.2896412072628385,"ellipse":{"center":[27.174167157215038,109.3452911405242],"axes":[24.600326607088054,49.40290734915054],"angle":-53.169784913814084},"norm_pos":[0.084919272366297,0.5443946202478158],"diameter":49.40290734915054,"sphere":{"center":[-6.763749796666403,-9.210257520534356,61.82169740625766],"radius":12.0},"projected_sphere":{"center":[92.16742584119508,27.63178782999104],"axes":[240.69219423428237,240.69219423428237],"angle":90.0},"model_confidence":0.33392984602090836,"model_id":1,"model_birth_timestamp":246252.306372,"theta":2.3351788096323762,"phi":-2.1818750557917452,"method":"3d c++","id":1}
767963,767959,1,246878.896037,26,130,{"topic":"pupil.1","circle_3d":{"center":[-11.750681708169385,-0.9114167356759886,54.73228616570993],"normal":[-0.4155776592919151,0.691570065404864,-0.5907842700456445],"radius":2.1393709533935157},"confidence":0.9942066934668221,"timestamp":246878.896037,"diameter_3d":4.278741906787031,"ellipse":{"center":[26.990133510836415,109.2779017159922],"axes":[24.498783584373133,49.273788808181834],"angle":-53.071944723531715},"norm_pos":[0.0843441672213638,0.5446754095166992],"diameter":49.273788808181834,"sphere":{"center":[-6.763749796666403,-9.210257520534356,61.82169740625766],"radius":12.0},"projected_sphere":{"center":[92.16742584119508,27.63178782999104],"axes":[240.69219423428237,240.69219423428237],"angle":90.0},"model_confidence":0.3351630031446118,"model_id":1,"model_birth_timestamp":246252.306372,"theta":2.3344567984358533,"phi":-2.1838231790569727,"method":"3d c++","id":1}
767974,767971,1,246878.904437,27,130,{"topic":"pupil.1","circle_3d":{"center":[-11.737469072358506,-0.8981581134011893,54.738539917358715],"normal":[-0.41447660630767524,0.6926749505944305,-0.5902631240749123],"radius":2.134234335690465},"confidence":0.9933990515047882,"timestamp":246878.904437,"diameter_3d":4.26846867138093,"ellipse":{"center":[27.153712031893974,109.43112058450339],"axes":[24.42207161158619,49.1487772865192],"angle":-53.18783908713482},"norm_pos":[0.08485535009966867,0.5440369975645691],"diameter":49.1487772865192,"sphere":{"center":[-6.763749796666403,-9.210257520534356,61.82169740625766],"radius":12.0},"projected_sphere":{"center":[92.16742584119508,27.63178782999104],"axes":[240.69219423428237,240.69219423428237],"angle":90.0},"model_confidence":0.33625685127084415,"model_id":1,"model_birth_timestamp":246252.306372,"theta":2.3359875772404037,"phi":-2.1829902867543525,"method":"3d c++","id":1}
767981,767976,1,246878.912837,27,130,{"topic":"pupil.1","circle_3d":{"center":[-11.75023072725365,-0.9036033887253367,54.74112503791131],"normal":[-0.4155400775489372,0.6922211776507516,-0.5900476973621962],"radius":2.1310952799380556},"confidence":0.9936414214658578,"timestamp":246878.912837,"diameter_3d":4.262190559876111,"ellipse":{"center":[27.015468971872878,109.37145719696852],"axes":[24.36201250316779,49.0747546926417],"angle":-53.11157204893033},"norm_pos":[0.08442334053710274,0.5442855950126312],"diameter":49.0747546926417,"sphere":{"center":[-6.763749796666403,-9.210257520534356,61.82169740625766],"radius":12.0},"projected_sphere":{"center":[92.16742584119508,27.63178782999104],"axes":[240.69219423428237,240.69219423428237],"angle":90.0},"model_confidence":0.33696209151236056,"model_id":1,"model_birth_timestamp":246252.306372,"theta":2.3353586191373816,"phi":-2.184367800723609,"method":"3d c++","id":1}
767986,767986,1,246878.921237,26,130,{"topic":"pupil.1","circle_3d":{"center":[-11.7547288467935,-0.8957389946818726,54.75353570717011],"normal":[-0.41591492084392473,0.6928765438210402,-0.589013474923963],"radius":2.124014724613885},"confidence":0.9936461256132224,"timestamp":246878.921237,"diameter_3d":4.24802944922777,"ellipse":{"center":[26.993537933272478,109.46600365484699],"axes":[24.2177191068487,48.900316346119325],"angle":-53.13206521439113},"norm_pos":[0.0843548060414765,0.5438916514381376],"diameter":48.900316346119325,"sphere":{"center":[-6.763749796666403,-9.210257520534356,61.82169740625766],"radius":12.0},"projected_sphere":{"center":[92.16742584119508,27.63178782999104],"axes":[240.69219423428237,240.69219423428237],"angle":90.0},"model_confidence":0.33777779954742293,"model_id":1,"model_birth_timestamp":246252.306372,"theta":2.336267120148577,"phi":-2.1856186976760075,"method":"3d c++","id":1}
767995,767992,1,246878.929637,26,130,{"topic":"pupil.1","circle_3d":{"center":[-11.761076225806928,-0.8989260844368143,54.75427225136919],"normal":[-0.4164438690950438,0.6926109530081285,-0.5889520962407062],"radius":2.119804517169835},"confidence":0.9930876010153368,"timestamp":246878.929637,"diameter_3d":4.23960903433967,"ellipse":{"center":[26.923247421895894,109.43176138899622],"axes":[24.160325720872205,48.80297301326423],"angle":-53.091903325165106},"norm_pos":[0.08413514819342467,0.544034327545849],"diameter":48.80297301326423,"sphere":{"center":[-6.763749796666403,-9.210257520534356,61.82169740625766],"radius":12.0},"projected_sphere":{"center":[92.16742584119508,27.63178782999104],"axes":[240.69219423428237,240.69219423428237],"angle":90.0},"model_confidence":0.3388459463216864,"model_id":1,"model_birth_timestamp":246252.306372,"theta":2.335898849519068,"phi":-2.1862668077719682,"method":"3d c++","id":1}
768002,768002,1,246878.938037,27,130,{"topic":"pupil.1","circle_3d":{"center":[-11.754507083641299,-0.8905680155754503,54.75946629678641],"normal":[-0.4158964405812413,0.6933074587465755,-0.5885192591226046],"radius":2.118097265448141},"confidence":0.9931186837678724,"timestamp":246878.938037,"diameter_3d":4.236194530896282,"ellipse":{"center":[27.00959791269335,109.5280436638923],"axes":[24.122180866917805,48.75846066874769],"angle":-53.15796041057712},"norm_pos":[0.08440499347716672,0.5436331514004487],"diameter":48.75846066874769,"sphere":{"center":[-6.763749796666403,-9.210257520534356,61.82169740625766],"radius":12.0},"projected_sphere":{"center":[92.16742584119508,27.63178782999104],"axes":[240.69219423428237,240.69219423428237],"angle":90.0},"model_confidence":0.3395242522210795,"model_id":1,"model_birth_timestamp":246252.306372,"theta":2.3368649081292503,"phi":-2.1859933278930663,"method":"3d c++","id":1}
768016,768013,1,246878.946437,26,130,{"topic":"pupil.1","circle_3d":{"center":[-11.782632266153648,-0.8810276262437782,54.79071254455231],"normal":[-0.41824020579060384,0.6941024911908815,-0.5859154051421124],"radius":2.127315576221665},"confidence":0.9939988578821966,"timestamp":246878.946437,"diameter_3d":4.25463115244333,"ellipse":{"center":[26.767389890228117,109.64012167055309],"axes":[24.052824338751762,48.94359265914048],"angle":-53.094435985126864},"norm_pos":[0.08364809340696286,0.5431661597060289],"diameter":48.94359265914048,"sphere":{"center":[-6.763749796666403,-9.210257520534356,61.82169740625766],"radius":12.0},"projected_sphere":{"center":[92.16742584119508,27.63178782999104],"axes":[240.69219423428237,240.69219423428237],"angle":90.0},"model_confidence":0.3405329556531944,"model_id":1,"model_birth_timestamp":246252.306372,"theta":2.337968722597839,"phi":-2.1907397083299047,"method":"3d c++","id":1}
768023,768019,1,246878.954837,26,130,{"topic":"pupil.1","circle_3d":{"center":[-11.779627049725875,-0.8927949059074081,54.7746561096195],"normal":[-0.4179897710882893,0.6931218845522457,-0.5872534413865134],"radius":2.1132675895248},"confidence":0.9946199647385113,"timestamp":246878.954837,"diameter_3d":4.2265351790496,"ellipse":{"center":[26.761786538964884,109.50848702657115],"axes":[23.97232692262065,48.634640152315384],"angle":-53.049340544758564},"norm_pos":[0.08363058293426526,0.5437146373892869],"diameter":48.634640152315384,"sphere":{"center":[-6.763749796666403,-9.210257520534356,61.82169740625766],"radius":12.0},"projected_sphere":{"center":[92.16742584119508,27.63178782999104],"axes":[240.69219423428237,240.69219423428237],"angle":90.0},"model_confidence":0.3416195027191704,"model_id":1,"model_birth_timestamp":246252.306372,"theta":2.3366074276648816,"phi":-2.189378458853808,"method":"3d c++","id":1}
768031,768030,1,246878.963237,26,130,{"topic":"pupil.1","circle_3d":{"center":[-11.778785571006516,-0.8891558416084351,54.778354234789646],"normal":[-0.417919647861676,0.6934251399104934,-0.5869452642890013],"radius":2.1156702608759144},"confidence":0.9944644893003626,"timestamp":246878.963237,"diameter_3d":4.231340521751829,"ellipse":{"center":[26.780307917767175,109.54959918073878],"axes":[23.982894622907448,48.68654032132737],"angle":-53.07018880292949},"norm_pos":[0.08368846224302243,0.5435433367469218],"diameter":48.68654032132737,"sphere":{"center":[-6.763749796666403,-9.210257520534356,61.82169740625766],"radius":12.0},"projected_sphere":{"center":[92.16742584119508,27.63178782999104],"axes":[240.69219423428237,240.69219423428237],"angle":90.0},"model_confidence":0.34293052563355575,"model_id":1,"model_birth_timestamp":246252.306372,"theta":2.337028221430769,"phi":-2.189547191105897,"method":"3d c++","id":1}
768038,768035,1,246878.971637,26,130,{"topic":"pupil.1","circle_3d":{"center":[-11.788469405551606,-0.8882423722068289,54.78633979465812],"normal":[-0.41872663407376687,0.6935012623606273,-0.5862798009666289],"radius":2.0994011465913913},"confidence":0.9929874610857814,"timestamp":246878.971637,"diameter_3d":4.198802293182783,"ellipse":{"center":[26.688579647024625,109.56782295622546],"axes":[23.751852915610847,48.30503174732422],"angle":-53.037100188826685},"norm_pos":[0.08340181139695195,0.5434674043490606],"diameter":48.30503174732422,"sphere":{"center":[-6.763749796666403,-9.210257520534356,61.82169740625766],"radius":12.0},"projected_sphere":{"center":[92.16742584119508,27.63178782999104],"axes":[240.69219423428237,240.69219423428237],"angle":90.0},"model_confidence":0.34348658538788657,"model_id":1,"model_birth_timestamp":246252.306372,"theta":2.337133874852853,"phi":-2.190995379266162,"method":"3d c++","id":1}
768046,768041,1,246878.980037,26,130,{"topic":"pupil.1","circle_3d":{"center":[-11.8071670596612,-0.8815921532830799,54.80762045261115],"normal":[-0.4202847719162332,0.6940554472709397,-0.5845064128038766],"radius":2.115461030067},"confidence":0.994124953842977,"timestamp":246878.980037,"diameter_3d":4.230922060134,"ellipse":{"center":[26.52983702100184,109.64229312448967],"axes":[23.816210164495125,48.65643199021837],"angle":-52.99671385782577},"norm_pos":[0.08290574069063075,0.543157111981293],"diameter":48.65643199021837,"sphere":{"center":[-6.763749796666403,-9.210257520534356,61.82169740625766],"radius":12.0},"projected_sphere":{"center":[92.16742584119508,27.63178782999104],"axes":[240.69219423428237,240.69219423428237],"angle":90.0},"model_confidence":0.34470485021523833,"model_id":1,"model_birth_timestamp":246252.306372,"theta":2.337903374641524,"phi":-2.194188291953851,"method":"3d c++","id":1}
768055,768052,1,246878.988437,26,130,{"topic":"pupil.1","circle_3d":{"center":[-11.809897922892597,-0.8890347540133714,54.80075439565597],"normal":[-0.4205123438521829,0.6934352305434154,-0.5850785842168075],"radius":2.0960905909756007},"confidence":0.9933876256195885,"timestamp":246878.988437,"diameter_3d":4.192181181951201,"ellipse":{"center":[26.48090222763517,109.56366494433794],"axes":[23.627404771660853,48.216860713562326],"angle":-52.95029823597093},"norm_pos":[0.0827528194613599,0.5434847293985918],"diameter":48.216860713562326,"sphere":{"center":[-6.763749796666403,-9.210257520534356,61.82169740625766],"radius":12.0},"projected_sphere":{"center":[92.16742584119508,27.63178782999104],"axes":[240.69219423428237,240.69219423428237],"angle":90.0},"model_confidence":0.345706109979671,"model_id":1,"model_birth_timestamp":246252.306372,"theta":2.3370422260099555,"phi":-2.1939811314990054,"method":"3d c++","id":1}
768063,768058,1,246878.996837,26,130,{"topic":"pupil.1","circle_3d":{"center":[-11.797913751431443,-0.8744117753594729,54.809503099965646],"normal":[-0.41951366289708664,0.6946538120979069,-0.584349525524335],"radius":2.0946536884841365},"confidence":0.9927167618944368,"timestamp":246878.996837,"diameter_3d":4.189307376968273,"ellipse":{"center":[26.636811175194225,109.73128409022283],"axes":[23.58106019140438,48.175138055096056],"angle":-53.067349904247294},"norm_pos":[0.08324003492248196,0.5427863162907383],"diameter":48.175138055096056,"sphere":{"center":[-6.763749796666403,-9.210257520534356,61.82169740625766],"radius":12.0},"projected_sphere":{"center":[92.16742584119508,27.63178782999104],"axes":[240.69219423428237,240.69219423428237],"angle":90.0},"model_confidence":0.34653667063595517,"model_id":1,"model_birth_timestamp":246252.306372,"theta":2.338734860824168,"phi":-2.193445287274571,"method":"3d c++","id":1}
768072,768069,1,246879.005237,26,130,{"topic":"pupil.1","circle_3d":{"center":[-11.804090097910658,-0.865756919840905,54.82424934480843],"normal":[-0.42002835843702124,0.6953750500577875,-0.5831206717874361],"radius":2.0857306220752037},"confidence":0.9934073963771003,"timestamp":246879.005237,"diameter_3d":4.171461244150407,"ellipse":{"center":[26.601509391966403,109.83569845507904],"axes":[23.40617963831676,47.95670370891139],"angle":-53.085295582321805},"norm_pos":[0.08312971684989501,0.5423512564371706],"diameter":47.95670370891139,"sphere":{"center":[-6.763749796666403,-9.210257520534356,61.82169740625766],"radius":12.0},"projected_sphere":{"center":[92.16742584119508,27.63178782999104],"axes":[240.69219423428237,240.69219423428237],"angle":90.0},"model_confidence":0.34750829945179307,"model_id":1,"model_birth_timestamp":246252.306372,"theta":2.3397379794636874,"phi":-2.195024310688586,"method":"3d c++","id":1}
768078,768074,1,246879.013637,26,130,{"topic":"pupil.1","circle_3d":{"center":[-11.823424556361662,-0.8903832785449666,54.80889597433445],"normal":[-0.42163956330793817,0.6933228534991157,-0.5844001193269343],"radius":2.0876099568219217},"confidence":0.9936792585449954,"timestamp":246879.013637,"diameter_3d":4.1752199136438435,"ellipse":{"center":[26.34699782031521,109.55352939695481],"axes":[23.48146738331372,48.01495840369132],"angle":-52.89161278244035},"norm_pos":[0.08233436818848502,0.5435269608460216],"diameter":48.01495840369132,"sphere":{"center":[-6.763749796666403,-9.210257520534356,61.82169740625766],"radius":12.0},"projected_sphere":{"center":[92.16742584119508,27.63178782999104],"axes":[240.69219423428237,240.69219423428237],"angle":90.0},"model_confidence":0.3483491695055907,"model_id":1,"model_birth_timestamp":246252.306372,"theta":2.336886270903816,"phi":-2.195800794352032,"method":"3d c++","id":1}
768086,768086,1,246879.022037,26,130,{"topic":"pupil.1","circle_3d":{"center":[-11.815544200746858,-0.8701417751868838,54.82728230182551],"normal":[-0.4209828670067046,0.6950096454456226,-0.5828679253693457],"radius":2.083059257468396},"confidence":0.9933941620954422,"timestamp":246879.022037,"diameter_3d":4.166118514936792,"ellipse":{"center":[26.479351254935978,109.78795068590051],"axes":[23.35176268930063,47.89312070924225],"angle":-53.01990219016034},"norm_pos":[0.08274797267167493,0.5425502054754145],"diameter":47.89312070924225,"sphere":{"center":[-6.763749796666403,-9.210257520534356,61.82169740625766],"radius":12.0},"projected_sphere":{"center":[92.16742584119508,27.63178782999104],"axes":[240.69219423428237,240.69219423428237],"angle":90.0},"model_confidence":0.348832163039936,"model_id":1,"model_birth_timestamp":246252.306372,"theta":2.33922964258492,"phi":-2.1963069599985308,"method":"3d c++","id":1}
768099,768098,1,246879.030437,26,130,{"topic":"pupil.1","circle_3d":{"center":[-11.82169067168272,-0.8708458721256953,54.830885760731434],"normal":[-0.4214950729180264,0.6949509707007216,-0.5825676371271857],"radius":2.0755001542052423},"confidence":0.9930012010281707,"timestamp":246879.030437,"diameter_3d":4.1510003084104845,"ellipse":{"center":[26.417977718607915,109.78358785151642],"axes":[23.24467491731861,47.71624919898211],"angle":-52.992848239535135},"norm_pos":[0.08255618037064974,0.542568383952015],"diameter":47.71624919898211,"sphere":{"center":[-6.763749796666403,-9.210257520534356,61.82169740625766],"radius":12.0},"projected_sphere":{"center":[92.16742584119508,27.63178782999104],"axes":[240.69219423428237,240.69219423428237],"angle":90.0},"model_confidence":0.34941000174637526,"model_id":1,"model_birth_timestamp":246252.306372,"theta":2.339148039807047,"phi":-2.1971289381468084,"method":"3d c++","id":1}
768108,768103,1,246879.038837,26,129,{"topic":"pupil.1","circle_3d":{"center":[-11.789938824088676,-0.7779003616857842,54.920047124894865],"normal":[-0.4188490856185228,0.7026964299040477,-0.5751375234468997],"radius":2.0916551793178555},"confidence":0.9937023934514841,"timestamp":246879.038837,"diameter_3d":4.183310358635711,"ellipse":{"center":[26.98927844180315,110.84583533253358],"axes":[23.03891956312829,48.00544560972911],"angle":-53.562143106440914},"norm_pos":[0.08434149513063485,0.53814235278111],"diameter":48.00544560972911,"sphere":{"center":[-6.763749796666403,-9.210257520534356,61.82169740625766],"radius":12.0},"projected_sphere":{"center":[92.16742584119508,27.63178782999104],"axes":[240.69219423428237,240.69219423428237],"angle":90.0},"model_confidence":0.35023991922988884,"model_id":1,"model_birth_timestamp":246252.306372,"theta":2.34997660252897,"phi":-2.2002373953142613,"method":"3d c++","id":1}
768114,768114,1,246879.047237,27,127,{"topic":"pupil.1","circle_3d":{"center":[-11.75568295885224,-0.6713148075819184,55.02706271047116],"normal":[-0.4159944301821531,0.7115785594127031,-0.5662195579822087],"radius":2.098251497051766},"confidence":0.9942889785967776,"timestamp":246879.047237,"diameter_3d":4.196502994103532,"ellipse":{"center":[27.628141374070168,112.06512130019468],"axes":[22.643618803522,48.05811288846815],"angle":-54.201875072533795},"norm_pos":[0.08633794179396928,0.5330619945825221],"diameter":48.05811288846815,"sphere":{"center":[-6.763749796666403,-9.210257520534356,61.82169740625766],"radius":12.0},"projected_sphere":{"center":[92.16742584119508,27.63178782999104],"axes":[240.69219423428237,240.69219423428237],"angle":90.0},"model_confidence":0.3514403082049644,"model_id":1,"model_birth_timestamp":246252.306372,"theta":2.362538706639426,"phi":-2.204425191462893,"method":"3d c++","id":1}
768123,768120,1,246879.055637,27,126,{"topic":"pupil.1","circle_3d":{"center":[-11.745798412132388,-0.582227202387374,55.13317855510161],"normal":[-0.41517071795549876,0.7190025265122485,-0.5573765709296715],"radius":2.098815240322081},"confidence":0.9958328663329671,"timestamp":246879.055637,"diameter_3d":4.197630480644162,"ellipse":{"center":[27.98869996608559,113.08558324989863],"axes":[22.16588364239477,47.974753800259215],"angle":-54.66008958028888},"norm_pos":[0.08746468739401747,0.528810069792089],"diameter":47.974753800259215,"sphere":{"center":[-6.763749796666403,-9.210257520534356,61.82169740625766],"radius":12.0},"projected_sphere":{"center":[92.16742584119508,27.63178782999104],"axes":[240.69219423428237,240.69219423428237],"angle":90.0},"model_confidence":0.35288903239683034,"model_id":1,"model_birth_timestamp":246252.306372,"theta":2.373162379944458,"phi":-2.2110034100251887,"method":"3d c++","id":1}
768131,768126,1,246879.064037,28,126,{"topic":"pupil.1","circle_3d":{"center":[-11.740343318210565,-0.5311577579709716,55.19548097206259],"normal":[-0.4147161267953468,0.7232583135469487,-0.5521847028495894],"radius":2.094815553090325},"confidence":0.9955155888805818,"timestamp":246879.064037,"diameter_3d":4.18963110618065,"ellipse":{"center":[28.195572902448788,113.67061243608589],"axes":[21.84067029300863,47.82701923480098],"angle":-54.920412502481156},"norm_pos":[0.08811116532015247,0.5263724481829755],"diameter":47.82701923480098,"sphere":{"center":[-6.763749796666403,-9.210257520534356,61.82169740625766],"radius":12.0},"projected_sphere":{"center":[92.16742584119508,27.63178782999104],"axes":[240.69219423428237,240.69219423428237],"angle":90.0},"model_confidence":0.3542171976220865,"model_id":1,"model_birth_timestamp":246252.306372,"theta":2.3793053065709744,"phi":-2.214966556286161,"method":"3d c++","id":1}
768139,768138,1,246879.072437,28,126,{"topic":"pupil.1","circle_3d":{"center":[-11.75470498798065,-0.5315378075956101,55.205793052162015],"normal":[-0.4159129326095206,0.7232266427448955,-0.5513253628413041],"radius":2.0895367364288444},"confidence":0.9944621629011626,"timestamp":246879.072437,"diameter_3d":4.179073472857689,"ellipse":{"center":[28.058476617446075,113.6699790986011],"axes":[21.725637404257252,47.698002840156406],"angle":-54.863314729390254},"norm_pos":[0.08768273942951899,0.5263750870891621],"diameter":47.698002840156406,"sphere":{"center":[-6.763749796666403,-9.210257520534356,61.82169740625766],"radius":12.0},"projected_sphere":{"center":[92.16742584119508,27.63178782999104],"axes":[240.69219423428237,240.69219423428237],"angle":90.0},"model_confidence":0.3552948493111274,"model_id":1,"model_birth_timestamp":246252.306372,"theta":2.3792594463492938,"phi":-2.2170994928748193,"method":"3d c++","id":1}
768146,768143,1,246879.080837,28,126,{"topic":"pupil.1","circle_3d":{"center":[-11.743918661534407,-0.527416412609238,55.2030730497977],"normal":[-0.41501407207233365,0.7235700923270931,-0.5515520297049967],"radius":2.082084640990546},"confidence":0.9935537822743581,"timestamp":246879.080837,"diameter_3d":4.164169281981092,"ellipse":{"center":[28.172415221283416,113.71824311936564],"axes":[21.669797208524407,47.52950757331174],"angle":-54.924182167478165},"norm_pos":[0.08803879756651067,0.5261739870026432],"diameter":47.52950757331174,"sphere":{"center":[-6.763749796666403,-9.210257520534356,61.82169740625766],"radius":12.0},"projected_sphere":{"center":[92.16742584119508,27.63178782999104],"axes":[240.69219423428237,240.69219423428237],"angle":90.0},"model_confidence":0.35618646155374245,"model_id":1,"model_birth_timestamp":246252.306372,"theta":2.379756888753313,"phi":-2.215862142359059,"method":"3d c++","id":1}
768155,768154,1,246879.089237,28,126,{"topic":"pupil.1","circle_3d":{"center":[-11.739027163238784,-0.5393951890472231,55.183718681218686],"normal":[-0.41460644721436507,0.7225718609572611,-0.5531648937532482],"radius":2.060009020016343},"confidence":0.9930668814627763,"timestamp":246879.089237,"diameter_3d":4.120018040032686,"ellipse":{"center":[28.18037318003354,113.58824992618467],"axes":[21.531555981968502,47.041830450174025],"angle":-54.887192889221666},"norm_pos":[0.08806366618760482,0.5267156253075639],"diameter":47.041830450174025,"sphere":{"center":[-6.763749796666403,-9.210257520534356,61.82169740625766],"radius":12.0},"projected_sphere":{"center":[92.16742584119508,27.63178782999104],"axes":[240.69219423428237,240.69219423428237],"angle":90.0},"model_confidence":0.3566835400212076,"model_id":1,"model_birth_timestamp":246252.306372,"theta":2.378311796559731,"phi":-2.2139881924555063,"method":"3d c++","id":1}
768163,768159,1,246879.097637,27,126,{"topic":"pupil.1","circle_3d":{"center":[-11.766124695489275,-0.5419652005795594,55.200749314976505],"normal":[-0.4168645749019059,0.7223576933295663,-0.5517456742734296],"radius":2.0757102693586327},"confidence":0.9939014983336085,"timestamp":246879.097637,"diameter_3d":4.151420538717265,"ellipse":{"center":[27.9177749203229,113.55705263275098],"axes":[21.594768328547264,47.387202403557296],"angle":-54.770681837130525},"norm_pos":[0.08724304662600905,0.5268456140302042],"diameter":47.387202403557296,"sphere":{"center":[-6.763749796666403,-9.210257520534356,61.82169740625766],"radius":12.0},"projected_sphere":{"center":[92.16742584119508,27.63178782999104],"axes":[240.69219423428237,240.69219423428237],"angle":90.0},"model_confidence":0.35801700681680204,"model_id":1,"model_birth_timestamp":246252.306372,"theta":2.3780020406475453,"phi":-2.2178320576472963,"method":"3d c++","id":1}
768170,768166,1,246879.106037,28,126,{"topic":"pupil.1","circle_3d":{"center":[-11.746878029907895,-0.5352063292497551,55.19509044344003],"normal":[-0.4152606861034577,0.72292093260705,-0.5522172469014693],"radius":2.05620814192453},"confidence":0.9933405376174922,"timestamp":246879.106037,"diameter_3d":4.11241628384906,"ellipse":{"center":[28.118790691609064,113.63845424476716],"axes":[21.43356090890164,46.94539742068416],"angle":-54.87651170707775},"norm_pos":[0.08787122091127833,0.5265064406468035],"diameter":46.94539742068416,"sphere":{"center":[-6.763749796666403,-9.210257520534356,61.82169740625766],"radius":12.0},"projected_sphere":{"center":[92.16742584119508,27.63178782999104],"axes":[240.69219423428237,240.69219423428237],"angle":90.0},"model_confidence":0.3586332500264078,"model_id":1,"model_birth_timestamp":246252.306372,"theta":2.3788168825514036,"phi":-2.2155684760743086,"method":"3d c++","id":1}
768182,768182,1,246879.114437,28,126,{"topic":"pupil.1","circle_3d":{"center":[-11.759364621400145,-0.530457731775325,55.21072863080885],"normal":[-0.41630123539447844,0.7233166490632525,-0.5509140646207343],"radius":2.067567445978117},"confidence":0.9937161143176714,"timestamp":246879.114437,"diameter_3d":4.135134891956234,"ellipse":{"center":[28.016343060013384,113.69047651229634],"axes":[21.470324385287988,47.19190449666501],"angle":-54.8505715523668},"norm_pos":[0.08755107206254183,0.5262896811987652],"diameter":47.19190449666501,"sphere":{"center":[-6.763749796666403,-9.210257520534356,61.82169740625766],"radius":12.0},"projected_sphere":{"center":[92.16742584119508,27.63178782999104],"axes":[240.69219423428237,240.69219423428237],"angle":90.0},"model_confidence":0.3594302082279066,"model_id":1,"model_birth_timestamp":246252.306372,"theta":2.3793897838226274,"phi":-2.21790713207824,"method":"3d c++","id":1}
768191,768188,1,246879.122837,28,126,{"topic":"pupil.1","circle_3d":{"center":[-11.739835495931551,-0.5232822853265304,55.20542712939813],"normal":[-0.4146738082720956,0.7239146029339854,-0.5513558564049608],"radius":2.065837664850484},"confidence":0.9941524521676247,"timestamp":246879.122837,"diameter_3d":4.131675329700968,"ellipse":{"center":[28.222556153148048,113.77053116561558],"axes":[21.493180345388488,47.15592965710397],"angle":-54.95934363759116},"norm_pos":[0.08819548797858764,0.5259561201432684],"diameter":47.15592965710397,"sphere":{"center":[-6.763749796666403,-9.210257520534356,61.82169740625766],"radius":12.0},"projected_sphere":{"center":[92.16742584119508,27.63178782999104],"axes":[240.69219423428237,240.69219423428237],"angle":90.0},"model_confidence":0.3601291359166314,"model_id":1,"model_birth_timestamp":246252.306372,"theta":2.3802561286481105,"phi":-2.215639002506296,"method":"3d c++","id":1}
768198,768198,1,246879.131237,28,126,{"topic":"pupil.1","circle_3d":{"center":[-11.743254212556765,-0.526661234993707,55.203563883739925],"normal":[-0.4149587013241969,0.7236330237950541,-0.551511126876478],"radius":2.059189380229286},"confidence":0.9934449279737336,"timestamp":246879.131237,"diameter_3d":4.118378760458572,"ellipse":{"center":[28.179445062191718,113.73462919243124],"axes":[21.429398231435286,47.00585823843794],"angle":-54.93041135075549},"norm_pos":[0.08806076581934912,0.5261057116982031],"diameter":47.00585823843794,"sphere":{"center":[-6.763749796666403,-9.210257520534356,61.82169740625766],"radius":12.0},"projected_sphere":{"center":[92.16742584119508,27.63178782999104],"axes":[240.69219423428237,240.69219423428237],"angle":90.0},"model_confidence":0.36054038488212425,"model_id":1,"model_birth_timestamp":246252.306372,"theta":2.3798480649828737,"phi":-2.2158336692758644,"method":"3d c++","id":1}
768206,768205,1,246879.139637,28,126,{"topic":"pupil.1","circle_3d":{"center":[-11.74224349179404,-0.5239810446169582,55.20632126339939],"normal":[-0.4148744745939698,0.7238563729931164,-0.5512813452381895],"radius":2.0737237961387076},"confidence":0.9942257760830324,"timestamp":246879.139637,"diameter_3d":4.147447592277415,"ellipse":{"center":[28.198212572646554,113.76015755695863],"axes":[21.569233561463196,47.33547422960154],"angle":-54.946743435970035},"norm_pos":[0.08811941428952048,0.5259993435126724],"diameter":47.33547422960154,"sphere":{"center":[-6.763749796666403,-9.210257520534356,61.82169740625766],"radius":12.0},"projected_sphere":{"center":[92.16742584119508,27.63178782999104],"axes":[240.69219423428237,240.69219423428237],"angle":90.0},"model_confidence":0.361475304512493,"model_id":1,"model_birth_timestamp":246252.306372,"theta":2.3801717276609207,"phi":-2.215936354222302,"method":"3d c++","id":1}
768214,768211,1,246879.148037,28,126,{"topic":"pupil.1","circle_3d":{"center":[-11.750275004326292,-0.5160450594283326,55.22281598327989],"normal":[-0.41554376730499076,0.7245177050921685,-0.5499067852481483],"radius":2.0687297725588105},"confidence":0.993731841497801,"timestamp":246879.148037,"diameter_3d":4.137459545117621,"ellipse":{"center":[28.146542052829858,113.85356199111447],"axes":[21.43524773304304,47.20724659217401],"angle":-54.95289271218917},"norm_pos":[0.0879579439150933,0.5256101583703563],"diameter":47.20724659217401,"sphere":{"center":[-6.763749796666403,-9.210257520534356,61.82169740625766],"radius":12.0},"projected_sphere":{"center":[92.16742584119508,27.63178782999104],"axes":[240.69219423428237,240.69219423428237],"angle":90.0},"model_confidence":0.3620718435068726,"model_id":1,"model_birth_timestamp":246252.306372,"theta":2.3811307310697316,"phi":-2.217911401127673,"method":"3d c++","id":1}
768224,768222,1,246879.156437,28,126,{"topic":"pupil.1","circle_3d":{"center":[-11.751982166600957,-0.5270247091824167,55.20966248746011],"normal":[-0.41568603082787947,0.7236027342793283,-0.5510029098997963],"radius":2.0690839939390133},"confidence":0.9939107363979219,"timestamp":246879.156437,"diameter_3d":4.138167987878027,"ellipse":{"center":[28.09663724307069,113.7282274572043],"axes":[21.497303739127435,47.2270684960277],"angle":-54.895021226162896},"norm_pos":[0.0878019913845959,0.5261323855949821],"diameter":47.2270684960277,"sphere":{"center":[-6.763749796666403,-9.210257520534356,61.82169740625766],"radius":12.0},"projected_sphere":{"center":[92.16742584119508,27.63178782999104],"axes":[240.69219423428237,240.69219423428237],"angle":90.0},"model_confidence":0.36317981457224535,"model_id":1,"model_birth_timestamp":246252.306372,"theta":2.379804179906133,"phi":-2.2171184066329714,"method":"3d c++","id":1}
768231,768228,1,246879.164837,28,126,{"topic":"pupil.1","circle_3d":{"center":[-11.738992538889814,-0.5106400660589685,55.221423487567584],"normal":[-0.41460356185195085,0.7249681212062822,-0.5500228265575066],"radius":2.061461812071148},"confidence":0.9933800986235984,"timestamp":246879.164837,"diameter_3d":4.122923624142296,"ellipse":{"center":[28.26914136901115,113.91633205983074],"axes":[21.37575533269338,47.04179883627475],"angle":-55.021635890227856},"norm_pos":[0.08834106677815985,0.525348616417372],"diameter":47.04179883627475,"sphere":{"center":[-6.763749796666403,-9.210257520534356,61.82169740625766],"radius":12.0},"projected_sphere":{"center":[92.16742584119508,27.63178782999104],"axes":[240.69219423428237,240.69219423428237],"angle":90.0},"model_confidence":0.36366561603521363,"model_id":1,"model_birth_timestamp":246252.306372,"theta":2.381784437133759,"phi":-2.2167207773145443,"method":"3d c++","id":1}
768240,768239,1,246879.173237,28,126,{"topic":"pupil.1","circle_3d":{"center":[-11.736164324745268,-0.5149438472267427,55.21362553287887],"normal":[-0.4143678773399053,0.7246094727756345,-0.5506726561148994],"radius":2.0642005724355785},"confidence":0.9938046162524379,"timestamp":246879.173237,"diameter_3d":4.128401144871157,"ellipse":{"center":[28.28275422717161,113.86588351249048],"axes":[21.442029266590822,47.11107403575528],"angle":-55.01244883588106},"norm_pos":[0.08838360695991128,0.5255588186979563],"diameter":47.11107403575528,"sphere":{"center":[-6.763749796666403,-9.210257520534356,61.82169740625766],"radius":12.0},"projected_sphere":{"center":[92.16742584119508,27.63178782999104],"axes":[240.69219423428237,240.69219423428237],"angle":90.0},"model_confidence":0.3644346085917016,"model_id":1,"model_birth_timestamp":246252.306372,"theta":2.381263880553945,"phi":-2.2158801001513004,"method":"3d c++","id":1}
768248,768244,1,246879.181637,28,126,{"topic":"pupil.1","circle_3d":{"center":[-11.74333571678868,-0.5131820447585476,55.22134876146783],"normal":[-0.4149654933435231,0.724756289647984,-0.550029053732486],"radius":2.0663636611520713},"confidence":0.9933748867022697,"timestamp":246879.181637,"diameter_3d":4.1327273223041425,"ellipse":{"center":[28.22065746691871,113.886182437379],"axes":[21.423298947607158,47.15408984009949],"angle":-54.993000767901236},"norm_pos":[0.08818955458412096,0.5254742398442541],"diameter":47.15408984009949,"sphere":{"center":[-6.763749796666403,-9.210257520534356,61.82169740625766],"radius":12.0},"projected_sphere":{"center":[92.16742584119508,27.63178782999104],"axes":[240.69219423428237,240.69219423428237],"angle":90.0},"model_confidence":0.36534343865530783,"model_id":1,"model_birth_timestamp":246252.306372,"theta":2.3814769419347384,"phi":-2.217134808570756,"method":"3d c++","id":1}
768256,768249,1,246879.190037,28,126,{"topic":"pupil.1","circle_3d":{"center":[-11.751491015516958,-0.514036204704329,55.22638298161628],"normal":[-0.4156451015708797,0.7246851096525022,-0.5496095353867816],"radius":2.071664454538768},"confidence":0.9938092555306878,"timestamp":246879.190037,"diameter_3d":4.143328909077536,"ellipse":{"center":[28.141475405857364,113.87565951682015],"axes":[21.448425045512774,47.27119659226008],"angle":-54.957575160493576},"norm_pos":[0.08794211064330426,0.5255180853465827],"diameter":47.27119659226008,"sphere":{"center":[-6.763749796666403,-9.210257520534356,61.82169740625766],"radius":12.0},"projected_sphere":{"center":[92.16742584119508,27.63178782999104],"axes":[240.69219423428237,240.69219423428237],"angle":90.0},"model_confidence":0.3661767762282775,"model_id":1,"model_birth_timestamp":246252.306372,"theta":2.3813736392065614,"phi":-2.2182887959765814,"method":"3d c++","id":1}
768267,768266,1,246879.198437,28,126,{"topic":"pupil.1","circle_3d":{"center":[-11.750705930108115,-0.5140081486118611,55.22582632015647],"normal":[-0.41557967778680927,0.7246874476602079,-0.5496559238417662],"radius":2.060218118024137},"confidence":0.993129192251316,"timestamp":246879.198437,"diameter_3d":4.120436236048274,"ellipse":{"center":[28.14819311505198,113.87977915289997],"axes":[21.33288381052568,47.01019422670085],"angle":-54.96079600200929},"norm_pos":[0.08796310348453744,0.5255009201962502],"diameter":47.01019422670085,"sphere":{"center":[-6.763749796666403,-9.210257520534356,61.82169740625766],"radius":12.0},"projected_sphere":{"center":[92.16742584119508,27.63178782999104],"axes":[240.69219423428237,240.69219423428237],"angle":90.0},"model_confidence":0.36682694249650094,"model_id":1,"model_birth_timestamp":246252.306372,"theta":2.3813770321526238,"phi":-2.218172462355434,"method":"3d c++","id":1}
768275,768272,1,246879.206837,28,126,{"topic":"pupil.1","circle_3d":{"center":[-11.745448115143333,-0.5094633424628832,55.227847048953386],"normal":[-0.4151415265397442,0.725066181505956,-0.5494875297753562],"radius":2.0545861751273584},"confidence":0.9928281342042944,"timestamp":246879.206837,"diameter_3d":4.109172350254717,"ellipse":{"center":[28.211424063891002,113.93292163661683],"axes":[21.26981139838707,46.87947696825039],"angle":-55.002286800046676},"norm_pos":[0.08816070019965938,0.5252794931807632],"diameter":46.87947696825039,"sphere":{"center":[-6.763749796666403,-9.210257520534356,61.82169740625766],"radius":12.0},"projected_sphere":{"center":[92.16742584119508,27.63178782999104],"axes":[240.69219423428237,240.69219423428237],"angle":90.0},"model_confidence":0.3671769928087154,"model_id":1,"model_birth_timestamp":246252.306372,"theta":2.3819268154017896,"phi":-2.2178124370168955,"method":"3d c++","id":1}
768283,768283,1,246879.215237,28,126,{"topic":"pupil.1","circle_3d":{"center":[-11.734861221158356,-0.5095503131963195,55.219747293036455],"normal":[-0.41425928537432943,0.7250589339448363,-0.5501625094351007],"radius":2.070864224791193},"confidence":0.9938703470342327,"timestamp":246879.215237,"diameter_3d":4.141728449582386,"ellipse":{"center":[28.31211744667607,113.92504609148712],"axes":[21.48461783763706,47.25781844893123],"angle":-55.042601380669595},"norm_pos":[0.08847536702086271,0.525312307952137],"diameter":47.25781844893123,"sphere":{"center":[-6.763749796666403,-9.210257520534356,61.82169740625766],"radius":12.0},"projected_sphere":{"center":[92.16742584119508,27.63178782999104],"axes":[240.69219423428237,240.69219423428237],"angle":90.0},"model_confidence":0.3678560441395695,"model_id":1,"model_birth_timestamp":246252.306372,"theta":2.3819162916034364,"phi":-2.2161994952494917,"method":"3d c++","id":1}
768291,768288,1,246879.223637,28,126,{"topic":"pupil.1","circle_3d":{"center":[-11.758150279785138,-0.5083370214403349,55.23895151706593],"normal":[-0.41620004025989454,0.7251600415911684,-0.5485621574326442],"radius":2.0759874522039494},"confidence":0.9936534810432247,"timestamp":246879.223637,"diameter_3d":4.151974904407899,"ellipse":{"center":[28.09663636401629,113.94011484851139],"axes":[21.430200251936835,47.35918541643687],"angle":-54.95855043634546},"norm_pos":[0.08780198863755091,0.5252495214645359],"diameter":47.35918541643687,"sphere":{"center":[-6.763749796666403,-9.210257520534356,61.82169740625766],"radius":12.0},"projected_sphere":{"center":[92.16742584119508,27.63178782999104],"axes":[240.69219423428237,240.69219423428237],"angle":90.0},"model_confidence":0.3688612434016525,"model_id":1,"model_birth_timestamp":246252.306372,"theta":2.3820631151786777,"phi":-2.2198490859102815,"method":"3d c++","id":1}
768298,768294,1,246879.232037,28,125,{"topic":"pupil.1","circle_3d":{"center":[-11.756580940137159,-0.5014579079955332,55.24686307515607],"normal":[-0.4160692619558964,0.7257333010449019,-0.5479028609251329],"radius":2.069340737748631},"confidence":0.9936848691247613,"timestamp":246879.232037,"diameter_3d":4.138681475497262,"ellipse":{"center":[28.132281920128833,114.0207135260706],"axes":[21.326844645996275,47.2003196191152],"angle":-54.996723232935835},"norm_pos":[0.08791338100040261,0.5249136936413725],"diameter":47.2003196191152,"sphere":{"center":[-6.763749796666403,-9.210257520534356,61.82169740625766],"radius":12.0},"projected_sphere":{"center":[92.16742584119508,27.63178782999104],"axes":[240.69219423428237,240.69219423428237],"angle":90.0},"model_confidence":0.3695198792236676,"model_id":1,"model_birth_timestamp":246252.306372,"theta":2.3828960042290555,"phi":-2.2202768835013806,"method":"3d c++","id":1}
768308,768306,1,246879.240437,27,126,{"topic":"pupil.1","circle_3d":{"center":[-11.776720325610263,-0.5117255772416893,55.248595512367885],"normal":[-0.41774754407865505,0.7248776619410555,-0.5477584911574817],"radius":2.0779160673103143},"confidence":0.9938947047670597,"timestamp":246879.240437,"diameter_3d":4.155832134620629,"ellipse":{"center":[27.91148748236739,113.90315227719384],"axes":[21.390125810673958,47.39575680681613],"angle":-54.87147740260738},"norm_pos":[0.08722339838239809,0.525403532178359],"diameter":47.39575680681613,"sphere":{"center":[-6.763749796666403,-9.210257520534356,61.82169740625766],"radius":12.0},"projected_sphere":{"center":[92.16742584119508,27.63178782999104],"axes":[240.69219423428237,240.69219423428237],"angle":90.0},"model_confidence":0.3705162170335008,"model_id":1,"model_birth_timestamp":246252.306372,"theta":2.381653114075208,"phi":-2.2223438580898227,"method":"3d c++","id":1}
768315,768311,1,246879.248837,28,125,{"topic":"pupil.1","circle_3d":{"center":[-11.756970970996928,-0.502618324296261,55.245622442241874],"normal":[-0.4161017645275438,0.725636599686508,-0.5480062470013157],"radius":2.077428401343224},"confidence":0.993947819702043,"timestamp":246879.248837,"diameter_3d":4.154856802686448,"ellipse":{"center":[28.12555185130381,114.00475932441589],"axes":[21.415682428267523,47.386106280718714],"angle":-54.98976239406767},"norm_pos":[0.0878923495353244,0.5249801694816005],"diameter":47.386106280718714,"sphere":{"center":[-6.763749796666403,-9.210257520534356,61.82169740625766],"radius":12.0},"projected_sphere":{"center":[92.16742584119508,27.63178782999104],"axes":[240.69219423428237,240.69219423428237],"angle":90.0},"model_confidence":0.37118366050222784,"model_id":1,"model_birth_timestamp":246252.306372,"theta":2.382755455473988,"phi":-2.220223633586308,"method":"3d c++","id":1}
768323,768323,1,246879.257237,28,125,{"topic":"pupil.1","circle_3d":{"center":[-11.757369278988904,-0.5008775347888097,55.24823068544253],"normal":[-0.4161349568602084,0.7257816654787954,-0.5477888934012614],"radius":2.0562889097883312},"confidence":0.9930552740636678,"timestamp":246879.257237,"diameter_3d":4.1125778195766625,"ellipse":{"center":[28.125793315913,114.03186419031105],"axes":[21.18522718463068,46.90116017465604],"angle":-54.99647961775764},"norm_pos":[0.08789310411222813,0.5248672325403706],"diameter":46.90116017465604,"sphere":{"center":[-6.763749796666403,-9.210257520534356,61.82169740625766],"radius":12.0},"projected_sphere":{"center":[92.16742584119508,27.63178782999104],"axes":[240.69219423428237,240.69219423428237],"angle":90.0},"model_confidence":0.3716103696369766,"model_id":1,"model_birth_timestamp":246252.306372,"theta":2.382966306415742,"phi":-2.2204531290685012,"method":"3d c++","id":1}
768330,768328,1,246879.265637,28,126,{"topic":"pupil.1","circle_3d":{"center":[-11.753506458206232,-0.5059026620575615,55.23864834398186],"normal":[-0.4158130551283191,0.7253629048730661,-0.5485874218563169],"radius":2.059694762573269},"confidence":0.9926143107080072,"timestamp":246879.265637,"diameter_3d":4.119389525146538,"ellipse":{"center":[28.14682548980244,113.9728631912725],"axes":[21.267029169667083,46.9871231803227],"angle":-54.98785946388659},"norm_pos":[0.08795882965563262,0.5251130700363646],"diameter":46.9871231803227,"sphere":{"center":[-6.763749796666403,-9.210257520534356,61.82169740625766],"radius":12.0},"projected_sphere":{"center":[92.16742584119508,27.63178782999104],"axes":[240.69219423428237,240.69219423428237],"angle":90.0},"model_confidence":0.371727320598203,"model_id":1,"model_birth_timestamp":246252.306372,"theta":2.3823577718031275,"phi":-2.219379038541221,"method":"3d c++","id":1}
768340,768333,1,246879.274037,28,126,{"topic":"pupil.1","circle_3d":{"center":[-11.761155732639217,-0.5034570926522495,55.2476910007135],"normal":[-0.41645049466440115,0.7255667023235088,-0.54783386712868],"radius":2.0862777628812776},"confidence":0.9940316584321588,"timestamp":246879.274037,"diameter_3d":4.172555525762555,"ellipse":{"center":[28.084146071373993,113.9926882109107],"axes":[21.49398980127397,47.586572642207976],"angle":-54.96972297936199},"norm_pos":[0.08776295647304373,0.5250304657878722],"diameter":47.586572642207976,"sphere":{"center":[-6.763749796666403,-9.210257520534356,61.82169740625766],"radius":12.0},"projected_sphere":{"center":[92.16742584119508,27.63178782999104],"axes":[240.69219423428237,240.69219423428237],"angle":90.0},"model_confidence":0.3726802678304941,"model_id":1,"model_birth_timestamp":246252.306372,"theta":2.3826538774473414,"phi":-2.2207787183439183,"method":"3d c++","id":1}
768351,768346,1,246879.282437,28,126,{"topic":"pupil.1","circle_3d":{"center":[-11.761685004443077,-0.5037440099169501,55.24771336700849],"normal":[-0.4164946006480562,0.7255427925514505,-0.5478320032707646],"radius":2.0832249579889766},"confidence":0.9933517763642116,"timestamp":246879.282437,"diameter_3d":4.166449915977953,"ellipse":{"center":[28.078069186149662,113.99052676765052],"axes":[21.46191703661318,47.51687926141225],"angle":-54.96637030266757},"norm_pos":[0.08774396620671769,0.5250394718014562],"diameter":47.51687926141225,"sphere":{"center":[-6.763749796666403,-9.210257520534356,61.82169740625766],"radius":12.0},"projected_sphere":{"center":[92.16742584119508,27.63178782999104],"axes":[240.69219423428237,240.69219423428237],"angle":90.0},"model_confidence":0.3730775906858219,"model_id":1,"model_birth_timestamp":246252.306372,"theta":2.382619133176392,"phi":-2.2208313799143964,"method":"3d c++","id":1}
768359,768357,1,246879.290837,28,126,{"topic":"pupil.1","circle_3d":{"center":[-11.752303690751882,-0.5124669509273314,55.22906748694172],"normal":[-0.4157128245071232,0.7248158808005853,-0.5493858266096618],"radius":2.0860306961455226},"confidence":0.9939786543397793,"timestamp":246879.290837,"diameter_3d":4.172061392291045,"ellipse":{"center":[28.139632138432432,113.88876217307522],"axes":[21.584440448466896,47.59699910252694],"angle":-54.96168857131812},"norm_pos":[0.08793635043260135,0.5254634909455199],"diameter":47.59699910252694,"sphere":{"center":[-6.763749796666403,-9.210257520534356,61.82169740625766],"radius":12.0},"projected_sphere":{"center":[92.16742584119508,27.63178782999104],"axes":[240.69219423428237,240.69219423428237],"angle":90.0},"model_confidence":0.3740873619054952,"model_id":1,"model_birth_timestamp":246252.306372,"theta":2.381563434538695,"phi":-2.2185630630153783,"method":"3d c++","id":1}
768366,768362,1,246879.299237,28,126,{"topic":"pupil.1","circle_3d":{"center":[-11.7461664526361,-0.5033565127049009,55.23645640032825],"normal":[-0.41520138799747475,0.725575083985788,-0.5487700838274507],"radius":2.08029567426231},"confidence":0.9934870647946945,"timestamp":246879.299237,"diameter_3d":4.16059134852462,"ellipse":{"center":[28.2252472669347,113.99397883340384],"axes":[21.496500459327386,47.45908369861834],"angle":-55.027856326280954},"norm_pos":[0.08820389770917095,0.5250250881941507],"diameter":47.45908369861834,"sphere":{"center":[-6.763749796666403,-9.210257520534356,61.82169740625766],"radius":12.0},"projected_sphere":{"center":[92.16742584119508,27.63178782999104],"axes":[240.69219423428237,240.69219423428237],"angle":90.0},"model_confidence":0.37491377592396846,"model_id":1,"model_birth_timestamp":246252.306372,"theta":2.382666057486052,"phi":-2.2185103225164,"method":"3d c++","id":1}
768376,768372,1,246879.307637,28,126,{"topic":"pupil.1","circle_3d":{"center":[-11.75282098370612,-0.5069511846990054,55.236742773516575],"normal":[-0.4157559322533098,0.7252755279862793,-0.5487462193950908],"radius":2.090880756536279},"confidence":0.9940766655895924,"timestamp":246879.307637,"diameter_3d":4.181761513072558,"ellipse":{"center":[28.152131878086095,113.95014788331883],"axes":[21.599010857210082,47.700954958543534],"angle":-54.98541571575575},"norm_pos":[0.08797541211901905,0.5252077171528382],"diameter":47.700954958543534,"sphere":{"center":[-6.763749796666403,-9.210257520534356,61.82169740625766],"radius":12.0},"projected_sphere":{"center":[92.16742584119508,27.63178782999104],"axes":[240.69219423428237,240.69219423428237],"angle":90.0},"model_confidence":0.37562812072420293,"model_id":1,"model_birth_timestamp":246252.306372,"theta":2.3822308466489615,"phi":-2.219173584838044,"method":"3d c++","id":1}
768383,768379,1,246879.316037,28,126,{"topic":"pupil.1","circle_3d":{"center":[-11.750703152059494,-0.513768055312271,55.22614077982992],"normal":[-0.4155794462827576,0.7247074554351737,-0.5496297188689785],"radius":2.090453604920116},"confidence":0.9940493499361008,"timestamp":246879.316037,"diameter_3d":4.180907209840232,"ellipse":{"center":[28.15100349576838,113.87217290694748],"axes":[21.645130012120163,47.70054074439621],"angle":-54.961746019073615},"norm_pos":[0.08797188592427618,0.5255326128877188],"diameter":47.70054074439621,"sphere":{"center":[-6.763749796666403,-9.210257520534356,61.82169740625766],"radius":12.0},"projected_sphere":{"center":[92.16742584119508,27.63178782999104],"axes":[240.69219423428237,240.69219423428237],"angle":90.0},"model_confidence":0.37649684552176765,"model_id":1,"model_birth_timestamp":246252.306372,"theta":2.3814060681813585,"phi":-2.2181951302118263,"method":"3d c++","id":1}
768392,768389,1,246879.324437,28,126,{"topic":"pupil.1","circle_3d":{"center":[-11.741958374445161,-0.5062544127607378,55.229446708961845],"normal":[-0.4148507148148965,0.7253335923144681,-0.5493542247746513],"radius":2.0944353135603384},"confidence":0.9940420786111963,"timestamp":246879.324437,"diameter_3d":4.188870627120677,"ellipse":{"center":[28.256920291265715,113.95548849149715],"axes":[21.678815138385062,47.788017304056154],"angle":-55.03046296579734},"norm_pos":[0.08830287591020536,0.5251854646187619],"diameter":47.788017304056154,"sphere":{"center":[-6.763749796666403,-9.210257520534356,61.82169740625766],"radius":12.0},"projected_sphere":{"center":[92.16742584119508,27.63178782999104],"axes":[240.69219423428237,240.69219423428237],"angle":90.0},"model_confidence":0.37753984559207865,"model_id":1,"model_birth_timestamp":246252.306372,"theta":2.3823151899891535,"phi":-2.2175921031927404,"method":"3d c++","id":1}
768399,768395,1,246879.332837,28,125,{"topic":"pupil.1","circle_3d":{"center":[-11.737430816261845,-0.501421521195109,55.23241272186825],"normal":[-0.41447341829962014,0.7257363332782705,-0.5491070570324509],"radius":2.099140603828454},"confidence":0.9944829968012874,"timestamp":246879.332837,"diameter_3d":4.198281207656908,"ellipse":{"center":[28.314862730511777,114.00847144638098],"axes":[21.71786749871417,47.89256121007453],"angle":-55.07042298761911},"norm_pos":[0.0884839460328493,0.5249647023067459],"diameter":47.89256121007453,"sphere":{"center":[-6.763749796666403,-9.210257520534356,61.82169740625766],"radius":12.0},"projected_sphere":{"center":[92.16742584119508,27.63178782999104],"axes":[240.69219423428237,240.69219423428237],"angle":90.0},"model_confidence":0.378537402326351,"model_id":1,"model_birth_timestamp":246252.306372,"theta":2.3829004117080657,"phi":-2.2173709630595133,"method":"3d c++","id":1}
768407,768406,1,246879.341237,28,125,{"topic":"pupil.1","circle_3d":{"center":[-11.73695496934275,-0.5009844193032205,55.23263128436778],"normal":[-0.4144337643896956,0.7257727584359279,-0.549088843490824],"radius":2.123523330087915},"confidence":0.9951797471278635,"timestamp":246879.341237,"diameter_3d":4.24704666017583,"ellipse":{"center":[28.32236004657463,114.00491303235317],"axes":[21.970039877051626,48.44922788839937],"angle":-55.07414658099691},"norm_pos":[0.08850737514554571,0.5249795290318617],"diameter":48.44922788839937,"sphere":{"center":[-6.763749796666403,-9.210257520534356,61.82169740625766],"radius":12.0},"projected_sphere":{"center":[92.16742584119508,27.63178782999104],"axes":[240.69219423428237,240.69219423428237],"angle":90.0},"model_confidence":0.3795619781567616,"model_id":1,"model_birth_timestamp":246252.306372,"theta":2.382953358811792,"phi":-2.2173409064275806,"method":"3d c++","id":1}
768414,768412,1,246879.349637,28,125,{"topic":"pupil.1","circle_3d":{"center":[-11.713078763136979,-0.49584894469361274,55.22145302025432],"normal":[-0.41244408053921466,0.7262007146533953,-0.5500203655002782],"radius":2.0987964905647956},"confidence":0.9940535624180393,"timestamp":246879.349637,"diameter_3d":4.197592981129591,"ellipse":{"center":[28.56191064162826,114.06914295419494],"axes":[21.7860285810064,47.89308054705381],"angle":-55.19048178331977},"norm_pos":[0.08925597075508832,0.524711904357521],"diameter":47.89308054705381,"sphere":{"center":[-6.763749796666403,-9.210257520534356,61.82169740625766],"radius":12.0},"projected_sphere":{"center":[92.16742584119508,27.63178782999104],"axes":[240.69219423428237,240.69219423428237],"angle":90.0},"model_confidence":0.3806078365156895,"model_id":1,"model_birth_timestamp":246252.306372,"theta":2.3835756517192617,"phi":-2.214214590063063,"method":"3d c++","id":1}
768422,768418,1,246879.358037,28,125,{"topic":"pupil.1","circle_3d":{"center":[-11.713691910199923,-0.5009431440517709,55.2151918122041],"normal":[-0.41249517612779346,0.7257761980402154,-0.5505421328377971],"radius":2.118168124506853},"confidence":0.9946013344511211,"timestamp":246879.358037,"diameter_3d":4.236336249013706,"ellipse":{"center":[28.541753799797988,114.00428709469915],"axes":[22.016153827152795,48.34130184070004],"angle":-55.16427005376727},"norm_pos":[0.08919298062436871,0.5249821371054202],"diameter":48.34130184070004,"sphere":{"center":[-6.763749796666403,-9.210257520534356,61.82169740625766],"radius":12.0},"projected_sphere":{"center":[92.16742584119508,27.63178782999104],"axes":[240.69219423428237,240.69219423428237],"angle":90.0},"model_confidence":0.38149094234136705,"model_id":1,"model_birth_timestamp":246252.306372,"theta":2.382958358725682,"phi":-2.213818988090827,"method":"3d c++","id":1}
768435,768434,1,246879.366437,28,125,{"topic":"pupil.1","circle_3d":{"center":[-11.695723178341476,-0.4880753151497643,55.21873018397638],"normal":[-0.4109977818062561,0.7268485171153827,-0.5502472685234399],"radius":2.116345108765043},"confidence":0.9942809871831871,"timestamp":246879.366437,"diameter_3d":4.232690217530086,"ellipse":{"center":[28.75109319061616,114.14961728286065],"axes":[21.99640646226408,48.29536974830481],"angle":-55.29383563616247},"norm_pos":[0.0898471662206755,0.5243765946547473],"diameter":48.29536974830481,"sphere":{"center":[-6.763749796666403,-9.210257520534356,61.82169740625766],"radius":12.0},"projected_sphere":{"center":[92.16742584119508,27.63178782999104],"axes":[240.69219423428237,240.69219423428237],"angle":90.0},"model_confidence":0.3825466298579938,"model_id":1,"model_birth_timestamp":246252.306372,"theta":2.384518403054995,"phi":-2.2123315927781393,"method":"3d c++","id":1}
768444,768441,1,246879.374837,28,125,{"topic":"pupil.1","circle_3d":{"center":[-11.688771835260038,-0.4923808577729183,55.20786459825242],"normal":[-0.4104185032161363,0.7264897218967865,-0.5511527340004366],"radius":2.121388842038635},"confidence":0.9947630562562814,"timestamp":246879.374837,"diameter_3d":4.24277768407727,"ellipse":{"center":[28.80397900446303,114.09780688964074],"axes":[22.10575899075843,48.42002401374034],"angle":-55.30080227910753},"norm_pos":[0.09001243438894697,0.5245924712931636],"diameter":48.42002401374034,"sphere":{"center":[-6.763749796666403,-9.210257520534356,61.82169740625766],"radius":12.0},"projected_sphere":{"center":[92.16742584119508,27.63178782999104],"axes":[240.69219423428237,240.69219423428237],"angle":90.0},"model_confidence":0.38379614937186224,"model_id":1,"model_birth_timestamp":246252.306372,"theta":2.3839961298354475,"phi":-2.21086769141251,"method":"3d c++","id":1}
768450,768445,1,246879.383237,28,125,{"topic":"pupil.1","circle_3d":{"center":[-11.682764849955241,-0.49412775293806277,55.20109525993142],"normal":[-0.40991792110740316,0.726344147299691,-0.5517168455271866],"radius":2.117637189777926},"confidence":0.9940305808481439,"timestamp":246879.383237,"diameter_3d":4.235274379555852,"ellipse":{"center":[28.85524427318404,114.07841886515517],"axes":[22.103405967449675,48.340069208404124],"angle":-55.31607957220481},"norm_pos":[0.09017263835370012,0.5246732547285201],"diameter":48.340069208404124,"sphere":{"center":[-6.763749796666403,-9.210257520534356,61.82169740625766],"radius":12.0},"projected_sphere":{"center":[92.16742584119508,27.63178782999104],"axes":[240.69219423428237,240.69219423428237],"angle":90.0},"model_confidence":0.38486366475808387,"model_id":1,"model_birth_timestamp":246252.306372,"theta":2.3837843092563875,"phi":-2.2097933756915817,"method":"3d c++","id":1}
768459,768457,1,246879.391637,28,125,{"topic":"pupil.1","circle_3d":{"center":[-11.675577346876322,-0.49121744534263456,55.19959122436964],"normal":[-0.4093189625174933,0.7265866729326433,-0.5518421818240021],"radius":2.129604862420978},"confidence":0.9945139183939145,"timestamp":246879.391637,"diameter_3d":4.259209724841956,"ellipse":{"center":[28.933069952836433,114.10654525014971],"axes":[22.241947670266384,48.61448498235892],"angle":-55.35753203770287},"norm_pos":[0.09041584360261386,0.5245560614577096],"diameter":48.61448498235892,"sphere":{"center":[-6.763749796666403,-9.210257520534356,61.82169740625766],"radius":12.0},"projected_sphere":{"center":[92.16742584119508,27.63178782999104],"axes":[240.69219423428237,240.69219423428237],"angle":90.0},"model_confidence":0.3858434712978531,"model_id":1,"model_birth_timestamp":246252.306372,"theta":2.3841372262648313,"phi":-2.208984831850779,"method":"3d c++","id":1}
768467,768463,1,246879.400037,29,125,{"topic":"pupil.1","circle_3d":{"center":[-11.666568372319997,-0.48672841969997904,55.19882717945102],"normal":[-0.4085682146377995,0.7269607584028648,-0.5519058522338864],"radius":2.1346580279545817},"confidence":0.994635364463436,"timestamp":246879.400037,"diameter_3d":4.269316055909163,"ellipse":{"center":[29.032549657089504,114.15490926179967],"axes":[22.30635584236871,48.73010944942345],"angle":-55.413492517149024},"norm_pos":[0.0907267176784047,0.5243545447425013],"diameter":48.73010944942345,"sphere":{"center":[-6.763749796666403,-9.210257520534356,61.82169740625766],"radius":12.0},"projected_sphere":{"center":[92.16742584119508,27.63178782999104],"axes":[240.69219423428237,240.69219423428237],"angle":90.0},"model_confidence":0.38669881061585976,"model_id":1,"model_birth_timestamp":246252.306372,"theta":2.3846818441643554,"phi":-2.208051478617876,"method":"3d c++","id":1}
768476,768475,1,246879.408437,29,125,{"topic":"pupil.1","circle_3d":{"center":[-11.649756338732736,-0.48495617287234083,55.18874508746534],"normal":[-0.40716721183886107,0.7271084456385013,-0.5527460265660266],"radius":2.1251948266585785},"confidence":0.9941165694825604,"timestamp":246879.408437,"diameter_3d":4.250389653317157,"ellipse":{"center":[29.196814741900482,114.17642182216449],"axes":[22.26921360707896,48.521991457034545],"angle":-55.48750441002392},"norm_pos":[0.09124004606843901,0.5242649090743147],"diameter":48.521991457034545,"sphere":{"center":[-6.763749796666403,-9.210257520534356,61.82169740625766],"radius":12.0},"projected_sphere":{"center":[92.16742584119508,27.63178782999104],"axes":[240.69219423428237,240.69219423428237],"angle":90.0},"model_confidence":0.3873743228640758,"model_id":1,"model_birth_timestamp":246252.306372,"theta":2.3848969432908804,"phi":-2.20568312422463,"method":"3d c++","id":1}
768483,768480,1,246879.416837,29,125,{"topic":"pupil.1","circle_3d":{"center":[-11.657408068491414,-0.49316912436534643,55.18358934657874],"normal":[-0.40780485598541766,0.7264240330140841,-0.5531756716399101],"radius":2.1350944944009687},"confidence":0.994772149120614,"timestamp":246879.416837,"diameter_3d":4.270188988801937,"ellipse":{"center":[29.0997882270961,114.08002663328345],"axes":[22.390698852648477,48.75344330154575],"angle":-55.41938181526362},"norm_pos":[0.09093683820967531,0.5246665556946523],"diameter":48.75344330154575,"sphere":{"center":[-6.763749796666403,-9.210257520534356,61.82169740625766],"radius":12.0},"projected_sphere":{"center":[92.16742584119508,27.63178782999104],"axes":[240.69219423428237,240.69219423428237],"angle":90.0},"model_confidence":0.38837142214215303,"model_id":1,"model_birth_timestamp":246252.306372,"theta":2.383900542334376,"phi":-2.206059372534125,"method":"3d c++","id":1}
768490,768485,1,246879.425237,29,125,{"topic":"pupil.1","circle_3d":{"center":[-11.63716026428682,-0.4900599623308004,55.172785844205684],"normal":[-0.4061175389683681,0.7266831298502963,-0.5540759635043316],"radius":2.139242093277974},"confidence":0.9945555699185075,"timestamp":246879.425237,"diameter_3d":4.278484186555948,"ellipse":{"center":[29.301866901685145,114.11155557275796],"axes":[22.503111051456408,48.85690119451894],"angle":-55.51312599005985},"norm_pos":[0.09156833406776607,0.5245351851135085],"diameter":48.85690119451894,"sphere":{"center":[-6.763749796666403,-9.210257520534356,61.82169740625766],"radius":12.0},"projected_sphere":{"center":[92.16742584119508,27.63178782999104],"axes":[240.69219423428237,240.69219423428237],"angle":90.0},"model_confidence":0.38920946600363715,"model_id":1,"model_birth_timestamp":246252.306372,"theta":2.384277624481206,"phi":-2.2033047165005635,"method":"3d c++","id":1}
768499,768497,1,246879.433637,29,125,{"topic":"pupil.1","circle_3d":{"center":[-11.636170087204219,-0.48878678865422387,55.17373013909143],"normal":[-0.40603502421148463,0.7267892276566776,-0.5539972722638524],"radius":2.155170952922229},"confidence":0.9952824178886703,"timestamp":246879.433637,"diameter_3d":4.310341905844458,"ellipse":{"center":[29.31625343392156,114.12027548731837],"axes":[22.667404493475864,49.22015662735355],"angle":-55.522816976122954},"norm_pos":[0.09161329198100487,0.5244988521361735],"diameter":49.22015662735355,"sphere":{"center":[-6.763749796666403,-9.210257520534356,61.82169740625766],"radius":12.0},"projected_sphere":{"center":[92.16742584119508,27.63178782999104],"axes":[240.69219423428237,240.69219423428237],"angle":90.0},"model_confidence":0.39027140361331814,"model_id":1,"model_birth_timestamp":246252.306372,"theta":2.3844320796135268,"phi":-2.2032755516838733,"method":"3d c++","id":1}
768508,768507,1,246879.442037,29,125,{"topic":"pupil.1","circle_3d":{"center":[-11.62617080928328,-0.49300873180277804,55.16088398360276],"normal":[-0.40520175105140643,0.7264373990609647,-0.5550677852212418],"radius":2.158526586274329},"confidence":0.9946326444159828,"timestamp":246879.442037,"diameter_3d":4.317053172548658,"ellipse":{"center":[29.398758000158296,114.06955872497926],"axes":[22.77286459363727,49.308131166271785],"angle":-55.542513403564385},"norm_pos":[0.09187111875049467,0.5247101719792531],"diameter":49.308131166271785,"sphere":{"center":[-6.763749796666403,-9.210257520534356,61.82169740625766],"radius":12.0},"projected_sphere":{"center":[92.16742584119508,27.63178782999104],"axes":[240.69219423428237,240.69219423428237],"angle":90.0},"model_confidence":0.39112971188396406,"model_id":1,"model_birth_timestamp":246252.306372,"theta":2.3839199912206186,"phi":-2.201376749344204,"method":"3d c++","id":1}
768519,768518,1,246879.450437,29,125,{"topic":"pupil.1","circle_3d":{"center":[-11.629123701028862,-0.48813537258322626,55.169425463006306],"normal":[-0.40544782536353824,0.7268435123292607,-0.5543559952709467],"radius":2.1673527324352326},"confidence":0.995029883298731,"timestamp":246879.450437,"diameter_3d":4.334705464870465,"ellipse":{"center":[29.386079037347997,114.12244559066721],"axes":[22.822673591581736,49.5022290539354],"angle":-55.55344049197353},"norm_pos":[0.09183149699171249,0.5244898100388866],"diameter":49.5022290539354,"sphere":{"center":[-6.763749796666403,-9.210257520534356,61.82169740625766],"radius":12.0},"projected_sphere":{"center":[92.16742584119508,27.63178782999104],"axes":[240.69219423428237,240.69219423428237],"angle":90.0},"model_confidence":0.3925768539538965,"model_id":1,"model_birth_timestamp":246252.306372,"theta":2.384511115951362,"phi":-2.2022771992485,"method":"3d c++","id":1}
768527,768524,1,246879.458837,29,125,{"topic":"pupil.1","circle_3d":{"center":[-11.634308188747369,-0.49153438375985203,55.16876363132779],"normal":[-0.4058798660067471,0.7265602613978752,-0.5544111479108228],"radius":2.1535995463044695},"confidence":0.9944441909069296,"timestamp":246879.458837,"diameter_3d":4.307199092608939,"ellipse":{"center":[29.325489799010057,114.08920464315977],"axes":[22.676097756378415,49.188693988212854],"angle":-55.517395557434554},"norm_pos":[0.09164215562190643,0.5246283139868343],"diameter":49.188693988212854,"sphere":{"center":[-6.763749796666403,-9.210257520534356,61.82169740625766],"radius":12.0},"projected_sphere":{"center":[92.16742584119508,27.63178782999104],"axes":[240.69219423428237,240.69219423428237],"angle":90.0},"model_confidence":0.3933929896260069,"model_id":1,"model_birth_timestamp":246252.306372,"theta":2.3840987864948944,"phi":-2.2027373408689357,"method":"3d c++","id":1}
768536,768535,1,246879.467237,29,125,{"topic":"pupil.1","circle_3d":{"center":[-11.62402481264412,-0.4921678791029276,55.16041826685592],"normal":[-0.405022917998143,0.7265074701192856,-0.5551065949501454],"radius":2.173262021635123},"confidence":0.9949866055182337,"timestamp":246879.467237,"diameter_3d":4.346524043270246,"ellipse":{"center":[29.42276067351881,114.07356597431061],"axes":[22.932807881158936,49.64541238788701],"angle":-55.554761421333296},"norm_pos":[0.09194612710474628,0.5246934751070391],"diameter":49.64541238788701,"sphere":{"center":[-6.763749796666403,-9.210257520534356,61.82169740625766],"radius":12.0},"projected_sphere":{"center":[92.16742584119508,27.63178782999104],"axes":[240.69219423428237,240.69219423428237],"angle":90.0},"model_confidence":0.3942013169635161,"model_id":1,"model_birth_timestamp":246252.306372,"theta":2.384021957906343,"phi":-2.201133248636343,"method":"3d c++","id":1}
768543,768541,1,246879.475637,29,125,{"topic":"pupil.1","circle_3d":{"center":[-11.624397671611948,-0.4916803734706079,55.16132844001524],"normal":[-0.4050539895787954,0.7265480955886456,-0.5550307471868683],"radius":2.1777631573245597},"confidence":0.995399534213492,"timestamp":246879.475637,"diameter_3d":4.355526314649119,"ellipse":{"center":[29.421006808292987,114.07754894688296],"axes":[22.975694307985908,49.74752458937077],"angle":-55.555525485362864},"norm_pos":[0.09194064627591558,0.5246768793879877],"diameter":49.74752458937077,"sphere":{"center":[-6.763749796666403,-9.210257520534356,61.82169740625766],"radius":12.0},"projected_sphere":{"center":[92.16742584119508,27.63178782999104],"axes":[240.69219423428237,240.69219423428237],"angle":90.0},"model_confidence":0.3954012238985394,"model_id":1,"model_birth_timestamp":246252.306372,"theta":2.384081080707258,"phi":-2.201234842138672,"method":"3d c++","id":1}
768550,768547,1,246879.484037,29,125,{"topic":"pupil.1","circle_3d":{"center":[-11.619133745875853,-0.4893922705671532,55.16048460394653],"normal":[-0.40461532910078757,0.7267387708306002,-0.5551010668592609],"radius":2.1795489249207067},"confidence":0.9952884389646145,"timestamp":246879.484037,"diameter_3d":4.3590978498414135,"ellipse":{"center":[29.4781714846971,114.1023961927441],"axes":[23.003357319503777,49.788819374896214],"angle":-55.58684188378456},"norm_pos":[0.09211928588967844,0.5245733491968996],"diameter":49.788819374896214,"sphere":{"center":[-6.763749796666403,-9.210257520534356,61.82169740625766],"radius":12.0},"projected_sphere":{"center":[92.16742584119508,27.63178782999104],"axes":[240.69219423428237,240.69219423428237],"angle":90.0},"model_confidence":0.396268331137295,"model_id":1,"model_birth_timestamp":246252.306372,"theta":2.384358622395644,"phi":-2.2006586567534607,"method":"3d c++","id":1}
768560,768558,1,246879.492437,29,125,{"topic":"pupil.1","circle_3d":{"center":[-11.614362370274922,-0.48393518602007823,55.164156105228564],"normal":[-0.4042177144673765,0.7271935278761897,-0.5547951084190917],"radius":2.2033050595747508},"confidence":0.9955781141089503,"timestamp":246879.492437,"diameter_3d":4.4066101191495015,"ellipse":{"center":[29.54181354561817,114.15547670925267],"axes":[23.241084436094024,50.328345401175255],"angle":-55.630766011674325},"norm_pos":[0.09231816733005678,0.5243521803781139],"diameter":50.328345401175255,"sphere":{"center":[-6.763749796666403,-9.210257520534356,61.82169740625766],"radius":12.0},"projected_sphere":{"center":[92.16742584119508,27.63178782999104],"axes":[240.69219423428237,240.69219423428237],"angle":90.0},"model_confidence":0.39776266546811545,"model_id":1,"model_birth_timestamp":246252.306372,"theta":2.385020883595264,"phi":-2.200453106993897,"method":"3d c++","id":1}
768566,768563,1,246879.500837,29,125,{"topic":"pupil.1","circle_3d":{"center":[-11.617681513563378,-0.4902519261552989,55.15830117597842],"normal":[-0.40449430974141454,0.7266671328649214,-0.5552830191899364],"radius":2.2115912366854302},"confidence":0.9962479226016168,"timestamp":246879.500837,"diameter_3d":4.4231824733708605,"ellipse":{"center":[29.491659044289747,114.08061399948647],"axes":[23.354256939448625,50.523598572488446],"angle":-55.588369528014624},"norm_pos":[0.09216143451340546,0.5246641083354731],"diameter":50.523598572488446,"sphere":{"center":[-6.763749796666403,-9.210257520534356,61.82169740625766],"radius":12.0},"projected_sphere":{"center":[92.16742584119508,27.63178782999104],"axes":[240.69219423428237,240.69219423428237],"angle":90.0},"model_confidence":0.3995199996844834,"model_id":1,"model_birth_timestamp":246252.306372,"theta":2.3842543385689456,"phi":-2.2003602930330426,"method":"3d c++","id":1}
768574,768574,1,246879.509237,29,125,{"topic":"pupil.1","circle_3d":{"center":[-11.629338726819205,-0.4861680554137102,55.17216303403689],"normal":[-0.4054657441794002,0.7270074554267205,-0.5541278643517308],"radius":2.225739817565085},"confidence":0.9960958375044097,"timestamp":246879.509237,"diameter_3d":4.45147963513017,"ellipse":{"center":[29.394130528354225,114.1235450996004],"axes":[23.425199498506405,50.83473497542942],"angle":-55.56133636924841},"norm_pos":[0.09185665790110695,0.524485228751665],"diameter":50.83473497542942,"sphere":{"center":[-6.763749796666403,-9.210257520534356,61.82169740625766],"radius":12.0},"projected_sphere":{"center":[92.16742584119508,27.63178782999104],"axes":[240.69219423428237,240.69219423428237],"angle":90.0},"model_confidence":0.40075133223697046,"model_id":1,"model_birth_timestamp":246252.306372,"theta":2.384749850765139,"phi":-2.2024944025582083,"method":"3d c++","id":1}
768582,768580,1,246879.517637,29,125,{"topic":"pupil.1","circle_3d":{"center":[-11.598944997470566,-0.47581648499414797,55.16358752681052],"normal":[-0.4029329334003469,0.7278700862950173,-0.5548424899539289],"radius":2.204726887729937},"confidence":0.9952330397184902,"timestamp":246879.517637,"diameter_3d":4.409453775459874,"ellipse":{"center":[29.713364132501255,114.24583177282929],"axes":[23.272847674160275,50.3604101898976],"angle":-55.7291570137136},"norm_pos":[0.09285426291406643,0.5239757009465447],"diameter":50.3604101898976,"sphere":{"center":[-6.763749796666403,-9.210257520534356,61.82169740625766],"radius":12.0},"projected_sphere":{"center":[92.16742584119508,27.63178782999104],"axes":[240.69219423428237,240.69219423428237],"angle":90.0},"model_confidence":0.40175321388227214,"model_id":1,"model_birth_timestamp":246252.306372,"theta":2.3860070142234036,"phi":-2.1988980878417292,"method":"3d c++","id":1}
768592,768586,1,246879.526037,29,125,{"topic":"pupil.1","circle_3d":{"center":[-11.617456691330116,-0.4954073148747238,55.151396418025705],"normal":[-0.40447557455530936,0.7262375171383026,-0.5558584156859963],"radius":2.219571837706115},"confidence":0.9955833164615948,"timestamp":246879.526037,"diameter_3d":4.43914367541223,"ellipse":{"center":[29.478770683260507,114.01866651433457],"axes":[23.472775801887792,50.71267937108167],"angle":-55.565304787677576},"norm_pos":[0.09212115838518908,0.5249222228569392],"diameter":50.71267937108167,"sphere":{"center":[-6.763749796666403,-9.210257520534356,61.82169740625766],"radius":12.0},"projected_sphere":{"center":[92.16742584119508,27.63178782999104],"axes":[240.69219423428237,240.69219423428237],"angle":90.0},"model_confidence":0.40324365641429827,"model_id":1,"model_birth_timestamp":246252.306372,"theta":2.3836291854637675,"phi":-2.199845440170659,"method":"3d c++","id":1}
768602,768597,1,246879.534437,29,125,{"topic":"pupil.1","circle_3d":{"center":[-11.610669412480373,-0.4935071199648391,55.14894439928903],"normal":[-0.4039099679844976,0.7263958667141264,-0.5560627505807194],"radius":2.220579710132655},"confidence":0.9959728300654329,"timestamp":246879.534437,"diameter_3d":4.44115942026531,"ellipse":{"center":[29.549241860865777,114.0391579067689],"axes":[23.50169152856541,50.73763095651529],"angle":-55.600867273056366},"norm_pos":[0.09234138081520556,0.5248368420551295],"diameter":50.73763095651529,"sphere":{"center":[-6.763749796666403,-9.210257520534356,61.82169740625766],"radius":12.0},"projected_sphere":{"center":[92.16742584119508,27.63178782999104],"axes":[240.69219423428237,240.69219423428237],"angle":90.0},"model_confidence":0.4046241710527032,"model_id":1,"model_birth_timestamp":246252.306372,"theta":2.3838595589626244,"phi":-2.1990050678733075,"method":"3d c++","id":1}
768611,768608,1,246879.542837,29,125,{"topic":"pupil.1","circle_3d":{"center":[-11.599175619167628,-0.48127328279280945,55.15660241125962],"normal":[-0.402952151875102,0.7274153531451288,-0.5554245829165038],"radius":2.2289809416828215},"confidence":0.9956183061951217,"timestamp":246879.542837,"diameter_3d":4.457961883365643,"ellipse":{"center":[29.696360422321618,114.17447411605727],"axes":[23.563619201958197,50.92175479128883],"angle":-55.70284240747381},"norm_pos":[0.09280112631975505,0.524273024516428],"diameter":50.92175479128883,"sphere":{"center":[-6.763749796666403,-9.210257520534356,61.82169740625766],"radius":12.0},"projected_sphere":{"center":[92.16742584119508,27.63178782999104],"axes":[240.69219423428237,240.69219423428237],"angle":90.0},"model_confidence":0.40611563656675065,"model_id":1,"model_birth_timestamp":246252.306372,"theta":2.3853440956478167,"phi":-2.198422287366382,"method":"3d c++","id":1}
768618,768613,1,246879.551237,29,125,{"topic":"pupil.1","circle_3d":{"center":[-11.61540311788523,-0.4865661504149692,55.16146701012189],"normal":[-0.4043044434349022,0.7269742808432822,-0.555019199677981],"radius":2.237552867756656},"confidence":0.9960896656070843,"timestamp":246879.551237,"diameter_3d":4.475105735513312,"ellipse":{"center":[29.52637318776118,114.11280752909676],"axes":[23.615471544295705,51.11420522861722],"angle":-55.6142533694653},"norm_pos":[0.09226991621175369,0.5245299686287634],"diameter":51.11420522861722,"sphere":{"center":[-6.763749796666403,-9.210257520534356,61.82169740625766],"radius":12.0},"projected_sphere":{"center":[92.16742584119508,27.63178782999104],"axes":[240.69219423428237,240.69219423428237],"angle":90.0},"model_confidence":0.40765187108834366,"model_id":1,"model_birth_timestamp":246252.306372,"theta":2.3847015368901867,"phi":-2.200363014825491,"method":"3d c++","id":1}
768627,768624,1,246879.559637,29,125,{"topic":"pupil.1","circle_3d":{"center":[-11.609650044451065,-0.4869343929340104,55.156797977159464],"normal":[-0.40382502064872194,0.7269435939666955,-0.555408285758183],"radius":2.2458394717384365},"confidence":0.9956489389311537,"timestamp":246879.559637,"diameter_3d":4.491678943476873,"ellipse":{"center":[29.580643997838536,114.10475152279898],"axes":[23.731600468516856,51.307845784080115],"angle":-55.63517309715857},"norm_pos":[0.09243951249324542,0.5245635353216709],"diameter":51.307845784080115,"sphere":{"center":[-6.763749796666403,-9.210257520534356,61.82169740625766],"radius":12.0},"projected_sphere":{"center":[92.16742584119508,27.63178782999104],"axes":[240.69219423428237,240.69219423428237],"angle":90.0},"model_confidence":0.408829567239255,"model_id":1,"model_birth_timestamp":246252.306372,"theta":2.3846568481925154,"phi":-2.199465092088349,"method":"3d c++","id":1}
768634,768630,1,246879.568037,29,125,{"topic":"pupil.1","circle_3d":{"center":[-11.620921194716226,-0.48051235061587505,55.17343182204311],"normal":[-0.40476428317081864,0.7274787641598734,-0.5540221320178794],"radius":2.25410309199079},"confidence":0.9965268446630642,"timestamp":246879.568037,"diameter_3d":4.50820618398158,"ellipse":{"center":[29.493402102437102,114.17651847069152],"axes":[23.7258801689051,51.48153819372266],"angle":-55.62045662730728},"norm_pos":[0.09216688157011595,0.5242645063721187],"diameter":51.48153819372266,"sphere":{"center":[-6.763749796666403,-9.210257520534356,61.82169740625766],"radius":12.0},"projected_sphere":{"center":[92.16742584119508,27.63178782999104],"axes":[240.69219423428237,240.69219423428237],"angle":90.0},"model_confidence":0.41044666446939937,"model_id":1,"model_birth_timestamp":246252.306372,"theta":2.3854365094617442,"phi":-2.2017603427017236,"method":"3d c++","id":1}
768644,768642,1,246879.576437,29,125,{"topic":"pupil.1","circle_3d":{"center":[-11.612723186543175,-0.4815169825604162,55.166132390047736],"normal":[-0.40408111582306433,0.7273950448311616,-0.5546304180174936],"radius":2.236560128553825},"confidence":0.994886154744433,"timestamp":246879.576437,"diameter_3d":4.47312025710765,"ellipse":{"center":[29.56711580557564,114.1705700822919],"axes":[23.584392996539265,51.08685717177773],"angle":-55.64820551015677},"norm_pos":[0.09239723689242388,0.5242892913237838],"diameter":51.08685717177773,"sphere":{"center":[-6.763749796666403,-9.210257520534356,61.82169740625766],"radius":12.0},"projected_sphere":{"center":[92.16742584119508,27.63178782999104],"axes":[240.69219423428237,240.69219423428237],"angle":90.0},"model_confidence":0.41192112316179585,"model_id":1,"model_birth_timestamp":246252.306372,"theta":2.3853145006730805,"phi":-2.200433547246303,"method":"3d c++","id":1}
768651,768648,1,246879.584837,29,125,{"topic":"pupil.1","circle_3d":{"center":[-11.612607180150022,-0.4854986155512524,55.16082928531769],"normal":[-0.4040714486236348,0.7270632420819253,-0.5550723434116646],"radius":2.245628950770673},"confidence":0.9952015992442796,"timestamp":246879.584837,"diameter_3d":4.491257901541346,"ellipse":{"center":[29.556809697778363,114.12162858611498],"axes":[23.706644148612536,51.29934472109405],"angle":-55.63016396424567},"norm_pos":[0.09236503030555739,0.5244932142245209],"diameter":51.29934472109405,"sphere":{"center":[-6.763749796666403,-9.210257520534356,61.82169740625766],"radius":12.0},"projected_sphere":{"center":[92.16742584119508,27.63178782999104],"axes":[240.69219423428237,240.69219423428237],"angle":90.0},"model_confidence":0.4131008295667593,"model_id":1,"model_birth_timestamp":246252.306372,"theta":2.3848311013518075,"phi":-2.200043140279665,"method":"3d c++","id":1}
768660,768659,1,246879.593237,29,125,{"topic":"pupil.1","circle_3d":{"center":[-11.61425118191267,-0.4908711471243805,55.15499375430819],"normal":[-0.4042084487705222,0.726615531117498,-0.5555586376624562],"radius":2.2630032807986797},"confidence":0.9962850320464205,"timestamp":246879.593237,"diameter_3d":4.5260065615973595,"ellipse":{"center":[29.52616098876399,114.05383831967285],"axes":[23.918118836849377,51.70248984290249],"angle":-55.598676505128935},"norm_pos":[0.09226925308988747,0.5247756736680298],"diameter":51.70248984290249,"sphere":{"center":[-6.763749796666403,-9.210257520534356,61.82169740625766],"radius":12.0},"projected_sphere":{"center":[92.16742584119508,27.63178782999104],"axes":[240.69219423428237,240.69219423428237],"angle":90.0},"model_confidence":0.41468125825724345,"model_id":1,"model_birth_timestamp":246252.306372,"theta":2.3841792287149217,"phi":-2.1997877840746516,"method":"3d c++","id":1}
768666,768664,1,246879.601637,29,125,{"topic":"pupil.1","circle_3d":{"center":[-11.62693428645239,-0.4890545632201153,55.16661997653242],"normal":[-0.4052653741488321,0.72676691310952,-0.5545897858104372],"radius":2.2570271405618807},"confidence":0.9960299891103768,"timestamp":246879.601637,"diameter_3d":4.514054281123761,"ellipse":{"center":[29.410497070602077,114.07851699267351],"axes":[23.785082398292097,51.55537727490818],"angle":-55.55720120414904},"norm_pos":[0.09190780334563149,0.5246728458638603],"diameter":51.55537727490818,"sphere":{"center":[-6.763749796666403,-9.210257520534356,61.82169740625766],"radius":12.0},"projected_sphere":{"center":[92.16742584119508,27.63178782999104],"axes":[240.69219423428237,240.69219423428237],"angle":90.0},"model_confidence":0.41604779785557877,"model_id":1,"model_birth_timestamp":246252.306372,"theta":2.384399592431743,"phi":-2.2018618710854247,"method":"3d c++","id":1}
768674,768670,1,246879.610037,29,125,{"topic":"pupil.1","circle_3d":{"center":[-11.636577069040275,-0.4919950166543998,55.16982148385426],"normal":[-0.4060689393644894,0.7265218753233296,-0.5543229935336174],"radius":2.2652519069342163},"confidence":0.9958107361392401,"timestamp":246879.610037,"diameter_3d":4.530503813868433,"ellipse":{"center":[29.310473069826287,114.04303677004556],"axes":[23.84695258278106,51.741001831695044],"angle":-55.505620869608066},"norm_pos":[0.09159522834320714,0.5248206801248101],"diameter":51.741001831695044,"sphere":{"center":[-6.763749796666403,-9.210257520534356,61.82169740625766],"radius":12.0},"projected_sphere":{"center":[92.16742584119508,27.63178782999104],"axes":[240.69219423428237,240.69219423428237],"angle":90.0},"model_confidence":0.41728425581734063,"model_id":1,"model_birth_timestamp":246252.306372,"theta":2.3840429215738035,"phi":-2.203035144570222,"method":"3d c++","id":1}
768687,768686,1,246879.618437,29,125,{"topic":"pupil.1","circle_3d":{"center":[-11.63139633975519,-0.48817229776861026,55.171039807315495],"normal":[-0.4056372119240656,0.7268404352304787,-0.5542214665785141],"radius":2.26623202943531},"confidence":0.9958453366324888,"timestamp":246879.618437,"diameter_3d":4.53246405887062,"ellipse":{"center":[29.371401622978055,114.08570750144364],"axes":[23.856035384795234,51.76189502074018],"angle":-55.54369093058179},"norm_pos":[0.09178563007180643,0.5246428854106515],"diameter":51.76189502074018,"sphere":{"center":[-6.763749796666403,-9.210257520534356,61.82169740625766],"radius":12.0},"projected_sphere":{"center":[92.16742584119508,27.63178782999104],"axes":[240.69219423428237,240.69219423428237],"angle":90.0},"model_confidence":0.41875191362142905,"model_id":1,"model_birth_timestamp":246252.306372,"theta":2.384506635640407,"phi":-2.20261540508288,"method":"3d c++","id":1}
768694,768692,1,246879.626837,29,125,{"topic":"pupil.1","circle_3d":{"center":[-11.623747102913944,-0.49177857072901077,55.16072518104401],"normal":[-0.4049997755206284,0.7265399124837788,-0.5550810187678046],"radius":2.271227626364135},"confidence":0.9954716691561177,"timestamp":246879.626837,"diameter_3d":4.54245525272827,"ellipse":{"center":[29.433609876942512,114.04157269261603],"axes":[23.96761535891294,51.88566664961015],"angle":-55.557014844187506},"norm_pos":[0.09198003086544534,0.5248267804474331],"diameter":51.88566664961015,"sphere":{"center":[-6.763749796666403,-9.210257520534356,61.82169740625766],"radius":12.0},"projected_sphere":{"center":[92.16742584119508,27.63178782999104],"axes":[240.69219423428237,240.69219423428237],"angle":90.0},"model_confidence":0.4197160456708371,"model_id":1,"model_birth_timestamp":246252.306372,"theta":2.3840691714256232,"phi":-2.2011279801164125,"method":"3d c++","id":1}
768703,768702,1,246879.635237,29,125,{"topic":"pupil.1","circle_3d":{"center":[-11.634474136204481,-0.4864032498734918,55.175615020934444],"normal":[-0.4058936949615065,0.7269878558884053,-0.5538401987769349],"radius":2.282479863443333},"confidence":0.9962906453784727,"timestamp":246879.635237,"diameter_3d":4.564959726886666,"ellipse":{"center":[29.348693777183996,114.10016953087947],"axes":[24.001531123043552,52.12919214182496],"angle":-55.5396952445447},"norm_pos":[0.09171466805369999,0.524582626954669],"diameter":52.12919214182496,"sphere":{"center":[-6.763749796666403,-9.210257520534356,61.82169740625766],"radius":12.0},"projected_sphere":{"center":[92.16742584119508,27.63178782999104],"axes":[240.69219423428237,240.69219423428237],"angle":90.0},"model_confidence":0.4213008399127527,"model_id":1,"model_birth_timestamp":246252.306372,"theta":2.384721306637211,"phi":-2.203244767829841,"method":"3d c++","id":1}
768711,768708,1,246879.643637,30,124,{"topic":"pupil.1","circle_3d":{"center":[-11.55211312031458,-0.38528688408776013,55.24967565137916],"normal":[-0.3990302769706815,0.735414219703883,-0.5476684795732087],"radius":2.309864636876008},"confidence":0.9965254704023189,"timestamp":246879.643637,"diameter_3d":4.619729273752016,"ellipse":{"center":[30.442962877904677,115.23409095030105],"axes":[23.99084123484384,52.676737235800914],"angle":-56.33046492752874},"norm_pos":[0.09513425899345211,0.5198579543737456],"diameter":52.676737235800914,"sphere":{"center":[-6.763749796666403,-9.210257520534356,61.82169740625766],"radius":12.0},"projected_sphere":{"center":[92.16742584119508,27.63178782999104],"axes":[240.69219423428237,240.69219423428237],"angle":90.0},"model_confidence":0.42312439498113363,"model_id":1,"model_birth_timestamp":246252.306372,"theta":2.397074093261739,"phi":-2.200459007759332,"method":"3d c++","id":1}
768718,768715,1,246879.652037,31,122,{"topic":"pupil.1","circle_3d":{"center":[-11.447718637118097,-0.2250354193899753,55.39315016020089],"normal":[-0.3903307367043079,0.7487685084286985,-0.5357122705047311],"radius":2.1799182490621525},"confidence":0.3599498877163173,"timestamp":246879.652037,"diameter_3d":4.359836498124305,"ellipse":{"center":[31.928253954581493,117.09287326794137],"axes":[22.042542180498813,49.5698819494249],"angle":-57.47448834778669},"norm_pos":[0.09977579360806717,0.5121130280502443],"diameter":49.5698819494249,"sphere":{"center":[-6.763749796666403,-9.210257520534356,61.82169740625766],"radius":12.0},"projected_sphere":{"center":[92.16742584119508,27.63178782999104],"axes":[240.69219423428237,240.69219423428237],"angle":90.0},"model_confidence":0.42312439498113363,"model_id":1,"model_birth_timestamp":246252.306372,"theta":2.4169985256086077,"phi":-2.2004733136157677,"method":"3d c++","id":1}
768727,768726,1,246879.660437,34,120,{"topic":"pupil.1","circle_3d":{"center":[-11.224729645890339,0.008788272491308646,55.56799022963724],"normal":[-0.3717483207686613,0.768253816085472,-0.5211422647183687],"radius":2.1756971511851657},"confidence":0.3813895565000678,"timestamp":246879.660437,"diameter_3d":4.351394302370331,"ellipse":{"center":[34.80438547129967,119.71719946322334],"axes":[21.35772524129604,49.29786552966934],"angle":-59.413179335477025},"norm_pos":[0.10876370459781146,0.5011783355699028],"diameter":49.29786552966934,"sphere":{"center":[-6.763749796666403,-9.210257520534356,61.82169740625766],"radius":12.0},"projected_sphere":{"center":[92.16742584119508,27.63178782999104],"axes":[240.69219423428237,240.69219423428237],"angle":90.0},"model_confidence":0.42312439498113363,"model_id":1,"model_birth_timestamp":246252.306372,"theta":2.4469052025621525,"phi":-2.1904151166935284,"method":"3d c++","id":1}
768736,768732,1,246879.668837,35,119,{"topic":"pupil.1","circle_3d":{"center":[-11.219007473984396,0.0853853784528873,55.678269851284206],"normal":[-0.3712714731098328,0.7746369082489368,-0.511952296247788],"radius":2.284842202600207},"confidence":0.9967252427051561,"timestamp":246879.668837,"diameter_3d":4.569684405200414,"ellipse":{"center":[35.115090750871175,120.53741125265341],"axes":[21.888528136537655,51.66764710945698],"angle":-59.768898558795286},"norm_pos":[0.10973465859647243,0.4977607864472774],"diameter":51.66764710945698,"sphere":{"center":[-6.763749796666403,-9.210257520534356,61.82169740625766],"radius":12.0},"projected_sphere":{"center":[92.16742584119508,27.63178782999104],"axes":[240.69219423428237,240.69219423428237],"angle":90.0},"model_confidence":0.42506677476776833,"model_id":1,"model_birth_timestamp":246252.306372,"theta":2.4569370765237646,"phi":-2.1982402956106477,"method":"3d c++","id":1}
768742,768742,1,246879.677237,35,119,{"topic":"pupil.1","circle_3d":{"center":[-11.218316128527583,0.10829421062746825,55.71257042863559],"normal":[-0.3712138609884316,0.7765459775968186,-0.5090939148018394],"radius":2.31666546727094},"confidence":0.9984061140688065,"timestamp":246879.677237,"diameter_3d":4.63333093454188,"ellipse":{"center":[35.199166181565104,120.78234375585521],"axes":[22.022449325647734,52.35486099642464],"angle":-59.87075659519945},"norm_pos":[0.10999739431739095,0.4967402343506033],"diameter":52.35486099642464,"sphere":{"center":[-6.763749796666403,-9.210257520534356,61.82169740625766],"radius":12.0},"projected_sphere":{"center":[92.16742584119508,27.63178782999104],"axes":[240.69219423428237,240.69219423428237],"angle":90.0},"model_confidence":0.4272121999936429,"model_id":1,"model_birth_timestamp":246252.306372,"theta":2.459961421941329,"phi":-2.200829656826967,"method":"3d c++","id":1}
768750,768747,1,246879.685637,34,119,{"topic":"pupil.1","circle_3d":{"center":[-11.284281465538086,0.06952341428569753,55.70201937285766],"normal":[-0.37671097240597357,0.7733150779016711,-0.5099731694499998],"radius":2.305102724018231},"confidence":0.9977946603583724,"timestamp":246879.685637,"diameter_3d":4.610205448036462,"ellipse":{"center":[34.4434283951133,120.3555616356452],"axes":[21.90694336939018,52.108176477118896],"angle":-59.434962483507206},"norm_pos":[0.10763571373472906,0.4985184931848117],"diameter":52.108176477118896,"sphere":{"center":[-6.763749796666403,-9.210257520534356,61.82169740625766],"radius":12.0},"projected_sphere":{"center":[92.16742584119508,27.63178782999104],"axes":[240.69219423428237,240.69219423428237],"angle":90.0},"model_confidence":0.4292015168734231,"model_id":1,"model_birth_timestamp":246252.306372,"theta":2.4548495836736675,"phi":-2.2070182479390508,"method":"3d c++","id":1}
768760,768759,1,246879.694037,34,119,{"topic":"pupil.1","circle_3d":{"center":[-11.287492606466284,0.09263938010019146,55.7396039963413],"normal":[-0.3769785674833234,0.7752414083862122,-0.50684111749303],"radius":2.3107537533841858},"confidence":0.9975662916733307,"timestamp":246879.694037,"diameter_3d":4.6215075067683715,"ellipse":{"center":[34.49082226069065,120.61254612988921],"axes":[21.769987832518016,52.1999552039312],"angle":-59.52267260741826},"norm_pos":[0.10778381956465828,0.4974477244587949],"diameter":52.1999552039312,"sphere":{"center":[-6.763749796666403,-9.210257520534356,61.82169740625766],"radius":12.0},"projected_sphere":{"center":[92.16742584119508,27.63178782999104],"axes":[240.69219423428237,240.69219423428237],"angle":90.0},"model_confidence":0.43155809137961354,"model_id":1,"model_birth_timestamp":246252.306372,"theta":2.4578935100479247,"phi":-2.2103050932311685,"method":"3d c++","id":1}
768771,768765,1,246879.702437,34,119,{"topic":"pupil.1","circle_3d":{"center":[-11.308983276298088,0.08335856346784531,55.741438143791065],"normal":[-0.3787694566359737,0.7744680070001834,-0.5066882718722167],"radius":2.308659006119916},"confidence":0.9975999972355276,"timestamp":246879.702437,"diameter_3d":4.617318012239832,"ellipse":{"center":[34.25640767976441,120.51048129752431],"axes":[21.722079241603538,52.15234838436618],"angle":-59.39579786434152},"norm_pos":[0.10705127399926377,0.49787299459364875],"diameter":52.15234838436618,"sphere":{"center":[-6.763749796666403,-9.210257520534356,61.82169740625766],"radius":12.0},"projected_sphere":{"center":[92.16742584119508,27.63178782999104],"axes":[240.69219423428237,240.69219423428237],"angle":90.0},"model_confidence":0.4334552882123921,"model_id":1,"model_birth_timestamp":246252.306372,"theta":2.4566700430571013,"phi":-2.212720803262899,"method":"3d c++","id":1}
768779,768777,1,246879.710837,34,119,{"topic":"pupil.1","circle_3d":{"center":[-11.318368508048813,0.08712710363930398,55.75423603068184],"normal":[-0.3795515592818676,0.7747820520144716,-0.5056217812979852],"radius":2.320548823889862},"confidence":0.9978269301509556,"timestamp":246879.710837,"diameter_3d":4.641097647779724,"ellipse":{"center":[34.18100547558426,120.54883261296541],"axes":[21.761725106311467,52.40955202759014],"angle":-59.37451228511321},"norm_pos":[0.1068156421112008,0.4977131974459774],"diameter":52.40955202759014,"sphere":{"center":[-6.763749796666403,-9.210257520534356,61.82169740625766],"radius":12.0},"projected_sphere":{"center":[92.16742584119508,27.63178782999104],"axes":[240.69219423428237,240.69219423428237],"angle":90.0},"model_confidence":0.4354283024463834,"model_id":1,"model_birth_timestamp":246252.306372,"theta":2.457166619124568,"phi":-2.2147216155954825,"method":"3d c++","id":1}
768786,768782,1,246879.719237,34,119,{"topic":"pupil.1","circle_3d":{"center":[-11.321313880193857,0.08703959638284964,55.75631399345484],"normal":[-0.37979700696062124,0.7747747597431004,-0.5054486177335683],"radius":2.309443259275012},"confidence":0.9973297714520899,"timestamp":246879.719237,"diameter_3d":4.618886518550024,"ellipse":{"center":[34.152509835667715,120.55201611142479],"axes":[21.644347778102535,52.156605132664765],"angle":-59.362391448631854},"norm_pos":[0.10672659323646161,0.49769993286906333],"diameter":52.156605132664765,"sphere":{"center":[-6.763749796666403,-9.210257520534356,61.82169740625766],"radius":12.0},"projected_sphere":{"center":[92.16742584119508,27.63178782999104],"axes":[240.69219423428237,240.69219423428237],"angle":90.0},"model_confidence":0.4374390031364528,"model_id":1,"model_birth_timestamp":246252.306372,"theta":2.4571550849707204,"phi":-2.2151965204040867,"method":"3d c++","id":1}
768795,768793,1,246879.727637,34,119,{"topic":"pupil.1","circle_3d":{"center":[-11.306858929332831,0.07668140567909631,55.72965958714785],"normal":[-0.37859242772220236,0.7739115771844542,-0.5076698182591511],"radius":2.3244243896284607},"confidence":0.9979127295074502,"timestamp":246879.727637,"diameter_3d":4.648848779256921,"ellipse":{"center":[34.25459434903317,120.42988368510177],"axes":[21.931878653108612,52.52026519432335],"angle":-59.37510896567866},"norm_pos":[0.10704560734072865,0.4982088179787426],"diameter":52.52026519432335,"sphere":{"center":[-6.763749796666403,-9.210257520534356,61.82169740625766],"radius":12.0},"projected_sphere":{"center":[92.16742584119508,27.63178782999104],"axes":[240.69219423428237,240.69219423428237],"angle":90.0},"model_confidence":0.4393929183765133,"model_id":1,"model_birth_timestamp":246252.306372,"theta":2.4557909423152857,"phi":-2.2115689211446954,"method":"3d c++","id":1}
768802,768798,1,246879.736037,34,119,{"topic":"pupil.1","circle_3d":{"center":[-11.298035289144147,0.07363547178844065,55.718453516340965],"normal":[-0.37785712437314534,0.773657749360233,-0.5086036574930584],"radius":2.3365614475014245},"confidence":0.9982346709712585,"timestamp":246879.736037,"diameter_3d":4.673122895002849,"ellipse":{"center":[34.328251677413135,120.39086005809634],"axes":[22.11123287208187,52.8051906310994],"angle":-59.39724777333541},"norm_pos":[0.10727578649191605,0.4983714164245986],"diameter":52.8051906310994,"sphere":{"center":[-6.763749796666403,-9.210257520534356,61.82169740625766],"radius":12.0},"projected_sphere":{"center":[92.16742584119508,27.63178782999104],"axes":[240.69219423428237,240.69219423428237],"angle":90.0},"model_confidence":0.4411928354737693,"model_id":1,"model_birth_timestamp":246252.306372,"theta":2.4553902345372536,"phi":-2.2097575240604788,"method":"3d c++","id":1}
768810,768810,1,246879.744437,34,119,{"topic":"pupil.1","circle_3d":{"center":[-11.258356150741355,0.061250136232130714,55.670465050669925],"normal":[-0.374550529506246,0.7726256380638739,-0.5126026962989783],"radius":2.3246963910091796},"confidence":0.998321298275158,"timestamp":246879.744437,"diameter_3d":4.649392782018359,"ellipse":{"center":[34.6625281111599,120.25428937941535],"axes":[22.275726500718562,52.580562756587476],"angle":-59.50374190326647},"norm_pos":[0.1083204003473747,0.4989404609191027],"diameter":52.580562756587476,"sphere":{"center":[-6.763749796666403,-9.210257520534356,61.82169740625766],"radius":12.0},"projected_sphere":{"center":[92.16742584119508,27.63178782999104],"axes":[240.69219423428237,240.69219423428237],"angle":90.0},"model_confidence":0.4434662974581838,"model_id":1,"model_birth_timestamp":246252.306372,"theta":2.4537628966739153,"phi":-2.201820076657393,"method":"3d c++","id":1}
768819,768816,1,246879.752837,34,119,{"topic":"pupil.1","circle_3d":{"center":[-11.22276446903909,0.05888498526328689,55.64106755495767],"normal":[-0.3715845560310573,0.7724285421498036,-0.5150524876083322],"radius":2.3160786645331495},"confidence":0.9984419523617402,"timestamp":246879.752837,"diameter_3d":4.632157329066299,"ellipse":{"center":[34.99289225596678,120.2290551250112],"axes":[22.372337410889326,52.41137833223918],"angle":-59.63838490230577},"norm_pos":[0.10935278829989618,0.49904560364578665],"diameter":52.41137833223918,"sphere":{"center":[-6.763749796666403,-9.210257520534356,61.82169740625766],"radius":12.0},"projected_sphere":{"center":[92.16742584119508,27.63178782999104],"axes":[240.69219423428237,240.69219423428237],"angle":90.0},"model_confidence":0.4454085752525372,"model_id":1,"model_birth_timestamp":246252.306372,"theta":2.4534525005078462,"phi":-2.1957735978330235,"method":"3d c++","id":1}
768827,768827,1,246879.761237,35,119,{"topic":"pupil.1","circle_3d":{"center":[-11.16914407342525,0.0779053142772046,55.63117784645287],"normal":[-0.36711618972990384,0.77401356956763,-0.5158766299837324],"radius":2.295615756895433},"confidence":0.9979168094457166,"timestamp":246879.761237,"diameter_3d":4.591231513790866,"ellipse":{"center":[35.56623725278841,120.44725141478881],"axes":[22.270493948944544,51.953350167126644],"angle":-59.940710170703994},"norm_pos":[0.11114449141496378,0.49813645243838],"diameter":51.953350167126644,"sphere":{"center":[-6.763749796666403,-9.210257520534356,61.82169740625766],"radius":12.0},"projected_sphere":{"center":[92.16742584119508,27.63178782999104],"axes":[240.69219423428237,240.69219423428237],"angle":90.0},"model_confidence":0.44759914491597774,"model_id":1,"model_birth_timestamp":246252.306372,"theta":2.4559520088587345,"phi":-2.1892888257097223,"method":"3d c++","id":1}
768835,768832,1,246879.769637,36,118,{"topic":"pupil.1","circle_3d":{"center":[-11.109685892431685,0.1565194981479614,55.7080791867571],"normal":[-0.3621613413137735,0.7805647515568597,-0.5094681849583804],"radius":2.2895999512999623},"confidence":0.9977923419670233,"timestamp":246879.769637,"diameter_3d":4.579199902599925,"ellipse":{"center":[36.3939996368436,121.32714895465506],"axes":[21.880882704797767,51.73878774828172],"angle":-60.52406692667776},"norm_pos":[0.11373124886513626,0.4944702126889372],"diameter":51.73878774828172,"sphere":{"center":[-6.763749796666403,-9.210257520534356,61.82169740625766],"radius":12.0},"projected_sphere":{"center":[92.16742584119508,27.63178782999104],"axes":[240.69219423428237,240.69219423428237],"angle":90.0},"model_confidence":0.44955609607968405,"model_id":1,"model_birth_timestamp":246252.306372,"theta":2.466365129218273,"phi":-2.188774783610494,"method":"3d c++","id":1}
768844,768837,1,246879.778037,37,117,{"topic":"pupil.1","circle_3d":{"center":[-11.067567672978578,0.23234605373002637,55.79555523843377],"normal":[-0.3586514896926813,0.7868836311886985,-0.5021785139853245],"radius":2.2914111287554357},"confidence":0.9983728195180787,"timestamp":246879.778037,"diameter_3d":4.5828222575108715,"ellipse":{"center":[37.05049351358204,122.17136059790593],"axes":[21.500176290790645,51.69283838930863],"angle":-61.02148371425031},"norm_pos":[0.11578279222994388,0.49095266417539196],"diameter":51.69283838930863,"sphere":{"center":[-6.763749796666403,-9.210257520534356,61.82169740625766],"radius":12.0},"projected_sphere":{"center":[92.16742584119508,27.63178782999104],"axes":[240.69219423428237,240.69219423428237],"angle":90.0},"model_confidence":0.4519199130141982,"model_id":1,"model_birth_timestamp":246252.306372,"theta":2.4765389264796513,"phi":-2.190983244889135,"method":"3d c++","id":1}
768855,768855,1,246879.786437,36,117,{"topic":"pupil.1","circle_3d":{"center":[-11.090529123085325,0.2588714626343602,55.85390242313466],"normal":[-0.36056494386824345,0.7890940819307263,-0.49731624859358314],"radius":2.315703212568953},"confidence":0.998658137613252,"timestamp":246879.786437,"diameter_3d":4.631406425137906,"ellipse":{"center":[36.92268644055899,122.45852775773683],"axes":[21.41715625422535,52.1869651823115],"angle":-61.03932076544518},"norm_pos":[0.11538339512674685,0.4897561343427632],"diameter":52.1869651823115,"sphere":{"center":[-6.763749796666403,-9.210257520534356,61.82169740625766],"radius":12.0},"projected_sphere":{"center":[92.16742584119508,27.63178782999104],"axes":[240.69219423428237,240.69219423428237],"angle":90.0},"model_confidence":0.4538610406801924,"model_id":1,"model_birth_timestamp":246252.306372,"theta":2.480129141610063,"phi":-2.1981185737363007,"method":"3d c++","id":1}
768863,768862,1,246879.794837,36,117,{"topic":"pupil.1","circle_3d":{"center":[-11.100799137511233,0.28842109831455076,55.908567312060505],"normal":[-0.3614207784037359,0.7915565515707422,-0.49276084118309627],"radius":2.3064528591240534},"confidence":0.9985202087476838,"timestamp":246879.794837,"diameter_3d":4.612905718248107,"ellipse":{"center":[36.92662372613778,122.79048312352276],"axes":[21.05112407206913,51.926540388276564],"angle":-61.12270087087964},"norm_pos":[0.11539569914418055,0.48837298698532183],"diameter":51.926540388276564,"sphere":{"center":[-6.763749796666403,-9.210257520534356,61.82169740625766],"radius":12.0},"projected_sphere":{"center":[92.16742584119508,27.63178782999104],"axes":[240.69219423428237,240.69219423428237],"angle":90.0},"model_confidence":0.4561755852240057,"model_id":1,"model_birth_timestamp":246252.306372,"theta":2.4841482864919304,"phi":-2.2036280701832536,"method":"3d c++","id":1}
768871,768866,1,246879.803237,36,117,{"topic":"pupil.1","circle_3d":{"center":[-11.148296507170146,0.28120216922951613,55.93205029450315],"normal":[-0.36537889254197864,0.7909549741469892,-0.4908039259795429],"radius":2.3253001471717214},"confidence":0.9982117391402895,"timestamp":246879.803237,"diameter_3d":4.650600294343443,"ellipse":{"center":[36.452554164100704,122.70464560369794],"axes":[21.065237366814948,52.33229197280628],"angle":-60.898116365711104},"norm_pos":[0.1139142317628147,0.48873064331792526],"diameter":52.33229197280628,"sphere":{"center":[-6.763749796666403,-9.210257520534356,61.82169740625766],"radius":12.0},"projected_sphere":{"center":[92.16742584119508,27.63178782999104],"axes":[240.69219423428237,240.69219423428237],"angle":90.0},"model_confidence":0.4581798781142843,"model_id":1,"model_birth_timestamp":246252.306372,"theta":2.4831644892801688,"phi":-2.2107358446567593,"method":"3d c++","id":1}
768879,768877,1,246879.811637,36,117,{"topic":"pupil.1","circle_3d":{"center":[-11.177749992062488,0.2806101097233302,55.95313421754016],"normal":[-0.36783334961634034,0.7909056358548072,-0.4890469323931254],"radius":2.329502021630749},"confidence":0.9980611077510734,"timestamp":246879.811637,"diameter_3d":4.659004043261498,"ellipse":{"center":[36.172702978766154,122.69724825001686],"axes":[20.97248823014726,52.40879228419366],"angle":-60.77614004307571},"norm_pos":[0.11303969680864423,0.4887614656249297],"diameter":52.40879228419366,"sphere":{"center":[-6.763749796666403,-9.210257520534356,61.82169740625766],"radius":12.0},"projected_sphere":{"center":[92.16742584119508,27.63178782999104],"axes":[240.69219423428237,240.69219423428237],"angle":90.0},"model_confidence":0.46011217086109335,"model_id":1,"model_birth_timestamp":246252.306372,"theta":2.4830838588034116,"phi":-2.2156677056828906,"method":"3d c++","id":1}
768887,768882,1,246879.820037,36,117,{"topic":"pupil.1","circle_3d":{"center":[-11.191474729446721,0.28248269814202587,55.96651721600225],"normal":[-0.36897707773169325,0.7910616848896985,-0.4879316825212843],"radius":2.313677645608993},"confidence":0.998080068159635,"timestamp":246879.820037,"diameter_3d":4.627355291217986,"ellipse":{"center":[36.049622201711855,122.72391736908116],"axes":[20.75146477100542,52.040465898993226],"angle":-60.72878613886695},"norm_pos":[0.11265506938034955,0.48865034429549514],"diameter":52.040465898993226,"sphere":{"center":[-6.763749796666403,-9.210257520534356,61.82169740625766],"radius":12.0},"projected_sphere":{"center":[92.16742584119508,27.63178782999104],"axes":[240.69219423428237,240.69219423428237],"angle":90.0},"model_confidence":0.4624462478145075,"model_id":1,"model_birth_timestamp":246252.306372,"theta":2.483338908706776,"phi":-2.2182577345756007,"method":"3d c++","id":1}
768895,768894,1,246879.828437,36,117,{"topic":"pupil.1","circle_3d":{"center":[-11.196678103648246,0.28268905024449253,55.97079046549222],"normal":[-0.3694106922484869,0.7910788808982373,-0.48757557839712007],"radius":2.3298842038858867},"confidence":0.9981518457311126,"timestamp":246879.828437,"diameter_3d":4.659768407771773,"ellipse":{"center":[36.00180540165282,122.7206180909651],"axes":[20.87135356777218,52.401746543441796],"angle":-60.708593753494995},"norm_pos":[0.11250564188016506,0.48866409128764543],"diameter":52.401746543441796,"sphere":{"center":[-6.763749796666403,-9.210257520534356,61.82169740625766],"radius":12.0},"projected_sphere":{"center":[92.16742584119508,27.63178782999104],"axes":[240.69219423428237,240.69219423428237],"angle":90.0},"model_confidence":0.4646787979861178,"model_id":1,"model_birth_timestamp":246252.306372,"theta":2.4833670193789184,"phi":-2.2191742535825894,"method":"3d c++","id":1}
768902,768900,1,246879.836837,35,117,{"topic":"pupil.1","circle_3d":{"center":[-11.238465905248816,0.27585607411216806,55.99155464496481],"normal":[-0.37289300904853434,0.7905094662205436,-0.4858452301077381],"radius":2.3357089821661647},"confidence":0.9983181993010606,"timestamp":246879.836837,"diameter_3d":4.6714179643323295,"ellipse":{"center":[35.58542544135294,122.64372530942],"axes":[20.783436876240465,52.51592232425128],"angle":-60.51138061765508},"norm_pos":[0.11120445450422793,0.4889844778774166],"diameter":52.51592232425128,"sphere":{"center":[-6.763749796666403,-9.210257520534356,61.82169740625766],"radius":12.0},"projected_sphere":{"center":[92.16742584119508,27.63178782999104],"axes":[240.69219423428237,240.69219423428237],"angle":90.0},"model_confidence":0.46681586968626565,"model_id":1,"model_birth_timestamp":246252.306372,"theta":2.482436727932998,"phi":-2.2254124838813483,"method":"3d c++","id":1}
768910,768906,1,246879.845237,35,117,{"topic":"pupil.1","circle_3d":{"center":[-11.27151055010476,0.272515563985241,56.01161069285385],"normal":[-0.3756467294531963,0.7902310903766331,-0.48417389278365125],"radius":2.333840381228698},"confidence":0.9975588170390723,"timestamp":246879.845237,"diameter_3d":4.667680762457396,"ellipse":{"center":[35.2641271635964,122.60813320700086],"axes":[20.637875527917178,52.45689777539781],"angle":-60.36505430706015},"norm_pos":[0.11020039738623874,0.48913277830416313],"diameter":52.45689777539781,"sphere":{"center":[-6.763749796666403,-9.210257520534356,61.82169740625766],"radius":12.0},"projected_sphere":{"center":[92.16742584119508,27.63178782999104],"axes":[240.69219423428237,240.69219423428237],"angle":90.0},"model_confidence":0.4684726293648911,"model_id":1,"model_birth_timestamp":246252.306372,"theta":2.481982332758858,"phi":-2.2306377538916524,"method":"3d c++","id":1}
768918,768917,1,246879.853637,35,117,{"topic":"pupil.1","circle_3d":{"center":[-11.293190851809529,0.27472597282780953,56.032116086452994],"normal":[-0.37745342126192716,0.7904152911135138,-0.48246510998372233],"radius":2.319595573703853},"confidence":0.9974625730520943,"timestamp":246879.853637,"diameter_3d":4.639191147407706,"ellipse":{"center":[35.06913997462962,122.63813996746356],"axes":[20.39122053050316,52.11818648713396],"angle":-60.28846959711106},"norm_pos":[0.10959106242071756,0.4890077501355685],"diameter":52.11818648713396,"sphere":{"center":[-6.763749796666403,-9.210257520534356,61.82169740625766],"radius":12.0},"projected_sphere":{"center":[92.16742584119508,27.63178782999104],"axes":[240.69219423428237,240.69219423428237],"angle":90.0},"model_confidence":0.47020406441096174,"model_id":1,"model_birth_timestamp":246252.306372,"theta":2.482282975314693,"phi":-2.234677975964767,"method":"3d c++","id":1}
768926,768923,1,246879.862037,35,117,{"topic":"pupil.1","circle_3d":{"center":[-11.295714128833277,0.26867787328774995,56.024190779119245],"normal":[-0.3776636943472395,0.7899112828185088,-0.4831255522615347],"radius":2.3405435515556325},"confidence":0.997147085357089,"timestamp":246879.862037,"diameter_3d":4.681087103111265,"ellipse":{"center":[35.02453645218901,122.56382968796409],"axes":[20.613216630187562,52.597362206408036],"angle":-60.2522633194512},"norm_pos":[0.10945167641309066,0.4893173763001496],"diameter":52.597362206408036,"sphere":{"center":[-6.763749796666403,-9.210257520534356,61.82169740625766],"radius":12.0},"projected_sphere":{"center":[92.16742584119508,27.63178782999104],"axes":[240.69219423428237,240.69219423428237],"angle":90.0},"model_confidence":0.4717643549662087,"model_id":1,"model_birth_timestamp":246252.306372,"theta":2.481460636675473,"phi":-2.234284418029643,"method":"3d c++","id":1}
768940,768933,1,246879.870437,34,117,{"topic":"pupil.1","circle_3d":{"center":[-11.315577767732412,0.2616430894690964,56.02825620468865],"normal":[-0.3793189975888341,0.7893250508336209,-0.48278676679741733],"radius":2.347485506681527},"confidence":0.9974091740218956,"timestamp":246879.870437,"diameter_3d":4.694971013363054,"ellipse":{"center":[34.81434989046889,122.48388812451446],"axes":[20.636652111181533,52.751087147160696],"angle":-60.1431555918156},"norm_pos":[0.10879484340771528,0.48965046614785634],"diameter":52.751087147160696,"sphere":{"center":[-6.763749796666403,-9.210257520534356,61.82169740625766],"radius":12.0},"projected_sphere":{"center":[92.16742584119508,27.63178782999104],"axes":[240.69219423428237,240.69219423428237],"angle":90.0},"model_confidence":0.4732312616741563,"model_id":1,"model_birth_timestamp":246252.306372,"theta":2.4805052365343476,"phi":-2.236748323345288,"method":"3d c++","id":1}
768947,768945,1,246879.878837,34,117,{"topic":"pupil.1","circle_3d":{"center":[-11.342408700426807,0.25398779065854526,56.03689461510058],"normal":[-0.3815549086467004,0.788687109266075,-0.48206689926309043],"radius":2.335146142975851},"confidence":0.9974499928746826,"timestamp":246879.878837,"diameter_3d":4.670292285951702,"ellipse":{"center":[34.53680496133164,122.40402116181087],"axes":[20.461319400758814,52.46702786773646],"angle":-60.00416894556403},"norm_pos":[0.10792751550416138,0.4899832451591214],"diameter":52.46702786773646,"sphere":{"center":[-6.763749796666403,-9.210257520534356,61.82169740625766],"radius":12.0},"projected_sphere":{"center":[92.16742584119508,27.63178782999104],"axes":[240.69219423428237,240.69219423428237],"angle":90.0},"model_confidence":0.4749417658249322,"model_id":1,"model_birth_timestamp":246252.306372,"theta":2.4794668952099914,"phi":-2.2403314803985337,"method":"3d c++","id":1}
768957,768957,1,246879.887237,34,117,{"topic":"pupil.1","circle_3d":{"center":[-11.347888024743115,0.24288181787527918,56.02309125007686],"normal":[-0.38201151900639274,0.7877616115341362,-0.4832171796817339],"radius":2.335621984448599},"confidence":0.997427368433854,"timestamp":246879.887237,"diameter_3d":4.671243968897198,"ellipse":{"center":[34.44610567589322,122.28077493888748],"axes":[20.529417109058755,52.49145897342121],"angle":-59.934448585349},"norm_pos":[0.10764408023716632,0.49049677108796885],"diameter":52.49145897342121,"sphere":{"center":[-6.763749796666403,-9.210257520534356,61.82169740625766],"radius":12.0},"projected_sphere":{"center":[92.16742584119508,27.63178782999104],"axes":[240.69219423428237,240.69219423428237],"angle":90.0},"model_confidence":0.4764613644789417,"model_id":1,"model_birth_timestamp":246252.306372,"theta":2.477962968762601,"phi":-2.239753773560587,"method":"3d c++","id":1}
768963,768962,1,246879.895637,34,117,{"topic":"pupil.1","circle_3d":{"center":[-11.366893786893872,0.23833351372426392,56.030739551760675],"normal":[-0.38359533251895567,0.7873825861882182,-0.4825798212080825],"radius":2.331256879544062},"confidence":0.9972574258913434,"timestamp":246879.895637,"diameter_3d":4.662513759088124,"ellipse":{"center":[34.25298479380508,122.232384040999],"axes":[20.43621976142583,52.387218230708704],"angle":-59.839964965382165},"norm_pos":[0.10704057748064089,0.49069839982917085],"diameter":52.387218230708704,"sphere":{"center":[-6.763749796666403,-9.210257520534356,61.82169740625766],"radius":12.0},"projected_sphere":{"center":[92.16742584119508,27.63178782999104],"axes":[240.69219423428237,240.69219423428237],"angle":90.0},"model_confidence":0.4780909828388191,"model_id":1,"model_birth_timestamp":246252.306372,"theta":2.47734789000226,"phi":-2.242410411879286,"method":"3d c++","id":1}
768970,768968,1,246879.904037,34,117,{"topic":"pupil.1","circle_3d":{"center":[-11.370458433538026,0.2409692830428778,56.0378796841717],"normal":[-0.38389238640596857,0.7876022336314361,-0.4819848101738304],"radius":2.3284119413038358},"confidence":0.9971328013419867,"timestamp":246879.904037,"diameter_3d":4.6568238826076715,"ellipse":{"center":[34.22923948941559,122.2627310688346],"axes":[20.37265310112397,52.316583860721785],"angle":-59.83743045862903},"norm_pos":[0.10696637340442372,0.49057195387985586],"diameter":52.316583860721785,"sphere":{"center":[-6.763749796666403,-9.210257520534356,61.82169740625766],"radius":12.0},"projected_sphere":{"center":[92.16742584119508,27.63178782999104],"axes":[240.69219423428237,240.69219423428237],"angle":90.0},"model_confidence":0.4797311082394229,"model_id":1,"model_birth_timestamp":246252.306372,"theta":2.4777042728874936,"phi":-2.2433886669708194,"method":"3d c++","id":1}
768979,768978,1,246879.912437,34,118,{"topic":"pupil.1","circle_3d":{"center":[-11.37343506099493,0.21741941301640821,56.001928562014164],"normal":[-0.384140438694044,0.7856397444625637,-0.4849807370202913],"radius":2.338699936532622},"confidence":0.9974422467933364,"timestamp":246879.912437,"diameter_3d":4.677399873065244,"ellipse":{"center":[34.11770361556508,121.99773897218049],"axes":[20.639568365912105,52.58305147931856],"angle":-59.72333001692209},"norm_pos":[0.10661782379864086,0.49167608761591464],"diameter":52.58305147931856,"sphere":{"center":[-6.763749796666403,-9.210257520534356,61.82169740625766],"radius":12.0},"projected_sphere":{"center":[92.16742584119508,27.63178782999104],"axes":[240.69219423428237,240.69219423428237],"angle":90.0},"model_confidence":0.48156816625165577,"model_id":1,"model_birth_timestamp":246252.306372,"theta":2.4745258163534296,"phi":-2.24068537668768,"method":"3d c++","id":1}
768987,768983,1,246879.920837,33,118,{"topic":"pupil.1","circle_3d":{"center":[-11.39367780405538,0.20533025489579515,55.998427406543975],"normal":[-0.38582733394908153,0.7846323146191791,-0.48527249997614047],"radius":2.342286657112111},"confidence":0.9974915810503546,"timestamp":246879.920837,"diameter_3d":4.684573314224222,"ellipse":{"center":[33.88657858313553,121.86283387474845],"axes":[20.670844165424846,52.66866060357925],"angle":-59.59121771977675},"norm_pos":[0.10589555807229853,0.49223819218854814],"diameter":52.66866060357925,"sphere":{"center":[-6.763749796666403,-9.210257520534356,61.82169740625766],"radius":12.0},"projected_sphere":{"center":[92.16742584119508,27.63178782999104],"axes":[240.69219423428237,240.69219423428237],"angle":90.0},"model_confidence":0.48330282435153915,"model_id":1,"model_birth_timestamp":246252.306372,"theta":2.472899153180321,"phi":-2.242526114815586,"method":"3d c++","id":1}
768995,768995,1,246879.929237,33,118,{"topic":"pupil.1","circle_3d":{"center":[-11.40147369126148,0.20210224790595532,55.99941257408498],"normal":[-0.38647699121625634,0.7843633140366926,-0.4851904026810572],"radius":2.332528773218813},"confidence":0.9975300880167692,"timestamp":246879.929237,"diameter_3d":4.665057546437626,"ellipse":{"center":[33.802373861115115,121.83064980452178],"axes":[20.57270265067688,52.44855008583715],"angle":-59.54665343496893},"norm_pos":[0.10563241831598473,0.4923722924811592],"diameter":52.44855008583715,"sphere":{"center":[-6.763749796666403,-9.210257520534356,61.82169740625766],"radius":12.0},"projected_sphere":{"center":[92.16742584119508,27.63178782999104],"axes":[240.69219423428237,240.69219423428237],"angle":90.0},"model_confidence":0.48470259755477585,"model_id":1,"model_birth_timestamp":246252.306372,"theta":2.472465373314213,"phi":-2.243428271654658,"method":"3d c++","id":1}
769003,769001,1,246879.937637,33,118,{"topic":"pupil.1","circle_3d":{"center":[-11.41162265386053,0.19166661662304563,55.99065115172536],"normal":[-0.3873227380995105,0.7834936780964501,-0.48592052121102497],"radius":2.3394379721218455},"confidence":0.996796289304381,"timestamp":246879.937637,"diameter_3d":4.678875944243691,"ellipse":{"center":[33.67118460480012,121.71257865419585],"axes":[20.66852433699487,52.6133369687024],"angle":-59.46135104551095},"norm_pos":[0.10522245189000037,0.49286425560751723],"diameter":52.6133369687024,"sphere":{"center":[-6.763749796666403,-9.210257520534356,61.82169740625766],"radius":12.0},"projected_sphere":{"center":[92.16742584119508,27.63178782999104],"axes":[240.69219423428237,240.69219423428237],"angle":90.0},"model_confidence":0.4858519529026273,"model_id":1,"model_birth_timestamp":246252.306372,"theta":2.471064656904871,"phi":-2.2437607985481756,"method":"3d c++","id":1}
769011,769011,1,246879.946037,33,118,{"topic":"pupil.1","circle_3d":{"center":[-11.41513302187767,0.1899538162182992,55.99068883855601],"normal":[-0.38761526876760566,0.7833509447293878,-0.48591738064180456],"radius":2.333195434379961},"confidence":0.9967453020331575,"timestamp":246879.946037,"diameter_3d":4.666390868759922,"ellipse":{"center":[33.632310005803106,121.69585070372804],"axes":[20.609927030419872,52.47296537151591],"angle":-59.440175328436425},"norm_pos":[0.10510096876813471,0.49293395540113316],"diameter":52.47296537151591,"sphere":{"center":[-6.763749796666403,-9.210257520534356,61.82169740625766],"radius":12.0},"projected_sphere":{"center":[92.16742584119508,27.63178782999104],"axes":[240.69219423428237,240.69219423428237],"angle":90.0},"model_confidence":0.4868873851416766,"model_id":1,"model_birth_timestamp":246252.306372,"theta":2.4708349936257434,"phi":-2.2441319655955345,"method":"3d c++","id":1}
769023,769022,1,246879.954437,33,118,{"topic":"pupil.1","circle_3d":{"center":[-11.423021335881394,0.1822080037827405,55.98450800566632],"normal":[-0.3882726282679159,0.7827054603597581,-0.48643245004927865],"radius":2.3248985228628527},"confidence":0.9965128039880508,"timestamp":246879.954437,"diameter_3d":4.649797045725705,"ellipse":{"center":[33.531285355388746,121.61289970142207],"axes":[20.56014135974949,52.29262768456873],"angle":-59.375536915212365},"norm_pos":[0.10478526673558983,0.49327958457740806],"diameter":52.29262768456873,"sphere":{"center":[-6.763749796666403,-9.210257520534356,61.82169740625766],"radius":12.0},"projected_sphere":{"center":[92.16742584119508,27.63178782999104],"axes":[240.69219423428237,240.69219423428237],"angle":90.0},"model_confidence":0.48800364158251286,"model_id":1,"model_birth_timestamp":246252.306372,"theta":2.4697972141131794,"phi":-2.244441565089645,"method":"3d c++","id":1}
769031,769027,1,246879.962837,33,118,{"topic":"pupil.1","circle_3d":{"center":[-11.432746723940788,0.17543457852473487,55.9813847849366],"normal":[-0.3890830772728655,0.7821410082549242,-0.4866927184434218],"radius":2.345963247431849},"confidence":0.9969922778722439,"timestamp":246879.962837,"diameter_3d":4.691926494863698,"ellipse":{"center":[33.417610568119954,121.53054451473558],"axes":[20.75386611602995,52.770811864709486],"angle":-59.30781370540703},"norm_pos":[0.10443003302537486,0.4936227311886018],"diameter":52.770811864709486,"sphere":{"center":[-6.763749796666403,-9.210257520534356,61.82169740625766],"radius":12.0},"projected_sphere":{"center":[92.16742584119508,27.63178782999104],"axes":[240.69219423428237,240.69219423428237],"angle":90.0},"model_confidence":0.48913210570810106,"model_id":1,"model_birth_timestamp":246252.306372,"theta":2.4688908232761175,"phi":-2.2451975304977987,"method":"3d c++","id":1}
769040,769040,1,246879.971237,33,118,{"topic":"pupil.1","circle_3d":{"center":[-11.448957571102067,0.16117321703684162,55.9714739881929],"normal":[-0.39043398120297207,0.7809525614642664,-0.48751861817206377],"radius":2.334437233697055},"confidence":0.996875664950481,"timestamp":246879.971237,"diameter_3d":4.66887446739411,"ellipse":{"center":[33.216243265099294,121.37653414038982],"axes":[20.686589706035093,52.52192545882855],"angle":-59.182193062267714},"norm_pos":[0.10380076020343529,0.4942644410817091],"diameter":52.52192545882855,"sphere":{"center":[-6.763749796666403,-9.210257520534356,61.82169740625766],"radius":12.0},"projected_sphere":{"center":[92.16742584119508,27.63178782999104],"axes":[240.69219423428237,240.69219423428237],"angle":90.0},"model_confidence":0.49024569893418857,"model_id":1,"model_birth_timestamp":246252.306372,"theta":2.4669857912518047,"phi":-2.246061215192082,"method":"3d c++","id":1}
769047,769045,1,246879.979637,33,118,{"topic":"pupil.1","circle_3d":{"center":[-11.458763825459432,0.1452264145993265,55.953838886414815],"normal":[-0.39125116906608565,0.7796236612611401,-0.4889882099869039],"radius":2.3238904972743386},"confidence":0.9964974971920854,"timestamp":246879.979637,"diameter_3d":4.647780994548677,"ellipse":{"center":[33.06846306665501,121.20306378257526],"axes":[20.671712123360148,52.30199697851513],"angle":-59.07408111416342},"norm_pos":[0.10333894708329691,0.4949872342392697],"diameter":52.30199697851513,"sphere":{"center":[-6.763749796666403,-9.210257520534356,61.82169740625766],"radius":12.0},"projected_sphere":{"center":[92.16742584119508,27.63178782999104],"axes":[240.69219423428237,240.69219423428237],"angle":90.0},"model_confidence":0.4916073442112756,"model_id":1,"model_birth_timestamp":246252.306372,"theta":2.464860977313664,"phi":-2.245612832480632,"method":"3d c++","id":1}
769055,769049,1,246879.988037,33,118,{"topic":"pupil.1","circle_3d":{"center":[-11.46027995762191,0.14219606238073546,55.95022259777437],"normal":[-0.39137751341295896,0.779371131909591,-0.4892895673736076],"radius":2.311716542477572},"confidence":0.9962759048260779,"timestamp":246879.988037,"diameter_3d":4.623433084955144,"ellipse":{"center":[33.0432849107612,121.1736228685457],"axes":[20.579665846009036,52.03121153616032],"angle":-59.054935678575504},"norm_pos":[0.10326026534612875,0.49510990471439287],"diameter":52.03121153616032,"sphere":{"center":[-6.763749796666403,-9.210257520534356,61.82169740625766],"radius":12.0},"projected_sphere":{"center":[92.16742584119508,27.63178782999104],"axes":[240.69219423428237,240.69219423428237],"angle":90.0},"model_confidence":0.49310126610877525,"model_id":1,"model_birth_timestamp":246252.306372,"theta":2.464457836896432,"phi":-2.245469795122508,"method":"3d c++","id":1}
769063,769060,1,246879.996437,32,118,{"topic":"pupil.1","circle_3d":{"center":[-11.470419624430471,0.13289026627395373,55.94353029683704],"normal":[-0.39222248564700574,0.7785956489006924,-0.489847259118385],"radius":2.318670002295591},"confidence":0.9963007880390142,"timestamp":246879.996437,"diameter_3d":4.637340004591182,"ellipse":{"center":[32.916583192353954,121.06796216987779],"axes":[20.665881928437123,52.19508018083167],"angle":-58.97453844981277},"norm_pos":[0.10286432247610611,0.49555015762550925],"diameter":52.19508018083167,"sphere":{"center":[-6.763749796666403,-9.210257520534356,61.82169740625766],"radius":12.0},"projected_sphere":{"center":[92.16742584119508,27.63178782999104],"axes":[240.69219423428237,240.69219423428237],"angle":90.0},"model_confidence":0.49401184192280345,"model_id":1,"model_birth_timestamp":246252.306372,"theta":2.463221109334595,"phi":-2.245966173326989,"method":"3d c++","id":1}
769070,769067,1,246880.004837,32,119,{"topic":"pupil.1","circle_3d":{"center":[-11.471416286972126,0.12321781625531791,55.92898034588632],"normal":[-0.3923055408588103,0.7777896113991395,-0.4910597550309452],"radius":2.3096603971113296},"confidence":0.9964354507922693,"timestamp":246880.004837,"diameter_3d":4.619320794222659,"ellipse":{"center":[32.8729308445421,120.96333503446434],"axes":[20.656346277324033,52.00601112722657],"angle":-58.92816077759596},"norm_pos":[0.10272790888919406,0.4959861040230653],"diameter":52.00601112722657,"sphere":{"center":[-6.763749796666403,-9.210257520534356,61.82169740625766],"radius":12.0},"projected_sphere":{"center":[92.16742584119508,27.63178782999104],"axes":[240.69219423428237,240.69219423428237],"angle":90.0},"model_confidence":0.49489086913691027,"model_id":1,"model_birth_timestamp":246252.306372,"theta":2.4619376620771676,"phi":-2.244863570096042,"method":"3d c++","id":1}
769079,769078,1,246880.013237,32,119,{"topic":"pupil.1","circle_3d":{"center":[-11.482770482644538,0.11033023422909594,55.91767439892918],"normal":[-0.39325172383151125,0.7767156462302875,-0.4920019172773736],"radius":2.3109994947358605},"confidence":0.9964913047577485,"timestamp":246880.013237,"diameter_3d":4.621998989471721,"ellipse":{"center":[32.72227875287069,120.81968325928403],"axes":[20.714165484460608,52.047848653434755],"angle":-58.827240357114704},"norm_pos":[0.10225712110272092,0.4965846530863165],"diameter":52.047848653434755,"sphere":{"center":[-6.763749796666403,-9.210257520534356,61.82169740625766],"radius":12.0},"projected_sphere":{"center":[92.16742584119508,27.63178782999104],"axes":[240.69219423428237,240.69219423428237],"angle":90.0},"model_confidence":0.49595109772963,"model_id":1,"model_birth_timestamp":246252.306372,"theta":2.460230756040907,"phi":-2.2451035862278594,"method":"3d c++","id":1}
769087,769083,1,246880.021637,32,119,{"topic":"pupil.1","circle_3d":{"center":[-11.484003866571825,0.11054860010128387,55.91900524275612],"normal":[-0.39335450582545184,0.7767338433863032,-0.4918910136251284],"radius":2.3091630429074788},"confidence":0.9962632918907257,"timestamp":246880.021637,"diameter_3d":4.6183260858149575,"ellipse":{"center":[32.711537878985254,120.82282150667241],"axes":[20.689992281888923,52.005242956676746],"angle":-58.82341881993142},"norm_pos":[0.10222355587182892,0.49657157705553157],"diameter":52.005242956676746,"sphere":{"center":[-6.763749796666403,-9.210257520534356,61.82169740625766],"radius":12.0},"projected_sphere":{"center":[92.16742584119508,27.63178782999104],"axes":[240.69219423428237,240.69219423428237],"angle":90.0},"model_confidence":0.4968975691055366,"model_id":1,"model_birth_timestamp":246252.306372,"theta":2.460259647744189,"phi":-2.245341000664562,"method":"3d c++","id":1}
769096,769094,1,246880.030037,32,119,{"topic":"pupil.1","circle_3d":{"center":[-11.498600230786941,0.10280505744649382,55.91847313598627],"normal":[-0.3945708695100448,0.7760885481650708,-0.4919353558559498],"radius":2.2980783814116763},"confidence":0.9957011968133463,"timestamp":246880.030037,"diameter_3d":4.596156762823353,"ellipse":{"center":[32.548551011984415,120.74101868445398],"axes":[20.580128845549645,51.75679292007412],"angle":-58.732659203361635},"norm_pos":[0.1017142219124513,0.4969124221481084],"diameter":51.75679292007412,"sphere":{"center":[-6.763749796666403,-9.210257520534356,61.82169740625766],"radius":12.0},"projected_sphere":{"center":[92.16742584119508,27.63178782999104],"axes":[240.69219423428237,240.69219423428237],"angle":90.0},"model_confidence":0.4977287871445024,"model_id":1,"model_birth_timestamp":246252.306372,"theta":2.4592357377624405,"phi":-2.246803482915588,"method":"3d c++","id":1}
769107,769105,1,246880.038437,32,119,{"topic":"pupil.1","circle_3d":{"center":[-11.514559287512942,0.08309540540171767,55.9002617209126],"normal":[-0.3959007909038782,0.7744460771613394,-0.4934529737787549],"radius":2.3073299911012017},"confidence":0.9959182604099843,"timestamp":246880.038437,"diameter_3d":4.6146599822024035,"ellipse":{"center":[32.33173223660006,120.518630398271],"axes":[20.7389041279563,51.98400247382594],"angle":-58.58367626734449},"norm_pos":[0.10103666323937519,0.49783904000720414],"diameter":51.98400247382594,"sphere":{"center":[-6.763749796666403,-9.210257520534356,61.82169740625766],"radius":12.0},"projected_sphere":{"center":[92.16742584119508,27.63178782999104],"axes":[240.69219423428237,240.69219423428237],"angle":90.0},"model_confidence":0.49863324105504647,"model_id":1,"model_birth_timestamp":246252.306372,"theta":2.4566353783081385,"phi":-2.2469424136967002,"method":"3d c++","id":1}
769115,769110,1,246880.046837,32,119,{"topic":"pupil.1","circle_3d":{"center":[-11.500955086337349,0.07740896566838806,55.88047385512108],"normal":[-0.3947671074725788,0.773972207183562,-0.4951019625947154],"radius":2.3030787034746534},"confidence":0.9960889154069309,"timestamp":246880.046837,"diameter_3d":4.606157406949307,"ellipse":{"center":[32.43791050286313,120.45588462179491],"axes":[20.810301283719586,51.90609806743912],"angle":-58.61132639190947},"norm_pos":[0.10136847032144729,0.4981004807425212],"diameter":51.90609806743912,"sphere":{"center":[-6.763749796666403,-9.210257520534356,61.82169740625766],"radius":12.0},"projected_sphere":{"center":[92.16742584119508,27.63178782999104],"axes":[240.69219423428237,240.69219423428237],"angle":90.0},"model_confidence":0.4996259077651777,"model_id":1,"model_birth_timestamp":246252.306372,"theta":2.4558866854899533,"phi":-2.2439163094843075,"method":"3d c++","id":1}
769123,769122,1,246880.055237,32,119,{"topic":"pupil.1","circle_3d":{"center":[-11.50378311386064,0.0808101731716171,55.88805221439947],"normal":[-0.3950027764328531,0.7742556411421644,-0.494470432654849],"radius":2.300625275583221},"confidence":0.9959064931313092,"timestamp":246880.055237,"diameter_3d":4.601250551166442,"ellipse":{"center":[32.4234459386317,120.49488366619764],"axes":[20.748210572418813,51.84367515939442],"angle":-58.61539255858261},"norm_pos":[0.10132326855822407,0.4979379847241765],"diameter":51.84367515939442,"sphere":{"center":[-6.763749796666403,-9.210257520534356,61.82169740625766],"radius":12.0},"projected_sphere":{"center":[92.16742584119508,27.63178782999104],"axes":[240.69219423428237,240.69219423428237],"angle":90.0},"model_confidence":0.5003200711694467,"model_id":1,"model_birth_timestamp":246252.306372,"theta":2.456334415721489,"phi":-2.2448295713650106,"method":"3d c++","id":1}
769132,769127,1,246880.063637,32,119,{"topic":"pupil.1","circle_3d":{"center":[-11.52339890586134,0.07371944044654377,55.892657674115895],"normal":[-0.3966374257662447,0.7736647467484082,-0.4940866443451472],"radius":2.316908845668614},"confidence":0.9959690335356716,"timestamp":246880.063637,"diameter_3d":4.633817691337228,"ellipse":{"center":[32.2173054816146,120.41103566303431],"axes":[20.855021836004568,52.208043401984696],"angle":-58.50791110086783},"norm_pos":[0.10067907963004563,0.4982873514040237],"diameter":52.208043401984696,"sphere":{"center":[-6.763749796666403,-9.210257520534356,61.82169740625766],"radius":12.0},"projected_sphere":{"center":[92.16742584119508,27.63178782999104],"axes":[240.69219423428237,240.69219423428237],"angle":90.0},"model_confidence":0.5013053812972346,"model_id":1,"model_birth_timestamp":246252.306372,"theta":2.4554012784043,"phi":-2.2472233853011425,"method":"3d c++","id":1}
769139,769139,1,246880.072037,32,119,{"topic":"pupil.1","circle_3d":{"center":[-11.508976978101426,0.0632918780774947,55.86484416414434],"normal":[-0.39543559845291854,0.7727957832176542,-0.4964044368427771],"radius":2.317560681145035},"confidence":0.9964463695638387,"timestamp":246880.072037,"diameter_3d":4.63512136229007,"ellipse":{"center":[32.31476484765747,120.29347407425772],"axes":[21.01194866431099,52.248559063086276],"angle":-58.51765161038796},"norm_pos":[0.1009836401489296,0.4987771913572595],"diameter":52.248559063086276,"sphere":{"center":[-6.763749796666403,-9.210257520534356,61.82169740625766],"radius":12.0},"projected_sphere":{"center":[92.16742584119508,27.63178782999104],"axes":[240.69219423428237,240.69219423428237],"angle":90.0},"model_confidence":0.5024307186208055,"model_id":1,"model_birth_timestamp":246252.306372,"theta":2.4540309438097414,"phi":-2.243460440302046,"method":"3d c++","id":1}
769147,769144,1,246880.080437,32,119,{"topic":"pupil.1","circle_3d":{"center":[-11.51612422835072,0.06459178259451193,55.87257077579138],"normal":[-0.3960312026403598,0.7729041085940722,-0.49576055253885704],"radius":2.308369197105606},"confidence":0.9953895811533151,"timestamp":246880.080437,"diameter_3d":4.616738394211212,"ellipse":{"center":[32.252582286841374,120.31164463312201],"axes":[20.883783696334213,52.03413794307826],"angle":-58.495725313649814},"norm_pos":[0.1007893196463793,0.49870148069532494],"diameter":52.03413794307826,"sphere":{"center":[-6.763749796666403,-9.210257520534356,61.82169740625766],"radius":12.0},"projected_sphere":{"center":[92.16742584119508,27.63178782999104],"axes":[240.69219423428237,240.69219423428237],"angle":90.0},"model_confidence":0.5030922934905924,"model_id":1,"model_birth_timestamp":246252.306372,"theta":2.45420164549086,"phi":-2.24482689542303,"method":"3d c++","id":1}
769155,769151,1,246880.088837,32,119,{"topic":"pupil.1","circle_3d":{"center":[-11.532692080611607,0.04705141291534609,55.858525364208916],"normal":[-0.3974118569954337,0.7714424111208085,-0.49693100350406244],"radius":2.2968481706274093},"confidence":0.9952760923819318,"timestamp":246880.088837,"diameter_3d":4.593696341254819,"ellipse":{"center":[32.03732767569241,120.12053720246462],"axes":[20.83369966711027,51.788663858853695],"angle":-58.35386140208732},"norm_pos":[0.10011664898653878,0.4994977616563975],"diameter":51.788663858853695,"sphere":{"center":[-6.763749796666403,-9.210257520534356,61.82169740625766],"radius":12.0},"projected_sphere":{"center":[92.16742584119508,27.63178782999104],"axes":[240.69219423428237,240.69219423428237],"angle":90.0},"model_confidence":0.5043425408443714,"model_id":1,"model_birth_timestamp":246252.306372,"theta":2.45190124962435,"phi":-2.245374117401191,"method":"3d c++","id":1}
769163,769163,1,246880.097237,32,119,{"topic":"pupil.1","circle_3d":{"center":[-11.529257164476638,0.045745000856607376,55.85375330034057],"normal":[-0.3971256139841863,0.7713335434492469,-0.4973286754930907],"radius":2.2967966956503183},"confidence":0.9952233850217508,"timestamp":246880.097237,"diameter_3d":4.593593391300637,"ellipse":{"center":[32.0646623129407,120.10574569007679],"axes":[20.859796842979584,51.79182849502546],"angle":-58.3613670755702},"norm_pos":[0.10020206972793969,0.49955939295801344],"diameter":51.79182849502546,"sphere":{"center":[-6.763749796666403,-9.210257520534356,61.82169740625766],"radius":12.0},"projected_sphere":{"center":[92.16742584119508,27.63178782999104],"axes":[240.69219423428237,240.69219423428237],"angle":90.0},"model_confidence":0.5053432748579167,"model_id":1,"model_birth_timestamp":246252.306372,"theta":2.451730172257242,"phi":-2.2446326066587656,"method":"3d c++","id":1}
769170,769167,1,246880.105637,31,120,{"topic":"pupil.1","circle_3d":{"center":[-11.546423633347175,0.03347198505935367,55.848465801895955],"normal":[-0.39855615305673103,0.7703107921328092,-0.49776930036347533],"radius":2.298409015445212},"confidence":0.995019567728681,"timestamp":246880.105637,"diameter_3d":4.596818030890424,"ellipse":{"center":[31.862812572550695,119.96890765648541],"axes":[20.885216047359343,51.834477925281355],"angle":-58.240440965670444},"norm_pos":[0.09957128928922092,0.5001295514313108],"diameter":51.834477925281355,"sphere":{"center":[-6.763749796666403,-9.210257520534356,61.82169740625766],"radius":12.0},"projected_sphere":{"center":[92.16742584119508,27.63178782999104],"axes":[240.69219423428237,240.69219423428237],"angle":90.0},"model_confidence":0.5056331786887802,"model_id":1,"model_birth_timestamp":246252.306372,"theta":2.450124723234535,"phi":-2.2459544950924806,"method":"3d c++","id":1}
769179,769173,1,246880.114037,31,120,{"topic":"pupil.1","circle_3d":{"center":[-11.525684795374328,0.013065169497895823,55.80054356138567],"normal":[-0.39682791655899385,0.7686102241693543,-0.5017628204059993],"radius":2.2957068098321463},"confidence":0.9951254409315161,"timestamp":246880.114037,"diameter_3d":4.5914136196642925,"ellipse":{"center":[31.984909239109044,119.74012020239633],"axes":[21.11536973180237,51.81789573760339],"angle":-58.230143837202434},"norm_pos":[0.09995284137221576,0.5010828324900153],"diameter":51.81789573760339,"sphere":{"center":[-6.763749796666403,-9.210257520534356,61.82169740625766],"radius":12.0},"projected_sphere":{"center":[92.16742584119508,27.63178782999104],"axes":[240.69219423428237,240.69219423428237],"angle":90.0},"model_confidence":0.5060241786377095,"model_id":1,"model_birth_timestamp":246252.306372,"theta":2.4474621499064053,"phi":-2.2399438226299972,"method":"3d c++","id":1}
769190,769190,1,246880.122437,31,120,{"topic":"pupil.1","circle_3d":{"center":[-11.560391710712073,0.0072363974642257745,55.819195242986126],"normal":[-0.39972015950380585,0.7681244931665485,-0.5002085136059611],"radius":2.3078056879024422},"confidence":0.9947808156426188,"timestamp":246880.122437,"diameter_3d":4.6156113758048845,"ellipse":{"center":[31.64276416368395,119.67275927827912],"axes":[21.103228275164234,52.07579122823419],"angle":-58.06968495706718},"norm_pos":[0.09888363801151234,0.5013635030071704],"diameter":52.07579122823419,"sphere":{"center":[-6.763749796666403,-9.210257520534356,61.82169740625766],"radius":12.0},"projected_sphere":{"center":[92.16742584119508,27.63178782999104],"axes":[240.69219423428237,240.69219423428237],"angle":90.0},"model_confidence":0.5061411067820654,"model_id":1,"model_birth_timestamp":246252.306372,"theta":2.4467032058662124,"phi":-2.2449925620637803,"method":"3d c++","id":1}
769199,769196,1,246880.130837,31,120,{"topic":"pupil.1","circle_3d":{"center":[-11.54427080752937,-0.0044072589776149584,55.78854401632189],"normal":[-0.39837675090524727,0.7671541884630617,-0.5027627824946471],"radius":2.2962588071096},"confidence":0.9951611261626844,"timestamp":246880.130837,"diameter_3d":4.5925176142192,"ellipse":{"center":[31.752011197451736,119.54531977224717],"axes":[21.163073312666945,51.84315281277999],"angle":-58.08027815694081},"norm_pos":[0.09922503499203668,0.5018945009489701],"diameter":51.84315281277999,"sphere":{"center":[-6.763749796666403,-9.210257520534356,61.82169740625766],"radius":12.0},"projected_sphere":{"center":[92.16742584119508,27.63178782999104],"axes":[240.69219423428237,240.69219423428237],"angle":90.0},"model_confidence":0.506110784891256,"model_id":1,"model_birth_timestamp":246252.306372,"theta":2.445189190694012,"phi":-2.240870665968298,"method":"3d c++","id":1}
769209,769208,1,246880.139237,31,120,{"topic":"pupil.1","circle_3d":{"center":[-11.55831347927878,-0.019226657948371084,55.77710389003456],"normal":[-0.39954697355103147,0.765919238548832,-0.5037161263519251],"radius":2.3147308031877034},"confidence":0.9954413787185835,"timestamp":246880.139237,"diameter_3d":4.629461606375407,"ellipse":{"center":[31.57141397283891,119.37352278349684],"axes":[21.378006631968965,52.272783269207636],"angle":-57.95971242744318},"norm_pos":[0.0986606686651216,0.5026103217354299],"diameter":52.272783269207636,"sphere":{"center":[-6.763749796666403,-9.210257520534356,61.82169740625766],"radius":12.0},"projected_sphere":{"center":[92.16742584119508,27.63178782999104],"axes":[240.69219423428237,240.69219423428237],"angle":90.0},"model_confidence":0.5064655401646245,"model_id":1,"model_birth_timestamp":246252.306372,"theta":2.4432661916605602,"phi":-2.2413763504028252,"method":"3d c++","id":1}
769215,769212,1,246880.147637,31,120,{"topic":"pupil.1","circle_3d":{"center":[-11.558778458566437,-0.008378396272394895,55.794001269753345],"normal":[-0.39958572182500285,0.7668232603551635,-0.5023080113753597],"radius":2.2970900173906204},"confidence":0.9944399836632232,"timestamp":246880.147637,"diameter_3d":4.594180034781241,"ellipse":{"center":[31.603532115668315,119.5014671317517],"axes":[21.13078319691642,51.85770667748074],"angle":-58.00639492825502},"norm_pos":[0.09876103786146348,0.502077220284368],"diameter":51.85770667748074,"sphere":{"center":[-6.763749796666403,-9.210257520534356,61.82169740625766],"radius":12.0},"projected_sphere":{"center":[92.16742584119508,27.63178782999104],"axes":[240.69219423428237,240.69219423428237],"angle":90.0},"model_confidence":0.5064181657743472,"model_id":1,"model_birth_timestamp":246252.306372,"theta":2.444673453653393,"phi":-2.242786969793469,"method":"3d c++","id":1}
769223,769217,1,246880.156037,31,120,{"topic":"pupil.1","circle_3d":{"center":[-11.555585844379674,-0.024303867555023118,55.76723105676398],"normal":[-0.3993196706427726,0.7654961377482776,-0.5045388624578065],"radius":2.3122511820402054},"confidence":0.995379584212422,"timestamp":246880.156037,"diameter_3d":4.624502364080411,"ellipse":{"center":[31.579325787675543,119.31726103274448],"axes":[21.40664177526781,52.22606138909257],"angle":-57.94763943719488},"norm_pos":[0.09868539308648608,0.502844745696898],"diameter":52.22606138909257,"sphere":{"center":[-6.763749796666403,-9.210257520534356,61.82169740625766],"radius":12.0},"projected_sphere":{"center":[92.16742584119508,27.63178782999104],"axes":[240.69219423428237,240.69219423428237],"angle":90.0},"model_confidence":0.5066332784562477,"model_id":1,"model_birth_timestamp":246252.306372,"theta":2.4426083740962947,"phi":-2.2403049774665584,"method":"3d c++","id":1}
769231,769223,1,246880.164437,31,120,{"topic":"pupil.1","circle_3d":{"center":[-11.555248616829076,-0.028397836800117204,55.760757561267],"normal":[-0.39929156834688934,0.7651549736445199,-0.505078320415889],"radius":2.307298590837237},"confidence":0.9950757681867359,"timestamp":246880.164437,"diameter_3d":4.614597181674474,"ellipse":{"center":[31.568276877034236,119.27306787156942],"axes":[21.393135184280965,52.12026970652471],"angle":-57.93070665993184},"norm_pos":[0.098650865240732,0.5030288838684607],"diameter":52.12026970652471,"sphere":{"center":[-6.763749796666403,-9.210257520534356,61.82169740625766],"radius":12.0},"projected_sphere":{"center":[92.16742584119508,27.63178782999104],"axes":[240.69219423428237,240.69219423428237],"angle":90.0},"model_confidence":0.5070293332796072,"model_id":1,"model_birth_timestamp":246252.306372,"theta":2.4420783226142153,"phi":-2.2397507708311353,"method":"3d c++","id":1}
769238,769234,1,246880.172837,31,120,{"topic":"pupil.1","circle_3d":{"center":[-11.54209752261687,-0.03823870621055647,55.73552752039396],"normal":[-0.39819564382920575,0.76433490119365,-0.5071808238219754],"radius":2.3026466223688082},"confidence":0.994626134225126,"timestamp":246880.172837,"diameter_3d":4.6052932447376165,"ellipse":{"center":[31.657130847195873,119.1633422330143],"axes":[21.48692154229096,52.03843724811795],"angle":-57.93787354201223},"norm_pos":[0.0989285338974871,0.5034860740291071],"diameter":52.03843724811795,"sphere":{"center":[-6.763749796666403,-9.210257520534356,61.82169740625766],"radius":12.0},"projected_sphere":{"center":[92.16742584119508,27.63178782999104],"axes":[240.69219423428237,240.69219423428237],"angle":90.0},"model_confidence":0.5072852836968456,"model_id":1,"model_birth_timestamp":246252.306372,"theta":2.4408055761052183,"phi":-2.23639537295709,"method":"3d c++","id":1}
769246,769246,1,246880.181237,31,121,{"topic":"pupil.1","circle_3d":{"center":[-11.574367706541794,-0.05811704499472725,55.73102584712928],"normal":[-0.4008848258229493,0.7626783729616358,-0.5075559632606985],"radius":2.3299601919086954},"confidence":0.9951647418293014,"timestamp":246880.181237,"diameter_3d":4.659920383817391,"ellipse":{"center":[31.290234475410614,118.9325823818013],"axes":[21.735550083022385,52.66316540164962],"angle":-57.723688752894816},"norm_pos":[0.09778198273565816,0.5044475734091612],"diameter":52.66316540164962,"sphere":{"center":[-6.763749796666403,-9.210257520534356,61.82169740625766],"radius":12.0},"projected_sphere":{"center":[92.16742584119508,27.63178782999104],"axes":[240.69219423428237,240.69219423428237],"angle":90.0},"model_confidence":0.5075400482077552,"model_id":1,"model_birth_timestamp":246252.306372,"theta":2.438240493045662,"phi":-2.2393075172361394,"method":"3d c++","id":1}
769254,769252,1,246880.189637,31,121,{"topic":"pupil.1","circle_3d":{"center":[-11.567354285986122,-0.057511469536212445,55.726402201255254],"normal":[-0.4003003741099766,0.7627288375831787,-0.5079412670835337],"radius":2.316764896494267},"confidence":0.9952530450755471,"timestamp":246880.189637,"diameter_3d":4.633529792988534,"ellipse":{"center":[31.357005513372428,118.94362327337038],"axes":[21.641621926552748,52.36851896228124],"angle":-57.753639618520225},"norm_pos":[0.09799064222928884,0.5044015696942901],"diameter":52.36851896228124,"sphere":{"center":[-6.763749796666403,-9.210257520534356,61.82169740625766],"radius":12.0},"projected_sphere":{"center":[92.16742584119508,27.63178782999104],"axes":[240.69219423428237,240.69219423428237],"angle":90.0},"model_confidence":0.5077319105168732,"model_id":1,"model_birth_timestamp":246252.306372,"theta":2.4383185212845326,"phi":-2.2382290505734166,"method":"3d c++","id":1}
769262,769262,1,246880.198037,31,121,{"topic":"pupil.1","circle_3d":{"center":[-11.569666294636185,-0.0634131807260978,55.71936955224494],"normal":[-0.40049304149748194,0.7622370283173547,-0.5085273211677269],"radius":2.32880730908308},"confidence":0.99523581706914,"timestamp":246880.198037,"diameter_3d":4.65761461816616,"ellipse":{"center":[31.31604189872553,118.87312203553174],"axes":[21.78760136508655,52.648108552121336],"angle":-57.7181966347878},"norm_pos":[0.09786263093351728,0.5046953248519511],"diameter":52.648108552121336,"sphere":{"center":[-6.763749796666403,-9.210257520534356,61.82169740625766],"radius":12.0},"projected_sphere":{"center":[92.16742584119508,27.63178782999104],"axes":[240.69219423428237,240.69219423428237],"angle":90.0},"model_confidence":0.5080011746006141,"model_id":1,"model_birth_timestamp":246252.306372,"theta":2.4375583930057414,"phi":-2.237902419972607,"method":"3d c++","id":1}
769275,769274,1,246880.206437,31,121,{"topic":"pupil.1","circle_3d":{"center":[-11.579258669304828,-0.08109010763120672,55.700490283089245],"normal":[-0.4012924060532021,0.7607639510752624,-0.5101005935973684],"radius":2.3209529312742636},"confidence":0.995069998637755,"timestamp":246880.206437,"diameter_3d":4.641905862548527,"ellipse":{"center":[31.16659135558669,118.67794521688091],"axes":[21.799707206661598,52.48931890884448],"angle":-57.60188257595854},"norm_pos":[0.09739559798620841,0.5055085615963295],"diameter":52.48931890884448,"sphere":{"center":[-6.763749796666403,-9.210257520534356,61.82169740625766],"radius":12.0},"projected_sphere":{"center":[92.16742584119508,27.63178782999104],"axes":[240.69219423428237,240.69219423428237],"angle":90.0},"model_confidence":0.5079766130694607,"model_id":1,"model_birth_timestamp":246252.306372,"theta":2.43528569950187,"phi":-2.2373702181375204,"method":"3d c++","id":1}
769283,769279,1,246880.214837,31,121,{"topic":"pupil.1","circle_3d":{"center":[-11.583121392458793,-0.09007578765195134,55.69014437453172],"normal":[-0.4016142996493659,0.760015144406867,-0.5109627526438287],"radius":2.318917442961893},"confidence":0.994864652341023,"timestamp":246880.214837,"diameter_3d":4.637834885923786,"ellipse":{"center":[31.100227665649783,118.57789955539198],"axes":[21.828800412134015,52.453544366885296],"angle":-57.54662586908097},"norm_pos":[0.09718821145515558,0.5059254185192001],"diameter":52.453544366885296,"sphere":{"center":[-6.763749796666403,-9.210257520534356,61.82169740625766],"radius":12.0},"projected_sphere":{"center":[92.16742584119508,27.63178782999104],"axes":[240.69219423428237,240.69219423428237],"angle":90.0},"model_confidence":0.507918988637257,"model_id":1,"model_birth_timestamp":246252.306372,"theta":2.4341327439731963,"phi":-2.236939263510687,"method":"3d c++","id":1}
769291,769291,1,246880.223237,31,121,{"topic":"pupil.1","circle_3d":{"center":[-11.587734309513143,-0.09808487606021288,55.68186979327764],"normal":[-0.40199870940389504,0.7593477203728451,-0.5116523010816684],"radius":2.3150798670497292},"confidence":0.9946787599490731,"timestamp":246880.223237,"diameter_3d":4.6301597340994585,"ellipse":{"center":[31.030109233138205,118.48952753542169],"axes":[21.829738804141286,52.374971675983204],"angle":-57.49283019744453},"norm_pos":[0.09696909135355689,0.5062936352690763],"diameter":52.374971675983204,"sphere":{"center":[-6.763749796666403,-9.210257520534356,61.82169740625766],"radius":12.0},"projected_sphere":{"center":[92.16742584119508,27.63178782999104],"axes":[240.69219423428237,240.69219423428237],"angle":90.0},"model_confidence":0.5079776852871754,"model_id":1,"model_birth_timestamp":246252.306372,"theta":2.433106403986502,"phi":-2.2367488720485147,"method":"3d c++","id":1}
769298,769296,1,246880.231637,31,121,{"topic":"pupil.1","circle_3d":{"center":[-11.585253318714233,-0.10641597059183283,55.66757904369585],"normal":[-0.4017919601706526,0.7586534624952103,-0.512843196880151],"radius":2.32959073857524},"confidence":0.9951827824446675,"timestamp":246880.231637,"diameter_3d":4.65918147715048,"ellipse":{"center":[31.0260249447835,118.39026096732186],"axes":[22.04112856818147,52.71748741747349],"angle":-57.464929972414495},"norm_pos":[0.09695632795244843,0.5067072459694922],"diameter":52.71748741747349,"sphere":{"center":[-6.763749796666403,-9.210257520534356,61.82169740625766],"radius":12.0},"projected_sphere":{"center":[92.16742584119508,27.63178782999104],"axes":[240.69219423428237,240.69219423428237],"angle":90.0},"model_confidence":0.507859129134347,"model_id":1,"model_birth_timestamp":246252.306372,"theta":2.4320401026841445,"phi":-2.235370013502789,"method":"3d c++","id":1}
769307,769302,1,246880.240037,31,121,{"topic":"pupil.1","circle_3d":{"center":[-11.583360808031246,-0.10790847333145592,55.66389004307917],"normal":[-0.4016342509470703,0.7585290872669083,-0.5131506135982075],"radius":2.318822686303009},"confidence":0.9944887408522006,"timestamp":246880.240037,"diameter_3d":4.637645372606018,"ellipse":{"center":[31.03816423729137,118.37722020776349],"axes":[21.959216042543247,52.47694673985677],"angle":-57.46562504384869},"norm_pos":[0.09699426324153552,0.5067615824676521],"diameter":52.47694673985677,"sphere":{"center":[-6.763749796666403,-9.210257520534356,61.82169740625766],"radius":12.0},"projected_sphere":{"center":[92.16742584119508,27.63178782999104],"axes":[240.69219423428237,240.69219423428237],"angle":90.0},"model_confidence":0.5078375028901072,"model_id":1,"model_birth_timestamp":246252.306372,"theta":2.4318492162980117,"phi":-2.2348885558528337,"method":"3d c++","id":1}
769315,769312,1,246880.248437,30,121,{"topic":"pupil.1","circle_3d":{"center":[-11.58778936010775,-0.13192637606125857,55.63198449517346],"normal":[-0.4020032969534456,0.756527595372758,-0.5158094092570165],"radius":2.3104338095359798},"confidence":0.9942560925958466,"timestamp":246880.248437,"diameter_3d":4.6208676190719595,"ellipse":{"center":[30.916269561831257,118.11003634906172],"axes":[22.034989071809374,52.318104736010724],"angle":-57.3404875748557},"norm_pos":[0.09661334238072268,0.5078748485455762],"diameter":52.318104736010724,"sphere":{"center":[-6.763749796666403,-9.210257520534356,61.82169740625766],"radius":12.0},"projected_sphere":{"center":[92.16742584119508,27.63178782999104],"axes":[240.69219423428237,240.69219423428237],"angle":90.0},"model_confidence":0.5075727017279319,"model_id":1,"model_birth_timestamp":246252.306372,"theta":2.4287832100701094,"phi":-2.23282708972336,"method":"3d c++","id":1}
769323,769317,1,246880.256837,30,122,{"topic":"pupil.1","circle_3d":{"center":[-11.627987929420764,-0.1457878684754732,55.64313953934714],"normal":[-0.40535317772953006,0.7553724710049069,-0.5148798222425435],"radius":2.343013633635499},"confidence":0.995105836317564,"timestamp":246880.256837,"diameter_3d":4.686027267270998,"ellipse":{"center":[30.496601258977307,117.94534283477904],"axes":[22.252557548051925,53.04864120414718],"angle":-57.12231398355149},"norm_pos":[0.09530187893430409,0.508561071521754],"diameter":53.04864120414718,"sphere":{"center":[-6.763749796666403,-9.210257520534356,61.82169740625766],"radius":12.0},"projected_sphere":{"center":[92.16742584119508,27.63178782999104],"axes":[240.69219423428237,240.69219423428237],"angle":90.0},"model_confidence":0.5075971381263145,"model_id":1,"model_birth_timestamp":246252.306372,"theta":2.4270186616745986,"phi":-2.237731214686711,"method":"3d c++","id":1}
769332,769329,1,246880.265237,30,122,{"topic":"pupil.1","circle_3d":{"center":[-11.612673016886838,-0.15478425366741533,55.61796082920466],"normal":[-0.40407693501836967,0.7546227722389117,-0.51697804808775],"radius":2.3233178135807986},"confidence":0.9946650993551939,"timestamp":246880.265237,"diameter_3d":4.646635627161597,"ellipse":{"center":[30.60854595296513,117.84973015844551],"axes":[22.205761898245303,52.625640475358345],"angle":-57.14095982995818},"norm_pos":[0.09565170610301603,0.5089594576731438],"diameter":52.625640475358345,"sphere":{"center":[-6.763749796666403,-9.210257520534356,61.82169740625766],"radius":12.0},"projected_sphere":{"center":[92.16742584119508,27.63178782999104],"axes":[240.69219423428237,240.69219423428237],"angle":90.0},"model_confidence":0.5073838484675797,"model_id":1,"model_birth_timestamp":246252.306372,"theta":2.4258753530031045,"phi":-2.2342249028546224,"method":"3d c++","id":1}
769338,769335,1,246880.273637,30,122,{"topic":"pupil.1","circle_3d":{"center":[-11.616119601717665,-0.1606335880757328,55.61212302824278],"normal":[-0.40436415042093854,0.7541353277048852,-0.5174645315012402],"radius":2.3238354564004258},"confidence":0.9946129163274519,"timestamp":246880.273637,"diameter_3d":4.6476709128008515,"ellipse":{"center":[30.55699336273983,117.7838516007836],"axes":[22.236914178244263,52.643320607704695],"angle":-57.10121084557113},"norm_pos":[0.09549060425856197,0.5092339516634017],"diameter":52.643320607704695,"sphere":{"center":[-6.763749796666403,-9.210257520534356,61.82169740625766],"radius":12.0},"projected_sphere":{"center":[92.16742584119508,27.63178782999104],"axes":[240.69219423428237,240.69219423428237],"angle":90.0},"model_confidence":0.5071053457574082,"model_id":1,"model_birth_timestamp":246252.306372,"theta":2.42513279422813,"phi":-2.2341132961578642,"method":"3d c++","id":1}
769347,769346,1,246880.282037,30,122,{"topic":"pupil.1","circle_3d":{"center":[-11.619003802586297,-0.16953233103462395,55.601424374794824],"normal":[-0.4046045004933245,0.7533937657916443,-0.5183560859552364],"radius":2.3147188086647748},"confidence":0.9945054017398315,"timestamp":246880.282037,"diameter_3d":4.6294376173295495,"ellipse":{"center":[30.50011523275711,117.6870184147954],"axes":[22.200447197565826,52.447134661011184],"angle":-57.049899264413796},"norm_pos":[0.09531286010236598,0.5096374232716858],"diameter":52.447134661011184,"sphere":{"center":[-6.763749796666403,-9.210257520534356,61.82169740625766],"radius":12.0},"projected_sphere":{"center":[92.16742584119508,27.63178782999104],"axes":[240.69219423428237,240.69219423428237],"angle":90.0},"model_confidence":0.5070133641724706,"model_id":1,"model_birth_timestamp":246252.306372,"theta":2.4240043331212493,"phi":-2.233566471294681,"method":"3d c++","id":1}
769359,769356,1,246880.290437,30,122,{"topic":"pupil.1","circle_3d":{"center":[-11.63320168785837,-0.17870066671950902,55.59920441102842],"normal":[-0.40578765759933066,0.7526297378179039,-0.5185410829357706],"radius":2.3219655103910553},"confidence":0.994192911666576,"timestamp":246880.290437,"diameter_3d":4.6439310207821105,"ellipse":{"center":[30.337587442604445,117.58216547131595],"axes":[22.26814742020844,52.61468472715559],"angle":-56.95352254739842},"norm_pos":[0.09480496075813889,0.5100743105361836],"diameter":52.61468472715559,"sphere":{"center":[-6.763749796666403,-9.210257520534356,61.82169740625766],"radius":12.0},"projected_sphere":{"center":[92.16742584119508,27.63178782999104],"axes":[240.69219423428237,240.69219423428237],"angle":90.0},"model_confidence":0.5067571886798627,"model_id":1,"model_birth_timestamp":246252.306372,"theta":2.422843208534073,"phi":-2.234810074235593,"method":"3d c++","id":1}
769367,769367,1,246880.298837,30,122,{"topic":"pupil.1","circle_3d":{"center":[-11.640162700793379,-0.178925346401277,55.6043316981034],"normal":[-0.4063677420105814,0.7526110145110899,-0.5181138090128553],"radius":2.3405256085363373},"confidence":0.994664899628706,"timestamp":246880.298837,"diameter_3d":4.681051217072675,"ellipse":{"center":[30.27287329777309,117.57345131640679],"axes":[22.414094807752893,53.03124115681781],"angle":-56.92554014114998},"norm_pos":[0.0946027290555409,0.5101106195149717],"diameter":53.03124115681781,"sphere":{"center":[-6.763749796666403,-9.210257520534356,61.82169740625766],"radius":12.0},"projected_sphere":{"center":[92.16742584119508,27.63178782999104],"axes":[240.69219423428237,240.69219423428237],"angle":90.0},"model_confidence":0.5066071540781314,"model_id":1,"model_birth_timestamp":246252.306372,"theta":2.422814773309441,"phi":-2.2359037576194947,"method":"3d c++","id":1}
769375,769373,1,246880.307237,30,122,{"topic":"pupil.1","circle_3d":{"center":[-11.640494299310598,-0.1860792214217799,55.594212433834585],"normal":[-0.4063953752203496,0.7520148582593813,-0.5189570810352567],"radius":2.3258118543132347},"confidence":0.9943338213496292,"timestamp":246880.307237,"diameter_3d":4.651623708626469,"ellipse":{"center":[30.2453329185264,117.49811384933274],"axes":[22.323511926342025,52.707338535833244],"angle":-56.89194563731408},"norm_pos":[0.094516665370395,0.5104245256277802],"diameter":52.707338535833244,"sphere":{"center":[-6.763749796666403,-9.210257520534356,61.82169740625766],"radius":12.0},"projected_sphere":{"center":[92.16742584119508,27.63178782999104],"axes":[240.69219423428237,240.69219423428237],"angle":90.0},"model_confidence":0.5063902744217086,"model_id":1,"model_birth_timestamp":246252.306372,"theta":2.4219098689518286,"phi":-2.2351472079092,"method":"3d c++","id":1}
769384,769379,1,246880.315637,30,122,{"topic":"pupil.1","circle_3d":{"center":[-11.655173229587245,-0.19373110241284408,55.59464126782517],"normal":[-0.40761861941007016,0.7513772015101259,-0.5189213448693742],"radius":2.3361811472914873},"confidence":0.9946218053563644,"timestamp":246880.315637,"diameter_3d":4.672362294582975,"ellipse":{"center":[30.083655825792675,117.40926530760116],"axes":[22.407409542713797,52.94322155993521],"angle":-56.800642050182574},"norm_pos":[0.09401142445560211,0.5107947278849951],"diameter":52.94322155993521,"sphere":{"center":[-6.763749796666403,-9.210257520534356,61.82169740625766],"radius":12.0},"projected_sphere":{"center":[92.16742584119508,27.63178782999104],"axes":[240.69219423428237,240.69219423428237],"angle":90.0},"model_confidence":0.5062294293547653,"model_id":1,"model_birth_timestamp":246252.306372,"theta":2.4209430039523028,"phi":-2.2366400931553003,"method":"3d c++","id":1}
769392,769390,1,246880.324037,30,122,{"topic":"pupil.1","circle_3d":{"center":[-11.65965691364494,-0.20394622207653867,55.583392324170866],"normal":[-0.4079922597482114,0.7505259415381513,-0.5198587568405666],"radius":2.329516383297675},"confidence":0.9942010465888672,"timestamp":246880.324037,"diameter_3d":4.65903276659535,"ellipse":{"center":[30.007751601191046,117.29673751209083],"axes":[22.39592479832948,52.80331389419481],"angle":-56.73706422453134},"norm_pos":[0.09377422375372202,0.5112635936996215],"diameter":52.80331389419481,"sphere":{"center":[-6.763749796666403,-9.210257520534356,61.82169740625766],"radius":12.0},"projected_sphere":{"center":[92.16742584119508,27.63178782999104],"axes":[240.69219423428237,240.69219423428237],"angle":90.0},"model_confidence":0.5060056123063483,"model_id":1,"model_birth_timestamp":246252.306372,"theta":2.4196539135077995,"phi":-2.2362084740042367,"method":"3d c++","id":1}
769399,769396,1,246880.332437,29,122,{"topic":"pupil.1","circle_3d":{"center":[-11.66883085067396,-0.21147806696365024,55.579730713010264],"normal":[-0.40875675450062965,0.7498982877975588,-0.5201638911039498],"radius":2.3307137403017433},"confidence":0.9945503186052257,"timestamp":246880.332437,"diameter_3d":4.6614274806034866,"ellipse":{"center":[29.897421802154554,117.21207102435368],"axes":[22.417392324144398,52.83470594016013],"angle":-56.66756316601757},"norm_pos":[0.09342944313173299,0.5116163707318597],"diameter":52.83470594016013,"sphere":{"center":[-6.763749796666403,-9.210257520534356,61.82169740625766],"radius":12.0},"projected_sphere":{"center":[92.16742584119508,27.63178782999104],"axes":[240.69219423428237,240.69219423428237],"angle":90.0},"model_confidence":0.5058520988365123,"model_id":1,"model_birth_timestamp":246252.306372,"theta":2.4187046447837997,"phi":-2.236832784353155,"method":"3d c++","id":1}
769408,769407,1,246880.340837,29,122,{"topic":"pupil.1","circle_3d":{"center":[-11.679743479571798,-0.21718221877994281,55.58009482946626],"normal":[-0.40966614024211623,0.7494229418128677,-0.5201335480659499],"radius":2.348320208105413},"confidence":0.9946329140120564,"timestamp":246880.340837,"diameter_3d":4.696640416210826,"ellipse":{"center":[29.777874008255196,117.14216581113618],"axes":[22.57503136794082,53.23474755076211],"angle":-56.59961484660016},"norm_pos":[0.09305585627579749,0.5119076424535993],"diameter":53.23474755076211,"sphere":{"center":[-6.763749796666403,-9.210257520534356,61.82169740625766],"radius":12.0},"projected_sphere":{"center":[92.16742584119508,27.63178782999104],"axes":[240.69219423428237,240.69219423428237],"angle":90.0},"model_confidence":0.5055082517488207,"model_id":1,"model_birth_timestamp":246252.306372,"theta":2.417986406787668,"phi":-2.237941055899191,"method":"3d c++","id":1}
769416,769414,1,246880.349237,29,122,{"topic":"pupil.1","circle_3d":{"center":[-11.681594070254791,-0.22054945911644808,55.57670287693966],"normal":[-0.40982035613236567,0.7491423384514924,-0.5204162107765],"radius":2.31337735089544},"confidence":0.993481751989162,"timestamp":246880.349237,"diameter_3d":4.62675470179088,"ellipse":{"center":[29.747566779085815,117.11715515180997],"axes":[22.25356244977124,52.44499870258685],"angle":-56.57740700428511},"norm_pos":[0.09296114618464317,0.5120118535341251],"diameter":52.44499870258685,"sphere":{"center":[-6.763749796666403,-9.210257520534356,61.82169740625766],"radius":12.0},"projected_sphere":{"center":[92.16742584119508,27.63178782999104],"axes":[240.69219423428237,240.69219423428237],"angle":90.0},"model_confidence":0.5049058955062691,"model_id":1,"model_birth_timestamp":246252.306372,"theta":2.417562694860877,"phi":-2.237859919385321,"method":"3d c++","id":1}
769423,769418,1,246880.357637,29,123,{"topic":"pupil.1","circle_3d":{"center":[-11.698089970086805,-0.23353920249841842,55.571032218327055],"normal":[-0.4111950144517002,0.7480598598363281,-0.5208887656608839],"radius":2.330658596571908},"confidence":0.994480022379108,"timestamp":246880.357637,"diameter_3d":4.661317193143816,"ellipse":{"center":[29.552061454441343,116.96559340329064],"axes":[22.433404778172935,52.84396833269174],"angle":-56.454923196126344},"norm_pos":[0.0923501920451292,0.5126433608196224],"diameter":52.84396833269174,"sphere":{"center":[-6.763749796666403,-9.210257520534356,61.82169740625766],"radius":12.0},"projected_sphere":{"center":[92.16742584119508,27.63178782999104],"axes":[240.69219423428237,240.69219423428237],"angle":90.0},"model_confidence":0.5047206062707144,"model_id":1,"model_birth_timestamp":246252.306372,"theta":2.415930047098904,"phi":-2.239046765378477,"method":"3d c++","id":1}
769430,769430,1,246880.366037,29,123,{"topic":"pupil.1","circle_3d":{"center":[-11.706520150039221,-0.24971582218269006,55.55450395895449],"normal":[-0.4118975294477348,0.746711808195972,-0.5222661206085978],"radius":2.335673092307914},"confidence":0.9945690725719857,"timestamp":246880.366037,"diameter_3d":4.671346184615828,"ellipse":{"center":[29.420659799861113,116.78159369671766],"axes":[22.55756009876828,52.97464643724715],"angle":-56.34882213269637},"norm_pos":[0.09193956187456598,0.5134100262636764],"diameter":52.97464643724715,"sphere":{"center":[-6.763749796666403,-9.210257520534356,61.82169740625766],"radius":12.0},"projected_sphere":{"center":[92.16742584119508,27.63178782999104],"axes":[240.69219423428237,240.69219423428237],"angle":90.0},"model_confidence":0.5044068092252663,"model_id":1,"model_birth_timestamp":246252.306372,"theta":2.413901039700099,"phi":-2.238592702151526,"method":"3d c++","id":1}
769442,769440,1,246880.374437,29,123,{"topic":"pupil.1","circle_3d":{"center":[-11.72003902639132,-0.25441043966393906,55.55847138962872],"normal":[-0.4130241024770763,0.7463205900725347,-0.5219355013857451],"radius":2.337267976708932},"confidence":0.9944192064521752,"timestamp":246880.374437,"diameter_3d":4.674535953417864,"ellipse":{"center":[29.279443765548393,116.72930135139971],"axes":[22.540144485836716,53.007871110419174],"angle":-56.275713328114335},"norm_pos":[0.09149826176733873,0.5136279110358346],"diameter":53.007871110419174,"sphere":{"center":[-6.763749796666403,-9.210257520534356,61.82169740625766],"radius":12.0},"projected_sphere":{"center":[92.16742584119508,27.63178782999104],"axes":[240.69219423428237,240.69219423428237],"angle":90.0},"model_confidence":0.5040499189597814,"model_id":1,"model_birth_timestamp":246252.306372,"theta":2.413313066432595,"phi":-2.2402293195236687,"method":"3d c++","id":1}
769451,769446,1,246880.382837,29,123,{"topic":"pupil.1","circle_3d":{"center":[-11.723921819773516,-0.2637857876355305,55.548154783972564],"normal":[-0.41334766859225935,0.745539311074902,-0.5227952185237584],"radius":2.35417123679739},"confidence":0.9948862157696676,"timestamp":246880.382837,"diameter_3d":4.70834247359478,"ellipse":{"center":[29.21354005467998,116.61730232410528],"axes":[22.7525468965135,53.402242000387645],"angle":-56.21791493989576},"norm_pos":[0.09129231267087494,0.5140945736495613],"diameter":53.402242000387645,"sphere":{"center":[-6.763749796666403,-9.210257520534356,61.82169740625766],"radius":12.0},"projected_sphere":{"center":[92.16742584119508,27.63178782999104],"axes":[240.69219423428237,240.69219423428237],"angle":90.0},"model_confidence":0.5039296366015855,"model_id":1,"model_birth_timestamp":246252.306372,"theta":2.4121400175106067,"phi":-2.2398095532689895,"method":"3d c++","id":1}
769458,769458,1,246880.391237,29,123,{"topic":"pupil.1","circle_3d":{"center":[-11.742139227794262,-0.2710629872066139,55.55221259749085],"normal":[-0.41486578592732165,0.7449328777773118,-0.5224570673972345],"radius":2.3359435945144864},"confidence":0.9943910694103291,"timestamp":246880.391237,"diameter_3d":4.671887189028973,"ellipse":{"center":[29.019075596956725,116.54365231229427],"axes":[22.538166031943664,52.985436537890855],"angle":-56.11530171900296},"norm_pos":[0.09068461124048977,0.5144014486987738],"diameter":52.985436537890855,"sphere":{"center":[-6.763749796666403,-9.210257520534356,61.82169740625766],"radius":12.0},"projected_sphere":{"center":[92.16742584119508,27.63178782999104],"axes":[240.69219423428237,240.69219423428237],"angle":90.0},"model_confidence":0.503600121885639,"model_id":1,"model_birth_timestamp":246252.306372,"theta":2.4112305502536016,"phi":-2.2419089486696393,"method":"3d c++","id":1}
769467,769463,1,246880.399637,28,123,{"topic":"pupil.1","circle_3d":{"center":[-11.755423095637168,-0.2806059820860263,55.54917629603175],"normal":[-0.4159727749142304,0.7441376282040275,-0.5227100925188258],"radius":2.337833199470446},"confidence":0.9939202318598472,"timestamp":246880.399637,"diameter_3d":4.675666398940892,"ellipse":{"center":[28.86438000407253,116.43634293339602],"axes":[22.55925092423494,53.032234169935265],"angle":-56.021049587641244},"norm_pos":[0.09020118751272665,0.5148485711108499],"diameter":53.032234169935265,"sphere":{"center":[-6.763749796666403,-9.210257520534356,61.82169740625766],"radius":12.0},"projected_sphere":{"center":[92.16742584119508,27.63178782999104],"axes":[240.69219423428237,240.69219423428237],"angle":90.0},"model_confidence":0.5031109133794787,"model_id":1,"model_birth_timestamp":246252.306372,"theta":2.4100393131765117,"phi":-2.242971138949598,"method":"3d c++","id":1}
769475,769474,1,246880.408037,28,123,{"topic":"pupil.1","circle_3d":{"center":[-11.776589408469622,-0.30323845027174556,55.5338956991175],"normal":[-0.417736634316935,0.7422515891885508,-0.5239834755950135],"radius":2.3396515617149425},"confidence":0.9945334198988776,"timestamp":246880.408037,"diameter_3d":4.679303123429885,"ellipse":{"center":[28.593678675293518,116.18161965440251],"axes":[22.63424998282524,53.090018215662724],"angle":-55.83680531355694},"norm_pos":[0.08935524586029224,0.5159099181066562],"diameter":53.090018215662724,"sphere":{"center":[-6.763749796666403,-9.210257520534356,61.82169740625766],"radius":12.0},"projected_sphere":{"center":[92.16742584119508,27.63178782999104],"axes":[240.69219423428237,240.69219423428237],"angle":90.0},"model_confidence":0.503028603270328,"model_id":1,"model_birth_timestamp":246252.306372,"theta":2.407220434768565,"phi":-2.2438474638796113,"method":"3d c++","id":1}
769482,769480,1,246880.416437,28,123,{"topic":"pupil.1","circle_3d":{"center":[-11.788646203598951,-0.31181659161799047,55.531374271935995],"normal":[-0.41874136724437905,0.7415367440763638,-0.5241935945268058],"radius":2.325878477113978},"confidence":0.9934692870203812,"timestamp":246880.416437,"diameter_3d":4.651756954227956,"ellipse":{"center":[28.452801299805174,116.09085930044978],"axes":[22.50197536684769,52.780341286436645],"angle":-55.751790749923344},"norm_pos":[0.08891500406189116,0.5162880862481259],"diameter":52.780341286436645,"sphere":{"center":[-6.763749796666403,-9.210257520534356,61.82169740625766],"radius":12.0},"projected_sphere":{"center":[92.16742584119508,27.63178782999104],"axes":[240.69219423428237,240.69219423428237],"angle":90.0},"model_confidence":0.5027564289679765,"model_id":1,"model_birth_timestamp":246252.306372,"theta":2.4061543241825785,"phi":-2.2448232120141536,"method":"3d c++","id":1}
769492,769491,1,246880.424837,28,124,{"topic":"pupil.1","circle_3d":{"center":[-11.777081594834415,-0.3266015135648068,55.50132081689914],"normal":[-0.41777764984733434,0.7403046672474625,-0.5266980491132105],"radius":2.331087454267529},"confidence":0.9939947306514358,"timestamp":246880.424837,"diameter_3d":4.662174908535058,"ellipse":{"center":[28.51239450971687,115.91990844241602],"axes":[22.715520325690516,52.92750055045939],"angle":-55.727437252099776},"norm_pos":[0.08910123284286522,0.5170003814899333],"diameter":52.92750055045939,"sphere":{"center":[-6.763749796666403,-9.210257520534356,61.82169740625766],"radius":12.0},"projected_sphere":{"center":[92.16742584119508,27.63178782999104],"axes":[240.69219423428237,240.69219423428237],"angle":90.0},"model_confidence":0.5022774242125938,"model_id":1,"model_birth_timestamp":246252.306372,"theta":2.404319762893265,"phi":-2.2413780346040606,"method":"3d c++","id":1}
769499,769497,1,246880.433237,28,124,{"topic":"pupil.1","circle_3d":{"center":[-11.815142131276646,-0.3296804649933538,55.527351797503755],"normal":[-0.4209493612175203,0.7400480879617501,-0.524528800729492],"radius":2.347865047411689},"confidence":0.9942942321848188,"timestamp":246880.433237,"diameter_3d":4.695730094823378,"ellipse":{"center":[28.14991791833063,115.88327999449257],"axes":[22.71032643494605,53.28568241299916],"angle":-55.56931858432745},"norm_pos":[0.08796849349478322,0.5171530000229476],"diameter":53.28568241299916,"sphere":{"center":[-6.763749796666403,-9.210257520534356,61.82169740625766],"radius":12.0},"projected_sphere":{"center":[92.16742584119508,27.63178782999104],"axes":[240.69219423428237,240.69219423428237],"angle":90.0},"model_confidence":0.5018069384004509,"model_id":1,"model_birth_timestamp":246252.306372,"theta":2.4039381828500397,"phi":-2.2470771942692433,"method":"3d c++","id":1}
769508,769508,1,246880.441637,28,124,{"topic":"pupil.1","circle_3d":{"center":[-11.808399525910097,-0.32890130657098204,55.523045097236654],"normal":[-0.42038747743697447,0.7401130178302812,-0.5248876924184174],"radius":2.332348324074615},"confidence":0.9937210792491351,"timestamp":246880.441637,"diameter_3d":4.66469664814923,"ellipse":{"center":[28.214026889329148,115.89705961298358],"axes":[22.58806428815011,52.936848806567866],"angle":-55.598415503146384},"norm_pos":[0.08816883402915358,0.5170955849459018],"diameter":52.936848806567866,"sphere":{"center":[-6.763749796666403,-9.210257520534356,61.82169740625766],"radius":12.0},"projected_sphere":{"center":[92.16742584119508,27.63178782999104],"axes":[240.69219423428237,240.69219423428237],"angle":90.0},"model_confidence":0.5013072257651241,"model_id":1,"model_birth_timestamp":246252.306372,"theta":2.404034730222815,"phi":-2.246091524409017,"method":"3d c++","id":1}
769515,769514,1,246880.450037,28,124,{"topic":"pupil.1","circle_3d":{"center":[-11.813816333889426,-0.3235615313949207,55.53492857272852],"normal":[-0.42083887810191856,0.7405579990949529,-0.5238974027940951],"radius":2.321285828894412},"confidence":0.9934606648297923,"timestamp":246880.450037,"diameter_3d":4.642571657788824,"ellipse":{"center":[28.180570890401953,115.96233034277247],"axes":[22.415717912352072,52.67415577430404],"angle":-55.60271851558727},"norm_pos":[0.0880642840325061,0.5168236235717814],"diameter":52.67415577430404,"sphere":{"center":[-6.763749796666403,-9.210257520534356,61.82169740625766],"radius":12.0},"projected_sphere":{"center":[92.16742584119508,27.63178782999104],"axes":[240.69219423428237,240.69219423428237],"angle":90.0},"model_confidence":0.5007776889174531,"model_id":1,"model_birth_timestamp":246252.306372,"theta":2.4046966707776116,"phi":-2.247537055859326,"method":"3d c++","id":1}
769527,769525,1,246880.458437,27,124,{"topic":"pupil.1","circle_3d":{"center":[-11.830305799514946,-0.33609622755396273,55.53049151102836],"normal":[-0.4222130002373785,0.7395134410816995,-0.5242671579357753],"radius":2.357062364087208},"confidence":0.9952059556753762,"timestamp":246880.458437,"diameter_3d":4.714124728174416,"ellipse":{"center":[27.98898709952465,115.80891616910884],"axes":[22.768861762907992,53.492585418656894],"angle":-55.4825993151226},"norm_pos":[0.08746558468601454,0.5174628492953799],"diameter":53.492585418656894,"sphere":{"center":[-6.763749796666403,-9.210257520534356,61.82169740625766],"radius":12.0},"projected_sphere":{"center":[92.16742584119508,27.63178782999104],"axes":[240.69219423428237,240.69219423428237],"angle":90.0},"model_confidence":0.5006280137574426,"model_id":1,"model_birth_timestamp":246252.306372,"theta":2.4031435799807137,"phi":-2.2487845336221453,"method":"3d c++","id":1}
769534,769531,1,246880.466837,27,124,{"topic":"pupil.1","circle_3d":{"center":[-11.861959009629354,-0.35730629301269445,55.52618174953959],"normal":[-0.42485076774691255,0.737745935626805,-0.5246263047265062],"radius":2.338687546364742},"confidence":0.9939986687597856,"timestamp":246880.466837,"diameter_3d":4.677375092729484,"ellipse":{"center":[27.62545786921629,115.5789742789155],"axes":[22.582418057474882,53.08133617588779],"angle":-55.26593430876281},"norm_pos":[0.0863295558413009,0.5184209405045188],"diameter":53.08133617588779,"sphere":{"center":[-6.763749796666403,-9.210257520534356,61.82169740625766],"radius":12.0},"projected_sphere":{"center":[92.16742584119508,27.63178782999104],"axes":[240.69219423428237,240.69219423428237],"angle":90.0},"model_confidence":0.5000763725588997,"model_id":1,"model_birth_timestamp":246252.306372,"theta":2.400521598247083,"phi":-2.251494032282652,"method":"3d c++","id":1}
769544,769542,1,246880.475237,27,124,{"topic":"pupil.1","circle_3d":{"center":[-11.870665295988772,-0.3502568016090617,55.54317836563796],"normal":[-0.42557629161019744,0.7383333932437744,-0.5232099200516425],"radius":2.327662217171943},"confidence":0.9933211209179829,"timestamp":246880.475237,"diameter_3d":4.655324434343886,"ellipse":{"center":[27.567393143410072,115.66410436712711],"axes":[22.38168120830221,52.81464835005953],"angle":-55.26617213327947},"norm_pos":[0.08614810357315647,0.5180662318036371],"diameter":52.81464835005953,"sphere":{"center":[-6.763749796666403,-9.210257520534356,61.82169740625766],"radius":12.0},"projected_sphere":{"center":[92.16742584119508,27.63178782999104],"axes":[240.69219423428237,240.69219423428237],"angle":90.0},"model_confidence":0.4993342510554277,"model_id":1,"model_birth_timestamp":246252.306372,"theta":2.4013922189523726,"phi":-2.2536517039448447,"method":"3d c++","id":1}
769550,769548,1,246880.483637,27,124,{"topic":"pupil.1","circle_3d":{"center":[-11.869846335586972,-0.3603981072127329,55.528227258583485],"normal":[-0.42550804491004746,0.7374882844434686,-0.5244558456395148],"radius":2.3388942480011266},"confidence":0.9939589550867404,"timestamp":246880.483637,"diameter_3d":4.677788496002253,"ellipse":{"center":[27.542429527790404,115.5447967531033],"axes":[22.56647670257389,53.08452988439369],"angle":-55.22213470423},"norm_pos":[0.086070092274345,0.5185633468620696],"diameter":53.08452988439369,"sphere":{"center":[-6.763749796666403,-9.210257520534356,61.82169740625766],"radius":12.0},"projected_sphere":{"center":[92.16742584119508,27.63178782999104],"axes":[240.69219423428237,240.69219423428237],"angle":90.0},"model_confidence":0.4990616798152603,"model_id":1,"model_birth_timestamp":246252.306372,"theta":2.400140016707703,"phi":-2.252409201081338,"method":"3d c++","id":1}
769560,769558,1,246880.492037,27,124,{"topic":"pupil.1","circle_3d":{"center":[-11.889595416571922,-0.3713437088030602,55.52889919642436],"normal":[-0.4271538016587932,0.7365761509776079,-0.5243998508194417],"radius":2.341614204703752},"confidence":0.9939476028713706,"timestamp":246880.492037,"diameter_3d":4.683228409407504,"ellipse":{"center":[27.32433091428163,115.42205508660922],"axes":[22.570360344494574,53.146965006296405],"angle":-55.09770335945913},"norm_pos":[0.0853885341071301,0.5190747704724616],"diameter":53.146965006296405,"sphere":{"center":[-6.763749796666403,-9.210257520534356,61.82169740625766],"radius":12.0},"projected_sphere":{"center":[92.16742584119508,27.63178782999104],"axes":[240.69219423428237,240.69219423428237],"angle":90.0},"model_confidence":0.498634661421804,"model_id":1,"model_birth_timestamp":246252.306372,"theta":2.398790422107458,"phi":-2.254350941306399,"method":"3d c++","id":1}
769567,769564,1,246880.500437,27,124,{"topic":"pupil.1","circle_3d":{"center":[-11.894608515670878,-0.3760994131975224,55.52630708156844],"normal":[-0.42757155991703966,0.7361798422780694,-0.5246158603907684],"radius":2.3524304411831025},"confidence":0.9942674091050497,"timestamp":246880.500437,"diameter_3d":4.704860882366205,"ellipse":{"center":[27.263189123995886,115.36470286328225],"axes":[22.683232635892118,53.39568620090494],"angle":-55.056887367304114},"norm_pos":[0.08519746601248715,0.5193137380696573],"diameter":53.39568620090494,"sphere":{"center":[-6.763749796666403,-9.210257520534356,61.82169740625766],"radius":12.0},"projected_sphere":{"center":[92.16742584119508,27.63178782999104],"axes":[240.69219423428237,240.69219423428237],"angle":90.0},"model_confidence":0.4982619275031519,"model_id":1,"model_birth_timestamp":246252.306372,"theta":2.3982046608158836,"phi":-2.2546279567175618,"method":"3d c++","id":1}
769576,769575,1,246880.508837,27,124,{"topic":"pupil.1","circle_3d":{"center":[-11.89393463179783,-0.3766265418646437,55.52501833788564],"normal":[-0.4275154029276189,0.7361359148891427,-0.5247232556976682],"radius":2.346023243510018},"confidence":0.9947416997841265,"timestamp":246880.508837,"diameter_3d":4.692046487020036,"ellipse":{"center":[27.267266358099675,115.36100422407031],"axes":[22.62849411934525,53.25129040764623],"angle":-55.056982811673606},"norm_pos":[0.08521020736906149,0.5193291490663736],"diameter":53.25129040764623,"sphere":{"center":[-6.763749796666403,-9.210257520534356,61.82169740625766],"radius":12.0},"projected_sphere":{"center":[92.16742584119508,27.63178782999104],"axes":[240.69219423428237,240.69219423428237],"angle":90.0},"model_confidence":0.4980905528822688,"model_id":1,"model_birth_timestamp":246252.306372,"theta":2.398139757226294,"phi":-2.254463397224064,"method":"3d c++","id":1}
769583,769581,1,246880.517237,27,124,{"topic":"pupil.1","circle_3d":{"center":[-11.918358778015975,-0.38796188024930167,55.529074273986225],"normal":[-0.42955074844579766,0.7351913033570878,-0.5243852610226201],"radius":2.3062793504598607},"confidence":0.9929171092616906,"timestamp":246880.517237,"diameter_3d":4.612558700919721,"ellipse":{"center":[27.002254369870286,115.25002860074274],"axes":[22.200710724621192,52.345588867798],"angle":-54.913837363683115},"norm_pos":[0.08438204490584464,0.5197915474969053],"diameter":52.345588867798,"sphere":{"center":[-6.763749796666403,-9.210257520534356,61.82169740625766],"radius":12.0},"projected_sphere":{"center":[92.16742584119508,27.63178782999104],"axes":[240.69219423428237,240.69219423428237],"angle":90.0},"model_confidence":0.49747581403153385,"model_id":1,"model_birth_timestamp":246252.306372,"theta":2.396745181357703,"phi":-2.2571061543026736,"method":"3d c++","id":1}
769592,769592,1,246880.525637,26,124,{"topic":"pupil.1","circle_3d":{"center":[-11.933662142372667,-0.38222862014147196,55.54970314035292],"normal":[-0.43082602880885534,0.7356690750327403,-0.5226661888253953],"radius":2.3315834907646074},"confidence":0.9937571718646593,"timestamp":246880.525637,"diameter_3d":4.663166981529215,"ellipse":{"center":[26.8818026057632,115.30788296504309],"axes":[22.326100108464704,52.901386841734414],"angle":-54.88379963360515},"norm_pos":[0.08400563314300999,0.5195504876456538],"diameter":52.901386841734414,"sphere":{"center":[-6.763749796666403,-9.210257520534356,61.82169740625766],"radius":12.0},"projected_sphere":{"center":[92.16742584119508,27.63178782999104],"axes":[240.69219423428237,240.69219423428237],"angle":90.0},"model_confidence":0.49687868348067266,"model_id":1,"model_birth_timestamp":246252.306372,"theta":2.3974502748765687,"phi":-2.260170932576243,"method":"3d c++","id":1}
769601,769598,1,246880.534037,26,124,{"topic":"pupil.1","circle_3d":{"center":[-11.925830254203571,-0.39985655911872797,55.51854262083478],"normal":[-0.43017337146143075,0.7342000801179689,-0.5252628987852406],"radius":2.295277970675786},"confidence":0.9927667512849124,"timestamp":246880.534037,"diameter_3d":4.590555941351572,"ellipse":{"center":[26.89371325089246,115.11991177718988],"axes":[22.139806251825412,52.106232639899574],"angle":-54.83081303467327},"norm_pos":[0.08404285390903894,0.5203337009283755],"diameter":52.106232639899574,"sphere":{"center":[-6.763749796666403,-9.210257520534356,61.82169740625766],"radius":12.0},"projected_sphere":{"center":[92.16742584119508,27.63178782999104],"axes":[240.69219423428237,240.69219423428237],"angle":90.0},"model_confidence":0.4959183653971744,"model_id":1,"model_birth_timestamp":246252.306372,"theta":2.395284054752255,"phi":-2.256996434017452,"method":"3d c++","id":1}
769611,769609,1,246880.542437,26,124,{"topic":"pupil.1","circle_3d":{"center":[-11.938321869798731,-0.39394616517284753,55.53707665833001],"normal":[-0.431214339427694,0.7346926129467923,-0.5237183956606379],"radius":2.303343229646014},"confidence":0.9929340712812004,"timestamp":246880.542437,"diameter_3d":4.606686459292028,"ellipse":{"center":[26.79856496192292,115.18574584245135],"axes":[22.113489527774096,52.27235298087132],"angle":-54.81215702131601},"norm_pos":[0.08374551550600913,0.5200593923231194],"diameter":52.27235298087132,"sphere":{"center":[-6.763749796666403,-9.210257520534356,61.82169740625766],"radius":12.0},"projected_sphere":{"center":[92.16742584119508,27.63178782999104],"axes":[240.69219423428237,240.69219423428237],"angle":90.0},"model_confidence":0.49524083131475827,"model_id":1,"model_birth_timestamp":246252.306372,"theta":2.3960097907252162,"phi":-2.2596260865778435,"method":"3d c++","id":1}
769619,769613,1,246880.550837,26,124,{"topic":"pupil.1","circle_3d":{"center":[-11.95197630773212,-0.4048748689526782,55.53301375790173],"normal":[-0.4323522092554764,0.7337818876318065,-0.5240569706963276],"radius":2.316112951864411},"confidence":0.9934920854631034,"timestamp":246880.550837,"diameter_3d":4.632225903728822,"ellipse":{"center":[26.637889000809196,115.05880859916229],"axes":[22.24366211501968,52.56735925392324],"angle":-54.7107369239784},"norm_pos":[0.08324340312752873,0.5205882975034904],"diameter":52.56735925392324,"sphere":{"center":[-6.763749796666403,-9.210257520534356,61.82169740625766],"radius":12.0},"projected_sphere":{"center":[92.16742584119508,27.63178782999104],"axes":[240.69219423428237,240.69219423428237],"angle":90.0},"model_confidence":0.4948601587440038,"model_id":1,"model_birth_timestamp":246252.306372,"theta":2.3946683044121695,"phi":-2.2606022851765704,"method":"3d c++","id":1}
769629,769626,1,246880.559237,26,124,{"topic":"pupil.1","circle_3d":{"center":[-11.949143607146105,-0.39877114951569226,55.53922982069933],"normal":[-0.43211615087330846,0.7342905309182219,-0.5235389654631945],"radius":2.302935827788901},"confidence":0.9930916280392587,"timestamp":246880.559237,"diameter_3d":4.605871655577802,"ellipse":{"center":[26.683127305455997,115.13253018055724],"axes":[22.08853315476585,52.26168689791295],"angle":-54.74974617631881},"norm_pos":[0.08338477282955,0.5202811242476781],"diameter":52.26168689791295,"sphere":{"center":[-6.763749796666403,-9.210257520534356,61.82169740625766],"radius":12.0},"projected_sphere":{"center":[92.16742584119508,27.63178782999104],"axes":[240.69219423428237,240.69219423428237],"angle":90.0},"model_confidence":0.49414641750805677,"model_id":1,"model_birth_timestamp":246252.306372,"theta":2.3954172892468306,"phi":-2.260819663113286,"method":"3d c++","id":1}
769636,769630,1,246880.567637,26,124,{"topic":"pupil.1","circle_3d":{"center":[-11.954736402243594,-0.40301508979077916,55.53789769375662],"normal":[-0.4325822171314326,0.7339368692286313,-0.5236499760417536],"radius":2.279590580282557},"confidence":0.992425780625242,"timestamp":246880.567637,"diameter_3d":4.559181160565114,"ellipse":{"center":[26.61623700805984,115.0934767900128],"axes":[21.8653675363196,51.73285229385021],"angle":-54.70948050460552},"norm_pos":[0.083175740650187,0.5204438467082799],"diameter":51.73285229385021,"sphere":{"center":[-6.763749796666403,-9.210257520534356,61.82169740625766],"radius":12.0},"projected_sphere":{"center":[92.16742584119508,27.63178782999104],"axes":[240.69219423428237,240.69219423428237],"angle":90.0},"model_confidence":0.49333013511325685,"model_id":1,"model_birth_timestamp":246252.306372,"theta":2.3948964529113046,"phi":-2.261244829410757,"method":"3d c++","id":1}
769642,769636,1,246880.576037,26,124,{"topic":"pupil.1","circle_3d":{"center":[-11.97061661635719,-0.4013012554052029,55.55345782555839],"normal":[-0.4339055683075657,0.7340796887607627,-0.522353298391606],"radius":2.270360390710128},"confidence":0.9917651222790311,"timestamp":246880.576037,"diameter_3d":4.540720781420256,"ellipse":{"center":[26.47541439244918,115.11831056374275],"axes":[21.685313556661168,51.50921742661044],"angle":-54.659180673839444},"norm_pos":[0.08273566997640369,0.5203403726510718],"diameter":51.50921742661044,"sphere":{"center":[-6.763749796666403,-9.210257520534356,61.82169740625766],"radius":12.0},"projected_sphere":{"center":[92.16742584119508,27.63178782999104],"axes":[240.69219423428237,240.69219423428237],"angle":90.0},"model_confidence":0.4923563481777582,"model_id":1,"model_birth_timestamp":246252.306372,"theta":2.395106747436575,"phi":-2.263963405990247,"method":"3d c++","id":1}
769651,769648,1,246880.584437,26,125,{"topic":"pupil.1","circle_3d":{"center":[-11.983532569859161,-0.4156124270035697,55.5441114467096],"normal":[-0.43498189776606316,0.7328870911275656,-0.523132163295672],"radius":2.290255070757382},"confidence":0.992980988276473,"timestamp":246880.584437,"diameter_3d":4.580510141514764,"ellipse":{"center":[26.310995641049487,114.95043401937389],"axes":[21.909790608707002,51.97097663677243],"angle":-54.54479673726138},"norm_pos":[0.08222186137827965,0.5210398582526088],"diameter":51.97097663677243,"sphere":{"center":[-6.763749796666403,-9.210257520534356,61.82169740625766],"radius":12.0},"projected_sphere":{"center":[92.16742584119508,27.63178782999104],"axes":[240.69219423428237,240.69219423428237],"angle":90.0},"model_confidence":0.4916817146877528,"model_id":1,"model_birth_timestamp":246252.306372,"theta":2.3933521713305748,"phi":-2.264448838847125,"method":"3d c++","id":1}
769659,769659,1,246880.592837,26,125,{"topic":"pupil.1","circle_3d":{"center":[-11.97257293160229,-0.4264467626319739,55.519885752588934],"normal":[-0.43406859457799063,0.7319842298251985,-0.525150971139061],"radius":2.287138789006016},"confidence":0.9936270321916505,"timestamp":246880.592837,"diameter_3d":4.574277578012032,"ellipse":{"center":[26.375857839375925,114.82698821610543],"axes":[22.010149498258418,51.92284403188948],"angle":-54.534308086946595},"norm_pos":[0.08242455574804977,0.5215542157662274],"diameter":51.92284403188948,"sphere":{"center":[-6.763749796666403,-9.210257520534356,61.82169740625766],"radius":12.0},"projected_sphere":{"center":[92.16742584119508,27.63178782999104],"axes":[240.69219423428237,240.69219423428237],"angle":90.0},"model_confidence":0.4911327402665533,"model_id":1,"model_birth_timestamp":246252.306372,"theta":2.3920260645106644,"phi":-2.261523669735791,"method":"3d c++","id":1}
769668,769665,1,246880.601237,26,125,{"topic":"pupil.1","circle_3d":{"center":[-11.983652821065181,-0.4197701793390163,55.53839057623917],"normal":[-0.4349919186998981,0.7325406117662783,-0.5236089025015407],"radius":2.2834166833279594},"confidence":0.9925830903519202,"timestamp":246880.601237,"diameter_3d":4.566833366655919,"ellipse":{"center":[26.295760916082656,114.90567754088417],"axes":[21.872337771308448,51.82111124210943],"angle":-54.524939181974474},"norm_pos":[0.0821742528627583,0.5212263435796494],"diameter":51.82111124210943,"sphere":{"center":[-6.763749796666403,-9.210257520534356,61.82169740625766],"radius":12.0},"projected_sphere":{"center":[92.16742584119508,27.63178782999104],"axes":[240.69219423428237,240.69219423428237],"angle":90.0},"model_confidence":0.49011087292568645,"model_id":1,"model_birth_timestamp":246252.306372,"theta":2.392843044785603,"phi":-2.2640123943891406,"method":"3d c++","id":1}
769676,769675,1,246880.609637,26,125,{"topic":"pupil.1","circle_3d":{"center":[-12.001915444576484,-0.4198798978532281,55.55345348186212],"normal":[-0.4365138039925068,0.7325314685567605,-0.5223536603662954],"radius":2.2870967487432146},"confidence":0.9925467813481714,"timestamp":246880.609637,"diameter_3d":4.574193497486429,"ellipse":{"center":[26.128173235139656,114.90558860270382],"axes":[21.815871258400993,51.891352914463695],"angle":-54.45761779986742},"norm_pos":[0.08165054135981142,0.5212267141554008],"diameter":51.891352914463695,"sphere":{"center":[-6.763749796666403,-9.210257520534356,61.82169740625766],"radius":12.0},"projected_sphere":{"center":[92.16742584119508,27.63178782999104],"axes":[240.69219423428237,240.69219423428237],"angle":90.0},"model_confidence":0.4892777129454684,"model_id":1,"model_birth_timestamp":246252.306372,"theta":2.3928296132738023,"phi":-2.2669103680178733,"method":"3d c++","id":1}
769682,769681,1,246880.618037,26,125,{"topic":"pupil.1","circle_3d":{"center":[-12.000966189808803,-0.42240080816696945,55.54912705158647],"normal":[-0.43643469942853336,0.7323213926972822,-0.5227141962226],"radius":2.2669367541851906},"confidence":0.992691995522089,"timestamp":246880.618037,"diameter_3d":4.533873508370381,"ellipse":{"center":[26.127240197634535,114.88400991744487],"axes":[21.645193464085224,51.43744227261005],"angle":-54.449394693409886},"norm_pos":[0.08164762561760792,0.5213166253439797],"diameter":51.43744227261005,"sphere":{"center":[-6.763749796666403,-9.210257520534356,61.82169740625766],"radius":12.0},"projected_sphere":{"center":[92.16742584119508,27.63178782999104],"axes":[240.69219423428237,240.69219423428237],"angle":90.0},"model_confidence":0.4882450611583433,"model_id":1,"model_birth_timestamp":246252.306372,"theta":2.392521062137409,"phi":-2.2664817221214686,"method":"3d c++","id":1}
769694,769692,1,246880.626437,26,125,{"topic":"pupil.1","circle_3d":{"center":[-12.013034277810023,-0.41924977981804723,55.563646963932136],"normal":[-0.43744037342863507,0.7325839783930257,-0.5215042035271271],"radius":2.289564168837155},"confidence":0.9930467538801404,"timestamp":246880.626437,"diameter_3d":4.57912833767431,"ellipse":{"center":[26.028605753020543,114.9133760968327],"axes":[21.778483497551736,51.938268111585316],"angle":-54.420012083003655},"norm_pos":[0.08133939297818919,0.521194266263197],"diameter":51.938268111585316,"sphere":{"center":[-6.763749796666403,-9.210257520534356,61.82169740625766],"radius":12.0},"projected_sphere":{"center":[92.16742584119508,27.63178782999104],"axes":[240.69219423428237,240.69219423428237],"angle":90.0},"model_confidence":0.48759365154129597,"model_id":1,"model_birth_timestamp":246252.306372,"theta":2.3929067536545157,"phi":-2.2687551508460038,"method":"3d c++","id":1}
769702,769698,1,246880.634837,26,125,{"topic":"pupil.1","circle_3d":{"center":[-12.005733378589582,-0.42907249162152006,55.543768001203404],"normal":[-0.436831965160265,0.7317654190760696,-0.5231607837545216],"radius":2.2813764281432247},"confidence":0.9932041224666203,"timestamp":246880.634837,"diameter_3d":4.562752856286449,"ellipse":{"center":[26.062504887282984,114.8037421003153],"axes":[21.80528973236129,51.77094106706956],"angle":-54.40063882341832},"norm_pos":[0.08144532777275933,0.5216510745820195],"diameter":51.77094106706956,"sphere":{"center":[-6.763749796666403,-9.210257520534356,61.82169740625766],"radius":12.0},"projected_sphere":{"center":[92.16742584119508,27.63178782999104],"axes":[240.69219423428237,240.69219423428237],"angle":90.0},"model_confidence":0.4867294693650992,"model_id":1,"model_birth_timestamp":246252.306372,"theta":2.3917049635426415,"phi":-2.2665091942338007,"method":"3d c++","id":1}
769711,769710,1,246880.643237,26,125,{"topic":"pupil.1","circle_3d":{"center":[-12.004782575880967,-0.4171717031482345,55.55965163707955],"normal":[-0.4367527316012136,0.7327571514488435,-0.5218371474315096],"radius":2.2681606108995886},"confidence":0.9928984937164627,"timestamp":246880.643237,"diameter_3d":4.536321221799177,"ellipse":{"center":[26.109627459758826,114.94346714784099],"axes":[21.601749392167555,51.45542873337811],"angle":-54.45995408434942},"norm_pos":[0.08159258581174633,0.5210688868839959],"diameter":51.45542873337811,"sphere":{"center":[-6.763749796666403,-9.210257520534356,61.82169740625766],"radius":12.0},"projected_sphere":{"center":[92.16742584119508,27.63178782999104],"axes":[240.69219423428237,240.69219423428237],"angle":90.0},"model_confidence":0.4858672771080985,"model_id":1,"model_birth_timestamp":246252.306372,"theta":2.3931612015930814,"phi":-2.267666510866519,"method":"3d c++","id":1}
769718,769716,1,246880.651637,26,125,{"topic":"pupil.1","circle_3d":{"center":[-12.010841676379034,-0.41889035072388126,55.562313243943265],"normal":[-0.4372576566427193,0.7326139308175396,-0.5216153468595331],"radius":2.2711002563942175},"confidence":0.992937110449183,"timestamp":246880.651637,"diameter_3d":4.542200512788435,"ellipse":{"center":[26.04866259280584,114.92372997188],"axes":[21.611041677601172,51.52002777237404],"angle":-54.42979444686617},"norm_pos":[0.08140207060251825,0.5211511251171668],"diameter":51.52002777237404,"sphere":{"center":[-6.763749796666403,-9.210257520534356,61.82169740625766],"radius":12.0},"projected_sphere":{"center":[92.16742584119508,27.63178782999104],"axes":[240.69219423428237,240.69219423428237],"angle":90.0},"model_confidence":0.4850433205903615,"model_id":1,"model_birth_timestamp":246252.306372,"theta":2.392950758591973,"phi":-2.26844453885203,"method":"3d c++","id":1}
769728,769727,1,246880.660037,26,125,{"topic":"pupil.1","circle_3d":{"center":[-11.98532304862001,-0.4179414932012335,55.542338231151994],"normal":[-0.4351311043294674,0.7326930022777601,-0.5232799312588056],"radius":2.2537526616352817},"confidence":0.9923488652799749,"timestamp":246880.660037,"diameter_3d":4.507505323270563,"ellipse":{"center":[26.284526490085284,114.93721758554128],"axes":[21.566724750182537,51.14341135248735],"angle":-54.52755829665219},"norm_pos":[0.08213914528151652,0.5210949267269114],"diameter":51.14341135248735,"sphere":{"center":[-6.763749796666403,-9.210257520534356,61.82169740625766],"radius":12.0},"projected_sphere":{"center":[92.16742584119508,27.63178782999104],"axes":[240.69219423428237,240.69219423428237],"angle":90.0},"model_confidence":0.48420756909456353,"model_id":1,"model_birth_timestamp":246252.306372,"theta":2.3930669373222186,"phi":-2.2644785965281407,"method":"3d c++","id":1}
769735,769732,1,246880.668437,26,125,{"topic":"pupil.1","circle_3d":{"center":[-11.954320843063648,-0.42689823665367044,55.50421595376652],"normal":[-0.43254758719977043,0.7319466069900571,-0.5264567877075951],"radius":2.2424932364586296},"confidence":0.9930872328971663,"timestamp":246880.668437,"diameter_3d":4.484986472917259,"ellipse":{"center":[26.53936733994044,114.83533340365241],"axes":[21.672572308423053,50.92175211944444],"angle":-54.599620725308625},"norm_pos":[0.08293552293731388,0.5215194441514484],"diameter":50.92175211944444,"sphere":{"center":[-6.763749796666403,-9.210257520534356,61.82169740625766],"radius":12.0},"projected_sphere":{"center":[92.16742584119508,27.63178782999104],"axes":[240.69219423428237,240.69219423428237],"angle":90.0},"model_confidence":0.48332386676989136,"model_id":1,"model_birth_timestamp":246252.306372,"theta":2.391970845770142,"phi":-2.2585820581175082,"method":"3d c++","id":1}
769743,769738,1,246880.676837,26,125,{"topic":"pupil.1","circle_3d":{"center":[-11.899529911836934,-0.46663690756632015,55.4050891756502],"normal":[-0.42798167626421096,0.7286350510806696,-0.5347173525506219],"radius":2.2196140827238793},"confidence":0.9935091481124474,"timestamp":246880.676837,"diameter_3d":4.439228165447759,"ellipse":{"center":[26.915795424971833,114.38406591458795],"axes":[21.979249813980577,50.49131861792288],"angle":-54.61708952172765},"norm_pos":[0.08411186070303697,0.5233997253558835],"diameter":50.49131861792288,"sphere":{"center":[-6.763749796666403,-9.210257520534356,61.82169740625766],"radius":12.0},"projected_sphere":{"center":[92.16742584119508,27.63178782999104],"axes":[240.69219423428237,240.69219423428237],"angle":90.0},"model_confidence":0.4824904252849871,"model_id":1,"model_birth_timestamp":246252.306372,"theta":2.3871232481363305,"phi":-2.2457741788140195,"method":"3d c++","id":1}
769751,769750,1,246880.685237,27,126,{"topic":"pupil.1","circle_3d":{"center":[-11.832817776850002,-0.5075967884073869,55.297262871849895],"normal":[-0.4224223316819665,0.7252217276772475,-0.5437028778673136],"radius":2.210484518613975},"confidence":0.9944717738962272,"timestamp":246880.685237,"diameter_3d":4.42096903722795,"ellipse":{"center":[27.4072307957901,113.91125273806328],"axes":[22.470305550864936,50.38057023363837],"angle":-54.6762998711113},"norm_pos":[0.08564759623684406,0.5253697802580697],"diameter":50.38057023363837,"sphere":{"center":[-6.763749796666403,-9.210257520534356,61.82169740625766],"radius":12.0},"projected_sphere":{"center":[92.16742584119508,27.63178782999104],"axes":[240.69219423428237,240.69219423428237],"angle":90.0},"model_confidence":0.4819953367972696,"model_id":1,"model_birth_timestamp":246252.306372,"theta":2.3821527038450636,"phi":-2.2313147808087574,"method":"3d c++","id":1}
769759,769756,1,246880.693637,28,126,{"topic":"pupil.1","circle_3d":{"center":[-11.71718025326814,-0.5424450789717472,55.163427797004616],"normal":[-0.4127858713834781,0.7223177034635507,-0.5548558007710874],"radius":2.19434505651791},"confidence":0.995958245558147,"timestamp":246880.693637,"diameter_3d":4.38869011303582,"ellipse":{"center":[28.387294532162883,113.50297032359941],"axes":[23.056640617855564,50.13059264336001],"angle":-54.95663848149459},"norm_pos":[0.08871029541300901,0.5270709569850025],"diameter":50.13059264336001,"sphere":{"center":[-6.763749796666403,-9.210257520534356,61.82169740625766],"radius":12.0},"projected_sphere":{"center":[92.16742584119508,27.63178782999104],"axes":[240.69219423428237,240.69219423428237],"angle":90.0},"model_confidence":0.48191752798733,"model_id":1,"model_birth_timestamp":246252.306372,"theta":2.3779442134246844,"phi":-2.210415220361459,"method":"3d c++","id":1}
769767,769766,1,246880.702037,29,126,{"topic":"pupil.1","circle_3d":{"center":[-11.598130046052107,-0.5537544337051337,55.0619842531671],"normal":[-0.40286502078214204,0.7213752572357686,-0.5633094294242136],"radius":2.180030567572306},"confidence":0.9971106469069666,"timestamp":246880.702037,"diameter_3d":4.360061135144612,"ellipse":{"center":[29.485510111468557,113.36267035837074],"axes":[23.502600795265643,49.89069917011884],"angle":-55.370854525329804},"norm_pos":[0.09214221909833924,0.5276555401734553],"diameter":49.89069917011884,"sphere":{"center":[-6.763749796666403,-9.210257520534356,61.82169740625766],"radius":12.0},"projected_sphere":{"center":[92.16742584119508,27.63178782999104],"axes":[240.69219423428237,240.69219423428237],"angle":90.0},"model_confidence":0.482182558960198,"model_id":1,"model_birth_timestamp":246252.306372,"theta":2.3765824011947014,"phi":-2.1916346509117215,"method":"3d c++","id":1}
769779,769777,1,246880.710437,30,126,{"topic":"pupil.1","circle_3d":{"center":[-11.523342391135081,-0.546877776961411,55.017865415876884],"normal":[-0.39663271620572327,0.721948311964412,-0.5669859991983984],"radius":2.1204594897077875},"confidence":0.7952414281784904,"timestamp":246880.710437,"diameter_3d":4.240918979415575,"ellipse":{"center":[30.21898993818695,113.45361593543798],"axes":[23.13233778916831,48.561605753659045],"angle":-55.70175893840454},"norm_pos":[0.09443434355683422,0.5272766002690084],"diameter":48.561605753659045,"sphere":{"center":[-6.763749796666403,-9.210257520534356,61.82169740625766],"radius":12.0},"projected_sphere":{"center":[92.16742584119508,27.63178782999104],"axes":[240.69219423428237,240.69219423428237],"angle":90.0},"model_confidence":0.48184894228417985,"model_id":1,"model_birth_timestamp":246252.306372,"theta":2.3774102210034753,"phi":-2.181217443427873,"method":"3d c++","id":1}
769786,769784,1,246880.718837,31,123,{"topic":"pupil.1","circle_3d":{"center":[-11.438596156342125,-0.30410551814098774,55.27751922838909],"normal":[-0.38957052997297686,0.7421793335327806,-0.5453481814890478],"radius":2.3163583165654473},"confidence":0.4402652053541112,"timestamp":246880.718837,"diameter_3d":4.632716633130895,"ellipse":{"center":[31.7762873647479,116.14370952569496],"axes":[24.02242439884468,52.789643031651984],"angle":-57.153602731512336},"norm_pos":[0.09930089801483719,0.516067876976271],"diameter":52.789643031651984,"sphere":{"center":[-6.763749796666403,-9.210257520534356,61.82169740625766],"radius":12.0},"projected_sphere":{"center":[92.16742584119508,27.63178782999104],"axes":[240.69219423428237,240.69219423428237],"angle":90.0},"model_confidence":0.48184894228417985,"model_id":1,"model_birth_timestamp":246252.306372,"theta":2.407112616467741,"phi":-2.1910896618068096,"method":"3d c++","id":1}
769796,769795,1,246880.727237,32,123,{"topic":"pupil.1","circle_3d":{"center":[-11.386911369422606,-0.23043454052301549,55.34179336994272],"normal":[-0.3852634643963502,0.7483185816676116,-0.5399920030262451],"radius":2.3229960322838967},"confidence":0.36051651930794093,"timestamp":246880.727237,"diameter_3d":4.6459920645677935,"ellipse":{"center":[32.49933980283713,116.9732152894629],"axes":[23.81070762350145,52.87386964892732],"angle":-57.69403824130197},"norm_pos":[0.10156043688386603,0.5126116029605712],"diameter":52.87386964892732,"sphere":{"center":[-6.763749796666403,-9.210257520534356,61.82169740625766],"radius":12.0},"projected_sphere":{"center":[92.16742584119508,27.63178782999104],"axes":[240.69219423428237,240.69219423428237],"angle":90.0},"model_confidence":0.48184894228417985,"model_id":1,"model_birth_timestamp":246252.306372,"theta":2.4163199906230273,"phi":-2.1904997873050402,"method":"3d c++","id":1}
769804,769800,1,246880.735637,32,123,{"topic":"pupil.1","circle_3d":{"center":[-11.385654140751564,-0.23170054188680922,55.33914275432405],"normal":[-0.3851586953404301,0.7482130815539623,-0.5402128876611344],"radius":2.2914904905936897},"confidence":0.357295092219773,"timestamp":246880.735637,"diameter_3d":4.582980981187379,"ellipse":{"center":[32.505576273727314,116.9707435960757],"axes":[23.5014954853086,52.158354741815785],"angle":-57.69365514197051},"norm_pos":[0.10157992585539785,0.5126219016830179],"diameter":52.158354741815785,"sphere":{"center":[-6.763749796666403,-9.210257520534356,61.82169740625766],"radius":12.0},"projected_sphere":{"center":[92.16742584119508,27.63178782999104],"axes":[240.69219423428237,240.69219423428237],"angle":90.0},"model_confidence":0.48184894228417985,"model_id":1,"model_birth_timestamp":246252.306372,"theta":2.416160960970071,"phi":-2.1901778745521865,"method":"3d c++","id":1}
769812,769812,1,246880.744037,33,122,{"topic":"pupil.1","circle_3d":{"center":[-11.330648007205559,-0.15166702648843255,55.4119096565927],"normal":[-0.38057485087826304,0.7548825411704937,-0.5341489791387471],"radius":2.326866403063019},"confidence":0.37743138625225736,"timestamp":246880.744037,"diameter_3d":4.653732806126038,"ellipse":{"center":[33.28472164246422,117.85948166439091],"axes":[23.54388465907983,52.888753913762194],"angle":-58.2738008612703},"norm_pos":[0.10401475513270068,0.5089188263983713],"diameter":52.888753913762194,"sphere":{"center":[-6.763749796666403,-9.210257520534356,61.82169740625766],"radius":12.0},"projected_sphere":{"center":[92.16742584119508,27.63178782999104],"axes":[240.69219423428237,240.69219423428237],"angle":90.0},"model_confidence":0.48184894228417985,"model_id":1,"model_birth_timestamp":246252.306372,"theta":2.4262713365233943,"phi":-2.189854562314865,"method":"3d c++","id":1}
769819,769816,1,246880.752437,33,122,{"topic":"pupil.1","circle_3d":{"center":[-11.328901345238307,-0.15216874423210136,55.40995668635962],"normal":[-0.38042929571432543,0.7548407313585213,-0.5343117266581702],"radius":2.308976427344412},"confidence":0.3803077907856057,"timestamp":246880.752437,"diameter_3d":4.617952854688824,"ellipse":{"center":[33.29888216576339,117.86046467128659],"axes":[23.373898601949808,52.48338380946628],"angle":-58.27879117956056},"norm_pos":[0.10405900676801058,0.5089147305363059],"diameter":52.48338380946628,"sphere":{"center":[-6.763749796666403,-9.210257520534356,61.82169740625766],"radius":12.0},"projected_sphere":{"center":[92.16742584119508,27.63178782999104],"axes":[240.69219423428237,240.69219423428237],"angle":90.0},"model_confidence":0.48184894228417985,"model_id":1,"model_birth_timestamp":246252.306372,"theta":2.426207590788325,"phi":-2.1895298505930754,"method":"3d c++","id":1}
769827,769822,1,246880.760837,32,122,{"topic":"pupil.1","circle_3d":{"center":[-11.389616076796589,-0.15054732957845118,55.45592860632122],"normal":[-0.38548885667751553,0.7549758492463254,-0.5304807333280367],"radius":2.30850526023581},"confidence":0.4060437472474244,"timestamp":246880.760837,"diameter_3d":4.61701052047162,"ellipse":{"center":[32.724752436302,117.88394962773415],"axes":[23.08158831674086,52.43200578880487],"angle":-58.040360146445494},"norm_pos":[0.10226485136344374,0.5088168765511076],"diameter":52.43200578880487,"sphere":{"center":[-6.763749796666403,-9.210257520534356,61.82169740625766],"radius":12.0},"projected_sphere":{"center":[92.16742584119508,27.63178782999104],"axes":[240.69219423428237,240.69219423428237],"angle":90.0},"model_confidence":0.48184894228417985,"model_id":1,"model_birth_timestamp":246252.306372,"theta":2.426413616454912,"phi":-2.1992037393856863,"method":"3d c++","id":1}
769835,769834,1,246880.769237,32,122,{"topic":"pupil.1","circle_3d":{"center":[-11.385323163120702,-0.14892307247536785,55.455122374193735],"normal":[-0.38513111387119164,0.7551112040049156,-0.5305479193386606],"radius":2.308210942210255},"confidence":0.4547885360695377,"timestamp":246880.769237,"diameter_3d":4.61642188442051,"ellipse":{"center":[32.77077997738938,117.90207369526867],"axes":[23.086607367564735,52.4257965560046],"angle":-58.064882045202665},"norm_pos":[0.10240868742934181,0.5087413596030472],"diameter":52.4257965560046,"sphere":{"center":[-6.763749796666403,-9.210257520534356,61.82169740625766],"radius":12.0},"projected_sphere":{"center":[92.16742584119508,27.63178782999104],"axes":[240.69219423428237,240.69219423428237],"angle":90.0},"model_confidence":0.48184894228417985,"model_id":1,"model_birth_timestamp":246252.306372,"theta":2.426620052307899,"phi":-2.198702063437538,"method":"3d c++","id":1}
769846,769845,1,246880.777637,32,122,{"topic":"pupil.1","circle_3d":{"center":[-11.446165956808912,-0.14729597528813088,55.502068704140385],"normal":[-0.39020134667854234,0.7552467954371853,-0.5266357251764398],"radius":2.311610147582114},"confidence":0.38245506613884295,"timestamp":246880.777637,"diameter_3d":4.623220295164228,"ellipse":{"center":[32.19848591087916,117.92422914901181],"axes":[22.828243944771312,52.46149547917194],"angle":-57.828418405582056},"norm_pos":[0.10062026847149737,0.5086490452124508],"diameter":52.46149547917194,"sphere":{"center":[-6.763749796666403,-9.210257520534356,61.82169740625766],"radius":12.0},"projected_sphere":{"center":[92.16742584119508,27.63178782999104],"axes":[240.69219423428237,240.69219423428237],"angle":90.0},"model_confidence":0.48184894228417985,"model_id":1,"model_birth_timestamp":246252.306372,"theta":2.426826898347998,"phi":-2.2084687154121236,"method":"3d c++","id":1}
769852,769851,1,246880.786037,32,122,{"topic":"pupil.1","circle_3d":{"center":[-11.442465984463873,-0.14566604038734177,55.501666066771435],"normal":[-0.3898930156497891,0.7553826233455845,-0.526669278290519],"radius":2.309854782845633},"confidence":0.40715460882061444,"timestamp":246880.786037,"diameter_3d":4.619709565691266,"ellipse":{"center":[32.238696521452354,117.94299165153188],"axes":[22.816265112838767,52.421739636284386],"angle":-57.85045876830523},"norm_pos":[0.1007459266295386,0.5085708681186172],"diameter":52.421739636284386,"sphere":{"center":[-6.763749796666403,-9.210257520534356,61.82169740625766],"radius":12.0},"projected_sphere":{"center":[92.16742584119508,27.63178782999104],"axes":[240.69219423428237,240.69219423428237],"angle":90.0},"model_confidence":0.48184894228417985,"model_id":1,"model_birth_timestamp":246252.306372,"theta":2.427034154575929,"phi":-2.2080601688609414,"method":"3d c++","id":1}
769864,769861,1,246880.794437,31,123,{"topic":"pupil.1","circle_3d":{"center":[-11.508725828322,-0.2941256872029907,55.341898366961075],"normal":[-0.39541466930463304,0.7430109861109471,-0.5399832532747156],"radius":2.1482575630851484},"confidence":0.9946549377001384,"timestamp":246880.794437,"diameter_3d":4.296515126170297,"ellipse":{"center":[31.12867411537715,116.32613533925806],"axes":[21.91082644228704,48.89986067162839],"angle":-56.91927433811696},"norm_pos":[0.0972771066105536,0.5153077694197581],"diameter":48.89986067162839,"sphere":{"center":[-6.763749796666403,-9.210257520534356,61.82169740625766],"radius":12.0},"projected_sphere":{"center":[92.16742584119508,27.63178782999104],"axes":[240.69219423428237,240.69219423428237],"angle":90.0},"model_confidence":0.48187463216974313,"model_id":1,"model_birth_timestamp":246252.306372,"theta":2.408354370167951,"phi":-2.2028547022475204,"method":"3d c++","id":1}
769873,769868,1,246880.802837,31,123,{"topic":"pupil.1","circle_3d":{"center":[-11.518270219595047,-0.2742977167100378,55.376299208132856],"normal":[-0.3962100352440537,0.7446633169853598,-0.5371165165104005],"radius":2.204557791364579},"confidence":0.9969414101630966,"timestamp":246880.802837,"diameter_3d":4.409115582729158,"ellipse":{"center":[31.10376346116982,116.53199706518977],"axes":[22.311559603800877,50.15126925793951],"angle":-56.97093539678468},"norm_pos":[0.09719926081615568,0.5144500122283759],"diameter":50.15126925793951,"sphere":{"center":[-6.763749796666403,-9.210257520534356,61.82169740625766],"radius":12.0},"projected_sphere":{"center":[92.16742584119508,27.63178782999104],"axes":[240.69219423428237,240.69219423428237],"angle":90.0},"model_confidence":0.4820792229703885,"model_id":1,"model_birth_timestamp":246252.306372,"theta":2.4108265866904923,"phi":-2.206353747546951,"method":"3d c++","id":1}
769878,769878,1,246880.811237,30,123,{"topic":"pupil.1","circle_3d":{"center":[-11.557447026847857,-0.2920959435356387,55.380667911534445],"normal":[-0.3994747691817879,0.7431801314165598,-0.5367524578936013],"radius":2.1648061187284715},"confidence":0.9952939715540152,"timestamp":246880.811237,"diameter_3d":4.329612237456943,"ellipse":{"center":[30.674033147363645,116.34803863529685],"axes":[21.8536120242503,49.244434809767505],"angle":-56.73555661142825},"norm_pos":[0.0958563535855114,0.5152165056862632],"diameter":49.244434809767505,"sphere":{"center":[-6.763749796666403,-9.210257520534356,61.82169740625766],"radius":12.0},"projected_sphere":{"center":[92.16742584119508,27.63178782999104],"axes":[240.69219423428237,240.69219423428237],"angle":90.0},"model_confidence":0.48212254390587184,"model_id":1,"model_birth_timestamp":246252.306372,"theta":2.4086071331964325,"phi":-2.210603373703975,"method":"3d c++","id":1}
769886,769884,1,246880.819637,30,123,{"topic":"pupil.1","circle_3d":{"center":[-11.555811940947526,-0.29428777741313716,55.37641820787574],"normal":[-0.39933851202342696,0.7429974785934349,-0.5371065998651603],"radius":2.1644058497120455},"confidence":0.9952127757875778,"timestamp":246880.819637,"diameter_3d":4.328811699424091,"ellipse":{"center":[30.68254574742224,116.32314900353902],"axes":[21.871127474301318,49.23912095269152],"angle":-56.7320374693615},"norm_pos":[0.0958829554606945,0.5153202124852541],"diameter":49.23912095269152,"sphere":{"center":[-6.763749796666403,-9.210257520534356,61.82169740625766],"radius":12.0},"projected_sphere":{"center":[92.16742584119508,27.63178782999104],"axes":[240.69219423428237,240.69219423428237],"angle":90.0},"model_confidence":0.4821323951022527,"model_id":1,"model_birth_timestamp":246252.306372,"theta":2.4083341882083324,"phi":-2.2101241462578165,"method":"3d c++","id":1}
769894,769890,1,246880.828037,30,123,{"topic":"pupil.1","circle_3d":{"center":[-11.585837661037507,-0.2876206155039789,55.40811655861297],"normal":[-0.4018406553642587,0.7435530754191981,-0.534465070637058],"radius":2.151683189258061},"confidence":0.9941269474494997,"timestamp":246880.828037,"diameter_3d":4.303366378516122,"ellipse":{"center":[30.419207884784953,116.4061778282706],"axes":[21.567063547935113,48.9223205904701],"angle":-56.64442263490622},"norm_pos":[0.09506002463995297,0.5149742590488725],"diameter":48.9223205904701,"sphere":{"center":[-6.763749796666403,-9.210257520534356,61.82169740625766],"radius":12.0},"projected_sphere":{"center":[92.16742584119508,27.63178782999104],"axes":[240.69219423428237,240.69219423428237],"angle":90.0},"model_confidence":0.48175072728723345,"model_id":1,"model_birth_timestamp":246252.306372,"theta":2.409164694605521,"phi":-2.215484080544877,"method":"3d c++","id":1}
769903,769902,1,246880.836437,30,123,{"topic":"pupil.1","circle_3d":{"center":[-11.603055605281153,-0.2850318654591266,55.42470856019153],"normal":[-0.40327548405122915,0.7437688045896024,-0.5330824038388444],"radius":2.1822827378739453},"confidence":0.9949092277809629,"timestamp":246880.836437,"diameter_3d":4.364565475747891,"ellipse":{"center":[30.266863068087616,116.42646885848873],"axes":[21.780188814285466,49.6046032542564],"angle":-56.588654182756784},"norm_pos":[0.0945839470877738,0.5148897130896303],"diameter":49.6046032542564,"sphere":{"center":[-6.763749796666403,-9.210257520534356,61.82169740625766],"radius":12.0},"projected_sphere":{"center":[92.16742584119508,27.63178782999104],"axes":[240.69219423428237,240.69219423428237],"angle":90.0},"model_confidence":0.48146778513802335,"model_id":1,"model_birth_timestamp":246252.306372,"theta":2.409487373432178,"phi":-2.2184428570006407,"method":"3d c++","id":1}
769911,769907,1,246880.844837,30,123,{"topic":"pupil.1","circle_3d":{"center":[-11.619679427714514,-0.2802978429900307,55.44394172139944],"normal":[-0.4046608025873426,0.744163306462027,-0.5314796404048521],"radius":2.1742126699576225},"confidence":0.9944595034703043,"timestamp":246880.844837,"diameter_3d":4.348425339915245,"ellipse":{"center":[30.12507622106355,116.48461221710309],"axes":[21.59363161078165,49.404298519439116],"angle":-56.54543542137702},"norm_pos":[0.0941408631908236,0.5146474490954038],"diameter":49.404298519439116,"sphere":{"center":[-6.763749796666403,-9.210257520534356,61.82169740625766],"radius":12.0},"projected_sphere":{"center":[92.16742584119508,27.63178782999104],"axes":[240.69219423428237,240.69219423428237],"angle":90.0},"model_confidence":0.48124749136874145,"model_id":1,"model_birth_timestamp":246252.306372,"theta":2.4100777529898285,"phi":-2.221544316750434,"method":"3d c++","id":1}
769918,769918,1,246880.853237,29,123,{"topic":"pupil.1","circle_3d":{"center":[-11.631735192930073,-0.2928335220024003,55.43559786019905],"normal":[-0.40566544968863916,0.7431186665443296,-0.532174962171551],"radius":2.162937685200856},"confidence":0.9941558579635913,"timestamp":246880.853237,"diameter_3d":4.325875370401712,"ellipse":{"center":[29.970813118537876,116.34765785471686],"axes":[21.510271390330683,49.15621383515121],"angle":-56.44143162540004},"norm_pos":[0.09365879099543087,0.5152180922720131],"diameter":49.15621383515121,"sphere":{"center":[-6.763749796666403,-9.210257520534356,61.82169740625766],"radius":12.0},"projected_sphere":{"center":[92.16742584119508,27.63178782999104],"axes":[240.69219423428237,240.69219423428237],"angle":90.0},"model_confidence":0.4809864729269808,"model_id":1,"model_birth_timestamp":246252.306372,"theta":2.408515274688787,"phi":-2.2221093763658835,"method":"3d c++","id":1}
769927,769923,1,246880.861637,29,123,{"topic":"pupil.1","circle_3d":{"center":[-11.637365331168352,-0.27133505315950224,55.47004118570209],"normal":[-0.40613462787516247,0.7449102056145711,-0.5293046850462979],"radius":2.1440641014005086},"confidence":0.993022156092371,"timestamp":246880.861637,"diameter_3d":4.288128202801017,"ellipse":{"center":[29.986087503402644,116.59834976738779],"axes":[21.156295367137513,48.69589055988866],"angle":-56.51772433753956},"norm_pos":[0.09370652344813327,0.5141735426358842],"diameter":48.69589055988866,"sphere":{"center":[-6.763749796666403,-9.210257520534356,61.82169740625766],"radius":12.0},"projected_sphere":{"center":[92.16742584119508,27.63178782999104],"axes":[240.69219423428237,240.69219423428237],"angle":90.0},"model_confidence":0.480339150339848,"model_id":1,"model_birth_timestamp":246252.306372,"theta":2.411196566753506,"phi":-2.225276790519321,"method":"3d c++","id":1}
769934,769929,1,246880.870037,29,123,{"topic":"pupil.1","circle_3d":{"center":[-11.648722819377712,-0.255080707349288,55.50174117128457],"normal":[-0.40708108522594244,0.746264734432089,-0.5266630195810911],"radius":2.178138265599103},"confidence":0.9940271904382928,"timestamp":246880.870037,"diameter_3d":4.356276531198206,"ellipse":{"center":[29.934171852356258,116.77164918079902],"axes":[21.332971445721977,49.44219904218842],"angle":-56.54759337218937},"norm_pos":[0.09354428703861331,0.5134514617466708],"diameter":49.44219904218842,"sphere":{"center":[-6.763749796666403,-9.210257520534356,61.82169740625766],"radius":12.0},"projected_sphere":{"center":[92.16742584119508,27.63178782999104],"axes":[240.69219423428237,240.69219423428237],"angle":90.0},"model_confidence":0.48003504848079803,"model_id":1,"model_birth_timestamp":246252.306372,"theta":2.4132291509671413,"phi":-2.2288206939506714,"method":"3d c++","id":1}
769946,769946,1,246880.878437,29,123,{"topic":"pupil.1","circle_3d":{"center":[-11.645224524779595,-0.25470020895820156,55.499577689116336],"normal":[-0.4067895606760993,0.7462964426313462,-0.5268433097617772],"radius":2.1673811171975013},"confidence":0.9930934131781873,"timestamp":246880.878437,"diameter_3d":4.3347622343950025,"ellipse":{"center":[29.967592093146436,116.77935911368924],"axes":[21.240637491261275,49.19949935372225],"angle":-56.56292223223031},"norm_pos":[0.09364872529108262,0.5134193370262948],"diameter":49.19949935372225,"sphere":{"center":[-6.763749796666403,-9.210257520534356,61.82169740625766],"radius":12.0},"projected_sphere":{"center":[92.16742584119508,27.63178782999104],"axes":[240.69219423428237,240.69219423428237],"angle":90.0},"model_confidence":0.4795005183410139,"model_id":1,"model_birth_timestamp":246252.306372,"theta":2.413276787233831,"phi":-2.228308516758957,"method":"3d c++","id":1}
769954,769952,1,246880.886837,29,123,{"topic":"pupil.1","circle_3d":{"center":[-11.650526715060101,-0.2544396197964627,55.504044592223224],"normal":[-0.4072314098661415,0.7463181583948244,-0.5264710678362036],"radius":2.1925279003692477},"confidence":0.9937111648395733,"timestamp":246880.886837,"diameter_3d":4.385055800738495,"ellipse":{"center":[29.92015594568096,116.7740508120475],"axes":[21.46163972911966,49.767196616957214],"angle":-56.54345395350484},"norm_pos":[0.093500487330253,0.5134414549498021],"diameter":49.767196616957214,"sphere":{"center":[-6.763749796666403,-9.210257520534356,61.82169740625766],"radius":12.0},"projected_sphere":{"center":[92.16742584119508,27.63178782999104],"axes":[240.69219423428237,240.69219423428237],"angle":90.0},"model_confidence":0.4792811800100605,"model_id":1,"model_birth_timestamp":246252.306372,"theta":2.413309413004808,"phi":-2.2291757570032833,"method":"3d c++","id":1}
769963,769957,1,246880.895237,29,123,{"topic":"pupil.1","circle_3d":{"center":[-11.642501228872419,-0.25741802494144217,55.493629025709026],"normal":[-0.4065626193505013,0.7460699579660761,-0.527339031712386],"radius":2.1976652929906955},"confidence":0.994104101389802,"timestamp":246880.895237,"diameter_3d":4.395330585981391,"ellipse":{"center":[29.985963869652068,116.73775690525196],"axes":[21.568937564166546,49.89310170594518],"angle":-56.560908314766635},"norm_pos":[0.0937061370926627,0.5135926795614502],"diameter":49.89310170594518,"sphere":{"center":[-6.763749796666403,-9.210257520534356,61.82169740625766],"radius":12.0},"projected_sphere":{"center":[92.16742584119508,27.63178782999104],"axes":[240.69219423428237,240.69219423428237],"angle":90.0},"model_confidence":0.4791617907328405,"model_id":1,"model_birth_timestamp":246252.306372,"theta":2.412936587689543,"phi":-2.2275837663322404,"method":"3d c++","id":1}
769971,769968,1,246880.903637,29,123,{"topic":"pupil.1","circle_3d":{"center":[-11.648558623906368,-0.2534258838139891,55.50395969780824],"normal":[-0.40706740226999716,0.7464026363933638,-0.5264781423707848],"radius":2.2003739958745947},"confidence":0.9944492734034077,"timestamp":246880.903637,"diameter_3d":4.400747991749189,"ellipse":{"center":[29.94232198454688,116.78257874880505],"axes":[21.540761564980734,49.94545396413001],"angle":-56.55563407098174},"norm_pos":[0.093569756201709,0.5134059218799789],"diameter":49.94545396413001,"sphere":{"center":[-6.763749796666403,-9.210257520534356,61.82169740625766],"radius":12.0},"projected_sphere":{"center":[92.16742584119508,27.63178782999104],"axes":[240.69219423428237,240.69219423428237],"angle":90.0},"model_confidence":0.47899912646330867,"model_id":1,"model_birth_timestamp":246252.306372,"theta":2.413436344135348,"phi":-2.228974318911129,"method":"3d c++","id":1}
769978,769974,1,246880.912037,30,123,{"topic":"pupil.1","circle_3d":{"center":[-11.622100595337312,-0.24826422923286984,55.490891473067094],"normal":[-0.40486256655590896,0.7468327742751237,-0.5275671610992142],"radius":2.187602968155471},"confidence":0.9941212971505341,"timestamp":246880.912037,"diameter_3d":4.375205936310942,"ellipse":{"center":[30.206450476330247,116.84294901154908],"axes":[21.50094054190231,49.66561854106829],"angle":-56.681740731164325},"norm_pos":[0.09439515773853202,0.5131543791185456],"diameter":49.66561854106829,"sphere":{"center":[-6.763749796666403,-9.210257520534356,61.82169740625766],"radius":12.0},"projected_sphere":{"center":[92.16742584119508,27.63178782999104],"axes":[240.69219423428237,240.69219423428237],"angle":90.0},"model_confidence":0.47884160453354196,"model_id":1,"model_birth_timestamp":246252.306372,"theta":2.414082921752914,"phi":-2.2253497286150647,"method":"3d c++","id":1}
769987,769986,1,246880.920437,30,123,{"topic":"pupil.1","circle_3d":{"center":[-11.631456744661717,-0.24543887058730363,55.50208858592711],"normal":[-0.40564224566627616,0.747068220828921,-0.5266340683608789],"radius":2.1940023225094794},"confidence":0.9935432950078401,"timestamp":246880.920437,"diameter_3d":4.388004645018959,"ellipse":{"center":[30.128204684499224,116.87356505217585],"axes":[21.502262558775122,49.801294509152854],"angle":-56.65824000858038},"norm_pos":[0.09415063963906008,0.5130268122826006],"diameter":49.801294509152854,"sphere":{"center":[-6.763749796666403,-9.210257520534356,61.82169740625766],"radius":12.0},"projected_sphere":{"center":[92.16742584119508,27.63178782999104],"axes":[240.69219423428237,240.69219423428237],"angle":90.0},"model_confidence":0.47853308294467656,"model_id":1,"model_birth_timestamp":246252.306372,"theta":2.414437040815356,"phi":-2.2271347783333155,"method":"3d c++","id":1}
769994,769990,1,246880.928837,30,123,{"topic":"pupil.1","circle_3d":{"center":[-11.627908732996644,-0.25493293837349107,55.48591651750654],"normal":[-0.4053465780275201,0.7462770485134054,-0.5279817407292605],"radius":2.192293371403955},"confidence":0.9939535364599429,"timestamp":246880.928837,"diameter_3d":4.38458674280791,"ellipse":{"center":[30.130589896927688,116.76637037684029],"axes":[21.565772034299464,49.777213179384205],"angle":-56.62882817050982},"norm_pos":[0.09415809342789902,0.5134734567631655],"diameter":49.777213179384205,"sphere":{"center":[-6.763749796666403,-9.210257520534356,61.82169740625766],"radius":12.0},"projected_sphere":{"center":[92.16742584119508,27.63178782999104],"axes":[240.69219423428237,240.69219423428237],"angle":90.0},"model_confidence":0.47827623952407805,"model_id":1,"model_birth_timestamp":246252.306372,"theta":2.4132476505128224,"phi":-2.2255474010419958,"method":"3d c++","id":1}
770003,770002,1,246880.937237,30,123,{"topic":"pupil.1","circle_3d":{"center":[-11.6160796654193,-0.2595134739616256,55.47039235473075],"normal":[-0.4043608223960747,0.7458953372143942,-0.5292754209605764],"radius":2.1945420899513737},"confidence":0.9938668378588513,"timestamp":246880.937237,"diameter_3d":4.389084179902747,"ellipse":{"center":[30.226990579485914,116.71257516370399],"axes":[21.67259111088818,49.841977922260675],"angle":-56.6539514784873},"norm_pos":[0.09445934556089348,0.5136976034845667],"diameter":49.841977922260675,"sphere":{"center":[-6.763749796666403,-9.210257520534356,61.82169740625766],"radius":12.0},"projected_sphere":{"center":[92.16742584119508,27.63178782999104],"axes":[240.69219423428237,240.69219423428237],"angle":90.0},"model_confidence":0.4780908157918984,"model_id":1,"model_birth_timestamp":246252.306372,"theta":2.412674380735715,"phi":-2.2231907113195706,"method":"3d c++","id":1}
770010,770007,1,246880.945637,30,123,{"topic":"pupil.1","circle_3d":{"center":[-11.614065275797866,-0.2514768710424722,55.48019214116582],"normal":[-0.4041929565942887,0.7465650541243236,-0.5284587720909865],"radius":2.1744663191247144},"confidence":0.9924030053095118,"timestamp":246880.945637,"diameter_3d":4.348932638249429,"ellipse":{"center":[30.270771607097828,116.81042372728848],"axes":[21.429227828999508,49.3763538831691],"angle":-56.698452901961076},"norm_pos":[0.0945961612721807,0.513289901136298],"diameter":49.3763538831691,"sphere":{"center":[-6.763749796666403,-9.210257520534356,61.82169740625766],"radius":12.0},"projected_sphere":{"center":[92.16742584119508,27.63178782999104],"axes":[240.69219423428237,240.69219423428237],"angle":90.0},"model_confidence":0.4775707405297758,"model_id":1,"model_birth_timestamp":246252.306372,"theta":2.4136804332084285,"phi":-2.2237354004075827,"method":"3d c++","id":1}
770020,770019,1,246880.954037,30,123,{"topic":"pupil.1","circle_3d":{"center":[-11.621218086481875,-0.25531370693382094,55.48024780000085],"normal":[-0.4047890241512894,0.7462453178000445,-0.5284541338547342],"radius":2.2006464169641866},"confidence":0.9931908948182334,"timestamp":246880.954037,"diameter_3d":4.401292833928373,"ellipse":{"center":[30.19263253273826,116.7584714523796],"axes":[21.681211135213193,49.97193977199587],"angle":-56.65303485777363},"norm_pos":[0.09435197666480706,0.5135063689484183],"diameter":49.97193977199587,"sphere":{"center":[-6.763749796666403,-9.210257520534356,61.82169740625766],"radius":12.0},"projected_sphere":{"center":[92.16742584119508,27.63178782999104],"axes":[240.69219423428237,240.69219423428237],"angle":90.0},"model_confidence":0.47717856885893806,"model_id":1,"model_birth_timestamp":246252.306372,"theta":2.413199981980486,"phi":-2.2244508819488846,"method":"3d c++","id":1}
770030,770030,1,246880.962437,30,123,{"topic":"pupil.1","circle_3d":{"center":[-11.618505562618026,-0.26666298956049594,55.46217986807177],"normal":[-0.4045629804959686,0.7452995442478216,-0.5299597948488243],"radius":2.188976139611171},"confidence":0.9926996185790112,"timestamp":246880.962437,"diameter_3d":4.377952279222342,"ellipse":{"center":[30.18081918758358,116.63379576332608],"axes":[21.65454931916559,49.72317943874965],"angle":-56.6120124891448},"norm_pos":[0.09431505996119868,0.5140258509861413],"diameter":49.72317943874965,"sphere":{"center":[-6.763749796666403,-9.210257520534356,61.82169740625766],"radius":12.0},"projected_sphere":{"center":[92.16742584119508,27.63178782999104],"axes":[240.69219423428237,240.69219423428237],"angle":90.0},"model_confidence":0.4767132064977475,"model_id":1,"model_birth_timestamp":246252.306372,"theta":2.411780328992007,"phi":-2.222808493938637,"method":"3d c++","id":1}
770039,770037,1,246880.970837,30,123,{"topic":"pupil.1","circle_3d":{"center":[-11.613519257318734,-0.2599145472408573,55.46787203574741],"normal":[-0.4041474550543609,0.7458619144411249,-0.5294854475425207],"radius":2.191977807925144},"confidence":0.9932305327359844,"timestamp":246880.970837,"diameter_3d":4.383955615850288,"ellipse":{"center":[30.24961590010801,116.70869090107055],"axes":[21.661507405556186,49.78584300727513],"angle":-56.66210840081831},"norm_pos":[0.09453004968783754,0.513713787912206],"diameter":49.78584300727513,"sphere":{"center":[-6.763749796666403,-9.210257520534356,61.82169740625766],"radius":12.0},"projected_sphere":{"center":[92.16742584119508,27.63178782999104],"axes":[240.69219423428237,240.69219423428237],"angle":90.0},"model_confidence":0.47633722045055116,"model_id":1,"model_birth_timestamp":246252.306372,"theta":2.4126242025607585,"phi":-2.2227447519035355,"method":"3d c++","id":1}
770047,770046,1,246880.979237,30,123,{"topic":"pupil.1","circle_3d":{"center":[-11.61969866686464,-0.2684682670974592,55.46055242149738],"normal":[-0.4046624058498531,0.7451491044530747,-0.5300954153966903],"radius":2.1941507220693537},"confidence":0.9927931106346966,"timestamp":246880.979237,"diameter_3d":4.388301444138707,"ellipse":{"center":[30.16408025257857,116.61163579595176],"axes":[21.712583365815163,49.84244644643532],"angle":-56.59912107264796},"norm_pos":[0.09426275078930804,0.5141181841835343],"diameter":49.84244644643532,"sphere":{"center":[-6.763749796666403,-9.210257520534356,61.82169740625766],"radius":12.0},"projected_sphere":{"center":[92.16742584119508,27.63178782999104],"axes":[240.69219423428237,240.69219423428237],"angle":90.0},"model_confidence":0.47584708763530603,"model_id":1,"model_birth_timestamp":246252.306372,"theta":2.411554719105583,"phi":-2.2228036009700465,"method":"3d c++","id":1}
770056,770052,1,246880.987637,30,123,{"topic":"pupil.1","circle_3d":{"center":[-11.62209254284537,-0.27523292809227407,55.452879518053805],"normal":[-0.404861895514914,0.7445853827035068,-0.5307348240169879],"radius":2.213848456938595},"confidence":0.9938060691507749,"timestamp":246880.987637,"diameter_3d":4.42769691387719,"ellipse":{"center":[30.120929267893985,116.52822908772495],"axes":[21.94284718867352,50.29777573814008],"angle":-56.55888139307149},"norm_pos":[0.0941279039621687,0.5144657121344793],"diameter":50.29777573814008,"sphere":{"center":[-6.763749796666403,-9.210257520534356,61.82169740625766],"radius":12.0},"projected_sphere":{"center":[92.16742584119508,27.63178782999104],"axes":[240.69219423428237,240.69219423428237],"angle":90.0},"model_confidence":0.4759047278796391,"model_id":1,"model_birth_timestamp":246252.306372,"theta":2.4107098283720814,"phi":-2.2224599227944153,"method":"3d c++","id":1}
770063,770057,1,246880.996037,30,123,{"topic":"pupil.1","circle_3d":{"center":[-11.622274818683643,-0.2718045922245622,55.45783113968492],"normal":[-0.4048770851681033,0.7448710773591494,-0.5303221888810616],"radius":2.198528613571475},"confidence":0.99267334826245,"timestamp":246880.996037,"diameter_3d":4.39705722714295,"ellipse":{"center":[30.129369905197137,116.57254114652258],"axes":[21.766765379383177,49.94470920224782],"angle":-56.57388069235091},"norm_pos":[0.09415428095374105,0.5142810785561559],"diameter":49.94470920224782,"sphere":{"center":[-6.763749796666403,-9.210257520534356,61.82169740625766],"radius":12.0},"projected_sphere":{"center":[92.16742584119508,27.63178782999104],"axes":[240.69219423428237,240.69219423428237],"angle":90.0},"model_confidence":0.47550560599213254,"model_id":1,"model_birth_timestamp":246252.306372,"theta":2.4111379201070733,"phi":-2.2228531196317913,"method":"3d c++","id":1}
770071,770068,1,246881.004437,29,123,{"topic":"pupil.1","circle_3d":{"center":[-11.636707933589394,-0.28123949848168905,55.455621993756274],"normal":[-0.4060798447435826,0.7440848351710556,-0.5305062843751155],"radius":2.2101016173129606},"confidence":0.9931428300208563,"timestamp":246881.004437,"diameter_3d":4.420203234625921,"ellipse":{"center":[29.964048283535192,116.46295342460104],"axes":[21.879392120048234,50.21092637986334],"angle":-56.4747264856523},"norm_pos":[0.09363765088604747,0.5147376940641624],"diameter":50.21092637986334,"sphere":{"center":[-6.763749796666403,-9.210257520534356,61.82169740625766],"radius":12.0},"projected_sphere":{"center":[92.16742584119508,27.63178782999104],"axes":[240.69219423428237,240.69219423428237],"angle":90.0},"model_confidence":0.4751995722975244,"model_id":1,"model_birth_timestamp":246252.306372,"theta":2.4099602882842897,"phi":-2.2241168585516427,"method":"3d c++","id":1}
770079,770074,1,246881.012837,30,123,{"topic":"pupil.1","circle_3d":{"center":[-11.625633364394648,-0.26711757332854447,55.46698765218189],"normal":[-0.40515696397735385,0.7452616622671508,-0.5295591461729808],"radius":2.2161502854060564},"confidence":0.9933319445483975,"timestamp":246881.012837,"diameter_3d":4.432300570812113,"ellipse":{"center":[30.113918787873132,116.61971422840725],"axes":[21.894392811278852,50.337133319566],"angle":-56.582061117244336},"norm_pos":[0.09410599621210354,0.5140845240483032],"diameter":50.337133319566,"sphere":{"center":[-6.763749796666403,-9.210257520534356,61.82169740625766],"radius":12.0},"projected_sphere":{"center":[92.16742584119508,27.63178782999104],"axes":[240.69219423428237,240.69219423428237],"angle":90.0},"model_confidence":0.47490146204630657,"model_id":1,"model_birth_timestamp":246252.306372,"theta":2.4117235132034582,"phi":-2.223881191634711,"method":"3d c++","id":1}
770087,770086,1,246881.021237,29,123,{"topic":"pupil.1","circle_3d":{"center":[-11.642499958365768,-0.28500100202954215,55.45478348045297],"normal":[-0.40656251347494715,0.7437713765420677,-0.5305761604837248],"radius":2.205431131782565},"confidence":0.9928642590984003,"timestamp":246881.021237,"diameter_3d":4.41086226356513,"ellipse":{"center":[29.8972757940831,116.42256424485075],"axes":[21.83193054096652,50.10584822880013],"angle":-56.43512039968442},"norm_pos":[0.09342898685650969,0.5149059823131219],"diameter":50.10584822880013,"sphere":{"center":[-6.763749796666403,-9.210257520534356,61.82169740625766],"radius":12.0},"projected_sphere":{"center":[92.16742584119508,27.63178782999104],"axes":[240.69219423428237,240.69219423428237],"angle":90.0},"model_confidence":0.47451453147467904,"model_id":1,"model_birth_timestamp":246252.306372,"theta":2.409491221151764,"phi":-2.224626707115385,"method":"3d c++","id":1}
770094,770091,1,246881.029637,29,123,{"topic":"pupil.1","circle_3d":{"center":[-11.633533882333312,-0.2838740075417707,55.44950152587549],"normal":[-0.40581534047224244,0.7438652927493821,-0.5310163233651809],"radius":2.2137628639627325},"confidence":0.9939172530012619,"timestamp":246881.029637,"diameter_3d":4.427525727925465,"ellipse":{"center":[29.985606372132878,116.43146682882798],"axes":[21.948096052576304,50.299734741903826],"angle":-56.47501345404481},"norm_pos":[0.09370501991291524,0.5148688882132167],"diameter":50.299734741903826,"sphere":{"center":[-6.763749796666403,-9.210257520534356,61.82169740625766],"radius":12.0},"projected_sphere":{"center":[92.16742584119508,27.63178782999104],"axes":[240.69219423428237,240.69219423428237],"angle":90.0},"model_confidence":0.4741219877617442,"model_id":1,"model_birth_timestamp":246252.306372,"theta":2.4096317339573985,"phi":-2.223338724306282,"method":"3d c++","id":1}
770103,770102,1,246881.038037,30,123,{"topic":"pupil.1","circle_3d":{"center":[-11.633144231509117,-0.2767299469076736,55.45922281462474],"normal":[-0.40578286957022613,0.7444606311355568,-0.5302062159694106],"radius":2.2074090931981663},"confidence":0.9930660740762622,"timestamp":246881.038037,"diameter_3d":4.4148181863963325,"ellipse":{"center":[30.011886428365415,116.51465956214638],"axes":[21.838521314678538,50.14608945523025],"angle":-56.509141052873446},"norm_pos":[0.09378714508864192,0.5145222518243902],"diameter":50.14608945523025,"sphere":{"center":[-6.763749796666403,-9.210257520534356,61.82169740625766],"radius":12.0},"projected_sphere":{"center":[92.16742584119508,27.63178782999104],"axes":[240.69219423428237,240.69219423428237],"angle":90.0},"model_confidence":0.4737641673336346,"model_id":1,"model_birth_timestamp":246252.306372,"theta":2.4105229617362056,"phi":-2.2240368342809167,"method":"3d c++","id":1}
770115,770114,1,246881.046437,29,123,{"topic":"pupil.1","circle_3d":{"center":[-11.647814155683136,-0.28941702140370396,55.45266921303597],"normal":[-0.4070053632513944,0.7434033749275544,-0.5307523494351414],"radius":2.2249972314535302},"confidence":0.9932415161508897,"timestamp":246881.046437,"diameter_3d":4.4499944629070605,"ellipse":{"center":[29.834308804416082,116.36606878444175],"axes":[22.03153900434413,50.553243372521614],"angle":-56.394239939230204},"norm_pos":[0.09323221501380026,0.515141380064826],"diameter":50.553243372521614,"sphere":{"center":[-6.763749796666403,-9.210257520534356,61.82169740625766],"radius":12.0},"projected_sphere":{"center":[92.16742584119508,27.63178782999104],"axes":[240.69219423428237,240.69219423428237],"angle":90.0},"model_confidence":0.47348994969952374,"model_id":1,"model_birth_timestamp":246252.306372,"theta":2.4089408467959426,"phi":-2.224992043422331,"method":"3d c++","id":1}
770124,770120,1,246881.054837,29,123,{"topic":"pupil.1","circle_3d":{"center":[-11.653017037639366,-0.2979011044401467,55.44478836199076],"normal":[-0.40743893674774684,0.7426963680078507,-0.5314090870222419],"radius":2.244306802276558},"confidence":0.9930284145598447,"timestamp":246881.054837,"diameter_3d":4.488613604553116,"ellipse":{"center":[29.75933762542229,116.26345257049894],"axes":[22.25702555930709,51.0003289565609],"angle":-56.33520398642207},"norm_pos":[0.09299793007944465,0.515568947622921],"diameter":51.0003289565609,"sphere":{"center":[-6.763749796666403,-9.210257520534356,61.82169740625766],"radius":12.0},"projected_sphere":{"center":[92.16742584119508,27.63178782999104],"axes":[240.69219423428237,240.69219423428237],"angle":90.0},"model_confidence":0.4730328757509006,"model_id":1,"model_birth_timestamp":246252.306372,"theta":2.4078844077773995,"phi":-2.2249090393529105,"method":"3d c++","id":1}
770131,770124,1,246881.063237,29,123,{"topic":"pupil.1","circle_3d":{"center":[-11.65484999943145,-0.2912500461958327,55.45550195848784],"normal":[-0.40759168356375397,0.7432506228615435,-0.5305162873141523],"radius":2.2436468353749777},"confidence":0.9937403526339205,"timestamp":246881.063237,"diameter_3d":4.487293670749955,"ellipse":{"center":[29.763470031932656,116.33930867101057],"axes":[22.196398046948723,50.97525789569053],"angle":-56.358501788317795},"norm_pos":[0.09301084384978955,0.5152528805374559],"diameter":50.97525789569053,"sphere":{"center":[-6.763749796666403,-9.210257520534356,61.82169740625766],"radius":12.0},"projected_sphere":{"center":[92.16742584119508,27.63178782999104],"axes":[240.69219423428237,240.69219423428237],"angle":90.0},"model_confidence":0.47298000882866065,"model_id":1,"model_birth_timestamp":246252.306372,"theta":2.408712493347195,"phi":-2.2259022141219305,"method":"3d c++","id":1}
770139,770136,1,246881.071637,29,123,{"topic":"pupil.1","circle_3d":{"center":[-11.653907154651518,-0.29111201046158186,55.454971058730806],"normal":[-0.4075131131654263,0.7432621258393979,-0.5305605289605716],"radius":2.255523714633949},"confidence":0.994122358465474,"timestamp":246881.071637,"diameter_3d":4.511047429267898,"ellipse":{"center":[29.77346625555711,116.33647629984867],"axes":[22.31763902201126,51.24587567432158],"angle":-56.36270949400131},"norm_pos":[0.09304208204861597,0.5152646820839639],"diameter":51.24587567432158,"sphere":{"center":[-6.763749796666403,-9.210257520534356,61.82169740625766],"radius":12.0},"projected_sphere":{"center":[92.16742584119508,27.63178782999104],"axes":[240.69219423428237,240.69219423428237],"angle":90.0},"model_confidence":0.47300254810647147,"model_id":1,"model_birth_timestamp":246252.306372,"theta":2.4087296874618267,"phi":-2.2257687927388496,"method":"3d c++","id":1}
770147,770142,1,246881.080037,29,123,{"topic":"pupil.1","circle_3d":{"center":[-11.65690888184873,-0.29686831745517495,55.44921852582745],"normal":[-0.4077632570985273,0.7427824335899317,-0.531039906702518],"radius":2.2305389941},"confidence":0.9933158941847466,"timestamp":246881.080037,"diameter_3d":4.4610779882,"ellipse":{"center":[29.72530425048575,116.28053518049555],"axes":[22.09512066397908,50.68315517710259],"angle":-56.32493828638334},"norm_pos":[0.09289157578276797,0.5154977700812686],"diameter":50.68315517710259,"sphere":{"center":[-6.763749796666403,-9.210257520534356,61.82169740625766],"radius":12.0},"projected_sphere":{"center":[92.16742584119508,27.63178782999104],"axes":[240.69219423428237,240.69219423428237],"angle":90.0},"model_confidence":0.47269836107906027,"model_id":1,"model_birth_timestamp":246252.306372,"theta":2.4080129443301446,"phi":-2.225628954059129,"method":"3d c++","id":1}
770155,770153,1,246881.088437,29,123,{"topic":"pupil.1","circle_3d":{"center":[-11.657845344419162,-0.30683254925025416,55.43602183117703],"normal":[-0.4078412956460632,0.7419520809403418,-0.5321396312567191],"radius":2.239633441108247},"confidence":0.9935906380267392,"timestamp":246881.088437,"diameter_3d":4.479266882216494,"ellipse":{"center":[29.685070222354682,116.16433506229868],"axes":[22.24902014407813,50.90262913597861],"angle":-56.27569344354853},"norm_pos":[0.09276584444485839,0.5159819372404222],"diameter":50.90262913597861,"sphere":{"center":[-6.763749796666403,-9.210257520534356,61.82169740625766],"radius":12.0},"projected_sphere":{"center":[92.16742584119508,27.63178782999104],"axes":[240.69219423428237,240.69219423428237],"angle":90.0},"model_confidence":0.4725364430163581,"model_id":1,"model_birth_timestamp":246252.306372,"theta":2.4067735990222974,"phi":-2.224722305429377,"method":"3d c++","id":1}
770163,770159,1,246881.096837,29,123,{"topic":"pupil.1","circle_3d":{"center":[-11.646716294047998,-0.29990047566924716,55.43717114987249],"normal":[-0.4069138747817996,0.7425297537387591,-0.5320438546987641],"radius":2.270472568692008},"confidence":0.9940831078306253,"timestamp":246881.096837,"diameter_3d":4.540945137384016,"ellipse":{"center":[29.813676612898064,116.23058047519432],"axes":[22.560630384858495,51.60257402435535],"angle":-56.35032807310128},"norm_pos":[0.09316773941530646,0.5157059146866904],"diameter":51.60257402435535,"sphere":{"center":[-6.763749796666403,-9.210257520534356,61.82169740625766],"radius":12.0},"projected_sphere":{"center":[92.16742584119508,27.63178782999104],"axes":[240.69219423428237,240.69219423428237],"angle":90.0},"model_confidence":0.4723850454644185,"model_id":1,"model_birth_timestamp":246252.306372,"theta":2.4076356260594207,"phi":-2.2237103304390353,"method":"3d c++","id":1}
770173,770169,1,246881.105237,29,123,{"topic":"pupil.1","circle_3d":{"center":[-11.65085096847972,-0.30864181832646587,55.42814752949383],"normal":[-0.40725843098444303,0.7418013085173242,-0.532795823063653],"radius":2.2704772113300637},"confidence":0.9940624518851663,"timestamp":246881.105237,"diameter_3d":4.5409544226601275,"ellipse":{"center":[29.746848803631508,116.13182915703264],"axes":[22.601584007362383,51.61163102282042],"angle":-56.29433004294705},"norm_pos":[0.09295890251134846,0.5161173785123641],"diameter":51.61163102282042,"sphere":{"center":[-6.763749796666403,-9.210257520534356,61.82169740625766],"radius":12.0},"projected_sphere":{"center":[92.16742584119508,27.63178782999104],"axes":[240.69219423428237,240.69219423428237],"angle":90.0},"model_confidence":0.47264040458782075,"model_id":1,"model_birth_timestamp":246252.306372,"theta":2.4065487455464134,"phi":-2.223437244687211,"method":"3d c++","id":1}
770180,770176,1,246881.113637,29,123,{"topic":"pupil.1","circle_3d":{"center":[-11.649368527192255,-0.316350776583862,55.416297149455055],"normal":[-0.4071348942104877,0.7411588953292078,-0.5337833547335505],"radius":2.241149527878019},"confidence":0.993242106972208,"timestamp":246881.113637,"diameter_3d":4.482299055756038,"ellipse":{"center":[29.734368846018384,116.05486361876837],"axes":[22.368283727707365,50.95530770549409],"angle":-56.26499582377292},"norm_pos":[0.09291990264380745,0.5164380682551318],"diameter":50.95530770549409,"sphere":{"center":[-6.763749796666403,-9.210257520534356,61.82169740625766],"radius":12.0},"projected_sphere":{"center":[92.16742584119508,27.63178782999104],"axes":[240.69219423428237,240.69219423428237],"angle":90.0},"model_confidence":0.472358725885913,"model_id":1,"model_birth_timestamp":246252.306372,"theta":2.4055913127960795,"phi":-2.2223977214003425,"method":"3d c++","id":1}
770186,770186,1,246881.122037,29,123,{"topic":"pupil.1","circle_3d":{"center":[-11.64000975635625,-0.30813723009572236,55.420576946518885],"normal":[-0.4063549966408205,0.7418433575365527,-0.5334267049782315],"radius":2.2729134514556},"confidence":0.9939313365532719,"timestamp":246881.122037,"diameter_3d":4.5458269029112,"ellipse":{"center":[29.850534156079107,116.13549316750172],"axes":[22.67342405174606,51.67365419052356],"angle":-56.33870218683356},"norm_pos":[0.0932829192377472,0.5161021118020761],"diameter":51.67365419052356,"sphere":{"center":[-6.763749796666403,-9.210257520534356,61.82169740625766],"radius":12.0},"projected_sphere":{"center":[92.16742584119508,27.63178782999104],"axes":[240.69219423428237,240.69219423428237],"angle":90.0},"model_confidence":0.4724166686032927,"model_id":1,"model_birth_timestamp":246252.306372,"theta":2.4066114494542203,"phi":-2.221795530275075,"method":"3d c++","id":1}
770198,770197,1,246881.130437,29,123,{"topic":"pupil.1","circle_3d":{"center":[-11.646295686027766,-0.3065669628353298,55.42755633094335],"normal":[-0.406878824113447,0.7419742131415854,-0.532845089609526],"radius":2.270423292344438},"confidence":0.9936134293846537,"timestamp":246881.130437,"diameter_3d":4.540846584688876,"ellipse":{"center":[29.796292637144916,116.15490627913229],"axes":[22.608160130618963,51.610671747470775],"angle":-56.32148870845123},"norm_pos":[0.09311341449107786,0.5160212238369488],"diameter":51.610671747470775,"sphere":{"center":[-6.763749796666403,-9.210257520534356,61.82169740625766],"radius":12.0},"projected_sphere":{"center":[92.16742584119508,27.63178782999104],"axes":[240.69219423428237,240.69219423428237],"angle":90.0},"model_confidence":0.4724077408959637,"model_id":1,"model_birth_timestamp":246252.306372,"theta":2.4068066104464636,"phi":-2.2229427697491015,"method":"3d c++","id":1}
770207,770203,1,246881.138837,29,123,{"topic":"pupil.1","circle_3d":{"center":[-11.650167704891892,-0.3116842688456032,55.423391840679955],"normal":[-0.40720149235212405,0.7415477709740627,-0.5331921304648092],"radius":2.2726853831467424},"confidence":0.9932994007959215,"timestamp":246881.138837,"diameter_3d":4.545370766293485,"ellipse":{"center":[29.74368163371406,116.09641208933749],"axes":[22.64783580215348,51.666423367612424],"angle":-56.28304953781807},"norm_pos":[0.09294900510535645,0.5162649496277605],"diameter":51.666423367612424,"sphere":{"center":[-6.763749796666403,-9.210257520534356,61.82169740625766],"radius":12.0},"projected_sphere":{"center":[92.16742584119508,27.63178782999104],"axes":[240.69219423428237,240.69219423428237],"angle":90.0},"model_confidence":0.47230562150164523,"model_id":1,"model_birth_timestamp":246252.306372,"theta":2.4061707600096707,"phi":-2.2230110873619395,"method":"3d c++","id":1}
770215,770215,1,246881.147237,29,123,{"topic":"pupil.1","circle_3d":{"center":[-11.638631541733794,-0.3121867727349876,55.41390020762802],"normal":[-0.40624014542228265,0.7415058956499473,-0.5339830998858036],"radius":2.2811812882545253},"confidence":0.9939741790576436,"timestamp":246881.147237,"diameter_3d":4.5623625765090505,"ellipse":{"center":[29.851092094833064,116.08632650727382],"axes":[22.790628125664973,51.86821997070096],"angle":-56.32549311058776},"norm_pos":[0.09328466279635332,0.5163069728863591],"diameter":51.86821997070096,"sphere":{"center":[-6.763749796666403,-9.210257520534356,61.82169740625766],"radius":12.0},"projected_sphere":{"center":[92.16742584119508,27.63178782999104],"axes":[240.69219423428237,240.69219423428237],"angle":90.0},"model_confidence":0.4724440104981964,"model_id":1,"model_birth_timestamp":246252.306372,"theta":2.4061083455284886,"phi":-2.2211568401979114,"method":"3d c++","id":1}
770222,770220,1,246881.155637,29,123,{"topic":"pupil.1","circle_3d":{"center":[-11.639407340036552,-0.31666268498080186,55.40827909612126],"normal":[-0.40630479528084573,0.7411329029627962,-0.5344515258447002],"radius":2.2778995666425272},"confidence":0.9938697915431144,"timestamp":246881.155637,"diameter_3d":4.5557991332850545,"ellipse":{"center":[29.829332233876187,116.03680126132727],"axes":[22.78501727210997,51.798988312576206],"angle":-56.30202919928141},"norm_pos":[0.09321666323086308,0.516513328077803],"diameter":51.798988312576206,"sphere":{"center":[-6.763749796666403,-9.210257520534356,61.82169740625766],"radius":12.0},"projected_sphere":{"center":[92.16742584119508,27.63178782999104],"axes":[240.69219423428237,240.69219423428237],"angle":90.0},"model_confidence":0.4726909280864944,"model_id":1,"model_birth_timestamp":246252.306372,"theta":2.4055525958838677,"phi":-2.2208110236105827,"method":"3d c++","id":1}
770231,770227,1,246881.164037,29,123,{"topic":"pupil.1","circle_3d":{"center":[-11.633867369888677,-0.30887489319928285,55.41487743494827],"normal":[-0.40584313110185605,0.741781885611256,-0.5339016642757833],"radius":2.2705115341876874},"confidence":0.993492483328807,"timestamp":246881.164037,"diameter_3d":4.541023068375375,"ellipse":{"center":[29.905825142824483,116.12734220707301],"axes":[22.68330722009936,51.624058117738485],"angle":-56.35922463429887},"norm_pos":[0.09345570357132651,0.5161360741371958],"diameter":51.624058117738485,"sphere":{"center":[-6.763749796666403,-9.210257520534356,61.82169740625766],"radius":12.0},"projected_sphere":{"center":[92.16742584119508,27.63178782999104],"axes":[240.69219423428237,240.69219423428237],"angle":90.0},"model_confidence":0.4725139413834567,"model_id":1,"model_birth_timestamp":246252.306372,"theta":2.406519783387733,"phi":-2.220759216345177,"method":"3d c++","id":1}
770239,770237,1,246881.172437,29,123,{"topic":"pupil.1","circle_3d":{"center":[-11.640495952590513,-0.31757824132441925,55.407837245029505],"normal":[-0.4063955129936759,0.741056606600828,-0.5344883467690131],"radius":2.280736247070448},"confidence":0.9933176996524574,"timestamp":246881.172437,"diameter_3d":4.561472494140896,"ellipse":{"center":[29.81634847123334,116.02547583774475],"axes":[22.814655359338527,51.86407450108601],"angle":-56.29359153523552},"norm_pos":[0.09317608897260418,0.5165605173427302],"diameter":51.86407450108601,"sphere":{"center":[-6.763749796666403,-9.210257520534356,61.82169740625766],"radius":12.0},"projected_sphere":{"center":[92.16742584119508,27.63178782999104],"axes":[240.69219423428237,240.69219423428237],"angle":90.0},"model_confidence":0.4725043206263768,"model_id":1,"model_birth_timestamp":246252.306372,"theta":2.405438958244595,"phi":-2.22088539205881,"method":"3d c++","id":1}
770247,770247,1,246881.180837,29,124,{"topic":"pupil.1","circle_3d":{"center":[-11.64418335489738,-0.3244967862541319,55.40105690418805],"normal":[-0.4067027965192482,0.7404800611900186,-0.5350533751724674],"radius":2.2807415957167696},"confidence":0.9934030915493519,"timestamp":246881.180837,"diameter_3d":4.561483191433539,"ellipse":{"center":[29.759637336019665,115.94730331487051],"axes":[22.845089809023538,51.870998867048826],"angle":-56.2476001349645},"norm_pos":[0.09299886667506145,0.5168862361880395],"diameter":51.870998867048826,"sphere":{"center":[-6.763749796666403,-9.210257520534356,61.82169740625766],"radius":12.0},"projected_sphere":{"center":[92.16742584119508,27.63178782999104],"axes":[240.69219423428237,240.69219423428237],"angle":90.0},"model_confidence":0.4724615496584428,"model_id":1,"model_birth_timestamp":246252.306372,"theta":2.404580697859747,"phi":-2.220740497195204,"method":"3d c++","id":1}
770255,770253,1,246881.189237,29,124,{"topic":"pupil.1","circle_3d":{"center":[-11.640016857227437,-0.3269023272665841,55.39456584821951],"normal":[-0.40635558838008623,0.740279599438981,-0.5355942965031796],"radius":2.28414434242179},"confidence":0.9939011936548422,"timestamp":246881.189237,"diameter_3d":4.56828868484358,"ellipse":{"center":[29.791432623465738,115.91825683461174],"axes":[22.915514849319038,51.95449742305998],"angle":-56.25276463222988},"norm_pos":[0.09309822694833043,0.5170072631891178],"diameter":51.95449742305998,"sphere":{"center":[-6.763749796666403,-9.210257520534356,61.82169740625766],"radius":12.0},"projected_sphere":{"center":[92.16742584119508,27.63178782999104],"axes":[240.69219423428237,240.69219423428237],"angle":90.0},"model_confidence":0.472257406203036,"model_id":1,"model_birth_timestamp":246252.306372,"theta":2.404282475438696,"phi":-2.2198424553011056,"method":"3d c++","id":1}
770263,770258,1,246881.197637,29,124,{"topic":"pupil.1","circle_3d":{"center":[-11.636696594250527,-0.32439038979426194,55.39552009445343],"normal":[-0.40607889979867695,0.7404889275616745,-0.5355147759836858],"radius":2.28552761250086},"confidence":0.9937718377565089,"timestamp":246881.197637,"diameter_3d":4.57105522500172,"ellipse":{"center":[29.83076062196625,115.9459130826946],"axes":[22.92773283708118,51.98485441886557],"angle":-56.27716967458733},"norm_pos":[0.09322112694364453,0.5168920288221058],"diameter":51.98485441886557,"sphere":{"center":[-6.763749796666403,-9.210257520534356,61.82169740625766],"radius":12.0},"projected_sphere":{"center":[92.16742584119508,27.63178782999104],"axes":[240.69219423428237,240.69219423428237],"angle":90.0},"model_confidence":0.47214403278481587,"model_id":1,"model_birth_timestamp":246252.306372,"theta":2.4045938904233584,"phi":-2.2195859895140986,"method":"3d c++","id":1}
770270,770270,1,246881.206037,29,124,{"topic":"pupil.1","circle_3d":{"center":[-11.645630487142572,-0.32112333545489946,55.406829179738295],"normal":[-0.40682339087301406,0.7407611820899547,-0.5345723522099471],"radius":2.2926021338969425},"confidence":0.9936344020507545,"timestamp":246881.206037,"diameter_3d":4.585204267793885,"ellipse":{"center":[29.75748983804317,115.98138349863152],"axes":[22.933917971867515,52.13556977370993],"angle":-56.25734430591868},"norm_pos":[0.0929921557438849,0.5167442354223687],"diameter":52.13556977370993,"sphere":{"center":[-6.763749796666403,-9.210257520534356,61.82169740625766],"radius":12.0},"projected_sphere":{"center":[92.16742584119508,27.63178782999104],"axes":[240.69219423428237,240.69219423428237],"angle":90.0},"model_confidence":0.4720526340989739,"model_id":1,"model_birth_timestamp":246252.306372,"theta":2.4049990802188277,"phi":-2.2213167291936133,"method":"3d c++","id":1}
770282,770281,1,246881.214437,29,124,{"topic":"pupil.1","circle_3d":{"center":[-11.678704320978888,-0.3306910594455914,55.41884480081313],"normal":[-0.409579543692707,0.7399638717573971,-0.5335710504537106],"radius":2.2961271006079045},"confidence":0.9934661324198986,"timestamp":246881.214437,"diameter_3d":4.592254201215809,"ellipse":{"center":[29.41639217418185,115.87510395601706],"axes":[22.878219011408056,52.20633829711193],"angle":-56.08537066891128},"norm_pos":[0.09192622554431829,0.517187066849929],"diameter":52.20633829711193,"sphere":{"center":[-6.763749796666403,-9.210257520534356,61.82169740625766],"radius":12.0},"projected_sphere":{"center":[92.16742584119508,27.63178782999104],"axes":[240.69219423428237,240.69219423428237],"angle":90.0},"model_confidence":0.4718467492810241,"model_id":1,"model_birth_timestamp":246252.306372,"theta":2.4038129729655195,"phi":-2.2254788809958614,"method":"3d c++","id":1}
770290,770286,1,246881.222837,28,124,{"topic":"pupil.1","circle_3d":{"center":[-11.776995153450162,-0.34498537040618515,55.475492186061274],"normal":[-0.4177704463986467,0.7387726791773476,-0.5288504350163659],"radius":2.302499128979132},"confidence":0.9937278465158059,"timestamp":246881.222837,"diameter_3d":4.604998257958264,"ellipse":{"center":[28.451788902572105,115.72181395381179],"axes":[22.565561286417367,52.302675255027005],"angle":-55.64318308669982},"norm_pos":[0.08891184032053782,0.5178257751924509],"diameter":52.302675255027005,"sphere":{"center":[-6.763749796666403,-9.210257520534356,61.82169740625766],"radius":12.0},"projected_sphere":{"center":[92.16742584119508,27.63178782999104],"axes":[240.69219423428237,240.69219423428237],"angle":90.0},"model_confidence":0.47182142145452133,"model_id":1,"model_birth_timestamp":246252.306372,"theta":2.4020437896709557,"phi":-2.23938498200164,"method":"3d c++","id":1}
770300,770299,1,246881.231237,28,124,{"topic":"pupil.1","circle_3d":{"center":[-11.793961492573441,-0.3646969167460341,55.461427923046436],"normal":[-0.4191843079922531,0.7371300503156935,-0.5300224569342691],"radius":2.2908259912252316},"confidence":0.993938485999991,"timestamp":246881.231237,"diameter_3d":4.581651982450463,"ellipse":{"center":[28.229363030876783,115.50429111997491],"axes":[22.505045053568068,52.051894185231795],"angle":-55.48787876859964},"norm_pos":[0.08821675947148995,0.5187321203334379],"diameter":52.051894185231795,"sphere":{"center":[-6.763749796666403,-9.210257520534356,61.82169740625766],"radius":12.0},"projected_sphere":{"center":[92.16742584119508,27.63178782999104],"axes":[240.69219423428237,240.69219423428237],"angle":90.0},"model_confidence":0.4719746638836231,"model_id":1,"model_birth_timestamp":246252.306372,"theta":2.3996097358301003,"phi":-2.239951672306318,"method":"3d c++","id":1}
770307,770305,1,246881.239637,28,124,{"topic":"pupil.1","circle_3d":{"center":[-11.797951558866252,-0.3655688919812974,55.46337249466278],"normal":[-0.41951681351665415,0.7370573857127549,-0.529860409299574],"radius":2.272603561183717},"confidence":0.9925420990148742,"timestamp":246881.239637,"diameter_3d":4.545207122367434,"ellipse":{"center":[28.18823997397186,115.50151125957088],"axes":[22.312275870881223,51.63571139799463],"angle":-55.46885043753991},"norm_pos":[0.08808824991866207,0.5187437030851214],"diameter":51.63571139799463,"sphere":{"center":[-6.763749796666403,-9.210257520534356,61.82169740625766],"radius":12.0},"projected_sphere":{"center":[92.16742584119508,27.63178782999104],"axes":[240.69219423428237,240.69219423428237],"angle":90.0},"model_confidence":0.4716369461017278,"model_id":1,"model_birth_timestamp":246252.306372,"theta":2.3995022104963715,"phi":-2.2404863056690987,"method":"3d c++","id":1}
770315,770309,1,246881.248037,28,124,{"topic":"pupil.1","circle_3d":{"center":[-11.812455105890423,-0.35664888983246,55.48733169886642],"normal":[-0.42072544243533505,0.7378007192251579,-0.52786380894927],"radius":2.310391586478224},"confidence":0.9939962582279669,"timestamp":246881.248037,"diameter_3d":4.620783172956448,"ellipse":{"center":[28.08465862469231,115.59075455563905],"axes":[22.55014369069441,52.47294306451062],"angle":-55.455060568645706},"norm_pos":[0.08776455820216347,0.5183718560181706],"diameter":52.47294306451062,"sphere":{"center":[-6.763749796666403,-9.210257520534356,61.82169740625766],"radius":12.0},"projected_sphere":{"center":[92.16742584119508,27.63178782999104],"axes":[240.69219423428237,240.69219423428237],"angle":90.0},"model_confidence":0.4716844190277958,"model_id":1,"model_birth_timestamp":246252.306372,"theta":2.400602753298932,"phi":-2.243726159545463,"method":"3d c++","id":1}
770324,770321,1,246881.256437,27,124,{"topic":"pupil.1","circle_3d":{"center":[-11.819830054861356,-0.36486648454381765,55.4817360622817],"normal":[-0.421340021516246,0.7371159196658781,-0.5283301119979971],"radius":2.2745841930455595},"confidence":0.9926018645115042,"timestamp":246881.256437,"diameter_3d":4.549168386091119,"ellipse":{"center":[27.98721309529313,115.51141077717702],"axes":[22.220584094646657,51.6645124342113],"angle":-55.38944456724701},"norm_pos":[0.08746004092279103,0.5187024550950958],"diameter":51.6645124342113,"sphere":{"center":[-6.763749796666403,-9.210257520534356,61.82169740625766],"radius":12.0},"projected_sphere":{"center":[92.16742584119508,27.63178782999104],"axes":[240.69219423428237,240.69219423428237],"angle":90.0},"model_confidence":0.47127428786823966,"model_id":1,"model_birth_timestamp":246252.306372,"theta":2.399588825035159,"phi":-2.2440072669485613,"method":"3d c++","id":1}
770331,770327,1,246881.264837,27,124,{"topic":"pupil.1","circle_3d":{"center":[-11.821617461997624,-0.3599165256630119,55.49007526382871],"normal":[-0.42148897211093506,0.7375284162392787,-0.5276351785357462],"radius":2.279143806883149},"confidence":0.9934277565454678,"timestamp":246881.264837,"diameter_3d":4.558287613766298,"ellipse":{"center":[27.98697170607079,115.56617311778771],"axes":[22.222284602338796,51.760294226051144],"angle":-55.405592690128714},"norm_pos":[0.08745928658147122,0.5184742786758845],"diameter":51.760294226051144,"sphere":{"center":[-6.763749796666403,-9.210257520534356,61.82169740625766],"radius":12.0},"projected_sphere":{"center":[92.16742584119508,27.63178782999104],"axes":[240.69219423428237,240.69219423428237],"angle":90.0},"model_confidence":0.47112976932290884,"model_id":1,"model_birth_timestamp":246252.306372,"theta":2.4001994414624246,"phi":-2.2448213211204537,"method":"3d c++","id":1}
770339,770338,1,246881.273237,27,124,{"topic":"pupil.1","circle_3d":{"center":[-11.824807432193023,-0.3537037577621511,55.50132154267145],"normal":[-0.42175480296055173,0.7380461468976838,-0.5266979886321845],"radius":2.2744877610136522},"confidence":0.9922162341547546,"timestamp":246881.273237,"diameter_3d":4.5489755220273045,"ellipse":{"center":[27.97728248132387,115.63875649350169],"axes":[22.118275839809932,51.6438214491023],"angle":-55.422358093593544},"norm_pos":[0.08742900775413709,0.5181718479437429],"diameter":51.6438214491023,"sphere":{"center":[-6.763749796666403,-9.210257520534356,61.82169740625766],"radius":12.0},"projected_sphere":{"center":[92.16742584119508,27.63178782999104],"axes":[240.69219423428237,240.69219423428237],"angle":90.0},"model_confidence":0.47084767726813803,"model_id":1,"model_birth_timestamp":246252.306372,"theta":2.400966412118567,"phi":-2.2459960251659,"method":"3d c++","id":1}
770348,770344,1,246881.281637,27,124,{"topic":"pupil.1","circle_3d":{"center":[-11.846494669642173,-0.364251560955255,55.50395389141555],"normal":[-0.4235620727479809,0.7371671632982584,-0.5264786262368426],"radius":2.278738000340088},"confidence":0.9930682334598483,"timestamp":246881.281637,"diameter_3d":4.557476000680176,"ellipse":{"center":[27.742111498421707,115.5201326518254],"axes":[22.126421788172408,51.73929864474704],"angle":-55.292010241095085},"norm_pos":[0.08669409843256784,0.5186661139507275],"diameter":51.73929864474704,"sphere":{"center":[-6.763749796666403,-9.210257520534356,61.82169740625766],"radius":12.0},"projected_sphere":{"center":[92.16742584119508,27.63178782999104],"axes":[240.69219423428237,240.69219423428237],"angle":90.0},"model_confidence":0.4707778688646136,"model_id":1,"model_birth_timestamp":246252.306372,"theta":2.3996646585744927,"phi":-2.24828670620461,"method":"3d c++","id":1}
770355,770355,1,246881.290037,27,124,{"topic":"pupil.1","circle_3d":{"center":[-11.851832838939831,-0.370322959128341,55.49975404167514],"normal":[-0.4240069201894523,0.7366612134505013,-0.5268286137152105],"radius":2.2720188512060298},"confidence":0.9925463451021068,"timestamp":246881.290037,"diameter_3d":4.5440377024120595,"ellipse":{"center":[27.67244610711907,115.4542903468395],"axes":[22.076743798950957,51.59091319900755],"angle":-55.24388959668707},"norm_pos":[0.0864763940847471,0.5189404568881688],"diameter":51.59091319900755,"sphere":{"center":[-6.763749796666403,-9.210257520534356,61.82169740625766],"radius":12.0},"projected_sphere":{"center":[92.16742584119508,27.63178782999104],"axes":[240.69219423428237,240.69219423428237],"angle":90.0},"model_confidence":0.47039937736017556,"model_id":1,"model_birth_timestamp":246252.306372,"theta":2.3989161968068298,"phi":-2.2484748228089164,"method":"3d c++","id":1}
770367,770365,1,246881.298437,27,124,{"topic":"pupil.1","circle_3d":{"center":[-11.875563790864856,-0.372039454838454,55.51652023888771],"normal":[-0.4259844995165377,0.7365181721413252,-0.525431430614163],"radius":2.276577422940238},"confidence":0.9924223130982658,"timestamp":246881.298437,"diameter_3d":4.553154845880476,"ellipse":{"center":[27.447517486190208,115.43609418224341],"axes":[22.01616245296138,51.679949034753996],"angle":-55.147154262036054},"norm_pos":[0.0857734921443444,0.5190162742406524],"diameter":51.679949034753996,"sphere":{"center":[-6.763749796666403,-9.210257520534356,61.82169740625766],"radius":12.0},"projected_sphere":{"center":[92.16742584119508,27.63178782999104],"axes":[240.69219423428237,240.69219423428237],"angle":90.0},"model_confidence":0.4701127007576633,"model_id":1,"model_birth_timestamp":246252.306372,"theta":2.398704703568003,"phi":-2.252047487747622,"method":"3d c++","id":1}
770374,770371,1,246881.306837,27,124,{"topic":"pupil.1","circle_3d":{"center":[-11.874215945114074,-0.37334003408154537,55.51360537433589],"normal":[-0.42587217903730595,0.7364097905377341,-0.5256743359934812],"radius":2.272977324238951},"confidence":0.9924148463445098,"timestamp":246881.306837,"diameter_3d":4.545954648477902,"ellipse":{"center":[27.45549968404069,115.42245906197851],"axes":[21.996884594204193,51.60083141753293],"angle":-55.1461669943491},"norm_pos":[0.08579843651262715,0.5190730872417562],"diameter":51.60083141753293,"sphere":{"center":[-6.763749796666403,-9.210257520534356,61.82169740625766],"radius":12.0},"projected_sphere":{"center":[92.16742584119508,27.63178782999104],"axes":[240.69219423428237,240.69219423428237],"angle":90.0},"model_confidence":0.46958409993425043,"model_id":1,"model_birth_timestamp":246252.306372,"theta":2.3985444887449088,"phi":-2.2516924107013643,"method":"3d c++","id":1}
770384,770383,1,246881.315237,27,124,{"topic":"pupil.1","circle_3d":{"center":[-11.869652745266183,-0.37391994078222446,55.509099426333684],"normal":[-0.425491912383315,0.7363614649793443,-0.5260498316603316],"radius":2.272020490230535},"confidence":0.9925162480837654,"timestamp":246881.315237,"diameter_3d":4.54404098046107,"ellipse":{"center":[27.49574842016392,115.41565457835571],"axes":[22.01406211575346,51.58311436077066],"angle":-55.16051988973666},"norm_pos":[0.08592421381301225,0.5191014392568511],"diameter":51.58311436077066,"sphere":{"center":[-6.763749796666403,-9.210257520534356,61.82169740625766],"radius":12.0},"projected_sphere":{"center":[92.16742584119508,27.63178782999104],"axes":[240.69219423428237,240.69219423428237],"angle":90.0},"model_confidence":0.46917305132712084,"model_id":1,"model_birth_timestamp":246252.306372,"theta":2.398473060620244,"phi":-2.250906347436946,"method":"3d c++","id":1}
770390,770388,1,246881.323637,27,124,{"topic":"pupil.1","circle_3d":{"center":[-11.890332491543653,-0.3685623175983235,55.53340862384928],"normal":[-0.4272152245731042,0.7368079335780027,-0.5240240652006983],"radius":2.2769074608729314},"confidence":0.9922607667389552,"timestamp":246881.323637,"diameter_3d":4.553814921745863,"ellipse":{"center":[27.322508636166702,115.47726924015171],"axes":[21.922224522999173,51.672165488070554],"angle":-55.10827906621796},"norm_pos":[0.08538283948802095,0.5188447114993678],"diameter":51.672165488070554,"sphere":{"center":[-6.763749796666403,-9.210257520534356,61.82169740625766],"radius":12.0},"projected_sphere":{"center":[92.16742584119508,27.63178782999104],"axes":[240.69219423428237,240.69219423428237],"angle":90.0},"model_confidence":0.4684803086107858,"model_id":1,"model_birth_timestamp":246252.306372,"theta":2.3991331799820874,"phi":-2.2547724038891777,"method":"3d c++","id":1}
770398,770394,1,246881.332037,27,124,{"topic":"pupil.1","circle_3d":{"center":[-11.899795351134483,-0.3783403500654394,55.527392428231494],"normal":[-0.42800379620567336,0.7359930975390763,-0.5245254148355142],"radius":2.277341149148064},"confidence":0.9922001892252609,"timestamp":246881.332037,"diameter_3d":4.554682298296128,"ellipse":{"center":[27.203135938078844,115.36733182280355],"axes":[21.947203997968572,51.688392206698],"angle":-55.027651653280856},"norm_pos":[0.0850097998064964,0.5193027840716519],"diameter":51.688392206698,"sphere":{"center":[-6.763749796666403,-9.210257520534356,61.82169740625766],"radius":12.0},"projected_sphere":{"center":[92.16742584119508,27.63178782999104],"axes":[240.69219423428237,240.69219423428237],"angle":90.0},"model_confidence":0.4680448199909648,"model_id":1,"model_birth_timestamp":246252.306372,"theta":2.3979287734086348,"phi":-2.255207274667026,"method":"3d c++","id":1}
770407,770406,1,246881.340437,27,124,{"topic":"pupil.1","circle_3d":{"center":[-11.89197926812476,-0.36484790168162107,55.53997859985018],"normal":[-0.4273524559548632,0.737117468237728,-0.5234765672006234],"radius":2.277557837649132},"confidence":0.993057443064304,"timestamp":246881.340437,"diameter_3d":4.555115675298264,"ellipse":{"center":[27.31955210995875,115.51938268088199],"axes":[21.894563016344694,51.68074023999116],"angle":-55.11940346782757},"norm_pos":[0.0853736003436211,0.5186692388296583],"diameter":51.68074023999116,"sphere":{"center":[-6.763749796666403,-9.210257520534356,61.82169740625766],"radius":12.0},"projected_sphere":{"center":[92.16742584119508,27.63178782999104],"axes":[240.69219423428237,240.69219423428237],"angle":90.0},"model_confidence":0.4678036234490479,"model_id":1,"model_birth_timestamp":246252.306372,"theta":2.399591116616933,"phi":-2.2554417439864056,"method":"3d c++","id":1}
770414,770410,1,246881.348837,27,124,{"topic":"pupil.1","circle_3d":{"center":[-11.88931593964356,-0.3649661777880553,55.53763878336882],"normal":[-0.427130511914763,0.737107611895525,-0.5236715519074038],"radius":2.273111577434349},"confidence":0.9927170305065907,"timestamp":246881.348837,"diameter_3d":4.546223154868698,"ellipse":{"center":[27.34345987254906,115.51930455638083],"axes":[21.865722120573594,51.58179546701998],"angle":-55.12878576029709},"norm_pos":[0.08544831210171581,0.5186695643484132],"diameter":51.58179546701998,"sphere":{"center":[-6.763749796666403,-9.210257520534356,61.82169740625766],"radius":12.0},"projected_sphere":{"center":[92.16742584119508,27.63178782999104],"axes":[240.69219423428237,240.69219423428237],"angle":90.0},"model_confidence":0.46721446324716753,"model_id":1,"model_birth_timestamp":246252.306372,"theta":2.3995765312667525,"phi":-2.25500485992741,"method":"3d c++","id":1}
770424,770422,1,246881.357237,27,124,{"topic":"pupil.1","circle_3d":{"center":[-11.882257334831852,-0.369784623221701,55.52511741918342],"normal":[-0.4265422948471207,0.7367060747760545,-0.5247149989228537],"radius":2.2453911096428474},"confidence":0.9912628277453887,"timestamp":246881.357237,"diameter_3d":4.490782219285695,"ellipse":{"center":[27.391088043998195,115.47364189262146],"axes":[21.66585101968656,50.963394059267664],"angle":-55.13285482852649},"norm_pos":[0.08559715013749436,0.5188598254474106],"diameter":50.963394059267664,"sphere":{"center":[-6.763749796666403,-9.210257520534356,61.82169740625766],"radius":12.0},"projected_sphere":{"center":[92.16742584119508,27.63178782999104],"axes":[240.69219423428237,240.69219423428237],"angle":90.0},"model_confidence":0.46652672782713234,"model_id":1,"model_birth_timestamp":246252.306372,"theta":2.398982536403548,"phi":-2.2533554650749044,"method":"3d c++","id":1}
770430,770427,1,246881.365637,27,124,{"topic":"pupil.1","circle_3d":{"center":[-11.878433134926071,-0.3644514451750336,55.52950150764921],"normal":[-0.42622361152163907,0.7371505062799435,-0.5243496582173711],"radius":2.2658585523117463},"confidence":0.9930153429972449,"timestamp":246881.365637,"diameter_3d":4.5317171046234925,"ellipse":{"center":[27.445175086749344,115.52640000909801],"axes":[21.845854041002575,51.42409174754767],"angle":-55.17174405708562},"norm_pos":[0.0857661721460917,0.5186399999620916],"diameter":51.42409174754767,"sphere":{"center":[-6.763749796666403,-9.210257520534356,61.82169740625766],"radius":12.0},"projected_sphere":{"center":[92.16742584119508,27.63178782999104],"axes":[240.69219423428237,240.69219423428237],"angle":90.0},"model_confidence":0.4662267119298291,"model_id":1,"model_birth_timestamp":246252.306372,"theta":2.3996400077864934,"phi":-2.2533305498904617,"method":"3d c++","id":1}
770440,770439,1,246881.374037,27,124,{"topic":"pupil.1","circle_3d":{"center":[-11.89818026758579,-0.36655381983289814,55.54264265307276],"normal":[-0.427869205909949,0.736975308391788,-0.5232545627654082],"radius":2.2729101311332984},"confidence":0.993423360094558,"timestamp":246881.374037,"diameter_3d":4.545820262266597,"ellipse":{"center":[27.256456699091984,115.50246187630204],"axes":[21.83087182577458,51.57298225553853],"angle":-55.08846442620916},"norm_pos":[0.08517642718466245,0.5187397421820749],"diameter":51.57298225553853,"sphere":{"center":[-6.763749796666403,-9.210257520534356,61.82169740625766],"radius":12.0},"projected_sphere":{"center":[92.16742584119508,27.63178782999104],"axes":[240.69219423428237,240.69219423428237],"angle":90.0},"model_confidence":0.4660392405966829,"model_id":1,"model_birth_timestamp":246252.306372,"theta":2.399380771870576,"phi":-2.2562416795955333,"method":"3d c++","id":1}
770451,770450,1,246881.382437,27,124,{"topic":"pupil.1","circle_3d":{"center":[-11.885097627599098,-0.34725500245186325,55.559191297752506],"normal":[-0.42677898591105784,0.738583543173541,-0.5218755090420963],"radius":2.243815476594202},"confidence":0.9915656987774168,"timestamp":246881.382437,"diameter_3d":4.487630953188404,"ellipse":{"center":[27.438893703248254,115.73003911197398],"axes":[21.482496810303665,50.895541731487754],"angle":-55.226839524936054},"norm_pos":[0.08574654282265079,0.5177915037001084],"diameter":50.895541731487754,"sphere":{"center":[-6.763749796666403,-9.210257520534356,61.82169740625766],"radius":12.0},"projected_sphere":{"center":[92.16742584119508,27.63178782999104],"axes":[240.69219423428237,240.69219423428237],"angle":90.0},"model_confidence":0.4652926001425195,"model_id":1,"model_birth_timestamp":246252.306372,"theta":2.4017631967386377,"phi":-2.256284674814946,"method":"3d c++","id":1}
770459,770456,1,246881.390837,27,124,{"topic":"pupil.1","circle_3d":{"center":[-11.876128899460387,-0.3506395310802901,55.54708594495926],"normal":[-0.4260315918994986,0.738301499121172,-0.5228842884415339],"radius":2.231195514974884},"confidence":0.9913861448012969,"timestamp":246881.390837,"diameter_3d":4.462391029949768,"ellipse":{"center":[27.509711952586144,115.69504480071006],"axes":[21.42804596072934,50.61976182930721],"angle":-55.244609872994374},"norm_pos":[0.0859678498518317,0.5179373133303747],"diameter":50.61976182930721,"sphere":{"center":[-6.763749796666403,-9.210257520534356,61.82169740625766],"radius":12.0},"projected_sphere":{"center":[92.16742584119508,27.63178782999104],"axes":[240.69219423428237,240.69219423428237],"angle":90.0},"model_confidence":0.4645419460775235,"model_id":1,"model_birth_timestamp":246252.306372,"theta":2.4013449301048078,"phi":-2.2544800381817462,"method":"3d c++","id":1}
770466,770466,1,246881.399237,27,124,{"topic":"pupil.1","circle_3d":{"center":[-11.870858562655293,-0.34685070406659513,55.5481450108319],"normal":[-0.42559239716574093,0.7386172347056467,-0.5227960329521467],"radius":2.2424781318131117},"confidence":0.9931042024078865,"timestamp":246881.399237,"diameter_3d":4.4849562636262235,"ellipse":{"center":[27.57152933859834,115.73340063907682],"axes":[21.53636349802845,50.87471850777942],"angle":-55.28175227768972},"norm_pos":[0.08616102918311981,0.5177774973371799],"diameter":50.87471850777942,"sphere":{"center":[-6.763749796666403,-9.210257520534356,61.82169740625766],"radius":12.0},"projected_sphere":{"center":[92.16742584119508,27.63178782999104],"axes":[240.69219423428237,240.69219423428237],"angle":90.0},"model_confidence":0.4641553910896046,"model_id":1,"model_birth_timestamp":246252.306372,"theta":2.4018131735341823,"phi":-2.254057654559431,"method":"3d c++","id":1}
770475,770472,1,246881.407637,27,124,{"topic":"pupil.1","circle_3d":{"center":[-11.873853954036353,-0.34871863867754627,55.547945407160924],"normal":[-0.4258420131141625,0.7384615734880674,-0.5228126665913949],"radius":2.235493152531856},"confidence":0.9916158961407986,"timestamp":246881.407637,"diameter_3d":4.470986305063712,"ellipse":{"center":[27.537299303769487,115.71504111736402],"axes":[21.467343970299776,50.71643167177545],"angle":-55.2619681222194},"norm_pos":[0.08605406032427965,0.5178539953443166],"diameter":50.71643167177545,"sphere":{"center":[-6.763749796666403,-9.210257520534356,61.82169740625766],"radius":12.0},"projected_sphere":{"center":[92.16742584119508,27.63178782999104],"axes":[240.69219423428237,240.69219423428237],"angle":90.0},"model_confidence":0.4632676232818933,"model_id":1,"model_birth_timestamp":246252.306372,"theta":2.401582294213961,"phi":-2.2543291681261013,"method":"3d c++","id":1}
770482,770478,1,246881.416037,27,124,{"topic":"pupil.1","circle_3d":{"center":[-11.876622541359504,-0.34613484831475105,55.553853953488854],"normal":[-0.42607272872442514,0.7386768893516338,-0.522320287730734],"radius":2.240693245703618},"confidence":0.9918502653880722,"timestamp":246881.416037,"diameter_3d":4.481386491407236,"ellipse":{"center":[27.520576554231155,115.74282837636349],"axes":[21.486200395660887,50.82914476205935],"angle":-55.263596884137314},"norm_pos":[0.08600180173197236,0.5177382150984855],"diameter":50.82914476205935,"sphere":{"center":[-6.763749796666403,-9.210257520534356,61.82169740625766],"radius":12.0},"projected_sphere":{"center":[92.16742584119508,27.63178782999104],"axes":[240.69219423428237,240.69219423428237],"angle":90.0},"model_confidence":0.46259781145656653,"model_id":1,"model_birth_timestamp":246252.306372,"theta":2.401901669783502,"phi":-2.255055868785048,"method":"3d c++","id":1}
770492,770491,1,246881.424437,27,124,{"topic":"pupil.1","circle_3d":{"center":[-11.88099897476481,-0.3431905957223993,55.56159477130374],"normal":[-0.4264374315082005,0.7389222437343297,-0.5216752195794935],"radius":2.2316322114696168},"confidence":0.9917707365776439,"timestamp":246881.424437,"diameter_3d":4.4632644229392335,"ellipse":{"center":[27.489376603518622,115.77989890393052],"axes":[21.357735811954768,50.61634308953266],"angle":-55.26100248491235},"norm_pos":[0.0859043018859957,0.5175837545669562],"diameter":50.61634308953266,"sphere":{"center":[-6.763749796666403,-9.210257520534356,61.82169740625766],"radius":12.0},"projected_sphere":{"center":[92.16742584119508,27.63178782999104],"axes":[240.69219423428237,240.69219423428237],"angle":90.0},"model_confidence":0.46205746600501696,"model_id":1,"model_birth_timestamp":246252.306372,"theta":2.402265737460609,"phi":-2.2560804464013064,"method":"3d c++","id":1}
770499,770495,1,246881.432837,27,124,{"topic":"pupil.1","circle_3d":{"center":[-11.865924703492006,-0.34195864838445367,55.55104462250508],"normal":[-0.4251812422354668,0.7390249060124918,-0.5225543986460482],"radius":2.233687094469286},"confidence":0.99152368075059,"timestamp":246881.432837,"diameter_3d":4.467374188938572,"ellipse":{"center":[27.632671921110642,115.79136787982688],"axes":[21.442241867296893,50.671998063261206],"angle":-55.322874048420516},"norm_pos":[0.08635209975347076,0.517535967167388],"diameter":50.671998063261206,"sphere":{"center":[-6.763749796666403,-9.210257520534356,61.82169740625766],"radius":12.0},"projected_sphere":{"center":[92.16742584119508,27.63178782999104],"axes":[240.69219423428237,240.69219423428237],"angle":90.0},"model_confidence":0.46130226662571827,"model_id":1,"model_birth_timestamp":246252.306372,"theta":2.4024181154259443,"phi":-2.253810788762104,"method":"3d c++","id":1}
770508,770507,1,246881.441237,27,124,{"topic":"pupil.1","circle_3d":{"center":[-11.88997383317508,-0.34374174985795847,55.568160389827085],"normal":[-0.4271853363757231,0.738876314223033,-0.521128084702548],"radius":2.2306150488430068},"confidence":0.991651124109407,"timestamp":246881.441237,"diameter_3d":4.4612300976860135,"ellipse":{"center":[27.40476287593728,115.77506826610568],"axes":[21.308094740798825,50.587632787814066],"angle":-55.225082932592585},"norm_pos":[0.085639883987304,0.5176038822245597],"diameter":50.587632787814066,"sphere":{"center":[-6.763749796666403,-9.210257520534356,61.82169740625766],"radius":12.0},"projected_sphere":{"center":[92.16742584119508,27.63178782999104],"axes":[240.69219423428237,240.69219423428237],"angle":90.0},"model_confidence":0.4607871489808235,"model_id":1,"model_birth_timestamp":246252.306372,"theta":2.402197574165675,"phi":-2.257453671454432,"method":"3d c++","id":1}
770514,770512,1,246881.449637,27,124,{"topic":"pupil.1","circle_3d":{"center":[-11.860743750755034,-0.3507815759736559,55.53438171355269],"normal":[-0.4247494961740527,0.738289662046725,-0.523942974392081],"radius":2.2184740973738206},"confidence":0.9916737194328799,"timestamp":246881.449637,"diameter_3d":4.436948194747641,"ellipse":{"center":[27.65059315976194,115.69607673877596],"axes":[21.380621275888245,50.341729802869935],"angle":-55.301442696654675},"norm_pos":[0.08640810362425606,0.5179330135884335],"diameter":50.341729802869935,"sphere":{"center":[-6.763749796666403,-9.210257520534356,61.82169740625766],"radius":12.0},"projected_sphere":{"center":[92.16742584119508,27.63178782999104],"axes":[240.69219423428237,240.69219423428237],"angle":90.0},"model_confidence":0.46029777005250905,"model_id":1,"model_birth_timestamp":246252.306372,"theta":2.401327380108165,"phi":-2.2520149379310173,"method":"3d c++","id":1}
770524,770524,1,246881.458037,27,124,{"topic":"pupil.1","circle_3d":{"center":[-11.872432336454299,-0.34396225056113217,55.55351019675947],"normal":[-0.4257235449823247,0.7388579391644353,-0.5223489341248493],"radius":2.228886046443616},"confidence":0.9924581441905513,"timestamp":246881.458037,"diameter_3d":4.457772092887232,"ellipse":{"center":[27.56569888976307,115.77110789125061],"axes":[21.37820812606335,50.56104032916153],"angle":-55.289349016942},"norm_pos":[0.0861428090305096,0.5176203837864558],"diameter":50.56104032916153,"sphere":{"center":[-6.763749796666403,-9.210257520534356,61.82169740625766],"radius":12.0},"projected_sphere":{"center":[92.16742584119508,27.63178782999104],"axes":[240.69219423428237,240.69219423428237],"angle":90.0},"model_confidence":0.45968846329876856,"model_id":1,"model_birth_timestamp":246252.306372,"theta":2.4021703054451775,"phi":-2.254627463919804,"method":"3d c++","id":1}
770534,770534,1,246881.466437,27,124,{"topic":"pupil.1","circle_3d":{"center":[-11.875569736440546,-0.35832017313482645,55.53580032620291],"normal":[-0.4259849949811786,0.7376614456166274,-0.5238247566712295],"radius":2.240576901188702},"confidence":0.992290687659093,"timestamp":246881.466437,"diameter_3d":4.481153802377404,"ellipse":{"center":[27.490182503189317,115.6045835414659],"axes":[21.573609174018685,50.84348380018603],"angle":-55.21101936016029},"norm_pos":[0.08590682032246662,0.5183142352438921],"diameter":50.84348380018603,"sphere":{"center":[-6.763749796666403,-9.210257520534356,61.82169740625766],"radius":12.0},"projected_sphere":{"center":[92.16742584119508,27.63178782999104],"axes":[240.69219423428237,240.69219423428237],"angle":90.0},"model_confidence":0.4591048531243813,"model_id":1,"model_birth_timestamp":246252.306372,"theta":2.4003964509679196,"phi":-2.2535466831023854,"method":"3d c++","id":1}
770544,770541,1,246881.474837,27,124,{"topic":"pupil.1","circle_3d":{"center":[-11.864874506294,-0.36454403972212646,55.518374495902876],"normal":[-0.42509372580229976,0.7371427900676858,-0.5252769091962324],"radius":2.219263121516539},"confidence":0.9915166354651844,"timestamp":246881.474837,"diameter_3d":4.438526243033078,"ellipse":{"center":[27.567310739507803,115.54020649371343],"axes":[21.461449396469117,50.374894302291715],"angle":-55.22219985388935},"norm_pos":[0.08614784606096189,0.5185824729428608],"diameter":50.374894302291715,"sphere":{"center":[-6.763749796666403,-9.210257520534356,61.82169740625766],"radius":12.0},"projected_sphere":{"center":[92.16742584119508,27.63178782999104],"axes":[240.69219423428237,240.69219423428237],"angle":90.0},"model_confidence":0.4582019062959741,"model_id":1,"model_birth_timestamp":246252.306372,"theta":2.399628588757788,"phi":-2.25116751842334,"method":"3d c++","id":1}
770550,770545,1,246881.483237,27,124,{"topic":"pupil.1","circle_3d":{"center":[-11.851490859338973,-0.35954874955088023,55.514570871104624],"normal":[-0.42397842188938084,0.7375590642486229,-0.5255938779294197],"radius":2.2133008078654517},"confidence":0.9913078790980971,"timestamp":246881.483237,"diameter_3d":4.426601615730903,"ellipse":{"center":[27.707134626540892,115.59737149133801],"axes":[21.434073498345857,50.24212135636584],"angle":-55.295471253599686},"norm_pos":[0.08658479570794028,0.5183442854527582],"diameter":50.24212135636584,"sphere":{"center":[-6.763749796666403,-9.210257520534356,61.82169740625766],"radius":12.0},"projected_sphere":{"center":[92.16742584119508,27.63178782999104],"axes":[240.69219423428237,240.69219423428237],"angle":90.0},"model_confidence":0.4572532503534843,"model_id":1,"model_birth_timestamp":246252.306372,"theta":2.4002448257926687,"phi":-2.2495883734521533,"method":"3d c++","id":1}
770559,770556,1,246881.491637,27,124,{"topic":"pupil.1","circle_3d":{"center":[-11.85366177429826,-0.3603084556691627,55.515256444094334],"normal":[-0.4241593314693213,0.7374957554054326,-0.525536746846944],"radius":2.2510506571374664},"confidence":0.4866721737754759,"timestamp":246881.491637,"diameter_3d":4.502101314274933,"ellipse":{"center":[27.686876877703384,115.5756797525863],"axes":[21.795146778845073,51.09958165896437],"angle":-55.283595119094485},"norm_pos":[0.08652149024282307,0.5184346676975571],"diameter":51.09958165896437,"sphere":{"center":[-6.763749796666403,-9.210257520534356,61.82169740625766],"radius":12.0},"projected_sphere":{"center":[92.16742584119508,27.63178782999104],"axes":[240.69219423428237,240.69219423428237],"angle":90.0},"model_confidence":0.45596387273705297,"model_id":1,"model_birth_timestamp":246252.306372,"theta":2.400151078967686,"phi":-2.2498499817136106,"method":"3d c++","id":1}
770567,770562,1,246881.500037,27,124,{"topic":"pupil.1","circle_3d":{"center":[-11.8530790062456,-0.3519205340408025,55.52657278237258],"normal":[-0.4241107674649331,0.7381947488744628,-0.5245937186570901],"radius":2.2184713575906394},"confidence":0.9914535783687127,"timestamp":246881.500037,"diameter_3d":4.436942715181279,"ellipse":{"center":[27.71773653689658,115.68226297906547],"axes":[21.42510119762924,50.348499204325144],"angle":-55.32483493398715},"norm_pos":[0.08661792667780181,0.5179905709205606],"diameter":50.348499204325144,"sphere":{"center":[-6.763749796666403,-9.210257520534356,61.82169740625766],"radius":12.0},"projected_sphere":{"center":[92.16742584119508,27.63178782999104],"axes":[240.69219423428237,240.69219423428237],"angle":90.0},"model_confidence":0.4549367241419078,"model_id":1,"model_birth_timestamp":246252.306372,"theta":2.401186671219193,"phi":-2.250671942328253,"method":"3d c++","id":1}
770576,770574,1,246881.508437,27,124,{"topic":"pupil.1","circle_3d":{"center":[-11.854753321623765,-0.3464205114002574,55.535675088099985],"normal":[-0.4242502937464469,0.7386530840945082,-0.5238351931798063],"radius":2.2072546190387805},"confidence":0.9904860655764528,"timestamp":246881.508437,"diameter_3d":4.414509238077561,"ellipse":{"center":[27.7196300508798,115.74873539154768],"axes":[21.271487508842142,50.08526066236482],"angle":-55.344106975240834},"norm_pos":[0.08662384390899938,0.517713602535218],"diameter":50.08526066236482,"sphere":{"center":[-6.763749796666403,-9.210257520534356,61.82169740625766],"radius":12.0},"projected_sphere":{"center":[92.16742584119508,27.63178782999104],"axes":[240.69219423428237,240.69219423428237],"angle":90.0},"model_confidence":0.45376403163489565,"model_id":1,"model_birth_timestamp":246252.306372,"theta":2.4018663542214274,"phi":-2.2515403555272253,"method":"3d c++","id":1}
770582,770582,1,246881.516837,27,124,{"topic":"pupil.1","circle_3d":{"center":[-11.859367640375535,-0.3395890206534826,55.54906485236975],"normal":[-0.4246348203090942,0.7392223749900727,-0.522719379490659],"radius":2.2255186022730737},"confidence":0.9923262261378927,"timestamp":246881.516837,"diameter_3d":4.4510372045461475,"ellipse":{"center":[27.70055327276299,115.82032541029474],"axes":[21.379165681083556,50.48791780791928],"angle":-55.35837802085348},"norm_pos":[0.08656422897738433,0.5174153107904386],"diameter":50.48791780791928,"sphere":{"center":[-6.763749796666403,-9.210257520534356,61.82169740625766],"radius":12.0},"projected_sphere":{"center":[92.16742584119508,27.63178782999104],"axes":[240.69219423428237,240.69219423428237],"angle":90.0},"model_confidence":0.4531355352404898,"model_id":1,"model_birth_timestamp":246252.306372,"theta":2.402711283242673,"phi":-2.2530268237001416,"method":"3d c++","id":1}
770594,770591,1,246881.525237,27,124,{"topic":"pupil.1","circle_3d":{"center":[-11.864511807331436,-0.33684767650795067,55.557128414659616],"normal":[-0.4250635008887528,0.7394508203355337,-0.5220474159665037],"radius":2.2097633121270266},"confidence":0.9906906966056611,"timestamp":246881.525237,"diameter_3d":4.419526624254053,"ellipse":{"center":[27.661146809961707,115.85748202656347],"axes":[21.184251362304078,50.122875633113104],"angle":-55.351952876488554},"norm_pos":[0.08644108378113033,0.5172604915559855],"diameter":50.122875633113104,"sphere":{"center":[-6.763749796666403,-9.210257520534356,61.82169740625766],"radius":12.0},"projected_sphere":{"center":[92.16742584119508,27.63178782999104],"axes":[240.69219423428237,240.69219423428237],"angle":90.0},"model_confidence":0.45196998976281266,"model_id":1,"model_birth_timestamp":246252.306372,"theta":2.403050557162162,"phi":-2.254150422770033,"method":"3d c++","id":1}
770600,770597,1,246881.533637,27,124,{"topic":"pupil.1","circle_3d":{"center":[-11.850275403105623,-0.3466643559117326,55.53170746452538],"normal":[-0.42387713386993514,0.7386327637185519,-0.5241658284776899],"radius":2.2181598747232507},"confidence":0.9917289257501202,"timestamp":246881.533637,"diameter_3d":4.436319749446501,"ellipse":{"center":[27.760899041481025,115.74164221034589],"axes":[21.399957372617113,50.33644453759578],"angle":-55.35967221256635},"norm_pos":[0.0867528095046282,0.5177431574568921],"diameter":50.33644453759578,"sphere":{"center":[-6.763749796666403,-9.210257520534356,61.82169740625766],"radius":12.0},"projected_sphere":{"center":[92.16742584119508,27.63178782999104],"axes":[240.69219423428237,240.69219423428237],"angle":90.0},"model_confidence":0.45110208082850267,"model_id":1,"model_birth_timestamp":246252.306372,"theta":2.4018362096295274,"phi":-2.250801487724292,"method":"3d c++","id":1}
770608,770601,1,246881.542037,27,124,{"topic":"pupil.1","circle_3d":{"center":[-11.853001773451926,-0.33437407762703764,55.55127418093161],"normal":[-0.4241043313987935,0.7396569535756098,-0.5225352687771713],"radius":2.2197740311992935},"confidence":0.9911055002038404,"timestamp":246881.542037,"diameter_3d":4.439548062398587,"ellipse":{"center":[27.776213063434426,115.88069669756659],"axes":[21.31902653695948,50.354978798853935],"angle":-55.40633908589737},"norm_pos":[0.08680066582323258,0.5171637637601392],"diameter":50.354978798853935,"sphere":{"center":[-6.763749796666403,-9.210257520534356,61.82169740625766],"radius":12.0},"projected_sphere":{"center":[92.16742584119508,27.63178782999104],"axes":[240.69219423428237,240.69219423428237],"angle":90.0},"model_confidence":0.4502385498497019,"model_id":1,"model_birth_timestamp":246252.306372,"theta":2.4033568029711816,"phi":-2.252587493694791,"method":"3d c++","id":1}
770619,770618,1,246881.550437,27,124,{"topic":"pupil.1","circle_3d":{"center":[-11.843531048657747,-0.33174565444312876,55.547317000544716],"normal":[-0.423315104332612,0.7398759888409355,-0.5228650338094122],"radius":2.209875750842246},"confidence":0.9913480331091629,"timestamp":246881.550437,"diameter_3d":4.419751501684492,"ellipse":{"center":[27.871834980831466,115.91284841756769],"axes":[21.25124391857464,50.13327015982702],"angle":-55.45399783409124},"norm_pos":[0.08709948431509833,0.5170297982601346],"diameter":50.13327015982702,"sphere":{"center":[-6.763749796666403,-9.210257520534356,61.82169740625766],"radius":12.0},"projected_sphere":{"center":[92.16742584119508,27.63178782999104],"axes":[240.69219423428237,240.69219423428237],"angle":90.0},"model_confidence":0.44936667590461665,"model_id":1,"model_birth_timestamp":246252.306372,"theta":2.403682329920474,"phi":-2.2513677049623144,"method":"3d c++","id":1}
770628,770625,1,246881.558837,27,124,{"topic":"pupil.1","circle_3d":{"center":[-11.854034997373144,-0.3375940288529691,55.547556896287375],"normal":[-0.42419043339222856,0.7393886243067822,-0.5228450424975237],"radius":2.220149370023309},"confidence":0.9922699339493285,"timestamp":246881.558837,"diameter_3d":4.440298740046618,"ellipse":{"center":[27.756078548813264,115.84419601441124],"axes":[21.33956622094959,50.36704532567683],"angle":-55.38757508212257},"norm_pos":[0.08673774546504145,0.5173158499399532],"diameter":50.36704532567683,"sphere":{"center":[-6.763749796666403,-9.210257520534356,61.82169740625766],"radius":12.0},"projected_sphere":{"center":[92.16742584119508,27.63178782999104],"axes":[240.69219423428237,240.69219423428237],"angle":90.0},"model_confidence":0.44871225677358684,"model_id":1,"model_birth_timestamp":246252.306372,"theta":2.402958174666542,"phi":-2.2523968428272183,"method":"3d c++","id":1}
770635,770630,1,246881.567237,27,124,{"topic":"pupil.1","circle_3d":{"center":[-11.8448568932479,-0.34669584719906155,55.527285190962985],"normal":[-0.4234255913817915,0.7386301394446078,-0.5245343512745562],"radius":2.221091419156854},"confidence":0.9920309826795989,"timestamp":246881.567237,"diameter_3d":4.442182838313708,"ellipse":{"center":[27.81111063582847,115.73962597931042],"axes":[21.454519715122025,50.40685605002607],"angle":-55.37980677695879},"norm_pos":[0.08690972073696397,0.5177515584195399],"diameter":50.40685605002607,"sphere":{"center":[-6.763749796666403,-9.210257520534356,61.82169740625766],"radius":12.0},"projected_sphere":{"center":[92.16742584119508,27.63178782999104],"axes":[240.69219423428237,240.69219423428237],"angle":90.0},"model_confidence":0.4485836852803904,"model_id":1,"model_birth_timestamp":246252.306372,"theta":2.4018323166802995,"phi":-2.249936894431531,"method":"3d c++","id":1}
770643,770641,1,246881.575637,27,124,{"topic":"pupil.1","circle_3d":{"center":[-11.848945704464896,-0.3426074164382875,55.536352212027325],"normal":[-0.4237663256498743,0.7389708420080057,-0.5237787661858618],"radius":2.2089766835750155},"confidence":0.9908370792130448,"timestamp":246881.575637,"diameter_3d":4.417953367150031,"ellipse":{"center":[27.78597222870917,115.79068702143536],"axes":[21.290137749581284,50.123394129373615],"angle":-55.3834832855305},"norm_pos":[0.08683116321471615,0.5175388040773526],"diameter":50.123394129373615,"sphere":{"center":[-6.763749796666403,-9.210257520534356,61.82169740625766],"radius":12.0},"projected_sphere":{"center":[92.16742584119508,27.63178782999104],"axes":[240.69219423428237,240.69219423428237],"angle":90.0},"model_confidence":0.4480459813784199,"model_id":1,"model_birth_timestamp":246252.306372,"theta":2.402337866974046,"phi":-2.2510348464965757,"method":"3d c++","id":1}
770651,770647,1,246881.584037,27,124,{"topic":"pupil.1","circle_3d":{"center":[-11.852953834287092,-0.34047024694921646,55.54261499042552],"normal":[-0.42410033646839085,0.7391489394654283,-0.5232568679860117],"radius":2.20907290928578},"confidence":0.9909070097756499,"timestamp":246881.584037,"diameter_3d":4.41814581857156,"ellipse":{"center":[27.755943071025314,115.81533940226461],"axes":[21.257476511561396,50.11999499427902],"angle":-55.37837321082873},"norm_pos":[0.0867373220969541,0.5174360858238974],"diameter":50.11999499427902,"sphere":{"center":[-6.763749796666403,-9.210257520534356,61.82169740625766],"radius":12.0},"projected_sphere":{"center":[92.16742584119508,27.63178782999104],"axes":[240.69219423428237,240.69219423428237],"angle":90.0},"model_confidence":0.44725346992712245,"model_id":1,"model_birth_timestamp":246252.306372,"theta":2.4026022478492215,"phi":-2.2519077399355156,"method":"3d c++","id":1}
770660,770659,1,246881.592437,27,124,{"topic":"pupil.1","circle_3d":{"center":[-11.844626603288976,-0.3475066982118804,55.525957677095796],"normal":[-0.42340640055188117,0.7385625685268729,-0.5246449774301555],"radius":2.2082118190276065},"confidence":0.9915044171540792,"timestamp":246881.592437,"diameter_3d":4.416423638055213,"ellipse":{"center":[27.80980712116485,115.73491271045425],"axes":[21.336390196664457,50.11543147897088],"angle":-55.376992776796186},"norm_pos":[0.08690564725364017,0.5177711970397739],"diameter":50.11543147897088,"sphere":{"center":[-6.763749796666403,-9.210257520534356,61.82169740625766],"radius":12.0},"projected_sphere":{"center":[92.16742584119508,27.63178782999104],"axes":[240.69219423428237,240.69219423428237],"angle":90.0},"model_confidence":0.4464457806109601,"model_id":1,"model_birth_timestamp":246252.306372,"theta":2.4017320850912407,"phi":-2.2498116771100465,"method":"3d c++","id":1}
770667,770664,1,246881.600837,27,124,{"topic":"pupil.1","circle_3d":{"center":[-11.844716573643312,-0.3419745551733655,55.53382544051719],"normal":[-0.4234138980814091,0.7390235804467491,-0.5239893304783729],"radius":2.21461840873372},"confidence":0.991234980141287,"timestamp":246881.600837,"diameter_3d":4.42923681746744,"ellipse":{"center":[27.82751254299444,115.79540307577412],"axes":[21.36059470254297,50.25366018277662],"angle":-55.40221924029052},"norm_pos":[0.08696097669685762,0.5175191538509412],"diameter":50.25366018277662,"sphere":{"center":[-6.763749796666403,-9.210257520534356,61.82169740625766],"radius":12.0},"projected_sphere":{"center":[92.16742584119508,27.63178782999104],"axes":[240.69219423428237,240.69219423428237],"angle":90.0},"model_confidence":0.44518786770774144,"model_id":1,"model_birth_timestamp":246252.306372,"theta":2.402416147773584,"phi":-2.25043155428671,"method":"3d c++","id":1}
770674,770670,1,246881.609237,27,124,{"topic":"pupil.1","circle_3d":{"center":[-11.84638258665024,-0.3509749679934444,55.52249455379885],"normal":[-0.423552732498653,0.738273546045076,-0.5249335710382347],"radius":2.2057780277308767},"confidence":0.991001897195961,"timestamp":246881.609237,"diameter_3d":4.4115560554617534,"ellipse":{"center":[27.78203776426031,115.69663986543964],"axes":[21.327790241209467,50.06346150948296],"angle":-55.35436972727513},"norm_pos":[0.08681886801331347,0.5179306672273348],"diameter":50.06346150948296,"sphere":{"center":[-6.763749796666403,-9.210257520534356,61.82169740625766],"radius":12.0},"projected_sphere":{"center":[92.16742584119508,27.63178782999104],"axes":[240.69219423428237,240.69219423428237],"angle":90.0},"model_confidence":0.444141720183433,"model_id":1,"model_birth_timestamp":246252.306372,"theta":2.401303486589467,"phi":-2.2497117954421513,"method":"3d c++","id":1}
770682,770681,1,246881.617637,27,124,{"topic":"pupil.1","circle_3d":{"center":[-11.847859403734574,-0.33764427183645296,55.542480604589834],"normal":[-0.4236758005890144,0.739384437391492,-0.5232680668056523],"radius":2.197948711656442},"confidence":0.9908492887979463,"timestamp":246881.617637,"diameter_3d":4.395897423312884,"ellipse":{"center":[27.811684941914194,115.85064516869224],"axes":[21.155415942531686,49.86711931180346],"angle":-55.41057938493327},"norm_pos":[0.08691151544348186,0.5172889784637824],"diameter":49.86711931180346,"sphere":{"center":[-6.763749796666403,-9.210257520534356,61.82169740625766],"radius":12.0},"projected_sphere":{"center":[92.16742584119508,27.63178782999104],"axes":[240.69219423428237,240.69219423428237],"angle":90.0},"model_confidence":0.44288008969612935,"model_id":1,"model_birth_timestamp":246252.306372,"theta":2.4029519559939203,"phi":-2.2514074127156993,"method":"3d c++","id":1}
770691,770686,1,246881.626037,27,124,{"topic":"pupil.1","circle_3d":{"center":[-11.840636530263865,-0.3428324181983946,55.5293216110048],"normal":[-0.42307389446645516,0.73895209186133,-0.5243646496044057],"radius":2.2218869846798732},"confidence":0.9920483982762676,"timestamp":246881.626037,"diameter_3d":4.4437739693597464,"ellipse":{"center":[27.862893491633173,115.78265941968444],"axes":[21.45625769205682,50.422762265576836],"angle":-55.413501740204396},"norm_pos":[0.08707154216135367,0.5175722524179815],"diameter":50.422762265576836,"sphere":{"center":[-6.763749796666403,-9.210257520534356,61.82169740625766],"radius":12.0},"projected_sphere":{"center":[92.16742584119508,27.63178782999104],"axes":[240.69219423428237,240.69219423428237],"angle":90.0},"model_confidence":0.4419099184369224,"model_id":1,"model_birth_timestamp":246252.306372,"theta":2.4023100373474007,"phi":-2.24968893283013,"method":"3d c++","id":1}
770702,770697,1,246881.634437,27,124,{"topic":"pupil.1","circle_3d":{"center":[-11.84973848335038,-0.3385197804921347,55.54276528759026],"normal":[-0.4238323905569981,0.7393114783368517,-0.5232443432222836],"radius":2.2093678966019623},"confidence":0.9910043784305211,"timestamp":246881.634437,"diameter_3d":4.418735793203925,"ellipse":{"center":[27.792105937737574,115.83697180852329],"axes":[21.262511956844843,50.12635734477867],"angle":-55.399428288169986},"norm_pos":[0.08685033105542991,0.5173459507978196],"diameter":50.12635734477867,"sphere":{"center":[-6.763749796666403,-9.210257520534356,61.82169740625766],"radius":12.0},"projected_sphere":{"center":[92.16742584119508,27.63178782999104],"axes":[240.69219423428237,240.69219423428237],"angle":90.0},"model_confidence":0.4406724100675108,"model_id":1,"model_birth_timestamp":246252.306372,"theta":2.402843599386951,"phi":-2.2516103170450728,"method":"3d c++","id":1}
770711,770708,1,246881.642837,27,124,{"topic":"pupil.1","circle_3d":{"center":[-11.87073350394769,-0.35719744237026063,55.533450856862466],"normal":[-0.42558197560677397,0.7377550065136746,-0.524020545782933],"radius":2.2146765577495255},"confidence":0.9916320080328919,"timestamp":246881.642837,"diameter_3d":4.429353115499051,"ellipse":{"center":[27.53696541441991,115.62583408973455],"axes":[21.339323934616473,50.25693736838935],"angle":-55.23441893538225},"norm_pos":[0.08605301692006222,0.5182256912927727],"diameter":50.25693736838935,"sphere":{"center":[-6.763749796666403,-9.210257520534356,61.82169740625766],"radius":12.0},"projected_sphere":{"center":[92.16742584119508,27.63178782999104],"axes":[240.69219423428237,240.69219423428237],"angle":90.0},"model_confidence":0.4394399998493448,"model_id":1,"model_birth_timestamp":246252.306372,"theta":2.400535035134696,"phi":-2.252900514934862,"method":"3d c++","id":1}
770718,770714,1,246881.651237,27,124,{"topic":"pupil.1","circle_3d":{"center":[-11.861709885135866,-0.34579967071897855,55.542191855243395],"normal":[-0.4248300073724553,0.7387048208179481,-0.5232921292511888],"radius":2.2006933835278244},"confidence":0.9904023012675505,"timestamp":246881.651237,"diameter_3d":4.401386767055649,"ellipse":{"center":[27.65697841466266,115.75885929623527],"axes":[21.17078034222869,49.93058266732318],"angle":-55.321014924695646},"norm_pos":[0.08642805754582081,0.5176714195990197],"diameter":49.93058266732318,"sphere":{"center":[-6.763749796666403,-9.210257520534356,61.82169740625766],"radius":12.0},"projected_sphere":{"center":[92.16742584119508,27.63178782999104],"axes":[240.69219423428237,240.69219423428237],"angle":90.0},"model_confidence":0.43809094506175317,"model_id":1,"model_birth_timestamp":246252.306372,"theta":2.4019431083998963,"phi":-2.252715805188347,"method":"3d c++","id":1}
770727,770726,1,246881.659637,27,124,{"topic":"pupil.1","circle_3d":{"center":[-11.851631459674838,-0.3543625546955127,55.52196848056151],"normal":[-0.4239901385840362,0.7379912471532368,-0.5249774104746794],"radius":2.2188063095994766},"confidence":0.9916656082642414,"timestamp":246881.659637,"diameter_3d":4.437612619198953,"ellipse":{"center":[27.72314668696879,115.65428175363422],"axes":[21.451801030597313,50.360329881670644],"angle":-55.31894074891045},"norm_pos":[0.08663483339677747,0.5181071593598574],"diameter":50.360329881670644,"sphere":{"center":[-6.763749796666403,-9.210257520534356,61.82169740625766],"radius":12.0},"projected_sphere":{"center":[92.16742584119508,27.63178782999104],"axes":[240.69219423428237,240.69219423428237],"angle":90.0},"model_confidence":0.43720882297777486,"model_id":1,"model_birth_timestamp":246252.306372,"theta":2.400885052678233,"phi":-2.2501754578953546,"method":"3d c++","id":1}
770734,770730,1,246881.668037,27,124,{"topic":"pupil.1","circle_3d":{"center":[-11.86494614129946,-0.3589924303773948,55.5262306120262],"normal":[-0.42509969538608816,0.7376054241797467,-0.5246222328526222],"radius":2.2110889600662005},"confidence":0.9921110411534425,"timestamp":246881.668037,"diameter_3d":4.422177920132401,"ellipse":{"center":[27.584343404211182,115.60604552148757],"axes":[21.344515098077057,50.18180453587125],"angle":-55.24772627547907},"norm_pos":[0.08620107313815994,0.5183081436604684],"diameter":50.18180453587125,"sphere":{"center":[-6.763749796666403,-9.210257520534356,61.82169740625766],"radius":12.0},"projected_sphere":{"center":[92.16742584119508,27.63178782999104],"axes":[240.69219423428237,240.69219423428237],"angle":90.0},"model_confidence":0.4362622567872121,"model_id":1,"model_birth_timestamp":246252.306372,"theta":2.400313481000935,"phi":-2.2517843216452293,"method":"3d c++","id":1}
770744,770742,1,246881.676437,27,124,{"topic":"pupil.1","circle_3d":{"center":[-11.873933648086277,-0.35718259842471056,55.53607210496895],"normal":[-0.4258486542849895,0.7377562435091372,-0.5238021084407262],"radius":2.2099012598624848},"confidence":0.990311551315326,"timestamp":246881.676437,"diameter_3d":4.4198025197249695,"ellipse":{"center":[27.507162905658703,115.62804676138255],"axes":[21.277758962270862,50.1461977914398],"angle":-55.22257758824671},"norm_pos":[0.08595988408018344,0.5182164718275727],"diameter":50.1461977914398,"sphere":{"center":[-6.763749796666403,-9.210257520534356,61.82169740625766],"radius":12.0},"projected_sphere":{"center":[92.16742584119508,27.63178782999104],"axes":[240.69219423428237,240.69219423428237],"angle":90.0},"model_confidence":0.43510514691537105,"model_id":1,"model_birth_timestamp":246252.306372,"theta":2.4005368675363044,"phi":-2.2534111570597704,"method":"3d c++","id":1}
770750,770747,1,246881.684837,27,124,{"topic":"pupil.1","circle_3d":{"center":[-11.860733295088234,-0.34933326686628874,55.53641454964949],"normal":[-0.424748624868486,0.7384103544723389,-0.5237735713840141],"radius":2.2004787479216334},"confidence":0.9901231786259374,"timestamp":246881.684837,"diameter_3d":4.400957495843267,"ellipse":{"center":[27.654367010248762,115.71876591473095],"axes":[21.19712174454495,49.93100662168552],"angle":-55.308297064056745},"norm_pos":[0.08641989690702738,0.5178384753552877],"diameter":49.93100662168552,"sphere":{"center":[-6.763749796666403,-9.210257520534356,61.82169740625766],"radius":12.0},"projected_sphere":{"center":[92.16742584119508,27.63178782999104],"axes":[240.69219423428237,240.69219423428237],"angle":90.0},"model_confidence":0.4337282928355335,"model_id":1,"model_birth_timestamp":246252.306372,"theta":2.4015063380777004,"phi":-2.2521721304506386,"method":"3d c++","id":1}
770759,770759,1,246881.693237,27,124,{"topic":"pupil.1","circle_3d":{"center":[-11.866340714312885,-0.3577399993605628,55.52912245919008],"normal":[-0.4252159098038735,0.7377097934311494,-0.5243812455889657],"radius":2.203139890720053},"confidence":0.9914348871594031,"timestamp":246881.693237,"diameter_3d":4.406279781440106,"ellipse":{"center":[27.575079891641167,115.62318250906074],"axes":[21.252542826247893,49.99858049266927],"angle":-55.248370405350045},"norm_pos":[0.08617212466137865,0.5182367395455802],"diameter":49.99858049266927,"sphere":{"center":[-6.763749796666403,-9.210257520534356,61.82169740625766],"radius":12.0},"projected_sphere":{"center":[92.16742584119508,27.63178782999104],"axes":[240.69219423428237,240.69219423428237],"angle":90.0},"model_confidence":0.4326475574097488,"model_id":1,"model_birth_timestamp":246252.306372,"theta":2.400468062043088,"phi":-2.2521427909947267,"method":"3d c++","id":1}
770767,770764,1,246881.701637,27,124,{"topic":"pupil.1","circle_3d":{"center":[-11.876457825583177,-0.356797826448652,55.53866724110249],"normal":[-0.42605900240973116,0.7377883078404753,-0.5235858470962644],"radius":2.2042921560219617},"confidence":0.9908765901236832,"timestamp":246881.701637,"diameter_3d":4.408584312043923,"ellipse":{"center":[27.484778707092772,115.63465846699086],"axes":[21.208959418007908,50.01650980524558],"angle":-55.21498376922821},"norm_pos":[0.08588993345966492,0.5181889230542047],"diameter":50.01650980524558,"sphere":{"center":[-6.763749796666403,-9.210257520534356,61.82169740625766],"radius":12.0},"projected_sphere":{"center":[92.16742584119508,27.63178782999104],"axes":[240.69219423428237,240.69219423428237],"angle":90.0},"model_confidence":0.4312554279249925,"model_id":1,"model_birth_timestamp":246252.306372,"theta":2.40058436675354,"phi":-2.253855043215444,"method":"3d c++","id":1}
770776,770775,1,246881.710037,27,124,{"topic":"pupil.1","circle_3d":{"center":[-11.879481884666017,-0.3765803158692549,55.513335317126185],"normal":[-0.42631100733330124,0.736139767055425,-0.5256968407609566],"radius":2.2154421311818564},"confidence":0.9916327438004704,"timestamp":246881.710037,"diameter_3d":4.430884262363713,"ellipse":{"center":[27.39261907661853,115.4067414514769],"axes":[21.435302716042997,50.29366694969852],"angle":-55.11181527742406},"norm_pos":[0.08560193461443291,0.5191385772855128],"diameter":50.29366694969852,"sphere":{"center":[-6.763749796666403,-9.210257520534356,61.82169740625766],"radius":12.0},"projected_sphere":{"center":[92.16742584119508,27.63178782999104],"axes":[240.69219423428237,240.69219423428237],"angle":90.0},"model_confidence":0.4303391482416985,"model_id":1,"model_birth_timestamp":246252.306372,"theta":2.398145448695209,"phi":-2.252175260499348,"method":"3d c++","id":1}
770789,770787,1,246881.718437,27,124,{"topic":"pupil.1","circle_3d":{"center":[-11.8974419243621,-0.36743588642269565,55.5407969385443],"normal":[-0.42780767730797475,0.7369018028426383,-0.5234083723094474],"radius":2.211664230440836},"confidence":0.9908961644693522,"timestamp":246881.718437,"diameter_3d":4.423328460881672,"ellipse":{"center":[27.256580896138814,115.51397188580987],"axes":[21.250773713303886,50.18328556447812],"angle":-55.08747188423911},"norm_pos":[0.08517681530043379,0.5186917838091256],"diameter":50.18328556447812,"sphere":{"center":[-6.763749796666403,-9.210257520534356,61.82169740625766],"radius":12.0},"projected_sphere":{"center":[92.16742584119508,27.63178782999104],"axes":[240.69219423428237,240.69219423428237],"angle":90.0},"model_confidence":0.42912961139890404,"model_id":1,"model_birth_timestamp":246252.306372,"theta":2.39927202937401,"phi":-2.256027188754265,"method":"3d c++","id":1}
770795,770791,1,246881.726837,27,124,{"topic":"pupil.1","circle_3d":{"center":[-11.8707038739439,-0.3661724477404604,55.520810224458344],"normal":[-0.4255795064397913,0.7370070893994913,-0.5250739318166097],"radius":2.2022240640658715},"confidence":0.9905701930066102,"timestamp":246881.726837,"diameter_3d":4.404448128131743,"ellipse":{"center":[27.507032838812137,115.52838144203267],"axes":[21.279402202693877,49.98576025653355],"angle":-55.192970019625506},"norm_pos":[0.08595947762128793,0.5186317439915306],"diameter":49.98576025653355,"sphere":{"center":[-6.763749796666403,-9.210257520534356,61.82169740625766],"radius":12.0},"projected_sphere":{"center":[92.16742584119508,27.63178782999104],"axes":[240.69219423428237,240.69219423428237],"angle":90.0},"model_confidence":0.4277218028983065,"model_id":1,"model_birth_timestamp":246252.306372,"theta":2.3994277919885016,"phi":-2.251915139300816,"method":"3d c++","id":1}
770803,770802,1,246881.735237,27,124,{"topic":"pupil.1","circle_3d":{"center":[-11.911895602725181,-0.37193524049237503,55.546296699237196],"normal":[-0.4290121505048982,0.736526856670165,-0.522950058918372],"radius":2.2304211748413834},"confidence":0.9917454207173096,"timestamp":246881.735237,"diameter_3d":4.460842349682767,"ellipse":{"center":[27.109692861884298,115.45815202441358],"axes":[21.391594207779107,50.605121276330394],"angle":-55.01282376507015},"norm_pos":[0.08471779019338843,0.5189243665649435],"diameter":50.605121276330394,"sphere":{"center":[-6.763749796666403,-9.210257520534356,61.82169740625766],"radius":12.0},"projected_sphere":{"center":[92.16742584119508,27.63178782999104],"axes":[240.69219423428237,240.69219423428237],"angle":90.0},"model_confidence":0.4265081535955617,"model_id":1,"model_birth_timestamp":246252.306372,"theta":2.3987175426596052,"phi":-2.257834730358977,"method":"3d c++","id":1}
770812,770808,1,246881.743637,27,124,{"topic":"pupil.1","circle_3d":{"center":[-11.90176407767211,-0.36826519616080944,55.54316405969489],"normal":[-0.42816785675047564,0.7368326936977956,-0.5232111122135642],"radius":2.216625182771051},"confidence":0.9909651923447914,"timestamp":246881.743637,"diameter_3d":4.433250365542102,"ellipse":{"center":[27.214301754161056,115.50336171782159],"axes":[21.28325052212356,50.29403920497082],"angle":-55.06753998310015},"norm_pos":[0.0850446929817533,0.51873599284241],"diameter":50.29403920497082,"sphere":{"center":[-6.763749796666403,-9.210257520534356,61.82169740625766],"radius":12.0},"projected_sphere":{"center":[92.16742584119508,27.63178782999104],"axes":[240.69219423428237,240.69219423428237],"angle":90.0},"model_confidence":0.425177529149412,"model_id":1,"model_birth_timestamp":246252.306372,"theta":2.39916980257708,"phi":-2.2566243319028723,"method":"3d c++","id":1}
770818,770813,1,246881.752037,27,124,{"topic":"pupil.1","circle_3d":{"center":[-11.876995206773184,-0.36598506081621274,55.52617788565469],"normal":[-0.4261037841755652,0.7370227049765119,-0.5246266267169146],"radius":2.212376741224829},"confidence":0.990382363940718,"timestamp":246881.752037,"diameter_3d":4.424753482449658,"ellipse":{"center":[27.45012402859757,115.52772040526516],"axes":[21.346274404143948,50.211856126581964],"angle":-55.17030515757682},"norm_pos":[0.08578163758936741,0.5186344983113952],"diameter":50.211856126581964,"sphere":{"center":[-6.763749796666403,-9.210257520534356,61.82169740625766],"radius":12.0},"projected_sphere":{"center":[92.16742584119508,27.63178782999104],"axes":[240.69219423428237,240.69219423428237],"angle":90.0},"model_confidence":0.4239889209408654,"model_id":1,"model_birth_timestamp":246252.306372,"theta":2.3994508961755168,"phi":-2.2529344898266834,"method":"3d c++","id":1}
770827,770826,1,246881.760437,27,124,{"topic":"pupil.1","circle_3d":{"center":[-11.915379361460202,-0.38583875320781047,55.529611405097356],"normal":[-0.42930246373281655,0.7353682306105455,-0.5243405000966923],"radius":2.2225272251653876},"confidence":0.9913955772028668,"timestamp":246881.760437,"diameter_3d":4.445054450330775,"ellipse":{"center":[27.03136387887892,115.303611528849],"axes":[21.39277021894445,50.44164600874032],"angle":-54.93526489462013},"norm_pos":[0.08447301212149663,0.5195682852964625],"diameter":50.44164600874032,"sphere":{"center":[-6.763749796666403,-9.210257520534356,61.82169740625766],"radius":12.0},"projected_sphere":{"center":[92.16742584119508,27.63178782999104],"axes":[240.69219423428237,240.69219423428237],"angle":90.0},"model_confidence":0.422553871596254,"model_id":1,"model_birth_timestamp":246252.306372,"theta":2.3970062269842543,"phi":-2.2568645815122164,"method":"3d c++","id":1}
770834,770831,1,246881.768837,27,124,{"topic":"pupil.1","circle_3d":{"center":[-11.893191472747855,-0.36635194465203824,55.53885073802229],"normal":[-0.4274534730067877,0.7369921313235264,-0.5235705556862812],"radius":2.225651279923291},"confidence":0.9920515998804103,"timestamp":246881.768837,"diameter_3d":4.451302559846582,"ellipse":{"center":[27.300206612301736,115.5208676316868],"axes":[21.39874349994962,50.502603015066974],"angle":-55.108220437258325},"norm_pos":[0.08531314566344292,0.5186630515346383],"diameter":50.502603015066974,"sphere":{"center":[-6.763749796666403,-9.210257520534356,61.82169740625766],"radius":12.0},"projected_sphere":{"center":[92.16742584119508,27.63178782999104],"axes":[240.69219423428237,240.69219423428237],"angle":90.0},"model_confidence":0.4216169437659123,"model_id":1,"model_birth_timestamp":246252.306372,"theta":2.3994056611597285,"phi":-2.2554695794403323,"method":"3d c++","id":1}
770843,770842,1,246881.777237,27,124,{"topic":"pupil.1","circle_3d":{"center":[-11.915244265256593,-0.38549892575214173,55.52997741217797],"normal":[-0.4292912057158492,0.7353965495651845,-0.5243099995066407],"radius":2.242101035584253},"confidence":0.992609481554479,"timestamp":246881.777237,"diameter_3d":4.484202071168506,"ellipse":{"center":[27.034949235604472,115.3005714856424],"axes":[21.579960623686695,50.88607465273619],"angle":-54.93723180207107},"norm_pos":[0.08448421636126398,0.5195809521431567],"diameter":50.88607465273619,"sphere":{"center":[-6.763749796666403,-9.210257520534356,61.82169740625766],"radius":12.0},"projected_sphere":{"center":[92.16742584119508,27.63178782999104],"axes":[240.69219423428237,240.69219423428237],"angle":90.0},"model_confidence":0.4206373592056556,"model_id":1,"model_birth_timestamp":246252.306372,"theta":2.3970480167805035,"phi":-2.256880240799485,"method":"3d c++","id":1}
770850,770847,1,246881.785637,27,124,{"topic":"pupil.1","circle_3d":{"center":[-11.894527404384807,-0.37383327591544635,55.52942216519847],"normal":[-0.42756480064320035,0.7363686870515758,-0.5243562700882662],"radius":2.2116438384141963},"confidence":0.9908981572266718,"timestamp":246881.785637,"diameter_3d":4.423287676828393,"ellipse":{"center":[27.26243277066675,115.44106399289468],"axes":[21.30769219981976,50.19325007363395],"angle":-55.06857558677635},"norm_pos":[0.08519510240833358,0.5189955666962722],"diameter":50.19325007363395,"sphere":{"center":[-6.763749796666403,-9.210257520534356,61.82169740625766],"radius":12.0},"projected_sphere":{"center":[92.16742584119508,27.63178782999104],"axes":[240.69219423428237,240.69219423428237],"angle":90.0},"model_confidence":0.4189707639467688,"model_id":1,"model_birth_timestamp":246252.306372,"theta":2.3984837349308523,"phi":-2.2548626091913175,"method":"3d c++","id":1}
770859,770859,1,246881.794037,27,124,{"topic":"pupil.1","circle_3d":{"center":[-11.895920463974104,-0.38425578803755656,55.515944662961275],"normal":[-0.4276808889423084,0.7355001443747333,-0.5254793952746991],"radius":2.210574171235146},"confidence":0.9913930856841653,"timestamp":246881.794037,"diameter_3d":4.421148342470292,"ellipse":{"center":[27.21532763876195,115.32334708542835],"axes":[21.36062783404262,50.18159676229649],"angle":-55.01494232270497},"norm_pos":[0.0850478988711311,0.5194860538107152],"diameter":50.18159676229649,"sphere":{"center":[-6.763749796666403,-9.210257520534356,61.82169740625766],"radius":12.0},"projected_sphere":{"center":[92.16742584119508,27.63178782999104],"axes":[240.69219423428237,240.69219423428237],"angle":90.0},"model_confidence":0.4179352277807302,"model_id":1,"model_birth_timestamp":246252.306372,"theta":2.3972009060172024,"phi":-2.2539478244673368,"method":"3d c++","id":1}
770871,770870,1,246881.802437,27,124,{"topic":"pupil.1","circle_3d":{"center":[-11.893496145952728,-0.38294337188865946,55.51580910141883],"normal":[-0.42747886244052713,0.7356095123871413,-0.5254906920699024],"radius":2.224960306528278},"confidence":0.99179852089273,"timestamp":246881.802437,"diameter_3d":4.449920613056556,"ellipse":{"center":[27.242906804935956,115.33290617835092],"axes":[21.502833567943973,50.508543662535246],"angle":-55.02997965655754},"norm_pos":[0.08513408376542486,0.5194462242568711],"diameter":50.508543662535246,"sphere":{"center":[-6.763749796666403,-9.210257520534356,61.82169740625766],"radius":12.0},"projected_sphere":{"center":[92.16742584119508,27.63178782999104],"axes":[240.69219423428237,240.69219423428237],"angle":90.0},"model_confidence":0.41675084835315346,"model_id":1,"model_birth_timestamp":246252.306372,"theta":2.3973623431113533,"phi":-2.2537059898632217,"method":"3d c++","id":1}
770878,770876,1,246881.810837,27,124,{"topic":"pupil.1","circle_3d":{"center":[-11.903309894165314,-0.3867551390404085,55.518465875687994],"normal":[-0.428296674791576,0.7352918651244956,-0.5252692942141388],"radius":2.2306115663558397},"confidence":0.9923553320380383,"timestamp":246881.810837,"diameter_3d":4.461223132711679,"ellipse":{"center":[27.140179828983264,115.28887178291797],"axes":[21.53570940147207,50.63509165368613],"angle":-54.975730036959106},"norm_pos":[0.0848130619655727,0.5196297009045086],"diameter":50.63509165368613,"sphere":{"center":[-6.763749796666403,-9.210257520534356,61.82169740625766],"radius":12.0},"projected_sphere":{"center":[92.16742584119508,27.63178782999104],"axes":[240.69219423428237,240.69219423428237],"angle":90.0},"model_confidence":0.41579851640971555,"model_id":1,"model_birth_timestamp":246252.306372,"theta":2.396893545188758,"phi":-2.2548481851613964,"method":"3d c++","id":1}
770886,770886,1,246881.819237,27,124,{"topic":"pupil.1","circle_3d":{"center":[-11.890615995367346,-0.3817064275337465,55.51519849014775],"normal":[-0.4272388498917453,0.7357125910833842,-0.5255415763424925],"radius":2.2314692927538253},"confidence":0.9913449861097271,"timestamp":246881.819237,"diameter_3d":4.462938585507651,"ellipse":{"center":[27.27396282118073,115.34429935800159],"axes":[21.571484184521257,50.65687986813375],"angle":-55.046411529532094},"norm_pos":[0.08523113381618978,0.5193987526749934],"diameter":50.65687986813375,"sphere":{"center":[-6.763749796666403,-9.210257520534356,61.82169740625766],"radius":12.0},"projected_sphere":{"center":[92.16742584119508,27.63178782999104],"axes":[240.69219423428237,240.69219423428237],"angle":90.0},"model_confidence":0.41468403091334816,"model_id":1,"model_birth_timestamp":246252.306372,"theta":2.397514522516068,"phi":-2.2533836807768393,"method":"3d c++","id":1}
770895,770894,1,246881.827637,27,124,{"topic":"pupil.1","circle_3d":{"center":[-11.894257417248461,-0.38592416570921806,55.5122574629608],"normal":[-0.4275423017151716,0.7353611129020948,-0.5257866619414054],"radius":2.2264144671746204},"confidence":0.9920586701759484,"timestamp":246881.827637,"diameter_3d":4.452828934349241,"ellipse":{"center":[27.226212268131633,115.29865607357132],"axes":[21.533355360466025,50.544977527476604],"angle":-55.013274883442506},"norm_pos":[0.08508191333791135,0.5195889330267862],"diameter":50.544977527476604,"sphere":{"center":[-6.763749796666403,-9.210257520534356,61.82169740625766],"radius":12.0},"projected_sphere":{"center":[92.16742584119508,27.63178782999104],"axes":[240.69219423428237,240.69219423428237],"angle":90.0},"model_confidence":0.41362801770393753,"model_id":1,"model_birth_timestamp":246252.306372,"theta":2.396995723801836,"phi":-2.2535030014700395,"method":"3d c++","id":1}
770903,770898,1,246881.836037,27,124,{"topic":"pupil.1","circle_3d":{"center":[-11.917509552816274,-0.38754208610176377,55.528967256401],"normal":[-0.4294799796791558,0.7352262862027159,-0.5243941791547213],"radius":2.2323034983535326},"confidence":0.9918295363781297,"timestamp":246881.836037,"diameter_3d":4.464606996707065,"ellipse":{"center":[27.0067469913524,115.28111868742852],"axes":[21.488237449739966,50.66453114940826],"angle":-54.9193833351795},"norm_pos":[0.08439608434797626,0.5196620054690478],"diameter":50.66453114940826,"sphere":{"center":[-6.763749796666403,-9.210257520534356,61.82169740625766],"radius":12.0},"projected_sphere":{"center":[92.16742584119508,27.63178782999104],"axes":[240.69219423428237,240.69219423428237],"angle":90.0},"model_confidence":0.41260260967372897,"model_id":1,"model_birth_timestamp":246252.306372,"theta":2.396796790600305,"phi":-2.257017049324459,"method":"3d c++","id":1}
770911,770909,1,246881.844437,27,124,{"topic":"pupil.1","circle_3d":{"center":[-11.90666584670972,-0.38095342431157064,55.52933666654872],"normal":[-0.4285763375036097,0.7357753413518987,-0.5243633949757449],"radius":2.237714026008682},"confidence":0.9917726621465645,"timestamp":246881.844437,"diameter_3d":4.475428052017364,"ellipse":{"center":[27.1286893213516,115.35263202216046],"axes":[21.54866050782087,50.786462552049514],"angle":-54.99022425713065},"norm_pos":[0.08477715412922375,0.5193640332409981],"diameter":50.786462552049514,"sphere":{"center":[-6.763749796666403,-9.210257520534356,61.82169740625766],"radius":12.0},"projected_sphere":{"center":[92.16742584119508,27.63178782999104],"axes":[240.69219423428237,240.69219423428237],"angle":90.0},"model_confidence":0.4114400182914979,"model_id":1,"model_birth_timestamp":246252.306372,"theta":2.397607175689961,"phi":-2.256013552261775,"method":"3d c++","id":1}
770918,770915,1,246881.852837,27,124,{"topic":"pupil.1","circle_3d":{"center":[-11.892716275533544,-0.38394435608972444,55.51377391418766],"normal":[-0.4274138732389284,0.7355260970370525,-0.5256602910058336],"radius":2.22067143118289},"confidence":0.9906057608167055,"timestamp":246881.852837,"diameter_3d":4.44134286236578,"ellipse":{"center":[27.24656526228648,115.32295460069247],"axes":[21.47179683027578,50.412924251371415],"angle":-55.028251960895886},"norm_pos":[0.08514551644464526,0.5194876891637814],"diameter":50.412924251371415,"sphere":{"center":[-6.763749796666403,-9.210257520534356,61.82169740625766],"radius":12.0},"projected_sphere":{"center":[92.16742584119508,27.63178782999104],"axes":[240.69219423428237,240.69219423428237],"angle":90.0},"model_confidence":0.4101015894445781,"model_id":1,"model_birth_timestamp":246252.306372,"theta":2.397239211937373,"phi":-2.253473603969728,"method":"3d c++","id":1}
770927,770926,1,246881.861237,27,124,{"topic":"pupil.1","circle_3d":{"center":[-11.910435551855294,-0.38366419324587575,55.52861581040955],"normal":[-0.42889047959907417,0.7355494439407066,-0.5244234663206764],"radius":2.2256984791320336},"confidence":0.9916159463012962,"timestamp":246881.861237,"diameter_3d":4.451396958264067,"ellipse":{"center":[27.08427865813084,115.32656291430058],"axes":[21.43270168827766,50.514338209029965],"angle":-54.96369644707883},"norm_pos":[0.08463837080665888,0.5194726545237476],"diameter":50.514338209029965,"sphere":{"center":[-6.763749796666403,-9.210257520534356,61.82169740625766],"radius":12.0},"projected_sphere":{"center":[92.16742584119508,27.63178782999104],"axes":[240.69219423428237,240.69219423428237],"angle":90.0},"model_confidence":0.4090708567258239,"model_id":1,"model_birth_timestamp":246252.306372,"theta":2.3972736731399644,"phi":-2.2563164712201713,"method":"3d c++","id":1}
770935,770931,1,246881.869637,26,124,{"topic":"pupil.1","circle_3d":{"center":[-11.928819211158016,-0.38791062110377084,55.53772946159159],"normal":[-0.43042245120763445,0.7351955749525487,-0.5236639953888396],"radius":2.2324533200897347},"confidence":0.9916335775638895,"timestamp":246881.869637,"diameter_3d":4.4649066401794695,"ellipse":{"center":[26.901363663047505,115.27830303490674],"axes":[21.436923322588072,50.66038249979161],"angle":-54.87581483098299},"norm_pos":[0.08406676144702345,0.5196737373545552],"diameter":50.66038249979161,"sphere":{"center":[-6.763749796666403,-9.210257520534356,61.82169740625766],"radius":12.0},"projected_sphere":{"center":[92.16742584119508,27.63178782999104],"axes":[240.69219423428237,240.69219423428237],"angle":90.0},"model_confidence":0.4081620423193155,"model_id":1,"model_birth_timestamp":246252.306372,"theta":2.3967514829717045,"phi":-2.2587752387573095,"method":"3d c++","id":1}
770945,770943,1,246881.878037,26,124,{"topic":"pupil.1","circle_3d":{"center":[-11.921866605499556,-0.3901883990430335,55.52882749829451],"normal":[-0.42984306740276274,0.7350057601242769,-0.524405825663596],"radius":2.255234039727455},"confidence":0.9931836088647898,"timestamp":246881.878037,"diameter_3d":4.51046807945491,"ellipse":{"center":[26.95935228004072,115.24353193824314],"axes":[21.706108971881726,51.18601054347285],"angle":-54.89078612988021},"norm_pos":[0.08424797587512725,0.5198186169239869],"diameter":51.18601054347285,"sphere":{"center":[-6.763749796666403,-9.210257520534356,61.82169740625766],"radius":12.0},"projected_sphere":{"center":[92.16742584119508,27.63178782999104],"axes":[240.69219423428237,240.69219423428237],"angle":90.0},"model_confidence":0.4075115384377326,"model_id":1,"model_birth_timestamp":246252.306372,"theta":2.396471502737558,"phi":-2.257420437879371,"method":"3d c++","id":1}
770955,770954,1,246881.886437,26,124,{"topic":"pupil.1","circle_3d":{"center":[-11.934496609389804,-0.38796265369494876,55.542327160663774],"normal":[-0.4308955677269501,0.735191238903284,-0.5232808537994906],"radius":2.2216183060539114},"confidence":0.9904619901300118,"timestamp":246881.886437,"diameter_3d":4.443236612107823,"ellipse":{"center":[26.848260631911046,115.28221633594995],"axes":[21.305336487822814,50.410250364167226],"angle":-54.85466136492357},"norm_pos":[0.08390081447472202,0.5196574319335419],"diameter":50.410250364167226,"sphere":{"center":[-6.763749796666403,-9.210257520534356,61.82169740625766],"radius":12.0},"projected_sphere":{"center":[92.16742584119508,27.63178782999104],"axes":[240.69219423428237,240.69219423428237],"angle":90.0},"model_confidence":0.4061960192151326,"model_id":1,"model_birth_timestamp":246252.306372,"theta":2.396745086273422,"phi":-2.259673335117627,"method":"3d c++","id":1}
770962,770960,1,246881.894837,26,124,{"topic":"pupil.1","circle_3d":{"center":[-11.933474434387922,-0.3792983499865805,55.55367480752261],"normal":[-0.4308103864767932,0.7359132642123145,-0.5223352165612541],"radius":2.2428420912920113},"confidence":0.9923111908908218,"timestamp":246881.894837,"diameter_3d":4.485684182584023,"ellipse":{"center":[26.887551248874644,115.37294909708132],"axes":[21.45525184016548,50.88163891664854],"angle":-54.89867674380426},"norm_pos":[0.08402359765273326,0.5192793787621612],"diameter":50.88163891664854,"sphere":{"center":[-6.763749796666403,-9.210257520534356,61.82169740625766],"radius":12.0},"projected_sphere":{"center":[92.16742584119508,27.63178782999104],"axes":[240.69219423428237,240.69219423428237],"angle":90.0},"model_confidence":0.40570246724019876,"model_id":1,"model_birth_timestamp":246252.306372,"theta":2.3978108568612715,"phi":-2.260464025547781,"method":"3d c++","id":1}
770971,770965,1,246881.903237,26,124,{"topic":"pupil.1","circle_3d":{"center":[-11.934851513649999,-0.38538665382940884,55.54624035369236],"normal":[-0.4309251430819664,0.7354059055587455,-0.5229547543804419],"radius":2.2152113754240226},"confidence":0.9907554816761979,"timestamp":246881.903237,"diameter_3d":4.430422750848045,"ellipse":{"center":[26.853087699391665,115.3137176198122],"axes":[21.22468098494864,50.261066230606176],"angle":-54.865392818010974},"norm_pos":[0.08391589906059896,0.5195261765841159],"diameter":50.261066230606176,"sphere":{"center":[-6.763749796666403,-9.210257520534356,61.82169740625766],"radius":12.0},"projected_sphere":{"center":[92.16742584119508,27.63178782999104],"axes":[240.69219423428237,240.69219423428237],"angle":90.0},"model_confidence":0.4046258559098792,"model_id":1,"model_birth_timestamp":246252.306372,"theta":2.397061823676441,"phi":-2.2600129362465737,"method":"3d c++","id":1}
770979,770977,1,246881.911637,26,124,{"topic":"pupil.1","circle_3d":{"center":[-11.959689533152295,-0.39216324898521293,55.55724023321552],"normal":[-0.432994978040491,0.7348411892957619,-0.5220380977535116],"radius":2.2375073952672477},"confidence":0.9918617775108637,"timestamp":246881.911637,"diameter_3d":4.4750147905344955,"ellipse":{"center":[26.6038232720951,115.23218921172372],"axes":[21.362620269664998,50.75870966543516],"angle":-54.74217180216522},"norm_pos":[0.08313694772529719,0.5198658782844845],"diameter":50.75870966543516,"sphere":{"center":[-6.763749796666403,-9.210257520534356,61.82169740625766],"radius":12.0},"projected_sphere":{"center":[92.16742584119508,27.63178782999104],"axes":[240.69219423428237,240.69219423428237],"angle":90.0},"model_confidence":0.40404824003787976,"model_id":1,"model_birth_timestamp":246252.306372,"theta":2.396228826605548,"phi":-2.263227612350579,"method":"3d c++","id":1}
770987,770982,1,246881.920037,26,124,{"topic":"pupil.1","circle_3d":{"center":[-11.953004685146583,-0.393020990641304,55.5504954737487],"normal":[-0.43243790737334836,0.7347697108244209,-0.5226001610424135],"radius":2.2222311542870945},"confidence":0.9908931895639502,"timestamp":246881.920037,"diameter_3d":4.444462308574189,"ellipse":{"center":[26.661438325669394,115.22694268064387],"axes":[21.254974957522702,50.4176496990895],"angle":-54.76284373540685},"norm_pos":[0.08331699476771685,0.5198877388306505],"diameter":50.4176496990895,"sphere":{"center":[-6.763749796666403,-9.210257520534356,61.82169740625766],"radius":12.0},"projected_sphere":{"center":[92.16742584119508,27.63178782999104],"axes":[240.69219423428237,240.69219423428237],"angle":90.0},"model_confidence":0.4027886786826418,"model_id":1,"model_birth_timestamp":246252.306372,"theta":2.396123444330361,"phi":-2.2620664992042316,"method":"3d c++","id":1}
770995,770993,1,246881.928437,26,124,{"topic":"pupil.1","circle_3d":{"center":[-11.968870947230624,-0.38964502412887114,55.56841754715936],"normal":[-0.43376009588035175,0.7350510413671236,-0.5211066549248581],"radius":2.2338192849588485},"confidence":0.9912211107201533,"timestamp":246881.928437,"diameter_3d":4.467638569917697,"ellipse":{"center":[26.52766643266878,115.263217802025],"axes":[21.264904363818417,50.664987753194694],"angle":-54.72023604163988},"norm_pos":[0.08289895760208994,0.5197365924915625],"diameter":50.664987753194694,"sphere":{"center":[-6.763749796666403,-9.210257520534356,61.82169740625766],"radius":12.0},"projected_sphere":{"center":[92.16742584119508,27.63178782999104],"axes":[240.69219423428237,240.69219423428237],"angle":90.0},"model_confidence":0.4016928599384739,"model_id":1,"model_birth_timestamp":246252.306372,"theta":2.3965382856540556,"phi":-2.2649732334358426,"method":"3d c++","id":1}
771002,770999,1,246881.936837,26,124,{"topic":"pupil.1","circle_3d":{"center":[-11.984238374019164,-0.3876492901330728,55.58406299675714],"normal":[-0.43504071477939665,0.7352173525334402,-0.5198028674583766],"radius":2.2451003011872346},"confidence":0.9917082932245456,"timestamp":246881.936837,"diameter_3d":4.490200602374469,"ellipse":{"center":[26.39415195923695,115.28387741513244],"axes":[21.28244353475521,50.90732416967253],"angle":-54.67320683473159},"norm_pos":[0.08248172487261547,0.5196505107702816],"diameter":50.90732416967253,"sphere":{"center":[-6.763749796666403,-9.210257520534356,61.82169740625766],"radius":12.0},"projected_sphere":{"center":[92.16742584119508,27.63178782999104],"axes":[240.69219423428237,240.69219423428237],"angle":90.0},"model_confidence":0.40124526153427764,"model_id":1,"model_birth_timestamp":246252.306372,"theta":2.3967836107258313,"phi":-2.267655851662553,"method":"3d c++","id":1}
771011,771010,1,246881.945237,26,124,{"topic":"pupil.1","circle_3d":{"center":[-11.97313446890082,-0.3859697559756743,55.577159250000705],"normal":[-0.43411538935286803,0.7353573137132234,-0.52037817968808],"radius":2.248738720881212},"confidence":0.9918839419374005,"timestamp":246881.945237,"diameter_3d":4.497477441762424,"ellipse":{"center":[26.50168620090767,115.30022758520981],"axes":[21.360852306011484,50.99577990547492],"angle":-54.721673204390754},"norm_pos":[0.08281776937783647,0.5195823850616258],"diameter":50.99577990547492,"sphere":{"center":[-6.763749796666403,-9.210257520534356,61.82169740625766],"radius":12.0},"projected_sphere":{"center":[92.16742584119508,27.63178782999104],"axes":[240.69219423428237,240.69219423428237],"angle":90.0},"model_confidence":0.40058332984094225,"model_id":1,"model_birth_timestamp":246252.306372,"theta":2.3969901176119692,"phi":-2.2660638905246264,"method":"3d c++","id":1}
771019,771016,1,246881.953637,26,124,{"topic":"pupil.1","circle_3d":{"center":[-12.00949477036297,-0.39110332523655167,55.600388946576665],"normal":[-0.437145414474714,0.734929516274817,-0.5184423716400831],"radius":2.265015100781755},"confidence":0.9924937713558831,"timestamp":246881.953637,"diameter_3d":4.53003020156351,"ellipse":{"center":[26.152876412223804,115.24099680377182],"axes":[21.368231024041034,51.34545549213299],"angle":-54.564812680030116},"norm_pos":[0.08172773878819939,0.519829179984284],"diameter":51.34545549213299,"sphere":{"center":[-6.763749796666403,-9.210257520534356,61.82169740625766],"radius":12.0},"projected_sphere":{"center":[92.16742584119508,27.63178782999104],"axes":[240.69219423428237,240.69219423428237],"angle":90.0},"model_confidence":0.4001046962438415,"model_id":1,"model_birth_timestamp":246252.306372,"theta":2.3963590656277303,"phi":-2.2713235151569102,"method":"3d c++","id":1}
771028,771027,1,246881.962037,26,124,{"topic":"pupil.1","circle_3d":{"center":[-11.995441777322398,-0.3938018182833076,55.58475040714145],"normal":[-0.4359743317213329,0.734704641854254,-0.5197455832596845],"radius":2.2656827846243996},"confidence":0.9924561592021589,"timestamp":246881.962037,"diameter_3d":4.531365569248799,"ellipse":{"center":[26.27243548533926,115.2083167277122],"axes":[21.46414438059229,51.374646753438164],"angle":-54.60340825650118},"norm_pos":[0.08210136089168518,0.5199653469678658],"diameter":51.374646753438164,"sphere":{"center":[-6.763749796666403,-9.210257520534356,61.82169740625766],"radius":12.0},"projected_sphere":{"center":[92.16742584119508,27.63178782999104],"axes":[240.69219423428237,240.69219423428237],"angle":90.0},"model_confidence":0.3995922132878249,"model_id":1,"model_birth_timestamp":246252.306372,"theta":2.396027522182005,"phi":-2.26876542581605,"method":"3d c++","id":1}
771040,771039,1,246881.970437,26,124,{"topic":"pupil.1","circle_3d":{"center":[-12.01138739943808,-0.3876981753817734,55.606816378334635],"normal":[-0.43730313356430645,0.7352132787627151,-0.517906752326919],"radius":2.270764623029189},"confidence":0.9928246383874951,"timestamp":246881.970437,"diameter_3d":4.541529246058378,"ellipse":{"center":[26.147308286553425,115.27783319143322],"axes":[21.389367442404755,51.46993844507127],"angle":-54.57381703156793},"norm_pos":[0.08171033839547945,0.5196756950356949],"diameter":51.46993844507127,"sphere":{"center":[-6.763749796666403,-9.210257520534356,61.82169740625766],"radius":12.0},"projected_sphere":{"center":[92.16742584119508,27.63178782999104],"axes":[240.69219423428237,240.69219423428237],"angle":90.0},"model_confidence":0.3993665456013873,"model_id":1,"model_birth_timestamp":246252.306372,"theta":2.396777600739749,"phi":-2.2720107730351162,"method":"3d c++","id":1}
771047,771044,1,246881.978837,25,124,{"topic":"pupil.1","circle_3d":{"center":[-12.029087629893327,-0.39775754363205706,55.60751510614077],"normal":[-0.43877815276891036,0.7343749980751916,-0.5178485250097417],"radius":2.252954396250573},"confidence":0.9913202251677652,"timestamp":246881.978837,"diameter_3d":4.505908792501146,"ellipse":{"center":[25.951035178591184,115.17233922462552],"axes":[21.201274663849695,51.06615224190771],"angle":-54.462564238097116},"norm_pos":[0.08109698493309744,0.5201152532307269],"diameter":51.06615224190771,"sphere":{"center":[-6.763749796666403,-9.210257520534356,61.82169740625766],"radius":12.0},"projected_sphere":{"center":[92.16742584119508,27.63178782999104],"axes":[240.69219423428237,240.69219423428237],"angle":90.0},"model_confidence":0.39864803510115676,"model_id":1,"model_birth_timestamp":246252.306372,"theta":2.3955417271445336,"phi":-2.273726541928667,"method":"3d c++","id":1}
771055,771051,1,246881.987237,25,124,{"topic":"pupil.1","circle_3d":{"center":[-12.047692257941584,-0.40932014221871427,55.6069203926473],"normal":[-0.44032853843959835,0.7334114481929701,-0.5178980844675306],"radius":2.246224406376133},"confidence":0.9902334636243784,"timestamp":246881.987237,"diameter_3d":4.492448812752266,"ellipse":{"center":[25.742343897014962,115.04602507008592],"axes":[21.12330412256521,50.915100145099245],"angle":-54.34104858069304},"norm_pos":[0.08044482467817175,0.5206415622079754],"diameter":50.915100145099245,"sphere":{"center":[-6.763749796666403,-9.210257520534356,61.82169740625766],"radius":12.0},"projected_sphere":{"center":[92.16742584119508,27.63178782999104],"axes":[240.69219423428237,240.69219423428237],"angle":90.0},"model_confidence":0.39753132821405135,"model_id":1,"model_birth_timestamp":246252.306372,"theta":2.3941232079243875,"phi":-2.275419475957923,"method":"3d c++","id":1}
771063,771062,1,246881.995637,25,124,{"topic":"pupil.1","circle_3d":{"center":[-12.051296189538583,-0.4019068127856862,55.620503089633814],"normal":[-0.44062886607268176,0.7340292256457224,-0.5167661930519875],"radius":2.2637050461567565},"confidence":0.9910215527677085,"timestamp":246881.995637,"diameter_3d":4.527410092313513,"ellipse":{"center":[25.73541798691781,115.12448295706254],"axes":[21.21849258367973,51.29913439208758],"angle":-54.36268720584644},"norm_pos":[0.08042318120911815,0.5203146543455728],"diameter":51.29913439208758,"sphere":{"center":[-6.763749796666403,-9.210257520534356,61.82169740625766],"radius":12.0},"projected_sphere":{"center":[92.16742584119508,27.63178782999104],"axes":[240.69219423428237,240.69219423428237],"angle":90.0},"model_confidence":0.39686318856811953,"model_id":1,"model_birth_timestamp":246252.306372,"theta":2.3950324375955923,"phi":-2.2768359983011432,"method":"3d c++","id":1}
771071,771066,1,246882.004037,25,124,{"topic":"pupil.1","circle_3d":{"center":[-12.06816885456568,-0.4081167397495058,55.626097666648974],"normal":[-0.4420349214916065,0.7335117317320707,-0.516299978300724],"radius":2.2866311498541054},"confidence":0.9925639035910473,"timestamp":246882.004037,"diameter_3d":4.573262299708211,"ellipse":{"center":[25.562517931265972,115.04828880386678],"axes":[21.39033040052351,51.815000301257655],"angle":-54.27257910174157},"norm_pos":[0.07988286853520617,0.5206321299838884],"diameter":51.815000301257655,"sphere":{"center":[-6.763749796666403,-9.210257520534356,61.82169740625766],"radius":12.0},"projected_sphere":{"center":[92.16742584119508,27.63178782999104],"axes":[240.69219423428237,240.69219423428237],"angle":90.0},"model_confidence":0.3965604777158793,"model_id":1,"model_birth_timestamp":246252.306372,"theta":2.394270742102323,"phi":-2.2788552124806225,"method":"3d c++","id":1}
771080,771077,1,246882.012437,25,124,{"topic":"pupil.1","circle_3d":{"center":[-12.071839765675316,-0.40556460724395116,55.63287170314074],"normal":[-0.4423408307507427,0.733724409440867,-0.5157354752597437],"radius":2.286458007080551},"confidence":0.9924942304076917,"timestamp":246882.012437,"diameter_3d":4.572916014161102,"ellipse":{"center":[25.53769806950541,115.07779448702743],"axes":[21.351899698173835,51.8047947563396],"angle":-54.27134797086117},"norm_pos":[0.0798053064672044,0.5205091896373857],"diameter":51.8047947563396,"sphere":{"center":[-6.763749796666403,-9.210257520534356,61.82169740625766],"radius":12.0},"projected_sphere":{"center":[92.16742584119508,27.63178782999104],"axes":[240.69219423428237,240.69219423428237],"angle":90.0},"model_confidence":0.396236853556442,"model_id":1,"model_birth_timestamp":246252.306372,"theta":2.3945837050245022,"phi":-2.27973755785398,"method":"3d c++","id":1}
771087,771082,1,246882.020837,25,124,{"topic":"pupil.1","circle_3d":{"center":[-12.070103770574173,-0.3989115912832908,55.640856814666265],"normal":[-0.44219616449231414,0.7342788274375887,-0.5150700492992832],"radius":2.2674487920731674},"confidence":0.9916879600293854,"timestamp":246882.020837,"diameter_3d":4.534897584146335,"ellipse":{"center":[25.57464557510403,115.15965655877399],"axes":[21.136665491275124,51.36584900405875],"angle":-54.308923556878284},"norm_pos":[0.07992076742220008,0.5201680976717751],"diameter":51.36584900405875,"sphere":{"center":[-6.763749796666403,-9.210257520534356,61.82169740625766],"radius":12.0},"projected_sphere":{"center":[92.16742584119508,27.63178782999104],"axes":[240.69219423428237,240.69219423428237],"angle":90.0},"model_confidence":0.3958435866013854,"model_id":1,"model_birth_timestamp":246252.306372,"theta":2.395400048878142,"phi":-2.280213958225406,"method":"3d c++","id":1}
771095,771093,1,246882.029237,25,124,{"topic":"pupil.1","circle_3d":{"center":[-12.08894723241038,-0.4027760356752026,55.65156433117662],"normal":[-0.44376645297866485,0.7339567904049293,-0.5141777562567533],"radius":2.2712120307045573},"confidence":0.9914508873367303,"timestamp":246882.029237,"diameter_3d":4.542424061409115,"ellipse":{"center":[25.39079512881409,115.11708633660072],"axes":[21.10175870547018,51.44214623910797],"angle":-54.223097433242},"norm_pos":[0.07934623477754403,0.520345473597497],"diameter":51.44214623910797,"sphere":{"center":[-6.763749796666403,-9.210257520534356,61.82169740625766],"radius":12.0},"projected_sphere":{"center":[92.16742584119508,27.63178782999104],"axes":[240.69219423428237,240.69219423428237],"angle":90.0},"model_confidence":0.3953749393561412,"model_id":1,"model_birth_timestamp":246252.306372,"theta":2.3949257829659327,"phi":-2.2828239220052056,"method":"3d c++","id":1}
771103,771100,1,246882.037637,25,124,{"topic":"pupil.1","circle_3d":{"center":[-12.092302178083758,-0.4106573711640493,55.64322132151852],"normal":[-0.4440460317847795,0.7333000124475255,-0.5148730070615952],"radius":2.2731949736341543},"confidence":0.9916324858442096,"timestamp":246882.037637,"diameter_3d":4.546389947268309,"ellipse":{"center":[25.333923270512287,115.02750414069362],"axes":[21.15779621900198,51.49527242893078],"angle":-54.17403611106013},"norm_pos":[0.0791685102203509,0.5207187327471099],"diameter":51.49527242893078,"sphere":{"center":[-6.763749796666403,-9.210257520534356,61.82169740625766],"radius":12.0},"projected_sphere":{"center":[92.16742584119508,27.63178782999104],"axes":[240.69219423428237,240.69219423428237],"angle":90.0},"model_confidence":0.39470990348909885,"model_id":1,"model_birth_timestamp":246252.306372,"theta":2.393959294491077,"phi":-2.2824671015081623,"method":"3d c++","id":1}
771111,771105,1,246882.046037,25,125,{"topic":"pupil.1","circle_3d":{"center":[-12.081713916639167,-0.41385692464582036,55.62955769729323],"normal":[-0.4431636766643971,0.7330333829907113,-0.5160116424137027],"radius":2.269997858412359},"confidence":0.9917293328568778,"timestamp":246882.046037,"diameter_3d":4.539995716824718,"ellipse":{"center":[25.41909058014869,114.99088670425783],"axes":[21.20465905494327,51.43513141013718],"angle":-54.197009286569795},"norm_pos":[0.07943465806296465,0.5208713053989257],"diameter":51.43513141013718,"sphere":{"center":[-6.763749796666403,-9.210257520534356,61.82169740625766],"radius":12.0},"projected_sphere":{"center":[92.16742584119508,27.63178782999104],"axes":[240.69219423428237,240.69219423428237],"angle":90.0},"model_confidence":0.3938975025612357,"model_id":1,"model_birth_timestamp":246252.306372,"theta":2.3935672205690284,"phi":-2.2803914744908447,"method":"3d c++","id":1}
771124,771123,1,246882.054437,25,125,{"topic":"pupil.1","circle_3d":{"center":[-12.075558497633569,-0.4252033783583524,55.60820305578419],"normal":[-0.44265072508059716,0.7320878451813336,-0.5177911958727893],"radius":2.284293629396598},"confidence":0.9929006603110839,"timestamp":246882.054437,"diameter_3d":4.568587258793196,"ellipse":{"center":[25.43796019745716,114.85628588856177],"axes":[21.449339364628912,51.779577347832785],"angle":-54.165734847181255},"norm_pos":[0.07949362561705361,0.5214321421309926],"diameter":51.779577347832785,"sphere":{"center":[-6.763749796666403,-9.210257520534356,61.82169740625766],"radius":12.0},"projected_sphere":{"center":[92.16742584119508,27.63178782999104],"axes":[240.69219423428237,240.69219423428237],"angle":90.0},"model_confidence":0.3934580689582967,"model_id":1,"model_birth_timestamp":246252.306372,"theta":2.392178156894999,"phi":-2.278118217147323,"method":"3d c++","id":1}
771131,771128,1,246882.062837,25,125,{"topic":"pupil.1","circle_3d":{"center":[-12.07387392848956,-0.415774385987973,55.62011308442436],"normal":[-0.4425103443185964,0.7328735945455319,-0.5167986934861082],"radius":2.2822948208563587},"confidence":0.992839332877415,"timestamp":246882.062837,"diameter_3d":4.564589641712717,"ellipse":{"center":[25.484698367522753,114.96374186934946],"axes":[21.373629242900872,51.72269359618553],"angle":-54.21611389448071},"norm_pos":[0.0796396823985086,0.5209844088777106],"diameter":51.72269359618553,"sphere":{"center":[-6.763749796666403,-9.210257520534356,61.82169740625766],"radius":12.0},"projected_sphere":{"center":[92.16742584119508,27.63178782999104],"axes":[240.69219423428237,240.69219423428237],"angle":90.0},"model_confidence":0.39341659099635384,"model_id":1,"model_birth_timestamp":246252.306372,"theta":2.3933323338466974,"phi":-2.2789092992956625,"method":"3d c++","id":1}
771139,771139,1,246882.071237,25,124,{"topic":"pupil.1","circle_3d":{"center":[-12.074523013008793,-0.40829922062746427,55.63128401688854],"normal":[-0.4425644346951992,0.7334965249922409,-0.5158677824474266],"radius":2.27103417930351},"confidence":0.9915667461201924,"timestamp":246882.071237,"diameter_3d":4.54206835860702,"ellipse":{"center":[25.50315551960449,115.05256810194331],"axes":[21.212735108914224,51.45656347599814],"angle":-54.248949805108424},"norm_pos":[0.07969736099876404,0.5206142995752362],"diameter":51.45656347599814,"sphere":{"center":[-6.763749796666403,-9.210257520534356,61.82169740625766],"radius":12.0},"projected_sphere":{"center":[92.16742584119508,27.63178782999104],"axes":[240.69219423428237,240.69219423428237],"angle":90.0},"model_confidence":0.39269762079333637,"model_id":1,"model_birth_timestamp":246252.306372,"theta":2.394248368885432,"phi":-2.2798605411628565,"method":"3d c++","id":1}
771147,771144,1,246882.079637,25,125,{"topic":"pupil.1","circle_3d":{"center":[-12.084771230087593,-0.41911039499129643,55.62472531320058],"normal":[-0.4434184527850992,0.7325955937952549,-0.5164143410880904],"radius":2.270624642430653},"confidence":0.9915959472213407,"timestamp":246882.079637,"diameter_3d":4.541249284861306,"ellipse":{"center":[25.373725614236264,114.93150167118006],"axes":[21.23123156817072,51.454141284747706],"angle":-54.16133797978583},"norm_pos":[0.07929289254448832,0.5211187430367498],"diameter":51.454141284747706,"sphere":{"center":[-6.763749796666403,-9.210257520534356,61.82169740625766],"radius":12.0},"projected_sphere":{"center":[92.16742584119508,27.63178782999104],"axes":[240.69219423428237,240.69219423428237],"angle":90.0},"model_confidence":0.39219412746743787,"model_id":1,"model_birth_timestamp":246252.306372,"theta":2.392923818304427,"phi":-2.28028997183434,"method":"3d c++","id":1}
771155,771151,1,246882.088037,25,124,{"topic":"pupil.1","circle_3d":{"center":[-12.077311096523093,-0.40338625958910157,55.64067120458194],"normal":[-0.4427967749880576,0.7339059384121045,-0.5150855168063102],"radius":2.260464839703277},"confidence":0.9910801665291362,"timestamp":246882.088037,"diameter_3d":4.520929679406554,"ellipse":{"center":[25.493682001560614,115.11233733726337],"axes":[21.065530456345037,51.20804759844099],"angle":-54.26205387907706},"norm_pos":[0.07966775625487692,0.520365261094736],"diameter":51.20804759844099,"sphere":{"center":[-6.763749796666403,-9.210257520534356,61.82169740625766],"radius":12.0},"projected_sphere":{"center":[92.16742584119508,27.63178782999104],"axes":[240.69219423428237,240.69219423428237],"angle":90.0},"model_confidence":0.3917342271827273,"model_id":1,"model_birth_timestamp":246252.306372,"theta":2.39485091514637,"phi":-2.280870022874586,"method":"3d c++","id":1}
771163,771161,1,246882.096437,25,124,{"topic":"pupil.1","circle_3d":{"center":[-12.07051621962472,-0.403672177312302,55.63442945305661],"normal":[-0.4422305352465264,0.733882111935171,-0.5156056627667541],"radius":2.267886007954713},"confidence":0.9911036731304175,"timestamp":246882.096437,"diameter_3d":4.535772015909426,"ellipse":{"center":[25.554916067217164,115.10559039518414],"axes":[21.17170163112557,51.3819070268548],"angle":-54.28509983178057},"norm_pos":[0.07985911271005364,0.5203933733533994],"diameter":51.3819070268548,"sphere":{"center":[-6.763749796666403,-9.210257520534356,61.82169740625766],"radius":12.0},"projected_sphere":{"center":[92.16742584119508,27.63178782999104],"axes":[240.69219423428237,240.69219423428237],"angle":90.0},"model_confidence":0.39108678843122746,"model_id":1,"model_birth_timestamp":246252.306372,"theta":2.394815838243275,"phi":-2.2797387236687574,"method":"3d c++","id":1}
771172,771167,1,246882.104837,25,124,{"topic":"pupil.1","circle_3d":{"center":[-12.071698529273519,-0.4062772822215024,55.63173680739992],"normal":[-0.44232906105059305,0.7336650198594044,-0.5158300499048118],"radius":2.27791508802933},"confidence":0.9925396693988152,"timestamp":246882.104837,"diameter_3d":4.55583017605866,"ellipse":{"center":[25.536049138242447,115.07269899918364],"axes":[21.277622445910563,51.61206438217215],"angle":-54.2685608459328},"norm_pos":[0.07980015355700765,0.5205304208367348],"diameter":51.61206438217215,"sphere":{"center":[-6.763749796666403,-9.210257520534356,61.82169740625766],"radius":12.0},"projected_sphere":{"center":[92.16742584119508,27.63178782999104],"axes":[240.69219423428237,240.69219423428237],"angle":90.0},"model_confidence":0.39076659630412625,"model_id":1,"model_birth_timestamp":246252.306372,"theta":2.3944963004707733,"phi":-2.279633799780324,"method":"3d c++","id":1}
771179,771179,1,246882.113237,25,125,{"topic":"pupil.1","circle_3d":{"center":[-12.064094313124881,-0.4131485860354296,55.61547291777775],"normal":[-0.4416953763715399,0.7330924112082438,-0.5171853740399925],"radius":2.2725304572266536},"confidence":0.9922981086360468,"timestamp":246882.113237,"diameter_3d":4.545060914453307,"ellipse":{"center":[25.581832611967428,114.99562194160669],"axes":[21.313916126924802,51.5049624113692],"angle":-54.26371992235411},"norm_pos":[0.07994322691239822,0.5208515752433055],"diameter":51.5049624113692,"sphere":{"center":[-6.763749796666403,-9.210257520534356,61.82169740625766],"radius":12.0},"projected_sphere":{"center":[92.16742584119508,27.63178782999104],"axes":[240.69219423428237,240.69219423428237],"angle":90.0},"model_confidence":0.39045863507751744,"model_id":1,"model_birth_timestamp":246252.306372,"theta":2.393654006242105,"phi":-2.2776293365662856,"method":"3d c++","id":1}
771187,771183,1,246882.121637,25,124,{"topic":"pupil.1","circle_3d":{"center":[-12.060070355607095,-0.4034921589161016,55.625741273234844],"normal":[-0.44136004657839095,0.7338971134681878,-0.5163296777519015],"radius":2.258281771465313},"confidence":0.9920733531126575,"timestamp":246882.121637,"diameter_3d":4.516563542930626,"ellipse":{"center":[25.649905775989765,115.10957695171572],"axes":[21.1338434320119,51.1716427644143],"angle":-54.32362308456368},"norm_pos":[0.08015595554996802,0.5203767627011845],"diameter":51.1716427644143,"sphere":{"center":[-6.763749796666403,-9.210257520534356,61.82169740625766],"radius":12.0},"projected_sphere":{"center":[92.16742584119508,27.63178782999104],"axes":[240.69219423428237,240.69219423428237],"angle":90.0},"model_confidence":0.39019795579253724,"model_id":1,"model_birth_timestamp":246252.306372,"theta":2.3948379230705124,"phi":-2.278072055448588,"method":"3d c++","id":1}
771195,771190,1,246882.130037,25,124,{"topic":"pupil.1","circle_3d":{"center":[-12.052478415446,-0.40473173182183864,55.61750002212968],"normal":[-0.4407273848982997,0.7337938157260431,-0.5170164486773318],"radius":2.275460759442196},"confidence":0.9925021644551978,"timestamp":246882.130037,"diameter_3d":4.550921518884392,"ellipse":{"center":[25.71593252018181,115.08848238809145],"axes":[21.34253706693259,51.56881733455817],"angle":-54.34510294512782},"norm_pos":[0.08036228912556816,0.5204646567162856],"diameter":51.56881733455817,"sphere":{"center":[-6.763749796666403,-9.210257520534356,61.82169740625766],"radius":12.0},"projected_sphere":{"center":[92.16742584119508,27.63178782999104],"axes":[240.69219423428237,240.69219423428237],"angle":90.0},"model_confidence":0.3898606809429772,"model_id":1,"model_birth_timestamp":246252.306372,"theta":2.394685861769525,"phi":-2.276707341992948,"method":"3d c++","id":1}
771207,771207,1,246882.138437,25,125,{"topic":"pupil.1","circle_3d":{"center":[-12.050137944533507,-0.42570611414788573,55.585852881364204],"normal":[-0.44053234565559196,0.7320459505322058,-0.5196537104077881],"radius":2.257991070338714},"confidence":0.9920209126646468,"timestamp":246882.138437,"diameter_3d":4.515982140677428,"ellipse":{"center":[25.66615783336087,114.85632511958781],"axes":[21.33441049515357,51.2022897647842],"angle":-54.255239560619145},"norm_pos":[0.08020674322925272,0.5214319786683841],"diameter":51.2022897647842,"sphere":{"center":[-6.763749796666403,-9.210257520534356,61.82169740625766],"radius":12.0},"projected_sphere":{"center":[92.16742584119508,27.63178782999104],"axes":[240.69219423428237,240.69219423428237],"angle":90.0},"model_confidence":0.38922320399238375,"model_id":1,"model_birth_timestamp":246252.306372,"theta":2.392116658604914,"phi":-2.2739781224139928,"method":"3d c++","id":1}
771214,771211,1,246882.146837,26,124,{"topic":"pupil.1","circle_3d":{"center":[-12.01999533869752,-0.38664706775138136,55.61558901376104],"normal":[-0.4380204618359264,0.7353008710652479,-0.5171756993747187],"radius":2.2761387429019755},"confidence":0.9928813909044812,"timestamp":246882.146837,"diameter_3d":4.552277485803951,"ellipse":{"center":[26.072577164370614,115.28898522936939],"axes":[21.3889754884262,51.58404491515447],"angle":-54.54742013525947},"norm_pos":[0.08147680363865817,0.5196292282109609],"diameter":51.58404491515447,"sphere":{"center":[-6.763749796666403,-9.210257520534356,61.82169740625766],"radius":12.0},"projected_sphere":{"center":[92.16742584119508,27.63178782999104],"axes":[240.69219423428237,240.69219423428237],"angle":90.0},"model_confidence":0.38839359651300365,"model_id":1,"model_birth_timestamp":246252.306372,"theta":2.3969068332709753,"phi":-2.273515356482401,"method":"3d c++","id":1}
771223,771223,1,246882.155237,26,124,{"topic":"pupil.1","circle_3d":{"center":[-12.01396039725306,-0.39070758766512803,55.604718426792324],"normal":[-0.4375175500488881,0.734962494405769,-0.5180815816221117],"radius":2.2620182678625653},"confidence":0.992672215985405,"timestamp":246882.155237,"diameter_3d":4.524036535725131,"ellipse":{"center":[26.11321817473538,115.2471216643873],"axes":[21.314598192521398,51.27359179934118],"angle":-54.55043697236417},"norm_pos":[0.08160380679604806,0.5198036597317196],"diameter":51.27359179934118,"sphere":{"center":[-6.763749796666403,-9.210257520534356,61.82169740625766],"radius":12.0},"projected_sphere":{"center":[92.16742584119508,27.63178782999104],"axes":[240.69219423428237,240.69219423428237],"angle":90.0},"model_confidence":0.3875943650417768,"model_id":1,"model_birth_timestamp":246252.306372,"theta":2.3964076969277985,"phi":-2.272086036097723,"method":"3d c++","id":1}
771232,771229,1,246882.163637,26,124,{"topic":"pupil.1","circle_3d":{"center":[-12.002989645496228,-0.39275925183586224,55.59256503586026],"normal":[-0.4366033207358187,0.7347915223915411,-0.5190943641997832],"radius":2.2546966818582543},"confidence":0.9928132621987342,"timestamp":246882.163637,"diameter_3d":4.509393363716509,"ellipse":{"center":[26.20617123850394,115.22499089749255],"axes":[21.31476574950515,51.11827479704693],"angle":-54.5808196089954},"norm_pos":[0.08189428512032482,0.5198958712604478],"diameter":51.11827479704693,"sphere":{"center":[-6.763749796666403,-9.210257520534356,61.82169740625766],"radius":12.0},"projected_sphere":{"center":[92.16742584119508,27.63178782999104],"axes":[240.69219423428237,240.69219423428237],"angle":90.0},"model_confidence":0.387130900550936,"model_id":1,"model_birth_timestamp":246252.306372,"theta":2.396155600325848,"phi":-2.2700928962978213,"method":"3d c++","id":1}
771239,771234,1,246882.172037,26,124,{"topic":"pupil.1","circle_3d":{"center":[-11.93203989837842,-0.3877966308051093,55.54053817616777],"normal":[-0.43069084180933476,0.7352050741441039,-0.5234299358408243],"radius":2.2457522586721104},"confidence":0.9925053376405767,"timestamp":246882.172037,"diameter_3d":4.491504517344221,"ellipse":{"center":[26.872924608080098,115.2753234960079],"axes":[21.548288086456974,50.96008211885591],"angle":-54.864365917798125},"norm_pos":[0.0839778894002503,0.5196861520999672],"diameter":50.96008211885591,"sphere":{"center":[-6.763749796666403,-9.210257520534356,61.82169740625766],"radius":12.0},"projected_sphere":{"center":[92.16742584119508,27.63178782999104],"axes":[240.69219423428237,240.69219423428237],"angle":90.0},"model_confidence":0.3868362227123834,"model_id":1,"model_birth_timestamp":246252.306372,"theta":2.3967654966812266,"phi":-2.259300377472374,"method":"3d c++","id":1}
771247,771245,1,246882.180437,27,124,{"topic":"pupil.1","circle_3d":{"center":[-11.8541319788059,-0.3614350047695929,55.51405526959112],"normal":[-0.4241985151782914,0.7374018763137302,-0.5256368447222122],"radius":2.220797229424707},"confidence":0.9913108512575518,"timestamp":246882.180437,"diameter_3d":4.441594458849414,"ellipse":{"center":[27.676974584927905,115.5736573407473],"axes":[21.506910335739544,50.41314190912498],"angle":-55.27679344664756},"norm_pos":[0.0864905455778997,0.518443094413553],"diameter":50.41314190912498,"sphere":{"center":[-6.763749796666403,-9.210257520534356,61.82169740625766],"radius":12.0},"projected_sphere":{"center":[92.16742584119508,27.63178782999104],"axes":[240.69219423428237,240.69219423428237],"angle":90.0},"model_confidence":0.38634264065419144,"model_id":1,"model_birth_timestamp":246252.306372,"theta":2.4000120818225756,"phi":-2.2498020500093854,"method":"3d c++","id":1}
771255,771250,1,246882.188837,27,124,{"topic":"pupil.1","circle_3d":{"center":[-11.876770756369847,-0.3729653145052989,55.51620114260867],"normal":[-0.4260850799752871,0.736441017169088,-0.5254580219707491],"radius":2.2295999043008488},"confidence":0.9918695475197222,"timestamp":246882.188837,"diameter_3d":4.4591998086016975,"ellipse":{"center":[27.430386204808798,115.44246093362419],"axes":[21.561237202378702,50.6125932454571],"angle":-55.13863410282488},"norm_pos":[0.0857199568900275,0.5189897461098992],"diameter":50.6125932454571,"sphere":{"center":[-6.763749796666403,-9.210257520534356,61.82169740625766],"radius":12.0},"projected_sphere":{"center":[92.16742584119508,27.63178782999104],"axes":[240.69219423428237,240.69219423428237],"angle":90.0},"model_confidence":0.38577149302111424,"model_id":1,"model_birth_timestamp":246252.306372,"theta":2.398590646565635,"phi":-2.252138223823088,"method":"3d c++","id":1}
771264,771263,1,246882.197237,27,124,{"topic":"pupil.1","circle_3d":{"center":[-11.87724343912955,-0.3626016432954522,55.53113556756242],"normal":[-0.42612447020526234,0.7373046564365753,-0.5242134865579366],"radius":2.223439320262199},"confidence":0.992654103298636,"timestamp":246882.197237,"diameter_3d":4.446878640524398,"ellipse":{"center":[27.459611779059514,115.56225599641073],"axes":[21.4291520855104,50.45860022313652],"angle":-55.18501664206812},"norm_pos":[0.08581128680956099,0.5184906000149553],"diameter":50.45860022313652,"sphere":{"center":[-6.763749796666403,-9.210257520534356,61.82169740625766],"radius":12.0},"projected_sphere":{"center":[92.16742584119508,27.63178782999104],"axes":[240.69219423428237,240.69219423428237],"angle":90.0},"model_confidence":0.3855785772992282,"model_id":1,"model_birth_timestamp":246252.306372,"theta":2.3998681605468133,"phi":-2.253343813682699,"method":"3d c++","id":1}
771271,771267,1,246882.205637,27,124,{"topic":"pupil.1","circle_3d":{"center":[-11.874361121260911,-0.36187685000252934,55.52981283974779],"normal":[-0.4258842770495423,0.7373650558776522,-0.5243237138758227],"radius":2.2150891975474507},"confidence":0.9919264589213008,"timestamp":246882.205637,"diameter_3d":4.430178395094901,"ellipse":{"center":[27.48810784584478,115.57305421620674],"axes":[21.3574619825843,50.26993380768944],"angle":-55.199177303204635},"norm_pos":[0.08590033701826494,0.5184456074324719],"diameter":50.26993380768944,"sphere":{"center":[-6.763749796666403,-9.210257520534356,61.82169740625766],"radius":12.0},"projected_sphere":{"center":[92.16742584119508,27.63178782999104],"axes":[240.69219423428237,240.69219423428237],"angle":90.0},"model_confidence":0.38507553936726335,"model_id":1,"model_birth_timestamp":246252.306372,"theta":2.3999575713366736,"phi":-2.252964964417914,"method":"3d c++","id":1}
771278,771273,1,246882.214037,27,124,{"topic":"pupil.1","circle_3d":{"center":[-11.874579287885044,-0.3623048252453831,55.52938821061109],"normal":[-0.42590245760155343,0.737329391274081,-0.5243590996372144],"radius":2.2127955709081006},"confidence":0.9910934284007797,"timestamp":246882.214037,"diameter_3d":4.425591141816201,"ellipse":{"center":[27.484547565667867,115.56902736414445],"axes":[21.33713408272141,50.21822888846425],"angle":-55.19639136665023},"norm_pos":[0.08588921114271209,0.5184623859827315],"diameter":50.21822888846425,"sphere":{"center":[-6.763749796666403,-9.210257520534356,61.82169740625766],"radius":12.0},"projected_sphere":{"center":[92.16742584119508,27.63178782999104],"axes":[240.69219423428237,240.69219423428237],"angle":90.0},"model_confidence":0.3842156796534546,"model_id":1,"model_birth_timestamp":246252.306372,"theta":2.3999047750849343,"phi":-2.2529528287321368,"method":"3d c++","id":1}
771291,771291,1,246882.222437,27,124,{"topic":"pupil.1","circle_3d":{"center":[-11.870262102498646,-0.36038785758264424,55.528579020341915],"normal":[-0.42554269215268686,0.7374891385793093,-0.5244265321596456],"radius":2.228953692583422},"confidence":0.9927810655480694,"timestamp":246882.222437,"diameter_3d":4.457907385166844,"ellipse":{"center":[27.531717564007863,115.5845919904657],"axes":[21.50115766924946,50.58586559465766],"angle":-55.22129763407278},"norm_pos":[0.08603661738752458,0.5183975333730596],"diameter":50.58586559465766,"sphere":{"center":[-6.763749796666403,-9.210257520534356,61.82169740625766],"radius":12.0},"projected_sphere":{"center":[92.16742584119508,27.63178782999104],"axes":[240.69219423428237,240.69219423428237],"angle":90.0},"model_confidence":0.38402910746774266,"model_id":1,"model_birth_timestamp":246252.306372,"theta":2.4001412814206318,"phi":-2.252476386724206,"method":"3d c++","id":1}
771299,771297,1,246882.230837,27,124,{"topic":"pupil.1","circle_3d":{"center":[-11.878527842943807,-0.36223266970881696,55.53269893460159],"normal":[-0.4262315038564503,0.7373354042354616,-0.5240832059713393],"radius":2.226712198575274},"confidence":0.9916773983428581,"timestamp":246882.230837,"diameter_3d":4.453424397150548,"ellipse":{"center":[27.449160751505076,115.56544680597511],"axes":[21.452053029881032,50.53157612203029],"angle":-55.18192175527386},"norm_pos":[0.08577862734845336,0.5184773049751037],"diameter":50.53157612203029,"sphere":{"center":[-6.763749796666403,-9.210257520534356,61.82169740625766],"radius":12.0},"projected_sphere":{"center":[92.16742584119508,27.63178782999104],"axes":[240.69219423428237,240.69219423428237],"angle":90.0},"model_confidence":0.3833127921980761,"model_id":1,"model_birth_timestamp":246252.306372,"theta":2.39991367618535,"phi":-2.253588411002871,"method":"3d c++","id":1}
771307,771302,1,246882.239237,27,124,{"topic":"pupil.1","circle_3d":{"center":[-11.876427342909277,-0.37370973649517936,55.51487954234751],"normal":[-0.4260564621869063,0.7363789820032647,-0.5255681553258463],"radius":2.2170266232153497},"confidence":0.9922125815862288,"timestamp":246882.239237,"diameter_3d":4.434053246430699,"ellipse":{"center":[27.430345868658264,115.43838968509488],"axes":[21.446034809508436,50.32804790309278],"angle":-55.136532903676425},"norm_pos":[0.08571983083955707,0.519006709645438],"diameter":50.32804790309278,"sphere":{"center":[-6.763749796666403,-9.210257520534356,61.82169740625766],"radius":12.0},"projected_sphere":{"center":[92.16742584119508,27.63178782999104],"axes":[240.69219423428237,240.69219423428237],"angle":90.0},"model_confidence":0.38288576076068725,"model_id":1,"model_birth_timestamp":246252.306372,"theta":2.3984989512090626,"phi":-2.252002843477423,"method":"3d c++","id":1}
771315,771315,1,246882.247637,27,124,{"topic":"pupil.1","circle_3d":{"center":[-11.863759089802242,-0.3733437890587439,55.50514289352005],"normal":[-0.42500077442798656,0.7364094776229677,-0.526379542728134],"radius":2.2154303889194185},"confidence":0.9918722504898971,"timestamp":246882.247637,"diameter_3d":4.430860777838837,"ellipse":{"center":[27.54861934755374,115.44157159882184],"axes":[21.488869185115735,50.300093429662525],"angle":-55.185563756070394},"norm_pos":[0.08608943546110544,0.5189934516715757],"diameter":50.300093429662525,"sphere":{"center":[-6.763749796666403,-9.210257520534356,61.82169740625766],"radius":12.0},"projected_sphere":{"center":[92.16742584119508,27.63178782999104],"axes":[240.69219423428237,240.69219423428237],"angle":90.0},"model_confidence":0.3823127744899124,"model_id":1,"model_birth_timestamp":246252.306372,"theta":2.3985440262199234,"phi":-2.2500354259834903,"method":"3d c++","id":1}
771323,771319,1,246882.256037,27,124,{"topic":"pupil.1","circle_3d":{"center":[-11.854846896946418,-0.3732482093912104,55.49809109733158],"normal":[-0.4242580916900012,0.7364174425952621,-0.526967192410507],"radius":2.2118886300950575},"confidence":0.9913584853944655,"timestamp":246882.256037,"diameter_3d":4.423777260190115,"ellipse":{"center":[27.631228217530833,115.4428267443301],"axes":[21.49637592361808,50.2256207438317],"angle":-55.21938823180977},"norm_pos":[0.08634758817978386,0.5189882218986246],"diameter":50.2256207438317,"sphere":{"center":[-6.763749796666403,-9.210257520534356,61.82169740625766],"radius":12.0},"projected_sphere":{"center":[92.16742584119508,27.63178782999104],"axes":[240.69219423428237,240.69219423428237],"angle":90.0},"model_confidence":0.381744529019612,"model_id":1,"model_birth_timestamp":246252.306372,"theta":2.398555799462249,"phi":-2.248635619393109,"method":"3d c++","id":1}
771331,771330,1,246882.264437,27,124,{"topic":"pupil.1","circle_3d":{"center":[-11.855710375695107,-0.37376768144043737,55.4980604159484],"normal":[-0.42433004825239207,0.7363741532578266,-0.5269697491924384],"radius":2.2460173423170815},"confidence":0.4956449677025984,"timestamp":246882.264437,"diameter_3d":4.492034684634163,"ellipse":{"center":[27.62366409413997,115.42497337973657],"axes":[21.82817525342156,51.00161374719768],"angle":-55.21353957074814},"norm_pos":[0.08632395029418741,0.5190626109177643],"diameter":51.00161374719768,"sphere":{"center":[-6.763749796666403,-9.210257520534356,61.82169740625766],"radius":12.0},"projected_sphere":{"center":[92.16742584119508,27.63178782999104],"axes":[240.69219423428237,240.69219423428237],"angle":90.0},"model_confidence":0.38063480339023403,"model_id":1,"model_birth_timestamp":246252.306372,"theta":2.3984918141326332,"phi":-2.2487160919822857,"method":"3d c++","id":1}
771340,771337,1,246882.272837,27,124,{"topic":"pupil.1","circle_3d":{"center":[-11.847283929696758,-0.3644615804672231,55.50429486209387],"normal":[-0.42362784441919615,0.737149661672261,-0.5264502120136495],"radius":2.2203679011456945},"confidence":0.9916313445584221,"timestamp":246882.272837,"diameter_3d":4.440735802291389,"ellipse":{"center":[27.730473450348796,115.53865559337616],"axes":[21.555984527798785,50.41210733231216],"angle":-55.28842858282246},"norm_pos":[0.08665772953234,0.5185889350275994],"diameter":50.41210733231216,"sphere":{"center":[-6.763749796666403,-9.210257520534356,61.82169740625766],"radius":12.0},"projected_sphere":{"center":[92.16742584119508,27.63178782999104],"axes":[240.69219423428237,240.69219423428237],"angle":90.0},"model_confidence":0.3801447249400236,"model_id":1,"model_birth_timestamp":246252.306372,"theta":2.399638757865866,"phi":-2.2483889024913846,"method":"3d c++","id":1}
771346,771341,1,246882.281237,27,124,{"topic":"pupil.1","circle_3d":{"center":[-11.848068325949605,-0.3653862300222066,55.50363148803067],"normal":[-0.4236932107736002,0.737072607542679,-0.5265054931855827],"radius":2.2122119285843165},"confidence":0.9925322977046129,"timestamp":246882.281237,"diameter_3d":4.424423857168633,"ellipse":{"center":[27.719687520041646,115.53112183550891],"axes":[21.479095961056103,50.22737762247659],"angle":-55.28124994356105},"norm_pos":[0.08662402350013014,0.5186203256853795],"diameter":50.22737762247659,"sphere":{"center":[-6.763749796666403,-9.210257520534356,61.82169740625766],"radius":12.0},"projected_sphere":{"center":[92.16742584119508,27.63178782999104],"axes":[240.69219423428237,240.69219423428237],"angle":90.0},"model_confidence":0.3797858036354129,"model_id":1,"model_birth_timestamp":246252.306372,"theta":2.399524733931547,"phi":-2.248412975794984,"method":"3d c++","id":1}
771355,771352,1,246882.289637,27,124,{"topic":"pupil.1","circle_3d":{"center":[-11.856854340214023,-0.3759255943191029,55.495966972074704],"normal":[-0.4244253786289683,0.7361943271846043,-0.5271442028485797],"radius":2.2049676013899},"confidence":0.991240801636795,"timestamp":246882.289637,"diameter_3d":4.4099352027798,"ellipse":{"center":[27.603477590595958,115.41510387534827],"axes":[21.43730461512757,50.07037878776632],"angle":-55.199486747071575},"norm_pos":[0.08626086747061237,0.5191037338527156],"diameter":50.07037878776632,"sphere":{"center":[-6.763749796666403,-9.210257520534356,61.82169740625766],"radius":12.0},"projected_sphere":{"center":[92.16742584119508,27.63178782999104],"axes":[240.69219423428237,240.69219423428237],"angle":90.0},"model_confidence":0.37925500642845833,"model_id":1,"model_birth_timestamp":246252.306372,"theta":2.398226063557577,"phi":-2.2486641364077933,"method":"3d c++","id":1}
771363,771359,1,246882.298037,27,124,{"topic":"pupil.1","circle_3d":{"center":[-11.853992289052865,-0.36623479684478255,55.50721457457891],"normal":[-0.42418687436553854,0.7370018936407977,-0.5262069026398962],"radius":2.218660734223102},"confidence":0.991757766694365,"timestamp":246882.298037,"diameter_3d":4.437321468446204,"ellipse":{"center":[27.662448471444634,115.51993541077378],"axes":[21.519210866446087,50.37098113542878],"angle":-55.25507751524117},"norm_pos":[0.08644515147326448,0.5186669357884426],"diameter":50.37098113542878,"sphere":{"center":[-6.763749796666403,-9.210257520534356,61.82169740625766],"radius":12.0},"projected_sphere":{"center":[92.16742584119508,27.63178782999104],"axes":[240.69219423428237,240.69219423428237],"angle":90.0},"model_confidence":0.37895415874454885,"model_id":1,"model_birth_timestamp":246252.306372,"theta":2.3994201046795354,"phi":-2.2492589645343855,"method":"3d c++","id":1}
771375,771370,1,246882.306437,27,124,{"topic":"pupil.1","circle_3d":{"center":[-11.865979306272177,-0.3641650265373748,55.519800737876125],"normal":[-0.4251857924671479,0.7371743744997483,-0.5251580556984612],"radius":2.2098728998263684},"confidence":0.9919212424836656,"timestamp":246882.306437,"diameter_3d":4.419745799652737,"ellipse":{"center":[27.55776014956041,115.54792401577228],"axes":[21.36260186350462,50.160229945299854],"angle":-55.21988473499218},"norm_pos":[0.08611800046737628,0.5185503166009489],"diameter":50.160229945299854,"sphere":{"center":[-6.763749796666403,-9.210257520534356,61.82169740625766],"radius":12.0},"projected_sphere":{"center":[92.16742584119508,27.63178782999104],"axes":[240.69219423428237,240.69219423428237],"angle":90.0},"model_confidence":0.37840629845707907,"model_id":1,"model_birth_timestamp":246252.306372,"theta":2.399675330666032,"phi":-2.2513840864727697,"method":"3d c++","id":1}
771383,771382,1,246882.314837,27,124,{"topic":"pupil.1","circle_3d":{"center":[-11.8601098510208,-0.3734967795471995,55.501984295448835],"normal":[-0.42469667119619975,0.7363967284155963,-0.5266427592340689],"radius":2.205508585953595},"confidence":0.9913463012610417,"timestamp":246882.314837,"diameter_3d":4.41101717190719,"ellipse":{"center":[27.581286707073872,115.44287041807131],"axes":[21.410833264571384,50.07727396477228],"angle":-55.19856547944153},"norm_pos":[0.08619152095960585,0.5189880399247029],"diameter":50.07727396477228,"sphere":{"center":[-6.763749796666403,-9.210257520534356,61.82169740625766],"radius":12.0},"projected_sphere":{"center":[92.16742584119508,27.63178782999104],"axes":[240.69219423428237,240.69219423428237],"angle":90.0},"model_confidence":0.37775777671767985,"model_id":1,"model_birth_timestamp":246252.306372,"theta":2.3985251815835458,"phi":-2.2494412928514342,"method":"3d c++","id":1}
771392,771387,1,246882.323237,27,124,{"topic":"pupil.1","circle_3d":{"center":[-11.860884678105512,-0.37374663020219145,55.50225982958537],"normal":[-0.4247612401199257,0.7363759075276803,-0.5266197980560244],"radius":2.243570790638006},"confidence":0.49633876892643536,"timestamp":246882.323237,"diameter_3d":4.487141581276012,"ellipse":{"center":[27.5756637334095,115.42671398799644],"axes":[21.77913125592825,50.94233553556598],"angle":-55.19427963813325},"norm_pos":[0.08617394916690468,0.5190553583833482],"diameter":50.94233553556598,"sphere":{"center":[-6.763749796666403,-9.210257520534356,61.82169740625766],"radius":12.0},"projected_sphere":{"center":[92.16742584119508,27.63178782999104],"axes":[240.69219423428237,240.69219423428237],"angle":90.0},"model_confidence":0.3766888863549256,"model_id":1,"model_birth_timestamp":246252.306372,"theta":2.3984944070063356,"phi":-2.249536885877761,"method":"3d c++","id":1}
771399,771398,1,246882.331637,27,124,{"topic":"pupil.1","circle_3d":{"center":[-11.859232334483478,-0.3767698835933757,55.49670302880466],"normal":[-0.4246235448180896,0.7361239697450817,-0.5270828647877505],"radius":2.1929938878867388},"confidence":0.9909106840835369,"timestamp":246882.331637,"diameter_3d":4.3859877757734775,"ellipse":{"center":[27.577962816644174,115.40998147566239],"axes":[21.314987575633193,49.79762392390242],"angle":-55.18673413643066},"norm_pos":[0.08618113380201305,0.51912507718474],"diameter":49.79762392390242,"sphere":{"center":[-6.763749796666403,-9.210257520534356,61.82169740625766],"radius":12.0},"projected_sphere":{"center":[92.16742584119508,27.63178782999104],"axes":[240.69219423428237,240.69219423428237],"angle":90.0},"model_confidence":0.3758501002108616,"model_id":1,"model_birth_timestamp":246252.306372,"theta":2.3981221088310187,"phi":-2.248949017918452,"method":"3d c++","id":1}
771406,771404,1,246882.340037,27,124,{"topic":"pupil.1","circle_3d":{"center":[-11.8723151654401,-0.3833693140459289,55.49804304638618],"normal":[-0.4257137807311414,0.7355740172073688,-0.5269711966559568],"radius":2.2434882759731156},"confidence":0.9930216561150753,"timestamp":246882.340037,"diameter_3d":4.486976551946231,"ellipse":{"center":[27.438483768267332,115.31890658967457],"axes":[21.788296004656402,50.94516610832883],"angle":-55.10685855220507},"norm_pos":[0.08574526177583541,0.519504555876356],"diameter":50.94516610832883,"sphere":{"center":[-6.763749796666403,-9.210257520534356,61.82169740625766],"radius":12.0},"projected_sphere":{"center":[92.16742584119508,27.63178782999104],"axes":[240.69219423428237,240.69219423428237],"angle":90.0},"model_confidence":0.3755897852473322,"model_id":1,"model_birth_timestamp":246252.306372,"theta":2.3973099459087712,"phi":-2.2503056733117757,"method":"3d c++","id":1}
771415,771409,1,246882.348437,27,124,{"topic":"pupil.1","circle_3d":{"center":[-11.876198308316287,-0.37810788145192653,55.50853631465031],"normal":[-0.42603737597082364,0.7360124699235358,-0.5260967576339465],"radius":2.222705097531483},"confidence":0.9917069380972091,"timestamp":246882.348437,"diameter_3d":4.445410195062966,"ellipse":{"center":[27.418431615637473,115.38645743134886],"axes":[21.53186141797054,50.46304412694025],"angle":-55.116926432705014},"norm_pos":[0.08568259879886711,0.5192230940360465],"diameter":50.46304412694025,"sphere":{"center":[-6.763749796666403,-9.210257520534356,61.82169740625766],"radius":12.0},"projected_sphere":{"center":[92.16742584119508,27.63178782999104],"axes":[240.69219423428237,240.69219423428237],"angle":90.0},"model_confidence":0.37521079693699777,"model_id":1,"model_birth_timestamp":246252.306372,"theta":2.3979573893605304,"phi":-2.251489224563346,"method":"3d c++","id":1}
771423,771421,1,246882.356837,27,124,{"topic":"pupil.1","circle_3d":{"center":[-11.889796555881635,-0.38082146510224213,55.515771339027374],"normal":[-0.42717056326793595,0.7357863379526761,-0.5254938389358572],"radius":2.214590736008833},"confidence":0.9909352469014154,"timestamp":246882.356837,"diameter_3d":4.429181472017666,"ellipse":{"center":[27.283377425989414,115.36016801870443],"axes":[21.405948248319383,50.272671891838705],"angle":-55.05367642765424},"norm_pos":[0.08526055445621691,0.5193326332553982],"diameter":50.272671891838705,"sphere":{"center":[-6.763749796666403,-9.210257520534356,61.82169740625766],"radius":12.0},"projected_sphere":{"center":[92.16742584119508,27.63178782999104],"axes":[240.69219423428237,240.69219423428237],"angle":90.0},"model_confidence":0.3747388425891174,"model_id":1,"model_birth_timestamp":246252.306372,"theta":2.3976234135524614,"phi":-2.2533499046560683,"method":"3d c++","id":1}
771431,771426,1,246882.365237,27,124,{"topic":"pupil.1","circle_3d":{"center":[-11.881063027522949,-0.37766437788413754,55.51309980665529],"normal":[-0.42644276923804547,0.7360494285541849,-0.5257164666335313],"radius":2.2211284336079054},"confidence":0.9921275309887816,"timestamp":246882.365237,"diameter_3d":4.442256867215811,"ellipse":{"center":[27.374810459559257,115.39263819336037],"axes":[21.490133072970043,50.42322722223606],"angle":-55.1008492617907},"norm_pos":[0.08554628268612267,0.5191973408609984],"diameter":50.42322722223606,"sphere":{"center":[-6.763749796666403,-9.210257520534356,61.82169740625766],"radius":12.0},"projected_sphere":{"center":[92.16742584119508,27.63178782999104],"axes":[240.69219423428237,240.69219423428237],"angle":90.0},"model_confidence":0.37420362019743303,"model_id":1,"model_birth_timestamp":246252.306372,"theta":2.398011985336643,"phi":-2.252308182321817,"method":"3d c++","id":1}
771440,771438,1,246882.373637,27,124,{"topic":"pupil.1","circle_3d":{"center":[-11.893626412782902,-0.3919356472816453,55.503345940635164],"normal":[-0.42748971800970825,0.7348601561043926,-0.5265292888018747],"radius":2.221638461283983},"confidence":0.992339804012231,"timestamp":246882.373637,"diameter_3d":4.443276922567966,"ellipse":{"center":[27.212093303017724,115.23201200897827],"axes":[21.53054845114046,50.44473702939825],"angle":-54.98768330935155},"norm_pos":[0.0850377915719304,0.5198666166292571],"diameter":50.44473702939825,"sphere":{"center":[-6.763749796666403,-9.210257520534356,61.82169740625766],"radius":12.0},"projected_sphere":{"center":[92.16742584119508,27.63178782999104],"axes":[240.69219423428237,240.69219423428237],"angle":90.0},"model_confidence":0.3739191846115042,"model_id":1,"model_birth_timestamp":246252.306372,"theta":2.3962567918067403,"phi":-2.2527520373265157,"method":"3d c++","id":1}
771447,771443,1,246882.382037,27,124,{"topic":"pupil.1","circle_3d":{"center":[-11.89622319145792,-0.38462680274652783,55.5156717731828],"normal":[-0.4277061162326264,0.735469226482319,-0.5255021360895714],"radius":2.2030919317612203},"confidence":0.991276376817018,"timestamp":246882.382037,"diameter_3d":4.406183863522441,"ellipse":{"center":[27.210853647349836,115.32178051722843],"axes":[21.28919291339147,50.01181523422117],"angle":-55.0121346637801},"norm_pos":[0.08503391764796824,0.5194925811782148],"diameter":50.01181523422117,"sphere":{"center":[-6.763749796666403,-9.210257520534356,61.82169740625766],"radius":12.0},"projected_sphere":{"center":[92.16742584119508,27.63178782999104],"axes":[240.69219423428237,240.69219423428237],"angle":90.0},"model_confidence":0.3731596038515028,"model_id":1,"model_birth_timestamp":246252.306372,"theta":2.397155273536553,"phi":-2.253955515383189,"method":"3d c++","id":1}
771459,771454,1,246882.390437,27,124,{"topic":"pupil.1","circle_3d":{"center":[-11.88043474623761,-0.3743670627486768,55.5172089301921],"normal":[-0.42639041246426723,0.7363242048154732,-0.5253740396721303],"radius":2.208320841228848},"confidence":0.9917993485590647,"timestamp":246882.390437,"diameter_3d":4.416641682457696,"ellipse":{"center":[27.390618526181868,115.43445959461658],"axes":[21.346841318492146,50.12825988690144],"angle":-55.11858507782654},"norm_pos":[0.08559568289431833,0.5190230850224309],"diameter":50.12825988690144,"sphere":{"center":[-6.763749796666403,-9.210257520534356,61.82169740625766],"radius":12.0},"projected_sphere":{"center":[92.16742584119508,27.63178782999104],"axes":[240.69219423428237,240.69219423428237],"angle":90.0},"model_confidence":0.37268521806905763,"model_id":1,"model_birth_timestamp":246252.306372,"theta":2.398417991614922,"phi":-2.2525669011122154,"method":"3d c++","id":1}
771467,771466,1,246882.398837,27,124,{"topic":"pupil.1","circle_3d":{"center":[-11.883891886131156,-0.3998115782353491,55.48449082279216],"normal":[-0.4266785074553962,0.7342038285249172,-0.528100548622125],"radius":2.1834515718089174},"confidence":0.9906269006388382,"timestamp":246882.398837,"diameter_3d":4.366903143617835,"ellipse":{"center":[27.274030921005817,115.1546978296636],"axes":[21.25771008171439,49.593444861469344],"angle":-54.98753511638736},"norm_pos":[0.08523134662814318,0.5201887590430683],"diameter":49.593444861469344,"sphere":{"center":[-6.763749796666403,-9.210257520534356,61.82169740625766],"radius":12.0},"projected_sphere":{"center":[92.16742584119508,27.63178782999104],"axes":[240.69219423428237,240.69219423428237],"angle":90.0},"model_confidence":0.37171551261376834,"model_id":1,"model_birth_timestamp":246252.306372,"theta":2.395289575793695,"phi":-2.250365687007317,"method":"3d c++","id":1}
771474,771472,1,246882.407237,27,124,{"topic":"pupil.1","circle_3d":{"center":[-11.883969110516864,-0.4038837290885784,55.47889559448633],"normal":[-0.4266849428208717,0.7338644826204814,-0.5285668176476108],"radius":2.1961212145806384},"confidence":0.9911705001155849,"timestamp":246882.407237,"diameter_3d":4.392242429161277,"ellipse":{"center":[27.260866228396736,115.10405454465703],"axes":[21.40792980107512,49.88674786958956],"angle":-54.96821784355117},"norm_pos":[0.0851902069637398,0.5203997727305957],"diameter":49.88674786958956,"sphere":{"center":[-6.763749796666403,-9.210257520534356,61.82169740625766],"radius":12.0},"projected_sphere":{"center":[92.16742584119508,27.63178782999104],"axes":[240.69219423428237,240.69219423428237],"angle":90.0},"model_confidence":0.3709062944315056,"model_id":1,"model_birth_timestamp":246252.306372,"theta":2.3947898855445917,"phi":-2.249941682014986,"method":"3d c++","id":1}
771483,771483,1,246882.415637,27,124,{"topic":"pupil.1","circle_3d":{"center":[-11.88082291705663,-0.3904988335416508,55.494974764652724],"normal":[-0.42642276003251883,0.7349798905827254,-0.5272268868004115],"radius":2.1921962131350137},"confidence":0.9906949592665533,"timestamp":246882.415637,"diameter_3d":4.384392426270027,"ellipse":{"center":[27.33331065315201,115.25703109068478],"axes":[21.295947637838296,49.78240275282348],"angle":-55.042258643130594},"norm_pos":[0.08541659579110003,0.5197623704554801],"diameter":49.78240275282348,"sphere":{"center":[-6.763749796666403,-9.210257520534356,61.82169740625766],"radius":12.0},"projected_sphere":{"center":[92.16742584119508,27.63178782999104],"axes":[240.69219423428237,240.69219423428237],"angle":90.0},"model_confidence":0.36996544556000543,"model_id":1,"model_birth_timestamp":246252.306372,"theta":2.3964333512852405,"phi":-2.250882032902896,"method":"3d c++","id":1}
771490,771487,1,246882.424037,27,124,{"topic":"pupil.1","circle_3d":{"center":[-11.857841312839508,-0.39133427819875344,55.475294923697476],"normal":[-0.42450762634775874,0.7349102701946335,-0.5288668735466823],"radius":2.2013488532411616},"confidence":0.9920491205816249,"timestamp":246882.424037,"diameter_3d":4.402697706482323,"ellipse":{"center":[27.543981476206312,115.2415470927327],"axes":[21.49992873430145,50.007393477043586],"angle":-55.124264853236554},"norm_pos":[0.08607494211314473,0.5198268871136138],"diameter":50.007393477043586,"sphere":{"center":[-6.763749796666403,-9.210257520534356,61.82169740625766],"radius":12.0},"projected_sphere":{"center":[92.16742584119508,27.63178782999104],"axes":[240.69219423428237,240.69219423428237],"angle":90.0},"model_confidence":0.36928130948846727,"model_id":1,"model_birth_timestamp":246252.306372,"theta":2.396330685522002,"phi":-2.247165559479935,"method":"3d c++","id":1}
771499,771499,1,246882.432437,27,124,{"topic":"pupil.1","circle_3d":{"center":[-11.856210851035732,-0.39862939493690597,55.463863641058104],"normal":[-0.42437175453077736,0.7343023437997874,-0.5298194804332967],"radius":2.218923348458246},"confidence":0.9926242010445724,"timestamp":246882.432437,"diameter_3d":4.437846696916492,"ellipse":{"center":[27.536562972118418,115.15229689066864],"axes":[21.728549750016484,50.41772660692198],"angle":-55.09637291948468},"norm_pos":[0.08605175928787005,0.5201987629555473],"diameter":50.41772660692198,"sphere":{"center":[-6.763749796666403,-9.210257520534356,61.82169740625766],"radius":12.0},"projected_sphere":{"center":[92.16742584119508,27.63178782999104],"axes":[240.69219423428237,240.69219423428237],"angle":90.0},"model_confidence":0.36856297067644483,"model_id":1,"model_birth_timestamp":246252.306372,"theta":2.395434691099805,"phi":-2.2461310342299,"method":"3d c++","id":1}
771509,771505,1,246882.440837,27,125,{"topic":"pupil.1","circle_3d":{"center":[-11.82030602784011,-0.41320623965831693,55.415206335272266],"normal":[-0.42137968593114217,0.7330876067396699,-0.5338742559154497],"radius":2.210041366083748},"confidence":0.9936604671981848,"timestamp":246882.440837,"diameter_3d":4.420082732167496,"ellipse":{"center":[27.82281888416219,114.98528790040248],"axes":[21.908032406247163,50.258978818349256],"angle":-55.163867150226366},"norm_pos":[0.08694630901300685,0.520894633748323],"diameter":50.258978818349256,"sphere":{"center":[-6.763749796666403,-9.210257520534356,61.82169740625766],"radius":12.0},"projected_sphere":{"center":[92.16742584119508,27.63178782999104],"axes":[240.69219423428237,240.69219423428237],"angle":90.0},"model_confidence":0.3684525000061445,"model_id":1,"model_birth_timestamp":246252.306372,"theta":2.393646942214587,"phi":-2.238970356248355,"method":"3d c++","id":1}
771515,771510,1,246882.449237,28,125,{"topic":"pupil.1","circle_3d":{"center":[-11.768444444681649,-0.4373360697336235,55.341814637394634],"normal":[-0.41705788733460375,0.7310767875667277,-0.5399902307385855],"radius":2.203616997782463},"confidence":0.9939550318225366,"timestamp":246882.449237,"diameter_3d":4.407233995564926,"ellipse":{"center":[28.230294312203057,114.70646736819114],"axes":[22.244298151544104,50.17813614528247],"angle":-55.24890854729341},"norm_pos":[0.08821966972563455,0.5220563859658702],"diameter":50.17813614528247,"sphere":{"center":[-6.763749796666403,-9.210257520534356,61.82169740625766],"radius":12.0},"projected_sphere":{"center":[92.16742584119508,27.63178782999104],"axes":[240.69219423428237,240.69219423428237],"angle":90.0},"model_confidence":0.3682708433369708,"model_id":1,"model_birth_timestamp":246252.306372,"theta":2.390695130268297,"phi":-2.2284445283607988,"method":"3d c++","id":1}
771524,771522,1,246882.457637,28,125,{"topic":"pupil.1","circle_3d":{"center":[-11.697180933320393,-0.46605594258568495,55.2490118071975],"normal":[-0.41111926138783245,0.7286834648290559,-0.5477237999216806],"radius":2.19770247227174},"confidence":0.9948353749111977,"timestamp":246882.457637,"diameter_3d":4.39540494454348,"ellipse":{"center":[28.810770357495585,114.37217963260386],"axes":[22.696125688192733,50.125723914878],"angle":-55.38994248261173},"norm_pos":[0.0900336573671737,0.5234492515308172],"diameter":50.125723914878,"sphere":{"center":[-6.763749796666403,-9.210257520534356,61.82169740625766],"radius":12.0},"projected_sphere":{"center":[92.16742584119508,27.63178782999104],"axes":[240.69219423428237,240.69219423428237],"angle":90.0},"model_confidence":0.36842668840006976,"model_id":1,"model_birth_timestamp":246252.306372,"theta":2.3871939378962646,"phi":-2.2146787291810237,"method":"3d c++","id":1}
771532,771528,1,246882.466037,29,126,{"topic":"pupil.1","circle_3d":{"center":[-11.620114469995515,-0.500658253770613,55.146474355899755],"normal":[-0.40469705611075935,0.7257999388969786,-0.5562685875298253],"radius":2.190392258349645},"confidence":0.9957471194576879,"timestamp":246882.466037,"diameter_3d":4.38078451669929,"ellipse":{"center":[29.435495023553216,113.96972370327127],"axes":[23.184949808718383,50.050014557114174],"angle":-55.53067083014764},"norm_pos":[0.0919859219486038,0.5251261512363696],"diameter":50.050014557114174,"sphere":{"center":[-6.763749796666403,-9.210257520534356,61.82169740625766],"radius":12.0},"projected_sphere":{"center":[92.16742584119508,27.63178782999104],"axes":[240.69219423428237,240.69219423428237],"angle":90.0},"model_confidence":0.3687032962560677,"model_id":1,"model_birth_timestamp":246252.306372,"theta":2.382992869879776,"phi":-2.1997549508310503,"method":"3d c++","id":1}
771543,771539,1,246882.474437,30,125,{"topic":"pupil.1","circle_3d":{"center":[-11.53173503983528,-0.4878759476540715,55.09961614983102],"normal":[-0.3973321035974063,0.7268651310733569,-0.5601734380355531],"radius":2.191217947942152},"confidence":0.9967204756056534,"timestamp":246882.474437,"diameter_3d":4.382435895884304,"ellipse":{"center":[30.318423235949837,114.10460524170283],"axes":[23.500505364953497,50.10731261489235],"angle":-55.940697945359744},"norm_pos":[0.09474507261234325,0.5245641448262381],"diameter":50.10731261489235,"sphere":{"center":[-6.763749796666403,-9.210257520534356,61.82169740625766],"radius":12.0},"projected_sphere":{"center":[92.16742584119508,27.63178782999104],"axes":[240.69219423428237,240.69219423428237],"angle":90.0},"model_confidence":0.3694594043160526,"model_id":1,"model_birth_timestamp":246252.306372,"theta":2.384542593829025,"phi":-2.1877379575685465,"method":"3d c++","id":1}
771550,771550,1,246882.482837,30,125,{"topic":"pupil.1","circle_3d":{"center":[-11.475708119004175,-0.4722485149735647,55.080432881905395],"normal":[-0.39266319352814755,0.7281674171300658,-0.5617720436960222],"radius":2.143715417981642},"confidence":0.8927211487939464,"timestamp":246882.482837,"diameter_3d":4.287430835963284,"ellipse":{"center":[30.899700823817,114.29416055512587],"axes":[23.130323876448593,49.0339884914771],"angle":-56.2381922665044},"norm_pos":[0.09656156507442812,0.5237743310203089],"diameter":49.0339884914771,"sphere":{"center":[-6.763749796666403,-9.210257520534356,61.82169740625766],"radius":12.0},"projected_sphere":{"center":[92.16742584119508,27.63178782999104],"axes":[240.69219423428237,240.69219423428237],"angle":90.0},"model_confidence":0.3693095645416533,"model_id":1,"model_birth_timestamp":246252.306372,"theta":2.3864407210506204,"phi":-2.1808323414630038,"method":"3d c++","id":1}
771560,771555,1,246882.491237,31,124,{"topic":"pupil.1","circle_3d":{"center":[-11.490049542465604,-0.3922848502187364,55.195578731013065],"normal":[-0.39385831214993344,0.7348310558596349,-0.5521765562703832],"radius":2.225444148515124},"confidence":0.4477773038946084,"timestamp":246882.491237,"diameter_3d":4.450888297030248,"ellipse":{"center":[31.008196287572844,115.17914053479188],"axes":[23.433571929470286,50.79656113033619],"angle":-56.54648832075216},"norm_pos":[0.09690061339866514,0.5200869144383671],"diameter":50.79656113033619,"sphere":{"center":[-6.763749796666403,-9.210257520534356,61.82169740625766],"radius":12.0},"projected_sphere":{"center":[92.16742584119508,27.63178782999104],"axes":[240.69219423428237,240.69219423428237],"angle":90.0},"model_confidence":0.3693095645416533,"model_id":1,"model_birth_timestamp":246252.306372,"theta":2.3962138859268682,"phi":-2.190381732307974,"method":"3d c++","id":1}
771568,771566,1,246882.499637,32,123,{"topic":"pupil.1","circle_3d":{"center":[-11.369258965821736,-0.31410926269017203,55.21504685796301],"normal":[-0.38379243076294445,0.7413456881536821,-0.5505542123578878],"radius":2.2564539567809976},"confidence":0.35175286164433645,"timestamp":246882.499637,"diameter_3d":4.512907913561995,"ellipse":{"center":[32.406889305625896,116.04569980366972],"axes":[23.7734062647704,51.47818791866023],"angle":-57.389826856800966},"norm_pos":[0.10127152908008093,0.5164762508180428],"diameter":51.47818791866023,"sphere":{"center":[-6.763749796666403,-9.210257520534356,61.82169740625766],"radius":12.0},"projected_sphere":{"center":[92.16742584119508,27.63178782999104],"axes":[240.69219423428237,240.69219423428237],"angle":90.0},"model_confidence":0.3693095645416533,"model_id":1,"model_birth_timestamp":246252.306372,"theta":2.4058695986235277,"phi":-2.1795746611679836,"method":"3d c++","id":1}
771577,771573,1,246882.508037,32,123,{"topic":"pupil.1","circle_3d":{"center":[-11.36810887384841,-0.31611825528615256,55.2115412644754],"normal":[-0.3836965897651673,0.741178272104017,-0.5508463451485219],"radius":2.2628918667583378},"confidence":0.34251346777726105,"timestamp":246882.508037,"diameter_3d":4.5257837335166755,"ellipse":{"center":[32.41224611225604,116.0202627939068],"axes":[23.859969902232315,51.628552306553715],"angle":-57.3854110629847},"norm_pos":[0.10128826910080013,0.5165822383587217],"diameter":51.628552306553715,"sphere":{"center":[-6.763749796666403,-9.210257520534356,61.82169740625766],"radius":12.0},"projected_sphere":{"center":[92.16742584119508,27.63178782999104],"axes":[240.69219423428237,240.69219423428237],"angle":90.0},"model_confidence":0.3693095645416533,"model_id":1,"model_birth_timestamp":246252.306372,"theta":2.4056201765349297,"phi":-2.179208683799846,"method":"3d c++","id":1}
771583,771577,1,246882.516437,32,123,{"topic":"pupil.1","circle_3d":{"center":[-11.363788328179643,-0.3159573570154741,55.20875024861142],"normal":[-0.3833365442927701,0.7411916802932402,-0.5510789298038533],"radius":2.2303707905553662},"confidence":0.34744073540525405,"timestamp":246882.516437,"diameter_3d":4.4607415811107325,"ellipse":{"center":[32.45228661037365,116.03395042870252],"axes":[23.533912270806383,50.88805919024007],"angle":-57.4039867644577},"norm_pos":[0.10141339565741765,0.5165252065470728],"diameter":50.88805919024007,"sphere":{"center":[-6.763749796666403,-9.210257520534356,61.82169740625766],"radius":12.0},"projected_sphere":{"center":[92.16742584119508,27.63178782999104],"axes":[240.69219423428237,240.69219423428237],"angle":90.0},"model_confidence":0.3693095645416533,"model_id":1,"model_birth_timestamp":246252.306372,"theta":2.405640149977875,"phi":-2.1785705500159067,"method":"3d c++","id":1}
771591,771589,1,246882.524837,32,123,{"topic":"pupil.1","circle_3d":{"center":[-11.3594474121298,-0.31579617550224803,55.20594946600528],"normal":[-0.3829748012886165,0.741205112086009,-0.5513123283543654],"radius":2.223396086107915},"confidence":0.3401608619327679,"timestamp":246882.524837,"diameter_3d":4.44679217221583,"ellipse":{"center":[32.494130750297316,116.03797229558037],"axes":[23.477783577746795,50.731105942311125],"angle":-57.42249060788308},"norm_pos":[0.10154415859467911,0.5165084487684151],"diameter":50.731105942311125,"sphere":{"center":[-6.763749796666403,-9.210257520534356,61.82169740625766],"radius":12.0},"projected_sphere":{"center":[92.16742584119508,27.63178782999104],"axes":[240.69219423428237,240.69219423428237],"angle":90.0},"model_confidence":0.3693095645416533,"model_id":1,"model_birth_timestamp":246252.306372,"theta":2.4056601590233764,"phi":-2.1779296197494324,"method":"3d c++","id":1}
771599,771593,1,246882.533237,32,123,{"topic":"pupil.1","circle_3d":{"center":[-11.3550861045489,-0.31563471076499283,55.20313895446089],"normal":[-0.38261135899020804,0.7412185674807802,-0.551546537649731],"radius":2.22592163428272},"confidence":0.37284281952016696,"timestamp":246882.533237,"diameter_3d":4.45184326856544,"ellipse":{"center":[32.53677112552995,116.03843820421207],"axes":[23.522227712224065,50.79117800138736],"angle":-57.441029800517924},"norm_pos":[0.1016774097672811,0.5165065074824498],"diameter":50.79117800138736,"sphere":{"center":[-6.763749796666403,-9.210257520534356,61.82169740625766],"radius":12.0},"projected_sphere":{"center":[92.16742584119508,27.63178782999104],"axes":[240.69219423428237,240.69219423428237],"angle":90.0},"model_confidence":0.3693095645416533,"model_id":1,"model_birth_timestamp":246252.306372,"theta":2.405680203671504,"phi":-2.1772858929982193,"method":"3d c++","id":1}
771609,771605,1,246882.541637,32,123,{"topic":"pupil.1","circle_3d":{"center":[-11.350704384247562,-0.3154729628228079,55.200318751976944],"normal":[-0.38224621563176325,0.7412320464759623,-0.5517815545233932],"radius":2.228008780485528},"confidence":0.37241258192475224,"timestamp":246882.541637,"diameter_3d":4.456017560971056,"ellipse":{"center":[32.57959545488606,116.03906848853023],"axes":[23.562133229417633,50.84124786248992],"angle":-57.459669793928526},"norm_pos":[0.10181123579651893,0.5165038812977907],"diameter":50.84124786248992,"sphere":{"center":[-6.763749796666403,-9.210257520534356,61.82169740625766],"radius":12.0},"projected_sphere":{"center":[92.16742584119508,27.63178782999104],"axes":[240.69219423428237,240.69219423428237],"angle":90.0},"model_confidence":0.3693095645416533,"model_id":1,"model_birth_timestamp":246252.306372,"theta":2.4057002839222577,"phi":-2.1766393697622672,"method":"3d c++","id":1}
771615,771610,1,246882.550037,31,123,{"topic":"pupil.1","circle_3d":{"center":[-11.412314085321132,-0.31531093169427393,55.24364486497114],"normal":[-0.3873803573878941,0.741245549070007,-0.5481710451072105],"radius":2.2269365903850713},"confidence":0.3987338863559367,"timestamp":246882.550037,"diameter_3d":4.453873180770143,"ellipse":{"center":[31.98791196029302,116.0473945937549],"axes":[23.28269744943637,50.77969042559529],"angle":-57.20963175701894},"norm_pos":[0.09996222487591569,0.5164691891926879],"diameter":50.77969042559529,"sphere":{"center":[-6.763749796666403,-9.210257520534356,61.82169740625766],"radius":12.0},"projected_sphere":{"center":[92.16742584119508,27.63178782999104],"axes":[240.69219423428237,240.69219423428237],"angle":90.0},"model_confidence":0.3693095645416533,"model_id":1,"model_birth_timestamp":246252.306372,"theta":2.4057203997757077,"phi":-2.185990050039321,"method":"3d c++","id":1}
771628,771626,1,246882.558437,32,123,{"topic":"pupil.1","circle_3d":{"center":[-11.406773858017496,-0.3151486173997,55.23995256411365],"normal":[-0.38691867177925793,0.7412590752612215,-0.5484787368453344],"radius":2.2257899539593127},"confidence":0.4320631649839465,"timestamp":246882.558437,"diameter_3d":4.451579907918625,"ellipse":{"center":[32.04146779250797,116.0491177268259],"axes":[23.29375851513647,50.75664941825962],"angle":-57.23281372761488},"norm_pos":[0.10012958685158742,0.5164620094715587],"diameter":50.75664941825962,"sphere":{"center":[-6.763749796666403,-9.210257520534356,61.82169740625766],"radius":12.0},"projected_sphere":{"center":[92.16742584119508,27.63178782999104],"axes":[240.69219423428237,240.69219423428237],"angle":90.0},"model_confidence":0.3693095645416533,"model_id":1,"model_birth_timestamp":246252.306372,"theta":2.4057405512317134,"phi":-2.1851637697509023,"method":"3d c++","id":1}
771635,771632,1,246882.566837,31,123,{"topic":"pupil.1","circle_3d":{"center":[-11.468597083864935,-0.3149860199577219,55.28422412255166],"normal":[-0.3920706072665444,0.7412726250480529,-0.5447894403088334],"radius":2.228869900336746},"confidence":0.44122909557678436,"timestamp":246882.566837,"diameter_3d":4.457739800673492,"ellipse":{"center":[31.450613511653586,116.05602268148678],"axes":[23.053302048438997,50.78901825576956],"angle":-56.98435218533868},"norm_pos":[0.09828316722391746,0.5164332388271384],"diameter":50.78901825576956,"sphere":{"center":[-6.763749796666403,-9.210257520534356,61.82169740625766],"radius":12.0},"projected_sphere":{"center":[92.16742584119508,27.63178782999104],"axes":[240.69219423428237,240.69219423428237],"angle":90.0},"model_confidence":0.3693095645416533,"model_id":1,"model_birth_timestamp":246252.306372,"theta":2.405760738290346,"phi":-2.194604419074482,"method":"3d c++","id":1}
771643,771638,1,246882.575237,31,123,{"topic":"pupil.1","circle_3d":{"center":[-11.463679618845433,-0.3148231393870251,55.28090946922025],"normal":[-0.3916608185149192,0.7412861984289443,-0.5450656614197846],"radius":2.2285300438219204},"confidence":0.44950981660452194,"timestamp":246882.575237,"diameter_3d":4.457060087643841,"ellipse":{"center":[31.49804161839927,116.0575036542836],"axes":[23.070441139415124,50.784085053773495],"angle":-57.00481327812852},"norm_pos":[0.09843138005749771,0.5164270681071517],"diameter":50.784085053773495,"sphere":{"center":[-6.763749796666403,-9.210257520534356,61.82169740625766],"radius":12.0},"projected_sphere":{"center":[92.16742584119508,27.63178782999104],"axes":[240.69219423428237,240.69219423428237],"angle":90.0},"model_confidence":0.3693095645416533,"model_id":1,"model_birth_timestamp":246252.306372,"theta":2.4057809609516747,"phi":-2.193868474044433,"method":"3d c++","id":1}
771650,771650,1,246882.583637,29,126,{"topic":"pupil.1","circle_3d":{"center":[-11.597238259746524,-0.5218792412275164,55.10236171342757],"normal":[-0.40279070525667676,0.7240315232755699,-0.5599446410691747],"radius":2.0872588341728155},"confidence":0.7728290836020408,"timestamp":246882.583637,"diameter_3d":4.174517668345631,"ellipse":{"center":[29.582539205525023,113.76111406203643],"axes":[22.314466030445303,47.72908499294684],"angle":-55.523203099073044},"norm_pos":[0.0924454350172657,0.5259953580748482],"diameter":47.72908499294684,"sphere":{"center":[-6.763749796666403,-9.210257520534356,61.82169740625766],"radius":12.0},"projected_sphere":{"center":[92.16742584119508,27.63178782999104],"axes":[240.69219423428237,240.69219423428237],"angle":90.0},"model_confidence":0.36904162352382475,"model_id":1,"model_birth_timestamp":246252.306372,"theta":2.380425620610043,"phi":-2.1943847252937703,"method":"3d c++","id":1}
771659,771655,1,246882.592037,29,126,{"topic":"pupil.1","circle_3d":{"center":[-11.636093128187493,-0.5152812323908442,55.139058869840774],"normal":[-0.4060286109600909,0.7245813573452926,-0.5568865447014074],"radius":2.100733484309728},"confidence":0.9917614194910177,"timestamp":246882.592037,"diameter_3d":4.201466968619456,"ellipse":{"center":[29.23284456785325,113.83671705540925],"axes":[22.254599859283434,48.00679826005452],"angle":-55.400457695006395},"norm_pos":[0.0913526392745414,0.5256803456024615],"diameter":48.00679826005452,"sphere":{"center":[-6.763749796666403,-9.210257520534356,61.82169740625766],"radius":12.0},"projected_sphere":{"center":[92.16742584119508,27.63178782999104],"axes":[240.69219423428237,240.69219423428237],"angle":90.0},"model_confidence":0.3683761263086449,"model_id":1,"model_birth_timestamp":246252.306372,"theta":2.3812230847459794,"phi":-2.2007897948274744,"method":"3d c++","id":1}
771667,771666,1,246882.600437,29,125,{"topic":"pupil.1","circle_3d":{"center":[-11.622249402732455,-0.4425959090744893,55.22449410146335],"normal":[-0.40487496717217103,0.7306384676216555,-0.5497669420661927],"radius":2.1912373251043284},"confidence":0.9960558993432479,"timestamp":246882.600437,"diameter_3d":4.382474650208657,"ellipse":{"center":[29.592155523797658,114.63303090938551],"axes":[22.814858401229312,49.99631232774802],"angle":-55.79097023992034},"norm_pos":[0.09247548601186768,0.5223623712108937],"diameter":49.99631232774802,"sphere":{"center":[-6.763749796666403,-9.210257520534356,61.82169740625766],"radius":12.0},"projected_sphere":{"center":[92.16742584119508,27.63178782999104],"axes":[240.69219423428237,240.69219423428237],"angle":90.0},"model_confidence":0.3687388773204625,"model_id":1,"model_birth_timestamp":246252.306372,"theta":2.3900529313719527,"phi":-2.2055678271013703,"method":"3d c++","id":1}
771675,771671,1,246882.608837,29,124,{"topic":"pupil.1","circle_3d":{"center":[-11.614046802304795,-0.40752557179197524,55.265286101612],"normal":[-0.4041914171365327,0.7335609957285316,-0.546367608720472],"radius":2.231380260245768},"confidence":0.9958293232278963,"timestamp":246882.608837,"diameter_3d":4.462760520491536,"ellipse":{"center":[29.780766060372827,115.01733586680714],"axes":[23.040928932978996,50.87391644429721],"angle":-55.98455929408465},"norm_pos":[0.09306489393866509,0.5207611005549702],"diameter":50.87391644429721,"sphere":{"center":[-6.763749796666403,-9.210257520534356,61.82169740625766],"radius":12.0},"projected_sphere":{"center":[92.16742584119508,27.63178782999104],"axes":[240.69219423428237,240.69219423428237],"angle":90.0},"model_confidence":0.3690988132480588,"model_id":1,"model_birth_timestamp":246252.306372,"theta":2.394343226442126,"phi":-2.207723997641853,"method":"3d c++","id":1}
771682,771677,1,246882.617237,29,125,{"topic":"pupil.1","circle_3d":{"center":[-11.655753024046538,-0.42344313046637616,55.274927416575984],"normal":[-0.4076669356150112,0.732234532505665,-0.5455641658068064],"radius":2.239940751158047},"confidence":0.9143436256367782,"timestamp":246882.617237,"diameter_3d":4.479881502316094,"ellipse":{"center":[29.337133625775067,114.83770040698164],"axes":[23.043875160653812,51.062821864316504],"angle":-55.74798674293112},"norm_pos":[0.09167854258054708,0.5215095816375765],"diameter":51.062821864316504,"sphere":{"center":[-6.763749796666403,-9.210257520534356,61.82169740625766],"radius":12.0},"projected_sphere":{"center":[92.16742584119508,27.63178782999104],"axes":[240.69219423428237,240.69219423428237],"angle":90.0},"model_confidence":0.3687695030282545,"model_id":1,"model_birth_timestamp":246252.306372,"theta":2.3923935152298195,"phi":-2.2125281864999673,"method":"3d c++","id":1}
771691,771689,1,246882.625637,29,125,{"topic":"pupil.1","circle_3d":{"center":[-11.671028062316427,-0.43272807130824376,55.27390412978296],"normal":[-0.4089398554708354,0.7314607874355092,-0.5456494397062249],"radius":2.2173659426612042},"confidence":0.994954975823855,"timestamp":246882.625637,"diameter_3d":4.4347318853224085,"ellipse":{"center":[29.162408811025955,114.74197746489108],"axes":[22.80221706364051,50.54953064988144],"angle":-55.64575422510734},"norm_pos":[0.09113252753445611,0.5219084272296205],"diameter":50.54953064988144,"sphere":{"center":[-6.763749796666403,-9.210257520534356,61.82169740625766],"radius":12.0},"projected_sphere":{"center":[92.16742584119508,27.63178782999104],"axes":[240.69219423428237,240.69219423428237],"angle":90.0},"model_confidence":0.36886081426955597,"model_id":1,"model_birth_timestamp":246252.306372,"theta":2.391258106158067,"phi":-2.213948725801807,"method":"3d c++","id":1}
771698,771694,1,246882.634037,28,125,{"topic":"pupil.1","circle_3d":{"center":[-11.690058986567621,-0.4419614931640812,55.275823702778695],"normal":[-0.4105257658251015,0.7306913356141895,-0.5454894752899139],"radius":2.2100295415368794},"confidence":0.9939239211670394,"timestamp":246882.634037,"diameter_3d":4.420059083073759,"ellipse":{"center":[28.95351748046201,114.64169538916842],"axes":[22.70002570387407,50.38148478134782],"angle":-55.52916881336239},"norm_pos":[0.09047974212644379,0.5223262692117983],"diameter":50.38148478134782,"sphere":{"center":[-6.763749796666403,-9.210257520534356,61.82169740625766],"radius":12.0},"projected_sphere":{"center":[92.16742584119508,27.63178782999104],"axes":[240.69219423428237,240.69219423428237],"angle":90.0},"model_confidence":0.36854761093702004,"model_id":1,"model_birth_timestamp":246252.306372,"theta":2.3901303668263782,"phi":-2.21594810915244,"method":"3d c++","id":1}
771712,771711,1,246882.642437,28,125,{"topic":"pupil.1","circle_3d":{"center":[-11.695113061822262,-0.42906897810291156,55.29694575356297],"normal":[-0.4109469387629883,0.7317657118692871,-0.5437293043912239],"radius":2.2078583019248375},"confidence":0.9934052538762522,"timestamp":246882.642437,"diameter_3d":4.415716603849675,"ellipse":{"center":[28.94583433659912,114.79007973074101],"axes":[22.570758501343754,50.31237749394223],"angle":-55.569267332004245},"norm_pos":[0.09045573230187225,0.5217080011219124],"diameter":50.31237749394223,"sphere":{"center":[-6.763749796666403,-9.210257520534356,61.82169740625766],"radius":12.0},"projected_sphere":{"center":[92.16742584119508,27.63178782999104],"axes":[240.69219423428237,240.69219423428237],"angle":90.0},"model_confidence":0.3682533933829446,"model_id":1,"model_birth_timestamp":246252.306372,"theta":2.391705393137621,"phi":-2.2179948179542723,"method":"3d c++","id":1}
771719,771718,1,246882.650837,29,125,{"topic":"pupil.1","circle_3d":{"center":[-11.685815827183164,-0.4391729185174622,55.27636770520401],"normal":[-0.4101721692097301,0.7309237168347411,-0.5454441417544713],"radius":2.2258423242975347},"confidence":0.9945151193594843,"timestamp":246882.650837,"diameter_3d":4.451684648595069,"ellipse":{"center":[29.003306986090223,114.66720474390023],"axes":[22.864027921066146,50.74160332002277],"angle":-55.55843740467424},"norm_pos":[0.09063533433153195,0.522219980233749],"diameter":50.74160332002277,"sphere":{"center":[-6.763749796666403,-9.210257520534356,61.82169740625766],"radius":12.0},"projected_sphere":{"center":[92.16742584119508,27.63178782999104],"axes":[240.69219423428237,240.69219423428237],"angle":90.0},"model_confidence":0.36811988498274273,"model_id":1,"model_birth_timestamp":246252.306372,"theta":2.3904708104414456,"phi":-2.2155740695447643,"method":"3d c++","id":1}
771728,771723,1,246882.659237,29,125,{"topic":"pupil.1","circle_3d":{"center":[-11.683803213567717,-0.4428002246720979,55.26999786033301],"normal":[-0.4100044514084429,0.7306214413218548,-0.5459749621603881],"radius":2.2117054725807463},"confidence":0.9947913620733685,"timestamp":246882.659237,"diameter_3d":4.423410945161493,"ellipse":{"center":[29.01009086394791,114.63074902117222],"axes":[22.751255453693407,50.42483241003576],"angle":-55.54954967206393},"norm_pos":[0.09065653394983722,0.5223718790784491],"diameter":50.42483241003576,"sphere":{"center":[-6.763749796666403,-9.210257520534356,61.82169740625766],"radius":12.0},"projected_sphere":{"center":[92.16742584119508,27.63178782999104],"axes":[240.69219423428237,240.69219423428237],"angle":90.0},"model_confidence":0.3679476638545065,"model_id":1,"model_birth_timestamp":246252.306372,"theta":2.390027994411403,"phi":-2.2149104912712168,"method":"3d c++","id":1}
771734,771734,1,246882.667637,29,125,{"topic":"pupil.1","circle_3d":{"center":[-11.654865087490855,-0.4425334262234806,55.24872202079457],"normal":[-0.40759294090203774,0.7306436745259063,-0.5477479487885915],"radius":2.222960459848092},"confidence":0.9953313417193683,"timestamp":246882.667637,"diameter_3d":4.445920919696184,"ellipse":{"center":[29.285312554164335,114.62611397234059],"axes":[22.997636665172582,50.700064770341214],"angle":-55.663367083440164},"norm_pos":[0.09151660173176354,0.5223911917819142],"diameter":50.700064770341214,"sphere":{"center":[-6.763749796666403,-9.210257520534356,61.82169740625766],"radius":12.0},"projected_sphere":{"center":[92.16742584119508,27.63178782999104],"axes":[240.69219423428237,240.69219423428237],"angle":90.0},"model_confidence":0.36795983256964204,"model_id":1,"model_birth_timestamp":246252.306372,"theta":2.3900605576107545,"phi":-2.210526818521221,"method":"3d c++","id":1}
771743,771740,1,246882.676037,29,125,{"topic":"pupil.1","circle_3d":{"center":[-11.606311355819969,-0.45516418265013314,55.19614549032315],"normal":[-0.4035467965961306,0.7295911114903518,-0.552129326327876],"radius":2.249369241343494},"confidence":0.9962009520804237,"timestamp":246882.676037,"diameter_3d":4.498738482686988,"ellipse":{"center":[29.70915505572657,114.46612462767472],"axes":[23.576705007229606,51.35047286140198],"angle":-55.79525180637461},"norm_pos":[0.09284110954914553,0.5230578140513553],"diameter":51.35047286140198,"sphere":{"center":[-6.763749796666403,-9.210257520534356,61.82169740625766],"radius":12.0},"projected_sphere":{"center":[92.16742584119508,27.63178782999104],"axes":[240.69219423428237,240.69219423428237],"angle":90.0},"model_confidence":0.36813623544116325,"model_id":1,"model_birth_timestamp":246252.306372,"theta":2.3885201946406647,"phi":-2.201955609426303,"method":"3d c++","id":1}
771751,771751,1,246882.684437,30,125,{"topic":"pupil.1","circle_3d":{"center":[-11.540762972009999,-0.48305475844976264,55.11229526656915],"normal":[-0.39808443127863297,0.7272668968403827,-0.5591168449740426],"radius":2.2355143929669867},"confidence":0.7346301701239463,"timestamp":246882.684437,"diameter_3d":4.4710287859339735,"ellipse":{"center":[30.249512322352018,114.14432104099193],"axes":[23.905540661936417,51.109853803214904],"angle":-55.92657666138717},"norm_pos":[0.09452972600735006,0.5243986623292003],"diameter":51.109853803214904,"sphere":{"center":[-6.763749796666403,-9.210257520534356,61.82169740625766],"radius":12.0},"projected_sphere":{"center":[92.16742584119508,27.63178782999104],"axes":[240.69219423428237,240.69219423428237],"angle":90.0},"model_confidence":0.36741494212744197,"model_id":1,"model_birth_timestamp":246252.306372,"theta":2.3851277741037284,"phi":-2.1895226364067764,"method":"3d c++","id":1}
771761,771756,1,246882.692837,30,125,{"topic":"pupil.1","circle_3d":{"center":[-11.540141894170315,-0.48373886093239804,55.1109634214747],"normal":[-0.39803267479199267,0.7272098883001631,-0.5592278320652468],"radius":2.2298457734665753},"confidence":0.4034835176690712,"timestamp":246882.692837,"diameter_3d":4.459691546933151,"ellipse":{"center":[30.253004770357506,114.13855294356236],"axes":[23.851935689910725,50.98133647226754],"angle":-55.92593673253538},"norm_pos":[0.0945406399073672,0.5244226960684901],"diameter":50.98133647226754,"sphere":{"center":[-6.763749796666403,-9.210257520534356,61.82169740625766],"radius":12.0},"projected_sphere":{"center":[92.16742584119508,27.63178782999104],"axes":[240.69219423428237,240.69219423428237],"angle":90.0},"model_confidence":0.36670216396644806,"model_id":1,"model_birth_timestamp":246252.306372,"theta":2.3850447178842797,"phi":-2.18936743287739,"method":"3d c++","id":1}
771767,771767,1,246882.701237,30,125,{"topic":"pupil.1","circle_3d":{"center":[-11.537735728018106,-0.4851587915344133,55.10740589512564],"normal":[-0.3978321609459753,0.7270915607499953,-0.5595242925943354],"radius":2.234919927290388},"confidence":0.3367574158881324,"timestamp":246882.701237,"diameter_3d":4.469839854580776,"ellipse":{"center":[30.272167816471267,114.12009116327437],"axes":[23.926152084546185,51.100739792307195],"angle":-55.928959097605286},"norm_pos":[0.09460052442647271,0.5244996201530234],"diameter":51.100739792307195,"sphere":{"center":[-6.763749796666403,-9.210257520534356,61.82169740625766],"radius":12.0},"projected_sphere":{"center":[92.16742584119508,27.63178782999104],"axes":[240.69219423428237,240.69219423428237],"angle":90.0},"model_confidence":0.36670216396644806,"model_id":1,"model_birth_timestamp":246252.306372,"theta":2.3848723488083436,"phi":-2.1888790869361556,"method":"3d c++","id":1}
771776,771774,1,246882.709637,160,120,{"topic":"pupil.1","circle_3d":{"center":[0.0,-0.0,0.0],"normal":[0.0,-0.0,0.0],"radius":0.0},"confidence":0.0,"timestamp":246882.709637,"diameter_3d":0.0,"ellipse":{"center":[160.0,120.0],"axes":[0.0,0.0],"angle":90.0},"norm_pos":[0.5,0.5],"diameter":0.0,"sphere":{"center":[-6.763749796666403,-9.210257520534356,61.82169740625766],"radius":12.0},"projected_sphere":{"center":[92.16742584119508,27.63178782999104],"axes":[240.69219423428237,240.69219423428237],"angle":90.0},"model_confidence":0.36670216396644806,"model_id":1,"model_birth_timestamp":246252.306372,"theta":0.0,"phi":0.0,"method":"3d c++","id":1}
771782,771779,1,246882.718037,160,120,{"topic":"pupil.1","circle_3d":{"center":[0.0,-0.0,0.0],"normal":[0.0,-0.0,0.0],"radius":0.0},"confidence":0.0,"timestamp":246882.718037,"diameter_3d":0.0,"ellipse":{"center":[160.0,120.0],"axes":[0.0,0.0],"angle":90.0},"norm_pos":[0.5,0.5],"diameter":0.0,"sphere":{"center":[-6.763749796666403,-9.210257520534356,61.82169740625766],"radius":12.0},"projected_sphere":{"center":[92.16742584119508,27.63178782999104],"axes":[240.69219423428237,240.69219423428237],"angle":90.0},"model_confidence":0.36670216396644806,"model_id":1,"model_birth_timestamp":246252.306372,"theta":0.0,"phi":0.0,"method":"3d c++","id":1}
771794,771794,1,246882.726437,160,120,{"topic":"pupil.1","circle_3d":{"center":[0.0,-0.0,0.0],"normal":[0.0,-0.0,0.0],"radius":0.0},"confidence":0.0,"timestamp":246882.726437,"diameter_3d":0.0,"ellipse":{"center":[160.0,120.0],"axes":[0.0,0.0],"angle":90.0},"norm_pos":[0.5,0.5],"diameter":0.0,"sphere":{"center":[-6.763749796666403,-9.210257520534356,61.82169740625766],"radius":12.0},"projected_sphere":{"center":[92.16742584119508,27.63178782999104],"axes":[240.69219423428237,240.69219423428237],"angle":90.0},"model_confidence":0.36670216396644806,"model_id":1,"model_birth_timestamp":246252.306372,"theta":0.0,"phi":0.0,"method":"3d c++","id":1}
771802,771800,1,246882.734837,160,120,{"topic":"pupil.1","circle_3d":{"center":[0.0,-0.0,0.0],"normal":[0.0,-0.0,0.0],"radius":0.0},"confidence":0.0,"timestamp":246882.734837,"diameter_3d":0.0,"ellipse":{"center":[160.0,120.0],"axes":[0.0,0.0],"angle":90.0},"norm_pos":[0.5,0.5],"diameter":0.0,"sphere":{"center":[-6.763749796666403,-9.210257520534356,61.82169740625766],"radius":12.0},"projected_sphere":{"center":[92.16742584119508,27.63178782999104],"axes":[240.69219423428237,240.69219423428237],"angle":90.0},"model_confidence":0.36670216396644806,"model_id":1,"model_birth_timestamp":246252.306372,"theta":0.0,"phi":0.0,"method":"3d c++","id":1}
771812,771810,1,246882.743237,160,120,{"topic":"pupil.1","circle_3d":{"center":[0.0,-0.0,0.0],"normal":[0.0,-0.0,0.0],"radius":0.0},"confidence":0.0,"timestamp":246882.743237,"diameter_3d":0.0,"ellipse":{"center":[160.0,120.0],"axes":[0.0,0.0],"angle":90.0},"norm_pos":[0.5,0.5],"diameter":0.0,"sphere":{"center":[-6.763749796666403,-9.210257520534356,61.82169740625766],"radius":12.0},"projected_sphere":{"center":[92.16742584119508,27.63178782999104],"axes":[240.69219423428237,240.69219423428237],"angle":90.0},"model_confidence":0.36670216396644806,"model_id":1,"model_birth_timestamp":246252.306372,"theta":0.0,"phi":0.0,"method":"3d c++","id":1}
771818,771816,1,246882.751637,160,120,{"topic":"pupil.1","circle_3d":{"center":[0.0,-0.0,0.0],"normal":[0.0,-0.0,0.0],"radius":0.0},"confidence":0.0,"timestamp":246882.751637,"diameter_3d":0.0,"ellipse":{"center":[160.0,120.0],"axes":[0.0,0.0],"angle":90.0},"norm_pos":[0.5,0.5],"diameter":0.0,"sphere":{"center":[-6.763749796666403,-9.210257520534356,61.82169740625766],"radius":12.0},"projected_sphere":{"center":[92.16742584119508,27.63178782999104],"axes":[240.69219423428237,240.69219423428237],"angle":90.0},"model_confidence":0.36670216396644806,"model_id":1,"model_birth_timestamp":246252.306372,"theta":0.0,"phi":0.0,"method":"3d c++","id":1}
771827,771822,1,246882.760037,160,120,{"topic":"pupil.1","circle_3d":{"center":[0.0,-0.0,0.0],"normal":[0.0,-0.0,0.0],"radius":0.0},"confidence":0.0,"timestamp":246882.760037,"diameter_3d":0.0,"ellipse":{"center":[160.0,120.0],"axes":[0.0,0.0],"angle":90.0},"norm_pos":[0.5,0.5],"diameter":0.0,"sphere":{"center":[-6.763749796666403,-9.210257520534356,61.82169740625766],"radius":12.0},"projected_sphere":{"center":[92.16742584119508,27.63178782999104],"axes":[240.69219423428237,240.69219423428237],"angle":90.0},"model_confidence":0.36670216396644806,"model_id":1,"model_birth_timestamp":246252.306372,"theta":0.0,"phi":0.0,"method":"3d c++","id":1}
771835,771834,1,246882.768437,160,120,{"topic":"pupil.1","circle_3d":{"center":[0.0,-0.0,0.0],"normal":[0.0,-0.0,0.0],"radius":0.0},"confidence":0.0,"timestamp":246882.768437,"diameter_3d":0.0,"ellipse":{"center":[160.0,120.0],"axes":[0.0,0.0],"angle":90.0},"norm_pos":[0.5,0.5],"diameter":0.0,"sphere":{"center":[-6.763749796666403,-9.210257520534356,61.82169740625766],"radius":12.0},"projected_sphere":{"center":[92.16742584119508,27.63178782999104],"axes":[240.69219423428237,240.69219423428237],"angle":90.0},"model_confidence":0.36670216396644806,"model_id":1,"model_birth_timestamp":246252.306372,"theta":0.0,"phi":0.0,"method":"3d c++","id":1}
771843,771838,1,246882.776837,160,120,{"topic":"pupil.1","circle_3d":{"center":[0.0,-0.0,0.0],"normal":[0.0,-0.0,0.0],"radius":0.0},"confidence":0.0,"timestamp":246882.776837,"diameter_3d":0.0,"ellipse":{"center":[160.0,120.0],"axes":[0.0,0.0],"angle":90.0},"norm_pos":[0.5,0.5],"diameter":0.0,"sphere":{"center":[-6.763749796666403,-9.210257520534356,61.82169740625766],"radius":12.0},"projected_sphere":{"center":[92.16742584119508,27.63178782999104],"axes":[240.69219423428237,240.69219423428237],"angle":90.0},"model_confidence":0.36670216396644806,"model_id":1,"model_birth_timestamp":246252.306372,"theta":0.0,"phi":0.0,"method":"3d c++","id":1}
771850,771850,1,246882.785237,160,120,{"topic":"pupil.1","circle_3d":{"center":[0.0,-0.0,0.0],"normal":[0.0,-0.0,0.0],"radius":0.0},"confidence":0.0,"timestamp":246882.785237,"diameter_3d":0.0,"ellipse":{"center":[160.0,120.0],"axes":[0.0,0.0],"angle":90.0},"norm_pos":[0.5,0.5],"diameter":0.0,"sphere":{"center":[-6.763749796666403,-9.210257520534356,61.82169740625766],"radius":12.0},"projected_sphere":{"center":[92.16742584119508,27.63178782999104],"axes":[240.69219423428237,240.69219423428237],"angle":90.0},"model_confidence":0.36670216396644806,"model_id":1,"model_birth_timestamp":246252.306372,"theta":0.0,"phi":0.0,"method":"3d c++","id":1}
771858,771856,1,246882.793637,32,125,{"topic":"pupil.1","circle_3d":{"center":[-11.325513618338306,-0.4190469176659466,55.046379925039574],"normal":[-0.38014698513932527,0.7326008835723674,-0.5646097901015074],"radius":2.2220609282147183},"confidence":0.18071967560912358,"timestamp":246882.793637,"diameter_3d":4.444121856429437,"ellipse":{"center":[32.51347103515454,114.85657910936699],"axes":[24.28106035161319,50.85051387431649],"angle":-57.09455550649204},"norm_pos":[0.10160459698485794,0.5214309203776375],"diameter":50.85051387431649,"sphere":{"center":[-6.763749796666403,-9.210257520534356,61.82169740625766],"radius":12.0},"projected_sphere":{"center":[92.16742584119508,27.63178782999104],"axes":[240.69219423428237,240.69219423428237],"angle":90.0},"model_confidence":0.36670216396644806,"model_id":1,"model_birth_timestamp":246252.306372,"theta":2.392931589830478,"phi":-2.1633713561970382,"method":"3d c++","id":1}
771869,771867,1,246882.802037,32,125,{"topic":"pupil.1","circle_3d":{"center":[-11.321604200613859,-0.41993811007406734,55.04259363846491],"normal":[-0.3798212003289546,0.7325266175383572,-0.5649253139827295],"radius":2.2169942600738373},"confidence":0.35393550521934114,"timestamp":246882.802037,"diameter_3d":4.4339885201476745,"ellipse":{"center":[32.54844702732433,114.84789065979821],"axes":[24.247770852431085,50.73778257340963],"angle":-57.10670682091623},"norm_pos":[0.10171389696038853,0.5214671222508408],"diameter":50.73778257340963,"sphere":{"center":[-6.763749796666403,-9.210257520534356,61.82169740625766],"radius":12.0},"projected_sphere":{"center":[92.16742584119508,27.63178782999104],"axes":[240.69219423428237,240.69219423428237],"angle":90.0},"model_confidence":0.36670216396644806,"model_id":1,"model_birth_timestamp":246252.306372,"theta":2.392822487133894,"phi":-2.162715509558588,"method":"3d c++","id":1}
771880,771878,1,246882.810437,31,125,{"topic":"pupil.1","circle_3d":{"center":[-11.38484393463257,-0.4206412452853492,55.08462573512839],"normal":[-0.38509117816384725,0.7324680229374171,-0.5614226392607725],"radius":2.231564795712404},"confidence":0.3281454417359467,"timestamp":246882.810437,"diameter_3d":4.463129591424808,"ellipse":{"center":[31.9349823890702,114.84127737548016],"axes":[24.14179264000982,51.03557238811841],"angle":-56.84322643108729},"norm_pos":[0.09979681996584437,0.5214946776021661],"diameter":51.03557238811841,"sphere":{"center":[-6.763749796666403,-9.210257520534356,61.82169740625766],"radius":12.0},"projected_sphere":{"center":[92.16742584119508,27.63178782999104],"axes":[240.69219423428237,240.69219423428237],"angle":90.0},"model_confidence":0.3661193021473941,"model_id":1,"model_birth_timestamp":246252.306372,"theta":2.392736416054938,"phi":-2.1720101856869642,"method":"3d c++","id":1}
771887,771884,1,246882.818837,31,125,{"topic":"pupil.1","circle_3d":{"center":[-11.379327230716527,-0.4213470583200323,55.07992480274552],"normal":[-0.3846314528375104,0.732409205184527,-0.5618143836260117],"radius":2.230495849132731},"confidence":0.4594643508103434,"timestamp":246882.818837,"diameter_3d":4.460991698265462,"ellipse":{"center":[31.986124639270997,114.83299867337732],"axes":[24.158483448284624,51.015232229521544],"angle":-56.86260058902383},"norm_pos":[0.09995663949772186,0.5215291721942612],"diameter":51.015232229521544,"sphere":{"center":[-6.763749796666403,-9.210257520534356,61.82169740625766],"radius":12.0},"projected_sphere":{"center":[92.16742584119508,27.63178782999104],"axes":[240.69219423428237,240.69219423428237],"angle":90.0},"model_confidence":0.3661193021473941,"model_id":1,"model_birth_timestamp":246252.306372,"theta":2.392650025197777,"phi":-2.1711279249551207,"method":"3d c++","id":1}
771897,771895,1,246882.827237,31,125,{"topic":"pupil.1","circle_3d":{"center":[-11.442828884039702,-0.42205554990370686,55.12291206729438],"normal":[-0.38992325728110827,0.7323501642192207,-0.5582321115802736],"radius":2.2424838844718114},"confidence":0.4421321194296545,"timestamp":246882.827237,"diameter_3d":4.484967768943623,"ellipse":{"center":[31.372542092590322,114.8275106841574],"axes":[24.016956901926452,51.25262950457007],"angle":-56.600635188620146},"norm_pos":[0.09803919403934476,0.5215520388160109],"diameter":51.25262950457007,"sphere":{"center":[-6.763749796666403,-9.210257520534356,61.82169740625766],"radius":12.0},"projected_sphere":{"center":[92.16742584119508,27.63178782999104],"axes":[240.69219423428237,240.69219423428237],"angle":90.0},"model_confidence":0.3661193021473941,"model_id":1,"model_birth_timestamp":246252.306372,"theta":2.392563314562114,"phi":-2.1805126155858137,"method":"3d c++","id":1}
771904,771902,1,246882.835637,31,125,{"topic":"pupil.1","circle_3d":{"center":[-11.437960257216824,-0.4227667207645922,55.11858156252926],"normal":[-0.38951753837920183,0.7322908999808138,-0.5585929869773671],"radius":2.2258711671801903},"confidence":0.5195108674721791,"timestamp":246882.835637,"diameter_3d":4.451742334360381,"ellipse":{"center":[31.416119467485146,114.82511848674197],"axes":[23.864408954407487,50.87630839922501],"angle":-56.6172255320931},"norm_pos":[0.09817537333589108,0.5215620063052417],"diameter":50.87630839922501,"sphere":{"center":[-6.763749796666403,-9.210257520534356,61.82169740625766],"radius":12.0},"projected_sphere":{"center":[92.16742584119508,27.63178782999104],"axes":[240.69219423428237,240.69219423428237],"angle":90.0},"model_confidence":0.3661193021473941,"model_id":1,"model_birth_timestamp":246252.306372,"theta":2.3924762841476475,"phi":-2.179720737618138,"method":"3d c++","id":1}
771913,771907,1,246882.844037,30,125,{"topic":"pupil.1","circle_3d":{"center":[-11.548224355388484,-0.448318979092706,55.163076213177185],"normal":[-0.3987062132268401,0.7301615451201374,-0.5548850994233734],"radius":2.3161724842313296},"confidence":0.9950052335738159,"timestamp":246882.844037,"diameter_3d":4.632344968462659,"ellipse":{"center":[30.288413677273496,114.5116140563764],"axes":[24.5027302055645,52.90627427139374],"angle":-56.056421780682086},"norm_pos":[0.09465129274147968,0.5228682747650983],"diameter":52.90627427139374,"sphere":{"center":[-6.763749796666403,-9.210257520534356,61.82169740625766],"radius":12.0},"projected_sphere":{"center":[92.16742584119508,27.63178782999104],"axes":[240.69219423428237,240.69219423428237],"angle":90.0},"model_confidence":0.36610065709835604,"model_id":1,"model_birth_timestamp":246252.306372,"theta":2.3893546753988324,"phi":-2.193856074747275,"method":"3d c++","id":1}
771919,771918,1,246882.852437,29,125,{"topic":"pupil.1","circle_3d":{"center":[-11.594920405524316,-0.46890072254686466,55.169744920078486],"normal":[-0.40259755073815956,0.7284463998322909,-0.5543293738482646],"radius":2.2894236714077834},"confidence":0.995197989355333,"timestamp":246882.852437,"diameter_3d":4.578847342815567,"ellipse":{"center":[29.778712937018554,114.29253540807396],"axes":[24.14159833192275,52.291104466022794],"angle":-55.77646793569522},"norm_pos":[0.09305847792818298,0.5237811024663586],"diameter":52.291104466022794,"sphere":{"center":[-6.763749796666403,-9.210257520534356,61.82169740625766],"radius":12.0},"projected_sphere":{"center":[92.16742584119508,27.63178782999104],"axes":[240.69219423428237,240.69219423428237],"angle":90.0},"model_confidence":0.3658792642627473,"model_id":1,"model_birth_timestamp":246252.306372,"theta":2.3868478458513125,"phi":-2.198942079908206,"method":"3d c++","id":1}
771926,771922,1,246882.860837,29,125,{"topic":"pupil.1","circle_3d":{"center":[-11.622513993785574,-0.45258558993117326,55.21143320331403],"normal":[-0.4048970164265976,0.7298059942169318,-0.5508553502453027],"radius":2.311015844954535},"confidence":0.9947308845495264,"timestamp":246882.860837,"diameter_3d":4.62203168990907,"ellipse":{"center":[29.567404382972626,114.47421877832008],"axes":[24.131137274792746,52.7455338825037],"angle":-55.743005093819875},"norm_pos":[0.09239813869678945,0.5230240884236663],"diameter":52.7455338825037,"sphere":{"center":[-6.763749796666403,-9.210257520534356,61.82169740625766],"radius":12.0},"projected_sphere":{"center":[92.16742584119508,27.63178782999104],"axes":[240.69219423428237,240.69219423428237],"angle":90.0},"model_confidence":0.36562571184377557,"model_id":1,"model_birth_timestamp":246252.306372,"theta":2.3888344568196493,"phi":-2.204649724366147,"method":"3d c++","id":1}
771935,771933,1,246882.869237,29,125,{"topic":"pupil.1","circle_3d":{"center":[-11.641541826935104,-0.460251269507296,55.21529630456587],"normal":[-0.40648266918905845,0.7291671875855883,-0.5505334251409827],"radius":2.326891357047348},"confidence":0.9950840281406611,"timestamp":246882.869237,"diameter_3d":4.653782714094696,"ellipse":{"center":[29.364494888120788,114.38297720406524],"axes":[24.259331305600163,53.10577355097525],"angle":-55.632817771774796},"norm_pos":[0.09176404652537747,0.5234042616497281],"diameter":53.10577355097525,"sphere":{"center":[-6.763749796666403,-9.210257520534356,61.82169740625766],"radius":12.0},"projected_sphere":{"center":[92.16742584119508,27.63178782999104],"axes":[240.69219423428237,240.69219423428237],"angle":90.0},"model_confidence":0.3653383811296096,"model_id":1,"model_birth_timestamp":246252.306372,"theta":2.3879005221726572,"phi":-2.2067953154351607,"method":"3d c++","id":1}
771943,771939,1,246882.877637,29,125,{"topic":"pupil.1","circle_3d":{"center":[-11.648697462400472,-0.4467624628008142,55.23850360111118],"normal":[-0.4070789721445058,0.7302912548111284,-0.548599483762207],"radius":2.3314156633574092},"confidence":0.9946496894167413,"timestamp":246882.877637,"diameter_3d":4.6628313267148185,"ellipse":{"center":[29.33832314084563,114.53622455098919],"axes":[24.180649213589206,53.18653590458823],"angle":-55.667188847149816},"norm_pos":[0.0916822598151426,0.5227657310375451],"diameter":53.18653590458823,"sphere":{"center":[-6.763749796666403,-9.210257520534356,61.82169740625766],"radius":12.0},"projected_sphere":{"center":[92.16742584119508,27.63178782999104],"axes":[240.69219423428237,240.69219423428237],"angle":90.0},"model_confidence":0.36505288138283243,"model_id":1,"model_birth_timestamp":246252.306372,"theta":2.389544530048048,"phi":-2.209179086934985,"method":"3d c++","id":1}
771950,771950,1,246882.886037,28,125,{"topic":"pupil.1","circle_3d":{"center":[-11.687358770519015,-0.44960288451833463,55.26357229148217],"normal":[-0.4103007478210511,0.7300545530013351,-0.5465104262312909],"radius":2.333184289891957},"confidence":0.9939478296254961,"timestamp":246882.886037,"diameter_3d":4.666368579783914,"ellipse":{"center":[28.963948591381836,114.50813041320238],"axes":[24.033388975367945,53.20457443959853],"angle":-55.50345159284271},"norm_pos":[0.09051233934806824,0.5228827899449902],"diameter":53.20457443959853,"sphere":{"center":[-6.763749796666403,-9.210257520534356,61.82169740625766],"radius":12.0},"projected_sphere":{"center":[92.16742584119508,27.63178782999104],"axes":[240.69219423428237,240.69219423428237],"angle":90.0},"model_confidence":0.3643159942451346,"model_id":1,"model_birth_timestamp":246252.306372,"theta":2.3891981011955834,"phi":-2.214786677578159,"method":"3d c++","id":1}
771963,771962,1,246882.894437,28,125,{"topic":"pupil.1","circle_3d":{"center":[-11.690675457059472,-0.4514247675360039,55.263629676967],"normal":[-0.4105771383660891,0.7299027294165293,-0.5465056441075554],"radius":2.350968210230164},"confidence":0.9949071539640028,"timestamp":246882.894437,"diameter_3d":4.701936420460328,"ellipse":{"center":[28.928280996786896,114.48090709338058],"axes":[24.21352714413161,53.61080747589264],"angle":-55.48202067603921},"norm_pos":[0.09040087811495905,0.5229962204442475],"diameter":53.61080747589264,"sphere":{"center":[-6.763749796666403,-9.210257520534356,61.82169740625766],"radius":12.0},"projected_sphere":{"center":[92.16742584119508,27.63178782999104],"axes":[240.69219423428237,240.69219423428237],"angle":90.0},"model_confidence":0.3643220155542637,"model_id":1,"model_birth_timestamp":246252.306372,"theta":2.3889759647513595,"phi":-2.215114235313319,"method":"3d c++","id":1}
771971,771967,1,246882.902837,28,125,{"topic":"pupil.1","circle_3d":{"center":[-11.727695476460621,-0.4499249650781696,55.293618300895446],"normal":[-0.41366213998285156,0.7300277129546822,-0.5440065921135183],"radius":2.3519027584077286},"confidence":0.9943518563531103,"timestamp":246882.902837,"diameter_3d":4.703805516815457,"ellipse":{"center":[28.583935746191173,114.50257298456302],"axes":[24.032535384148108,53.60457630873766],"angle":-55.34585549896977},"norm_pos":[0.08932479920684741,0.5229059458976542],"diameter":53.60457630873766,"sphere":{"center":[-6.763749796666403,-9.210257520534356,61.82169740625766],"radius":12.0},"projected_sphere":{"center":[92.16742584119508,27.63178782999104],"axes":[240.69219423428237,240.69219423428237],"angle":90.0},"model_confidence":0.36407924531338676,"model_id":1,"model_birth_timestamp":246252.306372,"theta":2.3891588270944935,"phi":-2.2209197265183076,"method":"3d c++","id":1}
771979,771978,1,246882.911237,28,125,{"topic":"pupil.1","circle_3d":{"center":[-11.728597558134863,-0.4453734587789935,55.30041731033873],"normal":[-0.413737313455705,0.7304070051462802,-0.5434400079932442],"radius":2.340008688010145},"confidence":0.9934671599968069,"timestamp":246882.911237,"diameter_3d":4.68001737602029,"ellipse":{"center":[28.588757451347476,114.55919324535283],"axes":[23.874944994900744,53.32641632443312],"angle":-55.36357991675925},"norm_pos":[0.08933986703546086,0.5226700281443633],"diameter":53.32641632443312,"sphere":{"center":[-6.763749796666403,-9.210257520534356,61.82169740625766],"radius":12.0},"projected_sphere":{"center":[92.16742584119508,27.63178782999104],"axes":[240.69219423428237,240.69219423428237],"angle":90.0},"model_confidence":0.3632741205389478,"model_id":1,"model_birth_timestamp":246252.306372,"theta":2.3897139850828815,"phi":-2.2215094428981406,"method":"3d c++","id":1}
771987,771985,1,246882.919637,28,125,{"topic":"pupil.1","circle_3d":{"center":[-11.761409801437413,-0.45666566363924055,55.31032089436621],"normal":[-0.4164716670642508,0.729465988074593,-0.542614709324288],"radius":2.374877970139865},"confidence":0.9946443041480407,"timestamp":246882.919637,"diameter_3d":4.74975594027973,"ellipse":{"center":[28.247623828511053,114.42132066674642],"axes":[24.147944988793476,54.11431481761902],"angle":-55.18488837319032},"norm_pos":[0.08827382446409704,0.5232444972218899],"diameter":54.11431481761902,"sphere":{"center":[-6.763749796666403,-9.210257520534356,61.82169740625766],"radius":12.0},"projected_sphere":{"center":[92.16742584119508,27.63178782999104],"axes":[240.69219423428237,240.69219423428237],"angle":90.0},"model_confidence":0.3628782163769495,"model_id":1,"model_birth_timestamp":246252.306372,"theta":2.3883372523924664,"phi":-2.2254209369328635,"method":"3d c++","id":1}
771994,771990,1,246882.928037,28,125,{"topic":"pupil.1","circle_3d":{"center":[-11.772350381221948,-0.46913046147264836,55.30198744938619],"normal":[-0.4173833820462954,0.7284272549218089,-0.543309163072623],"radius":2.371800657448703},"confidence":0.9944332694831384,"timestamp":246882.928037,"diameter_3d":4.743601314897406,"ellipse":{"center":[28.105794915565696,114.28174935213593],"axes":[24.149146045194215,54.0532419972131],"angle":-55.08503546291092},"norm_pos":[0.0878306091111428,0.5238260443661003],"diameter":54.0532419972131,"sphere":{"center":[-6.763749796666403,-9.210257520534356,61.82169740625766],"radius":12.0},"projected_sphere":{"center":[92.16742584119508,27.63178782999104],"axes":[240.69219423428237,240.69219423428237],"angle":90.0},"model_confidence":0.362484658540585,"model_id":1,"model_birth_timestamp":246252.306372,"theta":2.38681990168563,"phi":-2.22585942156039,"method":"3d c++","id":1}
772002,772002,1,246882.936437,28,125,{"topic":"pupil.1","circle_3d":{"center":[-11.767813056390718,-0.46339021611577635,55.30620331512608],"normal":[-0.417005271643693,0.7289056087015482,-0.5429578409276317],"radius":2.3779681375133843},"confidence":0.9940903257461964,"timestamp":246882.936437,"diameter_3d":4.755936275026769,"ellipse":{"center":[28.166746307004445,114.3442547112401],"axes":[24.194602871124047,54.18941876485519],"angle":-55.12907340581566},"norm_pos":[0.0880210822093889,0.523565605369833],"diameter":54.18941876485519,"sphere":{"center":[-6.763749796666403,-9.210257520534356,61.82169740625766],"radius":12.0},"projected_sphere":{"center":[92.16742584119508,27.63178782999104],"axes":[240.69219423428237,240.69219423428237],"angle":90.0},"model_confidence":0.3619832248632937,"model_id":1,"model_birth_timestamp":246252.306372,"theta":2.387518362243232,"phi":-2.2257340715067553,"method":"3d c++","id":1}
772010,772006,1,246882.944837,28,125,{"topic":"pupil.1","circle_3d":{"center":[-11.763240921265723,-0.4596364420241237,55.30773400174079],"normal":[-0.4166242603832766,0.7292184232091861,-0.5428302837097393],"radius":2.3620579412066687},"confidence":0.9937688762838344,"timestamp":246882.944837,"diameter_3d":4.724115882413337,"ellipse":{"center":[28.220218754062387,114.39262549230642],"axes":[24.02885704705533,53.82452588970161],"angle":-55.16414594632715},"norm_pos":[0.08818818360644495,0.5233640604487233],"diameter":53.82452588970161,"sphere":{"center":[-6.763749796666403,-9.210257520534356,61.82169740625766],"radius":12.0},"projected_sphere":{"center":[92.16742584119508,27.63178782999104],"axes":[240.69219423428237,240.69219423428237],"angle":90.0},"model_confidence":0.3614967141496894,"model_id":1,"model_birth_timestamp":246252.306372,"theta":2.387975394307747,"phi":-2.225406021653252,"method":"3d c++","id":1}
772019,772017,1,246882.953237,28,125,{"topic":"pupil.1","circle_3d":{"center":[-11.78172520359018,-0.4724221223582781,55.304784381681586],"normal":[-0.41816461724364806,0.7281529498480064,-0.5430760853813397],"radius":2.3814947838591634},"confidence":0.9942122885925043,"timestamp":246882.953237,"diameter_3d":4.762989567718327,"ellipse":{"center":[28.008267490535815,114.24171433701281],"axes":[24.224273982118444,54.27226318751616],"angle":-55.033813260464996},"norm_pos":[0.08752583590792443,0.5239928569291132],"diameter":54.27226318751616,"sphere":{"center":[-6.763749796666403,-9.210257520534356,61.82169740625766],"radius":12.0},"projected_sphere":{"center":[92.16742584119508,27.63178782999104],"axes":[240.69219423428237,240.69219423428237],"angle":90.0},"model_confidence":0.36090288958513517,"model_id":1,"model_birth_timestamp":246252.306372,"theta":2.386419613471925,"phi":-2.2269704572583144,"method":"3d c++","id":1}
772027,772023,1,246882.961637,27,125,{"topic":"pupil.1","circle_3d":{"center":[-11.790282781448495,-0.48008919465967637,55.301104859963104],"normal":[-0.41887774873184097,0.7275140271562233,-0.5433827121912129],"radius":2.3904746451481262},"confidence":0.9942776869144708,"timestamp":246882.961637,"diameter_3d":4.7809492902962525,"ellipse":{"center":[27.904761364437036,114.15187879240426],"axes":[24.32664345084557,54.481503104728276],"angle":-54.96535333335049},"norm_pos":[0.08720237926386573,0.5243671716983156],"diameter":54.481503104728276,"sphere":{"center":[-6.763749796666403,-9.210257520534356,61.82169740625766],"radius":12.0},"projected_sphere":{"center":[92.16742584119508,27.63178782999104],"axes":[240.69219423428237,240.69219423428237],"angle":90.0},"model_confidence":0.3602606434350397,"model_id":1,"model_birth_timestamp":246252.306372,"theta":2.3854879048926936,"phi":-2.2275213551544635,"method":"3d c++","id":1}
772035,772035,1,246882.970037,28,125,{"topic":"pupil.1","circle_3d":{"center":[-11.775488304420007,-0.482760712144108,55.28615790370412],"normal":[-0.4176448756461336,0.7272914006991873,-0.5446282918794615],"radius":2.3871460558801543},"confidence":0.994449684315072,"timestamp":246882.970037,"diameter_3d":4.7742921117603085,"ellipse":{"center":[28.035065450986906,114.12057544852837],"axes":[24.385497245932847,54.419736457665316],"angle":-55.00941816616714},"norm_pos":[0.08760957953433408,0.5244976022977985],"diameter":54.419736457665316,"sphere":{"center":[-6.763749796666403,-9.210257520534356,61.82169740625766],"radius":12.0},"projected_sphere":{"center":[92.16742584119508,27.63178782999104],"axes":[240.69219423428237,240.69219423428237],"angle":90.0},"model_confidence":0.35946663353115804,"model_id":1,"model_birth_timestamp":246252.306372,"theta":2.3851634762269325,"phi":-2.224990656210527,"method":"3d c++","id":1}
772048,772046,1,246882.978437,28,125,{"topic":"pupil.1","circle_3d":{"center":[-11.770864720866928,-0.47521919020333847,55.29269246649109],"normal":[-0.4172595770167104,0.7279198608609181,-0.5440837449805476],"radius":2.3750863292161126},"confidence":0.9935458534425028,"timestamp":246882.978437,"diameter_3d":4.750172658432225,"ellipse":{"center":[28.10103093570379,114.21075239877138],"axes":[24.23251768589568,54.13752165327445],"angle":-55.062336280844875},"norm_pos":[0.08781572167407434,0.5241218650051193],"diameter":54.13752165327445,"sphere":{"center":[-6.763749796666403,-9.210257520534356,61.82169740625766],"radius":12.0},"projected_sphere":{"center":[92.16742584119508,27.63178782999104],"axes":[240.69219423428237,240.69219423428237],"angle":90.0},"model_confidence":0.3580784265663106,"model_id":1,"model_birth_timestamp":246252.306372,"theta":2.386079604847245,"phi":-2.2250280193031284,"method":"3d c++","id":1}
772055,772051,1,246882.986837,28,125,{"topic":"pupil.1","circle_3d":{"center":[-11.764977228816964,-0.47102777007897423,55.29378904747533],"normal":[-0.4167689526792135,0.7282691458712818,-0.5439923632318613],"radius":2.365816617545061},"confidence":0.9932415279581746,"timestamp":246882.986837,"diameter_3d":4.731633235090122,"ellipse":{"center":[28.168688907772662,114.26138618356399],"axes":[24.1377775433125,53.924448280535024],"angle":-55.10445861221473},"norm_pos":[0.08802715283678957,0.5239108909018168],"diameter":53.924448280535024,"sphere":{"center":[-6.763749796666403,-9.210257520534356,61.82169740625766],"radius":12.0},"projected_sphere":{"center":[92.16742584119508,27.63178782999104],"axes":[240.69219423428237,240.69219423428237],"angle":90.0},"model_confidence":0.35677794040369637,"model_id":1,"model_birth_timestamp":246252.306372,"theta":2.386589155345828,"phi":-2.2245410616618155,"method":"3d c++","id":1}
772062,772062,1,246882.995237,27,125,{"topic":"pupil.1","circle_3d":{"center":[-11.784730236721686,-0.48473019140841345,55.29062335605286],"normal":[-0.41841503667127355,0.7271272774271618,-0.5442561708504003],"radius":2.392724608123602},"confidence":0.9940959902179372,"timestamp":246882.995237,"diameter_3d":4.785449216247204,"ellipse":{"center":[27.942586614062634,114.09720773362196],"axes":[24.410049987370595,54.5431556199807],"angle":-54.96487713135829},"norm_pos":[0.08732058316894573,0.5245949677765751],"diameter":54.5431556199807,"sphere":{"center":[-6.763749796666403,-9.210257520534356,61.82169740625766],"radius":12.0},"projected_sphere":{"center":[92.16742584119508,27.63178782999104],"axes":[240.69219423428237,240.69219423428237],"angle":90.0},"model_confidence":0.35578672702651915,"model_id":1,"model_birth_timestamp":246252.306372,"theta":2.3849243743786053,"phi":-2.226210747196669,"method":"3d c++","id":1}
772070,772067,1,246883.003637,27,125,{"topic":"pupil.1","circle_3d":{"center":[-11.781873534094927,-0.48497442389309064,55.28810199183823],"normal":[-0.4181769781190437,0.7271069247201054,-0.5444662845349524],"radius":2.3922462478580733},"confidence":0.994637064640145,"timestamp":246883.003637,"diameter_3d":4.7844924957161465,"ellipse":{"center":[27.968609699117906,114.09419933959481],"axes":[24.421208625845537,54.534612840233294],"angle":-54.974651958579955},"norm_pos":[0.08740190530974346,0.5246075027516883],"diameter":54.534612840233294,"sphere":{"center":[-6.763749796666403,-9.210257520534356,61.82169740625766],"radius":12.0},"projected_sphere":{"center":[92.16742584119508,27.63178782999104],"axes":[240.69219423428237,240.69219423428237],"angle":90.0},"model_confidence":0.3549404260640765,"model_id":1,"model_birth_timestamp":246252.306372,"theta":2.38489472789904,"phi":-2.2257493017561383,"method":"3d c++","id":1}
772078,772073,1,246883.012037,28,125,{"topic":"pupil.1","circle_3d":{"center":[-11.780627640032396,-0.47723455146443605,55.297492740059596],"normal":[-0.41807315361383274,0.72775191408916,-0.543683722183172],"radius":2.4047943724689302},"confidence":0.9947148101202217,"timestamp":246883.012037,"diameter_3d":4.8095887449378605,"ellipse":{"center":[28.005321910963318,114.17750566598436],"axes":[24.501395605420658,54.81136194263238],"angle":-55.01541739496378},"norm_pos":[0.08751663097176036,0.5242603930583984],"diameter":54.81136194263238,"sphere":{"center":[-6.763749796666403,-9.210257520534356,61.82169740625766],"radius":12.0},"projected_sphere":{"center":[92.16742584119508,27.63178782999104],"axes":[240.69219423428237,240.69219423428237],"angle":90.0},"model_confidence":0.3540515148782064,"model_id":1,"model_birth_timestamp":246252.306372,"theta":2.3858346957087235,"phi":-2.22632426803624,"method":"3d c++","id":1}
772086,772085,1,246883.020437,27,125,{"topic":"pupil.1","circle_3d":{"center":[-11.788584950125596,-0.4871633468529719,55.29033769195264],"normal":[-0.41873626278826603,0.7269245144734486,-0.5442799761920855],"radius":2.4031604540846847},"confidence":0.9948731288575343,"timestamp":246883.020437,"diameter_3d":4.806320908169369,"ellipse":{"center":[27.89963557860048,114.0658731426019],"axes":[24.514455204294922,54.78192509466576],"angle":-54.93873892391272},"norm_pos":[0.0871863611831265,0.5247255285724921],"diameter":54.78192509466576,"sphere":{"center":[-6.763749796666403,-9.210257520534356,61.82169740625766],"radius":12.0},"projected_sphere":{"center":[92.16742584119508,27.63178782999104],"axes":[240.69219423428237,240.69219423428237],"angle":90.0},"model_confidence":0.35334981843707647,"model_id":1,"model_birth_timestamp":246252.306372,"theta":2.3846290641658148,"phi":-2.2265604653481224,"method":"3d c++","id":1}
772095,772090,1,246883.028837,28,125,{"topic":"pupil.1","circle_3d":{"center":[-11.775957779010396,-0.4846503109232003,55.28399521318485],"normal":[-0.4176839985286661,0.7271339341342629,-0.5448085160894006],"radius":2.3919361140399227},"confidence":0.9944583188605112,"timestamp":246883.028837,"diameter_3d":4.783872228079845,"ellipse":{"center":[28.025150077074215,114.09718411539166],"axes":[24.445430590861285,54.531319262944386],"angle":-54.99877887861692},"norm_pos":[0.08757859399085692,0.524595066185868],"diameter":54.531319262944386,"sphere":{"center":[-6.763749796666403,-9.210257520534356,61.82169740625766],"radius":12.0},"projected_sphere":{"center":[92.16742584119508,27.63178782999104],"axes":[240.69219423428237,240.69219423428237],"angle":90.0},"model_confidence":0.35236314247194533,"model_id":1,"model_birth_timestamp":246252.306372,"theta":2.3849340709778026,"phi":-2.224876125918018,"method":"3d c++","id":1}
772103,772101,1,246883.037237,27,125,{"topic":"pupil.1","circle_3d":{"center":[-11.786069525008605,-0.4801707588607069,55.29775000610527],"normal":[-0.41852664402851686,0.7275072301394707,-0.5436622833460331],"radius":2.4064560654990657},"confidence":0.9943267806219439,"timestamp":246883.037237,"diameter_3d":4.812912130998131,"ellipse":{"center":[27.945239345998488,114.14409168324136],"axes":[24.511589035328935,54.84939251613579],"angle":-54.98093770756273},"norm_pos":[0.08732887295624528,0.5243996179864944],"diameter":54.84939251613579,"sphere":{"center":[-6.763749796666403,-9.210257520534356,61.82169740625766],"radius":12.0},"projected_sphere":{"center":[92.16742584119508,27.63178782999104],"axes":[240.69219423428237,240.69219423428237],"angle":90.0},"model_confidence":0.35124694791434097,"model_id":1,"model_birth_timestamp":246252.306372,"theta":2.3854779980973166,"phi":-2.2268672827446427,"method":"3d c++","id":1}
772112,772106,1,246883.045637,27,125,{"topic":"pupil.1","circle_3d":{"center":[-11.799329438568183,-0.49043031661261693,55.294251412317095],"normal":[-0.41963163682514826,0.7266522669934783,-0.5439538328283803],"radius":2.4060932433335953},"confidence":0.9944389746280263,"timestamp":246883.045637,"diameter_3d":4.812186486667191,"ellipse":{"center":[27.788902042386866,114.02894290308771],"axes":[24.513093653665795,54.845587311604504],"angle":-54.882504200700424},"norm_pos":[0.08684031888245895,0.5248794045704679],"diameter":54.845587311604504,"sphere":{"center":[-6.763749796666403,-9.210257520534356,61.82169740625766],"radius":12.0},"projected_sphere":{"center":[92.16742584119508,27.63178782999104],"axes":[240.69219423428237,240.69219423428237],"angle":90.0},"model_confidence":0.35013805961293665,"model_id":1,"model_birth_timestamp":246252.306372,"theta":2.3842326996697865,"phi":-2.2278829128426625,"method":"3d c++","id":1}
772119,772118,1,246883.054037,27,125,{"topic":"pupil.1","circle_3d":{"center":[-11.794717624688932,-0.49162160911420116,55.289105994153495],"normal":[-0.4192473190018774,0.7265529926183463,-0.5443826176753472],"radius":2.407452406014374},"confidence":0.9946431778499659,"timestamp":246883.054037,"diameter_3d":4.814904812028748,"ellipse":{"center":[27.828561492371477,114.01413369129266],"axes":[24.55872445203586,54.881574748646635],"angle":-54.894506131408406},"norm_pos":[0.08696425466366087,0.5249411096196139],"diameter":54.881574748646635,"sphere":{"center":[-6.763749796666403,-9.210257520534356,61.82169740625766],"radius":12.0},"projected_sphere":{"center":[92.16742584119508,27.63178782999104],"axes":[240.69219423428237,240.69219423428237],"angle":90.0},"model_confidence":0.34905303644200414,"model_id":1,"model_birth_timestamp":246252.306372,"theta":2.3840882076711405,"phi":-2.2270588814280243,"method":"3d c++","id":1}
772130,772129,1,246883.062437,27,126,{"topic":"pupil.1","circle_3d":{"center":[-11.79903174903909,-0.49404681827160246,55.289193548327674],"normal":[-0.41960682936439053,0.7263508918552294,-0.5443753214941656],"radius":2.4176990529949536},"confidence":0.9945844484640569,"timestamp":246883.062437,"diameter_3d":4.835398105989907,"ellipse":{"center":[27.78134037124218,113.98300861015827],"axes":[24.65873403733048,55.11569033498346],"angle":-54.86666723318041},"norm_pos":[0.08681668866013181,0.5250707974576738],"diameter":55.11569033498346,"sphere":{"center":[-6.763749796666403,-9.210257520534356,61.82169740625766],"radius":12.0},"projected_sphere":{"center":[92.16742584119508,27.63178782999104],"axes":[240.69219423428237,240.69219423428237],"angle":90.0},"model_confidence":0.3481012310557974,"model_id":1,"model_birth_timestamp":246252.306372,"theta":2.3837941219791325,"phi":-2.227479765957596,"method":"3d c++","id":1}
772139,772135,1,246883.070837,27,126,{"topic":"pupil.1","circle_3d":{"center":[-11.796929532517485,-0.4941314983512939,55.287460732242764],"normal":[-0.41943164465425686,0.7263438351819218,-0.5445197228345751],"radius":2.3989649499104275},"confidence":0.9935599364107918,"timestamp":246883.070837,"diameter_3d":4.797929899820855,"ellipse":{"center":[27.799361886443876,113.9891094338034],"axes":[24.478363410044487,54.68965197322868],"angle":-54.87441074843045},"norm_pos":[0.0868730058951371,0.5250453773591525],"diameter":54.68965197322868,"sphere":{"center":[-6.763749796666403,-9.210257520534356,61.82169740625766],"radius":12.0},"projected_sphere":{"center":[92.16742584119508,27.63178782999104],"axes":[240.69219423428237,240.69219423428237],"angle":90.0},"model_confidence":0.3468923512350397,"model_id":1,"model_birth_timestamp":246252.306372,"theta":2.3837838551555204,"phi":-2.2271496398263246,"method":"3d c++","id":1}
772147,772146,1,246883.079237,27,126,{"topic":"pupil.1","circle_3d":{"center":[-11.794477337031218,-0.4996487863483523,55.278221579562995],"normal":[-0.4192272950304012,0.7258840611821669,-0.5452896522245559],"radius":2.401085878794789},"confidence":0.9938464611508978,"timestamp":246883.079237,"diameter_3d":4.802171757589578,"ellipse":{"center":[27.805411716129242,113.92487681387543],"axes":[24.551128157110846,54.74735277900086],"angle":-54.85797076433306},"norm_pos":[0.08689191161290388,0.525313013275519],"diameter":54.74735277900086,"sphere":{"center":[-6.763749796666403,-9.210257520534356,61.82169740625766],"radius":12.0},"projected_sphere":{"center":[92.16742584119508,27.63178782999104],"axes":[240.69219423428237,240.69219423428237],"angle":90.0},"model_confidence":0.34559950607988554,"model_id":1,"model_birth_timestamp":246252.306372,"theta":2.383115165269264,"phi":-2.2262311892067443,"method":"3d c++","id":1}
772154,772151,1,246883.087637,27,126,{"topic":"pupil.1","circle_3d":{"center":[-11.800185020228028,-0.4970801381163241,55.28603675553637],"normal":[-0.4197029352968021,0.7260981152015027,-0.5446383875601073],"radius":2.4058703961720727},"confidence":0.9942585144856477,"timestamp":246883.087637,"diameter_3d":4.811740792344145,"ellipse":{"center":[27.76019049754092,113.95317704472252],"axes":[24.553263717280267,54.84897199376777],"angle":-54.848183176966415},"norm_pos":[0.08675059530481537,0.5251950956469895],"diameter":54.84897199376777,"sphere":{"center":[-6.763749796666403,-9.210257520534356,61.82169740625766],"radius":12.0},"projected_sphere":{"center":[92.16742584119508,27.63178782999104],"axes":[240.69219423428237,240.69219423428237],"angle":90.0},"model_confidence":0.3443428561796247,"model_id":1,"model_birth_timestamp":246252.306372,"theta":2.383426424167772,"phi":-2.2273568991022428,"method":"3d c++","id":1}
772163,772162,1,246883.096037,27,126,{"topic":"pupil.1","circle_3d":{"center":[-11.812044546027675,-0.5098131086385287,55.278228360019106],"normal":[-0.42069122911343937,0.7250370343246522,-0.5452890871865463],"radius":2.4225188000699873},"confidence":0.9944925101694087,"timestamp":246883.096037,"diameter_3d":4.845037600139975,"ellipse":{"center":[27.610734243926686,113.80281307082424],"axes":[24.75313070327932,55.23790920164825],"angle":-54.74338386091986},"norm_pos":[0.0862835445122709,0.525821612204899],"diameter":55.23790920164825,"sphere":{"center":[-6.763749796666403,-9.210257520534356,61.82169740625766],"radius":12.0},"projected_sphere":{"center":[92.16742584119508,27.63178782999104],"axes":[240.69219423428237,240.69219423428237],"angle":90.0},"model_confidence":0.34319243058652527,"model_id":1,"model_birth_timestamp":246252.306372,"theta":2.381884493037185,"phi":-2.227916843734514,"method":"3d c++","id":1}
772170,772168,1,246883.104437,27,126,{"topic":"pupil.1","circle_3d":{"center":[-11.817160469960214,-0.4941312946619636,55.30309447451687],"normal":[-0.4211175561078176,0.7263438521560327,-0.5432169109783995],"radius":2.4175904236595507},"confidence":0.9940410366983559,"timestamp":246883.104437,"diameter_3d":4.835180847319101,"ellipse":{"center":[27.611151727085996,113.98472593190505],"axes":[24.56581445762231,55.100129271456346],"angle":-54.79732351630307},"norm_pos":[0.08628484914714374,0.5250636419503956],"diameter":55.100129271456346,"sphere":{"center":[-6.763749796666403,-9.210257520534356,61.82169740625766],"radius":12.0},"projected_sphere":{"center":[92.16742584119508,27.63178782999104],"axes":[240.69219423428237,240.69219423428237],"angle":90.0},"model_confidence":0.34200116273314096,"model_id":1,"model_birth_timestamp":246252.306372,"theta":2.383783879851188,"phi":-2.2302495098117823,"method":"3d c++","id":1}
772179,772173,1,246883.112837,27,126,{"topic":"pupil.1","circle_3d":{"center":[-11.813425705582514,-0.4974850345368722,55.29572094122521],"normal":[-0.42080632574300925,0.7260643738331236,-0.5438313720860378],"radius":2.446852193588474},"confidence":0.9954289389926676,"timestamp":246883.112837,"diameter_3d":4.893704387176948,"ellipse":{"center":[27.63796317414875,113.93425205776785],"axes":[24.907256420362163,55.77541824264284],"angle":-54.79562924216421},"norm_pos":[0.08636863491921484,0.5252739497593006],"diameter":55.77541824264284,"sphere":{"center":[-6.763749796666403,-9.210257520534356,61.82169740625766],"radius":12.0},"projected_sphere":{"center":[92.16742584119508,27.63178782999104],"axes":[240.69219423428237,240.69219423428237],"angle":90.0},"model_confidence":0.34124932472147096,"model_id":1,"model_birth_timestamp":246252.306372,"theta":2.383377353587926,"phi":-2.2293443022332906,"method":"3d c++","id":1}
772187,772185,1,246883.121237,27,126,{"topic":"pupil.1","circle_3d":{"center":[-11.815996404464183,-0.49633954684900417,55.29924098540829],"normal":[-0.4210205506498151,0.726159831140446,-0.5435380350707808],"radius":2.417824140824305},"confidence":0.9940769000285498,"timestamp":246883.121237,"diameter_3d":4.83564828164861,"ellipse":{"center":[27.615193426056237,113.9592351031514],"axes":[24.589764331568993,55.109349599477305],"angle":-54.79141871659132},"norm_pos":[0.08629747945642574,0.5251698537368692],"diameter":55.109349599477305,"sphere":{"center":[-6.763749796666403,-9.210257520534356,61.82169740625766],"radius":12.0},"projected_sphere":{"center":[92.16742584119508,27.63178782999104],"axes":[240.69219423428237,240.69219423428237],"angle":90.0},"model_confidence":0.3401059049258581,"model_id":1,"model_birth_timestamp":246252.306372,"theta":2.3835161851662994,"phi":-2.229851831834308,"method":"3d c++","id":1}
772196,772191,1,246883.129637,27,126,{"topic":"pupil.1","circle_3d":{"center":[-11.811538466958574,-0.4979175067825423,55.29368384738318],"normal":[-0.4206490558576808,0.7260283344793177,-0.5440011299062069],"radius":2.4145849865549254},"confidence":0.9943938340970111,"timestamp":246883.129637,"diameter_3d":4.829169973109851,"ellipse":{"center":[27.65180301987604,113.94183078416302],"axes":[24.590593191141853,55.04082749621043],"angle":-54.80100308828503},"norm_pos":[0.08641188443711263,0.5252423717326541],"diameter":55.04082749621043,"sphere":{"center":[-6.763749796666403,-9.210257520534356,61.82169740625766],"radius":12.0},"projected_sphere":{"center":[92.16742584119508,27.63178782999104],"axes":[240.69219423428237,240.69219423428237],"angle":90.0},"model_confidence":0.3390325048329812,"model_id":1,"model_birth_timestamp":246252.306372,"theta":2.38332494382129,"phi":-2.2290123550109904,"method":"3d c++","id":1}
772202,772202,1,246883.138037,27,125,{"topic":"pupil.1","circle_3d":{"center":[-11.818313741094801,-0.492824323525344,55.30573686406822],"normal":[-0.4212136620356998,0.7264527664174176,-0.5429967118491199],"radius":2.4112848117782857},"confidence":0.9937758325913377,"timestamp":246883.138037,"diameter_3d":4.822569623556571,"ellipse":{"center":[27.603943394023986,114.00230480114324],"axes":[24.48646910777671,54.95358195868492],"angle":-54.799098012145436},"norm_pos":[0.08626232310632495,0.5249903966619032],"diameter":54.95358195868492,"sphere":{"center":[-6.763749796666403,-9.210257520534356,61.82169740625766],"radius":12.0},"projected_sphere":{"center":[92.16742584119508,27.63178782999104],"axes":[240.69219423428237,240.69219423428237],"angle":90.0},"model_confidence":0.3377350797675205,"model_id":1,"model_birth_timestamp":246252.306372,"theta":2.3839423526992807,"phi":-2.2305563531940384,"method":"3d c++","id":1}
772215,772212,1,246883.146437,27,126,{"topic":"pupil.1","circle_3d":{"center":[-11.817317824223144,-0.5026224892468978,55.29187793304466],"normal":[-0.4211306689630617,0.7256362526072881,-0.5441516227677504],"radius":2.400828195998294},"confidence":0.9938312897783087,"timestamp":246883.146437,"diameter_3d":4.801656391996588,"ellipse":{"center":[27.581951510794482,113.8943183781036],"axes":[24.45385305680501,54.72903705396084],"angle":-54.75713283714953},"norm_pos":[0.08619359847123276,0.525440340091235],"diameter":54.72903705396084,"sphere":{"center":[-6.763749796666403,-9.210257520534356,61.82169740625766],"radius":12.0},"projected_sphere":{"center":[92.16742584119508,27.63178782999104],"axes":[240.69219423428237,240.69219423428237],"angle":90.0},"model_confidence":0.33667038409361805,"model_id":1,"model_birth_timestamp":246252.306372,"theta":2.3827549510558006,"phi":-2.229432277044952,"method":"3d c++","id":1}
772224,772218,1,246883.154837,27,126,{"topic":"pupil.1","circle_3d":{"center":[-11.816623442809119,-0.49574249347416455,55.30052452407929],"normal":[-0.42107280384522633,0.7262095855883492,-0.5434310735148642],"radius":2.415245659764225},"confidence":0.9940639995661203,"timestamp":246883.154837,"diameter_3d":4.83049131952845,"ellipse":{"center":[27.610981160932937,113.96716394458392],"axes":[24.556054221715243,55.04921919421386],"angle":-54.79184640203073},"norm_pos":[0.08628431612791543,0.525136816897567],"diameter":55.04921919421386,"sphere":{"center":[-6.763749796666403,-9.210257520534356,61.82169740625766],"radius":12.0},"projected_sphere":{"center":[92.16742584119508,27.63178782999104],"axes":[240.69219423428237,240.69219423428237],"angle":90.0},"model_confidence":0.3356996437132054,"model_id":1,"model_birth_timestamp":246252.306372,"theta":2.383588555309207,"phi":-2.230007197784965,"method":"3d c++","id":1}
772231,772230,1,246883.163237,27,126,{"topic":"pupil.1","circle_3d":{"center":[-11.809189489413296,-0.4993229255409126,55.28999343343399],"normal":[-0.4204533077289077,0.7259112162494537,-0.5443086644019727],"radius":2.392333243697472},"confidence":0.9941387136764165,"timestamp":246883.163237,"diameter_3d":4.784666487394944,"ellipse":{"center":[27.667742527790068,113.93416072382658],"axes":[24.385062169648503,54.53649905363618],"angle":-54.80351671942111},"norm_pos":[0.08646169539934397,0.5252743303173892],"diameter":54.53649905363618,"sphere":{"center":[-6.763749796666403,-9.210257520534356,61.82169740625766],"radius":12.0},"projected_sphere":{"center":[92.16742584119508,27.63178782999104],"axes":[240.69219423428237,240.69219423428237],"angle":90.0},"model_confidence":0.33484035019860636,"model_id":1,"model_birth_timestamp":246252.306372,"theta":2.3831546461632156,"phi":-2.2285136925834466,"method":"3d c++","id":1}
772239,772235,1,246883.171637,27,126,{"topic":"pupil.1","circle_3d":{"center":[-11.837331915677114,-0.502898679276047,55.30704726283357],"normal":[-0.42279850991755924,0.7256132367715258,-0.5428875119520077],"radius":2.415588000200305},"confidence":0.9948549521089285,"timestamp":246883.171637,"diameter_3d":4.83117600040061,"ellipse":{"center":[27.394862520757613,113.88831184974538],"axes":[24.50424950613602,55.05171830940119],"angle":-54.67986217370492},"norm_pos":[0.08560894537736755,0.5254653672927276],"diameter":55.05171830940119,"sphere":{"center":[-6.763749796666403,-9.210257520534356,61.82169740625766],"radius":12.0},"projected_sphere":{"center":[92.16742584119508,27.63178782999104],"axes":[240.69219423428237,240.69219423428237],"angle":90.0},"model_confidence":0.33411077294132063,"model_id":1,"model_birth_timestamp":246252.306372,"theta":2.3827215022128665,"phi":-2.232473484046354,"method":"3d c++","id":1}
772247,772247,1,246883.180037,27,126,{"topic":"pupil.1","circle_3d":{"center":[-11.818528179696198,-0.5013000908204344,55.29457890067763],"normal":[-0.4212315319191497,0.7257464524761601,-0.5439265421316697],"radius":2.3900296171475865},"confidence":0.9940040159572656,"timestamp":246883.180037,"diameter_3d":4.780059234295173,"ellipse":{"center":[27.57389956958076,113.91382486303483],"axes":[24.328237492198255,54.47986890508787],"angle":-54.758795427712386},"norm_pos":[0.08616843615493988,0.5253590630706881],"diameter":54.47986890508787,"sphere":{"center":[-6.763749796666403,-9.210257520534356,61.82169740625766],"radius":12.0},"projected_sphere":{"center":[92.16742584119508,27.63178782999104],"axes":[240.69219423428237,240.69219423428237],"angle":90.0},"model_confidence":0.3331264916242582,"model_id":1,"model_birth_timestamp":246252.306372,"theta":2.3829151205370303,"phi":-2.2297484619617336,"method":"3d c++","id":1}
772254,772252,1,246883.188437,27,126,{"topic":"pupil.1","circle_3d":{"center":[-11.837344656695784,-0.5031785552073398,55.306683124781124],"normal":[-0.42279957166911514,0.7255899137772513,-0.5429178567897115],"radius":2.3830826111805643},"confidence":0.993903710298152,"timestamp":246883.188437,"diameter_3d":4.766165222361129,"ellipse":{"center":[27.391378359605625,113.89780740534444],"axes":[24.175540213615253,54.31026860231809],"angle":-54.678724087183525},"norm_pos":[0.08559805737376758,0.5254258024777315],"diameter":54.31026860231809,"sphere":{"center":[-6.763749796666403,-9.210257520534356,61.82169740625766],"radius":12.0},"projected_sphere":{"center":[92.16742584119508,27.63178782999104],"axes":[240.69219423428237,240.69219423428237],"angle":90.0},"model_confidence":0.332120025797622,"model_id":1,"model_birth_timestamp":246252.306372,"theta":2.382687608180912,"phi":-2.2324476059479355,"method":"3d c++","id":1}
772263,772257,1,246883.196837,27,125,{"topic":"pupil.1","circle_3d":{"center":[-11.842819994545957,-0.4943516452437464,55.32277205677977],"normal":[-0.42325584982329617,0.7263254896075507,-0.5415771124564914],"radius":2.373795955637615},"confidence":0.9939512925171717,"timestamp":246883.196837,"diameter_3d":4.74759191127523,"ellipse":{"center":[27.36709938698138,114.00300265447316],"axes":[23.992140583460028,54.08245771470558],"angle":-54.69939803561428},"norm_pos":[0.08552218558431682,0.5249874889396952],"diameter":54.08245771470558,"sphere":{"center":[-6.763749796666403,-9.210257520534356,61.82169740625766],"radius":12.0},"projected_sphere":{"center":[92.16742584119508,27.63178782999104],"axes":[240.69219423428237,240.69219423428237],"angle":90.0},"model_confidence":0.33117569084177845,"model_id":1,"model_birth_timestamp":246252.306372,"theta":2.3837571645195843,"phi":-2.2341698341937253,"method":"3d c++","id":1}
772270,772269,1,246883.205237,27,125,{"topic":"pupil.1","circle_3d":{"center":[-11.827072437303563,-0.49384171167397284,55.31117828073012],"normal":[-0.42194355338643014,0.7263679840716986,-0.5425432604606286],"radius":2.353077900541965},"confidence":0.9933092745155382,"timestamp":246883.205237,"diameter_3d":4.70615580108393,"ellipse":{"center":[27.51438659732696,114.01452122442336],"axes":[23.857294391592188,53.620379913699495],"angle":-54.76151328639074},"norm_pos":[0.08598245811664676,0.524939494898236],"diameter":53.620379913699495,"sphere":{"center":[-6.763749796666403,-9.210257520534356,61.82169740625766],"radius":12.0},"projected_sphere":{"center":[92.16742584119508,27.63178782999104],"axes":[240.69219423428237,240.69219423428237],"angle":90.0},"model_confidence":0.3300835765959742,"model_id":1,"model_birth_timestamp":246252.306372,"theta":2.38381899007517,"phi":-2.231799829598787,"method":"3d c++","id":1}
772278,772275,1,246883.213637,27,125,{"topic":"pupil.1","circle_3d":{"center":[-11.813091394389872,-0.4832544552578213,55.31450393071435],"normal":[-0.42077846647695566,0.7272502554397111,-0.5422661229619423],"radius":2.3410418805189632},"confidence":0.9934956320174112,"timestamp":246883.213637,"diameter_3d":4.6820837610379265,"ellipse":{"center":[27.677463929953603,114.1380116903177],"axes":[23.731518002689096,53.34152726485003],"angle":-54.864109698796426},"norm_pos":[0.08649207478110502,0.5244249512903429],"diameter":53.34152726485003,"sphere":{"center":[-6.763749796666403,-9.210257520534356,61.82169740625766],"radius":12.0},"projected_sphere":{"center":[92.16742584119508,27.63178782999104],"axes":[240.69219423428237,240.69219423428237],"angle":90.0},"model_confidence":0.3289563072658708,"model_id":1,"model_birth_timestamp":246252.306372,"theta":2.3851035283523987,"phi":-2.2307077764036936,"method":"3d c++","id":1}
772287,772286,1,246883.222037,27,125,{"topic":"pupil.1","circle_3d":{"center":[-11.831260286557264,-0.49097841822169386,55.318274509750026],"normal":[-0.42229254082423845,0.7266065918593885,-0.5419519080423031],"radius":2.3408485116530304},"confidence":0.9935194011133408,"timestamp":246883.222037,"diameter_3d":4.681697023306061,"ellipse":{"center":[27.48326645364628,114.05247521570075],"axes":[23.692580253621113,53.334544551097174],"angle":-54.75911986602571},"norm_pos":[0.08588520766764463,0.5247813532679135],"diameter":53.334544551097174,"sphere":{"center":[-6.763749796666403,-9.210257520534356,61.82169740625766],"radius":12.0},"projected_sphere":{"center":[92.16742584119508,27.63178782999104],"axes":[240.69219423428237,240.69219423428237],"angle":90.0},"model_confidence":0.32782173699784645,"model_id":1,"model_birth_timestamp":246252.306372,"theta":2.384166217622903,"phi":-2.232729188248596,"method":"3d c++","id":1}
772299,772297,1,246883.230437,27,125,{"topic":"pupil.1","circle_3d":{"center":[-11.822027520884685,-0.4891699499162563,55.31351347751935],"normal":[-0.4215231436848569,0.7267572975515083,-0.5423486607281923],"radius":2.3386114896302446},"confidence":0.9938666919094196,"timestamp":246883.230437,"diameter_3d":4.677222979260489,"ellipse":{"center":[27.575132036753303,114.07266549735095],"axes":[23.70321161867537,53.28764428688205],"angle":-54.802575814953144},"norm_pos":[0.08617228761485407,0.524697227094371],"diameter":53.28764428688205,"sphere":{"center":[-6.763749796666403,-9.210257520534356,61.82169740625766],"radius":12.0},"projected_sphere":{"center":[92.16742584119508,27.63178782999104],"axes":[240.69219423428237,240.69219423428237],"angle":90.0},"model_confidence":0.3267753597195888,"model_id":1,"model_birth_timestamp":246252.306372,"theta":2.384385593729613,"phi":-2.231490619034919,"method":"3d c++","id":1}
772307,772302,1,246883.238837,27,125,{"topic":"pupil.1","circle_3d":{"center":[-11.820938740098557,-0.49097889097607705,55.31024440630782],"normal":[-0.42143241195267944,0.72660655246319,-0.5426210833291539],"radius":2.32175891214278},"confidence":0.993257349269444,"timestamp":246883.238837,"diameter_3d":4.64351782428556,"ellipse":{"center":[27.57842052461109,114.05825109740928],"axes":[23.54964028956324,52.906301294362684],"angle":-54.79836185636927},"norm_pos":[0.08618256413940965,0.5247572870941279],"diameter":52.906301294362684,"sphere":{"center":[-6.763749796666403,-9.210257520534356,61.82169740625766],"radius":12.0},"projected_sphere":{"center":[92.16742584119508,27.63178782999104],"axes":[240.69219423428237,240.69219423428237],"angle":90.0},"model_confidence":0.3257645289098332,"model_id":1,"model_birth_timestamp":246252.306372,"theta":2.384166160282124,"phi":-2.2311430261726737,"method":"3d c++","id":1}
772314,772313,1,246883.247237,27,125,{"topic":"pupil.1","circle_3d":{"center":[-11.810738643773302,-0.4775112364493701,55.32038631425641],"normal":[-0.4205824039255749,0.7277288570070821,-0.5417759243334375],"radius":2.301505437085156},"confidence":0.9925530637325791,"timestamp":246883.247237,"diameter_3d":4.603010874170312,"ellipse":{"center":[27.714599528370087,114.21815892082424],"axes":[23.30238580885706,52.43361053192503],"angle":-54.90011668181825},"norm_pos":[0.08660812352615652,0.5240910044965656],"diameter":52.43361053192503,"sphere":{"center":[-6.763749796666403,-9.210257520534356,61.82169740625766],"radius":12.0},"projected_sphere":{"center":[92.16742584119508,27.63178782999104],"axes":[240.69219423428237,240.69219423428237],"angle":90.0},"model_confidence":0.32456710535760935,"model_id":1,"model_birth_timestamp":246252.306372,"theta":2.3858010775834955,"phi":-2.230920086735252,"method":"3d c++","id":1}
772322,772319,1,246883.255637,27,125,{"topic":"pupil.1","circle_3d":{"center":[-11.810568339495786,-0.47371885335154396,55.32535114758478],"normal":[-0.4205682119024486,0.728044888931901,-0.5413621882227396],"radius":2.293279640658383},"confidence":0.9921337343193084,"timestamp":246883.255637,"diameter_3d":4.586559281316766,"ellipse":{"center":[27.727501564885614,114.26447459304919],"axes":[23.194158182507504,52.241118187988945],"angle":-54.91851357649941},"norm_pos":[0.08664844239026755,0.5238980225289618],"diameter":52.241118187988945,"sphere":{"center":[-6.763749796666403,-9.210257520534356,61.82169740625766],"radius":12.0},"projected_sphere":{"center":[92.16742584119508,27.63178782999104],"axes":[240.69219423428237,240.69219423428237],"angle":90.0},"model_confidence":0.3233163201066369,"model_id":1,"model_birth_timestamp":246252.306372,"theta":2.386261968951062,"phi":-2.2312738257631013,"method":"3d c++","id":1}
772331,772330,1,246883.264037,27,125,{"topic":"pupil.1","circle_3d":{"center":[-11.793341847019185,-0.469774681959759,55.317301696000555],"normal":[-0.41913267086273187,0.7283735698812164,-0.542032975854759],"radius":2.2935696419645217},"confidence":0.9931669550789645,"timestamp":246883.264037,"diameter_3d":4.5871392839290435,"ellipse":{"center":[27.901209828293446,114.30702483894824],"axes":[23.25385774044911,52.25447996175762],"angle":-55.002428869235274},"norm_pos":[0.08719128071341702,0.5237207298377157],"diameter":52.25447996175762,"sphere":{"center":[-6.763749796666403,-9.210257520534356,61.82169740625766],"radius":12.0},"projected_sphere":{"center":[92.16742584119508,27.63178782999104],"axes":[240.69219423428237,240.69219423428237],"angle":90.0},"model_confidence":0.32222369310834775,"model_id":1,"model_birth_timestamp":246252.306372,"theta":2.386741546714921,"phi":-2.2290186944756276,"method":"3d c++","id":1}
772343,772342,1,246883.272437,27,125,{"topic":"pupil.1","circle_3d":{"center":[-11.80416410011368,-0.4665665732849007,55.33000330775055],"normal":[-0.42003452528727303,0.728640912270788,-0.5409745082089258],"radius":2.257670121979719},"confidence":0.9912162099733419,"timestamp":246883.272437,"diameter_3d":4.515340243959438,"ellipse":{"center":[27.807391585086236,114.35835279263392],"axes":[22.81618454684396,51.42405978981025],"angle":-54.97643092269465},"norm_pos":[0.08689809870339449,0.5235068633640253],"diameter":51.42405978981025,"sphere":{"center":[-6.763749796666403,-9.210257520534356,61.82169740625766],"radius":12.0},"projected_sphere":{"center":[92.16742584119508,27.63178782999104],"axes":[240.69219423428237,240.69219423428237],"angle":90.0},"model_confidence":0.3206072071727517,"model_id":1,"model_birth_timestamp":246252.306372,"theta":2.3871318058795845,"phi":-2.231005737398168,"method":"3d c++","id":1}
772349,772347,1,246883.280837,27,125,{"topic":"pupil.1","circle_3d":{"center":[-11.812069830189943,-0.46905111420989876,55.33280109015296],"normal":[-0.4206933361269617,0.7284338671937047,-0.5407413596753918],"radius":2.2784745688573467},"confidence":0.9923203382218239,"timestamp":246883.280837,"diameter_3d":4.556949137714693,"ellipse":{"center":[27.727067416344624,114.32341595727837],"axes":[23.00552837127317,51.896314150502924],"angle":-54.934682504733075},"norm_pos":[0.08664708567607696,0.5236524335113402],"diameter":51.896314150502924,"sphere":{"center":[-6.763749796666403,-9.210257520534356,61.82169740625766],"radius":12.0},"projected_sphere":{"center":[92.16742584119508,27.63178782999104],"axes":[240.69219423428237,240.69219423428237],"angle":90.0},"model_confidence":0.3194140926890521,"model_id":1,"model_birth_timestamp":246252.306372,"theta":2.3868295529516774,"phi":-2.231973977367045,"method":"3d c++","id":1}
772355,772352,1,246883.289237,27,125,{"topic":"pupil.1","circle_3d":{"center":[-11.806367891043292,-0.4741601417939627,55.321496998314224],"normal":[-0.4202181745314074,0.7280081148950328,-0.5416833673286198],"radius":2.26637881391038},"confidence":0.9925498676621897,"timestamp":246883.289237,"diameter_3d":4.53275762782076,"ellipse":{"center":[27.763520698141406,114.2688418188549],"axes":[22.944499047704152,51.631003652757876],"angle":-54.932587004166294},"norm_pos":[0.08676100218169189,0.5238798257547712],"diameter":51.631003652757876,"sphere":{"center":[-6.763749796666403,-9.210257520534356,61.82169740625766],"radius":12.0},"projected_sphere":{"center":[92.16742584119508,27.63178782999104],"axes":[240.69219423428237,240.69219423428237],"angle":90.0},"model_confidence":0.3183498249323291,"model_id":1,"model_birth_timestamp":246252.306372,"theta":2.3862083272162966,"phi":-2.2305832080071677,"method":"3d c++","id":1}
772363,772359,1,246883.297637,27,125,{"topic":"pupil.1","circle_3d":{"center":[-11.816208623662144,-0.4727401203071757,55.33105418064126],"normal":[-0.42103823558297837,0.7281264500189316,-0.5408869354680335],"radius":2.2547947743298473},"confidence":0.9919774427250583,"timestamp":246883.297637,"diameter_3d":4.509589548659695,"ellipse":{"center":[27.67508255665632,114.290615848387],"axes":[22.770625939936874,51.35823721862357],"angle":-54.901916932682354},"norm_pos":[0.086484632989551,0.5237891006317208],"diameter":51.35823721862357,"sphere":{"center":[-6.763749796666403,-9.210257520534356,61.82169740625766],"radius":12.0},"projected_sphere":{"center":[92.16742584119508,27.63178782999104],"axes":[240.69219423428237,240.69219423428237],"angle":90.0},"model_confidence":0.31711495687823943,"model_id":1,"model_birth_timestamp":246252.306372,"theta":2.3863809517891297,"phi":-2.232240707606164,"method":"3d c++","id":1}
772371,772370,1,246883.306037,27,125,{"topic":"pupil.1","circle_3d":{"center":[-11.823910877891212,-0.47332631134776726,55.336267360532155],"normal":[-0.42168009010206736,0.7280776007655491,-0.5404525038104588],"radius":2.248702026943827},"confidence":0.9923247587988279,"timestamp":246883.306037,"diameter_3d":4.497404053887654,"ellipse":{"center":[27.600795549766985,114.28719139787415],"axes":[22.676146705594768,51.21479088522447],"angle":-54.870020028602},"norm_pos":[0.08625248609302183,0.5238033691755244],"diameter":51.21479088522447,"sphere":{"center":[-6.763749796666403,-9.210257520534356,61.82169740625766],"radius":12.0},"projected_sphere":{"center":[92.16742584119508,27.63178782999104],"axes":[240.69219423428237,240.69219423428237],"angle":90.0},"model_confidence":0.31594082782029353,"model_id":1,"model_birth_timestamp":246252.306372,"theta":2.386309687779367,"phi":-2.233368862339269,"method":"3d c++","id":1}
772383,772381,1,246883.314437,27,125,{"topic":"pupil.1","circle_3d":{"center":[-11.806994507941175,-0.4565503239866615,55.34571924853445],"normal":[-0.420270392606231,0.7294755997123079,-0.5396648464769345],"radius":2.253418394106593},"confidence":0.9913385931726133,"timestamp":246883.314437,"diameter_3d":4.506836788213186,"ellipse":{"center":[27.812163680613736,114.47447359028766],"axes":[22.693055629153857,51.312223620810485],"angle":-55.012382327842204},"norm_pos":[0.08691301150191792,0.5230230267071347],"diameter":51.312223620810485,"sphere":{"center":[-6.763749796666403,-9.210257520534356,61.82169740625766],"radius":12.0},"projected_sphere":{"center":[92.16742584119508,27.63178782999104],"axes":[240.69219423428237,240.69219423428237],"angle":90.0},"model_confidence":0.3144690801203609,"model_id":1,"model_birth_timestamp":246252.306372,"theta":2.3883513042486957,"phi":-2.232452354126024,"method":"3d c++","id":1}
772391,772386,1,246883.322837,27,125,{"topic":"pupil.1","circle_3d":{"center":[-11.823077962802781,-0.46096696262126535,55.35229919308884],"normal":[-0.42161068051136485,0.7291075464927576,-0.5391165177640685],"radius":2.233362997581651},"confidence":0.9913106179992516,"timestamp":246883.322837,"diameter_3d":4.466725995163302,"ellipse":{"center":[27.646517509617752,114.43354343927774],"axes":[22.443652928837594,50.84975422201925],"angle":-54.93093534646576},"norm_pos":[0.08639536721755547,0.5231935690030094],"diameter":50.84975422201925,"sphere":{"center":[-6.763749796666403,-9.210257520534356,61.82169740625766],"radius":12.0},"projected_sphere":{"center":[92.16742584119508,27.63178782999104],"axes":[240.69219423428237,240.69219423428237],"angle":90.0},"model_confidence":0.31305446793600256,"model_id":1,"model_birth_timestamp":246252.306372,"theta":2.3878133743988945,"phi":-2.2344897064229956,"method":"3d c++","id":1}
772399,772398,1,246883.331237,27,125,{"topic":"pupil.1","circle_3d":{"center":[-11.835828925614068,-0.4688087132592802,55.35168302764283],"normal":[-0.42267326074563877,0.728454067272923,-0.5391678648845694],"radius":2.234163126390341},"confidence":0.9922548212086765,"timestamp":246883.331237,"diameter_3d":4.468326252780682,"ellipse":{"center":[27.50272136486555,114.34556868896968],"axes":[22.442911663918863,50.86937075849347],"angle":-54.84610691363531},"norm_pos":[0.08594600426520485,0.5235601304626263],"diameter":50.86937075849347,"sphere":{"center":[-6.763749796666403,-9.210257520534356,61.82169740625766],"radius":12.0},"projected_sphere":{"center":[92.16742584119508,27.63178782999104],"axes":[240.69219423428237,240.69219423428237],"angle":90.0},"model_confidence":0.31207008187564833,"model_id":1,"model_birth_timestamp":246252.306372,"theta":2.3868590375823717,"phi":-2.235665291476199,"method":"3d c++","id":1}
772407,772404,1,246883.339637,27,125,{"topic":"pupil.1","circle_3d":{"center":[-11.831865491450056,-0.4610979656073386,55.35900366550862],"normal":[-0.42234297456530445,0.7290966295772514,-0.5385578117290871],"radius":2.2335042353389074},"confidence":0.9922808162701435,"timestamp":246883.339637,"diameter_3d":4.467008470677815,"ellipse":{"center":[27.56406538912651,114.43315939192397],"axes":[22.40424376037087,50.847160181329095],"angle":-54.89707620708543},"norm_pos":[0.08613770434102035,0.5231951692003168],"diameter":50.847160181329095,"sphere":{"center":[-6.763749796666403,-9.210257520534356,61.82169740625766],"radius":12.0},"projected_sphere":{"center":[92.16742584119508,27.63178782999104],"axes":[240.69219423428237,240.69219423428237],"angle":90.0},"model_confidence":0.31103112453193527,"model_id":1,"model_birth_timestamp":246252.306372,"theta":2.387797423439752,"phi":-2.2358354254446033,"method":"3d c++","id":1}
772415,772410,1,246883.348037,27,125,{"topic":"pupil.1","circle_3d":{"center":[-11.832940329816925,-0.4558481038973685,55.366960920194515],"normal":[-0.4224325444292101,0.7295341180530822,-0.5378947071719288],"radius":2.234423293735476},"confidence":0.9921677066040896,"timestamp":246883.348037,"diameter_3d":4.468846587470952,"ellipse":{"center":[27.570734400300466,114.4927870569635],"axes":[22.373676168447012,50.86062602112632],"angle":-54.91749476913478},"norm_pos":[0.08615854500093896,0.5229467205959855],"diameter":50.86062602112632,"sphere":{"center":[-6.763749796666403,-9.210257520534356,61.82169740625766],"radius":12.0},"projected_sphere":{"center":[92.16742584119508,27.63178782999104],"axes":[240.69219423428237,240.69219423428237],"angle":90.0},"model_confidence":0.3099111207782612,"model_id":1,"model_birth_timestamp":246252.306372,"theta":2.3884368604269928,"phi":-2.236536764643748,"method":"3d c++","id":1}
772425,772420,1,246883.356437,27,125,{"topic":"pupil.1","circle_3d":{"center":[-11.847960678415172,-0.45831176951814534,55.37543916746698],"normal":[-0.42368424014573075,0.7293288125846842,-0.53718818656589],"radius":2.248122000620605},"confidence":0.9930443460448756,"timestamp":246883.356437,"diameter_3d":4.49624400124121,"ellipse":{"center":[27.423806502403977,114.46175371346357],"axes":[22.45557889291138,51.16566695757804],"angle":-54.84923811726853},"norm_pos":[0.08569939532001243,0.5230760261939018],"diameter":51.16566695757804,"sphere":{"center":[-6.763749796666403,-9.210257520534356,61.82169740625766],"radius":12.0},"projected_sphere":{"center":[92.16742584119508,27.63178782999104],"axes":[240.69219423428237,240.69219423428237],"angle":90.0},"model_confidence":0.30909360531755636,"model_id":1,"model_birth_timestamp":246252.306372,"theta":2.388136729878872,"phi":-2.238613440885142,"method":"3d c++","id":1}
772430,772426,1,246883.364837,27,125,{"topic":"pupil.1","circle_3d":{"center":[-11.840863323056258,-0.4573528435429104,55.371148750860165],"normal":[-0.42309279386582116,0.7294087230826204,-0.5375457212831248],"radius":2.203135980927516},"confidence":0.9904290835690921,"timestamp":246883.364837,"diameter_3d":4.406271961855032,"ellipse":{"center":[27.48994574867328,114.48788712970892],"axes":[22.032329028420097,50.14418428813529],"angle":-54.88075272666299},"norm_pos":[0.08590608046460399,0.5229671369595461],"diameter":50.14418428813529,"sphere":{"center":[-6.763749796666403,-9.210257520534356,61.82169740625766],"radius":12.0},"projected_sphere":{"center":[92.16742584119508,27.63178782999104],"axes":[240.69219423428237,240.69219423428237],"angle":90.0},"model_confidence":0.3075112594676521,"model_id":1,"model_birth_timestamp":246252.306372,"theta":2.388253537471892,"phi":-2.237610922488804,"method":"3d c++","id":1}
772440,772437,1,246883.373237,27,125,{"topic":"pupil.1","circle_3d":{"center":[-11.84971239144187,-0.45290912017333085,55.38416422348967],"normal":[-0.42383021623128897,0.7297790333634186,-0.5364610985639994],"radius":2.221389092379476},"confidence":0.9915017717680207,"timestamp":246883.373237,"diameter_3d":4.442778184758952,"ellipse":{"center":[27.422850987019274,114.53314861708832],"axes":[22.144069117827446,50.548401069442164],"angle":-54.868015506706115},"norm_pos":[0.08569640933443523,0.5227785474287987],"diameter":50.548401069442164,"sphere":{"center":[-6.763749796666403,-9.210257520534356,61.82169740625766],"radius":12.0},"projected_sphere":{"center":[92.16742584119508,27.63178782999104],"axes":[240.69219423428237,240.69219423428237],"angle":90.0},"model_confidence":0.3060989601208486,"model_id":1,"model_birth_timestamp":246252.306372,"theta":2.3887950212660662,"phi":-2.239439676375185,"method":"3d c++","id":1}
772447,772443,1,246883.381637,27,125,{"topic":"pupil.1","circle_3d":{"center":[-11.85976505076723,-0.4565513460013655,55.38716115724059],"normal":[-0.4246679378417357,0.7294755145444158,-0.5362113540847558],"radius":2.2263952731206182},"confidence":0.9921536536033239,"timestamp":246883.381637,"diameter_3d":4.4527905462412365,"ellipse":{"center":[27.317995468051095,114.49119998916981],"axes":[22.17026280433578,50.66024400032258],"angle":-54.81316024710685},"norm_pos":[0.08536873583765967,0.5229533333784591],"diameter":50.66024400032258,"sphere":{"center":[-6.763749796666403,-9.210257520534356,61.82169740625766],"radius":12.0},"projected_sphere":{"center":[92.16742584119508,27.63178782999104],"axes":[240.69219423428237,240.69219423428237],"angle":90.0},"model_confidence":0.30517468819801774,"model_id":1,"model_birth_timestamp":246252.306372,"theta":2.388351179735486,"phi":-2.2406270207725014,"method":"3d c++","id":1}
772458,772455,1,246883.390037,27,125,{"topic":"pupil.1","circle_3d":{"center":[-11.86717684954727,-0.4607411378900679,55.38733687969693],"normal":[-0.4252855877400723,0.7291263652203572,-0.5361967105467278],"radius":2.1903113635009226},"confidence":0.990582060260621,"timestamp":246883.390037,"diameter_3d":4.380622727001845,"ellipse":{"center":[27.233243256042726,114.45727529393523],"axes":[21.80257655134387,49.8385037833682],"angle":-54.76596494604479},"norm_pos":[0.08510388517513352,0.5230946862752699],"diameter":49.8385037833682,"sphere":{"center":[-6.763749796666403,-9.210257520534356,61.82169740625766],"radius":12.0},"projected_sphere":{"center":[92.16742584119508,27.63178782999104],"axes":[240.69219423428237,240.69219423428237],"angle":90.0},"model_confidence":0.3038339556629799,"model_id":1,"model_birth_timestamp":246252.306372,"theta":2.3878408715158277,"phi":-2.2413477964930064,"method":"3d c++","id":1}
772466,772466,1,246883.398437,27,125,{"topic":"pupil.1","circle_3d":{"center":[-11.866986762450399,-0.4543439829433318,55.395893908383954],"normal":[-0.4252697471486662,0.7296594614659186,-0.5354836248228093],"radius":2.2004597798549823},"confidence":0.9911841065231526,"timestamp":246883.398437,"diameter_3d":4.400919559709965,"ellipse":{"center":[27.256108027052136,114.52651258708329],"axes":[21.862958504363352,50.06169429474237],"angle":-54.79649513033689},"norm_pos":[0.08517533758453792,0.5228061975538196],"diameter":50.06169429474237,"sphere":{"center":[-6.763749796666403,-9.210257520534356,61.82169740625766],"radius":12.0},"projected_sphere":{"center":[92.16742584119508,27.63178782999104],"axes":[240.69219423428237,240.69219423428237],"angle":90.0},"model_confidence":0.3026802338672807,"model_id":1,"model_birth_timestamp":246252.306372,"theta":2.3886201438390593,"phi":-2.2419776691560136,"method":"3d c++","id":1}
772475,772472,1,246883.406837,27,125,{"topic":"pupil.1","circle_3d":{"center":[-11.866013457871412,-0.46517292004830324,55.38039312359188],"normal":[-0.4251886384337508,0.7287570500405043,-0.5367753568888153],"radius":2.19147344199261},"confidence":0.9903601587616604,"timestamp":246883.406837,"diameter_3d":4.38294688398522,"ellipse":{"center":[27.230021821290592,114.40623926313944],"axes":[21.84839912798946,49.87136130157324],"angle":-54.74962077652128},"norm_pos":[0.0850938181915331,0.5233073364035856],"diameter":49.87136130157324,"sphere":{"center":[-6.763749796666403,-9.210257520534356,61.82169740625766],"radius":12.0},"projected_sphere":{"center":[92.16742584119508,27.63178782999104],"axes":[240.69219423428237,240.69219423428237],"angle":90.0},"model_confidence":0.3013493895596686,"model_id":1,"model_birth_timestamp":246252.306372,"theta":2.387301391132561,"phi":-2.2407117615749463,"method":"3d c++","id":1}
772483,772483,1,246883.415237,27,125,{"topic":"pupil.1","circle_3d":{"center":[-11.874819701674024,-0.45570367027645986,55.40026833563327],"normal":[-0.4259224920839685,0.729546154188158,-0.5351190892186993],"radius":2.18678978614419},"confidence":0.9901573088180193,"timestamp":246883.415237,"diameter_3d":4.37357957228838,"ellipse":{"center":[27.178034441890276,114.5168701899645],"axes":[21.69889749334026,49.74675106419872],"angle":-54.7608439977586},"norm_pos":[0.08493135763090712,0.5228463742084812],"diameter":49.74675106419872,"sphere":{"center":[-6.763749796666403,-9.210257520534356,61.82169740625766],"radius":12.0},"projected_sphere":{"center":[92.16742584119508,27.63178782999104],"axes":[240.69219423428237,240.69219423428237],"angle":90.0},"model_confidence":0.29993037347091356,"model_id":1,"model_birth_timestamp":246252.306372,"theta":2.3884544587108305,"phi":-2.2430565277236716,"method":"3d c++","id":1}
772491,772488,1,246883.423637,27,125,{"topic":"pupil.1","circle_3d":{"center":[-11.867803739280593,-0.45171922430782097,55.40012125515444],"normal":[-0.4253378285511826,0.7298781913522112,-0.5351313459252688],"radius":2.194909597453763},"confidence":0.991179797795604,"timestamp":246883.423637,"diameter_3d":4.389819194907526,"ellipse":{"center":[27.256530376681155,114.55845967194492],"axes":[21.786734901429785,49.93139310505634],"angle":-54.805717238720774},"norm_pos":[0.08517665742712861,0.5226730847002294],"diameter":49.93139310505634,"sphere":{"center":[-6.763749796666403,-9.210257520534356,61.82169740625766],"radius":12.0},"projected_sphere":{"center":[92.16742584119508,27.63178782999104],"axes":[240.69219423428237,240.69219423428237],"angle":90.0},"model_confidence":0.2989018285227685,"model_id":1,"model_birth_timestamp":246252.306372,"theta":2.388940067513117,"phi":-2.242376161083557,"method":"3d c++","id":1}
772499,772494,1,246883.432037,27,124,{"topic":"pupil.1","circle_3d":{"center":[-11.864955970606042,-0.41177054108102595,55.4526847321181],"normal":[-0.42510051449496994,0.7332072482877774,-0.5307510561782967],"radius":2.1762599342998468},"confidence":0.9901706131397066,"timestamp":246883.432037,"diameter_3d":4.3525198685996935,"ellipse":{"center":[27.410214981930267,115.01899669838747],"axes":[21.354872964456998,49.4580330731422],"angle":-55.00272236185714},"norm_pos":[0.08565692181853209,0.5207541804233855],"diameter":49.4580330731422,"sphere":{"center":[-6.763749796666403,-9.210257520534356,61.82169740625766],"radius":12.0},"projected_sphere":{"center":[92.16742584119508,27.63178782999104],"axes":[240.69219423428237,240.69219423428237],"angle":90.0},"model_confidence":0.2974764259090379,"model_id":1,"model_birth_timestamp":246252.306372,"theta":2.393822867626331,"phi":-2.2461110534026707,"method":"3d c++","id":1}
772508,772506,1,246883.440437,27,124,{"topic":"pupil.1","circle_3d":{"center":[-11.857758001293325,-0.4042706286855058,55.45729049973606],"normal":[-0.42450068371891014,0.7338322409874041,-0.5303672422101334],"radius":2.1734231355307667},"confidence":0.9906756549903907,"timestamp":246883.440437,"diameter_3d":4.346846271061533,"ellipse":{"center":[27.501072532314936,115.10431477611192],"axes":[21.31167495515201,49.38882089652056],"angle":-55.06461410071404},"norm_pos":[0.08594085166348417,0.5203986884328671],"diameter":49.38882089652056,"sphere":{"center":[-6.763749796666403,-9.210257520534356,61.82169740625766],"radius":12.0},"projected_sphere":{"center":[92.16742584119508,27.63178782999104],"axes":[240.69219423428237,240.69219423428237],"angle":90.0},"model_confidence":0.29611522794368295,"model_id":1,"model_birth_timestamp":246252.306372,"theta":2.394742423449692,"phi":-2.245775082359903,"method":"3d c++","id":1}
772514,772510,1,246883.448837,27,124,{"topic":"pupil.1","circle_3d":{"center":[-11.868681342287474,-0.40386095323808746,55.4666164930013],"normal":[-0.42541096213508917,0.7338663806080223,-0.5295900761046973],"radius":2.18435988126185},"confidence":0.9907751474457029,"timestamp":246883.448837,"diameter_3d":4.3687197625237,"ellipse":{"center":[27.40179253791794,115.10651500070128],"axes":[21.365047561708582,49.62968159592388],"angle":-55.025528314325385},"norm_pos":[0.08563060168099357,0.5203895208304113],"diameter":49.62968159592388,"sphere":{"center":[-6.763749796666403,-9.210257520534356,61.82169740625766],"radius":12.0},"projected_sphere":{"center":[92.16742584119508,27.63178782999104],"axes":[240.69219423428237,240.69219423428237],"angle":90.0},"model_confidence":0.2950684637822776,"model_id":1,"model_birth_timestamp":246252.306372,"theta":2.3947926796000285,"phi":-2.2475361898875246,"method":"3d c++","id":1}
772523,772522,1,246883.457237,27,125,{"topic":"pupil.1","circle_3d":{"center":[-11.859708060082564,-0.4178810122054504,55.44005774913924],"normal":[-0.42466318861801344,0.7326980423607421,-0.5318033047598686],"radius":2.1701279257261774},"confidence":0.9909252651421513,"timestamp":246883.457237,"diameter_3d":4.340255851452355,"ellipse":{"center":[27.438796207631896,114.95102273399849],"axes":[21.35885087713884,49.32979653437729],"angle":-54.99399350566398},"norm_pos":[0.08574623814884967,0.5210374052750063],"diameter":49.32979653437729,"sphere":{"center":[-6.763749796666403,-9.210257520534356,61.82169740625766],"radius":12.0},"projected_sphere":{"center":[92.16742584119508,27.63178782999104],"axes":[240.69219423428237,240.69219423428237],"angle":90.0},"model_confidence":0.2937962073387035,"model_id":1,"model_birth_timestamp":246252.306372,"theta":2.393074343147185,"phi":-2.2446429205350182,"method":"3d c++","id":1}
772531,772527,1,246883.465637,27,124,{"topic":"pupil.1","circle_3d":{"center":[-11.874377284814939,-0.41313426264255426,55.458356376355226],"normal":[-0.425885624012378,0.7330936048243167,-0.530278419158536],"radius":2.1825993162388677},"confidence":0.9907196220839133,"timestamp":246883.465637,"diameter_3d":4.365198632477735,"ellipse":{"center":[27.31884482978836,115.00246741181812],"axes":[21.381822606602995,49.59760247099862],"angle":-54.96106476910731},"norm_pos":[0.08537139009308863,0.5208230524507578],"diameter":49.59760247099862,"sphere":{"center":[-6.763749796666403,-9.210257520534356,61.82169740625766],"radius":12.0},"projected_sphere":{"center":[92.16742584119508,27.63178782999104],"axes":[240.69219423428237,240.69219423428237],"angle":90.0},"model_confidence":0.29255199350654015,"model_id":1,"model_birth_timestamp":246252.306372,"theta":2.3936557612284743,"phi":-2.247446467228031,"method":"3d c++","id":1}
772539,772533,1,246883.474037,27,124,{"topic":"pupil.1","circle_3d":{"center":[-11.87307357053316,-0.4029469395868084,55.47141466416426],"normal":[-0.42577698115556306,0.7339425484122957,-0.5291902285077836],"radius":2.1763181099585323},"confidence":0.9912070690072388,"timestamp":246883.474037,"diameter_3d":4.3526362199170645,"ellipse":{"center":[27.3635536548326,115.12022673361413],"axes":[21.2595976702616,49.442608251269974],"angle":-55.0133962997771},"norm_pos":[0.08551110517135188,0.5203323886099411],"diameter":49.442608251269974,"sphere":{"center":[-6.763749796666403,-9.210257520534356,61.82169740625766],"radius":12.0},"projected_sphere":{"center":[92.16742584119508,27.63178782999104],"axes":[240.69219423428237,240.69219423428237],"angle":90.0},"model_confidence":0.2915754301203277,"model_id":1,"model_birth_timestamp":246252.306372,"theta":2.394904814309122,"phi":-2.2483249893397197,"method":"3d c++","id":1}
772551,772550,1,246883.482437,27,125,{"topic":"pupil.1","circle_3d":{"center":[-11.87862379523083,-0.4167147660449473,55.456819575240296],"normal":[-0.42623949988036897,0.732795229540784,-0.5304064859181141],"radius":2.173085864456452},"confidence":0.9906473465931965,"timestamp":246883.482437,"diameter_3d":4.346171728912904,"ellipse":{"center":[27.2672943312715,114.96560634347816],"axes":[21.291864661942196,49.38283710413996],"angle":-54.9285650414177},"norm_pos":[0.08521029478522343,0.5209766402355076],"diameter":49.38283710413996,"sphere":{"center":[-6.763749796666403,-9.210257520534356,61.82169740625766],"radius":12.0},"projected_sphere":{"center":[92.16742584119508,27.63178782999104],"axes":[240.69219423428237,240.69219423428237],"angle":90.0},"model_confidence":0.2902851619888902,"model_id":1,"model_birth_timestamp":246252.306372,"theta":2.3932171601320653,"phi":-2.2477340928324003,"method":"3d c++","id":1}
772558,772556,1,246883.490837,26,125,{"topic":"pupil.1","circle_3d":{"center":[-11.942982123260148,-0.41653387619270177,55.50933041961051],"normal":[-0.4316026938828121,0.7328103036951378,-0.5260305822205963],"radius":2.2762457951425743},"confidence":0.3984437738967272,"timestamp":246883.490837,"diameter_3d":4.552491590285149,"ellipse":{"center":[26.67987587013775,114.93957232715621],"axes":[21.985036957089836,51.683538910178],"angle":-54.68969245337942},"norm_pos":[0.08337461209418047,0.5210851153035158],"diameter":51.683538910178,"sphere":{"center":[-6.763749796666403,-9.210257520534356,61.82169740625766],"radius":12.0},"projected_sphere":{"center":[92.16742584119508,27.63178782999104],"axes":[240.69219423428237,240.69219423428237],"angle":90.0},"model_confidence":0.28859480197980236,"model_id":1,"model_birth_timestamp":246252.306372,"theta":2.3932393136353096,"phi":-2.2579067408918707,"method":"3d c++","id":1}
772567,772562,1,246883.499237,27,124,{"topic":"pupil.1","circle_3d":{"center":[-11.85953727132966,-0.4075068982518193,55.45423861212562],"normal":[-0.4246489562219381,0.733562551856878,-0.5306215661776702],"radius":2.1536965022838648},"confidence":0.9901465684296737,"timestamp":246883.499237,"diameter_3d":4.3073930045677296,"ellipse":{"center":[27.472857942525536,115.07456664861091],"axes":[21.130534757490175,48.942933084762174],"angle":-55.04300540619846},"norm_pos":[0.0858526810703923,0.5205226389641212],"diameter":48.942933084762174,"sphere":{"center":[-6.763749796666403,-9.210257520534356,61.82169740625766],"radius":12.0},"projected_sphere":{"center":[92.16742584119508,27.63178782999104],"axes":[240.69219423428237,240.69219423428237],"angle":90.0},"model_confidence":0.28714120199648807,"model_id":1,"model_birth_timestamp":246252.306372,"theta":2.3943455161363367,"phi":-2.245711572337638,"method":"3d c++","id":1}
772575,772572,1,246883.507637,26,124,{"topic":"pupil.1","circle_3d":{"center":[-11.92610496482466,-0.4078476167711802,55.5076124366107],"normal":[-0.43019626401318806,0.7335341586469313,-0.5261737474705802],"radius":2.273243161750927},"confidence":0.3988718086362637,"timestamp":246883.507637,"diameter_3d":4.546486323501854,"ellipse":{"center":[26.863618339443832,115.03711574694073],"axes":[21.98031617283557,51.6158750144495],"angle":-54.792659865807195},"norm_pos":[0.08394880731076197,0.5206786843877469],"diameter":51.6158750144495,"sphere":{"center":[-6.763749796666403,-9.210257520534356,61.82169740625766],"radius":12.0},"projected_sphere":{"center":[92.16742584119508,27.63178782999104],"axes":[240.69219423428237,240.69219423428237],"angle":90.0},"model_confidence":0.28553879801754833,"model_id":1,"model_birth_timestamp":246252.306372,"theta":2.394303739130479,"phi":-2.2561733597934577,"method":"3d c++","id":1}
772583,772578,1,246883.516037,27,124,{"topic":"pupil.1","circle_3d":{"center":[-11.846306028395336,-0.3834126452156852,55.477059378885734],"normal":[-0.4235463526440777,0.7355704062765558,-0.5287198356143272],"radius":2.161119303585768},"confidence":0.9907813022145986,"timestamp":246883.516037,"diameter_3d":4.322238607171536,"ellipse":{"center":[27.674185306855037,115.3440620213454],"axes":[21.108146179421947,49.09015745655782],"angle":-55.20455636190914},"norm_pos":[0.08648182908392199,0.5193997415777275],"diameter":49.09015745655782,"sphere":{"center":[-6.763749796666403,-9.210257520534356,61.82169740625766],"radius":12.0},"projected_sphere":{"center":[92.16742584119508,27.63178782999104],"axes":[240.69219423428237,240.69219423428237],"angle":90.0},"model_confidence":0.28437250486993415,"model_id":1,"model_birth_timestamp":246252.306372,"theta":2.3973046156992956,"phi":-2.2461948443990734,"method":"3d c++","id":1}
772592,772590,1,246883.524437,27,124,{"topic":"pupil.1","circle_3d":{"center":[-11.852723753722202,-0.38740540302431725,55.47665015844646],"normal":[-0.42408116308798327,0.7352376764591699,-0.5287539373175999],"radius":2.1547921165342547},"confidence":0.9900324046203153,"timestamp":246883.524437,"diameter_3d":4.3095842330685095,"ellipse":{"center":[27.601305996752217,115.30166688325946],"axes":[21.04244007847747,48.94702983110515],"angle":-55.161974351555415},"norm_pos":[0.08625408123985068,0.5195763879864189],"diameter":48.94702983110515,"sphere":{"center":[-6.763749796666403,-9.210257520534356,61.82169740625766],"radius":12.0},"projected_sphere":{"center":[92.16742584119508,27.63178782999104],"axes":[240.69219423428237,240.69219423428237],"angle":90.0},"model_confidence":0.28304540768238073,"model_id":1,"model_birth_timestamp":246252.306372,"theta":2.396813594959962,"phi":-2.24677919211445,"method":"3d c++","id":1}
772598,772595,1,246883.532837,27,124,{"topic":"pupil.1","circle_3d":{"center":[-11.855574222726617,-0.39944643380457023,55.462221641060026],"normal":[-0.42431870217168455,0.7342342572274821,-0.5299563137664696],"radius":2.1594649712219285},"confidence":0.9911880107032266,"timestamp":246883.532837,"diameter_3d":4.318929942443857,"ellipse":{"center":[27.536082808212257,115.16367028390584],"axes":[21.15331712567635,49.066640646747466],"angle":-55.095315512878244},"norm_pos":[0.0860502587756633,0.520151373817059],"diameter":49.066640646747466,"sphere":{"center":[-6.763749796666403,-9.210257520534356,61.82169740625766],"radius":12.0},"projected_sphere":{"center":[92.16742584119508,27.63178782999104],"axes":[240.69219423428237,240.69219423428237],"angle":90.0},"model_confidence":0.2819044143318905,"model_id":1,"model_birth_timestamp":246252.306372,"theta":2.3953343955539714,"phi":-2.2459440398402317,"method":"3d c++","id":1}
772608,772606,1,246883.541237,27,124,{"topic":"pupil.1","circle_3d":{"center":[-11.851723361772205,-0.4073729122479772,55.44817816066192],"normal":[-0.42399779709215013,0.7335737173571982,-0.5311266037996453],"radius":2.1827475958373426},"confidence":0.9921695850044785,"timestamp":246883.541237,"diameter_3d":4.365495191674685,"ellipse":{"center":[27.547642342044753,115.06508439666945],"axes":[21.451975567298664,49.609002964067734],"angle":-55.07278194968268},"norm_pos":[0.08608638231888985,0.5205621483472107],"diameter":49.609002964067734,"sphere":{"center":[-6.763749796666403,-9.210257520534356,61.82169740625766],"radius":12.0},"projected_sphere":{"center":[92.16742584119508,27.63178782999104],"axes":[240.69219423428237,240.69219423428237],"angle":90.0},"model_confidence":0.28124200631309826,"model_id":1,"model_birth_timestamp":246252.306372,"theta":2.394361945269432,"phi":-2.244499167404013,"method":"3d c++","id":1}
772615,772611,1,246883.549637,27,124,{"topic":"pupil.1","circle_3d":{"center":[-11.842552629855266,-0.4025956414553047,55.44746380484247],"normal":[-0.4232335694324052,0.7339718232565876,-0.5311861334512659],"radius":2.143868495730044},"confidence":0.9901762590319014,"timestamp":246883.549637,"diameter_3d":4.287736991460088,"ellipse":{"center":[27.645810038970893,115.13168054834746],"axes":[21.080494938455136,48.72447414142778],"angle":-55.12968401836346},"norm_pos":[0.08639315637178405,0.5202846643818856],"diameter":48.72447414142778,"sphere":{"center":[-6.763749796666403,-9.210257520534356,61.82169740625766],"radius":12.0},"projected_sphere":{"center":[92.16742584119508,27.63178782999104],"axes":[240.69219423428237,240.69219423428237],"angle":90.0},"model_confidence":0.28007671849966664,"model_id":1,"model_birth_timestamp":246252.306372,"theta":2.3949479165294405,"phi":-2.2435651048717,"method":"3d c++","id":1}
772624,772623,1,246883.558037,27,124,{"topic":"pupil.1","circle_3d":{"center":[-11.837748731643982,-0.39666971658081174,55.45183046652903],"normal":[-0.422833244581465,0.734465650329462,-0.5308222449773857],"radius":2.1667857643885977},"confidence":0.9916981929557873,"timestamp":246883.558037,"diameter_3d":4.333571528777195,"ellipse":{"center":[27.71101123108781,115.19053798452629],"axes":[21.29003409362107,49.24161938202575],"angle":-55.17514952116284},"norm_pos":[0.0865969100971494,0.5200394250644738],"diameter":49.24161938202575,"sphere":{"center":[-6.763749796666403,-9.210257520534356,61.82169740625766],"radius":12.0},"projected_sphere":{"center":[92.16742584119508,27.63178782999104],"axes":[240.69219423428237,240.69219423428237],"angle":90.0},"model_confidence":0.279103419321447,"model_id":1,"model_birth_timestamp":246252.306372,"theta":2.395675295633991,"phi":-2.243437887879711,"method":"3d c++","id":1}
772635,772634,1,246883.566437,27,124,{"topic":"pupil.1","circle_3d":{"center":[-11.837974470770915,-0.389297525737625,55.46222347149666],"normal":[-0.42285205617537597,0.7350799995663941,-0.529956161230084],"radius":2.143776305136457},"confidence":0.990241800152014,"timestamp":246883.566437,"diameter_3d":4.287552610272914,"ellipse":{"center":[27.73135148783527,115.28220633511029],"axes":[21.014838711250576,48.70871614059113],"angle":-55.208658168477825},"norm_pos":[0.08666047339948521,0.5196574736037072],"diameter":48.70871614059113,"sphere":{"center":[-6.763749796666403,-9.210257520534356,61.82169740625766],"radius":12.0},"projected_sphere":{"center":[92.16742584119508,27.63178782999104],"axes":[240.69219423428237,240.69219423428237],"angle":90.0},"model_confidence":0.27784003356126075,"model_id":1,"model_birth_timestamp":246252.306372,"theta":2.396580997109559,"phi":-2.2442555093538354,"method":"3d c++","id":1}
772644,772640,1,246883.574837,27,124,{"topic":"pupil.1","circle_3d":{"center":[-11.825294361298255,-0.3910079148500749,55.44975868928279],"normal":[-0.4217953803859877,0.7349374671403568,-0.5309948930812395],"radius":2.157453909477306},"confidence":0.9919604206851839,"timestamp":246883.574837,"diameter_3d":4.314907818954612,"ellipse":{"center":[27.844480664429938,115.25658728780076],"axes":[21.218923035699795,49.030447539328975],"angle":-55.24840190820717},"norm_pos":[0.08701400207634355,0.5197642196341635],"diameter":49.030447539328975,"sphere":{"center":[-6.763749796666403,-9.210257520534356,61.82169740625766],"radius":12.0},"projected_sphere":{"center":[92.16742584119508,27.63178782999104],"axes":[240.69219423428237,240.69219423428237],"angle":90.0},"model_confidence":0.27708242057807864,"model_id":1,"model_birth_timestamp":246252.306372,"theta":2.3963707901610447,"phi":-2.2420821626748184,"method":"3d c++","id":1}
772651,772646,1,246883.583237,27,124,{"topic":"pupil.1","circle_3d":{"center":[-11.826163651735353,-0.3908849763713924,55.45061948433029],"normal":[-0.4218678212557459,0.7349477120135803,-0.5309231601606145],"radius":2.2472486138486785},"confidence":0.39334339297818804,"timestamp":246883.583237,"diameter_3d":4.494497227697357,"ellipse":{"center":[27.842456798607373,115.22649181836077],"axes":[22.099063578051844,51.07281497929083],"angle":-55.24515663327617},"norm_pos":[0.08700767749564804,0.5198896174234968],"diameter":51.07281497929083,"sphere":{"center":[-6.763749796666403,-9.210257520534356,61.82169740625766],"radius":12.0},"projected_sphere":{"center":[92.16742584119508,27.63178782999104],"axes":[240.69219423428237,240.69219423428237],"angle":90.0},"model_confidence":0.27576030882492386,"model_id":1,"model_birth_timestamp":246252.306372,"theta":2.3963858977116996,"phi":-2.2422316047612316,"method":"3d c++","id":1}
772659,772656,1,246883.591637,27,124,{"topic":"pupil.1","circle_3d":{"center":[-11.842292277554268,-0.38885017033192426,55.466291940702234],"normal":[-0.42321187340732214,0.735117279183536,-0.5296171221296192],"radius":2.148622843916875},"confidence":0.9908657209672604,"timestamp":246883.591637,"diameter_3d":4.29724568783375,"ellipse":{"center":[27.693011868718543,115.28613880284746],"axes":[21.039634970483586,48.81551951057812],"angle":-55.19447042441223},"norm_pos":[0.08654066208974545,0.5196410883214689],"diameter":48.81551951057812,"sphere":{"center":[-6.763749796666403,-9.210257520534356,61.82169740625766],"radius":12.0},"projected_sphere":{"center":[92.16742584119508,27.63178782999104],"axes":[240.69219423428237,240.69219423428237],"angle":90.0},"model_confidence":0.27480999348556967,"model_id":1,"model_birth_timestamp":246252.306372,"theta":2.3966359850260806,"phi":-2.2449822912805626,"method":"3d c++","id":1}
772667,772667,1,246883.600037,27,124,{"topic":"pupil.1","circle_3d":{"center":[-11.83992032514001,-0.3853649553526406,55.46923615262876],"normal":[-0.423014210706134,0.7354077137651429,-0.5293717711357419],"radius":2.147501272727883},"confidence":0.9915605742813944,"timestamp":246883.600037,"diameter_3d":4.295002545455766,"ellipse":{"center":[27.72626526205346,115.32581305309975],"axes":[21.016986715129534,48.78719380918145],"angle":-55.21956793693937},"norm_pos":[0.08664457894391706,0.5194757789454176],"diameter":48.78719380918145,"sphere":{"center":[-6.763749796666403,-9.210257520534356,61.82169740625766],"radius":12.0},"projected_sphere":{"center":[92.16742584119508,27.63178782999104],"axes":[240.69219423428237,240.69219423428237],"angle":90.0},"model_confidence":0.2739233322572199,"model_id":1,"model_birth_timestamp":246252.306372,"theta":2.39706449212,"phi":-2.2449804407852048,"method":"3d c++","id":1}
772676,772673,1,246883.608437,27,124,{"topic":"pupil.1","circle_3d":{"center":[-11.83823161670052,-0.3801708353602393,55.475107503762466],"normal":[-0.42287348500284316,0.735840557097843,-0.5288824918745999],"radius":2.151328853359375},"confidence":0.9915262076723842,"timestamp":246883.608437,"diameter_3d":4.30265770671875,"ellipse":{"center":[27.759034586096618,115.38326917470035],"axes":[21.02857912021793,48.86880535866313],"angle":-55.249990353541335},"norm_pos":[0.08674698308155193,0.5192363784387486],"diameter":48.86880535866313,"sphere":{"center":[-6.763749796666403,-9.210257520534356,61.82169740625766],"radius":12.0},"projected_sphere":{"center":[92.16742584119508,27.63178782999104],"axes":[240.69219423428237,240.69219423428237],"angle":90.0},"model_confidence":0.27312141877351426,"model_id":1,"model_birth_timestamp":246252.306372,"theta":2.397703479120389,"phi":-2.245269149195454,"method":"3d c++","id":1}
772683,772679,1,246883.616837,27,124,{"topic":"pupil.1","circle_3d":{"center":[-11.846793275884655,-0.38174953699601133,55.479764280390086],"normal":[-0.42358695660152107,0.7357089986281953,-0.5284944271556314],"radius":2.1582828716670432},"confidence":0.9918371123850875,"timestamp":246883.616837,"diameter_3d":4.3165657433340865,"ellipse":{"center":[27.674898926453096,115.36397275920591],"axes":[21.067272428480464,49.02321631551692],"angle":-55.21046129091826},"norm_pos":[0.08648405914516592,0.5193167801699754],"diameter":49.02321631551692,"sphere":{"center":[-6.763749796666403,-9.210257520534356,61.82169740625766],"radius":12.0},"projected_sphere":{"center":[92.16742584119508,27.63178782999104],"axes":[240.69219423428237,240.69219423428237],"angle":90.0},"model_confidence":0.2723260522205173,"model_id":1,"model_birth_timestamp":246252.306372,"theta":2.39750921840066,"phi":-2.2464497056244053,"method":"3d c++","id":1}
772692,772691,1,246883.625237,27,124,{"topic":"pupil.1","circle_3d":{"center":[-11.856374194596254,-0.3774255064446166,55.49348633578277],"normal":[-0.4243853664941543,0.7360693345074782,-0.5273509225395746],"radius":2.1377092772127897},"confidence":0.990836618293209,"timestamp":246883.625237,"diameter_3d":4.275418554425579,"ellipse":{"center":[27.598937325123813,115.42118753595182],"axes":[20.793930504704978,48.543562233555214],"angle":-55.19471655048895},"norm_pos":[0.08624667914101192,0.5190783852668674],"diameter":48.543562233555214,"sphere":{"center":[-6.763749796666403,-9.210257520534356,61.82169740625766],"radius":12.0},"projected_sphere":{"center":[92.16742584119508,27.63178782999104],"axes":[240.69219423428237,240.69219423428237],"angle":90.0},"model_confidence":0.2713651050938237,"model_id":1,"model_birth_timestamp":246252.306372,"theta":2.3980413921237713,"phi":-2.2484265749719508,"method":"3d c++","id":1}
772699,772696,1,246883.633637,27,124,{"topic":"pupil.1","circle_3d":{"center":[-11.839368390540457,-0.3807864641195877,55.475160023286236],"normal":[-0.42296821615617125,0.7357892547012307,-0.5288781152476191],"radius":2.1426471657434822},"confidence":0.9922000738422645,"timestamp":246883.633637,"diameter_3d":4.2852943314869645,"ellipse":{"center":[27.745958730850447,115.37938047931968],"axes":[20.942293193778823,48.671395168086484],"angle":-55.24291165575286},"norm_pos":[0.08670612103390765,0.519252581336168],"diameter":48.671395168086484,"sphere":{"center":[-6.763749796666403,-9.210257520534356,61.82169740625766],"radius":12.0},"projected_sphere":{"center":[92.16742584119508,27.63178782999104],"axes":[240.69219423428237,240.69219423428237],"angle":90.0},"model_confidence":0.2706938253292379,"model_id":1,"model_birth_timestamp":246252.306372,"theta":2.3976277205461893,"phi":-2.2453824398173614,"method":"3d c++","id":1}
772708,772706,1,246883.642037,27,124,{"topic":"pupil.1","circle_3d":{"center":[-11.851243386245576,-0.38438503446471195,55.479664306720125],"normal":[-0.4239577991315978,0.7354893738391369,-0.5285027582947947],"radius":2.1562461026405306},"confidence":0.9926114690142988,"timestamp":246883.642037,"diameter_3d":4.312492205281061,"ellipse":{"center":[27.624939668816523,115.33528093385388],"axes":[21.043869809131625,48.97725927724694],"angle":-55.18154168252596},"norm_pos":[0.08632793646505163,0.5194363294422755],"diameter":48.97725927724694,"sphere":{"center":[-6.763749796666403,-9.210257520534356,61.82169740625766],"radius":12.0},"projected_sphere":{"center":[92.16742584119508,27.63178782999104],"axes":[240.69219423428237,240.69219423428237],"angle":90.0},"model_confidence":0.27011645731960243,"model_id":1,"model_birth_timestamp":246252.306372,"theta":2.3971850092612716,"phi":-2.2468691038721795,"method":"3d c++","id":1}
772718,772718,1,246883.650437,27,124,{"topic":"pupil.1","circle_3d":{"center":[-11.848584111542696,-0.37802611201535186,55.486387758211485],"normal":[-0.42373619290635783,0.7360192840432502,-0.5279424706705147],"radius":2.1482005119334},"confidence":0.9918681019089804,"timestamp":246883.650437,"diameter_3d":4.2964010238668,"ellipse":{"center":[27.669798537018806,115.40989317213146],"axes":[20.93617393749624,48.788042546196465],"angle":-55.221074932940894},"norm_pos":[0.08646812042818378,0.5191254451161189],"diameter":48.788042546196465,"sphere":{"center":[-6.763749796666403,-9.210257520534356,61.82169740625766],"radius":12.0},"projected_sphere":{"center":[92.16742584119508,27.63178782999104],"axes":[240.69219423428237,240.69219423428237],"angle":90.0},"model_confidence":0.2696555639380538,"model_id":1,"model_birth_timestamp":246252.306372,"theta":2.3979674550611474,"phi":-2.2471316456425727,"method":"3d c++","id":1}
772728,772723,1,246883.658837,27,124,{"topic":"pupil.1","circle_3d":{"center":[-11.870946453509895,-0.3819116859364726,55.49897235031344],"normal":[-0.42559972140362434,0.7356954862164902,-0.5268937546620185],"radius":2.149711375321743},"confidence":0.9918985307383098,"timestamp":246883.658837,"diameter_3d":4.299422750643486,"ellipse":{"center":[27.45010545240001,115.36791848577667],"axes":[20.872451201667932,48.81230403091877],"angle":-55.11929612862073},"norm_pos":[0.08578157953875003,0.5193003396425973],"diameter":48.81230403091877,"sphere":{"center":[-6.763749796666403,-9.210257520534356,61.82169740625766],"radius":12.0},"projected_sphere":{"center":[92.16742584119508,27.63178782999104],"axes":[240.69219423428237,240.69219423428237],"angle":90.0},"model_confidence":0.2689182391266476,"model_id":1,"model_birth_timestamp":246252.306372,"theta":2.3974892681426017,"phi":-2.250246529018334,"method":"3d c++","id":1}
772734,772734,1,246883.667237,27,124,{"topic":"pupil.1","circle_3d":{"center":[-11.864845588570311,-0.3729031889541865,55.50663682539848],"normal":[-0.4250913159919924,0.7364461942983473,-0.5262550484049316],"radius":2.138573733607811},"confidence":0.9910830532862542,"timestamp":246883.667237,"diameter_3d":4.277147467215622,"ellipse":{"center":[27.535336692210592,115.47318673228622],"axes":[20.733904191802587,48.55184222319624],"angle":-55.18399290770623},"norm_pos":[0.0860479271631581,0.5188617219488074],"diameter":48.55184222319624,"sphere":{"center":[-6.763749796666403,-9.210257520534356,61.82169740625766],"radius":12.0},"projected_sphere":{"center":[92.16742584119508,27.63178782999104],"axes":[240.69219423428237,240.69219423428237],"angle":90.0},"model_confidence":0.2679225665358165,"model_id":1,"model_birth_timestamp":246252.306372,"theta":2.3985982993924977,"phi":-2.250255166240899,"method":"3d c++","id":1}
772743,772741,1,246883.675637,27,124,{"topic":"pupil.1","circle_3d":{"center":[-11.865852313345663,-0.37288430721452315,55.50747658355972],"normal":[-0.42517520972327166,0.7364477677766527,-0.5261850685581617],"radius":2.218786093290238},"confidence":0.4339985191197103,"timestamp":246883.675637,"diameter_3d":4.437572186580476,"ellipse":{"center":[27.530957229491946,115.44586062091736],"axes":[21.50835369160548,50.37431757774124],"angle":-55.179849436780756},"norm_pos":[0.08603424134216234,0.5189755807461777],"diameter":50.37431757774124,"sphere":{"center":[-6.763749796666403,-9.210257520534356,61.82169740625766],"radius":12.0},"projected_sphere":{"center":[92.16742584119508,27.63178782999104],"axes":[240.69219423428237,240.69219423428237],"angle":90.0},"model_confidence":0.26644309062588967,"model_id":1,"model_birth_timestamp":246252.306372,"theta":2.3986006253190575,"phi":-2.2504166389736735,"method":"3d c++","id":1}
772751,772750,1,246883.684037,27,124,{"topic":"pupil.1","circle_3d":{"center":[-11.871384703567983,-0.36343731941081003,55.52520330344197],"normal":[-0.4256362422417983,0.7372350167602955,-0.5247078419013079],"radius":2.142016133413353},"confidence":0.9901403861214619,"timestamp":246883.684037,"diameter_3d":4.284032266826706,"ellipse":{"center":[27.506102433781336,115.58012783357596],"axes":[20.67539460674623,48.61368833908394],"angle":-55.20346665113203},"norm_pos":[0.08595657010556668,0.5184161340267668],"diameter":48.61368833908394,"sphere":{"center":[-6.763749796666403,-9.210257520534356,61.82169740625766],"radius":12.0},"projected_sphere":{"center":[92.16742584119508,27.63178782999104],"axes":[240.69219423428237,240.69219423428237],"angle":90.0},"model_confidence":0.26508759513760305,"model_id":1,"model_birth_timestamp":246252.306372,"theta":2.3997650820356937,"phi":-2.252321555246128,"method":"3d c++","id":1}
772760,772756,1,246883.692437,27,124,{"topic":"pupil.1","circle_3d":{"center":[-11.869607575916122,-0.3863968659314949,55.49163425600183],"normal":[-0.42548814827080994,0.735321721216905,-0.527505262521319],"radius":2.133053504396041},"confidence":0.9910953643432804,"timestamp":246883.692437,"diameter_3d":4.266107008792082,"ellipse":{"center":[27.446849598616097,115.32251536056714],"axes":[20.745503225937238,48.440173821537215],"angle":-55.10355847508632},"norm_pos":[0.0857714049956753,0.5194895193309703],"diameter":48.440173821537215,"sphere":{"center":[-6.763749796666403,-9.210257520534356,61.82169740625766],"radius":12.0},"projected_sphere":{"center":[92.16742584119508,27.63178782999104],"axes":[240.69219423428237,240.69219423428237],"angle":90.0},"model_confidence":0.2641462778997128,"model_id":1,"model_birth_timestamp":246252.306372,"theta":2.3969375979804175,"phi":-2.249551483185813,"method":"3d c++","id":1}
772766,772763,1,246883.700837,27,124,{"topic":"pupil.1","circle_3d":{"center":[-11.877727039564729,-0.37358178267587583,55.51611268610194],"normal":[-0.42616477024152705,0.73638964482154,-0.5254653933463103],"radius":2.130083706257039},"confidence":0.9902706253537893,"timestamp":246883.700837,"diameter_3d":4.260167412514078,"ellipse":{"center":[27.413488625544517,115.46985540539458],"axes":[20.596379062582013,48.35112246593614],"angle":-55.132782187262535},"norm_pos":[0.08566715195482662,0.5188756024775225],"diameter":48.35112246593614,"sphere":{"center":[-6.763749796666403,-9.210257520534356,61.82169740625766],"radius":12.0},"projected_sphere":{"center":[92.16742584119508,27.63178782999104],"axes":[240.69219423428237,240.69219423428237],"angle":90.0},"model_confidence":0.2631038824672416,"model_id":1,"model_birth_timestamp":246252.306372,"theta":2.398514711471899,"phi":-2.252222850641573,"method":"3d c++","id":1}
772776,772775,1,246883.709237,27,124,{"topic":"pupil.1","circle_3d":{"center":[-11.886869739491047,-0.374604615282049,55.52210378528981],"normal":[-0.42692666190205375,0.7363044087710255,-0.5249661350806544],"radius":2.1501186673656343},"confidence":0.9917194784197136,"timestamp":246883.709237,"diameter_3d":4.300237334731269,"ellipse":{"center":[27.326862524472148,115.45255736377908],"axes":[20.754513401205685,48.80151931375562],"angle":-55.093841846290786},"norm_pos":[0.08539644538897546,0.5189476776509205],"diameter":48.80151931375562,"sphere":{"center":[-6.763749796666403,-9.210257520534356,61.82169740625766],"radius":12.0},"projected_sphere":{"center":[92.16742584119508,27.63178782999104],"axes":[240.69219423428237,240.69219423428237],"angle":90.0},"model_confidence":0.2623001701172356,"model_id":1,"model_birth_timestamp":246252.306372,"theta":2.3983887352095428,"phi":-2.2535621330278732,"method":"3d c++","id":1}
772782,772779,1,246883.717637,27,124,{"topic":"pupil.1","circle_3d":{"center":[-11.862754663018968,-0.36050626610642666,55.522328222945404],"normal":[-0.42491707219604713,0.7374792712023275,-0.5249474319426882],"radius":2.1223310566866824},"confidence":0.9903506445428064,"timestamp":246883.717637,"diameter_3d":4.244662113373365,"ellipse":{"center":[27.59435024083922,115.61899502351274],"axes":[20.505735306313646,48.16850126115067],"angle":-55.249408878304365},"norm_pos":[0.08623234450262256,0.5182541874020303],"diameter":48.16850126115067,"sphere":{"center":[-6.763749796666403,-9.210257520534356,61.82169740625766],"radius":12.0},"projected_sphere":{"center":[92.16742584119508,27.63178782999104],"axes":[240.69219423428237,240.69219423428237],"angle":90.0},"model_confidence":0.2614094290730895,"model_id":1,"model_birth_timestamp":246252.306372,"theta":2.400126670971435,"phi":-2.2512710887935414,"method":"3d c++","id":1}
772791,772790,1,246883.726037,27,124,{"topic":"pupil.1","circle_3d":{"center":[-11.875291375192484,-0.38084883499957733,55.503969574607886],"normal":[-0.4259617982105067,0.7357840571278982,-0.5264773193041479],"radius":2.1240733027825835},"confidence":0.9905476019146701,"timestamp":246883.726037,"diameter_3d":4.248146605565167,"ellipse":{"center":[27.41184629686751,115.3891632158199],"axes":[20.59618186006775,48.22528479110841],"angle":-55.108151553844294},"norm_pos":[0.08566201967771096,0.5192118199340837],"diameter":48.22528479110841,"sphere":{"center":[-6.763749796666403,-9.210257520534356,61.82169740625766],"radius":12.0},"projected_sphere":{"center":[92.16742584119508,27.63178782999104],"axes":[240.69219423428237,240.69219423428237],"angle":90.0},"model_confidence":0.2604248680570187,"model_id":1,"model_birth_timestamp":246252.306372,"theta":2.3976200456046004,"phi":-2.2510488426540793,"method":"3d c++","id":1}
772803,772801,1,246883.734437,27,124,{"topic":"pupil.1","circle_3d":{"center":[-11.897037028491482,-0.37433923305549754,55.53075866767673],"normal":[-0.42777393598542335,0.7363265239565715,-0.5242448948817445],"radius":2.1351049177665335},"confidence":0.991417452267355,"timestamp":246883.734437,"diameter_3d":4.270209835533067,"ellipse":{"center":[27.232994906100885,115.46183565414992],"axes":[20.560325649639253,48.45317551165264],"angle":-55.05733619956237},"norm_pos":[0.08510310908156526,0.5189090181077087],"diameter":48.45317551165264,"sphere":{"center":[-6.763749796666403,-9.210257520534356,61.82169740625766],"radius":12.0},"projected_sphere":{"center":[92.16742584119508,27.63178782999104],"axes":[240.69219423428237,240.69219423428237],"angle":90.0},"model_confidence":0.25960320873019693,"model_id":1,"model_birth_timestamp":246252.306372,"theta":2.398421419114739,"phi":-2.2552061745649614,"method":"3d c++","id":1}
772810,772807,1,246883.742837,27,124,{"topic":"pupil.1","circle_3d":{"center":[-11.880318832662569,-0.3751206677473995,55.516058811126236],"normal":[-0.4263807529996805,0.7362614043989131,-0.525469882927619],"radius":2.1354108565680736},"confidence":0.9908488272321708,"timestamp":246883.742837,"diameter_3d":4.270821713136147,"ellipse":{"center":[27.384807110493625,115.45091006456343],"axes":[20.64596889218582,48.472380613246415],"angle":-55.11593875978343},"norm_pos":[0.08557752222029258,0.5189545413976524],"diameter":48.472380613246415,"sphere":{"center":[-6.763749796666403,-9.210257520534356,61.82169740625766],"radius":12.0},"projected_sphere":{"center":[92.16742584119508,27.63178782999104],"axes":[240.69219423428237,240.69219423428237],"angle":90.0},"model_confidence":0.25878284150789854,"model_id":1,"model_birth_timestamp":246252.306372,"theta":2.3983251826236383,"phi":-2.2524665643659465,"method":"3d c++","id":1}
772819,772818,1,246883.751237,27,124,{"topic":"pupil.1","circle_3d":{"center":[-11.874877431182037,-0.374463459340026,55.51256770305345],"normal":[-0.42592730287630287,0.7363161717661941,-0.5257608086003508],"radius":2.13758596304285},"confidence":0.9909608770766075,"timestamp":246883.751237,"diameter_3d":4.2751719260857,"ellipse":{"center":[27.437385025167146,115.45699331424674],"axes":[20.688002585551004,48.524635965027734],"angle":-55.13927797852202},"norm_pos":[0.08574182820364733,0.5189291945239719],"diameter":48.524635965027734,"sphere":{"center":[-6.763749796666403,-9.210257520534356,61.82169740625766],"radius":12.0},"projected_sphere":{"center":[92.16742584119508,27.63178782999104],"axes":[240.69219423428237,240.69219423428237],"angle":90.0},"model_confidence":0.25806885523954604,"model_id":1,"model_birth_timestamp":246252.306372,"theta":2.398406119527558,"phi":-2.251675264322781,"method":"3d c++","id":1}
772827,772824,1,246883.759637,27,124,{"topic":"pupil.1","circle_3d":{"center":[-11.885991181607864,-0.3752709438197339,55.52045503798889],"normal":[-0.4268534487451218,0.7362488813928851,-0.5251035306890643],"radius":2.1259453574748903},"confidence":0.9911796828361777,"timestamp":246883.759637,"diameter_3d":4.251890714949781,"ellipse":{"center":[27.331349897300584,115.45305334260607],"axes":[20.52904754253973,48.253673047968086],"angle":-55.094155447658835},"norm_pos":[0.08541046842906433,0.5189456110724747],"diameter":48.253673047968086,"sphere":{"center":[-6.763749796666403,-9.210257520534356,61.82169740625766],"radius":12.0},"projected_sphere":{"center":[92.16742584119508,27.63178782999104],"axes":[240.69219423428237,240.69219423428237],"angle":90.0},"model_confidence":0.256918877787804,"model_id":1,"model_birth_timestamp":246252.306372,"theta":2.3983066767404226,"phi":-2.253350093331226,"method":"3d c++","id":1}
772835,772835,1,246883.768037,27,124,{"topic":"pupil.1","circle_3d":{"center":[-11.871413531330646,-0.3535838829919058,55.53909418373467],"normal":[-0.42563864455535366,0.7380561364618707,-0.5235502685435829],"radius":2.1218621393921975},"confidence":0.9910640982254648,"timestamp":246883.768037,"diameter_3d":4.243724278784395,"ellipse":{"center":[27.537073609066738,115.69859249472988],"axes":[20.416595816700234,48.143353570346804],"angle":-55.24917007596082},"norm_pos":[0.08605335502833356,0.5179225312719589],"diameter":48.143353570346804,"sphere":{"center":[-6.763749796666403,-9.210257520534356,61.82169740625766],"radius":12.0},"projected_sphere":{"center":[92.16742584119508,27.63178782999104],"axes":[240.69219423428237,240.69219423428237],"angle":90.0},"model_confidence":0.25608071179876735,"model_id":1,"model_birth_timestamp":246252.306372,"theta":2.4009812170708216,"phi":-2.253405102412309,"method":"3d c++","id":1}
772844,772841,1,246883.776437,27,124,{"topic":"pupil.1","circle_3d":{"center":[-11.886924701274387,-0.3737040459291272,55.523411799266086],"normal":[-0.4269312420506653,0.7363794562171024,-0.5248571339159646],"radius":2.1176004671640736},"confidence":0.9904437719869218,"timestamp":246883.776437,"diameter_3d":4.235200934328147,"ellipse":{"center":[27.32738268323834,115.47372418331177],"axes":[20.433921344319778,48.06147023974002],"angle":-55.098005736479166},"norm_pos":[0.08539807088511982,0.5188594825695343],"diameter":48.06147023974002,"sphere":{"center":[-6.763749796666403,-9.210257520534356,61.82169740625766],"radius":12.0},"projected_sphere":{"center":[92.16742584119508,27.63178782999104],"axes":[240.69219423428237,240.69219423428237],"angle":90.0},"model_confidence":0.25525888648232353,"model_id":1,"model_birth_timestamp":246252.306372,"theta":2.3984996521188298,"phi":-2.2536690353153346,"method":"3d c++","id":1}
772851,772846,1,246883.784837,27,124,{"topic":"pupil.1","circle_3d":{"center":[-11.890730837468514,-0.3527391616499429,55.55604229850705],"normal":[-0.42724842006684255,0.7381265299070343,-0.5221379256458842],"radius":2.13618110853914},"confidence":0.99033838255182,"timestamp":246883.784837,"diameter_3d":4.27236221707828,"ellipse":{"center":[27.362457506661286,115.70556539345071],"axes":[20.45937071849827,48.45448704818476],"angle":-55.18107824066024},"norm_pos":[0.08550767970831652,0.5178934775272888],"diameter":48.45448704818476,"sphere":{"center":[-6.763749796666403,-9.210257520534356,61.82169740625766],"radius":12.0},"projected_sphere":{"center":[92.16742584119508,27.63178782999104],"axes":[240.69219423428237,240.69219423428237],"angle":90.0},"model_confidence":0.2542247872199255,"model_id":1,"model_birth_timestamp":246252.306372,"theta":2.401085549901315,"phi":-2.2565770737611577,"method":"3d c++","id":1}
772859,772859,1,246883.793237,27,124,{"topic":"pupil.1","circle_3d":{"center":[-11.878963785239756,-0.3460399582599827,55.555898745291124],"normal":[-0.42626783238111277,0.7386847968561978,-0.5221498884138781],"radius":2.1227309914272317},"confidence":0.9906815525135771,"timestamp":246883.793237,"diameter_3d":4.245461982854463,"ellipse":{"center":[27.492339524111742,115.784620956937],"axes":[20.341195646747675,48.148499514180884],"angle":-55.255995803787954},"norm_pos":[0.0859135610128492,0.5175640793460958],"diameter":48.148499514180884,"sphere":{"center":[-6.763749796666403,-9.210257520534356,61.82169740625766],"radius":12.0},"projected_sphere":{"center":[92.16742584119508,27.63178782999104],"axes":[240.69219423428237,240.69219423428237],"angle":90.0},"model_confidence":0.25329194532537347,"model_id":1,"model_birth_timestamp":246252.306372,"theta":2.4019134010227674,"phi":-2.2554399534537906,"method":"3d c++","id":1}
772867,772864,1,246883.801637,27,124,{"topic":"pupil.1","circle_3d":{"center":[-11.884623115389125,-0.3554719340469745,55.547191157083226],"normal":[-0.4267394432268935,0.7378987988739485,-0.5228755207645365],"radius":2.125421810955077},"confidence":0.990275395510339,"timestamp":246883.801637,"diameter_3d":4.250843621910154,"ellipse":{"center":[27.409126873101314,115.67750794563419],"axes":[20.402139123664636,48.21773356213098],"angle":-55.191174415474336},"norm_pos":[0.0856535214784416,0.5180103835598575],"diameter":48.21773356213098,"sphere":{"center":[-6.763749796666403,-9.210257520534356,61.82169740625766],"radius":12.0},"projected_sphere":{"center":[92.16742584119508,27.63178782999104],"axes":[240.69219423428237,240.69219423428237],"angle":90.0},"model_confidence":0.2521517544524454,"model_id":1,"model_birth_timestamp":246252.306372,"theta":2.4007480640204366,"phi":-2.2553013323162965,"method":"3d c++","id":1}
772875,772875,1,246883.810037,27,124,{"topic":"pupil.1","circle_3d":{"center":[-11.891727106516399,-0.37518372047669857,55.52524446375119],"normal":[-0.4273314424874997,0.7362561500048048,-0.5247044118755388],"radius":2.131563436996514},"confidence":0.9909436222067894,"timestamp":246883.810037,"diameter_3d":4.263126873993028,"ellipse":{"center":[27.27900852805766,115.4528270118052],"axes":[20.556264187267956,48.37736206529758],"angle":-55.07317645709986},"norm_pos":[0.08524690165018019,0.5189465541174784],"diameter":48.37736206529758,"sphere":{"center":[-6.763749796666403,-9.210257520534356,61.82169740625766],"radius":12.0},"projected_sphere":{"center":[92.16742584119508,27.63178782999104],"axes":[240.69219423428237,240.69219423428237],"angle":90.0},"model_confidence":0.25106695355517905,"model_id":1,"model_birth_timestamp":246252.306372,"theta":2.3983174178927342,"phi":-2.254270232759726,"method":"3d c++","id":1}
772886,772881,1,246883.818437,27,124,{"topic":"pupil.1","circle_3d":{"center":[-11.867611031052856,-0.3575425142178563,55.53043064056843],"normal":[-0.4253217695322044,0.737726250526375,-0.5242722304741027],"radius":2.1445423333959264},"confidence":0.9922915570602726,"timestamp":246883.818437,"diameter_3d":4.289084666791853,"ellipse":{"center":[27.560495695501146,115.64566694319669],"axes":[20.678869832994735,48.666132167674796],"angle":-55.244880410058215},"norm_pos":[0.08612654904844108,0.5181430544033472],"diameter":48.666132167674796,"sphere":{"center":[-6.763749796666403,-9.210257520534356,61.82169740625766],"radius":12.0},"projected_sphere":{"center":[92.16742584119508,27.63178782999104],"axes":[240.69219423428237,240.69219423428237],"angle":90.0},"model_confidence":0.2508882834287851,"model_id":1,"model_birth_timestamp":246252.306372,"theta":2.4004924389896,"phi":-2.252366292639227,"method":"3d c++","id":1}
772894,772891,1,246883.826837,27,124,{"topic":"pupil.1","circle_3d":{"center":[-11.876619015614676,-0.35372257116818595,55.543134111953236],"normal":[-0.42607243491235597,0.7380445791138475,-0.5232136078587024],"radius":2.1390004184282336},"confidence":0.9911668449919729,"timestamp":246883.826837,"diameter_3d":4.278000836856467,"ellipse":{"center":[27.489548512735723,115.69186285586143],"axes":[20.558569568890455,48.52930683370293],"angle":-55.22902069610444},"norm_pos":[0.08590483910229914,0.5179505714339108],"diameter":48.52930683370293,"sphere":{"center":[-6.763749796666403,-9.210257520534356,61.82169740625766],"radius":12.0},"projected_sphere":{"center":[92.16742584119508,27.63178782999104],"axes":[240.69219423428237,240.69219423428237],"angle":90.0},"model_confidence":0.25014843670434495,"model_id":1,"model_birth_timestamp":246252.306372,"theta":2.4009640886190655,"phi":-2.2542186798553803,"method":"3d c++","id":1}
772903,772898,1,246883.835237,27,124,{"topic":"pupil.1","circle_3d":{"center":[-11.891831955290789,-0.3462863893995145,55.56607680068971],"normal":[-0.4273401798853655,0.7386642609279034,-0.521301717130663],"radius":2.1389497608766352},"confidence":0.9913922830692686,"timestamp":246883.835237,"diameter_3d":4.2778995217532705,"ellipse":{"center":[27.373829666890146,115.77785881390557],"axes":[20.438563045136966,48.50838267789508],"angle":-55.20690567413314},"norm_pos":[0.0855432177090317,0.5175922549420602],"diameter":48.50838267789508,"sphere":{"center":[-6.763749796666403,-9.210257520534356,61.82169740625766],"radius":12.0},"projected_sphere":{"center":[92.16742584119508,27.63178782999104],"axes":[240.69219423428237,240.69219423428237],"angle":90.0},"model_confidence":0.24975586684867768,"model_id":1,"model_birth_timestamp":246252.306372,"theta":2.4018829351010114,"phi":-2.257468025945697,"method":"3d c++","id":1}
772910,772910,1,246883.843637,27,124,{"topic":"pupil.1","circle_3d":{"center":[-11.893573365579574,-0.36338922621894554,55.54333523648283],"normal":[-0.4274852974094309,0.7372390245262841,-0.5231968474812358],"radius":2.147149842127638},"confidence":0.991011162185136,"timestamp":246883.843637,"diameter_3d":4.294299684255276,"ellipse":{"center":[27.301722180150648,115.58151208930327],"axes":[20.621168515766563,48.715234453504486],"angle":-55.12101512658927},"norm_pos":[0.08531788181297077,0.5184103662945697],"diameter":48.715234453504486,"sphere":{"center":[-6.763749796666403,-9.210257520534356,61.82169740625766],"radius":12.0},"projected_sphere":{"center":[92.16742584119508,27.63178782999104],"axes":[240.69219423428237,240.69219423428237],"angle":90.0},"model_confidence":0.24920664829526373,"model_id":1,"model_birth_timestamp":246252.306372,"theta":2.3997710138934574,"phi":-2.255855873342245,"method":"3d c++","id":1}
772919,772914,1,246883.852037,27,124,{"topic":"pupil.1","circle_3d":{"center":[-11.865954712233211,-0.3564202810242634,55.53066639887658],"normal":[-0.42518374296390066,0.7378197699591743,-0.5242525839484234],"radius":2.128159133188692},"confidence":0.990473826931755,"timestamp":246883.852037,"diameter_3d":4.256318266377384,"ellipse":{"center":[27.57853394906246,115.66371954237889],"axes":[20.520922421495797,48.29362549054537],"angle":-55.25636187823895},"norm_pos":[0.0861829185908202,0.518067835240088],"diameter":48.29362549054537,"sphere":{"center":[-6.763749796666403,-9.210257520534356,61.82169740625766],"radius":12.0},"projected_sphere":{"center":[92.16742584119508,27.63178782999104],"axes":[240.69219423428237,240.69219423428237],"angle":90.0},"model_confidence":0.24834457615562355,"model_id":1,"model_birth_timestamp":246252.306372,"theta":2.4006309762665725,"phi":-2.252225830341156,"method":"3d c++","id":1}
772927,772926,1,246883.860437,27,124,{"topic":"pupil.1","circle_3d":{"center":[-11.875443281004493,-0.3585668398403392,55.53535015085646],"normal":[-0.42597445702817416,0.7376408900578346,-0.5238622712834335],"radius":2.1602304835183577},"confidence":0.9924067938894376,"timestamp":246883.860437,"diameter_3d":4.320460967036715,"ellipse":{"center":[27.485695649766058,115.6296344094176],"axes":[20.800504224786792,49.01853651979438],"angle":-55.2108153973397},"norm_pos":[0.08589279890551893,0.5182098566274267],"diameter":49.01853651979438,"sphere":{"center":[-6.763749796666403,-9.210257520534356,61.82169740625766],"radius":12.0},"projected_sphere":{"center":[92.16742584119508,27.63178782999104],"axes":[240.69219423428237,240.69219423428237],"angle":90.0},"model_confidence":0.24814897310685424,"model_id":1,"model_birth_timestamp":246252.306372,"theta":2.4003660064976695,"phi":-2.2534995190709832,"method":"3d c++","id":1}
772935,772932,1,246883.868837,27,124,{"topic":"pupil.1","circle_3d":{"center":[-11.89010181636283,-0.361333218966859,55.543397184439456],"normal":[-0.42719600164136895,0.737410358463958,-0.5231916851515174],"radius":2.144815376957973},"confidence":0.9911710906971276,"timestamp":246883.868837,"diameter_3d":4.289630753915946,"ellipse":{"center":[27.340382547507886,115.60520085415563],"axes":[20.601474968625933,48.66194772821839],"angle":-55.14348126312095},"norm_pos":[0.08543869546096214,0.518311663107685],"diameter":48.66194772821839,"sphere":{"center":[-6.763749796666403,-9.210257520534356,61.82169740625766],"radius":12.0},"projected_sphere":{"center":[92.16742584119508,27.63178782999104],"axes":[240.69219423428237,240.69219423428237],"angle":90.0},"model_confidence":0.24779060979029932,"model_id":1,"model_birth_timestamp":246252.306372,"theta":2.4000246396058778,"phi":-2.255529038515778,"method":"3d c++","id":1}
772944,772943,1,246883.877237,27,124,{"topic":"pupil.1","circle_3d":{"center":[-11.872299307173739,-0.3514017963505438,55.54289201376531],"normal":[-0.4257124592089447,0.7382379770153176,-0.5232337827076957],"radius":2.152796512385186},"confidence":0.9913155062768811,"timestamp":246883.877237,"diameter_3d":4.305593024770372,"ellipse":{"center":[27.537885351946272,115.71300823298456],"axes":[20.69639689362356,48.84262532247284],"angle":-55.2558068857374},"norm_pos":[0.0860558917248321,0.5178624656958977],"diameter":48.84262532247284,"sphere":{"center":[-6.763749796666403,-9.210257520534356,61.82169740625766],"radius":12.0},"projected_sphere":{"center":[92.16742584119508,27.63178782999104],"axes":[240.69219423428237,240.69219423428237],"angle":90.0},"model_confidence":0.24766218836949072,"model_id":1,"model_birth_timestamp":246252.306372,"theta":2.401250754301522,"phi":-2.253785984578562,"method":"3d c++","id":1}
772950,772948,1,246883.885637,27,124,{"topic":"pupil.1","circle_3d":{"center":[-11.87733628325324,-0.3480089447878303,55.5517864478887],"normal":[-0.4261322072155697,0.7385207146455438,-0.52249257986408],"radius":2.160903388052156},"confidence":0.9917838125559978,"timestamp":246883.885637,"diameter_3d":4.321806776104312,"ellipse":{"center":[27.50305834630143,115.74928021542453],"axes":[20.72843791538201,49.01896579823992],"angle":-55.25271447231643},"norm_pos":[0.08594705733219196,0.5177113324357311],"diameter":49.01896579823992,"sphere":{"center":[-6.763749796666403,-9.210257520534356,61.82169740625766],"radius":12.0},"projected_sphere":{"center":[92.16742584119508,27.63178782999104],"axes":[240.69219423428237,240.69219423428237],"angle":90.0},"model_confidence":0.24732025157675475,"model_id":1,"model_birth_timestamp":246252.306372,"theta":2.4016700064896614,"phi":-2.2549627009408058,"method":"3d c++","id":1}
772960,772959,1,246883.894037,27,124,{"topic":"pupil.1","circle_3d":{"center":[-11.87639960675666,-0.3566188784044151,55.538872029568644],"normal":[-0.42605415084085474,0.7378032201774951,-0.5235687813907517],"radius":2.147698844085434},"confidence":0.9907378310439575,"timestamp":246883.894037,"diameter_3d":4.295397688170868,"ellipse":{"center":[27.482538661070123,115.65607783630335],"axes":[20.6623601493607,48.730723204601084],"angle":-55.216356976104635},"norm_pos":[0.08588293331584414,0.5180996756820694],"diameter":48.730723204601084,"sphere":{"center":[-6.763749796666403,-9.210257520534356,61.82169740625766],"radius":12.0},"projected_sphere":{"center":[92.16742584119508,27.63178782999104],"axes":[240.69219423428237,240.69219423428237],"angle":90.0},"model_confidence":0.24649504233570374,"model_id":1,"model_birth_timestamp":246252.306372,"theta":2.4006064583189612,"phi":-2.2538654255433905,"method":"3d c++","id":1}
772972,772971,1,246883.902437,27,124,{"topic":"pupil.1","circle_3d":{"center":[-11.88021870772075,-0.3551427136840051,55.544063485765484],"normal":[-0.426372409254529,0.7379262339041959,-0.5231361600410149],"radius":2.155135655723177},"confidence":0.9912341370803882,"timestamp":246883.902437,"diameter_3d":4.310271311446354,"ellipse":{"center":[27.45258565742205,115.67072926254116],"axes":[20.70646092166986,48.89516576641498],"angle":-55.20893130371789},"norm_pos":[0.0857893301794439,0.5180386280727451],"diameter":48.89516576641498,"sphere":{"center":[-6.763749796666403,-9.210257520534356,61.82169740625766],"radius":12.0},"projected_sphere":{"center":[92.16742584119508,27.63178782999104],"axes":[240.69219423428237,240.69219423428237],"angle":90.0},"model_confidence":0.24610975493114529,"model_id":1,"model_birth_timestamp":246252.306372,"theta":2.4007887147502927,"phi":-2.254635804179624,"method":"3d c++","id":1}
772979,772976,1,246883.910837,27,124,{"topic":"pupil.1","circle_3d":{"center":[-11.88138072083591,-0.3572775544501354,55.54200000557859],"normal":[-0.4264692436807923,0.7377483305070183,-0.5233081167232556],"radius":2.157266269968768},"confidence":0.9911172581374864,"timestamp":246883.910837,"diameter_3d":4.314532539937536,"ellipse":{"center":[27.434950193968575,115.64594442071083],"axes":[20.735581337503746,48.945505472567724],"angle":-55.19468799232223},"norm_pos":[0.0857342193561518,0.5181418982470383],"diameter":48.945505472567724,"sphere":{"center":[-6.763749796666403,-9.210257520534356,61.82169740625766],"radius":12.0},"projected_sphere":{"center":[92.16742584119508,27.63178782999104],"axes":[240.69219423428237,240.69219423428237],"angle":90.0},"model_confidence":0.2457014534816504,"model_id":1,"model_birth_timestamp":246252.306372,"theta":2.4005251458122596,"phi":-2.2545860671557887,"method":"3d c++","id":1}
772987,772987,1,246883.919237,27,124,{"topic":"pupil.1","circle_3d":{"center":[-11.868404447804394,-0.3618458581374462,55.52502273264035],"normal":[-0.4253878875948326,0.7373676385330757,-0.5247228894681091],"radius":2.166217528630839},"confidence":0.9916771641211266,"timestamp":246883.919237,"diameter_3d":4.332435057261678,"ellipse":{"center":[27.54030936138747,115.58959779325914],"axes":[20.91299712323717,49.163557461949374],"angle":-55.22183716241432},"norm_pos":[0.08606346675433585,0.5183766758614202],"diameter":49.163557461949374,"sphere":{"center":[-6.763749796666403,-9.210257520534356,61.82169740625766],"radius":12.0},"projected_sphere":{"center":[92.16742584119508,27.63178782999104],"axes":[240.69219423428237,240.69219423428237],"angle":90.0},"model_confidence":0.24541159417843517,"model_id":1,"model_birth_timestamp":246252.306372,"theta":2.3999613947000626,"phi":-2.252021988209071,"method":"3d c++","id":1}
772995,772992,1,246883.927637,27,124,{"topic":"pupil.1","circle_3d":{"center":[-11.873504184082778,-0.35431402539233225,55.539764987715515],"normal":[-0.4258128656180313,0.7379952912618353,-0.5234943682118457],"radius":2.161562362989157},"confidence":0.990738975021146,"timestamp":246883.927637,"diameter_3d":4.323124725978314,"ellipse":{"center":[27.517680533425647,115.67716325794771],"axes":[20.794415184750168,49.04465331048834],"angle":-55.237761793104625},"norm_pos":[0.08599275166695515,0.5180118197585513],"diameter":49.04465331048834,"sphere":{"center":[-6.763749796666403,-9.210257520534356,61.82169740625766],"radius":12.0},"projected_sphere":{"center":[92.16742584119508,27.63178782999104],"axes":[240.69219423428237,240.69219423428237],"angle":90.0},"model_confidence":0.24475244533709306,"model_id":1,"model_birth_timestamp":246252.306372,"theta":2.4008910456542565,"phi":-2.253657688112984,"method":"3d c++","id":1}
773003,772999,1,246883.936037,27,124,{"topic":"pupil.1","circle_3d":{"center":[-11.86370482556962,-0.3462905992514802,55.543118815400675],"normal":[-0.4249962524086015,0.7386639101069062,-0.5232148825714159],"radius":2.167171517374614},"confidence":0.9913714993312203,"timestamp":246883.936037,"diameter_3d":4.334343034749228,"ellipse":{"center":[27.63494743707966,115.76505780960382],"axes":[20.841470312651104,49.168413134082705],"angle":-55.3114835051872},"norm_pos":[0.08635921074087394,0.5176455924599841],"diameter":49.168413134082705,"sphere":{"center":[-6.763749796666403,-9.210257520534356,61.82169740625766],"radius":12.0},"projected_sphere":{"center":[92.16742584119508,27.63178782999104],"axes":[240.69219423428237,240.69219423428237],"angle":90.0},"model_confidence":0.24422901160308097,"model_id":1,"model_birth_timestamp":246252.306372,"theta":2.4018824146519995,"phi":-2.2529795063858846,"method":"3d c++","id":1}
773011,773009,1,246883.944437,27,124,{"topic":"pupil.1","circle_3d":{"center":[-11.866861895541167,-0.35658929910731274,55.53116436594932],"normal":[-0.42525934157289697,0.7378056851189202,-0.5242110866923617],"radius":2.1671188742796264},"confidence":0.9909742611715269,"timestamp":246883.944437,"diameter_3d":4.334237748559253,"ellipse":{"center":[27.57188551796503,115.64870876551326],"axes":[20.89425763719817,49.17833080655891],"angle":-55.25196807523605},"norm_pos":[0.08616214224364072,0.5181303801436947],"diameter":49.17833080655891,"sphere":{"center":[-6.763749796666403,-9.210257520534356,61.82169740625766],"radius":12.0},"projected_sphere":{"center":[92.16742584119508,27.63178782999104],"axes":[240.69219423428237,240.69219423428237],"angle":90.0},"model_confidence":0.24367941017657824,"model_id":1,"model_birth_timestamp":246252.306372,"theta":2.400610110005534,"phi":-2.2523515385383033,"method":"3d c++","id":1}
773019,773016,1,246883.952837,27,124,{"topic":"pupil.1","circle_3d":{"center":[-11.86417200851281,-0.3544598749585184,55.531980296441255],"normal":[-0.425035184320534,0.7379831371313197,-0.5241430924847007],"radius":2.1610494669811886},"confidence":0.9914416596543175,"timestamp":246883.952837,"diameter_3d":4.322098933962377,"ellipse":{"center":[27.60338577678607,115.6746099273595],"axes":[20.834179802366037,49.03953534406683],"angle":-55.27192100104415},"norm_pos":[0.08626058055245647,0.518022458636002],"diameter":49.03953534406683,"sphere":{"center":[-6.763749796666403,-9.210257520534356,61.82169740625766],"radius":12.0},"projected_sphere":{"center":[92.16742584119508,27.63178782999104],"axes":[240.69219423428237,240.69219423428237],"angle":90.0},"model_confidence":0.24325227640488167,"model_id":1,"model_birth_timestamp":246252.306372,"theta":2.400873034532073,"phi":-2.2521570528120853,"method":"3d c++","id":1}
773028,773026,1,246883.961237,27,124,{"topic":"pupil.1","circle_3d":{"center":[-11.868472482840748,-0.34596732525703544,55.54745118609963],"normal":[-0.4253935571811955,0.7386908496064433,-0.5228538516798361],"radius":2.1912030967254763},"confidence":0.9920728643038308,"timestamp":246883.961237,"diameter_3d":4.382406193450953,"ellipse":{"center":[27.593395710248103,115.76102356430668],"axes":[21.048255376959602,49.71056371346842],"angle":-55.2950463609358},"norm_pos":[0.08622936159452532,0.5176624018153888],"diameter":49.71056371346842,"sphere":{"center":[-6.763749796666403,-9.210257520534356,61.82169740625766],"radius":12.0},"projected_sphere":{"center":[92.16742584119508,27.63178782999104],"axes":[240.69219423428237,240.69219423428237],"angle":90.0},"model_confidence":0.24317344362254634,"model_id":1,"model_birth_timestamp":246252.306372,"theta":2.401922380728891,"phi":-2.253774725994179,"method":"3d c++","id":1}
773034,773031,1,246883.969637,27,124,{"topic":"pupil.1","circle_3d":{"center":[-11.853074222520593,-0.35213590101937164,55.526265867253755],"normal":[-0.4241103688211825,0.7381768016262487,-0.5246192949169926],"radius":2.177133370568624},"confidence":0.9913987492879607,"timestamp":246883.969637,"diameter_3d":4.354266741137248,"ellipse":{"center":[27.714592279837404,115.69417107525271],"axes":[21.02644549354784,49.409513692683554],"angle":-55.32409697070693},"norm_pos":[0.08660810087449189,0.5179409538531137],"diameter":49.409513692683554,"sphere":{"center":[-6.763749796666403,-9.210257520534356,61.82169740625766],"radius":12.0},"projected_sphere":{"center":[92.16742584119508,27.63178782999104],"axes":[240.69219423428237,240.69219423428237],"angle":90.0},"model_confidence":0.24269118157923542,"model_id":1,"model_birth_timestamp":246252.306372,"theta":2.40116006683847,"phi":-2.2506476471484116,"method":"3d c++","id":1}
773042,773037,1,246883.978037,27,124,{"topic":"pupil.1","circle_3d":{"center":[-11.865803117500434,-0.36679750471731865,55.51596454956196],"normal":[-0.42517111006950253,0.7369550013180864,-0.5254777380579755],"radius":2.1885538811786036},"confidence":0.9919655416238494,"timestamp":246883.978037,"diameter_3d":4.377107762357207,"ellipse":{"center":[27.54947019127897,115.52545213338269],"axes":[21.17441029684756,49.679289072694694],"angle":-55.20845618135962},"norm_pos":[0.08609209434774678,0.5186439494442387],"diameter":49.679289072694694,"sphere":{"center":[-6.763749796666403,-9.210257520534356,61.82169740625766],"radius":12.0},"projected_sphere":{"center":[92.16742584119508,27.63178782999104],"axes":[240.69219423428237,240.69219423428237],"angle":90.0},"model_confidence":0.2422503106105589,"model_id":1,"model_birth_timestamp":246252.306372,"theta":2.399350728742473,"phi":-2.2510696047956134,"method":"3d c++","id":1}
773057,773055,1,246883.986437,27,124,{"topic":"pupil.1","circle_3d":{"center":[-11.85015118047873,-0.3574183294203852,55.51648058056256],"normal":[-0.42386678198436045,0.7377365992594975,-0.5254347354745919],"radius":2.1797730329887557},"confidence":0.9914622241076234,"timestamp":246883.986437,"diameter_3d":4.359546065977511,"ellipse":{"center":[27.72448214469719,115.633028421783],"axes":[21.100839530073152,49.4783109400833],"angle":-55.31055771693522},"norm_pos":[0.08663900670217872,0.5181957149092375],"diameter":49.4783109400833,"sphere":{"center":[-6.763749796666403,-9.210257520534356,61.82169740625766],"radius":12.0},"projected_sphere":{"center":[92.16742584119508,27.63178782999104],"axes":[240.69219423428237,240.69219423428237],"angle":90.0},"model_confidence":0.24139075671643084,"model_id":1,"model_birth_timestamp":246252.306372,"theta":2.400507768303998,"phi":-2.2496076675650327,"method":"3d c++","id":1}
773063,773060,1,246883.994837,27,124,{"topic":"pupil.1","circle_3d":{"center":[-11.855033946091378,-0.3548535736227798,55.524027468349125],"normal":[-0.42427367911874786,0.7379503289092979,-0.5248058281590448],"radius":2.1926312544987487},"confidence":0.9919688933780937,"timestamp":246883.994837,"diameter_3d":4.3852625089974975,"ellipse":{"center":[27.688473377842655,115.65823560689577],"axes":[21.185326223033915,49.76383594920755],"angle":-55.30408229024454},"norm_pos":[0.0865264793057583,0.5180906849712676],"diameter":49.76383594920755,"sphere":{"center":[-6.763749796666403,-9.210257520534356,61.82169740625766],"radius":12.0},"projected_sphere":{"center":[92.16742584119508,27.63178782999104],"axes":[240.69219423428237,240.69219423428237],"angle":90.0},"model_confidence":0.2402513861509803,"model_id":1,"model_birth_timestamp":246252.306372,"theta":2.400824418025337,"phi":-2.2506620675243734,"method":"3d c++","id":1}
773070,773065,1,246884.003237,27,124,{"topic":"pupil.1","circle_3d":{"center":[-11.85550552525272,-0.3486421318987585,55.53315255833734],"normal":[-0.4243129773821931,0.7384679490529664,-0.52404540399336],"radius":2.1994616255851183},"confidence":0.9918672022710152,"timestamp":246884.003237,"diameter_3d":4.3989232511702365,"ellipse":{"center":[27.704908503981926,115.72634666482877],"axes":[21.207557489287716,49.910604507188374],"angle":-55.33105074532949},"norm_pos":[0.08657783907494351,0.5178068888965468],"diameter":49.910604507188374,"sphere":{"center":[-6.763749796666403,-9.210257520534356,61.82169740625766],"radius":12.0},"projected_sphere":{"center":[92.16742584119508,27.63178782999104],"axes":[240.69219423428237,240.69219423428237],"angle":90.0},"model_confidence":0.2387538602254491,"model_id":1,"model_birth_timestamp":246252.306372,"theta":2.4015917494117573,"phi":-2.251416389426852,"method":"3d c++","id":1}
773079,773077,1,246884.011637,27,124,{"topic":"pupil.1","circle_3d":{"center":[-11.852959597888795,-0.34926477625582386,55.53021497482823],"normal":[-0.42410081676853273,0.738416062023211,-0.524290202619119],"radius":2.2023870952813964},"confidence":0.9918404368002502,"timestamp":246884.011637,"diameter_3d":4.404774190562793,"ellipse":{"center":[27.72658492606115,115.71797600194586],"axes":[21.25214362850566,49.97964033321712],"angle":-55.33767628765074},"norm_pos":[0.08664557789394109,0.5178417666585589],"diameter":49.97964033321712,"sphere":{"center":[-6.763749796666403,-9.210257520534356,61.82169740625766],"radius":12.0},"projected_sphere":{"center":[92.16742584119508,27.63178782999104],"axes":[240.69219423428237,240.69219423428237],"angle":90.0},"model_confidence":0.23856850713755984,"model_id":1,"model_birth_timestamp":246252.306372,"theta":2.401514801877436,"phi":-2.2509434370907946,"method":"3d c++","id":1}
773086,773082,1,246884.020037,27,124,{"topic":"pupil.1","circle_3d":{"center":[-11.845929991044066,-0.3596175399821764,55.50999269148157],"normal":[-0.4235150161981385,0.7375533317126816,-0.5259753928980077],"radius":2.1881851952728466},"confidence":0.9913853614824137,"timestamp":246884.020037,"diameter_3d":4.376370390545693,"ellipse":{"center":[27.75687734367358,115.60468784121407],"axes":[21.217024320710173,49.67521358943112],"angle":-55.316141788014335},"norm_pos":[0.08674024169897994,0.518313800661608],"diameter":49.67521358943112,"sphere":{"center":[-6.763749796666403,-9.210257520534356,61.82169740625766],"radius":12.0},"projected_sphere":{"center":[92.16742584119508,27.63178782999104],"axes":[240.69219423428237,240.69219423428237],"angle":90.0},"model_confidence":0.23754249736076538,"model_id":1,"model_birth_timestamp":246252.306372,"theta":2.4002363367406274,"phi":-2.248699540746238,"method":"3d c++","id":1}
773095,773093,1,246884.028437,27,124,{"topic":"pupil.1","circle_3d":{"center":[-11.849255826109026,-0.3673127744970941,55.50189071277133],"normal":[-0.42379216912021866,0.7369120621697718,-0.5266505577905279],"radius":2.1995695673510185},"confidence":0.9919116860657765,"timestamp":246884.028437,"diameter_3d":4.399139134702037,"ellipse":{"center":[27.701624227144862,115.51382307402791],"axes":[21.363306179594872,49.94168798582631],"angle":-55.26794148202546},"norm_pos":[0.08656757570982769,0.518692403858217],"diameter":49.94168798582631,"sphere":{"center":[-6.763749796666403,-9.210257520534356,61.82169740625766],"radius":12.0},"projected_sphere":{"center":[92.16742584119508,27.63178782999104],"axes":[240.69219423428237,240.69219423428237],"angle":90.0},"model_confidence":0.2361104865520547,"model_id":1,"model_birth_timestamp":246252.306372,"theta":2.399287206023414,"phi":-2.2483924856266526,"method":"3d c++","id":1}
773102,773099,1,246884.036837,27,124,{"topic":"pupil.1","circle_3d":{"center":[-11.851922641464869,-0.35243445829214437,55.52491507720535],"normal":[-0.4240144037332055,0.7381519218535176,-0.5247318607543596],"radius":2.2059029551830593},"confidence":0.9912273392895434,"timestamp":246884.036837,"diameter_3d":4.411805910366119,"ellipse":{"center":[27.725990267772488,115.68069229746554],"axes":[21.312417501516222,50.06438907237578],"angle":-55.32685751404358},"norm_pos":[0.08664371958678903,0.5179971154272269],"diameter":50.06438907237578,"sphere":{"center":[-6.763749796666403,-9.210257520534356,61.82169740625766],"radius":12.0},"projected_sphere":{"center":[92.16742584119508,27.63178782999104],"axes":[240.69219423428237,240.69219423428237],"angle":90.0},"model_confidence":0.23495268257367474,"model_id":1,"model_birth_timestamp":246252.306372,"theta":2.401123187203862,"phi":-2.250432128374757,"method":"3d c++","id":1}
773111,773111,1,246884.045237,27,124,{"topic":"pupil.1","circle_3d":{"center":[-11.849737053398059,-0.35778620021558183,55.51563007809688],"normal":[-0.4238322713943046,0.7377059433598978,-0.5255056106800648],"radius":2.2080656417071665},"confidence":0.9918121159091354,"timestamp":246884.045237,"diameter_3d":4.416131283414333,"ellipse":{"center":[27.728818802233093,115.61898833446013],"axes":[21.379779216236457,50.12204613886879],"angle":-55.31023934145074},"norm_pos":[0.08665255875697842,0.5182542152730828],"diameter":50.12204613886879,"sphere":{"center":[-6.763749796666403,-9.210257520534356,61.82169740625766],"radius":12.0},"projected_sphere":{"center":[92.16742584119508,27.63178782999104],"axes":[240.69219423428237,240.69219423428237],"angle":90.0},"model_confidence":0.2339844905783206,"model_id":1,"model_birth_timestamp":246252.306372,"theta":2.400462359248198,"phi":-2.2495019673415544,"method":"3d c++","id":1}
773119,773116,1,246884.053637,27,124,{"topic":"pupil.1","circle_3d":{"center":[-11.833834925112075,-0.36526625052066564,55.49237151610983],"normal":[-0.4225070940371393,0.7370826058344742,-0.527443824178986],"radius":2.2253197080055673},"confidence":0.9930289132503028,"timestamp":246884.053637,"diameter_3d":4.450639416011135,"ellipse":{"center":[27.852829899703693,115.526177729414],"axes":[21.67402932028345,50.5350386415712],"angle":-55.33516896278934},"norm_pos":[0.08704009343657404,0.5186409261274416],"diameter":50.5350386415712,"sphere":{"center":[-6.763749796666403,-9.210257520534356,61.82169740625766],"radius":12.0},"projected_sphere":{"center":[92.16742584119508,27.63178782999104],"axes":[240.69219423428237,240.69219423428237],"angle":90.0},"model_confidence":0.23367188140032136,"model_id":1,"model_birth_timestamp":246252.306372,"theta":2.3995395285036243,"phi":-2.2461751278645865,"method":"3d c++","id":1}
773128,773127,1,246884.062037,27,124,{"topic":"pupil.1","circle_3d":{"center":[-11.845967699638177,-0.35907733834466526,55.51078062902746],"normal":[-0.4235181585809812,0.7375983485158075,-0.5259097314358505],"radius":2.212581608079803},"confidence":0.9915514369747821,"timestamp":246884.062037,"diameter_3d":4.425163216159606,"ellipse":{"center":[27.759774503942907,115.60231940275551],"axes":[21.45029227259069,50.22897413360409],"angle":-55.318359545991115},"norm_pos":[0.08674929532482159,0.5183236691551854],"diameter":50.22897413360409,"sphere":{"center":[-6.763749796666403,-9.210257520534356,61.82169740625766],"radius":12.0},"projected_sphere":{"center":[92.16742584119508,27.63178782999104],"axes":[240.69219423428237,240.69219423428237],"angle":90.0},"model_confidence":0.23271588560112022,"model_id":1,"model_birth_timestamp":246252.306372,"theta":2.4003030021972585,"phi":-2.248764151715835,"method":"3d c++","id":1}
773139,773139,1,246884.070437,28,124,{"topic":"pupil.1","circle_3d":{"center":[-11.792139804439127,-0.34930545934775914,55.481443271044746],"normal":[-0.419032500647727,0.7384126717655497,-0.5283545112677428],"radius":2.226594821890672},"confidence":0.9931500986003595,"timestamp":246884.070437,"diameter_3d":4.453189643781344,"ellipse":{"center":[28.292097942057637,115.70196801057438],"axes":[21.77735579711336,50.571701582476074],"angle":-55.56629396305536},"norm_pos":[0.08841280606893012,0.5179084666226068],"diameter":50.571701582476074,"sphere":{"center":[-6.763749796666403,-9.210257520534356,61.82169740625766],"radius":12.0},"projected_sphere":{"center":[92.16742584119508,27.63178782999104],"axes":[240.69219423428237,240.69219423428237],"angle":90.0},"model_confidence":0.23234308791363345,"model_id":1,"model_birth_timestamp":246252.306372,"theta":2.401509774411799,"phi":-2.241309421629046,"method":"3d c++","id":1}
773147,773144,1,246884.078837,28,124,{"topic":"pupil.1","circle_3d":{"center":[-11.766109995779413,-0.342560160729807,55.47029315418509],"normal":[-0.4168633499260841,0.7389747799837124,-0.529283687672714],"radius":2.228651782663709},"confidence":0.9925141604508881,"timestamp":246884.078837,"diameter_3d":4.457303565327418,"ellipse":{"center":[28.556458965102962,115.77479532063313],"axes":[21.875243658587575,50.627339324822934],"angle":-55.69617926041823},"norm_pos":[0.08923893426594676,0.5176050194973619],"diameter":50.627339324822934,"sphere":{"center":[-6.763749796666403,-9.210257520534356,61.82169740625766],"radius":12.0},"projected_sphere":{"center":[92.16742584119508,27.63178782999104],"axes":[240.69219423428237,240.69219423428237],"angle":90.0},"model_confidence":0.2318756805010258,"model_id":1,"model_birth_timestamp":246252.306372,"theta":2.4023437119639253,"phi":-2.237929864533068,"method":"3d c++","id":1}
773156,773155,1,246884.087237,28,124,{"topic":"pupil.1","circle_3d":{"center":[-11.784475296840066,-0.3339670744623966,55.4968429914211],"normal":[-0.41839379168113855,0.7396908705059966,-0.5270712012363805],"radius":2.2419726823551245},"confidence":0.9927668842982632,"timestamp":246884.087237,"diameter_3d":4.483945364710249,"ellipse":{"center":[28.41416515775441,115.86962683817106],"axes":[21.860120835129464,50.90632571558471],"angle":-55.66601117774721},"norm_pos":[0.08879426611798254,0.5172098881742873],"diameter":50.90632571558471,"sphere":{"center":[-6.763749796666403,-9.210257520534356,61.82169740625766],"radius":12.0},"projected_sphere":{"center":[92.16742584119508,27.63178782999104],"axes":[240.69219423428237,240.69219423428237],"angle":90.0},"model_confidence":0.23180300765598405,"model_id":1,"model_birth_timestamp":246252.306372,"theta":2.4034072021857966,"phi":-2.2417507688613476,"method":"3d c++","id":1}
773163,773160,1,246884.095637,28,124,{"topic":"pupil.1","circle_3d":{"center":[-11.796751811335184,-0.34011970132364944,55.4979686179123],"normal":[-0.4194168345557317,0.7391781516008922,-0.5269773990287804],"radius":2.237774949694882},"confidence":0.9927471022998966,"timestamp":246884.095637,"diameter_3d":4.475549899389764,"ellipse":{"center":[28.279754908801067,115.80274124257528],"axes":[21.80240723174125,50.81060806310524],"angle":-55.59118910881904},"norm_pos":[0.08837423409000333,0.5174885781559364],"diameter":50.81060806310524,"sphere":{"center":[-6.763749796666403,-9.210257520534356,61.82169740625766],"radius":12.0},"projected_sphere":{"center":[92.16742584119508,27.63178782999104],"axes":[240.69219423428237,240.69219423428237],"angle":90.0},"model_confidence":0.23143855088262333,"model_id":1,"model_birth_timestamp":246252.306372,"theta":2.4026456197993906,"phi":-2.243027062824591,"method":"3d c++","id":1}
773171,773166,1,246884.104037,28,124,{"topic":"pupil.1","circle_3d":{"center":[-11.800739686652882,-0.35027609871136356,55.4869154800091],"normal":[-0.41974915749887326,0.738331785151916,-0.5278984938540469],"radius":2.245847339018857},"confidence":0.9927020437738631,"timestamp":246884.104037,"diameter_3d":4.491694678037714,"ellipse":{"center":[28.210160223009836,115.68509548368979],"axes":[21.931489360732947,51.00486178119795],"angle":-55.5291601476454},"norm_pos":[0.08815675069690573,0.5179787688179591],"diameter":51.00486178119795,"sphere":{"center":[-6.763749796666403,-9.210257520534356,61.82169740625766],"radius":12.0},"projected_sphere":{"center":[92.16742584119508,27.63178782999104],"axes":[240.69219423428237,240.69219423428237],"angle":90.0},"model_confidence":0.23132712461148008,"model_id":1,"model_birth_timestamp":246252.306372,"theta":2.40138983460461,"phi":-2.242562119673891,"method":"3d c++","id":1}
773179,773178,1,246884.112437,28,124,{"topic":"pupil.1","circle_3d":{"center":[-11.793439650007777,-0.34386346132487056,55.49008810324396],"normal":[-0.41914082111178114,0.7388661716007904,-0.5276341085844747],"radius":2.2567270825047876},"confidence":0.9935039021715856,"timestamp":246884.112437,"diameter_3d":4.513454165009575,"ellipse":{"center":[28.299531970704606,115.75311075838015],"axes":[22.029166281646294,51.24876479872339],"angle":-55.58631980820854},"norm_pos":[0.08843603740845189,0.5176953718400827],"diameter":51.24876479872339,"sphere":{"center":[-6.763749796666403,-9.210257520534356,61.82169740625766],"radius":12.0},"projected_sphere":{"center":[92.16742584119508,27.63178782999104],"axes":[240.69219423428237,240.69219423428237],"angle":90.0},"model_confidence":0.2312681157625729,"model_id":1,"model_birth_timestamp":246252.306372,"theta":2.4021825223397424,"phi":-2.242099682611539,"method":"3d c++","id":1}
773187,773183,1,246884.120837,28,124,{"topic":"pupil.1","circle_3d":{"center":[-11.795656966312848,-0.3387685738621684,55.498992755150354],"normal":[-0.419325597470537,0.7392907455560156,-0.526892054258942],"radius":2.247607028103545},"confidence":0.992657469823963,"timestamp":246884.120837,"diameter_3d":4.49521405620709,"ellipse":{"center":[28.294928328767924,115.81443577603538],"axes":[21.89442995411212,51.03308641634391],"angle":-55.60150599536735},"norm_pos":[0.08842165102739977,0.5174398509331859],"diameter":51.03308641634391,"sphere":{"center":[-6.763749796666403,-9.210257520534356,61.82169740625766],"radius":12.0},"projected_sphere":{"center":[92.16742584119508,27.63178782999104],"axes":[240.69219423428237,240.69219423428237],"angle":90.0},"model_confidence":0.23085624281758976,"model_id":1,"model_birth_timestamp":246252.306372,"theta":2.4028128100327195,"phi":-2.2429999757893095,"method":"3d c++","id":1}
773194,773194,1,246884.129237,28,124,{"topic":"pupil.1","circle_3d":{"center":[-11.796639868857369,-0.35119214416099354,55.48237739710965],"normal":[-0.41940750601591387,0.7382554480311134,-0.5282766674290008],"radius":2.258715272882812},"confidence":0.993123583360781,"timestamp":246884.129237,"diameter_3d":4.517430545765624,"ellipse":{"center":[28.246105412415375,115.66960311560827],"axes":[22.083501854337978,51.30153389055934],"angle":-55.54035393297886},"norm_pos":[0.08826907941379805,0.5180433203516321],"diameter":51.30153389055934,"sphere":{"center":[-6.763749796666403,-9.210257520534356,61.82169740625766],"radius":12.0},"projected_sphere":{"center":[92.16742584119508,27.63178782999104],"axes":[240.69219423428237,240.69219423428237],"angle":90.0},"model_confidence":0.2304788005634717,"model_id":1,"model_birth_timestamp":246252.306372,"theta":2.4012766552922034,"phi":-2.2418167282034083,"method":"3d c++","id":1}
773203,773200,1,246884.137637,28,124,{"topic":"pupil.1","circle_3d":{"center":[-11.7896967051303,-0.3458385831373789,55.4843529643309],"normal":[-0.41882890903865816,0.7387015781164148,-0.5281120368272302],"radius":2.2349499433733815},"confidence":0.9920287129007107,"timestamp":246884.137637,"diameter_3d":4.469899886746763,"ellipse":{"center":[28.326589081524958,115.73805467823435],"axes":[21.847362541452053,50.75879571239839],"angle":-55.591502237600736},"norm_pos":[0.08852059087976549,0.5177581055073569],"diameter":50.75879571239839,"sphere":{"center":[-6.763749796666403,-9.210257520534356,61.82169740625766],"radius":12.0},"projected_sphere":{"center":[92.16742584119508,27.63178782999104],"axes":[240.69219423428237,240.69219423428237],"angle":90.0},"model_confidence":0.22988301451477566,"model_id":1,"model_birth_timestamp":246252.306372,"theta":2.4019382974902084,"phi":-2.241296300755554,"method":"3d c++","id":1}
773211,773211,1,246884.146037,28,124,{"topic":"pupil.1","circle_3d":{"center":[-11.808695697932723,-0.3449468445484474,55.500717460747126],"normal":[-0.4204121584388601,0.7387758896654923,-0.5267483287925451],"radius":2.2647968123872286},"confidence":0.9929066695234178,"timestamp":246884.146037,"diameter_3d":4.529593624774457,"ellipse":{"center":[28.154743368352854,115.73970177016508],"axes":[22.04172091071502,51.42305837901521],"angle":-55.52362059308575},"norm_pos":[0.08798357302610267,0.5177512426243122],"diameter":51.42305837901521,"sphere":{"center":[-6.763749796666403,-9.210257520534356,61.82169740625766],"radius":12.0},"projected_sphere":{"center":[92.16742584119508,27.63178782999104],"axes":[240.69219423428237,240.69219423428237],"angle":90.0},"model_confidence":0.2297017619726005,"model_id":1,"model_birth_timestamp":246252.306372,"theta":2.402048553339136,"phi":-2.2443942621267454,"method":"3d c++","id":1}
773224,773222,1,246884.154437,28,124,{"topic":"pupil.1","circle_3d":{"center":[-11.80655663611662,-0.34682778778015333,55.49637428782941],"normal":[-0.4202339032875181,0.7386191443961836,-0.5271102598690208],"radius":2.2576404574208597},"confidence":0.9919087705486497,"timestamp":246884.154437,"diameter_3d":4.5152809148417195,"ellipse":{"center":[28.168045060180816,115.72068090377098],"axes":[21.995172250392642,51.26437324166596],"angle":-55.52304674759651},"norm_pos":[0.08802514081306505,0.5178304962342876],"diameter":51.26437324166596,"sphere":{"center":[-6.763749796666403,-9.210257520534356,61.82169740625766],"radius":12.0},"projected_sphere":{"center":[92.16742584119508,27.63178782999104],"axes":[240.69219423428237,240.69219423428237],"angle":90.0},"model_confidence":0.22911959268223647,"model_id":1,"model_birth_timestamp":246252.306372,"theta":2.4018160063817464,"phi":-2.2438526777507333,"method":"3d c++","id":1}
773231,773228,1,246884.162837,28,124,{"topic":"pupil.1","circle_3d":{"center":[-11.813862150133092,-0.35205852396475024,55.49487547462908],"normal":[-0.4208426961222241,0.7381832497141337,-0.5272351609690483],"radius":2.2742213413536274},"confidence":0.9931295937372213,"timestamp":246884.162837,"diameter_3d":4.548442682707255,"ellipse":{"center":[28.084212108467796,115.65621648048992],"axes":[22.1576968932798,51.64325590973601],"angle":-55.47120399839875},"norm_pos":[0.08776316283896186,0.5180990979979587],"diameter":51.64325590973601,"sphere":{"center":[-6.763749796666403,-9.210257520534356,61.82169740625766],"radius":12.0},"projected_sphere":{"center":[92.16742584119508,27.63178782999104],"axes":[240.69219423428237,240.69219423428237],"angle":90.0},"model_confidence":0.22890969627352709,"model_id":1,"model_birth_timestamp":246252.306372,"theta":2.4011696251720416,"phi":-2.2444429038391025,"method":"3d c++","id":1}
773240,773239,1,246884.171237,28,124,{"topic":"pupil.1","circle_3d":{"center":[-11.807698694877292,-0.3500234601243193,55.492808727588475],"normal":[-0.4203290748509074,0.7383528383675031,-0.5274073898890991],"radius":2.2655254712248842},"confidence":0.9925593256674542,"timestamp":246884.171237,"diameter_3d":4.5310509424497685,"ellipse":{"center":[28.14753223788904,115.68171816938654],"axes":[22.088655496049498,51.44712666346581],"angle":-55.50391985765236},"norm_pos":[0.08796103824340325,0.5179928409608894],"diameter":51.44712666346581,"sphere":{"center":[-6.763749796666403,-9.210257520534356,61.82169740625766],"radius":12.0},"projected_sphere":{"center":[92.16742584119508,27.63178782999104],"axes":[240.69219423428237,240.69219423428237],"angle":90.0},"model_confidence":0.2289542092458574,"model_id":1,"model_birth_timestamp":246252.306372,"theta":2.4014210510923117,"phi":-2.2436883752980825,"method":"3d c++","id":1}
773246,773244,1,246884.179637,28,124,{"topic":"pupil.1","circle_3d":{"center":[-11.81068608030698,-0.3566951540546679,55.48585747995532],"normal":[-0.4205780236367147,0.7377968638733073,-0.527986660525195],"radius":2.2892759875476494},"confidence":0.9930434293276915,"timestamp":246884.179637,"diameter_3d":4.578551975095299,"ellipse":{"center":[28.099600824293304,115.59774315458624],"axes":[22.352538703247415,51.994069053608946],"angle":-55.46165311278381},"norm_pos":[0.08781125257591657,0.5183427368558906],"diameter":51.994069053608946,"sphere":{"center":[-6.763749796666403,-9.210257520534356,61.82169740625766],"radius":12.0},"projected_sphere":{"center":[92.16742584119508,27.63178782999104],"axes":[240.69219423428237,240.69219423428237],"angle":90.0},"model_confidence":0.22891222904958264,"model_id":1,"model_birth_timestamp":246252.306372,"theta":2.400597041841698,"phi":-2.2434419435958715,"method":"3d c++","id":1}
773255,773255,1,246884.188037,28,124,{"topic":"pupil.1","circle_3d":{"center":[-11.80347231296674,-0.34107456097860656,55.501982967406704],"normal":[-0.41997687635836134,0.7390985799629791,-0.5266428699042468],"radius":2.289654377020025},"confidence":0.9929844229760619,"timestamp":246884.188037,"diameter_3d":4.57930875404005,"ellipse":{"center":[28.217405637098494,115.77402858421401],"axes":[22.282824674494254,51.986615376544925],"angle":-55.561071980022405},"norm_pos":[0.0881793926159328,0.5176082142324416],"diameter":51.986615376544925,"sphere":{"center":[-6.763749796666403,-9.210257520534356,61.82169740625766],"radius":12.0},"projected_sphere":{"center":[92.16742584119508,27.63178782999104],"axes":[240.69219423428237,240.69219423428237],"angle":90.0},"model_confidence":0.22899332634506164,"model_id":1,"model_birth_timestamp":246252.306372,"theta":2.4025274827483702,"phi":-2.2439868624470614,"method":"3d c++","id":1}
773262,773260,1,246884.196437,28,124,{"topic":"pupil.1","circle_3d":{"center":[-11.804600071110668,-0.363395343608822,55.471669206862046],"normal":[-0.4200708562036888,0.7372385147437945,-0.5291690166163014],"radius":2.2941352065962053},"confidence":0.9934500286881314,"timestamp":246884.196437,"diameter_3d":4.588270413192411,"ellipse":{"center":[28.134781073533446,115.51915322151655],"axes":[22.476547947160118,52.11793548267696],"angle":-55.45362149705426},"norm_pos":[0.08792119085479203,0.5186701949103477],"diameter":52.11793548267696,"sphere":{"center":[-6.763749796666403,-9.210257520534356,61.82169740625766],"radius":12.0},"projected_sphere":{"center":[92.16742584119508,27.63178782999104],"axes":[240.69219423428237,240.69219423428237],"angle":90.0},"model_confidence":0.22905582546624004,"model_id":1,"model_birth_timestamp":246252.306372,"theta":2.3997702593669286,"phi":-2.2417644481291714,"method":"3d c++","id":1}
773270,773266,1,246884.204837,28,124,{"topic":"pupil.1","circle_3d":{"center":[-11.80972718743422,-0.35390966641177,55.488987491960444],"normal":[-0.420498115897318,0.7380289878435489,-0.5277258261914348],"radius":2.304218378295565},"confidence":0.9928594575302405,"timestamp":246884.204837,"diameter_3d":4.60843675659113,"ellipse":{"center":[28.118497991792594,115.62378866997679],"axes":[22.48403140929459,52.33076907738392],"angle":-55.47806031625299},"norm_pos":[0.08787030622435185,0.5182342138750967],"diameter":52.33076907738392,"sphere":{"center":[-6.763749796666403,-9.210257520534356,61.82169740625766],"radius":12.0},"projected_sphere":{"center":[92.16742584119508,27.63178782999104],"axes":[240.69219423428237,240.69219423428237],"angle":90.0},"model_confidence":0.2290747236297297,"model_id":1,"model_birth_timestamp":246252.306372,"theta":2.4009409822416954,"phi":-2.24359016153321,"method":"3d c++","id":1}
773278,773277,1,246884.213237,28,124,{"topic":"pupil.1","circle_3d":{"center":[-11.81139816975162,-0.34745195786250704,55.499362120940766],"normal":[-0.420637364423768,0.738567130222654,-0.5268612737764082],"radius":2.286819357726737},"confidence":0.9919567871301832,"timestamp":246884.213237,"diameter_3d":4.573638715453474,"ellipse":{"center":[28.122865612031006,115.70363509679073],"axes":[22.260765241510924,51.925205179850046],"angle":-55.50171466871086},"norm_pos":[0.0878839550375969,0.5179015204300386],"diameter":51.925205179850046,"sphere":{"center":[-6.763749796666403,-9.210257520534356,61.82169740625766],"radius":12.0},"projected_sphere":{"center":[92.16742584119508,27.63178782999104],"axes":[240.69219423428237,240.69219423428237],"angle":90.0},"model_confidence":0.2285482162576069,"model_id":1,"model_birth_timestamp":246252.306372,"theta":2.4017388513543563,"phi":-2.2445508400579506,"method":"3d c++","id":1}
773287,773283,1,246884.221637,27,124,{"topic":"pupil.1","circle_3d":{"center":[-11.830892615965466,-0.3595504125316502,55.49800802922654],"normal":[-0.4222619016082553,0.7375589256668922,-0.5269741147525937],"radius":2.31912949185102},"confidence":0.9939872553265584,"timestamp":246884.221637,"diameter_3d":4.63825898370204,"ellipse":{"center":[27.9046321798223,115.55685531846166],"axes":[22.564354055809513,52.66239846787912],"angle":-55.372130385688905},"norm_pos":[0.08720197556194469,0.5185131028397432],"diameter":52.66239846787912,"sphere":{"center":[-6.763749796666403,-9.210257520534356,61.82169740625766],"radius":12.0},"projected_sphere":{"center":[92.16742584119508,27.63178782999104],"axes":[240.69219423428237,240.69219423428237],"angle":90.0},"model_confidence":0.2289223148275954,"model_id":1,"model_birth_timestamp":246252.306372,"theta":2.400244620572351,"phi":-2.246326610578539,"method":"3d c++","id":1}
773295,773293,1,246884.230037,28,124,{"topic":"pupil.1","circle_3d":{"center":[-11.810995716036716,-0.3516385648670699,55.49317634461206],"normal":[-0.4206038266141928,0.7382182463056071,-0.5273767551371336],"radius":2.3159969070023574},"confidence":0.9932737089806216,"timestamp":246884.230037,"diameter_3d":4.631993814004715,"ellipse":{"center":[28.114837012897624,115.64539657296069],"axes":[22.576975075201535,52.59460306231962],"angle":-55.48370017611461},"norm_pos":[0.08785886566530507,0.5181441809459971],"diameter":52.59460306231962,"sphere":{"center":[-6.763749796666403,-9.210257520534356,61.82169740625766],"radius":12.0},"projected_sphere":{"center":[92.16742584119508,27.63178782999104],"axes":[240.69219423428237,240.69219423428237],"angle":90.0},"model_confidence":0.22895958686887097,"model_id":1,"model_birth_timestamp":246252.306372,"theta":2.4012215041702487,"phi":-2.2440352006330837,"method":"3d c++","id":1}
773308,773304,1,246884.238437,28,124,{"topic":"pupil.1","circle_3d":{"center":[-11.81473722436851,-0.3439409768043653,55.5069561644034],"normal":[-0.4209156189751757,0.7388597119774991,-0.5262284368211887],"radius":2.310736343100679},"confidence":0.9926277969339966,"timestamp":246884.238437,"diameter_3d":4.621472686201358,"ellipse":{"center":[28.104801832866656,115.73514676054646],"axes":[22.45290742938434,52.46178326678203],"angle":-55.50520427176244},"norm_pos":[0.0878275057277083,0.5177702218310565],"diameter":52.46178326678203,"sphere":{"center":[-6.763749796666403,-9.210257520534356,61.82169740625766],"radius":12.0},"projected_sphere":{"center":[92.16742584119508,27.63178782999104],"axes":[240.69219423428237,240.69219423428237],"angle":90.0},"model_confidence":0.2287591150143209,"model_id":1,"model_birth_timestamp":246252.306372,"theta":2.402172936277112,"phi":-2.245459478148492,"method":"3d c++","id":1}
773315,773311,1,246884.246837,27,124,{"topic":"pupil.1","circle_3d":{"center":[-11.821867760118755,-0.35838554481292917,55.49241583618684],"normal":[-0.421509830287696,0.7376559979767856,-0.5274401308392358],"radius":2.3250312703196894},"confidence":0.9927610181575448,"timestamp":246884.246837,"diameter_3d":4.650062540639379,"ellipse":{"center":[27.992546389167245,115.56679247872903],"axes":[22.658747847725532,52.80149337764436],"angle":-55.41145087634226},"norm_pos":[0.08747670746614764,0.5184716980052957],"diameter":52.80149337764436,"sphere":{"center":[-6.763749796666403,-9.210257520534356,61.82169740625766],"radius":12.0},"projected_sphere":{"center":[92.16742584119508,27.63178782999104],"axes":[240.69219423428237,240.69219423428237],"angle":90.0},"model_confidence":0.22872972981513584,"model_id":1,"model_birth_timestamp":246252.306372,"theta":2.4003883824674226,"phi":-2.245025761043363,"method":"3d c++","id":1}
773324,773320,1,246884.255237,28,124,{"topic":"pupil.1","circle_3d":{"center":[-11.809056845749254,-0.35621601327722807,55.48522948096657],"normal":[-0.42044225409023767,0.7378367922714273,-0.5280389937742578],"radius":2.348262483272815},"confidence":0.9943419894686539,"timestamp":246884.255237,"diameter_3d":4.69652496654563,"ellipse":{"center":[28.120078885705198,115.58121292204936],"axes":[22.934698315021635,53.33606187970236],"angle":-55.4696503073414},"norm_pos":[0.08787524651782874,0.5184116128247943],"diameter":53.33606187970236,"sphere":{"center":[-6.763749796666403,-9.210257520534356,61.82169740625766],"radius":12.0},"projected_sphere":{"center":[92.16742584119508,27.63178782999104],"axes":[240.69219423428237,240.69219423428237],"angle":90.0},"model_confidence":0.22885066736312298,"model_id":1,"model_birth_timestamp":246252.306372,"theta":2.4006561949379175,"phi":-2.2432363041956807,"method":"3d c++","id":1}
773331,773326,1,246884.263637,28,124,{"topic":"pupil.1","circle_3d":{"center":[-11.812247047642442,-0.35870290630242785,55.48429601308736],"normal":[-0.4207081042480033,0.7376295511859939,-0.5281167827641917],"radius":2.3511401301916277},"confidence":0.9941010529969619,"timestamp":246884.263637,"diameter_3d":4.702280260383255,"ellipse":{"center":[28.082563497049364,115.55228787970009],"axes":[22.96456982497639,53.40264780832638],"angle":-55.446088947185615},"norm_pos":[0.08775801092827926,0.518532133834583],"diameter":53.40264780832638,"sphere":{"center":[-6.763749796666403,-9.210257520534356,61.82169740625766],"radius":12.0},"projected_sphere":{"center":[92.16742584119508,27.63178782999104],"axes":[240.69219423428237,240.69219423428237],"angle":90.0},"model_confidence":0.22914534858736735,"model_id":1,"model_birth_timestamp":246252.306372,"theta":2.40034921313085,"phi":-2.243472559897483,"method":"3d c++","id":1}
773339,773337,1,246884.272037,28,124,{"topic":"pupil.1","circle_3d":{"center":[-11.816859515959415,-0.36509920139209306,55.47904366558295],"normal":[-0.42109247660775107,0.7370965265951885,-0.5285544783895593],"radius":2.3504012442794546},"confidence":0.9940676413901077,"timestamp":246884.272037,"diameter_3d":4.700802488558909,"ellipse":{"center":[28.018945737786197,115.48048537145412],"axes":[22.979710744675927,53.39136283927929],"angle":-55.39909482077226},"norm_pos":[0.08755920543058186,0.5188313109522744],"diameter":53.39136283927929,"sphere":{"center":[-6.763749796666403,-9.210257520534356,61.82169740625766],"radius":12.0},"projected_sphere":{"center":[92.16742584119508,27.63178782999104],"axes":[240.69219423428237,240.69219423428237],"angle":90.0},"model_confidence":0.2293805660773196,"model_id":1,"model_birth_timestamp":246252.306372,"theta":2.399560127589669,"phi":-2.2435138739075455,"method":"3d c++","id":1}
773347,773343,1,246884.280437,28,124,{"topic":"pupil.1","circle_3d":{"center":[-11.802171011039325,-0.36052347501564697,55.473743484705935],"normal":[-0.4198684345310769,0.7374778371265591,-0.5289961601293104],"radius":2.3268865627110857},"confidence":0.9934497528225369,"timestamp":246884.280437,"diameter_3d":4.6537731254221715,"ellipse":{"center":[28.168770730349934,115.53940463007183],"axes":[22.79004322646493,52.860750684385216],"angle":-55.47588234870031},"norm_pos":[0.08802740853234355,0.5185858140413674],"diameter":52.860750684385216,"sphere":{"center":[-6.763749796666403,-9.210257520534356,61.82169740625766],"radius":12.0},"projected_sphere":{"center":[92.16742584119508,27.63178782999104],"axes":[240.69219423428237,240.69219423428237],"angle":90.0},"model_confidence":0.22950053471612053,"model_id":1,"model_birth_timestamp":246252.306372,"theta":2.40012454758041,"phi":-2.2416888332095604,"method":"3d c++","id":1}
773355,773354,1,246884.288837,28,124,{"topic":"pupil.1","circle_3d":{"center":[-11.814292476406465,-0.3656153738373362,55.47627985206985],"normal":[-0.42087855664500506,0.7370535122247517,-0.5287847961823176],"radius":2.346962858652484},"confidence":0.9931470616696878,"timestamp":246884.288837,"diameter_3d":4.693925717304968,"ellipse":{"center":[28.04090629254614,115.47558685765696],"axes":[22.96257377088433,53.31572403242977],"angle":-55.40641165747601},"norm_pos":[0.08762783216420669,0.5188517214264293],"diameter":53.31572403242977,"sphere":{"center":[-6.763749796666403,-9.210257520534356,61.82169740625766],"radius":12.0},"projected_sphere":{"center":[92.16742584119508,27.63178782999104],"axes":[240.69219423428237,240.69219423428237],"angle":90.0},"model_confidence":0.22933162271651097,"model_id":1,"model_birth_timestamp":246252.306372,"theta":2.3994964790624915,"phi":-2.2430539569759596,"method":"3d c++","id":1}
773362,773360,1,246884.297237,27,124,{"topic":"pupil.1","circle_3d":{"center":[-11.818327649260507,-0.3701521924727409,55.473171552105235],"normal":[-0.42121482104950875,0.7366754440051346,-0.529043821179369],"radius":2.3657828129997176},"confidence":0.9939552290889313,"timestamp":246884.297237,"diameter_3d":4.731565625999435,"ellipse":{"center":[27.989976899721,115.41748056343762],"axes":[23.15924395002073,53.74721028598854],"angle":-55.37006456482979},"norm_pos":[0.08746867781162812,0.5190938309856765],"diameter":53.74721028598854,"sphere":{"center":[-6.763749796666403,-9.210257520534356,61.82169740625766],"radius":12.0},"projected_sphere":{"center":[92.16742584119508,27.63178782999104],"axes":[240.69219423428237,240.69219423428237],"angle":90.0},"model_confidence":0.22928404499875654,"model_id":1,"model_birth_timestamp":246252.306372,"theta":2.3989372400094613,"phi":-2.243204479577545,"method":"3d c++","id":1}
773371,773365,1,246884.305637,27,124,{"topic":"pupil.1","circle_3d":{"center":[-11.820146129805124,-0.3674076452267201,55.47844412383286],"normal":[-0.4213663610948935,0.7369041562756363,-0.5286044402020669],"radius":2.3808323059835006},"confidence":0.9946061480766157,"timestamp":246884.305637,"diameter_3d":4.761664611967001,"ellipse":{"center":[27.982951132090733,115.44320719109245],"axes":[23.277895813146685,54.08440005619669],"angle":-55.37582053830906},"norm_pos":[0.08744672228778354,0.5189866367037814],"diameter":54.08440005619669,"sphere":{"center":[-6.763749796666403,-9.210257520534356,61.82169740625766],"radius":12.0},"projected_sphere":{"center":[92.16742584119508,27.63178782999104],"axes":[240.69219423428237,240.69219423428237],"angle":90.0},"model_confidence":0.22965140689984453,"model_id":1,"model_birth_timestamp":246252.306372,"theta":2.399275510791394,"phi":-2.243784705955186,"method":"3d c++","id":1}
773379,773377,1,246884.314037,28,124,{"topic":"pupil.1","circle_3d":{"center":[-11.79898633979197,-0.37319627536218647,55.453593959873565],"normal":[-0.4196030452604638,0.7364217704310141,-0.5306752871986746],"radius":2.3537086081604466},"confidence":0.9930933020723235,"timestamp":246884.314037,"diameter_3d":4.707417216320893,"ellipse":{"center":[28.15928888047179,115.38498996392595],"axes":[23.159617534849552,53.4907343847834],"angle":-55.4291358689953},"norm_pos":[0.08799777775147435,0.5192292084836418],"diameter":53.4907343847834,"sphere":{"center":[-6.763749796666403,-9.210257520534356,61.82169740625766],"radius":12.0},"projected_sphere":{"center":[92.16742584119508,27.63178782999104],"axes":[240.69219423428237,240.69219423428237],"angle":90.0},"model_confidence":0.2295098141526064,"model_id":1,"model_birth_timestamp":246252.306372,"theta":2.3985621966173256,"phi":-2.2398385479021568,"method":"3d c++","id":1}
773394,773394,1,246884.322437,28,124,{"topic":"pupil.1","circle_3d":{"center":[-11.815107493859495,-0.36354228505170916,55.479819533159876],"normal":[-0.420946474766091,0.7372262696235539,-0.5284898227581489],"radius":2.369730639063809},"confidence":0.9936036619595168,"timestamp":246884.322437,"diameter_3d":4.739461278127618,"ellipse":{"center":[28.041535956602615,115.49068636300976],"axes":[23.166886833009226,53.83015038968401],"angle":-55.41278654631259},"norm_pos":[0.08762979986438317,0.5187888068207926],"diameter":53.83015038968401,"sphere":{"center":[-6.763749796666403,-9.210257520534356,61.82169740625766],"radius":12.0},"projected_sphere":{"center":[92.16742584119508,27.63178782999104],"axes":[240.69219423428237,240.69219423428237],"angle":90.0},"model_confidence":0.2293733185655289,"model_id":1,"model_birth_timestamp":246252.306372,"theta":2.399752135611995,"phi":-2.243404490012127,"method":"3d c++","id":1}
773399,773394,1,246884.330837,28,124,{"topic":"pupil.1","circle_3d":{"center":[-11.798413995321917,-0.3727959081550072,55.4536970406407],"normal":[-0.41955534988795956,0.7364551343649457,-0.5306666971347472],"radius":2.385178760983778},"confidence":0.9943824572695612,"timestamp":246884.330837,"diameter_3d":4.770357521967556,"ellipse":{"center":[28.16801120864082,115.37754121944653],"axes":[23.470100385807847,54.20676848625842],"angle":-55.4329528716828},"norm_pos":[0.08802503502700257,0.5192602449189728],"diameter":54.20676848625842,"sphere":{"center":[-6.763749796666403,-9.210257520534356,61.82169740625766],"radius":12.0},"projected_sphere":{"center":[92.16742584119508,27.63178782999104],"axes":[240.69219423428237,240.69219423428237],"angle":90.0},"model_confidence":0.22946443611022715,"model_id":1,"model_birth_timestamp":246252.306372,"theta":2.3986115147393683,"phi":-2.2397911187753343,"method":"3d c++","id":1}
773408,773405,1,246884.339237,28,124,{"topic":"pupil.1","circle_3d":{"center":[-11.799715991603524,-0.3734800708923185,55.45377711867958],"normal":[-0.41966384957809344,0.7363981208035031,-0.53066002396484],"radius":2.3808197364494847},"confidence":0.9939328229120886,"timestamp":246884.339237,"diameter_3d":4.7616394728989695,"ellipse":{"center":[28.153393294030792,115.37159093850497],"axes":[23.425409888666916,54.10757333420976],"angle":-55.42488559189238},"norm_pos":[0.08797935404384623,0.5192850377562293],"diameter":54.10757333420976,"sphere":{"center":[-6.763749796666403,-9.210257520534356,61.82169740625766],"radius":12.0},"projected_sphere":{"center":[92.16742584119508,27.63178782999104],"axes":[240.69219423428237,240.69219423428237],"angle":90.0},"model_confidence":0.22966110209391433,"model_id":1,"model_birth_timestamp":246252.306372,"theta":2.398527239656908,"phi":-2.2399230395234895,"method":"3d c++","id":1}
773414,773410,1,246884.347637,28,124,{"topic":"pupil.1","circle_3d":{"center":[-11.812564043765862,-0.36702566560972016,55.472939649158114],"normal":[-0.42073452059162164,0.7369359879103863,-0.5290631464249625],"radius":2.3956868517848333},"confidence":0.994112790321108,"timestamp":246884.347637,"diameter_3d":4.791373703569667,"ellipse":{"center":[28.055646049445585,115.4409259864828],"axes":[23.459621738354258,54.42737655920778],"angle":-55.40609507262644},"norm_pos":[0.08767389390451745,0.5189961417229884],"diameter":54.42737655920778,"sphere":{"center":[-6.763749796666403,-9.210257520534356,61.82169740625766],"radius":12.0},"projected_sphere":{"center":[92.16742584119508,27.63178782999104],"axes":[240.69219423428237,240.69219423428237],"angle":90.0},"model_confidence":0.2297127759246287,"model_id":1,"model_birth_timestamp":246252.306372,"theta":2.3993226004095694,"phi":-2.242630797296264,"method":"3d c++","id":1}
773423,773422,1,246884.356037,28,124,{"topic":"pupil.1","circle_3d":{"center":[-11.805893688228917,-0.3814411109788942,55.44762603992177],"normal":[-0.4201786576302094,0.7357347007962884,-0.5311726138613239],"radius":2.393127171041423},"confidence":0.9944138523527748,"timestamp":246884.356037,"diameter_3d":4.786254342082846,"ellipse":{"center":[28.07111493327392,115.27716482475955],"axes":[23.57278541110753,54.394308021955844],"angle":-55.364566670490206},"norm_pos":[0.08772223416648099,0.5196784798968352],"diameter":54.394308021955844,"sphere":{"center":[-6.763749796666403,-9.210257520534356,61.82169740625766],"radius":12.0},"projected_sphere":{"center":[92.16742584119508,27.63178782999104],"axes":[240.69219423428237,240.69219423428237],"angle":90.0},"model_confidence":0.22994067504596982,"model_id":1,"model_birth_timestamp":246252.306372,"theta":2.3975471672895967,"phi":-2.2400497786339817,"method":"3d c++","id":1}
773430,773427,1,246884.364437,27,124,{"topic":"pupil.1","circle_3d":{"center":[-11.835825909900702,-0.3801252266851325,55.47324818029081],"normal":[-0.4226730094361915,0.7358443578207686,-0.5290374354972377],"radius":2.39436297223319},"confidence":0.9942121218668418,"timestamp":246884.364437,"diameter_3d":4.78872594446638,"ellipse":{"center":[27.79712177885301,115.29554445400316],"axes":[23.422148937501554,54.39850621735111],"angle":-55.25775662955425},"norm_pos":[0.08686600555891566,0.5196018981083201],"diameter":54.39850621735111,"sphere":{"center":[-6.763749796666403,-9.210257520534356,61.82169740625766],"radius":12.0},"projected_sphere":{"center":[92.16742584119508,27.63178782999104],"axes":[240.69219423428237,240.69219423428237],"angle":90.0},"model_confidence":0.2302005512582972,"model_id":1,"model_birth_timestamp":246252.306372,"theta":2.397709091920156,"phi":-2.244895024553858,"method":"3d c++","id":1}
773441,773438,1,246884.372837,27,124,{"topic":"pupil.1","circle_3d":{"center":[-11.864991702522143,-0.40091924565328263,55.467730914635546],"normal":[-0.42510349215464505,0.7341115229067561,-0.5294972076351763],"radius":2.4174801566040256},"confidence":0.9945980821865722,"timestamp":246884.372837,"diameter_3d":4.834960313208051,"ellipse":{"center":[27.460951870674137,115.05411015084697],"axes":[23.648834093207924,54.93205774478881],"angle":-55.05157481872425},"norm_pos":[0.08581547459585667,0.520607874371471],"diameter":54.93205774478881,"sphere":{"center":[-6.763749796666403,-9.210257520534356,61.82169740625766],"radius":12.0},"projected_sphere":{"center":[92.16742584119508,27.63178782999104],"axes":[240.69219423428237,240.69219423428237],"angle":90.0},"model_confidence":0.23037819855151742,"model_id":1,"model_birth_timestamp":246252.306372,"theta":2.395153628119313,"phi":-2.247268822802217,"method":"3d c++","id":1}
773446,773443,1,246884.381237,27,124,{"topic":"pupil.1","circle_3d":{"center":[-11.84646745484915,-0.40430024226493266,55.44822914945344],"normal":[-0.42355980484856237,0.7338297731891186,-0.5311223547336853],"radius":2.4052299869664924},"confidence":0.994584227986606,"timestamp":246884.381237,"diameter_3d":4.810459973932985,"ellipse":{"center":[27.621143512672973,115.01785143867592],"axes":[23.649007503619313,54.67189952606238],"angle":-55.10542637857776},"norm_pos":[0.08631607347710304,0.5207589523388503],"diameter":54.67189952606238,"sphere":{"center":[-6.763749796666403,-9.210257520534356,61.82169740625766],"radius":12.0},"projected_sphere":{"center":[92.16742584119508,27.63178782999104],"axes":[240.69219423428237,240.69219423428237],"angle":90.0},"model_confidence":0.2305816200783961,"model_id":1,"model_birth_timestamp":246252.306372,"theta":2.3947387907663304,"phi":-2.2439991957771257,"method":"3d c++","id":1}
773455,773449,1,246884.389637,27,125,{"topic":"pupil.1","circle_3d":{"center":[-11.842089721496157,-0.4084613635554426,55.43899828920135],"normal":[-0.4231949937358128,0.7334830130815762,-0.5318915930880257],"radius":2.425208489858263},"confidence":0.9950914792521458,"timestamp":246884.389637,"diameter_3d":4.850416979716526,"ellipse":{"center":[27.6498722645608,114.96218995399511],"axes":[23.899046826576495,55.13583952394242],"angle":-55.102412893711744},"norm_pos":[0.08640585082675249,0.5209908751916871],"diameter":55.13583952394242,"sphere":{"center":[-6.763749796666403,-9.210257520534356,61.82169740625766],"radius":12.0},"projected_sphere":{"center":[92.16742584119508,27.63178782999104],"axes":[240.69219423428237,240.69219423428237],"angle":90.0},"model_confidence":0.23103688659917854,"model_id":1,"model_birth_timestamp":246252.306372,"theta":2.3942284896727104,"phi":-2.2428739550119707,"method":"3d c++","id":1}
773462,773460,1,246884.398037,27,124,{"topic":"pupil.1","circle_3d":{"center":[-11.84676350372061,-0.4041010265368268,55.44874052133178],"normal":[-0.4235844755878505,0.7338463744997941,-0.5310797404104902],"radius":2.4148918072658634},"confidence":0.9949665895108577,"timestamp":246884.398037,"diameter_3d":4.829783614531727,"ellipse":{"center":[27.61970733720304,115.01643876224804],"axes":[23.741278936631602,54.89132456833175],"angle":-55.105176467343455},"norm_pos":[0.0863115854287595,0.5207648384906332],"diameter":54.89132456833175,"sphere":{"center":[-6.763749796666403,-9.210257520534356,61.82169740625766],"radius":12.0},"projected_sphere":{"center":[92.16742584119508,27.63178782999104],"axes":[240.69219423428237,240.69219423428237],"angle":90.0},"model_confidence":0.23150636072162278,"model_id":1,"model_birth_timestamp":246252.306372,"theta":2.394763228737263,"phi":-2.2440667020224576,"method":"3d c++","id":1}
773475,773471,1,246884.406437,27,124,{"topic":"pupil.1","circle_3d":{"center":[-11.842548970350968,-0.3960512462779473,55.4565134569723],"normal":[-0.42323326447371384,0.7345171895213674,-0.5304319957737799],"radius":2.412713140849211},"confidence":0.9943996141109346,"timestamp":246884.406437,"diameter_3d":4.825426281698422,"ellipse":{"center":[27.684591909550562,115.10829577505305],"axes":[23.68321389427411,54.83351852726622],"angle":-55.15843689475912},"norm_pos":[0.0865143497173455,0.5203821009372789],"diameter":54.83351852726622,"sphere":{"center":[-6.763749796666403,-9.210257520534356,61.82169740625766],"radius":12.0},"projected_sphere":{"center":[92.16742584119508,27.63178782999104],"axes":[240.69219423428237,240.69219423428237],"angle":90.0},"model_confidence":0.23179009801471695,"model_id":1,"model_birth_timestamp":246252.306372,"theta":2.3957512429179832,"phi":-2.244257283148837,"method":"3d c++","id":1}
773483,773482,1,246884.414837,27,125,{"topic":"pupil.1","circle_3d":{"center":[-11.835451716748079,-0.4067627758023171,55.4360635369135],"normal":[-0.4226418266734729,0.7336245620610031,-0.53213615577868],"radius":2.418039055059812},"confidence":0.9945528300017585,"timestamp":246884.414837,"diameter_3d":4.836078110119624,"ellipse":{"center":[27.716536858107816,114.98340028478779],"axes":[23.850266304667183,54.97517005686495],"angle":-55.13534438779132},"norm_pos":[0.08661417768158693,0.5209024988133841],"diameter":54.97517005686495,"sphere":{"center":[-6.763749796666403,-9.210257520534356,61.82169740625766],"radius":12.0},"projected_sphere":{"center":[92.16742584119508,27.63178782999104],"axes":[240.69219423428237,240.69219423428237],"angle":90.0},"model_confidence":0.23197563964656442,"model_id":1,"model_birth_timestamp":246252.306372,"theta":2.394436762834373,"phi":-2.242012894873254,"method":"3d c++","id":1}
773491,773487,1,246884.423237,27,124,{"topic":"pupil.1","circle_3d":{"center":[-11.847632689188709,-0.4004450205082133,55.45448934859988],"normal":[-0.42365690771019215,0.7341510416688452,-0.5306006714714817],"radius":2.439794646134379},"confidence":0.9952205154477416,"timestamp":246884.423237,"diameter_3d":4.879589292268758,"ellipse":{"center":[27.62513083900751,115.0485065998466],"axes":[23.95539527553467,55.452315936941496],"angle":-55.11873922751167},"norm_pos":[0.08632853387189847,0.5206312225006391],"diameter":55.452315936941496,"sphere":{"center":[-6.763749796666403,-9.210257520534356,61.82169740625766],"radius":12.0},"projected_sphere":{"center":[92.16742584119508,27.63178782999104],"axes":[240.69219423428237,240.69219423428237],"angle":90.0},"model_confidence":0.23238811301782292,"model_id":1,"model_birth_timestamp":246252.306372,"theta":2.3952118288886517,"phi":-2.244590052910523,"method":"3d c++","id":1}
773498,773493,1,246884.431637,27,125,{"topic":"pupil.1","circle_3d":{"center":[-11.858899299251974,-0.41450124957777135,55.44407064011416],"normal":[-0.42459579188213087,0.732979689246382,-0.5314688971786247],"radius":2.422540014090608},"confidence":0.9947804647549585,"timestamp":246884.431637,"diameter_3d":4.845080028181216,"ellipse":{"center":[27.47412777642603,114.89677591570222],"axes":[23.829144382328227,55.07102068078724],"angle":-55.011182117756675},"norm_pos":[0.08585664930133134,0.5212634336845741],"diameter":55.07102068078724,"sphere":{"center":[-6.763749796666403,-9.210257520534356,61.82169740625766],"radius":12.0},"projected_sphere":{"center":[92.16742584119508,27.63178782999104],"axes":[240.69219423428237,240.69219423428237],"angle":90.0},"model_confidence":0.2327144246282553,"model_id":1,"model_birth_timestamp":246252.306372,"theta":2.3934882849033516,"phi":-2.244872252950569,"method":"3d c++","id":1}
773508,773504,1,246884.440037,27,125,{"topic":"pupil.1","circle_3d":{"center":[-11.847577765380752,-0.40748768712473193,55.44471250392872],"normal":[-0.4236523307261957,0.7335641527841352,-0.531415408527412],"radius":2.4244004738820415},"confidence":0.9945906777899405,"timestamp":246884.440037,"diameter_3d":4.848800947764083,"ellipse":{"center":[27.601933044659518,114.97433316738714],"axes":[23.85543745760082,55.11195310776369],"angle":-55.086308737886526},"norm_pos":[0.08625604076456099,0.5209402784692203],"diameter":55.11195310776369,"sphere":{"center":[-6.763749796666403,-9.210257520534356,61.82169740625766],"radius":12.0},"projected_sphere":{"center":[92.16742584119508,27.63178782999104],"axes":[240.69219423428237,240.69219423428237],"angle":90.0},"model_confidence":0.23303460703478773,"model_id":1,"model_birth_timestamp":246252.306372,"theta":2.3943478717537707,"phi":-2.2438367849475944,"method":"3d c++","id":1}
773514,773509,1,246884.448437,27,124,{"topic":"pupil.1","circle_3d":{"center":[-11.83969421097797,-0.39937331440622614,55.449640610448235],"normal":[-0.4229953678592973,0.7342403505106775,-0.5310047329841188],"radius":2.4146266085671173},"confidence":0.9949031213825134,"timestamp":246884.448437,"diameter_3d":4.829253217134235,"ellipse":{"center":[27.700565297225978,115.06938148996777],"axes":[23.74097306536341,54.8838930262745],"angle":-55.153729292519046},"norm_pos":[0.08656426655383118,0.520544243791801],"diameter":54.8838930262745,"sphere":{"center":[-6.763749796666403,-9.210257520534356,61.82169740625766],"radius":12.0},"projected_sphere":{"center":[92.16742584119508,27.63178782999104],"axes":[240.69219423428237,240.69219423428237],"angle":90.0},"model_confidence":0.23336922349177502,"model_id":1,"model_birth_timestamp":246252.306372,"theta":2.395343370877055,"phi":-2.243457197954451,"method":"3d c++","id":1}
773523,773521,1,246884.456837,27,124,{"topic":"pupil.1","circle_3d":{"center":[-11.822538795189011,-0.3977507692561524,55.43825173584558],"normal":[-0.42156574987688394,0.7343755626065169,-0.5319538058676732],"radius":2.428962430099831},"confidence":0.9948681618137395,"timestamp":246884.456837,"diameter_3d":4.857924860199662,"ellipse":{"center":[27.86632045026215,115.07998676490135],"axes":[23.959651187376046,55.220746453025804],"angle":-55.22581336085682},"norm_pos":[0.08708225140706922,0.5205000551462444],"diameter":55.220746453025804,"sphere":{"center":[-6.763749796666403,-9.210257520534356,61.82169740625766],"radius":12.0},"projected_sphere":{"center":[92.16742584119508,27.63178782999104],"axes":[240.69219423428237,240.69219423428237],"angle":90.0},"model_confidence":0.23363391371468145,"model_id":1,"model_birth_timestamp":246252.306372,"theta":2.3955425588743364,"phi":-2.2409385147850474,"method":"3d c++","id":1}
773531,773526,1,246884.465237,27,125,{"topic":"pupil.1","circle_3d":{"center":[-11.84865924063903,-0.4162469907140647,55.433499323229256],"normal":[-0.42374245366438557,0.7328342108183576,-0.5323498402523674],"radius":2.4228475532490754},"confidence":0.9946653239142448,"timestamp":246884.465237,"diameter_3d":4.845695106498151,"ellipse":{"center":[27.56368830813733,114.8753759490308],"axes":[23.89814158654196,55.0881693622993],"angle":-55.04151098324252},"norm_pos":[0.08613652596292916,0.5213526002123716],"diameter":55.0881693622993,"sphere":{"center":[-6.763749796666403,-9.210257520534356,61.82169740625766],"radius":12.0},"projected_sphere":{"center":[92.16742584119508,27.63178782999104],"axes":[240.69219423428237,240.69219423428237],"angle":90.0},"model_confidence":0.23423842453441646,"model_id":1,"model_birth_timestamp":246252.306372,"theta":2.3932744494617406,"phi":-2.2430842599506544,"method":"3d c++","id":1}
773539,773537,1,246884.473637,27,125,{"topic":"pupil.1","circle_3d":{"center":[-11.841661373071698,-0.4113830804624605,55.43463058258511],"normal":[-0.4231592980337746,0.7332395366726578,-0.5322555686393794],"radius":2.43698264683522},"confidence":0.9953115131900346,"timestamp":246884.473637,"diameter_3d":4.87396529367044,"ellipse":{"center":[27.645328296901937,114.9242917496869],"axes":[24.038981999824493,55.408378207127896],"angle":-55.09036203546083},"norm_pos":[0.08639165092781856,0.5211487843763045],"diameter":55.408378207127896,"sphere":{"center":[-6.763749796666403,-9.210257520534356,61.82169740625766],"radius":12.0},"projected_sphere":{"center":[92.16742584119508,27.63178782999104],"axes":[240.69219423428237,240.69219423428237],"angle":90.0},"model_confidence":0.2346128914593515,"model_id":1,"model_birth_timestamp":246252.306372,"theta":2.3938703513947135,"phi":-2.242499602090791,"method":"3d c++","id":1}
773547,773543,1,246884.482037,27,125,{"topic":"pupil.1","circle_3d":{"center":[-11.843892392889316,-0.40701374384217104,55.4424301904897],"normal":[-0.42334521635190936,0.7336036480576821,-0.5316056013139965],"radius":2.4181448417995988},"confidence":0.9944698821004957,"timestamp":246884.482037,"diameter_3d":4.8362896835991975,"ellipse":{"center":[27.637261316560284,114.98164701915195],"axes":[23.809399006456587,54.971633442527484],"angle":-55.10240860659718},"norm_pos":[0.08636644161425089,0.5209098040868669],"diameter":54.971633442527484,"sphere":{"center":[-6.763749796666403,-9.210257520534356,61.82169740625766],"radius":12.0},"projected_sphere":{"center":[92.16742584119508,27.63178782999104],"axes":[240.69219423428237,240.69219423428237],"angle":90.0},"model_confidence":0.2351447393894479,"model_id":1,"model_birth_timestamp":246252.306372,"theta":2.3944059873183132,"phi":-2.2433089545269715,"method":"3d c++","id":1}
773559,773555,1,246884.490437,27,125,{"topic":"pupil.1","circle_3d":{"center":[-11.845822317422233,-0.41424364366069,55.43399995164818],"normal":[-0.4235060433963191,0.7330011564061387,-0.5323081212174566],"radius":2.421136192066793},"confidence":0.9946453678820134,"timestamp":246884.490437,"diameter_3d":4.842272384133586,"ellipse":{"center":[27.59635548111291,114.89845743600603],"axes":[23.881413468476556,55.04849886604868],"angle":-55.06150951156832},"norm_pos":[0.08623861087847784,0.5212564273499749],"diameter":55.04849886604868,"sphere":{"center":[-6.763749796666403,-9.210257520534356,61.82169740625766],"radius":12.0},"projected_sphere":{"center":[92.16742584119508,27.63178782999104],"axes":[240.69219423428237,240.69219423428237],"angle":90.0},"model_confidence":0.23549140528538182,"model_id":1,"model_birth_timestamp":246252.306372,"theta":2.3935198431660867,"phi":-2.242850535994734,"method":"3d c++","id":1}
773567,773566,1,246884.498837,27,125,{"topic":"pupil.1","circle_3d":{"center":[-11.839349149986173,-0.41104278636149516,55.43326166137495],"normal":[-0.4229666127766475,0.7332678945144051,-0.5323696454068927],"radius":2.420200982598159},"confidence":0.9947785231156736,"timestamp":246884.498837,"diameter_3d":4.840401965196318,"ellipse":{"center":[27.66673104745783,114.93437403452376],"axes":[23.88251638824167,55.02752500514698],"angle":-55.10075881795521},"norm_pos":[0.08645853452330572,0.5211067748561511],"diameter":55.02752500514698,"sphere":{"center":[-6.763749796666403,-9.210257520534356,61.82169740625766],"radius":12.0},"projected_sphere":{"center":[92.16742584119508,27.63178782999104],"axes":[240.69219423428237,240.69219423428237],"angle":90.0},"model_confidence":0.23622091897528286,"model_id":1,"model_birth_timestamp":246252.306372,"theta":2.393912056854686,"phi":-2.2421733686287935,"method":"3d c++","id":1}
773576,773571,1,246884.507237,27,125,{"topic":"pupil.1","circle_3d":{"center":[-11.855361886915718,-0.4224545587391688,55.430296509185816],"normal":[-0.42430100752077626,0.7323169134829322,-0.5326167414226537],"radius":2.425175510615001},"confidence":0.994559025260091,"timestamp":246884.507237,"diameter_3d":4.850351021230002,"ellipse":{"center":[27.48168245043064,114.80471853960651],"axes":[23.931354829952852,55.14491446910051],"angle":-54.987416183746774},"norm_pos":[0.08588025765759574,0.5216470060849729],"diameter":55.14491446910051,"sphere":{"center":[-6.763749796666403,-9.210257520534356,61.82169740625766],"radius":12.0},"projected_sphere":{"center":[92.16742584119508,27.63178782999104],"axes":[240.69219423428237,240.69219423428237],"angle":90.0},"model_confidence":0.23664536112880663,"model_id":1,"model_birth_timestamp":246252.306372,"theta":2.392514484358932,"phi":-2.243481919461927,"method":"3d c++","id":1}
773583,773582,1,246884.515637,27,125,{"topic":"pupil.1","circle_3d":{"center":[-11.870964574598032,-0.4386975750506963,55.42044023794584],"normal":[-0.4256012314943024,0.730963328790305,-0.5334380973593186],"radius":2.436111062728105},"confidence":0.9952182123131388,"timestamp":246884.515637,"diameter_3d":4.87222212545621,"ellipse":{"center":[27.285563158168543,114.61764156442956],"axes":[24.07609181915834,55.40514669185271],"angle":-54.853101023023754},"norm_pos":[0.0852673848692767,0.5224264934815435],"diameter":55.40514669185271,"sphere":{"center":[-6.763749796666403,-9.210257520534356,61.82169740625766],"radius":12.0},"projected_sphere":{"center":[92.16742584119508,27.63178782999104],"axes":[240.69219423428237,240.69219423428237],"angle":90.0},"model_confidence":0.2374060722044824,"model_id":1,"model_birth_timestamp":246252.306372,"theta":2.390528855213321,"phi":-2.24422222080219,"method":"3d c++","id":1}
773592,773587,1,246884.524037,27,125,{"topic":"pupil.1","circle_3d":{"center":[-11.863150050583116,-0.42738847033974814,55.42972366589484],"normal":[-0.4249500211597261,0.731905754182884,-0.5326644783635682],"radius":2.4212078292997816},"confidence":0.9944937877321123,"timestamp":246884.524037,"diameter_3d":4.842415658599563,"ellipse":{"center":[27.393242707287243,114.75115432971842],"axes":[23.887319753227835,55.055677053872294],"angle":-54.93522801816977},"norm_pos":[0.08560388346027263,0.52187019029284],"diameter":55.055677053872294,"sphere":{"center":[-6.763749796666403,-9.210257520534356,61.82169740625766],"radius":12.0},"projected_sphere":{"center":[92.16742584119508,27.63178782999104],"axes":[240.69219423428237,240.69219423428237],"angle":90.0},"model_confidence":0.23799584149692965,"model_id":1,"model_birth_timestamp":246252.306372,"theta":2.391910890134071,"phi":-2.244183237799509,"method":"3d c++","id":1}
773599,773593,1,246884.532437,27,125,{"topic":"pupil.1","circle_3d":{"center":[-11.87266492170776,-0.4283322140433583,55.436027969437696],"normal":[-0.4257429270867798,0.7318271088742497,-0.5321391197349974],"radius":2.4419136342239764},"confidence":0.9955681345655925,"timestamp":246884.532437,"diameter_3d":4.883827268447953,"ellipse":{"center":[27.303354553544864,114.73368937940164],"axes":[24.049051344312893,55.521311048509396],"angle":-54.895032820165824},"norm_pos":[0.0853229829798277,0.5219429609191598],"diameter":55.521311048509396,"sphere":{"center":[-6.763749796666403,-9.210257520534356,61.82169740625766],"radius":12.0},"projected_sphere":{"center":[92.16742584119508,27.63178782999104],"axes":[240.69219423428237,240.69219423428237],"angle":90.0},"model_confidence":0.2388936202251446,"model_id":1,"model_birth_timestamp":246252.306372,"theta":2.39179548104027,"phi":-2.2455735129579417,"method":"3d c++","id":1}
773609,773604,1,246884.540837,27,125,{"topic":"pupil.1","circle_3d":{"center":[-11.882292884628786,-0.43680702348013867,55.43208998229086],"normal":[-0.4265452573301986,0.7311208747545181,-0.5324672853305664],"radius":2.455598898857854},"confidence":0.9957077891439051,"timestamp":246884.540837,"diameter_3d":4.911197797715708,"ellipse":{"center":[27.18785383822754,114.63317056699738],"axes":[24.19544647920787,55.8376685898028],"angle":-54.81938564387934},"norm_pos":[0.08496204324446106,0.5223617893041776],"diameter":55.8376685898028,"sphere":{"center":[-6.763749796666403,-9.210257520534356,61.82169740625766],"radius":12.0},"projected_sphere":{"center":[92.16742584119508,27.63178782999104],"axes":[240.69219423428237,240.69219423428237],"angle":90.0},"model_confidence":0.23980229044310297,"model_id":1,"model_birth_timestamp":246252.306372,"theta":2.390759748507692,"phi":-2.2461912998081015,"method":"3d c++","id":1}
773615,773609,1,246884.549237,27,125,{"topic":"pupil.1","circle_3d":{"center":[-11.875579348197508,-0.4395739466045505,55.4229234391534],"normal":[-0.4259857959609255,0.7308902978274837,-0.533231163925355],"radius":2.4315478773523878},"confidence":0.9946743904131291,"timestamp":246884.549237,"diameter_3d":4.8630957547047755,"ellipse":{"center":[27.239569899956535,114.61009056831239],"axes":[24.0130815612332,55.29897000535328],"angle":-54.83175501193509},"norm_pos":[0.08512365593736418,0.522457955965365],"diameter":55.29897000535328,"sphere":{"center":[-6.763749796666403,-9.210257520534356,61.82169740625766],"radius":12.0},"projected_sphere":{"center":[92.16742584119508,27.63178782999104],"axes":[240.69219423428237,240.69219423428237],"angle":90.0},"model_confidence":0.24048947220819406,"model_id":1,"model_birth_timestamp":246252.306372,"theta":2.390421843217636,"phi":-2.2448517752973256,"method":"3d c++","id":1}
773623,773621,1,246884.557637,27,125,{"topic":"pupil.1","circle_3d":{"center":[-11.87730898422463,-0.43868732188702,55.425521307560814],"normal":[-0.4261299322965189,0.7309641832206113,-0.5330146748914038],"radius":2.4261958817115192},"confidence":0.9949143223794135,"timestamp":246884.557637,"diameter_3d":4.8523917634230385,"ellipse":{"center":[27.225956933494047,114.62251677946907],"axes":[23.944629857917903,55.17452740033925],"angle":-54.82945246213609},"norm_pos":[0.0850811154171689,0.5224061800855455],"diameter":55.17452740033925,"sphere":{"center":[-6.763749796666403,-9.210257520534356,61.82169740625766],"radius":12.0},"projected_sphere":{"center":[92.16742584119508,27.63178782999104],"axes":[240.69219423428237,240.69219423428237],"angle":90.0},"model_confidence":0.24126221415678994,"model_id":1,"model_birth_timestamp":246252.306372,"theta":2.3905301072794334,"phi":-2.245214804660611,"method":"3d c++","id":1}
773631,773627,1,246884.566037,27,125,{"topic":"pupil.1","circle_3d":{"center":[-11.88548002342542,-0.4429441344490712,55.42622279724913],"normal":[-0.42681085222991805,0.7306094488404404,-0.5329562174173775],"radius":2.4454516837057465},"confidence":0.9948328905207039,"timestamp":246884.566037,"diameter_3d":4.890903367411493,"ellipse":{"center":[27.13790139616617,114.56768281157642],"axes":[24.12317281307701,55.612883768900154],"angle":-54.77888876074218},"norm_pos":[0.08480594186301929,0.5226346549517649],"diameter":55.612883768900154,"sphere":{"center":[-6.763749796666403,-9.210257520534356,61.82169740625766],"radius":12.0},"projected_sphere":{"center":[92.16742584119508,27.63178782999104],"axes":[240.69219423428237,240.69219423428237],"angle":90.0},"model_confidence":0.2417676979030614,"model_id":1,"model_birth_timestamp":246252.306372,"theta":2.3900104304521674,"phi":-2.2460471909754025,"method":"3d c++","id":1}
773644,773638,1,246884.574437,27,125,{"topic":"pupil.1","circle_3d":{"center":[-11.888302026679666,-0.44753695776797286,55.42219017673308],"normal":[-0.4270460191677719,0.7302267135638651,-0.5332922691270481],"radius":2.4521756886436674},"confidence":0.9951220931477773,"timestamp":246884.574437,"diameter_3d":4.904351377287335,"ellipse":{"center":[27.09752641010951,114.51312065993247],"axes":[24.208330343006836,55.770395489795504],"angle":-54.74684503650269},"norm_pos":[0.08467977003159222,0.5228619972502814],"diameter":55.770395489795504,"sphere":{"center":[-6.763749796666403,-9.210257520534356,61.82169740625766],"radius":12.0},"projected_sphere":{"center":[92.16742584119508,27.63178782999104],"axes":[240.69219423428237,240.69219423428237],"angle":90.0},"model_confidence":0.24245244216152262,"model_id":1,"model_birth_timestamp":246252.306372,"theta":2.3894500569181427,"phi":-2.2460083972995366,"method":"3d c++","id":1}
773650,773650,1,246884.582837,26,125,{"topic":"pupil.1","circle_3d":{"center":[-11.907295045903902,-0.44775160944243275,55.43715103027092],"normal":[-0.4286287707697916,0.7302088259243269,-0.5320455313322286],"radius":2.445139652019231},"confidence":0.9952487139667725,"timestamp":246884.582837,"diameter_3d":4.890279304038462,"ellipse":{"center":[26.92021973596323,114.51618110510236],"axes":[24.039837971944948,55.59593709404316],"angle":-54.67504155649215},"norm_pos":[0.0841256866748851,0.5228492453954068],"diameter":55.59593709404316,"sphere":{"center":[-6.763749796666403,-9.210257520534356,61.82169740625766],"radius":12.0},"projected_sphere":{"center":[92.16742584119508,27.63178782999104],"axes":[240.69219423428237,240.69219423428237],"angle":90.0},"model_confidence":0.24358727356889043,"model_id":1,"model_birth_timestamp":246252.306372,"theta":2.3894238753303854,"phi":-2.248957280451558,"method":"3d c++","id":1}
773659,773655,1,246884.591237,26,125,{"topic":"pupil.1","circle_3d":{"center":[-11.899789627657878,-0.44647745256743576,55.43285918833613],"normal":[-0.42800331924928964,0.73031500566391,-0.5324031848267943],"radius":2.456606719068951},"confidence":0.9948954236273975,"timestamp":246884.591237,"diameter_3d":4.913213438137902,"ellipse":{"center":[26.994695570852656,114.52512251977332],"axes":[24.183469273948756,55.86100262176531],"angle":-54.7088859314284},"norm_pos":[0.08435842365891455,0.5228119895009444],"diameter":55.86100262176531,"sphere":{"center":[-6.763749796666403,-9.210257520534356,61.82169740625766],"radius":12.0},"projected_sphere":{"center":[92.16742584119508,27.63178782999104],"axes":[240.69219423428237,240.69219423428237],"angle":90.0},"model_confidence":0.24412255036078134,"model_id":1,"model_birth_timestamp":246252.306372,"theta":2.3895792980840085,"phi":-2.2479158167694955,"method":"3d c++","id":1}
773667,773666,1,246884.599637,27,125,{"topic":"pupil.1","circle_3d":{"center":[-11.88603846929155,-0.4497102668975135,55.417404270314236],"normal":[-0.426857389385429,0.7300456044697369,-0.5336910946619521],"radius":2.4418010362431795},"confidence":0.9951937217442731,"timestamp":246884.599637,"diameter_3d":4.883602072486359,"ellipse":{"center":[27.11083092719022,114.49208845704965],"axes":[24.13335524855635,55.53889627336233],"angle":-54.74522225088492},"norm_pos":[0.08472134664746944,0.5229496314289598],"diameter":55.53889627336233,"sphere":{"center":[-6.763749796666403,-9.210257520534356,61.82169740625766],"radius":12.0},"projected_sphere":{"center":[92.16742584119508,27.63178782999104],"axes":[240.69219423428237,240.69219423428237],"angle":90.0},"model_confidence":0.24462658476828159,"model_id":1,"model_birth_timestamp":246252.306372,"theta":2.3891850069393192,"phi":-2.2454281638396334,"method":"3d c++","id":1}
773675,773672,1,246884.608037,27,125,{"topic":"pupil.1","circle_3d":{"center":[-11.889244857299829,-0.43684274954646085,55.43761613800662],"normal":[-0.4271245883861189,0.7311178975823245,-0.5320067723542534],"radius":2.4497504518454907},"confidence":0.9951628296362393,"timestamp":246884.608037,"diameter_3d":4.899500903690981,"ellipse":{"center":[27.122825823576164,114.63605135937615],"axes":[24.101161438246297,55.6992292246948],"angle":-54.79328074813694},"norm_pos":[0.08475883069867551,0.5223497860025994],"diameter":55.6992292246948,"sphere":{"center":[-6.763749796666403,-9.210257520534356,61.82169740625766],"radius":12.0},"projected_sphere":{"center":[92.16742584119508,27.63178782999104],"axes":[240.69219423428237,240.69219423428237],"angle":90.0},"model_confidence":0.24565072836726376,"model_id":1,"model_birth_timestamp":246252.306372,"theta":2.390755384749283,"phi":-2.2472760326315697,"method":"3d c++","id":1}
773682,773678,1,246884.616437,26,125,{"topic":"pupil.1","circle_3d":{"center":[-11.91018755068958,-0.45260486025606284,55.432824397198445],"normal":[-0.42886981283526476,0.7298043883565244,-0.5324060840882684],"radius":2.450049031419807},"confidence":0.9948989423247604,"timestamp":246884.616437,"diameter_3d":4.900098062839614,"ellipse":{"center":[26.878231016067332,114.45938562933522],"axes":[24.108341706190313,55.71240455370124],"angle":-54.64154392751297},"norm_pos":[0.08399447192521041,0.5230858932111033],"diameter":55.71240455370124,"sphere":{"center":[-6.763749796666403,-9.210257520534356,61.82169740625766],"radius":12.0},"projected_sphere":{"center":[92.16742584119508,27.63178782999104],"axes":[240.69219423428237,240.69219423428237],"angle":90.0},"model_confidence":0.24665086228587985,"model_id":1,"model_birth_timestamp":246252.306372,"theta":2.3888321078863086,"phi":-2.24890097884269,"method":"3d c++","id":1}
773690,773690,1,246884.624837,26,125,{"topic":"pupil.1","circle_3d":{"center":[-11.90651231909063,-0.4534697520303368,55.42868077751915],"normal":[-0.42856354353535236,0.7297323140420016,-0.5327513857282097],"radius":2.453942620904747},"confidence":0.9948965517655396,"timestamp":246884.624837,"diameter_3d":4.907885241809494,"ellipse":{"center":[26.90980455518303,114.44746722981944],"axes":[24.17261900636906,55.80512649474077],"angle":-54.65115766589585},"norm_pos":[0.08409313923494696,0.5231355532090857],"diameter":55.80512649474077,"sphere":{"center":[-6.763749796666403,-9.210257520534356,61.82169740625766],"radius":12.0},"projected_sphere":{"center":[92.16742584119508,27.63178782999104],"axes":[240.69219423428237,240.69219423428237],"angle":90.0},"model_confidence":0.24716115890515145,"model_id":1,"model_birth_timestamp":246252.306372,"theta":2.3887266889954386,"phi":-2.248235331180513,"method":"3d c++","id":1}
773698,773695,1,246884.633237,26,125,{"topic":"pupil.1","circle_3d":{"center":[-11.911836815477276,-0.45917973849172355,55.425148516474145],"normal":[-0.4290072515675727,0.729256481836886,-0.5330457408152933],"radius":2.467775056631542},"confidence":0.995350529741722,"timestamp":246884.633237,"diameter_3d":4.935550113263084,"ellipse":{"center":[26.843226085921316,114.37773175242651],"axes":[24.322751720035097,56.12420178643562],"angle":-54.6045220653543},"norm_pos":[0.08388508151850411,0.5234261176982229],"diameter":56.12420178643562,"sphere":{"center":[-6.763749796666403,-9.210257520534356,61.82169740625766],"radius":12.0},"projected_sphere":{"center":[92.16742584119508,27.63178782999104],"axes":[240.69219423428237,240.69219423428237],"angle":90.0},"model_confidence":0.24822445197103526,"model_id":1,"model_birth_timestamp":246252.306372,"theta":2.3880310143753762,"phi":-2.2484709603354798,"method":"3d c++","id":1}
773708,773706,1,246884.641637,26,125,{"topic":"pupil.1","circle_3d":{"center":[-11.912461909883287,-0.4560494591259818,55.42993671042538],"normal":[-0.4290593427680736,0.7295173384506979,-0.53264672465269],"radius":2.452453416520464},"confidence":0.994980303098729,"timestamp":246884.641637,"diameter_3d":4.904906833040928,"ellipse":{"center":[26.846308184300455,114.41952307693913],"axes":[24.145146941470134,55.7703075596063],"angle":-54.61694761313149},"norm_pos":[0.08389471307593892,0.5232519871794203],"diameter":55.7703075596063,"sphere":{"center":[-6.763749796666403,-9.210257520534356,61.82169740625766],"radius":12.0},"projected_sphere":{"center":[92.16742584119508,27.63178782999104],"axes":[240.69219423428237,240.69219423428237],"angle":90.0},"model_confidence":0.24911560776589292,"model_id":1,"model_birth_timestamp":246252.306372,"theta":2.3884123271720497,"phi":-2.2488960673601217,"method":"3d c++","id":1}
773715,773711,1,246884.650037,27,125,{"topic":"pupil.1","circle_3d":{"center":[-11.890896289592408,-0.4441327458900126,55.42893389777065],"normal":[-0.4272622077438339,0.7305103978870287,-0.532730292373918],"radius":2.4612143384682503},"confidence":0.9949057700814989,"timestamp":246884.650037,"diameter_3d":4.922428676936501,"ellipse":{"center":[27.085005843469844,114.54873839486397],"axes":[24.259048504035757,55.96941547416745],"angle":-54.75299542173323},"norm_pos":[0.08464064326084327,0.5227135900214002],"diameter":55.96941547416745,"sphere":{"center":[-6.763749796666403,-9.210257520534356,61.82169740625766],"radius":12.0},"projected_sphere":{"center":[92.16742584119508,27.63178782999104],"axes":[240.69219423428237,240.69219423428237],"angle":90.0},"model_confidence":0.25000818453756457,"model_id":1,"model_birth_timestamp":246252.306372,"theta":2.3898653749375383,"phi":-2.2467698864248207,"method":"3d c++","id":1}
773727,773723,1,246884.658437,26,125,{"topic":"pupil.1","circle_3d":{"center":[-11.906048721310121,-0.4630574660335114,55.41519656912758],"normal":[-0.42852491038697654,0.7289333378750704,-0.5338750697608403],"radius":2.4510871729825334},"confidence":0.9949972629002962,"timestamp":246884.658437,"diameter_3d":4.902174345965067,"ellipse":{"center":[26.883251709087432,114.33923123175208],"axes":[24.216787743577374,55.75405510873269],"angle":-54.60804422637955},"norm_pos":[0.08401016159089822,0.5235865365343664],"diameter":55.75405510873269,"sphere":{"center":[-6.763749796666403,-9.210257520534356,61.82169740625766],"radius":12.0},"projected_sphere":{"center":[92.16742584119508,27.63178782999104],"axes":[240.69219423428237,240.69219423428237],"angle":90.0},"model_confidence":0.250997151077581,"model_id":1,"model_birth_timestamp":246252.306372,"theta":2.3875588664733955,"phi":-2.247162524468608,"method":"3d c++","id":1}
773734,773734,1,246884.666837,27,125,{"topic":"pupil.1","circle_3d":{"center":[-11.891475898220051,-0.4638249954474496,55.40248070080619],"normal":[-0.42731050846280405,0.7288693770905754,-0.5349347254542898],"radius":2.455263675428822},"confidence":0.9950843830654416,"timestamp":246884.666837,"diameter_3d":4.910527350857644,"ellipse":{"center":[27.01635818861655,114.32669084187506],"axes":[24.34100697894728,55.861435770091994],"angle":-54.65881797196835},"norm_pos":[0.08442611933942672,0.5236387881588539],"diameter":55.861435770091994,"sphere":{"center":[-6.763749796666403,-9.210257520534356,61.82169740625766],"radius":12.0},"projected_sphere":{"center":[92.16742584119508,27.63178782999104],"axes":[240.69219423428237,240.69219423428237],"angle":90.0},"model_confidence":0.2519746331731465,"model_id":1,"model_birth_timestamp":246252.306372,"theta":2.3874654410653355,"phi":-2.244810439583682,"method":"3d c++","id":1}
773743,773740,1,246884.675237,27,125,{"topic":"pupil.1","circle_3d":{"center":[-11.879886953663547,-0.4528463272858918,55.40820461502763],"normal":[-0.4263447630830954,0.7297842661040387,-0.5344577326025032],"radius":2.4463473060511207},"confidence":0.9943722734576879,"timestamp":246884.675237,"diameter_3d":4.892694612102241,"ellipse":{"center":[27.158292206966422,114.45367389626307],"axes":[24.23365092355934,55.65156713999013],"angle":-54.75355617255323},"norm_pos":[0.08486966314677007,0.5231096920989039],"diameter":55.65156713999013,"sphere":{"center":[-6.763749796666403,-9.210257520534356,61.82169740625766],"radius":12.0},"projected_sphere":{"center":[92.16742584119508,27.63178782999104],"axes":[240.69219423428237,240.69219423428237],"angle":90.0},"model_confidence":0.252742937979189,"model_id":1,"model_birth_timestamp":246252.306372,"theta":2.3888026750490843,"phi":-2.2441422085822147,"method":"3d c++","id":1}
773751,773750,1,246884.683637,26,125,{"topic":"pupil.1","circle_3d":{"center":[-11.905858176185458,-0.4779337982705947,55.39478183011467],"normal":[-0.4285090316265878,0.7276936435219801,-0.5355762980119166],"radius":2.476510197509839},"confidence":0.9954969552351854,"timestamp":246884.683637,"diameter_3d":4.953020395019678,"ellipse":{"center":[26.83958011505473,114.15950147021707],"axes":[24.578933255373894,56.35459891465589],"angle":-54.5389148441252},"norm_pos":[0.08387368785954603,0.5243354105407623],"diameter":56.35459891465589,"sphere":{"center":[-6.763749796666403,-9.210257520534356,61.82169740625766],"radius":12.0},"projected_sphere":{"center":[92.16742584119508,27.63178782999104],"axes":[240.69219423428237,240.69219423428237],"angle":90.0},"model_confidence":0.25360811607015865,"model_id":1,"model_birth_timestamp":246252.306372,"theta":2.385749737262427,"phi":-2.2455919071300863,"method":"3d c++","id":1}
773760,773756,1,246884.692037,27,125,{"topic":"pupil.1","circle_3d":{"center":[-11.888496455562041,-0.4673939659790527,55.395243598085806],"normal":[-0.4270622215746366,0.7285719628796086,-0.5355378173476549],"radius":2.4674582566556094},"confidence":0.9955553015707392,"timestamp":246884.692037,"diameter_3d":4.934916513311219,"ellipse":{"center":[27.033606939759267,114.28073080799652],"axes":[24.504188990747203,56.146654537661135],"angle":-54.65317913510046},"norm_pos":[0.0844800216867477,0.5238302883000145],"diameter":56.146654537661135,"sphere":{"center":[-6.763749796666403,-9.210257520534356,61.82169740625766],"radius":12.0},"projected_sphere":{"center":[92.16742584119508,27.63178782999104],"axes":[240.69219423428237,240.69219423428237],"angle":90.0},"model_confidence":0.25449046475536363,"model_id":1,"model_birth_timestamp":246252.306372,"theta":2.3870311399281428,"phi":-2.243977703877802,"method":"3d c++","id":1}
773766,773762,1,246884.700437,27,125,{"topic":"pupil.1","circle_3d":{"center":[-11.88550932033316,-0.4686686037461527,55.39112957817167],"normal":[-0.42681329363889636,0.7284657430656836,-0.5358806523404991],"radius":2.450076105305817},"confidence":0.99468164868779,"timestamp":246884.700437,"diameter_3d":4.900152210611634,"ellipse":{"center":[27.056007652088226,114.27261453046373],"axes":[24.356096702593113,55.754621035619216],"angle":-54.65851067480207},"norm_pos":[0.0845500239127757,0.5238641061230678],"diameter":55.754621035619216,"sphere":{"center":[-6.763749796666403,-9.210257520534356,61.82169740625766],"radius":12.0},"projected_sphere":{"center":[92.16742584119508,27.63178782999104],"axes":[240.69219423428237,240.69219423428237],"angle":90.0},"model_confidence":0.255391655975179,"model_id":1,"model_birth_timestamp":246252.306372,"theta":2.3868760803350004,"phi":-2.2433816120487724,"method":"3d c++","id":1}
773774,773773,1,246884.708837,26,125,{"topic":"pupil.1","circle_3d":{"center":[-11.893381623432044,-0.4746322918334869,55.38930056017316],"normal":[-0.42746931889713674,0.7279687690584058,-0.536033070507042],"radius":2.4644637866480847},"confidence":0.9950427414682051,"timestamp":246884.708837,"diameter_3d":4.9289275732961695,"ellipse":{"center":[26.965012360498747,114.20007292331762],"axes":[24.501271352856627,56.08495364015889],"angle":-54.60105246012597},"norm_pos":[0.08426566362655859,0.5241663628195099],"diameter":56.08495364015889,"sphere":{"center":[-6.763749796666403,-9.210257520534356,61.82169740625766],"radius":12.0},"projected_sphere":{"center":[92.16742584119508,27.63178782999104],"axes":[240.69219423428237,240.69219423428237],"angle":90.0},"model_confidence":0.2564551065254883,"model_id":1,"model_birth_timestamp":246252.306372,"theta":2.3861509374192447,"phi":-2.243991570556451,"method":"3d c++","id":1}
773783,773778,1,246884.717237,27,125,{"topic":"pupil.1","circle_3d":{"center":[-11.879083894183111,-0.46551542447764405,55.3903023208787],"normal":[-0.4262778414597257,0.7287285080047259,-0.5359495904482465],"radius":2.469674264931622},"confidence":0.995038920948193,"timestamp":246884.717237,"diameter_3d":4.939348529863244,"ellipse":{"center":[27.127226483059303,114.29988591110703],"axes":[24.562508911154943,56.201685815166115],"angle":-54.69718961100452},"norm_pos":[0.08477258275956032,0.5237504753703874],"diameter":56.201685815166115,"sphere":{"center":[-6.763749796666403,-9.210257520534356,61.82169740625766],"radius":12.0},"projected_sphere":{"center":[92.16742584119508,27.63178782999104],"axes":[240.69219423428237,240.69219423428237],"angle":90.0},"model_confidence":0.2579381116252777,"model_id":1,"model_birth_timestamp":246252.306372,"theta":2.387259710998923,"phi":-2.2427072759750137,"method":"3d c++","id":1}
773792,773790,1,246884.725637,26,125,{"topic":"pupil.1","circle_3d":{"center":[-11.889613714671,-0.4799481509586734,55.37908788793377],"normal":[-0.4271553265003832,0.7275257807979735,-0.5368841265269909],"radius":2.4717728007822086},"confidence":0.9953240842989376,"timestamp":246884.725637,"diameter_3d":4.943545601564417,"ellipse":{"center":[26.983745588403508,114.13595283827875],"axes":[24.633032328160215,56.26197912349832],"angle":-54.59020275552717},"norm_pos":[0.08432420496376096,0.5244335298405052],"diameter":56.26197912349832,"sphere":{"center":[-6.763749796666403,-9.210257520534356,61.82169740625766],"radius":12.0},"projected_sphere":{"center":[92.16742584119508,27.63178782999104],"axes":[240.69219423428237,240.69219423428237],"angle":90.0},"model_confidence":0.2590401827714972,"model_id":1,"model_birth_timestamp":246252.306372,"theta":2.385505036319204,"phi":-2.2428603436259404,"method":"3d c++","id":1}
773798,773795,1,246884.734037,26,125,{"topic":"pupil.1","circle_3d":{"center":[-11.915575810203507,-0.4795897359756456,55.40031681000649],"normal":[-0.42931883446142527,0.7275556487132259,-0.535115049687598],"radius":2.4936823114906095},"confidence":0.9952827506502618,"timestamp":246884.734037,"diameter_3d":4.987364622981219,"ellipse":{"center":[26.745464650934423,114.13524020156005],"axes":[24.709692053695765,56.74076183232221],"angle":-54.49482033827056},"norm_pos":[0.08357957703417007,0.5244364991601664],"diameter":56.74076183232221,"sphere":{"center":[-6.763749796666403,-9.210257520534356,61.82169740625766],"radius":12.0},"projected_sphere":{"center":[92.16742584119508,27.63178782999104],"axes":[240.69219423428237,240.69219423428237],"angle":90.0},"model_confidence":0.2604059764494848,"model_id":1,"model_birth_timestamp":246252.306372,"theta":2.3855485714604896,"phi":-2.246933621899016,"method":"3d c++","id":1}
773812,773812,1,246884.742437,26,125,{"topic":"pupil.1","circle_3d":{"center":[-11.895700616911586,-0.48138693076868755,55.38198475694568],"normal":[-0.4276625683537652,0.7274058824804723,-0.5366427207759986],"radius":2.484215908040287},"confidence":0.9952941629260248,"timestamp":246884.742437,"diameter_3d":4.968431816080574,"ellipse":{"center":[26.92356622000301,114.11549217122374],"axes":[24.73540193194171,56.542991063684354],"angle":-54.56061214093461},"norm_pos":[0.08413614443750941,0.5245187826199011],"diameter":56.542991063684354,"sphere":{"center":[-6.763749796666403,-9.210257520534356,61.82169740625766],"radius":12.0},"projected_sphere":{"center":[92.16742584119508,27.63178782999104],"axes":[240.69219423428237,240.69219423428237],"angle":90.0},"model_confidence":0.2612510488018138,"model_id":1,"model_birth_timestamp":246252.306372,"theta":2.3853302940871397,"phi":-2.24365782262629,"method":"3d c++","id":1}
773819,773817,1,246884.750837,26,125,{"topic":"pupil.1","circle_3d":{"center":[-11.904745715769936,-0.4864158293847112,55.38238477931368],"normal":[-0.42841632659196105,0.7269868075958037,-0.5366093855786648],"radius":2.483140777863139},"confidence":0.9952615398261967,"timestamp":246884.750837,"diameter_3d":4.966281555726278,"ellipse":{"center":[26.823518598330452,114.05989946460173],"axes":[24.71314337819556,56.51867783450085],"angle":-54.503263863865044},"norm_pos":[0.08382349561978267,0.5247504188974927],"diameter":56.51867783450085,"sphere":{"center":[-6.763749796666403,-9.210257520534356,61.82169740625766],"radius":12.0},"projected_sphere":{"center":[92.16742584119508,27.63178782999104],"axes":[240.69219423428237,240.69219423428237],"angle":90.0},"model_confidence":0.26255253180722526,"model_id":1,"model_birth_timestamp":246252.306372,"theta":2.3847197799623827,"phi":-2.2445465496587045,"method":"3d c++","id":1}
773828,773824,1,246884.759237,26,125,{"topic":"pupil.1","circle_3d":{"center":[-11.894148773249132,-0.4757434994533867,55.3884034477463],"normal":[-0.4275332480485608,0.7278761684234141,-0.5361078298759472],"radius":2.4930599331377614},"confidence":0.9954334488660823,"timestamp":246884.759237,"diameter_3d":4.986119866275523,"ellipse":{"center":[26.956548156854467,114.17612223710191],"axes":[24.790448524111817,56.737701205106156],"angle":-54.59278577912545},"norm_pos":[0.0842392129901702,0.5242661573454087],"diameter":56.737701205106156,"sphere":{"center":[-6.763749796666403,-9.210257520534356,61.82169740625766],"radius":12.0},"projected_sphere":{"center":[92.16742584119508,27.63178782999104],"axes":[240.69219423428237,240.69219423428237],"angle":90.0},"model_confidence":0.26360734214401216,"model_id":1,"model_birth_timestamp":246252.306372,"theta":2.386015884025779,"phi":-2.2439964858104604,"method":"3d c++","id":1}
773834,773830,1,246884.767637,26,126,{"topic":"pupil.1","circle_3d":{"center":[-11.894132238843909,-0.49149852024766183,55.36705431063134],"normal":[-0.42753187018145894,0.7265632500238911,-0.5378869246355268],"radius":2.496505274869465},"confidence":0.9958084397240863,"timestamp":246884.767637,"diameter_3d":4.99301054973893,"ellipse":{"center":[26.90713823710766,113.99489825585101],"axes":[24.941014169212366,56.83882714973449],"angle":-54.51900196602372},"norm_pos":[0.08408480699096144,0.5250212572672874],"diameter":56.83882714973449,"sphere":{"center":[-6.763749796666403,-9.210257520534356,61.82169740625766],"radius":12.0},"projected_sphere":{"center":[92.16742584119508,27.63178782999104],"axes":[240.69219423428237,240.69219423428237],"angle":90.0},"model_confidence":0.2649464367575627,"model_id":1,"model_birth_timestamp":246252.306372,"theta":2.3841031361105767,"phi":-2.242380522693678,"method":"3d c++","id":1}
773844,773840,1,246884.776037,26,125,{"topic":"pupil.1","circle_3d":{"center":[-11.892448904242421,-0.4859438814196615,55.37322495223367],"normal":[-0.42739159229800155,0.7270261365928912,-0.5373727045019997],"radius":2.4743191975030507},"confidence":0.995113142470478,"timestamp":246884.776037,"diameter_3d":4.9486383950061015,"ellipse":{"center":[26.938612900096672,114.06693590639532],"axes":[24.687186485733818,56.32636960251273],"angle":-54.55148846703227},"norm_pos":[0.0841831653128021,0.5247211003900195],"diameter":56.32636960251273,"sphere":{"center":[-6.763749796666403,-9.210257520534356,61.82169740625766],"radius":12.0},"projected_sphere":{"center":[92.16742584119508,27.63178782999104],"axes":[240.69219423428237,240.69219423428237],"angle":90.0},"model_confidence":0.2660184952291478,"model_id":1,"model_birth_timestamp":246252.306372,"theta":2.384777058208865,"phi":-2.2426865872430657,"method":"3d c++","id":1}
773850,773846,1,246884.784437,27,125,{"topic":"pupil.1","circle_3d":{"center":[-11.88517703723679,-0.4775092896796096,55.37886484937347],"normal":[-0.4267856033808657,0.7277290192378956,-0.5369027130736823],"radius":2.4679116235361214},"confidence":0.994820170963741,"timestamp":246884.784437,"diameter_3d":4.935823247072243,"ellipse":{"center":[27.032425499374767,114.16465361794445],"axes":[24.600203137006638,56.173895125103066],"angle":-54.61825807333025},"norm_pos":[0.08447632968554615,0.5243139432585648],"diameter":56.173895125103066,"sphere":{"center":[-6.763749796666403,-9.210257520534356,61.82169740625766],"radius":12.0},"projected_sphere":{"center":[92.16742584119508,27.63178782999104],"axes":[240.69219423428237,240.69219423428237],"angle":90.0},"model_confidence":0.266744631623117,"model_id":1,"model_birth_timestamp":246252.306372,"theta":2.385801314118162,"phi":-2.2424216353754103,"method":"3d c++","id":1}
773859,773857,1,246884.792837,27,125,{"topic":"pupil.1","circle_3d":{"center":[-11.868224523619048,-0.4807832537789345,55.360999550146715],"normal":[-0.4253728939127204,0.7274561888962852,-0.5383914880092456],"radius":2.483218312159535},"confidence":0.9951925650671329,"timestamp":246884.792837,"diameter_3d":4.96643662431907,"ellipse":{"center":[27.18105875336252,114.11863870049326],"axes":[24.867490762664293,56.54047762342482],"angle":-54.66642199509275},"norm_pos":[0.08494080860425787,0.5245056720812781],"diameter":56.54047762342482,"sphere":{"center":[-6.763749796666403,-9.210257520534356,61.82169740625766],"radius":12.0},"projected_sphere":{"center":[92.16742584119508,27.63178782999104],"axes":[240.69219423428237,240.69219423428237],"angle":90.0},"model_confidence":0.26764484153151136,"model_id":1,"model_birth_timestamp":246252.306372,"theta":2.3854036077327088,"phi":-2.239459776454118,"method":"3d c++","id":1}
773866,773863,1,246884.801237,27,125,{"topic":"pupil.1","circle_3d":{"center":[-11.881675785617672,-0.4880769726231158,55.36179028144109],"normal":[-0.42649383241260574,0.7268483789926032,-0.5383255937347148],"radius":2.4876495259857543},"confidence":0.9951485640267871,"timestamp":246884.801237,"diameter_3d":4.975299051971509,"ellipse":{"center":[27.033144728047546,114.03562157053724],"axes":[24.893770490789045,56.64160895359751],"angle":-54.58175089549522},"norm_pos":[0.08447857727514858,0.5248515767894282],"diameter":56.64160895359751,"sphere":{"center":[-6.763749796666403,-9.210257520534356,61.82169740625766],"radius":12.0},"projected_sphere":{"center":[92.16742584119508,27.63178782999104],"axes":[240.69219423428237,240.69219423428237],"angle":90.0},"model_confidence":0.2688724740060433,"model_id":1,"model_birth_timestamp":246252.306372,"theta":2.3845182019437474,"phi":-2.2407999028643024,"method":"3d c++","id":1}
773876,773874,1,246884.809637,27,125,{"topic":"pupil.1","circle_3d":{"center":[-11.86905838192405,-0.4771290801057777,55.366599274372135],"normal":[-0.425442382104804,0.7277607033690482,-0.5379248443237941],"radius":2.509921675483914},"confidence":0.9960637466212025,"timestamp":246884.809637,"diameter_3d":5.019843350967828,"ellipse":{"center":[27.186884230109513,114.14972315527405],"axes":[25.104126849631093,57.143499855966134],"angle":-54.680202184495926},"norm_pos":[0.08495901321909223,0.5243761535196915],"diameter":57.143499855966134,"sphere":{"center":[-6.763749796666403,-9.210257520534356,61.82169740625766],"radius":12.0},"projected_sphere":{"center":[92.16742584119508,27.63178782999104],"axes":[240.69219423428237,240.69219423428237],"angle":90.0},"model_confidence":0.2703407830298876,"model_id":1,"model_birth_timestamp":246252.306372,"theta":2.3858475111374164,"phi":-2.2399610865211437,"method":"3d c++","id":1}
773883,773880,1,246884.812406,27,125,{"topic":"pupil.1","circle_3d":{"center":[-11.870513608250718,-0.47591812492490426,55.369389393228715],"normal":[-0.4255636509653596,0.7278616163007876,-0.5376923344190789],"radius":2.496188783340096},"confidence":0.9955758413640888,"timestamp":246884.812406,"diameter_3d":4.992377566680192,"ellipse":{"center":[27.17608601053749,114.16930945460005],"axes":[24.949675085714524,56.827517246744634],"angle":-54.68049776161385},"norm_pos":[0.08492526878292965,0.5242945439391664],"diameter":56.827517246744634,"sphere":{"center":[-6.763749796666403,-9.210257520534356,61.82169740625766],"radius":12.0},"projected_sphere":{"center":[92.16742584119508,27.63178782999104],"axes":[240.69219423428237,240.69219423428237],"angle":90.0},"model_confidence":0.2715000625564179,"model_id":1,"model_birth_timestamp":246252.306372,"theta":2.385994662243329,"phi":-2.240310132401964,"method":"3d c++","id":1}
773895,773891,1,246884.820806,27,125,{"topic":"pupil.1","circle_3d":{"center":[-11.885844193826435,-0.4868698369742681,55.3667259648883],"normal":[-0.42684119976333595,0.7269489736300072,-0.5379142867807798],"radius":2.523151568054642},"confidence":0.9957311055479939,"timestamp":246884.820806,"diameter_3d":5.046303136109284,"ellipse":{"center":[27.000936824102922,114.03570127379135],"axes":[25.218509922973805,57.44619658431323],"angle":-54.571537126400045},"norm_pos":[0.08437792757532163,0.5248512446925361],"diameter":57.44619658431323,"sphere":{"center":[-6.763749796666403,-9.210257520534356,61.82169740625766],"radius":12.0},"projected_sphere":{"center":[92.16742584119508,27.63178782999104],"axes":[240.69219423428237,240.69219423428237],"angle":90.0},"model_confidence":0.27278027082897616,"model_id":1,"model_birth_timestamp":246252.306372,"theta":2.3846646823380593,"phi":-2.241568356177774,"method":"3d c++","id":1}
773902,773902,1,246884.829206,27,125,{"topic":"pupil.1","circle_3d":{"center":[-11.86745748209342,-0.4883358486552556,55.35020219948211],"normal":[-0.4253089737855847,0.726826805989925,-0.5392912672312956],"radius":2.517382907361991},"confidence":0.9958783475512877,"timestamp":246884.829206,"diameter_3d":5.034765814723982,"ellipse":{"center":[27.167110949079188,114.01848140232897],"axes":[25.270740477320263,57.3310347271469],"angle":-54.63371313109721},"norm_pos":[0.08489722171587247,0.5249229941569626],"diameter":57.3310347271469,"sphere":{"center":[-6.763749796666403,-9.210257520534356,61.82169740625766],"radius":12.0},"projected_sphere":{"center":[92.16742584119508,27.63178782999104],"axes":[240.69219423428237,240.69219423428237],"angle":90.0},"model_confidence":0.27416877103897397,"model_id":1,"model_birth_timestamp":246252.306372,"theta":2.3844867914773995,"phi":-2.2385745932388663,"method":"3d c++","id":1}
773913,773908,1,246884.837606,27,125,{"topic":"pupil.1","circle_3d":{"center":[-11.866577305969999,-0.46848912266278653,55.37633964362971],"normal":[-0.42523562577529966,0.7284806998226308,-0.5371131468856627],"radius":2.4907788669105475},"confidence":0.9950610400507285,"timestamp":246884.837606,"diameter_3d":4.981557733821095,"ellipse":{"center":[27.23578691464769,114.25568011836035],"axes":[24.86176310596407,56.69655915482034],"angle":-54.73006220941892},"norm_pos":[0.08511183410827403,0.5239346661734985],"diameter":56.69655915482034,"sphere":{"center":[-6.763749796666403,-9.210257520534356,61.82169740625766],"radius":12.0},"projected_sphere":{"center":[92.16742584119508,27.63178782999104],"axes":[240.69219423428237,240.69219423428237],"angle":90.0},"model_confidence":0.2753680066671982,"model_id":1,"model_birth_timestamp":246252.306372,"theta":2.3868979126493066,"phi":-2.240459365134563,"method":"3d c++","id":1}
773919,773914,1,246884.846006,27,125,{"topic":"pupil.1","circle_3d":{"center":[-11.874416580359092,-0.4894257719987891,55.35422659922696],"normal":[-0.4258888986410575,0.7267359790446305,-0.5389559005858916],"radius":2.5246322339241094},"confidence":0.9957209374290337,"timestamp":246884.846006,"diameter_3d":5.049264467848219,"ellipse":{"center":[27.099406989750776,114.00414793034058],"axes":[25.314227180368867,57.492555717389436],"angle":-54.602411412067},"norm_pos":[0.08468564684297117,0.5249827169569142],"diameter":57.492555717389436,"sphere":{"center":[-6.763749796666403,-9.210257520534356,61.82169740625766],"radius":12.0},"projected_sphere":{"center":[92.16742584119508,27.63178782999104],"axes":[240.69219423428237,240.69219423428237],"angle":90.0},"model_confidence":0.2764137058373972,"model_id":1,"model_birth_timestamp":246252.306372,"theta":2.3843545581602124,"phi":-2.2395398194670726,"method":"3d c++","id":1}
773927,773925,1,246884.854406,27,125,{"topic":"pupil.1","circle_3d":{"center":[-11.85487827719719,-0.48044855294320143,55.35092881326244],"normal":[-0.42426070671089905,0.7274840806325962,-0.539230716082935],"radius":2.5168110409924696},"confidence":0.9955248895736628,"timestamp":246884.854406,"diameter_3d":5.033622081984939,"ellipse":{"center":[27.309143935716605,114.10687751863443],"axes":[25.274160006777183,57.31634071883147],"angle":-54.71796711539926},"norm_pos":[0.08534107479911439,0.5245546770056899],"diameter":57.31634071883147,"sphere":{"center":[-6.763749796666403,-9.210257520534356,61.82169740625766],"radius":12.0},"projected_sphere":{"center":[92.16742584119508,27.63178782999104],"axes":[240.69219423428237,240.69219423428237],"angle":90.0},"model_confidence":0.2777008540099102,"model_id":1,"model_birth_timestamp":246252.306372,"theta":2.3854442579832087,"phi":-2.237429607306392,"method":"3d c++","id":1}
773934,773930,1,246884.862806,27,125,{"topic":"pupil.1","circle_3d":{"center":[-11.851091298444464,-0.4708343644744737,55.36093589203885],"normal":[-0.4239451251481718,0.7282852630049901,-0.5383967928515673],"radius":2.5228006430162},"confidence":0.9955995548298258,"timestamp":246884.862806,"diameter_3d":5.0456012860324,"ellipse":{"center":[27.375168206097243,114.21364233541274],"axes":[25.283330682462807,57.44197374696364],"angle":-54.77713922127492},"norm_pos":[0.08554740064405389,0.5241098236024468],"diameter":57.44197374696364,"sphere":{"center":[-6.763749796666403,-9.210257520534356,61.82169740625766],"radius":12.0},"projected_sphere":{"center":[92.16742584119508,27.63178782999104],"axes":[240.69219423428237,240.69219423428237],"angle":90.0},"model_confidence":0.27883055296518133,"model_id":1,"model_birth_timestamp":246252.306372,"theta":2.3866126743035263,"phi":-2.2378201561836386,"method":"3d c++","id":1}
773943,773942,1,246884.871206,27,125,{"topic":"pupil.1","circle_3d":{"center":[-11.848274335431842,-0.4762312939963671,55.35142723501762],"normal":[-0.4237103782304533,0.7278355188781658,-0.5391891809366703],"radius":2.5137810259828695},"confidence":0.9955851115531654,"timestamp":246884.871206,"diameter_3d":5.027562051965739,"ellipse":{"center":[27.383767123242535,114.15527076588307],"axes":[25.247807093820835,57.246240627014465],"angle":-54.762597732251805},"norm_pos":[0.08557427226013292,0.5243530384754872],"diameter":57.246240627014465,"sphere":{"center":[-6.763749796666403,-9.210257520534356,61.82169740625766],"radius":12.0},"projected_sphere":{"center":[92.16742584119508,27.63178782999104],"axes":[240.69219423428237,240.69219423428237],"angle":90.0},"model_confidence":0.2803062839066506,"model_id":1,"model_birth_timestamp":246252.306372,"theta":2.385956604812402,"phi":-2.2368363539330005,"method":"3d c++","id":1}
773951,773948,1,246884.879606,27,125,{"topic":"pupil.1","circle_3d":{"center":[-11.865511796715221,-0.4886589817658322,55.34823284518925],"normal":[-0.4251468333374016,0.7267998782307102,-0.5394553800890344],"radius":2.5187779014834613},"confidence":0.9954494013240565,"timestamp":246884.879606,"diameter_3d":5.0375558029669225,"ellipse":{"center":[27.18434473053631,114.01392464159446],"axes":[25.297655769089815,57.36482356058672],"angle":-54.63950666129179},"norm_pos":[0.08495107728292597,0.5249419806600231],"diameter":57.36482356058672,"sphere":{"center":[-6.763749796666403,-9.210257520534356,61.82169740625766],"radius":12.0},"projected_sphere":{"center":[92.16742584119508,27.63178782999104],"axes":[240.69219423428237,240.69219423428237],"angle":90.0},"model_confidence":0.2813836611110343,"model_id":1,"model_birth_timestamp":246252.306372,"theta":2.3844475859071563,"phi":-2.2382412765528743,"method":"3d c++","id":1}
773959,773953,1,246884.888006,27,125,{"topic":"pupil.1","circle_3d":{"center":[-11.835854836012908,-0.4713608467391648,55.348256636885694],"normal":[-0.4226754199455421,0.7282413894829326,-0.5394533974476639],"radius":2.494053242986115},"confidence":0.9947809364669877,"timestamp":246884.888006,"diameter_3d":4.98810648597223,"ellipse":{"center":[27.513463594924303,114.21701940374015],"axes":[25.079235530885526,56.798803375256945],"angle":-54.832375520520145},"norm_pos":[0.08597957373413845,0.5240957524844161],"diameter":56.798803375256945,"sphere":{"center":[-6.763749796666403,-9.210257520534356,61.82169740625766],"radius":12.0},"projected_sphere":{"center":[92.16742584119508,27.63178782999104],"axes":[240.69219423428237,240.69219423428237],"angle":90.0},"model_confidence":0.2821438657636621,"model_id":1,"model_birth_timestamp":246252.306372,"theta":2.386548653161707,"phi":-2.2354107219798887,"method":"3d c++","id":1}
773968,773964,1,246884.896406,27,125,{"topic":"pupil.1","circle_3d":{"center":[-11.832058333180894,-0.4810866121825299,55.33218095035137],"normal":[-0.422359044709541,0.7274309090293187,-0.5407930379921907],"radius":2.5046855962377044},"confidence":0.9955672647819019,"timestamp":246884.896406,"diameter_3d":5.009371192475409,"ellipse":{"center":[27.519266952906378,114.10108253919731],"axes":[25.278395989360533,57.058143724923816],"angle":-54.80122208898837},"norm_pos":[0.08599770922783243,0.5245788227533446],"diameter":57.058143724923816,"sphere":{"center":[-6.763749796666403,-9.210257520534356,61.82169740625766],"radius":12.0},"projected_sphere":{"center":[92.16742584119508,27.63178782999104],"axes":[240.69219423428237,240.69219423428237],"angle":90.0},"model_confidence":0.283640352459158,"model_id":1,"model_birth_timestamp":246252.306372,"theta":2.385366765612142,"phi":-2.2338436898686584,"method":"3d c++","id":1}
773982,773980,1,246884.904806,27,125,{"topic":"pupil.1","circle_3d":{"center":[-11.81771081187797,-0.468878673302326,55.33742613603106],"normal":[-0.4211634179342972,0.7284482372693358,-0.5403559391855501],"radius":2.5193180219132794},"confidence":0.9959319574547297,"timestamp":246884.904806,"diameter_3d":5.038636043826559,"ellipse":{"center":[27.69277116625878,114.23240117295884],"axes":[25.41260595559187,57.385365758047655],"angle":-54.91246460234757},"norm_pos":[0.08653990989455869,0.5240316617793381],"diameter":57.385365758047655,"sphere":{"center":[-6.763749796666403,-9.210257520534356,61.82169740625766],"radius":12.0},"projected_sphere":{"center":[92.16742584119508,27.63178782999104],"axes":[240.69219423428237,240.69219423428237],"angle":90.0},"model_confidence":0.2852943195277624,"model_id":1,"model_birth_timestamp":246252.306372,"theta":2.3868505278425007,"phi":-2.2328609819459917,"method":"3d c++","id":1}
773987,773986,1,246884.913206,27,125,{"topic":"pupil.1","circle_3d":{"center":[-11.824692739678875,-0.4873316223081421,55.31805071369919],"normal":[-0.42174524525103935,0.7269104915188511,-0.5419705577132056],"radius":2.5182074832717958},"confidence":0.9962136632591604,"timestamp":246884.913206,"diameter_3d":5.0364149665435916,"ellipse":{"center":[27.569702651994447,114.02310958551706],"axes":[25.50078029288209,57.38125484572238],"angle":-54.79983264442657},"norm_pos":[0.08615532078748264,0.5249037100603455],"diameter":57.38125484572238,"sphere":{"center":[-6.763749796666403,-9.210257520534356,61.82169740625766],"radius":12.0},"projected_sphere":{"center":[92.16742584119508,27.63178782999104],"axes":[240.69219423428237,240.69219423428237],"angle":90.0},"model_confidence":0.2866550018014391,"model_id":1,"model_birth_timestamp":246252.306372,"theta":2.3846086441158847,"phi":-2.2320838526088576,"method":"3d c++","id":1}
773994,773991,1,246884.921606,27,125,{"topic":"pupil.1","circle_3d":{"center":[-11.826264454430337,-0.465862468948135,55.34817436839646],"normal":[-0.42187622148032783,0.728699587632185,-0.5394602531551004],"radius":2.5405599464861326},"confidence":0.9963615408195322,"timestamp":246884.921606,"diameter_3d":5.081119892972265,"ellipse":{"center":[27.623929852259835,114.2594060719614],"axes":[25.5588116018448,57.858974006708664],"angle":-54.893985892716074},"norm_pos":[0.08632478078831199,0.5239191413668276],"diameter":57.858974006708664,"sphere":{"center":[-6.763749796666403,-9.210257520534356,61.82169740625766],"radius":12.0},"projected_sphere":{"center":[92.16742584119508,27.63178782999104],"axes":[240.69219423428237,240.69219423428237],"angle":90.0},"model_confidence":0.2882167635882449,"model_id":1,"model_birth_timestamp":246252.306372,"theta":2.387217480262977,"phi":-2.2344859407057482,"method":"3d c++","id":1}
774003,774003,1,246884.930006,27,125,{"topic":"pupil.1","circle_3d":{"center":[-11.827606922622845,-0.46327154449492447,55.35272628691653],"normal":[-0.4219880938297036,0.7289154980032859,-0.5390809266117611],"radius":2.541947668975959},"confidence":0.9960306525720407,"timestamp":246884.930006,"diameter_3d":5.083895337951918,"ellipse":{"center":[27.619628474192638,114.28861931016164],"axes":[25.546120193787004,57.885810079454494],"angle":-54.900985664930516},"norm_pos":[0.08631133898185199,0.5237974195409931],"diameter":57.885810079454494,"sphere":{"center":[-6.763749796666403,-9.210257520534356,61.82169740625766],"radius":12.0},"projected_sphere":{"center":[92.16742584119508,27.63178782999104],"axes":[240.69219423428237,240.69219423428237],"angle":90.0},"model_confidence":0.289469004148446,"model_id":1,"model_birth_timestamp":246252.306372,"theta":2.387532807426625,"phi":-2.234955993954097,"method":"3d c++","id":1}
774011,774009,1,246884.938406,27,125,{"topic":"pupil.1","circle_3d":{"center":[-11.822250239402786,-0.4660379691683971,55.34480017777356],"normal":[-0.4215417035613653,0.7286849626138299,-0.5397414357070088],"radius":2.5204609021458624},"confidence":0.9957210179908711,"timestamp":246884.938406,"diameter_3d":5.040921804291725,"ellipse":{"center":[27.65932115842014,114.26504588763896],"axes":[25.378800289543356,57.403863162971206],"angle":-54.90850804101535},"norm_pos":[0.08643537862006294,0.5238956421348376],"diameter":57.403863162971206,"sphere":{"center":[-6.763749796666403,-9.210257520534356,61.82169740625766],"radius":12.0},"projected_sphere":{"center":[92.16742584119508,27.63178782999104],"axes":[240.69219423428237,240.69219423428237],"angle":90.0},"model_confidence":0.290842808954872,"model_id":1,"model_birth_timestamp":246252.306372,"theta":2.3871961249227707,"phi":-2.2338482465735643,"method":"3d c++","id":1}
774018,774014,1,246884.946806,27,125,{"topic":"pupil.1","circle_3d":{"center":[-11.812618258008344,-0.4737291993114656,55.326930270129],"normal":[-0.42073903844516175,0.7280440267685742,-0.5412305946773891],"radius":2.5414044657454666},"confidence":0.9965177847420786,"timestamp":246884.946806,"diameter_3d":5.082808931490933,"ellipse":{"center":[27.726986239684436,114.16716046876402],"axes":[25.69974121248025,57.900203543114955],"angle":-54.90899355596537},"norm_pos":[0.08664683199901387,0.5243034980468166],"diameter":57.900203543114955,"sphere":{"center":[-6.763749796666403,-9.210257520534356,61.82169740625766],"radius":12.0},"projected_sphere":{"center":[92.16742584119508,27.63178782999104],"axes":[240.69219423428237,240.69219423428237],"angle":90.0},"model_confidence":0.29253630161655275,"model_id":1,"model_birth_timestamp":246252.306372,"theta":2.3862607112913956,"phi":-2.2315883756020525,"method":"3d c++","id":1}
774028,774026,1,246884.955206,27,125,{"topic":"pupil.1","circle_3d":{"center":[-11.811636767194575,-0.4644986578763586,55.33860099720967],"normal":[-0.4206572475440144,0.7288132385548332,-0.5402580340873329],"radius":2.522866610245219},"confidence":0.996345665344252,"timestamp":246884.955206,"diameter_3d":5.045733220490438,"ellipse":{"center":[27.763576784087093,114.28006406707053],"axes":[25.448374410201637,57.4646328893413],"angle":-54.9559102392104},"norm_pos":[0.08676117745027216,0.5238330663872062],"diameter":57.4646328893413,"sphere":{"center":[-6.763749796666403,-9.210257520534356,61.82169740625766],"radius":12.0},"projected_sphere":{"center":[92.16742584119508,27.63178782999104],"axes":[240.69219423428237,240.69219423428237],"angle":90.0},"model_confidence":0.29384614957804756,"model_id":1,"model_birth_timestamp":246252.306372,"theta":2.3873834490142656,"phi":-2.2323658219439904,"method":"3d c++","id":1}
774035,774030,1,246884.963606,27,125,{"topic":"pupil.1","circle_3d":{"center":[-11.810479874409097,-0.4553906958989451,55.350003469945044],"normal":[-0.42056083981189113,0.7295722353862842,-0.5393078280260515],"radius":2.528054369125238},"confidence":0.9962542587840638,"timestamp":246884.963606,"diameter_3d":5.056108738250476,"ellipse":{"center":[27.80335289259739,114.3817528380147],"axes":[25.439059757564127,57.57065503524548],"angle":-55.00271865012644},"norm_pos":[0.08688547778936684,0.5234093631749388],"diameter":57.57065503524548,"sphere":{"center":[-6.763749796666403,-9.210257520534356,61.82169740625766],"radius":12.0},"projected_sphere":{"center":[92.16742584119508,27.63178782999104],"axes":[240.69219423428237,240.69219423428237],"angle":90.0},"model_confidence":0.2953521347011878,"model_id":1,"model_birth_timestamp":246252.306372,"theta":2.388492593707516,"phi":-2.233108172495416,"method":"3d c++","id":1}
774043,774042,1,246884.972006,27,125,{"topic":"pupil.1","circle_3d":{"center":[-11.820718240084844,-0.45345017766439355,55.36062974509447],"normal":[-0.4214140369515367,0.7297339452391635,-0.5384223050969326],"radius":2.518468538241542},"confidence":0.9956420910565579,"timestamp":246884.972006,"diameter_3d":5.036937076483084,"ellipse":{"center":[27.713024167463573,114.40932297345498],"axes":[25.27318598522735,57.34138558323593],"angle":-54.97302401560708},"norm_pos":[0.08660320052332367,0.5232944876106043],"diameter":57.34138558323593,"sphere":{"center":[-6.763749796666403,-9.210257520534356,61.82169740625766],"radius":12.0},"projected_sphere":{"center":[92.16742584119508,27.63178782999104],"axes":[240.69219423428237,240.69219423428237],"angle":90.0},"model_confidence":0.296849769512042,"model_id":1,"model_birth_timestamp":246252.306372,"theta":2.3887290747210845,"phi":-2.2348886286618677,"method":"3d c++","id":1}
774050,774048,1,246884.980406,27,125,{"topic":"pupil.1","circle_3d":{"center":[-11.80130137192603,-0.4627216923992723,55.332961700275156],"normal":[-0.4197959646049689,0.7289613190112569,-0.5407279754985423],"radius":2.5157497119855656},"confidence":0.9960929614675552,"timestamp":246884.980406,"diameter_3d":5.031499423971131,"ellipse":{"center":[27.865307431681458,114.30174202449669],"axes":[25.418168613621457,57.307580913433895],"angle":-55.00350358111453},"norm_pos":[0.08707908572400455,0.5237427415645971],"diameter":57.307580913433895,"sphere":{"center":[-6.763749796666403,-9.210257520534356,61.82169740625766],"radius":12.0},"projected_sphere":{"center":[92.16742584119508,27.63178782999104],"axes":[240.69219423428237,240.69219423428237],"angle":90.0},"model_confidence":0.2981872774946215,"model_id":1,"model_birth_timestamp":246252.306372,"theta":2.3875997405183123,"phi":-2.2309513424736096,"method":"3d c++","id":1}
774063,774060,1,246884.988805,27,125,{"topic":"pupil.1","circle_3d":{"center":[-11.804464216364813,-0.458746367243549,55.34078306699417],"normal":[-0.4200595349748675,0.7292925961075671,-0.5400761949386245],"radius":2.522290129466466},"confidence":0.9962098523585246,"timestamp":246884.988805,"diameter_3d":5.044580258932932,"ellipse":{"center":[27.8486553327065,114.34492067031103],"axes":[25.438000509281167,57.448638465863894],"angle":-55.00996193641612},"norm_pos":[0.0870270479147078,0.5235628305403708],"diameter":57.448638465863894,"sphere":{"center":[-6.763749796666403,-9.210257520534356,61.82169740625766],"radius":12.0},"projected_sphere":{"center":[92.16742584119508,27.63178782999104],"axes":[240.69219423428237,240.69219423428237],"angle":90.0},"model_confidence":0.29937127405601505,"model_id":1,"model_birth_timestamp":246252.306372,"theta":2.388083795947831,"phi":-2.2318398097298346,"method":"3d c++","id":1}
774071,774070,1,246884.997205,27,125,{"topic":"pupil.1","circle_3d":{"center":[-11.810074325808582,-0.4504969260050089,55.356312415933516],"normal":[-0.42052704409518166,0.7299800495441122,-0.5387820825270125],"radius":2.508275530661033},"confidence":0.9956491842831647,"timestamp":246884.997205,"diameter_3d":5.016551061322066,"ellipse":{"center":[27.820993787613872,114.44561781226301],"axes":[25.205304811134415,57.112805808371476],"angle":-55.02719468545146},"norm_pos":[0.08694060558629335,0.5231432591155708],"diameter":57.112805808371476,"sphere":{"center":[-6.763749796666403,-9.210257520534356,61.82169740625766],"radius":12.0},"projected_sphere":{"center":[92.16742584119508,27.63178782999104],"axes":[240.69219423428237,240.69219423428237],"angle":90.0},"model_confidence":0.30023677754507094,"model_id":1,"model_birth_timestamp":246252.306372,"theta":2.3890890869542654,"phi":-2.2335422121085258,"method":"3d c++","id":1}
774079,774075,1,246885.005605,27,125,{"topic":"pupil.1","circle_3d":{"center":[-11.824129733031878,-0.45853481716655864,55.35641283224343],"normal":[-0.4216983280304562,0.7293102252806498,-0.5387737145011859],"radius":2.5142793286970475},"confidence":0.9955294728126173,"timestamp":246885.005605,"diameter_3d":5.028558657394095,"ellipse":{"center":[27.664841517587092,114.35349931569948],"axes":[25.250630360159587,57.25059800530962],"angle":-54.93643373858734},"norm_pos":[0.08645262974245967,0.5235270861845855],"diameter":57.25059800530962,"sphere":{"center":[-6.763749796666403,-9.210257520534356,61.82169740625766],"radius":12.0},"projected_sphere":{"center":[92.16742584119508,27.63178782999104],"axes":[240.69219423428237,240.69219423428237],"angle":90.0},"model_confidence":0.30155547773271785,"model_id":1,"model_birth_timestamp":246252.306372,"theta":2.3881095623391126,"phi":-2.2348992738740323,"method":"3d c++","id":1}
774088,774088,1,246885.014005,27,125,{"topic":"pupil.1","circle_3d":{"center":[-11.828089147628642,-0.456346817974282,55.3624780765012],"normal":[-0.4220282792468533,0.7294925585466728,-0.5382682774797054],"radius":2.5085345031454933},"confidence":0.9957421372993002,"timestamp":246885.014005,"diameter_3d":5.017069006290987,"ellipse":{"center":[27.63430812942576,114.38138700988],"axes":[25.155429246410872,57.11340809866119],"angle":-54.93169771032328},"norm_pos":[0.0863572129044555,0.5234108874588334],"diameter":57.11340809866119,"sphere":{"center":[-6.763749796666403,-9.210257520534356,61.82169740625766],"radius":12.0},"projected_sphere":{"center":[92.16742584119508,27.63178782999104],"axes":[240.69219423428237,240.69219423428237],"angle":90.0},"model_confidence":0.3027938082292514,"model_id":1,"model_birth_timestamp":246252.306372,"theta":2.388376097946258,"phi":-2.2357346010156083,"method":"3d c++","id":1}
774096,774093,1,246885.022405,27,125,{"topic":"pupil.1","circle_3d":{"center":[-11.831930392621047,-0.4511082307797629,55.37260063488104],"normal":[-0.4223483829962204,0.7299291074795493,-0.5374247309480523],"radius":2.5285986936572},"confidence":0.9962939658484727,"timestamp":246885.022405,"diameter_3d":5.0571973873144,"ellipse":{"center":[27.616506942265573,114.43356560397362],"axes":[25.29731661736728,57.56033461295334],"angle":-54.94146437230492},"norm_pos":[0.08630158419457992,0.5231934766501098],"diameter":57.56033461295334,"sphere":{"center":[-6.763749796666403,-9.210257520534356,61.82169740625766],"radius":12.0},"projected_sphere":{"center":[92.16742584119508,27.63178782999104],"axes":[240.69219423428237,240.69219423428237],"angle":90.0},"model_confidence":0.30407382430651664,"model_id":1,"model_birth_timestamp":246252.306372,"theta":2.389014555296187,"phi":-2.2368646063644535,"method":"3d c++","id":1}
774102,774098,1,246885.030805,27,125,{"topic":"pupil.1","circle_3d":{"center":[-11.840350613625287,-0.4656472974659458,55.35950612219156],"normal":[-0.42305006807990697,0.7287175185890342,-0.5385159403388416],"radius":2.5188915946778576},"confidence":0.9962206221064388,"timestamp":246885.030805,"diameter_3d":5.037783189355715,"ellipse":{"center":[27.491383781279467,114.27284046806959],"axes":[25.263132215552297,57.353610067286475],"angle":-54.84190183910732},"norm_pos":[0.08591057431649833,0.5238631647163767],"diameter":57.353610067286475,"sphere":{"center":[-6.763749796666403,-9.210257520534356,61.82169740625766],"radius":12.0},"projected_sphere":{"center":[92.16742584119508,27.63178782999104],"axes":[240.69219423428237,240.69219423428237],"angle":90.0},"model_confidence":0.3051744082777197,"model_id":1,"model_birth_timestamp":246252.306372,"theta":2.387243663571564,"phi":-2.2366856487574336,"method":"3d c++","id":1}
774112,774110,1,246885.039205,27,125,{"topic":"pupil.1","circle_3d":{"center":[-11.85251692633065,-0.47743384279250556,55.35313962932469],"normal":[-0.4240639274720205,0.7277353064784875,-0.539046481411081],"radius":2.503039973580456},"confidence":0.9955754921267003,"timestamp":246885.039205,"diameter_3d":5.006079947160912,"ellipse":{"center":[27.339568486034665,114.1465355450937],"axes":[25.125846530835076,56.99973982360395],"angle":-54.7410581481208},"norm_pos":[0.08543615151885833,0.5243894352287762],"diameter":56.99973982360395,"sphere":{"center":[-6.763749796666403,-9.210257520534356,61.82169740625766],"radius":12.0},"projected_sphere":{"center":[92.16742584119508,27.63178782999104],"axes":[240.69219423428237,240.69219423428237],"angle":90.0},"model_confidence":0.3063789839405473,"model_id":1,"model_birth_timestamp":246252.306372,"theta":2.385810481043623,"phi":-2.2373702217919615,"method":"3d c++","id":1}
774119,774116,1,246885.047605,27,125,{"topic":"pupil.1","circle_3d":{"center":[-11.848953114261503,-0.46179489099665005,55.371495173900755],"normal":[-0.42376694313292507,0.7290385524614754,-0.5375168526964088],"radius":2.501895436147763},"confidence":0.9956064540699646,"timestamp":246885.047605,"diameter_3d":5.003790872295526,"ellipse":{"center":[27.421978811112126,114.32497829713074],"axes":[25.017783807938542,56.953902840424725],"angle":-54.82756602876947},"norm_pos":[0.08569368378472539,0.5236459237619553],"diameter":56.953902840424725,"sphere":{"center":[-6.763749796666403,-9.210257520534356,61.82169740625766],"radius":12.0},"projected_sphere":{"center":[92.16742584119508,27.63178782999104],"axes":[240.69219423428237,240.69219423428237],"angle":90.0},"model_confidence":0.30738916382980763,"model_id":1,"model_birth_timestamp":246252.306372,"theta":2.3877125701711432,"phi":-2.238410952315354,"method":"3d c++","id":1}
774128,774127,1,246885.056005,27,125,{"topic":"pupil.1","circle_3d":{"center":[-11.862203726165628,-0.4669463369390492,55.374971332071546],"normal":[-0.4248711607916021,0.7286092652996088,-0.5372271728488432],"radius":2.5093790683170396},"confidence":0.9960539115296172,"timestamp":246885.056005,"diameter_3d":5.018758136634079,"ellipse":{"center":[27.282821459599006,114.26513925174535],"axes":[25.059999996797792,57.12174150373171],"angle":-54.753580113987056},"norm_pos":[0.0852588170612469,0.5238952531177277],"diameter":57.12174150373171,"sphere":{"center":[-6.763749796666403,-9.210257520534356,61.82169740625766],"radius":12.0},"projected_sphere":{"center":[92.16742584119508,27.63178782999104],"axes":[240.69219423428237,240.69219423428237],"angle":90.0},"model_confidence":0.30859199528144865,"model_id":1,"model_birth_timestamp":246252.306372,"theta":2.387085600036538,"phi":-2.239938829555015,"method":"3d c++","id":1}
774135,774134,1,246885.064405,27,125,{"topic":"pupil.1","circle_3d":{"center":[-11.880716442230444,-0.4776235069371122,55.37516690274264],"normal":[-0.42641388713033673,0.7277195011331036,-0.5372108752929182],"radius":2.516347077323762},"confidence":0.9962500053135424,"timestamp":246885.064405,"diameter_3d":5.032694154647524,"ellipse":{"center":[27.077298310439062,114.14324566983188],"axes":[25.109349813378667,57.28167430084163],"angle":-54.634100532186324},"norm_pos":[0.08461655722012207,0.5244031430423671],"diameter":57.28167430084163,"sphere":{"center":[-6.763749796666403,-9.210257520534356,61.82169740625766],"radius":12.0},"projected_sphere":{"center":[92.16742584119508,27.63178782999104],"axes":[240.69219423428237,240.69219423428237],"angle":90.0},"model_confidence":0.30986685760628907,"model_id":1,"model_birth_timestamp":246252.306372,"theta":2.385787436696231,"phi":-2.2417178036534846,"method":"3d c++","id":1}
774147,774143,1,246885.072805,27,125,{"topic":"pupil.1","circle_3d":{"center":[-11.885092111010303,-0.4693378294615904,55.38988771896692],"normal":[-0.426778526195325,0.7284099742560637,-0.5359841406075622],"radius":2.4895723820055484},"confidence":0.995270706219621,"timestamp":246885.072805,"diameter_3d":4.979144764011097,"ellipse":{"center":[27.060758974356077,114.24924469770684],"axes":[24.75699834705055,56.65602608227665],"angle":-54.65667210669136},"norm_pos":[0.08456487179486274,0.5239614804262215],"diameter":56.65602608227665,"sphere":{"center":[-6.763749796666403,-9.210257520534356,61.82169740625766],"radius":12.0},"projected_sphere":{"center":[92.16742584119508,27.63178782999104],"axes":[240.69219423428237,240.69219423428237],"angle":90.0},"model_confidence":0.31119514134771986,"model_id":1,"model_birth_timestamp":246252.306372,"theta":2.386794679309216,"phi":-2.243247815128783,"method":"3d c++","id":1}
774155,774154,1,246885.081205,26,125,{"topic":"pupil.1","circle_3d":{"center":[-11.899093680252502,-0.4750713038466827,55.39326330788623],"normal":[-0.4279453236321749,0.7279321847239728,-0.5357028415309527],"radius":2.500652228064415},"confidence":0.9954634749001522,"timestamp":246885.081205,"diameter_3d":5.00130445612883,"ellipse":{"center":[26.913329425811327,114.18149713427964],"axes":[24.83453480943134,56.90593818032106],"angle":-54.57740607520245},"norm_pos":[0.0841041544556604,0.5242437619405015],"diameter":56.90593818032106,"sphere":{"center":[-6.763749796666403,-9.210257520534356,61.82169740625766],"radius":12.0},"projected_sphere":{"center":[92.16742584119508,27.63178782999104],"axes":[240.69219423428237,240.69219423428237],"angle":90.0},"model_confidence":0.31229067300958535,"model_id":1,"model_birth_timestamp":246252.306372,"theta":2.386097578683816,"phi":-2.2448346403562627,"method":"3d c++","id":1}
774162,774160,1,246885.089605,27,125,{"topic":"pupil.1","circle_3d":{"center":[-11.887452032740923,-0.4688517393905922,55.39242836806744],"normal":[-0.42697518633954334,0.7284504817619802,-0.5357724198491848],"radius":2.507085921414616},"confidence":0.996105415230972,"timestamp":246885.089605,"diameter_3d":5.014171842829232,"ellipse":{"center":[27.04170977793254,114.24811555372085],"axes":[24.915315965416205,57.052653814702296],"angle":-54.64999387042772},"norm_pos":[0.08450534305603918,0.5239661851928298],"diameter":57.052653814702296,"sphere":{"center":[-6.763749796666403,-9.210257520534356,61.82169740625766],"radius":12.0},"projected_sphere":{"center":[92.16742584119508,27.63178782999104],"axes":[240.69219423428237,240.69219423428237],"angle":90.0},"model_confidence":0.3135639690130976,"model_id":1,"model_birth_timestamp":246252.306372,"theta":2.386853803997501,"phi":-2.243664877373116,"method":"3d c++","id":1}
774171,774165,1,246885.098005,26,125,{"topic":"pupil.1","circle_3d":{"center":[-11.897487476127374,-0.4690104144400813,55.400222772757886],"normal":[-0.42781147328841435,0.7284372588411896,-0.5351228861249817],"radius":2.4910118957260585},"confidence":0.995310951358431,"timestamp":246885.098005,"diameter_3d":4.982023791452117,"ellipse":{"center":[26.94675092416972,114.25426402758599],"axes":[24.702427634310986,56.67877412974113],"angle":-54.611849462719675},"norm_pos":[0.08420859663803038,0.523940566551725],"diameter":56.67877412974113,"sphere":{"center":[-6.763749796666403,-9.210257520534356,61.82169740625766],"radius":12.0},"projected_sphere":{"center":[92.16742584119508,27.63178782999104],"axes":[240.69219423428237,240.69219423428237],"angle":90.0},"model_confidence":0.3141696954515938,"model_id":1,"model_birth_timestamp":246252.306372,"theta":2.3868345034356904,"phi":-2.245210343176068,"method":"3d c++","id":1}
774178,774178,1,246885.106405,26,125,{"topic":"pupil.1","circle_3d":{"center":[-11.896999095031385,-0.46823857778869993,55.40088309298621],"normal":[-0.4277707748637485,0.728501578562138,-0.5350678594392876],"radius":2.4905609926198586},"confidence":0.9956326476576118,"timestamp":246885.106405,"diameter_3d":4.981121985239717,"ellipse":{"center":[26.9537042219699,114.26317532100956],"axes":[24.694867954531144,56.667769139924],"angle":-54.61728930640527},"norm_pos":[0.08423032569365593,0.5239034361624602],"diameter":56.667769139924,"sphere":{"center":[-6.763749796666403,-9.210257520534356,61.82169740625766],"radius":12.0},"projected_sphere":{"center":[92.16742584119508,27.63178782999104],"axes":[240.69219423428237,240.69219423428237],"angle":90.0},"model_confidence":0.3156419742905481,"model_id":1,"model_birth_timestamp":246252.306372,"theta":2.3869283901039338,"phi":-2.2452140982745328,"method":"3d c++","id":1}
774186,774183,1,246885.114805,26,125,{"topic":"pupil.1","circle_3d":{"center":[-11.89930469000398,-0.46164670875552893,55.41171419243072],"normal":[-0.4279629077781314,0.7290509009815689,-0.5341652678189115],"radius":2.496272726069624},"confidence":0.9955908757121555,"timestamp":246885.114805,"diameter_3d":4.992545452139248,"ellipse":{"center":[26.95371277692078,114.3364232107746],"axes":[24.69040273305504,56.786630793213845],"angle":-54.63949148841564},"norm_pos":[0.08423035242787744,0.5235982366217725],"diameter":56.786630793213845,"sphere":{"center":[-6.763749796666403,-9.210257520534356,61.82169740625766],"radius":12.0},"projected_sphere":{"center":[92.16742584119508,27.63178782999104],"axes":[240.69219423428237,240.69219423428237],"angle":90.0},"model_confidence":0.3165758179339395,"model_id":1,"model_birth_timestamp":246252.306372,"theta":2.3877306112703693,"phi":-2.246256798742568,"method":"3d c++","id":1}
774195,774193,1,246885.123205,26,125,{"topic":"pupil.1","circle_3d":{"center":[-11.907159018442073,-0.47107501319877443,55.405153891184085],"normal":[-0.4286174351479725,0.7282652089446318,-0.5347119595894647],"radius":2.5045587433408607},"confidence":0.9960989575369935,"timestamp":246885.123205,"diameter_3d":5.009117486681721,"ellipse":{"center":[26.85145745116216,114.22674828613313],"axes":[24.80017833033503,56.98290870078456],"angle":-54.56600328039903},"norm_pos":[0.08391080453488176,0.5240552154744453],"diameter":56.98290870078456,"sphere":{"center":[-6.763749796666403,-9.210257520534356,61.82169740625766],"radius":12.0},"projected_sphere":{"center":[92.16742584119508,27.63178782999104],"axes":[240.69219423428237,240.69219423428237],"angle":90.0},"model_confidence":0.31809730560253824,"model_id":1,"model_birth_timestamp":246252.306372,"theta":2.3865834104675363,"phi":-2.24650338285743,"method":"3d c++","id":1}
774203,774200,1,246885.131605,26,125,{"topic":"pupil.1","circle_3d":{"center":[-11.904449945632164,-0.46475455156929435,55.41159757877863],"normal":[-0.42839167908048015,0.7287919140804218,-0.5341749856232526],"radius":2.480233074201059},"confidence":0.9955968003500548,"timestamp":246885.131605,"diameter_3d":4.960466148402118,"ellipse":{"center":[26.894858171416075,114.3081413748929],"axes":[24.52663133755079,56.42167926765212],"angle":-54.605863895708836},"norm_pos":[0.08404643178567524,0.5237160776046129],"diameter":56.42167926765212,"sphere":{"center":[-6.763749796666403,-9.210257520534356,61.82169740625766],"radius":12.0},"projected_sphere":{"center":[92.16742584119508,27.63178782999104],"axes":[240.69219423428237,240.69219423428237],"angle":90.0},"model_confidence":0.3191608017050762,"model_id":1,"model_birth_timestamp":246252.306372,"theta":2.387352305841456,"phi":-2.246736612244916,"method":"3d c++","id":1}
774212,774211,1,246885.140005,26,125,{"topic":"pupil.1","circle_3d":{"center":[-11.913306813122531,-0.4662040189148353,55.416731294318986],"normal":[-0.4291297513713441,0.72867112513496,-0.5337471759948899],"radius":2.4724506976473655},"confidence":0.9951461144548976,"timestamp":246885.140005,"diameter_3d":4.944901395294731,"ellipse":{"center":[26.8075177151471,114.29601995640402],"axes":[24.41272510121795,56.23960480987454],"angle":-54.56613299639693},"norm_pos":[0.08377349285983468,0.5237665835149832],"diameter":56.23960480987454,"sphere":{"center":[-6.763749796666403,-9.210257520534356,61.82169740625766],"radius":12.0},"projected_sphere":{"center":[92.16742584119508,27.63178782999104],"axes":[240.69219423428237,240.69219423428237],"angle":90.0},"model_confidence":0.32033770559225516,"model_id":1,"model_birth_timestamp":246252.306372,"theta":2.387175919988452,"phi":-2.2479681498128823,"method":"3d c++","id":1}
774219,774216,1,246885.148405,26,125,{"topic":"pupil.1","circle_3d":{"center":[-11.914050853836446,-0.4686533358007754,55.413986793413045],"normal":[-0.4291917547641703,0.728467015394465,-0.5339758844037178],"radius":2.484648596628517},"confidence":0.9954879038652311,"timestamp":246885.148405,"diameter_3d":4.969297193257034,"ellipse":{"center":[26.793730931806664,114.26336450009205],"axes":[24.5475735336138,56.520415490118275],"angle":-54.55180895471551},"norm_pos":[0.08373040916189582,0.5239026479162832],"diameter":56.520415490118275,"sphere":{"center":[-6.763749796666403,-9.210257520534356,61.82169740625766],"radius":12.0},"projected_sphere":{"center":[92.16742584119508,27.63178782999104],"axes":[240.69219423428237,240.69219423428237],"angle":90.0},"model_confidence":0.3215528782161803,"model_id":1,"model_birth_timestamp":246252.306372,"theta":2.386877937528171,"phi":-2.247829502671161,"method":"3d c++","id":1}
774230,774226,1,246885.156805,26,125,{"topic":"pupil.1","circle_3d":{"center":[-11.953195969638818,-0.47313452367627207,55.43950889794834],"normal":[-0.4324538477477013,0.728093583071507,-0.5318490423591102],"radius":2.4818321415291367},"confidence":0.9952732117978367,"timestamp":246885.156805,"diameter_3d":4.963664283058273,"ellipse":{"center":[26.416897906847225,114.21931628137244],"axes":[24.341465378713234,56.43209537914869],"angle":-54.385632243468166},"norm_pos":[0.08255280595889758,0.5240861821609482],"diameter":56.43209537914869,"sphere":{"center":[-6.763749796666403,-9.210257520534356,61.82169740625766],"radius":12.0},"projected_sphere":{"center":[92.16742584119508,27.63178782999104],"axes":[240.69219423428237,240.69219423428237],"angle":90.0},"model_confidence":0.32256815840726594,"model_id":1,"model_birth_timestamp":246252.306372,"theta":2.3863330030631342,"phi":-2.2534825535879386,"method":"3d c++","id":1}
774239,774238,1,246885.165204,26,125,{"topic":"pupil.1","circle_3d":{"center":[-11.935482885274936,-0.47276085793727063,55.42565730856468],"normal":[-0.43097775738404454,0.7281247218830904,-0.5330033414744149],"radius":2.4712901859220535},"confidence":0.9953749783630955,"timestamp":246885.165204,"diameter_3d":4.942580371844107,"ellipse":{"center":[26.58108864171959,114.22504632489898],"axes":[24.330431014178703,56.2053272348202],"angle":-54.45302343396048},"norm_pos":[0.08306590200537371,0.5240623069795876],"diameter":56.2053272348202,"sphere":{"center":[-6.763749796666403,-9.210257520534356,61.82169740625766],"radius":12.0},"projected_sphere":{"center":[92.16742584119508,27.63178782999104],"axes":[240.69219423428237,240.69219423428237],"angle":90.0},"model_confidence":0.3235623957620004,"model_id":1,"model_birth_timestamp":246252.306372,"theta":2.38637843059633,"phi":-2.250749296933854,"method":"3d c++","id":1}
774247,774243,1,246885.173604,26,125,{"topic":"pupil.1","circle_3d":{"center":[-11.945936194609093,-0.46992231064522905,55.43800846053434],"normal":[-0.43184886649522414,0.7283612674907606,-0.5319740788102769],"radius":2.460777400291119},"confidence":0.9947596144845254,"timestamp":246885.173604,"diameter_3d":4.921554800582238,"ellipse":{"center":[26.49270613275982,114.26311888207391],"axes":[24.14985950894646,55.95372143534312],"angle":-54.427688433461014},"norm_pos":[0.08278970666487444,0.5239036713246921],"diameter":55.95372143534312,"sphere":{"center":[-6.763749796666403,-9.210257520534356,61.82169740625766],"radius":12.0},"projected_sphere":{"center":[92.16742584119508,27.63178782999104],"axes":[240.69219423428237,240.69219423428237],"angle":90.0},"model_confidence":0.32420769603931365,"model_id":1,"model_birth_timestamp":246252.306372,"theta":2.386723591916202,"phi":-2.252682375963832,"method":"3d c++","id":1}
774254,774254,1,246885.182004,26,125,{"topic":"pupil.1","circle_3d":{"center":[-11.947848309535047,-0.46884083610002136,55.441042505860196],"normal":[-0.43200820940572027,0.7284513903695278,-0.5317212416997887],"radius":2.4602223042820923},"confidence":0.995046535745328,"timestamp":246885.182004,"diameter_3d":4.920444608564185,"ellipse":{"center":[26.478461888061133,114.27595193480529],"axes":[24.12621845131526,55.93805192950871],"angle":-54.42569160755329},"norm_pos":[0.08274519340019104,0.5238502002716446],"diameter":55.93805192950871,"sphere":{"center":[-6.763749796666403,-9.210257520534356,61.82169740625766],"radius":12.0},"projected_sphere":{"center":[92.16742584119508,27.63178782999104],"axes":[240.69219423428237,240.69219423428237],"angle":90.0},"model_confidence":0.3249454254478201,"model_id":1,"model_birth_timestamp":246252.306372,"theta":2.3868551302421874,"phi":-2.2530955496297813,"method":"3d c++","id":1}
774262,774260,1,246885.190404,26,125,{"topic":"pupil.1","circle_3d":{"center":[-11.943596309818517,-0.46509185316459956,55.44272667811953],"normal":[-0.4316538760960094,0.7287638056141463,-0.5315808940115113],"radius":2.478653454100832},"confidence":0.9955556355657263,"timestamp":246885.190404,"diameter_3d":4.957306908201664,"ellipse":{"center":[26.531172558019875,114.31080018184997],"axes":[24.302794823688625,56.355691387049035],"angle":-54.45887910578347},"norm_pos":[0.08290991424381211,0.5237049992422917],"diameter":56.355691387049035,"sphere":{"center":[-6.763749796666403,-9.210257520534356,61.82169740625766],"radius":12.0},"projected_sphere":{"center":[92.16742584119508,27.63178782999104],"axes":[240.69219423428237,240.69219423428237],"angle":90.0},"model_confidence":0.3257232021731782,"model_id":1,"model_birth_timestamp":246252.306372,"theta":2.387311256614386,"phi":-2.2528231838601984,"method":"3d c++","id":1}
774271,774271,1,246885.198804,26,125,{"topic":"pupil.1","circle_3d":{"center":[-11.959635220971156,-0.4694275754021753,55.44983217480636],"normal":[-0.4329904520253961,0.7284024954276818,-0.5309887692876084],"radius":2.45416926012937},"confidence":0.994735464558688,"timestamp":246885.198804,"diameter_3d":4.90833852025874,"ellipse":{"center":[26.367257661145743,114.27340536603401],"axes":[24.007783449691164,55.79188659507767],"angle":-54.37943599602971},"norm_pos":[0.08239768019108044,0.5238608109748583],"diameter":55.79188659507767,"sphere":{"center":[-6.763749796666403,-9.210257520534356,61.82169740625766],"radius":12.0},"projected_sphere":{"center":[92.16742584119508,27.63178782999104],"axes":[240.69219423428237,240.69219423428237],"angle":90.0},"model_confidence":0.32669585266896783,"model_id":1,"model_birth_timestamp":246252.306372,"theta":2.386783763630174,"phi":-2.2548823502129274,"method":"3d c++","id":1}
774280,774276,1,246885.207204,26,125,{"topic":"pupil.1","circle_3d":{"center":[-11.974749010957998,-0.4736337998966764,55.45640926253287],"normal":[-0.4342499345242996,0.7280519767198066,-0.5304406786437327],"radius":2.454963594557521},"confidence":0.9943257182147198,"timestamp":246885.207204,"diameter_3d":4.909927189115042,"ellipse":{"center":[26.214338880670027,114.22744625717709],"axes":[23.965041426329506,55.8041500560855],"angle":-54.30398785930754},"norm_pos":[0.08191980900209384,0.5240523072617621],"diameter":55.8041500560855,"sphere":{"center":[-6.763749796666403,-9.210257520534356,61.82169740625766],"radius":12.0},"projected_sphere":{"center":[92.16742584119508,27.63178782999104],"axes":[240.69219423428237,240.69219423428237],"angle":90.0},"model_confidence":0.32786131865905066,"model_id":1,"model_birth_timestamp":246252.306372,"theta":2.3862723081519848,"phi":-2.256811493477111,"method":"3d c++","id":1}
774286,774282,1,246885.215604,26,125,{"topic":"pupil.1","circle_3d":{"center":[-11.959697809733978,-0.47145686967546396,55.44710036565601],"normal":[-0.4329956677556312,0.7282333875715743,-0.5312164200501376],"radius":2.4470829961841805},"confidence":0.9948520522371666,"timestamp":246885.215604,"diameter_3d":4.894165992368361,"ellipse":{"center":[26.3596266940919,114.253046419686],"axes":[23.95272315316812,55.63338670224305],"angle":-54.369728073632274},"norm_pos":[0.08237383341903719,0.5239456399179749],"diameter":55.63338670224305,"sphere":{"center":[-6.763749796666403,-9.210257520534356,61.82169740625766],"radius":12.0},"projected_sphere":{"center":[92.16742584119508,27.63178782999104],"axes":[240.69219423428237,240.69219423428237],"angle":90.0},"model_confidence":0.3289522344249729,"model_id":1,"model_birth_timestamp":246252.306372,"theta":2.386536977078415,"phi":-2.2546783239950345,"method":"3d c++","id":1}
774295,774293,1,246885.224004,26,125,{"topic":"pupil.1","circle_3d":{"center":[-11.977581654229812,-0.4694340997245412,55.46449965195746],"normal":[-0.4344859881302842,0.7284019517341511,-0.5297664795250168],"radius":2.4495423541423342},"confidence":0.9949956559336426,"timestamp":246885.224004,"diameter_3d":4.8990847082846685,"ellipse":{"center":[26.201365220115264,114.27784083051847],"axes":[23.866078176112833,55.67255289856086],"angle":-54.31332856247951},"norm_pos":[0.0818792663128602,0.5238423298728396],"diameter":55.67255289856086,"sphere":{"center":[-6.763749796666403,-9.210257520534356,61.82169740625766],"radius":12.0},"projected_sphere":{"center":[92.16742584119508,27.63178782999104],"axes":[240.69219423428237,240.69219423428237],"angle":90.0},"model_confidence":0.3296447868345487,"model_id":1,"model_birth_timestamp":246252.306372,"theta":2.3867829700904863,"phi":-2.257701415589331,"method":"3d c++","id":1}
774302,774299,1,246885.232404,26,125,{"topic":"pupil.1","circle_3d":{"center":[-11.976308511045328,-0.46659400378389115,55.4673618819877],"normal":[-0.4343798928649105,0.7286386263958721,-0.5295279603558303],"radius":2.4443536166539466},"confidence":0.994452728227419,"timestamp":246885.232404,"diameter_3d":4.888707233307893,"ellipse":{"center":[26.22188282319081,114.31201832727487],"axes":[23.80150760497005,55.551413613001536],"angle":-54.33138078419944},"norm_pos":[0.08194338382247128,0.5236999236363546],"diameter":55.551413613001536,"sphere":{"center":[-6.763749796666403,-9.210257520534356,61.82169740625766],"radius":12.0},"projected_sphere":{"center":[92.16742584119508,27.63178782999104],"axes":[240.69219423428237,240.69219423428237],"angle":90.0},"model_confidence":0.3302025556034427,"model_id":1,"model_birth_timestamp":246252.306372,"theta":2.387128468334723,"phi":-2.257802484739638,"method":"3d c++","id":1}
774315,774310,1,246885.240804,26,125,{"topic":"pupil.1","circle_3d":{"center":[-11.99411197012494,-0.4704866631766329,55.476642883612904],"normal":[-0.43586351445487814,0.7283142381131436,-0.5287545435537301],"radius":2.46113338564886},"confidence":0.9947009525780333,"timestamp":246885.240804,"diameter_3d":4.92226677129772,"ellipse":{"center":[26.04660177556397,114.26385714631945],"axes":[23.897526298832002,55.92485213348246],"angle":-54.247618818144275},"norm_pos":[0.08139563054863741,0.5239005952236689],"diameter":55.92485213348246,"sphere":{"center":[-6.763749796666403,-9.210257520534356,61.82169740625766],"radius":12.0},"projected_sphere":{"center":[92.16742584119508,27.63178782999104],"axes":[240.69219423428237,240.69219423428237],"angle":90.0},"model_confidence":0.3310606465212196,"model_id":1,"model_birth_timestamp":246252.306372,"theta":2.386654957763118,"phi":-2.2601922659245246,"method":"3d c++","id":1}
774324,774320,1,246885.249204,26,125,{"topic":"pupil.1","circle_3d":{"center":[-11.98358785219316,-0.4721481143080233,55.465697510183595],"normal":[-0.4349865046272299,0.7281757838521943,-0.5296666580061722],"radius":2.451911114645233},"confidence":0.995142540287674,"timestamp":246885.249204,"diameter_3d":4.903822229290466,"ellipse":{"center":[26.137441539611075,114.24690730422941],"axes":[23.876700896135024,55.72562463064702],"angle":-54.27848993397768},"norm_pos":[0.08167950481128461,0.5239712195657108],"diameter":55.72562463064702,"sphere":{"center":[-6.763749796666403,-9.210257520534356,61.82169740625766],"radius":12.0},"projected_sphere":{"center":[92.16742584119508,27.63178782999104],"axes":[240.69219423428237,240.69219423428237],"angle":90.0},"model_confidence":0.3321120187535498,"model_id":1,"model_birth_timestamp":246252.306372,"theta":2.3864529282067615,"phi":-2.2583584237555194,"method":"3d c++","id":1}
774330,774327,1,246885.257604,25,125,{"topic":"pupil.1","circle_3d":{"center":[-12.011605523872005,-0.4738947400261715,55.486401388407614],"normal":[-0.4373213106004668,0.7280302317090154,-0.5279413348208373],"radius":2.4505209016063305},"confidence":0.994386007844725,"timestamp":246885.257604,"diameter_3d":4.901041803212661,"ellipse":{"center":[25.873922293737536,114.23182370627032],"axes":[23.724456266542838,55.67440567108417],"angle":-54.16764551745578},"norm_pos":[0.0808560071679298,0.5240340678905404],"diameter":55.67440567108417,"sphere":{"center":[-6.763749796666403,-9.210257520534356,61.82169740625766],"radius":12.0},"projected_sphere":{"center":[92.16742584119508,27.63178782999104],"axes":[240.69219423428237,240.69219423428237],"angle":90.0},"model_confidence":0.33289621298654426,"model_id":1,"model_birth_timestamp":246252.306372,"theta":2.3862405883141253,"phi":-2.2625876447098254,"method":"3d c++","id":1}
774341,774339,1,246885.266004,25,125,{"topic":"pupil.1","circle_3d":{"center":[-12.027224765096543,-0.48079368559417546,55.48984993405961],"normal":[-0.438622914035845,0.7274553195783484,-0.527653956016504],"radius":2.4680049103820454},"confidence":0.9953513985640556,"timestamp":246885.266004,"diameter_3d":4.936009820764091,"ellipse":{"center":[25.709403965559517,114.14886333161246],"axes":[23.859631699523728,56.069658932178626],"angle":-54.078069716743386},"norm_pos":[0.0803418873923735,0.5243797361182814],"diameter":56.069658932178626,"sphere":{"center":[-6.763749796666403,-9.210257520534356,61.82169740625766],"radius":12.0},"projected_sphere":{"center":[92.16742584119508,27.63178782999104],"axes":[240.69219423428237,240.69219423428237],"angle":90.0},"model_confidence":0.33392777106100446,"model_id":1,"model_birth_timestamp":246252.306372,"theta":2.3854023407909066,"phi":-2.264315672978618,"method":"3d c++","id":1}
774346,774344,1,246885.274404,25,125,{"topic":"pupil.1","circle_3d":{"center":[-12.011978614251646,-0.4725232143898008,55.48860231195406],"normal":[-0.43735240146543686,0.7281445255120462,-0.5277579245253002],"radius":2.4468418460097974},"confidence":0.9947979874323407,"timestamp":246885.274404,"diameter_3d":4.893683692019595,"ellipse":{"center":[25.87467211679325,114.24892487214804],"axes":[23.67669278944659,55.58844944665826],"angle":-54.17275825807124},"norm_pos":[0.0808583503649789,0.5239628130327165],"diameter":55.58844944665826,"sphere":{"center":[-6.763749796666403,-9.210257520534356,61.82169740625766],"radius":12.0},"projected_sphere":{"center":[92.16742584119508,27.63178782999104],"axes":[240.69219423428237,240.69219423428237],"angle":90.0},"model_confidence":0.33446812246186175,"model_id":1,"model_birth_timestamp":246252.306372,"theta":2.386407322692015,"phi":-2.262793275047886,"method":"3d c++","id":1}
774355,774349,1,246885.282804,25,125,{"topic":"pupil.1","circle_3d":{"center":[-12.012962748343213,-0.4712438088211499,55.491183782985296],"normal":[-0.4374344126397342,0.7282511426427671,-0.5275428019393639],"radius":2.454997587890304},"confidence":0.9952100773572702,"timestamp":246885.282804,"diameter_3d":4.909995175780608,"ellipse":{"center":[25.87038609822008,114.26049754820795],"axes":[23.741093407606858,55.77139724907384],"angle":-54.175128128908824},"norm_pos":[0.08084495655693776,0.5239145935491336],"diameter":55.77139724907384,"sphere":{"center":[-6.763749796666403,-9.210257520534356,61.82169740625766],"radius":12.0},"projected_sphere":{"center":[92.16742584119508,27.63178782999104],"axes":[240.69219423428237,240.69219423428237],"angle":90.0},"model_confidence":0.33514330326527286,"model_id":1,"model_birth_timestamp":246252.306372,"theta":2.3865628847957563,"phi":-2.263085713344919,"method":"3d c++","id":1}
774362,774360,1,246885.291204,25,125,{"topic":"pupil.1","circle_3d":{"center":[-12.022716454600243,-0.4599839035784683,55.514877183740936],"normal":[-0.4382472214944867,0.7291894680796573,-0.5255683518763937],"radius":2.456874013164962},"confidence":0.9953539013553924,"timestamp":246885.291204,"diameter_3d":4.913748026329924,"ellipse":{"center":[25.817649324866636,114.38948407953579],"axes":[23.623275390031125,55.790178769645074],"angle":-54.19249023463075},"norm_pos":[0.08068015414020824,0.5233771496686008],"diameter":55.790178769645074,"sphere":{"center":[-6.763749796666403,-9.210257520534356,61.82169740625766],"radius":12.0},"projected_sphere":{"center":[92.16742584119508,27.63178782999104],"axes":[240.69219423428237,240.69219423428237],"angle":90.0},"model_confidence":0.3362218810673445,"model_id":1,"model_birth_timestamp":246252.306372,"theta":2.3879330805848906,"phi":-2.2658417457782596,"method":"3d c++","id":1}
774370,774365,1,246885.299604,25,125,{"topic":"pupil.1","circle_3d":{"center":[-12.013566076752483,-0.4671900593775504,55.497284358788015],"normal":[-0.4374846900071732,0.7285889550964004,-0.5270344206224704],"radius":2.437026029906312},"confidence":0.9945498635767557,"timestamp":246885.299604,"diameter_3d":4.874052059812624,"ellipse":{"center":[25.876695268895247,114.31368335235227],"axes":[23.53401375553016,55.35630221173436],"angle":-54.19210701007114},"norm_pos":[0.08086467271529765,0.5236929860318655],"diameter":55.35630221173436,"sphere":{"center":[-6.763749796666403,-9.210257520534356,61.82169740625766],"radius":12.0},"projected_sphere":{"center":[92.16742584119508,27.63178782999104],"axes":[240.69219423428237,240.69219423428237],"angle":90.0},"model_confidence":0.3370631500950516,"model_id":1,"model_birth_timestamp":246252.306372,"theta":2.3870559475243853,"phi":-2.2636159748761426,"method":"3d c++","id":1}
774380,774378,1,246885.308004,25,125,{"topic":"pupil.1","circle_3d":{"center":[-12.010749895237106,-0.4741456765304939,55.48534673614363],"normal":[-0.4372500082142253,0.7280093203336552,-0.5280292225095022],"radius":2.4354770335993283},"confidence":0.9946841699820502,"timestamp":246885.308004,"diameter_3d":4.870954067198657,"ellipse":{"center":[25.879860734337967,114.23463172187877],"axes":[23.58484748847979,55.333150809399946],"angle":-54.16968983356486},"norm_pos":[0.08087456479480615,0.5240223678255052],"diameter":55.333150809399946,"sphere":{"center":[-6.763749796666403,-9.210257520534356,61.82169740625766],"radius":12.0},"projected_sphere":{"center":[92.16742584119508,27.63178782999104],"axes":[240.69219423428237,240.69219423428237],"angle":90.0},"model_confidence":0.33808956289400616,"model_id":1,"model_birth_timestamp":246252.306372,"theta":2.3862100855230546,"phi":-2.2624257708638473,"method":"3d c++","id":1}
774386,774382,1,246885.316404,25,125,{"topic":"pupil.1","circle_3d":{"center":[-12.013428124258894,-0.4692668159242892,55.49429991923931],"normal":[-0.437473193966041,0.7284158920508388,-0.5272831239181959],"radius":2.4347128743326114},"confidence":0.9946258666517054,"timestamp":246885.316404,"diameter_3d":4.869425748665223,"ellipse":{"center":[25.871042069742828,114.29090030951363],"axes":[23.527488570967503,55.30674023268067],"angle":-54.18285948689831},"norm_pos":[0.08084700646794633,0.5237879153770265],"diameter":55.30674023268067,"sphere":{"center":[-6.763749796666403,-9.210257520534356,61.82169740625766],"radius":12.0},"projected_sphere":{"center":[92.16742584119508,27.63178782999104],"axes":[240.69219423428237,240.69219423428237],"angle":90.0},"model_confidence":0.3390926773997993,"model_id":1,"model_birth_timestamp":246252.306372,"theta":2.3868033166808096,"phi":-2.2633712133944575,"method":"3d c++","id":1}
-1565747378434,767878,767881,0.04858,0.00879,-0.77441,0.63074,0.01727,-478.9595,-23.350708
-1565747378429,767878,767886,0.04858,0.00879,-0.77441,0.63074,0.01727,-478.9595,-23.350708
-1565747378424,767887,767891,0.04858,0.00879,-0.77441,0.63080,0.01727,-479.00504,-23.353565
-1565747378417,767894,767898,0.04852,0.00879,-0.77435,0.63080,0.01727,-479.43158,-23.339596
-1565747378412,767894,767903,0.04852,0.00879,-0.77435,0.63080,0.01727,-479.43158,-23.339596
-1565747378407,767903,767908,0.04852,0.00879,-0.77435,0.63086,0.01727,-479.4771,-23.342447
-1565747378401,767912,767914,0.04852,0.00879,-0.77429,0.63086,0.01727,-479.87708,-23.364246
-1565747378396,767919,767919,0.04852,0.00879,-0.77429,0.63092,0.01727,-479.92267,-23.367107
-1565747378390,767919,767925,0.04852,0.00879,-0.77429,0.63092,0.01727,-479.92267,-23.367107
-1565747378384,767919,767931,0.04852,0.00879,-0.77429,0.63092,0.01727,-479.92267,-23.367107
-1565747378378,767931,767937,0.04852,0.00879,-0.77429,0.63092,0.01727,-479.92267,-23.367107
-1565747378372,767939,767943,0.04852,0.00879,-0.77429,0.63092,0.01727,-479.92267,-23.367107
-1565747378367,767947,767948,0.04858,0.00879,-0.77423,0.63092,0.01727,-480.29657,-23.424805
-1565747378361,767947,767954,0.04858,0.00879,-0.77423,0.63092,0.01727,-480.29657,-23.424805
-1565747378356,767955,767959,0.04858,0.00879,-0.77423,0.63092,0.01727,-480.29657,-23.424805
-1565747378351,767963,767964,0.04858,0.00879,-0.77429,0.63092,0.01727,-479.89563,-23.402918
-1565747378344,767963,767971,0.04865,0.00885,-0.77429,0.63092,0.01727,-479.8671,-23.399107
-1565747378339,767974,767976,0.04865,0.00885,-0.77429,0.63086,0.01727,-479.8215,-23.39624
-1565747378334,767981,767981,0.04871,0.00891,-0.77429,0.63086,0.01727,-479.7974,-23.386457
-1565747378329,767981,767986,0.04871,0.00891,-0.77435,0.63086,0.01727,-479.3976,-23.364637
-1565747378323,767986,767992,0.04871,0.00897,-0.77435,0.63080,0.01727,-479.35495,-23.316221
-1565747378318,767995,767997,0.04877,0.00903,-0.77435,0.63080,0.01727,-479.33093,-23.30644
-1565747378313,767995,768002,0.04877,0.00903,-0.77441,0.63074,0.01727,-478.8859,-23.281815
-1565747378307,768002,768008,0.04877,0.00909,-0.77441,0.63068,0.01727,-478.84326,-23.233437
-1565747378302,768002,768013,0.04883,0.00916,-0.77448,0.63068,0.01727,-478.35526,-23.190834
-1565747378296,768016,768019,0.04883,0.00928,-0.77454,0.63055,0.01727,-477.86472,-23.072151
-1565747378290,768023,768025,0.04883,0.00934,-0.77460,0.63049,0.01727,-477.4252,-23.002401
-1565747378285,768023,768030,0.04883,0.00934,-0.77466,0.63043,0.01727,-476.98413,-22.978153
-1565747378280,768031,768035,0.04883,0.00940,-0.77466,0.63043,0.01727,-476.987,-22.932798
-1565747378274,768038,768041,0.04877,0.00946,-0.77472,0.63037,0.01727,-476.57538,-22.827705
-1565747378268,768046,768047,0.04877,0.00946,-0.77472,0.63031,0.01727,-476.53003,-22.82485
-1565747378263,768046,768052,0.04877,0.00952,-0.77478,0.63025,0.01727,-476.09308,-22.755505
-1565747378257,768055,768058,0.04877,0.00952,-0.77484,0.63019,0.01727,-475.65384,-22.731512
-1565747378251,768063,768064,0.04871,0.00958,-0.77490,0.63013,0.01727,-475.2444,-22.626865
-1565747378246,768063,768069,0.04871,0.00964,-0.77496,0.63007,0.01727,-474.8097,-22.557865
-1565747378241,768072,768074,0.04871,0.00964,-0.77496,0.63007,0.01727,-474.8097,-22.557865
-1565747378234,768078,768081,0.04865,0.00964,-0.77502,0.63000,0.01727,-474.39133,-22.498215
-1565747378229,768078,768086,0.04865,0.00970,-0.77502,0.62994,0.01727,-474.349,-22.450243
-1565747378224,768086,768091,0.04858,0.00970,-0.77509,0.62994,0.01727,-473.92365,-22.384699
-1565747378217,768086,768098,0.04858,0.00977,-0.77509,0.62994,0.01727,-473.92694,-22.332087
-1565747378212,768099,768103,0.04852,0.00983,-0.77509,0.62988,0.01727,-473.91098,-22.248777
-1565747378206,768108,768109,0.04852,0.00983,-0.77509,0.62988,0.01727,-473.91098,-22.248777
-1565747378201,768108,768114,0.04840,0.00995,-0.77515,0.62988,0.01727,-473.57822,-22.06728
-1565747378195,768114,768120,0.04840,0.00995,-0.77515,0.62988,0.01727,-473.57822,-22.06728
-1565747378189,768123,768126,0.04834,0.01001,-0.77515,0.62988,0.01727,-473.60724,-21.98684
-1565747378184,768131,768131,0.04834,0.01001,-0.77515,0.62988,0.01727,-473.60724,-21.98684
-1565747378177,768131,768138,0.04828,0.01007,-0.77509,0.62988,0.01727,-474.0267,-21.926727
-1565747378172,768139,768143,0.04828,0.01007,-0.77509,0.62994,0.01727,-474.07178,-21.929535
-1565747378167,768146,768148,0.04822,0.01007,-0.77509,0.62994,0.01727,-474.0979,-21.894106
-1565747378161,768146,768154,0.04822,0.01013,-0.77502,0.63000,0.01727,-474.60223,-21.875494
-1565747378156,768155,768159,0.04822,0.01019,-0.77502,0.63007,0.01727,-474.65768,-21.833616
-1565747378149,768163,768166,0.04822,0.01019,-0.77496,0.63007,0.01727,-475.05014,-21.853954
-1565747378143,768170,768172,0.04816,0.01019,-0.77496,0.63013,0.01727,-475.1215,-21.821249
-1565747378138,768170,768177,0.04816,0.01025,-0.77490,0.63013,0.01727,-475.51706,-21.796337
-1565747378133,768170,768182,0.04816,0.01025,-0.77490,0.63019,0.01727,-475.5623,-21.799149
-1565747378127,768182,768188,0.04810,0.01025,-0.77484,0.63019,0.01727,-475.98245,-21.783901
-1565747378121,768191,768194,0.04810,0.01025,-0.77484,0.63025,0.01727,-476.0277,-21.78671
-1565747378117,768191,768198,0.04810,0.01031,-0.77478,0.63031,0.01727,-476.47037,-21.764559
-1565747378110,768198,768205,0.04810,0.01031,-0.77478,0.63037,0.01727,-476.51572,-21.767374
-1565747378104,768206,768211,0.04810,0.01031,-0.77472,0.63037,0.01727,-476.91086,-21.78771
-1565747378098,768214,768217,0.04810,0.01038,-0.77472,0.63037,0.01727,-476.91412,-21.734806
-1565747378093,768214,768222,0.04810,0.01038,-0.77472,0.63043,0.01727,-476.95944,-21.737617
-1565747378087,768224,768228,0.04816,0.01038,-0.77472,0.63043,0.01727,-476.93317,-21.773296
-1565747378081,768231,768234,0.04816,0.01038,-0.77466,0.63043,0.01727,-477.32947,-21.793682
-1565747378076,768231,768239,0.04816,0.01038,-0.77466,0.63043,0.01727,-477.32947,-21.793682
-1565747378071,768240,768244,0.04816,0.01038,-0.77466,0.63043,0.01727,-477.32947,-21.793682
-1565747378066,768248,768249,0.04828,0.01044,-0.77466,0.63043,0.01727,-477.2797,-21.819704
-1565747378059,768256,768256,0.04828,0.01050,-0.77466,0.63043,0.01727,-477.28253,-21.774326
-1565747378053,768256,768262,0.04828,0.01050,-0.77466,0.63043,0.01721,-477.28253,-21.774326
-1565747378049,768256,768266,0.04834,0.01056,-0.77466,0.63043,0.01727,-477.25903,-21.764648
-1565747378043,768267,768272,0.04834,0.01062,-0.77472,0.63037,0.01721,-476.82028,-21.696114
-1565747378037,768275,768278,0.04840,0.01068,-0.77472,0.63037,0.01721,-476.79657,-21.686428
-1565747378032,768275,768283,0.04840,0.01074,-0.77472,0.63037,0.01721,-476.7994,-21.641096
-1565747378027,768283,768288,0.04840,0.01080,-0.77472,0.63031,0.01727,-476.75687,-21.592928
-1565747378021,768291,768294,0.04840,0.01093,-0.77478,0.63031,0.01727,-476.3682,-21.474604
-1565747378014,768298,768301,0.04840,0.01099,-0.77478,0.63031,0.01727,-476.37103,-21.429306
-1565747378009,768298,768306,0.04834,0.01099,-0.77478,0.63025,0.01727,-476.35217,-21.390842
-1565747378004,768308,768311,0.04828,0.01105,-0.77478,0.63025,0.01727,-476.38123,-21.3099
-1565747377998,768315,768317,0.04828,0.01111,-0.77484,0.63025,0.01721,-475.9896,-21.244696
-1565747377992,768315,768323,0.04822,0.01117,-0.77484,0.63025,0.01721,-476.01852,-21.163801
-1565747377987,768323,768328,0.04816,0.01117,-0.77484,0.63025,0.01727,-476.0447,-21.128176
-1565747377982,768330,768333,0.04810,0.01129,-0.77484,0.63025,0.01727,-476.07645,-21.001991
-1565747377975,768340,768340,0.04803,0.01135,-0.77484,0.63025,0.01721,-476.10968,-20.915129
-1565747377969,768340,768346,0.04797,0.01135,-0.77484,0.63025,0.01727,-476.13586,-20.879482
-1565747377964,768351,768351,0.04797,0.01141,-0.77484,0.63025,0.01721,-476.1387,-20.834206
-1565747377958,768351,768357,0.04791,0.01147,-0.77478,0.63031,0.01727,-476.6074,-20.77554
-1565747377953,768359,768362,0.04785,0.01147,-0.77478,0.63031,0.01721,-476.63358,-20.739841
-1565747377948,768366,768367,0.04779,0.01154,-0.77478,0.63037,0.01721,-476.70813,-20.654043
-1565747377943,768366,768372,0.04779,0.01154,-0.77472,0.63037,0.01727,-477.10352,-20.673447
-1565747377936,768376,768379,0.04773,0.01160,-0.77466,0.63043,0.01727,-477.57434,-20.614517
-1565747377930,768383,768385,0.04761,0.01166,-0.77460,0.63055,0.01721,-478.11676,-20.522398
-1565747377926,768383,768389,0.04755,0.01172,-0.77454,0.63062,0.01727,-478.59677,-20.463654
-1565747377920,768392,768395,0.04742,0.01178,-0.77448,0.63068,0.01727,-479.1004,-20.3624
-1565747377914,768399,768401,0.04736,0.01190,-0.77441,0.63080,0.01721,-479.68893,-20.26329
-1565747377909,768399,768406,0.04730,0.01196,-0.77435,0.63086,0.01727,-480.16428,-20.20364
-1565747377903,768407,768412,0.04724,0.01202,-0.77429,0.63098,0.01721,-480.68552,-20.146627
-1565747377897,768414,768418,0.04712,0.01208,-0.77423,0.63104,0.01721,-481.18823,-20.050592
-1565747377893,768422,768422,0.04706,0.01221,-0.77417,0.63110,0.01721,-481.6688,-19.937159
-1565747377886,768422,768429,0.04694,0.01227,-0.77411,0.63123,0.01727,-482.2267,-19.843933
-1565747377881,768422,768434,0.04681,0.01245,-0.77393,0.63141,0.01727,-483.6452,-19.692665
-1565747377874,768435,768441,0.04669,0.01257,-0.77386,0.63153,0.01721,-484.27002,-19.555489
-1565747377870,768444,768445,0.04663,0.01270,-0.77380,0.63159,0.01727,-484.75586,-19.440876
-1565747377864,768450,768451,0.04657,0.01276,-0.77374,0.63171,0.01727,-485.28568,-19.382542
-1565747377858,768450,768457,0.04645,0.01282,-0.77362,0.63177,0.01721,-486.20673,-19.303297
-1565747377852,768459,768463,0.04639,0.01294,-0.77356,0.63190,0.01721,-486.74994,-19.198942
-1565747377847,768467,768468,0.04626,0.01300,-0.77350,0.63196,0.01721,-487.26727,-19.094513
-1565747377840,768467,768475,0.04608,0.01312,-0.77338,0.63214,0.01721,-488.31732,-18.936829
-1565747377835,768476,768480,0.04602,0.01318,-0.77325,0.63226,0.01721,-489.33844,-18.89887
-1565747377830,768483,768485,0.04596,0.01318,-0.77319,0.63232,0.01727,-489.82706,-18.883034
-1565747377824,768490,768491,0.04584,0.01324,-0.77313,0.63245,0.01727,-490.40036,-18.786963
-1565747377818,768490,768497,0.04578,0.01331,-0.77307,0.63251,0.01727,-490.89456,-18.71672
-1565747377812,768499,768503,0.04572,0.01337,-0.77301,0.63257,0.01721,-491.38867,-18.654076
-1565747377808,768499,768507,0.04572,0.01343,-0.77301,0.63263,0.01727,-491.4379,-18.61028
-1565747377802,768508,768513,0.04565,0.01349,-0.77295,0.63269,0.01721,-491.9382,-18.541315
-1565747377797,768508,768518,0.04559,0.01355,-0.77289,0.63275,0.01727,-492.43454,-18.47838
-1565747377791,768519,768524,0.04553,0.01367,-0.77283,0.63281,0.01727,-492.93433,-18.368635
-1565747377785,768527,768530,0.04547,0.01367,-0.77283,0.63287,0.01721,-493.00742,-18.334173
-1565747377780,768527,768535,0.04541,0.01373,-0.77277,0.63287,0.01727,-493.45877,-18.26815
-1565747377774,768536,768541,0.04535,0.01379,-0.77277,0.63293,0.01721,-493.53464,-18.186905
-1565747377768,768543,768547,0.04535,0.01379,-0.77277,0.63293,0.01721,-493.53464,-18.186905
-1565747377763,768550,768552,0.04529,0.01385,-0.77271,0.63300,0.01721,-494.04126,-18.123863
-1565747377757,768550,768558,0.04523,0.01392,-0.77271,0.63300,0.01721,-494.07065,-18.031975
-1565747377752,768560,768563,0.04510,0.01398,-0.77264,0.63306,0.01721,-494.67233,-17.9276
-1565747377746,768566,768569,0.04504,0.01398,-0.77264,0.63312,0.01727,-494.74545,-17.892948
-1565747377741,768566,768574,0.04504,0.01404,-0.77258,0.63312,0.01727,-495.17313,-17.863688
-1565747377735,768574,768580,0.04498,0.01404,-0.77258,0.63312,0.01721,-495.19913,-17.826248
-1565747377729,768582,768586,0.04492,0.01410,-0.77258,0.63318,0.01727,-495.27502,-17.744669
-1565747377723,768592,768592,0.04492,0.01410,-0.77258,0.63318,0.01721,-495.27502,-17.744669
-1565747377718,768592,768597,0.04486,0.01410,-0.77258,0.63318,0.01721,-495.3011,-17.707218
-1565747377712,768602,768603,0.04486,0.01416,-0.77258,0.63318,0.01721,-495.30377,-17.660343
-1565747377707,768602,768608,0.04480,0.01422,-0.77252,0.63324,0.01721,-495.80594,-17.596087
-1565747377702,768611,768613,0.04474,0.01428,-0.77252,0.63324,0.01721,-495.83496,-17.511671
-1565747377696,768618,768619,0.04468,0.01428,-0.77252,0.63324,0.01721,-495.86102,-17.47416
-1565747377691,768618,768624,0.04468,0.01434,-0.77252,0.63324,0.01721,-495.86377,-17.427238
-1565747377685,768627,768630,0.04468,0.01434,-0.77252,0.63324,0.01721,-495.86377,-17.427238
-1565747377679,768634,768636,0.04462,0.01434,-0.77252,0.63324,0.01721,-495.88953,-17.389711
-1565747377673,768634,768642,0.04462,0.01440,-0.77258,0.63324,0.01721,-495.46555,-17.325645
-1565747377667,768644,768648,0.04462,0.01440,-0.77258,0.63318,0.01721,-495.41867,-17.322937
-1565747377663,768651,768652,0.04462,0.01447,-0.77258,0.63318,0.01721,-495.42184,-17.26824
-1565747377656,768651,768659,0.04462,0.01447,-0.77258,0.63318,0.01721,-495.42184,-17.26824
-1565747377651,768660,768664,0.04456,0.01453,-0.77264,0.63312,0.01721,-494.9783,-17.164196
-1565747377645,768666,768670,0.04456,0.01453,-0.77271,0.63306,0.01721,-494.43546,-17.141716
-1565747377640,768674,768675,0.04456,0.01459,-0.77271,0.63306,0.01721,-494.43817,-17.09492
-1565747377633,768674,768682,0.04456,0.01459,-0.77277,0.63300,0.01721,-493.96756,-17.07536
-1565747377629,768674,768686,0.04449,0.01459,-0.77277,0.63293,0.01721,-493.94308,-17.028606
-1565747377623,768687,768692,0.04449,0.01459,-0.77283,0.63287,0.01721,-493.47302,-17.009123
-1565747377618,768694,768697,0.04449,0.01465,-0.77289,0.63281,0.01721,-493.0068,-16.942999
-1565747377613,768694,768702,0.04443,0.01465,-0.77295,0.63275,0.01721,-492.56363,-16.886335
-1565747377607,768703,768708,0.04437,0.01465,-0.77301,0.63269,0.01721,-492.12155,-16.829792
-1565747377600,768711,768715,0.04431,0.01465,-0.77313,0.63251,0.01721,-491.16776,-16.751532
-1565747377594,768718,768721,0.04425,0.01465,-0.77319,0.63245,0.01721,-490.72766,-16.695265
-1565747377589,768718,768726,0.04425,0.01459,-0.77325,0.63239,0.01721,-490.2609,-16.72268
-1565747377583,768727,768732,0.04419,0.01459,-0.77332,0.63226,0.01721,-489.6987,-16.66073
-1565747377578,768736,768737,0.04413,0.01459,-0.77344,0.63220,0.01721,-488.84564,-16.588472
-1565747377573,768736,768742,0.04413,0.01453,-0.77350,0.63208,0.01721,-488.33542,-16.613241
-1565747377568,768742,768747,0.04407,0.01447,-0.77362,0.63196,0.01721,-487.43823,-16.58487
-1565747377562,768750,768753,0.04401,0.01440,-0.77368,0.63190,0.01721,-487.00156,-16.583097
-1565747377556,768750,768759,0.04395,0.01428,-0.77386,0.63165,0.01721,-485.59586,-16.579178
-1565747377550,768760,768765,0.04388,0.01422,-0.77399,0.63153,0.01721,-484.6435,-16.542301
-1565747377543,768771,768772,0.04382,0.01416,-0.77405,0.63141,0.01721,-484.16562,-16.530375
-1565747377538,768771,768777,0.04382,0.01410,-0.77417,0.63135,0.01721,-483.3036,-16.541641
-1565747377533,768779,768782,0.04376,0.01398,-0.77423,0.63123,0.01721,-482.82516,-16.575611
-1565747377528,768786,768787,0.04370,0.01392,-0.77435,0.63110,0.01721,-481.9386,-16.547342
-1565747377522,768786,768793,0.04370,0.01379,-0.77448,0.63098,0.01721,-480.9685,-16.606632
-1565747377517,768795,768798,0.04364,0.01367,-0.77454,0.63086,0.01721,-480.49396,-16.640467
-1565747377511,768802,768804,0.04358,0.01343,-0.77472,0.63062,0.01721,-479.1238,-16.728249
-1565747377505,768802,768810,0.04358,0.01331,-0.77484,0.63055,0.01721,-478.26874,-16.784197
-1565747377499,768810,768816,0.04358,0.01312,-0.77490,0.63043,0.01721,-477.77206,-16.906874
-1565747377493,768819,768822,0.04358,0.01300,-0.77502,0.63031,0.01721,-476.88373,-16.960268
-1565747377488,768819,768827,0.04352,0.01282,-0.77509,0.63019,0.01721,-476.3484,-17.036314
-1565747377483,768827,768832,0.04352,0.01263,-0.77521,0.63007,0.01721,-475.4612,-17.142118
-1565747377478,768835,768837,0.04352,0.01245,-0.77527,0.63000,0.01727,-475.00848,-17.258516
-1565747377471,768844,768844,0.04352,0.01227,-0.77539,0.62988,0.01721,-474.12656,-17.356192
-1565747377465,768844,768850,0.04352,0.01184,-0.77557,0.62964,0.01721,-472.75815,-17.619623
-1565747377460,768844,768855,0.04352,0.01160,-0.77563,0.62958,0.01727,-472.3144,-17.780428
-1565747377453,768855,768862,0.04352,0.01135,-0.77570,0.62946,0.01721,-471.76172,-17.943155
-1565747377449,768863,768866,0.04352,0.01105,-0.77582,0.62939,0.01727,-470.92294,-18.130949
-1565747377443,768871,768872,0.04352,0.01086,-0.77588,0.62933,0.01727,-470.48477,-18.253466
-1565747377438,768871,768877,0.04352,0.01050,-0.77594,0.62921,0.01727,-469.99493,-18.500116
-1565747377433,768879,768882,0.04358,0.01025,-0.77600,0.62915,0.01727,-469.5325,-18.702194
-1565747377427,768887,768888,0.04358,0.00995,-0.77606,0.62909,0.01727,-469.09177,-18.905882
-1565747377421,768887,768894,0.04364,0.00934,-0.77618,0.62891,0.01727,-468.14453,-19.352371
-1565747377415,768895,768900,0.04364,0.00897,-0.77625,0.62885,0.01727,-467.63965,-19.604036
-1565747377409,768902,768906,0.04370,0.00861,-0.77631,0.62885,0.01727,-467.22113,-19.888422
-1565747377404,768910,768911,0.04370,0.00830,-0.77631,0.62878,0.01727,-467.15622,-20.115644
-1565747377398,768910,768917,0.04376,0.00800,-0.77637,0.62872,0.01727,-466.69672,-20.352335
-1565747377392,768918,768923,0.04382,0.00763,-0.77637,0.62866,0.01727,-466.61383,-20.659283
-1565747377388,768926,768927,0.04388,0.00726,-0.77643,0.62866,0.01727,-466.19595,-20.949621
-1565747377382,768926,768933,0.04395,0.00690,-0.77649,0.62860,0.01727,-465.7317,-21.235386
-1565747377375,768940,768940,0.04401,0.00653,-0.77649,0.62860,0.01727,-465.69324,-21.544239
-1565747377370,768940,768945,0.04419,0.00574,-0.77649,0.62854,0.01727,-465.546,-22.231146
-1565747377365,768947,768950,0.04431,0.00537,-0.77649,0.62854,0.01727,-465.48392,-22.57468
-1565747377358,768947,768957,0.04437,0.00500,-0.77649,0.62854,0.01727,-465.44507,-22.883356
-1565747377353,768957,768962,0.04449,0.00458,-0.77643,0.62860,0.01727,-465.80234,-23.287233
-1565747377347,768963,768968,0.04462,0.00415,-0.77643,0.62860,0.01727,-465.73294,-23.681072
-1565747377342,768970,768973,0.04474,0.00378,-0.77637,0.62866,0.01727,-466.09314,-24.04877
-1565747377337,768970,768978,0.04486,0.00336,-0.77637,0.62866,0.01727,-466.02762,-24.42956
-1565747377332,768979,768983,0.04492,0.00293,-0.77631,0.62872,0.01727,-466.4084,-24.80774
-1565747377326,768987,768989,0.04510,0.00208,-0.77625,0.62885,0.01727,-466.77582,-25.570763
-1565747377320,768987,768995,0.04523,0.00165,-0.77618,0.62891,0.01727,-467.19278,-25.994827
-1565747377314,768995,769001,0.04529,0.00122,-0.77612,0.62897,0.01727,-467.57526,-26.375132
-1565747377309,769003,769006,0.04541,0.00079,-0.77606,0.62903,0.01727,-467.93375,-26.790802
-1565747377304,769003,769011,0.04547,0.00037,-0.77594,0.62915,0.01727,-468.74466,-27.19178
-1565747377298,769011,769017,0.04559,-0.00012,-0.77588,0.62921,0.01727,-469.10187,-27.653772
-1565747377293,769011,769022,0.04572,-0.00061,-0.77582,0.62933,0.01727,-469.49982,-28.124868
-1565747377288,769023,769027,0.04578,-0.00104,-0.77570,0.62939,0.01727,-470.27045,-28.534119
-1565747377282,769031,769033,0.04590,-0.00159,-0.77563,0.62952,0.01727,-470.74323,-29.050816
-1565747377275,769040,769040,0.04614,-0.00250,-0.77545,0.62976,0.01727,-471.94244,-29.961596
-1565747377270,769040,769045,0.04626,-0.00299,-0.77533,0.62982,0.01727,-472.69174,-30.455791
-1565747377266,769047,769049,0.04633,-0.00348,-0.77527,0.62994,0.01727,-473.1198,-30.897434
-1565747377260,769055,769055,0.04645,-0.00397,-0.77515,0.63007,0.01727,-473.9249,-31.397425
-1565747377255,769055,769060,0.04651,-0.00439,-0.77509,0.63013,0.01727,-474.31702,-31.779602
-1565747377248,769063,769067,0.04663,-0.00494,-0.77496,0.63025,0.01727,-475.18073,-32.331818
-1565747377244,769070,769071,0.04675,-0.00543,-0.77484,0.63037,0.01727,-475.9844,-32.835728
-1565747377237,769070,769078,0.04681,-0.00586,-0.77472,0.63049,0.01727,-476.8197,-33.26073
-1565747377232,769079,769083,0.04694,-0.00635,-0.77460,0.63062,0.01727,-477.63144,-33.77409
-1565747377227,769087,769088,0.04706,-0.00690,-0.77448,0.63080,0.01727,-478.4853,-34.331093
-1565747377221,769087,769094,0.04718,-0.00739,-0.77441,0.63092,0.01727,-478.9654,-34.815388
-1565747377216,769096,769099,0.04736,-0.00824,-0.77417,0.63116,0.01727,-480.63052,-35.705975
-1565747377210,769096,769105,0.04749,-0.00873,-0.77405,0.63129,0.01727,-481.45312,-36.22708
-1565747377205,769107,769110,0.04761,-0.00916,-0.77393,0.63141,0.01727,-482.2779,-36.69764
-1565747377199,769115,769116,0.04773,-0.00952,-0.77380,0.63153,0.01727,-483.17627,-37.121727
-1565747377193,769115,769122,0.04779,-0.00995,-0.77368,0.63171,0.01727,-484.08057,-37.56277
-1565747377188,769123,769127,0.04791,-0.01038,-0.77356,0.63184,0.01727,-484.9208,-38.03838
-1565747377183,769132,769132,0.04803,-0.01074,-0.77344,0.63196,0.01727,-485.75922,-38.4612
-1565747377176,769132,769139,0.04816,-0.01117,-0.77332,0.63208,0.01727,-486.59204,-38.945286
-1565747377171,769139,769144,0.04846,-0.01196,-0.77307,0.63239,0.01727,-488.37274,-39.897305
-1565747377164,769147,769151,0.04858,-0.01233,-0.77295,0.63251,0.01727,-489.2206,-40.33374
-1565747377159,769155,769156,0.04871,-0.01276,-0.77283,0.63263,0.01727,-490.0636,-40.82414
-1565747377152,769155,769163,0.04883,-0.01318,-0.77271,0.63281,0.01727,-490.96106,-41.305363
-1565747377148,769163,769167,0.04895,-0.01361,-0.77252,0.63293,0.01727,-492.3057,-41.83762
-1565747377142,769170,769173,0.04913,-0.01404,-0.77240,0.63306,0.01727,-493.1406,-42.36379
-1565747377136,769179,769179,0.04926,-0.01447,-0.77228,0.63324,0.01727,-494.04224,-42.864265
-1565747377131,769179,769184,0.04962,-0.01526,-0.77203,0.63348,0.01727,-495.7826,-43.87591
-1565747377125,769179,769190,0.04974,-0.01569,-0.77185,0.63361,0.01727,-497.08734,-44.413773
-1565747377119,769190,769196,0.04993,-0.01611,-0.77173,0.63373,0.01727,-497.92255,-44.946556
-1565747377113,769199,769202,0.05005,-0.01648,-0.77161,0.63391,0.01727,-498.84692,-45.402668
-1565747377107,769199,769208,0.05023,-0.01691,-0.77148,0.63403,0.01727,-499.7643,-45.9478
-1565747377103,769209,769212,0.05035,-0.01740,-0.77136,0.63416,0.01727,-500.64896,-46.49954
-1565747377098,769215,769217,0.05054,-0.01782,-0.77124,0.63428,0.01733,-501.49365,-47.039295
-1565747377092,769223,769223,0.05066,-0.01825,-0.77112,0.63446,0.01727,-502.42572,-47.549625
-1565747377084,769231,769231,0.05096,-0.01917,-0.77081,0.63470,0.01733,-504.6839,-48.706146
-1565747377081,769231,769234,0.05109,-0.01953,-0.77069,0.63483,0.01733,-505.5843,-49.169952
-1565747377075,769238,769240,0.05121,-0.01996,-0.77057,0.63495,0.01733,-506.48178,-49.684742
-1565747377069,769238,769246,0.05139,-0.02045,-0.77045,0.63507,0.01733,-507.34497,-50.285664
-1565747377063,769246,769252,0.05151,-0.02081,-0.77032,0.63519,0.01733,-508.3258,-50.75577
-1565747377058,769254,769257,0.05164,-0.02124,-0.77020,0.63531,0.01733,-509.22556,-51.281944
-1565747377053,769254,769262,0.05182,-0.02173,-0.77008,0.63544,0.01733,-510.10483,-51.88917
-1565747377047,769262,769268,0.05194,-0.02216,-0.77002,0.63556,0.01733,-510.56183,-52.363678
-1565747377041,769262,769274,0.05212,-0.02252,-0.76990,0.63568,0.01733,-511.44305,-52.86871
-1565747377036,769275,769279,0.05243,-0.02338,-0.76965,0.63586,0.01733,-513.26245,-53.97178
-1565747377031,769283,769284,0.05255,-0.02380,-0.76959,0.63599,0.01733,-513.7318,-54.443176
-1565747377024,769283,769291,0.05273,-0.02423,-0.76947,0.63605,0.01733,-514.5695,-55.00813
-1565747377019,769291,769296,0.05286,-0.02460,-0.76935,0.63617,0.01733,-515.491,-55.498947
-1565747377013,769298,769302,0.05304,-0.02502,-0.76929,0.63623,0.01733,-515.87067,-56.006252
-1565747377008,769307,769307,0.05322,-0.02545,-0.76917,0.63629,0.01733,-516.71344,-56.57597
-1565747377003,769307,769312,0.05334,-0.02582,-0.76910,0.63635,0.01733,-517.21027,-57.016827
-1565747376998,769315,769317,0.05353,-0.02625,-0.76898,0.63647,0.01733,-518.0995,-57.599174
-1565747376992,769323,769323,0.05371,-0.02667,-0.76892,0.63654,0.01733,-518.489,-58.11101
-1565747376986,769323,769329,0.05402,-0.02747,-0.76874,0.63666,0.01733,-519.7545,-59.12873
-1565747376980,769332,769335,0.05414,-0.02777,-0.76868,0.63672,0.01733,-520.18164,-59.50774
-1565747376975,769338,769340,0.05432,-0.02820,-0.76862,0.63678,0.01733,-520.56287,-60.030437
-1565747376969,769338,769346,0.05444,-0.02856,-0.76855,0.63684,0.01733,-521.06573,-60.469563
-1565747376964,769347,769351,0.05463,-0.02887,-0.76849,0.63690,0.01733,-521.4483,-60.90138
-1565747376959,769347,769356,0.05481,-0.02924,-0.76843,0.63690,0.01733,-521.78485,-61.373528
-1565747376953,769359,769362,0.05499,-0.02960,-0.76837,0.63696,0.01733,-522.17126,-61.84163
-1565747376948,769359,769367,0.05511,-0.02991,-0.76831,0.63696,0.01733,-522.5501,-62.229126
-1565747376942,769367,769373,0.05530,-0.03033,-0.76825,0.63702,0.01733,-522.9266,-62.754005
-1565747376936,769375,769379,0.05566,-0.03101,-0.76819,0.63708,0.01733,-523.17554,-63.5972
-1565747376930,769384,769385,0.05579,-0.03137,-0.76813,0.63708,0.01733,-523.5452,-64.03411
-1565747376925,769384,769390,0.05597,-0.03174,-0.76813,0.63708,0.01733,-523.40375,-64.44845
-1565747376919,769392,769396,0.05615,-0.03204,-0.76807,0.63708,0.01733,-523.7433,-64.86699
-1565747376913,769399,769402,0.05627,-0.03235,-0.76807,0.63708,0.01733,-523.6447,-65.19547
-1565747376908,769399,769407,0.05646,-0.03278,-0.76801,0.63708,0.01733,-523.9688,-65.72804
-1565747376901,769408,769414,0.05664,-0.03308,-0.76794,0.63708,0.01733,-524.3878,-66.158516
-1565747376897,769416,769418,0.05701,-0.03375,-0.76794,0.63708,0.01733,-524.09656,-66.93548
-1565747376891,769423,769424,0.05719,-0.03412,-0.76788,0.63708,0.01733,-524.4296,-67.41406
-1565747376885,769423,769430,0.05737,-0.03448,-0.76788,0.63708,0.01733,-524.28436,-67.81996
-1565747376880,769430,769435,0.05756,-0.03485,-0.76788,0.63708,0.01733,-524.1314,-68.23992
-1565747376875,769430,769440,0.05774,-0.03516,-0.76782,0.63702,0.01733,-524.41724,-68.666084
-1565747376869,769442,769446,0.05798,-0.03552,-0.76782,0.63702,0.01733,-524.2288,-69.10762
-1565747376863,769451,769452,0.05817,-0.03595,-0.76782,0.63702,0.01740,-524.07025,-69.57674
-1565747376857,769451,769458,0.05835,-0.03625,-0.76782,0.63696,0.01740,-523.87665,-69.92844
-1565747376852,769458,769463,0.05859,-0.03662,-0.76782,0.63696,0.01740,-523.6858,-70.377266
-1565747376847,769467,769468,0.05902,-0.03729,-0.76776,0.63690,0.01740,-523.7704,-71.25083
-1565747376841,769467,769474,0.05920,-0.03760,-0.76776,0.63690,0.01740,-523.6236,-71.61388
-1565747376835,769475,769480,0.05945,-0.03796,-0.76776,0.63684,0.01740,-523.3737,-72.05564
-1565747376829,769482,769486,0.05963,-0.03833,-0.76776,0.63678,0.01740,-523.17267,-72.46386
-1565747376824,769482,769491,0.05988,-0.03864,-0.76776,0.63678,0.01740,-522.97424,-72.86748
-1565747376818,769492,769497,0.06006,-0.03900,-0.76776,0.63672,0.01740,-522.77277,-73.26688
-1565747376812,769499,769503,0.06030,-0.03937,-0.76776,0.63666,0.01740,-522.52716,-73.70959
-1565747376807,769499,769508,0.06049,-0.03973,-0.76776,0.63666,0.01740,-522.36664,-74.11812
-1565747376801,769508,769514,0.06091,-0.04034,-0.76776,0.63654,0.01740,-521.92426,-74.859436
-1565747376796,769515,769519,0.06110,-0.04065,-0.76776,0.63654,0.01740,-521.76587,-75.22599
-1565747376790,769515,769525,0.06128,-0.04095,-0.76776,0.63647,0.01740,-521.55756,-75.57366
-1565747376784,769527,769531,0.06152,-0.04132,-0.76776,0.63641,0.01740,-521.3081,-76.01429
-1565747376778,769534,769537,0.06165,-0.04156,-0.76776,0.63641,0.01740,-521.1969,-76.28752
-1565747376773,769534,769542,0.06183,-0.04187,-0.76776,0.63635,0.01740,-520.995,-76.64337
-1565747376767,769544,769548,0.06201,-0.04218,-0.76776,0.63629,0.01740,-520.79254,-76.998955
-1565747376762,769550,769553,0.06219,-0.04242,-0.76776,0.63629,0.01740,-520.6436,-77.30067
-1565747376757,769550,769558,0.06238,-0.04272,-0.76776,0.63623,0.01740,-520.43335,-77.653275
-1565747376751,769560,769564,0.06274,-0.04321,-0.76776,0.63617,0.01740,-520.0838,-78.259895
-1565747376744,769567,769571,0.06293,-0.04346,-0.76776,0.63617,0.01740,-519.9251,-78.57474
-1565747376740,769567,769575,0.06305,-0.04364,-0.76776,0.63611,0.01740,-519.7738,-78.787575
-1565747376734,769576,769581,0.06323,-0.04388,-0.76776,0.63611,0.01740,-519.62286,-79.08813
-1565747376728,769583,769587,0.06342,-0.04407,-0.76776,0.63611,0.01740,-519.46716,-79.35309
-1565747376723,769583,769592,0.06360,-0.04431,-0.76776,0.63605,0.01740,-519.2663,-79.64917
-1565747376717,769592,769598,0.06378,-0.04443,-0.76776,0.63605,0.01740,-519.1222,-79.850555
-1565747376713,769601,769602,0.06396,-0.04468,-0.76770,0.63599,0.01740,-519.3898,-80.230446
-1565747376706,769601,769609,0.06415,-0.04486,-0.76770,0.63599,0.01740,-519.2332,-80.486664
-1565747376702,769611,769613,0.06451,-0.04510,-0.76770,0.63599,0.01740,-518.9423,-80.888626
-1565747376695,769619,769620,0.06470,-0.04529,-0.76770,0.63593,0.01740,-518.73456,-81.14833
-1565747376689,769619,769626,0.06482,-0.04541,-0.76770,0.63593,0.01740,-518.63416,-81.314865
-1565747376685,769629,769630,0.06500,-0.04553,-0.76764,0.63593,0.01740,-518.95776,-81.59271
-1565747376679,769636,769636,0.06512,-0.04565,-0.76764,0.63593,0.01740,-518.85693,-81.75922
-1565747376672,769642,769643,0.06525,-0.04578,-0.76764,0.63586,0.01740,-518.6902,-81.93462
-1565747376667,769642,769648,0.06537,-0.04590,-0.76764,0.63586,0.01740,-518.58905,-82.10094
-1565747376662,769651,769653,0.06555,-0.04614,-0.76764,0.63586,0.01740,-518.4329,-82.3995
-1565747376656,769651,769659,0.06561,-0.04626,-0.76764,0.63586,0.01740,-518.37787,-82.53177
-1565747376650,769659,769665,0.06567,-0.04633,-0.76764,0.63586,0.01740,-518.3261,-82.62298
-1565747376645,769668,769670,0.06580,-0.04639,-0.76764,0.63580,0.01740,-518.1718,-82.74123
-1565747376640,769668,769675,0.06586,-0.04645,-0.76764,0.63580,0.01740,-518.1207,-82.82417
-1565747376634,769676,769681,0.06586,-0.04657,-0.76764,0.63580,0.01740,-518.1123,-82.922585
-1565747376627,769682,769688,0.06592,-0.04663,-0.76764,0.63580,0.01740,-518.06165,-83.00558
-1565747376623,769682,769692,0.06598,-0.04669,-0.76764,0.63580,0.01740,-518.01044,-83.08848
-1565747376617,769694,769698,0.06604,-0.04681,-0.76764,0.63574,0.01740,-517.90594,-83.21633
-1565747376610,769702,769705,0.06610,-0.04687,-0.76764,0.63574,0.01740,-517.8549,-83.29921
-1565747376605,769702,769710,0.06610,-0.04694,-0.76764,0.63574,0.01740,-517.85004,-83.3566
-1565747376599,769711,769716,0.06610,-0.04700,-0.76764,0.63574,0.01740,-517.84576,-83.405785
-1565747376593,769718,769722,0.06616,-0.04706,-0.76764,0.63574,0.01740,-517.7946,-83.488625
-1565747376588,769718,769727,0.06616,-0.04718,-0.76764,0.63574,0.01740,-517.78613,-83.58699
-1565747376583,769728,769732,0.06616,-0.04724,-0.76764,0.63574,0.01740,-517.78186,-83.63618
-1565747376577,769735,769738,0.06616,-0.04736,-0.76758,0.63574,0.01740,-518.2427,-83.81398
-1565747376571,769743,769744,0.06616,-0.04749,-0.76758,0.63580,0.01740,-518.2827,-83.92488
-1565747376565,769743,769750,0.06610,-0.04755,-0.76752,0.63580,0.01740,-518.79535,-84.0201
-1565747376559,769751,769756,0.06610,-0.04761,-0.76752,0.63580,0.01740,-518.7911,-84.06938
-1565747376554,769759,769761,0.06610,-0.04767,-0.76752,0.63586,0.01740,-518.8361,-84.122894
-1565747376549,769759,769766,0.06610,-0.04767,-0.76746,0.63586,0.01740,-519.30707,-84.20282
-1565747376543,769767,769772,0.06604,-0.04767,-0.76746,0.63593,0.01740,-519.4117,-84.17404
-1565747376538,769767,769777,0.06604,-0.04767,-0.76746,0.63593,0.01740,-519.4117,-84.17404
-1565747376531,769779,769784,0.06598,-0.04767,-0.76740,0.63599,0.01740,-519.9804,-84.2246
-1565747376526,769786,769789,0.06592,-0.04761,-0.76733,0.63605,0.01740,-520.63354,-84.239204
-1565747376520,769786,769795,0.06586,-0.04761,-0.76733,0.63611,0.01740,-520.7299,-84.20959
-1565747376515,769796,769800,0.06580,-0.04755,-0.76727,0.63617,0.01740,-521.3053,-84.21073
-1565747376509,769804,769806,0.06573,-0.04749,-0.76727,0.63617,0.01740,-521.36456,-84.12167
-1565747376503,769804,769812,0.06561,-0.04742,-0.76721,0.63623,0.01740,-521.9894,-84.08056
-1565747376499,769812,769816,0.06555,-0.04742,-0.76721,0.63629,0.01740,-522.0862,-84.05083
-1565747376493,769819,769822,0.06549,-0.04736,-0.76715,0.63635,0.01740,-522.6642,-84.05178
-1565747376488,769827,769827,0.06531,-0.04730,-0.76709,0.63647,0.01740,-523.3872,-83.9887
-1565747376481,769827,769834,0.06525,-0.04730,-0.76703,0.63654,0.01740,-523.9716,-84.03993
-1565747376475,769835,769840,0.06519,-0.04724,-0.76697,0.63660,0.01740,-524.5534,-84.040825
-1565747376470,769835,769845,0.06512,-0.04724,-0.76691,0.63666,0.01740,-525.13934,-84.08569
-1565747376464,769846,769851,0.06506,-0.04718,-0.76685,0.63672,0.01740,-525.72345,-84.08662
-1565747376458,769852,769857,0.06500,-0.04718,-0.76685,0.63684,0.01740,-525.8707,-84.06079
-1565747376454,769852,769861,0.06494,-0.04712,-0.76678,0.63690,0.01740,-526.53625,-84.07503
-1565747376447,769864,769868,0.06488,-0.04712,-0.76672,0.63696,0.01740,-527.1188,-84.125854
-1565747376441,769873,769874,0.06476,-0.04706,-0.76654,0.63715,0.01740,-528.83765,-84.263916
-1565747376437,769873,769878,0.06470,-0.04706,-0.76648,0.63727,0.01740,-529.47424,-84.3192
-1565747376431,769878,769884,0.06464,-0.04700,-0.76642,0.63739,0.01740,-530.1171,-84.32448
-1565747376425,769886,769890,0.06458,-0.04700,-0.76630,0.63745,0.01740,-531.1984,-84.45753
-1565747376419,769894,769896,0.06458,-0.04700,-0.76624,0.63757,0.01740,-531.7924,-84.54801
-1565747376413,769894,769902,0.06451,-0.04694,-0.76617,0.63770,0.01733,-532.5388,-84.56207
-1565747376408,769903,769907,0.06439,-0.04694,-0.76605,0.63782,0.01733,-533.72894,-84.665565
-1565747376403,769911,769912,0.06433,-0.04687,-0.76599,0.63794,0.01740,-534.3809,-84.662636
-1565747376397,769911,769918,0.06427,-0.04687,-0.76587,0.63806,0.01740,-535.5301,-84.80163
-1565747376392,769918,769923,0.06415,-0.04675,-0.76562,0.63837,0.01733,-537.9934,-84.9982
-1565747376386,769927,769929,0.06409,-0.04675,-0.76556,0.63849,0.01733,-538.6501,-85.055016
-1565747376380,769934,769935,0.06403,-0.04669,-0.76544,0.63861,0.01733,-539.8195,-85.14454
-1565747376374,769934,769941,0.06396,-0.04663,-0.76532,0.63873,0.01733,-541.00226,-85.22858
-1565747376369,769934,769946,0.06390,-0.04663,-0.76520,0.63885,0.01733,-542.17737,-85.370094
-1565747376363,769946,769952,0.06384,-0.04657,-0.76508,0.63904,0.01733,-543.42206,-85.46591
-1565747376358,769954,769957,0.06384,-0.04657,-0.76501,0.63916,0.01733,-544.1261,-85.57327
-1565747376351,769963,769964,0.06378,-0.04657,-0.76483,0.63934,0.01733,-545.8842,-85.8057
-1565747376347,769963,769968,0.06372,-0.04651,-0.76465,0.63959,0.01733,-547.7178,-85.992836
-1565747376341,769971,769974,0.06366,-0.04651,-0.76453,0.63971,0.01733,-548.9201,-86.13745
-1565747376336,769978,769979,0.06366,-0.04651,-0.76440,0.63989,0.01733,-550.2166,-86.33736
-1565747376329,769978,769986,0.06366,-0.04657,-0.76428,0.64001,0.01733,-551.3736,-86.57127
-1565747376325,769987,769990,0.06360,-0.04657,-0.76416,0.64014,0.01733,-552.60016,-86.71874
-1565747376319,769994,769996,0.06360,-0.04657,-0.76410,0.64032,0.01733,-553.28906,-86.818985
-1565747376313,769994,770002,0.06354,-0.04657,-0.76398,0.64044,0.01733,-554.5146,-86.96666
-1565747376308,770003,770007,0.06348,-0.04663,-0.76385,0.64056,0.01733,-555.83,-87.18189
-1565747376302,770010,770013,0.06342,-0.04663,-0.76373,0.64075,0.01733,-557.1266,-87.33585
-1565747376296,770010,770019,0.06323,-0.04675,-0.76355,0.64099,0.01733,-559.12054,-87.60914
-1565747376290,770020,770025,0.06317,-0.04675,-0.76343,0.64111,0.01733,-560.36945,-87.75964
-1565747376285,770020,770030,0.06305,-0.04681,-0.76331,0.64124,0.01733,-561.68024,-87.92762
-1565747376278,770030,770037,0.06293,-0.04687,-0.76324,0.64130,0.01733,-562.47614,-88.016266
-1565747376274,770039,770041,0.06281,-0.04694,-0.76318,0.64142,0.01733,-563.2333,-88.10313
-1565747376269,770039,770046,0.06268,-0.04700,-0.76312,0.64148,0.01733,-563.94916,-88.17087
-1565747376263,770047,770052,0.06256,-0.04706,-0.76312,0.64154,0.01733,-564.10254,-88.15442
-1565747376258,770056,770057,0.06226,-0.04724,-0.76306,0.64160,0.01733,-564.9591,-88.2235
-1565747376251,770063,770064,0.06207,-0.04736,-0.76300,0.64166,0.01733,-565.726,-88.30743
-1565747376247,770063,770068,0.06189,-0.04742,-0.76300,0.64166,0.01733,-565.8783,-88.249245
-1565747376241,770071,770074,0.06177,-0.04755,-0.76300,0.64166,0.01733,-565.9732,-88.2903
-1565747376235,770079,770080,0.06158,-0.04761,-0.76300,0.64166,0.01733,-566.13367,-88.22577
-1565747376229,770079,770086,0.06140,-0.04773,-0.76300,0.64172,0.01733,-566.3345,-88.224976
-1565747376224,770087,770091,0.06128,-0.04779,-0.76300,0.64172,0.01733,-566.43384,-88.20374
-1565747376218,770094,770097,0.06110,-0.04791,-0.76300,0.64166,0.01733,-566.52704,-88.194176
-1565747376213,770094,770102,0.06091,-0.04797,-0.76306,0.64166,0.01733,-566.12756,-88.03883
-1565747376206,770103,770109,0.06079,-0.04810,-0.76306,0.64166,0.01733,-566.22125,-88.079605
-1565747376201,770103,770114,0.06049,-0.04828,-0.76306,0.64166,0.01733,-566.465,-88.052704
-1565747376195,770115,770120,0.06036,-0.04840,-0.76306,0.64166,0.01733,-566.5677,-88.07833
-1565747376191,770124,770124,0.06024,-0.04846,-0.76306,0.64166,0.01733,-566.6658,-88.05683
-1565747376184,770131,770131,0.06012,-0.04852,-0.76306,0.64166,0.01733,-566.7635,-88.03526
-1565747376179,770131,770136,0.06000,-0.04858,-0.76306,0.64166,0.01733,-566.8613,-88.0137
-1565747376173,770139,770142,0.05988,-0.04871,-0.76306,0.64166,0.01733,-566.95386,-88.05428
-1565747376167,770147,770148,0.05981,-0.04877,-0.76306,0.64166,0.01733,-567.00916,-88.06392
-1565747376162,770147,770153,0.05963,-0.04889,-0.76306,0.64172,0.01733,-567.2066,-88.06228
-1565747376156,770155,770159,0.05951,-0.04895,-0.76306,0.64172,0.01733,-567.30347,-88.04052
-1565747376151,770163,770164,0.05945,-0.04901,-0.76300,0.64178,0.01733,-567.96466,-88.151146
-1565747376146,770163,770169,0.05939,-0.04907,-0.76300,0.64178,0.01733,-568.0113,-88.16699
-1565747376139,770173,770176,0.05933,-0.04913,-0.76294,0.64185,0.01733,-568.68256,-88.278496
-1565747376134,770180,770181,0.05927,-0.04913,-0.76294,0.64191,0.01733,-568.78705,-88.24503
-1565747376129,770180,770186,0.05920,-0.04919,-0.76288,0.64197,0.01733,-569.4592,-88.34972
-1565747376124,770186,770191,0.05920,-0.04926,-0.76282,0.64203,0.01733,-570.07385,-88.50774
-1565747376118,770186,770197,0.05920,-0.04926,-0.76276,0.64203,0.01733,-570.64044,-88.59925
-1565747376112,770198,770203,0.05920,-0.04932,-0.76276,0.64209,0.01733,-570.68994,-88.65707
-1565747376107,770207,770208,0.05927,-0.04944,-0.76263,0.64221,0.01733,-571.96094,-89.016136
-1565747376100,770207,770215,0.05933,-0.04944,-0.76257,0.64227,0.01733,-572.5329,-89.150375
-1565747376095,770215,770220,0.05939,-0.04950,-0.76251,0.64233,0.01733,-573.10297,-89.338936
-1565747376088,770222,770227,0.05945,-0.04956,-0.76245,0.64240,0.01733,-573.68225,-89.528435
-1565747376084,770231,770231,0.05957,-0.04956,-0.76245,0.64240,0.01733,-573.57904,-89.60424
-1565747376078,770231,770237,0.05969,-0.04962,-0.76239,0.64246,0.01733,-574.0979,-89.83129
-1565747376073,770239,770242,0.05981,-0.04968,-0.76233,0.64252,0.01733,-574.61816,-90.058846
-1565747376068,770239,770247,0.05994,-0.04968,-0.76227,0.64252,0.01733,-575.08044,-90.23478
-1565747376062,770247,770253,0.06006,-0.04974,-0.76227,0.64258,0.01733,-575.02515,-90.36875
-1565747376057,770255,770258,0.06036,-0.04974,-0.76221,0.64264,0.01733,-575.392,-90.65644
-1565747376050,770263,770265,0.06049,-0.04980,-0.76215,0.64264,0.01733,-575.85004,-90.88707
-1565747376045,770263,770270,0.06067,-0.04980,-0.76215,0.64264,0.01733,-575.6913,-91.000496
-1565747376039,770270,770276,0.06079,-0.04980,-0.76215,0.64264,0.01733,-575.58484,-91.07597
-1565747376034,770270,770281,0.06091,-0.04980,-0.76215,0.64264,0.01733,-575.47845,-91.15144
-1565747376029,770282,770286,0.06104,-0.04987,-0.76215,0.64264,0.01733,-575.3578,-91.29615
-1565747376022,770290,770293,0.06110,-0.04987,-0.76215,0.64258,0.01733,-575.25037,-91.32949
-1565747376016,770290,770299,0.06122,-0.04987,-0.76215,0.64258,0.01733,-575.1436,-91.40478
-1565747376010,770300,770305,0.06140,-0.04993,-0.76215,0.64252,0.01733,-574.92487,-91.5673
-1565747376006,770307,770309,0.06146,-0.04999,-0.76221,0.64252,0.01733,-574.29156,-91.563446
-1565747375999,770315,770316,0.06152,-0.04999,-0.76221,0.64246,0.01733,-574.18396,-91.596596
-1565747375994,770315,770321,0.06158,-0.04999,-0.76227,0.64240,0.01733,-573.5032,-91.53451
-1565747375988,770324,770327,0.06165,-0.05005,-0.76233,0.64233,0.01733,-572.8012,-91.53185
-1565747375983,770331,770332,0.06171,-0.05005,-0.76233,0.64227,0.01733,-572.69403,-91.564896
-1565747375977,770331,770338,0.06177,-0.05011,-0.76239,0.64221,0.01733,-572.0114,-91.55663
-1565747375971,770339,770344,0.06189,-0.05017,-0.76251,0.64203,0.01733,-570.60254,-91.48231
-1565747375966,770348,770349,0.06195,-0.05017,-0.76257,0.64197,0.01733,-569.9286,-91.42047
-1565747375960,770348,770355,0.06201,-0.05023,-0.76263,0.64191,0.01733,-569.2531,-91.41255
-1565747375955,770355,770360,0.06213,-0.05023,-0.76263,0.64185,0.01733,-569.0933,-91.48238
-1565747375950,770355,770365,0.06213,-0.05023,-0.76270,0.64178,0.01733,-568.3727,-91.36716
-1565747375944,770367,770371,0.06226,-0.05029,-0.76276,0.64172,0.01733,-567.6381,-91.4023
-1565747375938,770374,770377,0.06226,-0.05029,-0.76282,0.64166,0.01733,-567.02374,-91.3039
-1565747375932,770374,770383,0.06238,-0.05029,-0.76288,0.64154,0.01733,-566.2513,-91.27506
-1565747375927,770384,770388,0.06244,-0.05035,-0.76294,0.64148,0.01733,-565.58325,-91.26719
-1565747375921,770390,770394,0.06250,-0.05035,-0.76300,0.64142,0.01733,-564.92035,-91.20601
-1565747375915,770398,770400,0.06256,-0.05035,-0.76300,0.64142,0.01733,-564.8676,-91.24277
-1565747375909,770398,770406,0.06262,-0.05035,-0.76300,0.64136,0.01733,-564.7616,-91.27513
-1565747375905,770407,770410,0.06262,-0.05029,-0.76306,0.64136,0.01733,-564.21063,-91.128555
-1565747375898,770414,770417,0.06268,-0.05029,-0.76306,0.64130,0.01733,-564.10486,-91.160904
-1565747375893,770414,770422,0.06274,-0.05029,-0.76306,0.64130,0.01733,-564.0522,-91.1976
-1565747375888,770424,770427,0.06281,-0.05023,-0.76306,0.64130,0.01733,-563.9948,-91.18723
-1565747375882,770430,770433,0.06287,-0.05017,-0.76312,0.64124,0.01733,-563.33984,-91.07323
-1565747375876,770430,770439,0.06293,-0.05011,-0.76312,0.64124,0.01733,-563.2913,-91.05676
-1565747375870,770440,770445,0.06299,-0.05005,-0.76312,0.64124,0.01733,-563.24286,-91.0403
-1565747375865,770440,770450,0.06299,-0.04999,-0.76312,0.64124,0.01733,-563.2472,-90.98725
-1565747375859,770451,770456,0.06299,-0.04999,-0.76306,0.64130,0.01733,-563.85364,-91.08477
-1565747375854,770459,770461,0.06299,-0.04993,-0.76306,0.64130,0.01733,-563.8581,-91.03167
-1565747375849,770459,770466,0.06305,-0.04987,-0.76306,0.64130,0.01733,-563.8095,-91.015205
-1565747375843,770466,770472,0.06305,-0.04987,-0.76306,0.64130,0.01733,-563.8095,-91.015205
-1565747375837,770475,770478,0.06305,-0.04987,-0.76306,0.64136,0.01733,-563.86255,-91.019585
-1565747375831,770482,770484,0.06305,-0.04987,-0.76300,0.64136,0.01733,-564.4172,-91.112854
-1565747375824,770482,770491,0.06311,-0.04980,-0.76300,0.64136,0.01733,-564.36926,-91.08752
-1565747375820,770492,770495,0.06311,-0.04980,-0.76300,0.64142,0.01733,-564.4224,-91.09193
-1565747375814,770499,770501,0.06317,-0.04980,-0.76300,0.64142,0.01733,-564.3693,-91.12858
-1565747375808,770499,770507,0.06317,-0.04980,-0.76294,0.64142,0.01733,-564.9249,-91.222046
-1565747375803,770508,770512,0.06323,-0.04980,-0.76294,0.64142,0.01733,-564.87177,-91.25873
-1565747375797,770514,770518,0.06323,-0.04987,-0.76294,0.64142,0.01733,-564.86664,-91.32078
-1565747375791,770514,770524,0.06329,-0.04987,-0.76294,0.64148,0.01733,-564.8667,-91.36188
-1565747375787,770524,770528,0.06329,-0.04987,-0.76288,0.64148,0.01733,-565.423,-91.45559
-1565747375781,770524,770534,0.06329,-0.04993,-0.76288,0.64148,0.01733,-565.4185,-91.50883
-1565747375774,770534,770541,0.06329,-0.04993,-0.76288,0.64148,0.01727,-565.4185,-91.50883
-1565747375770,770544,770545,0.06329,-0.04993,-0.76288,0.64154,0.01733,-565.47174,-91.51324
-1565747375763,770550,770552,0.06329,-0.04993,-0.76288,0.64154,0.01727,-565.47174,-91.51324
-1565747375759,770550,770556,0.06329,-0.04993,-0.76282,0.64154,0.01727,-566.03,-91.60736
-1565747375753,770559,770562,0.06329,-0.04993,-0.76282,0.64154,0.01727,-566.03,-91.60736
-1565747375747,770567,770568,0.06329,-0.04999,-0.76282,0.64154,0.01727,-566.0256,-91.66064
-1565747375741,770567,770574,0.06329,-0.04999,-0.76282,0.64160,0.01727,-566.07886,-91.66506
-1565747375733,770576,770582,0.06329,-0.04999,-0.76276,0.64160,0.01727,-566.638,-91.75935
-1565747375730,770582,770585,0.06329,-0.04999,-0.76276,0.64160,0.01727,-566.638,-91.75935
-1565747375724,770582,770591,0.06335,-0.04999,-0.76276,0.64166,0.01727,-566.6374,-91.8005
-1565747375718,770594,770597,0.06335,-0.04999,-0.76276,0.64166,0.01727,-566.6374,-91.8005
-1565747375714,770600,770601,0.06335,-0.04999,-0.76270,0.64166,0.01727,-567.1969,-91.89491
-1565747375707,770608,770608,0.06342,-0.04999,-0.76270,0.64166,0.01727,-567.13403,-91.937775
-1565747375703,770608,770612,0.06342,-0.04999,-0.76270,0.64172,0.01727,-567.1874,-91.942215
-1565747375697,770608,770618,0.06354,-0.04999,-0.76263,0.64172,0.01727,-567.73505,-92.12646
-1565747375690,770619,770625,0.06354,-0.04999,-0.76263,0.64172,0.01727,-567.73505,-92.12646
-1565747375685,770628,770630,0.06360,-0.04999,-0.76263,0.64178,0.01727,-567.73444,-92.16767
-1565747375680,770635,770635,0.06366,-0.04999,-0.76263,0.64178,0.01727,-567.68036,-92.20441
-1565747375674,770635,770641,0.06372,-0.04999,-0.76263,0.64178,0.01727,-567.6259,-92.2411
-1565747375668,770643,770647,0.06378,-0.04999,-0.76257,0.64178,0.01727,-568.1333,-92.37291
-1565747375663,770651,770652,0.06390,-0.04999,-0.76257,0.64178,0.01727,-568.0246,-92.44635
-1565747375656,770651,770659,0.06403,-0.05005,-0.76257,0.64178,0.01727,-567.9023,-92.57929
-1565747375651,770660,770664,0.06409,-0.05005,-0.76257,0.64178,0.01727,-567.8477,-92.615944
-1565747375645,770667,770670,0.06421,-0.05011,-0.76257,0.64178,0.01727,-567.73425,-92.74267
-1565747375640,770674,770675,0.06427,-0.05011,-0.76257,0.64178,0.01727,-567.6793,-92.77924
-1565747375634,770674,770681,0.06433,-0.05017,-0.76257,0.64178,0.01727,-567.62036,-92.86929
-1565747375629,770682,770686,0.06445,-0.05017,-0.76257,0.64178,0.01727,-567.511,-92.94246
-1565747375623,770691,770692,0.06451,-0.05023,-0.76257,0.64172,0.01727,-567.39825,-93.027885
-1565747375618,770691,770697,0.06464,-0.05023,-0.76257,0.64172,0.01727,-567.2793,-93.10699
-1565747375612,770702,770703,0.06470,-0.05023,-0.76257,0.64172,0.01727,-567.22455,-93.1435
-1565747375607,770702,770708,0.06488,-0.05029,-0.76257,0.64166,0.01727,-567.00183,-93.30175
-1565747375601,770711,770714,0.06494,-0.05035,-0.76263,0.64160,0.01727,-566.32965,-93.291016
-1565747375595,770718,770720,0.06500,-0.05042,-0.76263,0.64160,0.01727,-566.26935,-93.38958
-1565747375589,770718,770726,0.06506,-0.05042,-0.76263,0.64154,0.01727,-566.16095,-93.42137
-1565747375585,770727,770730,0.06512,-0.05048,-0.76263,0.64154,0.01727,-566.10144,-93.511024
-1565747375578,770734,770737,0.06519,-0.05054,-0.76270,0.64148,0.01727,-565.3279,-93.48989
-1565747375573,770734,770742,0.06531,-0.05060,-0.76270,0.64148,0.01727,-565.2137,-93.61567
-1565747375568,770744,770747,0.06537,-0.05066,-0.76270,0.64142,0.01727,-565.1006,-93.700516
-1565747375563,770750,770752,0.06543,-0.05072,-0.76270,0.64142,0.01727,-565.04083,-93.78993
-1565747375556,770750,770759,0.06555,-0.05084,-0.76276,0.64136,0.01727,-564.3131,-93.867905
-1565747375551,770759,770764,0.06561,-0.05090,-0.76276,0.64130,0.01727,-564.2003,-93.9526
-1565747375545,770767,770770,0.06567,-0.05090,-0.76276,0.64130,0.01727,-564.1449,-93.98864
-1565747375540,770767,770775,0.06573,-0.05096,-0.76282,0.64124,0.01727,-563.4777,-93.97693
-1565747375534,770776,770781,0.06586,-0.05103,-0.76282,0.64124,0.01727,-563.3529,-94.11689
-1565747375528,770776,770787,0.06592,-0.05109,-0.76282,0.64117,0.01727,-563.23114,-94.20058
-1565747375524,770789,770791,0.06598,-0.05109,-0.76282,0.64117,0.01727,-563.1762,-94.236595
-1565747375519,770795,770796,0.06610,-0.05109,-0.76288,0.64117,0.01727,-562.51276,-94.21197
-1565747375513,770795,770802,0.06616,-0.05115,-0.76288,0.64111,0.01727,-562.4,-94.296265
-1565747375507,770803,770808,0.06635,-0.05115,-0.76288,0.64111,0.01727,-562.2246,-94.40974
-1565747375502,770812,770813,0.06641,-0.05115,-0.76288,0.64111,0.01727,-562.1695,-94.44561
-1565747375496,770818,770819,0.06653,-0.05115,-0.76288,0.64105,0.01727,-562.00543,-94.51256
-1565747375489,770818,770826,0.06659,-0.05121,-0.76288,0.64105,0.01727,-561.9454,-94.601295
-1565747375484,770827,770831,0.06665,-0.05115,-0.76288,0.64105,0.01727,-561.8945,-94.58409
-1565747375479,770834,770836,0.06677,-0.05115,-0.76288,0.64105,0.01727,-561.78314,-94.65553
-1565747375473,770834,770842,0.06683,-0.05115,-0.76288,0.64099,0.01727,-561.67474,-94.68665
-1565747375468,770843,770847,0.06696,-0.05115,-0.76288,0.64099,0.01727,-561.554,-94.763954
-1565747375461,770850,770854,0.06714,-0.05115,-0.76288,0.64099,0.01727,-561.38666,-94.87091
-1565747375456,770850,770859,0.06720,-0.05115,-0.76294,0.64099,0.01727,-560.7822,-94.809814
-1565747375451,770859,770864,0.06726,-0.05109,-0.76294,0.64093,0.01727,-560.6779,-94.78782
-1565747375445,770859,770870,0.06732,-0.05109,-0.76294,0.64093,0.01727,-560.6223,-94.82341
-1565747375439,770871,770876,0.06738,-0.05109,-0.76294,0.64093,0.01727,-560.5663,-94.85894
-1565747375434,770878,770881,0.06744,-0.05103,-0.76294,0.64093,0.01727,-560.5154,-94.84168
-1565747375429,770878,770886,0.06750,-0.05103,-0.76294,0.64087,0.01727,-560.4065,-94.87251
-1565747375421,770886,770894,0.06757,-0.05103,-0.76300,0.64087,0.01727,-559.794,-94.81726
-1565747375417,770895,770898,0.06775,-0.05096,-0.76306,0.64075,0.01727,-558.98083,-94.75624
-1565747375411,770903,770904,0.06781,-0.05090,-0.76306,0.64069,0.01727,-558.8768,-94.73421
-1565747375406,770903,770909,0.06793,-0.05090,-0.76312,0.64062,0.01727,-558.1596,-94.703186
-1565747375400,770911,770915,0.06799,-0.05084,-0.76318,0.64056,0.01727,-557.51263,-94.58503
-1565747375394,770918,770921,0.06812,-0.05084,-0.76324,0.64050,0.01727,-556.798,-94.560844
-1565747375389,770918,770926,0.06824,-0.05078,-0.76331,0.64044,0.01727,-556.00836,-94.46228
-1565747375384,770927,770931,0.06836,-0.05078,-0.76337,0.64038,0.01727,-555.30634,-94.432335
-1565747375378,770935,770937,0.06848,-0.05072,-0.76343,0.64026,0.01727,-554.55756,-94.34531
-1565747375372,770935,770943,0.06860,-0.05066,-0.76349,0.64020,0.01727,-553.8626,-94.263054
-1565747375366,770945,770949,0.06885,-0.05054,-0.76361,0.64001,0.01727,-552.4081,-94.09952
-1565747375361,770945,770954,0.06897,-0.05048,-0.76367,0.63989,0.01727,-551.6656,-94.01297
-1565747375355,770955,770960,0.06915,-0.05035,-0.76379,0.63977,0.01727,-550.3464,-93.80655
-1565747375350,770962,770965,0.06927,-0.05029,-0.76385,0.63965,0.01727,-549.60895,-93.72057
-1565747375344,770971,770971,0.06940,-0.05023,-0.76398,0.63953,0.01727,-548.2513,-93.531296
-1565747375338,770971,770977,0.06952,-0.05017,-0.76404,0.63940,0.01727,-547.5094,-93.4449
-1565747375333,770979,770982,0.06958,-0.05011,-0.76416,0.63928,0.01727,-546.3117,-93.232086
-1565747375328,770987,770987,0.06970,-0.05005,-0.76428,0.63916,0.01727,-545.06354,-93.05435
-1565747375322,770987,770993,0.06989,-0.04999,-0.76453,0.63885,0.01727,-542.47906,-92.703186
-1565747375316,770995,770999,0.06995,-0.04993,-0.76465,0.63867,0.01727,-541.25055,-92.48886
-1565747375310,771002,771005,0.07007,-0.04993,-0.76477,0.63855,0.01727,-540.01965,-92.36521
-1565747375305,771002,771010,0.07013,-0.04993,-0.76483,0.63843,0.01727,-539.3545,-92.29878
-1565747375299,771011,771016,0.07019,-0.04993,-0.76495,0.63831,0.01727,-538.1851,-92.14195
-1565747375294,771019,771021,0.07025,-0.04993,-0.76508,0.63812,0.01727,-536.8765,-91.96513
-1565747375288,771019,771027,0.07037,-0.04993,-0.76520,0.63800,0.01727,-535.6631,-91.8432
-1565747375282,771028,771033,0.07043,-0.04993,-0.76532,0.63788,0.01727,-534.50836,-91.68818
-1565747375276,771028,771039,0.07056,-0.04993,-0.76550,0.63757,0.01727,-532.63965,-91.46894
-1565747375271,771040,771044,0.07062,-0.04999,-0.76556,0.63745,0.01727,-531.98645,-91.45467
-1565747375264,771047,771051,0.07068,-0.04999,-0.76569,0.63733,0.01727,-530.763,-91.28634
-1565747375259,771055,771056,0.07074,-0.04999,-0.76575,0.63727,0.01727,-530.1686,-91.22661
-1565747375253,771055,771062,0.07080,-0.05005,-0.76587,0.63715,0.01727,-529.0309,-91.12432
-1565747375249,771063,771066,0.07086,-0.05005,-0.76593,0.63702,0.01727,-528.38074,-91.05935
-1565747375243,771071,771072,0.07092,-0.05011,-0.76599,0.63696,0.01727,-527.7862,-91.05007
-1565747375238,771071,771077,0.07098,-0.05011,-0.76605,0.63684,0.01727,-527.1477,-90.98618
-1565747375233,771080,771082,0.07111,-0.05023,-0.76617,0.63672,0.01727,-525.9557,-90.9732
-1565747375226,771087,771089,0.07111,-0.05023,-0.76624,0.63666,0.01727,-525.3423,-90.86656
-1565747375222,771087,771093,0.07117,-0.05023,-0.76624,0.63660,0.01727,-525.24066,-90.89496
-1565747375215,771095,771100,0.07117,-0.05029,-0.76630,0.63654,0.01727,-524.7041,-90.85284
-1565747375210,771103,771105,0.07123,-0.05029,-0.76630,0.63654,0.01727,-524.65204,-90.885765
-1565747375203,771111,771112,0.07123,-0.05029,-0.76630,0.63654,0.01727,-524.65204,-90.885765
-1565747375199,771111,771116,0.07123,-0.05035,-0.76636,0.63647,0.01727,-524.1087,-90.84299
-1565747375192,771111,771123,0.07123,-0.05035,-0.76636,0.63647,0.01727,-524.1087,-90.84299
-1565747375187,771124,771128,0.07123,-0.05035,-0.76636,0.63647,0.01727,-524.1087,-90.84299
-1565747375182,771131,771133,0.07117,-0.05029,-0.76636,0.63647,0.01727,-524.1652,-90.760315
-1565747375176,771131,771139,0.07117,-0.05029,-0.76636,0.63647,0.01727,-524.1652,-90.760315
-1565747375171,771139,771144,0.07117,-0.05029,-0.76636,0.63647,0.01727,-524.1652,-90.760315
-1565747375164,771147,771151,0.07117,-0.05023,-0.76636,0.63647,0.01727,-524.16986,-90.710526
-1565747375159,771155,771156,0.07111,-0.05023,-0.76636,0.63647,0.01727,-524.22156,-90.67755
-1565747375154,771155,771161,0.07111,-0.05023,-0.76636,0.63647,0.01727,-524.22156,-90.67755
-1565747375148,771163,771167,0.07104,-0.05023,-0.76636,0.63654,0.01727,-524.3399,-90.64446
-1565747375143,771172,771172,0.07098,-0.05023,-0.76630,0.63654,0.01727,-524.8726,-90.69847
-1565747375136,771172,771179,0.07092,-0.05023,-0.76630,0.63660,0.01727,-524.9743,-90.67008
-1565747375132,771179,771183,0.07086,-0.05023,-0.76624,0.63666,0.01727,-525.5581,-90.72879
-1565747375125,771187,771190,0.07080,-0.05023,-0.76624,0.63666,0.01727,-525.61005,-90.69572
-1565747375120,771195,771195,0.07074,-0.05017,-0.76624,0.63672,0.01727,-525.7161,-90.6173
-1565747375114,771195,771201,0.07068,-0.05017,-0.76617,0.63672,0.01727,-526.3323,-90.68597
-1565747375108,771195,771207,0.07062,-0.05017,-0.76617,0.63678,0.01727,-526.43396,-90.657394
-1565747375104,771207,771211,0.07050,-0.05011,-0.76611,0.63684,0.01727,-527.07733,-90.632965
-1565747375097,771214,771218,0.07043,-0.05011,-0.76611,0.63690,0.01727,-527.188,-90.598816
-1565747375092,771214,771223,0.07025,-0.05005,-0.76605,0.63696,0.01727,-527.8844,-90.54086
-1565747375086,771223,771229,0.07019,-0.05005,-0.76599,0.63708,0.01727,-528.5239,-90.60417
-1565747375081,771232,771234,0.07007,-0.05005,-0.76593,0.63708,0.01727,-529.1167,-90.625046
-1565747375075,771239,771240,0.07001,-0.04999,-0.76593,0.63715,0.01727,-529.2317,-90.54675
-1565747375070,771239,771245,0.06995,-0.04999,-0.76587,0.63721,0.01727,-529.8242,-90.605644
-1565747375065,771247,771250,0.06989,-0.04999,-0.76581,0.63727,0.01727,-530.4171,-90.664474
-1565747375058,771255,771257,0.06982,-0.04993,-0.76581,0.63733,0.01727,-530.53265,-90.57963
-1565747375052,771255,771263,0.06976,-0.04993,-0.76575,0.63739,0.01727,-531.1277,-90.63862
-1565747375048,771264,771267,0.06970,-0.04993,-0.76569,0.63745,0.01727,-531.7233,-90.69759
-1565747375042,771271,771273,0.06958,-0.04987,-0.76562,0.63757,0.01727,-532.5107,-90.691956
-1565747375035,771278,771280,0.06958,-0.04987,-0.76556,0.63763,0.01727,-533.05743,-90.78494
-1565747375030,771278,771285,0.06952,-0.04987,-0.76550,0.63770,0.01727,-533.66534,-90.84496
-1565747375024,771278,771291,0.06952,-0.04980,-0.76550,0.63776,0.01727,-533.72125,-90.790565
-1565747375018,771291,771297,0.06946,-0.04980,-0.76544,0.63776,0.01727,-534.2718,-90.84535
-1565747375013,771299,771302,0.06946,-0.04974,-0.76544,0.63782,0.01727,-534.327,-90.799324
-1565747375008,771307,771307,0.06940,-0.04974,-0.76538,0.63788,0.01727,-534.9292,-90.858734
-1565747375000,771307,771315,0.06940,-0.04974,-0.76538,0.63794,0.01727,-534.97986,-90.863335
-1565747374996,771315,771319,0.06940,-0.04968,-0.76532,0.63794,0.01727,-535.4852,-90.90155
-1565747374991,771323,771324,0.06940,-0.04968,-0.76532,0.63794,0.01727,-535.4852,-90.90155
-1565747374985,771323,771330,0.06940,-0.04968,-0.76532,0.63794,0.01727,-535.4852,-90.90155
-1565747374978,771331,771337,0.06946,-0.04968,-0.76532,0.63800,0.01727,-535.48334,-90.940056
-1565747374974,771340,771341,0.06946,-0.04962,-0.76532,0.63800,0.01727,-535.4879,-90.889336
-1565747374967,771346,771348,0.06946,-0.04962,-0.76532,0.63800,0.01727,-535.4879,-90.889336
-1565747374963,771346,771352,0.06946,-0.04962,-0.76532,0.63794,0.01727,-535.4372,-90.884735
-1565747374956,771355,771359,0.06946,-0.04962,-0.76538,0.63794,0.01727,-534.93646,-90.79587
-1565747374950,771363,771365,0.06946,-0.04962,-0.76538,0.63788,0.01727,-534.88586,-90.79126
-1565747374945,771363,771370,0.06946,-0.04962,-0.76538,0.63788,0.01727,-534.88586,-90.79126
-1565747374939,771375,771376,0.06952,-0.04962,-0.76544,0.63782,0.01727,-534.28375,-90.73192
-1565747374933,771375,771382,0.06952,-0.04962,-0.76544,0.63782,0.01727,-534.28375,-90.73192
-1565747374928,771383,771387,0.06952,-0.04962,-0.76550,0.63776,0.01727,-533.73505,-90.638855
-1565747374923,771392,771392,0.06952,-0.04962,-0.76550,0.63770,0.01727,-533.68445,-90.634254
-1565747374917,771392,771398,0.06958,-0.04968,-0.76556,0.63763,0.01727,-533.0719,-90.62497
-1565747374911,771399,771404,0.06958,-0.04974,-0.76562,0.63757,0.01727,-532.5206,-90.5826
-1565747374906,771406,771409,0.06958,-0.04980,-0.76562,0.63751,0.01727,-532.4655,-90.62849
-1565747374899,771415,771416,0.06958,-0.04980,-0.76569,0.63751,0.01727,-531.8876,-90.525604
-1565747374894,771415,771421,0.06958,-0.04987,-0.76575,0.63745,0.01727,-531.3385,-90.49197
-1565747374889,771423,771426,0.06958,-0.04993,-0.76575,0.63739,0.01727,-531.2836,-90.53776
-1565747374883,771431,771432,0.06964,-0.04999,-0.76575,0.63739,0.01727,-531.2272,-90.62177
-1565747374877,771431,771438,0.06964,-0.05005,-0.76581,0.63733,0.01727,-530.67914,-90.57953
-1565747374872,771440,771443,0.06964,-0.05023,-0.76581,0.63733,0.01727,-530.66534,-90.730484
-1565747374866,771447,771449,0.06964,-0.05029,-0.76581,0.63733,0.01727,-530.6608,-90.7808
-1565747374861,771447,771454,0.06964,-0.05035,-0.76581,0.63733,0.01727,-530.6562,-90.83112
-1565747374855,771459,771460,0.06970,-0.05048,-0.76575,0.63733,0.01727,-531.08746,-91.06211
-1565747374849,771459,771466,0.06970,-0.05054,-0.76575,0.63733,0.01727,-531.0828,-91.112465
-1565747374843,771467,771472,0.06976,-0.05060,-0.76575,0.63733,0.01727,-531.02606,-91.19633
-1565747374838,771474,771477,0.06982,-0.05066,-0.76575,0.63739,0.01727,-531.01996,-91.28484
-1565747374832,771474,771483,0.06989,-0.05078,-0.76569,0.63739,0.01727,-531.4427,-91.51337
-1565747374828,771483,771487,0.07001,-0.05084,-0.76562,0.63745,0.01727,-531.9607,-91.739395
-1565747374822,771490,771493,0.07007,-0.05090,-0.76562,0.63745,0.01727,-531.9036,-91.823364
-1565747374816,771490,771499,0.07013,-0.05096,-0.76556,0.63751,0.01727,-532.3922,-92.001396
-1565747374810,771499,771505,0.07019,-0.05103,-0.76550,0.63751,0.01727,-532.8298,-92.18342
-1565747374805,771509,771510,0.07025,-0.05109,-0.76550,0.63757,0.01727,-532.8227,-92.27207
-1565747374799,771515,771516,0.07031,-0.05115,-0.76544,0.63763,0.01727,-533.3125,-92.45076
-1565747374793,771515,771522,0.07037,-0.05121,-0.76538,0.63763,0.01727,-533.75195,-92.62502
-1565747374787,771524,771528,0.07050,-0.05127,-0.76532,0.63770,0.01727,-534.1901,-92.8443
-1565747374782,771532,771533,0.07056,-0.05139,-0.76526,0.63782,0.01727,-534.72815,-93.07929
-1565747374776,771532,771539,0.07062,-0.05145,-0.76520,0.63788,0.01727,-535.22076,-93.259254
-1565747374771,771543,771544,0.07068,-0.05151,-0.76514,0.63794,0.01727,-535.7146,-93.439606
-1565747374765,771543,771550,0.07074,-0.05151,-0.76508,0.63794,0.01727,-536.16284,-93.56471
-1565747374760,771550,771555,0.07080,-0.05157,-0.76501,0.63800,0.01727,-536.7418,-93.7609
-1565747374755,771560,771560,0.07086,-0.05157,-0.76501,0.63806,0.01727,-536.7385,-93.79917
-1565747374749,771560,771566,0.07092,-0.05164,-0.76495,0.63806,0.01727,-537.1834,-93.9843
-1565747374742,771568,771573,0.07098,-0.05164,-0.76489,0.63812,0.01727,-537.6846,-94.114876
-1565747374738,771577,771577,0.07104,-0.05170,-0.76483,0.63818,0.01727,-538.1822,-94.29675
-1565747374732,771583,771583,0.07111,-0.05176,-0.76477,0.63824,0.01727,-538.67206,-94.484634
-1565747374726,771583,771589,0.07111,-0.05182,-0.76477,0.63824,0.01727,-538.6673,-94.53565
-1565747374722,771591,771593,0.07117,-0.05182,-0.76477,0.63831,0.01727,-538.6723,-94.574814
-1565747374716,771599,771599,0.07117,-0.05182,-0.76471,0.63831,0.01727,-539.1793,-94.667854
-1565747374710,771599,771605,0.07117,-0.05182,-0.76471,0.63831,0.01727,-539.1793,-94.667854
-1565747374705,771609,771610,0.07117,-0.05182,-0.76471,0.63837,0.01727,-539.23035,-94.6726
-1565747374699,771615,771616,0.07117,-0.05176,-0.76465,0.63837,0.01727,-539.7439,-94.71483
-1565747374693,771615,771622,0.07117,-0.05170,-0.76465,0.63843,0.01727,-539.79974,-94.66848
-1565747374689,771615,771626,0.07117,-0.05170,-0.76465,0.63843,0.01727,-539.79974,-94.66848
-1565747374683,771628,771632,0.07117,-0.05164,-0.76459,0.63843,0.01727,-540.3141,-94.71072
-1565747374677,771635,771638,0.07117,-0.05157,-0.76459,0.63849,0.01727,-540.37085,-94.65579
-1565747374671,771643,771644,0.07111,-0.05151,-0.76459,0.63849,0.01727,-540.4305,-94.570885
-1565747374665,771643,771650,0.07111,-0.05145,-0.76459,0.63849,0.01727,-540.43524,-94.51972
-1565747374660,771650,771655,0.07111,-0.05139,-0.76459,0.63855,0.01727,-540.49115,-94.47331
-1565747374654,771659,771661,0.07111,-0.05133,-0.76459,0.63855,0.01727,-540.4959,-94.42214
-1565747374649,771659,771666,0.07111,-0.05127,-0.76459,0.63855,0.01727,-540.5006,-94.37097
-1565747374644,771667,771671,0.07111,-0.05121,-0.76459,0.63855,0.01727,-540.5054,-94.31979
-1565747374638,771675,771677,0.07111,-0.05115,-0.76459,0.63855,0.01727,-540.51013,-94.26863
-1565747374632,771682,771683,0.07104,-0.05103,-0.76459,0.63861,0.01727,-540.6349,-94.13164
-1565747374626,771682,771689,0.07104,-0.05096,-0.76453,0.63861,0.01727,-541.15137,-94.16488
-1565747374621,771691,771694,0.07098,-0.05090,-0.76459,0.63861,0.01727,-540.69995,-93.98695
-1565747374615,771698,771700,0.07098,-0.05084,-0.76453,0.63861,0.01727,-541.2158,-94.02858
-1565747374610,771698,771705,0.07092,-0.05078,-0.76453,0.63861,0.01727,-541.2755,-93.94352
-1565747374604,771698,771711,0.07092,-0.05072,-0.76453,0.63867,0.01727,-541.33154,-93.89705
-1565747374597,771712,771718,0.07086,-0.05066,-0.76453,0.63867,0.01727,-541.3908,-93.81188
-1565747374592,771719,771723,0.07080,-0.05060,-0.76453,0.63867,0.01727,-541.4505,-93.72675
-1565747374587,771728,771728,0.07074,-0.05048,-0.76453,0.63873,0.01727,-541.5658,-93.59505
-1565747374581,771728,771734,0.07068,-0.05042,-0.76447,0.63873,0.01727,-542.1387,-93.60251
-1565747374575,771734,771740,0.07068,-0.05035,-0.76447,0.63879,0.01727,-542.1955,-93.5474
-1565747374570,771743,771745,0.07062,-0.05035,-0.76447,0.63879,0.01727,-542.25024,-93.51339
-1565747374564,771743,771751,0.07062,-0.05029,-0.76440,0.63885,0.01721,-542.90594,-93.574875
-1565747374559,771751,771756,0.07056,-0.05029,-0.76440,0.63885,0.01727,-542.96075,-93.54082
-1565747374553,771761,771762,0.07056,-0.05023,-0.76440,0.63892,0.01721,-543.02545,-93.49497
-1565747374548,771761,771767,0.07050,-0.05023,-0.76434,0.63898,0.01727,-543.6477,-93.55846
-1565747374541,771767,771774,0.07050,-0.05023,-0.76434,0.63898,0.01727,-543.6477,-93.55846
-1565747374536,771776,771779,0.07043,-0.05029,-0.76428,0.63904,0.01727,-544.27484,-93.66769
-1565747374532,771782,771783,0.07037,-0.05029,-0.76422,0.63910,0.01721,-544.89954,-93.731415
-1565747374526,771782,771789,0.07031,-0.05029,-0.76422,0.63916,0.01727,-545.0062,-93.70198
-1565747374521,771782,771794,0.07031,-0.05035,-0.76416,0.63922,0.01727,-545.57245,-93.851616
-1565747374515,771794,771800,0.07025,-0.05035,-0.76410,0.63928,0.01721,-546.1989,-93.915504
-1565747374510,771802,771805,0.07019,-0.05042,-0.76410,0.63928,0.01721,-546.24884,-93.94149
-1565747374505,771802,771810,0.07019,-0.05042,-0.76404,0.63934,0.01721,-546.8223,-94.04
-1565747374499,771812,771816,0.07013,-0.05042,-0.76398,0.63940,0.01727,-547.4523,-94.10434
-1565747374493,771818,771822,0.07013,-0.05048,-0.76392,0.63947,0.01721,-548.0314,-94.255684
-1565747374487,771827,771828,0.07013,-0.05048,-0.76392,0.63953,0.01727,-548.0832,-94.26043
-1565747374481,771827,771834,0.07007,-0.05048,-0.76385,0.63959,0.01727,-548.8034,-94.34085
-1565747374477,771835,771838,0.07007,-0.05048,-0.76379,0.63965,0.01721,-549.38135,-94.44007
-1565747374470,771843,771845,0.07001,-0.05048,-0.76373,0.63971,0.01727,-550.01666,-94.505066
-1565747374465,771843,771850,0.07001,-0.05048,-0.76373,0.63977,0.01721,-550.0686,-94.509834
-1565747374459,771850,771856,0.07001,-0.05042,-0.76367,0.63983,0.01721,-550.65356,-94.557365
-1565747374454,771858,771861,0.06995,-0.05042,-0.76367,0.63983,0.01721,-550.70953,-94.5228
-1565747374448,771858,771867,0.06995,-0.05042,-0.76361,0.63989,0.01721,-551.29175,-94.62261
-1565747374443,771869,771872,0.06995,-0.05048,-0.76355,0.63995,0.01721,-551.87024,-94.77474
-1565747374437,771869,771878,0.06995,-0.05048,-0.76355,0.63995,0.01721,-551.87024,-94.77474
-1565747374431,771880,771884,0.07001,-0.05048,-0.76349,0.64001,0.01721,-552.3978,-94.909546
-1565747374425,771887,771890,0.07001,-0.05048,-0.76349,0.64001,0.01721,-552.3978,-94.909546
-1565747374420,771887,771895,0.07001,-0.05048,-0.76349,0.64008,0.01721,-552.4586,-94.915115
-1565747374413,771897,771902,0.07007,-0.05048,-0.76343,0.64008,0.01721,-552.93567,-95.04551
-1565747374408,771904,771907,0.07007,-0.05048,-0.76343,0.64008,0.01721,-552.93567,-95.04551
-1565747374402,771913,771913,0.07007,-0.05048,-0.76343,0.64008,0.01721,-552.93567,-95.04551
-1565747374397,771913,771918,0.07013,-0.05042,-0.76343,0.64014,0.01721,-552.93634,-95.032776
-1565747374393,771919,771922,0.07013,-0.05042,-0.76343,0.64014,0.01721,-552.93634,-95.032776
-1565747374387,771926,771928,0.07013,-0.05042,-0.76337,0.64014,0.01721,-553.4704,-95.12865
-1565747374382,771926,771933,0.07013,-0.05042,-0.76337,0.64014,0.01721,-553.4704,-95.12865
-1565747374376,771935,771939,0.07007,-0.05042,-0.76337,0.64014,0.01721,-553.5269,-95.09395
-1565747374370,771943,771945,0.07007,-0.05042,-0.76337,0.64014,0.01721,-553.5269,-95.09395
-1565747374365,771943,771950,0.07001,-0.05042,-0.76337,0.64014,0.01721,-553.5835,-95.05924
-1565747374359,771950,771956,0.07001,-0.05042,-0.76337,0.64014,0.01721,-553.5835,-95.05924
-1565747374353,771950,771962,0.06995,-0.05042,-0.76343,0.64014,0.01721,-553.1056,-94.928734
-1565747374348,771963,771967,0.06995,-0.05042,-0.76343,0.64014,0.01721,-553.1056,-94.928734
-1565747374342,771971,771973,0.06995,-0.05042,-0.76343,0.64014,0.01721,-553.1056,-94.928734
-1565747374337,771971,771978,0.06989,-0.05035,-0.76343,0.64014,0.01721,-553.1676,-94.83312
-1565747374330,771979,771985,0.06989,-0.05035,-0.76343,0.64014,0.01721,-553.1676,-94.83312
-1565747374325,771987,771990,0.06989,-0.05035,-0.76343,0.64008,0.01721,-553.1154,-94.82832
-1565747374319,771994,771996,0.06989,-0.05035,-0.76343,0.64008,0.01721,-553.1154,-94.82832
-1565747374313,771994,772002,0.06989,-0.05035,-0.76343,0.64008,0.01721,-553.1154,-94.82832
-1565747374309,772002,772006,0.06995,-0.05035,-0.76343,0.64008,0.01721,-553.05896,-94.863014
-1565747374304,772010,772011,0.06995,-0.05042,-0.76343,0.64008,0.01721,-553.05334,-94.92394
-1565747374298,772010,772017,0.06995,-0.05042,-0.76343,0.64008,0.01721,-553.05334,-94.92394
-1565747374292,772019,772023,0.07007,-0.05042,-0.76343,0.64008,0.01721,-552.9405,-94.9933
-1565747374286,772027,772029,0.07007,-0.05042,-0.76343,0.64008,0.01721,-552.9405,-94.9933
-1565747374280,772027,772035,0.07013,-0.05042,-0.76343,0.64008,0.01721,-552.88416,-95.02799
-1565747374275,772035,772040,0.07019,-0.05042,-0.76343,0.64008,0.01721,-552.82776,-95.06264
-1565747374269,772035,772046,0.07025,-0.05042,-0.76343,0.64001,0.01721,-552.7101,-95.09163
-1565747374264,772048,772051,0.07031,-0.05048,-0.76349,0.64001,0.01721,-552.11597,-95.0826
-1565747374259,772055,772056,0.07037,-0.05048,-0.76349,0.64001,0.01721,-552.0594,-95.11716
-1565747374253,772055,772062,0.07043,-0.05048,-0.76349,0.63995,0.01721,-551.951,-95.14696
-1565747374248,772062,772067,0.07050,-0.05048,-0.76355,0.63995,0.01721,-551.35406,-95.09159
-1565747374242,772070,772073,0.07056,-0.05048,-0.76355,0.63989,0.01721,-551.2456,-95.12128
-1565747374236,772078,772079,0.07056,-0.05048,-0.76355,0.63989,0.01721,-551.2456,-95.12128
-1565747374230,772078,772085,0.07062,-0.05054,-0.76361,0.63983,0.01721,-550.60223,-95.10737
-1565747374225,772086,772090,0.07062,-0.05054,-0.76361,0.63983,0.01721,-550.60223,-95.10737
-1565747374220,772095,772095,0.07068,-0.05054,-0.76367,0.63977,0.01721,-549.9652,-95.041534
-1565747374214,772095,772101,0.07074,-0.05054,-0.76367,0.63971,0.01721,-549.85675,-95.07107
-1565747374209,772103,772106,0.07074,-0.05054,-0.76373,0.63965,0.01721,-549.2781,-94.9711
-1565747374203,772112,772112,0.07080,-0.05060,-0.76373,0.63965,0.01721,-549.2171,-95.05735
-1565747374197,772112,772118,0.07080,-0.05066,-0.76379,0.63953,0.01721,-548.58246,-95.004456
-1565747374192,772119,772123,0.07086,-0.05072,-0.76385,0.63947,0.01721,-547.945,-94.990715
-1565747374186,772119,772129,0.07086,-0.05072,-0.76392,0.63940,0.01721,-547.27344,-94.87441
-1565747374180,772130,772135,0.07086,-0.05078,-0.76392,0.63940,0.01721,-547.2686,-94.92615
-1565747374175,772139,772140,0.07092,-0.05084,-0.76398,0.63934,0.01721,-546.6344,-94.91261
-1565747374169,772139,772146,0.07092,-0.05084,-0.76404,0.63928,0.01721,-546.06134,-94.8132
-1565747374164,772147,772151,0.07092,-0.05090,-0.76404,0.63922,0.01721,-546.0049,-94.86005
-1565747374158,772154,772157,0.07092,-0.05096,-0.76410,0.63916,0.01721,-545.4281,-94.81237
-1565747374153,772154,772162,0.07092,-0.05109,-0.76416,0.63910,0.01721,-544.84766,-94.825035
-1565747374147,772163,772168,0.07092,-0.05109,-0.76416,0.63904,0.01721,-544.7961,-94.820244
-1565747374142,772170,772173,0.07092,-0.05115,-0.76422,0.63904,0.01721,-544.2733,-94.777534
-1565747374135,772179,772180,0.07098,-0.05121,-0.76422,0.63898,0.01721,-544.16144,-94.85821
-1565747374130,772179,772185,0.07098,-0.05127,-0.76422,0.63898,0.01721,-544.15674,-94.90968
-1565747374124,772187,772191,0.07098,-0.05127,-0.76422,0.63898,0.01721,-544.15674,-94.90968
-1565747374118,772196,772197,0.07098,-0.05133,-0.76428,0.63892,0.01721,-543.5834,-94.86208
-1565747374113,772196,772202,0.07104,-0.05139,-0.76428,0.63892,0.01721,-543.52313,-94.94742
-1565747374108,772202,772207,0.07104,-0.05145,-0.76422,0.63892,0.01721,-544.03534,-95.09328
-1565747374103,772202,772212,0.07111,-0.05151,-0.76422,0.63892,0.01721,-543.9657,-95.184326
-1565747374097,772215,772218,0.07111,-0.05151,-0.76422,0.63898,0.01721,-544.0172,-95.18911
-1565747374091,772224,772224,0.07117,-0.05157,-0.76422,0.63898,0.01721,-543.9569,-95.274506
-1565747374085,772224,772230,0.07117,-0.05157,-0.76416,0.63898,0.01721,-544.4745,-95.36923
-1565747374080,772231,772235,0.07123,-0.05157,-0.76416,0.63904,0.01721,-544.47003,-95.407906
-1565747374074,772239,772241,0.07129,-0.05164,-0.76410,0.63904,0.01721,-544.9265,-95.59682
-1565747374068,772239,772247,0.07129,-0.05164,-0.76410,0.63910,0.01721,-544.9781,-95.60163
-1565747374063,772247,772252,0.07135,-0.05164,-0.76404,0.63910,0.01721,-545.44147,-95.73078
-1565747374058,772254,772257,0.07141,-0.05164,-0.76404,0.63916,0.01721,-545.4368,-95.7695
-1565747374052,772263,772263,0.07141,-0.05164,-0.76398,0.63916,0.01721,-545.9573,-95.864975
-1565747374046,772263,772269,0.07141,-0.05164,-0.76398,0.63922,0.01721,-546.0089,-95.86981
-1565747374040,772270,772275,0.07141,-0.05164,-0.76398,0.63922,0.01721,-546.0089,-95.86981
-1565747374035,772278,772280,0.07141,-0.05157,-0.76392,0.63922,0.01721,-546.5355,-95.90506
-1565747374029,772278,772286,0.07147,-0.05157,-0.76392,0.63928,0.01721,-546.5311,-95.943924
-1565747374024,772287,772291,0.07147,-0.05157,-0.76392,0.63928,0.01721,-546.5311,-95.943924
-1565747374018,772287,772297,0.07147,-0.05151,-0.76385,0.63934,0.01721,-547.1973,-96.00883
-1565747374013,772299,772302,0.07141,-0.05151,-0.76385,0.63934,0.01721,-547.2535,-95.974754
-1565747374007,772307,772308,0.07141,-0.05145,-0.76385,0.63934,0.01721,-547.2583,-95.923004
-1565747374002,772307,772313,0.07141,-0.05145,-0.76385,0.63940,0.01721,-547.31006,-95.92784
-1565747373996,772314,772319,0.07141,-0.05139,-0.76385,0.63940,0.01721,-547.3149,-95.8761
-1565747373990,772322,772325,0.07135,-0.05139,-0.76379,0.63940,0.01721,-547.89496,-95.93784
-1565747373985,772322,772330,0.07135,-0.05133,-0.76379,0.63940,0.01721,-547.8998,-95.88604
-1565747373979,772331,772336,0.07135,-0.05133,-0.76379,0.63940,0.01721,-547.8998,-95.88604
-1565747373973,772331,772342,0.07135,-0.05127,-0.76379,0.63947,0.01721,-547.965,-95.83989
-1565747373968,772343,772347,0.07129,-0.05127,-0.76379,0.63947,0.01721,-548.02167,-95.80581
-1565747373963,772349,772352,0.07135,-0.05121,-0.76379,0.63947,0.01721,-547.9699,-95.78808
-1565747373956,772355,772359,0.07135,-0.05121,-0.76379,0.63947,0.01721,-547.9699,-95.78808
-1565747373951,772363,772364,0.07135,-0.05127,-0.76379,0.63947,0.01721,-547.965,-95.83989
-1565747373945,772363,772370,0.07135,-0.05127,-0.76379,0.63940,0.01721,-547.90466,-95.83425
-1565747373939,772371,772376,0.07141,-0.05127,-0.76379,0.63940,0.01721,-547.848,-95.86829
-1565747373934,772371,772381,0.07147,-0.05127,-0.76379,0.63940,0.01721,-547.79175,-95.90243
-1565747373929,772383,772386,0.07147,-0.05127,-0.76379,0.63940,0.01721,-547.79175,-95.90243
-1565747373923,772391,772392,0.07159,-0.05127,-0.76385,0.63934,0.01721,-547.1037,-95.869896
-1565747373917,772391,772398,0.07166,-0.05127,-0.76385,0.63934,0.01721,-547.0374,-95.90949
-1565747373911,772399,772404,0.07166,-0.05127,-0.76385,0.63934,0.01721,-547.0374,-95.90949
-1565747373905,772407,772410,0.07172,-0.05133,-0.76385,0.63934,0.01721,-546.97614,-95.99522
-1565747373900,772415,772415,0.07172,-0.05133,-0.76385,0.63928,0.01721,-546.92444,-95.99038
-1565747373895,772415,772420,0.07178,-0.05133,-0.76392,0.63928,0.01721,-546.25903,-95.91263
-1565747373889,772425,772426,0.07178,-0.05133,-0.76392,0.63928,0.01721,-546.25903,-95.91263
-1565747373883,772430,772432,0.07178,-0.05139,-0.76392,0.63922,0.01721,-546.20245,-95.959435
-1565747373878,772430,772437,0.07184,-0.05139,-0.76392,0.63922,0.01721,-546.1459,-95.99332
-1565747373872,772440,772443,0.07184,-0.05145,-0.76392,0.63922,0.01721,-546.141,-96.044975
-1565747373865,772447,772450,0.07184,-0.05151,-0.76392,0.63922,0.01721,-546.13617,-96.09663
-1565747373860,772447,772455,0.07184,-0.05157,-0.76392,0.63922,0.01721,-546.1313,-96.14828
-1565747373855,772458,772460,0.07184,-0.05157,-0.76398,0.63916,0.01721,-545.5595,-96.04773
-1565747373849,772458,772466,0.07190,-0.05164,-0.76398,0.63916,0.01721,-545.4973,-96.14176
-1565747373843,772466,772472,0.07190,-0.05170,-0.76398,0.63916,0.01721,-545.4924,-96.19336
-1565747373838,772475,772477,0.07190,-0.05182,-0.76398,0.63910,0.01721,-545.43115,-96.2917
-1565747373832,772475,772483,0.07196,-0.05188,-0.76398,0.63910,0.01721,-545.37006,-96.377144
-1565747373827,772483,772488,0.07196,-0.05194,-0.76398,0.63910,0.01721,-545.36523,-96.42875
-1565747373821,772491,772494,0.07196,-0.05200,-0.76398,0.63910,0.01721,-545.36035,-96.48035
-1565747373815,772499,772500,0.07196,-0.05206,-0.76398,0.63910,0.01721,-545.35547,-96.531944
-1565747373809,772499,772506,0.07196,-0.05212,-0.76398,0.63910,0.01721,-545.3506,-96.583534
-1565747373805,772508,772510,0.07196,-0.05212,-0.76398,0.63910,0.01721,-545.3506,-96.583534
-1565747373799,772514,772516,0.07190,-0.05219,-0.76392,0.63916,0.01721,-545.97266,-96.710976
-1565747373793,772514,772522,0.07190,-0.05219,-0.76392,0.63916,0.01721,-545.97266,-96.710976
-1565747373788,772523,772527,0.07184,-0.05225,-0.76392,0.63916,0.01721,-546.0246,-96.72883
-1565747373782,772531,772533,0.07184,-0.05225,-0.76385,0.63922,0.01721,-546.6849,-96.84633
-1565747373775,772539,772540,0.07178,-0.05231,-0.76385,0.63922,0.01721,-546.7368,-96.864204
-1565747373771,772539,772544,0.07178,-0.05231,-0.76385,0.63928,0.01721,-546.7886,-96.86907
-1565747373765,772539,772550,0.07178,-0.05231,-0.76379,0.63928,0.01721,-547.31116,-96.96578
-1565747373759,772551,772556,0.07178,-0.05225,-0.76379,0.63934,0.01721,-547.3678,-96.91888
-1565747373753,772558,772562,0.07178,-0.05225,-0.76379,0.63934,0.01721,-547.3678,-96.91888
-1565747373747,772567,772568,0.07172,-0.05219,-0.76373,0.63940,0.01721,-548.0052,-96.93486
-1565747373743,772567,772572,0.07172,-0.05212,-0.76373,0.63940,0.01721,-548.0108,-96.8744
-1565747373737,772575,772578,0.07172,-0.05206,-0.76373,0.63940,0.01721,-548.0157,-96.822586
-1565747373732,772583,772583,0.07172,-0.05206,-0.76373,0.63940,0.01721,-548.0157,-96.822586
-1565747373725,772583,772590,0.07172,-0.05200,-0.76373,0.63947,0.01721,-548.081,-96.776436
-1565747373720,772592,772595,0.07172,-0.05200,-0.76373,0.63947,0.01721,-548.081,-96.776436
-1565747373714,772598,772601,0.07166,-0.05200,-0.76373,0.63947,0.01721,-548.1377,-96.74243
-1565747373709,772598,772606,0.07166,-0.05200,-0.76373,0.63947,0.01721,-548.1377,-96.74243
-1565747373704,772608,772611,0.07159,-0.05194,-0.76373,0.63947,0.01721,-548.2093,-96.65101
-1565747373698,772615,772617,0.07159,-0.05194,-0.76373,0.63947,0.01721,-548.2093,-96.65101
-1565747373692,772615,772623,0.07159,-0.05194,-0.76379,0.63940,0.01721,-547.6243,-96.54875
-1565747373686,772624,772629,0.07159,-0.05188,-0.76379,0.63940,0.01721,-547.6292,-96.49697
-1565747373681,772624,772634,0.07159,-0.05188,-0.76379,0.63934,0.01721,-547.57733,-96.4921
-1565747373675,772635,772640,0.07153,-0.05188,-0.76385,0.63934,0.01721,-547.1109,-96.361885
-1565747373669,772644,772646,0.07153,-0.05182,-0.76385,0.63928,0.01721,-547.0641,-96.3053
-1565747373664,772651,772651,0.07153,-0.05182,-0.76392,0.63922,0.01721,-546.40283,-96.18838
-1565747373659,772651,772656,0.07147,-0.05176,-0.76398,0.63922,0.01721,-545.9434,-96.00707
-1565747373654,772659,772661,0.07147,-0.05176,-0.76398,0.63916,0.01721,-545.8917,-96.00225
-1565747373648,772659,772667,0.07141,-0.05176,-0.76404,0.63910,0.01721,-545.3756,-95.86786
-1565747373642,772667,772673,0.07135,-0.05170,-0.76410,0.63904,0.01721,-544.8656,-95.68225
-1565747373636,772676,772679,0.07129,-0.05170,-0.76416,0.63898,0.01721,-544.3525,-95.54862
-1565747373631,772683,772684,0.07129,-0.05164,-0.76422,0.63892,0.01721,-543.78845,-95.39749
-1565747373624,772683,772691,0.07123,-0.05164,-0.76422,0.63892,0.01721,-543.844,-95.363594
-1565747373619,772692,772696,0.07117,-0.05164,-0.76428,0.63885,0.01721,-543.3231,-95.22954
-1565747373614,772699,772701,0.07117,-0.05157,-0.76434,0.63879,0.01721,-542.76276,-95.07057
-1565747373609,772699,772706,0.07111,-0.05157,-0.76440,0.63873,0.01721,-542.252,-94.93778
-1565747373604,772708,772711,0.07111,-0.05157,-0.76440,0.63873,0.01721,-542.252,-94.93778
-1565747373597,772708,772718,0.07111,-0.05157,-0.76447,0.63867,0.01721,-541.60236,-94.823524
-1565747373592,772718,772723,0.07104,-0.05151,-0.76453,0.63861,0.01721,-541.1077,-94.634415
-1565747373586,772728,772729,0.07104,-0.05151,-0.76453,0.63855,0.01721,-541.05646,-94.629654
-1565747373581,772728,772734,0.07104,-0.05151,-0.76459,0.63855,0.01721,-540.54565,-94.53628
-1565747373574,772734,772741,0.07104,-0.05157,-0.76459,0.63855,0.01721,-540.54083,-94.58746
-1565747373569,772743,772746,0.07104,-0.05157,-0.76459,0.63849,0.01721,-540.48975,-94.58271
-1565747373565,772743,772750,0.07104,-0.05157,-0.76465,0.63849,0.01721,-539.97986,-94.48947
-1565747373559,772751,772756,0.07111,-0.05157,-0.76465,0.63843,0.01721,-539.8648,-94.52403
-1565747373552,772760,772763,0.07111,-0.05157,-0.76465,0.63843,0.01721,-539.8648,-94.52403
-1565747373547,772766,772768,0.07117,-0.05157,-0.76471,0.63837,0.01721,-539.2502,-94.459816
-1565747373540,772766,772775,0.07123,-0.05157,-0.76471,0.63837,0.01721,-539.1952,-94.493416
-1565747373536,772776,772779,0.07123,-0.05151,-0.76471,0.63837,0.01721,-539.19995,-94.44236
-1565747373530,772782,772785,0.07129,-0.05151,-0.76471,0.63837,0.01721,-539.1454,-94.47602
-1565747373525,772782,772790,0.07129,-0.05151,-0.76471,0.63831,0.01721,-539.0943,-94.47125
-1565747373519,772791,772796,0.07135,-0.05145,-0.76471,0.63831,0.01721,-539.0442,-94.4538
-1565747373514,772791,772801,0.07141,-0.05145,-0.76471,0.63831,0.01721,-538.98926,-94.48738
-1565747373508,772803,772807,0.07141,-0.05145,-0.76471,0.63831,0.01721,-538.98926,-94.48738
-1565747373503,772810,772812,0.07147,-0.05139,-0.76471,0.63831,0.01721,-538.9395,-94.47001
-1565747373497,772810,772818,0.07147,-0.05133,-0.76477,0.63831,0.01721,-538.4378,-94.32618
-1565747373491,772819,772824,0.07147,-0.05127,-0.76477,0.63831,0.01721,-538.4425,-94.27519
-1565747373485,772827,772830,0.07147,-0.05127,-0.76477,0.63824,0.01721,-538.383,-94.26963
-1565747373480,772835,772835,0.07147,-0.05121,-0.76477,0.63824,0.01721,-538.3877,-94.21863
-1565747373474,772835,772841,0.07147,-0.05115,-0.76477,0.63824,0.01721,-538.3925,-94.167625
-1565747373469,772844,772846,0.07147,-0.05109,-0.76483,0.63824,0.01721,-537.8908,-94.02406
-1565747373463,772851,772852,0.07147,-0.05103,-0.76483,0.63824,0.01721,-537.89557,-93.97312
-1565747373456,772851,772859,0.07147,-0.05090,-0.76483,0.63818,0.01721,-537.855,-93.85798
-1565747373451,772859,772864,0.07147,-0.05084,-0.76489,0.63818,0.01721,-537.3546,-93.71491
-1565747373446,772867,772869,0.07141,-0.05078,-0.76489,0.63818,0.01721,-537.4136,-93.630394
-1565747373440,772867,772875,0.07141,-0.05072,-0.76489,0.63818,0.01721,-537.41833,-93.5795
-1565747373434,772875,772881,0.07135,-0.05066,-0.76495,0.63812,0.01721,-536.9227,-93.3986
-1565747373428,772886,772887,0.07135,-0.05060,-0.76495,0.63812,0.01721,-536.92755,-93.34774
-1565747373424,772886,772891,0.07129,-0.05048,-0.76495,0.63812,0.01721,-536.99146,-93.212456
-1565747373417,772894,772898,0.07123,-0.05042,-0.76501,0.63812,0.01721,-536.5465,-93.0366
-1565747373412,772903,772903,0.07123,-0.05035,-0.76501,0.63806,0.01721,-536.5012,-92.972565
-1565747373405,772903,772910,0.07117,-0.05029,-0.76501,0.63806,0.01721,-536.56024,-92.888176
-1565747373401,772910,772914,0.07111,-0.05023,-0.76501,0.63806,0.01721,-536.61896,-92.80372
-1565747373394,772919,772921,0.07111,-0.05017,-0.76508,0.63806,0.01721,-536.0376,-92.64693
-1565747373389,772919,772926,0.07104,-0.05011,-0.76508,0.63806,0.01721,-536.1052,-92.55693
-1565747373383,772927,772932,0.07104,-0.05005,-0.76508,0.63806,0.01721,-536.1099,-92.50615
-1565747373378,772935,772937,0.07098,-0.04993,-0.76508,0.63806,0.01721,-536.17334,-92.37096
-1565747373372,772935,772943,0.07092,-0.04987,-0.76514,0.63800,0.01721,-535.6791,-92.19142
-1565747373367,772944,772948,0.07092,-0.04980,-0.76514,0.63806,0.01721,-535.7353,-92.136925
-1565747373362,772950,772953,0.07092,-0.04974,-0.76514,0.63806,0.01721,-535.74,-92.086174
-1565747373356,772950,772959,0.07086,-0.04968,-0.76514,0.63806,0.01721,-535.7981,-92.001724
-1565747373350,772960,772965,0.07086,-0.04968,-0.76514,0.63806,0.01721,-535.7981,-92.001724
-1565747373344,772960,772971,0.07080,-0.04968,-0.76508,0.63806,0.01721,-536.35425,-92.05824
-1565747373339,772972,772976,0.07080,-0.04962,-0.76508,0.63806,0.01721,-536.3589,-92.00745
-1565747373333,772979,772982,0.07080,-0.04962,-0.76508,0.63812,0.01721,-536.40967,-92.01215
-1565747373328,772979,772987,0.07074,-0.04956,-0.76508,0.63812,0.01721,-536.4679,-91.927574
-1565747373323,772987,772992,0.07074,-0.04956,-0.76508,0.63812,0.01721,-536.4679,-91.927574
-1565747373316,772995,772999,0.07074,-0.04950,-0.76508,0.63818,0.01721,-536.52344,-91.88147
-1565747373311,773003,773004,0.07068,-0.04950,-0.76501,0.63818,0.01721,-537.1644,-91.95287
-1565747373306,773003,773009,0.07068,-0.04950,-0.76501,0.63818,0.01721,-537.1644,-91.95287
-1565747373299,773011,773016,0.07068,-0.04950,-0.76501,0.63824,0.01721,-537.2153,-91.95759
-1565747373294,773019,773021,0.07062,-0.04944,-0.76495,0.63831,0.01721,-537.83813,-91.96872
-1565747373289,773019,773026,0.07056,-0.04944,-0.76495,0.63831,0.01721,-537.8919,-91.934845
-1565747373284,773028,773031,0.07050,-0.04944,-0.76489,0.63837,0.01721,-538.50226,-91.99605
-1565747373278,773034,773037,0.07043,-0.04944,-0.76483,0.63843,0.01721,-539.1234,-92.05177
-1565747373272,773042,773043,0.07037,-0.04944,-0.76483,0.63849,0.01721,-539.2282,-92.02246
-1565747373266,773042,773049,0.07031,-0.04944,-0.76477,0.63849,0.01721,-539.79114,-92.079285
-1565747373260,773042,773055,0.07031,-0.04944,-0.76477,0.63855,0.01721,-539.8422,-92.083984
-1565747373255,773057,773060,0.07031,-0.04944,-0.76471,0.63861,0.01721,-540.40216,-92.17946
-1565747373250,773063,773065,0.07025,-0.04938,-0.76471,0.63867,0.01721,-540.512,-92.09896
-1565747373245,773070,773070,0.07025,-0.04938,-0.76465,0.63867,0.01721,-541.0228,-92.18998
-1565747373238,773070,773077,0.07025,-0.04944,-0.76465,0.63873,0.01721,-541.0693,-92.24585
-1565747373233,773079,773082,0.07025,-0.04944,-0.76459,0.63873,0.01721,-541.5809,-92.33706
-1565747373228,773086,773087,0.07031,-0.04944,-0.76453,0.63885,0.01721,-542.1417,-92.47203
-1565747373222,773086,773093,0.07031,-0.04944,-0.76447,0.63892,0.01721,-542.71564,-92.56921
-1565747373216,773095,773099,0.07037,-0.04944,-0.76447,0.63892,0.01721,-542.6609,-92.60333
-1565747373210,773102,773105,0.07037,-0.04944,-0.76440,0.63898,0.01721,-543.3126,-92.715195
-1565747373204,773102,773111,0.07043,-0.04938,-0.76440,0.63898,0.01721,-543.2629,-92.69804
-1565747373199,773111,773116,0.07043,-0.04938,-0.76434,0.63904,0.01721,-543.8305,-92.794876
-1565747373194,773119,773121,0.07050,-0.04932,-0.76434,0.63904,0.01721,-543.77106,-92.78331
-1565747373188,773119,773127,0.07050,-0.04932,-0.76428,0.63910,0.01721,-544.3387,-92.88015
-1565747373182,773128,773133,0.07050,-0.04926,-0.76428,0.63910,0.01721,-544.3434,-92.82868
-1565747373176,773128,773139,0.07050,-0.04926,-0.76428,0.63916,0.01721,-544.3949,-92.83343
-1565747373171,773139,773144,0.07050,-0.04926,-0.76422,0.63916,0.01721,-544.9132,-92.92584
-1565747373164,773147,773151,0.07043,-0.04919,-0.76422,0.63922,0.01721,-545.0347,-92.830536
-1565747373160,773147,773155,0.07043,-0.04919,-0.76422,0.63922,0.01721,-545.0347,-92.830536
-1565747373155,773156,773160,0.07037,-0.04919,-0.76422,0.63922,0.01721,-545.08954,-92.796196
-1565747373149,773163,773166,0.07037,-0.04919,-0.76422,0.63928,0.01721,-545.1411,-92.80096
-1565747373143,773171,773172,0.07025,-0.04913,-0.76416,0.63928,0.01721,-545.77545,-92.77312
-1565747373137,773171,773178,0.07019,-0.04907,-0.76416,0.63928,0.01721,-545.83545,-92.68719
-1565747373132,773179,773183,0.07013,-0.04907,-0.76416,0.63928,0.01721,-545.89044,-92.6528
-1565747373125,773187,773190,0.07007,-0.04907,-0.76416,0.63934,0.01721,-545.99695,-92.623116
-1565747373121,773187,773194,0.07001,-0.04907,-0.76416,0.63934,0.01721,-546.0519,-92.58871
-1565747373115,773194,773200,0.06995,-0.04901,-0.76416,0.63934,0.01721,-546.11163,-92.50266
-1565747373110,773203,773205,0.06989,-0.04901,-0.76416,0.63934,0.01721,-546.16656,-92.46822
-1565747373104,773203,773211,0.06982,-0.04901,-0.76416,0.63934,0.01721,-546.2305,-92.428024
-1565747373099,773211,773216,0.06982,-0.04895,-0.76416,0.63940,0.01721,-546.2869,-92.38112
-1565747373093,773211,773222,0.06976,-0.04895,-0.76416,0.63940,0.01721,-546.34155,-92.34661
-1565747373087,773224,773228,0.06964,-0.04883,-0.76410,0.63947,0.01721,-547.0421,-92.27172
-1565747373082,773231,773233,0.06958,-0.04883,-0.76410,0.63947,0.01721,-547.09686,-92.23714
-1565747373076,773231,773239,0.06952,-0.04877,-0.76410,0.63953,0.01721,-547.20807,-92.155556
-1565747373071,773240,773244,0.06946,-0.04871,-0.76404,0.63953,0.01721,-547.79095,-92.16131
-1565747373066,773246,773249,0.06940,-0.04871,-0.76404,0.63959,0.01721,-547.8976,-92.131355
-1565747373060,773246,773255,0.06934,-0.04865,-0.76398,0.63965,0.01721,-548.5338,-92.1418
-1565747373055,773255,773260,0.06934,-0.04858,-0.76398,0.63965,0.01721,-548.5393,-92.081345
-1565747373049,773262,773266,0.06927,-0.04852,-0.76398,0.63971,0.01721,-548.65955,-91.99367
-1565747373044,773270,773271,0.06921,-0.04846,-0.76392,0.63977,0.01721,-549.29663,-92.00382
-1565747373038,773270,773277,0.06915,-0.04834,-0.76385,0.63983,0.01721,-550.028,-91.9775
-1565747373032,773278,773283,0.06915,-0.04822,-0.76385,0.63989,0.01721,-550.08936,-91.87833
-1565747373027,773287,773288,0.06909,-0.04822,-0.76379,0.63989,0.01721,-550.67255,-91.935616
-1565747373022,773287,773293,0.06909,-0.04816,-0.76379,0.63995,0.01721,-550.7292,-91.88833
-1565747373016,773295,773299,0.06903,-0.04810,-0.76379,0.63995,0.01721,-550.78894,-91.801414
-1565747373011,773295,773304,0.06897,-0.04803,-0.76379,0.64001,0.01721,-550.9015,-91.71052
-1565747373004,773308,773311,0.06897,-0.04797,-0.76373,0.64001,0.01721,-551.43616,-91.75067
-1565747372999,773315,773316,0.06891,-0.04797,-0.76373,0.64008,0.01721,-551.552,-91.721176
-1565747372995,773315,773320,0.06885,-0.04791,-0.76367,0.64014,0.01721,-552.19476,-91.730965
-1565747372989,773324,773326,0.06885,-0.04785,-0.76367,0.64014,0.01721,-552.19946,-91.678856
-1565747372984,773331,773331,0.06879,-0.04779,-0.76361,0.64020,0.01721,-552.8439,-91.68865
-1565747372978,773331,773337,0.06879,-0.04773,-0.76361,0.64020,0.01721,-552.8485,-91.636475
-1565747372972,773339,773343,0.06873,-0.04773,-0.76361,0.64020,0.01721,-552.904,-91.60139
-1565747372967,773347,773348,0.06873,-0.04767,-0.76361,0.64020,0.01721,-552.9087,-91.549225
-1565747372961,773347,773354,0.06873,-0.04761,-0.76361,0.64026,0.01721,-552.9655,-91.50175
-1565747372955,773355,773360,0.06873,-0.04755,-0.76361,0.64026,0.01721,-552.97015,-91.44958
-1565747372950,773362,773365,0.06866,-0.04749,-0.76361,0.64026,0.01721,-553.0391,-91.35636
-1565747372944,773371,773371,0.06866,-0.04742,-0.76361,0.64026,0.01721,-553.0446,-91.29549
-1565747372938,773371,773377,0.06866,-0.04736,-0.76361,0.64026,0.01721,-553.0493,-91.24333
-1565747372933,773379,773382,0.06854,-0.04724,-0.76361,0.64032,0.01721,-553.2209,-91.07322
-1565747372925,773379,773390,0.06848,-0.04718,-0.76361,0.64032,0.01721,-553.28064,-90.98581
-1565747372921,773379,773394,0.06842,-0.04712,-0.76361,0.64032,0.01721,-553.34045,-90.89838
-1565747372916,773399,773399,0.06836,-0.04706,-0.76361,0.64032,0.01721,-553.4002,-90.81093
-1565747372910,773399,773405,0.06830,-0.04700,-0.76361,0.64032,0.01721,-553.45953,-90.72339
-1565747372905,773408,773410,0.06818,-0.04694,-0.76361,0.64032,0.01721,-553.574,-90.600555
-1565747372899,773414,773416,0.06812,-0.04687,-0.76361,0.64032,0.01721,-553.6342,-90.50428
-1565747372893,773414,773422,0.06805,-0.04681,-0.76361,0.64038,0.01721,-553.755,-90.41546
-1565747372888,773423,773427,0.06793,-0.04675,-0.76361,0.64038,0.01721,-553.8692,-90.29245
-1565747372882,773430,773433,0.06793,-0.04675,-0.76361,0.64038,0.01721,-553.8692,-90.29245
-1565747372877,773430,773438,0.06787,-0.04675,-0.76367,0.64038,0.01721,-553.3889,-90.16595
-1565747372872,773441,773443,0.06781,-0.04675,-0.76367,0.64038,0.01721,-553.44366,-90.13058
-1565747372866,773446,773449,0.06775,-0.04669,-0.76367,0.64038,0.01721,-553.503,-90.04298
-1565747372860,773455,773455,0.06775,-0.04669,-0.76367,0.64038,0.01721,-553.503,-90.04298
-1565747372855,773455,773460,0.06769,-0.04669,-0.76367,0.64032,0.01721,-553.50507,-90.0029
-1565747372850,773462,773465,0.06769,-0.04669,-0.76367,0.64032,0.01721,-553.50507,-90.0029
-1565747372844,773462,773471,0.06763,-0.04663,-0.76367,0.64032,0.01721,-553.564,-89.91523
-1565747372839,773475,773476,0.06757,-0.04663,-0.76373,0.64032,0.01721,-553.0851,-89.78926
-1565747372833,773475,773482,0.06750,-0.04663,-0.76373,0.64032,0.01721,-553.1485,-89.747925
-1565747372828,773483,773487,0.06744,-0.04663,-0.76373,0.64032,0.01721,-553.2027,-89.71247
-1565747372822,773491,773493,0.06744,-0.04663,-0.76373,0.64026,0.01721,-553.1505,-89.70787
-1565747372816,773498,773499,0.06738,-0.04663,-0.76379,0.64026,0.01721,-552.67126,-89.58201
-1565747372811,773498,773504,0.06732,-0.04663,-0.76379,0.64026,0.01721,-552.7254,-89.54658
-1565747372806,773508,773509,0.06732,-0.04663,-0.76379,0.64026,0.01721,-552.7254,-89.54658
-1565747372800,773514,773515,0.06726,-0.04663,-0.76379,0.64020,0.01721,-552.72705,-89.50647
-1565747372794,773514,773521,0.06720,-0.04663,-0.76385,0.64020,0.01721,-552.24927,-89.381035
-1565747372789,773523,773526,0.06720,-0.04669,-0.76385,0.64020,0.01721,-552.2447,-89.433136
-1565747372783,773531,773532,0.06714,-0.04675,-0.76392,0.64014,0.01721,-551.6218,-89.34024
-1565747372778,773531,773537,0.06708,-0.04675,-0.76392,0.64008,0.01721,-551.6233,-89.300224
-1565747372772,773539,773543,0.06708,-0.04681,-0.76392,0.64008,0.01721,-551.6187,-89.35226
-1565747372767,773547,773548,0.06708,-0.04687,-0.76398,0.64008,0.01721,-551.0846,-89.3146
-1565747372760,773547,773555,0.06708,-0.04694,-0.76398,0.64001,0.01721,-551.0186,-89.369934
-1565747372755,773559,773560,0.06708,-0.04694,-0.76404,0.63995,0.01721,-550.43744,-89.27567
-1565747372749,773559,773566,0.06708,-0.04700,-0.76404,0.63995,0.01721,-550.43286,-89.327614
-1565747372744,773567,773571,0.06702,-0.04706,-0.76410,0.63989,0.01721,-549.9017,-89.25007
-1565747372739,773576,773576,0.06708,-0.04718,-0.76410,0.63983,0.01721,-549.78735,-89.38461
-1565747372733,773576,773582,0.06708,-0.04730,-0.76416,0.63977,0.01721,-549.20026,-89.39436
-1565747372728,773583,773587,0.06708,-0.04736,-0.76422,0.63971,0.01721,-548.6183,-89.35219
-1565747372722,773592,773593,0.06708,-0.04742,-0.76422,0.63971,0.01721,-548.6137,-89.403984
-1565747372715,773599,773600,0.06714,-0.04755,-0.76428,0.63965,0.01721,-547.9743,-89.45736
-1565747372711,773599,773604,0.06714,-0.04755,-0.76428,0.63959,0.01721,-547.92267,-89.45281
-1565747372706,773609,773609,0.06714,-0.04761,-0.76428,0.63959,0.01721,-547.9181,-89.504555
-1565747372699,773615,773616,0.06714,-0.04767,-0.76434,0.63953,0.01721,-547.33923,-89.46249
-1565747372694,773615,773621,0.06720,-0.04773,-0.76434,0.63953,0.01721,-547.28186,-89.54931
-1565747372688,773623,773627,0.06720,-0.04779,-0.76434,0.63947,0.01721,-547.22565,-89.59644
-1565747372683,773631,773632,0.06726,-0.04785,-0.76440,0.63940,0.01721,-546.5854,-89.58844
-1565747372677,773631,773638,0.06726,-0.04791,-0.76440,0.63940,0.01721,-546.5809,-89.640076
-1565747372670,773644,773645,0.06726,-0.04791,-0.76440,0.63940,0.01721,-546.5809,-89.640076
-1565747372665,773644,773650,0.06732,-0.04797,-0.76447,0.63940,0.01721,-545.91644,-89.62261
-1565747372660,773650,773655,0.06732,-0.04803,-0.76447,0.63934,0.01721,-545.8604,-89.669624
-1565747372655,773659,773660,0.06738,-0.04803,-0.76447,0.63934,0.01721,-545.80743,-89.70459
-1565747372649,773659,773666,0.06738,-0.04810,-0.76447,0.63934,0.01721,-545.8021,-89.76475
-1565747372643,773667,773672,0.06744,-0.04810,-0.76447,0.63934,0.01721,-545.7495,-89.799736
-1565747372637,773675,773678,0.06750,-0.04822,-0.76440,0.63934,0.01721,-546.29407,-90.04228
-1565747372633,773682,773682,0.06750,-0.04828,-0.76440,0.63934,0.01721,-546.2895,-90.093895
-1565747372625,773682,773690,0.06757,-0.04828,-0.76440,0.63940,0.01721,-546.27905,-90.1392
-1565747372620,773690,773695,0.06763,-0.04834,-0.76440,0.63940,0.01721,-546.22144,-90.22573
-1565747372615,773698,773700,0.06763,-0.04840,-0.76434,0.63940,0.01721,-546.73834,-90.36739
-1565747372609,773698,773706,0.06769,-0.04846,-0.76434,0.63940,0.01721,-546.68054,-90.45399
-1565747372604,773708,773711,0.06769,-0.04852,-0.76428,0.63947,0.01721,-547.2576,-90.60118
-1565747372599,773715,773716,0.06775,-0.04865,-0.76428,0.63947,0.01721,-547.1944,-90.74813
-1565747372592,773715,773723,0.06781,-0.04877,-0.76422,0.63953,0.01721,-547.70667,-90.98183
-1565747372588,773727,773727,0.06781,-0.04883,-0.76416,0.63959,0.01721,-548.278,-91.129166
-1565747372581,773727,773734,0.06787,-0.04895,-0.76416,0.63959,0.01721,-548.2149,-91.26767
-1565747372575,773734,773740,0.06787,-0.04901,-0.76410,0.63965,0.01721,-548.78656,-91.4153
-1565747372569,773743,773746,0.06787,-0.04907,-0.76410,0.63965,0.01721,-548.7819,-91.467125
-1565747372565,773743,773750,0.06787,-0.04919,-0.76404,0.63971,0.01721,-549.3509,-91.66712
-1565747372559,773751,773756,0.06787,-0.04926,-0.76398,0.63977,0.01721,-549.9248,-91.824234
-1565747372553,773760,773762,0.06793,-0.04932,-0.76398,0.63977,0.01721,-549.86633,-91.91121
-1565747372548,773766,773767,0.06793,-0.04944,-0.76385,0.63989,0.01721,-551.10657,-92.22448
-1565747372542,773766,773773,0.06793,-0.04950,-0.76385,0.63989,0.01721,-551.1019,-92.27651
-1565747372537,773774,773778,0.06793,-0.04956,-0.76379,0.63995,0.01721,-551.67957,-92.425934
-1565747372530,773783,773785,0.06793,-0.04962,-0.76373,0.64001,0.01721,-552.2587,-92.57571
-1565747372525,773783,773790,0.06799,-0.04962,-0.76373,0.64001,0.01721,-552.20404,-92.610794
-1565747372520,773792,773795,0.06799,-0.04974,-0.76367,0.64008,0.01721,-552.7876,-92.813736
-1565747372514,773798,773801,0.06805,-0.04974,-0.76361,0.64014,0.01721,-553.31885,-92.94711
-1565747372509,773798,773806,0.06805,-0.04980,-0.76361,0.64014,0.01721,-553.3142,-92.99934
-1565747372503,773798,773812,0.06812,-0.04987,-0.76355,0.64020,0.01721,-553.8318,-93.199844
-1565747372498,773812,773817,0.06818,-0.04993,-0.76349,0.64026,0.01721,-554.35956,-93.38603
-1565747372491,773819,773824,0.06824,-0.04993,-0.76343,0.64032,0.01721,-554.8937,-93.52035
-1565747372485,773828,773830,0.06824,-0.04999,-0.76337,0.64038,0.01721,-555.4791,-93.672035
-1565747372480,773834,773835,0.06830,-0.04999,-0.76337,0.64044,0.01721,-555.47577,-93.71189
-1565747372475,773834,773840,0.06830,-0.04999,-0.76331,0.64050,0.01721,-556.06683,-93.81142
-1565747372469,773844,773846,0.06830,-0.04999,-0.76324,0.64050,0.01721,-556.6972,-93.922424
-1565747372463,773850,773852,0.06830,-0.04999,-0.76318,0.64056,0.01721,-557.2908,-94.0224
-1565747372458,773850,773857,0.06824,-0.05005,-0.76312,0.64069,0.01721,-557.9989,-94.14551
-1565747372452,773859,773863,0.06818,-0.05005,-0.76306,0.64075,0.01721,-558.65094,-94.21054
-1565747372446,773866,773869,0.06812,-0.04999,-0.76306,0.64081,0.01721,-558.7643,-94.12716
-1565747372441,773866,773874,0.06805,-0.04999,-0.76300,0.64087,0.01721,-559.42755,-94.186356
-1565747372435,773876,773880,0.06799,-0.04999,-0.76294,0.64093,0.01721,-560.0829,-94.25158
-1565747372430,773883,773885,0.06793,-0.04999,-0.76294,0.64093,0.01721,-560.13904,-94.2161
-1565747372424,773883,773891,0.06787,-0.04993,-0.76288,0.64099,0.01721,-560.80005,-94.22844
-1565747372419,773895,773896,0.06775,-0.04993,-0.76288,0.64105,0.01721,-560.9656,-94.16206
-1565747372413,773895,773902,0.06763,-0.04987,-0.76282,0.64117,0.01721,-561.7381,-94.14351
-1565747372407,773902,773908,0.06750,-0.04980,-0.76276,0.64117,0.01721,-562.41644,-94.10067
-1565747372401,773913,773914,0.06744,-0.04980,-0.76276,0.64124,0.01721,-562.5345,-94.07042
-1565747372395,773919,773920,0.06738,-0.04980,-0.76270,0.64130,0.01721,-563.19525,-94.13554
-1565747372390,773919,773925,0.06732,-0.04980,-0.76270,0.64136,0.01721,-563.30475,-94.10446
-1565747372385,773927,773930,0.06726,-0.04974,-0.76263,0.64142,0.01721,-564.0654,-94.13284
-1565747372379,773934,773936,0.06720,-0.04974,-0.76257,0.64142,0.01721,-564.6769,-94.19356
-1565747372373,773934,773942,0.06714,-0.04974,-0.76257,0.64148,0.01721,-564.7863,-94.16231
-1565747372367,773943,773948,0.06696,-0.04974,-0.76245,0.64160,0.01721,-566.1773,-94.257515
-1565747372362,773951,773953,0.06696,-0.04974,-0.76245,0.64166,0.01721,-566.2306,-94.26219
-1565747372356,773959,773959,0.06689,-0.04974,-0.76239,0.64172,0.01721,-566.90894,-94.32182
-1565747372351,773959,773964,0.06683,-0.04974,-0.76233,0.64178,0.01721,-567.58044,-94.387794
-1565747372345,773968,773970,0.06677,-0.04974,-0.76227,0.64185,0.01721,-568.2615,-94.45454
-1565747372339,773968,773976,0.06671,-0.04974,-0.76227,0.64191,0.01721,-568.372,-94.42307
-1565747372335,773968,773980,0.06671,-0.04968,-0.76221,0.64197,0.01721,-568.9935,-94.47179
-1565747372329,773982,773986,0.06665,-0.04962,-0.76221,0.64197,0.01721,-569.05493,-94.38197
-1565747372324,773987,773991,0.06659,-0.04956,-0.76215,0.64209,0.01721,-569.78876,-94.399155
-1565747372318,773994,773997,0.06653,-0.04950,-0.76215,0.64209,0.01721,-569.85034,-94.30923
-1565747372312,773994,774003,0.06653,-0.04944,-0.76208,0.64215,0.01721,-570.5691,-94.37421
-1565747372306,774003,774009,0.06653,-0.04944,-0.76208,0.64215,0.01721,-570.5691,-94.37421
-1565747372301,774011,774014,0.06647,-0.04938,-0.76208,0.64215,0.01721,-570.63086,-94.28416
-1565747372295,774018,774020,0.06647,-0.04938,-0.76208,0.64215,0.01721,-570.63086,-94.28416
-1565747372289,774018,774026,0.06641,-0.04932,-0.76208,0.64215,0.01721,-570.6925,-94.194084
-1565747372285,774028,774030,0.06641,-0.04932,-0.76208,0.64215,0.01721,-570.6925,-94.194084
-1565747372279,774035,774036,0.06635,-0.04932,-0.76208,0.64215,0.01721,-570.749,-94.15761
-1565747372273,774035,774042,0.06635,-0.04926,-0.76215,0.64209,0.01721,-570.0392,-93.98563
-1565747372267,774043,774048,0.06635,-0.04926,-0.76221,0.64209,0.01721,-569.4733,-93.88837
-1565747372261,774050,774054,0.06635,-0.04926,-0.76221,0.64203,0.01721,-569.4198,-93.8837
-1565747372255,774050,774060,0.06635,-0.04919,-0.76227,0.64197,0.01721,-568.80743,-93.719604
-1565747372250,774063,774065,0.06635,-0.04919,-0.76233,0.64191,0.01721,-568.19073,-93.618164
-1565747372245,774063,774070,0.06635,-0.04919,-0.76239,0.64185,0.01721,-567.5749,-93.516884
-1565747372240,774071,774075,0.06635,-0.04919,-0.76245,0.64172,0.01721,-566.89886,-93.41053
-1565747372233,774079,774082,0.06635,-0.04919,-0.76251,0.64166,0.01721,-566.2861,-93.309746
-1565747372227,774079,774088,0.06641,-0.04919,-0.76270,0.64148,0.01721,-564.30676,-93.028786
-1565747372222,774088,774093,0.06641,-0.04926,-0.76276,0.64136,0.01721,-563.6413,-92.98624
-1565747372217,774096,774098,0.06641,-0.04926,-0.76288,0.64124,0.01721,-562.4295,-92.78673
-1565747372210,774102,774105,0.06641,-0.04932,-0.76294,0.64117,0.01721,-561.8126,-92.73953
-1565747372205,774102,774110,0.06641,-0.04932,-0.76300,0.64105,0.01721,-561.1572,-92.63569
-1565747372199,774112,774116,0.06641,-0.04938,-0.76312,0.64093,0.01721,-559.9515,-92.49059
-1565747372195,774119,774120,0.06647,-0.04938,-0.76318,0.64087,0.01721,-559.29755,-92.42762
-1565747372188,774119,774127,0.06647,-0.04944,-0.76331,0.64075,0.01721,-558.0084,-92.26773
-1565747372181,774128,774134,0.06653,-0.04950,-0.76343,0.64056,0.01721,-556.6997,-92.15445
-1565747372177,774135,774138,0.06659,-0.04950,-0.76349,0.64044,0.01721,-556.00037,-92.08757
-1565747372172,774135,774143,0.06665,-0.04956,-0.76355,0.64038,0.01721,-555.35114,-92.0779
-1565747372166,774147,774149,0.06671,-0.04956,-0.76361,0.64026,0.01721,-554.6547,-92.01124
-1565747372161,774147,774154,0.06677,-0.04962,-0.76373,0.64020,0.01721,-553.47296,-91.908875
-1565747372155,774155,774160,0.06683,-0.04962,-0.76379,0.64008,0.01721,-552.781,-91.84259
-1565747372150,774162,774165,0.06696,-0.04968,-0.76385,0.64001,0.01721,-552.0669,-91.87352
-1565747372143,774171,774172,0.06702,-0.04968,-0.76392,0.63989,0.01721,-551.2892,-91.79192
-1565747372137,774171,774178,0.06720,-0.04974,-0.76404,0.63971,0.01721,-549.9098,-91.75163
-1565747372132,774178,774183,0.06726,-0.04980,-0.76410,0.63965,0.01721,-549.2722,-91.74211
-1565747372127,774186,774188,0.06738,-0.04980,-0.76416,0.63953,0.01721,-548.53613,-91.711365
-1565747372122,774186,774193,0.06744,-0.04987,-0.76422,0.63947,0.01721,-547.9011,-91.71056
-1565747372115,774195,774200,0.06757,-0.04987,-0.76428,0.63934,0.01721,-547.14935,-91.68467
-1565747372110,774203,774205,0.06763,-0.04993,-0.76440,0.63928,0.01721,-545.99725,-91.58405
-1565747372104,774203,774211,0.06775,-0.04993,-0.76447,0.63916,0.01721,-545.1819,-91.53824
-1565747372099,774212,774216,0.06781,-0.04993,-0.76453,0.63910,0.01721,-544.55853,-91.4774
-1565747372094,774219,774221,0.06793,-0.04993,-0.76459,0.63898,0.01721,-543.8327,-91.446846
-1565747372089,774219,774226,0.06805,-0.04999,-0.76477,0.63879,0.01721,-542.0163,-91.28153
-1565747372083,774230,774232,0.06812,-0.04999,-0.76483,0.63867,0.01721,-541.3394,-91.22237
-1565747372077,774230,774238,0.06818,-0.04999,-0.76489,0.63855,0.01721,-540.6733,-91.15767
-1565747372072,774239,774243,0.06824,-0.04999,-0.76501,0.63843,0.01721,-539.4998,-91.00341
-1565747372066,774247,774249,0.06824,-0.04999,-0.76508,0.63837,0.01721,-538.85675,-90.89451
-1565747372061,774247,774254,0.06830,-0.04999,-0.76520,0.63824,0.01721,-537.68146,-90.74037
-1565747372055,774254,774260,0.06836,-0.05005,-0.76526,0.63812,0.01721,-537.0191,-90.72742
-1565747372050,774262,774265,0.06836,-0.05005,-0.76532,0.63800,0.01721,-536.41406,-90.62946
-1565747372044,774262,774271,0.06842,-0.05005,-0.76544,0.63788,0.01721,-535.2573,-90.47726
-1565747372039,774271,774276,0.06842,-0.05005,-0.76550,0.63782,0.01721,-534.70667,-90.3844
-1565747372033,774280,774282,0.06842,-0.05011,-0.76569,0.63757,0.01721,-532.9144,-90.13741
-1565747372028,774286,774287,0.06842,-0.05017,-0.76581,0.63745,0.01721,-531.81866,-90.003685
-1565747372022,774286,774293,0.06842,-0.05017,-0.76587,0.63739,0.01721,-531.27515,-89.911934
-1565747372016,774295,774299,0.06842,-0.05023,-0.76599,0.63727,0.01721,-530.1848,-89.77891
-1565747372010,774302,774305,0.06842,-0.05023,-0.76605,0.63715,0.01721,-529.594,-89.68312
-1565747372005,774302,774310,0.06836,-0.05029,-0.76611,0.63708,0.01721,-529.09186,-89.607635
-1565747372000,774315,774315,0.06836,-0.05035,-0.76617,0.63696,0.01721,-528.4981,-89.56223
-1565747371995,774315,774320,0.06836,-0.05035,-0.76624,0.63690,0.01721,-527.8792,-89.45698
-1565747371988,774324,774327,0.06836,-0.05035,-0.76636,0.63678,0.01721,-526.807,-89.2758
-1565747371983,774330,774332,0.06836,-0.05048,-0.76648,0.63666,0.01721,-525.7288,-89.20335
-1565747371976,774330,774339,0.06836,-0.05048,-0.76648,0.63660,0.01721,-525.67896,-89.19888
-1565747371971,774341,774344,0.06836,-0.05048,-0.76654,0.63654,0.01721,-525.1468,-89.10887
-1565747371966,774346,774349,0.06836,-0.05054,-0.76660,0.63647,0.01721,-524.60223,-89.06797
-1565747371959,774355,774356,0.06836,-0.05054,-0.76666,0.63641,0.01721,-524.0718,-88.97819
-1565747371955,774355,774360,0.06836,-0.05060,-0.76666,0.63635,0.01721,-524.0176,-89.02352
-1565747371950,774362,774365,0.06842,-0.05060,-0.76672,0.63629,0.01721,-523.43823,-88.96718
-1565747371943,774370,774372,0.06842,-0.05066,-0.76678,0.63629,0.01721,-522.955,-88.93174
-1565747371937,774370,774378,0.06842,-0.05072,-0.76678,0.63617,0.01721,-522.85126,-88.97254
-1565747371933,774380,774382,0.06842,-0.05072,-0.76685,0.63617,0.01721,-522.29443,-88.87345
-1565747371926,774386,774389,0.06842,-0.05078,-0.76685,0.63617,0.01721,-522.29,-88.92306
-1565747371921,774386,774394,0.06848,-0.05078,-0.76685,0.63611,0.01721,-522.1907,-88.95189
