UDPTimeStamp,PupilTimeStamp,ImuTimeStamp,QuatI,QuatJ,QuatK,QuatReal,QuatRadianAccuracy,pIntersectX,pIntersectZ,angleX,angleY,angleZ
-1565766881478.0,609796.0,0.0,0.02783,-0.01208,-0.82843,0.55933,0.01721,-247.51567,-13.670542,-2.93335643744746,-1.86800149373656,21.90374496365054
-1565766881473.0,609806.0,5.0,0.02783,-0.01202,-0.82837,0.55933,0.01721,-247.63033,-13.650844,-2.9275739353539074,-1.8716577653876387,21.894522875943906
-1565766881467.0,609806.0,11.0,0.02783,-0.01196,-0.82837,0.55939,0.01721,-247.65782,-13.6251545,-2.922065640249222,-1.8754232172210985,21.892316330744293
-1565766881461.0,609815.0,17.0,0.02783,-0.0119,-0.82837,0.55939,0.01721,-247.65872,-13.598572,-2.9163661648832964,-1.8792713650620023,21.892235417037256
-1565766881456.0,609824.0,22.0,0.02783,-0.01184,-0.82837,0.55939,0.01721,-247.65962,-13.571989,-2.9106667063668463,-1.883119521383075,21.892155268601087
-1565766881450.0,609824.0,28.0,0.02783,-0.01178,-0.82837,0.55939,0.01721,-247.66049,-13.545405,-2.9049672645667455,-1.8869676862017308,21.892075885446644
-1565766881443.0,609830.0,35.0,0.02783,-0.01178,-0.82837,0.55939,0.01721,-247.66049,-13.545405,-2.9049672645667455,-1.8869676862017308,21.892075885446644
-1565766881439.0,609839.0,39.0,0.02777,-0.01166,-0.82837,0.55939,0.01721,-247.66707,-13.47453,-2.889705855362473,-1.888965482770643,21.891949321697766
-1565766881433.0,609847.0,45.0,0.02771,-0.0116,-0.82837,0.55933,0.01721,-247.64615,-13.429345,-2.879953592261669,-1.8871949069829272,21.894026721242184
-1565766881426.0,609847.0,52.0,0.02765,-0.01154,-0.82843,0.55933,0.01721,-247.53801,-13.3783,-2.870471512262193,-1.8855343316945625,21.903119805227846
-1565766881421.0,609855.0,57.0,0.02765,-0.01147,-0.82843,0.55927,0.01721,-247.51248,-13.346412,-2.8636318404792402,-1.890102287668788,21.905157246255456
-1565766881416.0,609863.0,62.0,0.02759,-0.01141,-0.82849,0.5592,0.01721,-247.37363,-13.294406,-2.85392784473551,-1.8885320453575558,21.916732311653362
-1565766881409.0,609863.0,69.0,0.02753,-0.01141,-0.82855,0.55914,0.01721,-247.2385,-13.269154,-2.849956127875655,-1.8831005576978015,21.92802818248869
-1565766881404.0,609872.0,74.0,0.02753,-0.01141,-0.82861,0.55908,0.01721,-247.0986,-13.261593,-2.8498453721817683,-1.8833684341031078,21.939294831112704
-1565766881398.0,609878.0,80.0,0.02747,-0.01141,-0.82867,0.55896,0.01721,-246.937,-13.235497,-2.845686219978717,-1.8780142158244146,21.952721763447087
-1565766881392.0,609878.0,86.0,0.02747,-0.01147,-0.8288,0.55878,0.01721,-246.61182,-13.244955,-2.850992105378311,-1.8748151782130222,21.978988903991024
-1565766881388.0,609891.0,90.0,0.0274,-0.01147,-0.82886,0.55865,0.01721,-246.44724,-13.215853,-2.846162084434827,-1.868522933329587,21.992783272318505
-1565766881382.0,609891.0,96.0,0.0274,-0.01154,-0.82898,0.55847,0.01721,-246.1415,-13.230839,-2.852409003425712,-1.8646545270961659,22.017550464308215
-1565766881375.0,609899.0,103.0,0.0274,-0.0116,-0.8291,0.55835,0.01721,-245.8631,-13.242275,-2.8578954037197772,-1.8613493116335311,22.040170335737685
-1565766881371.0,609907.0,107.0,0.0274,-0.0116,-0.82916,0.55823,0.01721,-245.69817,-13.233906,-2.8575985951523597,-1.8616973953058935,22.053583347843613
-1565766881365.0,609914.0,113.0,0.02734,-0.0116,-0.82928,0.55811,0.01721,-245.42603,-13.20138,-2.8535281902786584,-1.8565292541164455,22.076158911056638
-1565766881360.0,609914.0,118.0,0.02734,-0.01166,-0.82935,0.55792,0.01721,-245.21124,-13.2173195,-2.8587324077913436,-1.853163380279312,22.093679175960034
-1565766881354.0,609923.0,124.0,0.02728,-0.01166,-0.82941,0.5578,0.01721,-245.05142,-13.191463,-2.8545857283655836,-1.8478062959383375,22.10713169551714
-1565766881349.0,609930.0,129.0,0.02722,-0.01172,-0.82959,0.55756,0.01721,-244.61572,-13.177132,-2.8559346706860698,-1.8391478371810912,22.143220353911758
-1565766881342.0,609930.0,136.0,0.02716,-0.01178,-0.82965,0.5575,0.01721,-244.48207,-13.178569,-2.857687389655639,-1.8298734745376308,22.15460759145688
-1565766881337.0,609939.0,141.0,0.02716,-0.01178,-0.82971,0.55743,0.01721,-244.34035,-13.171,-2.857550621939357,-1.830154848651362,22.166244078352122
-1565766881332.0,609946.0,146.0,0.0271,-0.01184,-0.82977,0.55737,0.01721,-244.20688,-13.172443,-2.859305947873379,-1.8208806013071948,22.177632593488525
-1565766881326.0,609946.0,152.0,0.02704,-0.01184,-0.82977,0.55731,0.01721,-244.18509,-13.15414,-2.8552722500743655,-1.815254096522432,22.17981801633779
-1565766881320.0,609956.0,158.0,0.02698,-0.0119,-0.82983,0.55725,0.01721,-244.05185,-13.155608,-2.8570301702418655,-1.8059799257369489,22.191208870118714
-1565766881314.0,609956.0,164.0,0.02698,-0.0119,-0.82983,0.55725,0.01721,-244.05185,-13.155608,-2.8570301702418655,-1.8059799257369489,22.191208870118714
-1565766881310.0,609968.0,168.0,0.02692,-0.0119,-0.82983,0.55719,0.01721,-244.03006,-13.1373205,-2.852998243261516,-1.8003534672081911,22.193395975358612
-1565766881304.0,609975.0,174.0,0.02692,-0.0119,-0.82983,0.55719,0.01721,-244.03006,-13.1373205,-2.852998243261516,-1.8003534672081911,22.193395975358612
-1565766881299.0,609975.0,179.0,0.02692,-0.0119,-0.82983,0.55719,0.01721,-244.03006,-13.1373205,-2.852998243261516,-1.8003534672081911,22.193395975358612
-1565766881293.0,609983.0,185.0,0.02692,-0.0119,-0.82983,0.55719,0.01721,-244.03006,-13.1373205,-2.852998243261516,-1.8003534672081911,22.193395975358612
-1565766881287.0,609991.0,191.0,0.02692,-0.0119,-0.82983,0.55725,0.01721,-244.05638,-13.138174,-2.853183193420759,-1.8002716084286527,22.19123978757618
-1565766881280.0,610000.0,198.0,0.02692,-0.01184,-0.82983,0.55725,0.01721,-244.05722,-13.111878,-2.847473820557862,-1.8041048732915517,22.19115852221607
-1565766881276.0,610000.0,202.0,0.02692,-0.01184,-0.82983,0.55725,0.01721,-244.05722,-13.111878,-2.847473820557862,-1.8041048732915517,22.19115852221607
-1565766881270.0,610006.0,208.0,0.02692,-0.01184,-0.82977,0.55725,0.01721,-244.16795,-13.1184,-2.8473924748978567,-1.8039196932224477,22.18203460200077
-1565766881265.0,610015.0,213.0,0.02698,-0.01178,-0.82977,0.55731,0.01721,-244.19057,-13.110392,-2.8457158528052435,-1.8133798599602844,22.17976836902544
-1565766881259.0,610015.0,219.0,0.02698,-0.01172,-0.82977,0.55731,0.01721,-244.1914,-13.084084,-2.84000691679484,-1.8172135652547325,22.179688737430283
-1565766881252.0,610023.0,226.0,0.02692,-0.0116,-0.82971,0.55737,0.01721,-244.3349,-13.02136,-2.824847012199122,-1.8189080585709143,22.16828274612105
-1565766881248.0,610032.0,230.0,0.02692,-0.01154,-0.82971,0.55743,0.01721,-244.36209,-12.995894,-2.8193235064079523,-1.8226628049844138,22.16605160142136
-1565766881242.0,610032.0,236.0,0.02692,-0.01147,-0.82971,0.55743,0.01721,-244.36308,-12.965187,-2.8126636542070242,-1.8271364480404109,22.165962095725945
-1565766881236.0,610038.0,242.0,0.02692,-0.01141,-0.82965,0.5575,0.01721,-244.50565,-12.946318,-2.807092619045334,-1.830694254255337,22.154249355478427
-1565766881231.0,610047.0,247.0,0.02686,-0.01135,-0.82965,0.5575,0.01721,-244.51105,-12.90251,-2.797536081704389,-1.828822134115356,22.154203622330144
-1565766881224.0,610047.0,254.0,0.02686,-0.01129,-0.82965,0.55756,0.01721,-244.53822,-12.877031,-2.7920126603029916,-1.8325795152631674,22.151977004721658
-1565766881220.0,610058.0,258.0,0.02686,-0.01123,-0.82959,0.55756,0.01721,-244.65016,-12.85711,-2.786227544842635,-1.8362302105994064,22.142777201076754
-1565766881214.0,610058.0,264.0,0.02686,-0.01117,-0.82959,0.55762,0.01721,-244.67734,-12.831617,-2.780704570329125,-1.8399888455338047,22.140553158892104
-1565766881208.0,610068.0,270.0,0.02686,-0.01111,-0.82959,0.55768,0.01721,-244.70456,-12.806127,-2.7751816138087664,-1.8437483138758028,22.138330273798218
-1565766881203.0,610074.0,275.0,0.02686,-0.01105,-0.82959,0.55768,0.01721,-244.7054,-12.779781,-2.7694741191918877,-1.8475846293662168,22.138258709067642
-1565766881197.0,610074.0,281.0,0.02692,-0.01105,-0.82959,0.55768,0.01721,-244.70087,-12.797273,-2.7733238454083904,-1.853291446035708,22.138230066642237
-1565766881191.0,610084.0,287.0,0.02692,-0.01105,-0.82959,0.55762,0.01721,-244.6745,-12.796417,-2.773138877142164,-1.8533674600029266,22.140380621637632
-1565766881186.0,610090.0,292.0,0.02698,-0.01099,-0.82959,0.55762,0.01721,-244.67084,-12.787563,-2.7712807550586387,-1.8629102312578976,22.14028148634422
-1565766881181.0,610090.0,297.0,0.02704,-0.01099,-0.82959,0.55762,0.01721,-244.66628,-12.805049,-2.775130188498283,-1.8686170974484972,22.140252994298848
-1565766881174.0,610099.0,304.0,0.0271,-0.01099,-0.82959,0.55762,0.01721,-244.66176,-12.822537,-2.77897968688055,-1.8743239821840547,22.140224502323107
-1565766881168.0,610107.0,310.0,0.02716,-0.01099,-0.82959,0.55762,0.01721,-244.65714,-12.840019,-2.7828292503375107,-1.8800308855213703,22.14019601041703
-1565766881163.0,610117.0,315.0,0.02728,-0.01099,-0.82959,0.55756,0.01721,-244.62163,-12.87412,-2.79034112980367,-1.8915203510959553,22.142289949176316
-1565766881158.0,610117.0,320.0,0.02728,-0.01099,-0.82965,0.55756,0.01721,-244.51062,-12.867696,-2.790416643035556,-1.8917080168267397,22.15141608094423
-1565766881152.0,610122.0,326.0,0.02734,-0.01099,-0.82965,0.55756,0.01721,-244.50604,-12.885168,-2.7942659902426907,-1.8974153899334132,22.151387576743275
-1565766881147.0,610130.0,331.0,0.0274,-0.01105,-0.82965,0.5575,0.01721,-244.47423,-12.928094,-2.8036351215803337,-1.8993631862275135,22.153580431998293
-1565766881140.0,610130.0,338.0,0.02747,-0.01105,-0.82965,0.5575,0.01721,-244.46889,-12.948474,-2.808125717315344,-1.9060218195098269,22.15354698957816
-1565766881136.0,610143.0,342.0,0.02747,-0.01111,-0.82965,0.55756,0.01721,-244.49435,-12.975674,-2.814022476683481,-1.90211018535892,22.151464919348413
-1565766881129.0,610143.0,349.0,0.02753,-0.01117,-0.82965,0.55756,0.01721,-244.4889,-13.01947,-2.823580090075866,-1.903981970776486,22.151506645253974
-1565766881124.0,610152.0,354.0,0.02753,-0.01117,-0.82959,0.55756,0.01721,-244.59991,-13.0259695,-2.823503341684276,-1.9037925838909464,22.142380683664257
-1565766881119.0,610159.0,359.0,0.02759,-0.01129,-0.82959,0.55762,0.01721,-244.61977,-13.096993,-2.8389578783025535,-1.9017506740110235,22.140343993400165
-1565766881112.0,610167.0,366.0,0.02759,-0.01135,-0.82959,0.55762,0.01721,-244.6189,-13.123332,-2.8446655589546577,-1.8979146526897217,22.140416720032235
-1565766881107.0,610167.0,371.0,0.02759,-0.01141,-0.82953,0.55762,0.01721,-244.7293,-13.156242,-2.8502948600662372,-1.893888841323536,22.13136341045511
-1565766881102.0,610175.0,376.0,0.02759,-0.01147,-0.82953,0.55768,0.01721,-244.75479,-13.18347,-2.856191722764581,-1.8899739325888603,22.129287934524186
-1565766881096.0,610183.0,382.0,0.02759,-0.01154,-0.82953,0.55768,0.01721,-244.75378,-13.214213,-2.8628502583200715,-1.8854981240761604,22.12937558845134
-1565766881091.0,610183.0,387.0,0.02759,-0.0116,-0.82947,0.55774,0.01721,-244.89056,-13.248053,-2.8686674524887934,-1.8813921299981726,22.11817519043474
-1565766881086.0,610191.0,392.0,0.02759,-0.01166,-0.82947,0.5578,0.01721,-244.91605,-13.275292,-2.8745639471480127,-1.8774751168279384,22.116103687790982
-1565766881079.0,610199.0,399.0,0.02759,-0.01172,-0.82941,0.5578,0.01721,-245.0266,-13.308296,-2.880190376770047,-1.8734481144936461,22.107053309855544
-1565766881074.0,610199.0,404.0,0.02759,-0.01172,-0.82941,0.55786,0.01721,-245.05298,-13.309175,-2.8803799333173496,-1.8733674906155793,22.104906134855995
-1565766881069.0,610208.0,409.0,0.02759,-0.01184,-0.82935,0.55792,0.01721,-245.18925,-13.369481,-2.8919012685514986,-1.8654210350129092,22.093788680597697
-1565766881063.0,610215.0,415.0,0.02765,-0.0119,-0.82935,0.55798,0.01721,-245.21005,-13.414263,-2.9016497245226125,-1.8672063789118702,22.091692153502578
-1565766881058.0,610215.0,420.0,0.02765,-0.01196,-0.82928,0.55798,0.01721,-245.33943,-13.448479,-2.907260062171123,-1.8631460478286097,22.08112193799623
-1565766881051.0,610227.0,427.0,0.02765,-0.01196,-0.82928,0.55804,0.01721,-245.36584,-13.449361,-2.90745002529812,-1.8630637734322084,22.078977487272937
-1565766881045.0,610227.0,433.0,0.02771,-0.01202,-0.82922,0.55804,0.01721,-245.4722,-13.500039,-2.9169264087741547,-1.864739048751497,22.06989743244948
-1565766881041.0,610235.0,437.0,0.02771,-0.01208,-0.82922,0.55811,0.01721,-245.50214,-13.527481,-2.922853861814321,-1.8608032698424775,22.067478928410395
-1565766881035.0,610243.0,443.0,0.02771,-0.01215,-0.82916,0.55817,0.01721,-245.63954,-13.565959,-2.9296170244178046,-1.856049883784501,22.056302268193235
-1565766881031.0,610243.0,447.0,0.02777,-0.01221,-0.82916,0.55817,0.01721,-245.6339,-13.609929,-2.939176218137548,-1.8579140527899791,22.056354458396527
-1565766881025.0,610252.0,453.0,0.02783,-0.01227,-0.8291,0.55823,0.01721,-245.76668,-13.661608,-2.948842413857043,-1.8595023711866299,22.045133979547472
-1565766881019.0,610260.0,459.0,0.02789,-0.01233,-0.8291,0.55829,0.01721,-245.78746,-13.706488,-2.958593419434008,-1.861280898753833,22.043046484502383
-1565766881012.0,610267.0,466.0,0.02802,-0.01239,-0.82904,0.55829,0.01721,-245.88849,-13.777851,-2.9725661267481516,-1.8696051617495228,22.033930532000497
-1565766881006.0,610267.0,472.0,0.02808,-0.01245,-0.82904,0.55835,0.01721,-245.9092,-13.822751,-2.9823187354098697,-1.8713820485316657,22.031844952153662
-1565766881001.0,610276.0,477.0,0.02808,-0.01251,-0.82904,0.55835,0.01721,-245.9083,-13.849196,-2.9880230330764777,-1.8675410723353942,22.03193165530996
-1565766880997.0,610276.0,481.0,0.0282,-0.01257,-0.82904,0.55835,0.01721,-245.89778,-13.910765,-3.001439281951168,-1.8751062935007896,22.031954249293747
-1565766880991.0,610284.0,487.0,0.02826,-0.01263,-0.82898,0.55841,0.01721,-246.03073,-13.962646,-3.011107088193988,-1.8766871291255798,22.020738108405112
-1565766880985.0,610291.0,493.0,0.02832,-0.01263,-0.82898,0.55841,0.01721,-246.0259,-13.980215,-3.014963647859265,-1.8823898438666846,22.020705531393048
-1565766880979.0,610298.0,499.0,0.02838,-0.0127,-0.82898,0.55841,0.01721,-246.01999,-14.028646,-3.0254749324011274,-1.8836109147967186,22.020776016115107
-1565766880973.0,610298.0,505.0,0.02844,-0.01276,-0.82898,0.55841,0.01721,-246.0142,-14.072667,-3.0350356623593417,-1.8854722238201407,22.020832270793292
-1565766880968.0,610311.0,510.0,0.0285,-0.01282,-0.82898,0.55841,0.01721,-246.00844,-14.116685,-3.044596499997978,-1.8873335348340947,22.02088898058804
-1565766880962.0,610311.0,516.0,0.02856,-0.01282,-0.82898,0.55841,0.01721,-246.00352,-14.134246,-3.0484533671102896,-1.893036284447262,22.020855913925644
-1565766880956.0,610318.0,522.0,0.02863,-0.01288,-0.82898,0.55835,0.01721,-245.97049,-14.180275,-3.0584605506338565,-1.8959366695431932,22.023045763925495
-1565766880951.0,610327.0,527.0,0.02863,-0.01288,-0.82898,0.55835,0.01721,-245.97049,-14.180275,-3.0584605506338565,-1.8959366695431932,22.023045763925495
-1565766880946.0,610327.0,532.0,0.02869,-0.01288,-0.82898,0.55835,0.01721,-245.96553,-14.197829,-3.0623171660002577,-1.9016394474798908,22.023012536594393
-1565766880941.0,610336.0,537.0,0.02869,-0.01288,-0.82898,0.55835,0.01721,-245.96553,-14.197829,-3.0623171660002577,-1.9016394474798908,22.023012536594393
-1565766880935.0,610342.0,543.0,0.02875,-0.01288,-0.82898,0.55835,0.01721,-245.96068,-14.21539,-3.066173850907321,-1.9073422442624832,22.022979309358576
-1565766880929.0,610342.0,549.0,0.02875,-0.01288,-0.82898,0.55835,0.01721,-245.96068,-14.21539,-3.066173850907321,-1.9073422442624832,22.022979309358576
-1565766880924.0,610351.0,554.0,0.02875,-0.01288,-0.82898,0.55835,0.01721,-245.96068,-14.21539,-3.066173850907321,-1.9073422442624832,22.022979309358576
-1565766880918.0,610360.0,560.0,0.02881,-0.01288,-0.82904,0.55835,0.01721,-245.84357,-14.225835,-3.0701190840640957,-1.9132432533928736,22.032078842966754
-1565766880913.0,610360.0,565.0,0.02887,-0.01282,-0.82904,0.55829,0.01721,-245.8131,-14.216019,-3.0680730414109143,-1.9228757851709712,22.034095681326775
-1565766880908.0,610368.0,570.0,0.02887,-0.01282,-0.82904,0.55829,0.01721,-245.8131,-14.216019,-3.0680730414109143,-1.9228757851709712,22.034095681326775
-1565766880902.0,610374.0,576.0,0.02893,-0.01276,-0.82904,0.55829,0.01721,-245.80902,-14.207118,-3.0662249754801887,-1.9324197645680372,22.03397413610128
-1565766880896.0,610382.0,582.0,0.02899,-0.0127,-0.82904,0.55829,0.01721,-245.80502,-14.198225,-3.064376977106491,-1.94196379760431,22.033853665105383
-1565766880890.0,610382.0,588.0,0.02911,-0.01257,-0.8291,0.55823,0.01721,-245.65852,-14.168,-3.0596168065567926,-1.9619788925473174,22.044874227935807
-1565766880885.0,610395.0,593.0,0.02917,-0.01251,-0.8291,0.55823,0.01721,-245.65446,-14.159103,-3.0577681859096923,-1.9715230933963055,22.044757171672373
-1565766880881.0,610395.0,597.0,0.02936,-0.01239,-0.8291,0.55817,0.01721,-245.61421,-14.160825,-3.0583686750862573,-1.9973514782693407,22.046629868440277
-1565766880873.0,610402.0,605.0,0.02948,-0.01227,-0.82916,0.55811,0.01721,-245.46776,-14.135009,-3.0545529808884613,-2.016726748178297,22.057677468517213
-1565766880869.0,610410.0,609.0,0.02979,-0.01202,-0.82928,0.55792,0.01721,-245.13864,-14.098302,-3.050220512334995,-2.062870577088593,22.082239275936928
-1565766880863.0,610410.0,615.0,0.02997,-0.0119,-0.82928,0.55786,0.01721,-245.0991,-14.097033,-3.0501671575394793,-2.0877457900562733,22.084141073723515
-1565766880857.0,610419.0,621.0,0.03015,-0.01178,-0.82935,0.55774,0.01721,-244.90303,-14.086549,-3.0499991780153826,-2.112942803899005,22.098847803675568
-1565766880851.0,610427.0,627.0,0.03033,-0.01166,-0.82947,0.55762,0.01721,-244.61438,-14.0701685,-3.049891652323,-2.1383137129376997,22.12117007817112
-1565766880845.0,610435.0,633.0,0.03052,-0.01147,-0.82953,0.5575,0.01721,-244.43764,-14.03301,-3.0436801196749164,-2.1689031564651597,22.134286298766895
-1565766880840.0,610435.0,638.0,0.03076,-0.01135,-0.82959,0.55737,0.01721,-244.25111,-14.040886,-3.0472959099883354,-2.199786055293158,22.147825660954993
-1565766880835.0,610443.0,643.0,0.03094,-0.01117,-0.82971,0.55719,0.01721,-243.93828,-13.997191,-3.041243390260197,-2.229071882654008,22.172263474881873
-1565766880829.0,610450.0,649.0,0.03119,-0.01099,-0.82983,0.55701,0.01721,-243.62006,-13.973779,-3.0396707620527827,-2.265017410857381,22.196683164396745
-1565766880823.0,610450.0,655.0,0.03162,-0.01056,-0.83008,0.55664,0.01721,-242.96988,-13.8747835,-3.0253058543252203,-2.334762843286876,22.247423190896882
-1565766880817.0,610459.0,661.0,0.0318,-0.01038,-0.8302,0.55646,0.01721,-242.65929,-13.831187,-3.0192021874596335,-2.3640419925230494,22.27192643909092
-1565766880813.0,610466.0,665.0,0.03204,-0.01013,-0.83038,0.55615,0.01721,-242.17949,-13.76529,-3.0098596004815446,-2.403870732431891,22.310184258489144
-1565766880806.0,610466.0,672.0,0.03223,-0.00989,-0.83051,0.55597,0.01721,-241.85245,-13.697388,-2.9986637120499626,-2.437959866631633,22.3361996417877
-1565766880801.0,610478.0,677.0,0.03247,-0.0097,-0.83069,0.55566,0.01721,-241.37408,-13.657744,-2.9949909005421342,-2.4739527105312886,22.374558922774725
-1565766880796.0,610478.0,682.0,0.03278,-0.00946,-0.83093,0.55536,0.01721,-240.78796,-13.609756,-2.9911127365500843,-2.5200138378301715,22.421641000793898
-1565766880790.0,610487.0,688.0,0.03302,-0.00928,-0.83105,0.55511,0.01727,-240.44597,-13.582265,-2.9885040484476755,-2.555075466642853,22.448766536354327
-1565766880784.0,610494.0,694.0,0.03357,-0.00885,-0.83148,0.55444,0.01727,-239.34663,-13.492489,-2.9805741391242924,-2.637223319223764,22.53809229376276
-1565766880779.0,610494.0,699.0,0.03387,-0.00861,-0.83173,0.55408,0.01727,-238.72523,-13.439574,-2.9757134252349395,-2.6824298867357794,22.589016665216903
-1565766880773.0,610503.0,705.0,0.03418,-0.00842,-0.83191,0.55377,0.01727,-238.2493,-13.419684,-2.9763531997273165,-2.7250910117708735,22.627531710921176
-1565766880767.0,610510.0,711.0,0.03448,-0.00824,-0.83221,0.55334,0.01727,-237.5131,-13.385766,-2.976920077720972,-2.7667514885067206,22.68870393939865
-1565766880762.0,610510.0,716.0,0.03479,-0.00812,-0.8324,0.55298,0.01727,-237.00037,-13.393737,-2.983989675966358,-2.805061088160556,22.73065724766228
-1565766880757.0,610519.0,721.0,0.03516,-0.00793,-0.8327,0.55261,0.01727,-236.28946,-13.375986,-2.9882298260364992,-2.853998212014511,22.7896580729832
-1565766880751.0,610527.0,727.0,0.03546,-0.00775,-0.83295,0.55219,0.01727,-235.6529,-13.347485,-2.988676685895267,-2.8954637608009866,22.84299129807205
-1565766880745.0,610527.0,733.0,0.03583,-0.00757,-0.83325,0.5517,0.01727,-234.8967,-13.331565,-2.99329760653549,-2.943889302228127,22.90652266673692
-1565766880740.0,610536.0,738.0,0.03613,-0.00732,-0.8335,0.55127,0.01727,-234.26234,-13.2729225,-2.9869292917803936,-2.9897966375473977,22.960323437093265
-1565766880735.0,610542.0,743.0,0.03644,-0.00714,-0.8338,0.55084,0.01727,-233.5433,-13.241361,-2.9878889838857714,-3.0324395469045164,23.02173515429601
-1565766880728.0,610551.0,750.0,0.03711,-0.00671,-0.83435,0.54993,0.01727,-232.17488,-13.166652,-2.985907494190743,-3.1267727771235903,23.138995953773602
-1565766880724.0,610551.0,754.0,0.03748,-0.00647,-0.83466,0.54944,0.01727,-231.41895,-13.123796,-2.9845487832486626,-3.1790462745964687,23.20431679254888
-1565766880718.0,610562.0,760.0,0.03784,-0.00623,-0.83502,0.54895,0.01727,-230.58424,-13.072829,-2.9825356283380735,-3.2305805793484423,23.27725926814469
-1565766880712.0,610562.0,766.0,0.03815,-0.00604,-0.83527,0.54846,0.01727,-229.93953,-13.04103,-2.9820133008831737,-3.2736967712722413,23.33362332476355
-1565766880706.0,610571.0,772.0,0.03845,-0.00574,-0.83557,0.54797,0.01727,-229.21806,-12.955122,-2.9703041061859983,-3.3229916780463102,23.397660716256638
-1565766880701.0,610578.0,777.0,0.03882,-0.00549,-0.83588,0.54749,0.01727,-228.48026,-12.908212,-2.967812194192577,-3.3758884426679434,23.462846529479677
-1565766880695.0,610578.0,783.0,0.03912,-0.00525,-0.83624,0.54694,0.01727,-227.64183,-12.840141,-2.9615170045103842,-3.421706226558048,23.538331978487577
-1565766880690.0,610586.0,788.0,0.03943,-0.005,-0.83649,0.54651,0.01727,-227.03456,-12.784472,-2.9553160873530344,-3.4685415772086676,23.59267751469028
-1565766880684.0,610594.0,794.0,0.04022,-0.00439,-0.83716,0.54547,0.01727,-225.46747,-12.651699,-2.9421927430529724,-3.5863025455795103,23.734188551509092
-1565766880678.0,610594.0,800.0,0.04059,-0.00409,-0.83752,0.54492,0.01727,-224.64009,-12.577726,-2.9343067133542906,-3.642593270244726,23.809988160774836
-1565766880673.0,610603.0,805.0,0.04102,-0.00378,-0.83783,0.54437,0.01727,-223.89044,-12.520543,-2.929142502660181,-3.7050426844356132,23.878334244732144
-1565766880666.0,610611.0,812.0,0.0415,-0.00342,-0.8382,0.54376,0.01727,-223.02223,-12.448606,-2.921977001370213,-3.775732713885498,23.95819999937035
-1565766880661.0,610618.0,817.0,0.04193,-0.00311,-0.83856,0.54321,0.01727,-222.2024,-12.386356,-2.9166733619370593,-3.838414756497356,24.034255906566088
-1565766880656.0,610618.0,822.0,0.04254,-0.00269,-0.83893,0.54254,0.01727,-221.3081,-12.322348,-2.9114146718968024,-3.925384390008942,24.11675349519801
-1565766880651.0,610627.0,827.0,0.04309,-0.00232,-0.83936,0.54187,0.01727,-220.33128,-12.257125,-2.90710348838093,-4.003750229222091,24.208345615461113
-1565766880644.0,610634.0,834.0,0.04376,-0.00189,-0.83984,0.54108,0.01727,-219.22624,-12.190799,-2.9038137327448394,-4.097706316629112,24.312425639973867
-1565766880639.0,610634.0,839.0,0.04437,-0.00146,-0.84027,0.54034,0.01727,-218.22984,-12.114894,-2.896857035978094,-4.185612905895375,24.407178088734327
-1565766880633.0,610647.0,845.0,0.04572,-0.00061,-0.84119,0.53888,0.01727,-216.1622,-11.9941845,-2.891704001048517,-4.373678662932296,24.605335095103825
-1565766880628.0,610647.0,850.0,0.04651,-0.00012,-0.84167,0.53802,0.01727,-215.04794,-11.931486,-2.889092771238691,-4.4829837728170645,24.713039330716867
-1565766880622.0,610655.0,856.0,0.0473,0.00031,-0.84216,0.53717,0.01727,-213.92924,-11.891514,-2.8921359166175473,-4.5886451386771565,24.82191499150015
-1565766880617.0,610655.0,861.0,0.04797,0.00073,-0.84259,0.53644,0.01733,-212.96347,-11.833631,-2.8891631752238944,-4.681763454477925,24.91707694130797
-1565766880611.0,610664.0,867.0,0.04877,0.00116,-0.84308,0.53552,0.01733,-211.83044,-11.793516,-2.892074351494187,-4.788419326002279,25.029198098171847
-1565766880605.0,610670.0,873.0,0.04962,0.00165,-0.84363,0.53461,0.01733,-210.621,-11.735966,-2.8921106090452597,-4.903975459031098,25.150276071464177
-1565766880599.0,610679.0,879.0,0.05035,0.00208,-0.84412,0.53375,0.01733,-209.53459,-11.679039,-2.890611617020073,-5.003884622343329,25.260359332062635
-1565766880594.0,610679.0,884.0,0.05188,0.00293,-0.84521,0.53186,0.01733,-207.16008,-11.570581,-2.891301303859556,-5.210534817966588,25.50463286125104
-1565766880589.0,610687.0,889.0,0.05273,0.00342,-0.84589,0.53076,0.01733,-205.73692,-11.494663,-2.889260798181639,-5.326893912324586,25.65399058943305
-1565766880584.0,610695.0,894.0,0.05347,0.00385,-0.84644,0.52972,0.01733,-204.53334,-11.428671,-2.8864359079193087,-5.428133074955179,25.78149868893152
-1565766880578.0,610695.0,900.0,0.0542,0.00427,-0.84705,0.52875,0.01733,-203.2874,-11.360157,-2.8841531977916226,-5.528205017910718,25.915181159659355
-1565766880571.0,610702.0,907.0,0.05493,0.00464,-0.8476,0.52777,0.01733,-202.1254,-11.315569,-2.8864963542515154,-5.624879169836061,26.040398185362022
-1565766880567.0,610711.0,911.0,0.05566,0.005,-0.84821,0.52673,0.01733,-200.87149,-11.267499,-2.889193005942885,-5.721321726760666,26.17729708146355
-1565766880561.0,610719.0,917.0,0.0564,0.00543,-0.84882,0.52563,0.01733,-199.60606,-11.193156,-2.88506412739124,-5.822975699070108,26.317310316035403
-1565766880556.0,610719.0,922.0,0.05725,0.00592,-0.84955,0.52441,0.01733,-198.14494,-11.10743,-2.880673952257598,-5.9397433204755234,26.480914794418467
-1565766880550.0,610719.0,928.0,0.05786,0.00629,-0.8501,0.52344,0.01733,-197.03777,-11.034139,-2.874889167872038,-6.024772531656772,26.60662107186033
-1565766880544.0,610734.0,934.0,0.05945,0.00714,-0.85144,0.52106,0.01733,-194.35716,-10.896909,-2.8712702145184665,-6.239053318390152,26.914312890446894
-1565766880538.0,610738.0,940.0,0.06018,0.00757,-0.85205,0.5199,0.0174,-193.12518,-10.817243,-2.864882205461035,-6.339759263687839,27.058419456703334
-1565766880533.0,610738.0,945.0,0.06085,0.008,-0.85266,0.51886,0.0174,-191.95358,-10.7273245,-2.855458742302186,-6.434683587541633,27.197415461407232
-1565766880527.0,610747.0,951.0,0.06171,0.00848,-0.85333,0.51764,0.0174,-190.63736,-10.650615,-2.8510380918381104,-6.551553544199294,27.35397159928951
-1565766880522.0,610755.0,956.0,0.06244,0.00891,-0.85388,0.5166,0.0174,-189.55032,-10.578284,-2.8448151168882068,-6.651981935821021,27.48469313995912
-1565766880517.0,610755.0,961.0,0.06323,0.00934,-0.85455,0.51544,0.0174,-188.2829,-10.505605,-2.840973140866552,-6.759082238934518,27.638850293304202
-1565766880510.0,610764.0,968.0,0.06409,0.00977,-0.85516,0.51428,0.0174,-187.0885,-10.452272,-2.8411298378800116,-6.872679150700535,27.784517755314184
-1565766880506.0,610770.0,972.0,0.06506,0.01025,-0.8559,0.51294,0.0174,-185.68268,-10.388153,-2.8411648281849895,-7.000902524446128,27.958260297727477
-1565766880499.0,610779.0,979.0,0.06598,0.01062,-0.85657,0.51172,0.0174,-184.41339,-10.361227,-2.8496972993147764,-7.117346899737566,28.11587777015609
-1565766880493.0,610779.0,985.0,0.06781,0.01141,-0.85785,0.50928,0.0174,-181.97536,-10.289276,-2.8604004880221114,-7.351920022925119,28.423565086050147
-1565766880488.0,610787.0,990.0,0.06891,0.01178,-0.85858,0.50781,0.0174,-180.56737,-10.284526,-2.8766591463599402,-7.48655283552144,28.602892563354743
-1565766880482.0,610794.0,996.0,0.06995,0.01221,-0.85931,0.50647,0.0174,-179.22603,-10.24855,-2.8840561431829745,-7.619022191773377,28.776795862401443
-1565766880477.0,610803.0,1001.0,0.07092,0.01251,-0.85999,0.50519,0.0174,-177.97365,-10.248705,-2.900394006686391,-7.7366952157785684,28.940009107424956
-1565766880471.0,610803.0,1007.0,0.0719,0.01294,-0.86078,0.50372,0.0174,-176.5549,-10.190074,-2.902360412204271,-7.863668815817705,29.129638383803325
-1565766880465.0,610803.0,1013.0,0.073,0.01331,-0.86151,0.50226,0.0174,-175.20155,-10.1799555,-2.9171394215172874,-7.998699348830486,29.31017705719438
-1565766880460.0,610815.0,1018.0,0.07397,0.01361,-0.8623,0.50073,0.01746,-173.78677,-10.160545,-2.9301433338485094,-8.117206091336666,29.502723150737864
-1565766880455.0,610822.0,1023.0,0.07501,0.01398,-0.8631,0.49921,0.01746,-172.37503,-10.128826,-2.939968148529671,-8.246963516696288,29.697216862908135
-1565766880448.0,610830.0,1030.0,0.0769,0.01459,-0.86462,0.49628,0.01746,-169.7228,-10.079294,-2.9613924724110117,-8.479758779374988,30.069340476436608
-1565766880443.0,610830.0,1035.0,0.07776,0.01489,-0.86536,0.49487,0.01746,-168.46126,-10.041753,-2.9676529666343034,-8.587406655328632,30.250228355017754
-1565766880437.0,610838.0,1041.0,0.07874,0.0152,-0.86621,0.49323,0.01746,-167.01933,-10.0072365,-2.9772727265419423,-8.708353826224409,30.45922401463676
-1565766880431.0,610847.0,1047.0,0.07959,0.01544,-0.86688,0.49182,0.01746,-165.84644,-9.991382,-2.9884096055802134,-8.811104381839069,30.630348521360517
-1565766880426.0,610847.0,1052.0,0.08057,0.01569,-0.86774,0.49023,0.01746,-164.43744,-9.975553,-3.0037310120910994,-8.929036139851274,30.838640175929967
-1565766880421.0,610855.0,1057.0,0.08142,0.01587,-0.86847,0.48877,0.01746,-163.21356,-9.971669,-3.01967090167582,-9.029049638880144,31.021265677530096
-1565766880415.0,610862.0,1063.0,0.08234,0.01605,-0.86932,0.48706,0.01746,-161.80469,-9.962755,-3.0367261085009867,-9.136916744411307,31.234590358328006
-1565766880410.0,610862.0,1068.0,0.08417,0.0163,-0.87091,0.48389,0.01746,-159.20418,-9.991078,-3.0828645104183887,-9.345287867346858,31.632819536347796
-1565766880404.0,610871.0,1074.0,0.08502,0.01636,-0.8717,0.4823,0.01752,-157.92918,-10.013183,-3.108244139749316,-9.439421751023865,31.831489836667416
-1565766880398.0,610878.0,1080.0,0.08594,0.01648,-0.8725,0.48071,0.01752,-156.65303,-10.025767,-3.131222337143735,-9.544263280819111,32.03256499488258
-1565766880393.0,610887.0,1085.0,0.08679,0.01648,-0.87323,0.47919,0.01752,-155.47232,-10.071007,-3.162869405962657,-9.634903501029807,32.219205637744665
-1565766880386.0,610887.0,1092.0,0.08765,0.01654,-0.87408,0.4776,0.01752,-154.18214,-10.086317,-3.1877917401817846,-9.7311488313132,32.427570201518705
-1565766880382.0,610887.0,1096.0,0.08844,0.01654,-0.87482,0.47595,0.01752,-152.97873,-10.113619,-3.2141364495367974,-9.815878895878296,32.62341856774489
-1565766880376.0,610899.0,1102.0,0.08936,0.01654,-0.87567,0.47424,0.01752,-151.66713,-10.15146,-3.2466800362948964,-9.91503525914946,32.83870413119618
-1565766880370.0,610906.0,1108.0,0.09009,0.01648,-0.8764,0.47278,0.01752,-150.55734,-10.192026,-3.277173589947443,-9.990947553356488,33.022866556682814
-1565766880365.0,610915.0,1113.0,0.09094,0.01648,-0.87732,0.47095,0.01752,-149.184,-10.206472,-3.303793885392181,-10.083864958723044,33.2554416744796
-1565766880360.0,610915.0,1118.0,0.09241,0.01636,-0.87878,0.4679,0.01752,-146.97363,-10.278642,-3.362753334901981,-10.23732246362481,33.63281042707128
-1565766880353.0,610922.0,1125.0,0.09314,0.0163,-0.87952,0.46643,0.01758,-145.89235,-10.313242,-3.3921889744090596,-10.313999147210115,33.820264125082346
-1565766880348.0,610931.0,1130.0,0.09387,0.0163,-0.88031,0.46478,0.01758,-144.72954,-10.318624,-3.413218590024896,-10.39429606439516,34.025878746114856
-1565766880342.0,610931.0,1136.0,0.09467,0.01624,-0.88104,0.46313,0.01758,-143.6123,-10.356613,-3.444099246821922,-10.478035351650336,34.22304210627921
-1565766880337.0,610939.0,1141.0,0.09534,0.01624,-0.88177,0.46167,0.01758,-142.57628,-10.361075,-3.4635192820967045,-10.552181898277336,34.41001279553974
-1565766880331.0,610946.0,1147.0,0.09601,0.01624,-0.88251,0.46008,0.01758,-141.5018,-10.359716,-3.4812558626084913,-10.626326164911676,34.60626083536536
-1565766880326.0,610946.0,1152.0,0.0968,0.01624,-0.88336,0.45831,0.01758,-140.29393,-10.362145,-3.5030930323392284,-10.713865727727448,34.828848887487794
-1565766880318.0,610955.0,1160.0,0.09741,0.01617,-0.88409,0.45673,0.01758,-139.25119,-10.372357,-3.52437739653739,-10.778287683474542,35.02316416254878
-1565766880314.0,610963.0,1164.0,0.09869,0.01605,-0.88556,0.45361,0.01758,-137.19148,-10.3939085,-3.5679906815754565,-10.915011734667027,35.412106354258896
-1565766880308.0,610971.0,1170.0,0.0993,0.01587,-0.88629,0.45209,0.01758,-136.18784,-10.43676,-3.6006985102048255,-10.974175272377137,35.602781317488976
-1565766880302.0,610971.0,1176.0,0.09991,0.01569,-0.88696,0.45062,0.01758,-135.24654,-10.484371,-3.6339316281365477,-11.032910244959853,35.78249202763199
-1565766880298.0,610971.0,1180.0,0.10059,0.01544,-0.88763,0.44916,0.01758,-134.30666,-10.562227,-3.67811410018925,-11.095416437083857,35.96127527926252
-1565766880292.0,610983.0,1186.0,0.10114,0.01526,-0.88818,0.44794,0.01758,-133.5353,-10.615769,-3.7109597318856813,-11.147310587556289,36.109800651487845
-1565766880287.0,610991.0,1191.0,0.10175,0.01501,-0.88879,0.44666,0.01758,-132.70503,-10.6915865,-3.753325451349261,-11.202520146417426,36.269776227064895
-1565766880281.0,610999.0,1197.0,0.10236,0.01477,-0.88934,0.44537,0.01758,-131.91542,-10.767146,-3.794516776114356,-11.257687513727554,36.42248824012614
-1565766880276.0,610999.0,1202.0,0.10303,0.01453,-0.89001,0.44397,0.0177,-131.01804,-10.838061,-3.837256616362934,-11.320514055387365,36.59864225259405
-1565766880270.0,611007.0,1208.0,0.10358,0.01434,-0.8905,0.44281,0.0177,-130.3203,-10.897072,-3.8714694891320485,-11.37185417686742,36.73600876464381
-1565766880265.0,611015.0,1213.0,0.10425,0.01416,-0.89111,0.44147,0.0177,-129.49036,-10.9544735,-3.9085299229555566,-11.437498913773982,36.90131467019735
-1565766880259.0,611015.0,1219.0,0.10547,0.01385,-0.89209,0.43915,0.0177,-128.10687,-11.0643015,-3.9754476759458424,-11.556954266789411,37.17783947045797
-1565766880253.0,611024.0,1225.0,0.10614,0.01361,-0.89258,0.43799,0.0177,-127.41256,-11.15071,-4.020722625203427,-11.618778929902758,37.31558186353601
-1565766880248.0,611030.0,1230.0,0.10693,0.01337,-0.89313,0.43677,0.0177,-126.65892,-11.24586,-4.071361032643002,-11.693956780154036,37.46551842651294
-1565766880242.0,611030.0,1236.0,0.10767,0.01318,-0.89355,0.43561,0.0177,-126.008934,-11.3298,-4.114959351783935,-11.765098260209005,37.594763197429586
-1565766880236.0,611039.0,1242.0,0.10828,0.01294,-0.89392,0.43469,0.0177,-125.46889,-11.421786,-4.159892745663647,-11.819962761471139,37.701488129491935
-1565766880231.0,611047.0,1247.0,0.10913,0.0127,-0.89441,0.43359,0.0177,-124.789955,-11.5297,-4.214877001142064,-11.901342486632636,37.83622173453074
-1565766880225.0,611047.0,1253.0,0.10986,0.01251,-0.89471,0.43268,0.0177,-124.289276,-11.6264515,-4.260923813970822,-11.970692837237976,37.933764746414866
-1565766880220.0,611055.0,1258.0,0.11066,0.01227,-0.89514,0.4317,0.0177,-123.688484,-11.733991,-4.3146565884678125,-12.04654905794896,38.052929420148445
-1565766880214.0,611055.0,1264.0,0.11139,0.01202,-0.89545,0.43085,0.0177,-123.20056,-11.847397,-4.367515225524085,-12.11332672803905,38.14754759413148
-1565766880208.0,611066.0,1270.0,0.11273,0.01166,-0.89606,0.4292,0.0177,-122.263885,-12.018967,-4.452732768613573,-12.241613560056315,38.33381909678653
-1565766880204.0,611076.0,1274.0,0.1134,0.01141,-0.89642,0.42834,0.0177,-121.754684,-12.118255,-4.501995384593983,-12.303072179031245,38.43599622627991
-1565766880198.0,611076.0,1280.0,0.11395,0.01123,-0.89673,0.42755,0.0177,-121.30725,-12.187925,-4.538595521804683,-12.354962203106236,38.52763382921424
-1565766880191.0,611083.0,1287.0,0.1145,0.01099,-0.89697,0.42682,0.0177,-120.91439,-12.281224,-4.5823037724194,-12.403068537483103,38.60546134346308
-1565766880186.0,611091.0,1292.0,0.11511,0.0108,-0.89728,0.42603,0.0177,-120.46405,-12.36006,-4.62294220957515,-12.460943044944127,38.69720128021487
-1565766880181.0,611091.0,1297.0,0.11572,0.01056,-0.89758,0.42529,0.0177,-120.03279,-12.45486,-4.669437242129018,-12.516340477356943,38.783867317973176
-1565766880175.0,611099.0,1303.0,0.11646,0.01031,-0.89783,0.4245,0.0177,-119.604454,-12.569742,-4.723049512877779,-12.584296352771261,38.86725378660091
-1565766880170.0,611107.0,1308.0,0.11707,0.01007,-0.89807,0.42383,0.0177,-119.22739,-12.6701355,-4.770442684433054,-12.6391508906445,38.941448521347155
-1565766880165.0,611107.0,1313.0,0.11853,0.00946,-0.89862,0.42236,0.0177,-118.37723,-12.92463,-4.889275654574493,-12.768826677176861,39.106740353171375
-1565766880159.0,611115.0,1319.0,0.11926,0.00916,-0.89886,0.42163,0.0177,-117.97381,-13.052038,-4.948179367569833,-12.833601872199745,39.18455807538166
-1565766880154.0,611122.0,1324.0,0.11993,0.00891,-0.89905,0.42102,0.0177,-117.637764,-13.165727,-5.000395155401999,-12.894039461510394,39.248284123129594
-1565766880147.0,611130.0,1331.0,0.12079,0.00854,-0.89929,0.42029,0.0177,-117.222145,-13.326691,-5.073264097142879,-12.969305436930965,39.32556411429866
-1565766880142.0,611130.0,1336.0,0.12146,0.0083,-0.89948,0.41968,0.0177,-116.88768,-13.436194,-5.124322946916384,-13.030421500079349,39.38949010251278
-1565766880136.0,611138.0,1342.0,0.12225,0.00806,-0.89972,0.41895,0.0177,-116.48429,-13.550959,-5.179770244645525,-13.104924229049896,39.46821109952967
-1565766880132.0,611138.0,1346.0,0.12292,0.00787,-0.89996,0.41827,0.0177,-116.10783,-13.638765,-5.224400496537534,-13.1693328390127,39.54408587267338
-1565766880124.0,611151.0,1354.0,0.12366,0.00775,-0.90021,0.41748,0.0177,-115.69323,-13.709878,-5.263603379730894,-13.244731033215183,39.62955725545069
-1565766880120.0,611151.0,1358.0,0.12433,0.00763,-0.90045,0.41681,0.0177,-115.32391,-13.777489,-5.300861496970421,-13.312757366899652,39.705632911683665
-1565766880115.0,611161.0,1363.0,0.12549,0.00745,-0.90088,0.41547,0.0177,-114.63072,-13.877566,-5.359617148947174,-13.432129450509812,39.851927169921396
-1565766880109.0,611167.0,1369.0,0.1261,0.00739,-0.90106,0.41486,0.0177,-114.31784,-13.927268,-5.388193361795464,-13.49608742619873,39.91682522883812
-1565766880103.0,611175.0,1375.0,0.12665,0.00726,-0.90125,0.41431,0.0177,-114.019424,-13.990387,-5.42189751293286,-13.550505585391072,39.97820377497766
-1565766880097.0,611175.0,1381.0,0.12726,0.00714,-0.90137,0.41382,0.0177,-113.76808,-14.065154,-5.458542278398358,-13.610842606695563,40.02646433603445
-1565766880091.0,611183.0,1387.0,0.12781,0.00696,-0.90149,0.41345,0.0177,-113.55271,-14.153771,-5.500203562410558,-13.662021200748965,40.06585573456255
-1565766880086.0,611190.0,1392.0,0.12842,0.00671,-0.90155,0.41315,0.0177,-113.3784,-14.275611,-5.5534345457578675,-13.715358941948965,40.091848136222154
-1565766880081.0,611190.0,1397.0,0.12903,0.00647,-0.90161,0.4129,0.0177,-113.218124,-14.396348,-5.6063605098404174,-13.769260393473013,40.114525668229135
-1565766880074.0,611199.0,1404.0,0.1297,0.00623,-0.90161,0.4126,0.0177,-113.06845,-14.526508,-5.661659171683268,-13.828626359524431,40.13278009655684
-1565766880069.0,611207.0,1409.0,0.13104,0.0058,-0.90161,0.41217,0.0177,-112.81676,-14.779019,-5.7695640345231,-13.950003540268835,40.15816623034766
-1565766880064.0,611214.0,1414.0,0.13171,0.00562,-0.90167,0.41187,0.0177,-112.63931,-14.886961,-5.818467731818909,-14.01331225630967,40.184955729222025
-1565766880058.0,611214.0,1420.0,0.13226,0.00549,-0.90167,0.41162,0.0177,-112.51736,-14.974424,-5.856701855070272,-14.065403468055802,40.20093416441435
-1565766880053.0,611222.0,1425.0,0.13281,0.00543,-0.90173,0.41132,0.0177,-112.35514,-15.0355835,-5.886700698142688,-14.12182629285976,40.22901348740558
-1565766880046.0,611222.0,1432.0,0.13324,0.00537,-0.90179,0.41101,0.0177,-112.20081,-15.082674,-5.91033934403562,-14.165479058436391,40.25774465981621
-1565766880041.0,611235.0,1437.0,0.13367,0.00525,-0.90192,0.41071,0.0177,-112.012886,-15.140472,-5.940429461819418,-14.207350108891688,40.2943182301249
-1565766880035.0,611243.0,1443.0,0.13409,0.00519,-0.90198,0.4104,0.0177,-111.85965,-15.186113,-5.963521563152809,-14.249979627366699,40.32307053518298
-1565766880031.0,611243.0,1447.0,0.13446,0.00513,-0.90204,0.41016,0.0177,-111.72995,-15.228869,-5.985126741453948,-14.28733669761445,40.34698342710402
-1565766880025.0,611251.0,1453.0,0.13483,0.005,-0.9021,0.40997,0.0177,-111.61106,-15.292564,-6.014933870651374,-14.321344573803714,40.3666621782331
-1565766880019.0,611258.0,1459.0,0.13556,0.00488,-0.9021,0.40973,0.0177,-111.47574,-15.396372,-6.061485598952336,-14.393281934982598,40.38217608534657
-1565766880013.0,611267.0,1465.0,0.13593,0.00482,-0.90204,0.40967,0.0177,-111.452774,-15.456308,-6.086013997596547,-14.428864751123866,40.37791384231815
-1565766880008.0,611267.0,1470.0,0.13629,0.00476,-0.90204,0.40961,0.01764,-111.40167,-15.509967,-6.109997867624224,-14.464349159703318,40.38151710943421
-1565766880002.0,611274.0,1476.0,0.13654,0.00476,-0.90198,0.40955,0.0177,-111.391815,-15.540285,-6.121977764438827,-14.490034784800283,40.377883732773256
-1565766879997.0,611274.0,1481.0,0.13678,0.0047,-0.90198,0.40955,0.01764,-111.367676,-15.583081,-6.140736385609008,-14.51274879004038,40.37729086869817
-1565766879991.0,611284.0,1487.0,0.13696,0.0047,-0.90198,0.40948,0.01764,-111.332405,-15.600069,-6.148908610018415,-14.531928557055561,40.38219752509727
-1565766879985.0,611291.0,1493.0,0.13708,0.0047,-0.90198,0.40936,0.01764,-111.28902,-15.608362,-6.15317314082433,-14.544675189342993,40.3905432404307
-1565766879979.0,611299.0,1499.0,0.13721,0.0047,-0.90204,0.4093,0.01764,-111.2321,-15.615046,-6.158887593553729,-14.559498506919637,40.40261742061492
-1565766879974.0,611299.0,1504.0,0.13727,0.0047,-0.90204,0.40918,0.01764,-111.194145,-15.616706,-6.160048571841126,-14.565839565392455,40.410946155326286
-1565766879968.0,611306.0,1510.0,0.13733,0.00464,-0.90204,0.40918,0.01764,-111.18624,-15.639592,-6.169511812866421,-14.569340779571135,40.410284826548065
-1565766879962.0,611306.0,1516.0,0.13745,0.00458,-0.90204,0.40924,0.01764,-111.189156,-15.671556,-6.183046509351786,-14.579282809044768,40.40549100633419
-1565766879956.0,611319.0,1522.0,0.13751,0.00446,-0.90198,0.4093,0.01764,-111.2239,-15.718393,-6.199878252510593,-14.578931220064101,40.39212013965661
-1565766879951.0,611327.0,1527.0,0.13763,0.00433,-0.90186,0.40948,0.01764,-111.31414,-15.784747,-6.222847661310974,-14.583583644707023,40.36247663891055
-1565766879945.0,611327.0,1533.0,0.13782,0.00421,-0.90173,0.40973,0.01764,-111.42231,-15.859957,-6.249524509929544,-14.596058319424378,40.326818893122066
-1565766879939.0,611335.0,1539.0,0.13794,0.00415,-0.90155,0.41003,0.01764,-111.5771,-15.917705,-6.267060197046693,-14.603167913381638,40.28179723502893
-1565766879935.0,611342.0,1543.0,0.13806,0.00415,-0.90131,0.41058,0.01764,-111.831665,-15.974955,-6.282335941068435,-14.612325775642203,40.21232720422614
-1565766879928.0,611350.0,1550.0,0.138,0.00421,-0.90118,0.41089,0.01764,-111.98704,-15.97637,-6.277962585688715,-14.606869114997934,40.17451963182674
-1565766879923.0,611350.0,1555.0,0.13794,0.00433,-0.90106,0.41113,0.01764,-112.121216,-15.957647,-6.2660884211097,-14.604467875284247,40.143534782635896
-1565766879916.0,611359.0,1562.0,0.13776,0.00446,-0.901,0.41138,0.01764,-112.24048,-15.917961,-6.247049160017283,-14.590744344131693,40.11984783051528
-1565766879911.0,611367.0,1567.0,0.13751,0.00458,-0.90088,0.41162,0.01764,-112.392456,-15.878014,-6.2252958358989225,-14.568095227704442,40.088810809344835
-1565766879906.0,611367.0,1572.0,0.13721,0.00464,-0.90082,0.41193,0.01764,-112.53641,-15.846377,-6.208389942268809,-14.538218179816054,40.06018759665139
-1565766879900.0,611376.0,1578.0,0.1369,0.0047,-0.9007,0.41229,0.01764,-112.72446,-15.820874,-6.191788675977438,-14.50634320716417,40.020234939460806
-1565766879896.0,611384.0,1582.0,0.1366,0.0047,-0.90057,0.41272,0.01764,-112.93336,-15.816535,-6.1831715714734505,-14.47249966132218,39.97351653812288
-1565766879890.0,611384.0,1588.0,0.13623,0.00464,-0.90039,0.41321,0.01764,-113.187546,-15.827511,-6.178221345699442,-14.427506102736796,39.91543014296113
-1565766879884.0,611391.0,1594.0,0.13556,0.00433,-0.8999,0.41443,0.01764,-113.813644,-15.930562,-6.195831329881177,-14.33375500178805,39.763767661614196
-1565766879878.0,611391.0,1600.0,0.13519,0.00421,-0.89966,0.4151,0.01764,-114.14665,-15.970544,-6.199975212188255,-14.284993866734304,39.685000369394174
-1565766879872.0,611402.0,1606.0,0.13489,0.00409,-0.89941,0.41577,0.01764,-114.479,-16.019331,-6.207722823262859,-14.243529125771385,39.605014112955814
-1565766879865.0,611410.0,1613.0,0.13452,0.00403,-0.89911,0.4165,0.01764,-114.86304,-16.050552,-6.206388256840796,-14.196817904357594,39.51504904422515
-1565766879860.0,611419.0,1618.0,0.13409,0.00403,-0.89886,0.41718,0.01764,-115.21721,-16.051718,-6.194702558766137,-14.147486012351498,39.435807099467354
-1565766879856.0,611419.0,1622.0,0.13361,0.00415,-0.89862,0.41791,0.01764,-115.59063,-16.014921,-6.168459633219609,-14.098988486868683,39.35587542746373
-1565766879849.0,611427.0,1629.0,0.13318,0.00427,-0.89838,0.41846,0.01764,-115.91058,-15.9761915,-6.141969836744493,-14.055764535535943,39.28813247546657
-1565766879845.0,611434.0,1633.0,0.13208,0.0047,-0.89801,0.41968,0.01764,-116.559395,-15.812252,-6.058062921971336,-13.955210236441232,39.161304330339334
-1565766879839.0,611434.0,1639.0,0.13147,0.00494,-0.89783,0.42023,0.01764,-116.87211,-15.712747,-6.00932929565499,-13.899955739086467,39.10288616444237
-1565766879832.0,611442.0,1646.0,0.1308,0.00513,-0.89771,0.42072,0.01764,-117.140884,-15.611823,-5.961709614405921,-13.836822045939856,39.05594538638471
-1565766879827.0,611451.0,1651.0,0.12994,0.00537,-0.89752,0.42133,0.01764,-117.499596,-15.485058,-5.900677989291818,-13.755113538655662,38.99216093434063
-1565766879821.0,611451.0,1657.0,0.12915,0.00555,-0.8974,0.42181,0.01764,-117.77683,-15.371177,-5.847571163734187,-13.678909907271327,38.945791624591095
-1565766879816.0,611459.0,1662.0,0.12817,0.00568,-0.89722,0.42255,0.01764,-118.17401,-15.263609,-5.793643544714636,-13.579453145426786,38.87356799943248
-1565766879810.0,611467.0,1668.0,0.1272,0.0058,-0.89703,0.42322,0.01764,-118.556175,-15.157215,-5.740159493142809,-13.480462837562392,38.80462904124627
-1565766879804.0,611467.0,1674.0,0.12604,0.00586,-0.89679,0.42413,0.01764,-119.04787,-15.057601,-5.686474514341939,-13.357933306373704,38.71251090421106
-1565766879800.0,611476.0,1678.0,0.1239,0.00574,-0.89624,0.4259,0.01764,-120.0323,-14.948206,-5.612599309415848,-13.119195694476963,38.52026184855745
-1565766879794.0,611476.0,1684.0,0.12274,0.00562,-0.89594,0.42694,0.01764,-120.589745,-14.906028,-5.5791961995522446,-12.987246124355986,38.41023097555714
-1565766879789.0,611487.0,1689.0,0.12164,0.00549,-0.89557,0.42792,0.01764,-121.16457,-14.876666,-5.548976679379939,-12.860192837618062,38.29488224913936
-1565766879782.0,611495.0,1696.0,0.12061,0.00537,-0.89526,0.42883,0.01764,-121.68251,-14.844341,-5.520183088729867,-12.74194137553848,38.19244492936093
-1565766879777.0,611502.0,1701.0,0.11975,0.00531,-0.89502,0.42969,0.01764,-122.1357,-14.807448,-5.493196819496906,-12.645642429052915,38.103460554654106
-1565766879771.0,611502.0,1707.0,0.11877,0.00525,-0.89471,0.43054,0.01764,-122.637276,-14.760391,-5.459619290741344,-12.535829042005078,38.00581769822239
-1565766879766.0,611512.0,1712.0,0.11768,0.00525,-0.89441,0.43146,0.01764,-123.16698,-14.683217,-5.414756946101646,-12.417795857099854,37.90566192986918
-1565766879761.0,611512.0,1717.0,0.11682,0.00525,-0.89417,0.43219,0.01764,-123.58903,-14.621954,-5.379301321853592,-12.324717979914457,37.826033906009826
-1565766879755.0,611519.0,1723.0,0.11578,0.00537,-0.89392,0.43298,0.01764,-124.0556,-14.505718,-5.322496625891639,-12.218848292349515,37.742349501138804
-1565766879749.0,611527.0,1729.0,0.11395,0.00562,-0.89343,0.43445,0.01764,-124.93215,-14.294425,-5.219311502265707,-12.034223574219006,37.58381658703264
-1565766879743.0,611535.0,1735.0,0.1131,0.00574,-0.89325,0.43512,0.01764,-125.30936,-14.189454,-5.170648994053707,-11.949432544252366,37.51755700010007
-1565766879737.0,611535.0,1741.0,0.11212,0.00586,-0.89294,0.43597,0.01764,-125.82641,-14.084071,-5.117435612502915,-11.849545538854557,37.42232062672207
-1565766879732.0,611543.0,1746.0,0.11121,0.00592,-0.89264,0.43677,0.01764,-126.31623,-14.001432,-5.073403324512193,-11.754131365757821,37.33119444977855
-1565766879726.0,611552.0,1752.0,0.11029,0.00592,-0.89233,0.43768,0.01764,-126.84395,-13.938654,-5.0363744239971195,-11.654656564659504,37.23132182303621
-1565766879721.0,611552.0,1757.0,0.10931,0.00598,-0.89191,0.43878,0.01764,-127.50145,-13.865383,-4.992262292718628,-11.550828602822286,37.10524075232354
-1565766879715.0,611560.0,1763.0,0.1084,0.00598,-0.89154,0.43976,0.01764,-128.0885,-13.809323,-4.956370190198116,-11.451910957208217,36.99315326654251
-1565766879710.0,611560.0,1768.0,0.10754,0.00604,-0.89111,0.4408,0.01764,-128.72934,-13.7485485,-4.91756039352758,-11.360693628523183,36.8698699581353
-1565766879703.0,611572.0,1775.0,0.1059,0.0061,-0.8902,0.44299,0.01764,-130.07362,-13.660322,-4.851344819643354,-11.183324180227114,36.60966663062551
-1565766879698.0,611580.0,1780.0,0.10504,0.0061,-0.88977,0.44409,0.01764,-130.73914,-13.616237,-4.8189750752366525,-11.089421037603632,36.48266001300759
-1565766879693.0,611587.0,1785.0,0.10437,0.0061,-0.88934,0.44513,0.01764,-131.37308,-13.595327,-4.795918402652894,-11.015317502375567,36.35962131025161
-1565766879687.0,611587.0,1791.0,0.1037,0.0061,-0.88892,0.44611,0.01764,-131.986,-13.570884,-4.771989264494701,-10.941378183473956,36.24179533860608
-1565766879681.0,611594.0,1797.0,0.10297,0.00604,-0.88855,0.44702,0.01764,-132.55241,-13.548671,-4.750008039616602,-10.858723984713317,36.13471010179822
-1565766879676.0,611594.0,1802.0,0.10223,0.00604,-0.88818,0.44794,0.01764,-133.12706,-13.506954,-4.721279931816186,-10.778248955854016,36.02764005404141
-1565766879671.0,611604.0,1807.0,0.10162,0.00598,-0.88788,0.44873,0.01764,-133.60655,-13.490506,-4.704054166160185,-10.708917224042704,35.937758943908875
-1565766879665.0,611610.0,1813.0,0.10095,0.00598,-0.88751,0.44952,0.01764,-134.1404,-13.45299,-4.677344678548865,-10.635744508698766,35.83885082708028
-1565766879660.0,611619.0,1818.0,0.09967,0.00592,-0.88696,0.45093,0.01764,-135.03151,-13.381348,-4.630951689233055,-10.49476097288427,35.677183270986646
-1565766879654.0,611619.0,1824.0,0.09912,0.00586,-0.88672,0.45154,0.01764,-135.41855,-13.360639,-4.614479030467128,-10.432406331489302,35.60680008358105
-1565766879648.0,611626.0,1830.0,0.09851,0.0058,-0.88641,0.45221,0.01764,-135.87619,-13.338675,-4.595410360789032,-10.363127517034501,35.52323775491115
-1565766879643.0,611635.0,1835.0,0.09796,0.00574,-0.88617,0.45282,0.01764,-136.26541,-13.317226,-4.578792743609648,-10.30084934049332,35.45299252054704
-1565766879637.0,611642.0,1841.0,0.09741,0.00568,-0.88593,0.45349,0.0177,-136.67372,-13.29742,-4.5627845862029766,-10.238645367228088,35.37923128701135
-1565766879631.0,611642.0,1847.0,0.09686,0.00562,-0.88562,0.4541,0.0177,-137.11205,-13.281011,-4.546070729128736,-10.175646336228896,35.29948785964339
-1565766879626.0,611642.0,1852.0,0.09631,0.00555,-0.88538,0.45477,0.0177,-137.5223,-13.263494,-4.530938581854782,-10.112985120472953,35.22580663628297
-1565766879619.0,611655.0,1859.0,0.09576,0.00549,-0.88507,0.45544,0.0177,-137.98149,-13.24834,-4.514747317779284,-10.050105861030652,35.14263078318919
-1565766879615.0,611662.0,1863.0,0.09473,0.00531,-0.88458,0.4566,0.0177,-138.75261,-13.228979,-4.49005103525803,-9.929810379426197,35.00466059238174
-1565766879608.0,611662.0,1870.0,0.09418,0.00525,-0.88434,0.45721,0.0177,-139.14948,-13.205113,-4.47294134386193,-9.867773350651342,34.93489973117293
-1565766879603.0,611672.0,1875.0,0.09375,0.00519,-0.88409,0.45782,0.0177,-139.54364,-13.199603,-4.462341439342812,-9.817998884564272,34.863865857933334
-1565766879594.0,611678.0,1884.0,0.09326,0.00513,-0.88385,0.45837,0.0177,-139.91899,-13.182126,-4.4477396123484425,-9.76215486043036,34.797779403434276
-1565766879591.0,611678.0,1887.0,0.09283,0.005,-0.88367,0.45886,0.0177,-140.2276,-13.187888,-4.442855481534598,-9.709381367283862,34.74308591005314
-1565766879586.0,611690.0,1892.0,0.09235,0.00494,-0.88342,0.45941,0.0177,-140.61084,-13.172238,-4.428698805450012,-9.654505222570467,34.67572430465398
-1565766879581.0,611695.0,1897.0,0.09192,0.00488,-0.88318,0.4599,0.0177,-140.96524,-13.161126,-4.416588658973847,-9.604863134500928,34.61331380542383
-1565766879574.0,611703.0,1904.0,0.09137,0.00482,-0.883,0.46045,0.0177,-141.30722,-13.12859,-4.398438382160057,-9.54360421816697,34.55573161534265
-1565766879570.0,611710.0,1908.0,0.09045,0.0047,-0.88257,0.46136,0.0177,-141.96863,-13.089686,-4.3699139467932,-9.4387812787699,34.44210765287025
-1565766879563.0,611710.0,1915.0,0.0899,0.00458,-0.88239,0.46179,0.0177,-142.2738,-13.070924,-4.356477857488288,-9.374317371441288,34.391221719942436
-1565766879558.0,611719.0,1920.0,0.08948,0.00452,-0.8822,0.46222,0.0177,-142.57715,-13.054156,-4.344035599291908,-9.326310953889964,34.339431373778524
-1565766879552.0,611725.0,1926.0,0.08905,0.00446,-0.88208,0.46259,0.0177,-142.81317,-13.028045,-4.330349443099334,-9.277992278253498,34.30086154103385
-1565766879547.0,611725.0,1931.0,0.08862,0.00439,-0.8819,0.46295,0.0177,-143.08928,-13.009433,-4.317580017190599,-9.22852722032053,34.25449205656544
-1565766879541.0,611725.0,1937.0,0.08807,0.00433,-0.88177,0.46338,0.0177,-143.36217,-12.967086,-4.29782792587664,-9.167883734770198,34.21110253852896
-1565766879536.0,611739.0,1942.0,0.08759,0.00427,-0.88159,0.46375,0.0177,-143.64699,-12.937512,-4.281311491892029,-9.113885565802777,34.16426608683963
-1565766879530.0,611746.0,1948.0,0.0871,0.00415,-0.88147,0.46411,0.0177,-143.8845,-12.919537,-4.270194078859991,-9.056257933675113,34.125985944714785
-1565766879525.0,611755.0,1953.0,0.08612,0.00403,-0.88116,0.4649,0.0177,-144.43698,-12.853575,-4.236355581504997,-8.946845140337585,34.036544826487145
-1565766879518.0,611755.0,1960.0,0.08557,0.00397,-0.88098,0.46527,0.0177,-144.72963,-12.812106,-4.215827021304852,-8.885778671515633,33.98980279902058
-1565766879513.0,611763.0,1965.0,0.08508,0.00385,-0.88086,0.4657,0.0177,-144.99022,-12.795362,-4.20525054045878,-8.82824759250931,33.94766315102784
-1565766879507.0,611772.0,1971.0,0.08453,0.00378,-0.88062,0.46619,0.0177,-145.3652,-12.764892,-4.186859413741723,-8.766152512065114,33.88572587899094
-1565766879502.0,611772.0,1976.0,0.08411,0.00372,-0.88049,0.46655,0.0177,-145.60802,-12.738705,-4.1732834023541185,-8.718916001370923,33.84665040676566
-1565766879495.0,611779.0,1983.0,0.08356,0.00366,-0.88025,0.4671,0.0177,-146.00359,-12.706292,-4.154359125074335,-8.657442240876252,33.781445887917414
-1565766879491.0,611786.0,1987.0,0.08313,0.0036,-0.88007,0.46753,0.0177,-146.30739,-12.684164,-4.140848419701826,-8.608768153869875,33.731492093211386
-1565766879485.0,611786.0,1993.0,0.08264,0.00354,-0.87982,0.46808,0.0177,-146.7071,-12.661437,-4.125145989979241,-8.553373385672721,33.665002669430834
-1565766879479.0,611795.0,1999.0,0.08179,0.00348,-0.87939,0.46906,0.0177,-147.40971,-12.607885,-4.093538067300833,-8.45978926272565,33.54910211965512
-1565766879472.0,611802.0,2006.0,0.08142,0.00342,-0.87921,0.46942,0.0177,-147.68918,-12.592387,-4.082536744149435,-8.41728056641114,33.503249472713904
-1565766879467.0,611811.0,2011.0,0.08099,0.00342,-0.87897,0.46991,0.0177,-148.06276,-12.55677,-4.063320426227535,-8.371431499692436,33.44206584815845
-1565766879461.0,611811.0,2017.0,0.08069,0.00342,-0.87885,0.47028,0.0177,-148.29654,-12.528758,-4.050132900888434,-8.339915634274908,33.40446317409405
-1565766879457.0,611811.0,2021.0,0.08032,0.00342,-0.87866,0.47064,0.0177,-148.58711,-12.494596,-4.032960739983486,-8.300632235229454,33.35763065349552
-1565766879450.0,611824.0,2028.0,0.08008,0.00342,-0.87848,0.47101,0.0177,-148.86275,-12.480797,-4.023093552646259,-8.274689663926305,33.31168547386187
-1565766879446.0,611830.0,2032.0,0.07977,0.00342,-0.87836,0.47131,0.0177,-149.07634,-12.448706,-4.008637659568382,-8.242166479753255,33.27805743477546
-1565766879440.0,611839.0,2038.0,0.07953,0.00336,-0.87817,0.47162,0.0177,-149.33997,-12.452737,-4.00426870283974,-8.212855476830505,33.23374945536138
-1565766879435.0,611839.0,2043.0,0.0791,0.0033,-0.87793,0.47217,0.0177,-149.73515,-12.436553,-3.9914949607609063,-8.163874809377191,33.16905062015435
-1565766879429.0,611847.0,2049.0,0.07886,0.00323,-0.87781,0.47241,0.0177,-149.92303,-12.435963,-3.9874268844649725,-8.134651871647762,33.13843558151744
-1565766879422.0,611854.0,2056.0,0.07867,0.00317,-0.87769,0.47266,0.0177,-150.11035,-12.440617,-3.985215123758872,-8.11106416934672,33.10734329200126
-1565766879417.0,611862.0,2061.0,0.07849,0.00305,-0.87756,0.47296,0.0177,-150.31918,-12.4681635,-3.9900835512933295,-8.085138038275932,33.0717562474272
-1565766879412.0,611862.0,2066.0,0.07831,0.00299,-0.8775,0.47314,0.0177,-150.43689,-12.467598,-3.987751589956557,-8.06308992546171,33.0529938374211
-1565766879406.0,611870.0,2072.0,0.07806,0.00287,-0.87738,0.47339,0.0177,-150.62827,-12.481372,-3.988224937756531,-8.030129566714827,33.021599502650474
-1565766879401.0,611879.0,2077.0,0.07788,0.00275,-0.87726,0.47363,0.0177,-150.81087,-12.506362,-3.992506858767756,-8.004274729724717,32.99078697135607
-1565766879396.0,611879.0,2082.0,0.07764,0.00256,-0.87714,0.47388,0.0177,-151.0,-12.5440235,-4.0005925786650725,-7.968494975416682,32.95904958966587
-1565766879389.0,611886.0,2089.0,0.07745,0.00238,-0.87701,0.47412,0.0177,-151.1902,-12.587294,-4.010359558166938,-7.938243762220494,32.926542948538426
-1565766879384.0,611896.0,2094.0,0.07703,0.00195,-0.87683,0.47461,0.0177,-151.51248,-12.683369,-4.034754730612172,-7.870550129010298,32.871915189968945
-1565766879379.0,611896.0,2099.0,0.07678,0.00177,-0.87671,0.47485,0.0177,-151.70053,-12.715927,-4.041107451250053,-7.834294180160374,32.84087466784182
-1565766879374.0,611896.0,2104.0,0.07654,0.00153,-0.87659,0.4751,0.01764,-151.88957,-12.7696,-4.054157221234045,-7.795757017091253,32.809001422250375
-1565766879368.0,611906.0,2110.0,0.07629,0.00128,-0.87653,0.47528,0.01764,-152.00906,-12.81793,-4.067011077592832,-7.756171822403313,32.78938973741401
-1565766879363.0,611915.0,2115.0,0.07611,0.00104,-0.8764,0.47546,0.01764,-152.17905,-12.8805065,-4.082774946847849,-7.723611971996556,32.760010756946556
-1565766879356.0,611922.0,2122.0,0.07587,0.00079,-0.87634,0.47565,0.01764,-152.3012,-12.930813,-4.096248132513935,-7.685035646766312,32.73990372092676
-1565766879351.0,611922.0,2127.0,0.07562,0.00061,-0.87634,0.47577,0.01764,-152.35565,-12.950104,-4.101457693289119,-7.649812837640903,32.73244050581684
-1565766879345.0,611930.0,2133.0,0.07544,0.00043,-0.87628,0.47589,0.01764,-152.45233,-12.986043,-4.110592852538325,-7.621156711062522,32.71655129557519
-1565766879340.0,611939.0,2138.0,0.0752,0.00018,-0.87622,0.47595,0.01764,-152.533,-13.03276,-4.1229039790734605,-7.582569099360534,32.703626305095554
-1565766879334.0,611939.0,2144.0,0.07471,-0.00012,-0.87622,0.47614,0.01764,-152.62668,-13.052304,-4.12734814492978,-7.516431595376084,32.69182359052128
-1565766879329.0,611946.0,2149.0,0.07446,-0.00031,-0.87616,0.4762,0.01764,-152.70984,-13.078101,-4.133020921611593,-7.480138601604346,32.679224475923235
-1565766879322.0,611955.0,2156.0,0.07422,-0.00043,-0.87616,0.47626,0.01764,-152.74582,-13.078092,-4.132183204775196,-7.449229342991334,32.67540166973407
-1565766879317.0,611955.0,2161.0,0.07397,-0.00055,-0.87616,0.47626,0.01764,-152.76329,-13.074764,-4.130270631159412,-7.41731193505989,32.67486599761065
-1565766879312.0,611963.0,2166.0,0.07373,-0.00067,-0.87616,0.47632,0.01764,-152.7992,-13.074727,-4.129430617653309,-7.386404602033204,32.67105696615522
-1565766879305.0,611971.0,2173.0,0.07349,-0.00079,-0.87616,0.47644,0.01764,-152.85431,-13.07629,-4.129096751287823,-7.355492289692773,32.663976885600874
-1565766879299.0,611978.0,2179.0,0.07324,-0.00085,-0.8761,0.4765,0.01764,-152.94098,-13.060292,-4.121625140987958,-7.3263682714468565,32.65200310171204
-1565766879295.0,611978.0,2183.0,0.07275,-0.00098,-0.87604,0.47668,0.01764,-153.08412,-13.029691,-4.108755672162465,-7.269092630304518,32.633190247374486
-1565766879289.0,611990.0,2189.0,0.07251,-0.00104,-0.87604,0.47681,0.01764,-153.14392,-13.012133,-4.1024291495492005,-7.241485858283078,32.625852223062495
-1565766879282.0,611990.0,2196.0,0.07227,-0.0011,-0.87598,0.47693,0.01764,-153.24902,-12.999264,-4.096006369263531,-7.213379388751914,32.61062008056079
-1565766879276.0,611999.0,2202.0,0.07208,-0.0011,-0.87592,0.47705,0.01764,-153.3518,-12.975483,-4.086329421949289,-7.193640696279431,32.59564500553792
-1565766879271.0,612007.0,2207.0,0.07184,-0.0011,-0.87585,0.47717,0.01764,-153.46669,-12.944055,-4.073839828633009,-7.1687646492383,32.57926734263407
-1565766879266.0,612014.0,2212.0,0.07159,-0.0011,-0.87579,0.47736,0.01764,-153.59697,-12.9119005,-4.061362916211349,-7.142956205591842,32.56048954531306
-1565766879260.0,612014.0,2218.0,0.07141,-0.00116,-0.87573,0.47748,0.01764,-153.69743,-12.908965,-4.058287766107431,-7.120932322649566,32.54526865931909
-1565766879255.0,612023.0,2223.0,0.07104,-0.00116,-0.87561,0.47778,0.01764,-153.92186,-12.864229,-4.039946667923429,-7.082490690763864,32.51208049699166
-1565766879248.0,612031.0,2230.0,0.07092,-0.00122,-0.87555,0.47791,0.01764,-154.02092,-12.871618,-4.040310219774393,-7.066537980510494,32.49632365774799
-1565766879243.0,612031.0,2235.0,0.0708,-0.00122,-0.87549,0.47803,0.01764,-154.11832,-12.859378,-4.034536593098385,-7.053898907044799,32.4813629254548
-1565766879238.0,612039.0,2240.0,0.07068,-0.00128,-0.87543,0.47815,0.01764,-154.21426,-12.866479,-4.03481113741932,-7.037949353370153,32.46615602994795
-1565766879232.0,612047.0,2246.0,0.07056,-0.00134,-0.87537,0.47827,0.01764,-154.31024,-12.873568,-4.035081809199401,-7.022000347814738,32.45095303106831
-1565766879225.0,612047.0,2253.0,0.0705,-0.0014,-0.87531,0.47839,0.01764,-154.40149,-12.890835,-4.03872305421196,-7.012115390993917,32.43574872745445
-1565766879221.0,612055.0,2257.0,0.07043,-0.00146,-0.87524,0.47852,0.01764,-154.50502,-12.907495,-4.0418786615584805,-7.001136315503217,32.418597200845554
-1565766879215.0,612063.0,2263.0,0.07037,-0.00153,-0.87518,0.47864,0.01764,-154.59607,-12.928001,-4.046522716900077,-6.9906976184991345,32.40335937362886
-1565766879210.0,612063.0,2268.0,0.07025,-0.00159,-0.87506,0.47888,0.01758,-154.78058,-12.943174,-4.047739096077568,-6.974240351290952,32.3732171585321
-1565766879204.0,612075.0,2274.0,0.07019,-0.00159,-0.875,0.479,0.01758,-154.87372,-12.941064,-4.045320622001077,-6.967670863997928,32.35827065621781
-1565766879198.0,612082.0,2280.0,0.07013,-0.00165,-0.87494,0.47913,0.01758,-154.9686,-12.9586115,-4.049028149185523,-6.957781757529354,32.342544963327654
-1565766879192.0,612082.0,2286.0,0.07013,-0.00165,-0.87488,0.47919,0.01758,-155.03754,-12.965164,-4.049501291847703,-6.95728457344217,32.33083788926467
-1565766879187.0,612091.0,2291.0,0.07007,-0.00165,-0.87482,0.47937,0.01758,-155.15028,-12.964595,-4.04756290480174,-6.950705141755343,32.31265747485999
-1565766879181.0,612098.0,2297.0,0.07001,-0.00165,-0.87476,0.47949,0.01758,-155.24368,-12.962462,-4.045138443766713,-6.944138061728776,32.29771991531538
-1565766879175.0,612098.0,2303.0,0.06995,-0.00165,-0.87469,0.47968,0.01758,-155.36806,-12.962969,-4.0432743800965705,-6.937477823581478,32.277598434845785
-1565766879170.0,612106.0,2308.0,0.06982,-0.00159,-0.87451,0.47998,0.01758,-155.62689,-12.944056,-4.0322803985877025,-6.926168219483394,32.23627384728361
-1565766879164.0,612116.0,2314.0,0.06976,-0.00165,-0.87445,0.4801,0.01758,-155.719,-12.961343,-4.035892214799716,-6.916281058654339,32.221107863170104
-1565766879159.0,612116.0,2319.0,0.0697,-0.00165,-0.87433,0.48029,0.01758,-155.88554,-12.965998,-4.034009457660164,-6.909223107853156,32.19394236565317
-1565766879152.0,612122.0,2326.0,0.06964,-0.00165,-0.87427,0.48041,0.01758,-155.9794,-12.963812,-4.031574291033622,-6.9026625615035755,32.179020276063625
-1565766879147.0,612130.0,2331.0,0.06952,-0.00165,-0.87415,0.48059,0.01758,-156.14795,-12.957877,-4.026219089147493,-6.889555661790664,32.15240413203274
-1565766879141.0,612130.0,2337.0,0.06952,-0.00171,-0.87408,0.48071,0.01758,-156.24394,-12.9863405,-4.033206418576894,-6.885641961883172,32.1358305957162
-1565766879136.0,612139.0,2342.0,0.0694,-0.00177,-0.87402,0.4809,0.01758,-156.36421,-12.995134,-4.033975366963486,-6.869686872914204,32.116931881059514
-1565766879131.0,612146.0,2347.0,0.06934,-0.00177,-0.87396,0.48108,0.01758,-156.47798,-12.994474,-4.032010507458038,-6.863117178097718,32.09880495932376
-1565766879126.0,612146.0,2352.0,0.06927,-0.00189,-0.87384,0.48126,0.01758,-156.63998,-13.036192,-4.041541886439099,-6.848394678967755,32.07173376969948
-1565766879120.0,612159.0,2358.0,0.06903,-0.00195,-0.87366,0.48163,0.01758,-156.93005,-13.038968,-4.036912777082647,-6.819340509943867,32.02626979134703
-1565766879114.0,612159.0,2364.0,0.06891,-0.00201,-0.87354,0.48181,0.01758,-157.0983,-13.052516,-4.037561484967095,-6.802910383163486,31.99945354265634
-1565766879108.0,612167.0,2370.0,0.06885,-0.00208,-0.87341,0.48206,0.01758,-157.29295,-13.082382,-4.043158156304928,-6.791876773606392,31.96744447230448
-1565766879102.0,612175.0,2376.0,0.06873,-0.00214,-0.87329,0.4823,0.01758,-157.4813,-13.097481,-4.0442685949923565,-6.775433045433981,31.937441012773448
-1565766879098.0,612175.0,2380.0,0.06854,-0.0022,-0.87317,0.48254,0.01758,-157.67557,-13.100401,-4.041404837348004,-6.751936856717486,31.90745744026995
-1565766879091.0,612183.0,2387.0,0.06842,-0.00226,-0.87305,0.48279,0.01758,-157.86775,-13.115738,-4.042576210188587,-6.735492849426658,31.87694320541422
-1565766879086.0,612190.0,2392.0,0.06824,-0.00238,-0.87292,0.48309,0.01758,-158.08847,-13.142374,-4.0467572853948655,-6.709569446876788,31.842153337536075
-1565766879081.0,612190.0,2397.0,0.06812,-0.00244,-0.87274,0.4834,0.01758,-158.35219,-13.1643505,-4.048362241862969,-6.692637024592727,31.799976714780016
-1565766879075.0,612200.0,2403.0,0.06793,-0.0025,-0.87262,0.4837,0.01758,-158.56746,-13.168699,-4.045921174471297,-6.669132111888681,31.766863183818344
-1565766879069.0,612207.0,2409.0,0.06757,-0.00262,-0.87225,0.48431,0.01758,-159.11266,-13.192161,-4.042172505254922,-6.623125397468622,31.681712996851047
-1565766879063.0,612214.0,2415.0,0.06744,-0.00269,-0.87213,0.48462,0.01758,-159.32722,-13.210501,-4.044182411875906,-6.605103857127148,31.648077624918812
-1565766879058.0,612222.0,2420.0,0.06726,-0.00275,-0.87195,0.48492,0.01758,-159.59515,-13.221617,-4.042236442658066,-6.582149174908624,31.60651279983945
-1565766879052.0,612222.0,2426.0,0.06714,-0.00281,-0.87183,0.48523,0.01758,-159.80984,-13.238397,-4.043788230883707,-6.565693680102842,31.57294749577386
-1565766879047.0,612230.0,2431.0,0.06702,-0.00287,-0.87164,0.48553,0.01758,-160.08258,-13.2609625,-4.045229764172934,-6.548699944896599,31.529980956898413
-1565766879041.0,612230.0,2437.0,0.06683,-0.00287,-0.87146,0.4859,0.01758,-160.37761,-13.252225,-4.037194677965145,-6.528088036381159,31.484991944489423
-1565766879036.0,612242.0,2442.0,0.06671,-0.00293,-0.87128,0.48621,0.01758,-160.64613,-13.274166,-4.038693292419737,-6.511174342088699,31.44295023291616
-1565766879029.0,612251.0,2449.0,0.06653,-0.00299,-0.87109,0.48657,0.01758,-160.94554,-13.287564,-4.03713714434697,-6.48814005216741,31.396893264974054
-1565766879023.0,612251.0,2455.0,0.06622,-0.00311,-0.87079,0.48718,0.01758,-161.43494,-13.313475,-4.0360215934530315,-6.447754247570092,31.321963627871583
-1565766879018.0,612258.0,2460.0,0.0661,-0.00311,-0.87061,0.48755,0.01758,-161.72714,-13.317016,-4.031916708406858,-6.434199194376497,31.277056812750317
-1565766879013.0,612266.0,2465.0,0.06592,-0.00317,-0.87042,0.48785,0.01758,-162.00906,-13.328802,-4.029846543511002,-6.411200869230943,31.234201203275674
-1565766879008.0,612266.0,2470.0,0.0658,-0.00317,-0.87024,0.48822,0.01758,-162.30249,-13.332278,-4.025719443900425,-6.397655576061629,31.189331118490102
-1565766879002.0,612275.0,2476.0,0.06561,-0.00323,-0.87006,0.48859,0.01758,-162.60081,-13.343081,-4.023582002092023,-6.373712813448101,31.14429856697636
-1565766878997.0,612275.0,2481.0,0.06543,-0.00323,-0.86987,0.48889,0.01758,-162.88614,-13.334777,-4.0154630401905225,-6.354110137498389,31.10168313646851
-1565766878991.0,612283.0,2487.0,0.06531,-0.0033,-0.86969,0.48926,0.01758,-163.17975,-13.361499,-4.0183067992790535,-6.33663287773133,31.056644323144013
-1565766878985.0,612290.0,2493.0,0.06512,-0.00336,-0.86945,0.48969,0.01758,-163.55438,-13.378985,-4.016547697730963,-6.312228726025067,31.000012015225366
-1565766878980.0,612299.0,2498.0,0.06494,-0.00336,-0.86926,0.49011,0.01758,-163.88199,-13.373527,-4.009285073949516,-6.292600796599297,30.951252748716158
-1565766878975.0,612299.0,2503.0,0.06476,-0.00342,-0.86902,0.49048,0.01758,-164.23769,-13.391261,-4.007613956224529,-6.269234987232696,30.897760819347283
-1565766878970.0,612306.0,2508.0,0.06439,-0.00354,-0.86865,0.49121,0.01758,-164.84863,-13.414835,-4.003613536214474,-6.222340388220333,30.807073818664563
-1565766878963.0,612315.0,2515.0,0.06427,-0.0036,-0.86841,0.49164,0.01758,-165.22221,-13.445014,-4.005786221828209,-6.204971302440818,30.75055457231359
-1565766878957.0,612315.0,2521.0,0.06409,-0.0036,-0.86823,0.492,0.01758,-165.5244,-13.436901,-3.9980032978839106,-6.185474737882096,30.70642341155937
-1565766878952.0,612326.0,2526.0,0.0639,-0.00366,-0.86798,0.49243,0.01758,-165.915,-13.455062,-3.996106940445683,-6.161035888619248,30.648537897521436
-1565766878947.0,612326.0,2531.0,0.06372,-0.00372,-0.8678,0.4928,0.01758,-166.2206,-13.467305,-3.994356417957012,-6.1381430387532605,30.603759871285973
-1565766878941.0,612335.0,2537.0,0.06354,-0.00378,-0.86755,0.49329,0.01758,-166.63275,-13.488754,-3.9934350116968207,-6.114688650465138,30.542875561316663
-1565766878936.0,612343.0,2542.0,0.06342,-0.00378,-0.86737,0.49365,0.01758,-166.93298,-13.491537,-3.989053992010899,-6.10121844611648,30.498823308966834
-1565766878931.0,612343.0,2547.0,0.06317,-0.00385,-0.86713,0.49408,0.01758,-167.32329,-13.500912,-3.984613468468129,-6.070309155984031,30.44246399202646
-1565766878924.0,612351.0,2554.0,0.06281,-0.00391,-0.86664,0.49493,0.01758,-168.10344,-13.519125,-3.9757054090642634,-6.026991654793781,30.32909822366858
-1565766878919.0,612359.0,2559.0,0.06262,-0.00391,-0.86646,0.49536,0.01758,-168.43665,-13.510317,-3.967720029902429,-6.006525791489544,30.281626257635168
-1565766878913.0,612367.0,2565.0,0.06244,-0.00397,-0.86621,0.49573,0.01758,-168.8148,-13.528615,-3.9658124956144185,-5.98316306485485,30.22696991271671
-1565766878908.0,612367.0,2570.0,0.06219,-0.00397,-0.86597,0.49615,0.01758,-169.20886,-13.513514,-3.9542123411152783,-5.956300884048641,30.171443811865885
-1565766878902.0,612375.0,2576.0,0.06201,-0.00391,-0.86578,0.49652,0.01758,-169.53445,-13.48527,-3.9403461888436797,-5.940247929380999,30.125788722873722
-1565766878897.0,612375.0,2581.0,0.06183,-0.00391,-0.86554,0.49695,0.01758,-169.92815,-13.4834175,-3.9328455507921687,-5.920390553983755,30.069791780944612
-1565766878891.0,612383.0,2587.0,0.06165,-0.00385,-0.86536,0.49731,0.01758,-170.24225,-13.453779,-3.918887992534574,-5.904438985942721,30.026117028615886
-1565766878884.0,612392.0,2594.0,0.0614,-0.00378,-0.86511,0.49774,0.01758,-170.65541,-13.415278,-3.900316707592142,-5.881571289770699,29.96893695662763
-1565766878879.0,612399.0,2599.0,0.06097,-0.00366,-0.86475,0.49847,0.01758,-171.2969,-13.342097,-3.8683336677708158,-5.842763650465261,29.881205279454278
-1565766878874.0,612399.0,2604.0,0.06079,-0.0036,-0.86456,0.49878,0.01758,-171.60669,-13.311565,-3.8539727121371823,-5.8268200994382555,29.83864518765955
-1565766878869.0,612411.0,2609.0,0.06061,-0.00348,-0.86438,0.49915,0.01758,-171.92944,-13.2607765,-3.8340613089996296,-5.814384151653919,29.794735519041353
-1565766878863.0,612411.0,2615.0,0.06042,-0.00342,-0.8642,0.49945,0.01758,-172.22812,-13.2268915,-3.819034011871229,-5.797546231996405,29.754140232065367
-1565766878856.0,612419.0,2622.0,0.0603,-0.00336,-0.86407,0.49976,0.01758,-172.47545,-13.202159,-3.8081710352689266,-5.788030358837638,29.720265088784814
-1565766878851.0,612426.0,2627.0,0.06012,-0.0033,-0.86389,0.5,0.01752,-172.75366,-13.16853,-3.793296128233968,-5.772232591086597,29.682648461987682
-1565766878846.0,612434.0,2632.0,0.06,-0.00323,-0.86377,0.50024,0.01752,-172.96791,-13.137588,-3.780948284595413,-5.763405375368889,29.653716784157595
-1565766878841.0,612434.0,2637.0,0.05988,-0.00311,-0.86365,0.50055,0.01752,-173.20784,-13.090938,-3.7641130896405643,-5.757442481223969,29.621491168327736
-1565766878834.0,612443.0,2644.0,0.05969,-0.00305,-0.86346,0.50079,0.01752,-173.49857,-13.055925,-3.7486336802379068,-5.740612151238896,29.5824509204175
-1565766878829.0,612443.0,2649.0,0.05945,-0.00299,-0.86328,0.50122,0.01752,-173.8499,-13.014656,-3.7315258926024444,-5.718826055171332,29.53555164090399
-1565766878823.0,612451.0,2655.0,0.05933,-0.00293,-0.86316,0.50146,0.01752,-174.06552,-12.986805,-3.720147979689332,-5.709458262728735,29.50663586001336
-1565766878817.0,612458.0,2661.0,0.05927,-0.00293,-0.86304,0.50165,0.01752,-174.25757,-12.990289,-3.7178909070124266,-5.702610869471067,29.479997682938148
-1565766878812.0,612467.0,2666.0,0.05914,-0.00287,-0.86292,0.50183,0.01752,-174.4538,-12.958938,-3.705512156396827,-5.6922798713751614,29.454030031957686
-1565766878806.0,612467.0,2672.0,0.05908,-0.00287,-0.86285,0.50201,0.01752,-174.59225,-12.9576845,-3.7031982172280453,-5.685781761625346,29.43512133721447
-1565766878801.0,612474.0,2677.0,0.05896,-0.00281,-0.86273,0.50226,0.01752,-174.81244,-12.929859,-3.691873470414496,-5.676431102212477,29.405745180122054
-1565766878795.0,612484.0,2683.0,0.0589,-0.00281,-0.86261,0.50238,0.01752,-174.98116,-12.931589,-3.68913145040131,-5.669617462550607,29.382538274203498
-1565766878790.0,612484.0,2688.0,0.05872,-0.00281,-0.86249,0.50269,0.01752,-175.22655,-12.914185,-3.6806362598245324,-5.650825953285867,29.35009776412194
-1565766878784.0,612494.0,2694.0,0.05865,-0.00287,-0.86243,0.50281,0.01752,-175.33406,-12.929495,-3.6832700657778465,-5.639955891041614,29.33541919601764
-1565766878778.0,612494.0,2700.0,0.05859,-0.00287,-0.86237,0.50287,0.01752,-175.42125,-12.924419,-3.680135527751377,-5.633572826513278,29.323823568535488
-1565766878772.0,612503.0,2706.0,0.05853,-0.00293,-0.8623,0.50299,0.01752,-175.53828,-12.942601,-3.6833482378814706,-5.623628397813545,29.30769990300496
-1565766878767.0,612511.0,2711.0,0.05847,-0.00293,-0.86224,0.50305,0.01752,-175.62563,-12.937515,-3.680211410298659,-5.617246825197403,29.296104645477413
-1565766878761.0,612511.0,2717.0,0.05841,-0.00299,-0.86224,0.50317,0.01752,-175.67119,-12.949452,-3.683443965111163,-5.607773251507624,29.29012365403345
-1565766878757.0,612519.0,2721.0,0.05835,-0.00299,-0.86218,0.50323,0.01752,-175.75864,-12.944363,-3.6803048477522533,-5.601392681446918,29.278530432748056
-1565766878751.0,612526.0,2727.0,0.05829,-0.00299,-0.86218,0.50323,0.01752,-175.76372,-12.932496,-3.676783774094196,-5.595436357351686,29.278540534732116
-1565766878745.0,612526.0,2733.0,0.05823,-0.00305,-0.86212,0.5033,0.01752,-175.85332,-12.948597,-3.679656780914163,-5.585576767820888,29.266301374564293
-1565766878739.0,612535.0,2739.0,0.05817,-0.00311,-0.86212,0.50342,0.01752,-175.89888,-12.960522,-3.6828836292165477,-5.576101151220653,29.260329924336858
-1565766878734.0,612542.0,2744.0,0.05811,-0.00317,-0.86206,0.50342,0.01752,-175.96407,-12.974979,-3.6852857721301078,-5.5662663989227035,29.251490383422762
-1565766878727.0,612551.0,2751.0,0.05811,-0.00323,-0.86206,0.50342,0.01752,-175.96265,-12.99596,-3.691231434234476,-5.56278874997352,29.251332795050388
-1565766878722.0,612551.0,2756.0,0.05804,-0.00323,-0.86206,0.50342,0.01752,-175.96858,-12.982097,-3.6871223878519066,-5.555841135502224,29.251345515890335
-1565766878717.0,612558.0,2761.0,0.05804,-0.0033,-0.86206,0.50342,0.01752,-175.96693,-13.006575,-3.6940589190810527,-5.551783952244959,29.251162855044043
-1565766878711.0,612567.0,2767.0,0.05798,-0.00336,-0.86206,0.50342,0.01752,-175.97055,-13.015671,-3.6964825094299822,-5.542351432014629,29.251018416516573
-1565766878706.0,612567.0,2772.0,0.05798,-0.00342,-0.86206,0.50342,0.01752,-175.96912,-13.036653,-3.7024280338557065,-5.538873924175124,29.250863563554148
-1565766878700.0,612578.0,2778.0,0.05798,-0.00354,-0.86212,0.5033,0.01752,-175.86281,-13.070396,-3.7135441039338843,-5.5323683827386585,29.265069481851185
-1565766878693.0,612578.0,2785.0,0.05792,-0.0036,-0.86218,0.50323,0.01752,-175.78046,-13.072454,-3.715527842476101,-5.523365684624977,29.277017156079935
-1565766878688.0,612587.0,2790.0,0.05792,-0.0036,-0.86224,0.50317,0.01752,-175.698,-13.06565,-3.7151534119572798,-5.523790638186439,29.288619840930508
-1565766878682.0,612594.0,2796.0,0.05792,-0.00366,-0.8623,0.50311,0.01752,-175.61429,-13.079814,-3.7207260806362625,-5.520740332147457,29.300070118830845
-1565766878677.0,612602.0,2801.0,0.05792,-0.00372,-0.8623,0.50299,0.01752,-175.57098,-13.097952,-3.7258746915780754,-5.517316484374179,29.305749250075962
-1565766878672.0,612602.0,2806.0,0.05792,-0.00378,-0.86237,0.50293,0.01752,-175.47704,-13.111193,-3.731452934872931,-5.51433496388604,29.318650289992405
-1565766878665.0,612610.0,2813.0,0.05786,-0.00391,-0.86243,0.50281,0.01752,-175.37596,-13.136515,-3.7400499101346902,-5.501305070028799,29.332860723297387
-1565766878659.0,612618.0,2819.0,0.05786,-0.00397,-0.86249,0.50269,0.01752,-175.27144,-13.149231,-3.7452275713722165,-5.498286514797477,29.347235913844443
-1565766878654.0,612618.0,2824.0,0.05786,-0.00409,-0.86261,0.5025,0.01752,-175.08015,-13.175813,-3.755917710896037,-5.492230881384794,29.373559052587524
-1565766878649.0,612628.0,2829.0,0.0578,-0.00415,-0.86273,0.50238,0.01752,-174.91986,-13.171286,-3.757611541737363,-5.483657653305064,29.39663602813789
-1565766878642.0,612635.0,2836.0,0.0578,-0.00421,-0.86279,0.50226,0.01752,-174.81577,-13.183981,-3.7627937258193977,-5.48064505845601,29.411020518518214
-1565766878638.0,612635.0,2840.0,0.0578,-0.00427,-0.86285,0.50214,0.01752,-174.71173,-13.196665,-3.767976740238873,-5.477634136493407,29.4254078349678
-1565766878632.0,612643.0,2846.0,0.05774,-0.00433,-0.86292,0.50201,0.01746,-174.59915,-13.196428,-3.769586817990964,-5.468736250361957,29.441747042221934
-1565766878626.0,612650.0,2852.0,0.05774,-0.00446,-0.86298,0.50189,0.01746,-174.49362,-13.233456,-3.7817158513508486,-5.461684119153247,29.455973614649324
-1565766878621.0,612650.0,2857.0,0.05768,-0.00452,-0.86304,0.50177,0.01746,-174.39479,-13.234353,-3.7833920142803494,-5.4527180586747805,29.470385806166718
-1565766878616.0,612662.0,2862.0,0.05762,-0.00458,-0.86322,0.50153,0.01746,-174.13327,-13.221664,-3.784339658441996,-5.444612148028521,29.508016494015706
-1565766878609.0,612671.0,2869.0,0.05762,-0.00464,-0.86328,0.5014,0.01746,-174.02623,-13.234086,-3.789464405196299,-5.441615657748853,29.522910323117927
-1565766878603.0,612671.0,2875.0,0.05756,-0.0047,-0.86334,0.50128,0.01746,-173.92775,-13.235008,-3.791149009890798,-5.432652866534567,29.537333558712547
-1565766878597.0,612678.0,2881.0,0.05756,-0.0047,-0.8634,0.50116,0.01746,-173.82576,-13.226834,-3.7903880603775852,-5.433115327052564,29.55188306149313
-1565766878592.0,612686.0,2886.0,0.0575,-0.00476,-0.86353,0.50104,0.01746,-173.65712,-13.22148,-3.792114728742368,-5.424617211247648,29.576422118194415
-1565766878586.0,612686.0,2892.0,0.05743,-0.00482,-0.86359,0.50092,0.01746,-173.5597,-13.220476,-3.793222080210035,-5.4146622235751085,29.5908556724538
-1565766878581.0,612696.0,2897.0,0.05743,-0.00482,-0.86365,0.50079,0.01746,-173.45447,-13.212093,-3.7923978139573813,-5.41513097807425,29.605901914306813
-1565766878576.0,612703.0,2902.0,0.05737,-0.00482,-0.86371,0.50067,0.01746,-173.35782,-13.192273,-3.7881368918182314,-5.409629155611005,29.620476052718246
-1565766878569.0,612710.0,2909.0,0.05731,-0.00488,-0.86383,0.50043,0.01746,-173.15823,-13.185125,-3.7890782744812452,-5.401132866466566,29.64947717499983
-1565766878563.0,612710.0,2915.0,0.05725,-0.00488,-0.86389,0.50037,0.01746,-173.08249,-13.166724,-3.7852166478716067,-5.39559622635782,29.661105506272918
-1565766878557.0,612719.0,2921.0,0.05719,-0.00488,-0.86395,0.50024,0.01746,-172.98247,-13.146729,-3.7808961963676015,-5.390098126390349,29.67617970666248
-1565766878551.0,612727.0,2927.0,0.05719,-0.00494,-0.86401,0.50012,0.01746,-172.87987,-13.159402,-3.7860999733028153,-5.38710664851116,29.690610683528107
-1565766878547.0,612727.0,2931.0,0.05713,-0.00494,-0.86407,0.50006,0.01746,-172.80424,-13.141041,-3.782241949453345,-5.381568478891937,29.70224034858063
-1565766878542.0,612734.0,2936.0,0.05707,-0.00494,-0.8642,0.49994,0.01746,-172.6384,-13.115116,-3.7780313321176027,-5.376523450582252,29.726923758002343
-1565766878535.0,612734.0,2943.0,0.05701,-0.00494,-0.8642,0.49982,0.01746,-172.60179,-13.100748,-3.773748743488574,-5.370623650875936,29.732859911506324
-1565766878530.0,612747.0,2948.0,0.05688,-0.00494,-0.86432,0.49963,0.01746,-172.42755,-13.060622,-3.7650012743765857,-5.358586736585462,29.75957960330618
-1565766878523.0,612754.0,2955.0,0.05682,-0.005,-0.86438,0.49957,0.01746,-172.35081,-13.063063,-3.767110107954347,-5.349594718454305,29.771075285107543
-1565766878518.0,612754.0,2960.0,0.05676,-0.005,-0.86444,0.49951,0.01746,-172.27548,-13.044799,-3.763259588799496,-5.344052193625658,29.78270598126943
-1565766878512.0,612763.0,2966.0,0.05676,-0.00507,-0.8645,0.49939,0.01746,-172.17319,-13.060956,-3.7694668712690773,-5.3404899165298865,29.797128651765703
-1565766878507.0,612770.0,2971.0,0.0567,-0.00507,-0.86456,0.49933,0.01746,-172.09798,-13.042714,-3.765618578470777,-5.33494671446621,29.808759815802688
-1565766878502.0,612770.0,2976.0,0.05664,-0.00507,-0.86456,0.49927,0.01746,-172.08205,-13.0297575,-3.7617363036939655,-5.329011615269412,29.811745128775215
-1565766878495.0,612779.0,2983.0,0.05664,-0.00507,-0.86462,0.49921,0.01746,-172.00214,-13.023136,-3.7613809623352745,-5.329437743936852,29.823359573505158
-1565766878491.0,612787.0,2987.0,0.05658,-0.00507,-0.86469,0.49902,0.01746,-171.87234,-13.001121,-3.756696113127163,-5.324033955757048,29.842868721985596
-1565766878486.0,612787.0,2992.0,0.05652,-0.00507,-0.86475,0.49896,0.01746,-171.79732,-12.982939,-3.752851993037683,-5.318488347276825,29.854501879024923
-1565766878479.0,612795.0,2999.0,0.05652,-0.00507,-0.86481,0.49896,0.01746,-171.73827,-12.977697,-3.752886927443871,-5.318878630526856,29.863143808343764
-1565766878472.0,612803.0,3006.0,0.05646,-0.00507,-0.86481,0.4989,0.01746,-171.72238,-12.964776,-3.749008825160216,-5.312941960144936,29.866134655012957
-1565766878467.0,612812.0,3011.0,0.05646,-0.00507,-0.86487,0.49884,0.01746,-171.64265,-12.95819,-3.7486547282716574,-5.313366834751251,29.87774961082583
-1565766878462.0,612812.0,3016.0,0.0564,-0.00507,-0.86487,0.49878,0.01746,-171.62672,-12.945273,-3.7447779934981575,-5.307429803174722,29.880742067448935
-1565766878457.0,612818.0,3021.0,0.0564,-0.005,-0.86493,0.49872,0.01746,-171.5487,-12.914611,-3.737466008697275,-5.311871937568554,29.892513797398735
-1565766878450.0,612818.0,3028.0,0.0564,-0.005,-0.86493,0.49866,0.01746,-171.52806,-12.913264,-3.73707738656888,-5.311906463306723,29.895490451026745
-1565766878446.0,612830.0,3032.0,0.05634,-0.005,-0.86499,0.4986,0.01746,-171.45322,-12.895153,-3.7332369253285878,-5.3063575805379815,29.907124039255393
-1565766878440.0,612838.0,3038.0,0.05634,-0.00494,-0.86499,0.49854,0.01746,-171.43391,-12.873162,-3.7268840555568454,-5.309834577183743,29.91023679877037
-1565766878434.0,612838.0,3044.0,0.05627,-0.00494,-0.86505,0.49854,0.01746,-171.38054,-12.85449,-3.7228514372357,-5.303254822613243,29.918894410800974
-1565766878428.0,612848.0,3050.0,0.05627,-0.00494,-0.86505,0.49847,0.01746,-171.35648,-12.852923,-3.7223990886089866,-5.303294618724907,29.922370372995616
-1565766878422.0,612855.0,3056.0,0.05621,-0.00488,-0.86511,0.49841,0.01746,-171.28305,-12.814221,-3.712595295399222,-5.3011851981743,29.934139207144952
-1565766878417.0,612863.0,3061.0,0.05621,-0.00482,-0.86511,0.49841,0.01746,-171.28441,-12.793588,-3.706629853103429,-5.304626742680113,29.934274841248723
-1565766878412.0,612863.0,3066.0,0.05615,-0.00482,-0.86511,0.49835,0.01746,-171.26846,-12.780705,-3.702758468483987,-5.298686411763808,29.93727255816465
-1565766878407.0,612870.0,3071.0,0.05615,-0.00476,-0.86517,0.49835,0.01746,-171.21104,-12.754922,-3.6968258460457304,-5.302515246064522,29.946044306928485
-1565766878401.0,612879.0,3077.0,0.05609,-0.0047,-0.86517,0.49829,0.01746,-171.19644,-12.721419,-3.6869896311274313,-5.300014797068821,29.949179674507263
-1565766878396.0,612879.0,3082.0,0.05603,-0.00464,-0.86523,0.49823,0.01746,-171.1231,-12.68279,-3.6771863940824914,-5.297900416127565,29.96095066171553
-1565766878389.0,612887.0,3089.0,0.05597,-0.00458,-0.86523,0.49823,0.0174,-171.1291,-12.650632,-3.667737454390797,-5.295366289591719,29.961104511179826
-1565766878383.0,612895.0,3095.0,0.05591,-0.00452,-0.86523,0.49817,0.0174,-171.1145,-12.617145,-3.6579034289073245,-5.292863383748824,29.96424260447114
-1565766878377.0,612903.0,3101.0,0.05591,-0.00446,-0.8653,0.49817,0.0174,-171.04742,-12.590591,-3.6519731079172093,-5.296753624762425,29.974453768451852
-1565766878372.0,612903.0,3106.0,0.05591,-0.00439,-0.8653,0.49811,0.0174,-171.02837,-12.56521,-3.6446267097352734,-5.300797112716303,29.977602174878527
-1565766878367.0,612903.0,3111.0,0.05585,-0.00439,-0.8653,0.49811,0.0174,-171.033,-12.553679,-3.6411451826636374,-5.294822224797025,29.977617321083088
-1565766878362.0,612916.0,3116.0,0.05585,-0.00433,-0.86536,0.49805,0.0174,-170.9551,-12.526671,-3.634823497634692,-5.298677205097372,29.989375739789253
-1565766878355.0,612923.0,3123.0,0.05579,-0.00433,-0.86536,0.49799,0.0174,-170.93916,-12.513819,-3.630958090863653,-5.292731821737838,29.99237747247595
-1565766878350.0,612923.0,3128.0,0.05579,-0.00427,-0.86542,0.49792,0.0174,-170.85793,-12.486619,-3.6245719282935345,-5.296590045848617,30.004635260845788
-1565766878344.0,612932.0,3134.0,0.05579,-0.00427,-0.86548,0.49786,0.0174,-170.7788,-12.480248,-3.624216895375296,-5.297004758873498,30.01625364787482
-1565766878337.0,612938.0,3141.0,0.05579,-0.00421,-0.86548,0.4978,0.0174,-170.7595,-12.458328,-3.617864528134467,-5.3004715524536365,30.019385246869874
-1565766878333.0,612938.0,3145.0,0.05579,-0.00421,-0.86548,0.49774,0.0174,-170.73894,-12.457,-3.6174800646183716,-5.300500622587826,30.022375388021786
-1565766878326.0,612947.0,3152.0,0.05573,-0.00421,-0.86554,0.49774,0.0174,-170.68507,-12.440462,-3.6140304656988933,-5.294909307815467,30.031018903733468
-1565766878321.0,612955.0,3157.0,0.05573,-0.00421,-0.86554,0.49768,0.0174,-170.66449,-12.439136,-3.613646417582616,-5.294938377687972,30.034010106772058
-1565766878316.0,612964.0,3162.0,0.05573,-0.00421,-0.8656,0.49768,0.0174,-170.6061,-12.434119,-3.6136754296623264,-5.295323191117192,30.042637614402537
-1565766878310.0,612964.0,3168.0,0.05573,-0.00421,-0.8656,0.49762,0.0174,-170.58551,-12.432794,-3.613291381245465,-5.2953522610091595,30.045629876439534
-1565766878303.0,612970.0,3175.0,0.05566,-0.00421,-0.8656,0.49762,0.0174,-170.59091,-12.419374,-3.609234121967198,-5.288379208730714,30.045646856948267
-1565766878298.0,612978.0,3180.0,0.05566,-0.00427,-0.8656,0.49762,0.0174,-170.58958,-12.439956,-3.615202788403634,-5.284943209496704,30.045505116230927
-1565766878293.0,612987.0,3185.0,0.0556,-0.00427,-0.8656,0.49756,0.0174,-170.57362,-12.427132,-3.6113420850785283,-5.278995886626182,30.048512654741288
-1565766878288.0,612987.0,3190.0,0.0556,-0.00427,-0.8656,0.49756,0.0174,-170.57362,-12.427132,-3.6113420850785283,-5.278995886626182,30.048512654741288
-1565766878282.0,612987.0,3196.0,0.0556,-0.00433,-0.8656,0.49756,0.0174,-170.57231,-12.447712,-3.6173107041413943,-5.275560353698873,30.048371808690717
-1565766878277.0,612999.0,3201.0,0.0556,-0.00433,-0.86566,0.49756,0.0174,-170.51395,-12.442692,-3.6173405421199876,-5.275944257471165,30.056998311018475
-1565766878271.0,613006.0,3207.0,0.05554,-0.00439,-0.86566,0.49756,0.0174,-170.51718,-12.451767,-3.619832459044533,-5.266531640653035,30.056873332245928
-1565766878265.0,613006.0,3213.0,0.05554,-0.00439,-0.86566,0.49756,0.0174,-170.51718,-12.451767,-3.619832459044533,-5.266531640653035,30.056873332245928
-1565766878261.0,613016.0,3217.0,0.05554,-0.00446,-0.86566,0.4975,0.0174,-170.49507,-12.47445,-3.6264135387581953,-5.262554395694996,30.05970470120772
-1565766878255.0,613023.0,3223.0,0.05554,-0.00452,-0.86566,0.4975,0.0174,-170.49374,-12.495024,-3.632382494211677,-5.259119367957752,30.059566274947713
-1565766878248.0,613031.0,3230.0,0.05554,-0.00452,-0.86566,0.4975,0.0174,-170.49374,-12.495024,-3.632382494211677,-5.259119367957752,30.059566274947713
-1565766878242.0,613031.0,3236.0,0.05554,-0.00458,-0.86566,0.4975,0.0174,-170.49243,-12.515598,-3.638351436238167,-5.255684359176563,30.05942856757295
-1565766878237.0,613039.0,3241.0,0.05554,-0.00458,-0.86566,0.4975,0.0174,-170.49243,-12.515598,-3.638351436238167,-5.255684359176563,30.05942856757295
-1565766878232.0,613046.0,3246.0,0.05554,-0.00458,-0.86566,0.4975,0.0174,-170.49243,-12.515598,-3.638351436238167,-5.255684359176563,30.05942856757295
-1565766878226.0,613046.0,3252.0,0.05548,-0.00464,-0.86566,0.4975,0.0174,-170.49573,-12.524679,-3.640843640409046,-5.246272463096473,30.059307626676258
-1565766878221.0,613054.0,3257.0,0.05548,-0.00464,-0.86566,0.49756,0.0174,-170.51631,-12.525999,-3.641225924246845,-5.2462404266024905,30.056313979922876
-1565766878216.0,613062.0,3262.0,0.05548,-0.00458,-0.86566,0.49756,0.0174,-170.51764,-12.505424,-3.6352570379671745,-5.249675797599442,30.05645072973975
-1565766878209.0,613062.0,3269.0,0.05548,-0.00458,-0.86566,0.49756,0.0174,-170.51764,-12.505424,-3.6352570379671745,-5.249675797599442,30.05645072973975
-1565766878205.0,613071.0,3273.0,0.05542,-0.00458,-0.86566,0.49756,0.0174,-170.52225,-12.493929,-3.631780054501498,-5.243698916016013,30.056466567152015
-1565766878198.0,613082.0,3280.0,0.05542,-0.00458,-0.8656,0.49762,0.0174,-170.6012,-12.50028,-3.6321303684867017,-5.243284652842548,30.044847574969268
-1565766878192.0,613082.0,3286.0,0.05542,-0.00458,-0.8656,0.49762,0.0174,-170.6012,-12.50028,-3.6321303684867017,-5.243284652842548,30.044847574969268
-1565766878187.0,613090.0,3291.0,0.05542,-0.00458,-0.8656,0.49762,0.0174,-170.6012,-12.50028,-3.6321303684867017,-5.243284652842548,30.044847574969268
-1565766878181.0,613090.0,3297.0,0.05542,-0.00458,-0.8656,0.49762,0.0174,-170.6012,-12.50028,-3.6321303684867017,-5.243284652842548,30.044847574969268
-1565766878176.0,613100.0,3302.0,0.05542,-0.00458,-0.8656,0.49768,0.0174,-170.62178,-12.501598,-3.6325122407390866,-5.243253030764932,30.0418554932281
-1565766878170.0,613108.0,3308.0,0.05542,-0.00458,-0.8656,0.49768,0.0174,-170.62178,-12.501598,-3.6325122407390866,-5.243253030764932,30.0418554932281
-1565766878165.0,613108.0,3313.0,0.05542,-0.00458,-0.8656,0.49768,0.0174,-170.62178,-12.501598,-3.6325122407390866,-5.243253030764932,30.0418554932281
-1565766878159.0,613116.0,3319.0,0.05548,-0.00458,-0.8656,0.49768,0.0174,-170.61716,-12.513102,-3.635990055231678,-5.249229493810302,30.041839663178962
-1565766878152.0,613123.0,3326.0,0.05548,-0.00458,-0.8656,0.49768,0.0174,-170.61716,-12.513102,-3.635990055231678,-5.249229493810302,30.041839663178962
-1565766878147.0,613130.0,3331.0,0.05548,-0.00458,-0.8656,0.49768,0.0174,-170.61716,-12.513102,-3.635990055231678,-5.249229493810302,30.041839663178962
-1565766878141.0,613130.0,3337.0,0.05554,-0.00458,-0.8656,0.49768,0.0174,-170.61255,-12.524604,-3.6394679886326586,-5.255206014130053,30.041823833144946
-1565766878134.0,613140.0,3344.0,0.0556,-0.00458,-0.8656,0.49768,0.0174,-170.60796,-12.536109,-3.6429460410703802,-5.261182591790863,30.041808003126064
-1565766878131.0,613147.0,3347.0,0.05566,-0.00464,-0.8656,0.49762,0.0174,-170.58142,-12.566865,-3.6520092600529255,-5.263754968254107,30.044646936530015
-1565766878125.0,613147.0,3353.0,0.05566,-0.00464,-0.8656,0.49762,0.0174,-170.58142,-12.566865,-3.6520092600529255,-5.263754968254107,30.044646936530015
-1565766878119.0,613155.0,3359.0,0.05573,-0.00464,-0.8656,0.49762,0.0174,-170.57602,-12.580279,-3.656066837038955,-5.270727743606932,30.044628223086008
-1565766878114.0,613155.0,3364.0,0.05579,-0.00464,-0.8656,0.49762,0.0174,-170.57141,-12.591778,-3.659544889596672,-5.276704470498158,30.04461218300797
-1565766878108.0,613169.0,3370.0,0.05579,-0.00464,-0.8656,0.49762,0.01733,-170.57141,-12.591778,-3.659544889596672,-5.276704470498158,30.04461218300797
-1565766878102.0,613176.0,3376.0,0.05585,-0.00464,-0.8656,0.49756,0.0174,-170.54616,-12.601943,-3.6626382152290247,-5.282713293341816,30.047588713025036
-1565766878096.0,613182.0,3382.0,0.05585,-0.0047,-0.8656,0.49756,0.01733,-170.54483,-12.62252,-3.668606908930776,-5.2792777398184825,30.047451437298193
-1565766878092.0,613182.0,3386.0,0.05585,-0.0047,-0.8656,0.49756,0.01733,-170.54483,-12.62252,-3.668606908930776,-5.2792777398184825,30.047451437298193
-1565766878087.0,613191.0,3391.0,0.05591,-0.00476,-0.86566,0.4975,0.01733,-170.45996,-12.648172,-3.6777010879141008,-5.282237896555663,30.058918241599628
-1565766878080.0,613199.0,3398.0,0.05597,-0.00476,-0.86566,0.49744,0.01733,-170.43474,-12.658327,-3.68079307567441,-5.288248015933634,30.06189587998864
-1565766878075.0,613199.0,3403.0,0.05597,-0.00488,-0.86572,0.49738,0.01733,-170.35327,-12.693033,-3.6923793603242148,-5.281798681345025,30.073244237403898
-1565766878069.0,613207.0,3409.0,0.05603,-0.00494,-0.86572,0.49738,0.01733,-170.34729,-12.725072,-3.7018259782257514,-5.284342004806099,30.073092167989643
-1565766878063.0,613216.0,3415.0,0.05603,-0.00494,-0.86572,0.49731,0.01733,-170.3233,-12.723519,-3.7013755619220072,-5.284381799700591,30.07658709019104
-1565766878058.0,613216.0,3420.0,0.05609,-0.005,-0.86578,0.49725,0.01733,-170.2385,-12.749093,-3.710469853798294,-5.287347435672902,30.088056309974604
-1565766878053.0,613223.0,3425.0,0.05609,-0.00507,-0.86578,0.49719,0.01733,-170.21638,-12.771742,-3.717048412774522,-5.283376766498409,30.090897200454577
-1565766878046.0,613230.0,3432.0,0.05615,-0.00507,-0.86584,0.49713,0.01733,-170.13304,-12.77674,-3.7201725211249035,-5.289777576069601,30.102501243010536
-1565766878041.0,613230.0,3437.0,0.05615,-0.00513,-0.86584,0.49713,0.01733,-170.13171,-12.797289,-3.7261429991166435,-5.286344952457282,30.102367718609386
-1565766878036.0,613239.0,3442.0,0.05621,-0.00513,-0.86591,0.49707,0.01733,-170.03874,-12.801414,-3.7292727440913738,-5.292811723330222,30.115407933385725
-1565766878031.0,613239.0,3447.0,0.05621,-0.00519,-0.86591,0.49695,0.01733,-169.99632,-12.819285,-3.734469134589639,-5.289451170006108,30.121275180765764
-1565766878024.0,613251.0,3454.0,0.05627,-0.00519,-0.86597,0.49689,0.01733,-169.91313,-12.824251,-3.737591902159249,-5.29585459724423,30.132879705455466
-1565766878019.0,613259.0,3459.0,0.05627,-0.00519,-0.86603,0.49683,0.01733,-169.83466,-12.8177805,-3.737239946416354,-5.296278976737715,30.144501806645707
-1565766878012.0,613267.0,3466.0,0.05627,-0.00519,-0.86603,0.49677,0.01733,-169.81415,-12.816446,-3.7368522297688775,-5.296314813548505,30.147504898573217
-1565766878007.0,613267.0,3471.0,0.05634,-0.00519,-0.86609,0.4967,0.01733,-169.72688,-12.823085,-3.7404876306376056,-5.303722260215158,30.159607387081607
-1565766878002.0,613275.0,3476.0,0.05634,-0.00519,-0.86609,0.49664,0.01733,-169.70634,-12.82175,-3.74009942838579,-5.303758097457836,30.16261216548459
-1565766877996.0,613282.0,3482.0,0.0564,-0.00519,-0.86615,0.49658,0.01733,-169.62328,-12.826691,-3.743219409738968,-5.31016381361333,30.174217719432548
-1565766877990.0,613282.0,3488.0,0.0564,-0.00519,-0.86621,0.49652,0.01733,-169.54504,-12.820224,-3.742866552386706,-5.310589100612245,30.185840869515687
-1565766877984.0,613291.0,3494.0,0.05646,-0.00519,-0.86627,0.49634,0.01733,-169.42116,-12.822487,-3.745207338075599,-5.317067806723184,30.203463100353474
-1565766877979.0,613299.0,3499.0,0.05646,-0.00525,-0.86633,0.49628,0.01733,-169.34163,-12.836507,-3.750828155671167,-5.314066604488046,30.214953638531185
-1565766877972.0,613307.0,3506.0,0.05646,-0.00525,-0.86633,0.49622,0.01733,-169.32112,-12.835171,-3.7504391246793007,-5.314102856642308,30.217964236326353
-1565766877967.0,613307.0,3511.0,0.05652,-0.00525,-0.86639,0.49609,0.01733,-169.21451,-12.838533,-3.753101707893418,-5.320553875162033,30.233085275017714
-1565766877962.0,613315.0,3516.0,0.05652,-0.00525,-0.86646,0.49603,0.01733,-169.12686,-12.83121,-3.7527544641564043,-5.321045459736052,30.246146403330144
-1565766877956.0,613322.0,3522.0,0.05652,-0.00525,-0.86652,0.49591,0.01733,-169.02847,-12.823415,-3.7520117426738184,-5.321508249786715,30.260786592035217
-1565766877951.0,613322.0,3527.0,0.05658,-0.00531,-0.86652,0.49585,0.01733,-169.00203,-12.85391,-3.761065562195357,-5.324104078918817,30.263649957888262
-1565766877946.0,613322.0,3532.0,0.05658,-0.00531,-0.86658,0.49579,0.01733,-168.92412,-12.847442,-3.760712290493041,-5.324531447135256,30.275276742552947
-1565766877939.0,613334.0,3539.0,0.05658,-0.00531,-0.8667,0.49561,0.01733,-168.74805,-12.833181,-3.7596158854461526,-5.3254228515985735,30.301548306668664
-1565766877934.0,613343.0,3544.0,0.05658,-0.00537,-0.8667,0.49554,0.01733,-168.72285,-12.852068,-3.765137797775891,-5.322043787111472,30.30493796620236
-1565766877928.0,613351.0,3550.0,0.05658,-0.00537,-0.86676,0.49548,0.01733,-168.64514,-12.845607,-3.764784942342511,-5.3224715682119745,30.316565715283033
-1565766877922.0,613351.0,3556.0,0.05658,-0.00537,-0.86682,0.49542,0.01733,-168.56752,-12.839154,-3.7644320866231444,-5.32289934961003,30.32819304376764
-1565766877917.0,613358.0,3561.0,0.05658,-0.00537,-0.86682,0.49536,0.01733,-168.54709,-12.837822,-3.764042229297826,-5.322936430917145,30.331215553116948
-1565766877912.0,613367.0,3566.0,0.05658,-0.00543,-0.86688,0.4953,0.01733,-168.46814,-12.851791,-3.769667369450902,-5.319944038769375,30.342710513164945
-1565766877907.0,613367.0,3571.0,0.05658,-0.00543,-0.86694,0.49518,0.01733,-168.37016,-12.844005,-3.768925077189731,-5.32040972819363,30.357363119870115
-1565766877901.0,613374.0,3577.0,0.05658,-0.00543,-0.86694,0.49512,0.01733,-168.34975,-12.842673,-3.7685352233810643,-5.320447223665275,30.36038879888531
-1565766877896.0,613384.0,3582.0,0.05652,-0.00543,-0.867,0.495,0.01733,-168.25655,-12.823589,-3.764330930504208,-5.314926091851175,30.375064200684648
-1565766877889.0,613384.0,3589.0,0.05652,-0.00543,-0.86707,0.49493,0.01733,-168.16617,-12.816078,-3.7639202347686873,-5.3154251640587935,30.388632255316594
-1565766877883.0,613391.0,3595.0,0.05652,-0.00543,-0.86707,0.49493,0.01733,-168.16617,-12.816078,-3.7639202347686873,-5.3154251640587935,30.388632255316594
-1565766877877.0,613400.0,3601.0,0.05652,-0.00543,-0.86713,0.49487,0.01733,-168.08888,-12.809655,-3.7635682095442355,-5.315852940558662,30.400261555809365
-1565766877873.0,613406.0,3605.0,0.05652,-0.00549,-0.86713,0.49481,0.01733,-168.06715,-12.828719,-3.7691584756669863,-5.312473686936046,30.403159187118305
-1565766877866.0,613406.0,3612.0,0.05652,-0.00549,-0.86719,0.49475,0.01733,-167.98985,-12.822287,-3.7688068676290576,-5.312901875695742,30.414789049038447
-1565766877862.0,613406.0,3616.0,0.05652,-0.00549,-0.86719,0.49469,0.01733,-167.96947,-12.820958,-3.768417431939559,-5.3129397850197195,30.417820733157626
-1565766877856.0,613419.0,3622.0,0.05652,-0.00549,-0.86725,0.49463,0.01733,-167.89224,-12.814532,-3.7680658233025346,-5.313367974103342,30.42945122259141
-1565766877851.0,613426.0,3627.0,0.05658,-0.00555,-0.86731,0.49457,0.01733,-167.80917,-12.839764,-3.7771542650610046,-5.316370001557611,30.44092986831552
-1565766877845.0,613435.0,3633.0,0.05658,-0.00555,-0.86731,0.49451,0.01733,-167.7888,-12.838436,-3.7767644176030983,-5.316408325406948,30.44396417245261
-1565766877840.0,613435.0,3638.0,0.05658,-0.00555,-0.86737,0.49445,0.01733,-167.71169,-12.832005,-3.7764128104491292,-5.316837345526407,30.45559478684895
-1565766877835.0,613443.0,3643.0,0.05664,-0.00555,-0.86737,0.49438,0.01733,-167.68333,-12.8417225,-3.7794158916190104,-5.322871452315275,30.459117301342218
-1565766877828.0,613451.0,3650.0,0.05664,-0.00555,-0.86743,0.49432,0.01733,-167.60635,-12.8352995,-3.779063868390134,-5.323300891257652,30.47074871034009
-1565766877823.0,613451.0,3655.0,0.0567,-0.00555,-0.86743,0.49426,0.01733,-167.58142,-12.845228,-3.7821307985112305,-5.3293290883491835,30.473766867410205
-1565766877817.0,613459.0,3661.0,0.0567,-0.00555,-0.86749,0.4942,0.01733,-167.50444,-12.838798,-3.7817783592490994,-5.329758946124905,30.485398894235317
-1565766877812.0,613467.0,3666.0,0.0567,-0.00555,-0.86749,0.49414,0.01733,-167.48409,-12.837468,-3.781387678441772,-5.3297972708086725,30.488438085973158
-1565766877806.0,613467.0,3672.0,0.05676,-0.00555,-0.86755,0.49408,0.01733,-167.40256,-12.842287,-3.784491308435047,-5.336217897551377,30.500051283735615
-1565766877801.0,613474.0,3677.0,0.05676,-0.00555,-0.86761,0.49402,0.01733,-167.32578,-12.835868,-3.784138452841169,-5.336648174477157,30.51168349490476
-1565766877795.0,613483.0,3683.0,0.05682,-0.00549,-0.86768,0.49384,0.01733,-167.19566,-12.81684,-3.7804805520417357,-5.346622383482884,30.530947432266785
-1565766877790.0,613483.0,3688.0,0.05682,-0.00549,-0.86774,0.49377,0.01733,-167.11557,-12.810209,-3.780061608748935,-5.347058986286225,30.543088184849182
-1565766877783.0,613491.0,3695.0,0.05682,-0.00543,-0.86774,0.49371,0.01733,-167.09657,-12.788557,-3.773685901543793,-5.350506243082688,30.54626791259254
-1565766877778.0,613491.0,3700.0,0.05682,-0.00543,-0.8678,0.49365,0.01733,-167.0199,-12.782156,-3.773331792943354,-5.350936115709795,30.557902037332155
-1565766877771.0,613502.0,3707.0,0.05688,-0.00543,-0.86786,0.49353,0.01733,-166.9184,-12.785637,-3.7760385850498435,-5.357396602511391,30.57256459015693
-1565766877766.0,613510.0,3712.0,0.05688,-0.00543,-0.86792,0.49347,0.01733,-166.84192,-12.779247,-3.7756840600644708,-5.357826894323417,30.58419888906846
-1565766877761.0,613519.0,3717.0,0.05695,-0.00543,-0.86792,0.49335,0.01733,-166.79597,-12.789651,-3.778926706495181,-5.3648944226006385,30.590276242089573
-1565766877755.0,613519.0,3723.0,0.05701,-0.00549,-0.86804,0.49316,0.01733,-166.61354,-12.806781,-3.787195401583227,-5.368388566721916,30.616954583659407
-1565766877750.0,613526.0,3728.0,0.05713,-0.00555,-0.8681,0.4931,0.01733,-166.52675,-12.843017,-3.799727168412375,-5.3774048251992825,30.628416799402416
-1565766877744.0,613534.0,3734.0,0.05719,-0.00562,-0.8681,0.49298,0.01733,-166.48006,-12.875176,-3.8093739284065937,-5.379504609605226,30.634349147506214
-1565766877739.0,613534.0,3739.0,0.05725,-0.00568,-0.86816,0.49292,0.01733,-166.39792,-12.9001875,-3.818455043503332,-5.382529751079971,30.645832702950017
-1565766877733.0,613543.0,3745.0,0.05737,-0.00574,-0.86823,0.4928,0.01733,-166.28168,-12.934147,-3.8305966195139116,-5.39165817767194,30.66178320472173
-1565766877727.0,613551.0,3751.0,0.05743,-0.0058,-0.86829,0.49274,0.01733,-166.19957,-12.959099,-3.839677528707218,-5.394687592369858,30.673266709463164
-1565766877722.0,613551.0,3756.0,0.05756,-0.00592,-0.86835,0.49261,0.01733,-166.0873,-13.015709,-3.858307686494259,-5.401360297741817,30.688163083594176
-1565766877717.0,613559.0,3761.0,0.05768,-0.00598,-0.86835,0.49249,0.01733,-166.03621,-13.055531,-3.8703976475982214,-5.410034840562343,30.694110626750472
-1565766877712.0,613568.0,3766.0,0.0578,-0.00604,-0.86841,0.49243,0.01733,-165.94975,-13.091531,-3.882924834918739,-5.419068638422331,30.705575625027095
-1565766877705.0,613568.0,3773.0,0.05792,-0.0061,-0.86847,0.49231,0.01733,-165.84302,-13.126139,-3.8950527423285,-5.428147187164764,30.7201036782575
-1565766877700.0,613575.0,3778.0,0.05811,-0.00623,-0.86859,0.49213,0.01733,-165.65366,-13.190706,-3.917830708962075,-5.440705987612785,30.746094782183476
-1565766877694.0,613575.0,3784.0,0.05817,-0.00629,-0.86859,0.49207,0.01733,-165.62746,-13.220662,-3.9268667088288978,-5.443349497949515,30.749008602154277
-1565766877687.0,613589.0,3791.0,0.05823,-0.00641,-0.86865,0.49194,0.01733,-165.52086,-13.264031,-3.9414690880768033,-5.443049531173595,30.763946231393476
-1565766877683.0,613596.0,3795.0,0.05823,-0.00647,-0.86865,0.49188,0.01733,-165.4993,-13.282882,-3.947059211285505,-5.43969657606894,30.76688598107549
-1565766877677.0,613602.0,3801.0,0.05829,-0.00659,-0.86871,0.49182,0.01733,-165.41638,-13.327789,-3.9621303233988456,-5.439349657789778,30.778248278195605
-1565766877670.0,613602.0,3808.0,0.05829,-0.00665,-0.86871,0.49182,0.01733,-165.41502,-13.347986,-3.9681220953174243,-5.435952866681324,30.778120830430254
-1565766877667.0,613611.0,3811.0,0.05829,-0.00677,-0.86877,0.49176,0.01733,-165.33675,-13.381776,-3.979750644643526,-5.429608677464189,30.78950946578945
-1565766877660.0,613618.0,3818.0,0.05823,-0.00684,-0.86877,0.49176,0.01733,-165.33977,-13.394264,-3.9832974906251155,-5.419646229171636,30.78938744117002
-1565766877654.0,613618.0,3824.0,0.05823,-0.00696,-0.86877,0.4917,0.01733,-165.31686,-13.433295,-3.9948805205344327,-5.412901784560666,30.79221090016496
-1565766877648.0,613627.0,3830.0,0.05817,-0.0072,-0.86877,0.4917,0.01733,-165.3161,-13.502999,-4.015405135788363,-5.39331883133272,30.791748884191136
-1565766877643.0,613635.0,3835.0,0.05811,-0.00732,-0.86877,0.4917,0.01733,-165.31802,-13.532323,-4.023945504006731,-5.380527755587786,30.791535733297422
-1565766877638.0,613642.0,3840.0,0.05811,-0.00739,-0.86877,0.4917,0.01733,-165.31647,-13.555881,-4.030936122397171,-5.376566186448565,30.79139786416897
-1565766877632.0,613642.0,3846.0,0.05811,-0.00751,-0.86877,0.4917,0.01733,-165.31377,-13.596268,-4.042920012322294,-5.369774985032282,30.791163776693168
-1565766877627.0,613652.0,3851.0,0.05817,-0.00763,-0.86877,0.49176,0.01733,-165.32658,-13.649064,-4.058748431534667,-5.368930682527705,30.78783450967076
-1565766877621.0,613659.0,3857.0,0.05817,-0.00769,-0.86877,0.49176,0.01733,-165.32523,-13.669257,-4.064740381632727,-5.3655347005548775,30.78771978316776
-1565766877615.0,613659.0,3863.0,0.05823,-0.00787,-0.86871,0.49182,0.01733,-165.39214,-13.747621,-4.08650763097145,-5.360889840496363,30.775712002956553
-1565766877610.0,613659.0,3868.0,0.05829,-0.00793,-0.86871,0.49182,0.01733,-165.38612,-13.778883,-4.095944312033558,-5.363492535042305,30.775571971858795
-1565766877604.0,613671.0,3874.0,0.05829,-0.008,-0.86865,0.49188,0.01733,-165.46011,-13.809193,-4.103280875327594,-5.359072332210348,30.763801600774826
-1565766877597.0,613679.0,3881.0,0.05829,-0.00806,-0.86865,0.49194,0.01733,-165.47896,-13.830752,-4.109673515757466,-5.35561991694778,30.760622828097908
-1565766877593.0,613687.0,3885.0,0.05835,-0.00812,-0.86859,0.49194,0.01733,-165.52835,-13.867437,-4.119054942352336,-5.357818400355972,30.751911787825065
-1565766877587.0,613687.0,3891.0,0.05835,-0.00812,-0.86859,0.492,0.01733,-165.54855,-13.868795,-4.119456847060056,-5.3577623263624705,30.748844704202213
-1565766877582.0,613694.0,3896.0,0.05835,-0.00812,-0.86853,0.49213,0.01733,-165.64787,-13.877158,-4.120271710191511,-5.357237887451539,30.733628325838154
-1565766877577.0,613694.0,3901.0,0.05835,-0.00818,-0.86853,0.49219,0.01733,-165.66672,-13.898735,-4.1266639318370455,-5.353782927473867,30.73045435050311
-1565766877572.0,613703.0,3906.0,0.05841,-0.00818,-0.86847,0.49225,0.01733,-165.73781,-13.916611,-4.13045802272815,-5.359320844619001,30.718787362585232
-1565766877564.0,613710.0,3914.0,0.05841,-0.00812,-0.86841,0.49231,0.01733,-165.81502,-13.903183,-4.124814472078748,-5.362260738435547,30.707257990593448
-1565766877559.0,613718.0,3919.0,0.05847,-0.00812,-0.86835,0.49243,0.01733,-165.90637,-13.922437,-4.129013046290683,-5.367741828870379,30.69252914789834
-1565766877552.0,613727.0,3926.0,0.05853,-0.00806,-0.86829,0.49255,0.01727,-165.99922,-13.921473,-4.127224645980783,-5.376623620326953,30.67791266388589
-1565766877546.0,613727.0,3932.0,0.05859,-0.008,-0.86823,0.49261,0.01733,-166.0719,-13.919149,-4.125035220029008,-5.38556161791349,30.666357311777688
-1565766877543.0,613735.0,3935.0,0.05865,-0.00793,-0.86816,0.49268,0.01727,-166.15744,-13.914584,-4.1219077253392085,-5.394990182461045,30.65288142949339
-1565766877537.0,613742.0,3941.0,0.05872,-0.00787,-0.86816,0.49274,0.01733,-166.17358,-13.908667,-4.120351530253973,-5.405333262754731,30.649904941576068
-1565766877532.0,613742.0,3946.0,0.05878,-0.00775,-0.8681,0.4928,0.01733,-166.24765,-13.886084,-4.112179459325828,-5.417675534949389,30.63846732558791
-1565766877526.0,613742.0,3952.0,0.0589,-0.00769,-0.86804,0.49286,0.01733,-166.31567,-13.894887,-4.113450576659827,-5.432610069155911,30.62688963590145
-1565766877520.0,613755.0,3958.0,0.05908,-0.00751,-0.86798,0.49298,0.01727,-166.40204,-13.87567,-4.106611718600364,-5.460296166200553,30.612468514567936
-1565766877513.0,613763.0,3965.0,0.05914,-0.00739,-0.86792,0.49304,0.01733,-166.47629,-13.853083,-4.098448776027567,-5.4726416378649345,30.601042121007765
-1565766877509.0,613763.0,3969.0,0.05927,-0.00726,-0.86792,0.4931,0.01727,-166.48923,-13.834659,-4.093372134695172,-5.4929587629057215,30.598196891918846
-1565766877503.0,613772.0,3975.0,0.05933,-0.00714,-0.86786,0.49316,0.01733,-166.56348,-13.8120575,-4.085213835566658,-5.505306567889843,30.58677879909868
-1565766877497.0,613778.0,3981.0,0.05939,-0.00702,-0.86786,0.49323,0.01733,-166.58513,-13.784252,-4.077174536147576,-5.518057612966753,30.583444181642093
-1565766877493.0,613778.0,3985.0,0.05951,-0.0069,-0.8678,0.49329,0.01727,-166.65468,-13.772792,-4.072477573421011,-5.536402637079776,30.572009553766392
-1565766877485.0,613788.0,3993.0,0.05957,-0.00677,-0.86774,0.49335,0.01727,-166.72937,-13.746799,-4.0633286431896325,-5.5493219712610715,30.560624023420417
-1565766877482.0,613795.0,3996.0,0.05963,-0.00665,-0.86774,0.49341,0.01727,-166.74763,-13.718759,-4.05522565641191,-5.562086399831744,30.557811753810753
-1565766877475.0,613803.0,4003.0,0.05969,-0.00653,-0.86768,0.49347,0.01727,-166.82208,-13.696125,-4.047078447845627,-5.574440414875667,30.5464125923841
-1565766877470.0,613803.0,4008.0,0.05988,-0.00629,-0.86761,0.49359,0.01727,-166.91861,-13.65937,-4.034863717903604,-5.6064889061463115,30.530759423294995
-1565766877465.0,613810.0,4013.0,0.05994,-0.00616,-0.86755,0.49365,0.01727,-166.99336,-13.633334,-4.025726163896803,-5.61941461990754,30.519393862814766
-1565766877459.0,613820.0,4019.0,0.05994,-0.0061,-0.86755,0.49371,0.01727,-167.01506,-13.614424,-4.020154421973964,-5.622782963808603,30.516487526644227
-1565766877452.0,613827.0,4026.0,0.06,-0.00598,-0.86749,0.49377,0.01727,-167.08972,-13.591764,-4.012017599322642,-5.635142752605445,30.50510496501211
-1565766877447.0,613827.0,4031.0,0.06006,-0.00586,-0.86743,0.49384,0.01727,-167.1678,-13.569326,-4.003952187389771,-5.647496885751596,30.493218505521625
-1565766877442.0,613827.0,4036.0,0.06012,-0.00574,-0.86743,0.4939,0.01727,-167.1861,-13.541273,-3.9958598371535463,-5.6602743774029545,30.49044029388854
-1565766877437.0,613839.0,4041.0,0.06012,-0.00562,-0.86737,0.49396,0.01727,-167.26561,-13.507384,-3.9842670787985353,-5.6666450922971965,30.47908815050738
-1565766877432.0,613846.0,4046.0,0.06018,-0.00555,-0.86737,0.49396,0.01727,-167.26242,-13.494862,-3.9807483637503154,-5.676619774236698,30.479236918913358
-1565766877426.0,613846.0,4052.0,0.06024,-0.00543,-0.86731,0.49402,0.01727,-167.33722,-13.472161,-3.972620868204954,-5.6889850662631165,30.467869915277447
-1565766877419.0,613855.0,4059.0,0.06036,-0.00525,-0.86725,0.49414,0.01727,-167.42888,-13.441725,-3.9623921065730277,-5.710721600733512,30.45359817495701
-1565766877414.0,613862.0,4064.0,0.06036,-0.00513,-0.86725,0.4942,0.01727,-167.45206,-13.4024515,-3.950841760128329,-5.717514998154299,30.450860125913792
-1565766877409.0,613871.0,4069.0,0.06042,-0.00507,-0.86719,0.49426,0.01727,-167.52551,-13.400071,-3.9487043245099835,-5.726469982112705,30.439354787587916
-1565766877402.0,613871.0,4076.0,0.06049,-0.005,-0.86713,0.49432,0.01727,-167.5985,-13.396175,-3.946149043371455,-5.736993064593291,30.427872447627138
-1565766877397.0,613879.0,4081.0,0.06055,-0.00488,-0.86713,0.49438,0.01727,-167.61684,-13.368109,-3.938066639370188,-5.749783051657868,30.425126377602453
-1565766877392.0,613886.0,4086.0,0.06055,-0.00482,-0.86707,0.49445,0.01727,-167.69861,-13.354729,-3.932537831774944,-5.752742078653107,30.41313663358423
-1565766877387.0,613886.0,4091.0,0.06061,-0.00476,-0.867,0.49457,0.01727,-167.8021,-13.354666,-3.9308192420996195,-5.761596228883046,30.397169765312867
-1565766877381.0,613895.0,4097.0,0.06067,-0.0047,-0.86694,0.49463,0.01727,-167.87573,-13.352285,-3.9286904574269994,-5.770553564421246,30.385670600207604
-1565766877375.0,613903.0,4103.0,0.06079,-0.00452,-0.86688,0.49475,0.01727,-167.96779,-13.321825,-3.9184884913576865,-5.792307860911434,30.371442091541496
-1565766877370.0,613903.0,4108.0,0.06079,-0.00452,-0.86682,0.49487,0.01727,-168.06546,-13.330015,-3.919295575263023,-5.791825281480795,30.356776052614435
-1565766877364.0,613910.0,4114.0,0.06085,-0.00446,-0.86682,0.49493,0.01727,-168.08238,-13.322316,-3.917203844253574,-5.801204866783661,30.353891990002793
-1565766877358.0,613910.0,4120.0,0.06091,-0.00439,-0.86676,0.495,0.01727,-168.1598,-13.316783,-3.914155918621965,-5.810729577896562,30.341921956066244
-1565766877353.0,613922.0,4125.0,0.06097,-0.00439,-0.8667,0.49506,0.01727,-168.23224,-13.334819,-3.9180165346020273,-5.816268083664519,30.33026966411113
-1565766877346.0,613931.0,4132.0,0.06104,-0.00433,-0.86664,0.49518,0.01727,-168.32578,-13.335783,-3.9168979649118154,-5.826195995236205,30.31575183910242
-1565766877342.0,613931.0,4136.0,0.0611,-0.00433,-0.86658,0.49524,0.01727,-168.3983,-13.353846,-3.920761389307515,-5.8317333402899925,30.3040999211579
-1565766877336.0,613938.0,4142.0,0.06116,-0.00433,-0.86658,0.4953,0.01727,-168.41374,-13.366568,-3.9246556321773154,-5.837692607771701,30.301062916046405
-1565766877331.0,613947.0,4147.0,0.06122,-0.00433,-0.86646,0.49542,0.01727,-168.56389,-13.391461,-3.928913247737732,-5.842775779969249,30.277775063466606
-1565766877326.0,613947.0,4152.0,0.06128,-0.00433,-0.86646,0.49548,0.01727,-168.57935,-13.404201,-3.932809832564809,-5.84873433555252,30.274740735676644
-1565766877320.0,613955.0,4158.0,0.06134,-0.00433,-0.86639,0.49554,0.01727,-168.66156,-13.423218,-3.9366725483359764,-5.85419834158889,30.2616533077464
-1565766877312.0,613963.0,4166.0,0.0614,-0.00433,-0.86633,0.49561,0.01727,-168.73766,-13.441594,-3.940611764932086,-5.8597271743343535,30.24949884064233
-1565766877307.0,613972.0,4171.0,0.06146,-0.00433,-0.86633,0.49567,0.01727,-168.75308,-13.454347,-3.944511309286482,-5.865685012155915,30.246467370429613
-1565766877302.0,613972.0,4176.0,0.06146,-0.00433,-0.86627,0.49573,0.01727,-168.83089,-13.461203,-3.9449052380591363,-5.865230292801595,30.23483159305306
-1565766877297.0,613979.0,4181.0,0.06152,-0.00433,-0.86627,0.49579,0.01727,-168.84633,-13.473962,-3.94880616210742,-5.871187774704916,30.23180173547503
-1565766877291.0,613987.0,4187.0,0.06158,-0.00439,-0.86621,0.49579,0.01727,-168.89726,-13.511141,-3.9582305442205366,-5.873322818351989,30.223003082208223
-1565766877286.0,613994.0,4192.0,0.06165,-0.00439,-0.86621,0.49585,0.01727,-168.91185,-13.525796,-3.9627126732826508,-5.880277410592485,30.21997157463663
-1565766877280.0,613994.0,4198.0,0.06171,-0.00439,-0.86615,0.49591,0.01727,-168.98462,-13.543997,-3.9665859310341767,-5.885807688620535,30.208320840134874
-1565766877273.0,613994.0,4205.0,0.06177,-0.00439,-0.86615,0.49591,0.01727,-168.97961,-13.555315,-3.9700644938522003,-5.891794490367283,30.20830557231254
-1565766877268.0,614007.0,4210.0,0.06177,-0.00446,-0.86615,0.49591,0.01727,-168.97789,-13.579184,-3.9770372649918566,-5.887795483043454,30.208116618855215
-1565766877263.0,614014.0,4215.0,0.06183,-0.00446,-0.86615,0.49597,0.01727,-168.99335,-13.591961,-3.980942349331079,-5.893751478560655,30.205089073797083
-1565766877258.0,614014.0,4220.0,0.06189,-0.00446,-0.86609,0.49597,0.01727,-169.04576,-13.608741,-3.984390889181115,-5.899310575966873,30.196449815106533
-1565766877252.0,614023.0,4226.0,0.06195,-0.00446,-0.86609,0.49597,0.01727,-169.04071,-13.620061,-3.9878703146606513,-5.905297108678258,30.196434308470188
-1565766877246.0,614031.0,4232.0,0.06201,-0.00452,-0.86609,0.49603,0.01727,-169.05466,-13.65331,-3.997753850618669,-5.907824205371687,30.193245926732757
-1565766877241.0,614031.0,4237.0,0.06213,-0.00458,-0.86603,0.49609,0.01727,-169.12103,-13.703375,-4.011087570550383,-5.9159076744152514,30.181417919569924
-1565766877235.0,614039.0,4243.0,0.06219,-0.00458,-0.86603,0.49609,0.01727,-169.11597,-13.714696,-4.014568445246915,-5.9218939719179735,30.181402003526955
-1565766877230.0,614046.0,4248.0,0.06226,-0.00464,-0.86603,0.49615,0.01727,-169.129,-13.749838,-4.025035055881575,-5.925416797846279,30.178212923206843
-1565766877223.0,614054.0,4255.0,0.06232,-0.0047,-0.86597,0.49615,0.01727,-169.17993,-13.787155,-4.0344604072083685,-5.927542787620979,30.16941005505032
-1565766877218.0,614054.0,4260.0,0.06238,-0.0047,-0.86597,0.49615,0.01727,-169.17479,-13.798475,-4.0379422059326995,-5.933528796528689,30.16939372704968
-1565766877212.0,614063.0,4266.0,0.06244,-0.00476,-0.86597,0.49622,0.01727,-169.19212,-13.831995,-4.0479022321927305,-5.936046805612439,30.16570761468701
-1565766877206.0,614071.0,4272.0,0.0625,-0.00482,-0.86591,0.49622,0.01727,-169.24312,-13.869353,-4.057327405246988,-5.938170693467858,30.156903918747673
-1565766877202.0,614071.0,4276.0,0.06256,-0.00488,-0.86591,0.49628,0.01727,-169.25699,-13.902635,-4.067216968263866,-5.940692479622044,30.153721021402546
-1565766877196.0,614079.0,4282.0,0.06256,-0.00494,-0.86591,0.49628,0.01727,-169.2555,-13.923112,-4.0731923738147495,-5.937261896578466,30.153562495595352
-1565766877190.0,614079.0,4288.0,0.06268,-0.00507,-0.86584,0.49634,0.01727,-169.32974,-13.998156,-4.093497563024506,-5.941259798418599,30.140113724679097
-1565766877184.0,614090.0,4294.0,0.06274,-0.00513,-0.86584,0.49634,0.01727,-169.32312,-14.029967,-4.102956746293248,-5.9438140190796345,30.13993933397188
-1565766877179.0,614099.0,4299.0,0.06281,-0.00519,-0.86584,0.49634,0.01727,-169.3156,-14.063662,-4.11299688236447,-5.9473657995527125,30.13976224446111
-1565766877173.0,614106.0,4305.0,0.06287,-0.00525,-0.86584,0.49628,0.01727,-169.28851,-14.093984,-4.122023026866829,-5.949956340413174,30.14259392063522
-1565766877167.0,614106.0,4311.0,0.06293,-0.00531,-0.86584,0.49628,0.01727,-169.28185,-14.125784,-4.131482446056804,-5.952511016224896,30.14242036691755
-1565766877162.0,614115.0,4316.0,0.06299,-0.00537,-0.86584,0.49628,0.01727,-169.27518,-14.157584,-4.140942071492261,-5.955065703913294,30.142247116722217
-1565766877156.0,614123.0,4322.0,0.06299,-0.00543,-0.86584,0.49628,0.01727,-169.27368,-14.178065,-4.146917178549309,-5.951635031233988,30.14209301958931
-1565766877149.0,614130.0,4329.0,0.06299,-0.00549,-0.86584,0.49628,0.01727,-169.27217,-14.198547,-4.152892270935645,-5.948204379969424,30.141939642075968
-1565766877145.0,614130.0,4333.0,0.06299,-0.00555,-0.86591,0.49622,0.01727,-169.18304,-14.210897,-4.158477707743828,-5.945320116182077,30.154860022908863
-1565766877139.0,614138.0,4339.0,0.06299,-0.00562,-0.86591,0.49615,0.01727,-169.15741,-14.233046,-4.1649425274174465,-5.9413635454003675,30.158190907021506
-1565766877134.0,614138.0,4344.0,0.06299,-0.00568,-0.86591,0.49615,0.01727,-169.15593,-14.253518,-4.17091806918903,-5.937933856812484,30.158039685951024
-1565766877128.0,614147.0,4350.0,0.06299,-0.00568,-0.86597,0.49609,0.01727,-169.07793,-14.246329,-4.170522957984593,-5.9384085440713985,30.169675140089225
-1565766877123.0,614154.0,4355.0,0.06299,-0.00574,-0.86597,0.49609,0.01727,-169.07643,-14.266795,-4.1764989047361345,-5.934979288634488,30.169524563967713
-1565766877117.0,614163.0,4361.0,0.06299,-0.0058,-0.86603,0.49603,0.01727,-168.99707,-14.280069,-4.182080564097772,-5.932025565796126,30.181009600317708
-1565766877110.0,614163.0,4368.0,0.06299,-0.00586,-0.86603,0.49597,0.01727,-168.97513,-14.299041,-4.18762264846993,-5.928637271861925,30.183869956674243
-1565766877105.0,614163.0,4373.0,0.06305,-0.00592,-0.86609,0.49591,0.01727,-168.89061,-14.323577,-4.196688050936608,-5.9316720602194595,30.195336238252153
-1565766877100.0,614175.0,4378.0,0.06305,-0.00592,-0.86609,0.49591,0.01727,-168.89061,-14.323577,-4.196688050936608,-5.9316720602194595,30.195336238252153
-1565766877093.0,614183.0,4385.0,0.06305,-0.00592,-0.86609,0.49585,0.01727,-168.87016,-14.322088,-4.196253386075277,-5.931712982245676,30.19834737076151
-1565766877088.0,614191.0,4390.0,0.06311,-0.00592,-0.86609,0.49585,0.01727,-168.86499,-14.333371,-4.199735613846426,-5.937699865937596,30.198326786869146
-1565766877082.0,614191.0,4396.0,0.06311,-0.00592,-0.86615,0.49579,0.01727,-168.78716,-14.326157,-4.199341344735978,-5.938177041525742,30.20996281102832
-1565766877077.0,614199.0,4401.0,0.06317,-0.00592,-0.86615,0.49579,0.01727,-168.782,-14.337432,-4.202823292368953,-5.94416441022957,30.209942221348626
-1565766877072.0,614206.0,4406.0,0.06317,-0.00592,-0.86615,0.49579,0.01727,-168.782,-14.337432,-4.202823292368953,-5.94416441022957,30.209942221348626
-1565766877066.0,614206.0,4412.0,0.06317,-0.00592,-0.86615,0.49579,0.01727,-168.782,-14.337432,-4.202823292368953,-5.94416441022957,30.209942221348626
-1565766877061.0,614216.0,4417.0,0.06323,-0.00586,-0.86609,0.49579,0.01727,-168.8357,-14.333989,-4.200287629958494,-5.953142025375677,30.20144679212052
-1565766877055.0,614221.0,4423.0,0.06317,-0.00586,-0.86609,0.49585,0.01727,-168.86131,-14.324202,-4.197241093642958,-5.94711446531723,30.198455466788616
-1565766877050.0,614221.0,4428.0,0.06317,-0.00586,-0.86609,0.49585,0.01727,-168.86131,-14.324202,-4.197241093642958,-5.94711446531723,30.198455466788616
-1565766877044.0,614231.0,4434.0,0.06317,-0.00586,-0.86609,0.49591,0.01727,-168.88177,-14.325692,-4.197676597357204,-5.947073956908452,30.195444306249613
-1565766877038.0,614239.0,4440.0,0.06311,-0.00586,-0.86603,0.49591,0.01727,-168.94434,-14.32013,-4.194153460630409,-5.940650715893924,30.18683932942733
-1565766877033.0,614239.0,4445.0,0.06305,-0.00586,-0.86603,0.49597,0.01727,-168.96996,-14.310331,-4.1911055300530995,-5.93462370740148,30.183849590573644
-1565766877027.0,614247.0,4451.0,0.06305,-0.00586,-0.86597,0.49603,0.01727,-169.04782,-14.317534,-4.191499800898992,-5.9341473643945815,30.17221371849621
-1565766877022.0,614258.0,4456.0,0.06299,-0.00586,-0.86597,0.49609,0.01727,-169.07346,-14.307728,-4.188450756310969,-5.928120841758213,30.169225569656035
-1565766877016.0,614258.0,4462.0,0.06293,-0.00586,-0.86591,0.49615,0.01727,-169.15663,-14.303635,-4.1853606156734315,-5.9216593887739215,30.157610690369722
-1565766877010.0,614268.0,4468.0,0.06287,-0.00586,-0.86591,0.49622,0.01727,-169.18571,-14.2940645,-4.182382412767357,-5.9156266661728525,30.154123028322758
-1565766877004.0,614275.0,4474.0,0.06281,-0.00586,-0.86584,0.49634,0.01727,-169.29901,-14.292391,-4.179717077325198,-5.909053738393515,30.138065598868764
-1565766876998.0,614275.0,4480.0,0.06274,-0.00586,-0.86584,0.4964,0.01727,-169.32553,-14.280672,-4.176083882440208,-5.9020309200986345,30.135084726159846
-1565766876992.0,614284.0,4486.0,0.06268,-0.0058,-0.86578,0.4964,0.01727,-169.38982,-14.254569,-4.166583960988789,-5.899044056988639,30.12662338820674
-1565766876988.0,614290.0,4490.0,0.06262,-0.0058,-0.86578,0.49646,0.01727,-169.41547,-14.244725,-4.163530662795523,-5.893019644785919,30.123639929820712
-1565766876981.0,614290.0,4497.0,0.06262,-0.0058,-0.86572,0.49652,0.01727,-169.49373,-14.251914,-4.163922367155599,-5.892546724491901,30.112006470928122
-1565766876976.0,614300.0,4502.0,0.06256,-0.0058,-0.86572,0.49658,0.01727,-169.51938,-14.242062,-4.160867954236194,-5.8865227975163315,30.109024602247914
-1565766876970.0,614307.0,4508.0,0.0625,-0.00574,-0.86566,0.4967,0.01727,-169.62477,-14.218874,-4.152230324075102,-5.883459986916082,30.094559108646422
-1565766876965.0,614307.0,4513.0,0.06244,-0.00574,-0.8656,0.49683,0.01727,-169.73224,-14.21643,-4.149636759718274,-5.876959127323079,30.079448186571383
-1565766876960.0,614316.0,4518.0,0.06238,-0.00568,-0.86554,0.49689,0.01727,-169.81721,-14.191722,-4.140567353662633,-5.873939844495154,30.06798436411968
-1565766876953.0,614322.0,4525.0,0.06232,-0.00568,-0.86554,0.49689,0.01727,-169.8224,-14.180362,-4.137079725822945,-5.867957451018196,30.068004034441728
-1565766876946.0,614331.0,4532.0,0.06232,-0.00562,-0.86548,0.49701,0.01727,-169.92291,-14.168478,-4.131927778859887,-5.870883392840352,30.05352413849168
-1565766876942.0,614331.0,4536.0,0.06226,-0.00562,-0.86548,0.49707,0.01727,-169.94858,-14.158582,-4.1288686990401695,-5.864862603275077,30.050547986529523
-1565766876936.0,614343.0,4542.0,0.06226,-0.00562,-0.86542,0.49713,0.01727,-170.02715,-14.165744,-4.129259159765975,-5.864393439209714,30.03891771994222
-1565766876930.0,614343.0,4548.0,0.06219,-0.00562,-0.86536,0.49719,0.01727,-170.11176,-14.159624,-4.125578668733892,-5.856946399489409,30.027309728953227
-1565766876925.0,614352.0,4553.0,0.06219,-0.00568,-0.8653,0.49731,0.01727,-170.20953,-14.188821,-4.132368020653927,-5.853001701960045,30.012539387394597
-1565766876921.0,614358.0,4557.0,0.06219,-0.00568,-0.8653,0.49744,0.01727,-170.25407,-14.192021,-4.133296892099452,-5.8529166441359015,30.006058899218843
-1565766876915.0,614358.0,4563.0,0.06219,-0.00568,-0.86523,0.49744,0.01727,-170.32193,-14.1986685,-4.133251210889837,-5.85241517876271,29.995980539738454
-1565766876908.0,614368.0,4570.0,0.06226,-0.00568,-0.86517,0.4975,0.01727,-170.39468,-14.21916,-4.137714273750322,-5.85892237576977,29.98432789570475
-1565766876903.0,614375.0,4575.0,0.06226,-0.00568,-0.86517,0.49756,0.01727,-170.41525,-14.220639,-4.138143468213045,-5.8588831178947975,29.981339430223926
-1565766876898.0,614375.0,4580.0,0.06232,-0.00568,-0.86517,0.49762,0.01727,-170.43065,-14.23353,-4.142065219294048,-5.864823598410171,29.97833189052224
-1565766876893.0,614383.0,4585.0,0.06232,-0.00568,-0.86511,0.49762,0.01727,-170.48894,-14.239252,-4.142026063561264,-5.864392863237571,29.969690733985644
-1565766876887.0,614391.0,4591.0,0.06238,-0.00568,-0.86511,0.49768,0.01727,-170.50432,-14.252147,-4.14594878094664,-5.870332987726099,29.966684265113386
-1565766876879.0,614391.0,4599.0,0.06244,-0.00568,-0.86511,0.49768,0.01727,-170.49915,-14.26356,-4.149442022972023,-5.876312434633504,29.96666465627648
-1565766876876.0,614402.0,4602.0,0.0625,-0.00568,-0.86505,0.49774,0.01727,-170.57283,-14.282195,-4.15332710158644,-5.881820693455502,29.955016648987424
-1565766876870.0,614406.0,4608.0,0.06256,-0.00568,-0.86505,0.49774,0.01727,-170.56763,-14.293609,-4.156821029102741,-5.887799849095837,29.95499704580915
-1565766876864.0,614414.0,4614.0,0.06262,-0.00568,-0.86505,0.49774,0.01727,-170.56241,-14.305025,-4.160315091526155,-5.89377906908263,29.954977442654155
-1565766876859.0,614414.0,4619.0,0.06268,-0.00562,-0.86505,0.49774,0.01727,-170.5587,-14.295862,-4.1578400470846795,-5.903198795416565,29.95510649383246
-1565766876853.0,614426.0,4625.0,0.06268,-0.00562,-0.86505,0.49774,0.01727,-170.5587,-14.295862,-4.1578400470846795,-5.903198795416565,29.95510649383246
-1565766876846.0,614426.0,4632.0,0.06274,-0.00555,-0.86499,0.4978,0.01727,-170.63419,-14.290512,-4.154764428542554,-5.912720061784915,29.943632744847392
-1565766876842.0,614436.0,4636.0,0.06274,-0.00555,-0.86499,0.4978,0.01727,-170.63419,-14.290512,-4.154764428542554,-5.912720061784915,29.943632744847392
-1565766876837.0,614443.0,4641.0,0.06281,-0.00555,-0.86499,0.4978,0.01727,-170.62805,-14.303831,-4.158841699258461,-5.919695654578815,29.943610403853768
-1565766876830.0,614443.0,4648.0,0.06287,-0.00549,-0.86499,0.4978,0.01727,-170.62433,-14.294669,-4.156367661571154,-5.929115822100406,29.94374205131217
-1565766876825.0,614451.0,4653.0,0.06287,-0.00543,-0.86499,0.49774,0.01727,-170.60527,-14.272592,-4.149965208991878,-5.932594396422496,29.94687841930238
-1565766876819.0,614459.0,4659.0,0.06293,-0.00543,-0.86499,0.49774,0.01727,-170.6,-14.284006,-4.1534597931059425,-5.938573685839298,29.946859680134352
-1565766876812.0,614467.0,4666.0,0.06299,-0.00537,-0.86499,0.49774,0.01727,-170.59627,-14.27484,-4.150985404834133,-5.94799376120551,29.946993628800513
-1565766876807.0,614467.0,4671.0,0.06299,-0.00537,-0.86499,0.49774,0.01727,-170.59627,-14.27484,-4.150985404834133,-5.94799376120551,29.946993628800513
-1565766876802.0,614475.0,4676.0,0.06305,-0.00537,-0.86499,0.49774,0.01727,-170.591,-14.286253,-4.154480217476104,-5.953973217925259,29.946975096517235
-1565766876797.0,614483.0,4681.0,0.06311,-0.00537,-0.86499,0.49774,0.01727,-170.58574,-14.297666,-4.157975165868254,-5.959952739726427,29.94695656425479
-1565766876791.0,614483.0,4687.0,0.06317,-0.00531,-0.86499,0.49774,0.01727,-170.58202,-14.2885,-4.155500999308624,-5.969373181685391,29.947092061407318
-1565766876786.0,614490.0,4692.0,0.06329,-0.00531,-0.86499,0.49774,0.01727,-170.57152,-14.311323,-4.1624914903334425,-5.9813326264540425,29.947055410676967
-1565766876779.0,614499.0,4699.0,0.06335,-0.00537,-0.86499,0.49774,0.01727,-170.56471,-14.343308,-4.171956319534937,-5.983871479090441,29.946882435413087
-1565766876774.0,614499.0,4704.0,0.06342,-0.00537,-0.86499,0.49774,0.01727,-170.55856,-14.356616,-4.176034566743878,-5.99084797504194,29.946860814563635
-1565766876768.0,614510.0,4710.0,0.06354,-0.00537,-0.86499,0.49768,0.01727,-170.52747,-14.377919,-4.182588172681675,-6.002845014817601,29.949809138300495
-1565766876761.0,614510.0,4717.0,0.0636,-0.00537,-0.86499,0.49768,0.01727,-170.52219,-14.389323,-4.186083818030679,-6.0088250710425815,29.949790602855742
-1565766876757.0,614522.0,4721.0,0.06366,-0.00537,-0.86499,0.49768,0.01727,-170.51689,-14.400725,-4.189579600311824,-6.014805192966126,29.949772067431795
-1565766876752.0,614526.0,4726.0,0.06372,-0.00543,-0.86499,0.49768,0.01727,-170.51006,-14.432696,-4.199045155671178,-6.017344616297613,29.949598291798694
-1565766876745.0,614526.0,4733.0,0.06378,-0.00543,-0.86499,0.49768,0.01727,-170.50478,-14.444097,-4.202541255393614,-6.023324831934276,29.94957954954245
-1565766876740.0,614535.0,4738.0,0.06396,-0.00549,-0.86499,0.49768,0.01727,-170.48732,-14.498857,-4.219000173280282,-6.037824980019721,29.949367976327935
-1565766876735.0,614542.0,4743.0,0.06403,-0.00555,-0.86499,0.49768,0.01727,-170.4796,-14.532721,-4.229049491856733,-6.041361251416969,29.94919100234226
-1565766876728.0,614551.0,4750.0,0.06403,-0.00562,-0.86499,0.49768,0.01727,-170.47781,-14.556717,-4.23601427447944,-6.0373468761932605,29.94901123586378
-1565766876723.0,614551.0,4755.0,0.06409,-0.00562,-0.86499,0.49762,0.01727,-170.45192,-14.566584,-4.239069321973853,-6.043366168597523,29.95197758578321
-1565766876717.0,614558.0,4761.0,0.06415,-0.00568,-0.86499,0.49762,0.01727,-170.44505,-14.59854,-4.248535882386107,-6.045906140495154,29.951804431079182
-1565766876712.0,614567.0,4766.0,0.06421,-0.0058,-0.86499,0.49762,0.01727,-170.43668,-14.651065,-4.263972558386305,-6.045005599240082,29.951479065192757
-1565766876707.0,614567.0,4771.0,0.06421,-0.00586,-0.86499,0.49762,0.01727,-170.43515,-14.671634,-4.2699424491643505,-6.041565096039764,29.951327267738833
-1565766876700.0,614576.0,4778.0,0.06427,-0.00592,-0.86499,0.49756,0.01727,-170.40768,-14.702053,-4.278966369589715,-6.044145989933983,29.954141853297102
-1565766876696.0,614583.0,4782.0,0.06433,-0.0061,-0.86505,0.49756,0.01727,-170.33951,-14.769204,-4.300415135703853,-6.040250973674812,29.962316454384137
-1565766876690.0,614583.0,4788.0,0.06439,-0.00616,-0.86505,0.49756,0.01727,-170.33263,-14.801138,-4.309882660852774,-6.0427917606218795,29.96214650317755
-1565766876684.0,614595.0,4794.0,0.06439,-0.00629,-0.86505,0.49756,0.01727,-170.3293,-14.845683,-4.322818416714678,-6.035338293928764,29.96182638223806
-1565766876678.0,614595.0,4800.0,0.06445,-0.00641,-0.86505,0.4975,0.01727,-170.30034,-14.89664,-4.337812258574127,-6.034483332217268,29.964498615301267
-1565766876673.0,614602.0,4805.0,0.06451,-0.00647,-0.86505,0.4975,0.01727,-170.29343,-14.928563,-4.347279893499113,-6.037024506938069,29.964330866505065
-1565766876668.0,614611.0,4810.0,0.06458,-0.00653,-0.86505,0.4975,0.01727,-170.2856,-14.962378,-4.357330666388747,-6.040562501578937,29.964159666778585
-1565766876662.0,614611.0,4816.0,0.06464,-0.00659,-0.86505,0.49744,0.01727,-170.25812,-14.99276,-4.3663531404369476,-6.043149267520318,29.966979774354897
-1565766876656.0,614619.0,4822.0,0.0647,-0.00665,-0.86505,0.49738,0.01727,-170.23064,-15.023138,-4.375375007699031,-6.045736875499169,29.969800649922448
-1565766876650.0,614627.0,4828.0,0.06488,-0.00677,-0.86511,0.49731,0.01727,-170.12932,-15.090477,-4.397333014639543,-6.057305198065018,29.981575618622045
-1565766876646.0,614627.0,4832.0,0.06494,-0.00684,-0.86511,0.49725,0.01727,-170.10152,-15.124248,-4.407348763569001,-6.059322423900581,29.984374888410755
-1565766876639.0,614635.0,4839.0,0.065,-0.0069,-0.86517,0.49719,0.01727,-170.01596,-15.14853,-4.4164163028033085,-6.062362986667133,29.99584271185509
-1565766876635.0,614643.0,4843.0,0.06506,-0.0069,-0.86517,0.49713,0.01727,-169.99,-15.15832,-4.419464530104423,-6.068392652543665,29.99880976003365
-1565766876629.0,614651.0,4849.0,0.06512,-0.00696,-0.86523,0.49707,0.01727,-169.90448,-15.182568,-4.428531649143708,-6.071435755596513,30.010278125074464
-1565766876622.0,614651.0,4856.0,0.06519,-0.00696,-0.86523,0.49707,0.01727,-169.89816,-15.195783,-4.4326105901490624,-6.078415314157765,30.010250044011485
-1565766876618.0,614659.0,4860.0,0.06531,-0.00702,-0.8653,0.49701,0.01727,-169.79773,-15.230314,-4.44518188484559,-6.0875188810624135,30.023133654905962
-1565766876612.0,614668.0,4866.0,0.06537,-0.00702,-0.8653,0.49689,0.01727,-169.75124,-15.238524,-4.447776897448836,-6.093599097700807,30.029097026759715
-1565766876606.0,614668.0,4872.0,0.06543,-0.00702,-0.86536,0.49683,0.01727,-169.6674,-15.242191,-4.450869839289016,-6.1000832675267835,30.040708052664684
-1565766876601.0,614679.0,4877.0,0.06549,-0.00702,-0.86536,0.49677,0.01727,-169.6415,-15.251944,-4.453913695474701,-6.106115500107059,30.043679446186687
-1565766876595.0,614679.0,4883.0,0.06567,-0.00708,-0.86548,0.49664,0.01727,-169.46365,-15.290769,-4.469489342939185,-6.121646125438112,30.067234595965132
-1565766876591.0,614687.0,4887.0,0.06573,-0.00708,-0.86548,0.49652,0.01727,-169.41725,-15.298943,-4.472077693485145,-6.127728804114181,30.073207401460877
-1565766876585.0,614694.0,4893.0,0.0658,-0.00708,-0.86554,0.49646,0.01727,-169.33276,-15.3044405,-4.475749152189325,-6.135215085100249,30.084816120720873
-1565766876578.0,614694.0,4900.0,0.06592,-0.00714,-0.86554,0.4964,0.01727,-169.29979,-15.34591,-4.488256985033554,-6.14380204907679,30.0876241117289
-1565766876573.0,614704.0,4905.0,0.06598,-0.00714,-0.8656,0.49628,0.01727,-169.19583,-15.34794,-4.490890070299751,-6.150342496445514,30.102239343823285
-1565766876567.0,614710.0,4911.0,0.06604,-0.00714,-0.86566,0.49622,0.01727,-169.11237,-15.351519,-4.49397691901149,-6.156834478290283,30.113853121482563
-1565766876563.0,614710.0,4915.0,0.06616,-0.00714,-0.86572,0.49615,0.01727,-169.02014,-15.366083,-4.500479424052901,-6.169322489609841,30.12594244994358
-1565766876557.0,614719.0,4921.0,0.06622,-0.00714,-0.86572,0.49603,0.01727,-168.97374,-15.374196,-4.503058787254,-6.175408203187458,30.1319278672442
-1565766876551.0,614726.0,4927.0,0.06628,-0.00714,-0.86578,0.49597,0.01727,-168.8904,-15.377745,-4.506142807523455,-6.181902981531559,30.14354307404581
-1565766876545.0,614735.0,4933.0,0.06641,-0.00714,-0.86584,0.49579,0.01727,-168.7599,-15.3912525,-4.512383505909425,-6.195483439975288,30.161145505382407
-1565766876539.0,614735.0,4939.0,0.06647,-0.00714,-0.86591,0.49573,0.01727,-168.66716,-15.393759,-4.515473200167482,-6.202057226474287,30.17420046816551
-1565766876533.0,614742.0,4945.0,0.06653,-0.00714,-0.86591,0.49567,0.01727,-168.64127,-15.403405,-4.518504773905729,-6.2080952505317315,30.177185895130336
-1565766876528.0,614751.0,4950.0,0.06653,-0.00714,-0.86597,0.49561,0.01727,-168.5636,-15.395708,-4.518095305874586,-6.208604756283076,30.18882756391318
-1565766876523.0,614751.0,4955.0,0.06659,-0.00714,-0.86597,0.49554,0.01727,-168.5343,-15.405085,-4.521049254333101,-6.214651500573069,30.19231660674035
-1565766876518.0,614751.0,4960.0,0.06665,-0.00708,-0.86603,0.49548,0.01727,-168.4529,-15.388177,-4.518149399815489,-6.22457791145466,30.20408115572137
-1565766876511.0,614762.0,4967.0,0.06671,-0.00708,-0.86603,0.49542,0.01727,-168.42703,-15.397805,-4.521178367149881,-6.2306166090082655,30.207070090832488
-1565766876507.0,614772.0,4971.0,0.06677,-0.00708,-0.86609,0.49536,0.01727,-168.34404,-15.4012985,-4.524255460837138,-6.237117186098875,30.218688643562956
-1565766876501.0,614779.0,4977.0,0.06683,-0.00708,-0.86615,0.4953,0.01727,-168.26111,-15.404788,-4.527331865966607,-6.2436186737779185,30.230306767206827
-1565766876495.0,614779.0,4983.0,0.06689,-0.00708,-0.86615,0.49524,0.01727,-168.23521,-15.414393,-4.530358766122878,-6.249658420652835,30.233298335479347
-1565766876489.0,614788.0,4989.0,0.06696,-0.00708,-0.86615,0.49518,0.01727,-168.20845,-15.42586,-4.533966227452315,-6.256696718438134,30.236286329623113
-1565766876483.0,614795.0,4995.0,0.06708,-0.00708,-0.86621,0.49512,0.01727,-168.1202,-15.440506,-4.540527836672062,-6.269191595477438,30.24788145064126
-1565766876478.0,614802.0,5000.0,0.06714,-0.00702,-0.86621,0.49512,0.01727,-168.1163,-15.431282,-4.538034844856829,-6.278607806301598,30.248006467056044
-1565766876472.0,614802.0,5006.0,0.0672,-0.00696,-0.86621,0.49506,0.01727,-168.09201,-15.420474,-4.535078520374373,-6.2880723304615,30.251151043003844
-1565766876467.0,614810.0,5011.0,0.0672,-0.00696,-0.86627,0.495,0.01727,-168.01471,-15.412768,-4.534663138003715,-6.2885853034735355,30.26279627873882
-1565766876462.0,614810.0,5016.0,0.06726,-0.0069,-0.86627,0.49493,0.01727,-167.987,-15.401691,-4.531627870007781,-6.298057134013433,30.266447134005233
-1565766876455.0,614819.0,5023.0,0.06732,-0.00684,-0.86627,0.49493,0.01727,-167.98311,-15.3924675,-4.529133247614982,-6.307472968350023,30.26657570761006
-1565766876449.0,614826.0,5029.0,0.06732,-0.00677,-0.86633,0.49487,0.01727,-167.90773,-15.360992,-4.521737776911252,-6.311979710120301,30.27840098481704
-1565766876443.0,614834.0,5035.0,0.06732,-0.00671,-0.86633,0.49487,0.01727,-167.90932,-15.340612,-4.515756264038977,-6.315402948560374,30.278555256340383
-1565766876438.0,614834.0,5040.0,0.06726,-0.00665,-0.86633,0.49487,0.01727,-167.91635,-15.309074,-4.506288903122398,-6.312833390496571,30.27873344142084
-1565766876433.0,614846.0,5045.0,0.0672,-0.00659,-0.86633,0.49481,0.01727,-167.90302,-15.275956,-4.49635834606304,-6.31030943087649,30.281933883441994
-1565766876426.0,614846.0,5052.0,0.06708,-0.00653,-0.86639,0.49481,0.01727,-167.85878,-15.227206,-4.483451981856988,-6.30221080418196,30.290759719154224
-1565766876422.0,614855.0,5056.0,0.06702,-0.00647,-0.86639,0.49481,0.01727,-167.86581,-15.195675,-4.473985475646242,-6.299640481441004,30.290938685903654
-1565766876417.0,614862.0,5061.0,0.06689,-0.00641,-0.86639,0.49481,0.01727,-167.87915,-15.151118,-4.46045411236266,-6.290078364938809,30.291144045986613
-1565766876410.0,614862.0,5068.0,0.06671,-0.00623,-0.86639,0.49481,0.01727,-167.90018,-15.056497,-4.432057250417188,-6.2823676149346035,30.29168292437464
-1565766876405.0,614870.0,5073.0,0.06665,-0.00616,-0.86646,0.49481,0.01727,-167.84114,-15.014578,-4.421644706343072,-6.280905679102209,30.30194903661237
-1565766876399.0,614879.0,5079.0,0.06659,-0.0061,-0.86646,0.49475,0.01727,-167.82773,-14.981476,-4.411720032776289,-6.278377171096443,30.305153663508563
-1565766876393.0,614886.0,5085.0,0.06653,-0.0061,-0.86646,0.49475,0.01727,-167.83313,-14.970309,-4.408237207021124,-6.272383919488903,30.305174954560485
-1565766876388.0,614886.0,5090.0,0.06647,-0.00604,-0.86652,0.49469,0.01727,-167.76305,-14.931271,-4.39835583345906,-6.270314387126918,30.317001603519174
-1565766876382.0,614895.0,5096.0,0.06647,-0.00598,-0.86652,0.49469,0.01727,-167.76459,-14.910904,-4.3923734627393,-6.27373610601702,30.317161908200873
-1565766876378.0,614902.0,5100.0,0.06647,-0.00592,-0.86652,0.49463,0.01727,-167.74579,-14.888977,-4.385932652931838,-6.277198795797016,30.32034861954159
-1565766876371.0,614902.0,5107.0,0.06647,-0.00586,-0.86658,0.49457,0.01727,-167.67027,-14.861129,-4.379532229358442,-6.281120452403863,30.332157122661954
-1565766876366.0,614911.0,5112.0,0.06647,-0.0058,-0.86658,0.49451,0.01727,-167.6515,-14.839208,-4.373090948011959,-6.284581531194468,30.335347068756818
-1565766876361.0,614919.0,5117.0,0.06647,-0.00568,-0.86664,0.49445,0.01727,-167.57767,-14.79104,-4.360705925755769,-6.291921761652423,30.347322048477935
-1565766876354.0,614919.0,5124.0,0.06653,-0.00562,-0.8667,0.49438,0.01727,-167.49348,-14.774127,-4.357706250259732,-6.30184228533122,30.359619483522778
-1565766876349.0,614930.0,5129.0,0.06653,-0.00555,-0.8667,0.49432,0.01727,-167.47496,-14.74883,-4.350266265073381,-6.30587042443935,30.362843337521653
-1565766876344.0,614930.0,5134.0,0.06653,-0.00555,-0.86676,0.49426,0.01727,-167.39812,-14.741402,-4.34984566030193,-6.306369026943333,30.374491478844917
-1565766876339.0,614938.0,5139.0,0.06659,-0.00549,-0.86676,0.49426,0.01727,-167.3943,-14.732201,-4.347340373816078,-6.315783767106238,30.374639092571556
-1565766876333.0,614938.0,5145.0,0.06659,-0.00543,-0.86676,0.4942,0.01727,-167.37553,-14.710299,-4.340896751179798,-6.3192403731660205,30.377838793843566
-1565766876327.0,614947.0,5151.0,0.06659,-0.00543,-0.86682,0.49414,0.01727,-167.29878,-14.702888,-4.340474888709947,-6.319738573489669,30.38948771704389
-1565766876323.0,614954.0,5155.0,0.06665,-0.00537,-0.86682,0.49414,0.01727,-167.29498,-14.6936865,-4.337968314492515,-6.3291531418234666,30.38963750377394
-1565766876316.0,614963.0,5162.0,0.06665,-0.00537,-0.86682,0.49408,0.01727,-167.27466,-14.692123,-4.337508573322368,-6.329190289641361,30.392671101461644
-1565766876310.0,614963.0,5168.0,0.06677,-0.00537,-0.86688,0.49402,0.01727,-167.18718,-14.706957,-4.3440409846609205,-6.341682207824889,30.404283127503533
-1565766876306.0,614971.0,5172.0,0.06683,-0.00537,-0.86688,0.49402,0.01727,-167.18182,-14.718077,-4.347518755307465,-6.347679166563447,30.40426432729282
-1565766876300.0,614971.0,5178.0,0.06689,-0.00537,-0.86688,0.49396,0.01727,-167.15611,-14.727627,-4.3505352588054,-6.353713344713175,30.407280717156908
-1565766876295.0,614980.0,5183.0,0.06696,-0.00537,-0.86688,0.49396,0.01727,-167.14987,-14.740596,-4.354592520008369,-6.360709966887774,30.407258779668567
-1565766876289.0,614987.0,5189.0,0.06708,-0.00537,-0.86688,0.4939,0.01727,-167.11879,-14.761253,-4.361085548054611,-6.372741548936086,30.410256899960856
-1565766876284.0,614994.0,5194.0,0.06714,-0.00531,-0.86694,0.4939,0.01727,-167.05864,-14.746178,-4.35861422769208,-6.3826203409070095,30.419024034925087
-1565766876278.0,614994.0,5200.0,0.06726,-0.00531,-0.86694,0.49384,0.01727,-167.02757,-14.766815,-4.365105934339033,-6.394652852351999,30.422023651255387
-1565766876273.0,615002.0,5205.0,0.06738,-0.00531,-0.86694,0.49384,0.01727,-167.01678,-14.7890215,-4.372061374482315,-6.406648908699775,30.421986447020302
-1565766876266.0,615002.0,5212.0,0.06744,-0.00531,-0.86694,0.49377,0.01727,-166.98772,-14.798283,-4.374996527906176,-6.412689904457558,30.42551147577683
-1565766876261.0,615016.0,5217.0,0.06757,-0.00531,-0.86694,0.49377,0.01727,-166.97598,-14.822324,-4.382531499485171,-6.4256861045341775,30.42547116283579
-1565766876256.0,615022.0,5222.0,0.06775,-0.00531,-0.86694,0.49371,0.01727,-166.93945,-14.854026,-4.392498261400717,-6.4437181323289074,30.42845331974226
-1565766876250.0,615022.0,5228.0,0.06781,-0.00525,-0.86694,0.49371,0.01727,-166.93561,-14.84481,-4.389989585603916,-6.453132836139509,30.42860934899045
-1565766876245.0,615031.0,5233.0,0.06787,-0.00525,-0.86694,0.49371,0.01727,-166.93016,-14.8559,-4.393467610992194,-6.459131518735738,30.428590949809077
-1565766876239.0,615038.0,5239.0,0.06793,-0.00525,-0.86694,0.49371,0.01727,-166.92476,-14.866993,-4.396945781912697,-6.4651302724354744,30.42857255064787
-1565766876233.0,615047.0,5245.0,0.06799,-0.00525,-0.86694,0.49365,0.01727,-166.899,-14.876487,-4.399955022740528,-6.471165425102072,30.43159270062108
-1565766876226.0,615047.0,5252.0,0.06805,-0.00525,-0.86694,0.49365,0.01727,-166.89354,-14.88757,-4.403433067816788,-6.477164321645319,30.43157429817751
-1565766876223.0,615055.0,5255.0,0.06812,-0.00519,-0.867,0.49365,0.01727,-166.83266,-14.874291,-4.401539909155761,-6.488050452128786,30.440344013838498
-1565766876217.0,615062.0,5261.0,0.06812,-0.00519,-0.867,0.49365,0.01727,-166.83266,-14.874291,-4.401539909155761,-6.488050452128786,30.440344013838498
-1565766876211.0,615062.0,5267.0,0.06812,-0.00519,-0.867,0.49365,0.01727,-166.83266,-14.874291,-4.401539909155761,-6.488050452128786,30.440344013838498
-1565766876206.0,615070.0,5272.0,0.06818,-0.00519,-0.867,0.49359,0.01727,-166.80692,-14.883778,-4.404547818799629,-6.494085879002819,30.443365455938405
-1565766876201.0,615078.0,5277.0,0.06824,-0.00513,-0.867,0.49359,0.01727,-166.8031,-14.874562,-4.4020384592739,-6.503501106772258,30.443524957548462
-1565766876194.0,615078.0,5284.0,0.06824,-0.00513,-0.867,0.49359,0.01721,-166.8031,-14.874562,-4.4020384592739,-6.503501106772258,30.443524957548462
-1565766876189.0,615087.0,5289.0,0.0683,-0.00513,-0.867,0.49359,0.01727,-166.79762,-14.885638,-4.40551660141504,-6.509500803694019,30.443506970329025
-1565766876183.0,615087.0,5295.0,0.06836,-0.00513,-0.867,0.49359,0.01727,-166.79219,-14.896717,-4.4089948899191205,-6.51550057230279,30.443488983128802
-1565766876177.0,615099.0,5301.0,0.06836,-0.00513,-0.867,0.49359,0.01721,-166.79219,-14.896717,-4.4089948899191205,-6.51550057230279,30.443488983128802
-1565766876173.0,615107.0,5305.0,0.06842,-0.00519,-0.86694,0.49359,0.01721,-166.84123,-14.934014,-4.418425060649089,-6.517611165401444,30.4346774627343
-1565766876166.0,615107.0,5312.0,0.06848,-0.00519,-0.86694,0.49359,0.01721,-166.83574,-14.945091,-4.421903689497969,-6.523610615805579,30.43465926722422
-1565766876162.0,615115.0,5316.0,0.06854,-0.00519,-0.86694,0.49359,0.01727,-166.83026,-14.956168,-4.425382465143199,-6.529610138047558,30.434641071733793
-1565766876156.0,615122.0,5322.0,0.0686,-0.00525,-0.86694,0.49365,0.01721,-166.84348,-14.989146,-4.435321963398433,-6.532157538083811,30.43140561004921
-1565766876150.0,615122.0,5328.0,0.06866,-0.00525,-0.86694,0.49365,0.01727,-166.83801,-15.00022,-4.438801498006796,-6.53815716278383,30.431387207810246
-1565766876144.0,615131.0,5334.0,0.06873,-0.00537,-0.86688,0.49371,0.01727,-166.9049,-15.061326,-4.455272951212657,-6.537811345378924,30.419356175944714
-1565766876139.0,615139.0,5339.0,0.06879,-0.00537,-0.86688,0.49371,0.01727,-166.89938,-15.072403,-4.458753317374965,-6.543810622695581,30.419337358874415
-1565766876134.0,615139.0,5344.0,0.06885,-0.00543,-0.86688,0.49371,0.01727,-166.89227,-15.103782,-4.468220805617871,-6.546393182617901,30.41914173993277
-1565766876127.0,615146.0,5351.0,0.06885,-0.00543,-0.86682,0.49377,0.01721,-166.96881,-15.111403,-4.468658376911381,-6.545879119460785,30.407486917073072
-1565766876123.0,615155.0,5355.0,0.06891,-0.00543,-0.86682,0.49377,0.01721,-166.96332,-15.122481,-4.472139503214812,-6.551878078454566,30.40746789536294
-1565766876117.0,615162.0,5361.0,0.06891,-0.00549,-0.86682,0.49384,0.01727,-166.98538,-15.144671,-4.478680773977165,-6.548416532871887,30.40374947645374
-1565766876110.0,615162.0,5368.0,0.06891,-0.00549,-0.86676,0.4939,0.01727,-167.06194,-15.152306,-4.47911834065289,-6.5479016371547445,30.392095545763297
-1565766876106.0,615171.0,5372.0,0.06897,-0.00549,-0.8667,0.49396,0.01721,-167.13303,-15.1710415,-4.483038549875572,-6.5533848886002914,30.380421971131383
-1565766876099.0,615171.0,5379.0,0.06897,-0.00549,-0.8667,0.49402,0.01727,-167.15334,-15.172658,-4.483514411061738,-6.553346893882734,30.377388510170917
-1565766876094.0,615183.0,5384.0,0.06897,-0.00549,-0.86664,0.49408,0.01721,-167.23009,-15.180319,-4.4839523932325225,-6.5528315778353585,30.365734790609892
-1565766876088.0,615191.0,5390.0,0.06897,-0.00549,-0.86664,0.49414,0.01721,-167.2504,-15.181938,-4.484428253228368,-6.552793583159951,30.362702936703982
-1565766876083.0,615191.0,5395.0,0.06903,-0.00549,-0.86658,0.4942,0.01721,-167.3216,-15.200701,-4.4883506945262805,-6.55827564264526,30.351030652038233
-1565766876078.0,615200.0,5400.0,0.06903,-0.00549,-0.86658,0.4942,0.01721,-167.3216,-15.200701,-4.4883506945262805,-6.55827564264526,30.351030652038233
-1565766876072.0,615207.0,5406.0,0.06903,-0.00555,-0.86652,0.49426,0.01721,-167.3968,-15.228716,-4.494773628900651,-6.55433925595256,30.339201758638367
-1565766876066.0,615207.0,5412.0,0.06909,-0.00555,-0.86652,0.49432,0.01721,-167.41158,-15.241446,-4.498735387969761,-6.560297829963509,30.336153214714543
-1565766876061.0,615215.0,5417.0,0.06909,-0.00555,-0.86646,0.49445,0.01721,-167.51212,-15.251028,-4.499729913072416,-6.559736448791115,30.320968361958478
-1565766876055.0,615222.0,5423.0,0.06915,-0.00562,-0.86639,0.49451,0.01721,-167.59103,-15.29461,-4.5106298521838335,-6.56114349596801,30.307655397951365
-1565766876049.0,615230.0,5429.0,0.06915,-0.00562,-0.86633,0.49457,0.01721,-167.66797,-15.302327,-4.5110681699837185,-6.560626026408023,30.296002859020078
-1565766876043.0,615230.0,5435.0,0.06915,-0.00562,-0.86633,0.49463,0.01721,-167.68835,-15.303954,-4.5115452617144935,-6.560587131432723,30.292978218665283
-1565766876038.0,615238.0,5440.0,0.06921,-0.00568,-0.86627,0.49469,0.01721,-167.75821,-15.3431835,-4.5214548628405,-6.562641302423989,30.281132701424355
-1565766876032.0,615247.0,5446.0,0.06921,-0.00568,-0.86627,0.49475,0.01721,-167.77858,-15.34481,-4.521932363517037,-6.562601992040816,30.27810971108231
-1565766876028.0,615247.0,5450.0,0.06921,-0.00574,-0.86621,0.49481,0.01721,-167.85408,-15.3729315,-4.528353099336449,-6.558659204051267,30.266285374617524
-1565766876021.0,615254.0,5457.0,0.06927,-0.0058,-0.86621,0.49481,0.01721,-167.84683,-15.404437,-4.53782504824537,-6.561229590995773,30.26609269910314
-1565766876016.0,615254.0,5462.0,0.06927,-0.00586,-0.86615,0.49493,0.01727,-167.94267,-15.434214,-4.544722847489234,-6.557244597183451,30.25124922218022
-1565766876009.0,615267.0,5469.0,0.06927,-0.00592,-0.86615,0.49493,0.01721,-167.94102,-15.454592,-4.5507048410240625,-6.55381931353202,30.25107813028373
-1565766876004.0,615275.0,5474.0,0.06934,-0.00592,-0.86609,0.495,0.01721,-168.01517,-15.475667,-4.555294506581035,-6.560285118742967,30.238900307136802
-1565766875999.0,615275.0,5479.0,0.06934,-0.00598,-0.86609,0.49506,0.01721,-168.03392,-15.497684,-4.561754482835745,-6.556817943589309,30.235711359631054
-1565766875993.0,615284.0,5485.0,0.0694,-0.00604,-0.86609,0.49506,0.01727,-168.02666,-15.529213,-4.571227863467822,-6.559385760341327,30.235520543768004
-1565766875987.0,615290.0,5491.0,0.0694,-0.0061,-0.86603,0.49506,0.01721,-168.0819,-15.555797,-4.577167399991698,-6.5554792624907705,30.22671902162658
-1565766875981.0,615290.0,5497.0,0.06946,-0.00616,-0.86603,0.49512,0.01721,-168.09499,-15.588969,-4.587119804441222,-6.55800402510544,30.223511831267018
-1565766875977.0,615299.0,5501.0,0.06946,-0.00623,-0.86603,0.49512,0.01721,-168.09308,-15.612759,-4.594097885105996,-6.554006322952573,30.223315967676726
-1565766875970.0,615307.0,5508.0,0.06958,-0.00629,-0.86603,0.49512,0.01721,-168.08014,-15.655438,-4.607064644952162,-6.562566914908687,30.22310504164554
-1565766875964.0,615315.0,5514.0,0.06964,-0.00635,-0.86603,0.49512,0.01721,-168.07286,-15.686973,-4.616538974101463,-6.565133930789106,30.222916121350735
-1565766875959.0,615315.0,5519.0,0.06964,-0.00641,-0.86603,0.49512,0.01721,-168.07121,-15.70736,-4.622520279968612,-6.561707277946797,30.222749832884688
-1565766875953.0,615322.0,5525.0,0.06964,-0.00647,-0.86603,0.49512,0.01721,-168.06956,-15.727749,-4.6285015703799735,-6.558280648677406,30.22258426465669
-1565766875948.0,615331.0,5530.0,0.0697,-0.00647,-0.86603,0.49512,0.01721,-168.0639,-15.738888,-4.631994870751899,-6.56427428939588,30.222561726950076
-1565766875942.0,615331.0,5536.0,0.0697,-0.00647,-0.86597,0.49512,0.01721,-168.12076,-15.7451515,-4.631950239022645,-6.563791905333734,30.21392826059227
-1565766875937.0,615339.0,5541.0,0.0697,-0.00653,-0.86597,0.49512,0.01721,-168.11911,-15.765548,-4.6379311482992716,-6.560365261725099,30.21376324760567
-1565766875931.0,615339.0,5547.0,0.06976,-0.00653,-0.86597,0.49512,0.01721,-168.11342,-15.776686,-4.641424646378725,-6.566358512276232,30.213740503534865
-1565766875925.0,615352.0,5553.0,0.06976,-0.00653,-0.86597,0.49518,0.01721,-168.13382,-15.778329,-4.641905864542811,-6.56631331884013,30.210724594000993
-1565766875920.0,615358.0,5558.0,0.06976,-0.00659,-0.86597,0.49518,0.01721,-168.13217,-15.798724,-4.647886798620734,-6.56288624263082,30.210560131958502
-1565766875913.0,615367.0,5565.0,0.06976,-0.00659,-0.86597,0.49518,0.01721,-168.13217,-15.798724,-4.647886798620734,-6.56288624263082,30.210560131958502
-1565766875908.0,615367.0,5570.0,0.06976,-0.00665,-0.86597,0.49518,0.01721,-168.13052,-15.819118,-4.653867717587063,-6.559459190004525,30.210396390254616
-1565766875903.0,615376.0,5575.0,0.06976,-0.00665,-0.86597,0.49518,0.01721,-168.13052,-15.819118,-4.653867717587063,-6.559459190004525,30.210396390254616
-1565766875897.0,615376.0,5581.0,0.06982,-0.00665,-0.86591,0.49524,0.01721,-168.20222,-15.838209,-4.657797626669887,-6.5649231901282725,30.198723661005488
-1565766875891.0,615383.0,5587.0,0.06982,-0.00665,-0.86591,0.49524,0.01721,-168.20222,-15.838209,-4.657797626669887,-6.5649231901282725,30.198723661005488
-1565766875886.0,615390.0,5592.0,0.06989,-0.00665,-0.86591,0.4953,0.01721,-168.21597,-15.852858,-4.662356931181705,-6.571868877885689,30.195682436369097
-1565766875880.0,615400.0,5598.0,0.06989,-0.00665,-0.86591,0.4953,0.01721,-168.21597,-15.852858,-4.662356931181705,-6.571868877885689,30.195682436369097
-1565766875874.0,615400.0,5604.0,0.06989,-0.00665,-0.86584,0.4953,0.01721,-168.2825,-15.860228,-4.662303413684369,-6.571304553789787,30.185607185477068
-1565766875869.0,615406.0,5609.0,0.06989,-0.00665,-0.86584,0.49536,0.01721,-168.30289,-15.8618765,-4.662785519240589,-6.571258529388973,30.182594117627957
-1565766875863.0,615414.0,5615.0,0.06989,-0.00665,-0.86584,0.49536,0.01721,-168.30289,-15.8618765,-4.662785519240589,-6.571258529388973,30.182594117627957
-1565766875858.0,615414.0,5620.0,0.06989,-0.00659,-0.86584,0.49542,0.01721,-168.32497,-15.843117,-4.657287527337001,-6.574641299592964,30.179745535545706
-1565766875851.0,615423.0,5627.0,0.06989,-0.00659,-0.86578,0.49542,0.01721,-168.382,-15.849429,-4.6572420684982,-6.574157590488898,30.17110843770996
-1565766875847.0,615423.0,5631.0,0.06982,-0.00659,-0.86578,0.49548,0.01721,-168.40906,-15.838053,-4.653645090797193,-6.567121287663728,30.168123677637013
-1565766875841.0,615435.0,5637.0,0.06976,-0.00653,-0.86572,0.49554,0.01721,-168.49393,-15.814427,-4.644605472936163,-6.564030490448483,30.156661616555425
-1565766875835.0,615442.0,5643.0,0.06976,-0.00653,-0.86572,0.49561,0.01721,-168.51776,-15.816347,-4.645166889001001,-6.563977765019986,30.153150070226104
-1565766875829.0,615451.0,5649.0,0.0697,-0.00647,-0.86572,0.49561,0.01721,-168.52513,-15.784752,-4.635690857352879,-6.561416291759567,30.15333728129164
-1565766875824.0,615451.0,5654.0,0.06964,-0.00647,-0.86572,0.49567,0.01721,-168.55124,-15.775221,-4.632674536946113,-6.555380053651012,30.150350419305056
-1565766875818.0,615458.0,5660.0,0.06964,-0.00641,-0.86566,0.49567,0.01721,-168.61002,-15.761079,-4.626651231315659,-6.558328505885885,30.141876336989384
-1565766875813.0,615467.0,5665.0,0.06958,-0.00641,-0.86566,0.49573,0.01721,-168.63615,-15.751541,-4.6236342812834526,-6.552293135651696,30.138890279297755
-1565766875806.0,615467.0,5672.0,0.06958,-0.00641,-0.86566,0.49579,0.01721,-168.65657,-15.753184,-4.624114256106265,-6.552248773975026,30.135882487637744
-1565766875801.0,615477.0,5677.0,0.06952,-0.00635,-0.8656,0.49579,0.01721,-168.72116,-15.727842,-4.6145942617961255,-6.549207897712484,30.127429854984314
-1565766875796.0,615482.0,5682.0,0.06946,-0.00635,-0.8656,0.49591,0.01721,-168.76773,-15.719931,-4.6120551434330626,-6.5431295226377815,30.12143890517146
-1565766875790.0,615482.0,5688.0,0.0694,-0.00635,-0.86554,0.49591,0.01721,-168.8307,-15.715009,-4.608513244138232,-6.536658830037891,30.11281993009473
-1565766875784.0,615490.0,5694.0,0.0694,-0.00629,-0.86554,0.49597,0.01721,-168.8528,-15.696202,-4.603014319058468,-6.540047247943023,30.109980022338007
-1565766875779.0,615500.0,5699.0,0.0694,-0.00629,-0.86554,0.49597,0.01721,-168.8528,-15.696202,-4.603014319058468,-6.540047247943023,30.109980022338007
-1565766875772.0,615506.0,5706.0,0.06934,-0.00629,-0.86554,0.49603,0.01721,-168.87895,-15.686638,-4.599994320952434,-6.534013759587575,30.10699718578286
-1565766875767.0,615506.0,5711.0,0.06934,-0.00629,-0.86548,0.49603,0.01721,-168.93633,-15.692909,-4.599950931584213,-6.533533896130069,30.098355161189787
-1565766875762.0,615506.0,5716.0,0.06934,-0.00629,-0.86548,0.49609,0.01721,-168.95679,-15.694547,-4.600429249065116,-6.533490366571822,30.09535154978971
-1565766875756.0,615518.0,5722.0,0.06934,-0.00629,-0.86548,0.49609,0.01721,-168.95679,-15.694547,-4.600429249065116,-6.533490366571822,30.09535154978971
-1565766875751.0,615528.0,5727.0,0.06927,-0.00635,-0.86542,0.49615,0.01721,-169.03966,-15.709839,-4.6027582410163514,-6.5225462514747266,30.08356635142772
-1565766875744.0,615534.0,5734.0,0.06921,-0.00635,-0.86542,0.49622,0.01721,-169.06923,-15.700532,-4.599815923740246,-6.516506065341112,30.080086128755596
-1565766875738.0,615534.0,5740.0,0.06921,-0.00635,-0.86542,0.49622,0.01721,-169.06923,-15.700532,-4.599815923740246,-6.516506065341112,30.080086128755596
-1565766875733.0,615542.0,5745.0,0.06921,-0.00635,-0.86536,0.49628,0.01721,-169.14714,-15.708444,-4.600249526314777,-6.5159831750313675,30.068440986681907
-1565766875727.0,615551.0,5751.0,0.06915,-0.00641,-0.86536,0.49628,0.01721,-169.1512,-15.717687,-4.6027256479834735,-6.50656044731121,30.068299656879603
-1565766875723.0,615551.0,5755.0,0.06915,-0.00641,-0.86536,0.49634,0.01721,-169.17166,-15.719323,-4.603202627219642,-6.5065160896870955,30.065299412713983
-1565766875717.0,615558.0,5761.0,0.06909,-0.00641,-0.86536,0.49634,0.01721,-169.17734,-15.708095,-4.5997022689926945,-6.500527777175103,30.065321634492776
-1565766875711.0,615567.0,5767.0,0.06909,-0.00647,-0.86536,0.49634,0.01721,-169.1757,-15.728567,-4.605678365216429,-6.4970931243376695,30.065159254431677
-1565766875706.0,615567.0,5772.0,0.06909,-0.00641,-0.8653,0.4964,0.01721,-169.2554,-15.716016,-4.600134616260346,-6.500005318699073,30.05367721908442
-1565766875700.0,615575.0,5778.0,0.06909,-0.00641,-0.8653,0.4964,0.01721,-169.2554,-15.716016,-4.600134616260346,-6.500005318699073,30.05367721908442
-1565766875695.0,615584.0,5783.0,0.06909,-0.00641,-0.8653,0.4964,0.01721,-169.2554,-15.716016,-4.600134616260346,-6.500005318699073,30.05367721908442
-1565766875689.0,615591.0,5789.0,0.06909,-0.00635,-0.8653,0.4964,0.01721,-169.25702,-15.695537,-4.594158925349796,-6.503440406629106,30.053840238098473
-1565766875682.0,615591.0,5796.0,0.06909,-0.00635,-0.8653,0.4964,0.01721,-169.25702,-15.695537,-4.594158925349796,-6.503440406629106,30.053840238098473
-1565766875676.0,615603.0,5802.0,0.06909,-0.00629,-0.8653,0.49646,0.01721,-169.27914,-15.676692,-4.588659794550235,-6.506831990792882,30.051005258411664
-1565766875671.0,615603.0,5807.0,0.06909,-0.00623,-0.8653,0.49646,0.01721,-169.28076,-15.656212,-4.582684080245694,-6.510267540599578,30.051169681438807
-1565766875666.0,615610.0,5812.0,0.06903,-0.0061,-0.8653,0.49646,0.01721,-169.29,-15.600602,-4.5662358446531455,-6.511723281704978,30.051549544783626
-1565766875661.0,615619.0,5817.0,0.06903,-0.00604,-0.8653,0.49646,0.01721,-169.29163,-15.580121,-4.56026012761102,-6.515158864985131,30.05171604459626
-1565766875655.0,615619.0,5823.0,0.06903,-0.00598,-0.8653,0.49652,0.01721,-169.31377,-15.561276,-4.554760589587295,-6.518553088803983,30.048884883526057
-1565766875649.0,615627.0,5829.0,0.06903,-0.00592,-0.86523,0.49652,0.01721,-169.38255,-15.548057,-4.54873720235162,-6.521431809703497,30.038965581757623
-1565766875644.0,615635.0,5834.0,0.06903,-0.00586,-0.86523,0.49652,0.01721,-169.3842,-15.527568,-4.542761926610296,-6.524867874719024,30.039134157661167
-1565766875637.0,615643.0,5841.0,0.06897,-0.00574,-0.86523,0.49658,0.01721,-169.41364,-15.476976,-4.527786344276694,-6.5257126387735935,30.036495968887763
-1565766875632.0,615643.0,5846.0,0.06897,-0.00568,-0.86523,0.49658,0.01721,-169.41527,-15.456488,-4.521811073457727,-6.529149148376848,30.036666462974352
-1565766875627.0,615651.0,5851.0,0.06897,-0.00562,-0.86523,0.49658,0.01721,-169.4169,-15.435999,-4.515835785994862,-6.532585681570486,30.036837678676733
-1565766875622.0,615651.0,5856.0,0.06897,-0.00549,-0.86517,0.49664,0.01721,-169.49866,-15.399425,-4.503327231004303,-6.53951628217477,30.02556651984783
-1565766875615.0,615659.0,5863.0,0.06891,-0.00531,-0.86517,0.4967,0.01721,-169.52971,-15.328307,-4.48237672005842,-6.54380314846806,30.023111266418525
-1565766875610.0,615667.0,5868.0,0.06891,-0.00525,-0.86517,0.4967,0.01721,-169.53136,-15.307811,-4.476401801924614,-6.5472406128739,30.023286605627746
-1565766875604.0,615674.0,5874.0,0.06891,-0.00519,-0.86517,0.4967,0.01721,-169.53297,-15.287313,-4.470426866251965,-6.550678100949209,30.023462666629626
-1565766875599.0,615674.0,5879.0,0.06891,-0.00507,-0.86517,0.49677,0.01721,-169.56015,-15.248225,-4.459031653081286,-6.557512211796753,30.020322039030688
-1565766875593.0,615687.0,5885.0,0.06885,-0.005,-0.86511,0.49677,0.01721,-169.6255,-15.219164,-4.448524691387786,-6.555059115900238,30.011898516977226
-1565766875588.0,615687.0,5890.0,0.06885,-0.00488,-0.86511,0.49677,0.01721,-169.62875,-15.178157,-4.436575590836646,-6.56193519244588,30.012256789816746
-1565766875582.0,615694.0,5896.0,0.06885,-0.00482,-0.86511,0.49683,0.01721,-169.6509,-15.159285,-4.431076091703022,-6.5653399076668,30.00944230847368
-1565766875576.0,615702.0,5902.0,0.06879,-0.0047,-0.86511,0.49683,0.01721,-169.65979,-15.106995,-4.4156252120318,-6.5662295875715815,30.00982110259642
-1565766875570.0,615710.0,5908.0,0.06873,-0.00446,-0.86511,0.49689,0.01721,-169.69246,-15.015318,-4.3886997215754056,-6.5739654750300245,30.007575023221662
-1565766875565.0,615710.0,5913.0,0.06873,-0.00439,-0.86505,0.49689,0.01721,-169.7522,-14.997439,-4.3816990576931625,-6.577501945525326,29.999140547372704
-1565766875560.0,615719.0,5918.0,0.06873,-0.00427,-0.86505,0.49689,0.01721,-169.75545,-14.956414,-4.369750619179295,-6.584379993345767,29.999512436664588
-1565766875554.0,615719.0,5924.0,0.06866,-0.00415,-0.86505,0.49689,0.01721,-169.76529,-14.902211,-4.353717182300562,-6.584273096273085,29.9999039710856
-1565766875548.0,615727.0,5930.0,0.06866,-0.00403,-0.86505,0.49695,0.01721,-169.78905,-14.862814,-4.342242545305159,-6.591123345324117,29.997287525249092
-1565766875543.0,615734.0,5935.0,0.06866,-0.00391,-0.86505,0.49695,0.01721,-169.7923,-14.821787,-4.330293993686565,-6.598002412550675,29.9976675168365
-1565766875537.0,615743.0,5941.0,0.06866,-0.00378,-0.86505,0.49695,0.01721,-169.79582,-14.777343,-4.317349637724392,-6.605454843190166,29.998082434426436
-1565766875532.0,615743.0,5946.0,0.06866,-0.00354,-0.86505,0.49695,0.01721,-169.80234,-14.6952915,-4.2934521102515575,-6.61921347168343,29.998857343970656
-1565766875526.0,615751.0,5952.0,0.06866,-0.00348,-0.86505,0.49695,0.01721,-169.80397,-14.674778,-4.287477675934865,-6.6226531886820705,29.999052877073453
-1565766875520.0,615759.0,5958.0,0.06866,-0.00336,-0.86505,0.49695,0.01721,-169.80722,-14.633753,-4.275528743455955,-6.629532694620022,29.999446110224838
-1565766875514.0,615759.0,5964.0,0.06866,-0.00323,-0.86505,0.49689,0.01721,-169.79025,-14.58768,-4.262110027451631,-6.637007958741473,30.002869540579837
-1565766875509.0,615771.0,5969.0,0.06866,-0.00311,-0.86505,0.49689,0.01721,-169.7935,-14.546653,-4.250160900668506,-6.643886834485372,30.003268874756515
-1565766875503.0,615771.0,5975.0,0.06866,-0.00305,-0.86505,0.49689,0.01721,-169.79514,-14.52614,-4.244186304289618,-6.6473263084255025,30.00346962548406
-1565766875498.0,615780.0,5980.0,0.06866,-0.00293,-0.86511,0.49689,0.01721,-169.74052,-14.479245,-4.23225727143774,-6.65468060176022,30.012524284644556
-1565766875493.0,615786.0,5985.0,0.0686,-0.00287,-0.86511,0.49689,0.01721,-169.74774,-14.4474325,-4.222782008243861,-6.652131741462791,30.012737172731676
-1565766875487.0,615786.0,5991.0,0.0686,-0.00275,-0.86511,0.49689,0.01721,-169.751,-14.406419,-4.210831881867368,-6.659010828842458,30.013144827443824
-1565766875481.0,615796.0,5997.0,0.06848,-0.00256,-0.86511,0.49689,0.01721,-169.7673,-14.318855,-4.184911221793989,-6.657925880340099,30.01381391762375
-1565766875475.0,615803.0,6003.0,0.06842,-0.0025,-0.86511,0.49683,0.01721,-169.75398,-14.285408,-4.174964337557726,-6.655394308549233,30.017025092748213
-1565766875470.0,615810.0,6008.0,0.06836,-0.00238,-0.86517,0.49683,0.01721,-169.70499,-14.227298,-4.1595318372192125,-6.656757349148831,30.026098562132404
-1565766875464.0,615810.0,6014.0,0.0683,-0.00226,-0.86517,0.49683,0.01721,-169.71375,-14.174977,-4.144082320123128,-6.657646778270814,30.02652432760233
-1565766875458.0,615819.0,6020.0,0.06824,-0.0022,-0.86517,0.49683,0.01721,-169.72093,-14.143159,-4.1346084896890405,-6.655097071921368,30.026741792281925
-1565766875453.0,615819.0,6025.0,0.06818,-0.00208,-0.86517,0.49683,0.01721,-169.72968,-14.090832,-4.1191594547644454,-6.6559864980355865,30.027170437291858
-1565766875448.0,615829.0,6030.0,0.06812,-0.00195,-0.86517,0.49677,0.01721,-169.71819,-14.033469,-4.102244423641375,-6.6574626139094715,30.03063374668004
-1565766875442.0,615834.0,6036.0,0.06799,-0.00183,-0.86523,0.49677,0.01721,-169.67552,-13.962237,-4.082729005155878,-6.651834887524282,30.03972284131433
-1565766875436.0,615841.0,6042.0,0.06793,-0.00171,-0.86523,0.49677,0.01721,-169.68427,-13.909918,-4.067280541878739,-6.652723061752414,30.040157526316605
-1565766875430.0,615841.0,6048.0,0.06781,-0.00153,-0.86523,0.49677,0.01721,-169.70007,-13.825766,-4.042360119446083,-6.651060721538597,30.040816062532002
-1565766875424.0,615854.0,6054.0,0.06781,-0.0014,-0.86523,0.49677,0.01721,-169.70357,-13.781347,-4.029412528393355,-6.65851125452843,30.04128715550273
-1565766875419.0,615854.0,6059.0,0.06775,-0.00134,-0.86523,0.49677,0.01721,-169.71066,-13.749517,-4.019940596021087,-6.655960713031391,30.041510370258806
-1565766875413.0,615864.0,6065.0,0.06769,-0.00122,-0.86523,0.49677,0.01721,-169.71935,-13.697183,-4.0044930705091435,-6.656848894721087,30.04195349137389
-1565766875407.0,615870.0,6071.0,0.06763,-0.0011,-0.86523,0.49677,0.01721,-169.72801,-13.644842,-3.989045776737737,-6.657737078017679,30.04239867004125
-1565766875402.0,615870.0,6076.0,0.06763,-0.00104,-0.86523,0.49683,0.01721,-169.75009,-13.625942,-3.9835369595904893,-6.661168619154442,30.03962188665993
-1565766875395.0,615878.0,6083.0,0.06757,-0.00098,-0.86523,0.49683,0.01721,-169.75716,-13.5941,-3.9740653212004378,-6.658618479178994,30.039847521830424
-1565766875390.0,615888.0,6088.0,0.0675,-0.00079,-0.86517,0.49689,0.01721,-169.84703,-13.52307,-3.951524385937229,-6.662048918922045,30.028912506437337
-1565766875384.0,615894.0,6094.0,0.0675,-0.00073,-0.86517,0.49695,0.01721,-169.86914,-13.504159,-3.946015091862488,-6.665483466801927,30.026140283602828
-1565766875379.0,615894.0,6099.0,0.0675,-0.00067,-0.86511,0.49701,0.01721,-169.9492,-13.4907675,-3.9405011568221084,-6.668451612270349,30.014720142647988
-1565766875373.0,615904.0,6105.0,0.06744,-0.00055,-0.86511,0.49701,0.01721,-169.95784,-13.438371,-3.925054611965332,-6.669343969981171,30.0151748993232
-1565766875367.0,615911.0,6111.0,0.06744,-0.00043,-0.86505,0.49707,0.01721,-170.03954,-13.404422,-3.9135672304746705,-6.675755134785043,30.00398399822606
-1565766875362.0,615911.0,6116.0,0.06738,-0.00037,-0.86505,0.49713,0.01721,-170.06711,-13.3741255,-3.9045613558972883,-6.6732052650391696,30.001219424013925
-1565766875357.0,615919.0,6121.0,0.06732,-0.00012,-0.86499,0.49725,0.01721,-170.17833,-13.285869,-3.8770991702559336,-6.6810883062791975,29.987540390384297
-1565766875351.0,615926.0,6127.0,0.06732,0.0,-0.86493,0.49731,0.01721,-170.26022,-13.251844,-3.865615473840153,-6.687506755232774,29.97635942042747
-1565766875346.0,615926.0,6132.0,0.06726,0.00012,-0.86493,0.49738,0.01721,-170.29279,-13.201234,-3.8507120144165046,-6.688405516492707,29.97333595562951
-1565766875340.0,615938.0,6138.0,0.0672,0.00018,-0.86487,0.49744,0.01721,-170.37857,-13.176312,-3.8417056414601394,-6.685397168362839,29.961925002606833
-1565766875333.0,615938.0,6145.0,0.0672,0.00037,-0.86481,0.49756,0.01721,-170.48296,-13.119832,-3.8237203122338768,-6.6958418146308505,29.948036783548318
-1565766875329.0,615949.0,6149.0,0.06714,0.00043,-0.86481,0.49762,0.01721,-170.51054,-13.089461,-3.8147121670648905,-6.693302431810267,29.945283761183617
-1565766875324.0,615954.0,6154.0,0.06714,0.00055,-0.86475,0.49768,0.01721,-170.59259,-13.05532,-3.803233403437723,-6.6997312177371615,29.934115701101334
-1565766875318.0,615954.0,6160.0,0.06714,0.00067,-0.86469,0.4978,0.01721,-170.69525,-13.022755,-3.792219989505685,-6.706166388200572,29.919963792763895
-1565766875312.0,615963.0,6166.0,0.06708,0.00079,-0.86469,0.49786,0.01721,-170.72446,-12.971778,-3.777238525250487,-6.707078129602294,29.917456641761348
-1565766875306.0,615970.0,6172.0,0.06708,0.00085,-0.86462,0.49792,0.01721,-170.81485,-12.95905,-3.771736332990754,-6.709988859870082,29.904612124041947
-1565766875299.0,615979.0,6179.0,0.06714,0.00104,-0.86456,0.49799,0.01721,-170.89696,-12.912519,-3.7568739195858103,-6.726434103313088,29.893243947095513
-1565766875295.0,615979.0,6183.0,0.06714,0.0011,-0.86456,0.49805,0.01721,-170.91913,-12.893533,-3.751366059701187,-6.7298893893036595,29.890505468063182
-1565766875289.0,615987.0,6189.0,0.0672,0.00122,-0.8645,0.49811,0.01721,-170.99603,-12.870735,-3.743396799656063,-6.742314471182091,29.879357792470614
-1565766875283.0,615994.0,6195.0,0.06726,0.00128,-0.8645,0.49811,0.01721,-170.99216,-12.861593,-3.7409274164235975,-6.751748421844782,29.879608996595593
-1565766875278.0,615994.0,6200.0,0.06726,0.00134,-0.86444,0.49817,0.01721,-171.07289,-12.847921,-3.7354298841343594,-6.754740702441822,29.86821318577229
-1565766875273.0,616003.0,6205.0,0.06732,0.00146,-0.86444,0.49817,0.01721,-171.07066,-12.818183,-3.726990104619752,-6.767624080817613,29.86871570423257
-1565766875267.0,616010.0,6211.0,0.06738,0.00153,-0.86444,0.49823,0.01721,-171.08766,-12.807218,-3.7239917611391204,-6.777643996858142,29.866032121162903
-1565766875262.0,616010.0,6216.0,0.06744,0.00165,-0.86438,0.49823,0.01721,-171.14412,-12.782791,-3.7155635474607016,-6.790061859003475,29.857877085740583
-1565766875256.0,616022.0,6222.0,0.0675,0.00165,-0.86438,0.49829,0.01721,-171.15924,-12.795865,-3.7195330587519964,-6.7960583389120055,29.854903114761356
-1565766875250.0,616022.0,6228.0,0.0675,0.00171,-0.86438,0.49829,0.01721,-171.16084,-12.775261,-3.713562040200293,-6.799508583505473,29.855155956407145
-1565766875245.0,616030.0,6233.0,0.0675,0.00171,-0.86432,0.49835,0.01721,-171.24016,-12.782181,-3.7140402572166753,-6.799053040951977,29.843512304163667
-1565766875239.0,616038.0,6239.0,0.0675,0.00171,-0.86432,0.49835,0.01721,-171.24016,-12.782181,-3.7140402572166753,-6.799053040951977,29.843512304163667
-1565766875233.0,616046.0,6245.0,0.0675,0.00171,-0.86432,0.49841,0.01721,-171.26079,-12.78379,-3.714506658228957,-6.7990648813138375,29.840534207501122
-1565766875228.0,616046.0,6250.0,0.06757,0.00171,-0.86426,0.49847,0.01721,-171.3337,-12.8041,-3.719073916681657,-6.805591065444711,29.82889809965357
-1565766875221.0,616054.0,6257.0,0.06757,0.00171,-0.86426,0.49847,0.01721,-171.3337,-12.8041,-3.719073916681657,-6.805591065444711,29.82889809965357
-1565766875216.0,616063.0,6262.0,0.06757,0.00171,-0.86426,0.49854,0.01721,-171.35774,-12.805981,-3.7196186196129695,-6.805604879388271,29.825425578085657
-1565766875210.0,616063.0,6268.0,0.06757,0.00165,-0.8642,0.4986,0.01721,-171.43558,-12.833547,-3.7260671204246276,-6.801696414746067,29.813530650391442
-1565766875205.0,616071.0,6273.0,0.06763,0.00165,-0.86414,0.49866,0.01721,-171.50957,-12.851984,-3.730051822137981,-6.807223502414361,29.801893871719543
-1565766875198.0,616078.0,6280.0,0.06763,0.00159,-0.86414,0.49866,0.01721,-171.50795,-12.872616,-3.736021215370835,-6.8037706404348075,29.80164165489036
-1565766875194.0,616078.0,6284.0,0.06763,0.00159,-0.86414,0.49872,0.01721,-171.52856,-12.874229,-3.7364885074872354,-6.803781650002189,29.798668010891063
-1565766875188.0,616086.0,6290.0,0.06769,0.00159,-0.86414,0.49872,0.01721,-171.52307,-12.885722,-3.7399955359396477,-6.809765214124039,29.798673481840567
-1565766875183.0,616094.0,6295.0,0.06769,0.00153,-0.86407,0.49872,0.01721,-171.59013,-12.912609,-3.745977273125839,-6.805765095773576,29.788307658016535
-1565766875177.0,616094.0,6301.0,0.06769,0.00146,-0.86407,0.49878,0.01721,-171.60892,-12.938304,-3.753408669015312,-6.801746396121686,29.78504260778908
-1565766875172.0,616106.0,6306.0,0.06775,0.0014,-0.86407,0.49878,0.01721,-171.6018,-12.970439,-3.762885256599005,-6.804275753645091,29.78479740524179
-1565766875166.0,616114.0,6312.0,0.06775,0.00134,-0.86407,0.49884,0.01721,-171.62082,-12.992695,-3.769322219815847,-6.800831360401358,29.781576133573324
-1565766875161.0,616114.0,6317.0,0.06781,0.00122,-0.86401,0.4989,0.01721,-171.6916,-13.052497,-3.785245221167679,-6.799445134805544,29.769442698118354
-1565766875155.0,616122.0,6323.0,0.06781,0.00116,-0.86401,0.4989,0.01721,-171.68997,-13.073142,-3.7912136112749852,-6.795990666939649,29.769195273733175
-1565766875149.0,616131.0,6329.0,0.06781,0.0011,-0.86395,0.49896,0.01721,-171.76796,-13.100838,-3.797658062132976,-6.792074317786142,29.757307424272128
-1565766875144.0,616131.0,6334.0,0.06781,0.00098,-0.86395,0.49896,0.01721,-171.76472,-13.142139,-3.809593846343065,-6.7851646818562354,29.756816329459042
-1565766875139.0,616138.0,6339.0,0.06787,0.00092,-0.86395,0.49902,0.01721,-171.7782,-13.175913,-3.819540252523914,-6.787698245057697,29.753606231949988
-1565766875132.0,616146.0,6346.0,0.06787,0.00085,-0.86389,0.49902,0.01721,-171.83537,-13.205483,-3.826508622839681,-6.783197234617356,29.74464923717673
-1565766875127.0,616146.0,6351.0,0.06787,0.00073,-0.86389,0.49908,0.01721,-171.85278,-13.248422,-3.8389122775692637,-6.776291949594781,29.741196305734874
-1565766875121.0,616154.0,6357.0,0.06793,0.00061,-0.86389,0.49908,0.01721,-171.844,-13.301242,-3.854357830290455,-6.775362283708368,29.740716050271374
-1565766875116.0,616163.0,6362.0,0.06793,0.00043,-0.86389,0.49908,0.01721,-171.83913,-13.3632145,-3.8722597337912017,-6.764995733790053,29.73999734199866
-1565766875110.0,616163.0,6368.0,0.06799,0.00037,-0.86389,0.49915,0.01721,-171.85602,-13.397265,-3.8822861531422324,-6.767524563657162,29.73629927583508
-1565766875104.0,616170.0,6374.0,0.06799,0.00024,-0.86383,0.49915,0.01721,-171.91162,-13.447586,-3.895216824255197,-6.759565922847245,29.72711238608261
-1565766875098.0,616179.0,6380.0,0.06799,0.00018,-0.86383,0.49915,0.01721,-171.90999,-13.468249,-3.9011836008655734,-6.756110009836198,29.726876429666063
-1565766875093.0,616179.0,6385.0,0.06805,0.00012,-0.86383,0.49915,0.01721,-171.90277,-13.500414,-3.910662415700627,-6.758634904443976,29.726641610107436
-1565766875088.0,616190.0,6390.0,0.06812,6e-05,-0.86383,0.49915,0.01721,-171.8946,-13.5344925,-3.9207268317171717,-6.762156621790766,29.726407137744502
-1565766875082.0,616190.0,6396.0,0.06812,0.0,-0.86383,0.49915,0.01721,-171.89297,-13.555155,-3.926693626959477,-6.7587006902594915,29.726172909588684
-1565766875077.0,616200.0,6401.0,0.06818,-0.00012,-0.86383,0.49915,0.01721,-171.88411,-13.607978,-3.9421397024372657,-6.757769673522423,29.72570621585244
-1565766875071.0,616207.0,6407.0,0.06824,-0.00024,-0.86383,0.49915,0.01721,-171.87526,-13.660795,-3.9575860016352107,-6.756838658577992,29.72524159754998
-1565766875065.0,616207.0,6413.0,0.06824,-0.00031,-0.86383,0.49915,0.01721,-171.87335,-13.684899,-3.9645472082411604,-6.752806785202027,29.72497214942905
-1565766875060.0,616215.0,6418.0,0.06824,-0.00037,-0.86383,0.49915,0.01721,-171.87172,-13.70556,-3.9705139266473473,-6.749350920476087,29.724741979105644
-1565766875054.0,616223.0,6424.0,0.06824,-0.00043,-0.86383,0.49915,0.01721,-171.87009,-13.726221,-3.9764806173940825,-6.745895080418631,29.724512533579045
-1565766875049.0,616230.0,6429.0,0.06824,-0.00049,-0.86383,0.49915,0.01721,-171.86845,-13.746881,-3.982447280611477,-6.742439265016558,29.72428381283858
-1565766875042.0,616230.0,6436.0,0.06824,-0.00049,-0.86383,0.49915,0.01721,-171.86845,-13.746881,-3.982447280611477,-6.742439265016558,29.72428381283858
-1565766875038.0,616239.0,6440.0,0.06824,-0.00055,-0.86383,0.49921,0.01721,-171.8875,-13.769174,-3.9888852197135383,-6.738979666427188,29.721090820831563
-1565766875033.0,616246.0,6445.0,0.06824,-0.00061,-0.86377,0.49921,0.01721,-171.94492,-13.795518,-3.994847608543954,-6.735051040724288,29.712189397855852
-1565766875027.0,616246.0,6451.0,0.06824,-0.00067,-0.86377,0.49921,0.01721,-171.94328,-13.816187,-4.000813768846843,-6.731594887210887,29.71196292087926
-1565766875021.0,616254.0,6457.0,0.06818,-0.00073,-0.86377,0.49927,0.01721,-171.96793,-13.826989,-4.003737145531832,-6.722153713127499,29.708775870852335
-1565766875015.0,616262.0,6463.0,0.06818,-0.00073,-0.86377,0.49927,0.01721,-171.96793,-13.826989,-4.003737145531832,-6.722153713127499,29.708775870852335
-1565766875010.0,616262.0,6468.0,0.06818,-0.00079,-0.86377,0.49933,0.01721,-171.98697,-13.84929,-4.010174054173189,-6.7186917667928165,29.705587867490067
-1565766875004.0,616274.0,6474.0,0.06812,-0.00079,-0.86371,0.49933,0.01721,-172.0518,-13.8435,-4.006654237327699,-6.712240300376387,29.696915544497273
-1565766874998.0,616274.0,6480.0,0.06812,-0.00079,-0.86371,0.49933,0.01721,-172.0518,-13.8435,-4.006654237327699,-6.712240300376387,29.696915544497273
-1565766874993.0,616285.0,6485.0,0.06805,-0.00079,-0.86371,0.49939,0.01721,-172.07906,-13.831708,-4.00302428180309,-6.705258894517126,29.693956548495336
-1565766874988.0,616290.0,6490.0,0.06805,-0.00079,-0.86371,0.49939,0.01721,-172.07906,-13.831708,-4.00302428180309,-6.705258894517126,29.693956548495336
-1565766874981.0,616290.0,6497.0,0.06799,-0.00079,-0.86371,0.49939,0.01721,-172.08469,-13.820203,-3.9995098141757275,-6.6992795996534715,29.693959257613272
-1565766874977.0,616299.0,6501.0,0.06793,-0.00079,-0.86365,0.49945,0.01721,-172.17014,-13.816011,-3.9964591484114274,-6.692824651983443,29.682324391460085
-1565766874971.0,616307.0,6507.0,0.06793,-0.00079,-0.86365,0.49951,0.01721,-172.19084,-13.817638,-3.9969282617955795,-6.692819183074343,29.679363838077904
-1565766874965.0,616315.0,6513.0,0.06787,-0.00079,-0.86365,0.49957,0.01721,-172.21712,-13.807748,-3.993881939920727,-6.686834987132123,29.67640652878663
