eye_packets,782
norm_X,norm_Y,phi,theta,confidence,timestamp
1580974698.498624,"{'circle_3d': {'center': [-6.672366568497743, 5.965602737255688, 52.68538378798976], 'normal': [-0.14490348189605962, 0.6348894422405252, -0.7588928627058716], 'radius': 1.9239920131660948}, 'confidence': 0.9988923537441061, 'timestamp': 12644.88078, 'diameter_3d': 3.8479840263321896, 'ellipse': {'center': [81.5263348649055, 189.844153980945], 'axes': [30.184646817351044, 45.46241677070989], 'angle': -72.77128218941161}, 'location': [81.5263348649055, 189.844153980945], 'diameter': 45.46241677070989, 'sphere': {'center': [-4.933524785745028, -1.6530705696306138, 61.79209814046022], 'radius': 12.0}, 'projected_sphere': {'center': [110.49876182859234, 103.41367611694845], 'axes': [240.80748910930532, 240.80748910930532], 'angle': 90.0}, 'model_confidence': 0.8962962336317548, 'model_id': 61, 'model_birth_timestamp': 12311.749401, 'theta': 2.258661740654127, 'phi': -1.7594659736203053, 'norm_pos': [0.25476979645282966, 0.20898269174606243], 'topic': 'pupil.1', 'id': 1, 'method': '3d c++'}"
1580974698.506343,"{'circle_3d': {'center': [-6.653850981736183, 5.972038508850089, 52.687253862788154], 'normal': [-0.14336051633259622, 0.6354257565400585, -0.7587370231393389], 'radius': 1.925864433208892}, 'confidence': 0.9985522881928082, 'timestamp': 12644.88918, 'diameter_3d': 3.851728866417784, 'ellipse': {'center': [81.7462036581706, 189.91653012480572], 'axes': [30.210962592970986, 45.505056867898375], 'angle': -72.91487162516876}, 'location': [81.7462036581706, 189.91653012480572], 'diameter': 45.505056867898375, 'sphere': {'center': [-4.933524785745028, -1.6530705696306138, 61.79209814046022], 'radius': 12.0}, 'projected_sphere': {'center': [110.49876182859234, 103.41367611694845], 'axes': [240.80748910930532, 240.80748910930532], 'angle': 90.0}, 'model_confidence': 0.8965715244606876, 'model_id': 61, 'model_birth_timestamp': 12311.749401, 'theta': 2.2593561042476584, 'phi': -1.7575410434247332, 'norm_pos': [0.2554568864317831, 0.20868112447997622], 'topic': 'pupil.1', 'id': 1, 'method': '3d c++'}"
1580974698.5186381,"{'circle_3d': {'center': [-6.665955853421718, 5.983675935810016, 52.6993105916725], 'normal': [-0.14436925563972408, 0.6363955421200526, -0.7577322957323097], 'radius': 1.940410114935865}, 'confidence': 0.9849638050247023, 'timestamp': 12644.89758, 'diameter_3d': 3.88082022987173, 'ellipse': {'center': [81.62266593433924, 190.0322073595425], 'axes': [30.368988010828712, 45.8385069091538], 'angle': -72.86334683827802}, 'location': [81.62266593433924, 190.0322073595425], 'diameter': 45.8385069091538, 'sphere': {'center': [-4.933524785745028, -1.6530705696306138, 61.79209814046022], 'radius': 12.0}, 'projected_sphere': {'center': [110.49876182859234, 103.41367611694845], 'axes': [240.80748910930532, 240.80748910930532], 'angle': 90.0}, 'model_confidence': 0.89640437630788, 'model_id': 61, 'model_birth_timestamp': 12311.749401, 'theta': 2.260612689710076, 'phi': -1.7590678741098986, 'norm_pos': [0.2550708310448101, 0.20819913600190632], 'topic': 'pupil.1', 'id': 1, 'method': '3d c++'}"
1580974698.5263412,"{'circle_3d': {'center': [-6.659934093200499, 5.970293802197151, 52.68694429456183], 'normal': [-0.14386744228795587, 0.6352803643189804, -0.7587628204915322], 'radius': 1.9305619509186018}, 'confidence': 0.9983865425851453, 'timestamp': 12644.90598, 'diameter_3d': 3.8611239018372037, 'ellipse': {'center': [81.6746704319246, 189.8947127359533], 'axes': [30.284099492165765, 45.61638933789764], 'angle': -72.86866154278567}, 'location': [81.6746704319246, 189.8947127359533], 'diameter': 45.61638933789764, 'sphere': {'center': [-4.933524785745028, -1.6530705696306138, 61.79209814046022], 'radius': 12.0}, 'projected_sphere': {'center': [110.49876182859234, 103.41367611694845], 'axes': [240.80748910930532, 240.80748910930532], 'angle': 90.0}, 'model_confidence': 0.8963994121909402, 'model_id': 61, 'model_birth_timestamp': 12311.749401, 'theta': 2.2591678264443873, 'phi': -1.7581798297435094, 'norm_pos': [0.25523334509976436, 0.2087720302668612], 'topic': 'pupil.1', 'id': 1, 'method': '3d c++'}"
1580974698.534399,"{'circle_3d': {'center': [-6.658780642971498, 5.976997373842824, 52.692342352248936], 'normal': [-0.14377132143553914, 0.6358389952894532, -0.7583129823509404], 'radius': 1.936702061388629}, 'confidence': 0.9986762331991708, 'timestamp': 12644.91438, 'diameter_3d': 3.873404122777258, 'ellipse': {'center': [81.69638130471859, 189.96415296016056], 'axes': [30.351566701183376, 45.75688208717412], 'angle': -72.89442595945712}, 'location': [81.69638130471859, 189.96415296016056], 'diameter': 45.75688208717412, 'sphere': {'center': [-4.933524785745028, -1.6530705696306138, 61.79209814046022], 'radius': 12.0}, 'projected_sphere': {'center': [110.49876182859234, 103.41367611694845], 'axes': [240.80748910930532, 240.80748910930532], 'angle': 90.0}, 'model_confidence': 0.8963543470729363, 'model_id': 61, 'model_birth_timestamp': 12311.749401, 'theta': 2.259891393242488, 'phi': -1.758166046206239, 'norm_pos': [0.25530119157724557, 0.208482695999331], 'topic': 'pupil.1', 'id': 1, 'method': '3d c++'}"
1580974698.542801,"{'circle_3d': {'center': [-6.673108346521879, 5.972519731592021, 52.69131676779918], 'normal': [-0.14496529673140418, 0.6354658584352196, -0.7583984477217536], 'radius': 1.9311262335817496}, 'confidence': 0.9988821081609404, 'timestamp': 12644.92278, 'diameter_3d': 3.8622524671634992, 'ellipse': {'center': [81.52668365636924, 189.9150622298057], 'axes': [30.26419321348246, 45.625970215320635], 'angle': -72.78476911655697}, 'location': [81.52668365636924, 189.9150622298057], 'diameter': 45.625970215320635, 'sphere': {'center': [-4.933524785745028, -1.6530705696306138, 61.79209814046022], 'radius': 12.0}, 'projected_sphere': {'center': [110.49876182859234, 103.41367611694845], 'axes': [240.80748910930532, 240.80748910930532], 'angle': 90.0}, 'model_confidence': 0.8963251658385074, 'model_id': 61, 'model_birth_timestamp': 12311.749401, 'theta': 2.2594080399214005, 'phi': -1.7596647054254269, 'norm_pos': [0.25477088642615386, 0.2086872407091429], 'topic': 'pupil.1', 'id': 1, 'method': '3d c++'}"
1580974698.5503612,"{'circle_3d': {'center': [-6.683963927632895, 5.968365788051685, 52.68991869505566], 'normal': [-0.14586992849065555, 0.635119696473525, -0.7585149537837131], 'radius': 1.9421431161353635}, 'confidence': 0.9985720318401219, 'timestamp': 12644.93118, 'diameter_3d': 3.884286232270727, 'ellipse': {'center': [81.39793761339477, 189.86400494310917], 'axes': [30.44051771430307, 45.88763759365106], 'angle': -72.69957506353836}, 'location': [81.39793761339477, 189.86400494310917], 'diameter': 45.88763759365106, 'sphere': {'center': [-4.933524785745028, -1.6530705696306138, 61.79209814046022], 'radius': 12.0}, 'projected_sphere': {'center': [110.49876182859234, 103.41367611694845], 'axes': [240.80748910930532, 240.80748910930532], 'angle': 90.0}, 'model_confidence': 0.8963022549411725, 'model_id': 61, 'model_birth_timestamp': 12311.749401, 'theta': 2.2589598011562444, 'phi': -1.7607867355093285, 'norm_pos': [0.2543685550418587, 0.20889997940371186], 'topic': 'pupil.1', 'id': 1, 'method': '3d c++'}"
1580974698.5585952,"{'circle_3d': {'center': [-6.684614622024029, 5.981300212400059, 52.7008899068008], 'normal': [-0.14592415302325001, 0.6361975651692228, -0.7576006861382847], 'radius': 1.9558764783291263}, 'confidence': 0.9985592310425399, 'timestamp': 12644.93958, 'diameter_3d': 3.9117529566582525, 'ellipse': {'center': [81.4070912074983, 189.99652845340378], 'axes': [30.59544828812857, 46.202726076776116], 'angle': -72.72989072516832}, 'location': [81.4070912074983, 189.99652845340378], 'diameter': 46.202726076776116, 'sphere': {'center': [-4.933524785745028, -1.6530705696306138, 61.79209814046022], 'radius': 12.0}, 'projected_sphere': {'center': [110.49876182859234, 103.41367611694845], 'axes': [240.80748910930532, 240.80748910930532], 'angle': 90.0}, 'model_confidence': 0.896234844544952, 'model_id': 61, 'model_birth_timestamp': 12311.749401, 'theta': 2.2603560582358715, 'phi': -1.7610795418868335, 'norm_pos': [0.25439716002343216, 0.2083477981108176], 'topic': 'pupil.1', 'id': 1, 'method': '3d c++'}"
1580974698.56613,"{'circle_3d': {'center': [-6.6944705408366545, 5.968398480706563, 52.6919728906421], 'normal': [-0.1467454795909688, 0.6351224208614314, -0.7583437708181768], 'radius': 1.9404791087948807}, 'confidence': 0.9988567728031864, 'timestamp': 12644.947979, 'diameter_3d': 3.8809582175897614, 'ellipse': {'center': [81.27773239820691, 189.86241958588116], 'axes': [30.399171992828517, 45.84652704255705], 'angle': -72.62812573468462}, 'location': [81.27773239820691, 189.86241958588116], 'diameter': 45.84652704255705, 'sphere': {'center': [-4.933524785745028, -1.6530705696306138, 61.79209814046022], 'radius': 12.0}, 'projected_sphere': {'center': [110.49876182859234, 103.41367611694845], 'axes': [240.80748910930532, 240.80748910930532], 'angle': 90.0}, 'model_confidence': 0.8963057453636125, 'model_id': 61, 'model_birth_timestamp': 12311.749401, 'theta': 2.258963328270988, 'phi': -1.7619417215463256, 'norm_pos': [0.2539929137443966, 0.20890658505882853], 'topic': 'pupil.1', 'id': 1, 'method': '3d c++'}"
1580974698.574471,"{'circle_3d': {'center': [-6.683177356084952, 5.96680665123311, 52.6884622172664], 'normal': [-0.14580438086166034, 0.6349897684053103, -0.7586363269328185], 'radius': 1.925243215761215}, 'confidence': 0.9897505873020668, 'timestamp': 12644.956379, 'diameter_3d': 3.85048643152243, 'ellipse': {'center': [81.40418907171065, 189.85390774619853], 'axes': [30.183518931818885, 45.48936015890329], 'angle': -72.7008104381321}, 'location': [81.40418907171065, 189.85390774619853], 'diameter': 45.48936015890329, 'sphere': {'center': [-4.933524785745028, -1.6530705696306138, 61.79209814046022], 'radius': 12.0}, 'projected_sphere': {'center': [110.49876182859234, 103.41367611694845], 'axes': [240.80748910930532, 240.80748910930532], 'angle': 90.0}, 'model_confidence': 0.8964983080650524, 'model_id': 61, 'model_birth_timestamp': 12311.749401, 'theta': 2.2587916023274937, 'phi': -1.760673742496671, 'norm_pos': [0.25438809084909575, 0.20894205105750607], 'topic': 'pupil.1', 'id': 1, 'method': '3d c++'}"
1580974698.582339,"{'circle_3d': {'center': [-6.673997834435292, 5.966649046669019, 52.68657088852355], 'normal': [-0.1450394207241887, 0.6349766346916361, -0.7587939376613893], 'radius': 1.9304683088594254}, 'confidence': 0.9987594500209851, 'timestamp': 12644.964779, 'diameter_3d': 3.860936617718851, 'ellipse': {'center': [81.50926791263332, 189.85249710266186], 'axes': [30.279297469469178, 45.61451205357486], 'angle': -72.76293869701054}, 'location': [81.50926791263332, 189.85249710266186], 'diameter': 45.61451205357486, 'sphere': {'center': [-4.933524785745028, -1.6530705696306138, 61.79209814046022], 'radius': 12.0}, 'projected_sphere': {'center': [110.49876182859234, 103.41367611694845], 'axes': [240.80748910930532, 240.80748910930532], 'angle': 90.0}, 'model_confidence': 0.896708896674514, 'model_id': 61, 'model_birth_timestamp': 12311.749401, 'theta': 2.2587746013273575, 'phi': -1.7596628331589657, 'norm_pos': [0.25471646222697913, 0.20894792873890888], 'topic': 'pupil.1', 'id': 1, 'method': '3d c++'}"
1580974698.590296,"{'circle_3d': {'center': [-6.67976160852072, 5.951742045798307, 52.67521917652769], 'normal': [-0.14551973523130765, 0.6337343846190767, -0.7597399136610439], 'radius': 1.9129902502404028}, 'confidence': 0.9421596000577597, 'timestamp': 12644.973179, 'diameter_3d': 3.8259805004808056, 'ellipse': {'center': [81.42418800591217, 189.69859098267585], 'axes': [30.063773985369355, 45.21100632984823], 'angle': -72.68353028224097}, 'location': [81.42418800591217, 189.69859098267585], 'diameter': 45.21100632984823, 'sphere': {'center': [-4.933524785745028, -1.6530705696306138, 61.79209814046022], 'radius': 12.0}, 'projected_sphere': {'center': [110.49876182859234, 103.41367611694845], 'axes': [240.80748910930532, 240.80748910930532], 'angle': 90.0}, 'model_confidence': 0.8968842994454995, 'model_id': 61, 'model_birth_timestamp': 12311.749401, 'theta': 2.2571676364328717, 'phi': -1.760043119142429, 'norm_pos': [0.25445058751847555, 0.20958920423885063], 'topic': 'pupil.1', 'id': 1, 'method': '3d c++'}"
1580974698.602466,"{'circle_3d': {'center': [-6.677092094970393, 5.976800045969608, 52.69566766321251], 'normal': [-0.14529727576878043, 0.6358225513000184, -0.7580358731039755], 'radius': 1.9535530362709561}, 'confidence': 0.9985272134990798, 'timestamp': 12644.981579, 'diameter_3d': 3.9071060725419122, 'ellipse': {'center': [81.48746762835961, 189.95127739872646], 'axes': [30.59063424163226, 46.15235782792999], 'angle': -72.76901510817169}, 'location': [81.48746762835961, 189.95127739872646], 'diameter': 46.15235782792999, 'sphere': {'center': [-4.933524785745028, -1.6530705696306138, 61.79209814046022], 'radius': 12.0}, 'projected_sphere': {'center': [110.49876182859234, 103.41367611694845], 'axes': [240.80748910930532, 240.80748910930532], 'angle': 90.0}, 'model_confidence': 0.8968207632752412, 'model_id': 61, 'model_birth_timestamp': 12311.749401, 'theta': 2.259870088004972, 'phi': -1.7601753688771213, 'norm_pos': [0.25464833633862377, 0.2085363441719731], 'topic': 'pupil.1', 'id': 1, 'method': '3d c++'}"
1580974698.610214,"{'circle_3d': {'center': [-6.666078803197259, 5.971106844060575, 52.68879240346713], 'normal': [-0.14437950145435252, 0.635348117807599, -0.7586088114160907], 'radius': 1.9169499460685873}, 'confidence': 0.9992798755134723, 'timestamp': 12644.989979, 'diameter_3d': 3.8338998921371745, 'ellipse': {'center': [81.60469724854734, 189.9069862516456], 'axes': [30.058044160777953, 45.2929965221629], 'angle': -72.82897472559299}, 'location': [81.60469724854734, 189.9069862516456], 'diameter': 45.2929965221629, 'sphere': {'center': [-4.933524785745028, -1.6530705696306138, 61.79209814046022], 'radius': 12.0}, 'projected_sphere': {'center': [110.49876182859234, 103.41367611694845], 'axes': [240.80748910930532, 240.80748910930532], 'angle': 90.0}, 'model_confidence': 0.896886652300577, 'model_id': 61, 'model_birth_timestamp': 12311.749401, 'theta': 2.2592555611959715, 'phi': -1.7588684699818398, 'norm_pos': [0.2550146789017104, 0.20872089061814336], 'topic': 'pupil.1', 'id': 1, 'method': '3d c++'}"
1580974698.618421,"{'circle_3d': {'center': [-6.678959035545267, 5.982529535938495, 52.70083473500016], 'normal': [-0.1454528541500199, 0.6363000087974258, -0.7576052837883385], 'radius': 1.9254866989341444}, 'confidence': 0.9993699553445891, 'timestamp': 12644.998379, 'diameter_3d': 3.8509733978682887, 'ellipse': {'center': [81.47179789097544, 190.02243582087982], 'axes': [30.12197202218543, 45.48446784576818], 'angle': -72.77181165184574}, 'location': [81.47179789097544, 190.02243582087982], 'diameter': 45.48446784576818, 'sphere': {'center': [-4.933524785745028, -1.6530705696306138, 61.79209814046022], 'radius': 12.0}, 'projected_sphere': {'center': [110.49876182859234, 103.41367611694845], 'axes': [240.80748910930532, 240.80748910930532], 'angle': 90.0}, 'model_confidence': 0.8972354965936846, 'model_id': 61, 'model_birth_timestamp': 12311.749401, 'theta': 2.260488845999998, 'phi': -1.7604785089441606, 'norm_pos': [0.25459936840929825, 0.2082398507463341], 'topic': 'pupil.1', 'id': 1, 'method': '3d c++'}"
1580974698.626359,"{'circle_3d': {'center': [-6.680987954733681, 5.972495967285733, 52.69280654912797], 'normal': [-0.1456219307490543, 0.6354638780763623, -0.7582742992776873], 'radius': 1.9287234922079661}, 'confidence': 0.9730558169744619, 'timestamp': 12645.006779, 'diameter_3d': 3.8574469844159323, 'ellipse': {'center': [81.43639819222997, 189.913798671333], 'axes': [30.21541610797547, 45.567892540266946], 'angle': -72.73102758220645}, 'location': [81.43639819222997, 189.913798671333], 'diameter': 45.567892540266946, 'sphere': {'center': [-4.933524785745028, -1.6530705696306138, 61.79209814046022], 'radius': 12.0}, 'projected_sphere': {'center': [110.49876182859234, 103.41367611694845], 'axes': [240.80748910930532, 240.80748910930532], 'angle': 90.0}, 'model_confidence': 0.8974631862754934, 'model_id': 61, 'model_birth_timestamp': 12311.749401, 'theta': 2.2594054751208943, 'phi': -1.7605301884858862, 'norm_pos': [0.25448874435071867, 0.2086925055361124], 'topic': 'pupil.1', 'id': 1, 'method': '3d c++'}"
1580974698.634683,"{'circle_3d': {'center': [-6.676019353473853, 5.970123575635617, 52.6898663424332], 'normal': [-0.14520788064406875, 0.6352661787721858, -0.7585193165022518], 'radius': 1.9301781862760623}, 'confidence': 0.9988380093352283, 'timestamp': 12645.015179, 'diameter_3d': 3.8603563725521246, 'ellipse': {'center': [81.4903914140749, 189.88916636493718], 'axes': [30.256082051589793, 45.60481208978072], 'angle': -72.7584964173825}, 'location': [81.4903914140749, 189.88916636493718], 'diameter': 45.60481208978072, 'sphere': {'center': [-4.933524785745028, -1.6530705696306138, 61.79209814046022], 'radius': 12.0}, 'projected_sphere': {'center': [110.49876182859234, 103.41367611694845], 'axes': [240.80748910930532, 240.80748910930532], 'angle': 90.0}, 'model_confidence': 0.8973378189911618, 'model_id': 61, 'model_birth_timestamp': 12311.749401, 'theta': 2.2591494582225407, 'phi': -1.7599438446091304, 'norm_pos': [0.25465747316898407, 0.20879514014609513], 'topic': 'pupil.1', 'id': 1, 'method': '3d c++'}"
1580974698.6424289,"{'circle_3d': {'center': [-6.691864357695948, 5.9723665654677465, 52.694793569963835], 'normal': [-0.14652829766257663, 0.63545309459153, -0.758108714208032], 'radius': 1.928467302277167}, 'confidence': 0.9992464845086202, 'timestamp': 12645.023579, 'diameter_3d': 3.856934604554334, 'ellipse': {'center': [81.31182928422369, 189.90986459979263], 'axes': [30.196483873894046, 45.56013428624387], 'angle': -72.65663117925692}, 'location': [81.31182928422369, 189.90986459979263], 'diameter': 45.56013428624387, 'sphere': {'center': [-4.933524785745028, -1.6530705696306138, 61.79209814046022], 'radius': 12.0}, 'projected_sphere': {'center': [110.49876182859234, 103.41367611694845], 'axes': [240.80748910930532, 240.80748910930532], 'angle': 90.0}, 'model_confidence': 0.8974385659412554, 'model_id': 61, 'model_birth_timestamp': 12311.749401, 'theta': 2.2593915093191304, 'phi': -1.7617234066296625, 'norm_pos': [0.25409946651319903, 0.20870889750086408], 'topic': 'pupil.1', 'id': 1, 'method': '3d c++'}"
1580974698.650281,"{'circle_3d': {'center': [-6.693716650665843, 5.969535028342458, 52.69277901777768], 'normal': [-0.14668265541006792, 0.6352171331644226, -0.7582765935568785], 'radius': 1.9342901858671127}, 'confidence': 0.9780607983886113, 'timestamp': 12645.031979, 'diameter_3d': 3.8685803717342253, 'ellipse': {'center': [81.28744623015325, 189.87704570243707], 'axes': [30.298011060678377, 45.69952270411649], 'angle': -72.63635540145472}, 'location': [81.28744623015325, 189.87704570243707], 'diameter': 45.69952270411649, 'sphere': {'center': [-4.933524785745028, -1.6530705696306138, 61.79209814046022], 'radius': 12.0}, 'projected_sphere': {'center': [110.49876182859234, 103.41367611694845], 'axes': [240.80748910930532, 240.80748910930532], 'angle': 90.0}, 'model_confidence': 0.8973387229353369, 'model_id': 61, 'model_birth_timestamp': 12311.749401, 'theta': 2.2590859534255197, 'phi': -1.7618783843999062, 'norm_pos': [0.25402326946922893, 0.2088456429065122], 'topic': 'pupil.1', 'id': 1, 'method': '3d c++'}"
1580974698.658543,"{'circle_3d': {'center': [-6.67519132488963, 5.969113703667109, 52.68886220095404], 'normal': [-0.14513887826205013, 0.6351820227748102, -0.7586029949588483], 'radius': 1.9298963651431864}, 'confidence': 0.9818764490401444, 'timestamp': 12645.040379, 'diameter_3d': 3.859792730286373, 'ellipse': {'center': [81.49861057144875, 189.87870453330066], 'axes': [30.257424675128426, 45.599014813583636], 'angle': -72.7614279248855}, 'location': [81.49861057144875, 189.87870453330066], 'diameter': 45.599014813583636, 'sphere': {'center': [-4.933524785745028, -1.6530705696306138, 61.79209814046022], 'radius': 12.0}, 'projected_sphere': {'center': [110.49876182859234, 103.41367611694845], 'axes': [240.80748910930532, 240.80748910930532], 'angle': 90.0}, 'model_confidence': 0.8973315441049845, 'model_id': 61, 'model_birth_timestamp': 12311.749401, 'theta': 2.2590404941406295, 'phi': -1.7598357281702866, 'norm_pos': [0.25468315803577735, 0.2088387311112473], 'topic': 'pupil.1', 'id': 1, 'method': '3d c++'}"
1580974698.666361,"{'circle_3d': {'center': [-6.6561605417594665, 5.978508127796992, 52.69311288730865], 'normal': [-0.14355297966786984, 0.6359648914523005, -0.7582487710959641], 'radius': 1.9470551986307816}, 'confidence': 0.9986967045864639, 'timestamp': 12645.048779, 'diameter_3d': 3.894110397261563, 'ellipse': {'center': [81.72871179231016, 189.97698299433046], 'axes': [30.51079343996239, 46.00095744391896], 'angle': -72.91628427602885}, 'location': [81.72871179231016, 189.97698299433046], 'diameter': 46.00095744391896, 'sphere': {'center': [-4.933524785745028, -1.6530705696306138, 61.79209814046022], 'radius': 12.0}, 'projected_sphere': {'center': [110.49876182859234, 103.41367611694845], 'axes': [240.80748910930532, 240.80748910930532], 'angle': 90.0}, 'model_confidence': 0.8972282220459871, 'model_id': 61, 'model_birth_timestamp': 12311.749401, 'theta': 2.2600545198034303, 'phi': -1.7579035678208834, 'norm_pos': [0.25540222435096926, 0.20842923752362308], 'topic': 'pupil.1', 'id': 1, 'method': '3d c++'}"
1580974698.674397,"{'circle_3d': {'center': [-6.665865053260961, 5.974119555723236, 52.69127576062841], 'normal': [-0.14436168895966106, 0.6355991771128209, -0.7584018649859842], 'radius': 1.9271346567984105}, 'confidence': 0.9991779515790755, 'timestamp': 12645.057179, 'diameter_3d': 3.854269313596821, 'ellipse': {'center': [81.61132816442688, 189.93535902065298], 'axes': [30.204544513997135, 45.53163632094161], 'angle': -72.83845712141034}, 'location': [81.61132816442688, 189.93535902065298], 'diameter': 45.53163632094161, 'sphere': {'center': [-4.933524785745028, -1.6530705696306138, 61.79209814046022], 'radius': 12.0}, 'projected_sphere': {'center': [110.49876182859234, 103.41367611694845], 'axes': [240.80748910930532, 240.80748910930532], 'angle': 90.0}, 'model_confidence': 0.8974244253230346, 'model_id': 61, 'model_birth_timestamp': 12311.749401, 'theta': 2.2595807159349754, 'phi': -1.7588959219149525, 'norm_pos': [0.255035400513834, 0.20860267074727923], 'topic': 'pupil.1', 'id': 1, 'method': '3d c++'}"
1580974698.686275,"{'circle_3d': {'center': [-6.656169284218093, 5.963476423923536, 52.68052814254758], 'normal': [-0.14355370820608873, 0.6347122494628459, -0.7592974998260532], 'radius': 1.9154456668411264}, 'confidence': 0.9992801614441115, 'timestamp': 12645.065579, 'diameter_3d': 3.8308913336822528, 'ellipse': {'center': [81.70869402997113, 189.82854986549367], 'axes': [30.082709270817993, 45.264499541790485], 'angle': -72.87619493439364}, 'location': [81.70869402997113, 189.82854986549367], 'diameter': 45.264499541790485, 'sphere': {'center': [-4.933524785745028, -1.6530705696306138, 61.79209814046022], 'radius': 12.0}, 'projected_sphere': {'center': [110.49876182859234, 103.41367611694845], 'axes': [240.80748910930532, 240.80748910930532], 'angle': 90.0}, 'model_confidence': 0.8976966669785535, 'model_id': 61, 'model_birth_timestamp': 12311.749401, 'theta': 2.2584324170753187, 'phi': -1.7576520423119748, 'norm_pos': [0.2553396688436598, 0.20904770889377633], 'topic': 'pupil.1', 'id': 1, 'method': '3d c++'}"
1580974698.694301,"{'circle_3d': {'center': [-6.654223306275847, 5.9653838737989275, 52.68175519988813], 'normal': [-0.1433915433775682, 0.6348712036191285, -0.7591952450476741], 'radius': 1.9440474226613336}, 'confidence': 0.9987521753802466, 'timestamp': 12645.073979, 'diameter_3d': 3.888094845322667, 'ellipse': {'center': [81.73466967975888, 189.83864514656625], 'axes': [30.52645476133439, 45.93972034403867], 'angle': -72.8944626147171}, 'location': [81.73466967975888, 189.83864514656625], 'diameter': 45.93972034403867, 'sphere': {'center': [-4.933524785745028, -1.6530705696306138, 61.79209814046022], 'radius': 12.0}, 'projected_sphere': {'center': [110.49876182859234, 103.41367611694845], 'axes': [240.80748910930532, 240.80748910930532], 'angle': 90.0}, 'model_confidence': 0.897681514485138, 'model_id': 61, 'model_birth_timestamp': 12311.749401, 'theta': 2.2586381341647797, 'phi': -1.7574703921764565, 'norm_pos': [0.2554208427492465, 0.20900564522264065], 'topic': 'pupil.1', 'id': 1, 'method': '3d c++'}"
1580974698.7025821,"{'circle_3d': {'center': [-6.651236345219941, 5.989662065581722, 52.70154783450478], 'normal': [-0.14314262995624272, 0.6368943862676947, -0.75754585882962], 'radius': 1.9631433241741498}, 'confidence': 0.998390070066815, 'timestamp': 12645.082379, 'diameter_3d': 3.9262866483482997, 'ellipse': {'center': [81.79950863962448, 190.09091254181317], 'axes': [30.71855248644953, 46.373877270489714], 'angle': -72.97950041120401}, 'location': [81.79950863962448, 190.09091254181317], 'diameter': 46.373877270489714, 'sphere': {'center': [-4.933524785745028, -1.6530705696306138, 61.79209814046022], 'radius': 12.0}, 'projected_sphere': {'center': [110.49876182859234, 103.41367611694845], 'axes': [240.80748910930532, 240.80748910930532], 'angle': 90.0}, 'model_confidence': 0.897414851744327, 'model_id': 61, 'model_birth_timestamp': 12311.749401, 'theta': 2.261259567251717, 'phi': -1.7575501942364544, 'norm_pos': [0.2556234644988265, 0.20795453107577844], 'topic': 'pupil.1', 'id': 1, 'method': '3d c++'}"
1580974698.710314,"{'circle_3d': {'center': [-6.664665796269669, 5.9756191370129415, 52.692304507556756], 'normal': [-0.1442617508770534, 0.6357241422202963, -0.7583161360752885], 'radius': 1.9431641871570318}, 'confidence': 0.9988091842265335, 'timestamp': 12645.090779, 'diameter_3d': 3.8863283743140635, 'ellipse': {'center': [81.62766254771185, 189.94561558230356], 'axes': [30.45090629490948, 45.90968595132607], 'angle': -72.85057604893515}, 'location': [81.62766254771185, 189.94561558230356], 'diameter': 45.90968595132607, 'sphere': {'center': [-4.933524785745028, -1.6530705696306138, 61.79209814046022], 'radius': 12.0}, 'projected_sphere': {'center': [110.49876182859234, 103.41367611694845], 'axes': [240.80748910930532, 240.80748910930532], 'angle': 90.0}, 'model_confidence': 0.897395854067129, 'model_id': 61, 'model_birth_timestamp': 12311.749401, 'theta': 2.2597425945923684, 'phi': -1.7587895053790357, 'norm_pos': [0.25508644546159953, 0.20855993507373516], 'topic': 'pupil.1', 'id': 1, 'method': '3d c++'}"
1580974698.718632,"{'circle_3d': {'center': [-6.678605754557652, 5.987987789151498, 52.70535397271928], 'normal': [-0.14542341406771864, 0.6367548632318427, -0.7572286806450784], 'radius': 1.9394796846414237}, 'confidence': 0.9988863274341884, 'timestamp': 12645.099179, 'diameter_3d': 3.8789593692828475, 'ellipse': {'center': [81.48324319829565, 190.07542933243732], 'axes': [30.3166343699481, 45.811291992805295], 'angle': -72.78878865276401}, 'location': [81.48324319829565, 190.07542933243732], 'diameter': 45.811291992805295, 'sphere': {'center': [-4.933524785745028, -1.6530705696306138, 61.79209814046022], 'radius': 12.0}, 'projected_sphere': {'center': [110.49876182859234, 103.41367611694845], 'axes': [240.80748910930532, 240.80748910930532], 'angle': 90.0}, 'model_confidence': 0.8972513990578967, 'model_id': 61, 'model_birth_timestamp': 12311.749401, 'theta': 2.2610786055601517, 'phi': -1.760533102513282, 'norm_pos': [0.25463513499467394, 0.20801904444817787], 'topic': 'pupil.1', 'id': 1, 'method': '3d c++'}"
1580974698.7263849,"{'circle_3d': {'center': [-6.755228588081653, 6.001261501824072, 52.73160169730367], 'normal': [-0.15180865019471879, 0.6378610059545572, -0.7550413702630459], 'radius': 1.9361277263439656}, 'confidence': 0.9491878661530757, 'timestamp': 12645.107579, 'diameter_3d': 3.872255452687931, 'ellipse': {'center': [80.62415071519854, 190.1989046181039], 'axes': [30.09226322835674, 45.70944985887415], 'angle': -72.30562293562903}, 'location': [80.62415071519854, 190.1989046181039], 'diameter': 45.70944985887415, 'sphere': {'center': [-4.933524785745028, -1.6530705696306138, 61.79209814046022], 'radius': 12.0}, 'projected_sphere': {'center': [110.49876182859234, 103.41367611694845], 'axes': [240.80748910930532, 240.80748910930532], 'angle': 90.0}, 'model_confidence': 0.8973867858010909, 'model_id': 61, 'model_birth_timestamp': 12311.749401, 'theta': 2.262514019203136, 'phi': -1.7692109504411142, 'norm_pos': [0.25195047098499546, 0.20750456409123375], 'topic': 'pupil.1', 'id': 1, 'method': '3d c++'}"
1580974698.7344902,"{'circle_3d': {'center': [-7.0012186315010965, 6.025953566471124, 52.80559545713622], 'normal': [-0.17230782047967233, 0.6399186780084781, -0.7488752236103333], 'radius': 1.921968697632304}, 'confidence': 0.9997811724557577, 'timestamp': 12645.115978, 'diameter_3d': 3.843937395264608, 'ellipse': {'center': [77.85562323353908, 190.39916103581584], 'axes': [29.380682111887744, 45.311647284277434], 'angle': -70.73524623071933}, 'location': [77.85562323353908, 190.39916103581584], 'diameter': 45.311647284277434, 'sphere': {'center': [-4.933524785745028, -1.6530705696306138, 61.79209814046022], 'radius': 12.0}, 'projected_sphere': {'center': [110.49876182859234, 103.41367611694845], 'axes': [240.80748910930532, 240.80748910930532], 'angle': 90.0}, 'model_confidence': 0.8976316952090446, 'model_id': 61, 'model_birth_timestamp': 12311.749401, 'theta': 2.265188760741286, 'phi': -1.7969490756525595, 'norm_pos': [0.24329882260480962, 0.2066701623507673], 'topic': 'pupil.1', 'id': 1, 'method': '3d c++'}"
1580974698.745051,"{'circle_3d': {'center': [-7.564385655496656, 6.081463873053524, 53.00258461359523], 'normal': [-0.21923840581263565, 0.6445445368903449, -0.7324594605720819], 'radius': 1.933524611640888}, 'confidence': 0.9980787248236631, 'timestamp': 12645.124378, 'diameter_3d': 3.867049223281776, 'ellipse': {'center': [71.59323863802817, 190.7923264087471], 'axes': [28.286043006981068, 45.41460325123434], 'angle': -67.30460779036204}, 'location': [71.59323863802817, 190.7923264087471], 'diameter': 45.41460325123434, 'sphere': {'center': [-4.933524785745028, -1.6530705696306138, 61.79209814046022], 'radius': 12.0}, 'projected_sphere': {'center': [110.49876182859234, 103.41367611694845], 'axes': [240.80748910930532, 240.80748910930532], 'angle': 90.0}, 'model_confidence': 0.8978038748264083, 'model_id': 61, 'model_birth_timestamp': 12311.749401, 'theta': 2.2712237463505818, 'phi': -1.8616274473702432, 'norm_pos': [0.22372887074383802, 0.20503197329688705], 'topic': 'pupil.1', 'id': 1, 'method': '3d c++'}"
1580974698.7545779,"{'circle_3d': {'center': [-8.083919424800369, 6.259724324668122, 53.33853731800373], 'normal': [-0.26253288658794505, 0.6593995745248947, -0.704463401871374], 'radius': 1.9256869197309656}, 'confidence': 0.4220861716750815, 'timestamp': 12645.132778, 'diameter_3d': 3.8513738394619312, 'ellipse': {'center': [66.12142588933162, 192.43435999225164], 'axes': [26.21373662641895, 44.945139187070545], 'angle': -64.77968387411713}, 'location': [66.12142588933162, 192.43435999225164], 'diameter': 44.945139187070545, 'sphere': {'center': [-4.933524785745028, -1.6530705696306138, 61.79209814046022], 'radius': 12.0}, 'projected_sphere': {'center': [110.49876182859234, 103.41367611694845], 'axes': [240.80748910930532, 240.80748910930532], 'angle': 90.0}, 'model_confidence': 0.8978038748264083, 'model_id': 61, 'model_birth_timestamp': 12311.749401, 'theta': 2.29081614931339, 'phi': -1.9275233306277948, 'norm_pos': [0.20662945590416132, 0.1981901666989515], 'topic': 'pupil.1', 'id': 1, 'method': '3d c++'}"
1580974698.758806,"{'circle_3d': {'center': [-8.692024673014998, 6.338101208470022, 53.66714569688988], 'normal': [-0.3132083239391641, 0.6659309815083863, -0.677079370297528], 'radius': 1.9143234979583748}, 'confidence': 0.3907101486322894, 'timestamp': 12645.141178, 'diameter_3d': 3.8286469959167495, 'ellipse': {'center': [59.68188388322237, 192.91668318407534], 'axes': [24.156028707416258, 44.40452800563032], 'angle': -61.666326583212054}, 'location': [59.68188388322237, 192.91668318407534], 'diameter': 44.40452800563032, 'sphere': {'center': [-4.933524785745028, -1.6530705696306138, 61.79209814046022], 'radius': 12.0}, 'projected_sphere': {'center': [110.49876182859234, 103.41367611694845], 'axes': [240.80748910930532, 240.80748910930532], 'angle': 90.0}, 'model_confidence': 0.8978038748264083, 'model_id': 61, 'model_birth_timestamp': 12311.749401, 'theta': 2.299537392947219, 'phi': -2.0040684169050818, 'norm_pos': [0.1865058871350699, 0.19618048673301947], 'topic': 'pupil.1', 'id': 1, 'method': '3d c++'}"
1580974698.770507,"{'circle_3d': {'center': [-9.188628576308506, 6.4244115934587125, 54.004391569427504], 'normal': [-0.35459198254695645, 0.6731235135907772, -0.6489755475860595], 'radius': 1.9432915061725533}, 'confidence': 0.45960272680898007, 'timestamp': 12645.149578, 'diameter_3d': 3.8865830123451066, 'ellipse': {'center': [54.61526721823071, 193.46012520713452], 'axes': [22.629737095845353, 44.793900658469525], 'angle': -59.40303195491855}, 'location': [54.61526721823071, 193.46012520713452], 'diameter': 44.793900658469525, 'sphere': {'center': [-4.933524785745028, -1.6530705696306138, 61.79209814046022], 'radius': 12.0}, 'projected_sphere': {'center': [110.49876182859234, 103.41367611694845], 'axes': [240.80748910930532, 240.80748910930532], 'angle': 90.0}, 'model_confidence': 0.8978038748264083, 'model_id': 61, 'model_birth_timestamp': 12311.749401, 'theta': 2.3092206855622637, 'phi': -2.0708616237022803, 'norm_pos': [0.170672710056971, 0.19391614497027276], 'topic': 'pupil.1', 'id': 1, 'method': '3d c++'}"
1580974698.778661,"{'circle_3d': {'center': [-9.486493434848965, 6.422804292455162, 54.17299572008236], 'normal': [-0.37941405409199475, 0.6729895718404814, -0.6349252016981547], 'radius': 1.9273684426297466}, 'confidence': 0.5729726636577563, 'timestamp': 12645.157978, 'diameter_3d': 3.854736885259493, 'ellipse': {'center': [51.53593269962394, 193.227801078489], 'axes': [21.501117810266603, 44.286908763828784], 'angle': -57.92999196105785}, 'location': [51.53593269962394, 193.227801078489], 'diameter': 44.286908763828784, 'sphere': {'center': [-4.933524785745028, -1.6530705696306138, 61.79209814046022], 'radius': 12.0}, 'projected_sphere': {'center': [110.49876182859234, 103.41367611694845], 'axes': [240.80748910930532, 240.80748910930532], 'angle': 90.0}, 'model_confidence': 0.8978038748264083, 'model_id': 61, 'model_birth_timestamp': 12311.749401, 'theta': 2.3090395831074395, 'phi': -2.1094292372298606, 'norm_pos': [0.16104978968632483, 0.19488416217296256], 'topic': 'pupil.1', 'id': 1, 'method': '3d c++'}"
1580974698.786368,"{'circle_3d': {'center': [-9.647216394757494, 6.428564874338749, 54.277560232783955], 'normal': [-0.3928076340843722, 0.6734696203307803, -0.6262114923063553], 'radius': 1.9169950617438825}, 'confidence': 0.5141351831018927, 'timestamp': 12645.166378, 'diameter_3d': 3.833990123487765, 'ellipse': {'center': [49.90884289347045, 193.16132021640368], 'axes': [20.81780027006563, 43.9627625081653], 'angle': -57.18302292768844}, 'location': [49.90884289347045, 193.16132021640368], 'diameter': 43.9627625081653, 'sphere': {'center': [-4.933524785745028, -1.6530705696306138, 61.79209814046022], 'radius': 12.0}, 'projected_sphere': {'center': [110.49876182859234, 103.41367611694845], 'axes': [240.80748910930532, 240.80748910930532], 'angle': 90.0}, 'model_confidence': 0.8978038748264083, 'model_id': 61, 'model_birth_timestamp': 12311.749401, 'theta': 2.30968879431479, 'phi': -2.131030864723923, 'norm_pos': [0.15596513404209517, 0.19516116576498466], 'topic': 'pupil.1', 'id': 1, 'method': '3d c++'}"
1580974698.796932,"{'circle_3d': {'center': [-9.645676474272907, 6.277410662661234, 54.11726303548431], 'normal': [-0.3926793073773232, 0.6608734360243207, -0.639569592081326], 'radius': 1.9583197041895561}, 'confidence': 0.9968993752657372, 'timestamp': 12645.174778, 'diameter_3d': 3.9166394083791123, 'ellipse': {'center': [49.611789704097646, 191.63007434688285], 'axes': [22.05934733721565, 45.04303988539809], 'angle': -56.610343704049114}, 'location': [49.611789704097646, 191.63007434688285], 'diameter': 45.04303988539809, 'sphere': {'center': [-4.933524785745028, -1.6530705696306138, 61.79209814046022], 'radius': 12.0}, 'projected_sphere': {'center': [110.49876182859234, 103.41367611694845], 'axes': [240.80748910930532, 240.80748910930532], 'angle': 90.0}, 'model_confidence': 0.8975037247096473, 'model_id': 61, 'model_birth_timestamp': 12311.749401, 'theta': 2.2927783017597223, 'phi': -2.1214277495046705, 'norm_pos': [0.15503684282530514, 0.20154135688798813], 'topic': 'pupil.1', 'id': 1, 'method': '3d c++'}"
1580974698.802397,"{'circle_3d': {'center': [-9.616825820616512, 6.298784733845606, 54.12172079320091], 'normal': [-0.3902750862392903, 0.6626546086230184, -0.6391981122716094], 'radius': 1.9378611137819657}, 'confidence': 0.997237807580044, 'timestamp': 12645.183178, 'diameter_3d': 3.8757222275639314, 'ellipse': {'center': [49.947763312713505, 191.87455084724823], 'axes': [21.81813834647546, 44.568764340561884], 'angle': -56.830853532135365}, 'location': [49.947763312713505, 191.87455084724823], 'diameter': 44.568764340561884, 'sphere': {'center': [-4.933524785745028, -1.6530705696306138, 61.79209814046022], 'radius': 12.0}, 'projected_sphere': {'center': [110.49876182859234, 103.41367611694845], 'axes': [240.80748910930532, 240.80748910930532], 'angle': 90.0}, 'model_confidence': 0.896952020231967, 'model_id': 61, 'model_birth_timestamp': 12311.749401, 'theta': 2.2951541121083125, 'phi': -2.118951537005387, 'norm_pos': [0.1560867603522297, 0.2005227048031324], 'topic': 'pupil.1', 'id': 1, 'method': '3d c++'}"
1580974698.8102841,"{'circle_3d': {'center': [-9.563257309922175, 6.285468835758813, 54.075546523082444], 'normal': [-0.38581104368142893, 0.661544950449119, -0.6430459681148146], 'radius': 1.9540921676855856}, 'confidence': 0.9978711789909441, 'timestamp': 12645.191578, 'diameter_3d': 3.908184335371171, 'ellipse': {'center': [50.470012115113704, 191.77622970263252], 'axes': [22.2516759254117, 44.98090070993171], 'angle': -57.03671555190237}, 'location': [50.470012115113704, 191.77622970263252], 'diameter': 44.98090070993171, 'sphere': {'center': [-4.933524785745028, -1.6530705696306138, 61.79209814046022], 'radius': 12.0}, 'projected_sphere': {'center': [110.49876182859234, 103.41367611694845], 'axes': [240.80748910930532, 240.80748910930532], 'angle': 90.0}, 'model_confidence': 0.8965201495843789, 'model_id': 61, 'model_birth_timestamp': 12311.749401, 'theta': 2.2936734138496586, 'phi': -2.111196917321504, 'norm_pos': [0.15771878785973031, 0.20093237623903115], 'topic': 'pupil.1', 'id': 1, 'method': '3d c++'}"
1580974698.819063,"{'circle_3d': {'center': [-9.467308228866006, 6.314626049368352, 54.048673944506945], 'normal': [-0.37781528692674815, 0.6639747182499138, -0.6452853496627725], 'radius': 1.9519452686424792}, 'confidence': 0.9991728287368087, 'timestamp': 12645.199978, 'diameter_3d': 3.9038905372849584, 'ellipse': {'center': [51.513734232670245, 192.14441946123145], 'axes': [22.399097725326, 44.954507610412875], 'angle': -57.61350608521889}, 'location': [51.513734232670245, 192.14441946123145], 'diameter': 44.954507610412875, 'sphere': {'center': [-4.933524785745028, -1.6530705696306138, 61.79209814046022], 'radius': 12.0}, 'projected_sphere': {'center': [110.49876182859234, 103.41367611694845], 'axes': [240.80748910930532, 240.80748910930532], 'angle': 90.0}, 'model_confidence': 0.8966735752504285, 'model_id': 61, 'model_birth_timestamp': 12311.749401, 'theta': 2.296918162057213, 'phi': -2.100486655935642, 'norm_pos': [0.16098041947709452, 0.19939825224486896], 'topic': 'pupil.1', 'id': 1, 'method': '3d c++'}"
1580974698.826238,"{'circle_3d': {'center': [-9.373071937873839, 6.308346653654215, 53.987852060228725], 'normal': [-0.36996226267740084, 0.6634514352737358, -0.6503538400192912], 'radius': 1.9660401727843066}, 'confidence': 0.9989129717891261, 'timestamp': 12645.208378, 'diameter_3d': 3.9320803455686133, 'ellipse': {'center': [52.47457980178358, 192.14590478914755], 'axes': [22.90434719670003, 45.330813712723064], 'angle': -58.051751335986225}, 'location': [52.47457980178358, 192.14590478914755], 'diameter': 45.330813712723064, 'sphere': {'center': [-4.933524785745028, -1.6530705696306138, 61.79209814046022], 'radius': 12.0}, 'projected_sphere': {'center': [110.49876182859234, 103.41367611694845], 'axes': [240.80748910930532, 240.80748910930532], 'angle': 90.0}, 'model_confidence': 0.8966818244228847, 'model_id': 61, 'model_birth_timestamp': 12311.749401, 'theta': 2.2962185739290786, 'phi': -2.088006287909949, 'norm_pos': [0.16398306188057368, 0.19939206337855186], 'topic': 'pupil.1', 'id': 1, 'method': '3d c++'}"
1580974698.83435,"{'circle_3d': {'center': [-9.284192681907143, 6.308313127756252, 53.937923551091394], 'normal': [-0.36255565801350953, 0.6634486414489055, -0.6545145491140688], 'radius': 1.9620154052029857}, 'confidence': 0.99883674432777, 'timestamp': 12645.216778, 'diameter_3d': 3.9240308104059713, 'ellipse': {'center': [53.39507523670852, 192.2105199132066], 'axes': [23.14418432816711, 45.28025996810957], 'angle': -58.49274114424309}, 'location': [53.39507523670852, 192.2105199132066], 'diameter': 45.28025996810957, 'sphere': {'center': [-4.933524785745028, -1.6530705696306138, 61.79209814046022], 'radius': 12.0}, 'projected_sphere': {'center': [110.49876182859234, 103.41367611694845], 'axes': [240.80748910930532, 240.80748910930532], 'angle': 90.0}, 'model_confidence': 0.8966890697921226, 'model_id': 61, 'model_birth_timestamp': 12311.749401, 'theta': 2.2962148399702977, 'phi': -2.0766522880177942, 'norm_pos': [0.16685961011471412, 0.1991228336949724], 'topic': 'pupil.1', 'id': 1, 'method': '3d c++'}"
1580974698.8427022,"{'circle_3d': {'center': [-9.199955821782481, 6.309521985488612, 53.893067439425046], 'normal': [-0.3555359196697877, 0.6635493795932688, -0.658252558419598], 'radius': 1.9474136691214532}, 'confidence': 0.9990312955044625, 'timestamp': 12645.225178, 'diameter_3d': 3.8948273382429064, 'ellipse': {'center': [54.27251889364942, 192.2862899139443], 'axes': [23.22990812892033, 44.980844327064744], 'angle': -58.91999741731056}, 'location': [54.27251889364942, 192.2862899139443], 'diameter': 44.980844327064744, 'sphere': {'center': [-4.933524785745028, -1.6530705696306138, 61.79209814046022], 'radius': 12.0}, 'projected_sphere': {'center': [110.49876182859234, 103.41367611694845], 'axes': [240.80748910930532, 240.80748910930532], 'angle': 90.0}, 'model_confidence': 0.89657792905391, 'model_id': 61, 'model_birth_timestamp': 12311.749401, 'theta': 2.296349484744261, 'phi': -2.066023137897008, 'norm_pos': [0.16960162154265443, 0.19880712535856537], 'topic': 'pupil.1', 'id': 1, 'method': '3d c++'}"
1580974698.854311,"{'circle_3d': {'center': [-9.101317367934339, 6.289277736492878, 53.82036003788403], 'normal': [-0.3473160485157758, 0.6618623588436243, -0.6643115085480161], 'radius': 1.9347872784190072}, 'confidence': 0.9985141830598512, 'timestamp': 12645.233578, 'diameter_3d': 3.8695745568380144, 'ellipse': {'center': [55.263854772539574, 192.15104756011732], 'axes': [23.48143334046114, 44.74968329529119], 'angle': -59.34544971634159}, 'location': [55.263854772539574, 192.15104756011732], 'diameter': 44.74968329529119, 'sphere': {'center': [-4.933524785745028, -1.6530705696306138, 61.79209814046022], 'radius': 12.0}, 'projected_sphere': {'center': [110.49876182859234, 103.41367611694845], 'axes': [240.80748910930532, 240.80748910930532], 'angle': 90.0}, 'model_confidence': 0.8963219793609589, 'model_id': 61, 'model_birth_timestamp': 12311.749401, 'theta': 2.2940967574301845, 'phi': -2.0525336633290165, 'norm_pos': [0.17269954616418617, 0.1993706351661778], 'topic': 'pupil.1', 'id': 1, 'method': '3d c++'}"
1580974698.862616,"{'circle_3d': {'center': [-8.963770118218486, 6.306351015512664, 53.76684234453501], 'normal': [-0.33585377770612146, 0.6632851320952732, -0.6687713163271009], 'radius': 1.905852958846095}, 'confidence': 0.9993251138551846, 'timestamp': 12645.241978, 'diameter_3d': 3.81170591769219, 'ellipse': {'center': [56.73960014461386, 192.42498179171162], 'axes': [23.447908683890468, 44.124601157110156], 'angle': -60.117624434256385}, 'location': [56.73960014461386, 192.42498179171162], 'diameter': 44.124601157110156, 'sphere': {'center': [-4.933524785745028, -1.6530705696306138, 61.79209814046022], 'radius': 12.0}, 'projected_sphere': {'center': [110.49876182859234, 103.41367611694845], 'axes': [240.80748910930532, 240.80748910930532], 'angle': 90.0}, 'model_confidence': 0.8962990527835557, 'model_id': 61, 'model_birth_timestamp': 12311.749401, 'theta': 2.295996330551393, 'phi': -2.036198592405206, 'norm_pos': [0.1773112504519183, 0.1982292425345349], 'topic': 'pupil.1', 'id': 1, 'method': '3d c++'}"
1580974698.870477,"{'circle_3d': {'center': [-8.839429932664306, 6.29651179181144, 53.695923410260846], 'normal': [-0.32549209557660636, 0.6624651967868378, -0.6746812275166144], 'radius': 1.923663136161627}, 'confidence': 0.9989795945391406, 'timestamp': 12645.250378, 'diameter_3d': 3.847326272323254, 'ellipse': {'center': [58.03897084580075, 192.39764310106662], 'axes': [24.071659959739478, 44.59654082111001], 'angle': -60.73280540463339}, 'location': [58.03897084580075, 192.39764310106662], 'diameter': 44.59654082111001, 'sphere': {'center': [-4.933524785745028, -1.6530705696306138, 61.79209814046022], 'radius': 12.0}, 'projected_sphere': {'center': [110.49876182859234, 103.41367611694845], 'axes': [240.80748910930532, 240.80748910930532], 'angle': 90.0}, 'model_confidence': 0.8963426558010301, 'model_id': 61, 'model_birth_timestamp': 12311.749401, 'theta': 2.294901228824011, 'phi': -2.0202961668014305, 'norm_pos': [0.18137178389312733, 0.19834315374555578], 'topic': 'pupil.1', 'id': 1, 'method': '3d c++'}"
1580974698.879355,"{'circle_3d': {'center': [-8.751357869552038, 6.297354163483956, 53.65484448168389], 'normal': [-0.3181527569839174, 0.6625353944262141, -0.6781044715646943], 'radius': 1.925173793938441}, 'confidence': 0.9989251470984035, 'timestamp': 12645.258778, 'diameter_3d': 3.850347587876882, 'ellipse': {'center': [58.977029846746774, 192.45985544279048], 'axes': [24.33205217086153, 44.66613450827204], 'angle': -61.20319058269334}, 'location': [58.977029846746774, 192.45985544279048], 'diameter': 44.66613450827204, 'sphere': {'center': [-4.933524785745028, -1.6530705696306138, 61.79209814046022], 'radius': 12.0}, 'projected_sphere': {'center': [110.49876182859234, 103.41367611694845], 'axes': [240.80748910930532, 240.80748910930532], 'angle': 90.0}, 'model_confidence': 0.8963358367671703, 'model_id': 61, 'model_birth_timestamp': 12311.749401, 'theta': 2.294994942925228, 'phi': -2.0094850050552573, 'norm_pos': [0.18430321827108367, 0.19808393565503968], 'topic': 'pupil.1', 'id': 1, 'method': '3d c++'}"
1580974698.88642,"{'circle_3d': {'center': [-8.63585719593958, 6.297358323636368, 53.60165156304281], 'normal': [-0.308527700849546, 0.6625357411055819, -0.682537214784784], 'radius': 1.9047125804871612}, 'confidence': 0.9987064507160742, 'timestamp': 12645.267178, 'diameter_3d': 3.8094251609743224, 'ellipse': {'center': [60.20825350244199, 192.53523405287396], 'axes': [24.3838519155905, 44.23540215504835], 'angle': -61.82365902596494}, 'location': [60.20825350244199, 192.53523405287396], 'diameter': 44.23540215504835, 'sphere': {'center': [-4.933524785745028, -1.6530705696306138, 61.79209814046022], 'radius': 12.0}, 'projected_sphere': {'center': [110.49876182859234, 103.41367611694845], 'axes': [240.80748910930532, 240.80748910930532], 'angle': 90.0}, 'model_confidence': 0.8962680247679211, 'model_id': 61, 'model_birth_timestamp': 12311.749401, 'theta': 2.294995405762708, 'phi': -1.9953376106155118, 'norm_pos': [0.18815079219513123, 0.19776985811302517], 'topic': 'pupil.1', 'id': 1, 'method': '3d c++'}"
1580974698.894518,"{'circle_3d': {'center': [-8.526159880827384, 6.314100338500584, 53.56913269031935], 'normal': [-0.2993862579235297, 0.6639309090109332, -0.6852471208450728], 'radius': 1.8573223427978878}, 'confidence': 0.8058816718163445, 'timestamp': 12645.275578, 'diameter_3d': 3.7146446855957755, 'ellipse': {'center': [61.409718039000126, 192.7856472936856], 'axes': [23.976779239387117, 43.16076867922512], 'angle': -62.47976017714832}, 'location': [61.409718039000126, 192.7856472936856], 'diameter': 43.16076867922512, 'sphere': {'center': [-4.933524785745028, -1.6530705696306138, 61.79209814046022], 'radius': 12.0}, 'projected_sphere': {'center': [110.49876182859234, 103.41367611694845], 'axes': [240.80748910930532, 240.80748910930532], 'angle': 90.0}, 'model_confidence': 0.8963557213421014, 'model_id': 61, 'model_birth_timestamp': 12311.749401, 'theta': 2.2968595758916908, 'phi': -1.9827052454028764, 'norm_pos': [0.1919053688718754, 0.19672646960964335], 'topic': 'pupil.1', 'id': 1, 'method': '3d c++'}"
1580974698.902405,"{'circle_3d': {'center': [-8.411889567438582, 6.4945310749448755, 53.69780596098062], 'normal': [-0.2898637318077962, 0.6789668037146243, -0.674524348289967], 'radius': 1.9429062605041365}, 'confidence': 0.5018010278368633, 'timestamp': 12645.283977, 'diameter_3d': 3.885812521008273, 'ellipse': {'center': [62.96498237921651, 194.6680222370031], 'axes': [24.470699476720995, 45.04416058637536], 'angle': -63.72521081092664}, 'location': [62.96498237921651, 194.6680222370031], 'diameter': 45.04416058637536, 'sphere': {'center': [-4.933524785745028, -1.6530705696306138, 61.79209814046022], 'radius': 12.0}, 'projected_sphere': {'center': [110.49876182859234, 103.41367611694845], 'axes': [240.80748910930532, 240.80748910930532], 'angle': 90.0}, 'model_confidence': 0.8963557213421014, 'model_id': 61, 'model_birth_timestamp': 12311.749401, 'theta': 2.3171507436081185, 'phi': -1.9766669755256, 'norm_pos': [0.1967655699350516, 0.18888324067915374], 'topic': 'pupil.1', 'id': 1, 'method': '3d c++'}"
1580974698.911019,"{'circle_3d': {'center': [-8.179287242811721, 6.30779952103096, 53.42014654767695], 'normal': [-0.27048020475555784, 0.6634058408884644, -0.6976626327319394], 'radius': 1.9376058531091347}, 'confidence': 0.9983686327320789, 'timestamp': 12645.292377, 'diameter_3d': 3.8752117062182694, 'ellipse': {'center': [65.16018631019543, 192.88069868827694], 'axes': [25.915980874665102, 45.15439421068215], 'angle': -64.39437519490484}, 'location': [65.16018631019543, 192.88069868827694], 'diameter': 45.15439421068215, 'sphere': {'center': [-4.933524785745028, -1.6530705696306138, 61.79209814046022], 'radius': 12.0}, 'projected_sphere': {'center': [110.49876182859234, 103.41367611694845], 'axes': [240.80748910930532, 240.80748910930532], 'angle': 90.0}, 'model_confidence': 0.8960666988123145, 'model_id': 61, 'model_birth_timestamp': 12311.749401, 'theta': 2.2961576383843556, 'phi': -1.940650010012203, 'norm_pos': [0.20362558221936072, 0.19633042213217944], 'topic': 'pupil.1', 'id': 1, 'method': '3d c++'}"
1580974698.919432,"{'circle_3d': {'center': [-8.024354520939404, 6.2813378504727275, 53.33680781007939], 'normal': [-0.25756914459953134, 0.6612007016752784, -0.7046075275317353], 'radius': 1.87689364725339}, 'confidence': 0.9989806503066903, 'timestamp': 12645.300777, 'diameter_3d': 3.75378729450678, 'ellipse': {'center': [66.80418039126317, 192.7034453184615], 'axes': [25.579858446842575, 43.807266958113075], 'angle': -65.1967748573908}, 'location': [66.80418039126317, 192.7034453184615], 'diameter': 43.807266958113075, 'sphere': {'center': [-4.933524785745028, -1.6530705696306138, 61.79209814046022], 'radius': 12.0}, 'projected_sphere': {'center': [110.49876182859234, 103.41367611694845], 'axes': [240.80748910930532, 240.80748910930532], 'angle': 90.0}, 'model_confidence': 0.8960129597463729, 'model_id': 61, 'model_birth_timestamp': 12311.749401, 'theta': 2.2932144505488252, 'phi': -1.9212562650068645, 'norm_pos': [0.20876306372269743, 0.19706897783974375], 'topic': 'pupil.1', 'id': 1, 'method': '3d c++'}"
1580974698.926291,"{'circle_3d': {'center': [-7.890048090003122, 6.257573949828327, 53.266802061253756], 'normal': [-0.24637694202150776, 0.6592203766215784, -0.7104413399338717], 'radius': 1.9249689658943903}, 'confidence': 0.9962639887886403, 'timestamp': 12645.309177, 'diameter_3d': 3.8499379317887805, 'ellipse': {'center': [68.24600844635228, 192.5028376693513], 'axes': [26.650357517771262, 44.9893621781408], 'angle': -65.90428185082752}, 'location': [68.24600844635228, 192.5028376693513], 'diameter': 44.9893621781408, 'sphere': {'center': [-4.933524785745028, -1.6530705696306138, 61.79209814046022], 'radius': 12.0}, 'projected_sphere': {'center': [110.49876182859234, 103.41367611694845], 'axes': [240.80748910930532, 240.80748910930532], 'angle': 90.0}, 'model_confidence': 0.8953875542407008, 'model_id': 61, 'model_birth_timestamp': 12311.749401, 'theta': 2.2905778134175, 'phi': -1.9046123572180205, 'norm_pos': [0.21326877639485087, 0.19790484304436962], 'topic': 'pupil.1', 'id': 1, 'method': '3d c++'}"
1580974698.938592,"{'circle_3d': {'center': [-7.7730631939289125, 6.259244552443162, 53.22867061186799], 'normal': [-0.2366282006819903, 0.659359593506148, -0.7136189607160189], 'radius': 1.9190664188491204}, 'confidence': 0.8768291077855197, 'timestamp': 12645.317577, 'diameter_3d': 3.838132837698241, 'ellipse': {'center': [69.5388447287551, 192.5738856879806], 'axes': [26.81114793214645, 44.88370753006284], 'angle': -66.60403428831154}, 'location': [69.5388447287551, 192.5738856879806], 'diameter': 44.88370753006284, 'sphere': {'center': [-4.933524785745028, -1.6530705696306138, 61.79209814046022], 'radius': 12.0}, 'projected_sphere': {'center': [110.49876182859234, 103.41367611694845], 'axes': [240.80748910930532, 240.80748910930532], 'angle': 90.0}, 'model_confidence': 0.8952955907538862, 'model_id': 61, 'model_birth_timestamp': 12311.749401, 'theta': 2.290762969642232, 'phi': -1.8909761644598373, 'norm_pos': [0.21730888977735968, 0.1976088096334141], 'topic': 'pupil.1', 'id': 1, 'method': '3d c++'}"
1580974698.946702,"{'circle_3d': {'center': [-7.764803721261248, 6.238933806953829, 53.20722035977667], 'normal': [-0.23593991129301828, 0.657667031382037, -0.7154064817236292], 'radius': 1.8867358111184918}, 'confidence': 0.9971310715714128, 'timestamp': 12645.325977, 'diameter_3d': 3.7734716222369835, 'ellipse': {'center': [69.59630212555595, 192.37713993234402], 'axes': [26.47158647307914, 44.144795624435304], 'angle': -66.58838586815625}, 'location': [69.59630212555595, 192.37713993234402], 'diameter': 44.144795624435304, 'sphere': {'center': [-4.933524785745028, -1.6530705696306138, 61.79209814046022], 'radius': 12.0}, 'projected_sphere': {'center': [110.49876182859234, 103.41367611694845], 'axes': [240.80748910930532, 240.80748910930532], 'angle': 90.0}, 'model_confidence': 0.8946978784883708, 'model_id': 61, 'model_birth_timestamp': 12311.749401, 'theta': 2.288513922545504, 'phi': -1.8893620723444071, 'norm_pos': [0.21748844414236235, 0.1984285836152332], 'topic': 'pupil.1', 'id': 1, 'method': '3d c++'}"
1580974698.954276,"{'circle_3d': {'center': [-7.948412716201288, 6.259356227730949, 53.288925030192274], 'normal': [-0.251240660871355, 0.6593688997801302, -0.7085977591889953], 'radius': 1.9185399095686102}, 'confidence': 0.9165096110496513, 'timestamp': 12645.334377, 'diameter_3d': 3.8370798191372204, 'ellipse': {'center': [67.60614352908715, 192.4969605596552], 'axes': [26.42438908847989, 44.82026258179188], 'angle': -65.56694796353857}, 'location': [67.60614352908715, 192.4969605596552], 'diameter': 44.82026258179188, 'sphere': {'center': [-4.933524785745028, -1.6530705696306138, 61.79209814046022], 'radius': 12.0}, 'projected_sphere': {'center': [110.49876182859234, 103.41367611694845], 'axes': [240.80748910930532, 240.80748910930532], 'angle': 90.0}, 'model_confidence': 0.8944065898390474, 'model_id': 61, 'model_birth_timestamp': 12311.749401, 'theta': 2.290775347909487, 'phi': -1.9115280170491182, 'norm_pos': [0.21126919852839735, 0.19792933100143661], 'topic': 'pupil.1', 'id': 1, 'method': '3d c++'}"
1580974698.962413,"{'circle_3d': {'center': [-8.104802821921472, 6.214870917999605, 53.304548884962955], 'normal': [-0.2642731696813703, 0.6556617906358515, -0.7072957712914383], 'radius': 1.8895329608605302}, 'confidence': 0.9962962308116647, 'timestamp': 12645.342777, 'diameter_3d': 3.7790659217210605, 'ellipse': {'center': [65.81726994724184, 191.97079402962896], 'axes': [25.885520724341546, 44.128611884411626], 'angle': -64.50790649394844}, 'location': [65.81726994724184, 191.97079402962896], 'diameter': 44.128611884411626, 'sphere': {'center': [-4.933524785745028, -1.6530705696306138, 61.79209814046022], 'radius': 12.0}, 'projected_sphere': {'center': [110.49876182859234, 103.41367611694845], 'axes': [240.80748910930532, 240.80748910930532], 'angle': 90.0}, 'model_confidence': 0.8940877476180997, 'model_id': 61, 'model_birth_timestamp': 12311.749401, 'theta': 2.285855094465494, 'phi': -1.92837311532856, 'norm_pos': [0.20567896858513074, 0.2001216915432127], 'topic': 'pupil.1', 'id': 1, 'method': '3d c++'}"
1580974698.970324,"{'circle_3d': {'center': [-8.137244999905008, 6.208988684184925, 53.311284436641685], 'normal': [-0.2669766845133315, 0.6551716044846283, -0.7067344753182109], 'radius': 1.8872935241049458}, 'confidence': 0.8470798565315747, 'timestamp': 12645.351177, 'diameter_3d': 3.7745870482098915, 'ellipse': {'center': [65.45270430807116, 191.8946592440776], 'axes': [25.808287613107446, 44.070583904695155], 'angle': -64.30061731303869}, 'location': [65.45270430807116, 191.8946592440776], 'diameter': 44.070583904695155, 'sphere': {'center': [-4.933524785745028, -1.6530705696306138, 61.79209814046022], 'radius': 12.0}, 'projected_sphere': {'center': [110.49876182859234, 103.41367611694845], 'axes': [240.80748910930532, 240.80748910930532], 'angle': 90.0}, 'model_confidence': 0.8939342674492146, 'model_id': 61, 'model_birth_timestamp': 12311.749401, 'theta': 2.2852060711748488, 'phi': -1.9319853532590598, 'norm_pos': [0.2045397009627224, 0.20043891981634343], 'topic': 'pupil.1', 'id': 1, 'method': '3d c++'}"
1580974698.978257,"{'circle_3d': {'center': [-8.099371386548796, 6.177581436662582, 53.26811406864758], 'normal': [-0.26382055006698063, 0.6525543338577663, -0.7103320059843866], 'radius': 1.8934141699863603}, 'confidence': 0.911486424982332, 'timestamp': 12645.359577, 'diameter_3d': 3.7868283399727205, 'ellipse': {'center': [65.81737197522585, 191.5840184585028], 'axes': [26.12655317315451, 44.249390384159376], 'angle': -64.4126396280424}, 'location': [65.81737197522585, 191.5840184585028], 'diameter': 44.249390384159376, 'sphere': {'center': [-4.933524785745028, -1.6530705696306138, 61.79209814046022], 'radius': 12.0}, 'projected_sphere': {'center': [110.49876182859234, 103.41367611694845], 'axes': [240.80748910930532, 240.80748910930532], 'angle': 90.0}, 'model_confidence': 0.8938233884683511, 'model_id': 61, 'model_birth_timestamp': 12311.749401, 'theta': 2.281746872234255, 'phi': -1.9264111153623653, 'norm_pos': [0.2056792874225808, 0.20173325642290496], 'topic': 'pupil.1', 'id': 1, 'method': '3d c++'}"
1580974698.986421,"{'circle_3d': {'center': [-8.06145425971144, 6.201509107769986, 53.276134583865016], 'normal': [-0.26066078949720095, 0.65454830645005, -0.7096636297162673], 'radius': 1.8759143981550543}, 'confidence': 0.9812723276317347, 'timestamp': 12645.367977, 'diameter_3d': 3.7518287963101087, 'ellipse': {'center': [66.26948980893553, 191.85710195685994], 'axes': [25.858580326811463, 43.833788306194556], 'angle': -64.7141670467608}, 'location': [66.26948980893553, 191.85710195685994], 'diameter': 43.833788306194556, 'sphere': {'center': [-4.933524785745028, -1.6530705696306138, 61.79209814046022], 'radius': 12.0}, 'projected_sphere': {'center': [110.49876182859234, 103.41367611694845], 'axes': [240.80748910930532, 240.80748910930532], 'angle': 90.0}, 'model_confidence': 0.8934380537911735, 'model_id': 61, 'model_birth_timestamp': 12311.749401, 'theta': 2.2843813303389253, 'phi': -1.9228009443366814, 'norm_pos': [0.20709215565292355, 0.20059540851308355], 'topic': 'pupil.1', 'id': 1, 'method': '3d c++'}"
1580974698.994445,"{'circle_3d': {'center': [-7.926534373151092, 6.192767112784519, 53.21977496229608], 'normal': [-0.24941746561717199, 0.6538198068679277, -0.7143602648470115], 'radius': 1.8624988105679543}, 'confidence': 0.996087819521702, 'timestamp': 12645.376377, 'diameter_3d': 3.7249976211359086, 'ellipse': {'center': [67.73738125885986, 191.8329500365737], 'axes': [26.007415254962694, 43.566528635163465], 'angle': -65.47587035722485}, 'location': [67.73738125885986, 191.8329500365737], 'diameter': 43.566528635163465, 'sphere': {'center': [-4.933524785745028, -1.6530705696306138, 61.79209814046022], 'radius': 12.0}, 'projected_sphere': {'center': [110.49876182859234, 103.41367611694845], 'axes': [240.80748910930532, 240.80748910930532], 'angle': 90.0}, 'model_confidence': 0.8931132146364318, 'model_id': 61, 'model_birth_timestamp': 12311.749401, 'theta': 2.283418133740578, 'phi': -1.9067119344056203, 'norm_pos': [0.21167931643393706, 0.20069604151427634], 'topic': 'pupil.1', 'id': 1, 'method': '3d c++'}"
1580974699.0028212,"{'circle_3d': {'center': [-7.828910213338619, 6.214113584288178, 53.20582090792179], 'normal': [-0.24128211896613255, 0.6555986794932327, -0.7155231027115355], 'radius': 1.8995893144799774}, 'confidence': 0.9967129150215844, 'timestamp': 12645.384777, 'diameter_3d': 3.7991786289599547, 'ellipse': {'center': [68.85054063342727, 192.0863137015263], 'axes': [26.63496503514032, 44.446652089866475], 'angle': -66.12515306509552}, 'location': [68.85054063342727, 192.0863137015263], 'diameter': 44.446652089866475, 'sphere': {'center': [-4.933524785745028, -1.6530705696306138, 61.79209814046022], 'radius': 12.0}, 'projected_sphere': {'center': [110.49876182859234, 103.41367611694845], 'axes': [240.80748910930532, 240.80748910930532], 'angle': 90.0}, 'model_confidence': 0.8922735352039579, 'model_id': 61, 'model_birth_timestamp': 12311.749401, 'theta': 2.285771512638126, 'phi': -1.896032533767666, 'norm_pos': [0.21515793947946021, 0.19964035957697368], 'topic': 'pupil.1', 'id': 1, 'method': '3d c++'}"
1580974699.010386,"{'circle_3d': {'center': [-7.785204071186625, 6.188967442385705, 53.16827270907106], 'normal': [-0.2376399404534664, 0.6535031676680265, -0.7186521192824301], 'radius': 1.8858149241558875}, 'confidence': 0.9603013728673431, 'timestamp': 12645.393177, 'diameter_3d': 3.771629848311775, 'ellipse': {'center': [69.29406501968475, 191.84749835021546], 'axes': [26.650186375468795, 44.15530671413379], 'angle': -66.30471482811414}, 'location': [69.29406501968475, 191.84749835021546], 'diameter': 44.15530671413379, 'sphere': {'center': [-4.933524785745028, -1.6530705696306138, 61.79209814046022], 'radius': 12.0}, 'projected_sphere': {'center': [110.49876182859234, 103.41367611694845], 'axes': [240.80748910930532, 240.80748910930532], 'angle': 90.0}, 'model_confidence': 0.8918361424828714, 'model_id': 61, 'model_birth_timestamp': 12311.749401, 'theta': 2.282999734401463, 'phi': -1.8901520383488535, 'norm_pos': [0.21654395318651484, 0.2006354235407689], 'topic': 'pupil.1', 'id': 1, 'method': '3d c++'}"
1580974699.022422,"{'circle_3d': {'center': [-7.711020721455276, 6.2021887152778135, 53.156102662579684], 'normal': [-0.23145799464252068, 0.6546049404090356, -0.7196662898233777], 'radius': 1.8687175669989027}, 'confidence': 0.9981550103654174, 'timestamp': 12645.401577, 'diameter_3d': 3.7374351339978054, 'ellipse': {'center': [70.13460347675162, 192.02276897293746], 'axes': [26.49785039867484, 43.76495933992843], 'angle': -66.79398667901403}, 'location': [70.13460347675162, 192.02276897293746], 'diameter': 43.76495933992843, 'sphere': {'center': [-4.933524785745028, -1.6530705696306138, 61.79209814046022], 'radius': 12.0}, 'projected_sphere': {'center': [110.49876182859234, 103.41367611694845], 'axes': [240.80748910930532, 240.80748910930532], 'angle': 90.0}, 'model_confidence': 0.8915587735872421, 'model_id': 61, 'model_birth_timestamp': 12311.749401, 'theta': 2.2844562434127984, 'phi': -1.8819667437567003, 'norm_pos': [0.2191706358648488, 0.19990512927942727], 'topic': 'pupil.1', 'id': 1, 'method': '3d c++'}"
1580974699.030389,"{'circle_3d': {'center': [-7.65452279439574, 6.204710100191317, 53.140424731119595], 'normal': [-0.22674983405422597, 0.6548150558184942, -0.720972784111719], 'radius': 1.8459099899347216}, 'confidence': 0.999271727777501, 'timestamp': 12645.409977, 'diameter_3d': 3.691819979869443, 'ellipse': {'center': [70.76374192548185, 192.0801791205001], 'axes': [26.273658971845247, 43.24336042142469], 'angle': -67.14429042614353}, 'location': [70.76374192548185, 192.0801791205001], 'diameter': 43.24336042142469, 'sphere': {'center': [-4.933524785745028, -1.6530705696306138, 61.79209814046022], 'radius': 12.0}, 'projected_sphere': {'center': [110.49876182859234, 103.41367611694845], 'axes': [240.80748910930532, 240.80748910930532], 'angle': 90.0}, 'model_confidence': 0.8914775498193528, 'model_id': 61, 'model_birth_timestamp': 12311.749401, 'theta': 2.2847342179150973, 'phi': -1.87550713453155, 'norm_pos': [0.22113669351713078, 0.19966592033124952], 'topic': 'pupil.1', 'id': 1, 'method': '3d c++'}"
1580974699.0383968,"{'circle_3d': {'center': [-7.591284881679648, 6.21273259490723, 53.128066062426115], 'normal': [-0.2214800079945517, 0.6554835970448203, -0.7220026731695091], 'radius': 1.8718366688803436}, 'confidence': 0.9987825895063688, 'timestamp': 12645.418377, 'diameter_3d': 3.7436733377606872, 'ellipse': {'center': [71.48082135329906, 192.1807184819821], 'axes': [26.72976471248282, 43.86143086309543], 'angle': -67.55468168618802}, 'location': [71.48082135329906, 192.1807184819821], 'diameter': 43.86143086309543, 'sphere': {'center': [-4.933524785745028, -1.6530705696306138, 61.79209814046022], 'radius': 12.0}, 'projected_sphere': {'center': [110.49876182859234, 103.41367611694845], 'axes': [240.80748910930532, 240.80748910930532], 'angle': 90.0}, 'model_confidence': 0.8912873662377807, 'model_id': 61, 'model_birth_timestamp': 12311.749401, 'theta': 2.285619117741068, 'phi': -1.8684414202555562, 'norm_pos': [0.22337756672905956, 0.19924700632507464], 'topic': 'pupil.1', 'id': 1, 'method': '3d c++'}"
1580974699.046164,"{'circle_3d': {'center': [-7.526100395799496, 6.189043962203051, 53.08693924611751], 'normal': [-0.21604796750453895, 0.6535095443194722, -0.7254299078618923], 'radius': 1.8860945324036638}, 'confidence': 0.9981524728543303, 'timestamp': 12645.426777, 'diameter_3d': 3.7721890648073275, 'ellipse': {'center': [72.17314399398586, 191.95358295269986], 'axes': [27.169820645170493, 44.22997127852296], 'angle': -67.88056350320575}, 'location': [72.17314399398586, 191.95358295269986], 'diameter': 44.22997127852296, 'sphere': {'center': [-4.933524785745028, -1.6530705696306138, 61.79209814046022], 'radius': 12.0}, 'projected_sphere': {'center': [110.49876182859234, 103.41367611694845], 'axes': [240.80748910930532, 240.80748910930532], 'angle': 90.0}, 'model_confidence': 0.8907774197025375, 'model_id': 61, 'model_birth_timestamp': 12311.749401, 'theta': 2.2830081588621525, 'phi': -1.860252470653171, 'norm_pos': [0.22554107498120582, 0.20019340436375055], 'topic': 'pupil.1', 'id': 1, 'method': '3d c++'}"
1580974699.054794,"{'circle_3d': {'center': [-7.482441910548058, 6.1963767848104325, 53.0806575178798], 'normal': [-0.21240976040025247, 0.6541206128700873, -0.7259533852150348], 'radius': 1.8591968182648266}, 'confidence': 0.984217636683731, 'timestamp': 12645.435177, 'diameter_3d': 3.7183936365296533, 'ellipse': {'center': [72.6691646010633, 192.05639450113745], 'axes': [26.83000710052569, 43.60407233495849], 'angle': -68.1729042810492}, 'location': [72.6691646010633, 192.05639450113745], 'diameter': 43.60407233495849, 'sphere': {'center': [-4.933524785745028, -1.6530705696306138, 61.79209814046022], 'radius': 12.0}, 'projected_sphere': {'center': [110.49876182859234, 103.41367611694845], 'axes': [240.80748910930532, 240.80748910930532], 'angle': 90.0}, 'model_confidence': 0.8905466452958088, 'model_id': 61, 'model_birth_timestamp': 12311.749401, 'theta': 2.283815751634647, 'phi': -1.855445050661571, 'norm_pos': [0.22709113937832281, 0.19976502291192733], 'topic': 'pupil.1', 'id': 1, 'method': '3d c++'}"
1580974699.062182,"{'circle_3d': {'center': [-7.419189393053159, 6.194143924801315, 53.06039177009062], 'normal': [-0.20713871727567756, 0.6539345412026608, -0.7276421975308004], 'radius': 1.8682499543908597}, 'confidence': 0.9990041425101531, 'timestamp': 12645.443577, 'diameter_3d': 3.7364999087817194, 'ellipse': {'center': [73.37358324439812, 192.05361673242487], 'axes': [27.087943493637137, 43.833319390974296], 'angle': -68.55850007856243}, 'location': [73.37358324439812, 192.05361673242487], 'diameter': 43.833319390974296, 'sphere': {'center': [-4.933524785745028, -1.6530705696306138, 61.79209814046022], 'radius': 12.0}, 'projected_sphere': {'center': [110.49876182859234, 103.41367611694845], 'axes': [240.80748910930532, 240.80748910930532], 'angle': 90.0}, 'model_confidence': 0.8903490252759605, 'model_id': 61, 'model_birth_timestamp': 12311.749401, 'theta': 2.283569778237974, 'phi': -1.8481312814340445, 'norm_pos': [0.22929244763874412, 0.1997765969482297], 'topic': 'pupil.1', 'id': 1, 'method': '3d c++'}"
1580974699.070316,"{'circle_3d': {'center': [-7.3797053700538715, 6.170268639964785, 53.027877458587945], 'normal': [-0.20384838202573696, 0.65194493413295, -0.7303517234893562], 'radius': 1.8622555193494343}, 'confidence': 0.9893880409473029, 'timestamp': 12645.451976, 'diameter_3d': 3.7245110386988687, 'ellipse': {'center': [73.78098276378938, 191.81979638579955], 'axes': [27.181573485057626, 43.71934164255546], 'angle': -68.73238123411858}, 'location': [73.78098276378938, 191.81979638579955], 'diameter': 43.71934164255546, 'sphere': {'center': [-4.933524785745028, -1.6530705696306138, 61.79209814046022], 'radius': 12.0}, 'projected_sphere': {'center': [110.49876182859234, 103.41367611694845], 'axes': [240.80748910930532, 240.80748910930532], 'angle': 90.0}, 'model_confidence': 0.8901564259957806, 'model_id': 61, 'model_birth_timestamp': 12311.749401, 'theta': 2.2809429192319253, 'phi': -1.8429794314082355, 'norm_pos': [0.2305655711368418, 0.2007508483925019], 'topic': 'pupil.1', 'id': 1, 'method': '3d c++'}"
1580974699.0783622,"{'circle_3d': {'center': [-7.325757819728358, 6.179636234840084, 53.02135557062513], 'normal': [-0.19935275283194417, 0.6527255670392248, -0.7308952141529237], 'radius': 1.8640332636236212}, 'confidence': 0.9986163783544748, 'timestamp': 12645.460376, 'diameter_3d': 3.7280665272472424, 'ellipse': {'center': [74.39934597759071, 191.93680137409126], 'axes': [27.260928438338656, 43.76655839021298], 'angle': -69.09928350892744}, 'location': [74.39934597759071, 191.93680137409126], 'diameter': 43.76655839021298, 'sphere': {'center': [-4.933524785745028, -1.6530705696306138, 61.79209814046022], 'radius': 12.0}, 'projected_sphere': {'center': [110.49876182859234, 103.41367611694845], 'axes': [240.80748910930532, 240.80748910930532], 'angle': 90.0}, 'model_confidence': 0.8899186884436583, 'model_id': 61, 'model_birth_timestamp': 12311.749401, 'theta': 2.2819728724591037, 'phi': -1.8370709090344288, 'norm_pos': [0.232497956179971, 0.20026332760795307], 'topic': 'pupil.1', 'id': 1, 'method': '3d c++'}"
1580974699.086302,"{'circle_3d': {'center': [-7.282818136492635, 6.1810578177070425, 53.01102456356523], 'normal': [-0.19577444589563384, 0.652844032278138, -0.7317561314079158], 'radius': 1.8343341599923424}, 'confidence': 0.9995067815606834, 'timestamp': 12645.468776, 'diameter_3d': 3.668668319984685, 'ellipse': {'center': [74.8814930515869, 191.9770677251026], 'axes': [26.893815107170333, 43.07726703812536], 'angle': -69.37429627510296}, 'location': [74.8814930515869, 191.9770677251026], 'diameter': 43.07726703812536, 'sphere': {'center': [-4.933524785745028, -1.6530705696306138, 61.79209814046022], 'radius': 12.0}, 'projected_sphere': {'center': [110.49876182859234, 103.41367611694845], 'axes': [240.80748910930532, 240.80748910930532], 'angle': 90.0}, 'model_confidence': 0.8899358669533397, 'model_id': 61, 'model_birth_timestamp': 12311.749401, 'theta': 2.282129253253986, 'phi': -1.83221441732343, 'norm_pos': [0.23400466578620907, 0.2000955511454059], 'topic': 'pupil.1', 'id': 1, 'method': '3d c++'}"
1580974699.0950909,"{'circle_3d': {'center': [-7.271447349361749, 6.177626956669405, 53.00493168373877], 'normal': [-0.19482688030139333, 0.6525581271916683, -0.7322638713934541], 'radius': 1.8614235871079792}, 'confidence': 0.9980434330036193, 'timestamp': 12645.477176, 'diameter_3d': 3.7228471742159583, 'ellipse': {'center': [75.0061707812724, 191.9356282942174], 'axes': [27.326814750776816, 43.718818199586096], 'angle': -69.4358517277436}, 'location': [75.0061707812724, 191.9356282942174], 'diameter': 43.718818199586096, 'sphere': {'center': [-4.933524785745028, -1.6530705696306138, 61.79209814046022], 'radius': 12.0}, 'projected_sphere': {'center': [110.49876182859234, 103.41367611694845], 'axes': [240.80748910930532, 240.80748910930532], 'angle': 90.0}, 'model_confidence': 0.889909471600947, 'model_id': 61, 'model_birth_timestamp': 12311.749401, 'theta': 2.2817518783476816, 'phi': -1.8308332054802665, 'norm_pos': [0.23439428369147625, 0.2002682154407609], 'topic': 'pupil.1', 'id': 1, 'method': '3d c++'}"
1580974699.106207,"{'circle_3d': {'center': [-7.233740871128321, 6.189527558090962, 53.005593683760615], 'normal': [-0.19168467378194104, 0.6535498439767979, -0.7322087047249669], 'radius': 1.8396494543997095}, 'confidence': 0.9994671477578656, 'timestamp': 12645.485576, 'diameter_3d': 3.679298908799419, 'ellipse': {'center': [75.44538408535509, 192.08104744240862], 'axes': [27.01721120585463, 43.206636224817274], 'angle': -69.7098888215177}, 'location': [75.44538408535509, 192.08104744240862], 'diameter': 43.206636224817274, 'sphere': {'center': [-4.933524785745028, -1.6530705696306138, 61.79209814046022], 'radius': 12.0}, 'projected_sphere': {'center': [110.49876182859234, 103.41367611694845], 'axes': [240.80748910930532, 240.80748910930532], 'angle': 90.0}, 'model_confidence': 0.8899875499378318, 'model_id': 61, 'model_birth_timestamp': 12311.749401, 'theta': 2.283061401840885, 'phi': -1.8268400004919687, 'norm_pos': [0.23576682526673465, 0.1996623023232974], 'topic': 'pupil.1', 'id': 1, 'method': '3d c++'}"
1580974699.11436,"{'circle_3d': {'center': [-7.202389159756349, 6.178553991432636, 52.987672481344624], 'normal': [-0.18907203116761004, 0.6526353800886042, -0.7337021382596329], 'radius': 1.845770999868576}, 'confidence': 0.9996374933518886, 'timestamp': 12645.493976, 'diameter_3d': 3.691541999737152, 'ellipse': {'center': [75.78321833972345, 191.9743230196023], 'axes': [27.20971189479955, 43.36513054752316], 'angle': -69.87681960144077}, 'location': [75.78321833972345, 191.9743230196023], 'diameter': 43.36513054752316, 'sphere': {'center': [-4.933524785745028, -1.6530705696306138, 61.79209814046022], 'radius': 12.0}, 'projected_sphere': {'center': [110.49876182859234, 103.41367611694845], 'axes': [240.80748910930532, 240.80748910930532], 'angle': 90.0}, 'model_confidence': 0.8900364585073928, 'model_id': 61, 'model_birth_timestamp': 12311.749401, 'theta': 2.281853834723838, 'phi': -1.82300496951216, 'norm_pos': [0.23682255731163576, 0.20010698741832367], 'topic': 'pupil.1', 'id': 1, 'method': '3d c++'}"
1580974699.122463,"{'circle_3d': {'center': [-7.186220824534885, 6.178299891058018, 52.983295879978144], 'normal': [-0.1877246698991547, 0.652614205057386, -0.7340668550401726], 'radius': 1.8708707657119146}, 'confidence': 0.9993761233317444, 'timestamp': 12645.502376, 'diameter_3d': 3.741741531423829, 'ellipse': {'center': [75.96648149170642, 191.9682835975018], 'axes': [27.608689589174904, 43.95880776632041], 'angle': -69.97897422100286}, 'location': [75.96648149170642, 191.9682835975018], 'diameter': 43.95880776632041, 'sphere': {'center': [-4.933524785745028, -1.6530705696306138, 61.79209814046022], 'radius': 12.0}, 'projected_sphere': {'center': [110.49876182859234, 103.41367611694845], 'axes': [240.80748910930532, 240.80748910930532], 'angle': 90.0}, 'model_confidence': 0.8899153014671146, 'model_id': 61, 'model_birth_timestamp': 12311.749401, 'theta': 2.281825887574353, 'phi': -1.8211628594168756, 'norm_pos': [0.23739525466158257, 0.20013215167707588], 'topic': 'pupil.1', 'id': 1, 'method': '3d c++'}"
1580974699.130219,"{'circle_3d': {'center': [-7.188170536104558, 6.178387813768447, 52.98387288621778], 'normal': [-0.18788714586329405, 0.6526215319499218, -0.7340187711868699], 'radius': 1.854785992203216}, 'confidence': 0.9995677947040653, 'timestamp': 12645.510776, 'diameter_3d': 3.709571984406432, 'ellipse': {'center': [75.94364810473718, 191.97419350749016], 'axes': [27.36739202315486, 43.58018080015823], 'angle': -69.96686625708861}, 'location': [75.94364810473718, 191.97419350749016], 'diameter': 43.58018080015823, 'sphere': {'center': [-4.933524785745028, -1.6530705696306138, 61.79209814046022], 'radius': 12.0}, 'projected_sphere': {'center': [110.49876182859234, 103.41367611694845], 'axes': [240.80748910930532, 240.80748910930532], 'angle': 90.0}, 'model_confidence': 0.8897975756588683, 'model_id': 61, 'model_birth_timestamp': 12311.749401, 'theta': 2.281835557649786, 'phi': -1.8213863344207413, 'norm_pos': [0.2373239003273037, 0.2001075270521243], 'topic': 'pupil.1', 'id': 1, 'method': '3d c++'}"
1580974699.138348,"{'circle_3d': {'center': [-7.16075762836333, 6.161789010041145, 52.962182873891976], 'normal': [-0.18560273688485845, 0.6512382983059799, -0.7358262722140203], 'radius': 1.8868668038059682}, 'confidence': 0.9981997739160112, 'timestamp': 12645.519176, 'diameter_3d': 3.7737336076119363, 'ellipse': {'center': [76.23155113874972, 191.79746177693124], 'axes': [27.96435325450462, 44.35250721124657], 'angle': -70.09342606308746}, 'location': [76.23155113874972, 191.79746177693124], 'diameter': 44.35250721124657, 'sphere': {'center': [-4.933524785745028, -1.6530705696306138, 61.79209814046022], 'radius': 12.0}, 'projected_sphere': {'center': [110.49876182859234, 103.41367611694845], 'axes': [240.80748910930532, 240.80748910930532], 'angle': 90.0}, 'model_confidence': 0.8895072090568168, 'model_id': 61, 'model_birth_timestamp': 12311.749401, 'theta': 2.280011382316782, 'phi': -1.817879451277444, 'norm_pos': [0.23822359730859288, 0.2008439092627865], 'topic': 'pupil.1', 'id': 1, 'method': '3d c++'}"
1580974699.146272,"{'circle_3d': {'center': [-7.155528711502777, 6.158811519046921, 52.95823167177754], 'normal': [-0.1851669938131457, 0.6509901740564613, -0.7361555390568902], 'radius': 1.8613286847725414}, 'confidence': 0.9991906672691826, 'timestamp': 12645.527576, 'diameter_3d': 3.722657369545083, 'ellipse': {'center': [76.28482477458205, 191.77687268962785], 'axes': [27.607655018951313, 43.75512040417155], 'angle': -70.11834165465922}, 'location': [76.28482477458205, 191.77687268962785], 'diameter': 43.75512040417155, 'sphere': {'center': [-4.933524785745028, -1.6530705696306138, 61.79209814046022], 'radius': 12.0}, 'projected_sphere': {'center': [110.49876182859234, 103.41367611694845], 'axes': [240.80748910930532, 240.80748910930532], 'angle': 90.0}, 'model_confidence': 0.8893607777795354, 'model_id': 61, 'model_birth_timestamp': 12311.749401, 'theta': 2.2796844641676453, 'phi': -1.817216758952422, 'norm_pos': [0.2383900774205689, 0.20092969712655062], 'topic': 'pupil.1', 'id': 1, 'method': '3d c++'}"
1580974699.1551008,"{'circle_3d': {'center': [-7.148631249729155, 6.145848821018552, 52.94505571423821], 'normal': [-0.18459220533201054, 0.6499099492207638, -0.7372535355185006], 'radius': 1.8301354370587082}, 'confidence': 0.9997642053777641, 'timestamp': 12645.535976, 'diameter_3d': 3.6602708741174164, 'ellipse': {'center': [76.34291036540222, 191.65356645465616], 'axes': [27.21355156559123, 43.032107944618765], 'angle': -70.12494513558593}, 'location': [76.34291036540222, 191.65356645465616], 'diameter': 43.032107944618765, 'sphere': {'center': [-4.933524785745028, -1.6530705696306138, 61.79209814046022], 'radius': 12.0}, 'projected_sphere': {'center': [110.49876182859234, 103.41367611694845], 'axes': [240.80748910930532, 240.80748910930532], 'angle': 90.0}, 'model_confidence': 0.8894523674187416, 'model_id': 61, 'model_birth_timestamp': 12311.749401, 'theta': 2.278262271398944, 'phi': -1.8161309011750593, 'norm_pos': [0.23857159489188193, 0.2014434731055993], 'topic': 'pupil.1', 'id': 1, 'method': '3d c++'}"
1580974699.16254,"{'circle_3d': {'center': [-7.118957013622977, 6.158138216835889, 52.94851836349315], 'normal': [-0.1821193523231624, 0.6509340655388752, -0.7369649814139225], 'radius': 1.8635040260167253}, 'confidence': 0.9988536021449452, 'timestamp': 12645.544376, 'diameter_3d': 3.7270080520334505, 'ellipse': {'center': [76.69659401481147, 191.78085571646176], 'axes': [27.703420784874197, 43.814323443393576], 'angle': -70.35104987268548}, 'location': [76.69659401481147, 191.78085571646176], 'diameter': 43.814323443393576, 'sphere': {'center': [-4.933524785745028, -1.6530705696306138, 61.79209814046022], 'radius': 12.0}, 'projected_sphere': {'center': [110.49876182859234, 103.41367611694845], 'axes': [240.80748910930532, 240.80748910930532], 'angle': 90.0}, 'model_confidence': 0.8893148565174425, 'model_id': 61, 'model_birth_timestamp': 12311.749401, 'theta': 2.279610550635045, 'phi': -1.8130632942319178, 'norm_pos': [0.23967685629628582, 0.20091310118140937], 'topic': 'pupil.1', 'id': 1, 'method': '3d c++'}"
1580974699.170552,"{'circle_3d': {'center': [-7.113885940717061, 6.165636672760286, 52.95389457346352], 'normal': [-0.1816967629143361, 0.6515589368659083, -0.7365169639163913], 'radius': 1.8630920108368694}, 'confidence': 0.9992837596971009, 'timestamp': 12645.552776, 'diameter_3d': 3.7261840216737387, 'ellipse': {'center': [76.76406337665361, 191.86151535572228], 'axes': [27.671504173962973, 43.800204630068315], 'angle': -70.40527143447622}, 'location': [76.76406337665361, 191.86151535572228], 'diameter': 43.800204630068315, 'sphere': {'center': [-4.933524785745028, -1.6530705696306138, 61.79209814046022], 'radius': 12.0}, 'projected_sphere': {'center': [110.49876182859234, 103.41367611694845], 'axes': [240.80748910930532, 240.80748910930532], 'angle': 90.0}, 'model_confidence': 0.8892988692755788, 'model_id': 61, 'model_birth_timestamp': 12311.749401, 'theta': 2.2804339781872054, 'phi': -1.812664180107196, 'norm_pos': [0.23988769805204252, 0.20057701935115724], 'topic': 'pupil.1', 'id': 1, 'method': '3d c++'}"
1580974699.1787698,"{'circle_3d': {'center': [-7.1176720007655545, 6.1683784046189025, 52.95725592985288], 'normal': [-0.18201226791837716, 0.651787414520793, -0.7362368508839453], 'radius': 1.8777797251331778}, 'confidence': 0.9993728753100432, 'timestamp': 12645.561176, 'diameter_3d': 3.7555594502663556, 'ellipse': {'center': [76.72597327521736, 191.88395023294316], 'axes': [27.87107257997239, 44.14291064149847], 'angle': -70.38878990703009}, 'location': [76.72597327521736, 191.88395023294316], 'diameter': 44.14291064149847, 'sphere': {'center': [-4.933524785745028, -1.6530705696306138, 61.79209814046022], 'radius': 12.0}, 'projected_sphere': {'center': [110.49876182859234, 103.41367611694845], 'axes': [240.80748910930532, 240.80748910930532], 'angle': 90.0}, 'model_confidence': 0.8893070385459723, 'model_id': 61, 'model_birth_timestamp': 12311.749401, 'theta': 2.2807352012498154, 'phi': -1.8131565485735313, 'norm_pos': [0.23976866648505424, 0.2004835406960701], 'topic': 'pupil.1', 'id': 1, 'method': '3d c++'}"
1580974699.190329,"{'circle_3d': {'center': [-7.126750377550911, 6.164144612557813, 52.95575793091586], 'normal': [-0.1827687993171569, 0.6514345985157022, -0.7363616841286968], 'radius': 1.8619205879889573}, 'confidence': 0.9995119327457582, 'timestamp': 12645.569576, 'diameter_3d': 3.7238411759779146, 'ellipse': {'center': [76.61678158028218, 191.84209826401093], 'axes': [27.639768120628368, 43.77110490556797], 'angle': -70.318346426214}, 'location': [76.61678158028218, 191.84209826401093], 'diameter': 43.77110490556797, 'sphere': {'center': [-4.933524785745028, -1.6530705696306138, 61.79209814046022], 'radius': 12.0}, 'projected_sphere': {'center': [110.49876182859234, 103.41367611694845], 'axes': [240.80748910930532, 240.80748910930532], 'angle': 90.0}, 'model_confidence': 0.8892419229376558, 'model_id': 61, 'model_birth_timestamp': 12311.749401, 'theta': 2.2802700842709265, 'phi': -1.81408505463214, 'norm_pos': [0.23942744243838182, 0.20065792389995452], 'topic': 'pupil.1', 'id': 1, 'method': '3d c++'}"
1580974699.199284,"{'circle_3d': {'center': [-7.115819833662676, 6.149092295510179, 52.93976268874737], 'normal': [-0.18185792065980397, 0.6501802387617328, -0.7376946209760706], 'radius': 1.8617188129798097}, 'confidence': 0.9955907958782269, 'timestamp': 12645.577976, 'diameter_3d': 3.7234376259596194, 'ellipse': {'center': [76.71953726129334, 191.6872745556629], 'axes': [27.72303395171977, 43.77953961983942], 'angle': -70.34509664771052}, 'location': [76.71953726129334, 191.6872745556629], 'diameter': 43.77953961983942, 'sphere': {'center': [-4.933524785745028, -1.6530705696306138, 61.79209814046022], 'radius': 12.0}, 'projected_sphere': {'center': [110.49876182859234, 103.41367611694845], 'axes': [240.80748910930532, 240.80748910930532], 'angle': 90.0}, 'model_confidence': 0.8890171935655111, 'model_id': 61, 'model_birth_timestamp': 12311.749401, 'theta': 2.278617964382488, 'phi': -1.8124988670992814, 'norm_pos': [0.23974855394154168, 0.201303022684738], 'topic': 'pupil.1', 'id': 1, 'method': '3d c++'}"
1580974699.206421,"{'circle_3d': {'center': [-7.111000378418806, 6.1842275642661, 52.96966321558097], 'normal': [-0.18145629938948152, 0.6531081778247262, -0.7352029104066038], 'radius': 1.8641402516795487}, 'confidence': 0.9992672893095966, 'timestamp': 12645.586376, 'diameter_3d': 3.7282805033590973, 'ellipse': {'center': [76.82217759185362, 192.05752113099527], 'axes': [27.60705124516813, 43.811868463452306], 'angle': -70.47724401310325}, 'location': [76.82217759185362, 192.05752113099527], 'diameter': 43.811868463452306, 'sphere': {'center': [-4.933524785745028, -1.6530705696306138, 61.79209814046022], 'radius': 12.0}, 'projected_sphere': {'center': [110.49876182859234, 103.41367611694845], 'axes': [240.80748910930532, 240.80748910930532], 'angle': 90.0}, 'model_confidence': 0.8889373707820836, 'model_id': 61, 'model_birth_timestamp': 12311.749401, 'theta': 2.282478016187837, 'phi': -1.8127715050103819, 'norm_pos': [0.24006930497454254, 0.19976032862085302], 'topic': 'pupil.1', 'id': 1, 'method': '3d c++'}"
1580974699.2148201,"{'circle_3d': {'center': [-7.123231166746135, 6.188963162278339, 52.976901437458906], 'normal': [-0.18247553175009218, 0.6535028109924128, -0.7345997252501092], 'radius': 1.8608606531579188}, 'confidence': 0.9996983517010561, 'timestamp': 12645.594776, 'diameter_3d': 3.7217213063158376, 'ellipse': {'center': [76.690524687603, 192.10447924220125], 'axes': [27.516791268160166, 43.72878403006356], 'angle': -70.41244492212707}, 'location': [76.690524687603, 192.10447924220125], 'diameter': 43.72878403006356, 'sphere': {'center': [-4.933524785745028, -1.6530705696306138, 61.79209814046022], 'radius': 12.0}, 'projected_sphere': {'center': [110.49876182859234, 103.41367611694845], 'axes': [240.80748910930532, 240.80748910930532], 'angle': 90.0}, 'model_confidence': 0.8890098558981374, 'model_id': 61, 'model_birth_timestamp': 12311.749401, 'theta': 2.2829992631842146, 'phi': -1.8142697724568437, 'norm_pos': [0.2396578896487594, 0.19956466982416143], 'topic': 'pupil.1', 'id': 1, 'method': '3d c++'}"
1580974699.222732,"{'circle_3d': {'center': [-7.12438921293333, 6.187577308682437, 52.97595647247496], 'normal': [-0.18257203559902518, 0.6533873231927543, -0.734678472332105], 'radius': 1.8700817191098327}, 'confidence': 0.999359130750966, 'timestamp': 12645.603176, 'diameter_3d': 3.7401634382196653, 'ellipse': {'center': [76.67610479581914, 192.08630360544174], 'axes': [27.65774220346675, 43.9463774649623], 'angle': -70.401005181911}, 'location': [76.67610479581914, 192.08630360544174], 'diameter': 43.9463774649623, 'sphere': {'center': [-4.933524785745028, -1.6530705696306138, 61.79209814046022], 'radius': 12.0}, 'projected_sphere': {'center': [110.49876182859234, 103.41367611694845], 'axes': [240.80748910930532, 240.80748910930532], 'angle': 90.0}, 'model_confidence': 0.889018209568293, 'model_id': 61, 'model_birth_timestamp': 12311.749401, 'theta': 2.2828466980903928, 'phi': -1.8143684135470743, 'norm_pos': [0.23961282748693483, 0.19964040164399277], 'topic': 'pupil.1', 'id': 1, 'method': '3d c++'}"
1580974699.230751,"{'circle_3d': {'center': [-7.12806384546087, 6.19598960767606, 52.98435991499052], 'normal': [-0.18287825497632015, 0.6540883481088895, -0.7339781854558078], 'radius': 1.88164091118377}, 'confidence': 0.9993284225026283, 'timestamp': 12645.611576, 'diameter_3d': 3.76328182236754, 'ellipse': {'center': [76.6469553256791, 192.169372162858], 'axes': [27.783954022393495, 44.21118594284476], 'angle': -70.4016153815975}, 'location': [76.6469553256791, 192.169372162858], 'diameter': 44.21118594284476, 'sphere': {'center': [-4.933524785745028, -1.6530705696306138, 61.79209814046022], 'radius': 12.0}, 'projected_sphere': {'center': [110.49876182859234, 103.41367611694845], 'axes': [240.80748910930532, 240.80748910930532], 'angle': 90.0}, 'model_confidence': 0.8889503161149448, 'model_id': 61, 'model_birth_timestamp': 12311.749401, 'theta': 2.2837730961856324, 'phi': -1.814984566632842, 'norm_pos': [0.23952173539274718, 0.19929428265475835], 'topic': 'pupil.1', 'id': 1, 'method': '3d c++'}"
1580974699.240146,"{'circle_3d': {'center': [-7.101481473821153, 6.179685173821047, 52.96328727703977], 'normal': [-0.18066305733967702, 0.6527296452876384, -0.7357342386183711], 'radius': 1.846000750454798}, 'confidence': 0.9994483706494534, 'timestamp': 12645.619975, 'diameter_3d': 3.692001500909596, 'ellipse': {'center': [76.92230165396047, 192.01918879589292], 'axes': [27.37405421930319, 43.390513370059864], 'angle': -70.52540618708201}, 'location': [76.92230165396047, 192.01918879589292], 'diameter': 43.390513370059864, 'sphere': {'center': [-4.933524785745028, -1.6530705696306138, 61.79209814046022], 'radius': 12.0}, 'projected_sphere': {'center': [110.49876182859234, 103.41367611694845], 'axes': [240.80748910930532, 240.80748910930532], 'angle': 90.0}, 'model_confidence': 0.888902997333374, 'model_id': 61, 'model_birth_timestamp': 12311.749401, 'theta': 2.281978255626747, 'phi': -1.8115868951838456, 'norm_pos': [0.24038219266862648, 0.1999200466837795], 'topic': 'pupil.1', 'id': 1, 'method': '3d c++'}"
1580974699.246604,"{'circle_3d': {'center': [-7.137226864611451, 6.1964629932899715, 52.98707003192001], 'normal': [-0.18364183990553523, 0.6541277969100489, -0.7337523423783503], 'radius': 1.848018616529337}, 'confidence': 0.9997153289891271, 'timestamp': 12645.628375, 'diameter_3d': 3.696037233058674, 'ellipse': {'center': [76.54229876937733, 192.1831709934524], 'axes': [27.269789712783254, 43.41852130246111], 'angle': -70.3445058446881}, 'location': [76.54229876937733, 192.1831709934524], 'diameter': 43.41852130246111, 'sphere': {'center': [-4.933524785745028, -1.6530705696306138, 61.79209814046022], 'radius': 12.0}, 'projected_sphere': {'center': [110.49876182859234, 103.41367611694845], 'axes': [240.80748910930532, 240.80748910930532], 'angle': 90.0}, 'model_confidence': 0.8889234605580554, 'model_id': 61, 'model_birth_timestamp': 12311.749401, 'theta': 2.2838252494691056, 'phi': -1.816036326368355, 'norm_pos': [0.23919468365430413, 0.1992367875272817], 'topic': 'pupil.1', 'id': 1, 'method': '3d c++'}"
1580974699.258013,"{'circle_3d': {'center': [-7.125493747642, 6.201179894072654, 52.988347705361704], 'normal': [-0.18266408015808097, 0.6545208719752723, -0.733645869591543], 'radius': 1.8816232303271314}, 'confidence': 0.9993076342874846, 'timestamp': 12645.636775, 'diameter_3d': 3.763246460654263, 'ellipse': {'center': [76.68309432018145, 192.22470056821956], 'axes': [27.7639799381051, 44.20745803433207], 'angle': -70.43296235467496}, 'location': [76.68309432018145, 192.22470056821956], 'diameter': 44.20745803433207, 'sphere': {'center': [-4.933524785745028, -1.6530705696306138, 61.79209814046022], 'radius': 12.0}, 'projected_sphere': {'center': [110.49876182859234, 103.41367611694845], 'axes': [240.80748910930532, 240.80748910930532], 'angle': 90.0}, 'model_confidence': 0.8888349564715514, 'model_id': 61, 'model_birth_timestamp': 12311.749401, 'theta': 2.28434504288984, 'phi': -1.8148159553932066, 'norm_pos': [0.23963466975056705, 0.19906374763241852], 'topic': 'pupil.1', 'id': 1, 'method': '3d c++'}"
1580974699.262562,"{'circle_3d': {'center': [-7.113798331235019, 6.1953374286239224, 52.98023686376216], 'normal': [-0.18168946212416587, 0.6540339998545447, -0.7343217730581716], 'radius': 1.8428612305404672}, 'confidence': 0.9995795563843481, 'timestamp': 12645.645175, 'diameter_3d': 3.6857224610809345, 'ellipse': {'center': [76.80464202280143, 192.1807575152124], 'axes': [27.236831533158757, 43.30286247078536], 'angle': -70.49124188803513}, 'location': [76.80464202280143, 192.1807575152124], 'diameter': 43.30286247078536, 'sphere': {'center': [-4.933524785745028, -1.6530705696306138, 61.79209814046022], 'radius': 12.0}, 'projected_sphere': {'center': [110.49876182859234, 103.41367611694845], 'axes': [240.80748910930532, 240.80748910930532], 'angle': 90.0}, 'model_confidence': 0.8888853579663403, 'model_id': 61, 'model_birth_timestamp': 12311.749401, 'theta': 2.2837012489336095, 'phi': -1.8133498643713513, 'norm_pos': [0.24001450632125448, 0.19924684368661494], 'topic': 'pupil.1', 'id': 1, 'method': '3d c++'}"
1580974699.274224,"{'circle_3d': {'center': [-7.104437849031591, 6.212668545208626, 52.993388880066405], 'normal': [-0.18090942194054682, 0.6554782595699367, -0.7332257716994841], 'radius': 1.8300057434031443}, 'confidence': 0.9999162581861718, 'timestamp': 12645.653575, 'diameter_3d': 3.6600114868062885, 'ellipse': {'center': [76.93338499855975, 192.37012674600945], 'axes': [26.983708504139837, 42.989993564290096], 'angle': -70.6007693129619}, 'location': [76.93338499855975, 192.37012674600945], 'diameter': 42.989993564290096, 'sphere': {'center': [-4.933524785745028, -1.6530705696306138, 61.79209814046022], 'radius': 12.0}, 'projected_sphere': {'center': [110.49876182859234, 103.41367611694845], 'axes': [240.80748910930532, 240.80748910930532], 'angle': 90.0}, 'model_confidence': 0.8889055189136963, 'model_id': 61, 'model_birth_timestamp': 12311.749401, 'theta': 2.285612050219878, 'phi': -1.812695789228943, 'norm_pos': [0.2404168281204992, 0.1984578052249606], 'topic': 'pupil.1', 'id': 1, 'method': '3d c++'}"
1580974699.282849,"{'circle_3d': {'center': [-7.114937665681847, 6.21125519159942, 52.99472249948072], 'normal': [-0.1817844066614015, 0.6553604801025029, -0.7331146367482914], 'radius': 1.8305993287869335}, 'confidence': 0.9999166648196377, 'timestamp': 12645.661975, 'diameter_3d': 3.661198657573867, 'ellipse': {'center': [76.81304481351138, 192.35169527598566], 'axes': [26.98195226617343, 43.002860791368896], 'angle': -70.52954021827097}, 'location': [76.81304481351138, 192.35169527598566], 'diameter': 43.002860791368896, 'sphere': {'center': [-4.933524785745028, -1.6530705696306138, 61.79209814046022], 'radius': 12.0}, 'projected_sphere': {'center': [110.49876182859234, 103.41367611694845], 'axes': [240.80748910930532, 240.80748910930532], 'angle': 90.0}, 'model_confidence': 0.8891441247191101, 'model_id': 61, 'model_birth_timestamp': 12311.749401, 'theta': 2.285456105691616, 'phi': -1.8138557424986026, 'norm_pos': [0.24004076504222308, 0.19853460301672643], 'topic': 'pupil.1', 'id': 1, 'method': '3d c++'}"
1580974699.29149,"{'circle_3d': {'center': [-7.116781979122386, 6.230167363567231, 53.01212389698111], 'normal': [-0.18193809944811315, 0.6569364944331537, -0.7316645202899259], 'radius': 1.8207591512680115}, 'confidence': 0.9999416379577301, 'timestamp': 12645.670375, 'diameter_3d': 3.641518302536023, 'ellipse': {'center': [76.8178830566287, 192.5527590784709], 'axes': [26.748911481189992, 42.757585469374376], 'angle': -70.57175020427266}, 'location': [76.8178830566287, 192.5527590784709], 'diameter': 42.757585469374376, 'sphere': {'center': [-4.933524785745028, -1.6530705696306138, 61.79209814046022], 'radius': 12.0}, 'projected_sphere': {'center': [110.49876182859234, 103.41367611694845], 'axes': [240.80748910930532, 240.80748910930532], 'angle': 90.0}, 'model_confidence': 0.889345067231595, 'model_id': 61, 'model_birth_timestamp': 12311.749401, 'theta': 2.2875445616168912, 'phi': -1.8145165053181447, 'norm_pos': [0.2400558845519647, 0.19769683717303788], 'topic': 'pupil.1', 'id': 1, 'method': '3d c++'}"
1580974699.299409,"{'circle_3d': {'center': [-7.121188615650951, 6.21306982646559, 52.997897651716244], 'normal': [-0.18230531915882683, 0.6555116996746837, -0.7328500407286648], 'radius': 1.8352889061142943}, 'confidence': 0.9997746199258672, 'timestamp': 12645.678775, 'diameter_3d': 3.6705778122285886, 'ellipse': {'center': [76.74534025297591, 192.36707850376672], 'axes': [27.03284180354465, 43.11050849790095], 'angle': -70.49473826347823}, 'location': [76.74534025297591, 192.36707850376672], 'diameter': 43.11050849790095, 'sphere': {'center': [-4.933524785745028, -1.6530705696306138, 61.79209814046022], 'radius': 12.0}, 'projected_sphere': {'center': [110.49876182859234, 103.41367611694845], 'axes': [240.80748910930532, 240.80748910930532], 'angle': 90.0}, 'model_confidence': 0.8894852141621445, 'model_id': 61, 'model_birth_timestamp': 12311.749401, 'theta': 2.2856563300471042, 'phi': -1.8146095738374866, 'norm_pos': [0.23982918829054972, 0.1984705062343053], 'topic': 'pupil.1', 'id': 1, 'method': '3d c++'}"
1580974699.306596,"{'circle_3d': {'center': [-7.112857604070551, 6.225421822735434, 53.006890909529375], 'normal': [-0.18161106819379355, 0.6565410326971707, -0.7321006025775706], 'radius': 1.834476978426659}, 'confidence': 0.9998042527399688, 'timestamp': 12645.687175, 'diameter_3d': 3.668953956853318, 'ellipse': {'center': [76.85632719265548, 192.4995849347626], 'axes': [26.97848903494878, 43.08414715940432], 'angle': -70.58324153591329}, 'location': [76.85632719265548, 192.4995849347626], 'diameter': 43.08414715940432, 'sphere': {'center': [-4.933524785745028, -1.6530705696306138, 61.79209814046022], 'radius': 12.0}, 'projected_sphere': {'center': [110.49876182859234, 103.41367611694845], 'axes': [240.80748910930532, 240.80748910930532], 'angle': 90.0}, 'model_confidence': 0.8895702893081614, 'model_id': 61, 'model_birth_timestamp': 12311.749401, 'theta': 2.287020158714564, 'phi': -1.8139562442459771, 'norm_pos': [0.2401760224770484, 0.19791839610515582], 'topic': 'pupil.1', 'id': 1, 'method': '3d c++'}"
1580974699.314263,"{'circle_3d': {'center': [-7.118149006861691, 6.216773045919158, 53.000455604545735], 'normal': [-0.18205201842638852, 0.6558203012958144, -0.7326368779928737], 'radius': 1.824820014547483}, 'confidence': 0.9997606421042354, 'timestamp': 12645.695575, 'diameter_3d': 3.649640029094966, 'ellipse': {'center': [76.78413451779025, 192.41051444628016], 'axes': [26.86672005788227, 42.86240046502394], 'angle': -70.5247931857791}, 'location': [76.78413451779025, 192.41051444628016], 'diameter': 42.86240046502394, 'sphere': {'center': [-4.933524785745028, -1.6530705696306138, 61.79209814046022], 'radius': 12.0}, 'projected_sphere': {'center': [110.49876182859234, 103.41367611694845], 'axes': [240.80748910930532, 240.80748910930532], 'angle': 90.0}, 'model_confidence': 0.8896655222807026, 'model_id': 61, 'model_birth_timestamp': 12311.749401, 'theta': 2.2860650462869576, 'phi': -1.8143521273738143, 'norm_pos': [0.23995042036809452, 0.1982895231404993], 'topic': 'pupil.1', 'id': 1, 'method': '3d c++'}"
1580974699.322665,"{'circle_3d': {'center': [-7.108725297291419, 6.2243872477943505, 53.00493926689599], 'normal': [-0.1812667092955325, 0.6564548181187471, -0.7322632394636861], 'radius': 1.8169561727683023}, 'confidence': 0.999664992906036, 'timestamp': 12645.703975, 'diameter_3d': 3.6339123455366047, 'ellipse': {'center': [76.90049003519411, 192.49610714392728], 'axes': [26.731779084205478, 42.67399693855839], 'angle': -70.6067719610432}, 'location': [76.90049003519411, 192.49610714392728], 'diameter': 42.67399693855839, 'sphere': {'center': [-4.933524785745028, -1.6530705696306138, 61.79209814046022], 'radius': 12.0}, 'projected_sphere': {'center': [110.49876182859234, 103.41367611694845], 'axes': [240.80748910930532, 240.80748910930532], 'angle': 90.0}, 'model_confidence': 0.8898106720889976, 'model_id': 61, 'model_birth_timestamp': 12311.749401, 'theta': 2.286905865465346, 'phi': -1.8134612761526827, 'norm_pos': [0.24031403135998158, 0.19793288690030297], 'topic': 'pupil.1', 'id': 1, 'method': '3d c++'}"
1580974699.330716,"{'circle_3d': {'center': [-7.117204256473201, 6.218099358835115, 53.001408296862216], 'normal': [-0.18197328922734776, 0.6559308273721441, -0.7325574869665004], 'radius': 1.8295909635802883}, 'confidence': 0.9999033620330154, 'timestamp': 12645.712375, 'diameter_3d': 3.6591819271605766, 'ellipse': {'center': [76.79689708552262, 192.42308837769153], 'axes': [26.932583990164577, 42.97375675767781], 'angle': -70.53460071548844}, 'location': [76.79689708552262, 192.42308837769153], 'diameter': 42.97375675767781, 'sphere': {'center': [-4.933524785745028, -1.6530705696306138, 61.79209814046022], 'radius': 12.0}, 'projected_sphere': {'center': [110.49876182859234, 103.41367611694845], 'axes': [240.80748910930532, 240.80748910930532], 'angle': 90.0}, 'model_confidence': 0.8900833930557739, 'model_id': 61, 'model_birth_timestamp': 12311.749401, 'theta': 2.2862114638416178, 'phi': -1.8142762682093647, 'norm_pos': [0.2399903033922582, 0.19823713175961866], 'topic': 'pupil.1', 'id': 1, 'method': '3d c++'}"
1580974699.340373,"{'circle_3d': {'center': [-7.101294738683393, 6.179723332927345, 52.9632752794448], 'normal': [-0.18064749607819705, 0.6527328252131633, -0.7357352384179514], 'radius': 1.8648301741654405}, 'confidence': 0.9992603642297826, 'timestamp': 12645.720775, 'diameter_3d': 3.729660348330881, 'ellipse': {'center': [76.92556570737862, 192.01305209051662], 'axes': [27.6537175803399, 43.83336530265045], 'angle': -70.52664000136254}, 'location': [76.92556570737862, 192.01305209051662], 'diameter': 43.83336530265045, 'sphere': {'center': [-4.933524785745028, -1.6530705696306138, 61.79209814046022], 'radius': 12.0}, 'projected_sphere': {'center': [110.49876182859234, 103.41367611694845], 'axes': [240.80748910930532, 240.80748910930532], 'angle': 90.0}, 'model_confidence': 0.8900616221867219, 'model_id': 61, 'model_birth_timestamp': 12311.749401, 'theta': 2.281982453051991, 'phi': -1.8115666325422488, 'norm_pos': [0.2403923928355582, 0.19994561628951402], 'topic': 'pupil.1', 'id': 1, 'method': '3d c++'}"
1580974699.346664,"{'circle_3d': {'center': [-7.104219700839742, 6.1424898933964585, 52.931098160047675], 'normal': [-0.1808912429245595, 0.6496300385855893, -0.7384166650343786], 'radius': 1.869331571871974}, 'confidence': 0.9992444176656995, 'timestamp': 12645.729175, 'diameter_3d': 3.738663143743948, 'ellipse': {'center': [76.84197829082655, 191.61875306681173], 'axes': [27.885584731900256, 43.96583820309049], 'angle': -70.40070685575542}, 'location': [76.84197829082655, 191.61875306681173], 'diameter': 43.96583820309049, 'sphere': {'center': [-4.933524785745028, -1.6530705696306138, 61.79209814046022], 'radius': 12.0}, 'projected_sphere': {'center': [110.49876182859234, 103.41367611694845], 'axes': [240.80748910930532, 240.80748910930532], 'angle': 90.0}, 'model_confidence': 0.8900892595087528, 'model_id': 61, 'model_birth_timestamp': 12311.749401, 'theta': 2.2778940313398746, 'phi': -1.8110369749732074, 'norm_pos': [0.24013118215883295, 0.2015885288882845], 'topic': 'pupil.1', 'id': 1, 'method': '3d c++'}"
1580974699.358776,"{'circle_3d': {'center': [-7.1211181135199375, 6.144380494497108, 52.9369192978389], 'normal': [-0.1822994439812424, 0.6497875886773101, -0.737931570218443], 'radius': 1.8499357444893894}, 'confidence': 0.9994743824885166, 'timestamp': 12645.737575, 'diameter_3d': 3.6998714889787787, 'ellipse': {'center': [76.65258526481253, 191.64009955896526], 'axes': [27.55996978527811, 43.50461956948322], 'angle': -70.29741346564559}, 'location': [76.65258526481253, 191.64009955896526], 'diameter': 43.50461956948322, 'sphere': {'center': [-4.933524785745028, -1.6530705696306138, 61.79209814046022], 'radius': 12.0}, 'projected_sphere': {'center': [110.49876182859234, 103.41367611694845], 'axes': [240.80748910930532, 240.80748910930532], 'angle': 90.0}, 'model_confidence': 0.8901822313915897, 'model_id': 61, 'model_birth_timestamp': 12311.749401, 'theta': 2.2781012841416772, 'phi': -1.8129882317866077, 'norm_pos': [0.23953932895253915, 0.2014995851709781], 'topic': 'pupil.1', 'id': 1, 'method': '3d c++'}"
1580974699.366963,"{'circle_3d': {'center': [-7.110989927935889, 6.115591086667868, 52.90916272335279], 'normal': [-0.18145542851590507, 0.6473884713582068, -0.7402446180922854], 'radius': 1.7833908874671547}, 'confidence': 0.9995372267394811, 'timestamp': 12645.745975, 'diameter_3d': 3.5667817749343094, 'ellipse': {'center': [76.723866097284, 191.36278288235928], 'axes': [26.708062262048088, 41.96079036770798], 'angle': -70.27945194324093}, 'location': [76.723866097284, 191.36278288235928], 'diameter': 41.96079036770798, 'sphere': {'center': [-4.933524785745028, -1.6530705696306138, 61.79209814046022], 'radius': 12.0}, 'projected_sphere': {'center': [110.49876182859234, 103.41367611694845], 'axes': [240.80748910930532, 240.80748910930532], 'angle': 90.0}, 'model_confidence': 0.8904662615774606, 'model_id': 61, 'model_birth_timestamp': 12311.749401, 'theta': 2.2749492732398124, 'phi': -1.8111852982339454, 'norm_pos': [0.23976208155401252, 0.20265507132350302], 'topic': 'pupil.1', 'id': 1, 'method': '3d c++'}"
1580974699.3745852,"{'circle_3d': {'center': [-7.118486606867984, 6.1310182986903765, 52.924522241133715], 'normal': [-0.1820801517602463, 0.6486740723600826, -0.7389646582772088], 'radius': 1.808424701362309}, 'confidence': 0.9999265142749892, 'timestamp': 12645.754375, 'diameter_3d': 3.616849402724618, 'ellipse': {'center': [76.66161095266146, 191.5145340815306], 'axes': [27.00380923011651, 42.53780663382756], 'angle': -70.27578295012019}, 'location': [76.66161095266146, 191.5145340815306], 'diameter': 42.53780663382756, 'sphere': {'center': [-4.933524785745028, -1.6530705696306138, 61.79209814046022], 'radius': 12.0}, 'projected_sphere': {'center': [110.49876182859234, 103.41367611694845], 'axes': [240.80748910930532, 240.80748910930532], 'angle': 90.0}, 'model_confidence': 0.8906401972778033, 'model_id': 61, 'model_birth_timestamp': 12311.749401, 'theta': 2.2766372699745405, 'phi': -1.812382951025308, 'norm_pos': [0.23956753422706706, 0.20202277466028917], 'topic': 'pupil.1', 'id': 1, 'method': '3d c++'}"
1580974699.3825321,"{'circle_3d': {'center': [-7.12572842848204, 6.142678302974408, 52.93656073700197], 'normal': [-0.18268363689475098, 0.6496457393837518, -0.7379614502881876], 'radius': 1.8167524817726548}, 'confidence': 0.999573572984377, 'timestamp': 12645.762775, 'diameter_3d': 3.6335049635453096, 'ellipse': {'center': [76.59623645542541, 191.63219195758973], 'axes': [27.065220702800993, 42.724111113676244], 'angle': -70.26294710352501}, 'location': [76.59623645542541, 191.63219195758973], 'diameter': 42.724111113676244, 'sphere': {'center': [-4.933524785745028, -1.6530705696306138, 61.79209814046022], 'radius': 12.0}, 'projected_sphere': {'center': [110.49876182859234, 103.41367611694845], 'axes': [240.80748910930532, 240.80748910930532], 'angle': 90.0}, 'model_confidence': 0.8908287602685361, 'model_id': 61, 'model_birth_timestamp': 12311.749401, 'theta': 2.277914683660177, 'phi': -1.8134694158167048, 'norm_pos': [0.2393632389232044, 0.20153253351004285], 'topic': 'pupil.1', 'id': 1, 'method': '3d c++'}"
1580974699.390242,"{'circle_3d': {'center': [-7.126592703980832, 6.142677856855585, 52.93677434192282], 'normal': [-0.18275565985298364, 0.6496457022071832, -0.7379436498781166], 'radius': 1.8320949295136089}, 'confidence': 0.9997679992130798, 'timestamp': 12645.771175, 'diameter_3d': 3.6641898590272177, 'ellipse': {'center': [76.58739090392575, 191.62662051094765], 'axes': [27.292637788253842, 43.084940167276365], 'angle': -70.2573250968951}, 'location': [76.58739090392575, 191.62662051094765], 'diameter': 43.084940167276365, 'sphere': {'center': [-4.933524785745028, -1.6530705696306138, 61.79209814046022], 'radius': 12.0}, 'projected_sphere': {'center': [110.49876182859234, 103.41367611694845], 'axes': [240.80748910930532, 240.80748910930532], 'angle': 90.0}, 'model_confidence': 0.8910339102372045, 'model_id': 61, 'model_birth_timestamp': 12311.749401, 'theta': 2.2779146347588948, 'phi': -1.8135670038293024, 'norm_pos': [0.23933559657476797, 0.20155574787105146], 'topic': 'pupil.1', 'id': 1, 'method': '3d c++'}"
1580974699.398507,"{'circle_3d': {'center': [-7.120875441605731, 6.143084228612329, 52.93571809722928], 'normal': [-0.18227922132172522, 0.6496795665202453, -0.7380316702692451], 'radius': 1.8259273938429859}, 'confidence': 0.9997156856163353, 'timestamp': 12645.779575, 'diameter_3d': 3.6518547876859717, 'ellipse': {'center': [76.65212313195329, 191.63486611825653], 'axes': [27.208059453066074, 42.94067832024059], 'angle': -70.29531562566125}, 'location': [76.65212313195329, 191.63486611825653], 'diameter': 42.94067832024059, 'sphere': {'center': [-4.933524785745028, -1.6530705696306138, 61.79209814046022], 'radius': 12.0}, 'projected_sphere': {'center': [110.49876182859234, 103.41367611694845], 'axes': [240.80748910930532, 240.80748910930532], 'angle': 90.0}, 'model_confidence': 0.8911721174553855, 'model_id': 61, 'model_birth_timestamp': 12311.749401, 'theta': 2.2779591800161842, 'phi': -1.8129308270335092, 'norm_pos': [0.23953788478735402, 0.2015213911739312], 'topic': 'pupil.1', 'id': 1, 'method': '3d c++'}"
1580974699.406464,"{'circle_3d': {'center': [-7.138414687401582, 6.118871992235334, 52.91880284859545], 'normal': [-0.1837408251380461, 0.6476618801554956, -0.7394412743220643], 'radius': 1.8255990957838986}, 'confidence': 0.9868519791483028, 'timestamp': 12645.787974, 'diameter_3d': 3.651198191567797, 'ellipse': {'center': [76.42105732067786, 191.37421139623706], 'axes': [27.282203713537164, 42.94660833271782], 'angle': -70.11195157169327}, 'location': [76.42105732067786, 191.37421139623706], 'diameter': 42.94660833271782, 'sphere': {'center': [-4.933524785745028, -1.6530705696306138, 61.79209814046022], 'radius': 12.0}, 'projected_sphere': {'center': [110.49876182859234, 103.41367611694845], 'axes': [240.80748910930532, 240.80748910930532], 'angle': 90.0}, 'model_confidence': 0.8912131769368448, 'model_id': 61, 'model_birth_timestamp': 12311.749401, 'theta': 2.2753080566972264, 'phi': -1.8143495682139454, 'norm_pos': [0.2388158041271183, 0.2026074525156789], 'topic': 'pupil.1', 'id': 1, 'method': '3d c++'}"
1580974699.414727,"{'circle_3d': {'center': [-7.1281065317819445, 6.159821194506183, 52.952271601333734], 'normal': [-0.182881812169743, 0.6510743136780663, -0.7366522115938741], 'radius': 1.8319174707708967}, 'confidence': 0.9995961220053973, 'timestamp': 12645.796374, 'diameter_3d': 3.6638349415417935, 'ellipse': {'center': [76.5937585577289, 191.80664091551273], 'axes': [27.211027406578793, 43.068203273903464], 'angle': -70.29725890826698}, 'location': [76.5937585577289, 191.80664091551273], 'diameter': 43.068203273903464, 'sphere': {'center': [-4.933524785745028, -1.6530705696306138, 61.79209814046022], 'radius': 12.0}, 'projected_sphere': {'center': [110.49876182859234, 103.41367611694845], 'axes': [240.80748910930532, 240.80748910930532], 'angle': 90.0}, 'model_confidence': 0.8913076260407271, 'model_id': 61, 'model_birth_timestamp': 12311.749401, 'theta': 2.279795312745934, 'phi': -1.8141373565517878, 'norm_pos': [0.23935549549290283, 0.20080566285203028], 'topic': 'pupil.1', 'id': 1, 'method': '3d c++'}"
1580974699.4224892,"{'circle_3d': {'center': [-7.161773632815425, 6.137168560936235, 52.940709471775826], 'normal': [-0.18568740392253305, 0.6491865942139041, -0.7376157223903662], 'radius': 1.816044118543808}, 'confidence': 0.9996609623542467, 'timestamp': 12645.804774, 'diameter_3d': 3.632088237087616, 'ellipse': {'center': [76.18189126067651, 191.56273674564224], 'axes': [27.020862237936065, 42.704076010094845], 'angle': -70.01532923168782}, 'location': [76.18189126067651, 191.56273674564224], 'diameter': 42.704076010094845, 'sphere': {'center': [-4.933524785745028, -1.6530705696306138, 61.79209814046022], 'radius': 12.0}, 'projected_sphere': {'center': [110.49876182859234, 103.41367611694845], 'axes': [240.80748910930532, 240.80748910930532], 'angle': 90.0}, 'model_confidence': 0.8915128068039402, 'model_id': 61, 'model_birth_timestamp': 12311.749401, 'theta': 2.2773108894073757, 'phi': -1.8174119933283035, 'norm_pos': [0.23806841018961408, 0.20182193022649064], 'topic': 'pupil.1', 'id': 1, 'method': '3d c++'}"
1580974699.4307919,"{'circle_3d': {'center': [-7.147328631170991, 6.139397267083291, 52.93904682762143], 'normal': [-0.18448365378549686, 0.6493723197261588, -0.7377542760698987], 'radius': 1.8213336198502559}, 'confidence': 0.9972484025436532, 'timestamp': 12645.813174, 'diameter_3d': 3.6426672397005118, 'ellipse': {'center': [76.34823214838923, 191.58909235711081], 'axes': [27.11323220414089, 42.82988009932476], 'angle': -70.11454019573185}, 'location': [76.34823214838923, 191.58909235711081], 'diameter': 42.82988009932476, 'sphere': {'center': [-4.933524785745028, -1.6530705696306138, 61.79209814046022], 'radius': 12.0}, 'projected_sphere': {'center': [110.49876182859234, 103.41367611694845], 'axes': [240.80748910930532, 240.80748910930532], 'angle': 90.0}, 'model_confidence': 0.8917061103806967, 'model_id': 61, 'model_birth_timestamp': 12311.749401, 'theta': 2.277555088384835, 'phi': -1.8158325051596143, 'norm_pos': [0.23858822546371633, 0.2017121151787049], 'topic': 'pupil.1', 'id': 1, 'method': '3d c++'}"
1580974699.442726,"{'circle_3d': {'center': [-7.134567922265833, 6.141712057433274, 52.937902925309515], 'normal': [-0.18342026137673373, 0.6495652189219907, -0.7378496012625587], 'radius': 1.8384440530148818}, 'confidence': 0.9931000692309324, 'timestamp': 12645.821574, 'diameter_3d': 3.6768881060297636, 'ellipse': {'center': [76.49643287951204, 191.6116823945252], 'axes': [27.3786844716138, 43.23340874328403], 'angle': -70.20320771706918}, 'location': [76.49643287951204, 191.6116823945252], 'diameter': 43.23340874328403, 'sphere': {'center': [-4.933524785745028, -1.6530705696306138, 61.79209814046022], 'radius': 12.0}, 'projected_sphere': {'center': [110.49876182859234, 103.41367611694845], 'axes': [240.80748910930532, 240.80748910930532], 'angle': 90.0}, 'model_confidence': 0.8916919972486781, 'model_id': 61, 'model_birth_timestamp': 12311.749401, 'theta': 2.2778087735160666, 'phi': -1.8144452309333896, 'norm_pos': [0.23905135274847514, 0.20161799002281167], 'topic': 'pupil.1', 'id': 1, 'method': '3d c++'}"
1580974699.450597,"{'circle_3d': {'center': [-7.119596420540777, 6.15332898322384, 52.94443083044368], 'normal': [-0.182172636232979, 0.6505332960712045, -0.7373056091680447], 'radius': 1.820620249606247}, 'confidence': 0.9989966252710587, 'timestamp': 12645.829974, 'diameter_3d': 3.641240499212494, 'ellipse': {'center': [76.6802492245302, 191.74496125753183], 'axes': [27.085526880976182, 42.80878268738153], 'angle': -70.33321375888156}, 'location': [76.6802492245302, 191.74496125753183], 'diameter': 42.80878268738153, 'sphere': {'center': [-4.933524785745028, -1.6530705696306138, 61.79209814046022], 'radius': 12.0}, 'projected_sphere': {'center': [110.49876182859234, 103.41367611694845], 'axes': [240.80748910930532, 240.80748910930532], 'angle': 90.0}, 'model_confidence': 0.8917066063158563, 'model_id': 61, 'model_birth_timestamp': 12311.749401, 'theta': 2.2790827404287572, 'phi': -1.8130238064077984, 'norm_pos': [0.23962577882665687, 0.20106266142695073], 'topic': 'pupil.1', 'id': 1, 'method': '3d c++'}"
1580974699.458882,"{'circle_3d': {'center': [-7.149724636192872, 6.1588392811195884, 52.95679833192928], 'normal': [-0.18468332087065362, 0.6509924875625169, -0.7362749840442452], 'radius': 1.791824014086123}, 'confidence': 0.9998503010275481, 'timestamp': 12645.838374, 'diameter_3d': 3.583648028172246, 'ellipse': {'center': [76.34614471495249, 191.80299893594741], 'axes': [26.584797525044202, 42.121498360219135], 'angle': -70.1558841067575}, 'location': [76.34614471495249, 191.80299893594741], 'diameter': 42.121498360219135, 'sphere': {'center': [-4.933524785745028, -1.6530705696306138, 61.79209814046022], 'radius': 12.0}, 'projected_sphere': {'center': [110.49876182859234, 103.41367611694845], 'axes': [240.80748910930532, 240.80748910930532], 'angle': 90.0}, 'model_confidence': 0.891981004419129, 'model_id': 61, 'model_birth_timestamp': 12311.749401, 'theta': 2.2796875119232376, 'phi': -1.8165604433320872, 'norm_pos': [0.23858170223422653, 0.20082083776688575], 'topic': 'pupil.1', 'id': 1, 'method': '3d c++'}"
1580974699.466944,"{'circle_3d': {'center': [-7.155276171222643, 6.159719714856815, 52.95897135818503], 'normal': [-0.18514594878980123, 0.651065857040619, -0.736093898522932], 'radius': 1.7950024420254032}, 'confidence': 0.9998621056487754, 'timestamp': 12645.846774, 'diameter_3d': 3.5900048840508063, 'ellipse': {'center': [76.28493013966894, 191.8093690384896], 'axes': [26.619266409346952, 42.19452532033326], 'angle': -70.12286306568082}, 'location': [76.28493013966894, 191.8093690384896], 'diameter': 42.19452532033326, 'sphere': {'center': [-4.933524785745028, -1.6530705696306138, 61.79209814046022], 'radius': 12.0}, 'projected_sphere': {'center': [110.49876182859234, 103.41367611694845], 'axes': [240.80748910930532, 240.80748910930532], 'angle': 90.0}, 'model_confidence': 0.8921592634523301, 'model_id': 61, 'model_birth_timestamp': 12311.749401, 'theta': 2.2797841711897298, 'phi': -1.8172096800154953, 'norm_pos': [0.23839040668646544, 0.20079429567296003], 'topic': 'pupil.1', 'id': 1, 'method': '3d c++'}"
1580974699.4749959,"{'circle_3d': {'center': [-7.188761007578495, 6.153636394961868, 52.96207911711075], 'normal': [-0.18793635181945553, 0.6505589137160401, -0.735834918612456], 'radius': 1.8086848365234331}, 'confidence': 0.9997959116396476, 'timestamp': 12645.855174, 'diameter_3d': 3.6173696730468663, 'ellipse': {'center': [75.89986743039029, 191.7296950318335], 'axes': [26.79487352258832, 42.51380684327024], 'angle': -69.89083156009013}, 'location': [75.89986743039029, 191.7296950318335], 'diameter': 42.51380684327024, 'sphere': {'center': [-4.933524785745028, -1.6530705696306138, 61.79209814046022], 'radius': 12.0}, 'projected_sphere': {'center': [110.49876182859234, 103.41367611694845], 'axes': [240.80748910930532, 240.80748910930532], 'angle': 90.0}, 'model_confidence': 0.8925279689691368, 'model_id': 61, 'model_birth_timestamp': 12311.749401, 'theta': 2.279116471522807, 'phi': -1.82085609794539, 'norm_pos': [0.23718708571996966, 0.20112627070069378], 'topic': 'pupil.1', 'id': 1, 'method': '3d c++'}"
1580974699.484253,"{'circle_3d': {'center': [-7.169599960135526, 6.146205269580838, 52.95064666469183], 'normal': [-0.18633959786587476, 0.6499396532676209, -0.736787622980699], 'radius': 1.7724640982855293}, 'confidence': 0.9999526324380876, 'timestamp': 12645.863574, 'diameter_3d': 3.5449281965710586, 'ellipse': {'center': [76.10343951215617, 191.6700566065391], 'axes': [26.320378227668925, 41.67095919590936], 'angle': -69.99177093578237}, 'location': [76.10343951215617, 191.6700566065391], 'diameter': 41.67095919590936, 'sphere': {'center': [-4.933524785745028, -1.6530705696306138, 61.79209814046022], 'radius': 12.0}, 'projected_sphere': {'center': [110.49876182859234, 103.41367611694845], 'axes': [240.80748910930532, 240.80748910930532], 'angle': 90.0}, 'model_confidence': 0.8926904866824348, 'model_id': 61, 'model_birth_timestamp': 12311.749401, 'theta': 2.2783013557471654, 'phi': -1.818510197905039, 'norm_pos': [0.23782324847548802, 0.20137476413942035], 'topic': 'pupil.1', 'id': 1, 'method': '3d c++'}"
1580974699.490654,"{'circle_3d': {'center': [-7.152081109152661, 6.1571081977537805, 52.95585937833037], 'normal': [-0.18487969361730275, 0.6508482306153662, -0.7363532301774871], 'radius': 1.7892458947078864}, 'confidence': 0.9999731983315808, 'timestamp': 12645.871974, 'diameter_3d': 3.578491789415773, 'ellipse': {'center': [76.31703004520156, 191.78488974382668], 'axes': [26.55030795792209, 42.06160168943304], 'angle': -70.13575768714837}, 'location': [76.31703004520156, 191.78488974382668], 'diameter': 42.06160168943304, 'sphere': {'center': [-4.933524785745028, -1.6530705696306138, 61.79209814046022], 'radius': 12.0}, 'projected_sphere': {'center': [110.49876182859234, 103.41367611694845], 'axes': [240.80748910930532, 240.80748910930532], 'angle': 90.0}, 'model_confidence': 0.8930754639317695, 'model_id': 61, 'model_birth_timestamp': 12311.749401, 'theta': 2.2794974866273923, 'phi': -1.8167862510409785, 'norm_pos': [0.2384907188912549, 0.20089629273405551], 'topic': 'pupil.1', 'id': 1, 'method': '3d c++'}"
1580974699.500585,"{'circle_3d': {'center': [-7.157671380768711, 6.162132475685194, 52.96170894833901], 'normal': [-0.1853455495853069, 0.651266920442984, -0.7358657660101009], 'radius': 1.7440527714849599}, 'confidence': 0.9999310023152158, 'timestamp': 12645.880374, 'diameter_3d': 3.4881055429699197, 'ellipse': {'center': [76.25827540395207, 191.85095120985318], 'axes': [25.848942277795338, 40.994143191619926], 'angle': -70.11473940250133}, 'location': [76.25827540395207, 191.85095120985318], 'diameter': 40.994143191619926, 'sphere': {'center': [-4.933524785745028, -1.6530705696306138, 61.79209814046022], 'radius': 12.0}, 'projected_sphere': {'center': [110.49876182859234, 103.41367611694845], 'axes': [240.80748910930532, 240.80748910930532], 'angle': 90.0}, 'model_confidence': 0.8933435449235305, 'model_id': 61, 'model_birth_timestamp': 12311.749401, 'theta': 2.280049099548892, 'phi': -1.8175380976398452, 'norm_pos': [0.23830711063735022, 0.2006210366256117], 'topic': 'pupil.1', 'id': 1, 'method': '3d c++'}"
1580974699.5069509,"{'circle_3d': {'center': [-7.16321902650382, 6.1684683427069125, 52.96872051987087], 'normal': [-0.18580785339656597, 0.6517949093614606, -0.7352814683824459], 'radius': 1.7635119532662824}, 'confidence': 0.9997464629776844, 'timestamp': 12645.888774, 'diameter_3d': 3.527023906532565, 'ellipse': {'center': [76.2055941699205, 191.909305482567], 'axes': [26.101598657527173, 41.446295194527394], 'angle': -70.09760594572691}, 'location': [76.2055941699205, 191.909305482567], 'diameter': 41.446295194527394, 'sphere': {'center': [-4.933524785745028, -1.6530705696306138, 61.79209814046022], 'radius': 12.0}, 'projected_sphere': {'center': [110.49876182859234, 103.41367611694845], 'axes': [240.80748910930532, 240.80748910930532], 'angle': 90.0}, 'model_confidence': 0.8935257387298279, 'model_id': 61, 'model_birth_timestamp': 12311.749401, 'theta': 2.2807450837069814, 'phi': -1.8183173936850245, 'norm_pos': [0.23814248178100156, 0.2003778938226375], 'topic': 'pupil.1', 'id': 1, 'method': '3d c++'}"
1580974699.515062,"{'circle_3d': {'center': [-7.159246743358243, 6.170237983238515, 52.969286510712976], 'normal': [-0.1854768298011012, 0.6519423794057607, -0.7352343024789367], 'radius': 1.7930837745927588}, 'confidence': 0.9996186956914047, 'timestamp': 12645.897174, 'diameter_3d': 3.5861675491855176, 'ellipse': {'center': [76.25455645483056, 191.91930938377288], 'axes': [26.538355771059038, 42.14121864442359], 'angle': -70.12804522802365}, 'location': [76.25455645483056, 191.91930938377288], 'diameter': 42.14121864442359, 'sphere': {'center': [-4.933524785745028, -1.6530705696306138, 61.79209814046022], 'radius': 12.0}, 'projected_sphere': {'center': [110.49876182859234, 103.41367611694845], 'axes': [240.80748910930532, 240.80748910930532], 'angle': 90.0}, 'model_confidence': 0.893666371659696, 'model_id': 61, 'model_birth_timestamp': 12311.749401, 'theta': 2.2809395500680285, 'phi': -1.8179093862324827, 'norm_pos': [0.2382954889213455, 0.20033621090094633], 'topic': 'pupil.1', 'id': 1, 'method': '3d c++'}"
1580974699.5266728,"{'circle_3d': {'center': [-7.154551173408794, 6.152304316191385, 52.95223588604242], 'normal': [-0.18508553230531377, 0.6504479071518332, -0.7366551878681498], 'radius': 1.7894101570108938}, 'confidence': 0.9992806648855097, 'timestamp': 12645.905574, 'diameter_3d': 3.5788203140217876, 'ellipse': {'center': [76.28256716530635, 191.73348519296871], 'axes': [26.569768627453286, 42.068330709557415], 'angle': -70.10593991110575}, 'location': [76.28256716530635, 191.73348519296871], 'diameter': 42.068330709557415, 'sphere': {'center': [-4.933524785745028, -1.6530705696306138, 61.79209814046022], 'radius': 12.0}, 'projected_sphere': {'center': [110.49876182859234, 103.41367611694845], 'axes': [240.80748910930532, 240.80748910930532], 'angle': 90.0}, 'model_confidence': 0.8936466636914275, 'model_id': 61, 'model_birth_timestamp': 12311.749401, 'theta': 2.2789703147389155, 'phi': -1.8169522841235861, 'norm_pos': [0.23838302239158232, 0.2011104783626304], 'topic': 'pupil.1', 'id': 1, 'method': '3d c++'}"
1580974699.534653,"{'circle_3d': {'center': [-7.1748451619288005, 6.171290056057746, 52.97416959853604], 'normal': [-0.18677669801531438, 0.6520300521406966, -0.7348273784936816], 'radius': 1.8035332769190502}, 'confidence': 0.9999594959431649, 'timestamp': 12645.913974, 'diameter_3d': 3.6070665538381004, 'ellipse': {'center': [76.08080860835187, 191.9216790738628], 'axes': [26.663323970244797, 42.383028429716134], 'angle': -70.03137346016304}, 'location': [76.08080860835187, 191.9216790738628], 'diameter': 42.383028429716134, 'sphere': {'center': [-4.933524785745028, -1.6530705696306138, 61.79209814046022], 'radius': 12.0}, 'projected_sphere': {'center': [110.49876182859234, 103.41367611694845], 'axes': [240.80748910930532, 240.80748910930532], 'angle': 90.0}, 'model_confidence': 0.8938619468052189, 'model_id': 61, 'model_birth_timestamp': 12311.749401, 'theta': 2.2810551780970267, 'phi': -1.8197030167195423, 'norm_pos': [0.2377525269010996, 0.20032633719223836], 'topic': 'pupil.1', 'id': 1, 'method': '3d c++'}"
1580974699.54282,"{'circle_3d': {'center': [-7.176553091335965, 6.158210914559318, 52.963015198553435], 'normal': [-0.18691902546591138, 0.6509401236824943, -0.7357569118255655], 'radius': 1.8065397192439954}, 'confidence': 0.9981784656020161, 'timestamp': 12645.922374, 'diameter_3d': 3.6130794384879907, 'ellipse': {'center': [76.04364674108638, 191.78258501666227], 'axes': [26.76276929017747, 42.46262321811755], 'angle': -69.98226031114767}, 'location': [76.04364674108638, 191.78258501666227], 'diameter': 42.46262321811755, 'sphere': {'center': [-4.933524785745028, -1.6530705696306138, 61.79209814046022], 'radius': 12.0}, 'projected_sphere': {'center': [110.49876182859234, 103.41367611694845], 'axes': [240.80748910930532, 240.80748910930532], 'angle': 90.0}, 'model_confidence': 0.894167784089106, 'model_id': 61, 'model_birth_timestamp': 12311.749401, 'theta': 2.27961853099448, 'phi': -1.8195830843298917, 'norm_pos': [0.23763639606589493, 0.20090589576390727], 'topic': 'pupil.1', 'id': 1, 'method': '3d c++'}"
1580974699.550664,"{'circle_3d': {'center': [-7.1667305684836755, 6.171292335856201, 52.97211304664149], 'normal': [-0.1861004818948873, 0.6520302421239013, -0.7349987578182274], 'radius': 1.788544238411253}, 'confidence': 0.9981719988267179, 'timestamp': 12645.930774, 'diameter_3d': 3.577088476822506, 'ellipse': {'center': [76.1713789702805, 191.92945553947754], 'axes': [26.45450936426511, 42.03223178023437], 'angle': -70.0832798662489}, 'location': [76.1713789702805, 191.92945553947754], 'diameter': 42.03223178023437, 'sphere': {'center': [-4.933524785745028, -1.6530705696306138, 61.79209814046022], 'radius': 12.0}, 'projected_sphere': {'center': [110.49876182859234, 103.41367611694845], 'axes': [240.80748910930532, 240.80748910930532], 'angle': 90.0}, 'model_confidence': 0.8945979896848644, 'model_id': 61, 'model_birth_timestamp': 12311.749401, 'theta': 2.281055428670686, 'phi': -1.8187829406905278, 'norm_pos': [0.23803555928212655, 0.20029393525217687], 'topic': 'pupil.1', 'id': 1, 'method': '3d c++'}"
1580974699.559063,"{'circle_3d': {'center': [-7.194212659767233, 6.174256862524688, 52.98174992906255], 'normal': [-0.1883906561685171, 0.6522772860129419, -0.7341956842831387], 'radius': 1.7991888148257922}, 'confidence': 0.9996016284257594, 'timestamp': 12645.939174, 'diameter_3d': 3.5983776296515844, 'ellipse': {'center': [75.86646626539338, 191.94787817802882], 'axes': [26.554541211066194, 42.27483230801098], 'angle': -69.9164984318019}, 'location': [75.86646626539338, 191.94787817802882], 'diameter': 42.27483230801098, 'sphere': {'center': [-4.933524785745028, -1.6530705696306138, 61.79209814046022], 'radius': 12.0}, 'projected_sphere': {'center': [110.49876182859234, 103.41367611694845], 'axes': [240.80748910930532, 240.80748910930532], 'angle': 90.0}, 'model_confidence': 0.8949767139653453, 'model_id': 61, 'model_birth_timestamp': 12311.749401, 'theta': 2.2813813068156974, 'phi': -1.8219719876681955, 'norm_pos': [0.23708270707935433, 0.20021717425821328], 'topic': 'pupil.1', 'id': 1, 'method': '3d c++'}"
1580974699.566746,"{'circle_3d': {'center': [-7.183452649066636, 6.152703422287098, 52.95990039601688], 'normal': [-0.18749398861013392, 0.6504811659931428, -0.7360164787036119], 'radius': 1.8086378131469087}, 'confidence': 0.9997067338073187, 'timestamp': 12645.947574, 'diameter_3d': 3.6172756262938175, 'ellipse': {'center': [75.95839856526122, 191.72165629996533], 'axes': [26.806950536284113, 42.51444887663901], 'angle': -69.92202037116958}, 'location': [75.95839856526122, 191.72165629996533], 'diameter': 42.51444887663901, 'sphere': {'center': [-4.933524785745028, -1.6530705696306138, 61.79209814046022], 'radius': 12.0}, 'projected_sphere': {'center': [110.49876182859234, 103.41367611694845], 'axes': [240.80748910930532, 240.80748910930532], 'angle': 90.0}, 'model_confidence': 0.8953313565513765, 'model_id': 61, 'model_birth_timestamp': 12311.749401, 'theta': 2.2790141030700735, 'phi': -1.8202326352187501, 'norm_pos': [0.2373699955164413, 0.20115976541681113], 'topic': 'pupil.1', 'id': 1, 'method': '3d c++'}"
1580974699.576371,"{'circle_3d': {'center': [-7.15066574641186, 6.1375890036548135, 52.93829052036199], 'normal': [-0.18476174672223597, 0.649221631107119, -0.7378173016748525], 'radius': 1.7779424747890356}, 'confidence': 0.9990443194995131, 'timestamp': 12645.955973, 'diameter_3d': 3.555884949578071, 'ellipse': {'center': [76.30551468095001, 191.58370634755087], 'axes': [26.469161590616384, 41.80956256194387], 'angle': -70.08800231459234}, 'location': [76.30551468095001, 191.58370634755087], 'diameter': 41.80956256194387, 'sphere': {'center': [-4.933524785745028, -1.6530705696306138, 61.79209814046022], 'radius': 12.0}, 'projected_sphere': {'center': [110.49876182859234, 103.41367611694845], 'axes': [240.80748910930532, 240.80748910930532], 'angle': 90.0}, 'model_confidence': 0.8953874978499754, 'model_id': 61, 'model_birth_timestamp': 12311.749401, 'theta': 2.2773569533533844, 'phi': -1.8161671050409456, 'norm_pos': [0.2384547333779688, 0.2017345568852047], 'topic': 'pupil.1', 'id': 1, 'method': '3d c++'}"
1580974699.582977,"{'circle_3d': {'center': [-7.166029256067446, 6.173122988905353, 52.973559816320524], 'normal': [-0.1860420391935348, 0.6521827965446639, -0.7348781936783081], 'radius': 1.7721086160734554}, 'confidence': 0.9998859421711723, 'timestamp': 12645.964373, 'diameter_3d': 3.5442172321469108, 'ellipse': {'center': [76.18085320497401, 191.95443581208144], 'axes': [26.204337295134863, 41.644646640017925], 'angle': -70.0931516779965}, 'location': [76.18085320497401, 191.95443581208144], 'diameter': 41.644646640017925, 'sphere': {'center': [-4.933524785745028, -1.6530705696306138, 61.79209814046022], 'radius': 12.0}, 'projected_sphere': {'center': [110.49876182859234, 103.41367611694845], 'axes': [240.80748910930532, 240.80748910930532], 'angle': 90.0}, 'model_confidence': 0.8955020981206485, 'model_id': 61, 'model_birth_timestamp': 12311.749401, 'theta': 2.281256653993116, 'phi': -1.8187472416633612, 'norm_pos': [0.2380651662655438, 0.200189850782994], 'topic': 'pupil.1', 'id': 1, 'method': '3d c++'}"
1580974699.590969,"{'circle_3d': {'center': [-7.176687110747375, 6.173043887652433, 52.976194597136065], 'normal': [-0.18693019375019554, 0.6521762047735873, -0.734658628610346], 'radius': 1.7733086359010888}, 'confidence': 0.9999975793543766, 'timestamp': 12645.972773, 'diameter_3d': 3.5466172718021776, 'ellipse': {'center': [76.06068926845963, 191.94967218785135], 'axes': [26.205478374777496, 41.670786647034376], 'angle': -70.02484167920446}, 'location': [76.06068926845963, 191.94967218785135], 'diameter': 41.670786647034376, 'sphere': {'center': [-4.933524785745028, -1.6530705696306138, 61.79209814046022], 'radius': 12.0}, 'projected_sphere': {'center': [110.49876182859234, 103.41367611694845], 'axes': [240.80748910930532, 240.80748910930532], 'angle': 90.0}, 'model_confidence': 0.8957848755072662, 'model_id': 61, 'model_birth_timestamp': 12311.749401, 'theta': 2.281247958465981, 'phi': -1.8199540972404868, 'norm_pos': [0.23768965396393632, 0.20020969921728604], 'topic': 'pupil.1', 'id': 1, 'method': '3d c++'}"
1580974699.598644,"{'circle_3d': {'center': [-7.175434794310755, 6.150000494907431, 52.95547426732507], 'normal': [-0.18682583404714392, 0.6502559220448371, -0.7363853227612619], 'radius': 1.7828409423446139}, 'confidence': 0.9997676379217446, 'timestamp': 12645.981173, 'diameter_3d': 3.5656818846892278, 'ellipse': {'center': [76.0434958585079, 191.70459542335834], 'axes': [26.4488094608189, 41.91123565523691], 'angle': -69.96548372173412}, 'location': [76.0434958585079, 191.70459542335834], 'diameter': 41.91123565523691, 'sphere': {'center': [-4.933524785745028, -1.6530705696306138, 61.79209814046022], 'radius': 12.0}, 'projected_sphere': {'center': [110.49876182859234, 103.41367611694845], 'axes': [240.80748910930532, 240.80748910930532], 'angle': 90.0}, 'model_confidence': 0.8961726320713015, 'model_id': 61, 'model_birth_timestamp': 12311.749401, 'theta': 2.278717580730197, 'phi': -1.8192605229953647, 'norm_pos': [0.23763592455783716, 0.20123085240267358], 'topic': 'pupil.1', 'id': 1, 'method': '3d c++'}"
1580974699.610553,"{'circle_3d': {'center': [-7.169115716673397, 6.17283221249253, 52.97408369080615], 'normal': [-0.1862992442440307, 0.6521585651769287, -0.7348345374711728], 'radius': 1.7634951890721704}, 'confidence': 0.9998592120170238, 'timestamp': 12645.989573, 'diameter_3d': 3.526990378144341, 'ellipse': {'center': [76.14515679742064, 191.95322579593318], 'axes': [26.073215587218886, 41.44171466590095], 'angle': -70.07261666485724}, 'location': [76.14515679742064, 191.95322579593318], 'diameter': 41.44171466590095, 'sphere': {'center': [-4.933524785745028, -1.6530705696306138, 61.79209814046022], 'radius': 12.0}, 'projected_sphere': {'center': [110.49876182859234, 103.41367611694845], 'axes': [240.80748910930532, 240.80748910930532], 'angle': 90.0}, 'model_confidence': 0.8964155386951833, 'model_id': 61, 'model_birth_timestamp': 12311.749401, 'theta': 2.281224689532543, 'phi': -1.8190902822072, 'norm_pos': [0.2379536149919395, 0.2001948925169451], 'topic': 'pupil.1', 'id': 1, 'method': '3d c++'}"
1580974699.618878,"{'circle_3d': {'center': [-7.131256936221697, 6.162021278108167, 52.954999475956804], 'normal': [-0.18314434587305572, 0.6512576539782318, -0.7364248887086179], 'radius': 1.7812826079951491}, 'confidence': 0.9998144295219256, 'timestamp': 12645.997973, 'diameter_3d': 3.5625652159902983, 'ellipse': {'center': [76.55826287914915, 191.84603156824403], 'axes': [26.443595091333673, 41.87499779369206], 'angle': -70.28359678293988}, 'location': [76.55826287914915, 191.84603156824403], 'diameter': 41.87499779369206, 'sphere': {'center': [-4.933524785745028, -1.6530705696306138, 61.79209814046022], 'radius': 12.0}, 'projected_sphere': {'center': [110.49876182859234, 103.41367611694845], 'axes': [240.80748910930532, 240.80748910930532], 'angle': 90.0}, 'model_confidence': 0.896952774960591, 'model_id': 61, 'model_birth_timestamp': 12311.749401, 'theta': 2.2800368883982323, 'phi': -1.8145453014492197, 'norm_pos': [0.2392445714973411, 0.20064153513231653], 'topic': 'pupil.1', 'id': 1, 'method': '3d c++'}"
1580974699.626462,"{'circle_3d': {'center': [-7.128296456295612, 6.1282896103288795, 52.92454994133047], 'normal': [-0.18289763921254862, 0.6484466816632911, -0.7389623499274796], 'radius': 1.7970539775290415}, 'confidence': 0.9999577028868937, 'timestamp': 12646.006373, 'diameter_3d': 3.594107955058083, 'ellipse': {'center': [76.54643782950322, 191.48651235576398], 'axes': [26.830209362229883, 42.27017155855133], 'angle': -70.20469225164665}, 'location': [76.54643782950322, 191.48651235576398], 'diameter': 42.27017155855133, 'sphere': {'center': [-4.933524785745028, -1.6530705696306138, 61.79209814046022], 'radius': 12.0}, 'projected_sphere': {'center': [110.49876182859234, 103.41367611694845], 'axes': [240.80748910930532, 240.80748910930532], 'angle': 90.0}, 'model_confidence': 0.8970829543784142, 'model_id': 61, 'model_birth_timestamp': 12311.749401, 'theta': 2.276338528922046, 'phi': -1.8134263522547707, 'norm_pos': [0.23920761821719755, 0.20213953185098343], 'topic': 'pupil.1', 'id': 1, 'method': '3d c++'}"
1580974699.634604,"{'circle_3d': {'center': [-7.1122075161683105, 6.120124947706065, 52.91342858869672], 'normal': [-0.18155689420194018, 0.64776629311139, -0.739889129313625], 'radius': 1.7721003303601015}, 'confidence': 0.999605086554976, 'timestamp': 12646.014773, 'diameter_3d': 3.544200660720203, 'ellipse': {'center': [76.71560852701178, 191.41400958314998], 'axes': [26.517449477810214, 41.69165162512633], 'angle': -70.2848033251216}, 'location': [76.71560852701178, 191.41400958314998], 'diameter': 41.69165162512633, 'sphere': {'center': [-4.933524785745028, -1.6530705696306138, 61.79209814046022], 'radius': 12.0}, 'projected_sphere': {'center': [110.49876182859234, 103.41367611694845], 'axes': [240.80748910930532, 240.80748910930532], 'angle': 90.0}, 'model_confidence': 0.8971544749300397, 'model_id': 61, 'model_birth_timestamp': 12311.749401, 'theta': 2.2754451025272733, 'phi': -1.811425746651631, 'norm_pos': [0.23973627664691183, 0.20244162673687505], 'topic': 'pupil.1', 'id': 1, 'method': '3d c++'}"
1580974699.6427782,"{'circle_3d': {'center': [-7.127581965143846, 6.126428259462848, 52.92274015570946], 'normal': [-0.18283809828323477, 0.6482915690911218, -0.7391131653958961], 'radius': 1.7625497786449538}, 'confidence': 0.9999195834901314, 'timestamp': 12646.023173, 'diameter_3d': 3.5250995572899075, 'ellipse': {'center': [76.54995392042417, 191.47873542530067], 'axes': [26.323609440865678, 41.45956167593335], 'angle': -70.2040116857397}, 'location': [76.54995392042417, 191.47873542530067], 'diameter': 41.45956167593335, 'sphere': {'center': [-4.933524785745028, -1.6530705696306138, 61.79209814046022], 'radius': 12.0}, 'projected_sphere': {'center': [110.49876182859234, 103.41367611694845], 'axes': [240.80748910930532, 240.80748910930532], 'angle': 90.0}, 'model_confidence': 0.8975222506179437, 'model_id': 61, 'model_birth_timestamp': 12311.749401, 'theta': 2.2761347889389163, 'phi': -1.8133028530454063, 'norm_pos': [0.23921860600132555, 0.20217193572791392], 'topic': 'pupil.1', 'id': 1, 'method': '3d c++'}"
1580974699.6502788,"{'circle_3d': {'center': [-7.115435042244834, 6.117881605260477, 52.91225749278324], 'normal': [-0.18182585470831714, 0.6475793479075909, -0.7399867206397486], 'radius': 1.7601942192906044}, 'confidence': 0.9999156377366002, 'timestamp': 12646.031573, 'diameter_3d': 3.5203884385812088, 'ellipse': {'center': [76.6754047675766, 191.39330514158175], 'axes': [26.34368941957626, 41.41230832573292], 'angle': -70.25749526811384}, 'location': [76.6754047675766, 191.39330514158175], 'diameter': 41.41230832573292, 'sphere': {'center': [-4.933524785745028, -1.6530705696306138, 61.79209814046022], 'radius': 12.0}, 'projected_sphere': {'center': [110.49876182859234, 103.41367611694845], 'axes': [240.80748910930532, 240.80748910930532], 'angle': 90.0}, 'model_confidence': 0.8976438395359776, 'model_id': 61, 'model_birth_timestamp': 12311.749401, 'theta': 2.2751997413942164, 'phi': -1.8117380229076923, 'norm_pos': [0.23961063989867687, 0.20252789524340942], 'topic': 'pupil.1', 'id': 1, 'method': '3d c++'}"
1580974699.658991,"{'circle_3d': {'center': [-7.112064598975316, 6.132924181815939, 52.92461540787949], 'normal': [-0.1815449844358573, 0.6488328959538794, -0.738956894381727], 'radius': 1.78724260863673}, 'confidence': 0.9999589418559588, 'timestamp': 12646.039973, 'diameter_3d': 3.57448521727346, 'ellipse': {'center': [76.73550679810643, 191.5438709024493], 'axes': [26.688999963500418, 42.03922967394119], 'angle': -70.32279147937281}, 'location': [76.73550679810643, 191.5438709024493], 'diameter': 42.03922967394119, 'sphere': {'center': [-4.933524785745028, -1.6530705696306138, 61.79209814046022], 'radius': 12.0}, 'projected_sphere': {'center': [110.49876182859234, 103.41367611694845], 'axes': [240.80748910930532, 240.80748910930532], 'angle': 90.0}, 'model_confidence': 0.8980235341117249, 'model_id': 61, 'model_birth_timestamp': 12311.749401, 'theta': 2.2768459741537432, 'phi': -1.811702510243235, 'norm_pos': [0.2397984587440826, 0.20190053790646123], 'topic': 'pupil.1', 'id': 1, 'method': '3d c++'}"
1580974699.6663308,"{'circle_3d': {'center': [-7.110899139283626, 6.123141179715995, 52.91574913009136], 'normal': [-0.18144786279488312, 0.6480176457788841, -0.7396957508640712], 'radius': 1.7924375234397125}, 'confidence': 0.9998442658770008, 'timestamp': 12646.048373, 'diameter_3d': 3.584875046879425, 'ellipse': {'center': [76.73566965436734, 191.43936836480196], 'axes': [26.81103797115362, 42.16852723783664], 'angle': -70.30192578356608}, 'location': [76.73566965436734, 191.43936836480196], 'diameter': 42.16852723783664, 'sphere': {'center': [-4.933524785745028, -1.6530705696306138, 61.79209814046022], 'radius': 12.0}, 'projected_sphere': {'center': [110.49876182859234, 103.41367611694845], 'axes': [240.80748910930532, 240.80748910930532], 'angle': 90.0}, 'model_confidence': 0.8980530278194676, 'model_id': 61, 'model_birth_timestamp': 12311.749401, 'theta': 2.2757750776287247, 'phi': -1.8113472234894523, 'norm_pos': [0.23979896766989794, 0.20233596514665853], 'topic': 'pupil.1', 'id': 1, 'method': '3d c++'}"
1580974699.674607,"{'circle_3d': {'center': [-7.0945387915286835, 6.157073572634481, 52.94158024918126], 'normal': [-0.18008450048197128, 0.6508453451887579, -0.7375431576065805], 'radius': 1.7716064352978662}, 'confidence': 0.9998346764275409, 'timestamp': 12646.056773, 'diameter_3d': 3.5432128705957324, 'ellipse': {'center': [76.96551283840483, 191.80902189832696], 'axes': [26.378331780539025, 41.65795466998774], 'angle': -70.50548492320195}, 'location': [76.96551283840483, 191.80902189832696], 'diameter': 41.65795466998774, 'sphere': {'center': [-4.933524785745028, -1.6530705696306138, 61.79209814046022], 'radius': 12.0}, 'projected_sphere': {'center': [110.49876182859234, 103.41367611694845], 'axes': [240.80748910930532, 240.80748910930532], 'angle': 90.0}, 'model_confidence': 0.8981889958217582, 'model_id': 61, 'model_birth_timestamp': 12311.749401, 'theta': 2.2794936860583457, 'phi': -1.8102786419529444, 'norm_pos': [0.2405172276200151, 0.20079574209030437], 'topic': 'pupil.1', 'id': 1, 'method': '3d c++'}"
1580974699.683052,"{'circle_3d': {'center': [-7.084472048786896, 6.130628436891371, 52.915868330034996], 'normal': [-0.17924560525348895, 0.648641583876832, -0.7396858175354352], 'radius': 1.7904299786858053}, 'confidence': 0.9250620605396114, 'timestamp': 12646.065173, 'diameter_3d': 3.5808599573716107, 'ellipse': {'center': [77.04437994275527, 191.5273382584964], 'axes': [26.789763109158102, 42.121198455914104], 'angle': -70.49430585696244}, 'location': [77.04437994275527, 191.5273382584964], 'diameter': 42.121198455914104, 'sphere': {'center': [-4.933524785745028, -1.6530705696306138, 61.79209814046022], 'radius': 12.0}, 'projected_sphere': {'center': [110.49876182859234, 103.41367611694845], 'axes': [240.80748910930532, 240.80748910930532], 'angle': 90.0}, 'model_confidence': 0.8982356849561945, 'model_id': 61, 'model_birth_timestamp': 12311.749401, 'theta': 2.2765945826406337, 'phi': -1.8085401011775208, 'norm_pos': [0.24076368732111023, 0.2019694239229317], 'topic': 'pupil.1', 'id': 1, 'method': '3d c++'}"
1580974699.6943119,"{'circle_3d': {'center': [-7.114156659200324, 6.156344092877111, 52.94574933083937], 'normal': [-0.18171932278794128, 0.650784555208977, -0.7371957341350709], 'radius': 1.7672676828939322}, 'confidence': 0.999932016394545, 'timestamp': 12646.073573, 'diameter_3d': 3.5345353657878644, 'ellipse': {'center': [76.74270498851955, 191.79652110673425], 'axes': [26.286448674090938, 41.55260523042391], 'angle': -70.37711321228554}, 'location': [76.74270498851955, 191.79652110673425], 'diameter': 41.55260523042391, 'sphere': {'center': [-4.933524785745028, -1.6530705696306138, 61.79209814046022], 'radius': 12.0}, 'projected_sphere': {'center': [110.49876182859234, 103.41367611694845], 'axes': [240.80748910930532, 240.80748910930532], 'angle': 90.0}, 'model_confidence': 0.8985896760719037, 'model_id': 61, 'model_birth_timestamp': 12311.749401, 'theta': 2.2794136187955196, 'phi': -1.812478903619515, 'norm_pos': [0.2398209530891236, 0.20084782872194062], 'topic': 'pupil.1', 'id': 1, 'method': '3d c++'}"
1580974699.703039,"{'circle_3d': {'center': [-7.086186745160568, 6.153257019269327, 52.93617943807452], 'normal': [-0.17938849661796155, 0.6505272990749951, -0.7379932251988087], 'radius': 1.757338037861071}, 'confidence': 0.9999573217443158, 'timestamp': 12646.081973, 'diameter_3d': 3.514676075722142, 'ellipse': {'center': [77.05387755538675, 191.77626822065196], 'axes': [26.19480185980136, 41.3264796068343], 'angle': -70.54842334473675}, 'location': [77.05387755538675, 191.77626822065196], 'diameter': 41.3264796068343, 'sphere': {'center': [-4.933524785745028, -1.6530705696306138, 61.79209814046022], 'radius': 12.0}, 'projected_sphere': {'center': [110.49876182859234, 103.41367611694845], 'axes': [240.80748910930532, 240.80748910930532], 'angle': 90.0}, 'model_confidence': 0.8987550076758444, 'model_id': 61, 'model_birth_timestamp': 12311.749401, 'theta': 2.279074844244776, 'phi': -1.8092478134424324, 'norm_pos': [0.2407933673605836, 0.20093221574728348], 'topic': 'pupil.1', 'id': 1, 'method': '3d c++'}"
1580974699.7108538,"{'circle_3d': {'center': [-7.084980000285914, 6.15031899401176, 52.933297331216224], 'normal': [-0.1792879345450738, 0.6502824636368645, -0.7382334007703332], 'radius': 1.7648446038289538}, 'confidence': 0.9998500413613399, 'timestamp': 12646.090373, 'diameter_3d': 3.5296892076579076, 'ellipse': {'center': [77.06393281587738, 191.74321932842494], 'axes': [26.321288481994085, 41.50535088963963], 'angle': -70.5477474676173}, 'location': [77.06393281587738, 191.74321932842494], 'diameter': 41.50535088963963, 'sphere': {'center': [-4.933524785745028, -1.6530705696306138, 61.79209814046022], 'radius': 12.0}, 'projected_sphere': {'center': [110.49876182859234, 103.41367611694845], 'axes': [240.80748910930532, 240.80748910930532], 'angle': 90.0}, 'model_confidence': 0.899118268072896, 'model_id': 61, 'model_birth_timestamp': 12311.749401, 'theta': 2.278752517490328, 'phi': -1.809044513163484, 'norm_pos': [0.24082479004961682, 0.20106991946489605], 'topic': 'pupil.1', 'id': 1, 'method': '3d c++'}"
1580974699.718579,"{'circle_3d': {'center': [-7.09983229411449, 6.176671649579063, 52.96020997541263], 'normal': [-0.18052562569745512, 0.6524785182674732, -0.7359906804206321], 'radius': 1.7660212401762183}, 'confidence': 0.9997672650616003, 'timestamp': 12646.098773, 'diameter_3d': 3.5320424803524366, 'ellipse': {'center': [76.93222325276179, 192.01532042631945], 'axes': [26.202391746014108, 41.51199520768072], 'angle': -70.52767885302342}, 'location': [76.93222325276179, 192.01532042631945], 'diameter': 41.51199520768072, 'sphere': {'center': [-4.933524785745028, -1.6530705696306138, 61.79209814046022], 'radius': 12.0}, 'projected_sphere': {'center': [110.49876182859234, 103.41367611694845], 'axes': [240.80748910930532, 240.80748910930532], 'angle': 90.0}, 'model_confidence': 0.8992233361464375, 'model_id': 61, 'model_birth_timestamp': 12311.749401, 'theta': 2.2816468219126675, 'phi': -1.8113300745876493, 'norm_pos': [0.2404131976648806, 0.1999361648903356], 'topic': 'pupil.1', 'id': 1, 'method': '3d c++'}"
1580974699.7267919,"{'circle_3d': {'center': [-7.130264379257662, 6.147738509954019, 52.94214261163614], 'normal': [-0.1830616327927195, 0.6500674232987195, -0.7374962940686733], 'radius': 1.7545998621458831}, 'confidence': 0.9997068856745297, 'timestamp': 12646.107173, 'diameter_3d': 3.5091997242917663, 'ellipse': {'center': [76.54833807716685, 191.70497211253002], 'axes': [26.109721366281526, 41.2573912438976], 'angle': -70.24869580016654}, 'location': [76.54833807716685, 191.70497211253002], 'diameter': 41.2573912438976, 'sphere': {'center': [-4.933524785745028, -1.6530705696306138, 61.79209814046022], 'radius': 12.0}, 'projected_sphere': {'center': [110.49876182859234, 103.41367611694845], 'axes': [240.80748910930532, 240.80748910930532], 'angle': 90.0}, 'model_confidence': 0.8993907583402239, 'model_id': 61, 'model_birth_timestamp': 12311.749401, 'theta': 2.2784694894344435, 'phi': -1.8140993820216762, 'norm_pos': [0.2392135564911464, 0.2012292828644583], 'topic': 'pupil.1', 'id': 1, 'method': '3d c++'}"
1580974699.735142,"{'circle_3d': {'center': [-7.087466195111948, 6.134936586207173, 52.92037446658298], 'normal': [-0.17949511744724328, 0.6490005963198155, -0.7393103061564368], 'radius': 1.764045564618985}, 'confidence': 0.9998328745197947, 'timestamp': 12646.115573, 'diameter_3d': 3.52809112923797, 'ellipse': {'center': [77.01488059912772, 191.5806792908479], 'axes': [26.371538685750256, 41.49664338386241], 'angle': -70.48746543044909}, 'location': [77.01488059912772, 191.5806792908479], 'diameter': 41.49664338386241, 'sphere': {'center': [-4.933524785745028, -1.6530705696306138, 61.79209814046022], 'radius': 12.0}, 'projected_sphere': {'center': [110.49876182859234, 103.41367611694845], 'axes': [240.80748910930532, 240.80748910930532], 'angle': 90.0}, 'model_confidence': 0.8996707187656328, 'model_id': 61, 'model_birth_timestamp': 12311.749401, 'theta': 2.2770663832893456, 'phi': -1.808975085407724, 'norm_pos': [0.24067150187227412, 0.201747169621467], 'topic': 'pupil.1', 'id': 1, 'method': '3d c++'}"
1580974699.743032,"{'circle_3d': {'center': [-7.0891319659937135, 6.149180179354076, 52.93330358733799], 'normal': [-0.1796339316873904, 0.6501875624153909, -0.7382328794268527], 'radius': 1.7421496641590952}, 'confidence': 0.999886074744309, 'timestamp': 12646.123972, 'diameter_3d': 3.4842993283181904, 'ellipse': {'center': [77.01419908807281, 191.73744393962895], 'axes': [25.981015443708152, 40.97133909936202], 'angle': -70.51777428301806}, 'location': [77.01419908807281, 191.73744393962895], 'diameter': 40.97133909936202, 'sphere': {'center': [-4.933524785745028, -1.6530705696306138, 61.79209814046022], 'radius': 12.0}, 'projected_sphere': {'center': [110.49876182859234, 103.41367611694845], 'axes': [240.80748910930532, 240.80748910930532], 'angle': 90.0}, 'model_confidence': 0.9000339020206249, 'model_id': 61, 'model_birth_timestamp': 12311.749401, 'theta': 2.2786276035988515, 'phi': -1.8094872065023413, 'norm_pos': [0.24066937215022755, 0.2010939835848794], 'topic': 'pupil.1', 'id': 1, 'method': '3d c++'}"
1580974699.750958,"{'circle_3d': {'center': [-7.063781111036018, 6.157511092629093, 52.93451257295199], 'normal': [-0.17752136044091585, 0.650881805188309, -0.738132130625686], 'radius': 1.7568503576086583}, 'confidence': 0.9992402008417313, 'timestamp': 12646.132372, 'diameter_3d': 3.5137007152173165, 'ellipse': {'center': [77.31289237773983, 191.82827690526412], 'axes': [26.203406723819764, 41.31631461022224], 'angle': -70.70524030665712}, 'location': [77.31289237773983, 191.82827690526412], 'diameter': 41.31631461022224, 'sphere': {'center': [-4.933524785745028, -1.6530705696306138, 61.79209814046022], 'radius': 12.0}, 'projected_sphere': {'center': [110.49876182859234, 103.41367611694845], 'axes': [240.80748910930532, 240.80748910930532], 'angle': 90.0}, 'model_confidence': 0.9003355698346205, 'model_id': 61, 'model_birth_timestamp': 12311.749401, 'theta': 2.2795417106284854, 'phi': -1.806814769054522, 'norm_pos': [0.24160278868043697, 0.20071551289473288], 'topic': 'pupil.1', 'id': 1, 'method': '3d c++'}"
1580974699.75957,"{'circle_3d': {'center': [-7.077580311204788, 6.1748962399801695, 52.95320898336715], 'normal': [-0.1786712937883133, 0.6523305674675652, -0.7365740964244225], 'radius': 1.7538253232540888}, 'confidence': 0.9997481919522674, 'timestamp': 12646.140772, 'diameter_3d': 3.5076506465081776, 'ellipse': {'center': [77.18045080060278, 192.0078118084233], 'axes': [26.062867737140717, 41.23061726712651], 'angle': -70.66583045704905}, 'location': [77.18045080060278, 192.0078118084233], 'diameter': 41.23061726712651, 'sphere': {'center': [-4.933524785745028, -1.6530705696306138, 61.79209814046022], 'radius': 12.0}, 'projected_sphere': {'center': [110.49876182859234, 103.41367611694845], 'axes': [240.80748910930532, 240.80748910930532], 'angle': 90.0}, 'model_confidence': 0.901060065882997, 'model_id': 61, 'model_birth_timestamp': 12311.749401, 'theta': 2.281451602912704, 'phi': -1.8087705772221518, 'norm_pos': [0.2411889087518837, 0.1999674507982363], 'topic': 'pupil.1', 'id': 1, 'method': '3d c++'}"
1580974699.766712,"{'circle_3d': {'center': [-7.096043682884833, 6.152059056665081, 52.93752511087632], 'normal': [-0.18020990809498372, 0.6504274688579745, -0.7378810857986577], 'radius': 1.748912281630638}, 'confidence': 0.9833656119235435, 'timestamp': 12646.149172, 'diameter_3d': 3.497824563261276, 'ellipse': {'center': [76.94039917677833, 191.76331969324883], 'axes': [26.059167245927213, 41.127186881866876], 'angle': -70.48145778556906}, 'location': [76.94039917677833, 191.76331969324883], 'diameter': 41.127186881866876, 'sphere': {'center': [-4.933524785745028, -1.6530705696306138, 61.79209814046022], 'radius': 12.0}, 'projected_sphere': {'center': [110.49876182859234, 103.41367611694845], 'axes': [240.80748910930532, 240.80748910930532], 'angle': 90.0}, 'model_confidence': 0.902198930577458, 'model_id': 61, 'model_birth_timestamp': 12311.749401, 'theta': 2.2789434066551215, 'phi': -1.8103335048361116, 'norm_pos': [0.24043874742743226, 0.2009861679447965], 'topic': 'pupil.1', 'id': 1, 'method': '3d c++'}"
1580974699.7788842,"{'circle_3d': {'center': [-7.102621281603177, 6.143581342195514, 52.93166703596683], 'normal': [-0.18075804132151238, 0.6497209926521773, -0.7383692587077821], 'radius': 1.7134131786222537}, 'confidence': 0.999670914050122, 'timestamp': 12646.157572, 'diameter_3d': 3.4268263572445075, 'ellipse': {'center': [76.85255141188907, 191.6835885776609], 'axes': [25.555229377090498, 40.29642698469294], 'angle': -70.41476775302785}, 'location': [76.85255141188907, 191.6835885776609], 'diameter': 40.29642698469294, 'sphere': {'center': [-4.933524785745028, -1.6530705696306138, 61.79209814046022], 'radius': 12.0}, 'projected_sphere': {'center': [110.49876182859234, 103.41367611694845], 'axes': [240.80748910930532, 240.80748910930532], 'angle': 90.0}, 'model_confidence': 0.9026987107520701, 'model_id': 61, 'model_birth_timestamp': 12311.749401, 'theta': 2.2780136744274215, 'phi': -1.810881620205392, 'norm_pos': [0.24016422316215333, 0.20131838092641285], 'topic': 'pupil.1', 'id': 1, 'method': '3d c++'}"
1580974699.786932,"{'circle_3d': {'center': [-7.067298310098576, 6.149723238052609, 52.92849732919011], 'normal': [-0.17781446036279566, 0.6502328173069352, -0.7386334009391762], 'radius': 1.7159242185349524}, 'confidence': 0.9985631717453357, 'timestamp': 12646.165972, 'diameter_3d': 3.4318484370699047, 'ellipse': {'center': [77.26032642121287, 191.75864470543948], 'axes': [25.619752348300324, 40.35794135724965], 'angle': -70.66042020349938}, 'location': [77.26032642121287, 191.75864470543948], 'diameter': 40.35794135724965, 'sphere': {'center': [-4.933524785745028, -1.6530705696306138, 61.79209814046022], 'radius': 12.0}, 'projected_sphere': {'center': [110.49876182859234, 103.41367611694845], 'axes': [240.80748910930532, 240.80748910930532], 'angle': 90.0}, 'model_confidence': 0.903144089812824, 'model_id': 61, 'model_birth_timestamp': 12311.749401, 'theta': 2.2786871687597863, 'phi': -1.807035583582595, 'norm_pos': [0.2414385200662902, 0.2010056470606688], 'topic': 'pupil.1', 'id': 1, 'method': '3d c++'}"
1580974699.794463,"{'circle_3d': {'center': [-7.066270634964301, 6.152194547617487, 52.9304260864905], 'normal': [-0.17772882076827273, 0.6504387597706751, -0.7384726711641435], 'radius': 1.7450193758128398}, 'confidence': 0.9991314569635632, 'timestamp': 12646.174372, 'diameter_3d': 3.4900387516256797, 'ellipse': {'center': [77.27687776422879, 191.77545174704784], 'axes': [26.0456305085641, 41.041098829776], 'angle': -70.67401735048746}, 'location': [77.27687776422879, 191.77545174704784], 'diameter': 41.041098829776, 'sphere': {'center': [-4.933524785745028, -1.6530705696306138, 61.79209814046022], 'radius': 12.0}, 'projected_sphere': {'center': [110.49876182859234, 103.41367611694845], 'axes': [240.80748910930532, 240.80748910930532], 'angle': 90.0}, 'model_confidence': 0.9037972901490332, 'model_id': 61, 'model_birth_timestamp': 12311.749401, 'theta': 2.2789582716561116, 'phi': -1.8069754928012138, 'norm_pos': [0.24149024301321495, 0.20093561772063395], 'topic': 'pupil.1', 'id': 1, 'method': '3d c++'}"
1580974699.803373,"{'circle_3d': {'center': [-7.0556490055523025, 6.170009932305664, 52.94359542780133], 'normal': [-0.17684368498393951, 0.6519233751613565, -0.7373752260549079], 'radius': 1.74554875402704}, 'confidence': 0.9930754234470702, 'timestamp': 12646.182772, 'diameter_3d': 3.49109750805408, 'ellipse': {'center': [77.4212115889014, 191.9660876114583], 'axes': [25.993665585311646, 41.04338303239878], 'angle': -70.79339929316231}, 'location': [77.4212115889014, 191.9660876114583], 'diameter': 41.04338303239878, 'sphere': {'center': [-4.933524785745028, -1.6530705696306138, 61.79209814046022], 'radius': 12.0}, 'projected_sphere': {'center': [110.49876182859234, 103.41367611694845], 'axes': [240.80748910930532, 240.80748910930532], 'angle': 90.0}, 'model_confidence': 0.9048593296558272, 'model_id': 61, 'model_birth_timestamp': 12311.749401, 'theta': 2.2809144876536016, 'phi': -1.8061792577617743, 'norm_pos': [0.24194128621531688, 0.20014130161892374], 'topic': 'pupil.1', 'id': 1, 'method': '3d c++'}"
1580974699.810375,"{'circle_3d': {'center': [-7.05519393505241, 6.162610974511146, 52.936950370860934], 'normal': [-0.17680576244228183, 0.6513067953451467, -0.7379289807999403], 'radius': 1.7365981232893837}, 'confidence': 0.9998137885097098, 'timestamp': 12646.191172, 'diameter_3d': 3.4731962465787674, 'ellipse': {'center': [77.41581785460592, 191.8913406383062], 'axes': [25.89229446689678, 40.8379294951162], 'angle': -70.7753358014534}, 'location': [77.41581785460592, 191.8913406383062], 'diameter': 40.8379294951162, 'sphere': {'center': [-4.933524785745028, -1.6530705696306138, 61.79209814046022], 'radius': 12.0}, 'projected_sphere': {'center': [110.49876182859234, 103.41367611694845], 'axes': [240.80748910930532, 240.80748910930532], 'angle': 90.0}, 'model_confidence': 0.9051080769506559, 'model_id': 61, 'model_birth_timestamp': 12311.749401, 'theta': 2.28010164730927, 'phi': -1.8059604678582786, 'norm_pos': [0.2419244307956435, 0.20045274734039087], 'topic': 'pupil.1', 'id': 1, 'method': '3d c++'}"
1580974699.81882,"{'circle_3d': {'center': [-7.0539379659554795, 6.161780356509075, 52.93591651701756], 'normal': [-0.17670109835087094, 0.6512375771783074, -0.7380151352868882], 'radius': 1.7451438566463675}, 'confidence': 0.9997292345921344, 'timestamp': 12646.199572, 'diameter_3d': 3.490287713292735, 'ellipse': {'center': [77.42935197593629, 191.88017551769997], 'axes': [26.025255125158054, 41.03979132327221], 'angle': -70.7810581734654}, 'location': [77.42935197593629, 191.88017551769997], 'diameter': 41.03979132327221, 'sphere': {'center': [-4.933524785745028, -1.6530705696306138, 61.79209814046022], 'radius': 12.0}, 'projected_sphere': {'center': [110.49876182859234, 103.41367611694845], 'axes': [240.80748910930532, 240.80748910930532], 'angle': 90.0}, 'model_confidence': 0.9053598446158384, 'model_id': 61, 'model_birth_timestamp': 12311.749401, 'theta': 2.2800104320562014, 'phi': -1.805799891052214, 'norm_pos': [0.2419667249248009, 0.20049926867625012], 'topic': 'pupil.1', 'id': 1, 'method': '3d c++'}"
1580974699.827615,"{'circle_3d': {'center': [-7.041601600223991, 6.169340061931335, 52.939646273577075], 'normal': [-0.17567306787324696, 0.6518675526301624, -0.737704322240262], 'radius': 1.7574257559426372}, 'confidence': 0.9996772834977204, 'timestamp': 12646.207972, 'diameter_3d': 3.5148515118852743, 'ellipse': {'center': [77.57978481818763, 191.9594921793259], 'axes': [26.194763350275863, 41.32586904283641], 'angle': -70.88222774528501}, 'location': [77.57978481818763, 191.9594921793259], 'diameter': 41.32586904283641, 'sphere': {'center': [-4.933524785745028, -1.6530705696306138, 61.79209814046022], 'radius': 12.0}, 'projected_sphere': {'center': [110.49876182859234, 103.41367611694845], 'axes': [240.80748910930532, 240.80748910930532], 'angle': 90.0}, 'model_confidence': 0.9055977092336964, 'model_id': 61, 'model_birth_timestamp': 12311.749401, 'theta': 2.2808408731473024, 'phi': -1.804576942501475, 'norm_pos': [0.24243682755683635, 0.200168782586142], 'topic': 'pupil.1', 'id': 1, 'method': '3d c++'}"
1580974699.834817,"{'circle_3d': {'center': [-7.05436280904167, 6.147820517993294, 52.923719240234476], 'normal': [-0.17673650194138682, 0.6500742573019923, -0.7390315750188116], 'radius': 1.7140617645929221}, 'confidence': 0.9998994515081082, 'timestamp': 12646.216372, 'diameter_3d': 3.4281235291858443, 'ellipse': {'center': [77.4039471058323, 191.74326878231105], 'axes': [25.61895780417274, 40.317750409194815], 'angle': -70.73866256673217}, 'location': [77.4039471058323, 191.74326878231105], 'diameter': 40.317750409194815, 'sphere': {'center': [-4.933524785745028, -1.6530705696306138, 61.79209814046022], 'radius': 12.0}, 'projected_sphere': {'center': [110.49876182859234, 103.41367611694845], 'axes': [240.80748910930532, 240.80748910930532], 'angle': 90.0}, 'model_confidence': 0.9058764645669459, 'model_id': 61, 'model_birth_timestamp': 12311.749401, 'theta': 2.278478483039678, 'phi': -1.8055337353484378, 'norm_pos': [0.24188733470572593, 0.20106971340703728], 'topic': 'pupil.1', 'id': 1, 'method': '3d c++'}"
1580974699.842999,"{'circle_3d': {'center': [-7.045664293712549, 6.129843842889304, 52.90586665876493], 'normal': [-0.17601162566396003, 0.6485762010433266, -0.740519290141274], 'radius': 1.7071038375943015}, 'confidence': 0.9997432954518882, 'timestamp': 12646.224772, 'diameter_3d': 3.414207675188603, 'ellipse': {'center': [77.47770580944176, 191.5588135008009], 'axes': [25.602165665050933, 40.16751957225455], 'angle': -70.74375291648269}, 'location': [77.47770580944176, 191.5588135008009], 'diameter': 40.16751957225455, 'sphere': {'center': [-4.933524785745028, -1.6530705696306138, 61.79209814046022], 'radius': 12.0}, 'projected_sphere': {'center': [110.49876182859234, 103.41367611694845], 'axes': [240.80748910930532, 240.80748910930532], 'angle': 90.0}, 'model_confidence': 0.906100783746222, 'model_id': 61, 'model_birth_timestamp': 12311.749401, 'theta': 2.276508679402346, 'phi': -1.8041529015128879, 'norm_pos': [0.24211783065450548, 0.20183827707999624], 'topic': 'pupil.1', 'id': 1, 'method': '3d c++'}"
1580974699.8505862,"{'circle_3d': {'center': [-7.047906872710828, 6.138450579229838, 52.91394593534578], 'normal': [-0.17619850724714997, 0.6492934290717044, -0.7398460170928701], 'radius': 1.7326678191340785}, 'confidence': 0.9998462737204038, 'timestamp': 12646.233172, 'diameter_3d': 3.465335638268157, 'ellipse': {'center': [77.46530876961054, 191.64049249418844], 'axes': [25.946393896300314, 40.76311799569136], 'angle': -70.75368124460765}, 'location': [77.46530876961054, 191.64049249418844], 'diameter': 40.76311799569136, 'sphere': {'center': [-4.933524785745028, -1.6530705696306138, 61.79209814046022], 'radius': 12.0}, 'projected_sphere': {'center': [110.49876182859234, 103.41367611694845], 'axes': [240.80748910930532, 240.80748910930532], 'angle': 90.0}, 'model_confidence': 0.9063691315170708, 'model_id': 61, 'model_birth_timestamp': 12311.749401, 'theta': 2.2774513537278924, 'phi': -1.8045966754374734, 'norm_pos': [0.24207908990503296, 0.2014979479408815], 'topic': 'pupil.1', 'id': 1, 'method': '3d c++'}"
1580974699.86289,"{'circle_3d': {'center': [-7.042796412727169, 6.1400634558437535, 52.914145940509954], 'normal': [-0.175772635581845, 0.6494278354561973, -0.7398293499958556], 'radius': 1.724165878690816}, 'confidence': 0.9996756371755373, 'timestamp': 12646.241572, 'diameter_3d': 3.448331757381632, 'ellipse': {'center': [77.52486117398105, 191.6618607232942], 'axes': [25.819745149203893, 40.56285147852368], 'angle': -70.7914452000422}, 'location': [77.52486117398105, 191.6618607232942], 'diameter': 40.56285147852368, 'sphere': {'center': [-4.933524785745028, -1.6530705696306138, 61.79209814046022], 'radius': 12.0}, 'projected_sphere': {'center': [110.49876182859234, 103.41367611694845], 'axes': [240.80748910930532, 240.80748910930532], 'angle': 90.0}, 'model_confidence': 0.9065835902965058, 'model_id': 61, 'model_birth_timestamp': 12311.749401, 'theta': 2.277628092466521, 'phi': -1.8040569449311787, 'norm_pos': [0.24226519116869077, 0.20140891365294078], 'topic': 'pupil.1', 'id': 1, 'method': '3d c++'}"
1580974699.871358,"{'circle_3d': {'center': [-7.036158613320341, 6.116753290538517, 52.89216734471341], 'normal': [-0.17521948563127598, 0.6474853216807609, -0.7416608996455676], 'radius': 1.7448080154660799}, 'confidence': 0.999342952728718, 'timestamp': 12646.249972, 'diameter_3d': 3.4896160309321598, 'ellipse': {'center': [77.56973098796882, 191.41132149088503], 'axes': [26.237696752458774, 41.06572397783261], 'angle': -70.76796666090631}, 'location': [77.56973098796882, 191.41132149088503], 'diameter': 41.06572397783261, 'sphere': {'center': [-4.933524785745028, -1.6530705696306138, 61.79209814046022], 'radius': 12.0}, 'projected_sphere': {'center': [110.49876182859234, 103.41367611694845], 'axes': [240.80748910930532, 240.80748910930532], 'angle': 90.0}, 'model_confidence': 0.9074686003402332, 'model_id': 61, 'model_birth_timestamp': 12311.749401, 'theta': 2.2750763535446614, 'phi': -1.8027952178229185, 'norm_pos': [0.24240540933740257, 0.2024528271213124], 'topic': 'pupil.1', 'id': 1, 'method': '3d c++'}"
1580974699.8787231,"{'circle_3d': {'center': [-7.017278856068273, 6.1316976066270765, 52.90079039545798], 'normal': [-0.1736461725269371, 0.6487306813548076, -0.7409423120835199], 'radius': 1.7264599466458392}, 'confidence': 0.999968645138538, 'timestamp': 12646.258372, 'diameter_3d': 3.4529198932916785, 'ellipse': {'center': [77.80260724528316, 191.5807816091115], 'axes': [25.926707339195747, 40.627079755206225], 'angle': -70.93338058566981}, 'location': [77.80260724528316, 191.5807816091115], 'diameter': 40.627079755206225, 'sphere': {'center': [-4.933524785745028, -1.6530705696306138, 61.79209814046022], 'radius': 12.0}, 'projected_sphere': {'center': [110.49876182859234, 103.41367611694845], 'axes': [240.80748910930532, 240.80748910930532], 'angle': 90.0}, 'model_confidence': 0.9087894008603437, 'model_id': 61, 'model_birth_timestamp': 12311.749401, 'theta': 2.2767116534909317, 'phi': -1.801000329073839, 'norm_pos': [0.24313314764150987, 0.20174674329536868], 'topic': 'pupil.1', 'id': 1, 'method': '3d c++'}"
1580974699.88659,"{'circle_3d': {'center': [-7.004607299841899, 6.129588667989982, 52.89598480873602], 'normal': [-0.17259020950807252, 0.648554936468383, -0.7413427776436832], 'radius': 1.7344435946716767}, 'confidence': 0.9993054221432147, 'timestamp': 12646.266772, 'diameter_3d': 3.4688871893433535, 'ellipse': {'center': [77.94373553425652, 191.55977351834025], 'axes': [26.0741610987346, 40.81874346919888], 'angle': -71.00985788106819}, 'location': [77.94373553425652, 191.55977351834025], 'diameter': 40.81874346919888, 'sphere': {'center': [-4.933524785745028, -1.6530705696306138, 61.79209814046022], 'radius': 12.0}, 'projected_sphere': {'center': [110.49876182859234, 103.41367611694845], 'axes': [240.80748910930532, 240.80748910930532], 'angle': 90.0}, 'model_confidence': 0.9090541686840758, 'model_id': 61, 'model_birth_timestamp': 12311.749401, 'theta': 2.276480742294826, 'phi': -1.7995295842596408, 'norm_pos': [0.24357417354455163, 0.20183427700691559], 'topic': 'pupil.1', 'id': 1, 'method': '3d c++'}"
1580974699.894609,"{'circle_3d': {'center': [-7.018705337871399, 6.141630252681651, 52.90983147278589], 'normal': [-0.17376504601053092, 0.6495584018593554, -0.740188888972861], 'radius': 1.7337013585677479}, 'confidence': 0.9997135459379544, 'timestamp': 12646.275172, 'diameter_3d': 3.4674027171354957, 'ellipse': {'center': [77.80018353943365, 191.68266398148086], 'axes': [25.99164806190021, 40.79061882017029], 'angle': -70.95223595574448}, 'location': [77.80018353943365, 191.68266398148086], 'diameter': 40.79061882017029, 'sphere': {'center': [-4.933524785745028, -1.6530705696306138, 61.79209814046022], 'radius': 12.0}, 'projected_sphere': {'center': [110.49876182859234, 103.41367611694845], 'axes': [240.80748910930532, 240.80748910930532], 'angle': 90.0}, 'model_confidence': 0.9093569452406358, 'model_id': 61, 'model_birth_timestamp': 12311.749401, 'theta': 2.2777998073397776, 'phi': -1.801378661770411, 'norm_pos': [0.24312557356073014, 0.20132223341049638], 'topic': 'pupil.1', 'id': 1, 'method': '3d c++'}"
1580974699.902718,"{'circle_3d': {'center': [-7.000879672978936, 6.164294921844448, 52.92559710888497], 'normal': [-0.17227957393615892, 0.6514471242895885, -0.7388750859646039], 'radius': 1.7337664448820473}, 'confidence': 0.9998819095690582, 'timestamp': 12646.283572, 'diameter_3d': 3.4675328897640947, 'ellipse': {'center': [78.03253873510555, 191.926788796839], 'axes': [25.923069374863683, 40.78004345218688], 'angle': -71.13195615660497}, 'location': [78.03253873510555, 191.926788796839], 'diameter': 40.78004345218688, 'sphere': {'center': [-4.933524785745028, -1.6530705696306138, 61.79209814046022], 'radius': 12.0}, 'projected_sphere': {'center': [110.49876182859234, 103.41367611694845], 'axes': [240.80748910930532, 240.80748910930532], 'angle': 90.0}, 'model_confidence': 0.9100401951708692, 'model_id': 61, 'model_birth_timestamp': 12311.749401, 'theta': 2.2802865938050316, 'phi': -1.7998683101270592, 'norm_pos': [0.24385168354720482, 0.2003050466798375], 'topic': 'pupil.1', 'id': 1, 'method': '3d c++'}"
1580974699.910913,"{'circle_3d': {'center': [-7.009038010588727, 6.120776888316785, 52.889315398302365], 'normal': [-0.17295943540364153, 0.6478206214956166, -0.7418985618464876], 'radius': 1.6945268579273318}, 'confidence': 0.9999524343290198, 'timestamp': 12646.291971, 'diameter_3d': 3.3890537158546636, 'ellipse': {'center': [77.87965654980042, 191.47849261007184], 'axes': [25.503378039230736, 39.88390183447509], 'angle': -70.95617241866617}, 'location': [77.87965654980042, 191.47849261007184], 'diameter': 39.88390183447509, 'sphere': {'center': [-4.933524785745028, -1.6530705696306138, 61.79209814046022], 'radius': 12.0}, 'projected_sphere': {'center': [110.49876182859234, 103.41367611694845], 'axes': [240.80748910930532, 240.80748910930532], 'angle': 90.0}, 'model_confidence': 0.9105841242124213, 'model_id': 61, 'model_birth_timestamp': 12311.749401, 'theta': 2.2755164168385797, 'phi': -1.7998362141549684, 'norm_pos': [0.2433739267181263, 0.20217294745803405], 'topic': 'pupil.1', 'id': 1, 'method': '3d c++'}"
1580974699.919004,"{'circle_3d': {'center': [-6.99644608682704, 6.108892776408386, 52.876029459685654], 'normal': [-0.17191010842350096, 0.6468302788365833, -0.7430057233978807], 'radius': 1.7159735965190253}, 'confidence': 0.9773563336048168, 'timestamp': 12646.300371, 'diameter_3d': 3.4319471930380505, 'ellipse': {'center': [78.00761457163325, 191.34990927176966], 'axes': [25.89398848663658, 40.39905230029763], 'angle': -71.00453926928336}, 'location': [78.00761457163325, 191.34990927176966], 'diameter': 40.39905230029763, 'sphere': {'center': [-4.933524785745028, -1.6530705696306138, 61.79209814046022], 'radius': 12.0}, 'projected_sphere': {'center': [110.49876182859234, 103.41367611694845], 'axes': [240.80748910930532, 240.80748910930532], 'angle': 90.0}, 'model_confidence': 0.9112736400992527, 'model_id': 61, 'model_birth_timestamp': 12311.749401, 'theta': 2.274217118691871, 'phi': -1.7981666097641071, 'norm_pos': [0.24377379553635392, 0.20270871136762636], 'topic': 'pupil.1', 'id': 1, 'method': '3d c++'}"
1580974699.926359,"{'circle_3d': {'center': [-7.011999878754212, 6.16380078610784, 52.927761532705745], 'normal': [-0.17320625775076534, 0.6514059463115379, -0.738694717312873], 'radius': 1.7168451481022269}, 'confidence': 0.99984935932661, 'timestamp': 12646.308771, 'diameter_3d': 3.4336902962044538, 'ellipse': {'center': [77.90509906255801, 191.92372542729214], 'axes': [25.655773206208554, 40.38019383774329], 'angle': -71.05845697792346}, 'location': [77.90509906255801, 191.92372542729214], 'diameter': 40.38019383774329, 'sphere': {'center': [-4.933524785745028, -1.6530705696306138, 61.79209814046022], 'radius': 12.0}, 'projected_sphere': {'center': [110.49876182859234, 103.41367611694845], 'axes': [240.80748910930532, 240.80748910930532], 'angle': 90.0}, 'model_confidence': 0.9123266966485466, 'model_id': 61, 'model_birth_timestamp': 12311.749401, 'theta': 2.2802323202553305, 'phi': -1.8011117492379298, 'norm_pos': [0.2434534345704938, 0.20031781071961607], 'topic': 'pupil.1', 'id': 1, 'method': '3d c++'}"
1580974699.934838,"{'circle_3d': {'center': [-7.010463165050439, 6.165985645096104, 52.92932843344923], 'normal': [-0.17307819827545087, 0.6515880178938932, -0.7385641422509159], 'radius': 1.717824120903836}, 'confidence': 0.9952483888700266, 'timestamp': 12646.317171, 'diameter_3d': 3.435648241807672, 'ellipse': {'center': [77.92549570671854, 191.94687192370847], 'axes': [25.663492430882823, 40.40203848541857], 'angle': -71.07457341572609}, 'location': [77.92549570671854, 191.94687192370847], 'diameter': 40.40203848541857, 'sphere': {'center': [-4.933524785745028, -1.6530705696306138, 61.79209814046022], 'radius': 12.0}, 'projected_sphere': {'center': [110.49876182859234, 103.41367611694845], 'axes': [240.80748910930532, 240.80748910930532], 'angle': 90.0}, 'model_confidence': 0.9126069645263746, 'model_id': 61, 'model_birth_timestamp': 12311.749401, 'theta': 2.2804723140463934, 'phi': -1.8009866858508448, 'norm_pos': [0.24351717408349544, 0.20022136698454807], 'topic': 'pupil.1', 'id': 1, 'method': '3d c++'}"
1580974699.947188,"{'circle_3d': {'center': [-6.98723363766031, 6.130955143615168, 52.89315305426639], 'normal': [-0.1711424043262735, 0.6486688094371486, -0.7415787571828191], 'radius': 1.7335293553440723}, 'confidence': 0.9882206298655423, 'timestamp': 12646.325571, 'diameter_3d': 3.4670587106881445, 'ellipse': {'center': [78.14238548402639, 191.57973269362589], 'axes': [26.07996599402729, 40.79939898145551], 'angle': -71.1269681791196}, 'location': [78.14238548402639, 191.57973269362589], 'diameter': 40.79939898145551, 'sphere': {'center': [-4.933524785745028, -1.6530705696306138, 61.79209814046022], 'radius': 12.0}, 'projected_sphere': {'center': [110.49876182859234, 103.41367611694845], 'axes': [240.80748910930532, 240.80748910930532], 'angle': 90.0}, 'model_confidence': 0.9127969537297775, 'model_id': 61, 'model_birth_timestamp': 12311.749401, 'theta': 2.2766303547987325, 'phi': -1.7976064989818668, 'norm_pos': [0.24419495463758248, 0.20175111377655885], 'topic': 'pupil.1', 'id': 1, 'method': '3d c++'}"
1580974699.9549341,"{'circle_3d': {'center': [-6.998949385135829, 6.1591720579973135, 52.92063341634028], 'normal': [-0.1721187166159, 0.651020218968994, -0.7392887270099949], 'radius': 1.7281598851701117}, 'confidence': 0.9999666180004189, 'timestamp': 12646.333971, 'diameter_3d': 3.4563197703402233, 'ellipse': {'center': [78.04720938784124, 191.87529132829832], 'axes': [25.863555044635298, 40.6519075204905], 'angle': -71.1301210833548}, 'location': [78.04720938784124, 191.87529132829832], 'diameter': 40.6519075204905, 'sphere': {'center': [-4.933524785745028, -1.6530705696306138, 61.79209814046022], 'radius': 12.0}, 'projected_sphere': {'center': [110.49876182859234, 103.41367611694845], 'axes': [240.80748910930532, 240.80748910930532], 'angle': 90.0}, 'model_confidence': 0.9129445735606478, 'model_id': 61, 'model_birth_timestamp': 12311.749401, 'theta': 2.27972404521153, 'phi': -1.7995381883037211, 'norm_pos': [0.24389752933700387, 0.20051961946542363], 'topic': 'pupil.1', 'id': 1, 'method': '3d c++'}"
1580974699.962398,"{'circle_3d': {'center': [-7.008513220026263, 6.167650480606746, 52.930340682033965], 'normal': [-0.17291570285676952, 0.6517267541864467, -0.7384797882021878], 'radius': 1.7209854720626232}, 'confidence': 0.9672541702235591, 'timestamp': 12646.342371, 'diameter_3d': 3.4419709441252464, 'ellipse': {'center': [77.94998067979964, 191.96395809596748], 'axes': [25.706610913461496, 40.4756562736106], 'angle': -71.09189411539856}, 'location': [77.94998067979964, 191.96395809596748], 'diameter': 40.4756562736106, 'sphere': {'center': [-4.933524785745028, -1.6530705696306138, 61.79209814046022], 'radius': 12.0}, 'projected_sphere': {'center': [110.49876182859234, 103.41367611694845], 'axes': [240.80748910930532, 240.80748910930532], 'angle': 90.0}, 'model_confidence': 0.9131416618703536, 'model_id': 61, 'model_birth_timestamp': 12311.749401, 'theta': 2.280655219561767, 'phi': -1.8008034673022173, 'norm_pos': [0.24359368962437386, 0.2001501746001355], 'topic': 'pupil.1', 'id': 1, 'method': '3d c++'}"
1580974699.971373,"{'circle_3d': {'center': [-7.000445762269522, 6.151881037875555, 52.91456649696325], 'normal': [-0.17224341471037447, 0.6504126339588474, -0.739794303624747], 'radius': 1.6887149790789424}, 'confidence': 0.999938183300957, 'timestamp': 12646.350771, 'diameter_3d': 3.377429958157885, 'ellipse': {'center': [78.01843876134384, 191.8108573110758], 'axes': [25.300537535588074, 39.72813733523969], 'angle': -71.10003324879753}, 'location': [78.01843876134384, 191.8108573110758], 'diameter': 39.72813733523969, 'sphere': {'center': [-4.933524785745028, -1.6530705696306138, 61.79209814046022], 'radius': 12.0}, 'projected_sphere': {'center': [110.49876182859234, 103.41367611694845], 'axes': [240.80748910930532, 240.80748910930532], 'angle': 90.0}, 'model_confidence': 0.9139937593212188, 'model_id': 61, 'model_birth_timestamp': 12311.749401, 'theta': 2.2789238761221555, 'phi': -1.7995471528981815, 'norm_pos': [0.24380762112919951, 0.20078809453718416], 'topic': 'pupil.1', 'id': 1, 'method': '3d c++'}"
1580974699.978678,"{'circle_3d': {'center': [-6.9968792151397405, 6.144587421067792, 52.90733036866143], 'normal': [-0.17194620244955935, 0.6498048325582005, -0.7403973143165662], 'radius': 1.719307791979217}, 'confidence': 0.999676279845182, 'timestamp': 12646.359171, 'diameter_3d': 3.438615583958434, 'ellipse': {'center': [78.05060375626522, 191.72519926006493], 'axes': [25.794979460961528, 40.45371454007392], 'angle': -71.10258012423274}, 'location': [78.05060375626522, 191.72519926006493], 'diameter': 40.45371454007392, 'sphere': {'center': [-4.933524785745028, -1.6530705696306138, 61.79209814046022], 'radius': 12.0}, 'projected_sphere': {'center': [110.49876182859234, 103.41367611694845], 'axes': [240.80748910930532, 240.80748910930532], 'angle': 90.0}, 'model_confidence': 0.9143378615878328, 'model_id': 61, 'model_birth_timestamp': 12311.749401, 'theta': 2.2781239702208285, 'phi': -1.7989864256774197, 'norm_pos': [0.2439081367383288, 0.20114500308306282], 'topic': 'pupil.1', 'id': 1, 'method': '3d c++'}"
1580974699.986799,"{'circle_3d': {'center': [-7.014058286426398, 6.116633855806821, 52.88687082759052], 'normal': [-0.1733777917234474, 0.647475368786453, -0.7421022760724748], 'radius': 1.6719178984730991}, 'confidence': 0.9994893867742117, 'timestamp': 12646.367571, 'diameter_3d': 3.3438357969461983, 'ellipse': {'center': [77.81605960013316, 191.4404870644026], 'axes': [25.172471884631502, 39.35332499191162], 'angle': -70.91177401409104}, 'location': [77.81605960013316, 191.4404870644026], 'diameter': 39.35332499191162, 'sphere': {'center': [-4.933524785745028, -1.6530705696306138, 61.79209814046022], 'radius': 12.0}, 'projected_sphere': {'center': [110.49876182859234, 103.41367611694845], 'axes': [240.80748910930532, 240.80748910930532], 'angle': 90.0}, 'model_confidence': 0.9145038131856076, 'model_id': 61, 'model_birth_timestamp': 12311.749401, 'theta': 2.2750632934115576, 'phi': -1.8003101487276998, 'norm_pos': [0.24317518625041612, 0.20233130389832255], 'topic': 'pupil.1', 'id': 1, 'method': '3d c++'}"
1580974699.994438,"{'circle_3d': {'center': [-7.011685386349081, 6.15433598938356, 52.919350463423555], 'normal': [-0.17318005005033765, 0.6506172132511812, -0.7393956397530551], 'radius': 1.7128837564114674}, 'confidence': 0.9997483286149662, 'timestamp': 12646.375971, 'diameter_3d': 3.425767512822935, 'ellipse': {'center': [77.895689405851, 191.82547000466644], 'axes': [25.636490097514603, 40.29336043420467], 'angle': -71.03383185302768}, 'location': [77.895689405851, 191.82547000466644], 'diameter': 40.29336043420467, 'sphere': {'center': [-4.933524785745028, -1.6530705696306138, 61.79209814046022], 'radius': 12.0}, 'projected_sphere': {'center': [110.49876182859234, 103.41367611694845], 'axes': [240.80748910930532, 240.80748910930532], 'angle': 90.0}, 'model_confidence': 0.9147271951292835, 'model_id': 61, 'model_birth_timestamp': 12311.749401, 'theta': 2.279193238930169, 'phi': -1.8008674457570957, 'norm_pos': [0.2434240293932844, 0.2007272083138898], 'topic': 'pupil.1', 'id': 1, 'method': '3d c++'}"
1580974700.0026839,"{'circle_3d': {'center': [-7.007809179578555, 6.141620541531337, 52.90727204564713], 'normal': [-0.17285703281946055, 0.6495575925968292, -0.7404021745677573], 'radius': 1.7163720722495948}, 'confidence': 0.9999186263810076, 'timestamp': 12646.384371, 'diameter_3d': 3.4327441444991895, 'ellipse': {'center': [77.92265878098962, 191.69156919887433], 'axes': [25.74746347953694, 40.38464788436881], 'angle': -71.02310792379411}, 'location': [77.92265878098962, 191.69156919887433], 'diameter': 40.38464788436881, 'sphere': {'center': [-4.933524785745028, -1.6530705696306138, 61.79209814046022], 'radius': 12.0}, 'projected_sphere': {'center': [110.49876182859234, 103.41367611694845], 'axes': [240.80748910930532, 240.80748910930532], 'angle': 90.0}, 'model_confidence': 0.9149987974674145, 'model_id': 61, 'model_birth_timestamp': 12311.749401, 'theta': 2.2777987429576863, 'phi': -1.8001518940324623, 'norm_pos': [0.24350830869059256, 0.2012851283380236], 'topic': 'pupil.1', 'id': 1, 'method': '3d c++'}"
1580974700.0105999,"{'circle_3d': {'center': [-7.018950876226885, 6.1228525846244235, 52.89344559525665], 'normal': [-0.17378550754015468, 0.6479935961879197, -0.7415543787669641], 'radius': 1.69672261508999}, 'confidence': 0.9999762828735608, 'timestamp': 12646.392771, 'diameter_3d': 3.39344523017998, 'ellipse': {'center': [77.770242585207, 191.49666196029042], 'axes': [25.513697906755844, 39.932495114263155], 'angle': -70.89749405685099}, 'location': [77.770242585207, 191.49666196029042], 'diameter': 39.932495114263155, 'sphere': {'center': [-4.933524785745028, -1.6530705696306138, 61.79209814046022], 'radius': 12.0}, 'projected_sphere': {'center': [110.49876182859234, 103.41367611694845], 'axes': [240.80748910930532, 240.80748910930532], 'angle': 90.0}, 'model_confidence': 0.9152023451630242, 'model_id': 61, 'model_birth_timestamp': 12311.749401, 'theta': 2.2757435013835225, 'phi': -1.8009950777065926, 'norm_pos': [0.24303200807877187, 0.2020972418321232], 'topic': 'pupil.1', 'id': 1, 'method': '3d c++'}"
1580974700.01875,"{'circle_3d': {'center': [-7.031680613855616, 6.102902278530275, 52.87903877234443], 'normal': [-0.17484631900921563, 0.646331070680074, -0.7427549473429825], 'radius': 1.707709716271047}, 'confidence': 0.99991184292993, 'timestamp': 12646.401171, 'diameter_3d': 3.415419432542094, 'ellipse': {'center': [77.59988797839453, 191.27865756473057], 'axes': [25.742999329534022, 40.202109434289476], 'angle': -70.75765095294017}, 'location': [77.59988797839453, 191.27865756473057], 'diameter': 40.202109434289476, 'sphere': {'center': [-4.933524785745028, -1.6530705696306138, 61.79209814046022], 'radius': 12.0}, 'projected_sphere': {'center': [110.49876182859234, 103.41367611694845], 'axes': [240.80748910930532, 240.80748910930532], 'angle': 90.0}, 'model_confidence': 0.9156664501154044, 'model_id': 61, 'model_birth_timestamp': 12311.749401, 'theta': 2.2735627160508196, 'phi': -1.8019896212807134, 'norm_pos': [0.2424996499324829, 0.20300559348028935], 'topic': 'pupil.1', 'id': 1, 'method': '3d c++'}"
1580974700.0305889,"{'circle_3d': {'center': [-7.030231765072809, 6.129461241982309, 52.901877758260966], 'normal': [-0.17472558161064836, 0.6485443176344102, -0.7408516985166046], 'radius': 1.7308834117313714}, 'confidence': 0.9998280762610079, 'timestamp': 12646.409571, 'diameter_3d': 3.461766823462743, 'ellipse': {'center': [77.65315984580417, 191.5517811563632], 'axes': [25.983550209073858, 40.730384065178775], 'angle': -70.84279144276114}, 'location': [77.65315984580417, 191.5517811563632], 'diameter': 40.730384065178775, 'sphere': {'center': [-4.933524785745028, -1.6530705696306138, 61.79209814046022], 'radius': 12.0}, 'projected_sphere': {'center': [110.49876182859234, 103.41367611694845], 'axes': [240.80748910930532, 240.80748910930532], 'angle': 90.0}, 'model_confidence': 0.9159384360759693, 'model_id': 61, 'model_birth_timestamp': 12311.749401, 'theta': 2.2764667916650456, 'phi': -1.80240816257706, 'norm_pos': [0.24266612451813802, 0.20186757851515336], 'topic': 'pupil.1', 'id': 1, 'method': '3d c++'}"
1580974700.0389109,"{'circle_3d': {'center': [-7.041296206196485, 6.116982657459442, 52.893582956042344], 'normal': [-0.1756476183709547, 0.6475044355908379, -0.7415429320348228], 'radius': 1.6753963033786505}, 'confidence': 0.9994642678081043, 'timestamp': 12646.417971, 'diameter_3d': 3.350792606757301, 'ellipse': {'center': [77.50816740902296, 191.43470612206997], 'axes': [25.18467707389879, 39.4302361119089], 'angle': -70.73547971114536}, 'location': [77.50816740902296, 191.43470612206997], 'diameter': 39.4302361119089, 'sphere': {'center': [-4.933524785745028, -1.6530705696306138, 61.79209814046022], 'radius': 12.0}, 'projected_sphere': {'center': [110.49876182859234, 103.41367611694845], 'axes': [240.80748910930532, 240.80748910930532], 'angle': 90.0}, 'model_confidence': 0.9162577726695265, 'model_id': 61, 'model_birth_timestamp': 12311.749401, 'theta': 2.2751014351186125, 'phi': -1.8033775670844943, 'norm_pos': [0.24221302315319676, 0.2023553911580418], 'topic': 'pupil.1', 'id': 1, 'method': '3d c++'}"
1580974700.046753,"{'circle_3d': {'center': [-7.013271427227089, 6.126940886013717, 52.89569012051829], 'normal': [-0.173312220123505, 0.648334287970361, -0.7413673349951607], 'radius': 1.6951710175867132}, 'confidence': 0.9997782591671365, 'timestamp': 12646.426371, 'diameter_3d': 3.3903420351734264, 'ellipse': {'center': [77.8399838616956, 191.5420170118959], 'axes': [25.481701626466666, 39.89427546126398], 'angle': -70.94608289401214}, 'location': [77.8399838616956, 191.5420170118959], 'diameter': 39.89427546126398, 'sphere': {'center': [-4.933524785745028, -1.6530705696306138, 61.79209814046022], 'radius': 12.0}, 'projected_sphere': {'center': [110.49876182859234, 103.41367611694845], 'axes': [240.80748910930532, 240.80748910930532], 'angle': 90.0}, 'model_confidence': 0.9167000975374484, 'model_id': 61, 'model_birth_timestamp': 12311.749401, 'theta': 2.276190896554933, 'phi': -1.80044589340983, 'norm_pos': [0.24324994956779875, 0.2019082624504338], 'topic': 'pupil.1', 'id': 1, 'method': '3d c++'}"
1580974700.0545259,"{'circle_3d': {'center': [-7.007386250309612, 6.1308031053228245, 52.897694886831516], 'normal': [-0.17282178871371526, 0.6486561395794532, -0.7412002711357253], 'radius': 1.701579862697509}, 'confidence': 0.9993696478847187, 'timestamp': 12646.434771, 'diameter_3d': 3.403159725395018, 'ellipse': {'center': [77.91216729971194, 191.58246993188303], 'axes': [25.570652792083198, 40.04366174541752], 'angle': -70.99532145605816}, 'location': [77.91216729971194, 191.58246993188303], 'diameter': 40.04366174541752, 'sphere': {'center': [-4.933524785745028, -1.6530705696306138, 61.79209814046022], 'radius': 12.0}, 'projected_sphere': {'center': [110.49876182859234, 103.41367611694845], 'axes': [240.80748910930532, 240.80748910930532], 'angle': 90.0}, 'model_confidence': 0.9169827005998887, 'model_id': 61, 'model_birth_timestamp': 12311.749401, 'theta': 2.276613707506957, 'phi': -1.7998683916606328, 'norm_pos': [0.24347552281159981, 0.20173970861715407], 'topic': 'pupil.1', 'id': 1, 'method': '3d c++'}"
1580974700.062839,"{'circle_3d': {'center': [-7.032430720741482, 6.096043901787995, 52.873251870628714], 'normal': [-0.1749088279163711, 0.645759539284884, -0.7432371891526255], 'radius': 1.6734342449004358}, 'confidence': 0.999426963330997, 'timestamp': 12646.443171, 'diameter_3d': 3.3468684898008716, 'ellipse': {'center': [77.58040366971092, 191.21701155812465], 'axes': [25.252472797593867, 39.39913939833191], 'angle': -70.73325026190584}, 'location': [77.58040366971092, 191.21701155812465], 'diameter': 39.39913939833191, 'sphere': {'center': [-4.933524785745028, -1.6530705696306138, 61.79209814046022], 'radius': 12.0}, 'projected_sphere': {'center': [110.49876182859234, 103.41367611694845], 'axes': [240.80748910930532, 240.80748910930532], 'angle': 90.0}, 'model_confidence': 0.9175114985172539, 'model_id': 61, 'model_birth_timestamp': 12311.749401, 'theta': 2.272813951296855, 'phi': -1.8019245890764264, 'norm_pos': [0.24243876146784663, 0.20326245184114733], 'topic': 'pupil.1', 'id': 1, 'method': '3d c++'}"
1580974700.0708249,"{'circle_3d': {'center': [-7.031638446482997, 6.129636335002857, 52.9023629192517], 'normal': [-0.1748428050614974, 0.648558908719456, -0.7408112684340429], 'radius': 1.7098904018799266}, 'confidence': 0.9900176139942478, 'timestamp': 12646.451571, 'diameter_3d': 3.419780803759853, 'ellipse': {'center': [77.63635476311609, 191.56005337187804], 'axes': [25.665337442001317, 40.235780154901775], 'angle': -70.83422824116455}, 'location': [77.63635476311609, 191.56005337187804], 'diameter': 40.235780154901775, 'sphere': {'center': [-4.933524785745028, -1.6530705696306138, 61.79209814046022], 'radius': 12.0}, 'projected_sphere': {'center': [110.49876182859234, 103.41367611694845], 'axes': [240.80748910930532, 240.80748910930532], 'angle': 90.0}, 'model_confidence': 0.9176688546367218, 'model_id': 61, 'model_birth_timestamp': 12311.749401, 'theta': 2.276485960933408, 'phi': -1.802570248310609, 'norm_pos': [0.24261360863473777, 0.20183311095050815], 'topic': 'pupil.1', 'id': 1, 'method': '3d c++'}"
1580974700.0782871,"{'circle_3d': {'center': [-7.051196157036889, 6.106040966343933, 52.886388952780806], 'normal': [-0.1764726142743218, 0.646592627997879, -0.7421424323066179], 'radius': 1.6772345309705423}, 'confidence': 0.9999008316682275, 'timestamp': 12646.45997, 'diameter_3d': 3.3544690619410846, 'ellipse': {'center': [77.38145280146671, 191.31559194449844], 'axes': [25.24250169903797, 39.47886590800892], 'angle': -70.63975179097764}, 'location': [77.38145280146671, 191.31559194449844], 'diameter': 39.47886590800892, 'sphere': {'center': [-4.933524785745028, -1.6530705696306138, 61.79209814046022], 'radius': 12.0}, 'projected_sphere': {'center': [110.49876182859234, 103.41367611694845], 'axes': [240.80748910930532, 240.80748910930532], 'angle': 90.0}, 'model_confidence': 0.9178109481752905, 'model_id': 61, 'model_birth_timestamp': 12311.749401, 'theta': 2.2739055413809925, 'phi': -1.8042487954100919, 'norm_pos': [0.24181704000458346, 0.20285170023125654], 'topic': 'pupil.1', 'id': 1, 'method': '3d c++'}"
1580974700.0871181,"{'circle_3d': {'center': [-7.02892853307897, 6.128525201912888, 52.90075120178129], 'normal': [-0.17461697894449513, 0.6484663142952919, -0.740945578223244], 'radius': 1.6899284061855913}, 'confidence': 0.9999930504134138, 'timestamp': 12646.46837, 'diameter_3d': 3.3798568123711825, 'ellipse': {'center': [77.66449951069049, 191.55561539046448], 'axes': [25.373885876432876, 39.76703890020211], 'angle': -70.84875116633236}, 'location': [77.66449951069049, 191.55561539046448], 'diameter': 39.76703890020211, 'sphere': {'center': [-4.933524785745028, -1.6530705696306138, 61.79209814046022], 'radius': 12.0}, 'projected_sphere': {'center': [110.49876182859234, 103.41367611694845], 'axes': [240.80748910930532, 240.80748910930532], 'angle': 90.0}, 'model_confidence': 0.9180041077371803, 'model_id': 61, 'model_birth_timestamp': 12311.749401, 'theta': 2.276364318856798, 'phi': -1.8022409985667247, 'norm_pos': [0.24270156097090778, 0.20185160253973133], 'topic': 'pupil.1', 'id': 1, 'method': '3d c++'}"
1580974700.0945542,"{'circle_3d': {'center': [-7.030305300683384, 6.110167390631792, 52.885042069876874], 'normal': [-0.1747317095781963, 0.6469364966885339, -0.7422546725486121], 'radius': 1.7137876047019467}, 'confidence': 0.999961365772707, 'timestamp': 12646.47677, 'diameter_3d': 3.4275752094038934, 'ellipse': {'center': [77.62551956444966, 191.3538041072478], 'axes': [25.80663064412427, 40.34069604581197], 'angle': -70.7873581711552}, 'location': [77.62551956444966, 191.3538041072478], 'diameter': 40.34069604581197, 'sphere': {'center': [-4.933524785745028, -1.6530705696306138, 61.79209814046022], 'radius': 12.0}, 'projected_sphere': {'center': [110.49876182859234, 103.41367611694845], 'axes': [240.80748910930532, 240.80748910930532], 'angle': 90.0}, 'model_confidence': 0.9181968335360446, 'model_id': 61, 'model_birth_timestamp': 12311.749401, 'theta': 2.274356404547529, 'phi': -1.8019936505423033, 'norm_pos': [0.2425797486389052, 0.20269248288646746], 'topic': 'pupil.1', 'id': 1, 'method': '3d c++'}"
1580974700.103359,"{'circle_3d': {'center': [-7.033587774241404, 6.122749638676964, 52.89679850905807], 'normal': [-0.17500524904136466, 0.6479850173589649, -0.7412749692835121], 'radius': 1.6865089168182164}, 'confidence': 0.9994885489320167, 'timestamp': 12646.48517, 'diameter_3d': 3.3730178336364327, 'ellipse': {'center': [77.60379257078043, 191.4943698142685], 'axes': [25.33941536541096, 39.689489146753616], 'angle': -70.80202045165075}, 'location': [77.60379257078043, 191.4943698142685], 'diameter': 39.689489146753616, 'sphere': {'center': [-4.933524785745028, -1.6530705696306138, 61.79209814046022], 'radius': 12.0}, 'projected_sphere': {'center': [110.49876182859234, 103.41367611694845], 'axes': [240.80748910930532, 240.80748910930532], 'angle': 90.0}, 'model_confidence': 0.9184977152282947, 'model_id': 61, 'model_birth_timestamp': 12311.749401, 'theta': 2.2757322378959035, 'phi': -1.8026379775560668, 'norm_pos': [0.24251185178368884, 0.20210679244054786], 'topic': 'pupil.1', 'id': 1, 'method': '3d c++'}"
1580974700.1150012,"{'circle_3d': {'center': [-7.028108025234911, 6.084910400295454, 52.86257566935853], 'normal': [-0.1745486032908235, 0.6448317474938391, -0.7441268725918078], 'radius': 1.695351346567796}, 'confidence': 0.9999521773390686, 'timestamp': 12646.49357, 'diameter_3d': 3.390702693135592, 'ellipse': {'center': [77.61567728625283, 191.0936616142956], 'axes': [25.635219292009694, 39.92342968559383], 'angle': -70.72944596376318}, 'location': [77.61567728625283, 191.0936616142956], 'diameter': 39.92342968559383, 'sphere': {'center': [-4.933524785745028, -1.6530705696306138, 61.79209814046022], 'radius': 12.0}, 'projected_sphere': {'center': [110.49876182859234, 103.41367611694845], 'axes': [240.80748910930532, 240.80748910930532], 'angle': 90.0}, 'model_confidence': 0.9189368676731591, 'model_id': 61, 'model_birth_timestamp': 12311.749401, 'theta': 2.2715994572949922, 'phi': -1.801199176236726, 'norm_pos': [0.2425489915195401, 0.203776409940435], 'topic': 'pupil.1', 'id': 1, 'method': '3d c++'}"
1580974700.1223629,"{'circle_3d': {'center': [-7.043903701416757, 6.127382943199194, 52.90329372327437], 'normal': [-0.1758649096393107, 0.6483711260691507, -0.7407337014321534], 'radius': 1.6886529821408092}, 'confidence': 0.9998235052523082, 'timestamp': 12646.50197, 'diameter_3d': 3.3773059642816183, 'ellipse': {'center': [77.49334216836883, 191.5393584862727], 'axes': [25.337819469262172, 39.735101537171204], 'angle': -70.74821980851009}, 'location': [77.49334216836883, 191.5393584862727], 'diameter': 39.735101537171204, 'sphere': {'center': [-4.933524785745028, -1.6530705696306138, 61.79209814046022], 'radius': 12.0}, 'projected_sphere': {'center': [110.49876182859234, 103.41367611694845], 'axes': [240.80748910930532, 240.80748910930532], 'angle': 90.0}, 'model_confidence': 0.9191307445171382, 'model_id': 61, 'model_birth_timestamp': 12311.749401, 'theta': 2.27623928241847, 'phi': -1.8039002880448518, 'norm_pos': [0.2421666942761526, 0.20191933964053044], 'topic': 'pupil.1', 'id': 1, 'method': '3d c++'}"
1580974700.1304882,"{'circle_3d': {'center': [-7.020651813679881, 6.116684475443414, 52.88845802482153], 'normal': [-0.17392725232790435, 0.6474795870895024, -0.7419700096365573], 'radius': 1.6841452667126413}, 'confidence': 0.9835311946623979, 'timestamp': 12646.51037, 'diameter_3d': 3.3682905334252826, 'ellipse': {'center': [77.74205056697005, 191.43510861894356], 'axes': [25.347123368626406, 39.64007459292366], 'angle': -70.86891831564535}, 'location': [77.74205056697005, 191.43510861894356], 'diameter': 39.64007459292366, 'sphere': {'center': [-4.933524785745028, -1.6530705696306138, 61.79209814046022], 'radius': 12.0}, 'projected_sphere': {'center': [110.49876182859234, 103.41367611694845], 'axes': [240.80748910930532, 240.80748910930532], 'angle': 90.0}, 'model_confidence': 0.9190532583446598, 'model_id': 61, 'model_birth_timestamp': 12311.749401, 'theta': 2.275068828627896, 'phi': -1.8010517261251648, 'norm_pos': [0.2429439080217814, 0.20235371408773517], 'topic': 'pupil.1', 'id': 1, 'method': '3d c++'}"
1580974700.138753,"{'circle_3d': {'center': [-7.032036182972558, 6.093486895485347, 52.870938050238635], 'normal': [-0.17487594976896076, 0.64554645542633, -0.7434300075184653], 'radius': 1.6705098104827552}, 'confidence': 0.999955835809542, 'timestamp': 12646.51877, 'diameter_3d': 3.3410196209655103, 'ellipse': {'center': [77.58130204969842, 191.19104995885505], 'axes': [25.21916398220607, 39.33197172731616], 'angle': -70.72850428784865}, 'location': [77.58130204969842, 191.19104995885505], 'diameter': 39.33197172731616, 'sphere': {'center': [-4.933524785745028, -1.6530705696306138, 61.79209814046022], 'radius': 12.0}, 'projected_sphere': {'center': [110.49876182859234, 103.41367611694845], 'axes': [240.80748910930532, 240.80748910930532], 'angle': 90.0}, 'model_confidence': 0.9193015153326045, 'model_id': 61, 'model_birth_timestamp': 12311.749401, 'theta': 2.2725349109246347, 'phi': -1.8018248485743855, 'norm_pos': [0.24244156890530758, 0.20337062517143734], 'topic': 'pupil.1', 'id': 1, 'method': '3d c++'}"
1580974700.1467211,"{'circle_3d': {'center': [-7.036166418150869, 6.102770893081049, 52.879981592133646], 'normal': [-0.17522013603382008, 0.6463201218926385, -0.7426763790272143], 'radius': 1.703380488572655}, 'confidence': 0.913566876315893, 'timestamp': 12646.52717, 'diameter_3d': 3.40676097714531, 'ellipse': {'center': [77.54866759052257, 191.27730019772827], 'axes': [25.67170827939242, 40.099429852972214], 'angle': -70.72807157355379}, 'location': [77.54866759052257, 191.27730019772827], 'diameter': 40.099429852972214, 'sphere': {'center': [-4.933524785745028, -1.6530705696306138, 61.79209814046022], 'radius': 12.0}, 'projected_sphere': {'center': [110.49876182859234, 103.41367611694845], 'axes': [240.80748910930532, 240.80748910930532], 'angle': 90.0}, 'model_confidence': 0.9193404218697743, 'model_id': 61, 'model_birth_timestamp': 12311.749401, 'theta': 2.2735483675560397, 'phi': -1.8024900682016682, 'norm_pos': [0.24233958622038304, 0.20301124917613222], 'topic': 'pupil.1', 'id': 1, 'method': '3d c++'}"
1580974700.1545868,"{'circle_3d': {'center': [-7.044229246028076, 6.086899650875331, 52.8680974867723], 'normal': [-0.17589203835692066, 0.6449975183754955, -0.7436667211406598], 'radius': 1.7021596319700767}, 'confidence': 0.9999010041457053, 'timestamp': 12646.53557, 'diameter_3d': 3.4043192639401534, 'ellipse': {'center': [77.43602980325096, 191.10756219607322], 'axes': [25.706719594226293, 40.07964995473283], 'angle': -70.62997115053433}, 'location': [77.43602980325096, 191.10756219607322], 'diameter': 40.07964995473283, 'sphere': {'center': [-4.933524785745028, -1.6530705696306138, 61.79209814046022], 'radius': 12.0}, 'projected_sphere': {'center': [110.49876182859234, 103.41367611694845], 'axes': [240.80748910930532, 240.80748910930532], 'angle': 90.0}, 'model_confidence': 0.9196089771762117, 'model_id': 61, 'model_birth_timestamp': 12311.749401, 'theta': 2.2718163626030763, 'phi': -1.803048231354857, 'norm_pos': [0.24198759313515925, 0.20371849084969496], 'topic': 'pupil.1', 'id': 1, 'method': '3d c++'}"
1580974700.16303,"{'circle_3d': {'center': [-7.052596621266055, 6.102844825792262, 52.883938345365394], 'normal': [-0.17658931962675217, 0.6463262829519064, -0.7423466495912358], 'radius': 1.6923130899859231}, 'confidence': 0.9999713633996351, 'timestamp': 12646.54397, 'diameter_3d': 3.3846261799718462, 'ellipse': {'center': [77.362103169334, 191.27659208724833], 'axes': [25.480674541056818, 39.83578987270557], 'angle': -70.62140474875187}, 'location': [77.362103169334, 191.27659208724833], 'diameter': 39.83578987270557, 'sphere': {'center': [-4.933524785745028, -1.6530705696306138, 61.79209814046022], 'radius': 12.0}, 'projected_sphere': {'center': [110.49876182859234, 103.41367611694845], 'axes': [240.80748910930532, 240.80748910930532], 'angle': 90.0}, 'model_confidence': 0.9200060659240505, 'model_id': 61, 'model_birth_timestamp': 12311.749401, 'theta': 2.2735564416640046, 'phi': -1.8043356775500625, 'norm_pos': [0.24175657240416876, 0.20301419963646528], 'topic': 'pupil.1', 'id': 1, 'method': '3d c++'}"
1580974700.170639,"{'circle_3d': {'center': [-7.065155167360604, 6.101891917301412, 52.886105284947114], 'normal': [-0.17763586513463134, 0.6462468739110022, -0.7421660712927587], 'radius': 1.6859412982448458}, 'confidence': 0.9703981835362563, 'timestamp': 12646.55237, 'diameter_3d': 3.3718825964896917, 'ellipse': {'center': [77.21830075481891, 191.2646793126043], 'axes': [25.370321141435564, 39.684105018125365], 'angle': -70.53706436011745}, 'location': [77.21830075481891, 191.2646793126043], 'diameter': 39.684105018125365, 'sphere': {'center': [-4.933524785745028, -1.6530705696306138, 61.79209814046022], 'radius': 12.0}, 'projected_sphere': {'center': [110.49876182859234, 103.41367611694845], 'axes': [240.80748910930532, 240.80748910930532], 'angle': 90.0}, 'model_confidence': 0.9201362593992402, 'model_id': 61, 'model_birth_timestamp': 12311.749401, 'theta': 2.2734523798330804, 'phi': -1.8057245991454873, 'norm_pos': [0.2413071898588091, 0.20306383619748203], 'topic': 'pupil.1', 'id': 1, 'method': '3d c++'}"
1580974700.178745,"{'circle_3d': {'center': [-7.055929546386181, 6.094445101241567, 52.87742490126644], 'normal': [-0.1768670633867627, 0.6456263059060151, -0.7428894365994818], 'radius': 1.6827758165351536}, 'confidence': 0.9999355350611195, 'timestamp': 12646.56077, 'diameter_3d': 3.3655516330703072, 'ellipse': {'center': [77.31257622628827, 191.18991474852925], 'axes': [25.36624120782612, 39.61604765900558], 'angle': -70.57558306489949}, 'location': [77.31257622628827, 191.18991474852925], 'diameter': 39.61604765900558, 'sphere': {'center': [-4.933524785745028, -1.6530705696306138, 61.79209814046022], 'radius': 12.0}, 'projected_sphere': {'center': [110.49876182859234, 103.41367611694845], 'axes': [240.80748910930532, 240.80748910930532], 'angle': 90.0}, 'model_confidence': 0.9204546684034254, 'model_id': 61, 'model_birth_timestamp': 12311.749401, 'theta': 2.2726394700608044, 'phi': -1.8045250186325585, 'norm_pos': [0.24160180070715084, 0.20337535521446148], 'topic': 'pupil.1', 'id': 1, 'method': '3d c++'}"
1580974700.18657,"{'circle_3d': {'center': [-7.052979088708097, 6.084840926104787, 52.868385956519205], 'normal': [-0.17662119191358913, 0.6448259579779502, -0.7436426819950842], 'radius': 1.6977655584385258}, 'confidence': 0.9999861042652998, 'timestamp': 12646.56917, 'diameter_3d': 3.3955311168770517, 'ellipse': {'center': [77.33392623575867, 191.08453572090977], 'axes': [25.635992850125202, 39.97591471425903], 'angle': -70.56704103024096}, 'location': [77.33392623575867, 191.08453572090977], 'diameter': 39.97591471425903, 'sphere': {'center': [-4.933524785745028, -1.6530705696306138, 61.79209814046022], 'radius': 12.0}, 'projected_sphere': {'center': [110.49876182859234, 103.41367611694845], 'axes': [240.80748910930532, 240.80748910930532], 'angle': 90.0}, 'model_confidence': 0.9208248266568075, 'model_id': 61, 'model_birth_timestamp': 12311.749401, 'theta': 2.2715918826365677, 'phi': -1.803983834945753, 'norm_pos': [0.24166851948674584, 0.20381443449620928], 'topic': 'pupil.1', 'id': 1, 'method': '3d c++'}"
1580974700.1994119,"{'circle_3d': {'center': [-7.044260213330665, 6.089186970079382, 52.870089165821234], 'normal': [-0.17589461896546965, 0.6451881283091664, -0.743500747886582], 'radius': 1.6757075989992598}, 'confidence': 0.999966665270479, 'timestamp': 12646.57757, 'diameter_3d': 3.3514151979985196, 'ellipse': {'center': [77.43732557474785, 191.1402179625101], 'axes': [25.29759377974793, 39.45503388427448], 'angle': -70.63645054187089}, 'location': [77.43732557474785, 191.1402179625101], 'diameter': 39.45503388427448, 'sphere': {'center': [-4.933524785745028, -1.6530705696306138, 61.79209814046022], 'radius': 12.0}, 'projected_sphere': {'center': [110.49876182859234, 103.41367611694845], 'axes': [240.80748910930532, 240.80748910930532], 'angle': 90.0}, 'model_confidence': 0.921059939673996, 'model_id': 61, 'model_birth_timestamp': 12311.749401, 'theta': 2.2720658180200526, 'phi': -1.8031015193708475, 'norm_pos': [0.241991642421087, 0.20358242515620795], 'topic': 'pupil.1', 'id': 1, 'method': '3d c++'}"
1580974700.2067032,"{'circle_3d': {'center': [-7.048097376867193, 6.120681655150575, 52.89842853199238], 'normal': [-0.1762143825935137, 0.6478126853984324, -0.7411391340389862], 'radius': 1.7059860751941096}, 'confidence': 0.9997447157995806, 'timestamp': 12646.58597, 'diameter_3d': 3.411972150388219, 'ellipse': {'center': [77.43775946030658, 191.46180426347502], 'axes': [25.619720599333878, 40.146831443316586], 'angle': -70.70176344541504}, 'location': [77.43775946030658, 191.46180426347502], 'diameter': 40.146831443316586, 'sphere': {'center': [-4.933524785745028, -1.6530705696306138, 61.79209814046022], 'radius': 12.0}, 'projected_sphere': {'center': [110.49876182859234, 103.41367611694845], 'axes': [240.80748910930532, 240.80748910930532], 'angle': 90.0}, 'model_confidence': 0.9211923547238876, 'model_id': 61, 'model_birth_timestamp': 12311.749401, 'theta': 2.2755059992278412, 'phi': -1.8042236890235213, 'norm_pos': [0.24199299831345805, 0.20224248223552077], 'topic': 'pupil.1', 'id': 1, 'method': '3d c++'}"
1580974700.214701,"{'circle_3d': {'center': [-7.051566977871033, 6.111852271894666, 52.89154363315377], 'normal': [-0.17650351601050038, 0.64707690346044, -0.7417128756088703], 'radius': 1.7191587377250546}, 'confidence': 0.9995480275863134, 'timestamp': 12646.59437, 'diameter_3d': 3.438317475450109, 'ellipse': {'center': [77.38730991785079, 191.36329313472507], 'axes': [25.849354181268108, 40.46221864570048], 'angle': -70.65386992550732}, 'location': [77.38730991785079, 191.36329313472507], 'diameter': 40.46221864570048, 'sphere': {'center': [-4.933524785745028, -1.6530705696306138, 61.79209814046022], 'radius': 12.0}, 'projected_sphere': {'center': [110.49876182859234, 103.41367611694845], 'axes': [240.80748910930532, 240.80748910930532], 'angle': 90.0}, 'model_confidence': 0.9212478990229811, 'model_id': 61, 'model_birth_timestamp': 12311.749401, 'theta': 2.2745405483650982, 'phi': -1.8044185644873636, 'norm_pos': [0.2418353434932837, 0.20265294527197886], 'topic': 'pupil.1', 'id': 1, 'method': '3d c++'}"
1580974700.22275,"{'circle_3d': {'center': [-7.063742040739673, 6.110107808772577, 52.89292762228178], 'normal': [-0.17751810458288708, 0.6469315315335993, -0.7415975431815365], 'radius': 1.7096244788034263}, 'confidence': 0.999709598616696, 'timestamp': 12646.60277, 'diameter_3d': 3.4192489576068525, 'ellipse': {'center': [77.24663585353122, 191.34420885600196], 'axes': [25.695179931718943, 40.23665631013534], 'angle': -70.56982301478394}, 'location': [77.24663585353122, 191.34420885600196], 'diameter': 40.23665631013534, 'sphere': {'center': [-4.933524785745028, -1.6530705696306138, 61.79209814046022], 'radius': 12.0}, 'projected_sphere': {'center': [110.49876182859234, 103.41367611694845], 'axes': [240.80748910930532, 240.80748910930532], 'angle': 90.0}, 'model_confidence': 0.9214465289034246, 'model_id': 61, 'model_birth_timestamp': 12311.749401, 'theta': 2.274349893261622, 'phi': -1.8057479581078726, 'norm_pos': [0.24139573704228506, 0.20273246309999182], 'topic': 'pupil.1', 'id': 1, 'method': '3d c++'}"
1580974700.230644,"{'circle_3d': {'center': [-7.064727725403463, 6.106552517639649, 52.890063340848755], 'normal': [-0.17760024497153618, 0.6466352572725219, -0.7418362333009555], 'radius': 1.7054525765232456}, 'confidence': 0.9998833392707914, 'timestamp': 12646.61117, 'diameter_3d': 3.410905153046491, 'ellipse': {'center': [77.23046567783857, 191.3077311334168], 'axes': [25.64562809601915, 40.14058839059667], 'angle': -70.55320119953593}, 'location': [77.23046567783857, 191.3077311334168], 'diameter': 40.14058839059667, 'sphere': {'center': [-4.933524785745028, -1.6530705696306138, 61.79209814046022], 'radius': 12.0}, 'projected_sphere': {'center': [110.49876182859234, 103.41367611694845], 'axes': [240.80748910930532, 240.80748910930532], 'angle': 90.0}, 'model_confidence': 0.9215345071025727, 'model_id': 61, 'model_birth_timestamp': 12311.749401, 'theta': 2.273961425362928, 'phi': -1.8057798374466587, 'norm_pos': [0.24134520524324551, 0.20288445361076335], 'topic': 'pupil.1', 'id': 1, 'method': '3d c++'}"
1580974700.238297,"{'circle_3d': {'center': [-7.112266797042851, 6.11635907334175, 52.91014755114099], 'normal': [-0.18156183427481862, 0.6474524702476969, -0.7401625491099361], 'radius': 1.6790237914132726}, 'confidence': 0.9992457629385344, 'timestamp': 12646.61957, 'diameter_3d': 3.3580475828265453, 'ellipse': {'center': [76.70458306571433, 191.40467960494857], 'axes': [25.13859866251535, 39.5032717023105], 'angle': -70.27383095195766}, 'location': [76.70458306571433, 191.40467960494857], 'diameter': 39.5032717023105, 'sphere': {'center': [-4.933524785745028, -1.6530705696306138, 61.79209814046022], 'radius': 12.0}, 'projected_sphere': {'center': [110.49876182859234, 103.41367611694845], 'axes': [240.80748910930532, 240.80748910930532], 'angle': 90.0}, 'model_confidence': 0.9218110075294939, 'model_id': 61, 'model_birth_timestamp': 12311.749401, 'theta': 2.2750332466253123, 'phi': -1.811346542410867, 'norm_pos': [0.23970182208035729, 0.20248050164604758], 'topic': 'pupil.1', 'id': 1, 'method': '3d c++'}"
1580974700.246805,"{'circle_3d': {'center': [-7.127951143528581, 6.1369334446178065, 52.9320569205641], 'normal': [-0.18286886314862943, 0.6491670011873684, -0.7383367683246767], 'radius': 1.7100161984883162}, 'confidence': 0.9996828988424624, 'timestamp': 12646.627969, 'diameter_3d': 3.4200323969766324, 'ellipse': {'center': [76.55714533882073, 191.60653951330426], 'axes': [25.494092196156373, 40.216183188193945], 'angle': -70.23237727174019}, 'location': [76.55714533882073, 191.60653951330426], 'diameter': 40.216183188193945, 'sphere': {'center': [-4.933524785745028, -1.6530705696306138, 61.79209814046022], 'radius': 12.0}, 'projected_sphere': {'center': [110.49876182859234, 103.41367611694845], 'axes': [240.80748910930532, 240.80748910930532], 'angle': 90.0}, 'model_confidence': 0.9221147269028673, 'model_id': 61, 'model_birth_timestamp': 12311.749401, 'theta': 2.277285130717854, 'phi': -1.813587224499232, 'norm_pos': [0.2392410791838148, 0.2016394186945656], 'topic': 'pupil.1', 'id': 1, 'method': '3d c++'}"
1580974700.254892,"{'circle_3d': {'center': [-7.089041795739017, 6.130877688054566, 52.917195552752204], 'normal': [-0.17962641749949904, 0.6486623548070983, -0.7395752156423345], 'radius': 1.6999713586392171}, 'confidence': 0.9816343147716212, 'timestamp': 12646.636369, 'diameter_3d': 3.3999427172784342, 'ellipse': {'center': [76.98801257356372, 191.5584235070853], 'axes': [25.42717870948274, 39.991055169104044], 'angle': -70.46582828533619}, 'location': [76.98801257356372, 191.5584235070853], 'diameter': 39.991055169104044, 'sphere': {'center': [-4.933524785745028, -1.6530705696306138, 61.79209814046022], 'radius': 12.0}, 'projected_sphere': {'center': [110.49876182859234, 103.41367611694845], 'axes': [240.80748910930532, 240.80748910930532], 'angle': 90.0}, 'model_confidence': 0.9222588574024027, 'model_id': 61, 'model_birth_timestamp': 12311.749401, 'theta': 2.276621873844465, 'phi': -1.809060612201146, 'norm_pos': [0.24058753929238663, 0.2018399020538112], 'topic': 'pupil.1', 'id': 1, 'method': '3d c++'}"
1580974700.262897,"{'circle_3d': {'center': [-7.097220899880508, 6.125721011907782, 52.914664915892295], 'normal': [-0.18030800951128992, 0.6482326317948663, -0.7397861020473269], 'radius': 1.6985720261211201}, 'confidence': 0.9814216730069338, 'timestamp': 12646.644769, 'diameter_3d': 3.3971440522422403, 'ellipse': {'center': [76.88846091681836, 191.5019285076607], 'axes': [25.41537308004341, 39.96002002021524], 'angle': -70.39808960858394}, 'location': [76.88846091681836, 191.5019285076607], 'diameter': 39.96002002021524, 'sphere': {'center': [-4.933524785745028, -1.6530705696306138, 61.79209814046022], 'radius': 12.0}, 'projected_sphere': {'center': [110.49876182859234, 103.41367611694845], 'axes': [240.80748910930532, 240.80748910930532], 'angle': 90.0}, 'model_confidence': 0.9224679064847252, 'model_id': 61, 'model_birth_timestamp': 12311.749401, 'theta': 2.2760573842107483, 'phi': -1.8098650905122307, 'norm_pos': [0.24027644036505738, 0.2020752978847471], 'topic': 'pupil.1', 'id': 1, 'method': '3d c++'}"
1580974700.270577,"{'circle_3d': {'center': [-7.103871421794775, 6.117076610368805, 52.908719938417114], 'normal': [-0.1808622196708122, 0.6475122649999516, -0.7402815168369256], 'radius': 1.686664158832952}, 'confidence': 0.999859546889778, 'timestamp': 12646.653169, 'diameter_3d': 3.373328317665904, 'ellipse': {'center': [76.80088209857666, 191.41248901465957], 'axes': [25.262569670389404, 39.68418769816313], 'angle': -70.33012443253811}, 'location': [76.80088209857666, 191.41248901465957], 'diameter': 39.68418769816313, 'sphere': {'center': [-4.933524785745028, -1.6530705696306138, 61.79209814046022], 'radius': 12.0}, 'projected_sphere': {'center': [110.49876182859234, 103.41367611694845], 'axes': [240.80748910930532, 240.80748910930532], 'angle': 90.0}, 'model_confidence': 0.9224991878964306, 'model_id': 61, 'model_birth_timestamp': 12311.749401, 'theta': 2.2751117091469246, 'phi': -1.8104177207082488, 'norm_pos': [0.2400027565580521, 0.2024479624389185], 'topic': 'pupil.1', 'id': 1, 'method': '3d c++'}"
1580974700.28251,"{'circle_3d': {'center': [-7.084815418421221, 6.123953037903325, 52.91010216986783], 'normal': [-0.17927421938968274, 0.6480853006278282, -0.7401663308826993], 'radius': 1.7158615917498334}, 'confidence': 0.9996305629231812, 'timestamp': 12646.661569, 'diameter_3d': 3.431723183499667, 'ellipse': {'center': [77.02727652482601, 191.48162510666265], 'axes': [25.70020677696157, 40.37044139368267], 'angle': -70.47312763540675}, 'location': [77.02727652482601, 191.48162510666265], 'diameter': 40.37044139368267, 'sphere': {'center': [-4.933524785745028, -1.6530705696306138, 61.79209814046022], 'radius': 12.0}, 'projected_sphere': {'center': [110.49876182859234, 103.41367611694845], 'axes': [240.80748910930532, 240.80748910930532], 'angle': 90.0}, 'model_confidence': 0.9225779309205651, 'model_id': 61, 'model_birth_timestamp': 12311.749401, 'theta': 2.2758639105547664, 'phi': -1.8084280209987857, 'norm_pos': [0.24071023914008127, 0.20215989538890566], 'topic': 'pupil.1', 'id': 1, 'method': '3d c++'}"
1580974700.291103,"{'circle_3d': {'center': [-7.087586791391949, 6.11295901254163, 52.90115885348643], 'normal': [-0.17950516713724338, 0.647169131847687, -0.7409116072478157], 'radius': 1.7127956533483997}, 'confidence': 0.9998286801201882, 'timestamp': 12646.669969, 'diameter_3d': 3.4255913066967993, 'ellipse': {'center': [76.98088096358725, 191.36579831405697], 'axes': [25.69572465466993, 40.30505993738874], 'angle': -70.42344676896116}, 'location': [76.98088096358725, 191.36579831405697], 'diameter': 40.30505993738874, 'sphere': {'center': [-4.933524785745028, -1.6530705696306138, 61.79209814046022], 'radius': 12.0}, 'projected_sphere': {'center': [110.49876182859234, 103.41367611694845], 'axes': [240.80748910930532, 240.80748910930532], 'angle': 90.0}, 'model_confidence': 0.9227824046659117, 'model_id': 61, 'model_birth_timestamp': 12311.749401, 'theta': 2.274661521777592, 'phi': -1.8084923205033938, 'norm_pos': [0.24056525301121018, 0.2026425070247626], 'topic': 'pupil.1', 'id': 1, 'method': '3d c++'}"
1580974700.298608,"{'circle_3d': {'center': [-7.107190609522076, 6.10798611404066, 52.901587691707284], 'normal': [-0.18113881864808729, 0.6467547236392729, -0.7408758707294111], 'radius': 1.676525829500934}, 'confidence': 0.9997717019626764, 'timestamp': 12646.678369, 'diameter_3d': 3.353051659001868, 'ellipse': {'center': [76.75046290399324, 191.31877302309977], 'axes': [25.14259382768256, 39.45083906623311], 'angle': -70.2823069388827}, 'location': [76.75046290399324, 191.31877302309977], 'diameter': 39.45083906623311, 'sphere': {'center': [-4.933524785745028, -1.6530705696306138, 61.79209814046022], 'radius': 12.0}, 'projected_sphere': {'center': [110.49876182859234, 103.41367611694845], 'axes': [240.80748910930532, 240.80748910930532], 'angle': 90.0}, 'model_confidence': 0.9229668645003852, 'model_id': 61, 'model_birth_timestamp': 12311.749401, 'theta': 2.2741180514785975, 'phi': -1.8105850674955069, 'norm_pos': [0.23984519657497888, 0.20283844573708432], 'topic': 'pupil.1', 'id': 1, 'method': '3d c++'}"
1580974700.306802,"{'circle_3d': {'center': [-7.086839371843192, 6.144874075142333, 52.92895560463503], 'normal': [-0.17944288217484697, 0.6498287203977456, -0.738595211318766], 'radius': 1.7118123596038255}, 'confidence': 0.9998667769127499, 'timestamp': 12646.686769, 'diameter_3d': 3.423624719207651, 'ellipse': {'center': [77.0325839462642, 191.70274500496953], 'axes': [25.549513096072882, 40.260826410374634], 'angle': -70.52030615177364}, 'location': [77.0325839462642, 191.70274500496953], 'diameter': 40.260826410374634, 'sphere': {'center': [-4.933524785745028, -1.6530705696306138, 61.79209814046022], 'radius': 12.0}, 'projected_sphere': {'center': [110.49876182859234, 103.41367611694845], 'axes': [240.80748910930532, 240.80748910930532], 'angle': 90.0}, 'model_confidence': 0.9231248347001508, 'model_id': 61, 'model_birth_timestamp': 12311.749401, 'theta': 2.2781553978302713, 'phi': -1.8091302715334736, 'norm_pos': [0.2407268248320756, 0.20123856247929361], 'topic': 'pupil.1', 'id': 1, 'method': '3d c++'}"
1580974700.314898,"{'circle_3d': {'center': [-7.1115977132340955, 6.125908669970817, 52.918345816195746], 'normal': [-0.1815060772907556, 0.648248269966786, -0.7394793603553728], 'radius': 1.6762884368480895}, 'confidence': 0.9998132230909811, 'timestamp': 12646.695169, 'diameter_3d': 3.352576873696179, 'ellipse': {'center': [76.72499174547139, 191.5064390734133], 'axes': [25.059793872100833, 39.432796608470554], 'angle': -70.30588486183281}, 'location': [76.72499174547139, 191.5064390734133], 'diameter': 39.432796608470554, 'sphere': {'center': [-4.933524785745028, -1.6530705696306138, 61.79209814046022], 'radius': 12.0}, 'projected_sphere': {'center': [110.49876182859234, 103.41367611694845], 'axes': [240.80748910930532, 240.80748910930532], 'angle': 90.0}, 'model_confidence': 0.9233040741586929, 'model_id': 61, 'model_birth_timestamp': 12311.749401, 'theta': 2.276077921955459, 'phi': -1.8114891811640204, 'norm_pos': [0.23976559920459808, 0.2020565038607779], 'topic': 'pupil.1', 'id': 1, 'method': '3d c++'}"
1580974700.32254,"{'circle_3d': {'center': [-7.084731270552544, 6.1414586147485135, 52.92544006350788], 'normal': [-0.17926720706729293, 0.6495440986982606, -0.7388881730793616], 'radius': 1.6965149741265853}, 'confidence': 0.9999276382249384, 'timestamp': 12646.703569, 'diameter_3d': 3.3930299482531705, 'ellipse': {'center': [77.05094012650508, 191.6723776888566], 'axes': [25.3381829075092, 39.90351302490555], 'angle': -70.52415597481124}, 'location': [77.05094012650508, 191.6723776888566], 'diameter': 39.90351302490555, 'sphere': {'center': [-4.933524785745028, -1.6530705696306138, 61.79209814046022], 'radius': 12.0}, 'projected_sphere': {'center': [110.49876182859234, 103.41367611694845], 'axes': [240.80748910930532, 240.80748910930532], 'angle': 90.0}, 'model_confidence': 0.9236187136198226, 'model_id': 61, 'model_birth_timestamp': 12311.749401, 'theta': 2.277780995257653, 'phi': -1.808814783859796, 'norm_pos': [0.24078418789532838, 0.20136509296309746], 'topic': 'pupil.1', 'id': 1, 'method': '3d c++'}"
1580974700.330388,"{'circle_3d': {'center': [-7.08886114629157, 6.129877256959507, 52.9162743307239], 'normal': [-0.17961136337887842, 0.6485789855491767, -0.739651984144693], 'radius': 1.7278762621201973}, 'confidence': 0.9996314262074649, 'timestamp': 12646.711969, 'diameter_3d': 3.4557525242403946, 'ellipse': {'center': [76.99022666455221, 191.53887946550498], 'axes': [25.849428609874437, 40.64852925587566], 'angle': -70.46400662297164}, 'location': [76.99022666455221, 191.53887946550498], 'diameter': 40.64852925587566, 'sphere': {'center': [-4.933524785745028, -1.6530705696306138, 61.79209814046022], 'radius': 12.0}, 'projected_sphere': {'center': [110.49876182859234, 103.41367611694845], 'axes': [240.80748910930532, 240.80748910930532], 'angle': 90.0}, 'model_confidence': 0.9237778034004274, 'model_id': 61, 'model_birth_timestamp': 12311.749401, 'theta': 2.2765123376972656, 'phi': -1.809017588408237, 'norm_pos': [0.24059445832672566, 0.20192133556039593], 'topic': 'pupil.1', 'id': 1, 'method': '3d c++'}"
1580974700.338654,"{'circle_3d': {'center': [-7.083007570726214, 6.129931257669343, 52.91490228178305], 'normal': [-0.1791235654150988, 0.6485834856083297, -0.7397663215564306], 'radius': 1.7087307007311048}, 'confidence': 0.9999907716516526, 'timestamp': 12646.720369, 'diameter_3d': 3.4174614014622096, 'ellipse': {'center': [77.05543478286712, 191.54752895060466], 'axes': [25.571205894821816, 40.19895330435783], 'angle': -70.50207950290297}, 'location': [77.05543478286712, 191.54752895060466], 'diameter': 40.19895330435783, 'sphere': {'center': [-4.933524785745028, -1.6530705696306138, 61.79209814046022], 'radius': 12.0}, 'projected_sphere': {'center': [110.49876182859234, 103.41367611694845], 'axes': [240.80748910930532, 240.80748910930532], 'angle': 90.0}, 'model_confidence': 0.9240582157844512, 'model_id': 61, 'model_birth_timestamp': 12311.749401, 'theta': 2.276518249917081, 'phi': -1.8083593644109517, 'norm_pos': [0.24079823369645975, 0.2018852960391473], 'topic': 'pupil.1', 'id': 1, 'method': '3d c++'}"
1580974700.348201,"{'circle_3d': {'center': [-7.1119464827473315, 6.114799825345296, 52.90870529555651], 'normal': [-0.18153514141685856, 0.6473225329146591, -0.7402827370753091], 'radius': 1.7091991435099472}, 'confidence': 0.9620246989323946, 'timestamp': 12646.728769, 'diameter_3d': 3.4183982870198943, 'ellipse': {'center': [76.70775308686854, 191.3786609301765], 'axes': [25.59774219811393, 40.21465198467573], 'angle': -70.27125647738205}, 'location': [76.70775308686854, 191.3786609301765], 'diameter': 40.21465198467573, 'sphere': {'center': [-4.933524785745028, -1.6530705696306138, 61.79209814046022], 'radius': 12.0}, 'projected_sphere': {'center': [110.49876182859234, 103.41367611694845], 'axes': [240.80748910930532, 240.80748910930532], 'angle': 90.0}, 'model_confidence': 0.9241865901476798, 'model_id': 61, 'model_birth_timestamp': 12311.749401, 'theta': 2.2748627612162466, 'phi': -1.8112749649291924, 'norm_pos': [0.23971172839646418, 0.20258891279093127], 'topic': 'pupil.1', 'id': 1, 'method': '3d c++'}"
1580974700.354393,"{'circle_3d': {'center': [-7.086373176825779, 6.105511746619486, 52.89436560643829], 'normal': [-0.17940403259006252, 0.646548526354175, -0.7414777111684939], 'radius': 1.7165590455123527}, 'confidence': 0.9997212681931703, 'timestamp': 12646.737169, 'diameter_3d': 3.4331180910247054, 'ellipse': {'center': [76.98475042918113, 191.28637286677895], 'axes': [25.784961724541763, 40.3988327061031], 'angle': -70.40974324788388}, 'location': [76.98475042918113, 191.28637286677895], 'diameter': 40.3988327061031, 'sphere': {'center': [-4.933524785745028, -1.6530705696306138, 61.79209814046022], 'radius': 12.0}, 'projected_sphere': {'center': [110.49876182859234, 103.41367611694845], 'axes': [240.80748910930532, 240.80748910930532], 'angle': 90.0}, 'model_confidence': 0.9245452531370102, 'model_id': 61, 'model_birth_timestamp': 12311.749401, 'theta': 2.2738477300124447, 'phi': -1.8081887468954445, 'norm_pos': [0.24057734509119105, 0.20297344638842107], 'topic': 'pupil.1', 'id': 1, 'method': '3d c++'}"
1580974700.366637,"{'circle_3d': {'center': [-7.078051019506242, 6.133826687705582, 52.917119924351745], 'normal': [-0.17871051948010114, 0.6489081047780164, -0.7395815180090396], 'radius': 1.7092838380130486}, 'confidence': 0.9532859211883307, 'timestamp': 12646.745569, 'diameter_3d': 3.4185676760260972, 'ellipse': {'center': [77.11679840713613, 191.5899664051601], 'axes': [25.57067790062371, 40.21029591018211], 'angle': -70.54534227373591}, 'location': [77.11679840713613, 191.5899664051601], 'diameter': 40.21029591018211, 'sphere': {'center': [-4.933524785745028, -1.6530705696306138, 61.79209814046022], 'radius': 12.0}, 'projected_sphere': {'center': [110.49876182859234, 103.41367611694845], 'axes': [240.80748910930532, 240.80748910930532], 'angle': 90.0}, 'model_confidence': 0.9245810706393187, 'model_id': 61, 'model_birth_timestamp': 12311.749401, 'theta': 2.2769448162315524, 'phi': -1.8078889081009568, 'norm_pos': [0.2409899950223004, 0.20170847331183284], 'topic': 'pupil.1', 'id': 1, 'method': '3d c++'}"
1580974700.3746712,"{'circle_3d': {'center': [-7.069435280684197, 6.1107520984774, 52.894854525959104], 'normal': [-0.17799254124493072, 0.6469852223423346, -0.741436967875093], 'radius': 1.7091920977633792}, 'confidence': 0.9999055901091074, 'timestamp': 12646.753969, 'diameter_3d': 3.4183841955267584, 'ellipse': {'center': [77.183051575895, 191.349373755752], 'axes': [25.67761857186558, 40.225011180127886], 'angle': -70.53473472838752}, 'location': [77.183051575895, 191.349373755752], 'diameter': 40.225011180127886, 'sphere': {'center': [-4.933524785745028, -1.6530705696306138, 61.79209814046022], 'radius': 12.0}, 'projected_sphere': {'center': [110.49876182859234, 103.41367611694845], 'axes': [240.80748910930532, 240.80748910930532], 'angle': 90.0}, 'model_confidence': 0.9247842677423512, 'model_id': 61, 'model_birth_timestamp': 12311.749401, 'theta': 2.2744203050992344, 'phi': -1.8064020977218325, 'norm_pos': [0.2411970361746719, 0.20271094268436662], 'topic': 'pupil.1', 'id': 1, 'method': '3d c++'}"
1580974700.382693,"{'circle_3d': {'center': [-7.064424077151576, 6.117641094316717, 52.89966830122753], 'normal': [-0.1775749409505456, 0.6475593053289442, -0.7410358199360577], 'radius': 1.6736913373640017}, 'confidence': 0.9996397993852959, 'timestamp': 12646.762369, 'diameter_3d': 3.3473826747280033, 'ellipse': {'center': [77.24714849318423, 191.43501059894388], 'axes': [25.12313312193652, 39.3855624193848], 'angle': -70.58720147395213}, 'location': [77.24714849318423, 191.43501059894388], 'diameter': 39.3855624193848, 'sphere': {'center': [-4.933524785745028, -1.6530705696306138, 61.79209814046022], 'radius': 12.0}, 'projected_sphere': {'center': [110.49876182859234, 103.41367611694845], 'axes': [240.80748910930532, 240.80748910930532], 'angle': 90.0}, 'model_confidence': 0.9249339086151998, 'model_id': 61, 'model_birth_timestamp': 12311.749401, 'theta': 2.2751734390233147, 'phi': -1.8059921025211925, 'norm_pos': [0.2413973390412007, 0.20235412250440055], 'topic': 'pupil.1', 'id': 1, 'method': '3d c++'}"
1580974700.39107,"{'circle_3d': {'center': [-7.064938742714882, 6.095874532085244, 52.88081740452625], 'normal': [-0.17761782974748783, 0.6457454251429882, -0.7426067279944977], 'radius': 1.697947402323453}, 'confidence': 0.9995485977504304, 'timestamp': 12646.770769, 'diameter_3d': 3.395894804646906, 'ellipse': {'center': [77.21330719226297, 191.19734941589013], 'axes': [25.576133339222935, 39.970823271858016], 'angle': -70.52106371110612}, 'location': [77.21330719226297, 191.19734941589013], 'diameter': 39.970823271858016, 'sphere': {'center': [-4.933524785745028, -1.6530705696306138, 61.79209814046022], 'radius': 12.0}, 'projected_sphere': {'center': [110.49876182859234, 103.41367611694845], 'axes': [240.80748910930532, 240.80748910930532], 'angle': 90.0}, 'model_confidence': 0.9249696046899403, 'model_id': 61, 'model_birth_timestamp': 12311.749401, 'theta': 2.2727954663242196, 'phi': -1.8055672910184122, 'norm_pos': [0.2412915849758218, 0.20334437743379108], 'topic': 'pupil.1', 'id': 1, 'method': '3d c++'}"
1580974700.3985438,"{'circle_3d': {'center': [-7.065725266356926, 6.076233121910185, 52.86396364581846], 'normal': [-0.17768337338432483, 0.6441086409617333, -0.7440112078868137], 'radius': 1.705617197956185}, 'confidence': 0.9999795613331335, 'timestamp': 12646.779169, 'diameter_3d': 3.41123439591237, 'ellipse': {'center': [77.17847708015319, 190.9870713846054], 'axes': [25.771294357139997, 40.16421817020329], 'angle': -70.45910549496512}, 'location': [77.17847708015319, 190.9870713846054], 'diameter': 40.16421817020329, 'sphere': {'center': [-4.933524785745028, -1.6530705696306138, 61.79209814046022], 'radius': 12.0}, 'projected_sphere': {'center': [110.49876182859234, 103.41367611694845], 'axes': [240.80748910930532, 240.80748910930532], 'angle': 90.0}, 'model_confidence': 0.9251086006315745, 'model_id': 61, 'model_birth_timestamp': 12311.749401, 'theta': 2.2706537617908364, 'phi': -1.8052235164902541, 'norm_pos': [0.2411827408754787, 0.20422053589747746], 'topic': 'pupil.1', 'id': 1, 'method': '3d c++'}"
1580974700.406744,"{'circle_3d': {'center': [-7.06796418628352, 6.087450633406773, 52.874222835727736], 'normal': [-0.1778699500448743, 0.6450434335864489, -0.7431562753943738], 'radius': 1.716124105854022}, 'confidence': 0.999828960573334, 'timestamp': 12646.787569, 'diameter_3d': 3.432248211708044, 'ellipse': {'center': [77.16873877422167, 191.10152888851422], 'axes': [25.88055700733934, 40.40393844105977], 'angle': -70.47697885193539}, 'location': [77.16873877422167, 191.10152888851422], 'diameter': 40.40393844105977, 'sphere': {'center': [-4.933524785745028, -1.6530705696306138, 61.79209814046022], 'radius': 12.0}, 'projected_sphere': {'center': [110.49876182859234, 103.41367611694845], 'axes': [240.80748910930532, 240.80748910930532], 'angle': 90.0}, 'model_confidence': 0.9252582400421372, 'model_id': 61, 'model_birth_timestamp': 12311.749401, 'theta': 2.271876448047636, 'phi': -1.8057208849796618, 'norm_pos': [0.2411523086694427, 0.20374362963119075], 'topic': 'pupil.1', 'id': 1, 'method': '3d c++'}"
1580974700.414531,"{'circle_3d': {'center': [-7.053007110211691, 6.10301168994029, 52.88418128751178], 'normal': [-0.1766235270388886, 0.6463401882975753, -0.7423264044123703], 'radius': 1.7374774218917288}, 'confidence': 0.9999187141163466, 'timestamp': 12646.795968, 'diameter_3d': 3.4749548437834576, 'ellipse': {'center': [77.36012800631494, 191.2635158804063], 'axes': [26.160035647942276, 40.89925214306859], 'angle': -70.61904469558084}, 'location': [77.36012800631494, 191.2635158804063], 'diameter': 40.89925214306859, 'sphere': {'center': [-4.933524785745028, -1.6530705696306138, 61.79209814046022], 'radius': 12.0}, 'projected_sphere': {'center': [110.49876182859234, 103.41367611694845], 'axes': [240.80748910930532, 240.80748910930532], 'angle': 90.0}, 'model_confidence': 0.9253643688870716, 'model_id': 61, 'model_birth_timestamp': 12311.749401, 'theta': 2.2735746649122737, 'phi': -1.8043854305317213, 'norm_pos': [0.2417504000197342, 0.20306868383164045], 'topic': 'pupil.1', 'id': 1, 'method': '3d c++'}"
1580974700.422857,"{'circle_3d': {'center': [-7.0643887846423965, 6.089506735149673, 52.87515273871505], 'normal': [-0.177571999908114, 0.6452147753983573, -0.7430787834787641], 'radius': 1.7067664398246742}, 'confidence': 0.99987292908182, 'timestamp': 12646.804368, 'diameter_3d': 3.4135328796493485, 'ellipse': {'center': [77.21146289695908, 191.12740361187355], 'axes': [25.73610985264085, 40.18281781132761], 'angle': -70.5062133347571}, 'location': [77.21146289695908, 191.12740361187355], 'diameter': 40.18281781132761, 'sphere': {'center': [-4.933524785745028, -1.6530705696306138, 61.79209814046022], 'radius': 12.0}, 'projected_sphere': {'center': [110.49876182859234, 103.41367611694845], 'axes': [240.80748910930532, 240.80748910930532], 'angle': 90.0}, 'model_confidence': 0.9256521533655082, 'model_id': 61, 'model_birth_timestamp': 12311.749401, 'theta': 2.2721006958388137, 'phi': -1.80536522029972, 'norm_pos': [0.2412858215529971, 0.20363581828386024], 'topic': 'pupil.1', 'id': 1, 'method': '3d c++'}"
1580974700.430707,"{'circle_3d': {'center': [-7.054093070657471, 6.089932677915604, 52.873068436646456], 'normal': [-0.17671402374270354, 0.6452502706288514, -0.7432524753178136], 'radius': 1.722825452003727}, 'confidence': 0.9999386263094997, 'timestamp': 12646.812768, 'diameter_3d': 3.445650904007454, 'ellipse': {'center': [77.32949131583402, 191.1298530824074], 'axes': [25.991972401200453, 40.56268026240443], 'angle': -70.57437731929396}, 'location': [77.32949131583402, 191.1298530824074], 'diameter': 40.56268026240443, 'sphere': {'center': [-4.933524785745028, -1.6530705696306138, 61.79209814046022], 'radius': 12.0}, 'projected_sphere': {'center': [110.49876182859234, 103.41367611694845], 'axes': [240.80748910930532, 240.80748910930532], 'angle': 90.0}, 'model_confidence': 0.9258879297854739, 'model_id': 61, 'model_birth_timestamp': 12311.749401, 'theta': 2.272147156400731, 'phi': -1.8042200849941905, 'norm_pos': [0.2416546603619813, 0.20362561215663577], 'topic': 'pupil.1', 'id': 1, 'method': '3d c++'}"
1580974700.4388921,"{'circle_3d': {'center': [-7.0381241395110425, 6.106095796801544, 52.883338470441295], 'normal': [-0.17538327948050114, 0.6465971972026798, -0.7423966391682436], 'radius': 1.7391261722166613}, 'confidence': 0.989721900174876, 'timestamp': 12646.821168, 'diameter_3d': 3.4782523444333227, 'ellipse': {'center': [77.53287313107307, 191.30011210130962], 'axes': [26.194076524153505, 40.93874018460654], 'angle': -70.72471316646072}, 'location': [77.53287313107307, 191.30011210130962], 'diameter': 40.93874018460654, 'sphere': {'center': [-4.933524785745028, -1.6530705696306138, 61.79209814046022], 'radius': 12.0}, 'projected_sphere': {'center': [110.49876182859234, 103.41367611694845], 'axes': [240.80748910930532, 240.80748910930532], 'angle': 90.0}, 'model_confidence': 0.9261501293443275, 'model_id': 61, 'model_birth_timestamp': 12311.749401, 'theta': 2.2739115311605773, 'phi': -1.8027824259216287, 'norm_pos': [0.24229022853460336, 0.20291619957787654], 'topic': 'pupil.1', 'id': 1, 'method': '3d c++'}"
1580974700.4503942,"{'circle_3d': {'center': [-7.065743810663257, 6.080160556586588, 52.86736966401444], 'normal': [-0.17768491874318568, 0.6444359271847668, -0.7437273730371482], 'radius': 1.723823335440484}, 'confidence': 0.9999966651727396, 'timestamp': 12646.829568, 'diameter_3d': 3.447646670880968, 'ellipse': {'center': [77.18453061002637, 191.0226540638861], 'axes': [26.030330678772394, 40.59053870915734], 'angle': -70.47029353692476}, 'location': [77.18453061002637, 191.0226540638861], 'diameter': 40.59053870915734, 'sphere': {'center': [-4.933524785745028, -1.6530705696306138, 61.79209814046022], 'radius': 12.0}, 'projected_sphere': {'center': [110.49876182859234, 103.41367611694845], 'axes': [240.80748910930532, 240.80748910930532], 'angle': 90.0}, 'model_confidence': 0.926315354120888, 'model_id': 61, 'model_birth_timestamp': 12311.749401, 'theta': 2.271081700935727, 'phi': -1.8053117047916145, 'norm_pos': [0.2412016581563324, 0.20407227473380785], 'topic': 'pupil.1', 'id': 1, 'method': '3d c++'}"
1580974700.458684,"{'circle_3d': {'center': [-7.051588520568729, 6.120652237894111, 52.89923360044868], 'normal': [-0.1765053112353084, 0.6478102339603937, -0.7410720450009614], 'radius': 1.723217643243719}, 'confidence': 0.9838146445638682, 'timestamp': 12646.837968, 'diameter_3d': 3.446435286487438, 'ellipse': {'center': [77.39912860948232, 191.45480443142412], 'axes': [25.873706017645834, 40.55191903464123], 'angle': -70.67894717860896}, 'location': [77.39912860948232, 191.45480443142412], 'diameter': 40.55191903464123, 'sphere': {'center': [-4.933524785745028, -1.6530705696306138, 61.79209814046022], 'radius': 12.0}, 'projected_sphere': {'center': [110.49876182859234, 103.41367611694845], 'axes': [240.80748910930532, 240.80748910930532], 'angle': 90.0}, 'model_confidence': 0.9264956002388636, 'model_id': 61, 'model_birth_timestamp': 12311.749401, 'theta': 2.2755027812759208, 'phi': -1.8046155981428853, 'norm_pos': [0.24187227690463226, 0.2022716482023995], 'topic': 'pupil.1', 'id': 1, 'method': '3d c++'}"
1580974700.466559,"{'circle_3d': {'center': [-7.038799424192966, 6.116369038990657, 52.89245618897167], 'normal': [-0.17543955320399485, 0.6474533007184392, -0.7416368292907122], 'radius': 1.7596107716793603}, 'confidence': 0.9996781912952365, 'timestamp': 12646.846368, 'diameter_3d': 3.5192215433587206, 'ellipse': {'center': [77.54012293749412, 191.4015289087473], 'axes': [26.45818504954889, 41.414069295370865], 'angle': -70.74963884649995}, 'location': [77.54012293749412, 191.4015289087473], 'diameter': 41.414069295370865, 'sphere': {'center': [-4.933524785745028, -1.6530705696306138, 61.79209814046022], 'radius': 12.0}, 'projected_sphere': {'center': [110.49876182859234, 103.41367611694845], 'axes': [240.80748910930532, 240.80748910930532], 'angle': 90.0}, 'model_confidence': 0.9266910448432863, 'model_id': 61, 'model_birth_timestamp': 12311.749401, 'theta': 2.275034336331088, 'phi': -1.8030835061683017, 'norm_pos': [0.24231288417966912, 0.2024936295468862], 'topic': 'pupil.1', 'id': 1, 'method': '3d c++'}"
1580974700.474732,"{'circle_3d': {'center': [-7.046351614939079, 6.0899075826404125, 52.87120961278029], 'normal': [-0.1760689024328375, 0.6452481793559189, -0.7434073773066606], 'radius': 1.7285213098268604}, 'confidence': 0.99974272052564, 'timestamp': 12646.854768, 'diameter_3d': 3.4570426196537207, 'ellipse': {'center': [77.41744269549135, 191.1300998790635], 'axes': [26.089557735180207, 40.69828051689681], 'angle': -70.62469865334658}, 'location': [77.41744269549135, 191.1300998790635], 'diameter': 40.69828051689681, 'sphere': {'center': [-4.933524785745028, -1.6530705696306138, 61.79209814046022], 'radius': 12.0}, 'projected_sphere': {'center': [110.49876182859234, 103.41367611694845], 'axes': [240.80748910930532, 240.80748910930532], 'angle': 90.0}, 'model_confidence': 0.9268789448741099, 'model_id': 61, 'model_birth_timestamp': 12311.749401, 'theta': 2.2721444190326903, 'phi': -1.8033516562397418, 'norm_pos': [0.24192950842341046, 0.20362458383723547], 'topic': 'pupil.1', 'id': 1, 'method': '3d c++'}"
1580974700.482592,"{'circle_3d': {'center': [-7.04114708146948, 6.082362658550142, 52.863436368899926], 'normal': [-0.17563519131037095, 0.6446194356817296, -0.7440551476300247], 'radius': 1.7226817619167378}, 'confidence': 0.9206408411248056, 'timestamp': 12646.863168, 'diameter_3d': 3.4453635238334757, 'ellipse': {'center': [77.4659982024505, 191.0538672070151], 'axes': [26.040295460999204, 40.56666849654552], 'angle': -70.63692982257686}, 'location': [77.4659982024505, 191.0538672070151], 'diameter': 40.56666849654552, 'sphere': {'center': [-4.933524785745028, -1.6530705696306138, 61.79209814046022], 'radius': 12.0}, 'projected_sphere': {'center': [110.49876182859234, 103.41367611694845], 'axes': [240.80748910930532, 240.80748910930532], 'angle': 90.0}, 'model_confidence': 0.9269212975523189, 'model_id': 61, 'model_birth_timestamp': 12311.749401, 'theta': 2.2713217127909244, 'phi': -1.8026043422810818, 'norm_pos': [0.24208124438265782, 0.20394221997077044], 'topic': 'pupil.1', 'id': 1, 'method': '3d c++'}"
1580974700.490788,"{'circle_3d': {'center': [-7.053191523015691, 6.08867830578539, 52.87176533989143], 'normal': [-0.1766388947725552, 0.6451457396180004, -0.7433610667140657], 'radius': 1.713487225072136}, 'confidence': 0.9996287881355029, 'timestamp': 12646.871568, 'diameter_3d': 3.426974450144272, 'ellipse': {'center': [77.33751081610178, 191.11992587819026], 'axes': [25.857460247564543, 40.343705021646315], 'angle': -70.57666593448499}, 'location': [77.33751081610178, 191.11992587819026], 'diameter': 40.343705021646315, 'sphere': {'center': [-4.933524785745028, -1.6530705696306138, 61.79209814046022], 'radius': 12.0}, 'projected_sphere': {'center': [110.49876182859234, 103.41367611694845], 'axes': [240.80748910930532, 240.80748910930532], 'angle': 90.0}, 'model_confidence': 0.927107982474884, 'model_id': 61, 'model_birth_timestamp': 12311.749401, 'theta': 2.272010338463735, 'phi': -1.8040915482359172, 'norm_pos': [0.24167972130031806, 0.20366697550754054], 'topic': 'pupil.1', 'id': 1, 'method': '3d c++'}"
1580974700.4993799,"{'circle_3d': {'center': [-7.0496860837724835, 6.12769841700462, 52.90494475271305], 'normal': [-0.17634677483562128, 0.6483974155529362, -0.7405961156455978], 'radius': 1.7268143483268292}, 'confidence': 0.999991962167011, 'timestamp': 12646.879968, 'diameter_3d': 3.4536286966536585, 'ellipse': {'center': [77.43034972897404, 191.52852508600884], 'axes': [25.90108899902228, 40.632228981686985], 'angle': -70.71145013948524}, 'location': [77.43034972897404, 191.52852508600884], 'diameter': 40.632228981686985, 'sphere': {'center': [-4.933524785745028, -1.6530705696306138, 61.79209814046022], 'radius': 12.0}, 'projected_sphere': {'center': [110.49876182859234, 103.41367611694845], 'axes': [240.80748910930532, 240.80748910930532], 'angle': 90.0}, 'model_confidence': 0.9273484318466862, 'model_id': 61, 'model_birth_timestamp': 12311.749401, 'theta': 2.2762738141758088, 'phi': -1.8045578652571017, 'norm_pos': [0.24196984290304385, 0.2019644788082965], 'topic': 'pupil.1', 'id': 1, 'method': '3d c++'}"
1580974700.506878,"{'circle_3d': {'center': [-7.0697317609366, 6.103748607461142, 52.88881919318217], 'normal': [-0.17801724793263093, 0.6464015980909796, -0.7419399122731705], 'radius': 1.7122705486412537}, 'confidence': 0.9999789927857301, 'timestamp': 12646.888368, 'diameter_3d': 3.4245410972825074, 'ellipse': {'center': [77.1704273723729, 191.27436409736828], 'axes': [25.752457305321656, 40.3020786094431], 'angle': -70.5126027815577}, 'location': [77.1704273723729, 191.27436409736828], 'diameter': 40.3020786094431, 'sphere': {'center': [-4.933524785745028, -1.6530705696306138, 61.79209814046022], 'radius': 12.0}, 'projected_sphere': {'center': [110.49876182859234, 103.41367611694845], 'axes': [240.80748910930532, 240.80748910930532], 'angle': 90.0}, 'model_confidence': 0.9275111483143195, 'model_id': 61, 'model_birth_timestamp': 12311.749401, 'theta': 2.27365514710403, 'phi': -1.8062797129865351, 'norm_pos': [0.24115758553866531, 0.20302348292763217], 'topic': 'pupil.1', 'id': 1, 'method': '3d c++'}"
1580974700.514658,"{'circle_3d': {'center': [-7.058364861639618, 6.10200374829696, 52.88458013737471], 'normal': [-0.17707000632454917, 0.6462561931606312, -0.7422931669237923], 'radius': 1.7455343732647934}, 'confidence': 0.9997431610630222, 'timestamp': 12646.896768, 'diameter_3d': 3.491068746529587, 'ellipse': {'center': [77.29856725016423, 191.24855318726486], 'axes': [26.277677420347228, 41.088690038085986], 'angle': -70.58128293070908}, 'location': [77.29856725016423, 191.24855318726486], 'diameter': 41.088690038085986, 'sphere': {'center': [-4.933524785745028, -1.6530705696306138, 61.79209814046022], 'radius': 12.0}, 'projected_sphere': {'center': [110.49876182859234, 103.41367611694845], 'axes': [240.80748910930532, 240.80748910930532], 'angle': 90.0}, 'model_confidence': 0.9277555351216327, 'model_id': 61, 'model_birth_timestamp': 12311.749401, 'theta': 2.2734645917985015, 'phi': -1.8049646932646137, 'norm_pos': [0.2415580226567632, 0.2031310283863964], 'topic': 'pupil.1', 'id': 1, 'method': '3d c++'}"
1580974700.5224,"{'circle_3d': {'center': [-7.055963807836144, 6.117938389004792, 52.89790495825908], 'normal': [-0.17686991850759295, 0.6475840798862837, -0.7411827651834281], 'radius': 1.7200424002425532}, 'confidence': 0.9997915234191763, 'timestamp': 12646.905168, 'diameter_3d': 3.4400848004851063, 'ellipse': {'center': [77.3457811965238, 191.42585769213736], 'axes': [25.830827948788073, 40.478171918483476], 'angle': -70.642776898529}, 'location': [77.3457811965238, 191.42585769213736], 'diameter': 40.478171918483476, 'sphere': {'center': [-4.933524785745028, -1.6530705696306138, 61.79209814046022], 'radius': 12.0}, 'projected_sphere': {'center': [110.49876182859234, 103.41367611694845], 'axes': [240.80748910930532, 240.80748910930532], 'angle': 90.0}, 'model_confidence': 0.9277712250283621, 'model_id': 61, 'model_birth_timestamp': 12311.749401, 'theta': 2.2752059513725, 'phi': -1.8050474027766708, 'norm_pos': [0.2417055662391369, 0.2023922596160943], 'topic': 'pupil.1', 'id': 1, 'method': '3d c++'}"
1580974700.536096,"{'circle_3d': {'center': [-7.054567410866765, 6.1128034942020655, 52.89308818389159], 'normal': [-0.176753552093478, 0.6471561719860566, -0.7415841630473858], 'radius': 1.7344784644526996}, 'confidence': 0.9998494926255029, 'timestamp': 12646.913568, 'diameter_3d': 3.468956928905399, 'ellipse': {'center': [77.35545888346965, 191.36738004288935], 'axes': [26.071465567947527, 40.821770754504236], 'angle': -70.63705070892739}, 'location': [77.35545888346965, 191.36738004288935], 'diameter': 40.821770754504236, 'sphere': {'center': [-4.933524785745028, -1.6530705696306138, 61.79209814046022], 'radius': 12.0}, 'projected_sphere': {'center': [110.49876182859234, 103.41367611694845], 'axes': [240.80748910930532, 240.80748910930532], 'angle': 90.0}, 'model_confidence': 0.9279509290142096, 'model_id': 61, 'model_birth_timestamp': 12311.749401, 'theta': 2.274644521937084, 'phi': -1.8047767179880838, 'norm_pos': [0.24173580901084266, 0.2026359164879611], 'topic': 'pupil.1', 'id': 1, 'method': '3d c++'}"
1580974700.5429099,"{'circle_3d': {'center': [-7.067125379787405, 6.115886462545221, 52.8987829466021], 'normal': [-0.17780004950353137, 0.647413086014653, -0.7411095994881765], 'radius': 1.7430845485475461}, 'confidence': 0.9997042835730925, 'timestamp': 12646.921968, 'diameter_3d': 3.4861690970950923, 'ellipse': {'center': [77.21797174703147, 191.39316857581565], 'axes': [26.16910501962075, 41.02001022973704], 'angle': -70.56437474273598}, 'location': [77.21797174703147, 191.39316857581565], 'diameter': 41.02001022973704, 'sphere': {'center': [-4.933524785745028, -1.6530705696306138, 61.79209814046022], 'radius': 12.0}, 'projected_sphere': {'center': [110.49876182859234, 103.41367611694845], 'axes': [240.80748910930532, 240.80748910930532], 'angle': 90.0}, 'model_confidence': 0.927962073428501, 'model_id': 61, 'model_birth_timestamp': 12311.749401, 'theta': 2.2749815695918802, 'phi': -1.8062567758394459, 'norm_pos': [0.24130616170947333, 0.20252846426743476], 'topic': 'pupil.1', 'id': 1, 'method': '3d c++'}"
1580974700.550617,"{'circle_3d': {'center': [-7.0729833887155, 6.112053058379832, 52.8968425551558], 'normal': [-0.17828821691420596, 0.6470936356675372, -0.7412712987753686], 'radius': 1.720077694829044}, 'confidence': 0.9998992081744966, 'timestamp': 12646.930368, 'diameter_3d': 3.440155389658088, 'ellipse': {'center': [77.1452541785066, 191.35845229009814], 'axes': [25.830623727437843, 40.47980305860862], 'angle': -70.51543090277173}, 'location': [77.1452541785066, 191.35845229009814], 'diameter': 40.47980305860862, 'sphere': {'center': [-4.933524785745028, -1.6530705696306138, 61.79209814046022], 'radius': 12.0}, 'projected_sphere': {'center': [110.49876182859234, 103.41367611694845], 'axes': [240.80748910930532, 240.80748910930532], 'angle': 90.0}, 'model_confidence': 0.9282614099933473, 'model_id': 61, 'model_birth_timestamp': 12311.749401, 'theta': 2.2745624946138157, 'phi': -1.8068299243914727, 'norm_pos': [0.24107891930783315, 0.20267311545792444], 'topic': 'pupil.1', 'id': 1, 'method': '3d c++'}"
1580974700.559198,"{'circle_3d': {'center': [-7.056743162344081, 6.097858976092299, 52.88058677018684], 'normal': [-0.17693486471658773, 0.6459107954769094, -0.7426259475227814], 'radius': 1.7142282372600652}, 'confidence': 0.9223062394647101, 'timestamp': 12646.938768, 'diameter_3d': 3.4284564745201305, 'ellipse': {'center': [77.30964224737795, 191.21557172573625], 'axes': [25.825481333722948, 40.35444762601726], 'angle': -70.580008954222}, 'location': [77.30964224737795, 191.21557172573625], 'diameter': 40.35444762601726, 'sphere': {'center': [-4.933524785745028, -1.6530705696306138, 61.79209814046022], 'radius': 12.0}, 'projected_sphere': {'center': [110.49876182859234, 103.41367611694845], 'axes': [240.80748910930532, 240.80748910930532], 'angle': 90.0}, 'model_confidence': 0.9283807818657674, 'model_id': 61, 'model_birth_timestamp': 12311.749401, 'theta': 2.273012066260159, 'phi': -1.8046913552891608, 'norm_pos': [0.2415926320230561, 0.2032684511427656], 'topic': 'pupil.1', 'id': 1, 'method': '3d c++'}"
1580974700.566777,"{'circle_3d': {'center': [-7.04504981648834, 6.137043992218416, 52.91203185929924], 'normal': [-0.17596041922860928, 0.6491762134874192, -0.7400055234300816], 'radius': 1.73798633863734}, 'confidence': 0.9999278752629827, 'timestamp': 12646.947168, 'diameter_3d': 3.47597267727468, 'ellipse': {'center': [77.49602605382944, 191.62480497263869], 'axes': [26.036307190776956, 40.889780014939475], 'angle': -70.76817305930444}, 'location': [77.49602605382944, 191.62480497263869], 'diameter': 40.889780014939475, 'sphere': {'center': [-4.933524785745028, -1.6530705696306138, 61.79209814046022], 'radius': 12.0}, 'projected_sphere': {'center': [110.49876182859234, 103.41367611694845], 'axes': [240.80748910930532, 240.80748910930532], 'angle': 90.0}, 'model_confidence': 0.9285167343671574, 'model_id': 61, 'model_birth_timestamp': 12311.749401, 'theta': 2.2772972419347908, 'phi': -1.8042435979533047, 'norm_pos': [0.242175081418217, 0.2015633126140055], 'topic': 'pupil.1', 'id': 1, 'method': '3d c++'}"
1580974700.5745652,"{'circle_3d': {'center': [-7.0503753571379715, 6.118161641214156, 52.89676826554708], 'normal': [-0.1764042142827453, 0.6476026842370641, -0.7412774895760945], 'radius': 1.7295347866564394}, 'confidence': 0.9695380519088076, 'timestamp': 12646.955568, 'diameter_3d': 3.459069573312879, 'ellipse': {'center': [77.40984877818175, 191.42683734325274], 'axes': [25.980878614416916, 40.70254199235152], 'angle': -70.6796639384921}, 'location': [77.40984877818175, 191.42683734325274], 'diameter': 40.70254199235152, 'sphere': {'center': [-4.933524785745028, -1.6530705696306138, 61.79209814046022], 'radius': 12.0}, 'projected_sphere': {'center': [110.49876182859234, 103.41367611694845], 'axes': [240.80748910930532, 240.80748910930532], 'angle': 90.0}, 'model_confidence': 0.9285099192846036, 'model_id': 61, 'model_birth_timestamp': 12311.749401, 'theta': 2.2752303669764897, 'phi': -1.8044240620171674, 'norm_pos': [0.241905777431818, 0.2023881777364469], 'topic': 'pupil.1', 'id': 1, 'method': '3d c++'}"
1580974700.5832052,"{'circle_3d': {'center': [-7.086800726771079, 6.137502976448012, 52.9224664375687], 'normal': [-0.1794396617521709, 0.6492144621732188, -0.73913597524096], 'radius': 1.7249151997277463}, 'confidence': 0.9994996894293858, 'timestamp': 12646.963968, 'diameter_3d': 3.4498303994554926, 'ellipse': {'center': [77.02371262372904, 191.62085546684045], 'axes': [25.77623782061521, 40.57410538983037], 'angle': -70.49930324460306}, 'location': [77.02371262372904, 191.62085546684045], 'diameter': 40.57410538983037, 'sphere': {'center': [-4.933524785745028, -1.6530705696306138, 61.79209814046022], 'radius': 12.0}, 'projected_sphere': {'center': [110.49876182859234, 103.41367611694845], 'axes': [240.80748910930532, 240.80748910930532], 'angle': 90.0}, 'model_confidence': 0.9287065523311933, 'model_id': 61, 'model_birth_timestamp': 12311.749401, 'theta': 2.2773475280157647, 'phi': -1.8089583097034567, 'norm_pos': [0.24069910194915325, 0.20157976888816476], 'topic': 'pupil.1', 'id': 1, 'method': '3d c++'}"
1580974700.591445,"{'circle_3d': {'center': [-7.073344224514294, 6.10511556723813, 52.89087796370002], 'normal': [-0.17831828656410548, 0.6465155114057286, -0.7417683480633498], 'radius': 1.7417760682260859}, 'confidence': 0.9995949187580508, 'timestamp': 12646.972367, 'diameter_3d': 3.4835521364521718, 'ellipse': {'center': [77.13301878271491, 191.2779982492723], 'axes': [26.185456394937614, 40.9953037066502], 'angle': -70.4929907569996}, 'location': [77.13301878271491, 191.2779982492723], 'diameter': 40.9953037066502, 'sphere': {'center': [-4.933524785745028, -1.6530705696306138, 61.79209814046022], 'radius': 12.0}, 'projected_sphere': {'center': [110.49876182859234, 103.41367611694845], 'axes': [240.80748910930532, 240.80748910930532], 'angle': 90.0}, 'model_confidence': 0.9286903163109761, 'model_id': 61, 'model_birth_timestamp': 12311.749401, 'theta': 2.27380445367549, 'phi': -1.8067158884793917, 'norm_pos': [0.2410406836959841, 0.2030083406280322], 'topic': 'pupil.1', 'id': 1, 'method': '3d c++'}"
1580974700.598538,"{'circle_3d': {'center': [-7.0455967849211, 6.110014067838653, 52.88852196109358], 'normal': [-0.17600599993133928, 0.6469237197891057, -0.7419646816138865], 'radius': 1.7484393758396823}, 'confidence': 0.9998015915940236, 'timestamp': 12646.980767, 'diameter_3d': 3.4968787516793647, 'ellipse': {'center': [77.4540236017325, 191.3360937246021], 'axes': [26.306761829760507, 41.1540560633243], 'angle': -70.68729072344678}, 'location': [77.4540236017325, 191.3360937246021], 'diameter': 41.1540560633243, 'sphere': {'center': [-4.933524785745028, -1.6530705696306138, 61.79209814046022], 'radius': 12.0}, 'projected_sphere': {'center': [110.49876182859234, 103.41367611694845], 'axes': [240.80748910930532, 240.80748910930532], 'angle': 90.0}, 'model_confidence': 0.9288012186499328, 'model_id': 61, 'model_birth_timestamp': 12311.749401, 'theta': 2.2743396490414556, 'phi': -1.803707409586837, 'norm_pos': [0.24204382375541406, 0.2027662761474912], 'topic': 'pupil.1', 'id': 1, 'method': '3d c++'}"
1580974700.607085,"{'circle_3d': {'center': [-7.064456396683155, 6.091073826257915, 52.876529844208264], 'normal': [-0.17757763424484385, 0.645345366324044, -0.7429640246876626], 'radius': 1.7279572394398812}, 'confidence': 0.999874640867985, 'timestamp': 12646.989167, 'diameter_3d': 3.4559144788797624, 'ellipse': {'center': [77.21396494657373, 191.13702648486372], 'axes': [26.049318553951785, 40.6809022218264], 'angle': -70.5102215651881}, 'location': [77.21396494657373, 191.13702648486372], 'diameter': 40.6809022218264, 'sphere': {'center': [-4.933524785745028, -1.6530705696306138, 61.79209814046022], 'radius': 12.0}, 'projected_sphere': {'center': [110.49876182859234, 103.41367611694845], 'axes': [240.80748910930532, 240.80748910930532], 'angle': 90.0}, 'model_confidence': 0.9289787546012063, 'model_id': 61, 'model_birth_timestamp': 12311.749401, 'theta': 2.2722716384324113, 'phi': -1.805407310996886, 'norm_pos': [0.24129364045804289, 0.2035957229797345], 'topic': 'pupil.1', 'id': 1, 'method': '3d c++'}"
1580974700.618731,"{'circle_3d': {'center': [-7.073326454325176, 6.095170131469725, 52.88221515262285], 'normal': [-0.1783168057150123, 0.6456867250916949, -0.7424902489864474], 'radius': 1.7139079130127108}, 'confidence': 0.999758212671165, 'timestamp': 12646.997567, 'diameter_3d': 3.4278158260254217, 'ellipse': {'center': [77.11828923212758, 191.1821319137532], 'axes': [25.807274728785277, 40.345654579146434], 'angle': -70.4644696060986}, 'location': [77.11828923212758, 191.1821319137532], 'diameter': 40.345654579146434, 'sphere': {'center': [-4.933524785745028, -1.6530705696306138, 61.79209814046022], 'radius': 12.0}, 'projected_sphere': {'center': [110.49876182859234, 103.41367611694845], 'axes': [240.80748910930532, 240.80748910930532], 'angle': 90.0}, 'model_confidence': 0.9293235691246404, 'model_id': 61, 'model_birth_timestamp': 12311.749401, 'theta': 2.272718591293596, 'phi': -1.8064930304733964, 'norm_pos': [0.2409946538503987, 0.20340778369269497], 'topic': 'pupil.1', 'id': 1, 'method': '3d c++'}"
1580974700.627433,"{'circle_3d': {'center': [-7.058198698490592, 6.118552509554689, 52.89897520869025], 'normal': [-0.1770561593954636, 0.6476352565987753, -0.7410935776474971], 'radius': 1.7429604993712025}, 'confidence': 0.9999162376421373, 'timestamp': 12647.005967, 'diameter_3d': 3.485920998742405, 'ellipse': {'center': [77.32256640852492, 191.42411156431922], 'axes': [26.16939387310481, 41.01694624552769], 'angle': -70.62994777051546}, 'location': [77.32256640852492, 191.42411156431922], 'diameter': 41.01694624552769, 'sphere': {'center': [-4.933524785745028, -1.6530705696306138, 61.79209814046022], 'radius': 12.0}, 'projected_sphere': {'center': [110.49876182859234, 103.41367611694845], 'axes': [240.80748910930532, 240.80748910930532], 'angle': 90.0}, 'model_confidence': 0.9295130048002864, 'model_id': 61, 'model_birth_timestamp': 12311.749401, 'theta': 2.2752731148580168, 'phi': -1.805312322989676, 'norm_pos': [0.2416330200266404, 0.20239953514866993], 'topic': 'pupil.1', 'id': 1, 'method': '3d c++'}"
1580974700.6348531,"{'circle_3d': {'center': [-7.0439041257290125, 6.100588768883556, 52.879911769897674], 'normal': [-0.17586494499866537, 0.6461382782095142, -0.7426821975468787], 'radius': 1.7286086582471967}, 'confidence': 0.9998104648658309, 'timestamp': 12647.014367, 'diameter_3d': 3.4572173164943933, 'ellipse': {'center': [77.4594659646081, 191.2436542625968], 'axes': [26.0499680576503, 40.69366409844711], 'angle': -70.67133912580209}, 'location': [77.4594659646081, 191.2436542625968], 'diameter': 40.69366409844711, 'sphere': {'center': [-4.933524785745028, -1.6530705696306138, 61.79209814046022], 'radius': 12.0}, 'projected_sphere': {'center': [110.49876182859234, 103.41367611694845], 'axes': [240.80748910930532, 240.80748910930532], 'angle': 90.0}, 'model_confidence': 0.9296392191760705, 'model_id': 61, 'model_birth_timestamp': 12311.749401, 'theta': 2.2733100850932084, 'phi': -1.803310595208362, 'norm_pos': [0.2420608311394003, 0.20315144057251333], 'topic': 'pupil.1', 'id': 1, 'method': '3d c++'}"
1580974700.642646,"{'circle_3d': {'center': [-7.068736848801055, 6.107259226192802, 52.89164023618162], 'normal': [-0.17793433858800217, 0.6466941496519514, -0.7417048253565496], 'radius': 1.7221021702902675}, 'confidence': 0.9461830756083569, 'timestamp': 12647.022767, 'diameter_3d': 3.444204340580535, 'ellipse': {'center': [77.18695343627313, 191.3085268874941], 'axes': [25.887334848274, 40.53144498281941], 'angle': -70.52914988384984}, 'location': [77.18695343627313, 191.3085268874941], 'diameter': 40.53144498281941, 'sphere': {'center': [-4.933524785745028, -1.6530705696306138, 61.79209814046022], 'radius': 12.0}, 'projected_sphere': {'center': [110.49876182859234, 103.41367611694845], 'axes': [240.80748910930532, 240.80748910930532], 'angle': 90.0}, 'model_confidence': 0.9296599226327862, 'model_id': 61, 'model_birth_timestamp': 12311.749401, 'theta': 2.2740386334872307, 'phi': -1.8062459242514315, 'norm_pos': [0.24120922948835352, 0.2028811379687745], 'topic': 'pupil.1', 'id': 1, 'method': '3d c++'}"
1580974700.650177,"{'circle_3d': {'center': [-7.057601200006804, 6.091440701207, 52.875212778281], 'normal': [-0.17700636785514795, 0.6453759392364679, -0.7430737801816014], 'radius': 1.7137064008115057}, 'confidence': 0.9975304996656453, 'timestamp': 12647.031167, 'diameter_3d': 3.4274128016230114, 'ellipse': {'center': [77.29128858372866, 191.14768107843975], 'axes': [25.842874920025128, 40.34624329873346], 'angle': -70.55592813503854}, 'location': [77.29128858372866, 191.14768107843975], 'diameter': 40.34624329873346, 'sphere': {'center': [-4.933524785745028, -1.6530705696306138, 61.79209814046022], 'radius': 12.0}, 'projected_sphere': {'center': [110.49876182859234, 103.41367611694845], 'axes': [240.80748910930532, 240.80748910930532], 'angle': 90.0}, 'model_confidence': 0.9298119000716087, 'model_id': 61, 'model_birth_timestamp': 12311.749401, 'theta': 2.2723116617236587, 'phi': -1.8046465342777238, 'norm_pos': [0.24153527682415205, 0.2035513288398344], 'topic': 'pupil.1', 'id': 1, 'method': '3d c++'}"
1580974700.6585019,"{'circle_3d': {'center': [-7.040847928295385, 6.1068421859097715, 52.88463255257983], 'normal': [-0.1756102618791964, 0.6466593962950321, -0.7422887989900324], 'radius': 1.7152402745127528}, 'confidence': 0.8789761978011176, 'timestamp': 12647.039567, 'diameter_3d': 3.4304805490255057, 'ellipse': {'center': [77.50173662461785, 191.31499543514886], 'axes': [25.826893612681598, 40.375213204870384], 'angle': -70.7092156878849}, 'location': [77.50173662461785, 191.31499543514886], 'diameter': 40.375213204870384, 'sphere': {'center': [-4.933524785745028, -1.6530705696306138, 61.79209814046022], 'radius': 12.0}, 'projected_sphere': {'center': [110.49876182859234, 103.41367611694845], 'axes': [240.80748910930532, 240.80748910930532], 'angle': 90.0}, 'model_confidence': 0.9298941287077866, 'model_id': 61, 'model_birth_timestamp': 12311.749401, 'theta': 2.2739930710983245, 'phi': -1.803104531793214, 'norm_pos': [0.2421929269519308, 0.20285418568687974], 'topic': 'pupil.1', 'id': 1, 'method': '3d c++'}"
1580974700.666379,"{'circle_3d': {'center': [-7.05400895385862, 6.103544700208559, 52.88488384818694], 'normal': [-0.176707014009466, 0.6463846058199311, -0.7422678576894399], 'radius': 1.7283414529172518}, 'confidence': 0.9994922685703028, 'timestamp': 12647.047967, 'diameter_3d': 3.4566829058345037, 'ellipse': {'center': [77.34900093856422, 191.27184117075518], 'axes': [26.01863901653562, 40.68355254819624], 'angle': -70.61409850831444}, 'location': [77.34900093856422, 191.27184117075518], 'diameter': 40.68355254819624, 'sphere': {'center': [-4.933524785745028, -1.6530705696306138, 61.79209814046022], 'radius': 12.0}, 'projected_sphere': {'center': [110.49876182859234, 103.41367611694845], 'axes': [240.80748910930532, 240.80748910930532], 'angle': 90.0}, 'model_confidence': 0.9301304624291795, 'model_id': 61, 'model_birth_timestamp': 12311.749401, 'theta': 2.273632876894974, 'phi': -1.804509637621504, 'norm_pos': [0.24171562793301318, 0.20303399512185338], 'topic': 'pupil.1', 'id': 1, 'method': '3d c++'}"
1580974700.674651,"{'circle_3d': {'center': [-7.043923572025482, 6.121190577895691, 52.89788201013547], 'normal': [-0.1758665655233711, 0.647855095627192, -0.7411846775270625], 'radius': 1.7318836758185658}, 'confidence': 0.9998969014726816, 'timestamp': 12647.056367, 'diameter_3d': 3.4637673516371317, 'ellipse': {'center': [77.4870829772489, 191.46001155838388], 'axes': [26.013063707818503, 40.7569953596456], 'angle': -70.7302301548707}, 'location': [77.4870829772489, 191.46001155838388], 'diameter': 40.7569953596456, 'sphere': {'center': [-4.933524785745028, -1.6530705696306138, 61.79209814046022], 'radius': 12.0}, 'projected_sphere': {'center': [110.49876182859234, 103.41367611694845], 'axes': [240.80748910930532, 240.80748910930532], 'angle': 90.0}, 'model_confidence': 0.9303438979541889, 'model_id': 61, 'model_birth_timestamp': 12311.749401, 'theta': 2.275561671650438, 'phi': -1.8037656481541404, 'norm_pos': [0.24214713430390283, 0.2022499518400671], 'topic': 'pupil.1', 'id': 1, 'method': '3d c++'}"
1580974700.682525,"{'circle_3d': {'center': [-7.0678429316140505, 6.088845462295442, 52.875404683420186], 'normal': [-0.17785984548908515, 0.6451596693271713, -0.7430577880866694], 'radius': 1.7039018661061665}, 'confidence': 0.9999406916709354, 'timestamp': 12647.064767, 'diameter_3d': 3.407803732212333, 'ellipse': {'center': [77.17131256199099, 191.12027368218867], 'axes': [25.69051693762024, 40.11515191052495], 'angle': -70.48184874181905}, 'location': [77.17131256199099, 191.12027368218867], 'diameter': 40.11515191052495, 'sphere': {'center': [-4.933524785745028, -1.6530705696306138, 61.79209814046022], 'radius': 12.0}, 'projected_sphere': {'center': [110.49876182859234, 103.41367611694845], 'axes': [240.80748910930532, 240.80748910930532], 'angle': 90.0}, 'model_confidence': 0.9305788895805134, 'model_id': 61, 'model_birth_timestamp': 12311.749401, 'theta': 2.272028569786991, 'phi': -1.8057380276903825, 'norm_pos': [0.24116035175622183, 0.20366552632421386], 'topic': 'pupil.1', 'id': 1, 'method': '3d c++'}"
1580974700.690161,"{'circle_3d': {'center': [-7.05767897275661, 6.115114988262274, 52.895848249188866], 'normal': [-0.17701284891763178, 0.647348796491074, -0.7413541576059459], 'radius': 1.7188575361355611}, 'confidence': 0.9998267760910078, 'timestamp': 12647.073167, 'diameter_3d': 3.4377150722711223, 'ellipse': {'center': [77.32250172880322, 191.39592510995595], 'axes': [25.822230740813644, 40.45184142037418], 'angle': -70.62354299542675}, 'location': [77.32250172880322, 191.39592510995595], 'diameter': 40.45184142037418, 'sphere': {'center': [-4.933524785745028, -1.6530705696306138, 61.79209814046022], 'radius': 12.0}, 'projected_sphere': {'center': [110.49876182859234, 103.41367611694845], 'axes': [240.80748910930532, 240.80748910930532], 'angle': 90.0}, 'model_confidence': 0.9308081312467964, 'model_id': 61, 'model_birth_timestamp': 12311.749401, 'theta': 2.2748972185797114, 'phi': -1.8051776112176765, 'norm_pos': [0.24163281790251007, 0.20251697870851681], 'topic': 'pupil.1', 'id': 1, 'method': '3d c++'}"
1580974700.702606,"{'circle_3d': {'center': [-7.065395998351803, 6.10639793738984, 52.890088613313196], 'normal': [-0.17765593438389785, 0.6466223755850379, -0.7418341272622515], 'radius': 1.7253412999129694}, 'confidence': 0.9997327909122498, 'timestamp': 12647.081567, 'diameter_3d': 3.4506825998259387, 'ellipse': {'center': [77.22377957776743, 191.29941617613719], 'axes': [25.94463702749078, 40.60890752815919], 'angle': -70.54834182330329}, 'location': [77.22377957776743, 191.29941617613719], 'diameter': 40.60890752815919, 'sphere': {'center': [-4.933524785745028, -1.6530705696306138, 61.79209814046022], 'radius': 12.0}, 'projected_sphere': {'center': [110.49876182859234, 103.41367611694845], 'axes': [240.80748910930532, 240.80748910930532], 'angle': 90.0}, 'model_confidence': 0.9309260015679444, 'model_id': 61, 'model_birth_timestamp': 12311.749401, 'theta': 2.273944538097189, 'phi': -1.8058514795193603, 'norm_pos': [0.24132431118052322, 0.20291909926609508], 'topic': 'pupil.1', 'id': 1, 'method': '3d c++'}"
1580974700.7103481,"{'circle_3d': {'center': [-7.054993613393105, 6.097708597173881, 52.8800393255316], 'normal': [-0.17678906897067306, 0.6458982639003745, -0.7426715679107183], 'radius': 1.6984214190808193}, 'confidence': 0.990161878618852, 'timestamp': 12647.089967, 'diameter_3d': 3.3968428381616387, 'ellipse': {'center': [77.32839378309951, 191.21964783960735], 'axes': [25.59029411951401, 39.982579561084705], 'angle': -70.59101427896945}, 'location': [77.32839378309951, 191.21964783960735], 'diameter': 39.982579561084705, 'sphere': {'center': [-4.933524785745028, -1.6530705696306138, 61.79209814046022], 'radius': 12.0}, 'projected_sphere': {'center': [110.49876182859234, 103.41367611694845], 'axes': [240.80748910930532, 240.80748910930532], 'angle': 90.0}, 'model_confidence': 0.9311617529737748, 'model_id': 61, 'model_birth_timestamp': 12311.749401, 'theta': 2.2729956511725464, 'phi': -1.8044917292134008, 'norm_pos': [0.241651230572186, 0.20325146733496935], 'topic': 'pupil.1', 'id': 1, 'method': '3d c++'}"
1580974700.718273,"{'circle_3d': {'center': [-7.081764556228519, 6.125424163615948, 52.91065199845336], 'normal': [-0.17901998087362417, 0.6482078944372135, -0.740120511833905], 'radius': 1.739703208140383}, 'confidence': 0.9997757597754319, 'timestamp': 12647.098367, 'diameter_3d': 3.479406416280766, 'ellipse': {'center': [77.06508564414075, 191.49029107303716], 'axes': [26.05605477522871, 40.931236031433954], 'angle': -70.49701898077423}, 'location': [77.06508564414075, 191.49029107303716], 'diameter': 40.931236031433954, 'sphere': {'center': [-4.933524785745028, -1.6530705696306138, 61.79209814046022], 'radius': 12.0}, 'projected_sphere': {'center': [110.49876182859234, 103.41367611694845], 'axes': [240.80748910930532, 240.80748910930532], 'angle': 90.0}, 'model_confidence': 0.9314726437580356, 'model_id': 61, 'model_birth_timestamp': 12311.749401, 'theta': 2.2760248971609744, 'phi': -1.8081176868673416, 'norm_pos': [0.24082839263793984, 0.20212378719567847], 'topic': 'pupil.1', 'id': 1, 'method': '3d c++'}"
1580974700.726867,"{'circle_3d': {'center': [-7.05659980170099, 6.109354768834963, 52.89056426469638], 'normal': [-0.17692291799633014, 0.6468687782054648, -0.7417944896469864], 'radius': 1.7705855162430828}, 'confidence': 0.9994282516993578, 'timestamp': 12647.106767, 'diameter_3d': 3.5411710324861656, 'ellipse': {'center': [77.3298160766685, 191.31834049360035], 'axes': [26.62641608971055, 41.67397737998173], 'angle': -70.61380292976418}, 'location': [77.3298160766685, 191.31834049360035], 'diameter': 41.67397737998173, 'sphere': {'center': [-4.933524785745028, -1.6530705696306138, 61.79209814046022], 'radius': 12.0}, 'projected_sphere': {'center': [110.49876182859234, 103.41367611694845], 'axes': [240.80748910930532, 240.80748910930532], 'angle': 90.0}, 'model_confidence': 0.9314337061496425, 'model_id': 61, 'model_birth_timestamp': 12311.749401, 'theta': 2.2742676018778436, 'phi': -1.8049288110906063, 'norm_pos': [0.24165567523958903, 0.2028402479433319], 'topic': 'pupil.1', 'id': 1, 'method': '3d c++'}"
1580974700.7345212,"{'circle_3d': {'center': [-7.043873168481265, 6.112822047195705, 52.89056222987686], 'normal': [-0.17586236522801973, 0.6471577180688599, -0.7417946592152794], 'radius': 1.7613253023371491}, 'confidence': 0.9991655895104978, 'timestamp': 12647.115167, 'diameter_3d': 3.5226506046742982, 'ellipse': {'center': [77.47801494408917, 191.36196534476483], 'axes': [26.491470147961124, 41.4559195281435], 'angle': -70.70649387688316}, 'location': [77.47801494408917, 191.36196534476483], 'diameter': 41.4559195281435, 'sphere': {'center': [-4.933524785745028, -1.6530705696306138, 61.79209814046022], 'radius': 12.0}, 'projected_sphere': {'center': [110.49876182859234, 103.41367611694845], 'axes': [240.80748910930532, 240.80748910930532], 'angle': 90.0}, 'model_confidence': 0.9315766947264215, 'model_id': 61, 'model_birth_timestamp': 12311.749401, 'theta': 2.2746465499675366, 'phi': -1.8035755639503033, 'norm_pos': [0.24211879670027864, 0.20265847773014656], 'topic': 'pupil.1', 'id': 1, 'method': '3d c++'}"
1580974700.742501,"{'circle_3d': {'center': [-7.035402718133028, 6.121852919722308, 52.896443364557065], 'normal': [-0.17515649436566663, 0.6479102907794102, -0.741304564658596], 'radius': 1.759961826013129}, 'confidence': 0.999107168722205, 'timestamp': 12647.123567, 'diameter_3d': 3.519923652026258, 'ellipse': {'center': [77.58596081413747, 191.4603117991852], 'axes': [26.445200635459397, 41.41922580327121], 'angle': -70.7873852577445}, 'location': [77.58596081413747, 191.4603117991852], 'diameter': 41.41922580327121, 'sphere': {'center': [-4.933524785745028, -1.6530705696306138, 61.79209814046022], 'radius': 12.0}, 'projected_sphere': {'center': [110.49876182859234, 103.41367611694845], 'axes': [240.80748910930532, 240.80748910930532], 'angle': 90.0}, 'model_confidence': 0.9314687355879481, 'model_id': 61, 'model_birth_timestamp': 12311.749401, 'theta': 2.275634130945346, 'phi': -1.8028222962285634, 'norm_pos': [0.24245612754417958, 0.2022487008367283], 'topic': 'pupil.1', 'id': 1, 'method': '3d c++'}"
1580974700.750199,"{'circle_3d': {'center': [-7.019919409257412, 6.092315006906359, 52.86707938721652], 'normal': [-0.17386621862603197, 0.6454487980447478, -0.743751562770308], 'radius': 1.7289824710630144}, 'confidence': 0.9993720604867078, 'timestamp': 12647.131967, 'diameter_3d': 3.457964942126029, 'ellipse': {'center': [77.72014791043058, 191.1634471128638], 'axes': [26.125407338718627, 40.712327192365514], 'angle': -70.80399036371081}, 'location': [77.72014791043058, 191.1634471128638], 'diameter': 40.712327192365514, 'sphere': {'center': [-4.933524785745028, -1.6530705696306138, 61.79209814046022], 'radius': 12.0}, 'projected_sphere': {'center': [110.49876182859234, 103.41367611694845], 'axes': [240.80748910930532, 240.80748910930532], 'angle': 90.0}, 'model_confidence': 0.9315200510984778, 'model_id': 61, 'model_birth_timestamp': 12311.749401, 'theta': 2.272407047340781, 'phi': -1.8004415953827633, 'norm_pos': [0.24287546222009557, 0.2034856370297342], 'topic': 'pupil.1', 'id': 1, 'method': '3d c++'}"
1580974700.7588181,"{'circle_3d': {'center': [-7.008011852996869, 6.043545593175772, 52.822226176478104], 'normal': [-0.17287392227098672, 0.6413846802338655, -0.7474893303318428], 'radius': 1.7212529158142427}, 'confidence': 0.9985672422606814, 'timestamp': 12647.140366, 'diameter_3d': 3.4425058316284853, 'ellipse': {'center': [77.79012978352432, 190.65349511431094], 'axes': [26.227280043148557, 40.56453982681073], 'angle': -70.74207952375414}, 'location': [77.79012978352432, 190.65349511431094], 'diameter': 40.56453982681073, 'sphere': {'center': [-4.933524785745028, -1.6530705696306138, 61.79209814046022], 'radius': 12.0}, 'projected_sphere': {'center': [110.49876182859234, 103.41367611694845], 'axes': [240.80748910930532, 240.80748910930532], 'angle': 90.0}, 'model_confidence': 0.931281787911209, 'model_id': 61, 'model_birth_timestamp': 12311.749401, 'theta': 2.267098037252443, 'phi': -1.7980731942168677, 'norm_pos': [0.2430941555735135, 0.2056104370237044], 'topic': 'pupil.1', 'id': 1, 'method': '3d c++'}"
1580974700.7663512,"{'circle_3d': {'center': [-6.99185289496315, 6.0342397398151295, 52.81053115016884], 'normal': [-0.17152734243484347, 0.640609192453812, -0.748463915857615], 'radius': 1.7274343845289413}, 'confidence': 0.9883386573425121, 'timestamp': 12647.148766, 'diameter_3d': 3.4548687690578825, 'ellipse': {'center': [77.96162924474004, 190.55760872952982], 'axes': [26.38338688254689, 40.71928015388935], 'angle': -70.82155859132442}, 'location': [77.96162924474004, 190.55760872952982], 'diameter': 40.71928015388935, 'sphere': {'center': [-4.933524785745028, -1.6530705696306138, 61.79209814046022], 'radius': 12.0}, 'projected_sphere': {'center': [110.49876182859234, 103.41367611694845], 'axes': [240.80748910930532, 240.80748910930532], 'angle': 90.0}, 'model_confidence': 0.9312760892720151, 'model_id': 61, 'model_birth_timestamp': 12311.749401, 'theta': 2.26608768676969, 'phi': -1.7960786427835582, 'norm_pos': [0.24363009138981262, 0.20600996362695911], 'topic': 'pupil.1', 'id': 1, 'method': '3d c++'}"
1580974700.774244,"{'circle_3d': {'center': [-6.947489801942872, 6.044995860098043, 52.80968654017069], 'normal': [-0.16783041801648696, 0.6415055358107213, -0.7485343000241276], 'radius': 1.7036107496045803}, 'confidence': 0.9891862348742184, 'timestamp': 12647.157166, 'diameter_3d': 3.4072214992091605, 'ellipse': {'center': [78.47834491679333, 190.69240773789528], 'axes': [26.038185227529656, 40.158099295269295], 'angle': -71.14488101186417}, 'location': [78.47834491679333, 190.69240773789528], 'diameter': 40.158099295269295, 'sphere': {'center': [-4.933524785745028, -1.6530705696306138, 61.79209814046022], 'radius': 12.0}, 'projected_sphere': {'center': [110.49876182859234, 103.41367611694845], 'axes': [240.80748910930532, 240.80748910930532], 'angle': 90.0}, 'model_confidence': 0.9315081689485472, 'model_id': 61, 'model_birth_timestamp': 12311.749401, 'theta': 2.2672555717560923, 'phi': -1.7913606708714862, 'norm_pos': [0.24524482786497917, 0.205448301092103], 'topic': 'pupil.1', 'id': 1, 'method': '3d c++'}"
1580974700.78755,"{'circle_3d': {'center': [-6.905023356608509, 6.084973797411765, 52.83465080548989], 'normal': [-0.1642915475719567, 0.6448370305868649, -0.7464539445808603], 'radius': 1.7073196514300306}, 'confidence': 0.9990113636371841, 'timestamp': 12647.165566, 'diameter_3d': 3.4146393028600612, 'ellipse': {'center': [79.01341198205944, 191.12674286248392], 'axes': [25.99052304833993, 40.22661292584719], 'angle': -71.53768994643934}, 'location': [79.01341198205944, 191.12674286248392], 'diameter': 40.22661292584719, 'sphere': {'center': [-4.933524785745028, -1.6530705696306138, 61.79209814046022], 'radius': 12.0}, 'projected_sphere': {'center': [110.49876182859234, 103.41367611694845], 'axes': [240.80748910930532, 240.80748910930532], 'angle': 90.0}, 'model_confidence': 0.9315405852235448, 'model_id': 61, 'model_birth_timestamp': 12311.749401, 'theta': 2.2716063694220874, 'phi': -1.7874382238223039, 'norm_pos': [0.24691691244393574, 0.20363857140631703], 'topic': 'pupil.1', 'id': 1, 'method': '3d c++'}"
1580974700.794474,"{'circle_3d': {'center': [-6.857659859016047, 6.113433898649408, 52.84899394985644], 'normal': [-0.16034458943925153, 0.6472087056900019, -0.7452586825503146], 'radius': 1.7000765292771125}, 'confidence': 0.9977394766653445, 'timestamp': 12647.173966, 'diameter_3d': 3.400153058554225, 'ellipse': {'center': [79.58877401533732, 191.44339171772262], 'axes': [25.828194415324845, 40.04502810150661], 'angle': -71.92925973122496}, 'location': [79.58877401533732, 191.44339171772262], 'diameter': 40.04502810150661, 'sphere': {'center': [-4.933524785745028, -1.6530705696306138, 61.79209814046022], 'radius': 12.0}, 'projected_sphere': {'center': [110.49876182859234, 103.41367611694845], 'axes': [240.80748910930532, 240.80748910930532], 'angle': 90.0}, 'model_confidence': 0.9310878337248085, 'model_id': 61, 'model_birth_timestamp': 12311.749401, 'theta': 2.2747134334959034, 'phi': -1.7827186557263688, 'norm_pos': [0.24871491879792912, 0.20231920117615576], 'topic': 'pupil.1', 'id': 1, 'method': '3d c++'}"
1580974700.802437,"{'circle_3d': {'center': [-6.822714343913342, 6.176136276083838, 52.896341681320514], 'normal': [-0.1574324631806928, 0.6524339038095377, -0.741313038261642], 'radius': 1.6814423583410767}, 'confidence': 0.815326142715737, 'timestamp': 12647.182366, 'diameter_3d': 3.3628847166821534, 'ellipse': {'center': [80.0674417563362, 192.12055082607853], 'axes': [25.335270443919782, 39.57052856718592], 'angle': -72.33000146977344}, 'location': [80.0674417563362, 192.12055082607853], 'diameter': 39.57052856718592, 'sphere': {'center': [-4.933524785745028, -1.6530705696306138, 61.79209814046022], 'radius': 12.0}, 'projected_sphere': {'center': [110.49876182859234, 103.41367611694845], 'axes': [240.80748910930532, 240.80748910930532], 'angle': 90.0}, 'model_confidence': 0.9312050542239159, 'model_id': 61, 'model_birth_timestamp': 12311.749401, 'theta': 2.281587950307776, 'phi': -1.7800570920926158, 'norm_pos': [0.2502107554885506, 0.19949770489133944], 'topic': 'pupil.1', 'id': 1, 'method': '3d c++'}"
1580974700.810252,"{'circle_3d': {'center': [-6.798332673959548, 6.209588929731053, 52.920735385102354], 'normal': [-0.15540065735120992, 0.6552216249468056, -0.7392802296131552], 'radius': 1.6558442740436976}, 'confidence': 0.7038329230146998, 'timestamp': 12647.190766, 'diameter_3d': 3.311688548087395, 'ellipse': {'center': [80.38760806645853, 192.48743606774244], 'axes': [24.845208269499548, 38.949905835965836], 'angle': -72.57984564881477}, 'location': [80.38760806645853, 192.48743606774244], 'diameter': 38.949905835965836, 'sphere': {'center': [-4.933524785745028, -1.6530705696306138, 61.79209814046022], 'radius': 12.0}, 'projected_sphere': {'center': [110.49876182859234, 103.41367611694845], 'axes': [240.80748910930532, 240.80748910930532], 'angle': 90.0}, 'model_confidence': 0.9312368665523318, 'model_id': 61, 'model_birth_timestamp': 12311.749401, 'theta': 2.2852722832417505, 'phi': -1.7779851867808323, 'norm_pos': [0.2512112752076829, 0.19796901638440656], 'topic': 'pupil.1', 'id': 1, 'method': '3d c++'}"
1580974700.818942,"{'circle_3d': {'center': [-6.918688108204439, 6.47603360509931, 53.19112192263759], 'normal': [-0.16543027687161752, 0.6774253478941604, -0.7167480181518856], 'radius': 1.710786022629222}, 'confidence': 0.5454739928823746, 'timestamp': 12647.199166, 'diameter_3d': 3.421572045258444, 'ellipse': {'center': [79.39071329222223, 195.21159259902265], 'axes': [24.360580795346774, 40.03891786826024], 'angle': -72.5026110843972}, 'location': [79.39071329222223, 195.21159259902265], 'diameter': 40.03891786826024, 'sphere': {'center': [-4.933524785745028, -1.6530705696306138, 61.79209814046022], 'radius': 12.0}, 'projected_sphere': {'center': [110.49876182859234, 103.41367611694845], 'axes': [240.80748910930532, 240.80748910930532], 'angle': 90.0}, 'model_confidence': 0.9312368665523318, 'model_id': 61, 'model_birth_timestamp': 12311.749401, 'theta': 2.315053183830332, 'phi': -1.7976307917571377, 'norm_pos': [0.24809597903819447, 0.18661836417073896], 'topic': 'pupil.1', 'id': 1, 'method': '3d c++'}"
1580974700.826744,"{'circle_3d': {'center': [-6.846455235700214, 6.274323710961058, 52.98885345377357], 'normal': [-0.15941087082959882, 0.660616190049306, -0.733603723890554], 'radius': 1.6282278395312193}, 'confidence': 0.7173861864176098, 'timestamp': 12647.207566, 'diameter_3d': 3.2564556790624386, 'ellipse': {'center': [79.92608683744668, 193.1613881289388], 'axes': [24.108670200192815, 38.25091570146545], 'angle': -72.43674129484214}, 'location': [79.92608683744668, 193.1613881289388], 'diameter': 38.25091570146545, 'sphere': {'center': [-4.933524785745028, -1.6530705696306138, 61.79209814046022], 'radius': 12.0}, 'projected_sphere': {'center': [110.49876182859234, 103.41367611694845], 'axes': [240.80748910930532, 240.80748910930532], 'angle': 90.0}, 'model_confidence': 0.9311569658568053, 'model_id': 61, 'model_birth_timestamp': 12311.749401, 'theta': 2.2924355861428443, 'phi': -1.7847682386725916, 'norm_pos': [0.24976902136702087, 0.19516088279608834], 'topic': 'pupil.1', 'id': 1, 'method': '3d c++'}"
1580974700.8344278,"{'circle_3d': {'center': [-6.899708678567971, 6.470273330017877, 53.18132553937225], 'normal': [-0.16384865773524526, 0.6769453249707077, -0.7175643834239973], 'radius': 1.7010902763918196}, 'confidence': 0.4600471483915237, 'timestamp': 12647.215966, 'diameter_3d': 3.4021805527836393, 'ellipse': {'center': [79.59630049902962, 195.16108792944664], 'axes': [24.27400287253479, 39.819189071673364], 'angle': -72.6080991687345}, 'location': [79.59630049902962, 195.16108792944664], 'diameter': 39.819189071673364, 'sphere': {'center': [-4.933524785745028, -1.6530705696306138, 61.79209814046022], 'radius': 12.0}, 'projected_sphere': {'center': [110.49876182859234, 103.41367611694845], 'axes': [240.80748910930532, 240.80748910930532], 'angle': 90.0}, 'model_confidence': 0.9311569658568053, 'model_id': 61, 'model_birth_timestamp': 12311.749401, 'theta': 2.3144008125261486, 'phi': -1.795287554728669, 'norm_pos': [0.24873843905946758, 0.1868288002939723], 'topic': 'pupil.1', 'id': 1, 'method': '3d c++'}"
1580974700.842669,"{'circle_3d': {'center': [-6.892408641810142, 6.46027967054782, 53.170246719875195], 'normal': [-0.16324032133875943, 0.6761125200148695, -0.7184876183820853], 'radius': 1.7028430119946394}, 'confidence': 0.5568793236637117, 'timestamp': 12647.224366, 'diameter_3d': 3.4056860239892788, 'ellipse': {'center': [79.66471068192155, 195.05943158743509], 'axes': [24.35282271918999, 39.868518205698734], 'angle': -72.6285677321572}, 'location': [79.66471068192155, 195.05943158743509], 'diameter': 39.868518205698734, 'sphere': {'center': [-4.933524785745028, -1.6530705696306138, 61.79209814046022], 'radius': 12.0}, 'projected_sphere': {'center': [110.49876182859234, 103.41367611694845], 'axes': [240.80748910930532, 240.80748910930532], 'angle': 90.0}, 'model_confidence': 0.9311569658568053, 'model_id': 61, 'model_birth_timestamp': 12311.749401, 'theta': 2.3132699231348846, 'phi': -1.7942036848772658, 'norm_pos': [0.24895222088100483, 0.18725236838568715], 'topic': 'pupil.1', 'id': 1, 'method': '3d c++'}"
1580974700.850347,"{'circle_3d': {'center': [-6.889238746379405, 6.4649269159802465, 53.17390228936728], 'normal': [-0.16297616338619803, 0.6764997904675716, -0.7181829875910783], 'radius': 1.7114466206343688}, 'confidence': 0.612559551376733, 'timestamp': 12647.232766, 'diameter_3d': 3.4228932412687376, 'ellipse': {'center': [79.70737456145456, 195.10573542756248], 'axes': [24.46000424037335, 40.06730528787544], 'angle': -72.66075229916004}, 'location': [79.70737456145456, 195.10573542756248], 'diameter': 40.06730528787544, 'sphere': {'center': [-4.933524785745028, -1.6530705696306138, 61.79209814046022], 'radius': 12.0}, 'projected_sphere': {'center': [110.49876182859234, 103.41367611694845], 'axes': [240.80748910930532, 240.80748910930532], 'angle': 90.0}, 'model_confidence': 0.9311569658568053, 'model_id': 61, 'model_birth_timestamp': 12311.749401, 'theta': 2.3137956624928466, 'phi': -1.7939455506342894, 'norm_pos': [0.24908554550454548, 0.1870594357184897], 'topic': 'pupil.1', 'id': 1, 'method': '3d c++'}"
1580974700.858569,"{'circle_3d': {'center': [-6.805853235737412, 6.305606271773428, 53.008371760987316], 'normal': [-0.15602737083269863, 0.6632230701170034, -0.7319771982894083], 'radius': 1.7780051416701088}, 'confidence': 0.8574372650160983, 'timestamp': 12647.241166, 'diameter_3d': 3.5560102833402176, 'ellipse': {'center': [80.43504321656964, 193.45177718666594], 'axes': [26.24708648549583, 41.75594308296966], 'angle': -72.78276620467273}, 'location': [80.43504321656964, 193.45177718666594], 'diameter': 41.75594308296966, 'sphere': {'center': [-4.933524785745028, -1.6530705696306138, 61.79209814046022], 'radius': 12.0}, 'projected_sphere': {'center': [110.49876182859234, 103.41367611694845], 'axes': [240.80748910930532, 240.80748910930532], 'angle': 90.0}, 'model_confidence': 0.9310265995282396, 'model_id': 61, 'model_birth_timestamp': 12311.749401, 'theta': 2.2959134037038185, 'phi': -1.780811958050959, 'norm_pos': [0.25135951005178014, 0.19395092838889194], 'topic': 'pupil.1', 'id': 1, 'method': '3d c++'}"
1580974700.8704798,"{'circle_3d': {'center': [-6.9186513032544354, 6.185642760973428, 52.92565319166076], 'normal': [-0.1654272097924506, 0.6532261108836702, -0.738870412399955], 'radius': 1.6732795541101924}, 'confidence': 0.9981982394256267, 'timestamp': 12647.249566, 'diameter_3d': 3.3465591082203847, 'ellipse': {'center': [78.99012130986912, 192.19565594205886], 'axes': [25.044709977702983, 39.356622088029646], 'angle': -71.7267749155916}, 'location': [78.99012130986912, 192.19565594205886], 'diameter': 39.356622088029646, 'sphere': {'center': [-4.933524785745028, -1.6530705696306138, 61.79209814046022], 'radius': 12.0}, 'projected_sphere': {'center': [110.49876182859234, 103.41367611694845], 'axes': [240.80748910930532, 240.80748910930532], 'angle': 90.0}, 'model_confidence': 0.9309105830530573, 'model_id': 61, 'model_birth_timestamp': 12311.749401, 'theta': 2.2826337622469155, 'phi': -1.7910559545268516, 'norm_pos': [0.24684412909334102, 0.19918476690808806], 'topic': 'pupil.1', 'id': 1, 'method': '3d c++'}"
1580974700.878997,"{'circle_3d': {'center': [-6.91265252727753, 6.166972035135698, 52.90784313273244], 'normal': [-0.16492731179437514, 0.6516702170638594, -0.7403545839773152], 'radius': 1.6410104849233}, 'confidence': 0.9988694655492475, 'timestamp': 12647.257966, 'diameter_3d': 3.2820209698466, 'ellipse': {'center': [79.03178607403906, 192.01113298388697], 'axes': [24.64416972611687, 38.61025170137483], 'angle': -71.71480427567323}, 'location': [79.03178607403906, 192.01113298388697], 'diameter': 38.61025170137483, 'sphere': {'center': [-4.933524785745028, -1.6530705696306138, 61.79209814046022], 'radius': 12.0}, 'projected_sphere': {'center': [110.49876182859234, 103.41367611694845], 'axes': [240.80748910930532, 240.80748910930532], 'angle': 90.0}, 'model_confidence': 0.9308791342614753, 'model_id': 61, 'model_birth_timestamp': 12311.749401, 'theta': 2.2805806793477585, 'phi': -1.7899853089920148, 'norm_pos': [0.24697433148137207, 0.19995361256713762], 'topic': 'pupil.1', 'id': 1, 'method': '3d c++'}"
1580974700.886521,"{'circle_3d': {'center': [-6.914165727883681, 6.155388342204816, 52.89799723702417], 'normal': [-0.16505341184488775, 0.6507049093196192, -0.7411750752863374], 'radius': 1.6568045361173083}, 'confidence': 0.9989401024463764, 'timestamp': 12647.266366, 'diameter_3d': 3.3136090722346165, 'ellipse': {'center': [78.99993650828984, 191.88372544563907], 'axes': [24.92628559799398, 38.98926195941039], 'angle': -71.67294924593087}, 'location': [78.99993650828984, 191.88372544563907], 'diameter': 38.98926195941039, 'sphere': {'center': [-4.933524785745028, -1.6530705696306138, 61.79209814046022], 'radius': 12.0}, 'projected_sphere': {'center': [110.49876182859234, 103.41367611694845], 'axes': [240.80748910930532, 240.80748910930532], 'angle': 90.0}, 'model_confidence': 0.9306535942713801, 'model_id': 61, 'model_birth_timestamp': 12311.749401, 'theta': 2.2793087244870534, 'phi': -1.789912451329216, 'norm_pos': [0.24687480158840575, 0.2004844773098372], 'topic': 'pupil.1', 'id': 1, 'method': '3d c++'}"
1580974700.8942149,"{'circle_3d': {'center': [-6.933999036390681, 6.13887388049044, 52.8879584033081], 'normal': [-0.16670618755380437, 0.6493287041767545, -0.7420116447626767], 'radius': 1.6553406807619853}, 'confidence': 0.9995255149338168, 'timestamp': 12647.274766, 'diameter_3d': 3.3106813615239705, 'ellipse': {'center': [78.752815344065, 191.7043083511897], 'axes': [24.943854186384527, 38.96217333233764], 'angle': -71.49735916955746}, 'location': [78.752815344065, 191.7043083511897], 'diameter': 38.96217333233764, 'sphere': {'center': [-4.933524785745028, -1.6530705696306138, 61.79209814046022], 'radius': 12.0}, 'projected_sphere': {'center': [110.49876182859234, 103.41367611694845], 'axes': [240.80748910930532, 240.80748910930532], 'angle': 90.0}, 'model_confidence': 0.93079771003034, 'model_id': 61, 'model_birth_timestamp': 12311.749401, 'theta': 2.277497736424997, 'phi': -1.7917946357018055, 'norm_pos': [0.24610254795020312, 0.20123204853670962], 'topic': 'pupil.1', 'id': 1, 'method': '3d c++'}"
1580974700.902582,"{'circle_3d': {'center': [-6.972209937846849, 6.128062969309054, 52.88717120646532], 'normal': [-0.16989042934181842, 0.648427794911639, -0.7420772444995749], 'radius': 1.659295202730122}, 'confidence': 0.8082132487895733, 'timestamp': 12647.283166, 'diameter_3d': 3.318590405460244, 'ellipse': {'center': [78.30510437087857, 191.5777049435998], 'axes': [24.994601709458777, 39.05587035183565], 'angle': -71.21718950697579}, 'location': [78.30510437087857, 191.5777049435998], 'diameter': 39.05587035183565, 'sphere': {'center': [-4.933524785745028, -1.6530705696306138, 61.79209814046022], 'radius': 12.0}, 'projected_sphere': {'center': [110.49876182859234, 103.41367611694845], 'axes': [240.80748910930532, 240.80748910930532], 'angle': 90.0}, 'model_confidence': 0.9308474293788893, 'model_id': 61, 'model_birth_timestamp': 12311.749401, 'theta': 2.2763137193297376, 'phi': -1.795856797529559, 'norm_pos': [0.24470345115899553, 0.20175956273500084], 'topic': 'pupil.1', 'id': 1, 'method': '3d c++'}"
1580974700.9103649,"{'circle_3d': {'center': [-6.976514747366209, 6.108440796827217, 52.8710481279863], 'normal': [-0.17024916346843172, 0.6467926138714859, -0.7434208343728269], 'radius': 1.6325207618102502}, 'confidence': 0.9996153037844195, 'timestamp': 12647.291566, 'diameter_3d': 3.2650415236205004, 'ellipse': {'center': [78.22883127643762, 191.37772489623933], 'axes': [24.66260313028467, 38.43707217784486], 'angle': -71.13388367058771}, 'location': [78.22883127643762, 191.37772489623933], 'diameter': 38.43707217784486, 'sphere': {'center': [-4.933524785745028, -1.6530705696306138, 61.79209814046022], 'radius': 12.0}, 'projected_sphere': {'center': [110.49876182859234, 103.41367611694845], 'axes': [240.80748910930532, 240.80748910930532], 'angle': 90.0}, 'model_confidence': 0.9309688165589969, 'model_id': 61, 'model_birth_timestamp': 12311.749401, 'theta': 2.274167731728829, 'phi': -1.7959221530440592, 'norm_pos': [0.24446509773886754, 0.2025928129323361], 'topic': 'pupil.1', 'id': 1, 'method': '3d c++'}"
1580974700.91902,"{'circle_3d': {'center': [-7.00380721981914, 6.1171259427813, 52.884911334197206], 'normal': [-0.1725235361728426, 0.6475163760343261, -0.7422655671885845], 'radius': 1.6684792151225498}, 'confidence': 0.9991863780656531, 'timestamp': 12647.299966, 'diameter_3d': 3.3369584302450996, 'ellipse': {'center': [77.9327173664453, 191.44988786954215], 'axes': [25.133104701736134, 39.27380337628187], 'angle': -70.98001553741659}, 'location': [77.9327173664453, 191.44988786954215], 'diameter': 39.27380337628187, 'sphere': {'center': [-4.933524785745028, -1.6530705696306138, 61.79209814046022], 'radius': 12.0}, 'projected_sphere': {'center': [110.49876182859234, 103.41367611694845], 'axes': [240.80748910930532, 240.80748910930532], 'angle': 90.0}, 'model_confidence': 0.9310472133427394, 'model_id': 61, 'model_birth_timestamp': 12311.749401, 'theta': 2.275117103827941, 'phi': -1.799169800526153, 'norm_pos': [0.24353974177014157, 0.2022921338769077], 'topic': 'pupil.1', 'id': 1, 'method': '3d c++'}"
1580974700.9267619,"{'circle_3d': {'center': [-7.013734590194963, 6.10772172688344, 52.87902739577079], 'normal': [-0.17335081703749455, 0.6467326913761712, -0.7427558953907853], 'radius': 1.6362857619015359}, 'confidence': 0.9996164265969701, 'timestamp': 12647.308365, 'diameter_3d': 3.2725715238030717, 'ellipse': {'center': [77.80599219609971, 191.3577306214124], 'axes': [24.67123923087234, 38.51994851200035], 'angle': -70.88865913305042}, 'location': [77.80599219609971, 191.3577306214124], 'diameter': 38.51994851200035, 'sphere': {'center': [-4.933524785745028, -1.6530705696306138, 61.79209814046022], 'radius': 12.0}, 'projected_sphere': {'center': [110.49876182859234, 103.41367611694845], 'axes': [240.80748910930532, 240.80748910930532], 'angle': 90.0}, 'model_confidence': 0.9311057931505884, 'model_id': 61, 'model_birth_timestamp': 12311.749401, 'theta': 2.274089164564524, 'phi': -1.8000807471517957, 'norm_pos': [0.24314372561281158, 0.2026761224107817], 'topic': 'pupil.1', 'id': 1, 'method': '3d c++'}"
1580974700.934185,"{'circle_3d': {'center': [-7.017135682988018, 6.107510094556838, 52.87963757204646], 'normal': [-0.1736342414369158, 0.6467150553489543, -0.7427050473678133], 'radius': 1.6162029253631858}, 'confidence': 0.9999505583252205, 'timestamp': 12647.316765, 'diameter_3d': 3.2324058507263715, 'ellipse': {'center': [77.76615353864142, 191.36067151541954], 'axes': [24.364360378198956, 38.0465358538046], 'angle': -70.86594758721436}, 'location': [77.76615353864142, 191.36067151541954], 'diameter': 38.0465358538046, 'sphere': {'center': [-4.933524785745028, -1.6530705696306138, 61.79209814046022], 'radius': 12.0}, 'projected_sphere': {'center': [110.49876182859234, 103.41367611694845], 'axes': [240.80748910930532, 240.80748910930532], 'angle': 90.0}, 'model_confidence': 0.9312984246623968, 'model_id': 61, 'model_birth_timestamp': 12311.749401, 'theta': 2.2740660421477727, 'phi': -1.8004577653930893, 'norm_pos': [0.24301922980825444, 0.20266386868575192], 'topic': 'pupil.1', 'id': 1, 'method': '3d c++'}"
1580974700.94297,"{'circle_3d': {'center': [-7.023652244702541, 6.115339648846055, 52.887988421752844], 'normal': [-0.17417728824645942, 0.647367518206389, -0.7420091432256144], 'radius': 1.6566080376196006}, 'confidence': 0.999750971823648, 'timestamp': 12647.325165, 'diameter_3d': 3.3132160752392013, 'ellipse': {'center': [77.70483668522745, 191.4287436648491], 'axes': [24.933483444923596, 38.99197723375942], 'angle': -70.84564960853149}, 'location': [77.70483668522745, 191.4287436648491], 'diameter': 38.99197723375942, 'sphere': {'center': [-4.933524785745028, -1.6530705696306138, 61.79209814046022], 'radius': 12.0}, 'projected_sphere': {'center': [110.49876182859234, 103.41367611694845], 'axes': [240.80748910930532, 240.80748910930532], 'angle': 90.0}, 'model_confidence': 0.9314778686713598, 'model_id': 61, 'model_birth_timestamp': 12311.749401, 'theta': 2.2749217817659226, 'phi': -1.8013594045156904, 'norm_pos': [0.2428276146413358, 0.2023802347297955], 'topic': 'pupil.1', 'id': 1, 'method': '3d c++'}"
1580974700.9542809,"{'circle_3d': {'center': [-7.039301760026635, 6.098022129363883, 52.87659112704928], 'normal': [-0.1754814145234673, 0.6459243915828748, -0.7429589177842446], 'radius': 1.634488927688128}, 'confidence': 0.9996139265231279, 'timestamp': 12647.333565, 'diameter_3d': 3.268977855376256, 'ellipse': {'center': [77.50318367991973, 191.2480441075995], 'axes': [24.64690056127915, 38.47938722050418], 'angle': -70.69429063075972}, 'location': [77.50318367991973, 191.2480441075995], 'diameter': 38.47938722050418, 'sphere': {'center': [-4.933524785745028, -1.6530705696306138, 61.79209814046022], 'radius': 12.0}, 'projected_sphere': {'center': [110.49876182859234, 103.41367611694845], 'axes': [240.80748910930532, 240.80748910930532], 'angle': 90.0}, 'model_confidence': 0.9315899678902007, 'model_id': 61, 'model_birth_timestamp': 12311.749401, 'theta': 2.2730298760306504, 'phi': -1.8027381925789598, 'norm_pos': [0.24219744899974915, 0.20313314955166872], 'topic': 'pupil.1', 'id': 1, 'method': '3d c++'}"
1580974700.9622998,"{'circle_3d': {'center': [-7.03847430261831, 6.078528091165296, 52.859485438691834], 'normal': [-0.1754124597394401, 0.6442998883996592, -0.7443843918140318], 'radius': 1.6700007981552445}, 'confidence': 0.9995632517013822, 'timestamp': 12647.341965, 'diameter_3d': 3.340001596310489, 'ellipse': {'center': [77.48833975389996, 191.0311444736691], 'axes': [25.26245988305628, 39.328470756832154], 'angle': -70.64352764669472}, 'location': [77.48833975389996, 191.0311444736691], 'diameter': 39.328470756832154, 'sphere': {'center': [-4.933524785745028, -1.6530705696306138, 61.79209814046022], 'radius': 12.0}, 'projected_sphere': {'center': [110.49876182859234, 103.41367611694845], 'axes': [240.80748910930532, 240.80748910930532], 'angle': 90.0}, 'model_confidence': 0.9317416771288944, 'model_id': 61, 'model_birth_timestamp': 12311.749401, 'theta': 2.2709038063304745, 'phi': -1.8022219884757122, 'norm_pos': [0.2421510617309374, 0.2040368980263788], 'topic': 'pupil.1', 'id': 1, 'method': '3d c++'}"
1580974700.970442,"{'circle_3d': {'center': [-7.051775966665999, 6.091973678867131, 52.87429002841055], 'normal': [-0.1765209317434142, 0.6454203540414788, -0.7431506760041391], 'radius': 1.6694979029684742}, 'confidence': 0.9990041043460073, 'timestamp': 12647.350365, 'diameter_3d': 3.3389958059369484, 'ellipse': {'center': [77.3555946917476, 191.16932011092638], 'axes': [25.181809621866584, 39.30564118962568], 'angle': -70.59554353867681}, 'location': [77.3555946917476, 191.16932011092638], 'diameter': 39.30564118962568, 'sphere': {'center': [-4.933524785745028, -1.6530705696306138, 61.79209814046022], 'radius': 12.0}, 'projected_sphere': {'center': [110.49876182859234, 103.41367611694845], 'axes': [240.80748910930532, 240.80748910930532], 'angle': 90.0}, 'model_confidence': 0.9317423965185756, 'model_id': 61, 'model_birth_timestamp': 12311.749401, 'theta': 2.272369807979862, 'phi': -1.8040049733606514, 'norm_pos': [0.24173623341171124, 0.2034611662044734], 'topic': 'pupil.1', 'id': 1, 'method': '3d c++'}"
1580974700.978261,"{'circle_3d': {'center': [-7.047807127210447, 6.104152132220818, 52.883938614809125], 'normal': [-0.17619019512211828, 0.646435225154286, -0.7423466271375909], 'radius': 1.6742413345580083}, 'confidence': 0.8711689936979324, 'timestamp': 12647.358765, 'diameter_3d': 3.3484826691160166, 'ellipse': {'center': [77.41713418294741, 191.29765272154128], 'axes': [25.20991582170826, 39.41020169678611], 'angle': -70.65637715826551}, 'location': [77.41713418294741, 191.29765272154128], 'diameter': 39.41020169678611, 'sphere': {'center': [-4.933524785745028, -1.6530705696306138, 61.79209814046022], 'radius': 12.0}, 'projected_sphere': {'center': [110.49876182859234, 103.41367611694845], 'axes': [240.80748910930532, 240.80748910930532], 'angle': 90.0}, 'model_confidence': 0.9317563130275097, 'model_id': 61, 'model_birth_timestamp': 12311.749401, 'theta': 2.273699220246092, 'phi': -1.8038267649739905, 'norm_pos': [0.24192854432171065, 0.20292644699357798], 'topic': 'pupil.1', 'id': 1, 'method': '3d c++'}"
1580974700.986536,"{'circle_3d': {'center': [-7.0421598938103305, 6.094728221796673, 52.874403826984775], 'normal': [-0.17571959233877513, 0.6456498992856072, -0.7431411927896204], 'radius': 1.6519881216598453}, 'confidence': 0.9741709254565671, 'timestamp': 12647.367165, 'diameter_3d': 3.3039762433196906, 'ellipse': {'center': [77.46729363754895, 191.20690833874738], 'axes': [24.92009698260171, 38.893139868709085], 'angle': -70.6661528207694}, 'location': [77.46729363754895, 191.20690833874738], 'diameter': 38.893139868709085, 'sphere': {'center': [-4.933524785745028, -1.6530705696306138, 61.79209814046022], 'radius': 12.0}, 'projected_sphere': {'center': [110.49876182859234, 103.41367611694845], 'axes': [240.80748910930532, 240.80748910930532], 'angle': 90.0}, 'model_confidence': 0.9316914675359445, 'model_id': 61, 'model_birth_timestamp': 12311.749401, 'theta': 2.2726703658632004, 'phi': -1.8029868729805991, 'norm_pos': [0.24208529261734046, 0.20330454858855262], 'topic': 'pupil.1', 'id': 1, 'method': '3d c++'}"
1580974700.99425,"{'circle_3d': {'center': [-7.055136721449109, 6.1144689378551345, 52.89467757077116], 'normal': [-0.17680099464200674, 0.6472949589571457, -0.7414517141407552], 'radius': 1.613192885362192}, 'confidence': 0.9998970244398993, 'timestamp': 12647.375565, 'diameter_3d': 3.226385770724384, 'ellipse': {'center': [77.34485891132397, 191.42331158115508], 'axes': [24.23952188928565, 37.96486376643173], 'angle': -70.63858065579889}, 'location': [77.34485891132397, 191.42331158115508], 'diameter': 37.96486376643173, 'sphere': {'center': [-4.933524785745028, -1.6530705696306138, 61.79209814046022], 'radius': 12.0}, 'projected_sphere': {'center': [110.49876182859234, 103.41367611694845], 'axes': [240.80748910930532, 240.80748910930532], 'angle': 90.0}, 'model_confidence': 0.9320108611539202, 'model_id': 61, 'model_birth_timestamp': 12311.749401, 'theta': 2.274826585740197, 'phi': -1.8048775501214211, 'norm_pos': [0.2417026840978874, 0.20240286841185384], 'topic': 'pupil.1', 'id': 1, 'method': '3d c++'}"
1580974701.002413,"{'circle_3d': {'center': [-7.051657247200854, 6.130031018182338, 52.90745720514322], 'normal': [-0.17651103845465216, 0.6485917989844127, -0.7403867446097503], 'radius': 1.663000235043953}, 'confidence': 0.9995667665211976, 'timestamp': 12647.383965, 'diameter_3d': 3.326000470087906, 'ellipse': {'center': [77.40780944656954, 191.57302521720231], 'axes': [24.93083214994792, 39.128127355612754], 'angle': -70.70557134298619}, 'location': [77.40780944656954, 191.57302521720231], 'diameter': 39.128127355612754, 'sphere': {'center': [-4.933524785745028, -1.6530705696306138, 61.79209814046022], 'radius': 12.0}, 'projected_sphere': {'center': [110.49876182859234, 103.41367611694845], 'axes': [240.80748910930532, 240.80748910930532], 'angle': 90.0}, 'model_confidence': 0.9320724055378538, 'model_id': 61, 'model_birth_timestamp': 12311.749401, 'theta': 2.2765291721866947, 'phi': -1.8048315275490694, 'norm_pos': [0.24189940452052983, 0.20177906159499037], 'topic': 'pupil.1', 'id': 1, 'method': '3d c++'}"
1580974701.01032,"{'circle_3d': {'center': [-7.045953195293036, 6.137632574247798, 52.91276310125275], 'normal': [-0.17603570079566733, 0.6492252619898676, -0.7399445866006225], 'radius': 1.670984022798576}, 'confidence': 0.9872153716382689, 'timestamp': 12647.392365, 'diameter_3d': 3.341968045597152, 'ellipse': {'center': [77.48305365873217, 191.65239181639643], 'axes': [25.027963212612867, 39.31213298012718], 'angle': -70.76424353892956}, 'location': [77.48305365873217, 191.65239181639643], 'diameter': 39.31213298012718, 'sphere': {'center': [-4.933524785745028, -1.6530705696306138, 61.79209814046022], 'radius': 12.0}, 'projected_sphere': {'center': [110.49876182859234, 103.41367611694845], 'axes': [240.80748910930532, 240.80748910930532], 'angle': 90.0}, 'model_confidence': 0.9321530296993563, 'model_id': 61, 'model_birth_timestamp': 12311.749401, 'theta': 2.2773617270761757, 'phi': -1.8043584239450898, 'norm_pos': [0.24213454268353804, 0.20144836743168149], 'topic': 'pupil.1', 'id': 1, 'method': '3d c++'}"
1580974701.0185862,"{'circle_3d': {'center': [-7.048360687392044, 6.132823996769989, 52.90911919699771], 'normal': [-0.17623632513725138, 0.6488245472000502, -0.7402482452885429], 'radius': 1.6961111940210203}, 'confidence': 0.9591110816676862, 'timestamp': 12647.400765, 'diameter_3d': 3.3922223880420406, 'ellipse': {'center': [77.45062619459534, 191.59294130502786], 'axes': [25.42096810434614, 39.906297904591696], 'angle': -70.73481312376292}, 'location': [77.45062619459534, 191.59294130502786], 'diameter': 39.906297904591696, 'sphere': {'center': [-4.933524785745028, -1.6530705696306138, 61.79209814046022], 'radius': 12.0}, 'projected_sphere': {'center': [110.49876182859234, 103.41367611694845], 'axes': [240.80748910930532, 240.80748910930532], 'angle': 90.0}, 'model_confidence': 0.9322807506258246, 'model_id': 61, 'model_birth_timestamp': 12311.749401, 'theta': 2.2768350024419903, 'phi': -1.8045225594189644, 'norm_pos': [0.24203320685811044, 0.2016960778957172], 'topic': 'pupil.1', 'id': 1, 'method': '3d c++'}"
1580974701.0262809,"{'circle_3d': {'center': [-7.06473914082561, 6.142557972206179, 52.921579496637975], 'normal': [-0.17760119625671514, 0.6496357118197327, -0.7392098869851871], 'radius': 1.6458516125705165}, 'confidence': 0.9997830138150888, 'timestamp': 12647.409165, 'diameter_3d': 3.291703225141033, 'ellipse': {'center': [77.27585383109947, 191.70630538030238], 'axes': [24.60492235829295, 38.71415501207071], 'angle': -70.65672923345988}, 'location': [77.27585383109947, 191.70630538030238], 'diameter': 38.71415501207071, 'sphere': {'center': [-4.933524785745028, -1.6530705696306138, 61.79209814046022], 'radius': 12.0}, 'projected_sphere': {'center': [110.49876182859234, 103.41367611694845], 'axes': [240.80748910930532, 240.80748910930532], 'angle': 90.0}, 'model_confidence': 0.93246764523649, 'model_id': 61, 'model_birth_timestamp': 12311.749401, 'theta': 2.2779014936858766, 'phi': -1.8065853789350017, 'norm_pos': [0.24148704322218584, 0.2012237275820734], 'topic': 'pupil.1', 'id': 1, 'method': '3d c++'}"
1580974701.038414,"{'circle_3d': {'center': [-7.082377272770046, 6.117772838846802, 52.90410479494462], 'normal': [-0.1790710405854181, 0.6475702840397847, -0.7406661121262996], 'radius': 1.6174062039035715}, 'confidence': 0.9995550537478609, 'timestamp': 12647.417565, 'diameter_3d': 3.234812407807143, 'ellipse': {'center': [77.04122969808006, 191.44832184496178], 'axes': [24.2519074231163, 38.05728401803683], 'angle': -70.47143537612898}, 'location': [77.04122969808006, 191.44832184496178], 'diameter': 38.05728401803683, 'sphere': {'center': [-4.933524785745028, -1.6530705696306138, 61.79209814046022], 'radius': 12.0}, 'projected_sphere': {'center': [110.49876182859234, 103.41367611694845], 'axes': [240.80748910930532, 240.80748910930532], 'angle': 90.0}, 'model_confidence': 0.9324959231406749, 'model_id': 61, 'model_birth_timestamp': 12311.749401, 'theta': 2.2751878465838464, 'phi': -1.8080144829039455, 'norm_pos': [0.2407538428065002, 0.20229865897932586], 'topic': 'pupil.1', 'id': 1, 'method': '3d c++'}"
1580974701.046519,"{'circle_3d': {'center': [-7.078621150334026, 6.1342923013829385, 52.91766626558582], 'normal': [-0.17875803038241653, 0.648946905917796, -0.739535989572866], 'radius': 1.6657018363289557}, 'confidence': 0.9998250763920933, 'timestamp': 12647.425965, 'diameter_3d': 3.3314036726579115, 'ellipse': {'center': [77.10864912524436, 191.60862484313122], 'axes': [24.915400341496106, 39.18416899267086], 'angle': -70.54315413155501}, 'location': [77.10864912524436, 191.60862484313122], 'diameter': 39.18416899267086, 'sphere': {'center': [-4.933524785745028, -1.6530705696306138, 61.79209814046022], 'radius': 12.0}, 'projected_sphere': {'center': [110.49876182859234, 103.41367611694845], 'axes': [240.80748910930532, 240.80748910930532], 'angle': 90.0}, 'model_confidence': 0.932705980336046, 'model_id': 61, 'model_birth_timestamp': 12311.749401, 'theta': 2.2769958133103234, 'phi': -1.8079636621382453, 'norm_pos': [0.2409645285163886, 0.20163072982028651], 'topic': 'pupil.1', 'id': 1, 'method': '3d c++'}"
1580974701.054393,"{'circle_3d': {'center': [-7.080475473633949, 6.1073371865989365, 52.894532507050954], 'normal': [-0.17891255732407668, 0.6467006463524625, -0.7414638027841052], 'radius': 1.6334531318752339}, 'confidence': 0.9997419086175836, 'timestamp': 12647.434365, 'diameter_3d': 3.2669062637504678, 'ellipse': {'center': [77.0494631433936, 191.33388899788315], 'axes': [24.536663334914067, 38.44196447564598], 'angle': -70.45355787029989}, 'location': [77.0494631433936, 191.33388899788315], 'diameter': 38.44196447564598, 'sphere': {'center': [-4.933524785745028, -1.6530705696306138, 61.79209814046022], 'radius': 12.0}, 'projected_sphere': {'center': [110.49876182859234, 103.41367611694845], 'axes': [240.80748910930532, 240.80748910930532], 'angle': 90.0}, 'model_confidence': 0.9330403516998764, 'model_id': 61, 'model_birth_timestamp': 12311.749401, 'theta': 2.274047150994821, 'phi': -1.8075667546386496, 'norm_pos': [0.24077957232310498, 0.20277546250882017], 'topic': 'pupil.1', 'id': 1, 'method': '3d c++'}"
1580974701.0625029,"{'circle_3d': {'center': [-7.080963646708521, 6.112924504037101, 52.899526698284866], 'normal': [-0.1789532384136244, 0.6471662561389763, -0.7410476201812792], 'radius': 1.6362495717179955}, 'confidence': 0.9999617035314, 'timestamp': 12647.442765, 'diameter_3d': 3.272499143435991, 'ellipse': {'center': [77.0516412256542, 191.3918191484133], 'axes': [24.555902262077012, 38.50418052549536], 'angle': -70.46652719909078}, 'location': [77.0516412256542, 191.3918191484133], 'diameter': 38.50418052549536, 'sphere': {'center': [-4.933524785745028, -1.6530705696306138, 61.79209814046022], 'radius': 12.0}, 'projected_sphere': {'center': [110.49876182859234, 103.41367611694845], 'axes': [240.80748910930532, 240.80748910930532], 'angle': 90.0}, 'model_confidence': 0.9333049941520732, 'model_id': 61, 'model_birth_timestamp': 12311.749401, 'theta': 2.274657749602757, 'phi': -1.8077466823980728, 'norm_pos': [0.24078637883016935, 0.20253408688161123], 'topic': 'pupil.1', 'id': 1, 'method': '3d c++'}"
1580974701.0703518,"{'circle_3d': {'center': [-7.074427917619807, 6.123818348475774, 52.907474764347825], 'normal': [-0.1784085943228982, 0.6480740765088657, -0.7403852813426994], 'radius': 1.6673438557014515}, 'confidence': 0.9993210195868715, 'timestamp': 12647.451165, 'diameter_3d': 3.334687711402903, 'ellipse': {'center': [77.14196845965917, 191.49903001039795], 'axes': [24.988409923176718, 39.230347738357835], 'angle': -70.54015701923046}, 'location': [77.14196845965917, 191.49903001039795], 'diameter': 39.230347738357835, 'sphere': {'center': [-4.933524785745028, -1.6530705696306138, 61.79209814046022], 'radius': 12.0}, 'projected_sphere': {'center': [110.49876182859234, 103.41367611694845], 'axes': [240.80748910930532, 240.80748910930532], 'angle': 90.0}, 'model_confidence': 0.9337684828247927, 'model_id': 61, 'model_birth_timestamp': 12311.749401, 'theta': 2.2758491724720074, 'phi': -1.807255663419093, 'norm_pos': [0.2410686514364349, 0.20208737495667528], 'topic': 'pupil.1', 'id': 1, 'method': '3d c++'}"
1580974701.0784268,"{'circle_3d': {'center': [-7.072836458080671, 6.11456211290856, 52.8989981141613], 'normal': [-0.1782759726946369, 0.6473027235449312, -0.7410916688582427], 'radius': 1.6687860358405566}, 'confidence': 0.9986396881756514, 'timestamp': 12647.459565, 'diameter_3d': 3.3375720716811133, 'ellipse': {'center': [77.147533153013, 191.4014537851728], 'axes': [25.049753785958877, 39.270568528702974], 'angle': -70.52380680097896}, 'location': [77.147533153013, 191.4014537851728], 'diameter': 39.270568528702974, 'sphere': {'center': [-4.933524785745028, -1.6530705696306138, 61.79209814046022], 'radius': 12.0}, 'projected_sphere': {'center': [110.49876182859234, 103.41367611694845], 'axes': [240.80748910930532, 240.80748910930532], 'angle': 90.0}, 'model_confidence': 0.9336362480716565, 'model_id': 61, 'model_birth_timestamp': 12311.749401, 'theta': 2.274836772328745, 'phi': -1.8068694154378688, 'norm_pos': [0.24108604110316562, 0.20249394256178], 'topic': 'pupil.1', 'id': 1, 'method': '3d c++'}"
1580974701.0866728,"{'circle_3d': {'center': [-7.08210767410462, 6.1215968832353305, 52.9073844383089], 'normal': [-0.1790485740299659, 0.6478889544054953, -0.7403928085126097], 'radius': 1.6301222863557858}, 'confidence': 0.9999538866721112, 'timestamp': 12647.467965, 'diameter_3d': 3.2602445727115716, 'ellipse': {'center': [77.05012291535196, 191.48481780351779], 'axes': [24.428018734515426, 38.3542503618975], 'angle': -70.4841683302324}, 'location': [77.05012291535196, 191.48481780351779], 'diameter': 38.3542503618975, 'sphere': {'center': [-4.933524785745028, -1.6530705696306138, 61.79209814046022], 'radius': 12.0}, 'projected_sphere': {'center': [110.49876182859234, 103.41367611694845], 'axes': [240.80748910930532, 240.80748910930532], 'angle': 90.0}, 'model_confidence': 0.9339538902845779, 'model_id': 61, 'model_birth_timestamp': 12311.749401, 'theta': 2.275606120372463, 'phi': -1.8080701306829807, 'norm_pos': [0.24078163411047487, 0.2021465924853426], 'topic': 'pupil.1', 'id': 1, 'method': '3d c++'}"
1580974701.0944881,"{'circle_3d': {'center': [-7.117589119294299, 6.101644998233281, 52.898603357842575], 'normal': [-0.18200536112910584, 0.6462262973219913, -0.7411245652181373], 'radius': 1.6506747685225058}, 'confidence': 0.9998574026667638, 'timestamp': 12647.476364, 'diameter_3d': 3.3013495370450117, 'ellipse': {'center': [76.62287836021372, 191.25668943061072], 'axes': [24.76481027830891, 38.84443322351159], 'angle': -70.19670229241846}, 'location': [76.62287836021372, 191.25668943061072], 'diameter': 38.84443322351159, 'sphere': {'center': [-4.933524785745028, -1.6530705696306138, 61.79209814046022], 'radius': 12.0}, 'projected_sphere': {'center': [110.49876182859234, 103.41367611694845], 'axes': [240.80748910930532, 240.80748910930532], 'angle': 90.0}, 'model_confidence': 0.9341766076317759, 'model_id': 61, 'model_birth_timestamp': 12311.749401, 'theta': 2.273425416672371, 'phi': -1.8116106708765884, 'norm_pos': [0.23944649487566788, 0.20309712737245533], 'topic': 'pupil.1', 'id': 1, 'method': '3d c++'}"
1580974701.104439,"{'circle_3d': {'center': [-7.106368650988061, 6.101063908734165, 52.895348844862966], 'normal': [-0.18107032210358603, 0.646177873197065, -0.7413957746331047], 'radius': 1.6483488848162287}, 'confidence': 0.9997635499069664, 'timestamp': 12647.484764, 'diameter_3d': 3.2966977696324573, 'ellipse': {'center': [76.74884282762568, 191.254860432756], 'axes': [24.74841884435898, 38.792062998736654], 'angle': -70.26759048980527}, 'location': [76.74884282762568, 191.254860432756], 'diameter': 38.792062998736654, 'sphere': {'center': [-4.933524785745028, -1.6530705696306138, 61.79209814046022], 'radius': 12.0}, 'projected_sphere': {'center': [110.49876182859234, 103.41367611694845], 'axes': [240.80748910930532, 240.80748910930532], 'angle': 90.0}, 'model_confidence': 0.9346044562598133, 'model_id': 61, 'model_birth_timestamp': 12311.749401, 'theta': 2.2733619650730144, 'phi': -1.8103360949521554, 'norm_pos': [0.23984013383633024, 0.20310474819684998], 'topic': 'pupil.1', 'id': 1, 'method': '3d c++'}"
1580974701.110593,"{'circle_3d': {'center': [-7.096706428778573, 6.07632860678981, 52.87150210932004], 'normal': [-0.18026513691946203, 0.6441165980350353, -0.743383002595015], 'radius': 1.657618969022244}, 'confidence': 0.9985539974007519, 'timestamp': 12647.493164, 'diameter_3d': 3.315237938044488, 'ellipse': {'center': [76.8252494461571, 190.9937481627353], 'axes': [25.000529848847883, 39.02786664818539], 'angle': -70.25810612785406}, 'location': [76.8252494461571, 190.9937481627353], 'diameter': 39.02786664818539, 'sphere': {'center': [-4.933524785745028, -1.6530705696306138, 61.79209814046022], 'radius': 12.0}, 'projected_sphere': {'center': [110.49876182859234, 103.41367611694845], 'axes': [240.80748910930532, 240.80748910930532], 'angle': 90.0}, 'model_confidence': 0.9344599422716926, 'model_id': 61, 'model_birth_timestamp': 12311.749401, 'theta': 2.270664164136553, 'phi': -1.8086971465732133, 'norm_pos': [0.24007890451924094, 0.2041927159886029], 'topic': 'pupil.1', 'id': 1, 'method': '3d c++'}"
1580974701.123582,"{'circle_3d': {'center': [-7.1029080936842535, 6.075210065400961, 52.87203903250412], 'normal': [-0.18078194232826875, 0.6440233862526313, -0.7433382589963418], 'radius': 1.6503282595325923}, 'confidence': 0.9623592180539642, 'timestamp': 12647.501564, 'diameter_3d': 3.3006565190651846, 'ellipse': {'center': [76.75316488998851, 190.98225941545462], 'axes': [24.88598301419407, 38.8557361047411], 'angle': -70.21460777389316}, 'location': [76.75316488998851, 190.98225941545462], 'diameter': 38.8557361047411, 'sphere': {'center': [-4.933524785745028, -1.6530705696306138, 61.79209814046022], 'radius': 12.0}, 'projected_sphere': {'center': [110.49876182859234, 103.41367611694845], 'axes': [240.80748910930532, 240.80748910930532], 'angle': 90.0}, 'model_confidence': 0.9345269599323136, 'model_id': 61, 'model_birth_timestamp': 12311.749401, 'theta': 2.2705423133434897, 'phi': -1.8093674603673038, 'norm_pos': [0.2398536402812141, 0.2042405857689391], 'topic': 'pupil.1', 'id': 1, 'method': '3d c++'}"
1580974701.1314151,"{'circle_3d': {'center': [-7.115502189189862, 6.089358883967233, 52.88739372274277], 'normal': [-0.18183145028706948, 0.6452024544664873, -0.7420587014764541], 'radius': 1.643985527252924}, 'confidence': 0.9995961343587941, 'timestamp': 12647.509964, 'diameter_3d': 3.287971054505848, 'ellipse': {'center': [76.62945715024878, 191.12973703450496], 'axes': [24.716121659911163, 38.69512434202351], 'angle': -70.17435058033854}, 'location': [76.62945715024878, 191.12973703450496], 'diameter': 38.69512434202351, 'sphere': {'center': [-4.933524785745028, -1.6530705696306138, 61.79209814046022], 'radius': 12.0}, 'projected_sphere': {'center': [110.49876182859234, 103.41367611694845], 'axes': [240.80748910930532, 240.80748910930532], 'angle': 90.0}, 'model_confidence': 0.9345458228785963, 'model_id': 61, 'model_birth_timestamp': 12311.749401, 'theta': 2.2720845691006146, 'phi': -1.8110980111833201, 'norm_pos': [0.23946705359452744, 0.2036260956895627], 'topic': 'pupil.1', 'id': 1, 'method': '3d c++'}"
1580974701.138232,"{'circle_3d': {'center': [-7.107784258034814, 6.11466745453558, 52.907569918034405], 'normal': [-0.1811882893574821, 0.6473115020138495, -0.740377351868818], 'radius': 1.668260557715307}, 'confidence': 0.9793259565508791, 'timestamp': 12647.518364, 'diameter_3d': 3.336521115430614, 'ellipse': {'center': [76.75236978875336, 191.39168081597583], 'axes': [24.990694060287897, 39.25183323789159], 'angle': -70.29791369782113}, 'location': [76.75236978875336, 191.39168081597583], 'diameter': 39.25183323789159, 'sphere': {'center': [-4.933524785745028, -1.6530705696306138, 61.79209814046022], 'radius': 12.0}, 'projected_sphere': {'center': [110.49876182859234, 103.41367611694845], 'axes': [240.80748910930532, 240.80748910930532], 'angle': 90.0}, 'model_confidence': 0.934556693826627, 'model_id': 61, 'model_birth_timestamp': 12311.749401, 'theta': 2.2748482891635726, 'phi': -1.8108034440646785, 'norm_pos': [0.23985115558985423, 0.2025346632667674], 'topic': 'pupil.1', 'id': 1, 'method': '3d c++'}"
1580974701.146465,"{'circle_3d': {'center': [-7.09623380693524, 6.085990456814795, 52.87976824763106], 'normal': [-0.18022575176585096, 0.644921752203784, -0.7426941577357633], 'radius': 1.6549849919774673}, 'confidence': 0.9999380134263045, 'timestamp': 12647.526764, 'diameter_3d': 3.3099699839549346, 'ellipse': {'center': [76.84347387864939, 191.09682357978292], 'axes': [24.922963482334882, 38.959752384505386], 'angle': -70.28934834979843}, 'location': [76.84347387864939, 191.09682357978292], 'diameter': 38.959752384505386, 'sphere': {'center': [-4.933524785745028, -1.6530705696306138, 61.79209814046022], 'radius': 12.0}, 'projected_sphere': {'center': [110.49876182859234, 103.41367611694845], 'axes': [240.80748910930532, 240.80748910930532], 'angle': 90.0}, 'model_confidence': 0.93476456134165, 'model_id': 61, 'model_birth_timestamp': 12311.749401, 'theta': 2.2717172203335902, 'phi': -1.8088594752244895, 'norm_pos': [0.24013585587077935, 0.20376323508423788], 'topic': 'pupil.1', 'id': 1, 'method': '3d c++'}"
1580974701.154422,"{'circle_3d': {'center': [-7.09454194222632, 6.097786584247901, 52.88961431685438], 'normal': [-0.18008476304010765, 0.6459047628232095, -0.7418736519671538], 'radius': 1.6614659104907465}, 'confidence': 0.9992136932414116, 'timestamp': 12647.535164, 'diameter_3d': 3.322931820981493, 'ellipse': {'center': [76.87889155100783, 191.21989756782233], 'axes': [24.975838378006856, 39.10513065733192], 'angle': -70.33460435733892}, 'location': [76.87889155100783, 191.21989756782233], 'diameter': 39.10513065733192, 'sphere': {'center': [-4.933524785745028, -1.6530705696306138, 61.79209814046022], 'radius': 12.0}, 'projected_sphere': {'center': [110.49876182859234, 103.41367611694845], 'axes': [240.80748910930532, 240.80748910930532], 'angle': 90.0}, 'model_confidence': 0.9349032874271468, 'model_id': 61, 'model_birth_timestamp': 12311.749401, 'theta': 2.2730041640704095, 'phi': -1.8089334582933947, 'norm_pos': [0.24024653609689944, 0.20325042680074035], 'topic': 'pupil.1', 'id': 1, 'method': '3d c++'}"
1580974701.162622,"{'circle_3d': {'center': [-7.104077508519058, 6.081239894068734, 52.877551459401836], 'normal': [-0.18087939356450244, 0.6445258719749457, -0.7428788900881984], 'radius': 1.6709243789092108}, 'confidence': 0.9993470891156686, 'timestamp': 12647.543564, 'diameter_3d': 3.3418487578184215, 'ellipse': {'center': [76.74918891041587, 191.03912892823635], 'axes': [25.170887342398977, 39.33678582385847], 'angle': -70.22455977697784}, 'location': [76.74918891041587, 191.03912892823635], 'diameter': 39.33678582385847, 'sphere': {'center': [-4.933524785745028, -1.6530705696306138, 61.79209814046022], 'radius': 12.0}, 'projected_sphere': {'center': [110.49876182859234, 103.41367611694845], 'axes': [240.80748910930532, 240.80748910930532], 'angle': 90.0}, 'model_confidence': 0.9349654484296921, 'model_id': 61, 'model_birth_timestamp': 12311.749401, 'theta': 2.2711993341943555, 'phi': -1.809633287288358, 'norm_pos': [0.2398412153450496, 0.20400362946568185], 'topic': 'pupil.1', 'id': 1, 'method': '3d c++'}"
1580974701.170152,"{'circle_3d': {'center': [-7.120703321460486, 6.085771903647327, 52.885551827399524], 'normal': [-0.1822648779762881, 0.6449035394398284, -0.7422121927550576], 'radius': 1.654164737857623}, 'confidence': 0.999884378623397, 'timestamp': 12647.551964, 'diameter_3d': 3.308329475715246, 'ellipse': {'center': [76.56633737279545, 191.08701408043106], 'axes': [24.87603177953755, 38.93616984568544], 'angle': -70.13015375777854}, 'location': [76.56633737279545, 191.08701408043106], 'diameter': 38.93616984568544, 'sphere': {'center': [-4.933524785745028, -1.6530705696306138, 61.79209814046022], 'radius': 12.0}, 'projected_sphere': {'center': [110.49876182859234, 103.41367611694845], 'axes': [240.80748910930532, 240.80748910930532], 'angle': 90.0}, 'model_confidence': 0.9355129432640052, 'model_id': 61, 'model_birth_timestamp': 12311.749401, 'theta': 2.271693389631564, 'phi': -1.811601035588992, 'norm_pos': [0.23926980428998576, 0.20380410799820392], 'topic': 'pupil.1', 'id': 1, 'method': '3d c++'}"
1580974701.178707,"{'circle_3d': {'center': [-7.12076464990502, 6.10135214456654, 52.89912843702747], 'normal': [-0.18226998867999933, 0.6462018928497628, -0.7410808086193953], 'radius': 1.6733964066494047}, 'confidence': 0.9997731980097905, 'timestamp': 12647.560364, 'diameter_3d': 3.3467928132988094, 'ellipse': {'center': [76.58782539437146, 191.2454329427649], 'axes': [25.1025143568847, 39.378979570446724], 'angle': -70.17524001848585}, 'location': [76.58782539437146, 191.2454329427649], 'diameter': 39.378979570446724, 'sphere': {'center': [-4.933524785745028, -1.6530705696306138, 61.79209814046022], 'radius': 12.0}, 'projected_sphere': {'center': [110.49876182859234, 103.41367611694845], 'axes': [240.80748910930532, 240.80748910930532], 'angle': 90.0}, 'model_confidence': 0.9358930319516734, 'model_id': 61, 'model_birth_timestamp': 12311.749401, 'theta': 2.273393438326237, 'phi': -1.8119610887083752, 'norm_pos': [0.2393369543574108, 0.2031440294051463], 'topic': 'pupil.1', 'id': 1, 'method': '3d c++'}"
1580974701.1862679,"{'circle_3d': {'center': [-7.111747786370325, 6.103451696187351, 52.89874630330584], 'normal': [-0.18151858338544136, 0.6463768554848304, -0.7411126530961978], 'radius': 1.6555851440739442}, 'confidence': 0.9997631785191475, 'timestamp': 12647.568764, 'diameter_3d': 3.3111702881478884, 'ellipse': {'center': [76.69164259991057, 191.27608325895466], 'axes': [24.839807444438314, 38.95993778643354], 'angle': -70.23971842022038}, 'location': [76.69164259991057, 191.27608325895466], 'diameter': 38.95993778643354, 'sphere': {'center': [-4.933524785745028, -1.6530705696306138, 61.79209814046022], 'radius': 12.0}, 'projected_sphere': {'center': [110.49876182859234, 103.41367611694845], 'axes': [240.80748910930532, 240.80748910930532], 'angle': 90.0}, 'model_confidence': 0.9362615887869463, 'model_id': 61, 'model_birth_timestamp': 12311.749401, 'theta': 2.2736227193820864, 'phi': -1.810994839806675, 'norm_pos': [0.23966138312472052, 0.20301631975435563], 'topic': 'pupil.1', 'id': 1, 'method': '3d c++'}"
1580974701.19438,"{'circle_3d': {'center': [-7.122987136895248, 6.12094998366247, 52.916803269309604], 'normal': [-0.182455195929185, 0.647835046107757, -0.7396079059292181], 'radius': 1.6724388396825718}, 'confidence': 0.9999341398931022, 'timestamp': 12647.577164, 'diameter_3d': 3.3448776793651436, 'ellipse': {'center': [76.58931557523314, 191.45173570573274], 'axes': [25.005554554832663, 39.34333176738661], 'angle': -70.21802195970433}, 'location': [76.58931557523314, 191.45173570573274], 'diameter': 39.34333176738661, 'sphere': {'center': [-4.933524785745028, -1.6530705696306138, 61.79209814046022], 'radius': 12.0}, 'projected_sphere': {'center': [110.49876182859234, 103.41367611694845], 'axes': [240.80748910930532, 240.80748910930532], 'angle': 90.0}, 'model_confidence': 0.9366430766100775, 'model_id': 61, 'model_birth_timestamp': 12311.749401, 'theta': 2.275535352074167, 'phi': -1.8126589621569913, 'norm_pos': [0.23934161117260358, 0.2022844345594469], 'topic': 'pupil.1', 'id': 1, 'method': '3d c++'}"
1580974701.206561,"{'circle_3d': {'center': [-7.128209451993596, 6.0895675413692185, 52.890698570851725], 'normal': [-0.1828903888540473, 0.6452198425833194, -0.7417832974673748], 'radius': 1.6841125468520903}, 'confidence': 0.9993047041047296, 'timestamp': 12647.585564, 'diameter_3d': 3.3682250937041807, 'ellipse': {'center': [76.48827415708976, 191.11523575549748], 'axes': [25.30026418678357, 39.637560619476815], 'angle': -70.09260544460913}, 'location': [76.48827415708976, 191.11523575549748], 'diameter': 39.637560619476815, 'sphere': {'center': [-4.933524785745028, -1.6530705696306138, 61.79209814046022], 'radius': 12.0}, 'projected_sphere': {'center': [110.49876182859234, 103.41367611694845], 'axes': [240.80748910930532, 240.80748910930532], 'angle': 90.0}, 'model_confidence': 0.9368482610794593, 'model_id': 61, 'model_birth_timestamp': 12311.749401, 'theta': 2.2721073282876803, 'phi': -1.8125300281244439, 'norm_pos': [0.2390258567409055, 0.20368651768542712], 'topic': 'pupil.1', 'id': 1, 'method': '3d c++'}"
1580974701.2142332,"{'circle_3d': {'center': [-7.1232632067044825, 6.117542410423207, 52.913887759871514], 'normal': [-0.18247820174662122, 0.6475510816711517, -0.739850865049059], 'radius': 1.6684085168804808}, 'confidence': 0.9982361828759145, 'timestamp': 12647.593964, 'diameter_3d': 3.3368170337609615, 'ellipse': {'center': [76.58133087139859, 191.41699529313505], 'axes': [24.958611144415954, 39.25063224808735], 'angle': -70.20633546713468}, 'location': [76.58133087139859, 191.41699529313505], 'diameter': 39.25063224808735, 'sphere': {'center': [-4.933524785745028, -1.6530705696306138, 61.79209814046022], 'radius': 12.0}, 'projected_sphere': {'center': [110.49876182859234, 103.41367611694845], 'axes': [240.80748910930532, 240.80748910930532], 'angle': 90.0}, 'model_confidence': 0.937017534957818, 'model_id': 61, 'model_birth_timestamp': 12311.749401, 'theta': 2.275162647084212, 'phi': -1.812611909326064, 'norm_pos': [0.2393166589731206, 0.20242918627860396], 'topic': 'pupil.1', 'id': 1, 'method': '3d c++'}"
1580974701.222264,"{'circle_3d': {'center': [-7.107580411738132, 6.095404235600089, 52.89071508344078], 'normal': [-0.18117130216609198, 0.6457062337692252, -0.7417819214182868], 'radius': 1.6661500444127817}, 'confidence': 0.9999604496564698, 'timestamp': 12647.602364, 'diameter_3d': 3.3323000888255634, 'ellipse': {'center': [76.72844053495896, 191.18914021936985], 'axes': [25.036920567870823, 39.21460516839619], 'angle': -70.24319848425104}, 'location': [76.72844053495896, 191.18914021936985], 'diameter': 39.21460516839619, 'sphere': {'center': [-4.933524785745028, -1.6530705696306138, 61.79209814046022], 'radius': 12.0}, 'projected_sphere': {'center': [110.49876182859234, 103.41367611694845], 'axes': [240.80748910930532, 240.80748910930532], 'angle': 90.0}, 'model_confidence': 0.9372974729581207, 'model_id': 61, 'model_birth_timestamp': 12311.749401, 'theta': 2.272744139782962, 'phi': -1.8103445829741305, 'norm_pos': [0.23977637667174675, 0.2033785824192923], 'topic': 'pupil.1', 'id': 1, 'method': '3d c++'}"
1580974701.2303848,"{'circle_3d': {'center': [-7.033274593092667, 6.101711607515648, 52.87837814645333], 'normal': [-0.17497915061230324, 0.6462318480955219, -0.7428099995005744], 'radius': 1.704914086386925}, 'confidence': 0.9994808585135588, 'timestamp': 12647.610764, 'diameter_3d': 3.40982817277385, 'ellipse': {'center': [77.58008855177654, 191.26650333986402], 'axes': [25.70340446180356, 40.13676397688776], 'angle': -70.74386850926066}, 'location': [77.58008855177654, 191.26650333986402], 'diameter': 40.13676397688776, 'sphere': {'center': [-4.933524785745028, -1.6530705696306138, 61.79209814046022], 'radius': 12.0}, 'projected_sphere': {'center': [110.49876182859234, 103.41367611694845], 'axes': [240.80748910930532, 240.80748910930532], 'angle': 90.0}, 'model_confidence': 0.9374165441141891, 'model_id': 61, 'model_birth_timestamp': 12311.749401, 'theta': 2.2734326902370503, 'phi': -1.8021425193821456, 'norm_pos': [0.2424377767243017, 0.2030562360838999], 'topic': 'pupil.1', 'id': 1, 'method': '3d c++'}"
1580974701.238231,"{'circle_3d': {'center': [-7.019293025853625, 6.07976209853256, 52.85605484520126], 'normal': [-0.17381402000904975, 0.6444027223469312, -0.7446702746049138], 'radius': 1.6804057565483188}, 'confidence': 0.9998299372881997, 'timestamp': 12647.619164, 'diameter_3d': 3.3608115130966376, 'ellipse': {'center': [77.70795404796665, 191.0467101701567], 'axes': [25.442405465672188, 39.57618870734401], 'angle': -70.77232976306283}, 'location': [77.70795404796665, 191.0467101701567], 'diameter': 39.57618870734401, 'sphere': {'center': [-4.933524785745028, -1.6530705696306138, 61.79209814046022], 'radius': 12.0}, 'projected_sphere': {'center': [110.49876182859234, 103.41367611694845], 'axes': [240.80748910930532, 240.80748910930532], 'angle': 90.0}, 'model_confidence': 0.9376865990370908, 'model_id': 61, 'model_birth_timestamp': 12311.749401, 'theta': 2.2710382773180133, 'phi': -1.800101643450192, 'norm_pos': [0.2428373563998958, 0.2039720409576804], 'topic': 'pupil.1', 'id': 1, 'method': '3d c++'}"
1580974701.246352,"{'circle_3d': {'center': [-7.052183248118789, 6.097868728169262, 52.879510058335384], 'normal': [-0.17655487186448007, 0.6459116081499896, -0.7427156735104028], 'radius': 1.659731150708363}, 'confidence': 0.9997502713398673, 'timestamp': 12647.627564, 'diameter_3d': 3.319462301416726, 'ellipse': {'center': [77.35837494492401, 191.23454907863407], 'axes': [25.010187262197054, 39.07175015426188], 'angle': -70.60990078385124}, 'location': [77.35837494492401, 191.23454907863407], 'diameter': 39.07175015426188, 'sphere': {'center': [-4.933524785745028, -1.6530705696306138, 61.79209814046022], 'radius': 12.0}, 'projected_sphere': {'center': [110.49876182859234, 103.41367611694845], 'axes': [240.80748910930532, 240.80748910930532], 'angle': 90.0}, 'model_confidence': 0.9379075935854075, 'model_id': 61, 'model_birth_timestamp': 12311.749401, 'theta': 2.2730131307869104, 'phi': -1.8041799124695101, 'norm_pos': [0.24174492170288753, 0.20318937883902466], 'topic': 'pupil.1', 'id': 1, 'method': '3d c++'}"
1580974701.254418,"{'circle_3d': {'center': [-7.011315430319445, 6.099259489085249, 52.871102416996976], 'normal': [-0.17314922038120137, 0.6460275048929885, -0.7434163102886039], 'radius': 1.6849023213249201}, 'confidence': 0.9998998329156155, 'timestamp': 12647.635964, 'diameter_3d': 3.3698046426498403, 'ellipse': {'center': [77.82459745743276, 191.2537425464256], 'axes': [25.442783613276077, 39.67088323497133], 'angle': -70.88016107546669}, 'location': [77.82459745743276, 191.2537425464256], 'diameter': 39.67088323497133, 'sphere': {'center': [-4.933524785745028, -1.6530705696306138, 61.79209814046022], 'radius': 12.0}, 'projected_sphere': {'center': [110.49876182859234, 103.41367611694845], 'axes': [240.80748910930532, 240.80748910930532], 'angle': 90.0}, 'model_confidence': 0.9384182091707438, 'model_id': 61, 'model_birth_timestamp': 12311.749401, 'theta': 2.2731649546469446, 'phi': -1.7996269099904012, 'norm_pos': [0.24320186705447738, 0.20310940605656003], 'topic': 'pupil.1', 'id': 1, 'method': '3d c++'}"
1580974701.263319,"{'circle_3d': {'center': [-7.0153657490256, 6.085737150353372, 52.860312581193625], 'normal': [-0.17348674694004762, 0.6449006433319988, -0.7443154632722163], 'radius': 1.697341488993325}, 'confidence': 0.9996218309268591, 'timestamp': 12647.644363, 'diameter_3d': 3.39468297798665, 'ellipse': {'center': [77.76131899277578, 191.1056227834], 'axes': [25.680295718303395, 39.97202857714661], 'angle': -70.815045046033}, 'location': [77.76131899277578, 191.1056227834], 'diameter': 39.97202857714661, 'sphere': {'center': [-4.933524785745028, -1.6530705696306138, 61.79209814046022], 'radius': 12.0}, 'projected_sphere': {'center': [110.49876182859234, 103.41367611694845], 'axes': [240.80748910930532, 240.80748910930532], 'angle': 90.0}, 'model_confidence': 0.9387245194072746, 'model_id': 61, 'model_birth_timestamp': 12311.749401, 'theta': 2.271689600229877, 'phi': -1.7997901584203848, 'norm_pos': [0.24300412185242432, 0.2037265717358333], 'topic': 'pupil.1', 'id': 1, 'method': '3d c++'}"
1580974701.27012,"{'circle_3d': {'center': [-7.043089633449997, 6.078641950293834, 52.86067285316307], 'normal': [-0.17579707064208064, 0.6443093766603707, -0.7442854406080962], 'radius': 1.657954889519536}, 'confidence': 0.9997236924042684, 'timestamp': 12647.652763, 'diameter_3d': 3.315909779039072, 'ellipse': {'center': [77.4355545353088, 191.03474843671054], 'axes': [25.073092955882164, 39.043786609122705], 'angle': -70.61378307399578}, 'location': [77.4355545353088, 191.03474843671054], 'diameter': 39.043786609122705, 'sphere': {'center': [-4.933524785745028, -1.6530705696306138, 61.79209814046022], 'radius': 12.0}, 'projected_sphere': {'center': [110.49876182859234, 103.41367611694845], 'axes': [240.80748910930532, 240.80748910930532], 'angle': 90.0}, 'model_confidence': 0.9392291916079265, 'model_id': 61, 'model_birth_timestamp': 12311.749401, 'theta': 2.2709162130328693, 'phi': -1.8027411719543351, 'norm_pos': [0.24198610792283998, 0.20402188151370604], 'topic': 'pupil.1', 'id': 1, 'method': '3d c++'}"
1580974701.278451,"{'circle_3d': {'center': [-7.0533479642371475, 6.088600616649087, 52.87173509092831], 'normal': [-0.17665193154100997, 0.6451392655233085, -0.7433635874609924], 'radius': 1.6708134394784036}, 'confidence': 0.9997324162923531, 'timestamp': 12647.661163, 'diameter_3d': 3.341626878956807, 'ellipse': {'center': [77.33333858503002, 191.13278035737716], 'axes': [25.212998495515563, 39.33852132843668], 'angle': -70.5755829068831}, 'location': [77.33333858503002, 191.13278035737716], 'diameter': 39.33852132843668, 'sphere': {'center': [-4.933524785745028, -1.6530705696306138, 61.79209814046022], 'radius': 12.0}, 'projected_sphere': {'center': [110.49876182859234, 103.41367611694845], 'axes': [240.80748910930532, 240.80748910930532], 'angle': 90.0}, 'model_confidence': 0.9396072978399506, 'model_id': 61, 'model_birth_timestamp': 12311.749401, 'theta': 2.27200186520841, 'phi': -1.8041073856876033, 'norm_pos': [0.2416666830782188, 0.20361341517759513], 'topic': 'pupil.1', 'id': 1, 'method': '3d c++'}"
1580974701.2908878,"{'circle_3d': {'center': [-7.049515816816534, 6.092383108636787, 52.87410905803593], 'normal': [-0.1763325859226255, 0.64545447318895, -0.7431657568686914], 'radius': 1.7017130374398737}, 'confidence': 0.9988794635321908, 'timestamp': 12647.669563, 'diameter_3d': 3.4034260748797474, 'ellipse': {'center': [77.38346319484062, 191.16402258615852], 'axes': [25.66978631538105, 40.06458556310109], 'angle': -70.61131771992218}, 'location': [77.38346319484062, 191.16402258615852], 'diameter': 40.06458556310109, 'sphere': {'center': [-4.933524785745028, -1.6530705696306138, 61.79209814046022], 'radius': 12.0}, 'projected_sphere': {'center': [110.49876182859234, 103.41367611694845], 'axes': [240.80748910930532, 240.80748910930532], 'angle': 90.0}, 'model_confidence': 0.9397639657422463, 'model_id': 61, 'model_birth_timestamp': 12311.749401, 'theta': 2.2724144774739434, 'phi': -1.8037604947253334, 'norm_pos': [0.24182332248387692, 0.20348323922433953], 'topic': 'pupil.1', 'id': 1, 'method': '3d c++'}"
1580974701.298698,"{'circle_3d': {'center': [-7.040422715151406, 6.096668235947574, 52.87567904082282], 'normal': [-0.17557482745053146, 0.6458115671315157, -0.7430349249697836], 'radius': 1.6790004800611495}, 'confidence': 0.9997650081204739, 'timestamp': 12647.677963, 'diameter_3d': 3.358000960122299, 'ellipse': {'center': [77.49098752822154, 191.21938218471743], 'axes': [25.32257435560657, 39.528437158009325], 'angle': -70.68294054490251}, 'location': [77.49098752822154, 191.21938218471743], 'diameter': 39.528437158009325, 'sphere': {'center': [-4.933524785745028, -1.6530705696306138, 61.79209814046022], 'radius': 12.0}, 'projected_sphere': {'center': [110.49876182859234, 103.41367611694845], 'axes': [240.80748910930532, 240.80748910930532], 'angle': 90.0}, 'model_confidence': 0.9401480563456466, 'model_id': 61, 'model_birth_timestamp': 12311.749401, 'theta': 2.272882093487888, 'phi': -1.802834381446809, 'norm_pos': [0.2421593360256923, 0.20325257423034404], 'topic': 'pupil.1', 'id': 1, 'method': '3d c++'}"
1580974701.306491,"{'circle_3d': {'center': [-7.032744933920908, 6.107683492493301, 52.8834522749698], 'normal': [-0.17493501234798994, 0.6467295051769929, -0.7423871554575353], 'radius': 1.6821697759811391}, 'confidence': 0.99975016421539, 'timestamp': 12647.686363, 'diameter_3d': 3.3643395519622783, 'ellipse': {'center': [77.59288630471357, 191.33704082669], 'axes': [25.33669319042489, 39.59728655545973], 'angle': -70.7644918174003}, 'location': [77.59288630471357, 191.33704082669], 'diameter': 39.59728655545973, 'sphere': {'center': [-4.933524785745028, -1.6530705696306138, 61.79209814046022], 'radius': 12.0}, 'projected_sphere': {'center': [110.49876182859234, 103.41367611694845], 'axes': [240.80748910930532, 240.80748910930532], 'angle': 90.0}, 'model_confidence': 0.9403776603373437, 'model_id': 61, 'model_birth_timestamp': 12311.749401, 'theta': 2.274084987137483, 'phi': -1.8022133065252701, 'norm_pos': [0.24247776970222992, 0.20276232988879173], 'topic': 'pupil.1', 'id': 1, 'method': '3d c++'}"
1580974701.3145752,"{'circle_3d': {'center': [-7.06545935515482, 6.107885255102515, 52.89140043307253], 'normal': [-0.17766121411748262, 0.6467463187277607, -0.741724808948974], 'radius': 1.6620811806737166}, 'confidence': 0.9997802673671654, 'timestamp': 12647.694763, 'diameter_3d': 3.324162361347433, 'ellipse': {'center': [77.22165730937806, 191.33542908685533], 'axes': [24.986448006900364, 39.11832097128471], 'angle': -70.55245116853125}, 'location': [77.22165730937806, 191.33542908685533], 'diameter': 39.11832097128471, 'sphere': {'center': [-4.933524785745028, -1.6530705696306138, 61.79209814046022], 'radius': 12.0}, 'projected_sphere': {'center': [110.49876182859234, 103.41367611694845], 'axes': [240.80748910930532, 240.80748910930532], 'angle': 90.0}, 'model_confidence': 0.9403938689825586, 'model_id': 61, 'model_birth_timestamp': 12311.749401, 'theta': 2.274107031557732, 'phi': -1.805891592547713, 'norm_pos': [0.24131767909180643, 0.20276904547143615], 'topic': 'pupil.1', 'id': 1, 'method': '3d c++'}"
1580974701.322603,"{'circle_3d': {'center': [-7.023492389796853, 6.0977378779376945, 52.87262484753997], 'normal': [-0.1741639670043187, 0.6459007039640258, -0.7432894410766876], 'radius': 1.6483302623484866}, 'confidence': 0.9998817986213311, 'timestamp': 12647.703163, 'diameter_3d': 3.296660524696973, 'ellipse': {'center': [77.68265904731905, 191.24556610679434], 'axes': [24.879105333419446, 38.808294668311646], 'angle': -70.79648002412742}, 'location': [77.68265904731905, 191.24556610679434], 'diameter': 38.808294668311646, 'sphere': {'center': [-4.933524785745028, -1.6530705696306138, 61.79209814046022], 'radius': 12.0}, 'projected_sphere': {'center': [110.49876182859234, 103.41367611694845], 'axes': [240.80748910930532, 240.80748910930532], 'angle': 90.0}, 'model_confidence': 0.9405273402999903, 'model_id': 61, 'model_birth_timestamp': 12311.749401, 'theta': 2.2729988473892813, 'phi': -1.8009591671894514, 'norm_pos': [0.24275830952287203, 0.20314347455502357], 'topic': 'pupil.1', 'id': 1, 'method': '3d c++'}"
1580974701.330682,"{'circle_3d': {'center': [-7.0436425790857085, 6.06511117037682, 52.84910795113076], 'normal': [-0.1758431494450567, 0.6431818116672862, -0.7452491824441212], 'radius': 1.65523872145935}, 'confidence': 0.9998632033599273, 'timestamp': 12647.711563, 'diameter_3d': 3.3104774429187, 'ellipse': {'center': [77.41109651579805, 190.89232632126524], 'axes': [25.084998255816387, 38.98829706570357], 'angle': -70.57113444120276}, 'location': [77.41109651579805, 190.89232632126524], 'diameter': 38.98829706570357, 'sphere': {'center': [-4.933524785745028, -1.6530705696306138, 61.79209814046022], 'radius': 12.0}, 'projected_sphere': {'center': [110.49876182859234, 103.41367611694845], 'axes': [240.80748910930532, 240.80748910930532], 'angle': 90.0}, 'model_confidence': 0.9407957876894191, 'model_id': 61, 'model_birth_timestamp': 12311.749401, 'theta': 2.269442732902278, 'phi': -1.8025104183275755, 'norm_pos': [0.2419096766118689, 0.20461530699472819], 'topic': 'pupil.1', 'id': 1, 'method': '3d c++'}"
1580974701.338507,"{'circle_3d': {'center': [-7.04663190909166, 6.0864447600063265, 52.8682715650736], 'normal': [-0.176092260278886, 0.6449596108030784, -0.7436522146155518], 'radius': 1.6598201984491538}, 'confidence': 0.9997826718657303, 'timestamp': 12647.719963, 'diameter_3d': 3.3196403968983077, 'ellipse': {'center': [77.40594847985132, 191.11554904508046], 'axes': [25.06513187946798, 39.082130599660175], 'angle': -70.61315985240435}, 'location': [77.40594847985132, 191.11554904508046], 'diameter': 39.082130599660175, 'sphere': {'center': [-4.933524785745028, -1.6530705696306138, 61.79209814046022], 'radius': 12.0}, 'projected_sphere': {'center': [110.49876182859234, 103.41367611694845], 'axes': [240.80748910930532, 240.80748910930532], 'angle': 90.0}, 'model_confidence': 0.941078085044067, 'model_id': 61, 'model_birth_timestamp': 12311.749401, 'theta': 2.27176675839003, 'phi': -1.803307562308383, 'norm_pos': [0.24189358899953536, 0.20368521231216474], 'topic': 'pupil.1', 'id': 1, 'method': '3d c++'}"
1580974701.346612,"{'circle_3d': {'center': [-7.065548111290646, 6.094649505724185, 52.879898065659745], 'normal': [-0.17766861046213475, 0.6456433396128999, -0.7426833395667065], 'radius': 1.6745634839256456}, 'confidence': 0.9997837041109079, 'timestamp': 12647.728363, 'diameter_3d': 3.349126967851291, 'ellipse': {'center': [77.20350188900923, 191.1917094589039], 'axes': [25.227653483944458, 39.42078034055334], 'angle': -70.51365261045443}, 'location': [77.20350188900923, 191.1917094589039], 'diameter': 39.42078034055334, 'sphere': {'center': [-4.933524785745028, -1.6530705696306138, 61.79209814046022], 'radius': 12.0}, 'projected_sphere': {'center': [110.49876182859234, 103.41367611694845], 'axes': [240.80748910930532, 240.80748910930532], 'angle': 90.0}, 'model_confidence': 0.9413025031683286, 'model_id': 61, 'model_birth_timestamp': 12311.749401, 'theta': 2.2726617758152163, 'phi': -1.805608627662607, 'norm_pos': [0.24126094340315385, 0.20336787725456718], 'topic': 'pupil.1', 'id': 1, 'method': '3d c++'}"
1580974701.354738,"{'circle_3d': {'center': [-7.067740260676876, 6.058015382104465, 52.84870517405673], 'normal': [-0.17785128957765395, 0.6425904959779232, -0.7452827472002905], 'radius': 1.667958277309094}, 'confidence': 0.999750229416208, 'timestamp': 12647.736763, 'diameter_3d': 3.335916554618188, 'ellipse': {'center': [77.12924415538905, 190.8058160115329], 'axes': [25.27182195336314, 39.28831645828597], 'angle': -70.39321565413634}, 'location': [77.12924415538905, 190.8058160115329], 'diameter': 39.28831645828597, 'sphere': {'center': [-4.933524785745028, -1.6530705696306138, 61.79209814046022], 'radius': 12.0}, 'projected_sphere': {'center': [110.49876182859234, 103.41367611694845], 'axes': [240.80748910930532, 240.80748910930532], 'angle': 90.0}, 'model_confidence': 0.9414492948556119, 'model_id': 61, 'model_birth_timestamp': 12311.749401, 'theta': 2.2686707416902694, 'phi': -1.805051191161554, 'norm_pos': [0.24102888798559077, 0.20497576661861294], 'topic': 'pupil.1', 'id': 1, 'method': '3d c++'}"
1580974701.362541,"{'circle_3d': {'center': [-7.095598416237122, 6.06379528279021, 52.86038951153192], 'normal': [-0.1801728025410078, 0.643072154368402, -0.7443090524106912], 'radius': 1.6364762160187376}, 'confidence': 0.999329852788414, 'timestamp': 12647.745163, 'diameter_3d': 3.272952432037475, 'ellipse': {'center': [76.81979183260043, 190.8681825735801], 'axes': [24.73223126327337, 38.53792770345705], 'angle': -70.22877294362527}, 'location': [76.81979183260043, 190.8681825735801], 'diameter': 38.53792770345705, 'sphere': {'center': [-4.933524785745028, -1.6530705696306138, 61.79209814046022], 'radius': 12.0}, 'projected_sphere': {'center': [110.49876182859234, 103.41367611694845], 'axes': [240.80748910930532, 240.80748910930532], 'angle': 90.0}, 'model_confidence': 0.941580873170611, 'model_id': 61, 'model_birth_timestamp': 12311.749401, 'theta': 2.2692995322074703, 'phi': -1.8082949955090528, 'norm_pos': [0.24006184947687634, 0.20471590594341627], 'topic': 'pupil.1', 'id': 1, 'method': '3d c++'}"
1580974701.3747141,"{'circle_3d': {'center': [-7.075314728553641, 6.10917389689744, 52.89489089982912], 'normal': [-0.17848249523405105, 0.6468537055440046, -0.7414339367192584], 'radius': 1.6826428301748053}, 'confidence': 0.9993294580136941, 'timestamp': 12647.753563, 'diameter_3d': 3.3652856603496106, 'ellipse': {'center': [77.11295537126799, 191.33942278928387], 'axes': [25.276268094546314, 39.599865530692774], 'angle': -70.49214656973285}, 'location': [77.11295537126799, 191.33942278928387], 'diameter': 39.599865530692774, 'sphere': {'center': [-4.933524785745028, -1.6530705696306138, 61.79209814046022], 'radius': 12.0}, 'projected_sphere': {'center': [110.49876182859234, 103.41367611694845], 'axes': [240.80748910930532, 240.80748910930532], 'angle': 90.0}, 'model_confidence': 0.9417782546064957, 'model_id': 61, 'model_birth_timestamp': 12311.749401, 'theta': 2.274247837245154, 'phi': -1.8070277426954604, 'norm_pos': [0.24097798553521246, 0.20275240504465053], 'topic': 'pupil.1', 'id': 1, 'method': '3d c++'}"
1580974701.382564,"{'circle_3d': {'center': [-7.089362791533976, 6.105303755834882, 52.89490811670812], 'normal': [-0.17965316714907892, 0.6465311937887913, -0.741432501979341], 'radius': 1.658237053189609}, 'confidence': 0.9999201266091532, 'timestamp': 12647.761963, 'diameter_3d': 3.316474106379218, 'ellipse': {'center': [76.94747194990174, 191.30189559320846], 'axes': [24.904628616145683, 39.02521069914975], 'angle': -70.38998447471492}, 'location': [76.94747194990174, 191.30189559320846], 'diameter': 39.02521069914975, 'sphere': {'center': [-4.933524785745028, -1.6530705696306138, 61.79209814046022], 'radius': 12.0}, 'projected_sphere': {'center': [110.49876182859234, 103.41367611694845], 'axes': [240.80748910930532, 240.80748910930532], 'angle': 90.0}, 'model_confidence': 0.9422338021464527, 'model_id': 61, 'model_birth_timestamp': 12311.749401, 'theta': 2.27382501010801, 'phi': -1.8085200922674336, 'norm_pos': [0.24046084984344293, 0.2029087683616314], 'topic': 'pupil.1', 'id': 1, 'method': '3d c++'}"
1580974701.391988,"{'circle_3d': {'center': [-7.116943528218588, 6.102014621290648, 52.89876714040355], 'normal': [-0.18195156187279662, 0.6462570992434384, -0.741110916671389], 'radius': 1.628403198948325}, 'confidence': 0.9995408426766476, 'timestamp': 12647.770363, 'diameter_3d': 3.25680639789665, 'ellipse': {'center': [76.62947753014973, 191.2677109937938], 'axes': [24.42985741352672, 38.31998245294466], 'angle': -70.20203378526575}, 'location': [76.62947753014973, 191.2677109937938], 'diameter': 38.31998245294466, 'sphere': {'center': [-4.933524785745028, -1.6530705696306138, 61.79209814046022], 'radius': 12.0}, 'projected_sphere': {'center': [110.49876182859234, 103.41367611694845], 'axes': [240.80748910930532, 240.80748910930532], 'angle': 90.0}, 'model_confidence': 0.9424381066740706, 'model_id': 61, 'model_birth_timestamp': 12311.749401, 'theta': 2.273465779138162, 'phi': -1.811546471596443, 'norm_pos': [0.2394671172817179, 0.20305120419252587], 'topic': 'pupil.1', 'id': 1, 'method': '3d c++'}"
1580974701.398623,"{'circle_3d': {'center': [-7.098504647264505, 6.1276618563762355, 52.916678989000346], 'normal': [-0.18041498845995638, 0.6483943688339041, -0.7396182626216561], 'radius': 1.6397184931958855}, 'confidence': 0.9998930620889748, 'timestamp': 12647.778763, 'diameter_3d': 3.279436986391771, 'ellipse': {'center': [76.87342148607976, 191.54057487266428], 'axes': [24.524428056072576, 38.573367086524], 'angle': -70.3956219877058}, 'location': [76.87342148607976, 191.54057487266428], 'diameter': 38.573367086524, 'sphere': {'center': [-4.933524785745028, -1.6530705696306138, 61.79209814046022], 'radius': 12.0}, 'projected_sphere': {'center': [110.49876182859234, 103.41367611694845], 'axes': [240.80748910930532, 240.80748910930532], 'angle': 90.0}, 'model_confidence': 0.9427166082942029, 'model_id': 61, 'model_birth_timestamp': 12311.749401, 'theta': 2.2762698121980236, 'phi': -1.8100538196784373, 'norm_pos': [0.24022944214399927, 0.20191427136389883], 'topic': 'pupil.1', 'id': 1, 'method': '3d c++'}"
1580974701.406594,"{'circle_3d': {'center': [-7.105641372930268, 6.101865628481676, 52.89587005801525], 'normal': [-0.18100971559877, 0.6462446831760241, -0.7413523402037473], 'radius': 1.64846113285252}, 'confidence': 0.9989771369303061, 'timestamp': 12647.787163, 'diameter_3d': 3.29692226570504, 'ellipse': {'center': [76.7581603678012, 191.26351820325434], 'axes': [24.747962452266602, 38.79432532454015], 'angle': -70.27462971452694}, 'location': [76.7581603678012, 191.26351820325434], 'diameter': 38.79432532454015, 'sphere': {'center': [-4.933524785745028, -1.6530705696306138, 61.79209814046022], 'radius': 12.0}, 'projected_sphere': {'center': [110.49876182859234, 103.41367611694845], 'axes': [240.80748910930532, 240.80748910930532], 'angle': 90.0}, 'model_confidence': 0.9426636832593926, 'model_id': 61, 'model_birth_timestamp': 12311.749401, 'theta': 2.2734495091074307, 'phi': -1.8102724479370895, 'norm_pos': [0.23986925114937874, 0.20306867415310692], 'topic': 'pupil.1', 'id': 1, 'method': '3d c++'}"
1580974701.4148428,"{'circle_3d': {'center': [-7.105735499516246, 6.116582659593718, 52.90874352001522], 'normal': [-0.18101755948093484, 0.647471102435361, -0.7402795517037496], 'radius': 1.6310455901753902}, 'confidence': 0.9999956075047425, 'timestamp': 12647.795563, 'diameter_3d': 3.2620911803507804, 'ellipse': {'center': [76.77613894154204, 191.42415555812153], 'axes': [24.4280912827463, 38.3749849962008], 'angle': -70.3168465179863}, 'location': [76.77613894154204, 191.42415555812153], 'diameter': 38.3749849962008, 'sphere': {'center': [-4.933524785745028, -1.6530705696306138, 61.79209814046022], 'radius': 12.0}, 'projected_sphere': {'center': [110.49876182859234, 103.41367611694845], 'axes': [240.80748910930532, 240.80748910930532], 'angle': 90.0}, 'model_confidence': 0.9430541296844508, 'model_id': 61, 'model_birth_timestamp': 12311.749401, 'theta': 2.275057695173521, 'phi': -1.8106163426831083, 'norm_pos': [0.23992543419231888, 0.2023993518411603], 'topic': 'pupil.1', 'id': 1, 'method': '3d c++'}"
1580974701.4227562,"{'circle_3d': {'center': [-7.118132414262912, 6.109563463099201, 52.905647646403196], 'normal': [-0.18205063570982366, 0.6468861693941513, -0.7405375411714186], 'radius': 1.637619385138784}, 'confidence': 0.9999966181518337, 'timestamp': 12647.803963, 'diameter_3d': 3.275238770277568, 'ellipse': {'center': [76.62678940263581, 191.34412635567472], 'axes': [24.536644068644165, 38.53195789750767], 'angle': -70.21632388403125}, 'location': [76.62678940263581, 191.34412635567472], 'diameter': 38.53195789750767, 'sphere': {'center': [-4.933524785745028, -1.6530705696306138, 61.79209814046022], 'radius': 12.0}, 'projected_sphere': {'center': [110.49876182859234, 103.41367611694845], 'axes': [240.80748910930532, 240.80748910930532], 'angle': 90.0}, 'model_confidence': 0.9434255928037261, 'model_id': 61, 'model_birth_timestamp': 12311.749401, 'theta': 2.2742904071842167, 'phi': -1.8118519150819339, 'norm_pos': [0.2394587168832369, 0.2027328068513553], 'topic': 'pupil.1', 'id': 1, 'method': '3d c++'}"
1580974701.430458,"{'circle_3d': {'center': [-7.113527481261432, 6.118614005990878, 52.91242995383364], 'normal': [-0.18166689129303362, 0.647640381301791, -0.7399723488855484], 'radius': 1.641162129886657}, 'confidence': 0.9999896324856229, 'timestamp': 12647.812362, 'diameter_3d': 3.282324259773314, 'ellipse': {'center': [76.69134952864499, 191.43994923403835], 'axes': [24.560452494412157, 38.61042237760633], 'angle': -70.27238004520275}, 'location': [76.69134952864499, 191.43994923403835], 'diameter': 38.61042237760633, 'sphere': {'center': [-4.933524785745028, -1.6530705696306138, 61.79209814046022], 'radius': 12.0}, 'projected_sphere': {'center': [110.49876182859234, 103.41367611694845], 'axes': [240.80748910930532, 240.80748910930532], 'angle': 90.0}, 'model_confidence': 0.9437679314271752, 'model_id': 61, 'model_birth_timestamp': 12311.749401, 'theta': 2.2752798406461356, 'phi': -1.8115399220271977, 'norm_pos': [0.2396604672770156, 0.20233354485817356], 'topic': 'pupil.1', 'id': 1, 'method': '3d c++'}"
1580974701.438839,"{'circle_3d': {'center': [-7.107039316684709, 6.108987899884724, 52.90242531748078], 'normal': [-0.18112621091164005, 0.6468382057929448, -0.7408060685816201], 'radius': 1.6342446775515709}, 'confidence': 0.9998990168352155, 'timestamp': 12647.820762, 'diameter_3d': 3.2684893551031418, 'ellipse': {'center': [76.75124917167551, 191.34264630176227], 'axes': [24.504217434037162, 38.45486218631008], 'angle': -70.28635054407836}, 'location': [76.75124917167551, 191.34264630176227], 'diameter': 38.45486218631008, 'sphere': {'center': [-4.933524785745028, -1.6530705696306138, 61.79209814046022], 'radius': 12.0}, 'projected_sphere': {'center': [110.49876182859234, 103.41367611694845], 'axes': [240.80748910930532, 240.80748910930532], 'angle': 90.0}, 'model_confidence': 0.9439677113556422, 'model_id': 61, 'model_birth_timestamp': 12311.749401, 'theta': 2.2742275129196283, 'phi': -1.8105907463165989, 'norm_pos': [0.23984765366148597, 0.20273897374265715], 'topic': 'pupil.1', 'id': 1, 'method': '3d c++'}"
1580974701.446822,"{'circle_3d': {'center': [-7.109373009320485, 6.1219569614849565, 52.91433764592341], 'normal': [-0.18132068529795473, 0.6479189609262975, -0.7398133745447342], 'radius': 1.690127958628887}, 'confidence': 0.959398591616301, 'timestamp': 12647.829162, 'diameter_3d': 3.380255917257774, 'ellipse': {'center': [76.74551402659648, 191.46108701735338], 'axes': [25.286370494802018, 39.761510858835706], 'angle': -70.30873027425402}, 'location': [76.74551402659648, 191.46108701735338], 'diameter': 39.761510858835706, 'sphere': {'center': [-4.933524785745028, -1.6530705696306138, 61.79209814046022], 'radius': 12.0}, 'projected_sphere': {'center': [110.49876182859234, 103.41367611694845], 'axes': [240.80748910930532, 240.80748910930532], 'angle': 90.0}, 'model_confidence': 0.9440384176921501, 'model_id': 61, 'model_birth_timestamp': 12311.749401, 'theta': 2.2756455133785085, 'phi': -1.8111482787470679, 'norm_pos': [0.239829731333114, 0.2022454707610276], 'topic': 'pupil.1', 'id': 1, 'method': '3d c++'}"
1580974701.4586828,"{'circle_3d': {'center': [-7.152110498803969, 6.1084952670873385, 52.91313574634549], 'normal': [-0.18488214275491174, 0.6467971530598294, -0.7399135328428939], 'radius': 1.611428105021606}, 'confidence': 0.9997868244014776, 'timestamp': 12647.837562, 'diameter_3d': 3.222856210043212, 'ellipse': {'center': [76.239959392621, 191.32992253976718], 'axes': [24.0996173643105, 37.91005536131493], 'angle': -69.99416512495303}, 'location': [76.239959392621, 191.32992253976718], 'diameter': 37.91005536131493, 'sphere': {'center': [-4.933524785745028, -1.6530705696306138, 61.79209814046022], 'radius': 12.0}, 'projected_sphere': {'center': [110.49876182859234, 103.41367611694845], 'axes': [240.80748910930532, 240.80748910930532], 'angle': 90.0}, 'model_confidence': 0.9441801686363771, 'model_id': 61, 'model_birth_timestamp': 12311.749401, 'theta': 2.274173683482598, 'phi': -1.815652567476044, 'norm_pos': [0.23824987310194062, 0.20279198941763676], 'topic': 'pupil.1', 'id': 1, 'method': '3d c++'}"
1580974701.4671738,"{'circle_3d': {'center': [-7.1461606119606875, 6.1104028008916895, 52.91331872402363], 'normal': [-0.18438631885130494, 0.646956114210192, -0.7398982847030489], 'radius': 1.6267395736678743}, 'confidence': 0.9999948951783194, 'timestamp': 12647.845962, 'diameter_3d': 3.2534791473357485, 'ellipse': {'center': [76.31060788011963, 191.34729080165675], 'axes': [24.329898370442923, 38.27029798747253], 'angle': -70.03802527181536}, 'location': [76.31060788011963, 191.34729080165675], 'diameter': 38.27029798747253, 'sphere': {'center': [-4.933524785745028, -1.6530705696306138, 61.79209814046022], 'radius': 12.0}, 'projected_sphere': {'center': [110.49876182859234, 103.41367611694845], 'axes': [240.80748910930532, 240.80748910930532], 'angle': 90.0}, 'model_confidence': 0.9446868612490777, 'model_id': 61, 'model_birth_timestamp': 12311.749401, 'theta': 2.2743821312450487, 'phi': -1.8150265725449346, 'norm_pos': [0.23847064962537384, 0.20271962165976354], 'topic': 'pupil.1', 'id': 1, 'method': '3d c++'}"
1580974701.474692,"{'circle_3d': {'center': [-7.130799800356623, 6.114471039237436, 52.91306216437209], 'normal': [-0.1831062512176329, 0.6472951340723375, -0.7399196646740102], 'radius': 1.6132362242766856}, 'confidence': 0.9999897438072669, 'timestamp': 12647.854362, 'diameter_3d': 3.226472448553371, 'ellipse': {'center': [76.48899404980193, 191.39930475995743], 'axes': [24.133831968123967, 37.95268208714112], 'angle': -70.14897028359125}, 'location': [76.48899404980193, 191.39930475995743], 'diameter': 37.95268208714112, 'sphere': {'center': [-4.933524785745028, -1.6530705696306138, 61.79209814046022], 'radius': 12.0}, 'projected_sphere': {'center': [110.49876182859234, 103.41367611694845], 'axes': [240.80748910930532, 240.80748910930532], 'angle': 90.0}, 'model_confidence': 0.9449879613253498, 'model_id': 61, 'model_birth_timestamp': 12311.749401, 'theta': 2.274826815477939, 'phi': -1.8133902751508602, 'norm_pos': [0.23902810640563105, 0.20250289683351075], 'topic': 'pupil.1', 'id': 1, 'method': '3d c++'}"
1580974701.482728,"{'circle_3d': {'center': [-7.155193455540376, 6.10841594186814, 52.913837305506526], 'normal': [-0.18513905581627893, 0.6467905426248962, -0.7398550695794744], 'radius': 1.6013029802155125}, 'confidence': 0.9999168678780163, 'timestamp': 12647.862762, 'diameter_3d': 3.202605960431025, 'ellipse': {'center': [76.20448128526358, 191.33115326974013], 'axes': [23.94397738276228, 37.67125318086674], 'angle': -69.97411876386133}, 'location': [76.20448128526358, 191.33115326974013], 'diameter': 37.67125318086674, 'sphere': {'center': [-4.933524785745028, -1.6530705696306138, 61.79209814046022], 'radius': 12.0}, 'projected_sphere': {'center': [110.49876182859234, 103.41367611694845], 'axes': [240.80748910930532, 240.80748910930532], 'angle': 90.0}, 'model_confidence': 0.9453309188282133, 'model_id': 61, 'model_birth_timestamp': 12311.749401, 'theta': 2.2741650159339653, 'phi': -1.815997963508683, 'norm_pos': [0.2381390040164487, 0.20278686137608282], 'topic': 'pupil.1', 'id': 1, 'method': '3d c++'}"
1580974701.491007,"{'circle_3d': {'center': [-7.144473080196661, 6.125892933894081, 52.926465932315544], 'normal': [-0.1842456912043028, 0.648246958627058, -0.7388026840120562], 'radius': 1.6460974593397304}, 'confidence': 0.9998975742977496, 'timestamp': 12647.871162, 'diameter_3d': 3.292194918679461, 'ellipse': {'center': [76.35191416172059, 191.5051391434907], 'axes': [24.56035146559394, 38.71632126480759], 'angle': -70.09414129081517}, 'location': [76.35191416172059, 191.5051391434907], 'diameter': 38.71632126480759, 'sphere': {'center': [-4.933524785745028, -1.6530705696306138, 61.79209814046022], 'radius': 12.0}, 'projected_sphere': {'center': [110.49876182859234, 103.41367611694845], 'axes': [240.80748910930532, 240.80748910930532], 'angle': 90.0}, 'model_confidence': 0.9456519269559704, 'model_id': 61, 'model_birth_timestamp': 12311.749401, 'theta': 2.2760761997480037, 'phi': -1.8151952975345087, 'norm_pos': [0.23859973175537683, 0.20206192023545533], 'topic': 'pupil.1', 'id': 1, 'method': '3d c++'}"
1580974701.498678,"{'circle_3d': {'center': [-7.176195843624793, 6.135719701608606, 52.94307714168313], 'normal': [-0.18688925482331367, 0.6490658559366017, -0.7374184165647568], 'radius': 1.6659394008670116}, 'confidence': 0.9986721609924202, 'timestamp': 12647.879562, 'diameter_3d': 3.3318788017340233, 'ellipse': {'center': [76.00845344757732, 191.59202614869955], 'axes': [24.76970191636178, 39.17093388396525], 'angle': -69.919179704885}, 'location': [76.00845344757732, 191.59202614869955], 'diameter': 39.17093388396525, 'sphere': {'center': [-4.933524785745028, -1.6530705696306138, 61.79209814046022], 'radius': 12.0}, 'projected_sphere': {'center': [110.49876182859234, 103.41367611694845], 'axes': [240.80748910930532, 240.80748910930532], 'angle': 90.0}, 'model_confidence': 0.9460263882418385, 'model_id': 61, 'model_birth_timestamp': 12311.749401, 'theta': 2.2771521654171685, 'phi': -1.8190073712490973, 'norm_pos': [0.23752641702367913, 0.2016998910470852], 'topic': 'pupil.1', 'id': 1, 'method': '3d c++'}"
1580974701.506614,"{'circle_3d': {'center': [-7.17938332233341, 6.091770360282673, 52.905391303618295], 'normal': [-0.1871548780490318, 0.6454034108261073, -0.7405589030701603], 'radius': 1.6452453419654782}, 'confidence': 0.9995197142342359, 'timestamp': 12647.887962, 'diameter_3d': 3.2904906839309565, 'ellipse': {'center': [75.91095382423416, 191.13414073357484], 'axes': [24.632161823539597, 38.711599280399625], 'angle': -69.76920199697251}, 'location': [75.91095382423416, 191.13414073357484], 'diameter': 38.711599280399625, 'sphere': {'center': [-4.933524785745028, -1.6530705696306138, 61.79209814046022], 'radius': 12.0}, 'projected_sphere': {'center': [110.49876182859234, 103.41367611694845], 'axes': [240.80748910930532, 240.80748910930532], 'angle': 90.0}, 'model_confidence': 0.9461145626193046, 'model_id': 61, 'model_birth_timestamp': 12311.749401, 'theta': 2.272347626198121, 'phi': -1.8183344031003146, 'norm_pos': [0.23722173070073174, 0.2036077469434382], 'topic': 'pupil.1', 'id': 1, 'method': '3d c++'}"
1580974701.514817,"{'circle_3d': {'center': [-7.163646341400096, 6.100048692790267, 52.90864725976746], 'normal': [-0.18584346297125565, 0.6460932718684068, -0.740287573391063], 'radius': 1.6434410222954712}, 'confidence': 0.9998755648315467, 'timestamp': 12647.896362, 'diameter_3d': 3.2868820445909424, 'ellipse': {'center': [76.09987358548344, 191.2272144788496], 'axes': [24.59544938687981, 38.66677083685448], 'angle': -69.89493681338563}, 'location': [76.09987358548344, 191.2272144788496], 'diameter': 38.66677083685448, 'sphere': {'center': [-4.933524785745028, -1.6530705696306138, 61.79209814046022], 'radius': 12.0}, 'projected_sphere': {'center': [110.49876182859234, 103.41367611694845], 'axes': [240.80748910930532, 240.80748910930532], 'angle': 90.0}, 'model_confidence': 0.9466400969509237, 'model_id': 61, 'model_birth_timestamp': 12311.749401, 'theta': 2.273251117565826, 'phi': -1.8167556965081988, 'norm_pos': [0.23781210495463573, 0.20321993967146001], 'topic': 'pupil.1', 'id': 1, 'method': '3d c++'}"
1580974701.522397,"{'circle_3d': {'center': [-7.173868242710987, 6.120769210470863, 52.929351598437165], 'normal': [-0.18669528808049657, 0.6478199816751231, -0.7385622118352547], 'radius': 1.6365523973380207}, 'confidence': 0.9950990025923971, 'timestamp': 12647.904762, 'diameter_3d': 3.2731047946760414, 'ellipse': {'center': [76.01249641157042, 191.44447182357192], 'axes': [24.395209629205162, 38.48960258662467], 'angle': -69.89027292592556}, 'location': [76.01249641157042, 191.44447182357192], 'diameter': 38.48960258662467, 'sphere': {'center': [-4.933524785745028, -1.6530705696306138, 61.79209814046022], 'radius': 12.0}, 'projected_sphere': {'center': [110.49876182859234, 103.41367611694845], 'axes': [240.80748910930532, 240.80748910930532], 'angle': 90.0}, 'model_confidence': 0.9470017182049539, 'model_id': 61, 'model_birth_timestamp': 12311.749401, 'theta': 2.275515576951185, 'phi': -1.818391694127126, 'norm_pos': [0.23753905128615757, 0.20231470073511704], 'topic': 'pupil.1', 'id': 1, 'method': '3d c++'}"
1580974701.530636,"{'circle_3d': {'center': [-7.17494736035528, 6.076661631444145, 52.89112825276284], 'normal': [-0.1867852145508543, 0.6441443500895632, -0.7417474906414484], 'radius': 1.6142946222825643}, 'confidence': 0.9784576055681944, 'timestamp': 12647.913162, 'diameter_3d': 3.2285892445651285, 'ellipse': {'center': [75.93867959073273, 190.98559261154514], 'axes': [24.233588355020906, 37.99324860118261], 'angle': -69.75308770700003}, 'location': [75.93867959073273, 190.98559261154514], 'diameter': 37.99324860118261, 'sphere': {'center': [-4.933524785745028, -1.6530705696306138, 61.79209814046022], 'radius': 12.0}, 'projected_sphere': {'center': [110.49876182859234, 103.41367611694845], 'axes': [240.80748910930532, 240.80748910930532], 'angle': 90.0}, 'model_confidence': 0.9470800523861622, 'model_id': 61, 'model_birth_timestamp': 12311.749401, 'theta': 2.2707004453330333, 'phi': -1.8174851188946162, 'norm_pos': [0.2373083737210398, 0.20422669745189526], 'topic': 'pupil.1', 'id': 1, 'method': '3d c++'}"
1580974701.542641,"{'circle_3d': {'center': [-7.170853397663523, 6.090607291461035, 52.90222672035914], 'normal': [-0.18644405099320785, 0.645306488424304, -0.7408226183417564], 'radius': 1.6200639125279608}, 'confidence': 0.9996643398000352, 'timestamp': 12647.921562, 'diameter_3d': 3.2401278250559216, 'ellipse': {'center': [76.00427862931336, 191.13242845068115], 'axes': [24.271775501323237, 38.121121521863415], 'angle': -69.82074810185772}, 'location': [76.00427862931336, 191.13242845068115], 'diameter': 38.121121521863415, 'sphere': {'center': [-4.933524785745028, -1.6530705696306138, 61.79209814046022], 'radius': 12.0}, 'projected_sphere': {'center': [110.49876182859234, 103.41367611694845], 'axes': [240.80748910930532, 240.80748910930532], 'angle': 90.0}, 'model_confidence': 0.9472142997790423, 'model_id': 61, 'model_birth_timestamp': 12311.749401, 'theta': 2.2722207449575884, 'phi': -1.817347688036072, 'norm_pos': [0.23751337071660425, 0.20361488145549522], 'topic': 'pupil.1', 'id': 1, 'method': '3d c++'}"
1580974701.550546,"{'circle_3d': {'center': [-7.159811240150833, 6.08212377064503, 52.89207470559799], 'normal': [-0.18552387120048372, 0.6445995283563036, -0.7416686195718525], 'radius': 1.667638246743724}, 'confidence': 0.9992552576923918, 'timestamp': 12647.929962, 'diameter_3d': 3.335276493487448, 'ellipse': {'center': [76.12010333992518, 191.03166620960945], 'axes': [25.03572120347643, 39.24859395791208], 'angle': -69.86666792941172}, 'location': [76.12010333992518, 191.03166620960945], 'diameter': 39.24859395791208, 'sphere': {'center': [-4.933524785745028, -1.6530705696306138, 61.79209814046022], 'radius': 12.0}, 'projected_sphere': {'center': [110.49876182859234, 103.41367611694845], 'axes': [240.80748910930532, 240.80748910930532], 'angle': 90.0}, 'model_confidence': 0.9475067433694417, 'model_id': 61, 'model_birth_timestamp': 12311.749401, 'theta': 2.271295673533033, 'phi': -1.8159104081855075, 'norm_pos': [0.23787532293726618, 0.20403472412662726], 'topic': 'pupil.1', 'id': 1, 'method': '3d c++'}"
1580974701.5584269,"{'circle_3d': {'center': [-7.153544648677152, 6.077052382732628, 52.88610516103711], 'normal': [-0.18500165524434364, 0.6441769126969369, -0.7421660816185929], 'radius': 1.6549151310970136}, 'confidence': 0.9994008266234726, 'timestamp': 12647.938362, 'diameter_3d': 3.309830262194027, 'ellipse': {'center': [76.18329603934448, 190.98412124644128], 'axes': [24.873990057836743, 38.95340359757017], 'angle': -69.89218040558421}, 'location': [76.18329603934448, 190.98412124644128], 'diameter': 38.95340359757017, 'sphere': {'center': [-4.933524785745028, -1.6530705696306138, 61.79209814046022], 'radius': 12.0}, 'projected_sphere': {'center': [110.49876182859234, 103.41367611694845], 'axes': [240.80748910930532, 240.80748910930532], 'angle': 90.0}, 'model_confidence': 0.9477606255779536, 'model_id': 61, 'model_birth_timestamp': 12311.749401, 'theta': 2.2707430169408678, 'phi': -1.8150902438781946, 'norm_pos': [0.2380728001229515, 0.20423282813982802], 'topic': 'pupil.1', 'id': 1, 'method': '3d c++'}"
1580974701.567042,"{'circle_3d': {'center': [-7.133373503529181, 6.076248582756781, 52.880404078195696], 'normal': [-0.1833207264820127, 0.6441099293656163, -0.7426411718553771], 'radius': 1.6562986733691083}, 'confidence': 0.9986438786042404, 'timestamp': 12647.946762, 'diameter_3d': 3.3125973467382166, 'ellipse': {'center': [76.41029253432558, 190.98168250682184], 'axes': [24.927627901610755, 38.990192531550925], 'angle': -70.02020112749096}, 'location': [76.41029253432558, 190.98168250682184], 'diameter': 38.990192531550925, 'sphere': {'center': [-4.933524785745028, -1.6530705696306138, 61.79209814046022], 'radius': 12.0}, 'projected_sphere': {'center': [110.49876182859234, 103.41367611694845], 'axes': [240.80748910930532, 240.80748910930532], 'angle': 90.0}, 'model_confidence': 0.9476828860979114, 'model_id': 61, 'model_birth_timestamp': 12311.749401, 'theta': 2.270655446125379, 'phi': -1.8128077805166156, 'norm_pos': [0.23878216416976744, 0.20424298955490905], 'topic': 'pupil.1', 'id': 1, 'method': '3d c++'}"
1580974701.5747159,"{'circle_3d': {'center': [-7.1442580647745935, 6.082398573161571, 52.88843734784794], 'normal': [-0.18422777325246373, 0.6446224285660155, -0.7419717327176899], 'radius': 1.6489029796291477}, 'confidence': 0.998958771376969, 'timestamp': 12647.955162, 'diameter_3d': 3.2978059592582953, 'ellipse': {'center': [76.29517519744988, 191.04547617238728], 'axes': [24.775928765290534, 38.810130326868915], 'angle': -69.96795243968906}, 'location': [76.29517519744988, 191.04547617238728], 'diameter': 38.810130326868915, 'sphere': {'center': [-4.933524785745028, -1.6530705696306138, 61.79209814046022], 'radius': 12.0}, 'projected_sphere': {'center': [110.49876182859234, 103.41367611694845], 'axes': [240.80748910930532, 240.80748910930532], 'angle': 90.0}, 'model_confidence': 0.9478108082864534, 'model_id': 61, 'model_birth_timestamp': 12311.749401, 'theta': 2.2713256276046048, 'phi': -1.8141695168235872, 'norm_pos': [0.23842242249203088, 0.20397718261505304], 'topic': 'pupil.1', 'id': 1, 'method': '3d c++'}"
1580974701.5824618,"{'circle_3d': {'center': [-7.137214304893486, 6.102214845024129, 52.90394306528074], 'normal': [-0.18364079326237143, 0.646273784554562, -0.7406795895982896], 'radius': 1.6563269717883613}, 'confidence': 0.9741138565493312, 'timestamp': 12647.963562, 'diameter_3d': 3.3126539435767226, 'ellipse': {'center': [76.40213770717261, 191.25463152612286], 'axes': [24.818734544136017, 38.97356490461975], 'angle': -70.07160380929928}, 'location': [76.40213770717261, 191.25463152612286], 'diameter': 38.97356490461975, 'sphere': {'center': [-4.933524785745028, -1.6530705696306138, 61.79209814046022], 'radius': 12.0}, 'projected_sphere': {'center': [110.49876182859234, 103.41367611694845], 'axes': [240.80748910930532, 240.80748910930532], 'angle': 90.0}, 'model_confidence': 0.9479875101832458, 'model_id': 61, 'model_birth_timestamp': 12311.749401, 'theta': 2.273487643944408, 'phi': -1.8138310259464638, 'norm_pos': [0.23875668033491443, 0.20310570197448807], 'topic': 'pupil.1', 'id': 1, 'method': '3d c++'}"
1580974701.590407,"{'circle_3d': {'center': [-7.124016134943026, 6.100451664006169, 52.89914359084125], 'normal': [-0.1825409457664998, 0.6461268528030653, -0.7410795458015811], 'radius': 1.6444959131472032}, 'confidence': 0.9998325538300498, 'timestamp': 12647.971962, 'diameter_3d': 3.2889918262944065, 'ellipse': {'center': [76.54826206261842, 191.24396544371248], 'axes': [24.667470853379953, 38.69856605189691], 'angle': -70.15170397424924}, 'location': [76.54826206261842, 191.24396544371248], 'diameter': 38.69856605189691, 'sphere': {'center': [-4.933524785745028, -1.6530705696306138, 61.79209814046022], 'radius': 12.0}, 'projected_sphere': {'center': [110.49876182859234, 103.41367611694845], 'axes': [240.80748910930532, 240.80748910930532], 'angle': 90.0}, 'model_confidence': 0.9484420076313893, 'model_id': 61, 'model_birth_timestamp': 12311.749401, 'theta': 2.273295115191231, 'phi': -1.8123062236035214, 'norm_pos': [0.23921331894568257, 0.20315014398453135], 'topic': 'pupil.1', 'id': 1, 'method': '3d c++'}"
1580974701.5987048,"{'circle_3d': {'center': [-7.110798233042619, 6.096127638586401, 52.89213142897982], 'normal': [-0.18143945394146585, 0.6457665173514179, -0.741663892623366], 'radius': 1.6452061527638193}, 'confidence': 0.999527776084212, 'timestamp': 12647.980361, 'diameter_3d': 3.2904123055276386, 'ellipse': {'center': [76.6918892965402, 191.20232542738717], 'axes': [24.71441715046287, 38.72041378159306], 'angle': -70.22455399121696}, 'location': [76.6918892965402, 191.20232542738717], 'diameter': 38.72041378159306, 'sphere': {'center': [-4.933524785745028, -1.6530705696306138, 61.79209814046022], 'radius': 12.0}, 'projected_sphere': {'center': [110.49876182859234, 103.41367611694845], 'axes': [240.80748910930532, 240.80748910930532], 'angle': 90.0}, 'model_confidence': 0.9487097592695504, 'model_id': 61, 'model_birth_timestamp': 12311.749401, 'theta': 2.272823090419634, 'phi': -1.8107224291249175, 'norm_pos': [0.23966215405168811, 0.20332364405255343], 'topic': 'pupil.1', 'id': 1, 'method': '3d c++'}"
1580974701.606485,"{'circle_3d': {'center': [-7.11285172173652, 6.10526988852166, 52.90060290954098], 'normal': [-0.18161057799929098, 0.6465283715126895, -0.7409579359099363], 'radius': 1.6363577238274982}, 'confidence': 0.9998605589483124, 'timestamp': 12647.988761, 'diameter_3d': 3.2727154476549964, 'ellipse': {'center': [76.68059019559014, 191.30091024164943], 'axes': [24.542302288706598, 38.505923084948904], 'angle': -70.23794535623922}, 'location': [76.68059019559014, 191.30091024164943], 'diameter': 38.505923084948904, 'sphere': {'center': [-4.933524785745028, -1.6530705696306138, 61.79209814046022], 'radius': 12.0}, 'projected_sphere': {'center': [110.49876182859234, 103.41367611694845], 'axes': [240.80748910930532, 240.80748910930532], 'angle': 90.0}, 'model_confidence': 0.9490173775152044, 'model_id': 61, 'model_birth_timestamp': 12311.749401, 'theta': 2.2738213106484055, 'phi': -1.8111602110175986, 'norm_pos': [0.2396268443612192, 0.2029128739931274], 'topic': 'pupil.1', 'id': 1, 'method': '3d c++'}"
1580974701.614225,"{'circle_3d': {'center': [-7.084627702316834, 6.117706208016752, 52.90459092446918], 'normal': [-0.17925857638098383, 0.6475647314706139, -0.7406256013325861], 'radius': 1.6580956161885345}, 'confidence': 0.9943090203549666, 'timestamp': 12647.997161, 'diameter_3d': 3.316191232377069, 'ellipse': {'center': [77.01781572983415, 191.4342786804682], 'axes': [24.859576974505437, 39.01476459968938], 'angle': -70.45652655598869}, 'location': [77.01781572983415, 191.4342786804682], 'diameter': 39.01476459968938, 'sphere': {'center': [-4.933524785745028, -1.6530705696306138, 61.79209814046022], 'radius': 12.0}, 'projected_sphere': {'center': [110.49876182859234, 103.41367611694845], 'axes': [240.80748910930532, 240.80748910930532], 'angle': 90.0}, 'model_confidence': 0.9493775416505645, 'model_id': 61, 'model_birth_timestamp': 12311.749401, 'theta': 2.2751805598249866, 'phi': -1.8082661906945188, 'norm_pos': [0.24068067415573174, 0.20235717216471583], 'topic': 'pupil.1', 'id': 1, 'method': '3d c++'}"
1580974701.626581,"{'circle_3d': {'center': [-7.097278722761691, 6.1009616014917185, 52.893044595883424], 'normal': [-0.18031282808472185, 0.6461693475935277, -0.7415877953813994], 'radius': 1.6528870210616189}, 'confidence': 0.9991553198933353, 'timestamp': 12648.005561, 'diameter_3d': 3.3057740421232378, 'ellipse': {'center': [76.85176227707115, 191.2552444980381], 'axes': [24.830149905204646, 38.90060649812404], 'angle': -70.32612715642708}, 'location': [76.85176227707115, 191.2552444980381], 'diameter': 38.90060649812404, 'sphere': {'center': [-4.933524785745028, -1.6530705696306138, 61.79209814046022], 'radius': 12.0}, 'projected_sphere': {'center': [110.49876182859234, 103.41367611694845], 'axes': [240.80748910930532, 240.80748910930532], 'angle': 90.0}, 'model_confidence': 0.9495651875459088, 'model_id': 61, 'model_birth_timestamp': 12311.749401, 'theta': 2.2733507940690783, 'phi': -1.8093122090704583, 'norm_pos': [0.24016175711584734, 0.2031031479248412], 'topic': 'pupil.1', 'id': 1, 'method': '3d c++'}"
1580974701.634416,"{'circle_3d': {'center': [-7.082084531492599, 6.120731576676123, 52.906621720535966], 'normal': [-0.1790466454789642, 0.6478168455255614, -0.7404563683270211], 'radius': 1.6293151595556474}, 'confidence': 0.9998902367614654, 'timestamp': 12648.013961, 'diameter_3d': 3.258630319111295, 'ellipse': {'center': [77.04916972393006, 191.4759505718429], 'axes': [24.41936225059552, 38.33580265261808], 'angle': -70.4818252933473}, 'location': [77.04916972393006, 191.4759505718429], 'diameter': 38.33580265261808, 'sphere': {'center': [-4.933524785745028, -1.6530705696306138, 61.79209814046022], 'radius': 12.0}, 'projected_sphere': {'center': [110.49876182859234, 103.41367611694845], 'axes': [240.80748910930532, 240.80748910930532], 'angle': 90.0}, 'model_confidence': 0.9498903476274467, 'model_id': 61, 'model_birth_timestamp': 12311.749401, 'theta': 2.2755114601606787, 'phi': -1.8080480585223309, 'norm_pos': [0.24077865538728144, 0.2021835392839879], 'topic': 'pupil.1', 'id': 1, 'method': '3d c++'}"
1580974701.642578,"{'circle_3d': {'center': [-7.070361424241662, 6.1129216561783135, 52.89697060179875], 'normal': [-0.17806971987471948, 0.6471660188174106, -0.7412606282217893], 'radius': 1.6518017638466085}, 'confidence': 0.9588817103408318, 'timestamp': 12648.022361, 'diameter_3d': 3.303603527693217, 'ellipse': {'center': [77.17242748522969, 191.3902716203123], 'axes': [24.804673211245195, 38.87219546798748], 'angle': -70.53519044659899}, 'location': [77.17242748522969, 191.3902716203123], 'diameter': 38.87219546798748, 'sphere': {'center': [-4.933524785745028, -1.6530705696306138, 61.79209814046022], 'radius': 12.0}, 'projected_sphere': {'center': [110.49876182859234, 103.41367611694845], 'axes': [240.80748910930532, 240.80748910930532], 'angle': 90.0}, 'model_confidence': 0.9500304884162647, 'model_id': 61, 'model_birth_timestamp': 12311.749401, 'theta': 2.2746574382997093, 'phi': -1.8065545341250244, 'norm_pos': [0.24116383589134277, 0.2025405349153655], 'topic': 'pupil.1', 'id': 1, 'method': '3d c++'}"
1580974701.650505,"{'circle_3d': {'center': [-7.076157237817078, 6.126421469486974, 52.91017099661166], 'normal': [-0.17855270433933748, 0.648291003259799, -0.7401605953207131], 'radius': 1.6687011178001432}, 'confidence': 0.9998666410796148, 'timestamp': 12648.030761, 'diameter_3d': 3.3374022356002864, 'ellipse': {'center': [77.12600278571865, 191.52550067249766], 'axes': [24.995739317981073, 39.26030134874546], 'angle': -70.53644628384113}, 'location': [77.12600278571865, 191.52550067249766], 'diameter': 39.26030134874546, 'sphere': {'center': [-4.933524785745028, -1.6530705696306138, 61.79209814046022], 'radius': 12.0}, 'projected_sphere': {'center': [110.49876182859234, 103.41367611694845], 'axes': [240.80748910930532, 240.80748910930532], 'angle': 90.0}, 'model_confidence': 0.9502412263673432, 'model_id': 61, 'model_birth_timestamp': 12311.749401, 'theta': 2.2761340457855668, 'phi': -1.8075087986835066, 'norm_pos': [0.2410187587053708, 0.20197708053125973], 'topic': 'pupil.1', 'id': 1, 'method': '3d c++'}"
1580974701.658155,"{'circle_3d': {'center': [-7.06643676463438, 6.115512290250887, 52.89829092198141], 'normal': [-0.17774266490744595, 0.6473819049901252, -0.7411506015399003], 'radius': 1.6577873522807867}, 'confidence': 0.9995431888078206, 'timestamp': 12648.039161, 'diameter_3d': 3.3155747045615733, 'ellipse': {'center': [77.22065686243538, 191.41695127686552], 'axes': [24.889859579361477, 39.01215020565126], 'angle': -70.5680825168667}, 'location': [77.22065686243538, 191.41695127686552], 'diameter': 39.01215020565126, 'sphere': {'center': [-4.933524785745028, -1.6530705696306138, 61.79209814046022], 'radius': 12.0}, 'projected_sphere': {'center': [110.49876182859234, 103.41367611694845], 'axes': [240.80748910930532, 240.80748910930532], 'angle': 90.0}, 'model_confidence': 0.950264831369918, 'model_id': 61, 'model_birth_timestamp': 12311.749401, 'theta': 2.2749406578016487, 'phi': -1.8061710115789988, 'norm_pos': [0.24131455269511054, 0.20242936967972702], 'topic': 'pupil.1', 'id': 1, 'method': '3d c++'}"
1580974701.66681,"{'circle_3d': {'center': [-7.06655056064123, 6.112761135029251, 52.89591587060265], 'normal': [-0.1777521479080168, 0.6471526420549887, -0.7413485224881305], 'radius': 1.6770930464970166}, 'confidence': 0.9999209621472975, 'timestamp': 12648.047561, 'diameter_3d': 3.3541860929940333, 'ellipse': {'center': [77.21667798338822, 191.3817841977033], 'axes': [25.19097355051623, 39.468438186062315], 'angle': -70.55935579084534}, 'location': [77.21667798338822, 191.3817841977033], 'diameter': 39.468438186062315, 'sphere': {'center': [-4.933524785745028, -1.6530705696306138, 61.79209814046022], 'radius': 12.0}, 'projected_sphere': {'center': [110.49876182859234, 103.41367611694845], 'axes': [240.80748910930532, 240.80748910930532], 'angle': 90.0}, 'model_confidence': 0.9507025309927086, 'model_id': 61, 'model_birth_timestamp': 12311.749401, 'theta': 2.2746398916627846, 'phi': -1.806122563243577, 'norm_pos': [0.2413021186980882, 0.2025758991762363], 'topic': 'pupil.1', 'id': 1, 'method': '3d c++'}"
1580974701.675275,"{'circle_3d': {'center': [-7.078767385771828, 6.101677105962288, 52.88918723026255], 'normal': [-0.1787702166689, 0.6462289729660752, -0.7419092425164727], 'radius': 1.6536034531138626}, 'confidence': 0.9999528175488496, 'timestamp': 12648.055961, 'diameter_3d': 3.307206906227725, 'ellipse': {'center': [77.06221395545214, 191.2684054967504], 'axes': [24.864673641721946, 38.92031740948976], 'angle': -70.44819600548936}, 'location': [77.06221395545214, 191.2684054967504], 'diameter': 38.92031740948976, 'sphere': {'center': [-4.933524785745028, -1.6530705696306138, 61.79209814046022], 'radius': 12.0}, 'projected_sphere': {'center': [110.49876182859234, 103.41367611694845], 'axes': [240.80748910930532, 240.80748910930532], 'angle': 90.0}, 'model_confidence': 0.9509140022413765, 'model_id': 61, 'model_birth_timestamp': 12311.749401, 'theta': 2.273428922749344, 'phi': -1.8072485265305367, 'norm_pos': [0.24081941861078793, 0.20304831043020666], 'topic': 'pupil.1', 'id': 1, 'method': '3d c++'}"
1580974701.682399,"{'circle_3d': {'center': [-7.077997970489335, 6.119493978087494, 52.904552072423876], 'normal': [-0.17870609872869217, 0.6477137123098423, -0.7406288390030284], 'radius': 1.682068368885138}, 'confidence': 0.9996026511786762, 'timestamp': 12648.064361, 'diameter_3d': 3.364136737770276, 'ellipse': {'center': [77.09651340450233, 191.4476332133183], 'axes': [25.221711137222677, 39.579132340424124], 'angle': -70.50452669364542}, 'location': [77.09651340450233, 191.4476332133183], 'diameter': 39.579132340424124, 'sphere': {'center': [-4.933524785745028, -1.6530705696306138, 61.79209814046022], 'radius': 12.0}, 'projected_sphere': {'center': [110.49876182859234, 103.41367611694845], 'axes': [240.80748910930532, 240.80748910930532], 'angle': 90.0}, 'model_confidence': 0.9509872926945606, 'model_id': 61, 'model_birth_timestamp': 12311.749401, 'theta': 2.2753760863030243, 'phi': -1.8075603944107184, 'norm_pos': [0.2409266043890698, 0.20230152827784031], 'topic': 'pupil.1', 'id': 1, 'method': '3d c++'}"
1580974701.691375,"{'circle_3d': {'center': [-7.074161445225289, 6.111848337058005, 52.89694726683032], 'normal': [-0.1783863882900217, 0.647076575557385, -0.7412625728024919], 'radius': 1.6619155803086187}, 'confidence': 0.999694006610873, 'timestamp': 12648.072761, 'diameter_3d': 3.3238311606172375, 'ellipse': {'center': [77.12850911516098, 191.3745781554925], 'axes': [24.955539842374197, 39.11032776398273], 'angle': -70.50741751278132}, 'location': [77.12850911516098, 191.3745781554925], 'diameter': 39.11032776398273, 'sphere': {'center': [-4.933524785745028, -1.6530705696306138, 61.79209814046022], 'radius': 12.0}, 'projected_sphere': {'center': [110.49876182859234, 103.41367611694845], 'axes': [240.80748910930532, 240.80748910930532], 'angle': 90.0}, 'model_confidence': 0.9511159545455672, 'model_id': 61, 'model_birth_timestamp': 12311.749401, 'theta': 2.2745401182859326, 'phi': -1.8069577926320415, 'norm_pos': [0.24102659098487805, 0.20260592435211466], 'topic': 'pupil.1', 'id': 1, 'method': '3d c++'}"
1580974701.698731,"{'circle_3d': {'center': [-7.072807069675179, 6.106646020717198, 52.892082986139215], 'normal': [-0.17827352366084584, 0.6466430491956511, -0.7416679295267502], 'radius': 1.6781018514697232}, 'confidence': 0.9999442901273747, 'timestamp': 12648.081161, 'diameter_3d': 3.3562037029394465, 'ellipse': {'center': [77.13767774254663, 191.31497796902744], 'axes': [25.221887672343232, 39.49503895384674], 'angle': -70.50113325807212}, 'location': [77.13767774254663, 191.31497796902744], 'diameter': 39.49503895384674, 'sphere': {'center': [-4.933524785745028, -1.6530705696306138, 61.79209814046022], 'radius': 12.0}, 'projected_sphere': {'center': [110.49876182859234, 103.41367611694845], 'axes': [240.80748910930532, 240.80748910930532], 'angle': 90.0}, 'model_confidence': 0.9514628456018359, 'model_id': 61, 'model_birth_timestamp': 12311.749401, 'theta': 2.273971640312501, 'phi': -1.806689601630305, 'norm_pos': [0.24105524294545821, 0.2028542584623857], 'topic': 'pupil.1', 'id': 1, 'method': '3d c++'}"
1580974701.7106009,"{'circle_3d': {'center': [-7.092207895295075, 6.079366464012821, 52.8730452337171], 'normal': [-0.1798902591291705, 0.6443697528036196, -0.7432544088952597], 'radius': 1.6567097577371468}, 'confidence': 0.9999323071431279, 'timestamp': 12648.089561, 'diameter_3d': 3.3134195154742936, 'ellipse': {'center': [76.88020170648606, 191.02755614609327], 'axes': [24.981188852120383, 39.0053189223128], 'angle': -70.2961779086409}, 'location': [76.88020170648606, 191.02755614609327], 'diameter': 39.0053189223128, 'sphere': {'center': [-4.933524785745028, -1.6530705696306138, 61.79209814046022], 'radius': 12.0}, 'projected_sphere': {'center': [110.49876182859234, 103.41367611694845], 'axes': [240.80748910930532, 240.80748910930532], 'angle': 90.0}, 'model_confidence': 0.9516779683095722, 'model_id': 61, 'model_birth_timestamp': 12311.749401, 'theta': 2.270995162978751, 'phi': -1.808260363049397, 'norm_pos': [0.24025063033276894, 0.20405184939127807], 'topic': 'pupil.1', 'id': 1, 'method': '3d c++'}"
1580974701.71943,"{'circle_3d': {'center': [-7.061435894273972, 6.135659637509294, 52.914729381949314], 'normal': [-0.17732592571074532, 0.6490608505949923, -0.7397807298759088], 'radius': 1.6680555051076311}, 'confidence': 0.9998802582597713, 'timestamp': 12648.097961, 'diameter_3d': 3.3361110102152622, 'ellipse': {'center': [77.30502677920633, 191.62769583289653], 'axes': [24.96987097818254, 39.24174292670596], 'angle': -70.65828480299155}, 'location': [77.30502677920633, 191.62769583289653], 'diameter': 39.24174292670596, 'sphere': {'center': [-4.933524785745028, -1.6530705696306138, 61.79209814046022], 'radius': 12.0}, 'projected_sphere': {'center': [110.49876182859234, 103.41367611694845], 'axes': [240.80748910930532, 240.80748910930532], 'angle': 90.0}, 'model_confidence': 0.9518878889363647, 'model_id': 61, 'model_birth_timestamp': 12311.749401, 'theta': 2.277145585798992, 'phi': -1.8060582467618769, 'norm_pos': [0.24157820868501978, 0.20155126736293105], 'topic': 'pupil.1', 'id': 1, 'method': '3d c++'}"
1580974701.7265458,"{'circle_3d': {'center': [-7.100106536116712, 6.089892350797273, 52.884098997452], 'normal': [-0.18054847919764036, 0.6452469100356573, -0.7423332619173518], 'radius': 1.6484122203818323}, 'confidence': 0.9994096874731296, 'timestamp': 12648.106361, 'diameter_3d': 3.2968244407636647, 'ellipse': {'center': [76.80456716331014, 191.1388756391362], 'axes': [24.802828181123495, 38.80178483266499], 'angle': -70.27562251896087}, 'location': [76.80456716331014, 191.1388756391362], 'diameter': 38.80178483266499, 'sphere': {'center': [-4.933524785745028, -1.6530705696306138, 61.79209814046022], 'radius': 12.0}, 'projected_sphere': {'center': [110.49876182859234, 103.41367611694845], 'axes': [240.80748910930532, 240.80748910930532], 'angle': 90.0}, 'model_confidence': 0.9519265281856981, 'model_id': 61, 'model_birth_timestamp': 12311.749401, 'theta': 2.272142757561244, 'phi': -1.8093813936753436, 'norm_pos': [0.24001427238534417, 0.20358801817026584], 'topic': 'pupil.1', 'id': 1, 'method': '3d c++'}"
1580974701.734988,"{'circle_3d': {'center': [-7.0611177846020805, 6.127423588463502, 52.907433898797635], 'normal': [-0.17729941657142098, 0.6483745131745097, -0.7403886868052153], 'radius': 1.6887822418045295}, 'confidence': 0.9994525530509812, 'timestamp': 12648.114761, 'diameter_3d': 3.377564483609059, 'ellipse': {'center': [77.2985772557002, 191.53439105197498], 'axes': [25.31464032048702, 39.735035963929484], 'angle': -70.63667046269012}, 'location': [77.2985772557002, 191.53439105197498], 'diameter': 39.735035963929484, 'sphere': {'center': [-4.933524785745028, -1.6530705696306138, 61.79209814046022], 'radius': 12.0}, 'projected_sphere': {'center': [110.49876182859234, 103.41367611694845], 'axes': [240.80748910930532, 240.80748910930532], 'angle': 90.0}, 'model_confidence': 0.9521629275725974, 'model_id': 61, 'model_birth_timestamp': 12311.749401, 'theta': 2.276243731391413, 'phi': -1.8058382447605819, 'norm_pos': [0.2415580539240631, 0.20194003728343757], 'topic': 'pupil.1', 'id': 1, 'method': '3d c++'}"
1580974701.743501,"{'circle_3d': {'center': [-7.053075495581999, 6.128833992202361, 52.9067469274269], 'normal': [-0.17662922581974755, 0.6484920468194146, -0.7404459344194433], 'radius': 1.6749552969811166}, 'confidence': 0.9997072784067174, 'timestamp': 12648.123161, 'diameter_3d': 3.349910593962233, 'ellipse': {'center': [77.39076467836755, 191.55617955101388], 'axes': [25.113041784839815, 39.410068914925695], 'angle': -70.69290500117036}, 'location': [77.39076467836755, 191.55617955101388], 'diameter': 39.410068914925695, 'sphere': {'center': [-4.933524785745028, -1.6530705696306138, 61.79209814046022], 'radius': 12.0}, 'projected_sphere': {'center': [110.49876182859234, 103.41367611694845], 'axes': [240.80748910930532, 240.80748910930532], 'angle': 90.0}, 'model_confidence': 0.9523285574775886, 'model_id': 61, 'model_birth_timestamp': 12311.749401, 'theta': 2.276398122626116, 'phi': -1.8049645230374312, 'norm_pos': [0.2418461396198986, 0.20184925187077551], 'topic': 'pupil.1', 'id': 1, 'method': '3d c++'}"
1580974701.7506151,"{'circle_3d': {'center': [-7.055122388027953, 6.108655145758171, 52.889601999879204], 'normal': [-0.1767998001902437, 0.6468104762823987, -0.7418746783817509], 'radius': 1.6860913471431882}, 'confidence': 0.999630980979226, 'timestamp': 12648.131561, 'diameter_3d': 3.3721826942863764, 'ellipse': {'center': [77.34098460942236, 191.3391402838227], 'axes': [25.359584120618006, 39.685028974448294], 'angle': -70.62171172332465}, 'location': [77.34098460942236, 191.3391402838227], 'diameter': 39.685028974448294, 'sphere': {'center': [-4.933524785745028, -1.6530705696306138, 61.79209814046022], 'radius': 12.0}, 'projected_sphere': {'center': [110.49876182859234, 103.41367611694845], 'axes': [240.80748910930532, 240.80748910930532], 'angle': 90.0}, 'model_confidence': 0.9524384206664238, 'model_id': 61, 'model_birth_timestamp': 12311.749401, 'theta': 2.274191152977513, 'phi': -1.8047473881043983, 'norm_pos': [0.2416905769044449, 0.2027535821507388], 'topic': 'pupil.1', 'id': 1, 'method': '3d c++'}"
1580974701.759433,"{'circle_3d': {'center': [-7.050300242965697, 6.111775034578468, 52.891174907081385], 'normal': [-0.17639795476838904, 0.6470704670174235, -0.7417436027815695], 'radius': 1.6578098105874877}, 'confidence': 0.9999005304392334, 'timestamp': 12648.139961, 'diameter_3d': 3.3156196211749753, 'ellipse': {'center': [77.39828863745363, 191.38253881559547], 'axes': [24.92819366889187, 39.017920327438034], 'angle': -70.66210714029202}, 'location': [77.39828863745363, 191.38253881559547], 'diameter': 39.017920327438034, 'sphere': {'center': [-4.933524785745028, -1.6530705696306138, 61.79209814046022], 'radius': 12.0}, 'projected_sphere': {'center': [110.49876182859234, 103.41367611694845], 'axes': [240.80748910930532, 240.80748910930532], 'angle': 90.0}, 'model_confidence': 0.9527974353954582, 'model_id': 61, 'model_birth_timestamp': 12311.749401, 'theta': 2.274532106325329, 'phi': -1.8042745420998825, 'norm_pos': [0.2418696519920426, 0.20257275493501892], 'topic': 'pupil.1', 'id': 1, 'method': '3d c++'}"
1580974701.76689,"{'circle_3d': {'center': [-7.06005366435779, 6.116703204389607, 52.897802753585914], 'normal': [-0.17721073988439684, 0.6474811478350184, -0.7411912822395254], 'radius': 1.6716474907028596}, 'confidence': 0.9999220615723179, 'timestamp': 12648.14836, 'diameter_3d': 3.343294981405719, 'ellipse': {'center': [77.2952384198705, 191.42712962596798], 'axes': [25.102514569946106, 39.338829765746375], 'angle': -70.61286749949554}, 'location': [77.2952384198705, 191.42712962596798], 'diameter': 39.338829765746375, 'sphere': {'center': [-4.933524785745028, -1.6530705696306138, 61.79209814046022], 'radius': 12.0}, 'projected_sphere': {'center': [110.49876182859234, 103.41367611694845], 'axes': [240.80748910930532, 240.80748910930532], 'angle': 90.0}, 'model_confidence': 0.9532762753914792, 'model_id': 61, 'model_birth_timestamp': 12311.749401, 'theta': 2.2750708766296186, 'phi': -1.805479818611746, 'norm_pos': [0.24154762006209532, 0.2023869598918001], 'topic': 'pupil.1', 'id': 1, 'method': '3d c++'}"
1580974701.7742589,"{'circle_3d': {'center': [-7.080500117471509, 6.083257024167322, 52.87359309272948], 'normal': [-0.17891461097720668, 0.644693966149828, -0.7432087539775614], 'radius': 1.6855173415753482}, 'confidence': 0.9991449694013247, 'timestamp': 12648.15676, 'diameter_3d': 3.3710346831506963, 'ellipse': {'center': [77.01951817648239, 191.06320002586853], 'axes': [25.4173152417579, 39.68346890206068], 'angle': -70.38344341926111}, 'location': [77.01951817648239, 191.06320002586853], 'diameter': 39.68346890206068, 'sphere': {'center': [-4.933524785745028, -1.6530705696306138, 61.79209814046022], 'radius': 12.0}, 'projected_sphere': {'center': [110.49876182859234, 103.41367611694845], 'axes': [240.80748910930532, 240.80748910930532], 'angle': 90.0}, 'model_confidence': 0.9533814067864577, 'model_id': 61, 'model_birth_timestamp': 12311.749401, 'theta': 2.2714192055036904, 'phi': -1.8070339375994215, 'norm_pos': [0.24068599430150747, 0.20390333322554777], 'topic': 'pupil.1', 'id': 1, 'method': '3d c++'}"
1580974701.782227,"{'circle_3d': {'center': [-7.055920034284588, 6.08877168098245, 52.8724951798123], 'normal': [-0.17686627071163, 0.645153520884422, -0.7433002467206601], 'radius': 1.7087870271868881}, 'confidence': 0.9997557926668288, 'timestamp': 12648.16516, 'diameter_3d': 3.4175740543737763, 'ellipse': {'center': [77.30648037507693, 191.1215999073992], 'axes': [25.782079522280455, 40.23243220128245], 'angle': -70.55918886459494}, 'location': [77.30648037507693, 191.1215999073992], 'diameter': 40.23243220128245, 'sphere': {'center': [-4.933524785745028, -1.6530705696306138, 61.79209814046022], 'radius': 12.0}, 'projected_sphere': {'center': [110.49876182859234, 103.41367611694845], 'axes': [240.80748910930532, 240.80748910930532], 'angle': 90.0}, 'model_confidence': 0.9536532372814155, 'model_id': 61, 'model_birth_timestamp': 12311.749401, 'theta': 2.272020522617601, 'phi': -1.8043994810153923, 'norm_pos': [0.24158275117211542, 0.20366000038583665], 'topic': 'pupil.1', 'id': 1, 'method': '3d c++'}"
1580974701.794506,"{'circle_3d': {'center': [-7.064635833348418, 6.103401344947411, 52.8872955519047], 'normal': [-0.17759258730028246, 0.6463726595481687, -0.7420668823796267], 'radius': 1.688978421726012}, 'confidence': 0.9997514053269441, 'timestamp': 12648.17356, 'diameter_3d': 3.377956843452024, 'ellipse': {'center': [77.22637406336165, 191.27980333268127], 'axes': [25.410664802751842, 39.75473522181034], 'angle': -70.54477834581554}, 'location': [77.22637406336165, 191.27980333268127], 'diameter': 39.75473522181034, 'sphere': {'center': [-4.933524785745028, -1.6530705696306138, 61.79209814046022], 'radius': 12.0}, 'projected_sphere': {'center': [110.49876182859234, 103.41367611694845], 'axes': [240.80748910930532, 240.80748910930532], 'angle': 90.0}, 'model_confidence': 0.9537302429125205, 'model_id': 61, 'model_birth_timestamp': 12311.749401, 'theta': 2.273617220265271, 'phi': -1.8056996974824304, 'norm_pos': [0.24133241894800514, 0.20300081944716142], 'topic': 'pupil.1', 'id': 1, 'method': '3d c++'}"
1580974701.802485,"{'circle_3d': {'center': [-7.051863935954612, 6.089326061012654, 52.872012173470154], 'normal': [-0.17652826251746528, 0.6451997192202723, -0.7433404972491722], 'radius': 1.7136125795240493}, 'confidence': 0.9994882052727521, 'timestamp': 12648.18196, 'diameter_3d': 3.4272251590480987, 'ellipse': {'center': [77.35342009092473, 191.12713839307492], 'axes': [25.8586305184502, 40.34647092807781], 'angle': -70.58717741179476}, 'location': [77.35342009092473, 191.12713839307492], 'diameter': 40.34647092807781, 'sphere': {'center': [-4.933524785745028, -1.6530705696306138, 61.79209814046022], 'radius': 12.0}, 'projected_sphere': {'center': [110.49876182859234, 103.41367611694845], 'axes': [240.80748910930532, 240.80748910930532], 'angle': 90.0}, 'model_confidence': 0.9536389791487077, 'model_id': 61, 'model_birth_timestamp': 12311.749401, 'theta': 2.2720809889953895, 'phi': -1.8039568911829313, 'norm_pos': [0.24172943778413977, 0.20363692336218786], 'topic': 'pupil.1', 'id': 1, 'method': '3d c++'}"
1580974701.810391,"{'circle_3d': {'center': [-7.058559876562839, 6.08909957669389, 52.87340836627508], 'normal': [-0.17708625756815088, 0.645180845527042, -0.7432241478487616], 'radius': 1.709248609347423}, 'confidence': 0.9992275291950379, 'timestamp': 12648.19036, 'diameter_3d': 3.418497218694846, 'ellipse': {'center': [77.2770514649285, 191.12409968683312], 'axes': [25.783823341844553, 40.24261068329548], 'angle': -70.54295108127391}, 'location': [77.2770514649285, 191.12409968683312], 'diameter': 40.24261068329548, 'sphere': {'center': [-4.933524785745028, -1.6530705696306138, 61.79209814046022], 'radius': 12.0}, 'projected_sphere': {'center': [110.49876182859234, 103.41367611694845], 'axes': [240.80748910930532, 240.80748910930532], 'angle': 90.0}, 'model_confidence': 0.9535760466155341, 'model_id': 61, 'model_birth_timestamp': 12311.749401, 'theta': 2.2720562859173072, 'phi': -1.8047026463945497, 'norm_pos': [0.24149078582790157, 0.20364958463819538], 'topic': 'pupil.1', 'id': 1, 'method': '3d c++'}"
1580974701.818385,"{'circle_3d': {'center': [-7.0705473889624315, 6.101369578739238, 52.886942758397105], 'normal': [-0.17808521693478363, 0.6462033456974877, -0.7420962818385928], 'radius': 1.6902861168212886}, 'confidence': 0.9995808218428173, 'timestamp': 12648.19876, 'diameter_3d': 3.380572233642577, 'ellipse': {'center': [77.15679724494701, 191.25609261717446], 'axes': [25.430030236983228, 39.78579055785102], 'angle': -70.50052236020922}, 'location': [77.15679724494701, 191.25609261717446], 'diameter': 39.78579055785102, 'sphere': {'center': [-4.933524785745028, -1.6530705696306138, 61.79209814046022], 'radius': 12.0}, 'projected_sphere': {'center': [110.49876182859234, 103.41367611694845], 'axes': [240.80748910930532, 240.80748910930532], 'angle': 90.0}, 'model_confidence': 0.9539950123095831, 'model_id': 61, 'model_birth_timestamp': 12311.749401, 'theta': 2.2733953420377957, 'phi': -1.806318512065824, 'norm_pos': [0.24111499139045942, 0.20309961409510646], 'topic': 'pupil.1', 'id': 1, 'method': '3d c++'}"
1580974701.8262742,"{'circle_3d': {'center': [-7.066525169555268, 6.095792139068658, 52.88112534932259], 'normal': [-0.1777500319841866, 0.6457385590582727, -0.7425810659281357], 'radius': 1.6912399225825026}, 'confidence': 0.9996195134555627, 'timestamp': 12648.20716, 'diameter_3d': 3.382479845165005, 'ellipse': {'center': [77.19487384535213, 191.19814460802354], 'axes': [25.473029732841695, 39.8126190874876], 'angle': -70.51054023490455}, 'location': [77.19487384535213, 191.19814460802354], 'diameter': 39.8126190874876, 'sphere': {'center': [-4.933524785745028, -1.6530705696306138, 61.79209814046022], 'radius': 12.0}, 'projected_sphere': {'center': [110.49876182859234, 103.41367611694845], 'axes': [240.80748910930532, 240.80748910930532], 'angle': 90.0}, 'model_confidence': 0.9547364730515762, 'model_id': 61, 'model_birth_timestamp': 12311.749401, 'theta': 2.2727864740727353, 'phi': -1.805743499023024, 'norm_pos': [0.24123398076672542, 0.20334106413323527], 'topic': 'pupil.1', 'id': 1, 'method': '3d c++'}"
1580974701.834403,"{'circle_3d': {'center': [-7.063937011557832, 6.085178778693855, 52.87128871691219], 'normal': [-0.177534352151067, 0.6448541123603725, -0.7434007852956688], 'radius': 1.7106112926619397}, 'confidence': 0.9997911973304102, 'timestamp': 12648.21556, 'diameter_3d': 3.4212225853238794, 'ellipse': {'center': [77.21098404793756, 191.0805635719778], 'axes': [25.81263904988737, 40.27631480391284], 'angle': -70.49662566215115}, 'location': [77.21098404793756, 191.0805635719778], 'diameter': 40.27631480391284, 'sphere': {'center': [-4.933524785745028, -1.6530705696306138, 61.79209814046022], 'radius': 12.0}, 'projected_sphere': {'center': [110.49876182859234, 103.41367611694845], 'axes': [240.80748910930532, 240.80748910930532], 'angle': 90.0}, 'model_confidence': 0.9553341367860013, 'model_id': 61, 'model_birth_timestamp': 12311.749401, 'theta': 2.2716287186115403, 'phi': -1.8052193917152293, 'norm_pos': [0.24128432514980486, 0.20383098511675923], 'topic': 'pupil.1', 'id': 1, 'method': '3d c++'}"
1580974701.842263,"{'circle_3d': {'center': [-7.051968083084966, 6.076317699970822, 52.860762575512325], 'normal': [-0.17653694144499482, 0.6441156891334531, -0.7442779637456581], 'radius': 1.705385252300965}, 'confidence': 0.9774551242785923, 'timestamp': 12648.22396, 'diameter_3d': 3.41077050460193, 'ellipse': {'center': [77.33439535183764, 190.99227937523534], 'axes': [25.787603173313304, 40.161186321687204], 'angle': -70.54899334555367}, 'location': [77.33439535183764, 190.99227937523534], 'diameter': 40.161186321687204, 'sphere': {'center': [-4.933524785745028, -1.6530705696306138, 61.79209814046022], 'radius': 12.0}, 'projected_sphere': {'center': [110.49876182859234, 103.41367611694845], 'axes': [240.80748910930532, 240.80748910930532], 'angle': 90.0}, 'model_confidence': 0.9555041390965524, 'model_id': 61, 'model_birth_timestamp': 12311.749401, 'theta': 2.2706629759176185, 'phi': -1.8036847596736096, 'norm_pos': [0.24166998547449264, 0.20419883593651944], 'topic': 'pupil.1', 'id': 1, 'method': '3d c++'}"
1580974701.850819,"{'circle_3d': {'center': [-7.036020534930794, 6.10940765993028, 52.88572719824987], 'normal': [-0.1752079790988138, 0.6468731857967412, -0.7421975785175294], 'radius': 1.7108074504577793}, 'confidence': 0.9997500926237691, 'timestamp': 12648.23236, 'diameter_3d': 3.4216149009155585, 'ellipse': {'center': [77.55961035488963, 191.34500281389305], 'axes': [25.75652593405023, 40.26999034502687], 'angle': -70.74799289123071}, 'location': [77.55961035488963, 191.34500281389305], 'diameter': 40.26999034502687, 'sphere': {'center': [-4.933524785745028, -1.6530705696306138, 61.79209814046022], 'radius': 12.0}, 'projected_sphere': {'center': [110.49876182859234, 103.41367611694845], 'axes': [240.80748910930532, 240.80748910930532], 'angle': 90.0}, 'model_confidence': 0.9557649392816892, 'model_id': 61, 'model_birth_timestamp': 12311.749401, 'theta': 2.2742733815715384, 'phi': -1.8026187246779766, 'norm_pos': [0.2423737823590301, 0.2027291549421123], 'topic': 'pupil.1', 'id': 1, 'method': '3d c++'}"
1580974701.859185,"{'circle_3d': {'center': [-7.037109853417846, 6.108769924634311, 52.88542861674637], 'normal': [-0.17529875563940148, 0.6468200411887437, -0.742222460309488], 'radius': 1.7220892047936658}, 'confidence': 0.9998304614219297, 'timestamp': 12648.24076, 'diameter_3d': 3.4441784095873316, 'ellipse': {'center': [77.54702268129353, 191.33425686372107], 'axes': [25.927589861728638, 40.53590215203092], 'angle': -70.7390359105303}, 'location': [77.54702268129353, 191.33425686372107], 'diameter': 40.53590215203092, 'sphere': {'center': [-4.933524785745028, -1.6530705696306138, 61.79209814046022], 'radius': 12.0}, 'projected_sphere': {'center': [110.49876182859234, 103.41367611694845], 'axes': [240.80748910930532, 240.80748910930532], 'angle': 90.0}, 'model_confidence': 0.9560745979998675, 'model_id': 61, 'model_birth_timestamp': 12311.749401, 'theta': 2.2742036947036905, 'phi': -1.80272707368517, 'norm_pos': [0.24233444587904227, 0.2027739297344956], 'topic': 'pupil.1', 'id': 1, 'method': '3d c++'}"
1580974701.8667252,"{'circle_3d': {'center': [-7.048017998587145, 6.103741512147604, 52.88363111291703], 'normal': [-0.1762077677368431, 0.6464010068148515, -0.7423722522952654], 'radius': 1.7075459293253985}, 'confidence': 0.9996272657661166, 'timestamp': 12648.24916, 'diameter_3d': 3.415091858650797, 'ellipse': {'center': [77.41596886115236, 191.28255446230526], 'axes': [25.713247581975153, 40.19476407223057], 'angle': -70.65370227196952}, 'location': [77.41596886115236, 191.28255446230526], 'diameter': 40.19476407223057, 'sphere': {'center': [-4.933524785745028, -1.6530705696306138, 61.79209814046022], 'radius': 12.0}, 'projected_sphere': {'center': [110.49876182859234, 103.41367611694845], 'axes': [240.80748910930532, 240.80748910930532], 'angle': 90.0}, 'model_confidence': 0.9562601808527083, 'model_id': 61, 'model_birth_timestamp': 12311.749401, 'theta': 2.273654372165657, 'phi': -1.80384141783536, 'norm_pos': [0.24192490269110115, 0.2029893564070614], 'topic': 'pupil.1', 'id': 1, 'method': '3d c++'}"
1580974701.8788009,"{'circle_3d': {'center': [-7.046832564462282, 6.097275769692498, 52.877724250334566], 'normal': [-0.17610898155977114, 0.6458621949435926, -0.7428644908438045], 'radius': 1.7001315640028674}, 'confidence': 0.9999998099390058, 'timestamp': 12648.25756, 'diameter_3d': 3.4002631280057347, 'ellipse': {'center': [77.42032320641854, 191.21704217168985], 'axes': [25.629755052048726, 40.024608187469866], 'angle': -70.6428672865943}, 'location': [77.42032320641854, 191.21704217168985], 'diameter': 40.024608187469866, 'sphere': {'center': [-4.933524785745028, -1.6530705696306138, 61.79209814046022], 'radius': 12.0}, 'projected_sphere': {'center': [110.49876182859234, 103.41367611694845], 'axes': [240.80748910930532, 240.80748910930532], 'angle': 90.0}, 'model_confidence': 0.9567233097209749, 'model_id': 61, 'model_birth_timestamp': 12311.749401, 'theta': 2.2729484057888647, 'phi': -1.803566621975185, 'norm_pos': [0.24193851002005795, 0.20326232428462565], 'topic': 'pupil.1', 'id': 1, 'method': '3d c++'}"
1580974701.886247,"{'circle_3d': {'center': [-7.045835453673526, 6.1128161983598925, 52.89102256787319], 'normal': [-0.17602588899404148, 0.6471572306658755, -0.7417562977155855], 'radius': 1.7270368577497133}, 'confidence': 0.9998681485599606, 'timestamp': 12648.26596, 'diameter_3d': 3.4540737154994265, 'ellipse': {'center': [77.45391820645548, 191.37265807239416], 'axes': [25.97237785195358, 40.64813058902127], 'angle': -70.6938523164142}, 'location': [77.45391820645548, 191.37265807239416], 'diameter': 40.64813058902127, 'sphere': {'center': [-4.933524785745028, -1.6530705696306138, 61.79209814046022], 'radius': 12.0}, 'projected_sphere': {'center': [110.49876182859234, 103.41367611694845], 'axes': [240.80748910930532, 240.80748910930532], 'angle': 90.0}, 'model_confidence': 0.9568924010942115, 'model_id': 61, 'model_birth_timestamp': 12311.749401, 'theta': 2.2746459106300603, 'phi': -1.8037958843576574, 'norm_pos': [0.2420434943951734, 0.2026139246983577], 'topic': 'pupil.1', 'id': 1, 'method': '3d c++'}"
1580974701.894484,"{'circle_3d': {'center': [-7.041001131058994, 6.120319432429122, 52.89642777056567], 'normal': [-0.1756230287761638, 0.6477825001716447, -0.741305864157879], 'radius': 1.7363398902540799}, 'confidence': 0.9996902319597526, 'timestamp': 12648.27436, 'diameter_3d': 3.4726797805081597, 'ellipse': {'center': [77.5192360044125, 191.45025599103428], 'axes': [26.08806343022473, 40.86303753907982], 'angle': -70.74670986167743}, 'location': [77.5192360044125, 191.45025599103428], 'diameter': 40.86303753907982, 'sphere': {'center': [-4.933524785745028, -1.6530705696306138, 61.79209814046022], 'radius': 12.0}, 'projected_sphere': {'center': [110.49876182859234, 103.41367611694845], 'axes': [240.80748910930532, 240.80748910930532], 'angle': 90.0}, 'model_confidence': 0.9571137926770668, 'model_id': 61, 'model_birth_timestamp': 12311.749401, 'theta': 2.27546637631937, 'phi': -1.803417883766289, 'norm_pos': [0.24224761251378907, 0.2022906000373571], 'topic': 'pupil.1', 'id': 1, 'method': '3d c++'}"
1580974701.902227,"{'circle_3d': {'center': [-7.03094031147603, 6.115547733216681, 52.889883934034465], 'normal': [-0.1747846271442501, 0.647384858570608, -0.741851183868813], 'radius': 1.7365437760820315}, 'confidence': 0.9906068643953407, 'timestamp': 12648.28276, 'diameter_3d': 3.473087552164063, 'ellipse': {'center': [77.62675783093616, 191.40293333473406], 'axes': [26.126090125488915, 40.87288253855711], 'angle': -70.7985024148968}, 'location': [77.62675783093616, 191.40293333473406], 'diameter': 40.87288253855711, 'sphere': {'center': [-4.933524785745028, -1.6530705696306138, 61.79209814046022], 'radius': 12.0}, 'projected_sphere': {'center': [110.49876182859234, 103.41367611694845], 'axes': [240.80748910930532, 240.80748910930532], 'angle': 90.0}, 'model_confidence': 0.957384052039989, 'model_id': 61, 'model_birth_timestamp': 12311.749401, 'theta': 2.274944533054828, 'phi': -1.8021825421486974, 'norm_pos': [0.24258361822167548, 0.20248777777194138], 'topic': 'pupil.1', 'id': 1, 'method': '3d c++'}"
1580974701.910553,"{'circle_3d': {'center': [-7.039450773284724, 6.120787468446707, 52.89646961073701], 'normal': [-0.17549383229497464, 0.6478215031731102, -0.7413023774769344], 'radius': 1.7628432500224382}, 'confidence': 0.9993188092282729, 'timestamp': 12648.29116, 'diameter_3d': 3.5256865000448765, 'ellipse': {'center': [77.53885983149569, 191.44686462913444], 'axes': [26.486999392584444, 41.48704958329734], 'angle': -70.75802055020698}, 'location': [77.53885983149569, 191.44686462913444], 'diameter': 41.48704958329734, 'sphere': {'center': [-4.933524785745028, -1.6530705696306138, 61.79209814046022], 'radius': 12.0}, 'projected_sphere': {'center': [110.49876182859234, 103.41367611694845], 'axes': [240.80748910930532, 240.80748910930532], 'angle': 90.0}, 'model_confidence': 0.9575750031947772, 'model_id': 61, 'model_birth_timestamp': 12311.749401, 'theta': 2.2755175742107636, 'phi': -1.8032539114265131, 'norm_pos': [0.242308936973424, 0.20230473071193988], 'topic': 'pupil.1', 'id': 1, 'method': '3d c++'}"
1580974701.918655,"{'circle_3d': {'center': [-7.035486724647066, 6.12918439525993, 52.902876370876356], 'normal': [-0.1751634949085031, 0.648521247074212, -0.7407684807986553], 'radius': 1.7659329139804927}, 'confidence': 0.9995463987192852, 'timestamp': 12648.29956, 'diameter_3d': 3.5318658279609854, 'ellipse': {'center': [77.59518873550508, 191.53561030933432], 'axes': [26.503502881775972, 41.55478516461995], 'angle': -70.80772573988914}, 'location': [77.59518873550508, 191.53561030933432], 'diameter': 41.55478516461995, 'sphere': {'center': [-4.933524785745028, -1.6530705696306138, 61.79209814046022], 'radius': 12.0}, 'projected_sphere': {'center': [110.49876182859234, 103.41367611694845], 'axes': [240.80748910930532, 240.80748910930532], 'angle': 90.0}, 'model_confidence': 0.9575650167024219, 'model_id': 61, 'model_birth_timestamp': 12311.749401, 'theta': 2.2764364829911745, 'phi': -1.8029931919771063, 'norm_pos': [0.24248496479845336, 0.2019349570444403], 'topic': 'pupil.1', 'id': 1, 'method': '3d c++'}"
1580974701.926147,"{'circle_3d': {'center': [-7.041216965631751, 6.103452053152397, 52.88176759232118], 'normal': [-0.17564101499056026, 0.6463768852319176, -0.7425275456782531], 'radius': 1.7405033819024254}, 'confidence': 0.9998455636751605, 'timestamp': 12648.30796, 'diameter_3d': 3.4810067638048507, 'ellipse': {'center': [77.49438120548285, 191.27079419846586], 'axes': [26.22135809875634, 40.97238681419601], 'angle': -70.69699994232461}, 'location': [77.49438120548285, 191.27079419846586], 'diameter': 40.97238681419601, 'sphere': {'center': [-4.933524785745028, -1.6530705696306138, 61.79209814046022], 'radius': 12.0}, 'projected_sphere': {'center': [110.49876182859234, 103.41367611694845], 'axes': [240.80748910930532, 240.80748910930532], 'angle': 90.0}, 'model_confidence': 0.958024623699949, 'model_id': 61, 'model_birth_timestamp': 12311.749401, 'theta': 2.273622758368159, 'phi': -1.8030717169978587, 'norm_pos': [0.24216994126713393, 0.2030383575063922], 'topic': 'pupil.1', 'id': 1, 'method': '3d c++'}"
1580974701.934498,"{'circle_3d': {'center': [-7.039950092324858, 6.108435095417789, 52.885808102558826], 'normal': [-0.17553544221498577, 0.6467921387540336, -0.7421908364917827], 'radius': 1.7165745994088857}, 'confidence': 0.999918616510537, 'timestamp': 12648.316359, 'diameter_3d': 3.4331491988177714, 'ellipse': {'center': [77.51411242440894, 191.3316517345586], 'axes': [25.841712155052438, 40.40574228860909], 'angle': -70.71961594074972}, 'location': [77.51411242440894, 191.3316517345586], 'diameter': 40.40574228860909, 'sphere': {'center': [-4.933524785745028, -1.6530705696306138, 61.79209814046022], 'radius': 12.0}, 'projected_sphere': {'center': [110.49876182859234, 103.41367611694845], 'axes': [240.80748910930532, 240.80748910930532], 'angle': 90.0}, 'model_confidence': 0.9583164408465517, 'model_id': 61, 'model_birth_timestamp': 12311.749401, 'theta': 2.274167108759701, 'phi': -1.8030386360348563, 'norm_pos': [0.2422316013262779, 0.20278478443933923], 'topic': 'pupil.1', 'id': 1, 'method': '3d c++'}"
1580974701.942548,"{'circle_3d': {'center': [-7.049084583380491, 6.119464577414165, 52.89759960875073], 'normal': [-0.1762966498029552, 0.6477112622537315, -0.7412082109757905], 'radius': 1.7199658209175137}, 'confidence': 0.9998631000965439, 'timestamp': 12648.324759, 'diameter_3d': 3.4399316418350274, 'ellipse': {'center': [77.42569572763912, 191.44411470445453], 'axes': [25.833474989567854, 40.47660546312368], 'angle': -70.69181512174936}, 'location': [77.42569572763912, 191.44411470445453], 'diameter': 40.47660546312368, 'sphere': {'center': [-4.933524785745028, -1.6530705696306138, 61.79209814046022], 'radius': 12.0}, 'projected_sphere': {'center': [110.49876182859234, 103.41367611694845], 'axes': [240.80748910930532, 240.80748910930532], 'angle': 90.0}, 'model_confidence': 0.9594426351956731, 'model_id': 61, 'model_birth_timestamp': 12311.749401, 'theta': 2.275372870520362, 'phi': -1.8043077667752698, 'norm_pos': [0.24195529914887226, 0.20231618873143942], 'topic': 'pupil.1', 'id': 1, 'method': '3d c++'}"
1580974701.950331,"{'circle_3d': {'center': [-7.055793783318976, 6.097855092739993, 52.880357251142286], 'normal': [-0.17685574979782898, 0.6459104718642172, -0.742645074109828], 'radius': 1.7224579044944444}, 'confidence': 0.9999056768197377, 'timestamp': 12648.333159, 'diameter_3d': 3.4449158089888887, 'ellipse': {'center': [77.32083486679228, 191.2131379369552], 'axes': [25.951002214484188, 40.54845038781834], 'angle': -70.58614100091913}, 'location': [77.32083486679228, 191.2131379369552], 'diameter': 40.54845038781834, 'sphere': {'center': [-4.933524785745028, -1.6530705696306138, 61.79209814046022], 'radius': 12.0}, 'projected_sphere': {'center': [110.49876182859234, 103.41367611694845], 'axes': [240.80748910930532, 240.80748910930532], 'angle': 90.0}, 'model_confidence': 0.9596472286701574, 'model_id': 61, 'model_birth_timestamp': 12311.749401, 'theta': 2.2730116423576585, 'phi': -1.8045847372212085, 'norm_pos': [0.24162760895872587, 0.20327859192935327], 'topic': 'pupil.1', 'id': 1, 'method': '3d c++'}"
1580974701.9633868,"{'circle_3d': {'center': [-7.052441609835974, 6.098506062715217, 52.88012578831199], 'normal': [-0.17657640200757882, 0.6459647193621526, -0.7426643626790189], 'radius': 1.7213761695399015}, 'confidence': 0.9523069416865808, 'timestamp': 12648.341559, 'diameter_3d': 3.442752339079803, 'ellipse': {'center': [77.35960396333627, 191.22140156731965], 'axes': [25.936938016416754, 40.52315170444606], 'angle': -70.60982398510022}, 'location': [77.35960396333627, 191.22140156731965], 'diameter': 40.52315170444606, 'sphere': {'center': [-4.933524785745028, -1.6530705696306138, 61.79209814046022], 'radius': 12.0}, 'projected_sphere': {'center': [110.49876182859234, 103.41367611694845], 'axes': [240.80748910930532, 240.80748910930532], 'angle': 90.0}, 'model_confidence': 0.9604375984975433, 'model_id': 61, 'model_birth_timestamp': 12311.749401, 'theta': 2.2730827036534444, 'phi': -1.8042228972058054, 'norm_pos': [0.24174876238542584, 0.2032441601361682], 'topic': 'pupil.1', 'id': 1, 'method': '3d c++'}"
1580974701.9704142,"{'circle_3d': {'center': [-7.052362366783381, 6.110559650726257, 52.890605394479856], 'normal': [-0.17656979841986273, 0.6469691850297393, -0.7417910621650304], 'radius': 1.7502132552969871}, 'confidence': 0.9997633027234295, 'timestamp': 12648.349959, 'diameter_3d': 3.5004265105939742, 'ellipse': {'center': [77.37826498019527, 191.33917652546052], 'axes': [26.321021679873375, 41.19420878541042], 'angle': -70.64487311193629}, 'location': [77.37826498019527, 191.33917652546052], 'diameter': 41.19420878541042, 'sphere': {'center': [-4.933524785745028, -1.6530705696306138, 61.79209814046022], 'radius': 12.0}, 'projected_sphere': {'center': [110.49876182859234, 103.41367611694845], 'axes': [240.80748910930532, 240.80748910930532], 'angle': 90.0}, 'model_confidence': 0.9606362789098544, 'model_id': 61, 'model_birth_timestamp': 12311.749401, 'theta': 2.274399272815831, 'phi': -1.8044793912436714, 'norm_pos': [0.24180707806311022, 0.20275343114391453], 'topic': 'pupil.1', 'id': 1, 'method': '3d c++'}"
1580974701.978448,"{'circle_3d': {'center': [-7.061678943759684, 6.082461223558255, 52.86839331811826], 'normal': [-0.17734617983455467, 0.6446276494324058, -0.7436420685284967], 'radius': 1.7463342945822258}, 'confidence': 0.9998480862181638, 'timestamp': 12648.358359, 'diameter_3d': 3.4926685891644516, 'ellipse': {'center': [77.2348908230403, 191.04080632686538], 'axes': [26.367026047513086, 41.12006937543585], 'angle': -70.50332696540002}, 'location': [77.2348908230403, 191.04080632686538], 'diameter': 41.12006937543585, 'sphere': {'center': [-4.933524785745028, -1.6530705696306138, 61.79209814046022], 'radius': 12.0}, 'projected_sphere': {'center': [110.49876182859234, 103.41367611694845], 'axes': [240.80748910930532, 240.80748910930532], 'angle': 90.0}, 'model_confidence': 0.9611847975351862, 'model_id': 61, 'model_birth_timestamp': 12311.749401, 'theta': 2.2713324567399122, 'phi': -1.804906674537273, 'norm_pos': [0.24135903382200094, 0.20399664030472764], 'topic': 'pupil.1', 'id': 1, 'method': '3d c++'}"
1580974701.986379,"{'circle_3d': {'center': [-7.031962928738221, 6.108916823887045, 52.88434258348043], 'normal': [-0.17486984524943266, 0.6468322827931382, -0.7423129630816487], 'radius': 1.7170077738603746}, 'confidence': 0.9999673839362911, 'timestamp': 12648.366759, 'diameter_3d': 3.4340155477207492, 'ellipse': {'center': [77.60524020189725, 191.33904587064504], 'axes': [25.85793423214096, 40.417063707543946], 'angle': -70.77297928809594}, 'location': [77.60524020189725, 191.33904587064504], 'diameter': 40.417063707543946, 'sphere': {'center': [-4.933524785745028, -1.6530705696306138, 61.79209814046022], 'radius': 12.0}, 'projected_sphere': {'center': [110.49876182859234, 103.41367611694845], 'axes': [240.80748910930532, 240.80748910930532], 'angle': 90.0}, 'model_confidence': 0.9613311669720126, 'model_id': 61, 'model_birth_timestamp': 12311.749401, 'theta': 2.2742197463728235, 'phi': -1.8021524471018984, 'norm_pos': [0.2425163756309289, 0.202753975538979], 'topic': 'pupil.1', 'id': 1, 'method': '3d c++'}"
1580974701.994289,"{'circle_3d': {'center': [-7.056976226970031, 6.114487487138101, 52.895132600935696], 'normal': [-0.17695428676875025, 0.6472965047307262, -0.741413794960377], 'radius': 1.719139976995007}, 'confidence': 0.9995309594166761, 'timestamp': 12648.375159, 'diameter_3d': 3.438279953990014, 'ellipse': {'center': [77.3296257696646, 191.3894303851763], 'axes': [25.83012699272921, 40.45903759723041], 'angle': -70.6263021435041}, 'location': [77.3296257696646, 191.3894303851763], 'diameter': 40.45903759723041, 'sphere': {'center': [-4.933524785745028, -1.6530705696306138, 61.79209814046022], 'radius': 12.0}, 'projected_sphere': {'center': [110.49876182859234, 103.41367611694845], 'axes': [240.80748910930532, 240.80748910930532], 'angle': 90.0}, 'model_confidence': 0.9614241960020475, 'model_id': 61, 'model_birth_timestamp': 12311.749401, 'theta': 2.2748286136784905, 'phi': -1.8050847121760092, 'norm_pos': [0.24165508053020188, 0.2025440400617654], 'topic': 'pupil.1', 'id': 1, 'method': '3d c++'}"
1580974702.002419,"{'circle_3d': {'center': [-7.060132982041946, 6.09029204386545, 52.87481867779033], 'normal': [-0.17721734969140976, 0.6452802177913386, -0.7431066218891575], 'radius': 1.7092349389127395}, 'confidence': 0.9999179576133191, 'timestamp': 12648.383559, 'diameter_3d': 3.418469877825479, 'ellipse': {'center': [77.26083692661254, 191.136217033693], 'axes': [25.776393525313427, 40.241217899792765], 'angle': -70.53615707436114}, 'location': [77.26083692661254, 191.136217033693], 'diameter': 40.241217899792765, 'sphere': {'center': [-4.933524785745028, -1.6530705696306138, 61.79209814046022], 'radius': 12.0}, 'projected_sphere': {'center': [110.49876182859234, 103.41367611694845], 'axes': [240.80748910930532, 240.80748910930532], 'angle': 90.0}, 'model_confidence': 0.9618398181021393, 'model_id': 61, 'model_birth_timestamp': 12311.749401, 'theta': 2.2721863563808427, 'phi': -1.8049052292482899, 'norm_pos': [0.24144011539566418, 0.20359909569294588], 'topic': 'pupil.1', 'id': 1, 'method': '3d c++'}"
1580974702.010283,"{'circle_3d': {'center': [-7.031405819485336, 6.115772165990803, 52.89018948459012], 'normal': [-0.17482341947835897, 0.6474035613017848, -0.7418257213225085], 'radius': 1.7432224998480932}, 'confidence': 0.9994307898065493, 'timestamp': 12648.391959, 'diameter_3d': 3.4864449996961864, 'ellipse': {'center': [77.62214748413459, 191.40295101972725], 'axes': [26.22503060187061, 41.029920257230614], 'angle': -70.79608837122224}, 'location': [77.62214748413459, 191.40295101972725], 'diameter': 41.029920257230614, 'sphere': {'center': [-4.933524785745028, -1.6530705696306138, 61.79209814046022], 'radius': 12.0}, 'projected_sphere': {'center': [110.49876182859234, 103.41367611694845], 'axes': [240.80748910930532, 240.80748910930532], 'angle': 90.0}, 'model_confidence': 0.9621598810648169, 'model_id': 61, 'model_birth_timestamp': 12311.749401, 'theta': 2.2749690723194695, 'phi': -1.8022397459748236, 'norm_pos': [0.24256921088792058, 0.2024877040844698], 'topic': 'pupil.1', 'id': 1, 'method': '3d c++'}"
1580974702.018508,"{'circle_3d': {'center': [-7.052456631082225, 6.131596134839581, 52.909019162136936], 'normal': [-0.1765776537780997, 0.6487222253725163, -0.7402565815269403], 'radius': 1.7279017855888972}, 'confidence': 0.9994491489190848, 'timestamp': 12648.400359, 'diameter_3d': 3.4558035711777944, 'ellipse': {'center': [77.40431397372153, 191.5684009100741], 'axes': [25.896969759487554, 40.65470698475226], 'angle': -70.70462251302624}, 'location': [77.40431397372153, 191.5684009100741], 'diameter': 40.65470698475226, 'sphere': {'center': [-4.933524785745028, -1.6530705696306138, 61.79209814046022], 'radius': 12.0}, 'projected_sphere': {'center': [110.49876182859234, 103.41367611694845], 'axes': [240.80748910930532, 240.80748910930532], 'angle': 90.0}, 'model_confidence': 0.9630024506254498, 'model_id': 61, 'model_birth_timestamp': 12311.749401, 'theta': 2.2767005421355297, 'phi': -1.8049563390530634, 'norm_pos': [0.24188848116787978, 0.2017983295413579], 'topic': 'pupil.1', 'id': 1, 'method': '3d c++'}"
1580974702.0262651,"{'circle_3d': {'center': [-7.0585879876260105, 6.101213749306368, 52.88394563339685], 'normal': [-0.17708860015674852, 0.6461903599114152, -0.7423460422552807], 'radius': 1.7168363653146612}, 'confidence': 0.9996072567740605, 'timestamp': 12648.408759, 'diameter_3d': 3.4336727306293224, 'ellipse': {'center': [77.29340323746594, 191.24957734224208], 'axes': [25.848186541620706, 40.41331512620383], 'angle': -70.57766713990566}, 'location': [77.29340323746594, 191.24957734224208], 'diameter': 40.41331512620383, 'sphere': {'center': [-4.933524785745028, -1.6530705696306138, 61.79209814046022], 'radius': 12.0}, 'projected_sphere': {'center': [110.49876182859234, 103.41367611694845], 'axes': [240.80748910930532, 240.80748910930532], 'angle': 90.0}, 'model_confidence': 0.9633205783769028, 'model_id': 61, 'model_birth_timestamp': 12311.749401, 'theta': 2.2733783264673004, 'phi': -1.8049723159874953, 'norm_pos': [0.24154188511708105, 0.2031267610739913], 'topic': 'pupil.1', 'id': 1, 'method': '3d c++'}"
1580974702.0349429,"{'circle_3d': {'center': [-7.045584261765577, 6.1283095041824325, 52.90450403875772], 'normal': [-0.1760049563350457, 0.6484483394844205, -0.7406328418085417], 'radius': 1.7047593482898813}, 'confidence': 0.9995226976534625, 'timestamp': 12648.417159, 'diameter_3d': 3.4095186965797626, 'ellipse': {'center': [77.47641848372382, 191.54342070363626], 'axes': [25.573432979598806, 40.11335825748849], 'angle': -70.73989802182761}, 'location': [77.47641848372382, 191.54342070363626], 'diameter': 40.11335825748849, 'sphere': {'center': [-4.933524785745028, -1.6530705696306138, 61.79209814046022], 'radius': 12.0}, 'projected_sphere': {'center': [110.49876182859234, 103.41367611694845], 'axes': [240.80748910930532, 240.80748910930532], 'angle': 90.0}, 'model_confidence': 0.9637408740223119, 'model_id': 61, 'model_birth_timestamp': 12311.749401, 'theta': 2.276340706656992, 'phi': -1.8041098849245931, 'norm_pos': [0.24211380776163693, 0.20190241373484896], 'topic': 'pupil.1', 'id': 1, 'method': '3d c++'}"
1580974702.046303,"{'circle_3d': {'center': [-7.0187568550709605, 6.116588258388864, 52.88793007638856], 'normal': [-0.17376933911049436, 0.6474715690016232, -0.7420140053393052], 'radius': 1.7164915164793844}, 'confidence': 0.9725883493304697, 'timestamp': 12648.425559, 'diameter_3d': 3.4329830329587687, 'ellipse': {'center': [77.76508175387835, 191.42421578378566], 'axes': [25.837559376429162, 40.40217936548662], 'angle': -70.8808655786658}, 'location': [77.76508175387835, 191.42421578378566], 'diameter': 40.40217936548662, 'sphere': {'center': [-4.933524785745028, -1.6530705696306138, 61.79209814046022], 'radius': 12.0}, 'projected_sphere': {'center': [110.49876182859234, 103.41367611694845], 'axes': [240.80748910930532, 240.80748910930532], 'angle': 90.0}, 'model_confidence': 0.9638393214036811, 'model_id': 61, 'model_birth_timestamp': 12311.749401, 'theta': 2.2750583073930515, 'phi': -1.8008368083974176, 'norm_pos': [0.24301588048086983, 0.20239910090089308], 'topic': 'pupil.1', 'id': 1, 'method': '3d c++'}"
1580974702.054282,"{'circle_3d': {'center': [-7.055795152187021, 6.109124773465586, 52.89017183502847], 'normal': [-0.17685586387016605, 0.6468496119246834, -0.7418271921193129], 'radius': 1.7043426227085454}, 'confidence': 0.9999940326948462, 'timestamp': 12648.433959, 'diameter_3d': 3.408685245417091, 'ellipse': {'center': [77.33497755239858, 191.33801397480647], 'axes': [25.631425255503803, 40.114374694511966], 'angle': -70.61862231132278}, 'location': [77.33497755239858, 191.33801397480647], 'diameter': 40.114374694511966, 'sphere': {'center': [-4.933524785745028, -1.6530705696306138, 61.79209814046022], 'radius': 12.0}, 'projected_sphere': {'center': [110.49876182859234, 103.41367611694845], 'axes': [240.80748910930532, 240.80748910930532], 'angle': 90.0}, 'model_confidence': 0.964212212358817, 'model_id': 61, 'model_birth_timestamp': 12311.749401, 'theta': 2.2742424693796264, 'phi': -1.8048333352330985, 'norm_pos': [0.24167180485124556, 0.20275827510497302], 'topic': 'pupil.1', 'id': 1, 'method': '3d c++'}"
1580974702.062457,"{'circle_3d': {'center': [-7.031412142698324, 6.1063626821705945, 52.881987913960366], 'normal': [-0.17482394641277466, 0.6466194376501008, -0.7425091855416542], 'radius': 1.7091293980891655}, 'confidence': 0.9950509510906405, 'timestamp': 12648.442359, 'diameter_3d': 3.418258796178331, 'ellipse': {'center': [77.60763759278903, 191.31481592304903], 'axes': [25.750526295654552, 40.233310278194644], 'angle': -70.76929326080497}, 'location': [77.60763759278903, 191.31481592304903], 'diameter': 40.233310278194644, 'sphere': {'center': [-4.933524785745028, -1.6530705696306138, 61.79209814046022], 'radius': 12.0}, 'projected_sphere': {'center': [110.49876182859234, 103.41367611694845], 'axes': [240.80748910930532, 240.80748910930532], 'angle': 90.0}, 'model_confidence': 0.9647412275276435, 'model_id': 61, 'model_birth_timestamp': 12311.749401, 'theta': 2.2739406866412395, 'phi': -1.8020348962535462, 'norm_pos': [0.24252386747746574, 0.20285493365396234], 'topic': 'pupil.1', 'id': 1, 'method': '3d c++'}"
1580974702.070445,"{'circle_3d': {'center': [-7.042802864917716, 6.126298953747211, 52.90208375332553], 'normal': [-0.17577317326439068, 0.6482807936148187, -0.7408345322612245], 'radius': 1.7116715075069477}, 'confidence': 0.9999953162008994, 'timestamp': 12648.450759, 'diameter_3d': 3.4233430150138955, 'ellipse': {'center': [77.50556115265057, 191.52084069110134], 'axes': [25.689639676556045, 40.2779185850861], 'angle': -70.75218504664873}, 'location': [77.50556115265057, 191.52084069110134], 'diameter': 40.2779185850861, 'sphere': {'center': [-4.933524785745028, -1.6530705696306138, 61.79209814046022], 'radius': 12.0}, 'projected_sphere': {'center': [110.49876182859234, 103.41367611694845], 'axes': [240.80748910930532, 240.80748910930532], 'angle': 90.0}, 'model_confidence': 0.9650128369951494, 'model_id': 61, 'model_birth_timestamp': 12311.749401, 'theta': 2.2761206366902322, 'phi': -1.803752472356079, 'norm_pos': [0.24220487860203305, 0.20199649712041112], 'topic': 'pupil.1', 'id': 1, 'method': '3d c++'}"
1580974702.07853,"{'circle_3d': {'center': [-7.095462262681231, 6.116195755279877, 52.90589945269555], 'normal': [-0.18016145641135023, 0.6474388604092076, -0.7405165573137226], 'radius': 1.7137216387573673}, 'confidence': 0.9999525934674625, 'timestamp': 12648.459159, 'diameter_3d': 3.4274432775147345, 'ellipse': {'center': [76.89625355751566, 191.3971542102706], 'axes': [25.684452188753074, 40.32325357849784], 'angle': -70.3818415295176}, 'location': [76.89625355751566, 191.3971542102706], 'diameter': 40.32325357849784, 'sphere': {'center': [-4.933524785745028, -1.6530705696306138, 61.79209814046022], 'radius': 12.0}, 'projected_sphere': {'center': [110.49876182859234, 103.41367611694845], 'axes': [240.80748910930532, 240.80748910930532], 'angle': 90.0}, 'model_confidence': 0.9653046460232906, 'model_id': 61, 'model_birth_timestamp': 12311.749401, 'theta': 2.2750153885606137, 'phi': -1.8094513021483225, 'norm_pos': [0.24030079236723645, 0.2025118574572058], 'topic': 'pupil.1', 'id': 1, 'method': '3d c++'}"
1580974702.08616,"{'circle_3d': {'center': [-7.090680287426216, 6.092030033068713, 52.88366972711856], 'normal': [-0.1797629584734323, 0.645425050224944, -0.7423690344451387], 'radius': 1.6938873517139643}, 'confidence': 0.999955652872284, 'timestamp': 12648.467559, 'diameter_3d': 3.3877747034279286, 'ellipse': {'center': [76.9165796015934, 191.15001140344327], 'axes': [25.49287242789566, 39.873041132380536], 'angle': -70.34279895885112}, 'location': [76.9165796015934, 191.15001140344327], 'diameter': 39.873041132380536, 'sphere': {'center': [-4.933524785745028, -1.6530705696306138, 61.79209814046022], 'radius': 12.0}, 'projected_sphere': {'center': [110.49876182859234, 103.41367611694845], 'axes': [240.80748910930532, 240.80748910930532], 'angle': 90.0}, 'model_confidence': 0.9656159863128289, 'model_id': 61, 'model_birth_timestamp': 12311.749401, 'theta': 2.2723759562203925, 'phi': -1.8083710508217692, 'norm_pos': [0.24036431125497937, 0.20354161915231972], 'topic': 'pupil.1', 'id': 1, 'method': '3d c++'}"
1580974702.094742,"{'circle_3d': {'center': [-7.0688398322596, 6.101811858470574, 52.886918289471474], 'normal': [-0.17794292054288097, 0.6462402023417657, -0.7420983209157286], 'radius': 1.710505314914743}, 'confidence': 0.9997495622597263, 'timestamp': 12648.475959, 'diameter_3d': 3.421010629829486, 'ellipse': {'center': [77.17781801801605, 191.25476878554127], 'axes': [25.7352018022233, 40.26195294890362], 'angle': -70.5128110183042}, 'location': [77.17781801801605, 191.25476878554127], 'diameter': 40.26195294890362, 'sphere': {'center': [-4.933524785745028, -1.6530705696306138, 61.79209814046022], 'radius': 12.0}, 'projected_sphere': {'center': [110.49876182859234, 103.41367611694845], 'axes': [240.80748910930532, 240.80748910930532], 'angle': 90.0}, 'model_confidence': 0.9659642894660481, 'model_id': 61, 'model_birth_timestamp': 12311.749401, 'theta': 2.2734436374714955, 'phi': -1.8061365731523575, 'norm_pos': [0.24118068130630016, 0.20310513006024467], 'topic': 'pupil.1', 'id': 1, 'method': '3d c++'}"
1580974702.102356,"{'circle_3d': {'center': [-7.077279403897938, 6.122909483522722, 52.90736683613202], 'normal': [-0.17864621817940918, 0.647998337762778, -0.7403942753606834], 'radius': 1.7145776460118787}, 'confidence': 0.9997764156322848, 'timestamp': 12648.484358, 'diameter_3d': 3.4291552920237574, 'ellipse': {'center': [77.11102331201157, 191.47341094548256], 'axes': [25.69650357473868, 40.342301975038865], 'angle': -70.51890065318717}, 'location': [77.11102331201157, 191.47341094548256], 'diameter': 40.342301975038865, 'sphere': {'center': [-4.933524785745028, -1.6530705696306138, 61.79209814046022], 'radius': 12.0}, 'projected_sphere': {'center': [110.49876182859234, 103.41367611694845], 'axes': [240.80748910930532, 240.80748910930532], 'angle': 90.0}, 'model_confidence': 0.9660471243300606, 'model_id': 61, 'model_birth_timestamp': 12311.749401, 'theta': 2.2757497268330935, 'phi': -1.807556204540822, 'norm_pos': [0.24097194785003614, 0.2021941210604894], 'topic': 'pupil.1', 'id': 1, 'method': '3d c++'}"
1580974702.1104991,"{'circle_3d': {'center': [-7.079238596541783, 6.106014479280537, 52.893080697735456], 'normal': [-0.17880948423306295, 0.646590420742596, -0.74158478689373], 'radius': 1.7324986914682505}, 'confidence': 0.999595598146377, 'timestamp': 12648.492758, 'diameter_3d': 3.464997382936501, 'ellipse': {'center': [77.0670243961805, 191.28870286007066], 'axes': [26.033245354687942, 40.77514346164541], 'angle': -70.4573882550556}, 'location': [77.0670243961805, 191.28870286007066], 'diameter': 40.77514346164541, 'sphere': {'center': [-4.933524785745028, -1.6530705696306138, 61.79209814046022], 'radius': 12.0}, 'projected_sphere': {'center': [110.49876182859234, 103.41367611694845], 'axes': [240.80748910930532, 240.80748910930532], 'angle': 90.0}, 'model_confidence': 0.966233702934316, 'model_id': 61, 'model_birth_timestamp': 12311.749401, 'theta': 2.2739026478965823, 'phi': -1.8073982049791648, 'norm_pos': [0.24083445123806407, 0.2029637380830389], 'topic': 'pupil.1', 'id': 1, 'method': '3d c++'}"
1580974702.118826,"{'circle_3d': {'center': [-7.083441050212173, 6.110227469077744, 52.89777053136201], 'normal': [-0.17915968870559534, 0.6469415032256965, -0.7411939674248504], 'radius': 1.7207304291178511}, 'confidence': 0.9743914921418834, 'timestamp': 12648.501158, 'diameter_3d': 3.4414608582357022, 'ellipse': {'center': [77.02451843343746, 191.33569987307646], 'axes': [25.832444258387678, 40.49445679472785], 'angle': -70.44237152443925}, 'location': [77.02451843343746, 191.33569987307646], 'diameter': 40.49445679472785, 'sphere': {'center': [-4.933524785745028, -1.6530705696306138, 61.79209814046022], 'radius': 12.0}, 'projected_sphere': {'center': [110.49876182859234, 103.41367611694845], 'axes': [240.80748910930532, 240.80748910930532], 'angle': 90.0}, 'model_confidence': 0.9662973787425089, 'model_id': 61, 'model_birth_timestamp': 12311.749401, 'theta': 2.2743629701383576, 'phi': -1.8079648065183687, 'norm_pos': [0.2407016201044921, 0.20276791719551468], 'topic': 'pupil.1', 'id': 1, 'method': '3d c++'}"
1580974702.130262,"{'circle_3d': {'center': [-7.079337204441271, 6.100636789387721, 52.888418493568494], 'normal': [-0.17881770155802018, 0.6461422799181946, -0.7419733039076436], 'radius': 1.7094194024922678}, 'confidence': 0.9935316812934676, 'timestamp': 12648.509558, 'diameter_3d': 3.4188388049845355, 'ellipse': {'center': [77.0573815435502, 191.23943865000598], 'axes': [25.708180482881154, 40.235236091566165], 'angle': -70.44128307984951}, 'location': [77.0573815435502, 191.23943865000598], 'diameter': 40.235236091566165, 'sphere': {'center': [-4.933524785745028, -1.6530705696306138, 61.79209814046022], 'radius': 12.0}, 'projected_sphere': {'center': [110.49876182859234, 103.41367611694845], 'axes': [240.80748910930532, 240.80748910930532], 'angle': 90.0}, 'model_confidence': 0.9663088529132557, 'model_id': 61, 'model_birth_timestamp': 12311.749401, 'theta': 2.273315328293922, 'phi': -1.807289349689454, 'norm_pos': [0.2408043173235944, 0.20316900562497509], 'topic': 'pupil.1', 'id': 1, 'method': '3d c++'}"
1580974702.138473,"{'circle_3d': {'center': [-7.079585427540716, 6.1045052342390385, 52.89184862884811], 'normal': [-0.17883838681630732, 0.646464650322471, -0.7416874593010092], 'radius': 1.7076924515048288}, 'confidence': 0.9999325234781813, 'timestamp': 12648.517958, 'diameter_3d': 3.4153849030096577, 'ellipse': {'center': [77.05969421767702, 191.2807578160266], 'axes': [25.665860970438203, 40.19197077467639], 'angle': -70.45086932164817}, 'location': [77.05969421767702, 191.2807578160266], 'diameter': 40.19197077467639, 'sphere': {'center': [-4.933524785745028, -1.6530705696306138, 61.79209814046022], 'radius': 12.0}, 'projected_sphere': {'center': [110.49876182859234, 103.41367611694845], 'axes': [240.80748910930532, 240.80748910930532], 'angle': 90.0}, 'model_confidence': 0.9664802229157332, 'model_id': 61, 'model_birth_timestamp': 12311.749401, 'theta': 2.273737787545542, 'phi': -1.807403488320332, 'norm_pos': [0.2408115444302407, 0.20299684243322247], 'topic': 'pupil.1', 'id': 1, 'method': '3d c++'}"
1580974702.146516,"{'circle_3d': {'center': [-7.0783364406292035, 6.133240402358359, 52.91667452169378], 'normal': [-0.17873430457368125, 0.6488592476657478, -0.739618634897203], 'radius': 1.7225558905896736}, 'confidence': 0.9998433640075312, 'timestamp': 12648.526358, 'diameter_3d': 3.4451117811793472, 'ellipse': {'center': [77.11349835378192, 191.57938367508223], 'axes': [25.77144099607523, 40.52300720894551], 'angle': -70.54176091885725}, 'location': [77.11349835378192, 191.57938367508223], 'diameter': 40.52300720894551, 'sphere': {'center': [-4.933524785745028, -1.6530705696306138, 61.79209814046022], 'radius': 12.0}, 'projected_sphere': {'center': [110.49876182859234, 103.41367611694845], 'axes': [240.80748910930532, 240.80748910930532], 'angle': 90.0}, 'model_confidence': 0.9665650849186469, 'model_id': 61, 'model_birth_timestamp': 12311.749401, 'theta': 2.2768806055507333, 'phi': -1.8079078351892328, 'norm_pos': [0.2409796823555685, 0.20175256802049069], 'topic': 'pupil.1', 'id': 1, 'method': '3d c++'}"
1580974702.1542778,"{'circle_3d': {'center': [-7.067986574108079, 6.108647541098238, 52.892670920486914], 'normal': [-0.17787181569692084, 0.6468098425607376, -0.7416189349977753], 'radius': 1.7118165115015005}, 'confidence': 0.9998933524590811, 'timestamp': 12648.534758, 'diameter_3d': 3.423633023003001, 'ellipse': {'center': [77.19675169509631, 191.3267644089342], 'axes': [25.7279349227765, 40.28846353039401], 'angle': -70.53805983836955}, 'location': [77.19675169509631, 191.3267644089342], 'diameter': 40.28846353039401, 'sphere': {'center': [-4.933524785745028, -1.6530705696306138, 61.79209814046022], 'radius': 12.0}, 'projected_sphere': {'center': [110.49876182859234, 103.41367611694845], 'axes': [240.80748910930532, 240.80748910930532], 'angle': 90.0}, 'model_confidence': 0.9670868236627994, 'model_id': 61, 'model_birth_timestamp': 12311.749401, 'theta': 2.274190322031742, 'phi': -1.8061924773670577, 'norm_pos': [0.24123984904717596, 0.20280514829610752], 'topic': 'pupil.1', 'id': 1, 'method': '3d c++'}"
1580974702.162444,"{'circle_3d': {'center': [-7.068880975302154, 6.130222214451701, 52.91174863264398], 'normal': [-0.17794634912976046, 0.6486077320068596, -0.7400291256513537], 'radius': 1.6985088123705834}, 'confidence': 0.9999631138140881, 'timestamp': 12648.543158, 'diameter_3d': 3.3970176247411668, 'ellipse': {'center': [77.21505029004442, 191.55833988791792], 'axes': [25.437671774408784, 39.96074548432749], 'angle': -70.594370298814}, 'location': [77.21505029004442, 191.55833988791792], 'diameter': 39.96074548432749, 'sphere': {'center': [-4.933524785745028, -1.6530705696306138, 61.79209814046022], 'radius': 12.0}, 'projected_sphere': {'center': [110.49876182859234, 103.41367611694845], 'axes': [240.80748910930532, 240.80748910930532], 'angle': 90.0}, 'model_confidence': 0.9673247815082497, 'model_id': 61, 'model_birth_timestamp': 12311.749401, 'theta': 2.2765501055749113, 'phi': -1.806774862180456, 'norm_pos': [0.2412970321563888, 0.2018402504670086], 'topic': 'pupil.1', 'id': 1, 'method': '3d c++'}"
1580974702.170242,"{'circle_3d': {'center': [-7.0526329553036735, 6.119747946034286, 52.898691993867864], 'normal': [-0.17659234746322047, 0.6477348763054084, -0.7411171788826963], 'radius': 1.715813226531971}, 'confidence': 0.9998263248076563, 'timestamp': 12648.551558, 'diameter_3d': 3.431626453063942, 'ellipse': {'center': [77.38568964315097, 191.4473585902502], 'axes': [25.764645655136217, 40.37800092636367], 'angle': -70.66960363743752}, 'location': [77.38568964315097, 191.4473585902502], 'diameter': 40.37800092636367, 'sphere': {'center': [-4.933524785745028, -1.6530705696306138, 61.79209814046022], 'radius': 12.0}, 'projected_sphere': {'center': [110.49876182859234, 103.41367611694845], 'axes': [240.80748910930532, 240.80748910930532], 'angle': 90.0}, 'model_confidence': 0.9673438912524923, 'model_id': 61, 'model_birth_timestamp': 12311.749401, 'theta': 2.275403865138948, 'phi': -1.8047130045009725, 'norm_pos': [0.24183028013484678, 0.20230267254062417], 'topic': 'pupil.1', 'id': 1, 'method': '3d c++'}"
1580974702.1793752,"{'circle_3d': {'center': [-7.075099615128131, 6.137498150037185, 52.919629697333114], 'normal': [-0.1784645691152586, 0.6492140599723166, -0.7393723702605922], 'radius': 1.6944134098630599}, 'confidence': 0.999638316570462, 'timestamp': 12648.559958, 'diameter_3d': 3.3888268197261198, 'ellipse': {'center': [77.1543547333899, 191.63437613125856], 'axes': [25.337233547340183, 39.85842654962324], 'angle': -70.57503300659731}, 'location': [77.1543547333899, 191.63437613125856], 'diameter': 39.85842654962324, 'sphere': {'center': [-4.933524785745028, -1.6530705696306138, 61.79209814046022], 'radius': 12.0}, 'projected_sphere': {'center': [110.49876182859234, 103.41367611694845], 'axes': [240.80748910930532, 240.80748910930532], 'angle': 90.0}, 'model_confidence': 0.9675856401567984, 'model_id': 61, 'model_birth_timestamp': 12311.749401, 'theta': 2.2773469992253976, 'phi': -1.807639178474622, 'norm_pos': [0.24110735854184343, 0.2015234327864227], 'topic': 'pupil.1', 'id': 1, 'method': '3d c++'}"
1580974702.186183,"{'circle_3d': {'center': [-7.0641647986559954, 6.114889071311294, 52.89720206731353], 'normal': [-0.17755333440924725, 0.6473299700784924, -0.7412413394288909], 'radius': 1.7205075343899119}, 'confidence': 0.9997332736832901, 'timestamp': 12648.568358, 'diameter_3d': 3.4410150687798238, 'ellipse': {'center': [77.24888660934185, 191.39098616795337], 'axes': [25.838376545726597, 40.48965483362074], 'angle': -70.58079568971655}, 'location': [77.24888660934185, 191.39098616795337], 'diameter': 40.48965483362074, 'sphere': {'center': [-4.933524785745028, -1.6530705696306138, 61.79209814046022], 'radius': 12.0}, 'projected_sphere': {'center': [110.49876182859234, 103.41367611694845], 'axes': [240.80748910930532, 240.80748910930532], 'angle': 90.0}, 'model_confidence': 0.9677241011242455, 'model_id': 61, 'model_birth_timestamp': 12311.749401, 'theta': 2.2748725185457674, 'phi': -1.8059017014538126, 'norm_pos': [0.2414027706541933, 0.20253755763352765], 'topic': 'pupil.1', 'id': 1, 'method': '3d c++'}"
1580974702.194409,"{'circle_3d': {'center': [-7.043699576270724, 6.125091730709791, 52.90124027504627], 'normal': [-0.17584789921047458, 0.6481801916950337, -0.7409048221178292], 'radius': 1.7049569275851533}, 'confidence': 0.999723713342124, 'timestamp': 12648.576758, 'diameter_3d': 3.4099138551703065, 'ellipse': {'center': [77.49342725764458, 191.5100103096969], 'axes': [25.592451573119636, 40.12047760903379], 'angle': -70.74293853952405}, 'location': [77.49342725764458, 191.5100103096969], 'diameter': 40.12047760903379, 'sphere': {'center': [-4.933524785745028, -1.6530705696306138, 61.79209814046022], 'radius': 12.0}, 'projected_sphere': {'center': [110.49876182859234, 103.41367611694845], 'axes': [240.80748910930532, 240.80748910930532], 'angle': 90.0}, 'model_confidence': 0.9678321602684892, 'model_id': 61, 'model_birth_timestamp': 12311.749401, 'theta': 2.2759885168006826, 'phi': -1.8038266439605026, 'norm_pos': [0.24216696018013933, 0.20204162370959622], 'topic': 'pupil.1', 'id': 1, 'method': '3d c++'}"
1580974702.202456,"{'circle_3d': {'center': [-7.067740039142924, 6.120724818551338, 52.9031594796951], 'normal': [-0.17785127111649127, 0.647816282348496, -0.7407448883970932], 'radius': 1.7098839571343676}, 'confidence': 0.9999008130223201, 'timestamp': 12648.585158, 'diameter_3d': 3.419767914268735, 'ellipse': {'center': [77.215729386112, 191.45488535001172], 'axes': [25.649248890594585, 40.23500618736557], 'angle': -70.57443229977426}, 'location': [77.215729386112, 191.45488535001172], 'diameter': 40.23500618736557, 'sphere': {'center': [-4.933524785745028, -1.6530705696306138, 61.79209814046022], 'radius': 12.0}, 'projected_sphere': {'center': [110.49876182859234, 103.41367611694845], 'axes': [240.80748910930532, 240.80748910930532], 'angle': 90.0}, 'model_confidence': 0.9679519427731265, 'model_id': 61, 'model_birth_timestamp': 12311.749401, 'theta': 2.2755107208856016, 'phi': -1.8064338467032024, 'norm_pos': [0.2412991543316, 0.20227131104161777], 'topic': 'pupil.1', 'id': 1, 'method': '3d c++'}"
1580974702.214358,"{'circle_3d': {'center': [-7.073453948123806, 6.125169664120749, 52.90842311004334], 'normal': [-0.17832743019823144, 0.6481866861459469, -0.7403062525347403], 'radius': 1.7147810964612948}, 'confidence': 0.9997199984096521, 'timestamp': 12648.593558, 'diameter_3d': 3.4295621929225897, 'ellipse': {'center': [77.15736307644084, 191.49837709272143], 'axes': [25.695839032479267, 40.346290826381754], 'angle': -70.55017704559819}, 'location': [77.15736307644084, 191.49837709272143], 'diameter': 40.346290826381754, 'sphere': {'center': [-4.933524785745028, -1.6530705696306138, 61.79209814046022], 'radius': 12.0}, 'projected_sphere': {'center': [110.49876182859234, 103.41367611694845], 'axes': [240.80748910930532, 240.80748910930532], 'angle': 90.0}, 'model_confidence': 0.9680939999370142, 'model_id': 61, 'model_birth_timestamp': 12311.749401, 'theta': 2.2759970454749143, 'phi': -1.807176354635913, 'norm_pos': [0.24111675961387763, 0.20209009544699408], 'topic': 'pupil.1', 'id': 1, 'method': '3d c++'}"
1580974702.222555,"{'circle_3d': {'center': [-7.081882222360369, 6.1155257531191864, 52.90202100363526], 'normal': [-0.17902978638461164, 0.6473830268958167, -0.7408397614020799], 'radius': 1.6955322973153633}, 'confidence': 0.9944193002551268, 'timestamp': 12648.601958, 'diameter_3d': 3.3910645946307265, 'ellipse': {'center': [77.04793257891733, 191.40024737442155], 'axes': [25.43436351900385, 39.89798730697096], 'angle': -70.46787145383452}, 'location': [77.04793257891733, 191.40024737442155], 'diameter': 39.89798730697096, 'sphere': {'center': [-4.933524785745028, -1.6530705696306138, 61.79209814046022], 'radius': 12.0}, 'projected_sphere': {'center': [110.49876182859234, 103.41367611694845], 'axes': [240.80748910930532, 240.80748910930532], 'angle': 90.0}, 'model_confidence': 0.9682661588183317, 'model_id': 61, 'model_birth_timestamp': 12311.749401, 'theta': 2.2749421297995123, 'phi': -1.8079083294785552, 'norm_pos': [0.24077478930911664, 0.2024989692732435], 'topic': 'pupil.1', 'id': 1, 'method': '3d c++'}"
1580974702.230392,"{'circle_3d': {'center': [-7.053451037582962, 6.133801857757664, 52.91118993879815], 'normal': [-0.1766605209864945, 0.6489060356156898, -0.7400756834718388], 'radius': 1.7159070197718698}, 'confidence': 0.9471267823589321, 'timestamp': 12648.610358, 'diameter_3d': 3.4318140395437395, 'ellipse': {'center': [77.39539525794231, 191.59525890421625], 'axes': [25.706375596230625, 40.370701910209064], 'angle': -70.70452793768132}, 'location': [77.39539525794231, 191.59525890421625], 'diameter': 40.370701910209064, 'sphere': {'center': [-4.933524785745028, -1.6530705696306138, 61.79209814046022], 'radius': 12.0}, 'projected_sphere': {'center': [110.49876182859234, 103.41367611694845], 'axes': [240.80748910930532, 240.80748910930532], 'angle': 90.0}, 'model_confidence': 0.9682293213934767, 'model_id': 61, 'model_birth_timestamp': 12311.749401, 'theta': 2.2769420967542993, 'phi': -1.8051174428078887, 'norm_pos': [0.24186061018106972, 0.2016864212324323], 'topic': 'pupil.1', 'id': 1, 'method': '3d c++'}"
1580974702.238254,"{'circle_3d': {'center': [-7.047177793107395, 6.138005069498524, 52.91338137789613], 'normal': [-0.1761377506135306, 0.6492563032607616, -0.7398930635470073], 'radius': 1.70243674011981}, 'confidence': 0.9999266709545835, 'timestamp': 12648.618758, 'diameter_3d': 3.40487348023962, 'ellipse': {'center': [77.47134456904709, 191.64587314045582], 'axes': [25.49616961016107, 40.0519809104035], 'angle': -70.75725021306836}, 'location': [77.47134456904709, 191.64587314045582], 'diameter': 40.0519809104035, 'sphere': {'center': [-4.933524785745028, -1.6530705696306138, 61.79209814046022], 'radius': 12.0}, 'projected_sphere': {'center': [110.49876182859234, 103.41367611694845], 'axes': [240.80748910930532, 240.80748910930532], 'angle': 90.0}, 'model_confidence': 0.9684045414524611, 'model_id': 61, 'model_birth_timestamp': 12311.749401, 'theta': 2.277402539549522, 'phi': -1.8045046349997087, 'norm_pos': [0.24209795177827215, 0.20147552858143414], 'topic': 'pupil.1', 'id': 1, 'method': '3d c++'}"
1580974702.246665,"{'circle_3d': {'center': [-7.054445079134779, 6.130553935201114, 52.908580443237426], 'normal': [-0.17674335778247924, 0.648635375402644, -0.7402931414352328], 'radius': 1.713466059771021}, 'confidence': 0.9998179437129631, 'timestamp': 12648.627158, 'diameter_3d': 3.426932119542042, 'ellipse': {'center': [77.37962949128979, 191.5615079648524], 'axes': [25.68181655814099, 40.31522634538436], 'angle': -70.68880259577772}, 'location': [77.37962949128979, 191.5615079648524], 'diameter': 40.31522634538436, 'sphere': {'center': [-4.933524785745028, -1.6530705696306138, 61.79209814046022], 'radius': 12.0}, 'projected_sphere': {'center': [110.49876182859234, 103.41367611694845], 'axes': [240.80748910930532, 240.80748910930532], 'angle': 90.0}, 'model_confidence': 0.9685556638536763, 'model_id': 61, 'model_birth_timestamp': 12311.749401, 'theta': 2.2765864253663595, 'phi': -1.8051569686213729, 'norm_pos': [0.2418113421602806, 0.2018270501464483], 'topic': 'pupil.1', 'id': 1, 'method': '3d c++'}"
1580974702.25437,"{'circle_3d': {'center': [-7.056396447406565, 6.118690253923047, 52.898665191953164], 'normal': [-0.17690597180512804, 0.6476467352961384, -0.741119412375588], 'radius': 1.7035245750020827}, 'confidence': 0.9996687757473338, 'timestamp': 12648.635558, 'diameter_3d': 3.4070491500041653, 'ellipse': {'center': [77.34100753610798, 191.43902051576885], 'axes': [25.578804238135415, 40.088694556488875], 'angle': -70.64218814514952}, 'location': [77.34100753610798, 191.43902051576885], 'diameter': 40.088694556488875, 'sphere': {'center': [-4.933524785745028, -1.6530705696306138, 61.79209814046022], 'radius': 12.0}, 'projected_sphere': {'center': [110.49876182859234, 103.41367611694845], 'axes': [240.80748910930532, 240.80748910930532], 'angle': 90.0}, 'model_confidence': 0.9686236899422607, 'model_id': 61, 'model_birth_timestamp': 12311.749401, 'theta': 2.275288179840265, 'phi': -1.80511272772037, 'norm_pos': [0.24169064855033745, 0.20233741451762977], 'topic': 'pupil.1', 'id': 1, 'method': '3d c++'}"
1580974702.262639,"{'circle_3d': {'center': [-7.053420897914808, 6.126642282764479, 52.90491026082776], 'normal': [-0.17665800934748166, 0.6483094043662577, -0.7405989899693715], 'radius': 1.6990051258734247}, 'confidence': 0.9998059366972336, 'timestamp': 12648.643958, 'diameter_3d': 3.3980102517468493, 'ellipse': {'center': [77.38516699494747, 191.5252677897859], 'axes': [25.48248576610006, 39.97758628917425], 'angle': -70.68430257329226}, 'location': [77.38516699494747, 191.5252677897859], 'diameter': 39.97758628917425, 'sphere': {'center': [-4.933524785745028, -1.6530705696306138, 61.79209814046022], 'radius': 12.0}, 'projected_sphere': {'center': [110.49876182859234, 103.41367611694845], 'axes': [240.80748910930532, 240.80748910930532], 'angle': 90.0}, 'model_confidence': 0.9686516261565359, 'model_id': 61, 'model_birth_timestamp': 12311.749401, 'theta': 2.276158213730542, 'phi': -1.804954651282083, 'norm_pos': [0.24182864685921085, 0.20197805087589216], 'topic': 'pupil.1', 'id': 1, 'method': '3d c++'}"
1580974702.270457,"{'circle_3d': {'center': [-7.019698599670587, 6.135462386803946, 52.904655695942], 'normal': [-0.17384781782712985, 0.6490444130362133, -0.7406202037098519], 'radius': 1.7238457773312017}, 'confidence': 0.999858146988343, 'timestamp': 12648.652357, 'diameter_3d': 3.4476915546624034, 'ellipse': {'center': [77.78012341290903, 191.62058896912936], 'axes': [25.868126220722722, 40.562578049454714], 'angle': -70.92833461274734}, 'location': [77.78012341290903, 191.62058896912936], 'diameter': 40.562578049454714, 'sphere': {'center': [-4.933524785745028, -1.6530705696306138, 61.79209814046022], 'radius': 12.0}, 'projected_sphere': {'center': [110.49876182859234, 103.41367611694845], 'axes': [240.80748910930532, 240.80748910930532], 'angle': 90.0}, 'model_confidence': 0.9688215781181397, 'model_id': 61, 'model_birth_timestamp': 12311.749401, 'theta': 2.2771239785704562, 'phi': -1.801355009508501, 'norm_pos': [0.24306288566534073, 0.20158087929529434], 'topic': 'pupil.1', 'id': 1, 'method': '3d c++'}"
1580974702.278442,"{'circle_3d': {'center': [-7.036931122424119, 6.101019707664198, 52.87863833214895], 'normal': [-0.1752838613899242, 0.6461741897745678, -0.7427883173592721], 'radius': 1.706108380900477}, 'confidence': 0.9999289689484395, 'timestamp': 12648.660757, 'diameter_3d': 3.412216761800954, 'ellipse': {'center': [77.5378059258662, 191.2576894359038], 'axes': [25.71895908860969, 40.1646943262824], 'angle': -70.71806323297557}, 'location': [77.5378059258662, 191.2576894359038], 'diameter': 40.1646943262824, 'sphere': {'center': [-4.933524785745028, -1.6530705696306138, 61.79209814046022], 'radius': 12.0}, 'projected_sphere': {'center': [110.49876182859234, 103.41367611694845], 'axes': [240.80748910930532, 240.80748910930532], 'angle': 90.0}, 'model_confidence': 0.9689294220817213, 'model_id': 61, 'model_birth_timestamp': 12311.749401, 'theta': 2.2733571387123286, 'phi': -1.8025376560305544, 'norm_pos': [0.24230564351833186, 0.20309296068373406], 'topic': 'pupil.1', 'id': 1, 'method': '3d c++'}"
1580974702.286156,"{'circle_3d': {'center': [-7.031688438981039, 6.11825581415283, 52.89242424076307], 'normal': [-0.17484697110300093, 0.6476105319819537, -0.7416394916414291], 'radius': 1.7004324665334667}, 'confidence': 0.9998561016397619, 'timestamp': 12648.669157, 'diameter_3d': 3.4008649330669334, 'ellipse': {'center': [77.61999506670666, 191.44306968071749], 'axes': [25.57006396701994, 40.02061294375497], 'angle': -70.80150012566499}, 'location': [77.61999506670666, 191.44306968071749], 'diameter': 40.02061294375497, 'sphere': {'center': [-4.933524785745028, -1.6530705696306138, 61.79209814046022], 'radius': 12.0}, 'projected_sphere': {'center': [110.49876182859234, 103.41367611694845], 'axes': [240.80748910930532, 240.80748910930532], 'angle': 90.0}, 'model_confidence': 0.9689107939638397, 'model_id': 61, 'model_birth_timestamp': 12311.749401, 'theta': 2.2752406661941453, 'phi': -1.802325892918358, 'norm_pos': [0.24256248458345833, 0.20232054299701052], 'topic': 'pupil.1', 'id': 1, 'method': '3d c++'}"
1580974702.29825,"{'circle_3d': {'center': [-7.034514729519938, 6.125383322560804, 52.8993203796473], 'normal': [-0.17508249531457581, 0.6482044910159515, -0.7410648134010768], 'radius': 1.7095201486378215}, 'confidence': 0.9999526261282354, 'timestamp': 12648.677557, 'diameter_3d': 3.419040297275643, 'ellipse': {'center': [77.5980475132264, 191.51444052395613], 'axes': [25.67321391988437, 40.22936853499176], 'angle': -70.80342027708438}, 'location': [77.5980475132264, 191.51444052395613], 'diameter': 40.22936853499176, 'sphere': {'center': [-4.933524785745028, -1.6530705696306138, 61.79209814046022], 'radius': 12.0}, 'projected_sphere': {'center': [110.49876182859234, 103.41367611694845], 'axes': [240.80748910930532, 240.80748910930532], 'angle': 90.0}, 'model_confidence': 0.9689218497249574, 'model_id': 61, 'model_birth_timestamp': 12311.749401, 'theta': 2.276020427589961, 'phi': -1.802800121458966, 'norm_pos': [0.24249389847883251, 0.2020231644835161], 'topic': 'pupil.1', 'id': 1, 'method': '3d c++'}"
1580974702.306693,"{'circle_3d': {'center': [-7.022694372176565, 6.116151345068818, 52.88847184106493], 'normal': [-0.1740974655359613, 0.647435159558286, -0.7419688582829413], 'radius': 1.7247800906397301}, 'confidence': 0.9981632870277011, 'timestamp': 12648.685957, 'diameter_3d': 3.4495601812794603, 'ellipse': {'center': [77.72033144120672, 191.41569320200404], 'axes': [25.958506553757264, 40.59695104774183], 'angle': -70.85394578401161}, 'location': [77.72033144120672, 191.41569320200404], 'diameter': 40.59695104774183, 'sphere': {'center': [-4.933524785745028, -1.6530705696306138, 61.79209814046022], 'radius': 12.0}, 'projected_sphere': {'center': [110.49876182859234, 103.41367611694845], 'axes': [240.80748910930532, 240.80748910930532], 'angle': 90.0}, 'model_confidence': 0.9688031656001628, 'model_id': 61, 'model_birth_timestamp': 12311.749401, 'theta': 2.2750105325590084, 'phi': -1.8012695180972662, 'norm_pos': [0.242876035753771, 0.20243461165831655], 'topic': 'pupil.1', 'id': 1, 'method': '3d c++'}"
1580974702.314283,"{'circle_3d': {'center': [-7.02893198845417, 6.111682068049744, 52.886039240448916], 'normal': [-0.17461726689242849, 0.6470627198066965, -0.742171575000942], 'radius': 1.7248735522373764}, 'confidence': 0.9997005812627486, 'timestamp': 12648.694357, 'diameter_3d': 3.4497471044747527, 'ellipse': {'center': [77.6436957419846, 191.3665891346214], 'axes': [25.969421900506106, 40.60101062444333], 'angle': -70.80058379955616}, 'location': [77.6436957419846, 191.3665891346214], 'diameter': 40.60101062444333, 'sphere': {'center': [-4.933524785745028, -1.6530705696306138, 61.79209814046022], 'radius': 12.0}, 'projected_sphere': {'center': [110.49876182859234, 103.41367611694845], 'axes': [240.80748910930532, 240.80748910930532], 'angle': 90.0}, 'model_confidence': 0.9687802342389862, 'model_id': 61, 'model_birth_timestamp': 12311.749401, 'theta': 2.2745219451626197, 'phi': -1.8018725172918268, 'norm_pos': [0.24263654919370187, 0.20263921193907752], 'topic': 'pupil.1', 'id': 1, 'method': '3d c++'}"
1580974702.3224761,"{'circle_3d': {'center': [-7.023828326645405, 6.123512027029243, 52.89516640956409], 'normal': [-0.17419196174169804, 0.6480485497216547, -0.7414109775746774], 'radius': 1.7327385496561818}, 'confidence': 0.9996371748052864, 'timestamp': 12648.702757, 'diameter_3d': 3.4654770993123636, 'ellipse': {'center': [77.71777939992683, 191.49039097174636], 'axes': [26.045848408333082, 40.77921892913547], 'angle': -70.86749124453937}, 'location': [77.71777939992683, 191.49039097174636], 'diameter': 40.77921892913547, 'sphere': {'center': [-4.933524785745028, -1.6530705696306138, 61.79209814046022], 'radius': 12.0}, 'projected_sphere': {'center': [110.49876182859234, 103.41367611694845], 'axes': [240.80748910930532, 240.80748910930532], 'angle': 90.0}, 'model_confidence': 0.9687285609511376, 'model_id': 61, 'model_birth_timestamp': 12311.749401, 'theta': 2.275815654636046, 'phi': -1.8015576472200716, 'norm_pos': [0.24286806062477134, 0.2021233709510568], 'topic': 'pupil.1', 'id': 1, 'method': '3d c++'}"
1580974702.3301508,"{'circle_3d': {'center': [-7.010475687298536, 6.1143975467124605, 52.88408410734768], 'normal': [-0.17307924179612558, 0.6472890096952562, -0.742334502759378], 'radius': 1.725753470331561}, 'confidence': 0.9997275493875523, 'timestamp': 12648.711157, 'diameter_3d': 3.451506940663122, 'ellipse': {'center': [77.85646483292686, 191.40058163697702], 'axes': [25.998344714413253, 40.62323709472744], 'angle': -70.92856890094217}, 'location': [77.85646483292686, 191.40058163697702], 'diameter': 40.62323709472744, 'sphere': {'center': [-4.933524785745028, -1.6530705696306138, 61.79209814046022], 'radius': 12.0}, 'projected_sphere': {'center': [110.49876182859234, 103.41367611694845], 'axes': [240.80748910930532, 240.80748910930532], 'angle': 90.0}, 'model_confidence': 0.9687182760439006, 'model_id': 61, 'model_birth_timestamp': 12311.749401, 'theta': 2.274818780790114, 'phi': -1.799859435668087, 'norm_pos': [0.24330145260289643, 0.2024975765125957], 'topic': 'pupil.1', 'id': 1, 'method': '3d c++'}"
1580974702.338662,"{'circle_3d': {'center': [-7.008907953558371, 6.110825925332259, 52.88060578944177], 'normal': [-0.17294859731777854, 0.6469913745802395, -0.7426243625848705], 'radius': 1.72297615995114}, 'confidence': 0.9998396306704023, 'timestamp': 12648.719557, 'diameter_3d': 3.44595231990228, 'ellipse': {'center': [77.86931190077546, 191.36426665157376], 'axes': [25.973626590380096, 40.56048900514544], 'angle': -70.92865291846283}, 'location': [77.86931190077546, 191.36426665157376], 'diameter': 40.56048900514544, 'sphere': {'center': [-4.933524785745028, -1.6530705696306138, 61.79209814046022], 'radius': 12.0}, 'projected_sphere': {'center': [110.49876182859234, 103.41367611694845], 'axes': [240.80748910930532, 240.80748910930532], 'angle': 90.0}, 'model_confidence': 0.9687721629465296, 'model_id': 61, 'model_birth_timestamp': 12311.749401, 'theta': 2.274428373608714, 'phi': -1.7996062556705184, 'norm_pos': [0.2433415996899233, 0.20264888895177602], 'topic': 'pupil.1', 'id': 1, 'method': '3d c++'}"
1580974702.3461492,"{'circle_3d': {'center': [-6.998245355780831, 6.112842100641828, 52.87988576836243], 'normal': [-0.17206004750298354, 0.6471593891893702, -0.7426843643414828], 'radius': 1.7308350104227208}, 'confidence': 0.9995171575091835, 'timestamp': 12648.727957, 'diameter_3d': 3.4616700208454416, 'ellipse': {'center': [77.99326115082127, 191.38618768851074], 'axes': [26.099319798621607, 40.746140264100816], 'angle': -71.00392922593531}, 'location': [77.99326115082127, 191.38618768851074], 'diameter': 40.746140264100816, 'sphere': {'center': [-4.933524785745028, -1.6530705696306138, 61.79209814046022], 'radius': 12.0}, 'projected_sphere': {'center': [110.49876182859234, 103.41367611694845], 'axes': [240.80748910930532, 240.80748910930532], 'angle': 90.0}, 'model_confidence': 0.9686527856273663, 'model_id': 61, 'model_birth_timestamp': 12311.749401, 'theta': 2.274648742016596, 'phi': -1.7984532474478019, 'norm_pos': [0.24372894109631646, 0.2025575512978719], 'topic': 'pupil.1', 'id': 1, 'method': '3d c++'}"
1580974702.354638,"{'circle_3d': {'center': [-6.998699500991201, 6.1171211651921364, 52.883721531919235], 'normal': [-0.17209789293718103, 0.6475159779018959, -0.7423647173784151], 'radius': 1.7322231007917805}, 'confidence': 0.9995639736973658, 'timestamp': 12648.736357, 'diameter_3d': 3.464446201583561, 'ellipse': {'center': [77.99389525824384, 191.43075977340527], 'axes': [26.101679839529346, 40.775885250926684], 'angle': -71.01308467680455}, 'location': [77.99389525824384, 191.43075977340527], 'diameter': 40.775885250926684, 'sphere': {'center': [-4.933524785745028, -1.6530705696306138, 61.79209814046022], 'radius': 12.0}, 'projected_sphere': {'center': [110.49876182859234, 103.41367611694845], 'axes': [240.80748910930532, 240.80748910930532], 'angle': 90.0}, 'model_confidence': 0.9687465367072212, 'model_id': 61, 'model_birth_timestamp': 12311.749401, 'theta': 2.275116581379887, 'phi': -1.798596297854942, 'norm_pos': [0.243730922682012, 0.20237183427747807], 'topic': 'pupil.1', 'id': 1, 'method': '3d c++'}"
1580974702.362459,"{'circle_3d': {'center': [-7.007406961268011, 6.097610630159005, 52.86876055515752], 'normal': [-0.17282351462691525, 0.6458900999824683, -0.7436114654418916], 'radius': 1.7443360322922747}, 'confidence': 0.9997914383847454, 'timestamp': 12648.744757, 'diameter_3d': 3.4886720645845495, 'ellipse': {'center': [77.869840851439, 191.21810624238617], 'axes': [26.35380576013253, 41.07273816261159], 'angle': -70.90076410831949}, 'location': [77.869840851439, 191.21810624238617], 'diameter': 41.07273816261159, 'sphere': {'center': [-4.933524785745028, -1.6530705696306138, 61.79209814046022], 'radius': 12.0}, 'projected_sphere': {'center': [110.49876182859234, 103.41367611694845], 'axes': [240.80748910930532, 240.80748910930532], 'angle': 90.0}, 'model_confidence': 0.9689154941220579, 'model_id': 61, 'model_birth_timestamp': 12311.749401, 'theta': 2.272984957395071, 'phi': -1.7991534102097404, 'norm_pos': [0.24334325266074686, 0.20325789065672428], 'topic': 'pupil.1', 'id': 1, 'method': '3d c++'}"
1580974702.370278,"{'circle_3d': {'center': [-7.011009151740499, 6.123361315255389, 52.89203264357916], 'normal': [-0.1731236971662892, 0.648035990407167, -0.7416721247400884], 'radius': 1.7399173065325348}, 'confidence': 0.9996814540199919, 'timestamp': 12648.753157, 'diameter_3d': 3.4798346130650697, 'ellipse': {'center': [77.86316088468226, 191.49033817844378], 'axes': [26.173388828956288, 40.950673995474965], 'angle': -70.95049064009717}, 'location': [77.86316088468226, 191.49033817844378], 'diameter': 40.950673995474965, 'sphere': {'center': [-4.933524785745028, -1.6530705696306138, 61.79209814046022], 'radius': 12.0}, 'projected_sphere': {'center': [110.49876182859234, 103.41367611694845], 'axes': [240.80748910930532, 240.80748910930532], 'angle': 90.0}, 'model_confidence': 0.9689794382916839, 'model_id': 61, 'model_birth_timestamp': 12311.749401, 'theta': 2.2757991640341206, 'phi': -1.8001137617030576, 'norm_pos': [0.24332237776463206, 0.2021235909231509], 'topic': 'pupil.1', 'id': 1, 'method': '3d c++'}"
1580974702.3824599,"{'circle_3d': {'center': [-6.9958083534301, 6.127725268394347, 52.89231147934134], 'normal': [-0.1718569639737559, 0.6483996531687467, -0.7416488884265735], 'radius': 1.7198191930896432}, 'confidence': 0.999833226509293, 'timestamp': 12648.761557, 'diameter_3d': 3.4396383861792863, 'ellipse': {'center': [78.04017895776944, 191.54758677321752], 'axes': [25.874606863279602, 40.47720781326727], 'angle': -71.0619869300154}, 'location': [78.04017895776944, 191.54758677321752], 'diameter': 40.47720781326727, 'sphere': {'center': [-4.933524785745028, -1.6530705696306138, 61.79209814046022], 'radius': 12.0}, 'projected_sphere': {'center': [110.49876182859234, 103.41367611694845], 'axes': [240.80748910930532, 240.80748910930532], 'angle': 90.0}, 'model_confidence': 0.9690708694947814, 'model_id': 61, 'model_birth_timestamp': 12311.749401, 'theta': 2.2762767533753676, 'phi': -1.79850034941189, 'norm_pos': [0.2438755592430295, 0.20188505511159371], 'topic': 'pupil.1', 'id': 1, 'method': '3d c++'}"
1580974702.390471,"{'circle_3d': {'center': [-7.006882829891321, 6.1196515238225775, 52.88783075460985], 'normal': [-0.17277983701219102, 0.6477268411210994, -0.7420222821541971], 'radius': 1.7270643703099189}, 'confidence': 0.9998517920766617, 'timestamp': 12648.769957, 'diameter_3d': 3.4541287406198378, 'ellipse': {'center': [77.90426849220374, 191.45668633126024], 'axes': [26.001391519770127, 40.65124041471009], 'angle': -70.96690427864753}, 'location': [77.90426849220374, 191.45668633126024], 'diameter': 40.65124041471009, 'sphere': {'center': [-4.933524785745028, -1.6530705696306138, 61.79209814046022], 'radius': 12.0}, 'projected_sphere': {'center': [110.49876182859234, 103.41367611694845], 'axes': [240.80748910930532, 240.80748910930532], 'angle': 90.0}, 'model_confidence': 0.9690477607640635, 'model_id': 61, 'model_birth_timestamp': 12311.749401, 'theta': 2.275393318467792, 'phi': -1.7995697681425045, 'norm_pos': [0.2434508390381367, 0.20226380695308233], 'topic': 'pupil.1', 'id': 1, 'method': '3d c++'}"
1580974702.398123,"{'circle_3d': {'center': [-7.007164919103316, 6.116258694694688, 52.884935888663954], 'normal': [-0.17280334444652393, 0.6474441053604418, -0.742263520983022], 'radius': 1.7134729264026614}, 'confidence': 0.9997689002593081, 'timestamp': 12648.778357, 'diameter_3d': 3.4269458528053227, 'ellipse': {'center': [77.895823258147, 191.42524479790416], 'axes': [25.810238840117886, 40.33337531370092], 'angle': -70.95548938213176}, 'location': [77.895823258147, 191.42524479790416], 'diameter': 40.33337531370092, 'sphere': {'center': [-4.933524785745028, -1.6530705696306138, 61.79209814046022], 'radius': 12.0}, 'projected_sphere': {'center': [110.49876182859234, 103.41367611694845], 'axes': [240.80748910930532, 240.80748910930532], 'angle': 90.0}, 'model_confidence': 0.9690634722322344, 'model_id': 61, 'model_birth_timestamp': 12311.749401, 'theta': 2.2750222706585803, 'phi': -1.7995280237614395, 'norm_pos': [0.2434244476817094, 0.202394813342066], 'topic': 'pupil.1', 'id': 1, 'method': '3d c++'}"
1580974702.406485,"{'circle_3d': {'center': [-6.99780591577221, 6.115695644244635, 52.8822712661397], 'normal': [-0.1720234275022651, 0.6473971844896041, -0.742485572860043], 'radius': 1.7130734224136752}, 'confidence': 0.9998659817397686, 'timestamp': 12648.786757, 'diameter_3d': 3.4261468448273504, 'ellipse': {'center': [78.00112019500682, 191.42226156971032], 'axes': [25.820050153279915, 40.32599538604556], 'angle': -71.01495117894774}, 'location': [78.00112019500682, 191.42226156971032], 'diameter': 40.32599538604556, 'sphere': {'center': [-4.933524785745028, -1.6530705696306138, 61.79209814046022], 'radius': 12.0}, 'projected_sphere': {'center': [110.49876182859234, 103.41367611694845], 'axes': [240.80748910930532, 240.80748910930532], 'angle': 90.0}, 'model_confidence': 0.9690937044123937, 'model_id': 61, 'model_birth_timestamp': 12311.749401, 'theta': 2.2749607054475396, 'phi': -1.7984653069977719, 'norm_pos': [0.24375350060939632, 0.2024072434595403], 'topic': 'pupil.1', 'id': 1, 'method': '3d c++'}"
1580974702.4142709,"{'circle_3d': {'center': [-7.014957033242599, 6.093900993515151, 52.86729722397541], 'normal': [-0.17345268729146418, 0.6455809635954805, -0.7437334097070674], 'radius': 1.7095372937042599}, 'confidence': 0.9999662692513739, 'timestamp': 12648.795157, 'diameter_3d': 3.4190745874085198, 'ellipse': {'center': [77.77746746913398, 191.18807154291153], 'axes': [25.831956641821822, 40.2540707481978], 'angle': -70.84100055979565}, 'location': [77.77746746913398, 191.18807154291153], 'diameter': 40.2540707481978, 'sphere': {'center': [-4.933524785745028, -1.6530705696306138, 61.79209814046022], 'radius': 12.0}, 'projected_sphere': {'center': [110.49876182859234, 103.41367611694845], 'axes': [240.80748910930532, 240.80748910930532], 'angle': 90.0}, 'model_confidence': 0.9691710675224563, 'model_id': 61, 'model_birth_timestamp': 12311.749401, 'theta': 2.2725800960484284, 'phi': -1.799919732033716, 'norm_pos': [0.2430545858410437, 0.2033830352378686], 'topic': 'pupil.1', 'id': 1, 'method': '3d c++'}"
1580974702.422526,"{'circle_3d': {'center': [-7.003160543470747, 6.1068645841533, 52.87582009189019], 'normal': [-0.17246964647714322, 0.6466612628153261, -0.7430231707141689], 'radius': 1.7118767850514978}, 'confidence': 0.9364636374796607, 'timestamp': 12648.803557, 'diameter_3d': 3.4237535701029955, 'ellipse': {'center': [77.92858310604946, 191.32780703993024], 'axes': [25.830830636343972, 40.30271228747748], 'angle': -70.9549480167194}, 'location': [77.92858310604946, 191.32780703993024], 'diameter': 40.30271228747748, 'sphere': {'center': [-4.933524785745028, -1.6530705696306138, 61.79209814046022], 'radius': 12.0}, 'projected_sphere': {'center': [110.49876182859234, 103.41367611694845], 'axes': [240.80748910930532, 240.80748910930532], 'angle': 90.0}, 'model_confidence': 0.9692131344508526, 'model_id': 61, 'model_birth_timestamp': 12311.749401, 'theta': 2.2739955181013425, 'phi': -1.7988761276053324, 'norm_pos': [0.24352682220640456, 0.20280080400029066], 'topic': 'pupil.1', 'id': 1, 'method': '3d c++'}"
1580974702.430462,"{'circle_3d': {'center': [-7.010099349060967, 6.114448240733724, 52.884040573648846], 'normal': [-0.17304788027632825, 0.6472932341970282, -0.7423381305676146], 'radius': 1.7101667613282743}, 'confidence': 0.999487563160976, 'timestamp': 12648.811957, 'diameter_3d': 3.4203335226565486, 'ellipse': {'center': [77.85997754298802, 191.406324193273], 'axes': [25.76364577789469, 40.25619289745917], 'angle': -70.93122588169525}, 'location': [77.85997754298802, 191.406324193273], 'diameter': 40.25619289745917, 'sphere': {'center': [-4.933524785745028, -1.6530705696306138, 61.79209814046022], 'radius': 12.0}, 'projected_sphere': {'center': [110.49876182859234, 103.41367611694845], 'axes': [240.80748910930532, 240.80748910930532], 'angle': 90.0}, 'model_confidence': 0.9691795256166702, 'model_id': 61, 'model_birth_timestamp': 12311.749401, 'theta': 2.274824322989195, 'phi': -1.799818285836691, 'norm_pos': [0.24331242982183757, 0.2024736491946958], 'topic': 'pupil.1', 'id': 1, 'method': '3d c++'}"
1580974702.438505,"{'circle_3d': {'center': [-6.994048451231832, 6.126922784381243, 52.8912023633207], 'normal': [-0.1717103054572336, 0.6483327795009881, -0.7417413147616267], 'radius': 1.7073161459465476}, 'confidence': 0.9999015059689873, 'timestamp': 12648.820356, 'diameter_3d': 3.414632291893095, 'ellipse': {'center': [78.0584057855979, 191.5437293517877], 'axes': [25.69216765128497, 40.18363965874692], 'angle': -71.07124354963783}, 'location': [78.0584057855979, 191.5437293517877], 'diameter': 40.18363965874692, 'sphere': {'center': [-4.933524785745028, -1.6530705696306138, 61.79209814046022], 'radius': 12.0}, 'projected_sphere': {'center': [110.49876182859234, 103.41367611694845], 'axes': [240.80748910930532, 240.80748910930532], 'angle': 90.0}, 'model_confidence': 0.9692538752843038, 'model_id': 61, 'model_birth_timestamp': 12311.749401, 'theta': 2.2761889152630004, 'phi': -1.7982852896004273, 'norm_pos': [0.24393251807999344, 0.20190112770088453], 'topic': 'pupil.1', 'id': 1, 'method': '3d c++'}"
1580974702.446382,"{'circle_3d': {'center': [-6.991981214985513, 6.113865516896235, 52.879328595771796], 'normal': [-0.1715380357700404, 0.6472446738772374, -0.742730795390702], 'radius': 1.7204225776814186}, 'confidence': 0.9995634671944853, 'timestamp': 12648.828756, 'diameter_3d': 3.440845155362837, 'ellipse': {'center': [78.06508866793345, 191.4022956694685], 'axes': [25.946953303792984, 40.501326922024695], 'angle': -71.04777188449565}, 'location': [78.06508866793345, 191.4022956694685], 'diameter': 40.501326922024695, 'sphere': {'center': [-4.933524785745028, -1.6530705696306138, 61.79209814046022], 'radius': 12.0}, 'projected_sphere': {'center': [110.49876182859234, 103.41367611694845], 'axes': [240.80748910930532, 240.80748910930532], 'angle': 90.0}, 'model_confidence': 0.9692598632791594, 'model_id': 61, 'model_birth_timestamp': 12311.749401, 'theta': 2.2747606174144046, 'phi': -1.7977723684122258, 'norm_pos': [0.24395340208729205, 0.20249043471054795], 'topic': 'pupil.1', 'id': 1, 'method': '3d c++'}"
1580974702.4546938,"{'circle_3d': {'center': [-7.002712640024868, 6.130103928839377, 52.895994704119836], 'normal': [-0.17243232118998658, 0.6485978748724993, -0.7413419530283653], 'radius': 1.6794147983381222}, 'confidence': 0.9791535352857931, 'timestamp': 12648.837156, 'diameter_3d': 3.3588295966762445, 'ellipse': {'center': [77.96304911292411, 191.5836415538514], 'axes': [25.246728463499938, 39.5230726395961], 'angle': -71.02386433866361}, 'location': [77.96304911292411, 191.5836415538514], 'diameter': 39.5230726395961, 'sphere': {'center': [-4.933524785745028, -1.6530705696306138, 61.79209814046022], 'radius': 12.0}, 'projected_sphere': {'center': [110.49876182859234, 103.41367611694845], 'axes': [240.80748910930532, 240.80748910930532], 'angle': 90.0}, 'model_confidence': 0.9694093072800558, 'model_id': 61, 'model_birth_timestamp': 12311.749401, 'theta': 2.2765371548668596, 'phi': -1.7993277937737495, 'norm_pos': [0.24363452847788786, 0.2017348268589525], 'topic': 'pupil.1', 'id': 1, 'method': '3d c++'}"
1580974702.4663942,"{'circle_3d': {'center': [-7.024094482851047, 6.0948827140621535, 52.87028564213587], 'normal': [-0.17421414142550157, 0.645662773641064, -0.7434843748603622], 'radius': 1.720627581402952}, 'confidence': 0.9999531379487476, 'timestamp': 12648.845556, 'diameter_3d': 3.441255162805904, 'ellipse': {'center': [77.67581069854285, 191.19205297607533], 'axes': [25.982302026928515, 40.5130492799653], 'angle': -70.78411658618775}, 'location': [77.67581069854285, 191.19205297607533], 'diameter': 40.5130492799653, 'sphere': {'center': [-4.933524785745028, -1.6530705696306138, 61.79209814046022], 'radius': 12.0}, 'projected_sphere': {'center': [110.49876182859234, 103.41367611694845], 'axes': [240.80748910930532, 240.80748910930532], 'angle': 90.0}, 'model_confidence': 0.9697050624634995, 'model_id': 61, 'model_birth_timestamp': 12311.749401, 'theta': 2.272687225320357, 'phi': -1.800964902818832, 'norm_pos': [0.2427369084329464, 0.20336644593301945], 'topic': 'pupil.1', 'id': 1, 'method': '3d c++'}"
1580974702.474215,"{'circle_3d': {'center': [-7.001126922308517, 6.132104970873096, 52.89737705385942], 'normal': [-0.17230017804695738, 0.6487646283753091, -0.7412267572167331], 'radius': 1.7350103712560816}, 'confidence': 0.9997756570121887, 'timestamp': 12648.853956, 'diameter_3d': 3.470020742512163, 'ellipse': {'center': [77.98656547608641, 191.58717691420873], 'axes': [26.077187867565595, 40.83101845552434], 'angle': -71.0396427744621}, 'location': [77.98656547608641, 191.58717691420873], 'diameter': 40.83101845552434, 'sphere': {'center': [-4.933524785745028, -1.6530705696306138, 61.79209814046022], 'radius': 12.0}, 'projected_sphere': {'center': [110.49876182859234, 103.41367611694845], 'axes': [240.80748910930532, 240.80748910930532], 'angle': 90.0}, 'model_confidence': 0.9696819437543414, 'model_id': 61, 'model_birth_timestamp': 12311.749401, 'theta': 2.276756261716804, 'phi': -1.799192955939557, 'norm_pos': [0.24370801711277004, 0.201720096190797], 'topic': 'pupil.1', 'id': 1, 'method': '3d c++'}"
1580974702.4825852,"{'circle_3d': {'center': [-7.0114266408651975, 6.101824762550503, 52.873358192048016], 'normal': [-0.17315848792668073, 0.6462412776817598, -0.7432283290343501], 'radius': 1.737891969647041}, 'confidence': 0.9996141259019604, 'timestamp': 12648.862356, 'diameter_3d': 3.475783939294082, 'ellipse': {'center': [77.82955069498158, 191.2635454822547], 'axes': [26.232786726633837, 40.91738146502931], 'angle': -70.88654436721184}, 'location': [77.82955069498158, 191.2635454822547], 'diameter': 40.91738146502931, 'sphere': {'center': [-4.933524785745028, -1.6530705696306138, 61.79209814046022], 'radius': 12.0}, 'projected_sphere': {'center': [110.49876182859234, 103.41367611694845], 'axes': [240.80748910930532, 240.80748910930532], 'angle': 90.0}, 'model_confidence': 0.9696052079199324, 'model_id': 61, 'model_birth_timestamp': 12311.749401, 'theta': 2.2734450465825353, 'phi': -1.799694614288028, 'norm_pos': [0.24321734592181743, 0.2030685604906054], 'topic': 'pupil.1', 'id': 1, 'method': '3d c++'}"
1580974702.4906082,"{'circle_3d': {'center': [-7.027747369715553, 6.135930130949726, 52.90695887001843], 'normal': [-0.1745185486642104, 0.6490833917150283, -0.7404282725368155], 'radius': 1.719668748962442}, 'confidence': 0.9997306108361644, 'timestamp': 12648.870756, 'diameter_3d': 3.439337497924884, 'ellipse': {'center': [77.68939567102444, 191.62441609855063], 'axes': [25.79167778454195, 40.46248490814348], 'angle': -70.87737332519767}, 'location': [77.68939567102444, 191.62441609855063], 'diameter': 40.46248490814348, 'sphere': {'center': [-4.933524785745028, -1.6530705696306138, 61.79209814046022], 'radius': 12.0}, 'projected_sphere': {'center': [110.49876182859234, 103.41367611694845], 'axes': [240.80748910930532, 240.80748910930532], 'angle': 90.0}, 'model_confidence': 0.9695849806568679, 'model_id': 61, 'model_birth_timestamp': 12311.749401, 'theta': 2.277175216827837, 'phi': -1.8022710437177, 'norm_pos': [0.2427793614719514, 0.20156493292270572], 'topic': 'pupil.1', 'id': 1, 'method': '3d c++'}"
1580974702.498516,"{'circle_3d': {'center': [-7.006991439220208, 6.132821073303296, 52.899369236382555], 'normal': [-0.17278888778959828, 0.6488243035778258, -0.7410607420064721], 'radius': 1.7217264688939786}, 'confidence': 0.9997164276244452, 'timestamp': 12648.879156, 'diameter_3d': 3.4434529377879572, 'ellipse': {'center': [77.9203912414439, 191.5973129920495], 'axes': [25.865838359974667, 40.516725990407934], 'angle': -71.00352759684613}, 'location': [77.9203912414439, 191.5973129920495], 'diameter': 40.516725990407934, 'sphere': {'center': [-4.933524785745028, -1.6530705696306138, 61.79209814046022], 'radius': 12.0}, 'projected_sphere': {'center': [110.49876182859234, 103.41367611694845], 'axes': [240.80748910930532, 240.80748910930532], 'angle': 90.0}, 'model_confidence': 0.9695119027825383, 'model_id': 61, 'model_birth_timestamp': 12311.749401, 'theta': 2.2768346822816397, 'phi': -1.7998679211318964, 'norm_pos': [0.24350122262951218, 0.20167786253312714], 'topic': 'pupil.1', 'id': 1, 'method': '3d c++'}"
1580974702.50651,"{'circle_3d': {'center': [-7.0218037398124125, 6.126800717427946, 52.8975664626932], 'normal': [-0.17402324617228201, 0.64832260725488, -0.7412109731472518], 'radius': 1.6928755569347085}, 'confidence': 0.9996558512599736, 'timestamp': 12648.887556, 'diameter_3d': 3.385751113869417, 'ellipse': {'center': [77.74302601183467, 191.53867015504645], 'axes': [25.435503785181158, 39.83881676310435], 'angle': -70.89016607122453}, 'location': [77.74302601183467, 191.53867015504645], 'diameter': 39.83881676310435, 'sphere': {'center': [-4.933524785745028, -1.6530705696306138, 61.79209814046022], 'radius': 12.0}, 'projected_sphere': {'center': [110.49876182859234, 103.41367611694845], 'axes': [240.80748910930532, 240.80748910930532], 'angle': 90.0}, 'model_confidence': 0.9694137297985073, 'model_id': 61, 'model_birth_timestamp': 12311.749401, 'theta': 2.2761755546619407, 'phi': -1.80140200770975, 'norm_pos': [0.24294695628698335, 0.2019222076873065], 'topic': 'pupil.1', 'id': 1, 'method': '3d c++'}"
1580974702.514339,"{'circle_3d': {'center': [-7.037136612096167, 6.130663698400408, 52.90456202921346], 'normal': [-0.17530098552926154, 0.6486445223359185, -0.7406280092705634], 'radius': 1.7012837704527854}, 'confidence': 0.9980213705264456, 'timestamp': 12648.895956, 'diameter_3d': 3.402567540905571, 'ellipse': {'center': [77.57503507232725, 191.57197739062792], 'axes': [25.523817055711, 40.0314986152833], 'angle': -70.80147218261838}, 'location': [77.57503507232725, 191.57197739062792], 'diameter': 40.0314986152833, 'sphere': {'center': [-4.933524785745028, -1.6530705696306138, 61.79209814046022], 'radius': 12.0}, 'projected_sphere': {'center': [110.49876182859234, 103.41367611694845], 'axes': [240.80748910930532, 240.80748910930532], 'angle': 90.0}, 'model_confidence': 0.969318891336235, 'model_id': 61, 'model_birth_timestamp': 12311.749401, 'theta': 2.276598443482886, 'phi': -1.8032114647570752, 'norm_pos': [0.24242198460102266, 0.20178342753905032], 'topic': 'pupil.1', 'id': 1, 'method': '3d c++'}"
1580974702.522206,"{'circle_3d': {'center': [-7.0942712504313405, 6.126095400157695, 52.91427455977147], 'normal': [-0.18006220539052598, 0.6482638308156924, -0.7398186317240621], 'radius': 1.6992140951697212}, 'confidence': 0.9998544889690286, 'timestamp': 12648.904356, 'diameter_3d': 3.3984281903394424, 'ellipse': {'center': [76.92235191833012, 191.50660465617844], 'axes': [25.427818097608437, 39.97542824298196], 'angle': -70.41823015777909}, 'location': [76.92235191833012, 191.50660465617844], 'diameter': 39.97542824298196, 'sphere': {'center': [-4.933524785745028, -1.6530705696306138, 61.79209814046022], 'radius': 12.0}, 'projected_sphere': {'center': [110.49876182859234, 103.41367611694845], 'axes': [240.80748910930532, 240.80748910930532], 'angle': 90.0}, 'model_confidence': 0.9693522850199976, 'model_id': 61, 'model_birth_timestamp': 12311.749401, 'theta': 2.276098358507645, 'phi': -1.8095413302842118, 'norm_pos': [0.24038234974478162, 0.20205581393258987], 'topic': 'pupil.1', 'id': 1, 'method': '3d c++'}"
1580974702.5304298,"{'circle_3d': {'center': [-7.082023135309573, 6.104098609252626, 52.89208234428871], 'normal': [-0.17904152913037866, 0.6464307649069366, -0.7416679830142924], 'radius': 1.6841986067777555}, 'confidence': 0.9998246463623451, 'timestamp': 12648.912756, 'diameter_3d': 3.368397213555511, 'ellipse': {'center': [77.03028277541863, 191.2832589008379], 'axes': [25.310531345060895, 39.638590005863314], 'angle': -70.43397262847331}, 'location': [77.03028277541863, 191.2832589008379], 'diameter': 39.638590005863314, 'sphere': {'center': [-4.933524785745028, -1.6530705696306138, 61.79209814046022], 'radius': 12.0}, 'projected_sphere': {'center': [110.49876182859234, 103.41367611694845], 'axes': [240.80748910930532, 240.80748910930532], 'angle': 90.0}, 'model_confidence': 0.969415963832676, 'model_id': 61, 'model_birth_timestamp': 12311.749401, 'theta': 2.273693374350582, 'phi': -1.807668305012855, 'norm_pos': [0.24071963367318322, 0.20298642124650879], 'topic': 'pupil.1', 'id': 1, 'method': '3d c++'}"
1580974702.538353,"{'circle_3d': {'center': [-7.070090102843003, 6.113130018163087, 52.89708734361872], 'normal': [-0.17804710975816457, 0.6471833823161417, -0.7412508997367916], 'radius': 1.7053375571032816}, 'confidence': 0.9997505677326807, 'timestamp': 12648.921156, 'diameter_3d': 3.410675114206563, 'ellipse': {'center': [77.17863972767896, 191.37550848854482], 'axes': [25.608882973522174, 40.132564470338565], 'angle': -70.53735325363587}, 'location': [77.17863972767896, 191.37550848854482], 'diameter': 40.132564470338565, 'sphere': {'center': [-4.933524785745028, -1.6530705696306138, 61.79209814046022], 'radius': 12.0}, 'projected_sphere': {'center': [110.49876182859234, 103.41367611694845], 'axes': [240.80748910930532, 240.80748910930532], 'angle': 90.0}, 'model_confidence': 0.9695613175459306, 'model_id': 61, 'model_birth_timestamp': 12311.749401, 'theta': 2.2746802148291105, 'phi': -1.8065286763341803, 'norm_pos': [0.24118324914899675, 0.20260204796439651], 'topic': 'pupil.1', 'id': 1, 'method': '3d c++'}"
1580974702.550289,"{'circle_3d': {'center': [-7.061562102937443, 6.11604071842565, 52.897584833345924], 'normal': [-0.17733644309936789, 0.6474259406713553, -0.7412094422595246], 'radius': 1.6935967980954503}, 'confidence': 0.9996093397138192, 'timestamp': 12648.929556, 'diameter_3d': 3.3871935961909005, 'ellipse': {'center': [77.27843948472074, 191.4126630746506], 'axes': [25.432936827629558, 39.85576504436796], 'angle': -70.60109473125713}, 'location': [77.27843948472074, 191.4126630746506], 'diameter': 39.85576504436796, 'sphere': {'center': [-4.933524785745028, -1.6530705696306138, 61.79209814046022], 'radius': 12.0}, 'projected_sphere': {'center': [110.49876182859234, 103.41367611694845], 'axes': [240.80748910930532, 240.80748910930532], 'angle': 90.0}, 'model_confidence': 0.9694529404015717, 'model_id': 61, 'model_birth_timestamp': 12311.749401, 'theta': 2.2749984362578237, 'phi': -1.8056346935633594, 'norm_pos': [0.2414951233897523, 0.20244723718895585], 'topic': 'pupil.1', 'id': 1, 'method': '3d c++'}"
1580974702.558408,"{'circle_3d': {'center': [-7.061754455036674, 6.1312482206803995, 52.91093721152994], 'normal': [-0.17735247244097047, 0.6486932325259178, -0.7400967440775228], 'radius': 1.7001993363782975}, 'confidence': 0.9998693276392279, 'timestamp': 12648.937956, 'diameter_3d': 3.400398672756595, 'ellipse': {'center': [77.2971525285642, 191.57084116186223], 'axes': [25.469231538535915, 40.0011526252961], 'angle': -70.64346623888815}, 'location': [77.2971525285642, 191.57084116186223], 'diameter': 40.0011526252961, 'sphere': {'center': [-4.933524785745028, -1.6530705696306138, 61.79209814046022], 'radius': 12.0}, 'projected_sphere': {'center': [110.49876182859234, 103.41367611694845], 'axes': [240.80748910930532, 240.80748910930532], 'angle': 90.0}, 'model_confidence': 0.9694712527835936, 'model_id': 61, 'model_birth_timestamp': 12311.749401, 'theta': 2.276662445666633, 'phi': -1.8059953774002995, 'norm_pos': [0.24155360165176312, 0.20178816182557402], 'topic': 'pupil.1', 'id': 1, 'method': '3d c++'}"
1580974702.568406,"{'circle_3d': {'center': [-7.081204353640969, 6.1442805363285125, 52.92706637491982], 'normal': [-0.17897329732466172, 0.6497792588299272, -0.7387526471283665], 'radius': 1.7135129440231334}, 'confidence': 0.9999807270275037, 'timestamp': 12648.946356, 'diameter_3d': 3.4270258880462667, 'ellipse': {'center': [77.09556960425711, 191.6977280545163], 'axes': [25.5857827482484, 40.302279713107644], 'angle': -70.55498079904454}, 'location': [77.09556960425711, 191.6977280545163], 'diameter': 40.302279713107644, 'sphere': {'center': [-4.933524785745028, -1.6530705696306138, 61.79209814046022], 'radius': 12.0}, 'projected_sphere': {'center': [110.49876182859234, 103.41367611694845], 'axes': [240.80748910930532, 240.80748910930532], 'angle': 90.0}, 'model_confidence': 0.9695360062191627, 'model_id': 61, 'model_birth_timestamp': 12311.749401, 'theta': 2.278090325537827, 'phi': -1.8084810620408145, 'norm_pos': [0.24092365501330346, 0.20125946643951542], 'topic': 'pupil.1', 'id': 1, 'method': '3d c++'}"
1580974702.574463,"{'circle_3d': {'center': [-7.078514661869161, 6.140784623022336, 52.923341763871576], 'normal': [-0.1787491563436777, 0.6494879327210792, -0.7390630313823865], 'radius': 1.7029686033192164}, 'confidence': 0.978979054953981, 'timestamp': 12648.954756, 'diameter_3d': 3.405937206638433, 'ellipse': {'center': [77.12065866165686, 191.66516798881742], 'axes': [25.446640672457985, 40.056966865328164], 'angle': -70.56235971086087}, 'location': [77.12065866165686, 191.66516798881742], 'diameter': 40.056966865328164, 'sphere': {'center': [-4.933524785745028, -1.6530705696306138, 61.79209814046022], 'radius': 12.0}, 'projected_sphere': {'center': [110.49876182859234, 103.41367611694845], 'axes': [240.80748910930532, 240.80748910930532], 'angle': 90.0}, 'model_confidence': 0.9696124391675442, 'model_id': 61, 'model_birth_timestamp': 12311.749401, 'theta': 2.277707126471496, 'phi': -1.8080984593226899, 'norm_pos': [0.24100205831767768, 0.20139513337992743], 'topic': 'pupil.1', 'id': 1, 'method': '3d c++'}"
1580974702.582858,"{'circle_3d': {'center': [-7.071350993797546, 6.147417091658925, 52.92744409474397], 'normal': [-0.1781521840043765, 0.650040638440795, -0.738721170476354], 'radius': 1.6848005152623013}, 'confidence': 0.9999113185211823, 'timestamp': 12648.963156, 'diameter_3d': 3.3696010305246027, 'ellipse': {'center': [77.20970509736665, 191.74310825569745], 'axes': [25.15818461577196, 39.62636202806755], 'angle': -70.62774257535793}, 'location': [77.20970509736665, 191.74310825569745], 'diameter': 39.62636202806755, 'sphere': {'center': [-4.933524785745028, -1.6530705696306138, 61.79209814046022], 'radius': 12.0}, 'projected_sphere': {'center': [110.49876182859234, 103.41367611694845], 'axes': [240.80748910930532, 240.80748910930532], 'angle': 90.0}, 'model_confidence': 0.9696757522708488, 'model_id': 61, 'model_birth_timestamp': 12311.749401, 'theta': 2.2784342410053453, 'phi': -1.807440638628936, 'norm_pos': [0.24128032842927077, 0.20107038226792728], 'topic': 'pupil.1', 'id': 1, 'method': '3d c++'}"
1580974702.59032,"{'circle_3d': {'center': [-7.06858296557734, 6.130539001832439, 52.91195463893053], 'normal': [-0.17792151498602596, 0.6486341309552544, -0.7400119584608071], 'radius': 1.6872787303884114}, 'confidence': 0.9961503273192431, 'timestamp': 12648.971556, 'diameter_3d': 3.3745574607768227, 'ellipse': {'center': [77.21824995976587, 191.56537613974336], 'axes': [25.268467618646735, 39.69625843362001], 'angle': -70.59725097661884}, 'location': [77.21824995976587, 191.56537613974336], 'diameter': 39.69625843362001, 'sphere': {'center': [-4.933524785745028, -1.6530705696306138, 61.79209814046022], 'radius': 12.0}, 'projected_sphere': {'center': [110.49876182859234, 103.41367611694845], 'axes': [240.80748910930532, 240.80748910930532], 'angle': 90.0}, 'model_confidence': 0.9699053259441759, 'model_id': 61, 'model_birth_timestamp': 12311.749401, 'theta': 2.276584790301767, 'phi': -1.80674841061503, 'norm_pos': [0.24130703112426835, 0.20181093275106932], 'topic': 'pupil.1', 'id': 1, 'method': '3d c++'}"
1580974702.59841,"{'circle_3d': {'center': [-7.088783256962923, 6.108018960656311, 52.89713607055154], 'normal': [-0.17960487260149124, 0.6467574608572438, -0.741246839159057], 'radius': 1.684976971311705}, 'confidence': 0.9998379499349893, 'timestamp': 12648.979956, 'diameter_3d': 3.36995394262341, 'ellipse': {'center': [76.95914312611865, 191.32225755817743], 'axes': [25.296380747653934, 39.65313672987391], 'angle': -70.40150550298212}, 'location': [76.95914312611865, 191.32225755817743], 'diameter': 39.65313672987391, 'sphere': {'center': [-4.933524785745028, -1.6530705696306138, 61.79209814046022], 'radius': 12.0}, 'projected_sphere': {'center': [110.49876182859234, 103.41367611694845], 'axes': [240.80748910930532, 240.80748910930532], 'angle': 90.0}, 'model_confidence': 0.9698904196322689, 'model_id': 61, 'model_birth_timestamp': 12311.749401, 'theta': 2.274121640345919, 'phi': -1.808515877729321, 'norm_pos': [0.24049732226912077, 0.20282392684092743], 'topic': 'pupil.1', 'id': 1, 'method': '3d c++'}"
1580974702.606383,"{'circle_3d': {'center': [-7.082065814445875, 6.134023479761309, 52.91826369790304], 'normal': [-0.17904508572507058, 0.6489245041159936, -0.7394862035464312], 'radius': 1.6747190984280798}, 'confidence': 0.9996936060439001, 'timestamp': 12648.988355, 'diameter_3d': 3.3494381968561595, 'ellipse': {'center': [77.0698063264231, 191.60185079651365], 'axes': [25.04649000054765, 39.39594391192938], 'angle': -70.52007492809469}, 'location': [77.0698063264231, 191.60185079651365], 'diameter': 39.39594391192938, 'sphere': {'center': [-4.933524785745028, -1.6530705696306138, 61.79209814046022], 'radius': 12.0}, 'projected_sphere': {'center': [110.49876182859234, 103.41367611694845], 'axes': [240.80748910930532, 240.80748910930532], 'angle': 90.0}, 'model_confidence': 0.9697962239133551, 'model_id': 61, 'model_birth_timestamp': 12311.749401, 'theta': 2.276966369923908, 'phi': -1.8083457559711633, 'norm_pos': [0.2408431447700722, 0.20165895501452646], 'topic': 'pupil.1', 'id': 1, 'method': '3d c++'}"
1580974702.614431,"{'circle_3d': {'center': [-7.076868315426175, 6.136888727050788, 52.91952170123914], 'normal': [-0.17861196080676225, 0.6491632747234501, -0.7393813699350897], 'radius': 1.6956306289013148}, 'confidence': 0.9997388426015318, 'timestamp': 12648.996755, 'diameter_3d': 3.3912612578026295, 'ellipse': {'center': [77.13359090237958, 191.62700693236982], 'axes': [25.35536497822933, 39.887153304251825], 'angle': -70.56184083100972}, 'location': [77.13359090237958, 191.62700693236982], 'diameter': 39.887153304251825, 'sphere': {'center': [-4.933524785745028, -1.6530705696306138, 61.79209814046022], 'radius': 12.0}, 'projected_sphere': {'center': [110.49876182859234, 103.41367611694845], 'axes': [240.80748910930532, 240.80748910930532], 'angle': 90.0}, 'model_confidence': 0.9697872825927933, 'model_id': 61, 'model_birth_timestamp': 12311.749401, 'theta': 2.277280231649752, 'phi': -1.8078247639314933, 'norm_pos': [0.2410424715699362, 0.20155413778179243], 'topic': 'pupil.1', 'id': 1, 'method': '3d c++'}"
1580974702.622189,"{'circle_3d': {'center': [-7.095232830934077, 6.121315726344948, 52.91032263956445], 'normal': [-0.1801423370990874, 0.6478655246646301, -0.740147958407981], 'radius': 1.6759730945834272}, 'confidence': 0.9999108792238331, 'timestamp': 12649.005155, 'diameter_3d': 3.3519461891668545, 'ellipse': {'center': [76.90372794749481, 191.4633380450562], 'axes': [25.097728453199412, 39.431345855413134], 'angle': -70.39828224633958}, 'location': [76.90372794749481, 191.4633380450562], 'diameter': 39.431345855413134, 'sphere': {'center': [-4.933524785745028, -1.6530705696306138, 61.79209814046022], 'radius': 12.0}, 'projected_sphere': {'center': [110.49876182859234, 103.41367611694845], 'axes': [240.80748910930532, 240.80748910930532], 'angle': 90.0}, 'model_confidence': 0.9698032553944969, 'model_id': 61, 'model_birth_timestamp': 12311.749401, 'theta': 2.2755753623784, 'phi': -1.8095413020813254, 'norm_pos': [0.2403241498359213, 0.2022360914789325], 'topic': 'pupil.1', 'id': 1, 'method': '3d c++'}"
1580974702.634312,"{'circle_3d': {'center': [-7.097953968588029, 6.1461042697522235, 52.932746124810585], 'normal': [-0.18036909857025005, 0.6499312366152364, -0.7382793346374696], 'radius': 1.6519350099378503}, 'confidence': 0.9999905277270132, 'timestamp': 12649.013555, 'diameter_3d': 3.3038700198757005, 'ellipse': {'center': [76.90542518282108, 191.73121151240161], 'axes': [24.63406990336548, 38.84912281837731], 'angle': -70.45235798600082}, 'location': [76.90542518282108, 191.73121151240161], 'diameter': 38.84912281837731, 'sphere': {'center': [-4.933524785745028, -1.6530705696306138, 61.79209814046022], 'radius': 12.0}, 'projected_sphere': {'center': [110.49876182859234, 103.41367611694845], 'axes': [240.80748910930532, 240.80748910930532], 'angle': 90.0}, 'model_confidence': 0.969857795696405, 'model_id': 61, 'model_birth_timestamp': 12311.749401, 'theta': 2.278290281050372, 'phi': -1.8104126628015806, 'norm_pos': [0.24032945369631586, 0.2011199520316599], 'topic': 'pupil.1', 'id': 1, 'method': '3d c++'}"
1580974702.642714,"{'circle_3d': {'center': [-7.07329231299816, 6.144902893245106, 52.92570063067085], 'normal': [-0.17831396060442767, 0.6498311219063101, -0.7388664591491138], 'radius': 1.6751483976063728}, 'confidence': 0.9997842458032249, 'timestamp': 12649.021955, 'diameter_3d': 3.3502967952127456, 'ellipse': {'center': [77.18382477330476, 191.71909082263858], 'axes': [25.02135856280998, 39.40053285808113], 'angle': -70.60802863214194}, 'location': [77.18382477330476, 191.71909082263858], 'diameter': 39.40053285808113, 'sphere': {'center': [-4.933524785745028, -1.6530705696306138, 61.79209814046022], 'radius': 12.0}, 'projected_sphere': {'center': [110.49876182859234, 103.41367611694845], 'axes': [240.80748910930532, 240.80748910930532], 'angle': 90.0}, 'model_confidence': 0.9698040599964153, 'model_id': 61, 'model_birth_timestamp': 12311.749401, 'theta': 2.2781585573788345, 'phi': -1.8076027352501483, 'norm_pos': [0.2411994524165774, 0.20117045490567265], 'topic': 'pupil.1', 'id': 1, 'method': '3d c++'}"
1580974702.650181,"{'circle_3d': {'center': [-7.096137533595966, 6.14653528887491, 52.9326819884331], 'normal': [-0.18021772898757812, 0.6499671548754603, -0.7382846793355928], 'radius': 1.6878915536569359}, 'confidence': 0.9997541532741592, 'timestamp': 12649.030355, 'diameter_3d': 3.3757831073138718, 'ellipse': {'center': [76.92846023496031, 191.72497225665015], 'axes': [25.17165718932083, 39.69516626039455], 'angle': -70.46518209390821}, 'location': [76.92846023496031, 191.72497225665015], 'diameter': 39.69516626039455, 'sphere': {'center': [-4.933524785745028, -1.6530705696306138, 61.79209814046022], 'radius': 12.0}, 'projected_sphere': {'center': [110.49876182859234, 103.41367611694845], 'axes': [240.80748910930532, 240.80748910930532], 'angle': 90.0}, 'model_confidence': 0.9698502468038939, 'model_id': 61, 'model_birth_timestamp': 12311.749401, 'theta': 2.278337543308394, 'phi': -1.8102175040740058, 'norm_pos': [0.24040143823425097, 0.20114594893062443], 'topic': 'pupil.1', 'id': 1, 'method': '3d c++'}"
1580974702.658441,"{'circle_3d': {'center': [-7.103149809545789, 6.161049929087838, 52.94719858831122], 'normal': [-0.18080208531673006, 0.6511767082265377, -0.7370749626790835], 'radius': 1.6902826600032934}, 'confidence': 0.9996534984298817, 'timestamp': 12649.038755, 'diameter_3d': 3.380565320006587, 'ellipse': {'center': [76.86919591187299, 191.87471482023054], 'axes': [25.137201495926185, 39.7405578513637], 'angle': -70.46177242755773}, 'location': [76.86919591187299, 191.87471482023054], 'diameter': 39.7405578513637, 'sphere': {'center': [-4.933524785745028, -1.6530705696306138, 61.79209814046022], 'radius': 12.0}, 'projected_sphere': {'center': [110.49876182859234, 103.41367611694845], 'axes': [240.80748910930532, 240.80748910930532], 'angle': 90.0}, 'model_confidence': 0.9697678290357281, 'model_id': 61, 'model_birth_timestamp': 12311.749401, 'theta': 2.279930225244602, 'phi': -1.8113435169544918, 'norm_pos': [0.2402162372246031, 0.20052202158237276], 'topic': 'pupil.1', 'id': 1, 'method': '3d c++'}"
1580974702.666517,"{'circle_3d': {'center': [-7.113221540324213, 6.120327140914894, 52.91385450268125], 'normal': [-0.1816413962149321, 0.647783142545459, -0.7398536364815811], 'radius': 1.665157251058895}, 'confidence': 0.9996523834487451, 'timestamp': 12649.047155, 'diameter_3d': 3.33031450211779, 'ellipse': {'center': [76.69843340877046, 191.45060209459365], 'axes': [24.913399110244242, 39.17414138598778], 'angle': -70.27924528005889}, 'location': [76.69843340877046, 191.45060209459365], 'diameter': 39.17414138598778, 'sphere': {'center': [-4.933524785745028, -1.6530705696306138, 61.79209814046022], 'radius': 12.0}, 'projected_sphere': {'center': [110.49876182859234, 103.41367611694845], 'axes': [240.80748910930532, 240.80748910930532], 'angle': 90.0}, 'model_confidence': 0.9696862783707072, 'model_id': 61, 'model_birth_timestamp': 12311.749401, 'theta': 2.275467219523212, 'phi': -1.8115445742281149, 'norm_pos': [0.23968260440240768, 0.2022891579391931], 'topic': 'pupil.1', 'id': 1, 'method': '3d c++'}"
1580974702.674413,"{'circle_3d': {'center': [-7.097174423174534, 6.147674557586571, 52.933938302963014], 'normal': [-0.18030413645245882, 0.6500620939347654, -0.7381799864581005], 'radius': 1.6844528889324317}, 'confidence': 0.9991303770926766, 'timestamp': 12649.055555, 'diameter_3d': 3.3689057778648634, 'ellipse': {'center': [76.91811138844898, 191.7377323575247], 'axes': [25.114133216092046, 39.61332150462369], 'angle': -70.46178941858503}, 'location': [76.91811138844898, 191.7377323575247], 'diameter': 39.61332150462369, 'sphere': {'center': [-4.933524785745028, -1.6530705696306138, 61.79209814046022], 'radius': 12.0}, 'projected_sphere': {'center': [110.49876182859234, 103.41367611694845], 'axes': [240.80748910930532, 240.80748910930532], 'angle': 90.0}, 'model_confidence': 0.9694296080554499, 'model_id': 61, 'model_birth_timestamp': 12311.749401, 'theta': 2.278462475995107, 'phi': -1.8103606444074722, 'norm_pos': [0.24036909808890305, 0.2010927818436471], 'topic': 'pupil.1', 'id': 1, 'method': '3d c++'}"
1580974702.6826618,"{'circle_3d': {'center': [-7.116286355769528, 6.149032981279451, 52.93982543175424], 'normal': [-0.1818967975020416, 0.6501752959091721, -0.7376893923921651], 'radius': 1.6814649942082867}, 'confidence': 0.9998014326575259, 'timestamp': 12649.063955, 'diameter_3d': 3.3629299884165733, 'ellipse': {'center': [76.70387761562189, 191.74684799217758], 'axes': [25.035824021764352, 39.53862606671704], 'angle': -70.34261439865976}, 'location': [76.70387761562189, 191.74684799217758], 'diameter': 39.53862606671704, 'sphere': {'center': [-4.933524785745028, -1.6530705696306138, 61.79209814046022], 'radius': 12.0}, 'projected_sphere': {'center': [110.49876182859234, 103.41367611694845], 'axes': [240.80748910930532, 240.80748910930532], 'angle': 90.0}, 'model_confidence': 0.9694000918941237, 'model_id': 61, 'model_birth_timestamp': 12311.749401, 'theta': 2.2786114587640665, 'phi': -1.812550195168931, 'norm_pos': [0.2396996175488184, 0.20105480003259346], 'topic': 'pupil.1', 'id': 1, 'method': '3d c++'}"
1580974702.6904309,"{'circle_3d': {'center': [-7.115999904904951, 6.152457927788211, 52.942774593983316], 'normal': [-0.18187292659666024, 0.6504607081182354, -0.737443628873075], 'radius': 1.678824982378846}, 'confidence': 0.9999709897876858, 'timestamp': 12649.072355, 'diameter_3d': 3.357649964757692, 'ellipse': {'center': [76.71166083975486, 191.78382411981642], 'axes': [24.98289640203657, 39.47432729669544], 'angle': -70.35436514196894}, 'location': [76.71166083975486, 191.78382411981642], 'diameter': 39.47432729669544, 'sphere': {'center': [-4.933524785745028, -1.6530705696306138, 61.79209814046022], 'radius': 12.0}, 'projected_sphere': {'center': [110.49876182859234, 103.41367611694845], 'axes': [240.80748910930532, 240.80748910930532], 'angle': 90.0}, 'model_confidence': 0.9694423169515409, 'model_id': 61, 'model_birth_timestamp': 12311.749401, 'theta': 2.2789871681970966, 'phi': -1.8125971452984555, 'norm_pos': [0.23972394012423393, 0.20090073283409826], 'topic': 'pupil.1', 'id': 1, 'method': '3d c++'}"
1580974702.699431,"{'circle_3d': {'center': [-7.112030687631719, 6.1480026847894305, 52.93786931381376], 'normal': [-0.1815421584905576, 0.6500894378683371, -0.737852402220538], 'radius': 1.6556112369797311}, 'confidence': 0.9999620696111252, 'timestamp': 12649.080755, 'diameter_3d': 3.3112224739594622, 'ellipse': {'center': [76.74914985038848, 191.7455273333884], 'axes': [24.66088030677573, 38.93185109453232], 'angle': -70.3671230878987}, 'location': [76.74914985038848, 191.7455273333884], 'diameter': 38.93185109453232, 'sphere': {'center': [-4.933524785745028, -1.6530705696306138, 61.79209814046022], 'radius': 12.0}, 'projected_sphere': {'center': [110.49876182859234, 103.41367611694845], 'axes': [240.80748910930532, 240.80748910930532], 'angle': 90.0}, 'model_confidence': 0.9695385393374112, 'model_id': 61, 'model_birth_timestamp': 12311.749401, 'theta': 2.2784984610390233, 'phi': -1.8120456908577713, 'norm_pos': [0.239841093282464, 0.20106030277754838], 'topic': 'pupil.1', 'id': 1, 'method': '3d c++'}"
1580974702.706201,"{'circle_3d': {'center': [-7.105692770199739, 6.14927920054715, 52.93743697748414], 'normal': [-0.1810139987045592, 0.6501958141814804, -0.7378884302480069], 'radius': 1.6727247752728502}, 'confidence': 0.9989297211520118, 'timestamp': 12649.089155, 'diameter_3d': 3.3454495505457005, 'ellipse': {'center': [76.82341774507142, 191.7556189624617], 'axes': [24.92011929160307, 39.33478658091463], 'angle': -70.41156126390038}, 'location': [76.82341774507142, 191.7556189624617], 'diameter': 39.33478658091463, 'sphere': {'center': [-4.933524785745028, -1.6530705696306138, 61.79209814046022], 'radius': 12.0}, 'projected_sphere': {'center': [110.49876182859234, 103.41367611694845], 'axes': [240.80748910930532, 240.80748910930532], 'angle': 90.0}, 'model_confidence': 0.9694988500478119, 'model_id': 61, 'model_birth_timestamp': 12311.749401, 'theta': 2.278638464469686, 'phi': -1.8113593326189878, 'norm_pos': [0.2400731804533482, 0.20101825432307618], 'topic': 'pupil.1', 'id': 1, 'method': '3d c++'}"
1580974702.7184582,"{'circle_3d': {'center': [-7.114868857900275, 6.1621972349163965, 52.95109552864723], 'normal': [-0.1817786726796039, 0.6512723170455842, -0.7367502176510825], 'radius': 1.6612251185108375}, 'confidence': 0.9999227979185472, 'timestamp': 12649.097555, 'diameter_3d': 3.322450237021675, 'ellipse': {'center': [76.7368466497631, 191.89220233497417], 'axes': [24.682949961978622, 39.054193527856825], 'angle': -70.38980970220757}, 'location': [76.7368466497631, 191.89220233497417], 'diameter': 39.054193527856825, 'sphere': {'center': [-4.933524785745028, -1.6530705696306138, 61.79209814046022], 'radius': 12.0}, 'projected_sphere': {'center': [110.49876182859234, 103.41367611694845], 'axes': [240.80748910930532, 240.80748910930532], 'angle': 90.0}, 'model_confidence': 0.9694881863831162, 'model_id': 61, 'model_birth_timestamp': 12311.749401, 'theta': 2.2800562111362743, 'phi': -1.8126953557264571, 'norm_pos': [0.23980264578050967, 0.20044915693760756], 'topic': 'pupil.1', 'id': 1, 'method': '3d c++'}"
1580974702.7265651,"{'circle_3d': {'center': [-7.114444006806716, 6.1524177359115555, 52.942355564359595], 'normal': [-0.1817432684218073, 0.6504573587951809, -0.7374785480083853], 'radius': 1.6600986652124063}, 'confidence': 0.9998461646092403, 'timestamp': 12649.105955, 'diameter_3d': 3.3201973304248127, 'ellipse': {'center': [76.72817265103468, 191.78980999328522], 'axes': [24.706409927826876, 39.03412206077431], 'angle': -70.36432680378203}, 'location': [76.72817265103468, 191.78980999328522], 'diameter': 39.03412206077431, 'sphere': {'center': [-4.933524785745028, -1.6530705696306138, 61.79209814046022], 'radius': 12.0}, 'projected_sphere': {'center': [110.49876182859234, 103.41367611694845], 'axes': [240.80748910930532, 240.80748910930532], 'angle': 90.0}, 'model_confidence': 0.9694869935838901, 'model_id': 61, 'model_birth_timestamp': 12311.749401, 'theta': 2.278982758531839, 'phi': -1.8124203973308635, 'norm_pos': [0.23977553953448338, 0.20087579169464498], 'topic': 'pupil.1', 'id': 1, 'method': '3d c++'}"
1580974702.734175,"{'circle_3d': {'center': [-7.090978047531054, 6.146809787483379, 52.931665767380665], 'normal': [-0.17978777181550212, 0.6499900297594994, -0.7383693644232959], 'radius': 1.6527381759015547}, 'confidence': 0.9979997194493273, 'timestamp': 12649.114355, 'diameter_3d': 3.3054763518031094, 'ellipse': {'center': [76.985279482028, 191.74061654423008], 'axes': [24.653276261878123, 38.868814897990354], 'angle': -70.4993791896185}, 'location': [76.985279482028, 191.74061654423008], 'diameter': 38.868814897990354, 'sphere': {'center': [-4.933524785745028, -1.6530705696306138, 61.79209814046022], 'radius': 12.0}, 'projected_sphere': {'center': [110.49876182859234, 103.41367611694845], 'axes': [240.80748910930532, 240.80748910930532], 'angle': 90.0}, 'model_confidence': 0.9694878149556274, 'model_id': 61, 'model_birth_timestamp': 12311.749401, 'theta': 2.278367643720593, 'phi': -1.8096414408114672, 'norm_pos': [0.2405789983813375, 0.20108076439904132], 'topic': 'pupil.1', 'id': 1, 'method': '3d c++'}"
1580974702.7428281,"{'circle_3d': {'center': [-7.12093558139869, 6.163221696056363, 52.953500444647844], 'normal': [-0.18228423297113852, 0.6513576888072481, -0.7365498079843643], 'radius': 1.656455399929666}, 'confidence': 0.9998255530996055, 'timestamp': 12649.122755, 'diameter_3d': 3.312910799859332, 'ellipse': {'center': [76.66949038990964, 191.9025037001671], 'axes': [24.599029752934726, 38.94024280462301], 'angle': -70.35379961426109}, 'location': [76.66949038990964, 191.9025037001671], 'diameter': 38.94024280462301, 'sphere': {'center': [-4.933524785745028, -1.6530705696306138, 61.79209814046022], 'radius': 12.0}, 'projected_sphere': {'center': [110.49876182859234, 103.41367611694845], 'axes': [240.80748910930532, 240.80748910930532], 'angle': 90.0}, 'model_confidence': 0.9695245197451463, 'model_id': 61, 'model_birth_timestamp': 12311.749401, 'theta': 2.2801687189408133, 'phi': -1.8134055152833368, 'norm_pos': [0.23959215746846763, 0.20040623458263707], 'topic': 'pupil.1', 'id': 1, 'method': '3d c++'}"
1580974702.7506502,"{'circle_3d': {'center': [-7.124785131970219, 6.1532161015068265, 52.945614855952016], 'normal': [-0.1826050288520992, 0.6505238892614533, -0.7372069403756834], 'radius': 1.6683675118045556}, 'confidence': 0.9999431713271518, 'timestamp': 12649.131155, 'diameter_3d': 3.336735023609111, 'ellipse': {'center': [76.61291847565991, 191.79226533748], 'axes': [24.811144556571154, 39.22622284726143], 'angle': -70.30010330725426}, 'location': [76.61291847565991, 191.79226533748], 'diameter': 39.22622284726143, 'sphere': {'center': [-4.933524785745028, -1.6530705696306138, 61.79209814046022], 'radius': 12.0}, 'projected_sphere': {'center': [110.49876182859234, 103.41367611694845], 'axes': [240.80748910930532, 240.80748910930532], 'angle': 90.0}, 'model_confidence': 0.9695586445978677, 'model_id': 61, 'model_birth_timestamp': 12311.749401, 'theta': 2.2790703546017435, 'phi': -1.8136076707438862, 'norm_pos': [0.23941537023643722, 0.20086556109383336], 'topic': 'pupil.1', 'id': 1, 'method': '3d c++'}"
1580974702.758442,"{'circle_3d': {'center': [-7.10924333708554, 6.155768256443478, 52.944031403949324], 'normal': [-0.18130987927837597, 0.6507365688395077, -0.7373388947092412], 'radius': 1.6745288538902368}, 'confidence': 0.9998098523349712, 'timestamp': 12649.139555, 'diameter_3d': 3.3490577077804735, 'ellipse': {'center': [76.79228207640614, 191.82219683891438], 'axes': [24.915332998074174, 39.3723385025492], 'angle': -70.40740702912755}, 'location': [76.79228207640614, 191.82219683891438], 'diameter': 39.3723385025492, 'sphere': {'center': [-4.933524785745028, -1.6530705696306138, 61.79209814046022], 'radius': 12.0}, 'projected_sphere': {'center': [110.49876182859234, 103.41367611694845], 'axes': [240.80748910930532, 240.80748910930532], 'angle': 90.0}, 'model_confidence': 0.9695350774829081, 'model_id': 61, 'model_birth_timestamp': 12311.749401, 'theta': 2.2793504192127623, 'phi': -1.8119102149987205, 'norm_pos': [0.2399758814887692, 0.2007408465045234], 'topic': 'pupil.1', 'id': 1, 'method': '3d c++'}"
1580974702.766221,"{'circle_3d': {'center': [-7.132427716947887, 6.164329256594854, 52.957332390533544], 'normal': [-0.18324191093357153, 0.6514499855187891, -0.7362304791605564], 'radius': 1.6496245330261794}, 'confidence': 0.9999419622916955, 'timestamp': 12649.147955, 'diameter_3d': 3.299249066052359, 'ellipse': {'center': [76.54090296125688, 191.91253831603518], 'axes': [24.4762980126004, 38.77678365151969], 'angle': -70.28324791605608}, 'location': [76.54090296125688, 191.91253831603518], 'diameter': 38.77678365151969, 'sphere': {'center': [-4.933524785745028, -1.6530705696306138, 61.79209814046022], 'radius': 12.0}, 'projected_sphere': {'center': [110.49876182859234, 103.41367611694845], 'axes': [240.80748910930532, 240.80748910930532], 'angle': 90.0}, 'model_confidence': 0.9697521224157568, 'model_id': 61, 'model_birth_timestamp': 12311.749401, 'theta': 2.280290365066815, 'phi': -1.8147319389746734, 'norm_pos': [0.23919032175392774, 0.20036442368318674], 'topic': 'pupil.1', 'id': 1, 'method': '3d c++'}"
1580974702.775458,"{'circle_3d': {'center': [-7.132704458473316, 6.157312366963815, 52.95119732941086], 'normal': [-0.18326497272735726, 0.6508652447162024, -0.7367417342541135], 'radius': 1.65108110034991}, 'confidence': 0.9839810020658498, 'timestamp': 12649.156354, 'diameter_3d': 3.30216220069982, 'ellipse': {'center': [76.52819800502252, 191.8382003408936], 'axes': [24.525799394687333, 38.81551998001967], 'angle': -70.26115337166529}, 'location': [76.52819800502252, 191.8382003408936], 'diameter': 38.81551998001967, 'sphere': {'center': [-4.933524785745028, -1.6530705696306138, 61.79209814046022], 'radius': 12.0}, 'projected_sphere': {'center': [110.49876182859234, 103.41367611694845], 'axes': [240.80748910930532, 240.80748910930532], 'angle': 90.0}, 'model_confidence': 0.969749979114487, 'model_id': 61, 'model_birth_timestamp': 12311.749401, 'theta': 2.279519897175391, 'phi': -1.8145987698355468, 'norm_pos': [0.23915061876569538, 0.20067416524627668], 'topic': 'pupil.1', 'id': 1, 'method': '3d c++'}"
1580974702.782258,"{'circle_3d': {'center': [-7.098255008871101, 6.153029948002542, 52.93892143547506], 'normal': [-0.18039418526050607, 0.6505083764694297, -0.73776472541543], 'radius': 1.6481893163894141}, 'confidence': 0.9997101338120837, 'timestamp': 12649.164754, 'diameter_3d': 3.2963786327788283, 'ellipse': {'center': [76.91128672627647, 191.80518385410738], 'axes': [24.549933895152755, 38.75648708216912], 'angle': -70.47037142134596}, 'location': [76.91128672627647, 191.80518385410738], 'diameter': 38.75648708216912, 'sphere': {'center': [-4.933524785745028, -1.6530705696306138, 61.79209814046022], 'radius': 12.0}, 'projected_sphere': {'center': [110.49876182859234, 103.41367611694845], 'axes': [240.80748910930532, 240.80748910930532], 'angle': 90.0}, 'model_confidence': 0.9697194010124921, 'model_id': 61, 'model_birth_timestamp': 12311.749401, 'theta': 2.2790499293923774, 'phi': -1.8106055558838299, 'norm_pos': [0.24034777101961396, 0.2008117339412192], 'topic': 'pupil.1', 'id': 1, 'method': '3d c++'}"
1580974702.790422,"{'circle_3d': {'center': [-7.118018244948458, 6.16637341422167, 52.95556691434588], 'normal': [-0.1820411216002858, 0.6516203319876904, -0.7363776021761946], 'radius': 1.6567863546098764}, 'confidence': 0.9998555494680603, 'timestamp': 12649.173154, 'diameter_3d': 3.313572709219753, 'ellipse': {'center': [76.7067823841501, 191.93648839470285], 'axes': [24.59545474205398, 38.94651348160289], 'angle': -70.38162894692469}, 'location': [76.7067823841501, 191.93648839470285], 'diameter': 38.94651348160289, 'sphere': {'center': [-4.933524785745028, -1.6530705696306138, 61.79209814046022], 'radius': 12.0}, 'projected_sphere': {'center': [110.49876182859234, 103.41367611694845], 'axes': [240.80748910930532, 240.80748910930532], 'angle': 90.0}, 'model_confidence': 0.9697765129446645, 'model_id': 61, 'model_birth_timestamp': 12311.749401, 'theta': 2.2805149133524325, 'phi': -1.8131489430554149, 'norm_pos': [0.23970869495046906, 0.2002646316887381], 'topic': 'pupil.1', 'id': 1, 'method': '3d c++'}"
1580974702.8024251,"{'circle_3d': {'center': [-7.097247760770375, 6.16764169717386, 52.95157991316147], 'normal': [-0.1803102479187789, 0.6517260222337061, -0.7367098522748963], 'radius': 1.6475109944082726}, 'confidence': 0.9999500471674044, 'timestamp': 12649.181554, 'diameter_3d': 3.2950219888165453, 'ellipse': {'center': [76.94263489030948, 191.95942682299636], 'axes': [24.482542223658196, 38.73129751530435], 'angle': -70.51884280915546}, 'location': [76.94263489030948, 191.95942682299636], 'diameter': 38.73129751530435, 'sphere': {'center': [-4.933524785745028, -1.6530705696306138, 61.79209814046022], 'radius': 12.0}, 'projected_sphere': {'center': [110.49876182859234, 103.41367611694845], 'axes': [240.80748910930532, 240.80748910930532], 'angle': 90.0}, 'model_confidence': 0.9702054285612327, 'model_id': 61, 'model_birth_timestamp': 12311.749401, 'theta': 2.280654254503128, 'phi': -1.8108283976162622, 'norm_pos': [0.2404457340322171, 0.2001690549041818], 'topic': 'pupil.1', 'id': 1, 'method': '3d c++'}"
1580974702.810139,"{'circle_3d': {'center': [-7.125562395054024, 6.1566655721372925, 52.948852553271145], 'normal': [-0.18266980077574957, 0.6508113451473255, -0.7369371322657562], 'radius': 1.6496554063177813}, 'confidence': 0.9999477600017899, 'timestamp': 12649.189954, 'diameter_3d': 3.2993108126355626, 'ellipse': {'center': [76.60787269845434, 191.83416602583475], 'axes': [24.517616337550702, 38.78370539598624], 'angle': -70.30515626309976}, 'location': [76.60787269845434, 191.83416602583475], 'diameter': 38.78370539598624, 'sphere': {'center': [-4.933524785745028, -1.6530705696306138, 61.79209814046022], 'radius': 12.0}, 'projected_sphere': {'center': [110.49876182859234, 103.41367611694845], 'axes': [240.80748910930532, 240.80748910930532], 'angle': 90.0}, 'model_confidence': 0.9704578884047632, 'model_id': 61, 'model_birth_timestamp': 12311.749401, 'theta': 2.279448903490019, 'phi': -1.8137759213733273, 'norm_pos': [0.2393996021826698, 0.2006909748923552], 'topic': 'pupil.1', 'id': 1, 'method': '3d c++'}"
1580974702.8184278,"{'circle_3d': {'center': [-7.132335245550955, 6.146784246429679, 52.94181580540281], 'normal': [-0.18323420498382717, 0.6499879013383577, -0.7375235279214503], 'radius': 1.6495344692935636}, 'confidence': 0.9997228468729551, 'timestamp': 12649.198354, 'diameter_3d': 3.2990689385871272, 'ellipse': {'center': [76.51781654500078, 191.72802600847083], 'axes': [24.5456639352946, 38.78599379745882], 'angle': -70.23300362943372}, 'location': [76.51781654500078, 191.72802600847083], 'diameter': 38.78599379745882, 'sphere': {'center': [-4.933524785745028, -1.6530705696306138, 61.79209814046022], 'radius': 12.0}, 'projected_sphere': {'center': [110.49876182859234, 103.41367611694845], 'axes': [240.80748910930532, 240.80748910930532], 'angle': 90.0}, 'model_confidence': 0.970414684821086, 'model_id': 61, 'model_birth_timestamp': 12311.749401, 'theta': 2.2783648429587817, 'phi': -1.8143111456493475, 'norm_pos': [0.23911817670312746, 0.20113322496470487], 'topic': 'pupil.1', 'id': 1, 'method': '3d c++'}"
1580974702.8261728,"{'circle_3d': {'center': [-7.117327002103853, 6.155737047129168, 52.945995524942994], 'normal': [-0.18198351802990198, 0.6507339680633152, -0.7371752179597688], 'radius': 1.669485997538811}, 'confidence': 0.999971946239203, 'timestamp': 12649.206754, 'diameter_3d': 3.338971995077622, 'ellipse': {'center': [76.7006631314176, 191.82085268262813], 'axes': [24.828503366980392, 39.25225666143948], 'angle': -70.35533519203999}, 'location': [76.7006631314176, 191.82085268262813], 'diameter': 39.25225666143948, 'sphere': {'center': [-4.933524785745028, -1.6530705696306138, 61.79209814046022], 'radius': 12.0}, 'projected_sphere': {'center': [110.49876182859234, 103.41367611694845], 'axes': [240.80748910930532, 240.80748910930532], 'angle': 90.0}, 'model_confidence': 0.9704635585699006, 'model_id': 61, 'model_birth_timestamp': 12311.749401, 'theta': 2.27934699400516, 'phi': -1.8128232011593717, 'norm_pos': [0.23968957228568, 0.2007464471557161], 'topic': 'pupil.1', 'id': 1, 'method': '3d c++'}"
1580974702.8345,"{'circle_3d': {'center': [-7.12070675888895, 6.152100525872701, 52.943621481380774], 'normal': [-0.18226516442866011, 0.6504309246252763, -0.7373730549232874], 'radius': 1.6566056885341043}, 'confidence': 0.999996206654033, 'timestamp': 12649.215154, 'diameter_3d': 3.3132113770682086, 'ellipse': {'center': [76.65681320188446, 191.78554137346947], 'axes': [24.64653177868834, 38.9510211359036], 'angle': -70.3231381591498}, 'location': [76.65681320188446, 191.78554137346947], 'diameter': 38.9510211359036, 'sphere': {'center': [-4.933524785745028, -1.6530705696306138, 61.79209814046022], 'radius': 12.0}, 'projected_sphere': {'center': [110.49876182859234, 103.41367611694845], 'axes': [240.80748910930532, 240.80748910930532], 'angle': 90.0}, 'model_confidence': 0.9705460529714105, 'model_id': 61, 'model_birth_timestamp': 12311.749401, 'theta': 2.2789479563101267, 'phi': -1.813120768451476, 'norm_pos': [0.23955254125588893, 0.20089357761054383], 'topic': 'pupil.1', 'id': 1, 'method': '3d c++'}"
1580974702.842237,"{'circle_3d': {'center': [-7.1241209626838895, 6.167546042822039, 52.95811578873399], 'normal': [-0.1825496814115717, 0.6517180510377211, -0.7361651959771857], 'radius': 1.6411819054754002}, 'confidence': 0.9997049616386816, 'timestamp': 12649.223554, 'diameter_3d': 3.2823638109508004, 'ellipse': {'center': [76.63866188527692, 191.95168963323562], 'axes': [24.35007111238608, 38.577676178955414], 'angle': -70.34588076370858}, 'location': [76.63866188527692, 191.95168963323562], 'diameter': 38.577676178955414, 'sphere': {'center': [-4.933524785745028, -1.6530705696306138, 61.79209814046022], 'radius': 12.0}, 'projected_sphere': {'center': [110.49876182859234, 103.41367611694845], 'axes': [240.80748910930532, 240.80748910930532], 'angle': 90.0}, 'model_confidence': 0.9705546165123646, 'model_id': 61, 'model_birth_timestamp': 12311.749401, 'theta': 2.2806437447622723, 'phi': -1.8138670712966984, 'norm_pos': [0.23949581839149037, 0.20020129319485158], 'topic': 'pupil.1', 'id': 1, 'method': '3d c++'}"
1580974702.850343,"{'circle_3d': {'center': [-7.115543298155397, 6.148158121827533, 52.938871264621746], 'normal': [-0.18183487603419737, 0.6501023909548456, -0.7377689063198727], 'radius': 1.6505537371979353}, 'confidence': 0.9999102515534574, 'timestamp': 12649.231954, 'diameter_3d': 3.3011074743958706, 'ellipse': {'center': [76.7094105309314, 191.7476105890664], 'axes': [24.57976257285446, 38.81213533334418], 'angle': -70.34497876422625}, 'location': [76.7094105309314, 191.7476105890664], 'diameter': 38.81213533334418, 'sphere': {'center': [-4.933524785745028, -1.6530705696306138, 61.79209814046022], 'radius': 12.0}, 'projected_sphere': {'center': [110.49876182859234, 103.41367611694845], 'axes': [240.80748910930532, 240.80748910930532], 'angle': 90.0}, 'model_confidence': 0.9705579631006156, 'model_id': 61, 'model_birth_timestamp': 12311.749401, 'theta': 2.278515507890009, 'phi': -1.812446020373369, 'norm_pos': [0.23971690790916061, 0.20105162254555664], 'topic': 'pupil.1', 'id': 1, 'method': '3d c++'}"
1580974702.858171,"{'circle_3d': {'center': [-7.1106343821418605, 6.158662825111341, 52.9469291101505], 'normal': [-0.181425799699736, 0.650977782895163, -0.7370974191924766], 'radius': 1.6490168448901712}, 'confidence': 0.9896262646643199, 'timestamp': 12649.240354, 'diameter_3d': 3.2980336897803424, 'ellipse': {'center': [76.779176546596, 191.86021110665985], 'axes': [24.52175022697079, 38.770100483063146], 'angle': -70.40689291788233}, 'location': [76.779176546596, 191.86021110665985], 'diameter': 38.770100483063146, 'sphere': {'center': [-4.933524785745028, -1.6530705696306138, 61.79209814046022], 'radius': 12.0}, 'projected_sphere': {'center': [110.49876182859234, 103.41367611694845], 'axes': [240.80748910930532, 240.80748910930532], 'angle': 90.0}, 'model_confidence': 0.9705845349008646, 'model_id': 61, 'model_birth_timestamp': 12311.749401, 'theta': 2.279668140494163, 'phi': -1.8121344653791185, 'norm_pos': [0.2399349267081125, 0.2005824537222506], 'topic': 'pupil.1', 'id': 1, 'method': '3d c++'}"
1580974702.8670342,"{'circle_3d': {'center': [-7.127584531945502, 6.152614760808195, 52.94577809468553], 'normal': [-0.18283831218337276, 0.6504737775365674, -0.7371933371478907], 'radius': 1.6365672874144082}, 'confidence': 0.9996841555693727, 'timestamp': 12649.248754, 'diameter_3d': 3.2731345748288163, 'ellipse': {'center': [76.57877620390764, 191.79495137184784], 'axes': [24.336167797117227, 38.47809043918991], 'angle': -70.28048456122795}, 'location': [76.57877620390764, 191.79495137184784], 'diameter': 38.47809043918991, 'sphere': {'center': [-4.933524785745028, -1.6530705696306138, 61.79209814046022], 'radius': 12.0}, 'projected_sphere': {'center': [110.49876182859234, 103.41367611694845], 'axes': [240.80748910930532, 240.80748910930532], 'angle': 90.0}, 'model_confidence': 0.9705344075639832, 'model_id': 61, 'model_birth_timestamp': 12311.749401, 'theta': 2.2790043753438756, 'phi': -1.8139101093820156, 'norm_pos': [0.23930867563721137, 0.20085436928396727], 'topic': 'pupil.1', 'id': 1, 'method': '3d c++'}"
1580974702.874675,"{'circle_3d': {'center': [-7.106945711765924, 6.168990062603166, 52.955152460872], 'normal': [-0.18111841050174132, 0.6518383860194816, -0.7364121399656851], 'radius': 1.65940870110881}, 'confidence': 0.9997391515069847, 'timestamp': 12649.257154, 'diameter_3d': 3.31881740221762, 'ellipse': {'center': [76.83555995952156, 191.96676324397674], 'axes': [24.639953017467494, 39.008497472006205], 'angle': -70.46030074753592}, 'location': [76.83555995952156, 191.96676324397674], 'diameter': 39.008497472006205, 'sphere': {'center': [-4.933524785745028, -1.6530705696306138, 61.79209814046022], 'radius': 12.0}, 'projected_sphere': {'center': [110.49876182859234, 103.41367611694845], 'axes': [240.80748910930532, 240.80748910930532], 'angle': 90.0}, 'model_confidence': 0.9705540752250608, 'model_id': 61, 'model_birth_timestamp': 12311.749401, 'theta': 2.2808024122933386, 'phi': -1.8119568480333983, 'norm_pos': [0.2401111248735049, 0.20013848648343024], 'topic': 'pupil.1', 'id': 1, 'method': '3d c++'}"
1580974702.886451,"{'circle_3d': {'center': [-7.123987871253007, 6.171548342723744, 52.96162757839767], 'normal': [-0.18253859045899823, 0.6520515760295298, -0.7358725468385463], 'radius': 1.6337423437577134}, 'confidence': 0.9997964774182907, 'timestamp': 12649.265554, 'diameter_3d': 3.267484687515427, 'ellipse': {'center': [76.6452849309745, 191.99610284908394], 'axes': [24.22380629858889, 38.400185780083355], 'angle': -70.35830741331145}, 'location': [76.6452849309745, 191.99610284908394], 'diameter': 38.400185780083355, 'sphere': {'center': [-4.933524785745028, -1.6530705696306138, 61.79209814046022], 'radius': 12.0}, 'projected_sphere': {'center': [110.49876182859234, 103.41367611694845], 'axes': [240.80748910930532, 240.80748910930532], 'angle': 90.0}, 'model_confidence': 0.9706943934205903, 'model_id': 61, 'model_birth_timestamp': 12311.749401, 'theta': 2.281083566842503, 'phi': -1.8139457749556664, 'norm_pos': [0.2395165154092953, 0.20001623812881697], 'topic': 'pupil.1', 'id': 1, 'method': '3d c++'}"
1580974702.8946161,"{'circle_3d': {'center': [-7.108094885740863, 6.170480561712495, 52.9567547642544], 'normal': [-0.18121417499965292, 0.6519625942785924, -0.7362786146838183], 'radius': 1.6547213661465272}, 'confidence': 0.9996867527606261, 'timestamp': 12649.273954, 'diameter_3d': 3.3094427322930544, 'ellipse': {'center': [76.82438064001826, 191.98352863129685], 'axes': [24.562595871888885, 38.897086153384414], 'angle': -70.45721571329791}, 'location': [76.82438064001826, 191.98352863129685], 'diameter': 38.897086153384414, 'sphere': {'center': [-4.933524785745028, -1.6530705696306138, 61.79209814046022], 'radius': 12.0}, 'projected_sphere': {'center': [110.49876182859234, 103.41367611694845], 'axes': [240.80748910930532, 240.80748910930532], 'angle': 90.0}, 'model_confidence': 0.9706072302404944, 'model_id': 61, 'model_birth_timestamp': 12311.749401, 'theta': 2.2809662096275827, 'phi': -1.8121215467925413, 'norm_pos': [0.24007618950005707, 0.2000686307029298], 'topic': 'pupil.1', 'id': 1, 'method': '3d c++'}"
1580974702.904043,"{'circle_3d': {'center': [-7.110696400898629, 6.15838639760614, 52.946700251886874], 'normal': [-0.18143096792946667, 0.6509547472697296, -0.7371164907144454], 'radius': 1.6367338943600118}, 'confidence': 0.9996844025486371, 'timestamp': 12649.282354, 'diameter_3d': 3.2734677887200236, 'ellipse': {'center': [76.77745008607238, 191.86109531222414], 'axes': [24.339951617491074, 38.48135322210101], 'angle': -70.40574082432194}, 'location': [76.77745008607238, 191.86109531222414], 'diameter': 38.48135322210101, 'sphere': {'center': [-4.933524785745028, -1.6530705696306138, 61.79209814046022], 'radius': 12.0}, 'projected_sphere': {'center': [110.49876182859234, 103.41367611694845], 'axes': [240.80748910930532, 240.80748910930532], 'angle': 90.0}, 'model_confidence': 0.9707244828948913, 'model_id': 61, 'model_birth_timestamp': 12311.749401, 'theta': 2.2796377947909297, 'phi': -1.812135071759967, 'norm_pos': [0.23992953151897617, 0.2005787695323994], 'topic': 'pupil.1', 'id': 1, 'method': '3d c++'}"
1580974702.9105978,"{'circle_3d': {'center': [-7.123597876495995, 6.187274821947058, 52.9754908565933], 'normal': [-0.1825060908959139, 0.653362115964806, -0.7347172736555768], 'radius': 1.6764992150702542}, 'confidence': 0.9992336392069116, 'timestamp': 12649.290754, 'diameter_3d': 3.3529984301405085, 'ellipse': {'center': [76.67364951046378, 192.148106840254], 'axes': [24.79437438605459, 39.39534461885415], 'angle': -70.40594096030262}, 'location': [76.67364951046378, 192.148106840254], 'diameter': 39.39534461885415, 'sphere': {'center': [-4.933524785745028, -1.6530705696306138, 61.79209814046022], 'radius': 12.0}, 'projected_sphere': {'center': [110.49876182859234, 103.41367611694845], 'axes': [240.80748910930532, 240.80748910930532], 'angle': 90.0}, 'model_confidence': 0.9705760754832982, 'model_id': 61, 'model_birth_timestamp': 12311.749401, 'theta': 2.2828134007669045, 'phi': -1.8142715158896454, 'norm_pos': [0.2396051547201993, 0.19938288816560834], 'topic': 'pupil.1', 'id': 1, 'method': '3d c++'}"
1580974702.9186602,"{'circle_3d': {'center': [-7.111493427949222, 6.163174056140235, 52.951126896095516], 'normal': [-0.18149738685034952, 0.6513537188142374, -0.7367476036970585], 'radius': 1.6549203130071712}, 'confidence': 0.9997741721375061, 'timestamp': 12649.299154, 'diameter_3d': 3.3098406260143425, 'ellipse': {'center': [76.77597461825928, 191.90554159957617], 'axes': [24.59015025180744, 38.90588430658107], 'angle': -70.41434592731261}, 'location': [76.77597461825928, 191.90554159957617], 'diameter': 38.90588430658107, 'sphere': {'center': [-4.933524785745028, -1.6530705696306138, 61.79209814046022], 'radius': 12.0}, 'projected_sphere': {'center': [110.49876182859234, 103.41367611694845], 'axes': [240.80748910930532, 240.80748910930532], 'angle': 90.0}, 'model_confidence': 0.9705427672664246, 'model_id': 61, 'model_birth_timestamp': 12311.749401, 'theta': 2.2801634868154115, 'phi': -1.8123362634271603, 'norm_pos': [0.23992492068206026, 0.2003935766684326], 'topic': 'pupil.1', 'id': 1, 'method': '3d c++'}"
1580974702.926561,"{'circle_3d': {'center': [-7.118800524193585, 6.182658729325226, 52.970198328036986], 'normal': [-0.18210631153737974, 0.6529774415796533, -0.7351583177019364], 'radius': 1.6449689315624947}, 'confidence': 0.9991961835244084, 'timestamp': 12649.307554, 'diameter_3d': 3.2899378631249894, 'ellipse': {'center': [76.71975312450255, 192.11106377385858], 'axes': [24.353210023836425, 38.65794514344384], 'angle': -70.42353169907038}, 'location': [76.71975312450255, 192.11106377385858], 'diameter': 38.65794514344384, 'sphere': {'center': [-4.933524785745028, -1.6530705696306138, 61.79209814046022], 'radius': 12.0}, 'projected_sphere': {'center': [110.49876182859234, 103.41367611694845], 'axes': [240.80748910930532, 240.80748910930532], 'angle': 90.0}, 'model_confidence': 0.9703088919859715, 'model_id': 61, 'model_birth_timestamp': 12311.749401, 'theta': 2.2823053862904112, 'phi': -1.8136188507558157, 'norm_pos': [0.23974922851407046, 0.19953723427558923], 'topic': 'pupil.1', 'id': 1, 'method': '3d c++'}"
1580974702.9346051,"{'circle_3d': {'center': [-7.104099313974481, 6.175406517004891, 52.96013614317873], 'normal': [-0.18088121068578772, 0.6523730905529588, -0.7359968331067904], 'radius': 1.642985507702201}, 'confidence': 0.9999935434119078, 'timestamp': 12649.315954, 'diameter_3d': 3.285971015404402, 'ellipse': {'center': [76.87566104304024, 192.04025183246569], 'axes': [24.37420220115837, 38.618635176189095], 'angle': -70.49708016047659}, 'location': [76.87566104304024, 192.04025183246569], 'diameter': 38.618635176189095, 'sphere': {'center': [-4.933524785745028, -1.6530705696306138, 61.79209814046022], 'radius': 12.0}, 'projected_sphere': {'center': [110.49876182859234, 103.41367611694845], 'axes': [240.80748910930532, 240.80748910930532], 'angle': 90.0}, 'model_confidence': 0.9704164262703152, 'model_id': 61, 'model_birth_timestamp': 12311.749401, 'theta': 2.2815077081665383, 'phi': -1.8117838063032778, 'norm_pos': [0.24023644075950074, 0.19983228403139297], 'topic': 'pupil.1', 'id': 1, 'method': '3d c++'}"
1580974702.9421902,"{'circle_3d': {'center': [-7.106777898501476, 6.141029767910654, 52.93044079906896], 'normal': [-0.1811044260630373, 0.6495083614617724, -0.7384714451159379], 'radius': 1.6439450050537734}, 'confidence': 0.9999676649906555, 'timestamp': 12649.324353, 'diameter_3d': 3.287890010107547, 'ellipse': {'center': [76.7983495741438, 191.6774428010021], 'axes': [24.522422051225963, 38.66280810561611], 'angle': -70.38085891803117}, 'location': [76.7983495741438, 191.6774428010021], 'diameter': 38.66280810561611, 'sphere': {'center': [-4.933524785745028, -1.6530705696306138, 61.79209814046022], 'radius': 12.0}, 'projected_sphere': {'center': [110.49876182859234, 103.41367611694845], 'axes': [240.80748910930532, 240.80748910930532], 'angle': 90.0}, 'model_confidence': 0.970452968803992, 'model_id': 61, 'model_birth_timestamp': 12311.749401, 'theta': 2.277733993554732, 'phi': -1.8112921539964901, 'norm_pos': [0.23999484241919938, 0.201343988329158], 'topic': 'pupil.1', 'id': 1, 'method': '3d c++'}"
1580974702.950579,"{'circle_3d': {'center': [-7.09262557400627, 6.182524020054871, 52.96363614460719], 'normal': [-0.17992506568843677, 0.6529662158071237, -0.7357051663210857], 'radius': 1.6578765148594494}, 'confidence': 0.9999997753106771, 'timestamp': 12649.332753, 'diameter_3d': 3.315753029718899, 'ellipse': {'center': [77.01581199194452, 192.1141028105705], 'axes': [24.58306140040871, 38.9662487026952], 'angle': -70.59115110470161}, 'location': [77.01581199194452, 192.1141028105705], 'diameter': 38.9662487026952, 'sphere': {'center': [-4.933524785745028, -1.6530705696306138, 61.79209814046022], 'radius': 12.0}, 'projected_sphere': {'center': [110.49876182859234, 103.41367611694845], 'axes': [240.80748910930532, 240.80748910930532], 'angle': 90.0}, 'model_confidence': 0.9704794097298075, 'model_id': 61, 'model_birth_timestamp': 12311.749401, 'theta': 2.2822905644836826, 'phi': -1.810649768463614, 'norm_pos': [0.24067441247482663, 0.19952457162262294], 'topic': 'pupil.1', 'id': 1, 'method': '3d c++'}"
1580974702.9584792,"{'circle_3d': {'center': [-7.082647590812288, 6.16360776522653, 52.94445376593234], 'normal': [-0.17909356708893825, 0.6513898612380953, -0.7373036978773231], 'radius': 1.6405988274348031}, 'confidence': 0.9996784303735556, 'timestamp': 12649.341153, 'diameter_3d': 3.2811976548696062, 'ellipse': {'center': [77.10174445548904, 191.92382683351704], 'axes': [24.41676225807418, 38.57391101901645], 'angle': -70.60133788096913}, 'location': [77.10174445548904, 191.92382683351704], 'diameter': 38.57391101901645, 'sphere': {'center': [-4.933524785745028, -1.6530705696306138, 61.79209814046022], 'radius': 12.0}, 'projected_sphere': {'center': [110.49876182859234, 103.41367611694845], 'axes': [240.80748910930532, 240.80748910930532], 'angle': 90.0}, 'model_confidence': 0.9705321410715229, 'model_id': 61, 'model_birth_timestamp': 12311.749401, 'theta': 2.280211120434693, 'phi': -1.8090847551815308, 'norm_pos': [0.24094295142340325, 0.20031738819367895], 'topic': 'pupil.1', 'id': 1, 'method': '3d c++'}"
1580974702.97068,"{'circle_3d': {'center': [-7.0917332181027275, 6.201296936712115, 52.9801149676547], 'normal': [-0.1798507026964749, 0.6545306255285608, -0.7343319310671267], 'radius': 1.6427849044704748}, 'confidence': 0.9999047701399185, 'timestamp': 12649.349553, 'diameter_3d': 3.2855698089409495, 'ellipse': {'center': [77.05094638323875, 192.31622115689538], 'axes': [24.28472462137097, 38.599407611601755], 'angle': -70.65049644593313}, 'location': [77.05094638323875, 192.31622115689538], 'diameter': 38.599407611601755, 'sphere': {'center': [-4.933524785745028, -1.6530705696306138, 61.79209814046022], 'radius': 12.0}, 'projected_sphere': {'center': [110.49876182859234, 103.41367611694845], 'axes': [240.80748910930532, 240.80748910930532], 'angle': 90.0}, 'model_confidence': 0.9705131072218598, 'model_id': 61, 'model_birth_timestamp': 12311.749401, 'theta': 2.2843579437377057, 'phi': -1.8109857208801348, 'norm_pos': [0.2407842074476211, 0.19868241184626922], 'topic': 'pupil.1', 'id': 1, 'method': '3d c++'}"
1580974702.9789162,"{'circle_3d': {'center': [-7.095842713375621, 6.176852886682262, 52.959393014162345], 'normal': [-0.1801931606358827, 0.6524936213594064, -0.736058760524823], 'radius': 1.6389385484934786}, 'confidence': 0.9998223832117057, 'timestamp': 12649.357953, 'diameter_3d': 3.2778770969869573, 'ellipse': {'center': [76.9707003790472, 192.05937070715038], 'axes': [24.320148834129096, 38.52401227020163], 'angle': -70.55431171511687}, 'location': [76.9707003790472, 192.05937070715038], 'diameter': 38.52401227020163, 'sphere': {'center': [-4.933524785745028, -1.6530705696306138, 61.79209814046022], 'radius': 12.0}, 'projected_sphere': {'center': [110.49876182859234, 103.41367611694845], 'axes': [240.80748910930532, 240.80748910930532], 'angle': 90.0}, 'model_confidence': 0.9705151892354213, 'model_id': 61, 'model_birth_timestamp': 12311.749401, 'theta': 2.2816667520757945, 'phi': -1.8108825760054053, 'norm_pos': [0.2405334386845225, 0.19975262205354005], 'topic': 'pupil.1', 'id': 1, 'method': '3d c++'}"
1580974702.986604,"{'circle_3d': {'center': [-7.079589579657933, 6.183746918475853, 52.96154336975435], 'normal': [-0.17883873282607535, 0.6530681240088723, -0.7358795642254891], 'radius': 1.6362744398834517}, 'confidence': 0.999998522453448, 'timestamp': 12649.366353, 'diameter_3d': 3.2725488797669033, 'ellipse': {'center': [77.16365600987587, 192.1378560306473], 'axes': [24.276128420242785, 38.459815208170355], 'angle': -70.67855861941081}, 'location': [77.16365600987587, 192.1378560306473], 'diameter': 38.459815208170355, 'sphere': {'center': [-4.933524785745028, -1.6530705696306138, 61.79209814046022], 'radius': 12.0}, 'projected_sphere': {'center': [110.49876182859234, 103.41367611694845], 'axes': [240.80748910930532, 240.80748910930532], 'angle': 90.0}, 'model_confidence': 0.9705337804635561, 'model_id': 61, 'model_birth_timestamp': 12311.749401, 'theta': 2.2824251246342677, 'phi': -1.8092016424883066, 'norm_pos': [0.24113642503086208, 0.1994255998723029], 'topic': 'pupil.1', 'id': 1, 'method': '3d c++'}"
1580974702.994667,"{'circle_3d': {'center': [-7.064743646994312, 6.177618709248339, 52.952516047221565], 'normal': [-0.17760157177077365, 0.6525574399065794, -0.7366318411032214], 'radius': 1.6276806123323062}, 'confidence': 0.9282598544475907, 'timestamp': 12649.374753, 'diameter_3d': 3.2553612246646124, 'ellipse': {'center': [77.32263037290853, 192.08084042513704], 'axes': [24.193853243810064, 38.264242836481806], 'angle': -70.75677227448197}, 'location': [77.32263037290853, 192.08084042513704], 'diameter': 38.264242836481806, 'sphere': {'center': [-4.933524785745028, -1.6530705696306138, 61.79209814046022], 'radius': 12.0}, 'projected_sphere': {'center': [110.49876182859234, 103.41367611694845], 'axes': [240.80748910930532, 240.80748910930532], 'angle': 90.0}, 'model_confidence': 0.9705583693696895, 'model_id': 61, 'model_birth_timestamp': 12311.749401, 'theta': 2.281750971326767, 'phi': -1.807380669917114, 'norm_pos': [0.24163321991533918, 0.19966316489526237], 'topic': 'pupil.1', 'id': 1, 'method': '3d c++'}"
1580974703.002475,"{'circle_3d': {'center': [-7.084999274357922, 6.182209741431118, 52.961495671096294], 'normal': [-0.17928954071774114, 0.652940025921811, -0.7358835391136606], 'radius': 1.634265455318474}, 'confidence': 0.9996929415050257, 'timestamp': 12649.383153, 'diameter_3d': 3.268530910636948, 'ellipse': {'center': [77.10031912286114, 192.120592295666], 'axes': [24.24476483422545, 38.412605869302055], 'angle': -70.63937735244062}, 'location': [77.10031912286114, 192.120592295666], 'diameter': 38.412605869302055, 'sphere': {'center': [-4.933524785745028, -1.6530705696306138, 61.79209814046022], 'radius': 12.0}, 'projected_sphere': {'center': [110.49876182859234, 103.41367611694845], 'axes': [240.80748910930532, 240.80748910930532], 'angle': 90.0}, 'model_confidence': 0.970621189368237, 'model_id': 61, 'model_birth_timestamp': 12311.749401, 'theta': 2.2822559857363185, 'phi': -1.809778765467174, 'norm_pos': [0.24093849725894106, 0.19949753210139165], 'topic': 'pupil.1', 'id': 1, 'method': '3d c++'}"
1580974703.0105002,"{'circle_3d': {'center': [-7.056824040968576, 6.189196071741101, 52.96087771526442], 'normal': [-0.1769416046019623, 0.6535222201143096, -0.7359350354329836], 'radius': 1.6655768147781673}, 'confidence': 0.988033959759175, 'timestamp': 12649.391553, 'diameter_3d': 3.3311536295563346, 'ellipse': {'center': [77.42990778971912, 192.1932064747954], 'axes': [24.72180288279368, 39.14936734549236], 'angle': -70.84054071912954}, 'location': [77.42990778971912, 192.1932064747954], 'diameter': 39.14936734549236, 'sphere': {'center': [-4.933524785745028, -1.6530705696306138, 61.79209814046022], 'radius': 12.0}, 'projected_sphere': {'center': [110.49876182859234, 103.41367611694845], 'axes': [240.80748910930532, 240.80748910930532], 'angle': 90.0}, 'model_confidence': 0.9704871248253033, 'model_id': 61, 'model_birth_timestamp': 12311.749401, 'theta': 2.283024905566375, 'phi': -1.8067488045155327, 'norm_pos': [0.24196846184287227, 0.19919497302168587], 'topic': 'pupil.1', 'id': 1, 'method': '3d c++'}"
1580974703.0187368,"{'circle_3d': {'center': [-6.8755917704677945, 6.17708696718063, 52.90857357103577], 'normal': [-0.16183891539356382, 0.6525131280676036, -0.7402937141187044], 'radius': 1.6973715085131933}, 'confidence': 0.9976301041262021, 'timestamp': 12649.399953, 'diameter_3d': 3.3947430170263866, 'ellipse': {'center': [79.46855305581173, 192.11043377909357], 'axes': [25.500300104419296, 39.93638838607102], 'angle': -71.9849961197032}, 'location': [79.46855305581173, 192.11043377909357], 'diameter': 39.93638838607102, 'sphere': {'center': [-4.933524785745028, -1.6530705696306138, 61.79209814046022], 'radius': 12.0}, 'projected_sphere': {'center': [110.49876182859234, 103.41367611694845], 'axes': [240.80748910930532, 240.80748910930532], 'angle': 90.0}, 'model_confidence': 0.9697804728870829, 'model_id': 61, 'model_birth_timestamp': 12311.749401, 'theta': 2.2816924937929595, 'phi': -1.7860246786910008, 'norm_pos': [0.24833922829941163, 0.19953985925377682], 'topic': 'pupil.1', 'id': 1, 'method': '3d c++'}"
1580974703.0267031,"{'circle_3d': {'center': [-6.6647613263970795, 6.167332563348529, 52.856544722903976], 'normal': [-0.14426971172100425, 0.6517002610815953, -0.7446294514630205], 'radius': 1.7857576091317642}, 'confidence': 0.8403441871631183, 'timestamp': 12649.408353, 'diameter_3d': 3.5715152182635284, 'ellipse': {'center': [81.85955373552811, 192.03517387201475], 'axes': [27.16135632235193, 42.058097636973486], 'angle': -73.35430550235631}, 'location': [81.85955373552811, 192.03517387201475], 'diameter': 42.058097636973486, 'sphere': {'center': [-4.933524785745028, -1.6530705696306138, 61.79209814046022], 'radius': 12.0}, 'projected_sphere': {'center': [110.49876182859234, 103.41367611694845], 'axes': [240.80748910930532, 240.80748910930532], 'angle': 90.0}, 'model_confidence': 0.9695755938498807, 'model_id': 61, 'model_birth_timestamp': 12311.749401, 'theta': 2.2806202896746286, 'phi': -1.7621722068850454, 'norm_pos': [0.25581110542352536, 0.1998534421999385], 'topic': 'pupil.1', 'id': 1, 'method': '3d c++'}"
1580974703.0350752,"{'circle_3d': {'center': [-6.307063128767052, 6.259373800907305, 52.875449863030454], 'normal': [-0.11446152858516864, 0.6593703642114931, -0.7430540231191468], 'radius': 1.6646331298609411}, 'confidence': 0.4583533606690775, 'timestamp': 12649.416753, 'diameter_3d': 3.3292662597218823, 'ellipse': {'center': [86.06491240152832, 193.1267312298304], 'axes': [25.34572123983028, 39.1893337583313], 'angle': -75.9894659763991}, 'location': [86.06491240152832, 193.1267312298304], 'diameter': 39.1893337583313, 'sphere': {'center': [-4.933524785745028, -1.6530705696306138, 61.79209814046022], 'radius': 12.0}, 'projected_sphere': {'center': [110.49876182859234, 103.41367611694845], 'axes': [240.80748910930532, 240.80748910930532], 'angle': 90.0}, 'model_confidence': 0.9695755938498807, 'model_id': 61, 'model_birth_timestamp': 12311.749401, 'theta': 2.290777295760657, 'phi': -1.7236369684695492, 'norm_pos': [0.26895285125477597, 0.19530528654237334], 'topic': 'pupil.1', 'id': 1, 'method': '3d c++'}"
1580974703.043761,"{'circle_3d': {'center': [-6.314701033909875, 6.3434648059800125, 52.951975168571586], 'normal': [-0.11509802068040391, 0.6663779479675522, -0.7366769143240527], 'radius': 1.6668885250256766}, 'confidence': 0.7248472125383203, 'timestamp': 12649.425153, 'diameter_3d': 3.3337770500513533, 'ellipse': {'center': [86.08151232574343, 194.0058032669731], 'axes': [25.02367618217725, 39.18584479628379], 'angle': -76.12791217692799}, 'location': [86.08151232574343, 194.0058032669731], 'diameter': 39.18584479628379, 'sphere': {'center': [-4.933524785745028, -1.6530705696306138, 61.79209814046022], 'radius': 12.0}, 'projected_sphere': {'center': [110.49876182859234, 103.41367611694845], 'axes': [240.80748910930532, 240.80748910930532], 'angle': 90.0}, 'model_confidence': 0.9695755938498807, 'model_id': 61, 'model_birth_timestamp': 12311.749401, 'theta': 2.300136693308676, 'phi': -1.7257828029399862, 'norm_pos': [0.2690047260179482, 0.19164248638761217], 'topic': 'pupil.1', 'id': 1, 'method': '3d c++'}"
1580974703.0545988,"{'circle_3d': {'center': [-6.3682761402669215, 6.192859360863803, 52.82644857802084], 'normal': [-0.11956261287682438, 0.6538274942078681, -0.747137463536615], 'radius': 1.7865542104361638}, 'confidence': 0.8944788149930423, 'timestamp': 12649.433553, 'diameter_3d': 3.5731084208723276, 'ellipse': {'center': [85.28403184865955, 192.3729373522791], 'axes': [27.426605504351958, 42.10019261182164], 'angle': -75.41848291661921}, 'location': [85.28403184865955, 192.3729373522791], 'diameter': 42.10019261182164, 'sphere': {'center': [-4.933524785745028, -1.6530705696306138, 61.79209814046022], 'radius': 12.0}, 'projected_sphere': {'center': [110.49876182859234, 103.41367611694845], 'axes': [240.80748910930532, 240.80748910930532], 'angle': 90.0}, 'model_confidence': 0.9693334182870994, 'model_id': 61, 'model_birth_timestamp': 12311.749401, 'theta': 2.2834282934851706, 'phi': -1.7294784969624615, 'norm_pos': [0.2665125995270611, 0.19844609436550376], 'topic': 'pupil.1', 'id': 1, 'method': '3d c++'}"
1580974703.063172,"{'circle_3d': {'center': [-6.239998495096956, 6.38576699342088, 52.979027331619264], 'normal': [-0.10887280911266065, 0.669903130254291, -0.7344225674034128], 'radius': 1.676404651772816}, 'confidence': 0.5658585649687013, 'timestamp': 12649.441953, 'diameter_3d': 3.352809303545632, 'ellipse': {'center': [86.99085920469659, 194.4599170939331], 'axes': [25.06534304855182, 39.389328779615774], 'angle': -76.72421117825125}, 'location': [86.99085920469659, 194.4599170939331], 'diameter': 39.389328779615774, 'sphere': {'center': [-4.933524785745028, -1.6530705696306138, 61.79209814046022], 'radius': 12.0}, 'projected_sphere': {'center': [110.49876182859234, 103.41367611694845], 'axes': [240.80748910930532, 240.80748910930532], 'angle': 90.0}, 'model_confidence': 0.9693334182870994, 'model_id': 61, 'model_birth_timestamp': 12311.749401, 'theta': 2.304874633215839, 'phi': -1.7179672351379813, 'norm_pos': [0.27184643501467687, 0.18975034544194547], 'topic': 'pupil.1', 'id': 1, 'method': '3d c++'}"
1580974703.071313,"{'circle_3d': {'center': [-6.2992410450301835, 6.2203645413681645, 52.839789016439994], 'normal': [-0.11380968827376294, 0.6561195925832315, -0.746025760335019], 'radius': 1.6515531012132993}, 'confidence': 0.9481534750531362, 'timestamp': 12649.450353, 'diameter_3d': 3.3031062024265987, 'ellipse': {'center': [86.1067532759233, 192.72218475475893], 'axes': [25.31292085009851, 38.90744435599717], 'angle': -75.95383580393622}, 'location': [86.1067532759233, 192.72218475475893], 'diameter': 38.90744435599717, 'sphere': {'center': [-4.933524785745028, -1.6530705696306138, 61.79209814046022], 'radius': 12.0}, 'projected_sphere': {'center': [110.49876182859234, 103.41367611694845], 'axes': [240.80748910930532, 240.80748910930532], 'angle': 90.0}, 'model_confidence': 0.9692114605568736, 'model_id': 61, 'model_birth_timestamp': 12311.749401, 'theta': 2.286461570459096, 'phi': -1.7221837547085213, 'norm_pos': [0.2690836039872603, 0.19699089685517113], 'topic': 'pupil.1', 'id': 1, 'method': '3d c++'}"
1580974703.07912,"{'circle_3d': {'center': [-6.269318563160283, 6.233287769896876, 52.846651973567035], 'normal': [-0.1113161481179379, 0.6571965282939575, -0.7454538472410984], 'radius': 1.6553690277170208}, 'confidence': 0.9174172722231043, 'timestamp': 12649.458753, 'diameter_3d': 3.3107380554340415, 'ellipse': {'center': [86.46641359205817, 192.8630277487909], 'axes': [25.34937344928786, 38.99223543648258], 'angle': -76.1876170488555}, 'location': [86.46641359205817, 192.8630277487909], 'diameter': 38.99223543648258, 'sphere': {'center': [-4.933524785745028, -1.6530705696306138, 61.79209814046022], 'radius': 12.0}, 'projected_sphere': {'center': [110.49876182859234, 103.41367611694845], 'axes': [240.80748910930532, 240.80748910930532], 'angle': 90.0}, 'model_confidence': 0.969250650452369, 'model_id': 61, 'model_birth_timestamp': 12311.749401, 'theta': 2.287889510697835, 'phi': -1.719027705802889, 'norm_pos': [0.2702075424751818, 0.19640405104670455], 'topic': 'pupil.1', 'id': 1, 'method': '3d c++'}"
1580974703.086643,"{'circle_3d': {'center': [-6.27094927141631, 6.232051349834984, 52.84580572067591], 'normal': [-0.1114520404726068, 0.6570934932887998, -0.7455243683153585], 'radius': 1.6070169137684955}, 'confidence': 0.973865354184392, 'timestamp': 12649.467153, 'diameter_3d': 3.214033827536991, 'ellipse': {'center': [86.44510482823173, 192.86502378107087], 'axes': [24.611606727130674, 37.85342986447199], 'angle': -76.17385997531022}, 'location': [86.44510482823173, 192.86502378107087], 'diameter': 37.85342986447199, 'sphere': {'center': [-4.933524785745028, -1.6530705696306138, 61.79209814046022], 'radius': 12.0}, 'projected_sphere': {'center': [110.49876182859234, 103.41367611694845], 'axes': [240.80748910930532, 240.80748910930532], 'angle': 90.0}, 'model_confidence': 0.9692590526957257, 'model_id': 61, 'model_birth_timestamp': 12311.749401, 'theta': 2.287752816744287, 'phi': -1.7191921863616357, 'norm_pos': [0.2701409525882242, 0.19639573424553802], 'topic': 'pupil.1', 'id': 1, 'method': '3d c++'}"
1580974703.094742,"{'circle_3d': {'center': [-6.255663508641266, 6.207250071726019, 52.821740922797076], 'normal': [-0.11017822690801986, 0.6550267201130527, -0.7475297681385948], 'radius': 1.6082252550155172}, 'confidence': 0.9992845167570481, 'timestamp': 12649.475553, 'diameter_3d': 3.2164505100310343, 'ellipse': {'center': [86.59089149992941, 192.60644311651805], 'axes': [24.74285343131347, 37.89909758540789], 'angle': -76.22250427497359}, 'location': [86.59089149992941, 192.60644311651805], 'diameter': 37.89909758540789, 'sphere': {'center': [-4.933524785745028, -1.6530705696306138, 61.79209814046022], 'radius': 12.0}, 'projected_sphere': {'center': [110.49876182859234, 103.41367611694845], 'axes': [240.80748910930532, 240.80748910930532], 'angle': 90.0}, 'model_confidence': 0.9692323647782941, 'model_id': 61, 'model_birth_timestamp': 12311.749401, 'theta': 2.285014309237115, 'phi': -1.7171324919742352, 'norm_pos': [0.2705965359372794, 0.1974731536811748], 'topic': 'pupil.1', 'id': 1, 'method': '3d c++'}"
1580974703.1027389,"{'circle_3d': {'center': [-6.2421489303515045, 6.22523042663806, 52.835543207879], 'normal': [-0.1090520120505397, 0.6565250830223895, -0.7463795777151017], 'radius': 1.5804979834046622}, 'confidence': 0.8442366381256641, 'timestamp': 12649.483953, 'diameter_3d': 3.1609959668093244, 'ellipse': {'center': [86.76747983552069, 192.80712189223487], 'axes': [24.259178100256825, 37.235660328017275], 'angle': -76.35572168002233}, 'location': [86.76747983552069, 192.80712189223487], 'diameter': 37.235660328017275, 'sphere': {'center': [-4.933524785745028, -1.6530705696306138, 61.79209814046022], 'radius': 12.0}, 'projected_sphere': {'center': [110.49876182859234, 103.41367611694845], 'axes': [240.80748910930532, 240.80748910930532], 'angle': 90.0}, 'model_confidence': 0.9693148046765465, 'model_id': 61, 'model_birth_timestamp': 12311.749401, 'theta': 2.2869990136358225, 'phi': -1.7158777412978972, 'norm_pos': [0.27114837448600215, 0.19663699211568797], 'topic': 'pupil.1', 'id': 1, 'method': '3d c++'}"
1580974703.110854,"{'circle_3d': {'center': [-6.259659491564936, 6.23264973648913, 52.84465258344951], 'normal': [-0.11051122548499234, 0.657143358843312, -0.7456204630842257], 'radius': 1.5908254808929454}, 'confidence': 0.9967932410112363, 'timestamp': 12649.492352, 'diameter_3d': 3.181650961785891, 'ellipse': {'center': [86.57528194283034, 192.87859986572403], 'axes': [24.372021958941254, 37.47266711413852], 'angle': -76.25245730017721}, 'location': [86.57528194283034, 192.87859986572403], 'diameter': 37.47266711413852, 'sphere': {'center': [-4.933524785745028, -1.6530705696306138, 61.79209814046022], 'radius': 12.0}, 'projected_sphere': {'center': [110.49876182859234, 103.41367611694845], 'axes': [240.80748910930532, 240.80748910930532], 'angle': 90.0}, 'model_confidence': 0.9692544333013031, 'model_id': 61, 'model_birth_timestamp': 12311.749401, 'theta': 2.287818970088885, 'phi': -1.7179389015264788, 'norm_pos': [0.27054775607134485, 0.19633916722614986], 'topic': 'pupil.1', 'id': 1, 'method': '3d c++'}"
1580974703.119043,"{'circle_3d': {'center': [-6.212519280096979, 6.238184078934827, 52.842669490824996], 'normal': [-0.10658287452932923, 0.6576045540471201, -0.7457857208029351], 'radius': 1.6162276907881792}, 'confidence': 0.99984843050333, 'timestamp': 12649.500752, 'diameter_3d': 3.2324553815763584, 'ellipse': {'center': [87.12471611106724, 192.93808638493692], 'axes': [24.785173588401367, 38.07256147460414], 'angle': -76.58755492550131}, 'location': [87.12471611106724, 192.93808638493692], 'diameter': 38.07256147460414, 'sphere': {'center': [-4.933524785745028, -1.6530705696306138, 61.79209814046022], 'radius': 12.0}, 'projected_sphere': {'center': [110.49876182859234, 103.41367611694845], 'axes': [240.80748910930532, 240.80748910930532], 'angle': 90.0}, 'model_confidence': 0.9692379477897473, 'model_id': 61, 'model_birth_timestamp': 12311.749401, 'theta': 2.2884309883261973, 'phi': -1.7127486463360782, 'norm_pos': [0.27226473784708516, 0.19609130672942954], 'topic': 'pupil.1', 'id': 1, 'method': '3d c++'}"
1580974703.1266592,"{'circle_3d': {'center': [-6.243805161274316, 6.2182748332593505, 52.82967174545391], 'normal': [-0.1091900312941073, 0.6559454502408304, -0.746868866250526], 'radius': 1.5983816925956962}, 'confidence': 0.999319346971399, 'timestamp': 12649.509152, 'diameter_3d': 3.1967633851913924, 'ellipse': {'center': [86.74039939077672, 192.7280080945506], 'axes': [24.55956956976122, 37.66134807120498], 'angle': -76.32870439862113}, 'location': [86.74039939077672, 192.7280080945506], 'diameter': 37.66134807120498, 'sphere': {'center': [-4.933524785745028, -1.6530705696306138, 61.79209814046022], 'radius': 12.0}, 'projected_sphere': {'center': [110.49876182859234, 103.41367611694845], 'axes': [240.80748910930532, 240.80748910930532], 'angle': 90.0}, 'model_confidence': 0.9690268455259887, 'model_id': 61, 'model_birth_timestamp': 12311.749401, 'theta': 2.286230836635533, 'phi': -1.715964957252741, 'norm_pos': [0.2710637480961772, 0.19696663293937244], 'topic': 'pupil.1', 'id': 1, 'method': '3d c++'}"
1580974703.138432,"{'circle_3d': {'center': [-6.254338576728774, 6.217177147940273, 52.830253922130076], 'normal': [-0.11006781591531208, 0.6558539764642406, -0.7468203515275118], 'radius': 1.6073362391075197}, 'confidence': 0.8231231413176094, 'timestamp': 12649.517552, 'diameter_3d': 3.2146724782150393, 'ellipse': {'center': [86.61809455440519, 192.71158969556595], 'axes': [24.691383453832167, 37.872038274920506], 'angle': -76.25398557319723}, 'location': [86.61809455440519, 192.71158969556595], 'diameter': 37.872038274920506, 'sphere': {'center': [-4.933524785745028, -1.6530705696306138, 61.79209814046022], 'radius': 12.0}, 'projected_sphere': {'center': [110.49876182859234, 103.41367611694845], 'axes': [240.80748910930532, 240.80748910930532], 'angle': 90.0}, 'model_confidence': 0.9689253655548069, 'model_id': 61, 'model_birth_timestamp': 12311.749401, 'theta': 2.2861096549251463, 'phi': -1.7171248249713655, 'norm_pos': [0.2706815454825162, 0.19703504293514185], 'topic': 'pupil.1', 'id': 1, 'method': '3d c++'}"
1580974703.147169,"{'circle_3d': {'center': [-6.219766769064409, 6.224736413227429, 52.831867189129795], 'normal': [-0.10718683194328177, 0.6564839152381703, -0.7466859126108684], 'radius': 1.5982789957124655}, 'confidence': 0.9998899838679313, 'timestamp': 12649.525952, 'diameter_3d': 3.196557991424931, 'ellipse': {'center': [87.02477640101603, 192.8007445771014], 'axes': [24.555626965338263, 37.65729145386291], 'angle': -76.50807431947291}, 'location': [87.02477640101603, 192.8007445771014], 'diameter': 37.65729145386291, 'sphere': {'center': [-4.933524785745028, -1.6530705696306138, 61.79209814046022], 'radius': 12.0}, 'projected_sphere': {'center': [110.49876182859234, 103.41367611694845], 'axes': [240.80748910930532, 240.80748910930532], 'angle': 90.0}, 'model_confidence': 0.9690513925308175, 'model_id': 61, 'model_birth_timestamp': 12311.749401, 'theta': 2.286944437767239, 'phi': -1.7133724062273714, 'norm_pos': [0.27195242625317506, 0.19666356426207754], 'topic': 'pupil.1', 'id': 1, 'method': '3d c++'}"
1580974703.154836,"{'circle_3d': {'center': [-6.238839722385669, 6.233719007575706, 52.84253373312437], 'normal': [-0.1087762447200534, 0.6572324647671933, -0.7457970339446539], 'radius': 1.6188237448635623}, 'confidence': 0.9858367341659307, 'timestamp': 12649.534352, 'diameter_3d': 3.2376474897271246, 'ellipse': {'center': [86.81658819621593, 192.88520134467052], 'axes': [24.817397766792194, 38.133920533735], 'angle': -76.39724336833052}, 'location': [86.81658819621593, 192.88520134467052], 'diameter': 38.133920533735, 'sphere': {'center': [-4.933524785745028, -1.6530705696306138, 61.79209814046022], 'radius': 12.0}, 'projected_sphere': {'center': [110.49876182859234, 103.41367611694845], 'axes': [240.80748910930532, 240.80748910930532], 'angle': 90.0}, 'model_confidence': 0.9688012703703341, 'model_id': 61, 'model_birth_timestamp': 12311.749401, 'theta': 2.287937190546516, 'phi': -1.7156274386742938, 'norm_pos': [0.27130183811317476, 0.19631166106387288], 'topic': 'pupil.1', 'id': 1, 'method': '3d c++'}"
1580974703.1626382,"{'circle_3d': {'center': [-6.237911189789749, 6.210312928400333, 52.82182634570183], 'normal': [-0.10869886700372666, 0.6552819581692456, -0.7475226495631991], 'radius': 1.6092998848645288}, 'confidence': 0.9995513631385534, 'timestamp': 12649.542752, 'diameter_3d': 3.2185997697290576, 'ellipse': {'center': [86.79885003651228, 192.64184819037973], 'axes': [24.764545125602965, 37.92431861916076], 'angle': -76.35124629103629}, 'location': [86.79885003651228, 192.64184819037973], 'diameter': 37.92431861916076, 'sphere': {'center': [-4.933524785745028, -1.6530705696306138, 61.79209814046022], 'radius': 12.0}, 'projected_sphere': {'center': [110.49876182859234, 103.41367611694845], 'axes': [240.80748910930532, 240.80748910930532], 'angle': 90.0}, 'model_confidence': 0.9687155718445473, 'model_id': 61, 'model_birth_timestamp': 12311.749401, 'theta': 2.2853521513651023, 'phi': -1.7151963765194083, 'norm_pos': [0.27124640636410086, 0.1973256325400844], 'topic': 'pupil.1', 'id': 1, 'method': '3d c++'}"
1580974703.1707158,"{'circle_3d': {'center': [-6.257052758499454, 6.2378949019280086, 52.84889191271358], 'normal': [-0.11029399772953546, 0.6575804559632186, -0.7452671856455528], 'radius': 1.6108935523609527}, 'confidence': 0.843369409888411, 'timestamp': 12649.551152, 'diameter_3d': 3.2217871047219053, 'ellipse': {'center': [86.6120401997903, 192.92806564749884], 'axes': [24.661499012960828, 37.942528748849114], 'angle': -76.28200272740843}, 'location': [86.6120401997903, 192.92806564749884], 'diameter': 37.942528748849114, 'sphere': {'center': [-4.933524785745028, -1.6530705696306138, 61.79209814046022], 'radius': 12.0}, 'projected_sphere': {'center': [110.49876182859234, 103.41367611694845], 'axes': [240.80748910930532, 240.80748910930532], 'angle': 90.0}, 'model_confidence': 0.968644251120887, 'model_id': 61, 'model_birth_timestamp': 12311.749401, 'theta': 2.2883990014378957, 'phi': -1.717722430834662, 'norm_pos': [0.2706626256243447, 0.19613305980208817], 'topic': 'pupil.1', 'id': 1, 'method': '3d c++'}"
1580974703.178794,"{'circle_3d': {'center': [-6.246756752103314, 6.215148318207843, 52.82735869440843], 'normal': [-0.10943599719652382, 0.6556849073198714, -0.7470616205043157], 'radius': 1.5747146089519781}, 'confidence': 0.9993854411621569, 'timestamp': 12649.559552, 'diameter_3d': 3.1494292179039562, 'ellipse': {'center': [86.70217925148951, 192.70180464529244], 'axes': [24.204898584323576, 37.10510797565328], 'angle': -76.30152403600007}, 'location': [86.70217925148951, 192.70180464529244], 'diameter': 37.10510797565328, 'sphere': {'center': [-4.933524785745028, -1.6530705696306138, 61.79209814046022], 'radius': 12.0}, 'projected_sphere': {'center': [110.49876182859234, 103.41367611694845], 'axes': [240.80748910930532, 240.80748910930532], 'angle': 90.0}, 'model_confidence': 0.968464478132347, 'model_id': 61, 'model_birth_timestamp': 12311.749401, 'theta': 2.285885710778442, 'phi': -1.7162503680349275, 'norm_pos': [0.2709443101609047, 0.19707581397794816], 'topic': 'pupil.1', 'id': 1, 'method': '3d c++'}"
1580974703.186572,"{'circle_3d': {'center': [-6.24405235135045, 6.226321990103756, 52.836781820564475], 'normal': [-0.10921063046711849, 0.6566160466445308, -0.7462763599913118], 'radius': 1.595822737318635}, 'confidence': 0.9564572469716146, 'timestamp': 12649.567952, 'diameter_3d': 3.19164547463727, 'ellipse': {'center': [86.74721741736431, 192.81350729824155], 'axes': [24.488485770439052, 37.59597544697163], 'angle': -76.34506817941507}, 'location': [86.74721741736431, 192.81350729824155], 'diameter': 37.59597544697163, 'sphere': {'center': [-4.933524785745028, -1.6530705696306138, 61.79209814046022], 'radius': 12.0}, 'projected_sphere': {'center': [110.49876182859234, 103.41367611694845], 'axes': [240.80748910930532, 240.80748910930532], 'angle': 90.0}, 'model_confidence': 0.9684393719129769, 'model_id': 61, 'model_birth_timestamp': 12311.749401, 'theta': 2.287119612722397, 'phi': -1.716105623544397, 'norm_pos': [0.27108505442926345, 0.19661038625732685], 'topic': 'pupil.1', 'id': 1, 'method': '3d c++'}"
1580974703.195067,"{'circle_3d': {'center': [-6.217982045765997, 6.241688491436257, 52.84654343910816], 'normal': [-0.10703810500174742, 0.6578965884222392, -0.7454628917793386], 'radius': 1.627199679817087}, 'confidence': 0.9999198056229679, 'timestamp': 12649.576352, 'diameter_3d': 3.254399359634174, 'ellipse': {'center': [87.06630474919007, 192.97045392521431], 'axes': [24.934278832944216, 38.32834294960724], 'angle': -76.5578241972792}, 'location': [87.06630474919007, 192.97045392521431], 'diameter': 38.32834294960724, 'sphere': {'center': [-4.933524785745028, -1.6530705696306138, 61.79209814046022], 'radius': 12.0}, 'projected_sphere': {'center': [110.49876182859234, 103.41367611694845], 'axes': [240.80748910930532, 240.80748910930532], 'angle': 90.0}, 'model_confidence': 0.9684452311342961, 'model_id': 61, 'model_birth_timestamp': 12311.749401, 'theta': 2.2888186947749714, 'phi': -1.7134076806971945, 'norm_pos': [0.27208220234121894, 0.19595644197827367], 'topic': 'pupil.1', 'id': 1, 'method': '3d c++'}"
1580974703.2024589,"{'circle_3d': {'center': [-6.206343470928795, 6.255447414819459, 52.85703933347541], 'normal': [-0.1060682237653139, 0.6590431653708394, -0.7445882339154009], 'radius': 1.631114053762625}, 'confidence': 0.9995449640260806, 'timestamp': 12649.584752, 'diameter_3d': 3.26222810752525, 'ellipse': {'center': [87.21687132644624, 193.11615194710038], 'axes': [24.9502638450216, 38.412927312960825], 'angle': -76.66790264963298}, 'location': [87.21687132644624, 193.11615194710038], 'diameter': 38.412927312960825, 'sphere': {'center': [-4.933524785745028, -1.6530705696306138, 61.79209814046022], 'radius': 12.0}, 'projected_sphere': {'center': [110.49876182859234, 103.41367611694845], 'axes': [240.80748910930532, 240.80748910930532], 'angle': 90.0}, 'model_confidence': 0.9683109027707304, 'model_id': 61, 'model_birth_timestamp': 12311.749401, 'theta': 2.2903421687631664, 'phi': -1.7122965040610956, 'norm_pos': [0.2725527228951445, 0.1953493668870817], 'topic': 'pupil.1', 'id': 1, 'method': '3d c++'}"
1580974703.210721,"{'circle_3d': {'center': [-6.247691028887344, 6.21809422038311, 52.830082076324125], 'normal': [-0.10951385359519297, 0.6559303991678103, -0.7468346720113413], 'radius': 1.6094192845232635}, 'confidence': 0.9999872571582126, 'timestamp': 12649.593152, 'diameter_3d': 3.218838569046527, 'ellipse': {'center': [86.69571040004232, 192.72190059284333], 'axes': [24.726250350196697, 37.92124288840116], 'angle': -76.30161159136107}, 'location': [86.69571040004232, 192.72190059284333], 'diameter': 37.92124288840116, 'sphere': {'center': [-4.933524785745028, -1.6530705696306138, 61.79209814046022], 'radius': 12.0}, 'projected_sphere': {'center': [110.49876182859234, 103.41367611694845], 'axes': [240.80748910930532, 240.80748910930532], 'angle': 90.0}, 'model_confidence': 0.9683763774030241, 'model_id': 61, 'model_birth_timestamp': 12311.749401, 'theta': 2.286210896549206, 'phi': -1.716396003217849, 'norm_pos': [0.27092409500013226, 0.19699208086315279], 'topic': 'pupil.1', 'id': 1, 'method': '3d c++'}"
1580974703.222972,"{'circle_3d': {'center': [-6.236915542446949, 6.233655853147136, 52.84219764561654], 'normal': [-0.10861589639182671, 0.6572272018981459, -0.7458250412369738], 'radius': 1.6101189337511985}, 'confidence': 0.9719491653514165, 'timestamp': 12649.601552, 'diameter_3d': 3.220237867502397, 'ellipse': {'center': [86.83846472568061, 192.8876456174155], 'axes': [24.68594671195574, 37.92901442053206], 'angle': -76.41031336590427}, 'location': [86.83846472568061, 192.8876456174155], 'diameter': 37.92901442053206, 'sphere': {'center': [-4.933524785745028, -1.6530705696306138, 61.79209814046022], 'radius': 12.0}, 'projected_sphere': {'center': [110.49876182859234, 103.41367611694845], 'axes': [240.80748910930532, 240.80748910930532], 'angle': 90.0}, 'model_confidence': 0.9682399769741057, 'model_id': 61, 'model_birth_timestamp': 12311.749401, 'theta': 2.287930207745207, 'phi': -1.7154115526358558, 'norm_pos': [0.2713702022677519, 0.19630147659410213], 'topic': 'pupil.1', 'id': 1, 'method': '3d c++'}"
1580974703.2307289,"{'circle_3d': {'center': [-6.1962599048643785, 6.2282067001023, 52.83157535344974], 'normal': [-0.10522792659327922, 0.6567731058110762, -0.7467102322508729], 'radius': 1.6121697623779552}, 'confidence': 0.9073521530192455, 'timestamp': 12649.609952, 'diameter_3d': 3.2243395247559103, 'ellipse': {'center': [87.29978570451077, 192.8374082060953], 'axes': [24.777850510116853, 37.984845326183354], 'angle': -76.67716583757672}, 'location': [87.29978570451077, 192.8374082060953], 'diameter': 37.984845326183354, 'sphere': {'center': [-4.933524785745028, -1.6530705696306138, 61.79209814046022], 'radius': 12.0}, 'projected_sphere': {'center': [110.49876182859234, 103.41367611694845], 'axes': [240.80748910930532, 240.80748910930532], 'angle': 90.0}, 'model_confidence': 0.9681435836319641, 'model_id': 61, 'model_birth_timestamp': 12311.749401, 'theta': 2.2873278707416347, 'phi': -1.7107964655265986, 'norm_pos': [0.27281183032659617, 0.19651079914126968], 'topic': 'pupil.1', 'id': 1, 'method': '3d c++'}"
1580974703.2385962,"{'circle_3d': {'center': [-6.241006928319317, 6.244071004574856, 52.85198374500616], 'normal': [-0.10895684521452408, 0.6580951311837892, -0.7450095329545049], 'radius': 1.6125775474157937}, 'confidence': 0.8660670463293751, 'timestamp': 12649.618352, 'diameter_3d': 3.2251550948315875, 'ellipse': {'center': [86.8040615692877, 192.99566829540953], 'axes': [24.67840755059974, 37.97994230417447], 'angle': -76.40554863408019}, 'location': [86.8040615692877, 192.99566829540953], 'diameter': 37.97994230417447, 'sphere': {'center': [-4.933524785745028, -1.6530705696306138, 61.79209814046022], 'radius': 12.0}, 'projected_sphere': {'center': [110.49876182859234, 103.41367611694845], 'axes': [240.80748910930532, 240.80748910930532], 'angle': 90.0}, 'model_confidence': 0.9680276442849078, 'model_id': 61, 'model_birth_timestamp': 12311.749401, 'theta': 2.2890823562392977, 'phi': -1.7160157405533896, 'norm_pos': [0.27126269240402406, 0.19585138210246034], 'topic': 'pupil.1', 'id': 1, 'method': '3d c++'}"
1580974703.247388,"{'circle_3d': {'center': [-6.236618820355732, 6.238929512630756, 52.84680437007187], 'normal': [-0.10859116955089196, 0.6576666735217809, -0.745441147532362], 'radius': 1.6253877531825751}, 'confidence': 0.9989344301914092, 'timestamp': 12649.626752, 'diameter_3d': 3.2507755063651502, 'ellipse': {'center': [86.84856554854925, 192.93839742241474], 'axes': [24.899456199102918, 38.285514402936805], 'angle': -76.42405686067822}, 'location': [86.84856554854925, 192.93839742241474], 'diameter': 38.285514402936805, 'sphere': {'center': [-4.933524785745028, -1.6530705696306138, 61.79209814046022], 'radius': 12.0}, 'projected_sphere': {'center': [110.49876182859234, 103.41367611694845], 'axes': [240.80748910930532, 240.80748910930532], 'angle': 90.0}, 'model_confidence': 0.9678820876461436, 'model_id': 61, 'model_birth_timestamp': 12311.749401, 'theta': 2.2885134474943634, 'phi': -1.7154525117071842, 'norm_pos': [0.2714017673392164, 0.1960900107399386], 'topic': 'pupil.1', 'id': 1, 'method': '3d c++'}"
1580974703.2546508,"{'circle_3d': {'center': [-6.232971021983426, 6.253033948931234, 52.85873646521714], 'normal': [-0.1082871863531998, 0.6588420432134874, -0.7444468062702564], 'radius': 1.6163983485512925}, 'confidence': 0.9985251665320601, 'timestamp': 12649.635152, 'diameter_3d': 3.232796697102585, 'ellipse': {'center': [86.90740597881263, 193.09029528184152], 'axes': [24.70902737115315, 38.06508657758073], 'angle': -76.48044121841717}, 'location': [86.90740597881263, 193.09029528184152], 'diameter': 38.06508657758073, 'sphere': {'center': [-4.933524785745028, -1.6530705696306138, 61.79209814046022], 'radius': 12.0}, 'projected_sphere': {'center': [110.49876182859234, 103.41367611694845], 'axes': [240.80748910930532, 240.80748910930532], 'angle': 90.0}, 'model_confidence': 0.9675581128000155, 'model_id': 61, 'model_birth_timestamp': 12311.749401, 'theta': 2.290074787785426, 'phi': -1.715243186075062, 'norm_pos': [0.27158564368378946, 0.195457102992327], 'topic': 'pupil.1', 'id': 1, 'method': '3d c++'}"
1580974703.262593,"{'circle_3d': {'center': [-6.242246873570941, 6.246560173980299, 52.85436461280155], 'normal': [-0.10906017398549271, 0.6583025619675761, -0.7448111273048891], 'radius': 1.582626207074953}, 'confidence': 0.9787522042446558, 'timestamp': 12649.643552, 'diameter_3d': 3.165252414149906, 'ellipse': {'center': [86.79221128510355, 193.0309112460253], 'axes': [24.20879555361603, 37.27255738735157], 'angle': -76.40273346834465}, 'location': [86.79221128510355, 193.0309112460253], 'diameter': 37.27255738735157, 'sphere': {'center': [-4.933524785745028, -1.6530705696306138, 61.79209814046022], 'radius': 12.0}, 'projected_sphere': {'center': [110.49876182859234, 103.41367611694845], 'axes': [240.80748910930532, 240.80748910930532], 'angle': 90.0}, 'model_confidence': 0.9674183083040688, 'model_id': 61, 'model_birth_timestamp': 12311.749401, 'theta': 2.2893578857662296, 'phi': -1.7161897050081079, 'norm_pos': [0.2712256602659486, 0.1957045364748945], 'topic': 'pupil.1', 'id': 1, 'method': '3d c++'}"
1580974703.2706828,"{'circle_3d': {'center': [-6.229441641524103, 6.239007566681439, 52.84583063980649], 'normal': [-0.10799307131492285, 0.6576731780260043, -0.7455222917211435], 'radius': 1.5965999032061324}, 'confidence': 0.9990974873280328, 'timestamp': 12649.651952, 'diameter_3d': 3.193199806412265, 'ellipse': {'center': [86.9306289665381, 192.94963495480843], 'axes': [24.46464203274883, 37.607814679890794], 'angle': -76.47348115501259}, 'location': [86.9306289665381, 192.94963495480843], 'diameter': 37.607814679890794, 'sphere': {'center': [-4.933524785745028, -1.6530705696306138, 61.79209814046022], 'radius': 12.0}, 'projected_sphere': {'center': [110.49876182859234, 103.41367611694845], 'axes': [240.80748910930532, 240.80748910930532], 'angle': 90.0}, 'model_confidence': 0.9672858696485931, 'model_id': 61, 'model_birth_timestamp': 12311.749401, 'theta': 2.2885220821027166, 'phi': -1.7146513091571376, 'norm_pos': [0.27165821552043157, 0.1960431876882982], 'topic': 'pupil.1', 'id': 1, 'method': '3d c++'}"
1580974703.278682,"{'circle_3d': {'center': [-6.267225666941622, 6.221967338189238, 52.83637260257689], 'normal': [-0.1111417400997161, 0.6562531589849877, -0.7463104614902779], 'radius': 1.6204380602787913}, 'confidence': 0.9811129166853099, 'timestamp': 12649.660352, 'diameter_3d': 3.2408761205575827, 'ellipse': {'center': [86.47597230866516, 192.75538666976527], 'axes': [24.8611128747345, 38.17649468106061], 'angle': -76.17648486600275}, 'location': [86.47597230866516, 192.75538666976527], 'diameter': 38.17649468106061, 'sphere': {'center': [-4.933524785745028, -1.6530705696306138, 61.79209814046022], 'radius': 12.0}, 'projected_sphere': {'center': [110.49876182859234, 103.41367611694845], 'axes': [240.80748910930532, 240.80748910930532], 'angle': 90.0}, 'model_confidence': 0.9674385790012563, 'model_id': 61, 'model_birth_timestamp': 12311.749401, 'theta': 2.286638573644923, 'phi': -1.718631427608495, 'norm_pos': [0.27023741346457864, 0.1968525555426447], 'topic': 'pupil.1', 'id': 1, 'method': '3d c++'}"
1580974703.286407,"{'circle_3d': {'center': [-6.2305887084293134, 6.2291280744890845, 52.83729106743467], 'normal': [-0.10808866022369043, 0.6568498870099749, -0.7462339227521292], 'radius': 1.604747883523085}, 'confidence': 0.9029337247976117, 'timestamp': 12649.668751, 'diameter_3d': 3.20949576704617, 'ellipse': {'center': [86.90567144760749, 192.8428887922733], 'axes': [24.627453985805726, 37.80592511170201], 'angle': -76.44358698341254}, 'location': [86.90567144760749, 192.8428887922733], 'diameter': 37.80592511170201, 'sphere': {'center': [-4.933524785745028, -1.6530705696306138, 61.79209814046022], 'radius': 12.0}, 'projected_sphere': {'center': [110.49876182859234, 103.41367611694845], 'axes': [240.80748910930532, 240.80748910930532], 'angle': 90.0}, 'model_confidence': 0.9674198769414333, 'model_id': 61, 'model_birth_timestamp': 12311.749401, 'theta': 2.2874296951685524, 'phi': -1.7146414720251644, 'norm_pos': [0.2715802232737734, 0.19648796336552787], 'topic': 'pupil.1', 'id': 1, 'method': '3d c++'}"
1580974703.2952058,"{'circle_3d': {'center': [-6.23767439303339, 6.252438096673709, 52.858894542153685], 'normal': [-0.10867913394069678, 0.6587923888586935, -0.7444336331922113], 'radius': 1.6032485953419526}, 'confidence': 0.9906881811504545, 'timestamp': 12649.677151, 'diameter_3d': 3.2064971906839053, 'ellipse': {'center': [86.85233517954597, 193.0872287019703], 'axes': [24.50568714234438, 37.75519116871035], 'angle': -76.44701423679575}, 'location': [86.85233517954597, 193.0872287019703], 'diameter': 37.75519116871035, 'sphere': {'center': [-4.933524785745028, -1.6530705696306138, 61.79209814046022], 'radius': 12.0}, 'projected_sphere': {'center': [110.49876182859234, 103.41367611694845], 'axes': [240.80748910930532, 240.80748910930532], 'angle': 90.0}, 'model_confidence': 0.9673129948657322, 'model_id': 61, 'model_birth_timestamp': 12311.749401, 'theta': 2.2900087846568153, 'phi': -1.7157612627651764, 'norm_pos': [0.27141354743608115, 0.19546988040845703], 'topic': 'pupil.1', 'id': 1, 'method': '3d c++'}"
1580974703.306727,"{'circle_3d': {'center': [-6.234593847235271, 6.2438942419585075, 52.850892066235325], 'normal': [-0.10842242179085357, 0.6580804009657601, -0.7451005061854077], 'radius': 1.6043148696431424}, 'confidence': 0.9913971952971171, 'timestamp': 12649.685551, 'diameter_3d': 3.208629739286285, 'ellipse': {'center': [86.87743099076934, 192.99764455936221], 'axes': [24.558723297874153, 37.78601620497654], 'angle': -76.44905798717514}, 'location': [86.87743099076934, 192.99764455936221], 'diameter': 37.78601620497654, 'sphere': {'center': [-4.933524785745028, -1.6530705696306138, 61.79209814046022], 'radius': 12.0}, 'projected_sphere': {'center': [110.49876182859234, 103.41367611694845], 'axes': [240.80748910930532, 240.80748910930532], 'angle': 90.0}, 'model_confidence': 0.9672046748876562, 'model_id': 61, 'model_birth_timestamp': 12311.749401, 'theta': 2.289062792669804, 'phi': -1.7152959522541535, 'norm_pos': [0.2714919718461542, 0.1958431476693241], 'topic': 'pupil.1', 'id': 1, 'method': '3d c++'}"
1580974703.3146749,"{'circle_3d': {'center': [-6.247416252923971, 6.239404739386043, 52.84880329409421], 'normal': [-0.10949095559824519, 0.6577062757513881, -0.7452745705305007], 'radius': 1.5896511292506854}, 'confidence': 0.9696484397400309, 'timestamp': 12649.693951, 'diameter_3d': 3.179302258501371, 'ellipse': {'center': [86.72423285624237, 192.95246105919807], 'axes': [24.33938669264519, 37.442019923343125], 'angle': -76.35136481068659}, 'location': [86.72423285624237, 192.95246105919807], 'diameter': 37.442019923343125, 'sphere': {'center': [-4.933524785745028, -1.6530705696306138, 61.79209814046022], 'radius': 12.0}, 'projected_sphere': {'center': [110.49876182859234, 103.41367611694845], 'axes': [240.80748910930532, 240.80748910930532], 'angle': 90.0}, 'model_confidence': 0.9670074385787819, 'model_id': 61, 'model_birth_timestamp': 12311.749401, 'theta': 2.2885660197257867, 'phi': -1.7166664130641993, 'norm_pos': [0.2710132276757574, 0.19603141225334142], 'topic': 'pupil.1', 'id': 1, 'method': '3d c++'}"
1580974703.322669,"{'circle_3d': {'center': [-6.244464955145709, 6.229423448314046, 52.839572020458206], 'normal': [-0.10924501411672334, 0.6568745014953884, -0.7460438433335014], 'radius': 1.606270679107684}, 'confidence': 0.8810016645166101, 'timestamp': 12649.702351, 'diameter_3d': 3.212541358215368, 'ellipse': {'center': [86.74643624565442, 192.8428253508248], 'axes': [24.636314866795725, 37.84022548854606], 'angle': -76.34915296749743}, 'location': [86.74643624565442, 192.8428253508248], 'diameter': 37.84022548854606, 'sphere': {'center': [-4.933524785745028, -1.6530705696306138, 61.79209814046022], 'radius': 12.0}, 'projected_sphere': {'center': [110.49876182859234, 103.41367611694845], 'axes': [240.80748910930532, 240.80748910930532], 'angle': 90.0}, 'model_confidence': 0.967028539305459, 'model_id': 61, 'model_birth_timestamp': 12311.749401, 'theta': 2.287462339913653, 'phi': -1.7161953972180528, 'norm_pos': [0.2710826132676701, 0.1964882277048967], 'topic': 'pupil.1', 'id': 1, 'method': '3d c++'}"
1580974703.3305001,"{'circle_3d': {'center': [-6.249342539812739, 6.237763408944588, 52.84763824840171], 'normal': [-0.10965147950564254, 0.6575694982146001, -0.7453716576715422], 'radius': 1.6259244402645538}, 'confidence': 0.9923434316524828, 'timestamp': 12649.710751, 'diameter_3d': 3.2518488805291077, 'ellipse': {'center': [86.70084802703468, 192.92347058887538], 'axes': [24.89990666557066, 38.29759645623699], 'angle': -76.33437910910597}, 'location': [86.70084802703468, 192.92347058887538], 'diameter': 38.29759645623699, 'sphere': {'center': [-4.933524785745028, -1.6530705696306138, 61.79209814046022], 'radius': 12.0}, 'projected_sphere': {'center': [110.49876182859234, 103.41367611694845], 'axes': [240.80748910930532, 240.80748910930532], 'angle': 90.0}, 'model_confidence': 0.9669992992725085, 'model_id': 61, 'model_birth_timestamp': 12311.749401, 'theta': 2.2883844568307485, 'phi': -1.7168584867940235, 'norm_pos': [0.27094015008448336, 0.19615220587968596], 'topic': 'pupil.1', 'id': 1, 'method': '3d c++'}"
1580974703.339241,"{'circle_3d': {'center': [-6.2348381567114854, 6.234382916512724, 52.84253608332752], 'normal': [-0.10844278091387141, 0.6572877905119447, -0.7457968380943915], 'radius': 1.6134667932293245}, 'confidence': 0.9085314474067958, 'timestamp': 12649.719151, 'diameter_3d': 3.226933586458649, 'ellipse': {'center': [86.86330675426002, 192.89465180224917], 'axes': [24.736442633226105, 38.00766233216544], 'angle': -76.42615318537679}, 'location': [86.86330675426002, 192.89465180224917], 'diameter': 38.00766233216544, 'sphere': {'center': [-4.933524785745028, -1.6530705696306138, 61.79209814046022], 'radius': 12.0}, 'projected_sphere': {'center': [110.49876182859234, 103.41367611694845], 'axes': [240.80748910930532, 240.80748910930532], 'angle': 90.0}, 'model_confidence': 0.9669794514862051, 'model_id': 61, 'model_birth_timestamp': 12311.749401, 'theta': 2.288010599598051, 'phi': -1.7151896375691102, 'norm_pos': [0.2714478336070626, 0.19627228415729514], 'topic': 'pupil.1', 'id': 1, 'method': '3d c++'}"
1580974703.346334,"{'circle_3d': {'center': [-6.225047686994547, 6.241542912149654, 52.84743232396147], 'normal': [-0.1076269084374599, 0.6578844568150224, -0.7453888180415625], 'radius': 1.6389488377935817}, 'confidence': 0.9998327826476453, 'timestamp': 12649.727551, 'diameter_3d': 3.2778976755871634, 'ellipse': {'center': [86.98508696733344, 192.9638297959949], 'axes': [25.108170624723904, 38.60458506018063], 'angle': -76.50905314157517}, 'location': [86.98508696733344, 192.9638297959949], 'diameter': 38.60458506018063, 'sphere': {'center': [-4.933524785745028, -1.6530705696306138, 61.79209814046022], 'radius': 12.0}, 'projected_sphere': {'center': [110.49876182859234, 103.41367611694845], 'axes': [240.80748910930532, 240.80748910930532], 'angle': 90.0}, 'model_confidence': 0.9669684410534951, 'model_id': 61, 'model_birth_timestamp': 12311.749401, 'theta': 2.2888025861725194, 'phi': -1.714195543145153, 'norm_pos': [0.27182839677291704, 0.19598404251668788], 'topic': 'pupil.1', 'id': 1, 'method': '3d c++'}"
1580974703.354804,"{'circle_3d': {'center': [-6.23571337942941, 6.256254091122264, 52.8619868154383], 'normal': [-0.10851571614036515, 0.6591103883960732, -0.7441759437518263], 'radius': 1.609066294667539}, 'confidence': 0.9983157236782626, 'timestamp': 12649.735951, 'diameter_3d': 3.218132589335078, 'ellipse': {'center': [86.87962992400098, 193.12591234039007], 'axes': [24.581435119970713, 37.890030410543204], 'angle': -76.46888056909123}, 'location': [86.87962992400098, 193.12591234039007], 'diameter': 37.890030410543204, 'sphere': {'center': [-4.933524785745028, -1.6530705696306138, 61.79209814046022], 'radius': 12.0}, 'projected_sphere': {'center': [110.49876182859234, 103.41367611694845], 'axes': [240.80748910930532, 240.80748910930532], 'angle': 90.0}, 'model_confidence': 0.9668668003123493, 'model_id': 61, 'model_birth_timestamp': 12311.749401, 'theta': 2.2904315520907446, 'phi': -1.715595743049142, 'norm_pos': [0.2714988435125031, 0.19530869858170807], 'topic': 'pupil.1', 'id': 1, 'method': '3d c++'}"
1580974703.362592,"{'circle_3d': {'center': [-6.266782965873478, 6.248616929700008, 52.8598107912958], 'normal': [-0.11110484834403753, 0.6584739582775518, -0.744357279097035], 'radius': 1.6263331711007802}, 'confidence': 0.9008421982879776, 'timestamp': 12649.744351, 'diameter_3d': 3.2526663422015605, 'ellipse': {'center': [86.51355656950598, 193.03405758692088], 'axes': [24.845531069103853, 38.29846955744366], 'angle': -76.23958758864589}, 'location': [86.51355656950598, 193.03405758692088], 'diameter': 38.29846955744366, 'sphere': {'center': [-4.933524785745028, -1.6530705696306138, 61.79209814046022], 'radius': 12.0}, 'projected_sphere': {'center': [110.49876182859234, 103.41367611694845], 'axes': [240.80748910930532, 240.80748910930532], 'angle': 90.0}, 'model_confidence': 0.9667757747168548, 'model_id': 61, 'model_birth_timestamp': 12311.749401, 'theta': 2.289585600939498, 'phi': -1.718965214172525, 'norm_pos': [0.2703548642797062, 0.19569142672116302], 'topic': 'pupil.1', 'id': 1, 'method': '3d c++'}"
1580974703.370731,"{'circle_3d': {'center': [-6.260824384671102, 6.234123158897626, 52.846124137404125], 'normal': [-0.11060829991050611, 0.6572661440440201, -0.7454978335880078], 'radius': 1.6286951023915484}, 'confidence': 0.9993878979678309, 'timestamp': 12649.752751, 'diameter_3d': 3.2573902047830967, 'ellipse': {'center': [86.56448359346409, 192.88202175902813], 'axes': [24.945630978943566, 38.36401766559128], 'angle': -76.24766766085}, 'location': [86.56448359346409, 192.88202175902813], 'diameter': 38.36401766559128, 'sphere': {'center': [-4.933524785745028, -1.6530705696306138, 61.79209814046022], 'radius': 12.0}, 'projected_sphere': {'center': [110.49876182859234, 103.41367611694845], 'axes': [240.80748910930532, 240.80748910930532], 'angle': 90.0}, 'model_confidence': 0.9666972866405388, 'model_id': 61, 'model_birth_timestamp': 12311.749401, 'theta': 2.287981877388337, 'phi': -1.7180901695277249, 'norm_pos': [0.2705140112295753, 0.19632490933738278], 'topic': 'pupil.1', 'id': 1, 'method': '3d c++'}"
1580974703.37852,"{'circle_3d': {'center': [-6.27078856721567, 6.248849423845492, 52.860615285106945], 'normal': [-0.11143864845588676, 0.6584933327896755, -0.744290237946106], 'radius': 1.5946860574193982}, 'confidence': 0.9943343279573795, 'timestamp': 12649.761151, 'diameter_3d': 3.1893721148387963, 'ellipse': {'center': [86.46712855406881, 193.04560287042585], 'axes': [24.356855595310023, 37.552343931732516], 'angle': -76.21289755032879}, 'location': [86.46712855406881, 193.04560287042585], 'diameter': 37.552343931732516, 'sphere': {'center': [-4.933524785745028, -1.6530705696306138, 61.79209814046022], 'radius': 12.0}, 'projected_sphere': {'center': [110.49876182859234, 103.41367611694845], 'axes': [240.80748910930532, 240.80748910930532], 'angle': 90.0}, 'model_confidence': 0.9663452106515535, 'model_id': 61, 'model_birth_timestamp': 12311.749401, 'theta': 2.289611344548202, 'phi': -1.7194170423331647, 'norm_pos': [0.270209776731465, 0.1956433213732256], 'topic': 'pupil.1', 'id': 1, 'method': '3d c++'}"
1580974703.390966,"{'circle_3d': {'center': [-6.239694883789449, 6.244012566749703, 52.85174033933882], 'normal': [-0.10884750817036837, 0.6580902613650264, -0.7450298167601167], 'radius': 1.6110588600580285}, 'confidence': 0.9999515120856921, 'timestamp': 12649.769551, 'diameter_3d': 3.222117720116057, 'ellipse': {'center': [86.81904751799384, 192.99578601890357], 'axes': [24.656648104795398, 37.94432927347356], 'angle': -76.41439813367599}, 'location': [86.81904751799384, 192.99578601890357], 'diameter': 37.94432927347356, 'sphere': {'center': [-4.933524785745028, -1.6530705696306138, 61.79209814046022], 'radius': 12.0}, 'projected_sphere': {'center': [110.49876182859234, 103.41367611694845], 'axes': [240.80748910930532, 240.80748910930532], 'angle': 90.0}, 'model_confidence': 0.9664015350692168, 'model_id': 61, 'model_birth_timestamp': 12311.749401, 'theta': 2.2890758884746765, 'phi': -1.7158681569701364, 'norm_pos': [0.2713095234937307, 0.1958508915879018], 'topic': 'pupil.1', 'id': 1, 'method': '3d c++'}"
1580974703.3986309,"{'circle_3d': {'center': [-6.247760973522351, 6.254192726504094, 52.861926226754555], 'normal': [-0.10951968231477688, 0.6589386080112256, -0.7441809928088051], 'radius': 1.622292521809505}, 'confidence': 0.9858037198135485, 'timestamp': 12649.777951, 'diameter_3d': 3.24458504361901, 'ellipse': {'center': [86.73888862672968, 193.09772703685042], 'axes': [24.78015674691822, 38.20169207119645], 'angle': -76.3819468782091}, 'location': [86.73888862672968, 193.09772703685042], 'diameter': 38.20169207119645, 'sphere': {'center': [-4.933524785745028, -1.6530705696306138, 61.79209814046022], 'radius': 12.0}, 'projected_sphere': {'center': [110.49876182859234, 103.41367611694845], 'axes': [240.80748910930532, 240.80748910930532], 'angle': 90.0}, 'model_confidence': 0.966355041560496, 'model_id': 61, 'model_birth_timestamp': 12311.749401, 'theta': 2.2902031576197004, 'phi': -1.716915519173475, 'norm_pos': [0.27105902695853024, 0.19542613734645664], 'topic': 'pupil.1', 'id': 1, 'method': '3d c++'}"
1580974703.4085162,"{'circle_3d': {'center': [-6.257513269929483, 6.261826553027015, 52.8701332205845], 'normal': [-0.11033237368203785, 0.6595747602214691, -0.7434970766563098], 'radius': 1.6417062170080006}, 'confidence': 0.9993926435705336, 'timestamp': 12649.786351, 'diameter_3d': 3.283412434016001, 'ellipse': {'center': [86.6364994949679, 193.16987726356882], 'axes': [25.036345923282163, 38.65307963127732], 'angle': -76.33238985600734}, 'location': [86.6364994949679, 193.16987726356882], 'diameter': 38.65307963127732, 'sphere': {'center': [-4.933524785745028, -1.6530705696306138, 61.79209814046022], 'radius': 12.0}, 'projected_sphere': {'center': [110.49876182859234, 103.41367611694845], 'axes': [240.80748910930532, 240.80748910930532], 'angle': 90.0}, 'model_confidence': 0.9662511112278449, 'model_id': 61, 'model_birth_timestamp': 12311.749401, 'theta': 2.2910491970861124, 'phi': -1.718117704376222, 'norm_pos': [0.2707390609217747, 0.19512551140179657], 'topic': 'pupil.1', 'id': 1, 'method': '3d c++'}"
1580974703.414845,"{'circle_3d': {'center': [-6.248487403683141, 6.252570910393333, 52.86059736496061], 'normal': [-0.10958021816150934, 0.6588034566686622, -0.7442917312916342], 'radius': 1.622046977929485}, 'confidence': 0.9996226290909082, 'timestamp': 12649.794751, 'diameter_3d': 3.24409395585897, 'ellipse': {'center': [86.72856239675578, 193.08061096272024], 'axes': [24.782178122072285, 38.19686880236636], 'angle': -76.37336519962484}, 'location': [86.72856239675578, 193.08061096272024], 'diameter': 38.19686880236636, 'sphere': {'center': [-4.933524785745028, -1.6530705696306138, 61.79209814046022], 'radius': 12.0}, 'projected_sphere': {'center': [110.49876182859234, 103.41367611694845], 'axes': [240.80748910930532, 240.80748910930532], 'angle': 90.0}, 'model_confidence': 0.9661601339329029, 'model_id': 61, 'model_birth_timestamp': 12311.749401, 'theta': 2.290023496230088, 'phi': -1.7169736959288489, 'norm_pos': [0.2710267574898618, 0.19549745432199894], 'topic': 'pupil.1', 'id': 1, 'method': '3d c++'}"
1580974703.4227781,"{'circle_3d': {'center': [-6.249209291951345, 6.241841436742529, 52.851217943759565], 'normal': [-0.10964037551719304, 0.6579093338644286, -0.7450733497250541], 'radius': 1.6116702300806296}, 'confidence': 0.988698327579601, 'timestamp': 12649.803151, 'diameter_3d': 3.223340460161259, 'ellipse': {'center': [86.70702428636697, 192.97089040076315], 'axes': [24.66539539962413, 37.95913799714684], 'angle': -76.34447667597604}, 'location': [86.70702428636697, 192.97089040076315], 'diameter': 37.95913799714684, 'sphere': {'center': [-4.933524785745028, -1.6530705696306138, 61.79209814046022], 'radius': 12.0}, 'projected_sphere': {'center': [110.49876182859234, 103.41367611694845], 'axes': [240.80748910930532, 240.80748910930532], 'angle': 90.0}, 'model_confidence': 0.9662243730322984, 'model_id': 61, 'model_birth_timestamp': 12311.749401, 'theta': 2.2888356186845513, 'phi': -1.7169015502816638, 'norm_pos': [0.2709594508948968, 0.19595462333015357], 'topic': 'pupil.1', 'id': 1, 'method': '3d c++'}"
1580974703.4306629,"{'circle_3d': {'center': [-6.260238211746493, 6.237347535992772, 52.84888095626313], 'normal': [-0.11055945216678878, 0.6575348421352821, -0.7452680986830907], 'radius': 1.6262620376386487}, 'confidence': 0.9994169381634758, 'timestamp': 12649.811551, 'diameter_3d': 3.2525240752772975, 'ellipse': {'center': [86.57508200022966, 192.9168393357868], 'axes': [24.89602224611639, 38.30468473828852], 'angle': -76.25893913851377}, 'location': [86.57508200022966, 192.9168393357868], 'diameter': 38.30468473828852, 'sphere': {'center': [-4.933524785745028, -1.6530705696306138, 61.79209814046022], 'radius': 12.0}, 'projected_sphere': {'center': [110.49876182859234, 103.41367611694845], 'axes': [240.80748910930532, 240.80748910930532], 'angle': 90.0}, 'model_confidence': 0.9661819538683947, 'model_id': 61, 'model_birth_timestamp': 12311.749401, 'theta': 2.288338457806779, 'phi': -1.7180707880129082, 'norm_pos': [0.27054713125071767, 0.1961798361008884], 'topic': 'pupil.1', 'id': 1, 'method': '3d c++'}"
1580974703.439255,"{'circle_3d': {'center': [-6.246691568354109, 6.244179035530374, 52.85291240154436], 'normal': [-0.10943056521742334, 0.6581041337634157, -0.7449321449096552], 'radius': 1.56970071195795}, 'confidence': 0.9822868355342658, 'timestamp': 12649.819951, 'diameter_3d': 3.1394014239159, 'ellipse': {'center': [86.73795030312574, 193.0089556595194], 'axes': [24.015927844494485, 36.96905417999093], 'angle': -76.3670732772239}, 'location': [86.73795030312574, 193.0089556595194], 'diameter': 36.96905417999093, 'sphere': {'center': [-4.933524785745028, -1.6530705696306138, 61.79209814046022], 'radius': 12.0}, 'projected_sphere': {'center': [110.49876182859234, 103.41367611694845], 'axes': [240.80748910930532, 240.80748910930532], 'angle': 90.0}, 'model_confidence': 0.9660824815425961, 'model_id': 61, 'model_birth_timestamp': 12311.749401, 'theta': 2.2890943129542554, 'phi': -1.7166531630145083, 'norm_pos': [0.27105609469726794, 0.19579601808533587], 'topic': 'pupil.1', 'id': 1, 'method': '3d c++'}"
1580974703.4465191,"{'circle_3d': {'center': [-6.366760080811807, 6.246351179579817, 52.8732993078216], 'normal': [-0.11943627458889826, 0.6582851457675359, -0.7432332360532184], 'radius': 1.638466923156733}, 'confidence': 0.8746906911120109, 'timestamp': 12649.828351, 'diameter_3d': 3.276933846313466, 'ellipse': {'center': [85.36321517148971, 192.98569888979645], 'axes': [24.937833162890666, 38.57477679815719], 'angle': -75.55444256082203}, 'location': [85.36321517148971, 192.98569888979645], 'diameter': 38.57477679815719, 'sphere': {'center': [-4.933524785745028, -1.6530705696306138, 61.79209814046022], 'radius': 12.0}, 'projected_sphere': {'center': [110.49876182859234, 103.41367611694845], 'axes': [240.80748910930532, 240.80748910930532], 'angle': 90.0}, 'model_confidence': 0.966023698865559, 'model_id': 61, 'model_birth_timestamp': 12311.749401, 'theta': 2.2893347493406844, 'phi': -1.73013232811447, 'norm_pos': [0.26676004741090537, 0.1958929212925148], 'topic': 'pupil.1', 'id': 1, 'method': '3d c++'}"
1580974703.454785,"{'circle_3d': {'center': [-6.794756477441863, 6.247191963326079, 52.95345183572644], 'normal': [-0.15510264097473622, 0.6583552110797244, -0.7365538587278148], 'radius': 1.6374461011176755}, 'confidence': 0.47968101489214265, 'timestamp': 12649.83675, 'diameter_3d': 3.274892202235351, 'ellipse': {'center': [80.47723818612346, 192.8890081725561], 'axes': [24.421857329402112, 38.49319427415698], 'angle': -72.70270357816982}, 'location': [80.47723818612346, 192.8890081725561], 'diameter': 38.49319427415698, 'sphere': {'center': [-4.933524785745028, -1.6530705696306138, 61.79209814046022], 'radius': 12.0}, 'projected_sphere': {'center': [110.49876182859234, 103.41367611694845], 'axes': [240.80748910930532, 240.80748910930532], 'angle': 90.0}, 'model_confidence': 0.966023698865559, 'model_id': 61, 'model_birth_timestamp': 12311.749401, 'theta': 2.289427829946985, 'phi': -1.778342826711605, 'norm_pos': [0.2514913693316358, 0.19629579928101626], 'topic': 'pupil.1', 'id': 1, 'method': '3d c++'}"
1580974703.462642,"{'circle_3d': {'center': [-7.022968276416619, 6.248173688039174, 53.005485307295764], 'normal': [-0.17412029088929926, 0.6584370214724824, -0.732217736097038], 'radius': 1.6333620881045652}, 'confidence': 0.5939793813716494, 'timestamp': 12649.84515, 'diameter_3d': 3.2667241762091304, 'ellipse': {'center': [77.89191786376401, 192.83252176854566], 'axes': [24.05332699249961, 38.35961372351715], 'angle': -71.22403723669301}, 'location': [77.89191786376401, 192.83252176854566], 'diameter': 38.35961372351715, 'sphere': {'center': [-4.933524785745028, -1.6530705696306138, 61.79209814046022], 'radius': 12.0}, 'projected_sphere': {'center': [110.49876182859234, 103.41367611694845], 'axes': [240.80748910930532, 240.80748910930532], 'angle': 90.0}, 'model_confidence': 0.966023698865559, 'model_id': 61, 'model_birth_timestamp': 12311.749401, 'theta': 2.2895365232890614, 'phi': -1.8042586851826363, 'norm_pos': [0.24341224332426253, 0.19653115929772647], 'topic': 'pupil.1', 'id': 1, 'method': '3d c++'}"
1580974703.474863,"{'circle_3d': {'center': [-7.111513605222721, 6.1584571627444245, 52.94696393070592], 'normal': [-0.18149906828980777, 0.6509606443645867, -0.737094517479525], 'radius': 1.6104763808364386}, 'confidence': 0.7322495478508163, 'timestamp': 12649.85355, 'diameter_3d': 3.2209527616728773, 'ellipse': {'center': [76.76694860159836, 191.86962889673163], 'axes': [23.947710737064472, 37.863556365074636], 'angle': -70.40078039159002}, 'location': [76.76694860159836, 191.86962889673163], 'diameter': 37.863556365074636, 'sphere': {'center': [-4.933524785745028, -1.6530705696306138, 61.79209814046022], 'radius': 12.0}, 'projected_sphere': {'center': [110.49876182859234, 103.41367611694845], 'axes': [240.80748910930532, 240.80748910930532], 'angle': 90.0}, 'model_confidence': 0.966023698865559, 'model_id': 61, 'model_birth_timestamp': 12311.749401, 'theta': 2.2796455631824877, 'phi': -1.8122291006372235, 'norm_pos': [0.23989671437999488, 0.20054321293028488], 'topic': 'pupil.1', 'id': 1, 'method': '3d c++'}"
1580974703.4831371,"{'circle_3d': {'center': [-7.10789839685982, 6.165773570447616, 52.95254070173898], 'normal': [-0.18119780092623264, 0.6515703450065192, -0.736629786560103], 'radius': 1.6288232520871815}, 'confidence': 0.8751796049481123, 'timestamp': 12649.86195, 'diameter_3d': 3.257646504174363, 'ellipse': {'center': [76.81878024310093, 191.94213278365334], 'axes': [24.19684320800622, 38.291074945895396], 'angle': -70.44503513345774}, 'location': [76.81878024310093, 191.94213278365334], 'diameter': 38.291074945895396, 'sphere': {'center': [-4.933524785745028, -1.6530705696306138, 61.79209814046022], 'radius': 12.0}, 'projected_sphere': {'center': [110.49876182859234, 103.41367611694845], 'axes': [240.80748910930532, 240.80748910930532], 'angle': 90.0}, 'model_confidence': 0.966023698865559, 'model_id': 61, 'model_birth_timestamp': 12311.749401, 'theta': 2.280449016737306, 'phi': -1.8119899522985028, 'norm_pos': [0.2400586882596904, 0.20024111340144446], 'topic': 'pupil.1', 'id': 1, 'method': '3d c++'}"
1580974703.490558,"{'circle_3d': {'center': [-7.094344961100074, 6.25619576808568, 53.03000009439577], 'normal': [-0.1800683479462538, 0.6591055281430246, -0.7301748371720377], 'radius': 1.6264051598770675}, 'confidence': 0.7903135675371386, 'timestamp': 12649.87035, 'diameter_3d': 3.252810319754135, 'ellipse': {'center': [77.09677194778075, 192.89562930817067], 'axes': [23.818294686943585, 38.178528443711485], 'angle': -70.78945077810961}, 'location': [77.09677194778075, 192.89562930817067], 'diameter': 38.178528443711485, 'sphere': {'center': [-4.933524785745028, -1.6530705696306138, 61.79209814046022], 'radius': 12.0}, 'projected_sphere': {'center': [110.49876182859234, 103.41367611694845], 'axes': [240.80748910930532, 240.80748910930532], 'angle': 90.0}, 'model_confidence': 0.966023698865559, 'model_id': 61, 'model_birth_timestamp': 12311.749401, 'theta': 2.290425089403684, 'phi': -1.8125817769171158, 'norm_pos': [0.24092741233681486, 0.1962682112159555], 'topic': 'pupil.1', 'id': 1, 'method': '3d c++'}"
1580974703.498836,"{'circle_3d': {'center': [-7.10092726285643, 6.249711448681635, 53.025776056869404], 'normal': [-0.1806168730926168, 0.6585651681926873, -0.7305268402992343], 'radius': 1.6298143106746747}, 'confidence': 0.8794077359434738, 'timestamp': 12649.87875, 'diameter_3d': 3.2596286213493495, 'ellipse': {'center': [77.0136525216275, 192.8245838728644], 'axes': [23.88506443536258, 38.26162715532746], 'angle': -70.72912059309368}, 'location': [77.0136525216275, 192.8245838728644], 'diameter': 38.26162715532746, 'sphere': {'center': [-4.933524785745028, -1.6530705696306138, 61.79209814046022], 'radius': 12.0}, 'projected_sphere': {'center': [110.49876182859234, 103.41367611694845], 'axes': [240.80748910930532, 240.80748910930532], 'angle': 90.0}, 'model_confidence': 0.966023698865559, 'model_id': 61, 'model_birth_timestamp': 12311.749401, 'theta': 2.2897067998843967, 'phi': -1.81317748875998, 'norm_pos': [0.24066766413008595, 0.19656423386306499], 'topic': 'pupil.1', 'id': 1, 'method': '3d c++'}"
1580974703.506614,"{'circle_3d': {'center': [-7.10597561616545, 6.250696991690173, 53.02791445194599], 'normal': [-0.1810375692017018, 0.6586472967767323, -0.7303486407095191], 'radius': 1.6323696987391403}, 'confidence': 0.9488487464428512, 'timestamp': 12649.88715, 'diameter_3d': 3.2647393974782806, 'ellipse': {'center': [76.9582166702381, 192.83245171673178], 'axes': [23.91133112244084, 38.32010118998414], 'angle': -70.69969591111423}, 'location': [76.9582166702381, 192.83245171673178], 'diameter': 38.32010118998414, 'sphere': {'center': [-4.933524785745028, -1.6530705696306138, 61.79209814046022], 'radius': 12.0}, 'projected_sphere': {'center': [110.49876182859234, 103.41367611694845], 'axes': [240.80748910930532, 240.80748910930532], 'angle': 90.0}, 'model_confidence': 0.966023698865559, 'model_id': 61, 'model_birth_timestamp': 12311.749401, 'theta': 2.2898159426351903, 'phi': -1.8137770878269683, 'norm_pos': [0.24049442709449406, 0.19653145118028426], 'topic': 'pupil.1', 'id': 1, 'method': '3d c++'}"
1580974703.5149598,"{'circle_3d': {'center': [-7.04427541194222, 6.121311392887632, 52.89807110570936], 'normal': [-0.17589588551643265, 0.6478651635431872, -0.7411689195625714], 'radius': 1.6101585693139908}, 'confidence': 0.9998147358122454, 'timestamp': 12649.89555, 'diameter_3d': 3.2203171386279816, 'ellipse': {'center': [77.47691540129225, 191.49979323040387], 'axes': [24.182209301334247, 37.89100550543745], 'angle': -70.72873680544714}, 'location': [77.47691540129225, 191.49979323040387], 'diameter': 37.89100550543745, 'sphere': {'center': [-4.933524785745028, -1.6530705696306138, 61.79209814046022], 'radius': 12.0}, 'projected_sphere': {'center': [110.49876182859234, 103.41367611694845], 'axes': [240.80748910930532, 240.80748910930532], 'angle': 90.0}, 'model_confidence': 0.9659901177008989, 'model_id': 61, 'model_birth_timestamp': 12311.749401, 'theta': 2.2755748883132476, 'phi': -1.80380787422556, 'norm_pos': [0.24211536062903827, 0.2020841948733172], 'topic': 'pupil.1', 'id': 1, 'method': '3d c++'}"
1580974703.522312,"{'circle_3d': {'center': [-7.075987383352411, 6.110919381531428, 52.896576005357176], 'normal': [-0.17853854980061518, 0.6469991625968368, -0.7412935112585872], 'radius': 1.5822539595095457}, 'confidence': 0.9997458013621676, 'timestamp': 12649.90395, 'diameter_3d': 3.1645079190190915, 'ellipse': {'center': [77.10246077344497, 191.38870979976832], 'axes': [23.759403117010514, 37.23510327351617], 'angle': -70.49318207051397}, 'location': [77.10246077344497, 191.38870979976832], 'diameter': 37.23510327351617, 'sphere': {'center': [-4.933524785745028, -1.6530705696306138, 61.79209814046022], 'radius': 12.0}, 'projected_sphere': {'center': [110.49876182859234, 103.41367611694845], 'axes': [240.80748910930532, 240.80748910930532], 'angle': 90.0}, 'model_confidence': 0.9659490642159541, 'model_id': 61, 'model_birth_timestamp': 12311.749401, 'theta': 2.2744385874811477, 'phi': -1.807142318497035, 'norm_pos': [0.24094518991701555, 0.20254704250096534], 'topic': 'pupil.1', 'id': 1, 'method': '3d c++'}"
1580974703.5306041,"{'circle_3d': {'center': [-7.059031062698436, 6.129018754777698, 52.90833155113776], 'normal': [-0.17712552307945065, 0.6485074437006927, -0.7403138824435376], 'radius': 1.5912756094556362}, 'confidence': 0.9592694226866385, 'timestamp': 12649.91235, 'diameter_3d': 3.1825512189112724, 'ellipse': {'center': [77.31932363357106, 191.58218585303283], 'axes': [23.848504923049052, 37.439209903149475], 'angle': -70.6551185193075}, 'location': [77.31932363357106, 191.58218585303283], 'diameter': 37.439209903149475, 'sphere': {'center': [-4.933524785745028, -1.6530705696306138, 61.79209814046022], 'radius': 12.0}, 'projected_sphere': {'center': [110.49876182859234, 103.41367611694845], 'axes': [240.80748910930532, 240.80748910930532], 'angle': 90.0}, 'model_confidence': 0.9658937521456412, 'model_id': 61, 'model_birth_timestamp': 12311.749401, 'theta': 2.276418349347713, 'phi': -1.805638967512147, 'norm_pos': [0.24162288635490956, 0.20174089227902992], 'topic': 'pupil.1', 'id': 1, 'method': '3d c++'}"
1580974703.538742,"{'circle_3d': {'center': [-7.092648412257362, 6.108223104640324, 52.89825163474863], 'normal': [-0.1799269688760278, 0.6467744728559115, -0.7411538754759653], 'radius': 1.5710398671218955}, 'confidence': 0.999594736890487, 'timestamp': 12649.92075, 'diameter_3d': 3.142079734243791, 'ellipse': {'center': [76.9097002264314, 191.3583467744694], 'axes': [23.578394166167733, 36.96991776691894], 'angle': -70.37747096855439}, 'location': [76.9097002264314, 191.3583467744694], 'diameter': 36.96991776691894, 'sphere': {'center': [-4.933524785745028, -1.6530705696306138, 61.79209814046022], 'radius': 12.0}, 'projected_sphere': {'center': [110.49876182859234, 103.41367611694845], 'axes': [240.80748910930532, 240.80748910930532], 'angle': 90.0}, 'model_confidence': 0.9658265474927208, 'model_id': 61, 'model_birth_timestamp': 12311.749401, 'theta': 2.27414394564899, 'phi': -1.8089550255956501, 'norm_pos': [0.24034281320759812, 0.20267355510637752], 'topic': 'pupil.1', 'id': 1, 'method': '3d c++'}"
1580974703.5465379,"{'circle_3d': {'center': [-7.074836914917855, 6.125064697044564, 52.908664449664684], 'normal': [-0.17844267743106887, 0.6481779388895982, -0.740286140899628], 'radius': 1.580729070217595}, 'confidence': 0.9766362900830297, 'timestamp': 12649.92915, 'diameter_3d': 3.16145814043519, 'ellipse': {'center': [77.1345600690114, 191.53870276719766], 'axes': [23.6839125411516, 37.19072956163091], 'angle': -70.54140270350835}, 'location': [77.1345600690114, 191.53870276719766], 'diameter': 37.19072956163091, 'sphere': {'center': [-4.933524785745028, -1.6530705696306138, 61.79209814046022], 'radius': 12.0}, 'projected_sphere': {'center': [110.49876182859234, 103.41367611694845], 'axes': [240.80748910930532, 240.80748910930532], 'angle': 90.0}, 'model_confidence': 0.9657708534660192, 'model_id': 61, 'model_birth_timestamp': 12311.749401, 'theta': 2.275985558375099, 'phi': -1.8073296756982187, 'norm_pos': [0.24104550021566062, 0.2019220718033431], 'topic': 'pupil.1', 'id': 1, 'method': '3d c++'}"
1580974703.5588238,"{'circle_3d': {'center': [-7.0816593285221785, 6.14432101741499, 52.9272122176523], 'normal': [-0.17901121189809585, 0.6497826322538003, -0.7387404935673267], 'radius': 1.5782568518156872}, 'confidence': 0.9996300022245461, 'timestamp': 12649.93755, 'diameter_3d': 3.1565137036313744, 'ellipse': {'center': [77.08343282140987, 191.7401529535531], 'axes': [23.563699376302438, 37.11956122573145], 'angle': -70.55264262721683}, 'location': [77.08343282140987, 191.7401529535531], 'diameter': 37.11956122573145, 'sphere': {'center': [-4.933524785745028, -1.6530705696306138, 61.79209814046022], 'radius': 12.0}, 'projected_sphere': {'center': [110.49876182859234, 103.41367611694845], 'axes': [240.80748910930532, 240.80748910930532], 'angle': 90.0}, 'model_confidence': 0.9657088235418665, 'model_id': 61, 'model_birth_timestamp': 12311.749401, 'theta': 2.278094763543845, 'phi': -1.8085333040839235, 'norm_pos': [0.24088572756690585, 0.20108269602686213], 'topic': 'pupil.1', 'id': 1, 'method': '3d c++'}"
1580974703.566376,"{'circle_3d': {'center': [-7.082931763831677, 6.150750797049598, 52.933180502311764], 'normal': [-0.17911724817388738, 0.650318447223351, -0.7382431365123713], 'radius': 1.5866035790803996}, 'confidence': 0.9997390194591593, 'timestamp': 12649.94595, 'diameter_3d': 3.1732071581607992, 'ellipse': {'center': [77.0782284954291, 191.80493685284904], 'axes': [23.661834958542602, 37.31175565843908], 'angle': -70.56285335292378}, 'location': [77.0782284954291, 191.80493685284904], 'diameter': 37.31175565843908, 'sphere': {'center': [-4.933524785745028, -1.6530705696306138, 61.79209814046022], 'radius': 12.0}, 'projected_sphere': {'center': [110.49876182859234, 103.41367611694845], 'axes': [240.80748910930532, 240.80748910930532], 'angle': 90.0}, 'model_confidence': 0.9657285222048562, 'model_id': 61, 'model_birth_timestamp': 12311.749401, 'theta': 2.278799884438509, 'phi': -1.8088231480275272, 'norm_pos': [0.24086946404821594, 0.200812763113129], 'topic': 'pupil.1', 'id': 1, 'method': '3d c++'}"
1580974703.5750248,"{'circle_3d': {'center': [-7.0643988403139915, 6.157181235176477, 52.93437029924313], 'normal': [-0.17757283788074693, 0.6508543170672576, -0.738143986768091], 'radius': 1.5931455732083892}, 'confidence': 0.9998712907236947, 'timestamp': 12649.95435, 'diameter_3d': 3.1862911464167785, 'ellipse': {'center': [77.29691796118414, 191.8765314090109], 'axes': [23.760078747621705, 37.464836040104835], 'angle': -70.70090377180003}, 'location': [77.29691796118414, 191.8765314090109], 'diameter': 37.464836040104835, 'sphere': {'center': [-4.933524785745028, -1.6530705696306138, 61.79209814046022], 'radius': 12.0}, 'projected_sphere': {'center': [110.49876182859234, 103.41367611694845], 'axes': [240.80748910930532, 240.80748910930532], 'angle': 90.0}, 'model_confidence': 0.9657701417061904, 'model_id': 61, 'model_birth_timestamp': 12311.749401, 'theta': 2.2795055035001033, 'phi': -1.8068770422229743, 'norm_pos': [0.24155286862870043, 0.20051445246245458], 'topic': 'pupil.1', 'id': 1, 'method': '3d c++'}"
1580974703.582719,"{'circle_3d': {'center': [-7.062119172785474, 6.163732183037322, 52.93960240980082], 'normal': [-0.1773828655867038, 0.6514002293889947, -0.73770797755495], 'radius': 1.5961134564058588}, 'confidence': 0.9733299490539116, 'timestamp': 12649.96275, 'diameter_3d': 3.1922269128117176, 'ellipse': {'center': [77.33177675920902, 191.94528061550062], 'axes': [23.782014163414953, 37.530960769042586], 'angle': -70.73429688811909}, 'location': [77.33177675920902, 191.94528061550062], 'diameter': 37.530960769042586, 'sphere': {'center': [-4.933524785745028, -1.6530705696306138, 61.79209814046022], 'radius': 12.0}, 'projected_sphere': {'center': [110.49876182859234, 103.41367611694845], 'axes': [240.80748910930532, 240.80748910930532], 'angle': 90.0}, 'model_confidence': 0.9657469866428015, 'model_id': 61, 'model_birth_timestamp': 12311.749401, 'theta': 2.2802247854160345, 'phi': -1.8067680146090948, 'norm_pos': [0.24166180237252818, 0.20022799743541408], 'topic': 'pupil.1', 'id': 1, 'method': '3d c++'}"
1580974703.590892,"{'circle_3d': {'center': [-7.083860412563748, 6.124088652349277, 52.90998965609643], 'normal': [-0.17919463556822662, 0.6480966018316576, -0.7401757070303161], 'radius': 1.5698057634185667}, 'confidence': 0.9999241814594404, 'timestamp': 12649.97115, 'diameter_3d': 3.1396115268371334, 'ellipse': {'center': [77.0305903850238, 191.5288176007699], 'axes': [23.51155392216169, 36.932698984481114], 'angle': -70.48022198626107}, 'location': [77.0305903850238, 191.5288176007699], 'diameter': 36.932698984481114, 'sphere': {'center': [-4.933524785745028, -1.6530705696306138, 61.79209814046022], 'radius': 12.0}, 'projected_sphere': {'center': [110.49876182859234, 103.41367611694845], 'axes': [240.80748910930532, 240.80748910930532], 'angle': 90.0}, 'model_confidence': 0.9658424634022778, 'model_id': 61, 'model_birth_timestamp': 12311.749401, 'theta': 2.275878750042305, 'phi': -1.8083235581495676, 'norm_pos': [0.24072059495319936, 0.201963259996792], 'topic': 'pupil.1', 'id': 1, 'method': '3d c++'}"
1580974703.598878,"{'circle_3d': {'center': [-7.073474277687252, 6.144527226433887, 52.9254141615002], 'normal': [-0.17832912432851863, 0.6497998163387084, -0.7388903315800015], 'radius': 1.608471426070828}, 'confidence': 0.9999507300541184, 'timestamp': 12649.97955, 'diameter_3d': 3.216942852141656, 'ellipse': {'center': [77.17780870223118, 191.73580834571078], 'axes': [24.025786698205906, 37.83177317741969], 'angle': -70.60601413132738}, 'location': [77.17780870223118, 191.73580834571078], 'diameter': 37.83177317741969, 'sphere': {'center': [-4.933524785745028, -1.6530705696306138, 61.79209814046022], 'radius': 12.0}, 'projected_sphere': {'center': [110.49876182859234, 103.41367611694845], 'axes': [240.80748910930532, 240.80748910930532], 'angle': 90.0}, 'model_confidence': 0.9658291532164576, 'model_id': 61, 'model_birth_timestamp': 12311.749401, 'theta': 2.2781173708285194, 'phi': -1.8076147600037809, 'norm_pos': [0.24118065219447243, 0.20110079855953844], 'topic': 'pupil.1', 'id': 1, 'method': '3d c++'}"
1580974703.606574,"{'circle_3d': {'center': [-7.06645510797769, 6.153340331507817, 52.93147981648939], 'normal': [-0.1777441935193885, 0.650534241761536, -0.738384860330902], 'radius': 1.6038948613328674}, 'confidence': 0.9999749373120972, 'timestamp': 12649.98795, 'diameter_3d': 3.207789722665735, 'ellipse': {'center': [77.26896508061165, 191.83220485786944], 'axes': [23.9326913270221, 37.71977853584834], 'angle': -70.67661293518833}, 'location': [77.26896508061165, 191.83220485786944], 'diameter': 37.71977853584834, 'sphere': {'center': [-4.933524785745028, -1.6530705696306138, 61.79209814046022], 'radius': 12.0}, 'projected_sphere': {'center': [110.49876182859234, 103.41367611694845], 'axes': [240.80748910930532, 240.80748910930532], 'angle': 90.0}, 'model_confidence': 0.965827867883573, 'model_id': 61, 'model_birth_timestamp': 12311.749401, 'theta': 2.2790839856144838, 'phi': -1.8070222260310556, 'norm_pos': [0.2414655158769114, 0.20069914642554398], 'topic': 'pupil.1', 'id': 1, 'method': '3d c++'}"
1580974703.61482,"{'circle_3d': {'center': [-7.081517129663999, 6.138190059902767, 52.921788862134655], 'normal': [-0.17899936199324756, 0.6492717191277817, -0.7391924398604637], 'radius': 1.603969852530137}, 'confidence': 0.9999905418411129, 'timestamp': 12649.99635, 'diameter_3d': 3.207939705060274, 'ellipse': {'center': [77.07799026396022, 191.6678848824664], 'axes': [23.972023645263565, 37.72842218515831], 'angle': -70.53585746823843}, 'location': [77.07799026396022, 191.6678848824664], 'diameter': 37.72842218515831, 'sphere': {'center': [-4.933524785745028, -1.6530705696306138, 61.79209814046022], 'radius': 12.0}, 'projected_sphere': {'center': [110.49876182859234, 103.41367611694845], 'axes': [240.80748910930532, 240.80748910930532], 'angle': 90.0}, 'model_confidence': 0.9659078283305922, 'model_id': 61, 'model_birth_timestamp': 12311.749401, 'theta': 2.2774228085670765, 'phi': -1.808378218038662, 'norm_pos': [0.24086871957487568, 0.2013838129897233], 'topic': 'pupil.1', 'id': 1, 'method': '3d c++'}"
1580974703.62258,"{'circle_3d': {'center': [-7.102424524575819, 6.132226722064335, 52.92164042944964], 'normal': [-0.1807416449025659, 0.6487747743079124, -0.7392048092508814], 'radius': 1.5659105797120445}, 'confidence': 0.9991118017530513, 'timestamp': 12650.004749, 'diameter_3d': 3.131821159424089, 'ellipse': {'center': [76.83150880194096, 191.6098103960685], 'axes': [23.3969164601066, 36.832921485701114], 'angle': -70.38376787697338}, 'location': [76.83150880194096, 191.6098103960685], 'diameter': 36.832921485701114, 'sphere': {'center': [-4.933524785745028, -1.6530705696306138, 61.79209814046022], 'radius': 12.0}, 'projected_sphere': {'center': [110.49876182859234, 103.41367611694845], 'axes': [240.80748910930532, 240.80748910930532], 'angle': 90.0}, 'model_confidence': 0.9656882046325532, 'model_id': 61, 'model_birth_timestamp': 12311.749401, 'theta': 2.276769594351735, 'phi': -1.810599605196702, 'norm_pos': [0.2400984650060655, 0.20162579001638126], 'topic': 'pupil.1', 'id': 1, 'method': '3d c++'}"
1580974703.631254,"{'circle_3d': {'center': [-7.106530451000287, 6.145733184522117, 52.934519104234695], 'normal': [-0.18108380543793826, 0.6499003128460609, -0.7381315863521267], 'radius': 1.569555400751361}, 'confidence': 0.9994359532503748, 'timestamp': 12650.013149, 'diameter_3d': 3.139110801502722, 'ellipse': {'center': [76.80373149382235, 191.7496423378109], 'axes': [23.394243834926975, 36.90972974466822], 'angle': -70.39629581658495}, 'location': [76.80373149382235, 191.7496423378109], 'diameter': 36.90972974466822, 'sphere': {'center': [-4.933524785745028, -1.6530705696306138, 61.79209814046022], 'radius': 12.0}, 'projected_sphere': {'center': [110.49876182859234, 103.41367611694845], 'axes': [240.80748910930532, 240.80748910930532], 'angle': 90.0}, 'model_confidence': 0.9655546038958907, 'model_id': 61, 'model_birth_timestamp': 12311.749401, 'theta': 2.2782495922145043, 'phi': -1.8113723122448342, 'norm_pos': [0.24001166091819487, 0.2010431569257879], 'topic': 'pupil.1', 'id': 1, 'method': '3d c++'}"
1580974703.642776,"{'circle_3d': {'center': [-7.089484052211461, 6.130668018724666, 52.917119085302595], 'normal': [-0.179663272205536, 0.64864488236294, -0.7395815879298019], 'radius': 1.5764930158424788}, 'confidence': 0.9991489777899778, 'timestamp': 12650.021549, 'diameter_3d': 3.1529860316849576, 'ellipse': {'center': [76.97625596157353, 191.59437801289747], 'axes': [23.578922775299098, 37.0851072011047], 'angle': -70.4628064695957}, 'location': [76.97625596157353, 191.59437801289747], 'diameter': 37.0851072011047, 'sphere': {'center': [-4.933524785745028, -1.6530705696306138, 61.79209814046022], 'radius': 12.0}, 'projected_sphere': {'center': [110.49876182859234, 103.41367611694845], 'axes': [240.80748910930532, 240.80748910930532], 'angle': 90.0}, 'model_confidence': 0.9653751789246212, 'model_id': 61, 'model_birth_timestamp': 12311.749401, 'theta': 2.276598916523368, 'phi': -1.8091056916390296, 'norm_pos': [0.2405507998799173, 0.20169009161292728], 'topic': 'pupil.1', 'id': 1, 'method': '3d c++'}"
1580974703.650976,"{'circle_3d': {'center': [-7.0838873094446715, 6.12268066552201, 52.90876353313564], 'normal': [-0.1791968769749703, 0.647979269596052, -0.740277883943715], 'radius': 1.571151466698844}, 'confidence': 0.9996267806641845, 'timestamp': 12650.029949, 'diameter_3d': 3.142302933397688, 'ellipse': {'center': [77.02844200793781, 191.51356604811093], 'axes': [23.53705070362999, 36.96522616489565], 'angle': -70.47598255148405}, 'location': [77.02844200793781, 191.51356604811093], 'diameter': 36.96522616489565, 'sphere': {'center': [-4.933524785745028, -1.6530705696306138, 61.79209814046022], 'radius': 12.0}, 'projected_sphere': {'center': [110.49876182859234, 103.41367611694845], 'axes': [240.80748910930532, 240.80748910930532], 'angle': 90.0}, 'model_confidence': 0.965287156704997, 'model_id': 61, 'model_birth_timestamp': 12311.749401, 'theta': 2.275724691488493, 'phi': -1.8082948526740603, 'norm_pos': [0.24071388127480567, 0.2020268081328711], 'topic': 'pupil.1', 'id': 1, 'method': '3d c++'}"
1580974703.658684,"{'circle_3d': {'center': [-7.074762644127098, 6.138818418367686, 52.92070780790567], 'normal': [-0.17843648819850577, 0.6493240823331916, -0.7392825277128786], 'radius': 1.596687840346451}, 'confidence': 0.998812803404752, 'timestamp': 12650.038349, 'diameter_3d': 3.193375680692902, 'ellipse': {'center': [77.1548766528555, 191.67885235314262], 'axes': [23.870011854862383, 37.55783240353553], 'angle': -70.58135252147903}, 'location': [77.1548766528555, 191.67885235314262], 'diameter': 37.55783240353553, 'sphere': {'center': [-4.933524785745028, -1.6530705696306138, 61.79209814046022], 'radius': 12.0}, 'projected_sphere': {'center': [110.49876182859234, 103.41367611694845], 'axes': [240.80748910930532, 240.80748910930532], 'angle': 90.0}, 'model_confidence': 0.9651873333685779, 'model_id': 61, 'model_birth_timestamp': 12311.749401, 'theta': 2.27749165912889, 'phi': -1.807631003964907, 'norm_pos': [0.24110898954017346, 0.20133811519523914], 'topic': 'pupil.1', 'id': 1, 'method': '3d c++'}"
1580974703.666697,"{'circle_3d': {'center': [-7.057426267324668, 6.157957467575651, 52.9333802028283], 'normal': [-0.17699179013163663, 0.6509190031005221, -0.7382264948026597], 'radius': 1.5991780978286072}, 'confidence': 0.9994622200628565, 'timestamp': 12650.046749, 'diameter_3d': 3.1983561956572144, 'ellipse': {'center': [77.37714828168578, 191.8850789972152], 'axes': [23.85670370136068, 37.60746269356548], 'angle': -70.74815686271505}, 'location': [77.37714828168578, 191.8850789972152], 'diameter': 37.60746269356548, 'sphere': {'center': [-4.933524785745028, -1.6530705696306138, 61.79209814046022], 'radius': 12.0}, 'projected_sphere': {'center': [110.49876182859234, 103.41367611694845], 'axes': [240.80748910930532, 240.80748910930532], 'angle': 90.0}, 'model_confidence': 0.9650372148024666, 'model_id': 61, 'model_birth_timestamp': 12311.749401, 'theta': 2.279590709204106, 'phi': -1.8061074564082542, 'norm_pos': [0.24180358838026805, 0.20047883751160334], 'topic': 'pupil.1', 'id': 1, 'method': '3d c++'}"
1580974703.674902,"{'circle_3d': {'center': [-7.102693731382672, 6.1418169701560235, 52.93013253866734], 'normal': [-0.18076407880313694, 0.6495739616488865, -0.7384971334827403], 'radius': 1.5738247806931012}, 'confidence': 0.9993125337607678, 'timestamp': 12650.055149, 'diameter_3d': 3.1476495613862023, 'ellipse': {'center': [76.84195904065285, 191.70837926256036], 'axes': [23.478211336317575, 37.013230316154456], 'angle': -70.40970721416022}, 'location': [76.84195904065285, 191.70837926256036], 'diameter': 37.013230316154456, 'sphere': {'center': [-4.933524785745028, -1.6530705696306138, 61.79209814046022], 'radius': 12.0}, 'projected_sphere': {'center': [110.49876182859234, 103.41367611694845], 'axes': [240.80748910930532, 240.80748910930532], 'angle': 90.0}, 'model_confidence': 0.9648801717502375, 'model_id': 61, 'model_birth_timestamp': 12311.749401, 'theta': 2.2778202725325905, 'phi': -1.8108493401808237, 'norm_pos': [0.24013112200204018, 0.2012150864059985], 'topic': 'pupil.1', 'id': 1, 'method': '3d c++'}"
1580974703.6823092,"{'circle_3d': {'center': [-7.097946964286134, 6.167510313077894, 52.95163484433973], 'normal': [-0.1803685148784255, 0.6517150735590423, -0.7367052746767077], 'radius': 1.5617586885244779}, 'confidence': 0.9988925172694839, 'timestamp': 12650.063549, 'diameter_3d': 3.1235173770489557, 'ellipse': {'center': [76.93019553564588, 191.98381834928452], 'axes': [23.206746904242735, 36.71447589590482], 'angle': -70.51426387708072}, 'location': [76.93019553564588, 191.98381834928452], 'diameter': 36.71447589590482, 'sphere': {'center': [-4.933524785745028, -1.6530705696306138, 61.79209814046022], 'radius': 12.0}, 'projected_sphere': {'center': [110.49876182859234, 103.41367611694845], 'axes': [240.80748910930532, 240.80748910930532], 'angle': 90.0}, 'model_confidence': 0.9646847855433238, 'model_id': 61, 'model_birth_timestamp': 12311.749401, 'theta': 2.280639819085962, 'phi': -1.8109044522806605, 'norm_pos': [0.24040686104889336, 0.2000674235446478], 'topic': 'pupil.1', 'id': 1, 'method': '3d c++'}"
1580974703.691089,"{'circle_3d': {'center': [-7.081178164687785, 6.180290086137985, 52.95886284411651], 'normal': [-0.17897111491189638, 0.6527800546473832, -0.7361029413619756], 'radius': 1.5968676997009794}, 'confidence': 0.9998217891439998, 'timestamp': 12650.071949, 'diameter_3d': 3.193735399401959, 'ellipse': {'center': [77.13897805197847, 192.1130631454684], 'axes': [23.702302512217145, 37.53507722872124], 'angle': -70.6586178244772}, 'location': [77.13897805197847, 192.1130631454684], 'diameter': 37.53507722872124, 'sphere': {'center': [-4.933524785745028, -1.6530705696306138, 61.79209814046022], 'radius': 12.0}, 'projected_sphere': {'center': [110.49876182859234, 103.41367611694845], 'axes': [240.80748910930532, 240.80748910930532], 'angle': 90.0}, 'model_confidence': 0.9647578387502187, 'model_id': 61, 'model_birth_timestamp': 12311.749401, 'theta': 2.282044796556871, 'phi': -1.8093018164140782, 'norm_pos': [0.24105930641243273, 0.1995289035605483], 'topic': 'pupil.1', 'id': 1, 'method': '3d c++'}"
1580974703.698997,"{'circle_3d': {'center': [-7.075133930187182, 6.178407934488181, 52.95572701244805], 'normal': [-0.1784674287035128, 0.6526232086765662, -0.7363642606676803], 'radius': 1.5711621862053575}, 'confidence': 0.9753089228856342, 'timestamp': 12650.080349, 'diameter_3d': 3.142324372410715, 'ellipse': {'center': [77.20344658935834, 192.10291650505172], 'axes': [23.335923684378532, 36.932792847531026], 'angle': -70.6922564249046}, 'location': [77.20344658935834, 192.10291650505172], 'diameter': 36.932792847531026, 'sphere': {'center': [-4.933524785745028, -1.6530705696306138, 61.79209814046022], 'radius': 12.0}, 'projected_sphere': {'center': [110.49876182859234, 103.41367611694845], 'axes': [240.80748910930532, 240.80748910930532], 'angle': 90.0}, 'model_confidence': 0.964691000944895, 'model_id': 61, 'model_birth_timestamp': 12311.749401, 'theta': 2.2818377706147, 'phi': -1.8085743814285171, 'norm_pos': [0.2412607705917448, 0.19957118122895112], 'topic': 'pupil.1', 'id': 1, 'method': '3d c++'}"
1580974703.706982,"{'circle_3d': {'center': [-7.07069101394725, 6.190016753262224, 52.964952409335716], 'normal': [-0.17809718568351846, 0.6535906102410699, -0.7355954775937086], 'radius': 1.5628233305682118}, 'confidence': 0.9716430346760531, 'timestamp': 12650.088749, 'diameter_3d': 3.1256466611364235, 'ellipse': {'center': [77.26918713589794, 192.2287656650427], 'axes': [23.17355256620589, 36.73031538802334], 'angle': -70.75391608042156}, 'location': [77.26918713589794, 192.2287656650427], 'diameter': 36.73031538802334, 'sphere': {'center': [-4.933524785745028, -1.6530705696306138, 61.79209814046022], 'radius': 12.0}, 'projected_sphere': {'center': [110.49876182859234, 103.41367611694845], 'axes': [240.80748910930532, 240.80748910930532], 'angle': 90.0}, 'model_confidence': 0.9646028700207365, 'model_id': 61, 'model_birth_timestamp': 12311.749401, 'theta': 2.283115263780548, 'phi': -1.8083382129646026, 'norm_pos': [0.24146620979968106, 0.1990468097289888], 'topic': 'pupil.1', 'id': 1, 'method': '3d c++'}"
1580974703.714751,"{'circle_3d': {'center': [-7.05703629033548, 6.190628297537192, 52.962200804077284], 'normal': [-0.17695929204920427, 0.6536415722639838, -0.7358247780319114], 'radius': 1.5985225917770558}, 'confidence': 0.9999894095696031, 'timestamp': 12650.097149, 'diameter_3d': 3.1970451835541116, 'ellipse': {'center': [77.4261210646381, 192.22887768904246], 'axes': [23.719783590677327, 37.571641892164514], 'angle': -70.84346475356853}, 'location': [77.4261210646381, 192.22887768904246], 'diameter': 37.571641892164514, 'sphere': {'center': [-4.933524785745028, -1.6530705696306138, 61.79209814046022], 'radius': 12.0}, 'projected_sphere': {'center': [110.49876182859234, 103.41367611694845], 'axes': [240.80748910930532, 240.80748910930532], 'angle': 90.0}, 'model_confidence': 0.9646775766564808, 'model_id': 61, 'model_birth_timestamp': 12311.749401, 'theta': 2.2831826002682774, 'phi': -1.8068055855746075, 'norm_pos': [0.24195662832699405, 0.19904634296232304], 'topic': 'pupil.1', 'id': 1, 'method': '3d c++'}"
1580974703.7270908,"{'circle_3d': {'center': [-7.07866459115018, 6.170698151127219, 52.94975579132231], 'normal': [-0.1787616504504293, 0.6519807267298194, -0.736861862428159], 'radius': 1.5626259851276045}, 'confidence': 0.9997078666597606, 'timestamp': 12650.105549, 'diameter_3d': 3.125251970255209, 'ellipse': {'center': [77.15255440940288, 192.02327631963755], 'axes': [23.23371103161082, 36.736183226115244], 'angle': -70.64754766666582}, 'location': [77.15255440940288, 192.02327631963755], 'diameter': 36.736183226115244, 'sphere': {'center': [-4.933524785745028, -1.6530705696306138, 61.79209814046022], 'radius': 12.0}, 'projected_sphere': {'center': [110.49876182859234, 103.41367611694845], 'axes': [240.80748910930532, 240.80748910930532], 'angle': 90.0}, 'model_confidence': 0.9646103195616207, 'model_id': 61, 'model_birth_timestamp': 12311.749401, 'theta': 2.280990123390368, 'phi': -1.808796919728923, 'norm_pos': [0.241101732529384, 0.19990301533484356], 'topic': 'pupil.1', 'id': 1, 'method': '3d c++'}"
1580974703.734432,"{'circle_3d': {'center': [-7.061749334065859, 6.182315987008426, 52.95595770586068], 'normal': [-0.17735204569340257, 0.65294887971992, -0.7363450362166276], 'radius': 1.5822217928187805}, 'confidence': 0.9999638699920955, 'timestamp': 12650.113949, 'diameter_3d': 3.164443585637561, 'ellipse': {'center': [77.36065946806009, 192.14495658481607], 'axes': [23.503497469357264, 37.192718968061385], 'angle': -70.78957881040661}, 'location': [77.36065946806009, 192.14495658481607], 'diameter': 37.192718968061385, 'sphere': {'center': [-4.933524785745028, -1.6530705696306138, 61.79209814046022], 'radius': 12.0}, 'projected_sphere': {'center': [110.49876182859234, 103.41367611694845], 'axes': [240.80748910930532, 240.80748910930532], 'angle': 90.0}, 'model_confidence': 0.9646599050669336, 'model_id': 61, 'model_birth_timestamp': 12311.749401, 'theta': 2.2822676753723665, 'phi': -1.8071491508436048, 'norm_pos': [0.2417520608376878, 0.19939601422993303], 'topic': 'pupil.1', 'id': 1, 'method': '3d c++'}"
1580974703.744441,"{'circle_3d': {'center': [-7.053977042159677, 6.172422342002642, 52.94532794347626], 'normal': [-0.17670435470122076, 0.6521244093027714, -0.7372308497486637], 'radius': 1.571689298868424}, 'confidence': 0.9996983194232707, 'timestamp': 12650.122349, 'diameter_3d': 3.143378597736848, 'ellipse': {'center': [77.4345294097671, 192.04657162225988], 'axes': [23.395466137920874, 36.952434362387635], 'angle': -70.81167267104398}, 'location': [77.4345294097671, 192.04657162225988], 'diameter': 36.952434362387635, 'sphere': {'center': [-4.933524785745028, -1.6530705696306138, 61.79209814046022], 'radius': 12.0}, 'projected_sphere': {'center': [110.49876182859234, 103.41367611694845], 'axes': [240.80748910930532, 240.80748910930532], 'angle': 90.0}, 'model_confidence': 0.9646437236924488, 'model_id': 61, 'model_birth_timestamp': 12311.749401, 'theta': 2.2811796347945483, 'phi': -1.8060449537334398, 'norm_pos': [0.24198290440552217, 0.19980595157391723], 'topic': 'pupil.1', 'id': 1, 'method': '3d c++'}"
1580974703.7507892,"{'circle_3d': {'center': [-7.0674011272086545, 6.180373743610563, 52.95559872323106], 'normal': [-0.1778230284553022, 0.6527870261034314, -0.7363749514357633], 'radius': 1.5757199165060443}, 'confidence': 0.9995022749280782, 'timestamp': 12650.130749, 'diameter_3d': 3.1514398330120885, 'ellipse': {'center': [77.29378235763195, 192.12468885077777], 'axes': [23.4066381456112, 37.040066831465765], 'angle': -70.74765562122289}, 'location': [77.29378235763195, 192.12468885077777], 'diameter': 37.040066831465765, 'sphere': {'center': [-4.933524785745028, -1.6530705696306138, 61.79209814046022], 'radius': 12.0}, 'projected_sphere': {'center': [110.49876182859234, 103.41367611694845], 'axes': [240.80748910930532, 240.80748910930532], 'angle': 90.0}, 'model_confidence': 0.9645918790152086, 'model_id': 61, 'model_birth_timestamp': 12311.749401, 'theta': 2.282053999258719, 'phi': -1.8077443444407333, 'norm_pos': [0.24154306986759985, 0.19948046312175927], 'topic': 'pupil.1', 'id': 1, 'method': '3d c++'}"
1580974703.7590468,"{'circle_3d': {'center': [-7.063406863991406, 6.167097766561513, 52.94288520786655], 'normal': [-0.17749017318719812, 0.6516806946826773, -0.737434411049472], 'radius': 1.57469334977708}, 'confidence': 0.99984738164733, 'timestamp': 12650.139149, 'diameter_3d': 3.14938669955416, 'ellipse': {'center': [77.32075038655591, 191.98669944324868], 'axes': [23.447912242561003, 37.02479183483188], 'angle': -70.73564271500467}, 'location': [77.32075038655591, 191.98669944324868], 'diameter': 37.02479183483188, 'sphere': {'center': [-4.933524785745028, -1.6530705696306138, 61.79209814046022], 'radius': 12.0}, 'projected_sphere': {'center': [110.49876182859234, 103.41367611694845], 'axes': [240.80748910930532, 240.80748910930532], 'angle': 90.0}, 'model_confidence': 0.9646458431420313, 'model_id': 61, 'model_birth_timestamp': 12311.749401, 'theta': 2.280594492989815, 'phi': -1.806989889151207, 'norm_pos': [0.24162734495798724, 0.20005541898646384], 'topic': 'pupil.1', 'id': 1, 'method': '3d c++'}"
1580974703.7665439,"{'circle_3d': {'center': [-7.067563603659733, 6.201827927237188, 52.974703518037046], 'normal': [-0.1778365681595587, 0.6545748747389835, -0.7347828852019314], 'radius': 1.5770494354388556}, 'confidence': 0.9997279696041557, 'timestamp': 12650.147549, 'diameter_3d': 3.154098870877711, 'ellipse': {'center': [77.32144834611789, 192.34955049428592], 'axes': [23.343226285358647, 37.057999494136666], 'angle': -70.80748826671766}, 'location': [77.32144834611789, 192.34955049428592], 'diameter': 37.057999494136666, 'sphere': {'center': [-4.933524785745028, -1.6530705696306138, 61.79209814046022], 'radius': 12.0}, 'projected_sphere': {'center': [110.49876182859234, 103.41367611694845], 'axes': [240.80748910930532, 240.80748910930532], 'angle': 90.0}, 'model_confidence': 0.9645912741029439, 'model_id': 61, 'model_birth_timestamp': 12311.749401, 'theta': 2.284416473174773, 'phi': -1.8082560901163394, 'norm_pos': [0.24162952608161842, 0.198543539607142], 'topic': 'pupil.1', 'id': 1, 'method': '3d c++'}"
1580974703.774466,"{'circle_3d': {'center': [-7.065171296048098, 6.172325328065483, 52.94793270784682], 'normal': [-0.1776372091919225, 0.6521163248080081, -0.737013786051117], 'radius': 1.573307424362586}, 'confidence': 0.9988415583986746, 'timestamp': 12650.155949, 'diameter_3d': 3.146614848725172, 'ellipse': {'center': [77.3078680646724, 192.04152049515255], 'axes': [23.40477154233869, 36.98867460628401], 'angle': -70.73914463311267}, 'location': [77.3078680646724, 192.04152049515255], 'diameter': 36.98867460628401, 'sphere': {'center': [-4.933524785745028, -1.6530705696306138, 61.79209814046022], 'radius': 12.0}, 'projected_sphere': {'center': [110.49876182859234, 103.41367611694845], 'axes': [240.80748910930532, 240.80748910930532], 'angle': 90.0}, 'model_confidence': 0.9642491381109508, 'model_id': 61, 'model_birth_timestamp': 12311.749401, 'theta': 2.2811689708583045, 'phi': -1.8073082843386687, 'norm_pos': [0.24158708770210127, 0.19982699793686431], 'topic': 'pupil.1', 'id': 1, 'method': '3d c++'}"
1580974703.783036,"{'circle_3d': {'center': [-7.054513556636152, 6.207231367887919, 52.9763701452918], 'normal': [-0.17674906424092704, 0.6550251614598778, -0.734643999597368], 'radius': 1.5631219799186187}, 'confidence': 0.9998560553534265, 'timestamp': 12650.164349, 'diameter_3d': 3.1262439598372374, 'ellipse': {'center': [77.47571006255079, 192.41455769787072], 'axes': [23.133752014625347, 36.72944681438709], 'angle': -70.90675488451984}, 'location': [77.47571006255079, 192.41455769787072], 'diameter': 36.72944681438709, 'sphere': {'center': [-4.933524785745028, -1.6530705696306138, 61.79209814046022], 'radius': 12.0}, 'projected_sphere': {'center': [110.49876182859234, 103.41367611694845], 'axes': [240.80748910930532, 240.80748910930532], 'angle': 90.0}, 'model_confidence': 0.9642220246467104, 'model_id': 61, 'model_birth_timestamp': 12311.749401, 'theta': 2.2850122464525815, 'phi': -1.8069004692039572, 'norm_pos': [0.24211159394547122, 0.19827267625887202], 'topic': 'pupil.1', 'id': 1, 'method': '3d c++'}"
1580974703.790766,"{'circle_3d': {'center': [-7.061962246912792, 6.192306828889514, 52.96487845084745], 'normal': [-0.1773697884306469, 0.6537814498766773, -0.7356016408010638], 'radius': 1.5683007568866858}, 'confidence': 0.9947096515145231, 'timestamp': 12650.172748, 'diameter_3d': 3.1366015137733716, 'ellipse': {'center': [77.37126541595629, 192.25398486923834], 'axes': [23.2578599954266, 36.85915610815012], 'angle': -70.81659049094891}, 'location': [77.37126541595629, 192.25398486923834], 'diameter': 36.85915610815012, 'sphere': {'center': [-4.933524785745028, -1.6530705696306138, 61.79209814046022], 'radius': 12.0}, 'projected_sphere': {'center': [110.49876182859234, 103.41367611694845], 'axes': [240.80748910930532, 240.80748910930532], 'angle': 90.0}, 'model_confidence': 0.964150439341871, 'model_id': 61, 'model_birth_timestamp': 12311.749401, 'theta': 2.2833674416946494, 'phi': -1.8074019933750969, 'norm_pos': [0.2417852044248634, 0.19894172971150692], 'topic': 'pupil.1', 'id': 1, 'method': '3d c++'}"
1580974703.7986848,"{'circle_3d': {'center': [-7.05927281102889, 6.212945934766815, 52.982615767156496], 'normal': [-0.17714566877365512, 0.6555013753664524, -0.7341235311086436], 'radius': 1.5635000613800336}, 'confidence': 0.9999163176962573, 'timestamp': 12650.181148, 'diameter_3d': 3.1270001227600672, 'ellipse': {'center': [77.42979321125492, 192.4728755398942], 'axes': [23.110966476571882, 36.73401345373177], 'angle': -70.89226663969222}, 'location': [77.42979321125492, 192.4728755398942], 'diameter': 36.73401345373177, 'sphere': {'center': [-4.933524785745028, -1.6530705696306138, 61.79209814046022], 'radius': 12.0}, 'projected_sphere': {'center': [110.49876182859234, 103.41367611694845], 'axes': [240.80748910930532, 240.80748910930532], 'angle': 90.0}, 'model_confidence': 0.9641608612089736, 'model_id': 61, 'model_birth_timestamp': 12311.749401, 'theta': 2.285642658898013, 'phi': -1.8075722802720922, 'norm_pos': [0.2419681037851716, 0.19802968525044085], 'topic': 'pupil.1', 'id': 1, 'method': '3d c++'}"
1580974703.8107982,"{'circle_3d': {'center': [-7.065005177388685, 6.192697680010493, 52.96596014511015], 'normal': [-0.17762336597030476, 0.6538140208034257, -0.7355114996125056], 'radius': 1.5620347980496676}, 'confidence': 0.9999628084275584, 'timestamp': 12650.189548, 'diameter_3d': 3.124069596099335, 'ellipse': {'center': [77.33710100959904, 192.25897127197072], 'axes': [23.159261865743936, 36.711081154775606], 'angle': -70.79812664301213}, 'location': [77.33710100959904, 192.25897127197072], 'diameter': 36.711081154775606, 'sphere': {'center': [-4.933524785745028, -1.6530705696306138, 61.79209814046022], 'radius': 12.0}, 'projected_sphere': {'center': [110.49876182859234, 103.41367611694845], 'axes': [240.80748910930532, 240.80748910930532], 'angle': 90.0}, 'model_confidence': 0.9642154419125082, 'model_id': 61, 'model_birth_timestamp': 12311.749401, 'theta': 2.2834104868190495, 'phi': -1.807755710788943, 'norm_pos': [0.241678440654997, 0.19892095303345536], 'topic': 'pupil.1', 'id': 1, 'method': '3d c++'}"
1580974703.8189282,"{'circle_3d': {'center': [-7.077144648746142, 6.2016443842209625, 52.97686434454263], 'normal': [-0.17863498858342608, 0.6545595794876314, -0.7346028163264652], 'radius': 1.5570981444378138}, 'confidence': 0.9994084125528195, 'timestamp': 12650.197948, 'diameter_3d': 3.1141962888756276, 'ellipse': {'center': [77.211967038517, 192.3504493912538], 'axes': [23.03545408178031, 36.58749554116456], 'angle': -70.74545010512362}, 'location': [77.211967038517, 192.3504493912538], 'diameter': 36.58749554116456, 'sphere': {'center': [-4.933524785745028, -1.6530705696306138, 61.79209814046022], 'radius': 12.0}, 'projected_sphere': {'center': [110.49876182859234, 103.41367611694845], 'axes': [240.80748910930532, 240.80748910930532], 'angle': 90.0}, 'model_confidence': 0.9640975934989027, 'model_id': 61, 'model_birth_timestamp': 12311.749401, 'theta': 2.2843962414625003, 'phi': -1.809338580799991, 'norm_pos': [0.24128739699536564, 0.1985397942031092], 'topic': 'pupil.1', 'id': 1, 'method': '3d c++'}"
1580974703.827549,"{'circle_3d': {'center': [-7.082200796219169, 6.193694040090987, 52.97101676901638], 'normal': [-0.1790563342061784, 0.6538970508101335, -0.7350901142869866], 'radius': 1.5440254828219648}, 'confidence': 0.999710829069839, 'timestamp': 12650.206348, 'diameter_3d': 3.0880509656439297, 'ellipse': {'center': [77.14325999247231, 192.26919492764455], 'axes': [22.865261945863445, 36.28419419587802], 'angle': -70.69040671078673}, 'location': [77.14325999247231, 192.26919492764455], 'diameter': 36.28419419587802, 'sphere': {'center': [-4.933524785745028, -1.6530705696306138, 61.79209814046022], 'radius': 12.0}, 'projected_sphere': {'center': [110.49876182859234, 103.41367611694845], 'axes': [240.80748910930532, 240.80748910930532], 'angle': 90.0}, 'model_confidence': 0.9641883250136041, 'model_id': 61, 'model_birth_timestamp': 12311.749401, 'theta': 2.283520224958541, 'phi': -1.8097275301718376, 'norm_pos': [0.24107268747647598, 0.19887835446814772], 'topic': 'pupil.1', 'id': 1, 'method': '3d c++'}"
1580974703.8344572,"{'circle_3d': {'center': [-7.0656748391236235, 6.172151950949331, 52.94790068374962], 'normal': [-0.17767917111488288, 0.6521018767149954, -0.7370164547258827], 'radius': 1.569875732731399}, 'confidence': 0.9999574858932218, 'timestamp': 12650.214748, 'diameter_3d': 3.139751465462798, 'ellipse': {'center': [77.30176975686926, 192.04055784226404], 'axes': [23.353662986227405, 36.90798425688196], 'angle': -70.73541466714546}, 'location': [77.30176975686926, 192.04055784226404], 'diameter': 36.90798425688196, 'sphere': {'center': [-4.933524785745028, -1.6530705696306138, 61.79209814046022], 'radius': 12.0}, 'projected_sphere': {'center': [110.49876182859234, 103.41367611694845], 'axes': [240.80748910930532, 240.80748910930532], 'angle': 90.0}, 'model_confidence': 0.9644424896629533, 'model_id': 61, 'model_birth_timestamp': 12311.749401, 'theta': 2.2811499131957347, 'phi': -1.8073612678317676, 'norm_pos': [0.24156803049021644, 0.1998310089905665], 'topic': 'pupil.1', 'id': 1, 'method': '3d c++'}"
1580974703.842978,"{'circle_3d': {'center': [-7.081038624863201, 6.156165825278107, 52.937494183239494], 'normal': [-0.17895948659318103, 0.6507696995757267, -0.7378836631017274], 'radius': 1.5509420753032215}, 'confidence': 0.999697859263137, 'timestamp': 12650.223148, 'diameter_3d': 3.101884150606443, 'ellipse': {'center': [77.10526419130329, 191.87311214279015], 'axes': [23.111666057779104, 36.469814711744], 'angle': -70.59071476136889}, 'location': [77.10526419130329, 191.87311214279015], 'diameter': 36.469814711744, 'sphere': {'center': [-4.933524785745028, -1.6530705696306138, 61.79209814046022], 'radius': 12.0}, 'projected_sphere': {'center': [110.49876182859234, 103.41367611694845], 'axes': [240.80748910930532, 240.80748910930532], 'angle': 90.0}, 'model_confidence': 0.9646320762205618, 'model_id': 61, 'model_birth_timestamp': 12311.749401, 'theta': 2.2793940530857264, 'phi': -1.808732858129993, 'norm_pos': [0.2409539505978228, 0.20052869940504103], 'topic': 'pupil.1', 'id': 1, 'method': '3d c++'}"
1580974703.850785,"{'circle_3d': {'center': [-7.0594010219098955, 6.202288636629458, 52.973142308325976], 'normal': [-0.17715635301373897, 0.6546132671883393, -0.7349129860111872], 'radius': 1.5386471295706141}, 'confidence': 0.9999484658014882, 'timestamp': 12650.231548, 'diameter_3d': 3.0772942591412282, 'ellipse': {'center': [77.41251485934636, 192.3682998178111], 'axes': [22.783460119765177, 36.1563169351994], 'angle': -70.86142824803058}, 'location': [77.41251485934636, 192.3682998178111], 'diameter': 36.1563169351994, 'sphere': {'center': [-4.933524785745028, -1.6530705696306138, 61.79209814046022], 'radius': 12.0}, 'projected_sphere': {'center': [110.49876182859234, 103.41367611694845], 'axes': [240.80748910930532, 240.80748910930532], 'angle': 90.0}, 'model_confidence': 0.9648171167265907, 'model_id': 61, 'model_birth_timestamp': 12311.749401, 'theta': 2.284467258144074, 'phi': -1.8073410574630195, 'norm_pos': [0.24191410893545737, 0.19846541742578705], 'topic': 'pupil.1', 'id': 1, 'method': '3d c++'}"
1580974703.8593972,"{'circle_3d': {'center': [-7.050412616842197, 6.199092880530278, 52.96813559166673], 'normal': [-0.17640731925809738, 0.6543469541800744, -0.7353302123994575], 'radius': 1.5592779855220775}, 'confidence': 0.9998350887465197, 'timestamp': 12650.239948, 'diameter_3d': 3.118555971044155, 'ellipse': {'center': [77.51072283388348, 192.33158121278464], 'axes': [23.11348946130543, 36.64476848151473], 'angle': -70.91020481234015}, 'location': [77.51072283388348, 192.33158121278464], 'diameter': 36.64476848151473, 'sphere': {'center': [-4.933524785745028, -1.6530705696306138, 61.79209814046022], 'radius': 12.0}, 'projected_sphere': {'center': [110.49876182859234, 103.41367611694845], 'axes': [240.80748910930532, 240.80748910930532], 'angle': 90.0}, 'model_confidence': 0.9652240756581554, 'model_id': 61, 'model_birth_timestamp': 12311.749401, 'theta': 2.2841150291630314, 'phi': -1.8062488108199557, 'norm_pos': [0.24222100885588588, 0.19861841161339733], 'topic': 'pupil.1', 'id': 1, 'method': '3d c++'}"
1580974703.8668559,"{'circle_3d': {'center': [-7.035368571145792, 6.201611366982471, 52.96678090103951], 'normal': [-0.17515364878339698, 0.6545568280510904, -0.7354431032850589], 'radius': 1.5340685165709766}, 'confidence': 0.9954853686248191, 'timestamp': 12650.248348, 'diameter_3d': 3.0681370331419533, 'ellipse': {'center': [77.68313765744887, 192.370160145246], 'axes': [22.749802351771415, 36.053009157295925], 'angle': -71.01435483868035}, 'location': [77.68313765744887, 192.370160145246], 'diameter': 36.053009157295925, 'sphere': {'center': [-4.933524785745028, -1.6530705696306138, 61.79209814046022], 'radius': 12.0}, 'projected_sphere': {'center': [110.49876182859234, 103.41367611694845], 'axes': [240.80748910930532, 240.80748910930532], 'angle': 90.0}, 'model_confidence': 0.9656168443198276, 'model_id': 61, 'model_birth_timestamp': 12311.749401, 'theta': 2.284392602052078, 'phi': -1.8046014625336793, 'norm_pos': [0.24275980517952772, 0.19845766606147508], 'topic': 'pupil.1', 'id': 1, 'method': '3d c++'}"
1580974703.8747861,"{'circle_3d': {'center': [-7.067931775268318, 6.211356366508959, 52.983290288702044], 'normal': [-0.1778672491269408, 0.6553689113449643, -0.734067320979848], 'radius': 1.499154442357639}, 'confidence': 0.9989535440649162, 'timestamp': 12650.256748, 'diameter_3d': 2.998308884715278, 'ellipse': {'center': [77.32674526273726, 192.4720250140096], 'axes': [22.153777093496334, 35.221202955567726], 'angle': -70.83234344687484}, 'location': [77.32674526273726, 192.4720250140096], 'diameter': 35.221202955567726, 'sphere': {'center': [-4.933524785745028, -1.6530705696306138, 61.79209814046022], 'radius': 12.0}, 'projected_sphere': {'center': [110.49876182859234, 103.41367611694845], 'axes': [240.80748910930532, 240.80748910930532], 'angle': 90.0}, 'model_confidence': 0.9655307958798764, 'model_id': 61, 'model_birth_timestamp': 12311.749401, 'theta': 2.285467268278499, 'phi': -1.8085184269636991, 'norm_pos': [0.24164607894605394, 0.19803322910829335], 'topic': 'pupil.1', 'id': 1, 'method': '3d c++'}"
1580974703.883548,"{'circle_3d': {'center': [-7.063111945755196, 6.1933012824624445, 52.966039717437994], 'normal': [-0.177465596667514, 0.6538643210077549, -0.7355048685851854], 'radius': 1.5111768507752223}, 'confidence': 0.9997003578921629, 'timestamp': 12650.265148, 'diameter_3d': 3.0223537015504447, 'ellipse': {'center': [77.35693544457096, 192.28068372872275], 'axes': [22.40488796568345, 35.515300825236224], 'angle': -70.81219489001295}, 'location': [77.35693544457096, 192.28068372872275], 'diameter': 35.515300825236224, 'sphere': {'center': [-4.933524785745028, -1.6530705696306138, 61.79209814046022], 'radius': 12.0}, 'projected_sphere': {'center': [110.49876182859234, 103.41367611694845], 'axes': [240.80748910930532, 240.80748910930532], 'angle': 90.0}, 'model_confidence': 0.9657516585892645, 'model_id': 61, 'model_birth_timestamp': 12311.749401, 'theta': 2.2834769657690477, 'phi': -1.8075550741984292, 'norm_pos': [0.24174042326428427, 0.19883048446365525], 'topic': 'pupil.1', 'id': 1, 'method': '3d c++'}"
1580974703.8943932,"{'circle_3d': {'center': [-7.0503333472527006, 6.182434109432027, 52.95332062666821], 'normal': [-0.17640071345897268, 0.6529587232552201, -0.7365647928160008], 'radius': 1.5257525818935507}, 'confidence': 0.9998081309307937, 'timestamp': 12650.273548, 'diameter_3d': 3.0515051637871013, 'ellipse': {'center': [77.48723901332704, 192.16642220261718], 'axes': [22.678565154179605, 35.866583096648206], 'angle': -70.86373195839856}, 'location': [77.48723901332704, 192.16642220261718], 'diameter': 35.866583096648206, 'sphere': {'center': [-4.933524785745028, -1.6530705696306138, 61.79209814046022], 'radius': 12.0}, 'projected_sphere': {'center': [110.49876182859234, 103.41367611694845], 'axes': [240.80748910930532, 240.80748910930532], 'angle': 90.0}, 'model_confidence': 0.966414586249098, 'model_id': 61, 'model_birth_timestamp': 12311.749401, 'theta': 2.282280671892966, 'phi': -1.8058600694569646, 'norm_pos': [0.24214762191664702, 0.1993065741557617], 'topic': 'pupil.1', 'id': 1, 'method': '3d c++'}"
1580974703.902812,"{'circle_3d': {'center': [-7.062705756585438, 6.204541592745322, 52.97594708123415], 'normal': [-0.17743174757003416, 0.654801013531328, -0.7346792549355055], 'radius': 1.5195653644436993}, 'confidence': 0.9989449002148182, 'timestamp': 12650.281948, 'diameter_3d': 3.0391307288873985, 'ellipse': {'center': [77.37736552682755, 192.39639632293756], 'axes': [22.487950504669637, 35.70585907277934], 'angle': -70.84660034310751}, 'location': [77.37736552682755, 192.39639632293756], 'diameter': 35.70585907277934, 'sphere': {'center': [-4.933524785745028, -1.6530705696306138, 61.79209814046022], 'radius': 12.0}, 'projected_sphere': {'center': [110.49876182859234, 103.41367611694845], 'axes': [240.80748910930532, 240.80748910930532], 'angle': 90.0}, 'model_confidence': 0.9662172890997578, 'model_id': 61, 'model_birth_timestamp': 12311.749401, 'theta': 2.284715638428868, 'phi': -1.8077677562374241, 'norm_pos': [0.24180426727133608, 0.19834834865442685], 'topic': 'pupil.1', 'id': 1, 'method': '3d c++'}"
1580974703.910413,"{'circle_3d': {'center': [-7.067026831580586, 6.201773731256791, 52.974525343526125], 'normal': [-0.17779183715296315, 0.6545703584072837, -0.7347977330778412], 'radius': 1.5232982491010487}, 'confidence': 0.9999207240639773, 'timestamp': 12650.290348, 'diameter_3d': 3.0465964982020974, 'ellipse': {'center': [77.32488786437807, 192.36489146889923], 'axes': [22.54790729947314, 35.794562531074476], 'angle': -70.81096562482323}, 'location': [77.32488786437807, 192.36489146889923], 'diameter': 35.794562531074476, 'sphere': {'center': [-4.933524785745028, -1.6530705696306138, 61.79209814046022], 'radius': 12.0}, 'projected_sphere': {'center': [110.49876182859234, 103.41367611694845], 'axes': [240.80748910930532, 240.80748910930532], 'angle': 90.0}, 'model_confidence': 0.9663024758531313, 'model_id': 61, 'model_birth_timestamp': 12311.749401, 'theta': 2.2844104991841947, 'phi': -1.8081939625254018, 'norm_pos': [0.24164027457618148, 0.19847961887958654], 'topic': 'pupil.1', 'id': 1, 'method': '3d c++'}"
1580974703.9202318,"{'circle_3d': {'center': [-7.06636004272582, 6.184760765515737, 52.95923825657337], 'normal': [-0.17773627141506593, 0.6531526112621959, -0.736071656990571], 'radius': 1.520520637644512}, 'confidence': 0.9998633289471314, 'timestamp': 12650.298748, 'diameter_3d': 3.041041275289024, 'ellipse': {'center': [77.3089265190977, 192.187270985385], 'axes': [22.571086765016815, 35.73955635305612], 'angle': -70.7670152972293}, 'location': [77.3089265190977, 192.187270985385], 'diameter': 35.73955635305612, 'sphere': {'center': [-4.933524785745028, -1.6530705696306138, 61.79209814046022], 'radius': 12.0}, 'projected_sphere': {'center': [110.49876182859234, 103.41367611694845], 'axes': [240.80748910930532, 240.80748910930532], 'angle': 90.0}, 'model_confidence': 0.9663681112425326, 'model_id': 61, 'model_birth_timestamp': 12311.749401, 'theta': 2.282536693908335, 'phi': -1.8077269935895592, 'norm_pos': [0.2415903953721803, 0.19921970422756252], 'topic': 'pupil.1', 'id': 1, 'method': '3d c++'}"
1580974703.926472,"{'circle_3d': {'center': [-7.078068044807219, 6.196383266052221, 52.972403775489575], 'normal': [-0.17871193825518256, 0.6541211529735697, -0.7349745304142205], 'radius': 1.5197018878863686}, 'confidence': 0.9996028231907941, 'timestamp': 12650.307148, 'diameter_3d': 3.0394037757727372, 'ellipse': {'center': [77.19251061697891, 192.3057945580756], 'axes': [22.50021152841865, 35.71144456564574], 'angle': -70.72469752033547}, 'location': [77.19251061697891, 192.3057945580756], 'diameter': 35.71144456564574, 'sphere': {'center': [-4.933524785745028, -1.6530705696306138, 61.79209814046022], 'radius': 12.0}, 'projected_sphere': {'center': [110.49876182859234, 103.41367611694845], 'axes': [240.80748910930532, 240.80748910930532], 'angle': 90.0}, 'model_confidence': 0.9664716821038977, 'model_id': 61, 'model_birth_timestamp': 12311.749401, 'theta': 2.2838164656888575, 'phi': -1.8093213142201594, 'norm_pos': [0.2412265956780591, 0.1987258560080183], 'topic': 'pupil.1', 'id': 1, 'method': '3d c++'}"
1580974703.934797,"{'circle_3d': {'center': [-7.080200114960726, 6.160345268166816, 52.94097855158374], 'normal': [-0.1788896107679748, 0.6511179864831191, -0.73759329907304], 'radius': 1.4941130858371134}, 'confidence': 0.9997831637923239, 'timestamp': 12650.315548, 'diameter_3d': 2.988226171674227, 'ellipse': {'center': [77.1177390562638, 191.93371614906528], 'axes': [22.250055573656088, 35.13069626264645], 'angle': -70.60827854514335}, 'location': [77.1177390562638, 191.93371614906528], 'diameter': 35.13069626264645, 'sphere': {'center': [-4.933524785745028, -1.6530705696306138, 61.79209814046022], 'radius': 12.0}, 'projected_sphere': {'center': [110.49876182859234, 103.41367611694845], 'axes': [240.80748910930532, 240.80748910930532], 'angle': 90.0}, 'model_confidence': 0.9669734032501598, 'model_id': 61, 'model_birth_timestamp': 12311.749401, 'theta': 2.2798528530329754, 'phi': -1.8087335577433818, 'norm_pos': [0.24099293455082438, 0.20027618271222802], 'topic': 'pupil.1', 'id': 1, 'method': '3d c++'}"
1580974703.9432828,"{'circle_3d': {'center': [-7.054353404319346, 6.190391133620539, 52.96134537072033], 'normal': [-0.17673571821452647, 0.6536218086042627, -0.7358960641449905], 'radius': 1.5258074139341558}, 'confidence': 0.999892052243707, 'timestamp': 12650.323948, 'diameter_3d': 3.0516148278683115, 'ellipse': {'center': [77.4526627401701, 192.24871902303158], 'axes': [22.644368753533936, 35.8624502544636], 'angle': -70.86032864073137}, 'location': [77.4526627401701, 192.24871902303158], 'diameter': 35.8624502544636, 'sphere': {'center': [-4.933524785745028, -1.6530705696306138, 61.79209814046022], 'radius': 12.0}, 'projected_sphere': {'center': [110.49876182859234, 103.41367611694845], 'axes': [240.80748910930532, 240.80748910930532], 'angle': 90.0}, 'model_confidence': 0.9672971366576189, 'model_id': 61, 'model_birth_timestamp': 12311.749401, 'theta': 2.2831564859375737, 'phi': -1.8064963388143678, 'norm_pos': [0.24203957106303156, 0.19896367073736843], 'topic': 'pupil.1', 'id': 1, 'method': '3d c++'}"
1580974703.950342,"{'circle_3d': {'center': [-7.065635526895582, 6.195770844839084, 52.96884521209101], 'normal': [-0.17767589509587947, 0.6540701178724748, -0.7352710773641005], 'radius': 1.4685379902175024}, 'confidence': 0.9929889924154898, 'timestamp': 12650.332348, 'diameter_3d': 2.937075980435005, 'ellipse': {'center': [77.3298480195134, 192.31780569134003], 'axes': [21.76017185958672, 34.51102520568026], 'angle': -70.80308598004599}, 'location': [77.3298480195134, 192.31780569134003], 'diameter': 34.51102520568026, 'sphere': {'center': [-4.933524785745028, -1.6530705696306138, 61.79209814046022], 'radius': 12.0}, 'projected_sphere': {'center': [110.49876182859234, 103.41367611694845], 'axes': [240.80748910930532, 240.80748910930532], 'angle': 90.0}, 'model_confidence': 0.9674028410332047, 'model_id': 61, 'model_birth_timestamp': 12311.749401, 'theta': 2.2837489956980703, 'phi': -1.8078978248844773, 'norm_pos': [0.2416557750609794, 0.19867580961941655], 'topic': 'pupil.1', 'id': 1, 'method': '3d c++'}"
1580974703.958463,"{'circle_3d': {'center': [-7.064173679878855, 6.1908732818822205, 52.9641380055117], 'normal': [-0.17755407451115218, 0.6536619876260695, -0.7356633445790433], 'radius': 1.521023324674522}, 'confidence': 0.9997434608376924, 'timestamp': 12650.340747, 'diameter_3d': 3.042046649349044, 'ellipse': {'center': [77.34205613767469, 192.25202702213733], 'axes': [22.558644379863875, 35.74807842368709], 'angle': -70.79844329772114}, 'location': [77.34205613767469, 192.25202702213733], 'diameter': 35.74807842368709, 'sphere': {'center': [-4.933524785745028, -1.6530705696306138, 61.79209814046022], 'radius': 12.0}, 'projected_sphere': {'center': [110.49876182859234, 103.41367611694845], 'axes': [240.80748910930532, 240.80748910930532], 'angle': 90.0}, 'model_confidence': 0.9674719412749333, 'model_id': 61, 'model_birth_timestamp': 12311.749401, 'theta': 2.2832095763318008, 'phi': -1.807619608347454, 'norm_pos': [0.2416939254302334, 0.1989498874077611], 'topic': 'pupil.1', 'id': 1, 'method': '3d c++'}"
1580974703.96699,"{'circle_3d': {'center': [-7.067371246223169, 6.1839688632317475, 52.95877983922906], 'normal': [-0.17782053837317835, 0.6530866194051967, -0.7361098584359299], 'radius': 1.4919274959944933}, 'confidence': 0.9999516263368493, 'timestamp': 12650.349147, 'diameter_3d': 2.9838549919889865, 'ellipse': {'center': [77.29507770721736, 192.18676982057735], 'axes': [22.147921060654994, 35.06753239878892], 'angle': -70.75834430381411}, 'location': [77.29507770721736, 192.18676982057735], 'diameter': 35.06753239878892, 'sphere': {'center': [-4.933524785745028, -1.6530705696306138, 61.79209814046022], 'radius': 12.0}, 'projected_sphere': {'center': [110.49876182859234, 103.41367611694845], 'axes': [240.80748910930532, 240.80748910930532], 'angle': 90.0}, 'model_confidence': 0.9675570912043852, 'model_id': 61, 'model_birth_timestamp': 12311.749401, 'theta': 2.282449547731444, 'phi': -1.8078233196940248, 'norm_pos': [0.24154711783505425, 0.19922179241426108], 'topic': 'pupil.1', 'id': 1, 'method': '3d c++'}"
1580974703.979063,"{'circle_3d': {'center': [-7.098208155285601, 6.1916305091277195, 52.97309531165002], 'normal': [-0.18039028079504768, 0.6537250898965278, -0.7349169024008501], 'radius': 1.4825845331188914}, 'confidence': 0.9992523286030521, 'timestamp': 12650.357547, 'diameter_3d': 2.9651690662377828, 'ellipse': {'center': [76.9566518514999, 192.25989156227897], 'axes': [21.941540112079117, 34.83843946604655], 'angle': -70.58190540598366}, 'location': [76.9566518514999, 192.25989156227897], 'diameter': 34.83843946604655, 'sphere': {'center': [-4.933524785745028, -1.6530705696306138, 61.79209814046022], 'radius': 12.0}, 'projected_sphere': {'center': [110.49876182859234, 103.41367611694845], 'axes': [240.80748910930532, 240.80748910930532], 'angle': 90.0}, 'model_confidence': 0.9674424995261832, 'model_id': 61, 'model_birth_timestamp': 12311.749401, 'theta': 2.2832929611860706, 'phi': -1.8114943970241433, 'norm_pos': [0.24048953703593717, 0.1989171184905043], 'topic': 'pupil.1', 'id': 1, 'method': '3d c++'}"
1580974703.986861,"{'circle_3d': {'center': [-7.07515498877388, 6.171068889437418, 52.94923311839134], 'normal': [-0.17846918358573763, 0.6520116215890026, -0.7369054185057399], 'radius': 1.493992575908825}, 'confidence': 0.9997752503889538, 'timestamp': 12650.365947, 'diameter_3d': 2.98798515181765, 'ellipse': {'center': [77.18946949133229, 192.0481310610216], 'axes': [22.215681427882377, 35.12240179513607], 'angle': -70.67145103520222}, 'location': [77.18946949133229, 192.0481310610216], 'diameter': 35.12240179513607, 'sphere': {'center': [-4.933524785745028, -1.6530705696306138, 61.79209814046022], 'radius': 12.0}, 'projected_sphere': {'center': [110.49876182859234, 103.41367611694845], 'axes': [240.80748910930532, 240.80748910930532], 'angle': 90.0}, 'model_confidence': 0.9676131043394265, 'model_id': 61, 'model_birth_timestamp': 12311.749401, 'theta': 2.281030869832407, 'phi': -1.8084085157339862, 'norm_pos': [0.2412170921604134, 0.19979945391241005], 'topic': 'pupil.1', 'id': 1, 'method': '3d c++'}"
1580974703.994835,"{'circle_3d': {'center': [-7.083225599716663, 6.16182455601853, 52.94301905924985], 'normal': [-0.17914173449763618, 0.651241260470762, -0.7374232567675306], 'radius': 1.4789726516731072}, 'confidence': 0.9993226898956047, 'timestamp': 12650.374347, 'diameter_3d': 2.9579453033462144, 'ellipse': {'center': [77.08484198234507, 191.95256085266462], 'axes': [22.015203162549387, 34.77323581632129], 'angle': -70.59305316995027}, 'location': [77.08484198234507, 191.95256085266462], 'diameter': 34.77323581632129, 'sphere': {'center': [-4.933524785745028, -1.6530705696306138, 61.79209814046022], 'radius': 12.0}, 'projected_sphere': {'center': [110.49876182859234, 103.41367611694845], 'axes': [240.80748910930532, 240.80748910930532], 'angle': 90.0}, 'model_confidence': 0.9675203689488932, 'model_id': 61, 'model_birth_timestamp': 12311.749401, 'theta': 2.2800152856953306, 'phi': -1.8091092464522367, 'norm_pos': [0.24089013119482833, 0.20019766311389742], 'topic': 'pupil.1', 'id': 1, 'method': '3d c++'}"
1580974704.002608,"{'circle_3d': {'center': [-7.087398049306342, 6.18173859792674, 52.961662405318094], 'normal': [-0.1794894386301095, 0.6529007639631128, -0.7358696445951768], 'radius': 1.492568639747582}, 'confidence': 0.9995753014150986, 'timestamp': 12650.382747, 'diameter_3d': 2.985137279495164, 'ellipse': {'center': [77.06563830094598, 192.15671669945675], 'axes': [22.13966600022742, 35.08069431161431], 'angle': -70.62308037040815}, 'location': [77.06563830094598, 192.15671669945675], 'diameter': 35.08069431161431, 'sphere': {'center': [-4.933524785745028, -1.6530705696306138, 61.79209814046022], 'radius': 12.0}, 'projected_sphere': {'center': [110.49876182859234, 103.41367611694845], 'axes': [240.80748910930532, 240.80748910930532], 'angle': 90.0}, 'model_confidence': 0.9674018954556662, 'model_id': 61, 'model_birth_timestamp': 12311.749401, 'theta': 2.282204149740573, 'phi': -1.8100395185467433, 'norm_pos': [0.24083011969045617, 0.1993470137522635], 'topic': 'pupil.1', 'id': 1, 'method': '3d c++'}"
1580974704.010637,"{'circle_3d': {'center': [-7.080867257383579, 6.186662726838156, 52.96444261083424], 'normal': [-0.17894520596987917, 0.6533111080390642, -0.735637960802165], 'radius': 1.4978956867336395}, 'confidence': 0.9999378417886949, 'timestamp': 12650.391147, 'diameter_3d': 2.995791373467279, 'ellipse': {'center': [77.1464760864339, 192.2090422616229], 'axes': [22.20918318805237, 35.20410512244887], 'angle': -70.6791126939764}, 'location': [77.1464760864339, 192.2090422616229], 'diameter': 35.20410512244887, 'sphere': {'center': [-4.933524785745028, -1.6530705696306138, 61.79209814046022], 'radius': 12.0}, 'projected_sphere': {'center': [110.49876182859234, 103.41367611694845], 'axes': [240.80748910930532, 240.80748910930532], 'angle': 90.0}, 'model_confidence': 0.9674609602859152, 'model_id': 61, 'model_birth_timestamp': 12311.749401, 'theta': 2.282746025106775, 'phi': -1.809413661123608, 'norm_pos': [0.24108273777010597, 0.1991289905765713], 'topic': 'pupil.1', 'id': 1, 'method': '3d c++'}"
1580974704.018937,"{'circle_3d': {'center': [-7.121749366630014, 6.18902383575732, 52.976587462082364], 'normal': [-0.18235204840708213, 0.6535078671156611, -0.7346258898648212], 'radius': 1.4628537676344684}, 'confidence': 0.996395553417938, 'timestamp': 12650.399547, 'diameter_3d': 2.925707535268937, 'ellipse': {'center': [76.68623753300533, 192.2302937993747], 'axes': [21.6284386980532, 34.37235822690533], 'angle': -70.4235297112977}, 'location': [76.68623753300533, 192.2302937993747], 'diameter': 34.37235822690533, 'sphere': {'center': [-4.933524785745028, -1.6530705696306138, 61.79209814046022], 'radius': 12.0}, 'projected_sphere': {'center': [110.49876182859234, 103.41367611694845], 'axes': [240.80748910930532, 240.80748910930532], 'angle': 90.0}, 'model_confidence': 0.9671267525907301, 'model_id': 61, 'model_birth_timestamp': 12311.749401, 'theta': 2.2830059430321725, 'phi': -1.8141031114273256, 'norm_pos': [0.23964449229064164, 0.19904044250260544], 'topic': 'pupil.1', 'id': 1, 'method': '3d c++'}"
1580974704.0266209,"{'circle_3d': {'center': [-7.091775692578568, 6.194918401303498, 52.974444136403996], 'normal': [-0.17985424223612828, 0.6539990809111761, -0.7348045003380185], 'radius': 1.4940077879371125}, 'confidence': 0.9996970218840865, 'timestamp': 12650.407947, 'diameter_3d': 2.988015575874225, 'ellipse': {'center': [77.03439584890099, 192.29328986661525], 'axes': [22.10706375621209, 35.10607887619471], 'angle': -70.63254863853633}, 'location': [77.03439584890099, 192.29328986661525], 'diameter': 35.10607887619471, 'sphere': {'center': [-4.933524785745028, -1.6530705696306138, 61.79209814046022], 'radius': 12.0}, 'projected_sphere': {'center': [110.49876182859234, 103.41367611694845], 'axes': [240.80748910930532, 240.80748910930532], 'angle': 90.0}, 'model_confidence': 0.9671690916063791, 'model_id': 61, 'model_birth_timestamp': 12311.749401, 'theta': 2.2836550891779615, 'phi': -1.8108416618808894, 'norm_pos': [0.24073248702781558, 0.1987779588891031], 'topic': 'pupil.1', 'id': 1, 'method': '3d c++'}"
1580974704.034642,"{'circle_3d': {'center': [-7.061078851337228, 6.182225421121672, 52.955715937585374], 'normal': [-0.17729617213268328, 0.6529413325626905, -0.7363651835729036], 'radius': 1.5083304204775427}, 'confidence': 0.9999130218624108, 'timestamp': 12650.416347, 'diameter_3d': 3.0166608409550855, 'ellipse': {'center': [77.36460419021705, 192.16581200592404], 'axes': [22.40623615255345, 35.45527356691656], 'angle': -70.79389065434052}, 'location': [77.36460419021705, 192.16581200592404], 'diameter': 35.45527356691656, 'sphere': {'center': [-4.933524785745028, -1.6530705696306138, 61.79209814046022], 'radius': 12.0}, 'projected_sphere': {'center': [110.49876182859234, 103.41367611694845], 'axes': [240.80748910930532, 240.80748910930532], 'angle': 90.0}, 'model_confidence': 0.9674563654038848, 'model_id': 61, 'model_birth_timestamp': 12311.749401, 'theta': 2.282257710881904, 'phi': -1.8070712036546084, 'norm_pos': [0.2417643880944283, 0.19930911664198314], 'topic': 'pupil.1', 'id': 1, 'method': '3d c++'}"
1580974704.0425441,"{'circle_3d': {'center': [-7.078997369780517, 6.230914947122338, 53.00348506655705], 'normal': [-0.17878938200295738, 0.656998793062746, -0.7323844228252644], 'radius': 1.508087979938516}, 'confidence': 0.9996312488554331, 'timestamp': 12650.424747, 'diameter_3d': 3.016175959877032, 'ellipse': {'center': [77.22918984149888, 192.6709179160336], 'axes': [22.19872736843491, 35.417697012339794], 'angle': -70.81660170666545}, 'location': [77.22918984149888, 192.6709179160336], 'diameter': 35.417697012339794, 'sphere': {'center': [-4.933524785745028, -1.6530705696306138, 61.79209814046022], 'radius': 12.0}, 'projected_sphere': {'center': [110.49876182859234, 103.41367611694845], 'axes': [240.80748910930532, 240.80748910930532], 'angle': 90.0}, 'model_confidence': 0.9674913804398222, 'model_id': 61, 'model_birth_timestamp': 12311.749401, 'theta': 2.2876271946961406, 'phi': -1.8102328709517657, 'norm_pos': [0.241341218254684, 0.19720450868319328], 'topic': 'pupil.1', 'id': 1, 'method': '3d c++'}"
1580974704.0506198,"{'circle_3d': {'center': [-7.096241762873268, 6.197292972265748, 52.977652750255245], 'normal': [-0.1802264147606866, 0.6541969618246969, -0.7345371158504144], 'radius': 1.4733284026644067}, 'confidence': 0.9991986817622137, 'timestamp': 12650.433147, 'diameter_3d': 2.9466568053288134, 'ellipse': {'center': [76.98626070006867, 192.32254741261318], 'axes': [21.78651729252136, 34.617886259534764], 'angle': -70.61071999025727}, 'location': [76.98626070006867, 192.32254741261318], 'diameter': 34.617886259534764, 'sphere': {'center': [-4.933524785745028, -1.6530705696306138, 61.79209814046022], 'radius': 12.0}, 'projected_sphere': {'center': [110.49876182859234, 103.41367611694845], 'axes': [240.80748910930532, 240.80748910930532], 'angle': 90.0}, 'model_confidence': 0.9675087319525599, 'model_id': 61, 'model_birth_timestamp': 12311.749401, 'theta': 2.2839166946153546, 'phi': -1.8114036841886694, 'norm_pos': [0.2405820646877146, 0.1986560524474451], 'topic': 'pupil.1', 'id': 1, 'method': '3d c++'}"
1580974704.062678,"{'circle_3d': {'center': [-7.100493534722679, 6.2011050767188145, 52.98209409067422], 'normal': [-0.18058072908147088, 0.6545146371957857, -0.7341670041488335], 'radius': 1.4745180294154494}, 'confidence': 0.9978321689120748, 'timestamp': 12650.441547, 'diameter_3d': 2.949036058830899, 'ellipse': {'center': [76.94355961899701, 192.36082927105727], 'axes': [21.784833366091874, 34.64294915061706], 'angle': -70.59432037763003}, 'location': [76.94355961899701, 192.36082927105727], 'diameter': 34.64294915061706, 'sphere': {'center': [-4.933524785745028, -1.6530705696306138, 61.79209814046022], 'radius': 12.0}, 'projected_sphere': {'center': [110.49876182859234, 103.41367611694845], 'axes': [240.80748910930532, 240.80748910930532], 'angle': 90.0}, 'model_confidence': 0.9674341804053688, 'model_id': 61, 'model_birth_timestamp': 12311.749401, 'theta': 2.2843367963356895, 'phi': -1.8119754757365825, 'norm_pos': [0.24044862380936566, 0.19849654470392808], 'topic': 'pupil.1', 'id': 1, 'method': '3d c++'}"
1580974704.070271,"{'circle_3d': {'center': [-7.0946819600930695, 6.193210881665745, 52.97363642342552], 'normal': [-0.18009643119567012, 0.6538567876080299, -0.7348718097528921], 'radius': 1.4811430570872204}, 'confidence': 0.9838667967110456, 'timestamp': 12650.449947, 'diameter_3d': 2.9622861141744408, 'ellipse': {'center': [76.99860530997398, 192.2780326679679], 'axes': [21.919013762595913, 34.8042018073607], 'angle': -70.60905941378964}, 'location': [76.99860530997398, 192.2780326679679], 'diameter': 34.8042018073607, 'sphere': {'center': [-4.933524785745028, -1.6530705696306138, 61.79209814046022], 'radius': 12.0}, 'projected_sphere': {'center': [110.49876182859234, 103.41367611694845], 'axes': [240.80748910930532, 240.80748910930532], 'angle': 90.0}, 'model_confidence': 0.9673989915217396, 'model_id': 61, 'model_birth_timestamp': 12311.749401, 'theta': 2.283467009055325, 'phi': -1.8111314277090047, 'norm_pos': [0.2406206415936687, 0.19884153055013376], 'topic': 'pupil.1', 'id': 1, 'method': '3d c++'}"
1580974704.079,"{'circle_3d': {'center': [-7.09575479302831, 6.181635841800537, 52.9636137381246], 'normal': [-0.1801858339402735, 0.6528922009525959, -0.7357070335279684], 'radius': 1.4915777636628176}, 'confidence': 0.9998268894189202, 'timestamp': 12650.458347, 'diameter_3d': 2.983155527325635, 'ellipse': {'center': [76.97100844046017, 192.15320995210416], 'axes': [22.11446276796577, 35.056104089707496], 'angle': -70.5690622499029}, 'location': [76.97100844046017, 192.15320995210416], 'diameter': 35.056104089707496, 'sphere': {'center': [-4.933524785745028, -1.6530705696306138, 61.79209814046022], 'radius': 12.0}, 'projected_sphere': {'center': [110.49876182859234, 103.41367611694845], 'axes': [240.80748910930532, 240.80748910930532], 'angle': 90.0}, 'model_confidence': 0.9675569742948698, 'model_id': 61, 'model_birth_timestamp': 12311.749401, 'theta': 2.282192844647497, 'phi': -1.810983598205168, 'norm_pos': [0.24053440137643803, 0.19936162519956602], 'topic': 'pupil.1', 'id': 1, 'method': '3d c++'}"
1580974704.086878,"{'circle_3d': {'center': [-7.103465863662253, 6.205701250399814, 52.98692572879995], 'normal': [-0.18082842315976871, 0.6548976516692023, -0.7337643676383555], 'radius': 1.5139354642217318}, 'confidence': 0.9991829515267389, 'timestamp': 12650.466747, 'diameter_3d': 3.0278709284434635, 'ellipse': {'center': [76.91819863526977, 192.39696897600098], 'axes': [22.346582141652902, 35.5661508776021], 'angle': -70.58825668308296}, 'location': [76.91819863526977, 192.39696897600098], 'diameter': 35.5661508776021, 'sphere': {'center': [-4.933524785745028, -1.6530705696306138, 61.79209814046022], 'radius': 12.0}, 'projected_sphere': {'center': [110.49876182859234, 103.41367611694845], 'axes': [240.80748910930532, 240.80748910930532], 'angle': 90.0}, 'model_confidence': 0.9675166420099468, 'model_id': 61, 'model_birth_timestamp': 12311.749401, 'theta': 2.2848435073395876, 'phi': -1.812421004516509, 'norm_pos': [0.24036937073521805, 0.19834596259999593], 'topic': 'pupil.1', 'id': 1, 'method': '3d c++'}"
1580974704.094492,"{'circle_3d': {'center': [-7.119536852425235, 6.174515994992083, 52.96315483915475], 'normal': [-0.1821676722233506, 0.6522988803852248, -0.7357452751087893], 'radius': 1.474652711463141}, 'confidence': 0.9994750220210876, 'timestamp': 12650.475147, 'diameter_3d': 2.949305422926282, 'ellipse': {'center': [76.69170974164948, 192.07539117631381], 'axes': [21.858281741422264, 34.6584618186659], 'angle': -70.3959523576134}, 'location': [76.69170974164948, 192.07539117631381], 'diameter': 34.6584618186659, 'sphere': {'center': [-4.933524785745028, -1.6530705696306138, 61.79209814046022], 'radius': 12.0}, 'projected_sphere': {'center': [110.49876182859234, 103.41367611694845], 'axes': [240.80748910930532, 240.80748910930532], 'angle': 90.0}, 'model_confidence': 0.9674199011298512, 'model_id': 61, 'model_birth_timestamp': 12311.749401, 'theta': 2.281409796518017, 'phi': -1.8135112339711672, 'norm_pos': [0.2396615929426546, 0.19968587009869243], 'topic': 'pupil.1', 'id': 1, 'method': '3d c++'}"
1580974704.1039,"{'circle_3d': {'center': [-7.10259860732336, 6.1948026953643645, 52.97699723501843], 'normal': [-0.1807561517981943, 0.6539894387495815, -0.7345917421201491], 'radius': 1.5068164035895204}, 'confidence': 0.9994648946694269, 'timestamp': 12650.483547, 'diameter_3d': 3.013632807179041, 'ellipse': {'center': [76.91257602573121, 192.28492543302286], 'axes': [22.282906745465095, 35.40546026582793], 'angle': -70.56271940891357}, 'location': [76.91257602573121, 192.28492543302286], 'diameter': 35.40546026582793, 'sphere': {'center': [-4.933524785745028, -1.6530705696306138, 61.79209814046022], 'radius': 12.0}, 'projected_sphere': {'center': [110.49876182859234, 103.41367611694845], 'axes': [240.80748910930532, 240.80748910930532], 'angle': 90.0}, 'model_confidence': 0.9673916134799176, 'model_id': 61, 'model_birth_timestamp': 12311.749401, 'theta': 2.2836423434174264, 'phi': -1.8120665496148256, 'norm_pos': [0.24035180008041004, 0.19881281069573808], 'topic': 'pupil.1', 'id': 1, 'method': '3d c++'}"
1580974704.1111848,"{'circle_3d': {'center': [-7.115226863203848, 6.204685294746341, 52.98892548390841], 'normal': [-0.18180850645490157, 0.6548129886980796, -0.7335977213793174], 'radius': 1.5071752697929237}, 'confidence': 0.9990840280601846, 'timestamp': 12650.491947, 'diameter_3d': 3.0143505395858474, 'ellipse': {'center': [76.78368185706005, 192.38437721318812], 'axes': [22.234919659171183, 35.40593770293778], 'angle': -70.51005815635273}, 'location': [76.78368185706005, 192.38437721318812], 'diameter': 35.40593770293778, 'sphere': {'center': [-4.933524785745028, -1.6530705696306138, 61.79209814046022], 'radius': 12.0}, 'projected_sphere': {'center': [110.49876182859234, 103.41367611694845], 'axes': [240.80748910930532, 240.80748910930532], 'angle': 90.0}, 'model_confidence': 0.9671588293707956, 'model_id': 61, 'model_birth_timestamp': 12311.749401, 'theta': 2.2847314828692724, 'phi': -1.8137328591357997, 'norm_pos': [0.23994900580331263, 0.19839842827838283], 'topic': 'pupil.1', 'id': 1, 'method': '3d c++'}"
1580974704.1201658,"{'circle_3d': {'center': [-7.127457969278799, 6.179822253828359, 52.969828182994945], 'normal': [-0.18282776529448094, 0.6527410686215811, -0.7351891631221059], 'radius': 1.5012146052082909}, 'confidence': 0.9995822753783014, 'timestamp': 12650.500347, 'diameter_3d': 3.0024292104165817, 'ellipse': {'center': [76.61085713042573, 192.12107691083418], 'axes': [22.222300507887017, 35.278533227380365], 'angle': -70.36035120906217}, 'location': [76.61085713042573, 192.12107691083418], 'diameter': 35.278533227380365, 'sphere': {'center': [-4.933524785745028, -1.6530705696306138, 61.79209814046022], 'radius': 12.0}, 'projected_sphere': {'center': [110.49876182859234, 103.41367611694845], 'axes': [240.80748910930532, 240.80748910930532], 'angle': 90.0}, 'model_confidence': 0.9671053336445357, 'model_id': 61, 'model_birth_timestamp': 12311.749401, 'theta': 2.281993334223605, 'phi': -1.8145334355301264, 'norm_pos': [0.2394089285325804, 0.19949551287152423], 'topic': 'pupil.1', 'id': 1, 'method': '3d c++'}"
1580974704.126395,"{'circle_3d': {'center': [-7.158092874474116, 6.185546015593658, 52.982592657832086], 'normal': [-0.18538067406075728, 0.6532180487686894, -0.734125456885678], 'radius': 1.4741018924457023}, 'confidence': 0.9625853093097999, 'timestamp': 12650.508746, 'diameter_3d': 2.9482037848914047, 'ellipse': {'center': [76.27174056832452, 192.1786027278358], 'axes': [21.759868112061667, 34.63280838508459], 'angle': -70.180960752624}, 'location': [76.27174056832452, 192.1786027278358], 'diameter': 34.63280838508459, 'sphere': {'center': [-4.933524785745028, -1.6530705696306138, 61.79209814046022], 'radius': 12.0}, 'projected_sphere': {'center': [110.49876182859234, 103.41367611694845], 'axes': [240.80748910930532, 240.80748910930532], 'angle': 90.0}, 'model_confidence': 0.9669926219889269, 'model_id': 61, 'model_birth_timestamp': 12311.749401, 'theta': 2.282623114501212, 'phi': -1.818144465874113, 'norm_pos': [0.23834918927601412, 0.1992558219673508], 'topic': 'pupil.1', 'id': 1, 'method': '3d c++'}"
1580974704.135075,"{'circle_3d': {'center': [-7.118509017480065, 6.196702760471814, 52.98262014383171], 'normal': [-0.1820820193112531, 0.6541477775085356, -0.7341231663857093], 'radius': 1.500220827833556}, 'confidence': 0.999290808264179, 'timestamp': 12650.517146, 'diameter_3d': 3.000441655667112, 'ellipse': {'center': [76.73522621107824, 192.30152107598906], 'axes': [22.1573335511152, 35.24668679298289], 'angle': -70.46620568102396}, 'location': [76.73522621107824, 192.30152107598906], 'diameter': 35.24668679298289, 'sphere': {'center': [-4.933524785745028, -1.6530705696306138, 61.79209814046022], 'radius': 12.0}, 'projected_sphere': {'center': [110.49876182859234, 103.41367611694845], 'axes': [240.80748910930532, 240.80748910930532], 'angle': 90.0}, 'model_confidence': 0.966983153388512, 'model_id': 61, 'model_birth_timestamp': 12311.749401, 'theta': 2.2838516657146903, 'phi': -1.8139167427877307, 'norm_pos': [0.2397975819096195, 0.1987436621833789], 'topic': 'pupil.1', 'id': 1, 'method': '3d c++'}"
1580974704.146854,"{'circle_3d': {'center': [-7.135347533858999, 6.214457776120197, 53.002674136880955], 'normal': [-0.1834852290094976, 0.6556273621459009, -0.7324520002982722], 'radius': 1.4984916739164145}, 'confidence': 0.9997044105066786, 'timestamp': 12650.525546, 'diameter_3d': 2.996983347832829, 'ellipse': {'center': [76.56979972087882, 192.4826365432935], 'axes': [22.04404384284496, 35.192750702815246], 'angle': -70.40946803160261}, 'location': [76.56979972087882, 192.4826365432935], 'diameter': 35.192750702815246, 'sphere': {'center': [-4.933524785745028, -1.6530705696306138, 61.79209814046022], 'radius': 12.0}, 'projected_sphere': {'center': [110.49876182859234, 103.41367611694845], 'axes': [240.80748910930532, 240.80748910930532], 'angle': 90.0}, 'model_confidence': 0.9673183469009694, 'model_id': 61, 'model_birth_timestamp': 12311.749401, 'theta': 2.285809498023411, 'phi': -1.8162532345059073, 'norm_pos': [0.2392806241277463, 0.1979890144029438], 'topic': 'pupil.1', 'id': 1, 'method': '3d c++'}"
1580974704.1548128,"{'circle_3d': {'center': [-7.126185301058837, 6.198203029785764, 52.985864965504476], 'normal': [-0.18272170960948406, 0.6542727999513649, -0.7338527645796455], 'radius': 1.4968159411062385}, 'confidence': 0.9128179296965739, 'timestamp': 12650.533946, 'diameter_3d': 2.993631882212477, 'ellipse': {'center': [76.65048975275167, 192.31569264580367], 'axes': [22.091356296320168, 35.16450893887086], 'angle': -70.4213828730002}, 'location': [76.65048975275167, 192.31569264580367], 'diameter': 35.16450893887086, 'sphere': {'center': [-4.933524785745028, -1.6530705696306138, 61.79209814046022], 'radius': 12.0}, 'projected_sphere': {'center': [110.49876182859234, 103.41367611694845], 'axes': [240.80748910930532, 240.80748910930532], 'angle': 90.0}, 'model_confidence': 0.9672264627038296, 'model_id': 61, 'model_birth_timestamp': 12311.749401, 'theta': 2.2840169709429596, 'phi': -1.814823803597132, 'norm_pos': [0.23953278047734897, 0.19868461397581805], 'topic': 'pupil.1', 'id': 1, 'method': '3d c++'}"
1580974704.163085,"{'circle_3d': {'center': [-7.119603225773247, 6.1859690101117, 52.97333861764312], 'normal': [-0.1821732033356849, 0.6532532983118595, -0.7348966269014247], 'radius': 1.508039673771075}, 'confidence': 0.999763587548776, 'timestamp': 12650.542346, 'diameter_3d': 3.01607934754215, 'ellipse': {'center': [76.7083808925776, 192.18627446826127], 'axes': [22.311151460963632, 35.436645353526146], 'angle': -70.42836229313514}, 'location': [76.7083808925776, 192.18627446826127], 'diameter': 35.436645353526146, 'sphere': {'center': [-4.933524785745028, -1.6530705696306138, 61.79209814046022], 'radius': 12.0}, 'projected_sphere': {'center': [110.49876182859234, 103.41367611694845], 'axes': [240.80748910930532, 240.80748910930532], 'angle': 90.0}, 'model_confidence': 0.9671968962593258, 'model_id': 61, 'model_birth_timestamp': 12311.749401, 'theta': 2.2826696697768925, 'phi': -1.8137877116023937, 'norm_pos': [0.23971369028930498, 0.1992238563822447], 'topic': 'pupil.1', 'id': 1, 'method': '3d c++'}"
1580974704.1706529,"{'circle_3d': {'center': [-7.110072512906674, 6.215470775599561, 52.99728733579871], 'normal': [-0.1813789772634705, 0.6557117787691813, -0.7329009003884589], 'radius': 1.4912494211774998}, 'confidence': 0.9998329243306786, 'timestamp': 12650.550746, 'diameter_3d': 2.9824988423549996, 'ellipse': {'center': [76.85609524163623, 192.50366457139557], 'axes': [21.966980309647113, 35.026164570176654], 'angle': -70.57389891142513}, 'location': [76.85609524163623, 192.50366457139557], 'diameter': 35.026164570176654, 'sphere': {'center': [-4.933524785745028, -1.6530705696306138, 61.79209814046022], 'radius': 12.0}, 'projected_sphere': {'center': [110.49876182859234, 103.41367611694845], 'axes': [240.80748910930532, 240.80748910930532], 'angle': 90.0}, 'model_confidence': 0.9672259440719588, 'model_id': 61, 'model_birth_timestamp': 12311.749401, 'theta': 2.285921301019317, 'phi': -1.813402674210497, 'norm_pos': [0.2401752976301132, 0.19790139761918513], 'topic': 'pupil.1', 'id': 1, 'method': '3d c++'}"
1580974704.178895,"{'circle_3d': {'center': [-7.128288403489824, 6.202147892725598, 52.98990775562521], 'normal': [-0.1828969681453996, 0.6546015385296844, -0.7335158654029174], 'radius': 1.4908433364697813}, 'confidence': 0.999621558785378, 'timestamp': 12650.559146, 'diameter_3d': 2.9816866729395626, 'ellipse': {'center': [76.63194863658404, 192.3580610823633], 'axes': [21.985922067001532, 35.02147686935637], 'angle': -70.41927319308694}, 'location': [76.63194863658404, 192.3580610823633], 'diameter': 35.02147686935637, 'sphere': {'center': [-4.933524785745028, -1.6530705696306138, 61.79209814046022], 'radius': 12.0}, 'projected_sphere': {'center': [110.49876182859234, 103.41367611694845], 'axes': [240.80748910930532, 240.80748910930532], 'angle': 90.0}, 'model_confidence': 0.9675629220092574, 'model_id': 61, 'model_birth_timestamp': 12311.749401, 'theta': 2.2844517434093974, 'phi': -1.8151564409799688, 'norm_pos': [0.23947483948932513, 0.1985080788234863], 'topic': 'pupil.1', 'id': 1, 'method': '3d c++'}"
1580974704.186378,"{'circle_3d': {'center': [-7.1444632149836185, 6.186933260947198, 52.98039619369413], 'normal': [-0.1842448691032158, 0.653333652548151, -0.7343084955638405], 'radius': 1.487444728856232}, 'confidence': 0.9993828769186283, 'timestamp': 12650.567546, 'diameter_3d': 2.974889457712464, 'ellipse': {'center': [76.42809903853501, 192.1939940823359], 'axes': [21.969982865991156, 34.947856746425956], 'angle': -70.27204162813776}, 'location': [76.42809903853501, 192.1939940823359], 'diameter': 34.947856746425956, 'sphere': {'center': [-4.933524785745028, -1.6530705696306138, 61.79209814046022], 'radius': 12.0}, 'projected_sphere': {'center': [110.49876182859234, 103.41367611694845], 'axes': [240.80748910930532, 240.80748910930532], 'angle': 90.0}, 'model_confidence': 0.9675507978609832, 'model_id': 61, 'model_birth_timestamp': 12311.749401, 'theta': 2.28277580335238, 'phi': -1.8166306677348514, 'norm_pos': [0.2388378094954219, 0.19919169132360037], 'topic': 'pupil.1', 'id': 1, 'method': '3d c++'}"
1580974704.194788,"{'circle_3d': {'center': [-7.152709962811262, 6.2025733128660026, 52.99641304256801], 'normal': [-0.18493209808885272, 0.6546369902080513, -0.7329737581576838], 'radius': 1.4849984267697762}, 'confidence': 0.9991721765026859, 'timestamp': 12650.575946, 'diameter_3d': 2.9699968535395525, 'ellipse': {'center': [76.35672143274167, 192.35602293059767], 'axes': [21.865895259483416, 34.87983678442971], 'angle': -70.2645221212039}, 'location': [76.35672143274167, 192.35602293059767], 'diameter': 34.87983678442971, 'sphere': {'center': [-4.933524785745028, -1.6530705696306138, 61.79209814046022], 'radius': 12.0}, 'projected_sphere': {'center': [110.49876182859234, 103.41367611694845], 'axes': [240.80748910930532, 240.80748910930532], 'angle': 90.0}, 'model_confidence': 0.9674173144403775, 'model_id': 61, 'model_birth_timestamp': 12311.749401, 'theta': 2.2844986397232243, 'phi': -1.8179421372610238, 'norm_pos': [0.2386147544773177, 0.19851657112250964], 'topic': 'pupil.1', 'id': 1, 'method': '3d c++'}"
1580974704.2027771,"{'circle_3d': {'center': [-7.128413184160763, 6.20283442950068, 52.99055159663487], 'normal': [-0.18290736653464457, 0.6546587499276078, -0.7334622119854458], 'radius': 1.5263558084868225}, 'confidence': 0.99952862662944, 'timestamp': 12650.584346, 'diameter_3d': 3.052711616973645, 'ellipse': {'center': [76.63319944967432, 192.3551329643276], 'axes': [22.507285843104437, 35.85558757655478], 'angle': -70.42033136990361}, 'location': [76.63319944967432, 192.3551329643276], 'diameter': 35.85558757655478, 'sphere': {'center': [-4.933524785745028, -1.6530705696306138, 61.79209814046022], 'radius': 12.0}, 'projected_sphere': {'center': [110.49876182859234, 103.41367611694845], 'axes': [240.80748910930532, 240.80748910930532], 'angle': 90.0}, 'model_confidence': 0.9673467977734274, 'model_id': 61, 'model_birth_timestamp': 12311.749401, 'theta': 2.2845274249352103, 'phi': -1.8151869600889772, 'norm_pos': [0.23947874828023225, 0.1985202793153017], 'topic': 'pupil.1', 'id': 1, 'method': '3d c++'}"
1580974704.211044,"{'circle_3d': {'center': [-7.145733465166545, 6.19713386164819, 52.989801670457474], 'normal': [-0.1843507232851264, 0.654183702606567, -0.7335247058335619], 'radius': 1.4947121012779923}, 'confidence': 0.9997695236149586, 'timestamp': 12650.592746, 'diameter_3d': 2.9894242025559845, 'ellipse': {'center': [76.42830481542327, 192.29857817218758], 'axes': [22.03829906811596, 35.112450971737246], 'angle': -70.2933391752043}, 'location': [76.42830481542327, 192.29857817218758], 'diameter': 35.112450971737246, 'sphere': {'center': [-4.933524785745028, -1.6530705696306138, 61.79209814046022], 'radius': 12.0}, 'projected_sphere': {'center': [110.49876182859234, 103.41367611694845], 'axes': [240.80748910930532, 240.80748910930532], 'angle': 90.0}, 'model_confidence': 0.9672938656403729, 'model_id': 61, 'model_birth_timestamp': 12311.749401, 'theta': 2.2838991636185386, 'phi': -1.8170186160409665, 'norm_pos': [0.23883845254819774, 0.19875592428255173], 'topic': 'pupil.1', 'id': 1, 'method': '3d c++'}"
1580974704.218634,"{'circle_3d': {'center': [-7.155412226768863, 6.189324902351995, 52.985279789861224], 'normal': [-0.1851572867519862, 0.6535329559985508, -0.733901529216583], 'radius': 1.486305061071107}, 'confidence': 0.9997313813857985, 'timestamp': 12650.601146, 'diameter_3d': 2.972610122142214, 'ellipse': {'center': [76.30783248708033, 192.21576380798382], 'axes': [21.929919752962334, 34.91785242626177], 'angle': -70.20898652184046}, 'location': [76.30783248708033, 192.21576380798382], 'diameter': 34.91785242626177, 'sphere': {'center': [-4.933524785745028, -1.6530705696306138, 61.79209814046022], 'radius': 12.0}, 'projected_sphere': {'center': [110.49876182859234, 103.41367611694845], 'axes': [240.80748910930532, 240.80748910930532], 'angle': 90.0}, 'model_confidence': 0.9674567356580677, 'model_id': 61, 'model_birth_timestamp': 12311.749401, 'theta': 2.2830390895351917, 'phi': -1.8179307468631016, 'norm_pos': [0.23846197652212603, 0.19910098413340072], 'topic': 'pupil.1', 'id': 1, 'method': '3d c++'}"
1580974704.230829,"{'circle_3d': {'center': [-7.151373727203053, 6.196635947646273, 52.99077700863607], 'normal': [-0.184820745121502, 0.6541422097730739, -0.7334434276520122], 'radius': 1.5019391993975364}, 'confidence': 0.9992943841854861, 'timestamp': 12650.609546, 'diameter_3d': 3.003878398795073, 'ellipse': {'center': [76.36433181631492, 192.2894338188039], 'axes': [22.13922569477903, 35.28163565620397], 'angle': -70.25585945400745}, 'location': [76.36433181631492, 192.2894338188039], 'diameter': 35.28163565620397, 'sphere': {'center': [-4.933524785745028, -1.6530705696306138, 61.79209814046022], 'radius': 12.0}, 'projected_sphere': {'center': [110.49876182859234, 103.41367611694845], 'axes': [240.80748910930532, 240.80748910930532], 'angle': 90.0}, 'model_confidence': 0.9674402204097321, 'model_id': 61, 'model_birth_timestamp': 12311.749401, 'theta': 2.283844304579872, 'phi': -1.8176474828322537, 'norm_pos': [0.2386385369259841, 0.19879402575498373], 'topic': 'pupil.1', 'id': 1, 'method': '3d c++'}"
1580974704.239022,"{'circle_3d': {'center': [-7.14144808479049, 6.195112568603049, 52.986923745010856], 'normal': [-0.18399360825378847, 0.654015261519472, -0.7337645329541133], 'radius': 1.5045197305606595}, 'confidence': 0.9999028494977109, 'timestamp': 12650.617946, 'diameter_3d': 3.009039461121319, 'ellipse': {'center': [76.47431677814095, 192.27602974237948], 'axes': [22.196211538647148, 35.34484700481232], 'angle': -70.3148624014306}, 'location': [76.47431677814095, 192.27602974237948], 'diameter': 35.34484700481232, 'sphere': {'center': [-4.933524785745028, -1.6530705696306138, 61.79209814046022], 'radius': 12.0}, 'projected_sphere': {'center': [110.49876182859234, 103.41367611694845], 'axes': [240.80748910930532, 240.80748910930532], 'angle': 90.0}, 'model_confidence': 0.9674460829063092, 'model_id': 61, 'model_birth_timestamp': 12311.749401, 'theta': 2.283676478282432, 'phi': -1.8164835064439022, 'norm_pos': [0.23898223993169046, 0.19884987607341886], 'topic': 'pupil.1', 'id': 1, 'method': '3d c++'}"
1580974704.2464151,"{'circle_3d': {'center': [-7.13403721894916, 6.185112230629995, 52.9761673659468], 'normal': [-0.1833760361003443, 0.6531819000217174, -0.7346608978761183], 'radius': 1.5042143636905936}, 'confidence': 0.999973611045657, 'timestamp': 12650.626346, 'diameter_3d': 3.008428727381187, 'ellipse': {'center': [76.54405249340098, 192.1736086080569], 'axes': [22.23849077131553, 35.34483112868217], 'angle': -70.33344342681909}, 'location': [76.54405249340098, 192.1736086080569], 'diameter': 35.34483112868217, 'sphere': {'center': [-4.933524785745028, -1.6530705696306138, 61.79209814046022], 'radius': 12.0}, 'projected_sphere': {'center': [110.49876182859234, 103.41367611694845], 'axes': [240.80748910930532, 240.80748910930532], 'angle': 90.0}, 'model_confidence': 0.9675091545791825, 'model_id': 61, 'model_birth_timestamp': 12311.749401, 'theta': 2.282575373558265, 'phi': -1.8154044754600387, 'norm_pos': [0.23920016404187808, 0.199276630799763], 'topic': 'pupil.1', 'id': 1, 'method': '3d c++'}"
1580974704.2544231,"{'circle_3d': {'center': [-7.154901929404006, 6.177485208991355, 52.974622323452294], 'normal': [-0.18511476197158144, 0.6525463148851641, -0.7347896514173271], 'radius': 1.4911044975663006}, 'confidence': 0.9997292326384474, 'timestamp': 12650.634746, 'diameter_3d': 2.982208995132601, 'ellipse': {'center': [76.29735532565286, 192.0902880681315], 'axes': [22.04472575747173, 35.0376763222859], 'angle': -70.17793473360763}, 'location': [76.29735532565286, 192.0902880681315], 'diameter': 35.0376763222859, 'sphere': {'center': [-4.933524785745028, -1.6530705696306138, 61.79209814046022], 'radius': 12.0}, 'projected_sphere': {'center': [110.49876182859234, 103.41367611694845], 'axes': [240.80748910930532, 240.80748910930532], 'angle': 90.0}, 'model_confidence': 0.9674985193271257, 'model_id': 61, 'model_birth_timestamp': 12311.749401, 'theta': 2.28173628956002, 'phi': -1.8175896167418253, 'norm_pos': [0.2384292353926652, 0.19962379971611866], 'topic': 'pupil.1', 'id': 1, 'method': '3d c++'}"
1580974704.262688,"{'circle_3d': {'center': [-7.155075665489007, 6.215269538148654, 53.008366835540826], 'normal': [-0.18512923997866487, 0.6556950089816056, -0.7319776087432825], 'radius': 1.5126768213214732}, 'confidence': 0.9975005558124751, 'timestamp': 12650.643146, 'diameter_3d': 3.0253536426429464, 'ellipse': {'center': [76.34912196320349, 192.48052673293054], 'axes': [22.22328755291069, 35.52220423187209], 'angle': -70.28594913762772}, 'location': [76.34912196320349, 192.48052673293054], 'diameter': 35.52220423187209, 'sphere': {'center': [-4.933524785745028, -1.6530705696306138, 61.79209814046022], 'radius': 12.0}, 'projected_sphere': {'center': [110.49876182859234, 103.41367611694845], 'axes': [240.80748910930532, 240.80748910930532], 'angle': 90.0}, 'model_confidence': 0.9674965177246864, 'model_id': 61, 'model_birth_timestamp': 12311.749401, 'theta': 2.285899089926802, 'phi': -1.818518074059727, 'norm_pos': [0.23859100613501089, 0.1979978052794561], 'topic': 'pupil.1', 'id': 1, 'method': '3d c++'}"
1580974704.2704902,"{'circle_3d': {'center': [-7.131289499694912, 6.1994136399827156, 52.98821706448639], 'normal': [-0.18314705949582363, 0.6543736841344441, -0.7336567563311525], 'radius': 1.5112584966561826}, 'confidence': 0.9993694090135627, 'timestamp': 12650.651546, 'diameter_3d': 3.0225169933123652, 'ellipse': {'center': [76.59525551603068, 192.3226140977357], 'axes': [22.293354708739646, 35.50235950395124], 'angle': -70.39216381249358}, 'location': [76.59525551603068, 192.3226140977357], 'diameter': 35.50235950395124, 'sphere': {'center': [-4.933524785745028, -1.6530705696306138, 61.79209814046022], 'radius': 12.0}, 'projected_sphere': {'center': [110.49876182859234, 103.41367611694845], 'axes': [240.80748910930532, 240.80748910930532], 'angle': 90.0}, 'model_confidence': 0.9675169296222363, 'model_id': 61, 'model_birth_timestamp': 12311.749401, 'theta': 2.2841503776937953, 'phi': -1.8154322715987028, 'norm_pos': [0.23936017348759586, 0.19865577459276784], 'topic': 'pupil.1', 'id': 1, 'method': '3d c++'}"
1580974704.278713,"{'circle_3d': {'center': [-7.134830476200667, 6.2189996266134315, 53.00661215034141], 'normal': [-0.18344214087130328, 0.6560058496870038, -0.7321238325099008], 'radius': 1.484934954574329}, 'confidence': 0.9994848569113706, 'timestamp': 12650.659946, 'diameter_3d': 2.969869909148658, 'ellipse': {'center': [76.58132848296597, 192.53420995267308], 'axes': [21.82853119530046, 34.87166333406675], 'angle': -70.42583148976377}, 'location': [76.58132848296597, 192.53420995267308], 'diameter': 34.87166333406675, 'sphere': {'center': [-4.933524785745028, -1.6530705696306138, 61.79209814046022], 'radius': 12.0}, 'projected_sphere': {'center': [110.49876182859234, 103.41367611694845], 'axes': [240.80748910930532, 240.80748910930532], 'angle': 90.0}, 'model_confidence': 0.9673970233977314, 'model_id': 61, 'model_birth_timestamp': 12311.749401, 'theta': 2.2863108590022976, 'phi': -1.8163035130163094, 'norm_pos': [0.23931665150926867, 0.1977741251971955], 'topic': 'pupil.1', 'id': 1, 'method': '3d c++'}"
1580974704.2869241,"{'circle_3d': {'center': [-7.130932636529373, 6.202089105407975, 52.99051503189622], 'normal': [-0.1831173208986954, 0.6545966395865491, -0.7334652590469993], 'radius': 1.5330759809708272}, 'confidence': 0.9996789501246733, 'timestamp': 12650.668346, 'diameter_3d': 3.0661519619416544, 'ellipse': {'center': [76.60406006693037, 192.34454554628797], 'axes': [22.605846916870902, 36.013535876272215], 'angle': -70.40206067770819}, 'location': [76.60406006693037, 192.34454554628797], 'diameter': 36.013535876272215, 'sphere': {'center': [-4.933524785745028, -1.6530705696306138, 61.79209814046022], 'radius': 12.0}, 'projected_sphere': {'center': [110.49876182859234, 103.41367611694845], 'axes': [240.80748910930532, 240.80748910930532], 'angle': 90.0}, 'model_confidence': 0.9673085336989629, 'model_id': 61, 'model_birth_timestamp': 12311.749401, 'theta': 2.284445263121976, 'phi': -1.8154554575720874, 'norm_pos': [0.23938768770915742, 0.1985643935571334], 'topic': 'pupil.1', 'id': 1, 'method': '3d c++'}"
1580974704.2950242,"{'circle_3d': {'center': [-7.1589150495556835, 6.181893063425427, 52.9795512303765], 'normal': [-0.18544918865088794, 0.6529136360880035, -0.7343789091736428], 'radius': 1.473895149927535}, 'confidence': 0.9578292510835509, 'timestamp': 12650.676745, 'diameter_3d': 2.94779029985507, 'ellipse': {'center': [76.25737010295012, 192.14003606967827], 'axes': [21.768925829342844, 34.62993139940725], 'angle': -70.16512001787225}, 'location': [76.25737010295012, 192.14003606967827], 'diameter': 34.62993139940725, 'sphere': {'center': [-4.933524785745028, -1.6530705696306138, 61.79209814046022], 'radius': 12.0}, 'projected_sphere': {'center': [110.49876182859234, 103.41367611694845], 'axes': [240.80748910930532, 240.80748910930532], 'angle': 90.0}, 'model_confidence': 0.9673295276546146, 'model_id': 61, 'model_birth_timestamp': 12311.749401, 'theta': 2.2822211440376816, 'phi': -1.8181502428927951, 'norm_pos': [0.23830428157171912, 0.1994165163763405], 'topic': 'pupil.1', 'id': 1, 'method': '3d c++'}"
1580974704.302851,"{'circle_3d': {'center': [-7.123695821599889, 6.169447542314353, 52.959694095015095], 'normal': [-0.18251425298790508, 0.6518765093287473, -0.7360336704537604], 'radius': 1.5002900701936173}, 'confidence': 0.999965772168964, 'timestamp': 12650.685145, 'diameter_3d': 3.0005801403872345, 'ellipse': {'center': [76.63896161770089, 192.0135725425946], 'axes': [22.25166304611824, 35.26352948999017], 'angle': -70.35457234981178}, 'location': [76.63896161770089, 192.0135725425946], 'diameter': 35.26352948999017, 'sphere': {'center': [-4.933524785745028, -1.6530705696306138, 61.79209814046022], 'radius': 12.0}, 'projected_sphere': {'center': [110.49876182859234, 103.41367611694845], 'axes': [240.80748910930532, 240.80748910930532], 'angle': 90.0}, 'model_confidence': 0.9673724012459917, 'model_id': 61, 'model_birth_timestamp': 12311.749401, 'theta': 2.2808526842460703, 'phi': -1.8138634701613472, 'norm_pos': [0.23949675505531526, 0.19994344773918915], 'topic': 'pupil.1', 'id': 1, 'method': '3d c++'}"
1580974704.314788,"{'circle_3d': {'center': [-7.1378827724215625, 6.203262970438468, 52.993301110538404], 'normal': [-0.1836964988897112, 0.6546944616724235, -0.733233085826818], 'radius': 1.509065454353747}, 'confidence': 0.9988543057231025, 'timestamp': 12650.693545, 'diameter_3d': 3.018130908707494, 'ellipse': {'center': [76.52610498440042, 192.36142728106145], 'axes': [22.237885319704493, 35.447425053853614], 'angle': -70.36109423628544}, 'location': [76.52610498440042, 192.36142728106145], 'diameter': 35.447425053853614, 'sphere': {'center': [-4.933524785745028, -1.6530705696306138, 61.79209814046022], 'radius': 12.0}, 'projected_sphere': {'center': [110.49876182859234, 103.41367611694845], 'axes': [240.80748910930532, 240.80748910930532], 'angle': 90.0}, 'model_confidence': 0.9670900860890508, 'model_id': 61, 'model_birth_timestamp': 12311.749401, 'theta': 2.2845746683744386, 'phi': -1.8162732557346444, 'norm_pos': [0.23914407807625132, 0.19849405299557732], 'topic': 'pupil.1', 'id': 1, 'method': '3d c++'}"
1580974704.3227782,"{'circle_3d': {'center': [-7.153790261030206, 6.211782478902451, 53.004919540691304], 'normal': [-0.18502212294043152, 0.6554044207110888, -0.7322648833140765], 'radius': 1.5253016539459345}, 'confidence': 0.999765769028233, 'timestamp': 12650.701945, 'diameter_3d': 3.050603307891869, 'ellipse': {'center': [76.35935628557328, 192.4408075409206], 'axes': [22.423756373022528, 35.821112215308354], 'angle': -70.28405505399155}, 'location': [76.35935628557328, 192.4408075409206], 'diameter': 35.821112215308354, 'sphere': {'center': [-4.933524785745028, -1.6530705696306138, 61.79209814046022], 'radius': 12.0}, 'projected_sphere': {'center': [110.49876182859234, 103.41367611694845], 'axes': [240.80748910930532, 240.80748910930532], 'angle': 90.0}, 'model_confidence': 0.9670933805753124, 'model_id': 61, 'model_birth_timestamp': 12311.749401, 'theta': 2.2855142822732932, 'phi': -1.8182873171023135, 'norm_pos': [0.23862298839241652, 0.19816330191283094], 'topic': 'pupil.1', 'id': 1, 'method': '3d c++'}"
1580974704.330841,"{'circle_3d': {'center': [-7.133496891701639, 6.191559238444398, 52.981768639966276], 'normal': [-0.18333100882971753, 0.6537191506729176, -0.734194125041162], 'radius': 1.512653886223039}, 'confidence': 0.9998907974748944, 'timestamp': 12650.710345, 'diameter_3d': 3.025307772446078, 'ellipse': {'center': [76.55950305150384, 192.2390670707547], 'axes': [22.340165696490832, 35.539464310376694], 'angle': -70.3554478207508}, 'location': [76.55950305150384, 192.2390670707547], 'diameter': 35.539464310376694, 'sphere': {'center': [-4.933524785745028, -1.6530705696306138, 61.79209814046022], 'radius': 12.0}, 'projected_sphere': {'center': [110.49876182859234, 103.41367611694845], 'axes': [240.80748910930532, 240.80748910930532], 'angle': 90.0}, 'model_confidence': 0.9671782342108637, 'model_id': 61, 'model_birth_timestamp': 12311.749401, 'theta': 2.28328511269743, 'phi': -1.8154961246271422, 'norm_pos': [0.2392484470359495, 0.1990038872051888], 'topic': 'pupil.1', 'id': 1, 'method': '3d c++'}"
1580974704.3385441,"{'circle_3d': {'center': [-7.14780370694738, 6.210716939642078, 53.00245566376495], 'normal': [-0.18452324343352935, 0.6553156257727243, -0.7324702063912725], 'radius': 1.5253836503356413}, 'confidence': 0.9992342865116766, 'timestamp': 12650.718745, 'diameter_3d': 3.0507673006712825, 'ellipse': {'center': [76.42538010838814, 192.4316198674805], 'axes': [22.437108374188394, 35.82470339666372], 'angle': -70.31915669271974}, 'location': [76.42538010838814, 192.4316198674805], 'diameter': 35.82470339666372, 'sphere': {'center': [-4.933524785745028, -1.6530705696306138, 61.79209814046022], 'radius': 12.0}, 'projected_sphere': {'center': [110.49876182859234, 103.41367611694845], 'axes': [240.80748910930532, 240.80748910930532], 'angle': 90.0}, 'model_confidence': 0.9670240480584957, 'model_id': 61, 'model_birth_timestamp': 12311.749401, 'theta': 2.28539672238808, 'phi': -1.8175803951001381, 'norm_pos': [0.23882931283871295, 0.1982015838854979], 'topic': 'pupil.1', 'id': 1, 'method': '3d c++'}"
1580974704.346693,"{'circle_3d': {'center': [-7.183537557001868, 6.178198129799034, 52.98251965528202], 'normal': [-0.18750106427140326, 0.6526057249524707, -0.7341315404315164], 'radius': 1.4900131308532463}, 'confidence': 0.9989724548630557, 'timestamp': 12650.727145, 'diameter_3d': 2.9800262617064925, 'ellipse': {'center': [75.97529766378202, 192.08846613915082], 'axes': [21.987703500916083, 35.00679509225051], 'angle': -69.9971517442369}, 'location': [75.97529766378202, 192.08846613915082], 'diameter': 35.00679509225051, 'sphere': {'center': [-4.933524785745028, -1.6530705696306138, 61.79209814046022], 'radius': 12.0}, 'projected_sphere': {'center': [110.49876182859234, 103.41367611694845], 'axes': [240.80748910930532, 240.80748910930532], 'angle': 90.0}, 'model_confidence': 0.9667845654426244, 'model_id': 61, 'model_birth_timestamp': 12311.749401, 'theta': 2.281814695583061, 'phi': -1.8208557971372525, 'norm_pos': [0.2374228051993188, 0.19963139108687156], 'topic': 'pupil.1', 'id': 1, 'method': '3d c++'}"
1580974704.354888,"{'circle_3d': {'center': [-7.133144795339935, 6.160685590824679, 52.95428809054759], 'normal': [-0.1833016674662422, 0.6511463467046078, -0.7364841708260524], 'radius': 1.518497839967687}, 'confidence': 0.9998556230892134, 'timestamp': 12650.735545, 'diameter_3d': 3.036995679935374, 'ellipse': {'center': [76.52104702529081, 191.9131790773929], 'axes': [22.541730245924587, 35.69528309101601], 'angle': -70.26854873212335}, 'location': [76.52104702529081, 191.9131790773929], 'diameter': 35.69528309101601, 'sphere': {'center': [-4.933524785745028, -1.6530705696306138, 61.79209814046022], 'radius': 12.0}, 'projected_sphere': {'center': [110.49876182859234, 103.41367611694845], 'axes': [240.80748910930532, 240.80748910930532], 'angle': 90.0}, 'model_confidence': 0.9670923099439621, 'model_id': 61, 'model_birth_timestamp': 12311.749401, 'theta': 2.279890220033249, 'phi': -1.8147276105293282, 'norm_pos': [0.2391282719540338, 0.2003617538441963], 'topic': 'pupil.1', 'id': 1, 'method': '3d c++'}"
1580974704.362706,"{'circle_3d': {'center': [-7.139393220194606, 6.15715363697514, 52.95272359853428], 'normal': [-0.18382236953746478, 0.6508520172171463, -0.7366145451604953], 'radius': 1.5127903970522776}, 'confidence': 0.9989593094899153, 'timestamp': 12650.743945, 'diameter_3d': 3.025580794104555, 'ellipse': {'center': [76.44533196090865, 191.87561620239882], 'axes': [22.461603138695374, 35.56211085600583], 'angle': -70.218234381571}, 'location': [76.44533196090865, 191.87561620239882], 'diameter': 35.56211085600583, 'sphere': {'center': [-4.933524785745028, -1.6530705696306138, 61.79209814046022], 'radius': 12.0}, 'projected_sphere': {'center': [110.49876182859234, 103.41367611694845], 'axes': [240.80748910930532, 240.80748910930532], 'angle': 90.0}, 'model_confidence': 0.9668383929665514, 'model_id': 61, 'model_birth_timestamp': 12311.749401, 'theta': 2.279502474207283, 'phi': -1.8153516837962396, 'norm_pos': [0.23889166237783951, 0.20051826582333832], 'topic': 'pupil.1', 'id': 1, 'method': '3d c++'}"
1580974704.370553,"{'circle_3d': {'center': [-7.141802102512608, 6.163662806170571, 52.9590810667823], 'normal': [-0.18402310973063168, 0.651394447983432, -0.7360847561398264], 'radius': 1.504833258975201}, 'confidence': 0.998460289426321, 'timestamp': 12650.752345, 'diameter_3d': 3.009666517950402, 'ellipse': {'center': [76.42673079836467, 191.94552485795344], 'axes': [22.31624723948044, 35.37075061449343], 'angle': -70.22168736617873}, 'location': [76.42673079836467, 191.94552485795344], 'diameter': 35.37075061449343, 'sphere': {'center': [-4.933524785745028, -1.6530705696306138, 61.79209814046022], 'radius': 12.0}, 'projected_sphere': {'center': [110.49876182859234, 103.41367611694845], 'axes': [240.80748910930532, 240.80748910930532], 'angle': 90.0}, 'model_confidence': 0.9664318587852438, 'model_id': 61, 'model_birth_timestamp': 12311.749401, 'theta': 2.2802171656384176, 'phi': -1.8157774457700195, 'norm_pos': [0.2388335337448896, 0.20022697975852732], 'topic': 'pupil.1', 'id': 1, 'method': '3d c++'}"
1580974704.378676,"{'circle_3d': {'center': [-7.117358801590635, 6.196006860794203, 52.9817149205071], 'normal': [-0.18198616798713393, 0.6540897858687347, -0.7341986016627596], 'radius': 1.5668061632070018}, 'confidence': 0.9996995199261578, 'timestamp': 12650.760745, 'diameter_3d': 3.1336123264140037, 'ellipse': {'center': [76.75048410019653, 192.2753521395275], 'axes': [23.14579391575107, 36.812317737795695], 'angle': -70.47135876213137}, 'location': [76.75048410019653, 192.2753521395275], 'diameter': 36.812317737795695, 'sphere': {'center': [-4.933524785745028, -1.6530705696306138, 61.79209814046022], 'radius': 12.0}, 'projected_sphere': {'center': [110.49876182859234, 103.41367611694845], 'axes': [240.80748910930532, 240.80748910930532], 'angle': 90.0}, 'model_confidence': 0.9664064574121611, 'model_id': 61, 'model_birth_timestamp': 12311.749401, 'theta': 2.2837749969345866, 'phi': -1.8137697442232636, 'norm_pos': [0.23984526281311416, 0.19885269941863537], 'topic': 'pupil.1', 'id': 1, 'method': '3d c++'}"
1580974704.38708,"{'circle_3d': {'center': [-7.14174152864882, 6.184342483500181, 52.97740952140087], 'normal': [-0.1840180619086493, 0.6531177544275663, -0.7345573849216123], 'radius': 1.5382894172328443}, 'confidence': 0.9998774469073082, 'timestamp': 12650.769145, 'diameter_3d': 3.0765788344656886, 'ellipse': {'center': [76.4577029336893, 192.15321130845672], 'axes': [22.735033761954277, 36.14496030261795], 'angle': -70.28180344187516}, 'location': [76.4577029336893, 192.15321130845672], 'diameter': 36.14496030261795, 'sphere': {'center': [-4.933524785745028, -1.6530705696306138, 61.79209814046022], 'radius': 12.0}, 'projected_sphere': {'center': [110.49876182859234, 103.41367611694845], 'axes': [240.80748910930532, 240.80748910930532], 'angle': 90.0}, 'model_confidence': 0.9664051493267656, 'model_id': 61, 'model_birth_timestamp': 12311.749401, 'theta': 2.282490662566376, 'phi': -1.8162601732856116, 'norm_pos': [0.23893032166777908, 0.19936161954809706], 'topic': 'pupil.1', 'id': 1, 'method': '3d c++'}"
1580974704.3989289,"{'circle_3d': {'center': [-7.152417856961225, 6.14329507337008, 52.94375387166353], 'normal': [-0.1849077559346831, 0.6496971369167245, -0.7373620223997236], 'radius': 1.5249144179562786}, 'confidence': 0.9998528394300534, 'timestamp': 12650.777545, 'diameter_3d': 3.049828835912557, 'ellipse': {'center': [76.27975382273206, 191.72205592446767], 'axes': [22.67558802445763, 35.85327276193816], 'angle': -70.09430612786979}, 'location': [76.27975382273206, 191.72205592446767], 'diameter': 35.85327276193816, 'sphere': {'center': [-4.933524785745028, -1.6530705696306138, 61.79209814046022], 'radius': 12.0}, 'projected_sphere': {'center': [110.49876182859234, 103.41367611694845], 'axes': [240.80748910930532, 240.80748910930532], 'angle': 90.0}, 'model_confidence': 0.9664019433831883, 'model_id': 61, 'model_birth_timestamp': 12311.749401, 'theta': 2.27798229285648, 'phi': -1.8164989029215834, 'norm_pos': [0.2383742306960377, 0.20115810031471804], 'topic': 'pupil.1', 'id': 1, 'method': '3d c++'}"
1580974704.4068868,"{'circle_3d': {'center': [-7.150737906580833, 6.162608622879587, 52.96038682630617], 'normal': [-0.1847677600696504, 0.65130659937585, -0.7359759428461708], 'radius': 1.4975048395410406}, 'confidence': 0.999472785287036, 'timestamp': 12650.785945, 'diameter_3d': 2.9950096790820813, 'ellipse': {'center': [76.32403516410699, 191.93356053670053], 'axes': [22.19944400886127, 35.19756174908925], 'angle': -70.16138617693268}, 'location': [76.32403516410699, 191.93356053670053], 'diameter': 35.19756174908925, 'sphere': {'center': [-4.933524785745028, -1.6530705696306138, 61.79209814046022], 'radius': 12.0}, 'projected_sphere': {'center': [110.49876182859234, 103.41367611694845], 'axes': [240.80748910930532, 240.80748910930532], 'angle': 90.0}, 'model_confidence': 0.9663043218142264, 'model_id': 61, 'model_birth_timestamp': 12311.749401, 'theta': 2.2801013890521165, 'phi': -1.8167642584952237, 'norm_pos': [0.23851260988783435, 0.20027683109708116], 'topic': 'pupil.1', 'id': 1, 'method': '3d c++'}"
1580974704.414439,"{'circle_3d': {'center': [-7.143969149978609, 6.1913992477174755, 52.98424772180852], 'normal': [-0.18420369701946512, 0.6537058181123407, -0.7339875348876413], 'radius': 1.5397322958223763}, 'confidence': 0.9999860540677682, 'timestamp': 12650.794345, 'diameter_3d': 3.0794645916447525, 'ellipse': {'center': [76.4424365187744, 192.2261335226213], 'axes': [22.726683785847918, 36.174219038288975], 'angle': -70.28792465158853}, 'location': [76.4424365187744, 192.2261335226213], 'diameter': 36.174219038288975, 'sphere': {'center': [-4.933524785745028, -1.6530705696306138, 61.79209814046022], 'radius': 12.0}, 'projected_sphere': {'center': [110.49876182859234, 103.41367611694845], 'axes': [240.80748910930532, 240.80748910930532], 'angle': 90.0}, 'model_confidence': 0.9663681643486854, 'model_id': 61, 'model_birth_timestamp': 12311.749401, 'theta': 2.283267494350979, 'phi': -1.8166811158900693, 'norm_pos': [0.23888261412117, 0.1990577769890779], 'topic': 'pupil.1', 'id': 1, 'method': '3d c++'}"
1580974704.4226408,"{'circle_3d': {'center': [-7.167731658770915, 6.168189284902107, 52.969614706845924], 'normal': [-0.1861839060854906, 0.6517716545443935, -0.7352069528011914], 'radius': 1.5251132478372897}, 'confidence': 0.9997323030854416, 'timestamp': 12650.802745, 'diameter_3d': 3.0502264956745795, 'ellipse': {'center': [76.14137810266728, 191.97869415596108], 'axes': [22.565073897045448, 35.84048046527033], 'angle': -70.06878073842722}, 'location': [76.14137810266728, 191.97869415596108], 'diameter': 35.84048046527033, 'sphere': {'center': [-4.933524785745028, -1.6530705696306138, 61.79209814046022], 'radius': 12.0}, 'projected_sphere': {'center': [110.49876182859234, 103.41367611694845], 'axes': [240.80748910930532, 240.80748910930532], 'angle': 90.0}, 'model_confidence': 0.9663625874795079, 'model_id': 61, 'model_birth_timestamp': 12311.749401, 'theta': 2.2807144209228554, 'phi': -1.8188221937411115, 'norm_pos': [0.23794180657083525, 0.20008877435016215], 'topic': 'pupil.1', 'id': 1, 'method': '3d c++'}"
1580974704.4306188,"{'circle_3d': {'center': [-7.133160540459954, 6.185508515092563, 52.97630092868634], 'normal': [-0.1833029795595771, 0.6532149237269314, -0.7346497676478232], 'radius': 1.532417316727711}, 'confidence': 0.9997961677032264, 'timestamp': 12650.811145, 'diameter_3d': 3.064834633455422, 'ellipse': {'center': [76.55587405587, 192.16999057398277], 'axes': [22.655464687776593, 36.0076877464096], 'angle': -70.34010667293322}, 'location': [76.55587405587, 192.16999057398277], 'diameter': 36.0076877464096, 'sphere': {'center': [-4.933524785745028, -1.6530705696306138, 61.79209814046022], 'radius': 12.0}, 'projected_sphere': {'center': [110.49876182859234, 103.41367611694845], 'axes': [240.80748910930532, 240.80748910930532], 'angle': 90.0}, 'model_confidence': 0.9665096388903449, 'model_id': 61, 'model_birth_timestamp': 12311.749401, 'theta': 2.2826189872420546, 'phi': -1.8153144215615913, 'norm_pos': [0.23923710642459378, 0.1992917059417384], 'topic': 'pupil.1', 'id': 1, 'method': '3d c++'}"
1580974704.4386141,"{'circle_3d': {'center': [-7.149241607265729, 6.142117890486933, 52.94192097624026], 'normal': [-0.1846430684600584, 0.6495990383431289, -0.7375147636849965], 'radius': 1.5039561286140806}, 'confidence': 0.9993492486591987, 'timestamp': 12650.819545, 'diameter_3d': 3.007912257228161, 'ellipse': {'center': [76.31294812917898, 191.71670280924923], 'axes': [22.37226838133265, 35.36154684059036], 'angle': -70.1113290360682}, 'location': [76.31294812917898, 191.71670280924923], 'diameter': 35.36154684059036, 'sphere': {'center': [-4.933524785745028, -1.6530705696306138, 61.79209814046022], 'radius': 12.0}, 'projected_sphere': {'center': [110.49876182859234, 103.41367611694845], 'axes': [240.80748910930532, 240.80748910930532], 'angle': 90.0}, 'model_confidence': 0.966515906692067, 'model_id': 61, 'model_birth_timestamp': 12311.749401, 'theta': 2.2778532556972717, 'phi': -1.8161123457768171, 'norm_pos': [0.2384779629036843, 0.2011804049614615], 'topic': 'pupil.1', 'id': 1, 'method': '3d c++'}"
1580974704.446538,"{'circle_3d': {'center': [-7.153725933253533, 6.182640932779822, 52.97890733828223], 'normal': [-0.18501676229237535, 0.6529759585342031, -0.7344325668481657], 'radius': 1.5253106334207691}, 'confidence': 0.99963283564999, 'timestamp': 12650.827945, 'diameter_3d': 3.0506212668415382, 'ellipse': {'center': [76.31947036641122, 192.13510743434472], 'axes': [22.53315492454944, 35.83886230942046], 'angle': -70.20028458346839}, 'location': [76.31947036641122, 192.13510743434472], 'diameter': 35.83886230942046, 'sphere': {'center': [-4.933524785745028, -1.6530705696306138, 61.79209814046022], 'radius': 12.0}, 'projected_sphere': {'center': [110.49876182859234, 103.41367611694845], 'axes': [240.80748910930532, 240.80748910930532], 'angle': 90.0}, 'model_confidence': 0.9664253989354554, 'model_id': 61, 'model_birth_timestamp': 12311.749401, 'theta': 2.2823034281592567, 'phi': -1.8175793231428632, 'norm_pos': [0.23849834489503507, 0.19943705235689702], 'topic': 'pupil.1', 'id': 1, 'method': '3d c++'}"
1580974704.454994,"{'circle_3d': {'center': [-7.157342189426316, 6.145767054953108, 52.947169205728095], 'normal': [-0.1853181169734406, 0.6499031353819769, -0.737077411227677], 'radius': 1.5279328788390572}, 'confidence': 0.9998888601014845, 'timestamp': 12650.836345, 'diameter_3d': 3.0558657576781143, 'ellipse': {'center': [76.22772104853564, 191.74557238775543], 'axes': [22.704603115659665, 35.921954444580486], 'angle': -70.06991859890776}, 'location': [76.22772104853564, 191.74557238775543], 'diameter': 35.921954444580486, 'sphere': {'center': [-4.933524785745028, -1.6530705696306138, 61.79209814046022], 'radius': 12.0}, 'projected_sphere': {'center': [110.49876182859234, 103.41367611694845], 'axes': [240.80748910930532, 240.80748910930532], 'angle': 90.0}, 'model_confidence': 0.9665351240607523, 'model_id': 61, 'model_birth_timestamp': 12311.749401, 'theta': 2.2782533059883443, 'phi': -1.8171137111990676, 'norm_pos': [0.2382116282766739, 0.20106011505101906], 'topic': 'pupil.1', 'id': 1, 'method': '3d c++'}"
1580974704.463418,"{'circle_3d': {'center': [-7.143920811766245, 6.18128092557051, 52.975234409076506], 'normal': [-0.1841996688351014, 0.6528626246000937, -0.7347386442819761], 'radius': 1.5476858665844424}, 'confidence': 0.992806531539379, 'timestamp': 12650.844744, 'diameter_3d': 3.095371733168885, 'ellipse': {'center': [76.42933352588567, 192.1176095349727], 'axes': [22.882627565014417, 36.36732221342821], 'angle': -70.2589821994939}, 'location': [76.42933352588567, 192.1176095349727], 'diameter': 36.36732221342821, 'sphere': {'center': [-4.933524785745028, -1.6530705696306138, 61.79209814046022], 'radius': 12.0}, 'projected_sphere': {'center': [110.49876182859234, 103.41367611694845], 'axes': [240.80748910930532, 240.80748910930532], 'angle': 90.0}, 'model_confidence': 0.9665236114435927, 'model_id': 61, 'model_birth_timestamp': 12311.749401, 'theta': 2.2821537980806905, 'phi': -1.8164345893515164, 'norm_pos': [0.2388416672683927, 0.19950996027094703], 'topic': 'pupil.1', 'id': 1, 'method': '3d c++'}"
1580974704.470369,"{'circle_3d': {'center': [-7.1466997724203996, 6.155440065421885, 52.953036078192156], 'normal': [-0.1844312488896143, 0.6507092195877083, -0.7365885051890049], 'radius': 1.5319015615173004}, 'confidence': 0.9968876365539245, 'timestamp': 12650.853144, 'diameter_3d': 3.063803123034601, 'ellipse': {'center': [76.36142059662637, 191.8496997150992], 'axes': [22.74203791799752, 36.011324599509265], 'angle': -70.16632636571931}, 'location': [76.36142059662637, 191.8496997150992], 'diameter': 36.011324599509265, 'sphere': {'center': [-4.933524785745028, -1.6530705696306138, 61.79209814046022], 'radius': 12.0}, 'projected_sphere': {'center': [110.49876182859234, 103.41367611694845], 'axes': [240.80748910930532, 240.80748910930532], 'angle': 90.0}, 'model_confidence': 0.966787739583308, 'model_id': 61, 'model_birth_timestamp': 12311.749401, 'theta': 2.279314400905166, 'phi': -1.8161379947980618, 'norm_pos': [0.2386294393644574, 0.20062625118708666], 'topic': 'pupil.1', 'id': 1, 'method': '3d c++'}"
1580974704.483354,"{'circle_3d': {'center': [-7.12515502672856, 6.163572894312747, 52.95485638500292], 'normal': [-0.1826358534152943, 0.6513869553286133, -0.7364368129547748], 'radius': 1.5555743891581197}, 'confidence': 0.9994514028978854, 'timestamp': 12650.861544, 'diameter_3d': 3.1111487783162395, 'ellipse': {'center': [76.61710264889422, 191.93540205359216], 'axes': [23.092569986892574, 36.56679905546924], 'angle': -70.32806503412436}, 'location': [76.61710264889422, 191.93540205359216], 'diameter': 36.56679905546924, 'sphere': {'center': [-4.933524785745028, -1.6530705696306138, 61.79209814046022], 'radius': 12.0}, 'projected_sphere': {'center': [110.49876182859234, 103.41367611694845], 'axes': [240.80748910930532, 240.80748910930532], 'angle': 90.0}, 'model_confidence': 0.9666159587116363, 'model_id': 61, 'model_birth_timestamp': 12311.749401, 'theta': 2.2802072905424557, 'phi': -1.8138911438186134, 'norm_pos': [0.23942844577779443, 0.20026915811003265], 'topic': 'pupil.1', 'id': 1, 'method': '3d c++'}"
1580974704.491244,"{'circle_3d': {'center': [-7.140204413743819, 6.171595430115556, 52.965707767731885], 'normal': [-0.18388996899989926, 0.6520554999788475, -0.7355325310606944], 'radius': 1.5449987794276605}, 'confidence': 0.999898193461806, 'timestamp': 12650.869944, 'diameter_3d': 3.089997558855321, 'ellipse': {'center': [76.4577285299276, 192.01787684708887], 'axes': [22.884589271488863, 36.31067026193023], 'angle': -70.25477153759782}, 'location': [76.4577285299276, 192.01787684708887], 'diameter': 36.31067026193023, 'sphere': {'center': [-4.933524785745028, -1.6530705696306138, 61.79209814046022], 'radius': 12.0}, 'projected_sphere': {'center': [110.49876182859234, 103.41367611694845], 'axes': [240.80748910930532, 240.80748910930532], 'angle': 90.0}, 'model_confidence': 0.9665849188368547, 'model_id': 61, 'model_birth_timestamp': 12311.749401, 'theta': 2.281088742375934, 'phi': -1.8157837374467563, 'norm_pos': [0.23893040165602378, 0.1999255131371297], 'topic': 'pupil.1', 'id': 1, 'method': '3d c++'}"
1580974704.498875,"{'circle_3d': {'center': [-7.136202383298947, 6.170404505030442, 52.963652685149796], 'normal': [-0.1835564664628266, 0.6519562562217547, -0.7357037879425352], 'radius': 1.52902582493192}, 'confidence': 0.9991944725833618, 'timestamp': 12650.878344, 'diameter_3d': 3.05805164986384, 'ellipse': {'center': [76.50046347158565, 192.01131012005712], 'axes': [22.65769537701584, 35.936519888941284], 'angle': -70.27702572177567}, 'location': [76.50046347158565, 192.01131012005712], 'diameter': 35.936519888941284, 'sphere': {'center': [-4.933524785745028, -1.6530705696306138, 61.79209814046022], 'radius': 12.0}, 'projected_sphere': {'center': [110.49876182859234, 103.41367611694845], 'axes': [240.80748910930532, 240.80748910930532], 'angle': 90.0}, 'model_confidence': 0.9665141239165953, 'model_id': 61, 'model_birth_timestamp': 12311.749401, 'theta': 2.2809578508743757, 'phi': -1.8153022623763473, 'norm_pos': [0.23906394834870515, 0.19995287449976196], 'topic': 'pupil.1', 'id': 1, 'method': '3d c++'}"
1580974704.506732,"{'circle_3d': {'center': [-7.126235006785999, 6.177640965349962, 52.9675880270055], 'normal': [-0.18272585175341416, 0.6525592945817147, -0.7353758427878933], 'radius': 1.5627370844955362}, 'confidence': 0.999905628284133, 'timestamp': 12650.886744, 'diameter_3d': 3.1254741689910723, 'ellipse': {'center': [76.62467517983346, 192.08079454272325], 'axes': [23.143753150081864, 36.726434605716626], 'angle': -70.36170262724153}, 'location': [76.62467517983346, 192.08079454272325], 'diameter': 36.726434605716626, 'sphere': {'center': [-4.933524785745028, -1.6530705696306138, 61.79209814046022], 'radius': 12.0}, 'projected_sphere': {'center': [110.49876182859234, 103.41367611694845], 'axes': [240.80748910930532, 240.80748910930532], 'angle': 90.0}, 'model_confidence': 0.9665162475451239, 'model_id': 61, 'model_birth_timestamp': 12311.749401, 'theta': 2.281753418972264, 'phi': -1.8143434583662807, 'norm_pos': [0.23945210993697957, 0.1996633560719865], 'topic': 'pupil.1', 'id': 1, 'method': '3d c++'}"
1580974704.514965,"{'circle_3d': {'center': [-7.089488638382963, 6.150868079207587, 52.934877276595074], 'normal': [-0.17966365438649454, 0.6503282207365167, -0.7381017386554285], 'radius': 1.587065270331254}, 'confidence': 0.9054388589689526, 'timestamp': 12650.895144, 'diameter_3d': 3.174130540662508, 'ellipse': {'center': [77.00427574295132, 191.80393824307274], 'axes': [23.65922248194531, 37.321421005629375], 'angle': -70.52088386529535}, 'location': [77.00427574295132, 191.80393824307274], 'diameter': 37.321421005629375, 'sphere': {'center': [-4.933524785745028, -1.6530705696306138, 61.79209814046022], 'radius': 12.0}, 'projected_sphere': {'center': [110.49876182859234, 103.41367611694845], 'axes': [240.80748910930532, 240.80748910930532], 'angle': 90.0}, 'model_confidence': 0.9665485983473832, 'model_id': 61, 'model_birth_timestamp': 12311.749401, 'theta': 2.2788127501217854, 'phi': -1.8095660394752215, 'norm_pos': [0.24063836169672287, 0.20081692398719697], 'topic': 'pupil.1', 'id': 1, 'method': '3d c++'}"
1580974704.52264,"{'circle_3d': {'center': [-7.097313361273126, 6.141112678130801, 52.92819795483486], 'normal': [-0.18031571462734147, 0.6495152706467846, -0.7386583488021138], 'radius': 1.5610349662525733}, 'confidence': 0.9994602752610506, 'timestamp': 12650.903544, 'diameter_3d': 3.1220699325051466, 'ellipse': {'center': [76.90118078580889, 191.7064831178755], 'axes': [23.297276981406593, 36.71365980831501], 'angle': -70.44242084016429}, 'location': [76.90118078580889, 191.7064831178755], 'diameter': 36.71365980831501, 'sphere': {'center': [-4.933524785745028, -1.6530705696306138, 61.79209814046022], 'radius': 12.0}, 'projected_sphere': {'center': [110.49876182859234, 103.41367611694845], 'axes': [240.80748910930532, 240.80748910930532], 'angle': 90.0}, 'model_confidence': 0.9664454154493574, 'model_id': 61, 'model_birth_timestamp': 12311.749401, 'theta': 2.2777430803850054, 'phi': -1.8102261560652058, 'norm_pos': [0.2403161899556528, 0.2012229870088521], 'topic': 'pupil.1', 'id': 1, 'method': '3d c++'}"
1580974704.530678,"{'circle_3d': {'center': [-7.089893971992405, 6.129851805883126, 52.91650287989711], 'normal': [-0.1796974321872814, 0.6485768646261449, -0.7396329383802595], 'radius': 1.5808926594597674}, 'confidence': 0.9995683858183225, 'timestamp': 12650.911944, 'diameter_3d': 3.161785318919535, 'ellipse': {'center': [76.97073135994836, 191.58433162873277], 'axes': [23.647346803256063, 37.18907740221409], 'angle': -70.45778797937903}, 'location': [76.97073135994836, 191.58433162873277], 'diameter': 37.18907740221409, 'sphere': {'center': [-4.933524785745028, -1.6530705696306138, 61.79209814046022], 'radius': 12.0}, 'projected_sphere': {'center': [110.49876182859234, 103.41367611694845], 'axes': [240.80748910930532, 240.80748910930532], 'angle': 90.0}, 'model_confidence': 0.9663106388275722, 'model_id': 61, 'model_birth_timestamp': 12311.749401, 'theta': 2.276509551219071, 'phi': -1.809133377112409, 'norm_pos': [0.24053353549983864, 0.20173195154694679], 'topic': 'pupil.1', 'id': 1, 'method': '3d c++'}"
1580974704.538966,"{'circle_3d': {'center': [-7.107244163515125, 6.124577664254533, 52.916111884463085], 'normal': [-0.18114328148084133, 0.6481373528237623, -0.7396655213330946], 'radius': 1.5574364080236238}, 'confidence': 0.9993587943298688, 'timestamp': 12650.920344, 'diameter_3d': 3.1148728160472476, 'ellipse': {'center': [76.7661549343327, 191.5301691021778], 'axes': [23.29253884057705, 36.63732796464271], 'angle': -70.33054358230268}, 'location': [76.7661549343327, 191.5301691021778], 'diameter': 36.63732796464271, 'sphere': {'center': [-4.933524785745028, -1.6530705696306138, 61.79209814046022], 'radius': 12.0}, 'projected_sphere': {'center': [110.49876182859234, 103.41367611694845], 'axes': [240.80748910930532, 240.80748910930532], 'angle': 90.0}, 'model_confidence': 0.9661112613712386, 'model_id': 61, 'model_birth_timestamp': 12311.749401, 'theta': 2.2759322612820756, 'phi': -1.810968233639048, 'norm_pos': [0.2398942341697897, 0.20195762874092582], 'topic': 'pupil.1', 'id': 1, 'method': '3d c++'}"
1580974704.548568,"{'circle_3d': {'center': [-7.116433909127895, 6.131338164999741, 52.924297488028834], 'normal': [-0.18190909361523896, 0.648700727885863, -0.7389833877026152], 'radius': 1.5492314620356118}, 'confidence': 0.9990550011376821, 'timestamp': 12650.928744, 'diameter_3d': 3.0984629240712236, 'ellipse': {'center': [76.67107903428456, 191.60085262433495], 'axes': [23.131826097681543, 36.438610785808976], 'angle': -70.29088793185338}, 'location': [76.67107903428456, 191.60085262433495], 'diameter': 36.438610785808976, 'sphere': {'center': [-4.933524785745028, -1.6530705696306138, 61.79209814046022], 'radius': 12.0}, 'projected_sphere': {'center': [110.49876182859234, 103.41367611694845], 'axes': [240.80748910930532, 240.80748910930532], 'angle': 90.0}, 'model_confidence': 0.965838918206674, 'model_id': 61, 'model_birth_timestamp': 12311.749401, 'theta': 2.276672294417026, 'phi': -1.8121588226797838, 'norm_pos': [0.23959712198213926, 0.20166311406527104], 'topic': 'pupil.1', 'id': 1, 'method': '3d c++'}"
1580974704.554589,"{'circle_3d': {'center': [-7.089011803280616, 6.148557570337951, 52.93272603613555], 'normal': [-0.1796239181279657, 0.6501356783307138, -0.7382810086937226], 'radius': 1.5684288458142936}, 'confidence': 0.9998794767195682, 'timestamp': 12650.937144, 'diameter_3d': 3.1368576916285873, 'ellipse': {'center': [77.00557817555128, 191.78533387130358], 'axes': [23.390652809619855, 36.884483501536366], 'angle': -70.51738453413556}, 'location': [77.00557817555128, 191.78533387130358], 'diameter': 36.884483501536366, 'sphere': {'center': [-4.933524785745028, -1.6530705696306138, 61.79209814046022], 'radius': 12.0}, 'projected_sphere': {'center': [110.49876182859234, 103.41367611694845], 'axes': [240.80748910930532, 240.80748910930532], 'angle': 90.0}, 'model_confidence': 0.9658332001293402, 'model_id': 61, 'model_birth_timestamp': 12311.749401, 'theta': 2.278559316731135, 'phi': -1.8094594249852933, 'norm_pos': [0.24064243179859773, 0.20089444220290176], 'topic': 'pupil.1', 'id': 1, 'method': '3d c++'}"
1580974704.5665421,"{'circle_3d': {'center': [-7.092392318738114, 6.14730175363278, 52.932443373289274], 'normal': [-0.1799056277494238, 0.6500310269386161, -0.7383045639309118], 'radius': 1.593907181461331}, 'confidence': 0.9997530662711079, 'timestamp': 12650.945544, 'diameter_3d': 3.187814362922662, 'ellipse': {'center': [76.96692362369562, 191.76341157233503], 'axes': [23.77111048807248, 37.48409919489003], 'angle': -70.4918781027314}, 'location': [76.96692362369562, 191.76341157233503], 'diameter': 37.48409919489003, 'sphere': {'center': [-4.933524785745028, -1.6530705696306138, 61.79209814046022], 'radius': 12.0}, 'projected_sphere': {'center': [110.49876182859234, 103.41367611694845], 'axes': [240.80748910930532, 240.80748910930532], 'angle': 90.0}, 'model_confidence': 0.9658570031440661, 'model_id': 61, 'model_birth_timestamp': 12311.749401, 'theta': 2.2784215926869, 'phi': -1.8098123046840668, 'norm_pos': [0.24052163632404883, 0.20098578511527065], 'topic': 'pupil.1', 'id': 1, 'method': '3d c++'}"
1580974704.5752552,"{'circle_3d': {'center': [-7.0939990587391435, 6.1567478753802565, 52.941161084323255], 'normal': [-0.1800395227495096, 0.6508182037509058, -0.737578088011414], 'radius': 1.594049196767945}, 'confidence': 0.9312972152689475, 'timestamp': 12650.953944, 'diameter_3d': 3.18809839353589, 'ellipse': {'center': [76.96167950462231, 191.8622655174213], 'axes': [23.734315309306208, 37.48128446547655], 'angle': -70.50867403101802}, 'location': [76.96167950462231, 191.8622655174213], 'diameter': 37.48128446547655, 'sphere': {'center': [-4.933524785745028, -1.6530705696306138, 61.79209814046022], 'radius': 12.0}, 'projected_sphere': {'center': [110.49876182859234, 103.41367611694845], 'axes': [240.80748910930532, 240.80748910930532], 'angle': 90.0}, 'model_confidence': 0.9659205502317691, 'model_id': 61, 'model_birth_timestamp': 12311.749401, 'theta': 2.279457937043049, 'phi': -1.8102101787139442, 'norm_pos': [0.2405052484519447, 0.2005738936774113], 'topic': 'pupil.1', 'id': 1, 'method': '3d c++'}"
1580974704.582259,"{'circle_3d': {'center': [-7.0938297010523605, 6.144076579153273, 52.92995511446982], 'normal': [-0.18002540960894436, 0.6497622623986572, -0.7385119188325334], 'radius': 1.5959693071063592}, 'confidence': 0.9998929758615231, 'timestamp': 12650.962344, 'diameter_3d': 3.1919386142127184, 'ellipse': {'center': [76.94637537815771, 191.7283749882011], 'axes': [23.81241550151291, 37.53437310308779], 'angle': -70.47331601745772}, 'location': [76.94637537815771, 191.7283749882011], 'diameter': 37.53437310308779, 'sphere': {'center': [-4.933524785745028, -1.6530705696306138, 61.79209814046022], 'radius': 12.0}, 'projected_sphere': {'center': [110.49876182859234, 103.41367611694845], 'axes': [240.80748910930532, 240.80748910930532], 'angle': 90.0}, 'model_confidence': 0.9659260715887852, 'model_id': 61, 'model_birth_timestamp': 12311.749401, 'theta': 2.2780679656438028, 'phi': -1.8099008229373692, 'norm_pos': [0.24045742305674284, 0.20113177088249545], 'topic': 'pupil.1', 'id': 1, 'method': '3d c++'}"
1580974704.591098,"{'circle_3d': {'center': [-7.096054939284942, 6.161234063219242, 52.94562390266062], 'normal': [-0.18021084612832614, 0.651192052737488, -0.7372061864832996], 'radius': 1.5803090171855365}, 'confidence': 0.9998853783467461, 'timestamp': 12650.970744, 'diameter_3d': 3.160618034371073, 'ellipse': {'center': [76.94389391383348, 191.91292032050896], 'axes': [23.50944038352377, 37.15495032955637], 'angle': -70.50836338105896}, 'location': [76.94389391383348, 191.91292032050896], 'diameter': 37.15495032955637, 'sphere': {'center': [-4.933524785745028, -1.6530705696306138, 61.79209814046022], 'radius': 12.0}, 'projected_sphere': {'center': [110.49876182859234, 103.41367611694845], 'axes': [240.80748910930532, 240.80748910930532], 'angle': 90.0}, 'model_confidence': 0.9659474779589172, 'model_id': 61, 'model_birth_timestamp': 12311.749401, 'theta': 2.279950444134331, 'phi': -1.8105456940769395, 'norm_pos': [0.24044966848072963, 0.2003628319978793], 'topic': 'pupil.1', 'id': 1, 'method': '3d c++'}"
1580974704.598609,"{'circle_3d': {'center': [-7.09602649956895, 6.158575677559462, 52.94326944698503], 'normal': [-0.18020847615199345, 0.6509705205991729, -0.7374023911229324], 'radius': 1.577649083657232}, 'confidence': 0.9997157424856379, 'timestamp': 12650.979144, 'diameter_3d': 3.155298167314464, 'ellipse': {'center': [76.94044034236825, 191.88576016102527], 'axes': [23.480108105146606, 37.09403127036915], 'angle': -70.50091984108953}, 'location': [76.94044034236825, 191.88576016102527], 'diameter': 37.09403127036915, 'sphere': {'center': [-4.933524785745028, -1.6530705696306138, 61.79209814046022], 'radius': 12.0}, 'projected_sphere': {'center': [110.49876182859234, 103.41367611694845], 'axes': [240.80748910930532, 240.80748910930532], 'angle': 90.0}, 'model_confidence': 0.9659665292850339, 'model_id': 61, 'model_birth_timestamp': 12311.749401, 'theta': 2.2796585735109267, 'phi': -1.8104812854534544, 'norm_pos': [0.24043887606990078, 0.20047599932906135], 'topic': 'pupil.1', 'id': 1, 'method': '3d c++'}"
1580974704.606729,"{'circle_3d': {'center': [-7.120506013694713, 6.123844844859951, 52.91872788195896], 'normal': [-0.18224843566247367, 0.6480762845408804, -0.7394475215417718], 'radius': 1.5742499364532403}, 'confidence': 0.9996727312085113, 'timestamp': 12650.987544, 'diameter_3d': 3.1484998729064806, 'ellipse': {'center': [76.61608664962515, 191.51319493975979], 'axes': [23.528662038054748, 37.03117633511638], 'angle': -70.24278932194039}, 'location': [76.61608664962515, 191.51319493975979], 'diameter': 37.03117633511638, 'sphere': {'center': [-4.933524785745028, -1.6530705696306138, 61.79209814046022], 'radius': 12.0}, 'projected_sphere': {'center': [110.49876182859234, 103.41367611694845], 'axes': [240.80748910930532, 240.80748910930532], 'angle': 90.0}, 'model_confidence': 0.9659691868985187, 'model_id': 61, 'model_birth_timestamp': 12311.749401, 'theta': 2.2758520717636803, 'phi': -1.8124458141177073, 'norm_pos': [0.23942527078007858, 0.20202835441766753], 'topic': 'pupil.1', 'id': 1, 'method': '3d c++'}"
1580974704.6148322,"{'circle_3d': {'center': [-7.090053592068736, 6.132746791932279, 52.91908109326134], 'normal': [-0.17971073386030903, 0.6488181134635744, -0.739418087266573], 'radius': 1.589767860327153}, 'confidence': 0.9988296998562388, 'timestamp': 12650.995944, 'diameter_3d': 3.179535720654306, 'ellipse': {'center': [76.973315770411, 191.6121204583859], 'axes': [23.768818800939087, 37.39612793400409], 'angle': -70.46507424780944}, 'location': [76.973315770411, 191.6121204583859], 'diameter': 37.39612793400409, 'sphere': {'center': [-4.933524785745028, -1.6530705696306138, 61.79209814046022], 'radius': 12.0}, 'projected_sphere': {'center': [110.49876182859234, 103.41367611694845], 'axes': [240.80748910930532, 240.80748910930532], 'angle': 90.0}, 'model_confidence': 0.9656281648531717, 'model_id': 61, 'model_birth_timestamp': 12311.749401, 'theta': 2.276826547465485, 'phi': -1.8092170222389647, 'norm_pos': [0.2405416117825344, 0.2016161647567254], 'topic': 'pupil.1', 'id': 1, 'method': '3d c++'}"
1580974704.622936,"{'circle_3d': {'center': [-7.09891193788877, 6.136744930629655, 52.92474944125843], 'normal': [-0.18044892934531181, 0.6491512916883558, -0.7389457249334823], 'radius': 1.6018226547328598}, 'confidence': 0.9998199659216879, 'timestamp': 12651.004344, 'diameter_3d': 3.2036453094657196, 'ellipse': {'center': [76.87921457071903, 191.64776857366752], 'axes': [23.92127033147475, 37.67578259484006], 'angle': -70.41936571896399}, 'location': [76.87921457071903, 191.64776857366752], 'diameter': 37.67578259484006, 'sphere': {'center': [-4.933524785745028, -1.6530705696306138, 61.79209814046022], 'radius': 12.0}, 'projected_sphere': {'center': [110.49876182859234, 103.41367611694845], 'axes': [240.80748910930532, 240.80748910930532], 'angle': 90.0}, 'model_confidence': 0.9657605480147824, 'model_id': 61, 'model_birth_timestamp': 12311.749401, 'theta': 2.2772644780589686, 'phi': -1.810306696267034, 'norm_pos': [0.24024754553349698, 0.20146763094305198], 'topic': 'pupil.1', 'id': 1, 'method': '3d c++'}"
1580974704.6307578,"{'circle_3d': {'center': [-7.086330597346988, 6.133237847188839, 52.91860793785677], 'normal': [-0.17940048430016328, 0.6488590347349544, -0.7394575168836206], 'radius': 1.5997534786980045}, 'confidence': 0.9999976618820164, 'timestamp': 12651.012743, 'diameter_3d': 3.199506957396009, 'ellipse': {'center': [77.01659814451486, 191.61546407049366], 'axes': [23.921511628122822, 37.63145573767791], 'angle': -70.49051297684969}, 'location': [77.01659814451486, 191.61546407049366], 'diameter': 37.63145573767791, 'sphere': {'center': [-4.933524785745028, -1.6530705696306138, 61.79209814046022], 'radius': 12.0}, 'projected_sphere': {'center': [110.49876182859234, 103.41367611694845], 'axes': [240.80748910930532, 240.80748910930532], 'angle': 90.0}, 'model_confidence': 0.966188090391884, 'model_id': 61, 'model_birth_timestamp': 12311.749401, 'theta': 2.27688032571317, 'phi': -1.8088085825238238, 'norm_pos': [0.24067686920160894, 0.20160223303960978], 'topic': 'pupil.1', 'id': 1, 'method': '3d c++'}"
1580974704.6382668,"{'circle_3d': {'center': [-7.0793631395295655, 6.123266614695057, 52.90818246351341], 'normal': [-0.17881986281537812, 0.6480280986938058, -0.7403263064122336], 'radius': 1.6022802205668434}, 'confidence': 0.9998531679038362, 'timestamp': 12651.021143, 'diameter_3d': 3.2045604411336868, 'ellipse': {'center': [77.08200017197058, 191.5118168803378], 'axes': [24.007777921919658, 37.69832714111325], 'angle': -70.50684606355867}, 'location': [77.08200017197058, 191.5118168803378], 'diameter': 37.69832714111325, 'sphere': {'center': [-4.933524785745028, -1.6530705696306138, 61.79209814046022], 'radius': 12.0}, 'projected_sphere': {'center': [110.49876182859234, 103.41367611694845], 'axes': [240.80748910930532, 240.80748910930532], 'angle': 90.0}, 'model_confidence': 0.966470547269771, 'model_id': 61, 'model_birth_timestamp': 12311.749401, 'theta': 2.275788802193356, 'phi': -1.8077987713693056, 'norm_pos': [0.24088125053740805, 0.20203409633192593], 'topic': 'pupil.1', 'id': 1, 'method': '3d c++'}"
1580974704.6507788,"{'circle_3d': {'center': [-7.094083717466124, 6.13466885217057, 52.921748665908275], 'normal': [-0.18004657764342463, 0.6489782851500987, -0.7391957895459954], 'radius': 1.5928497824303691}, 'confidence': 0.999727668183974, 'timestamp': 12651.029543, 'diameter_3d': 3.1856995648607382, 'ellipse': {'center': [76.9305156259431, 191.630155778179], 'axes': [23.801906881398665, 37.46676853514236], 'angle': -70.4445744799932}, 'location': [76.9305156259431, 191.630155778179], 'diameter': 37.46676853514236, 'sphere': {'center': [-4.933524785745028, -1.6530705696306138, 61.79209814046022], 'radius': 12.0}, 'projected_sphere': {'center': [110.49876182859234, 103.41367611694845], 'axes': [240.80748910930532, 240.80748910930532], 'angle': 90.0}, 'model_confidence': 0.9665515091068944, 'model_id': 61, 'model_birth_timestamp': 12311.749401, 'theta': 2.2770370572568224, 'phi': -1.809714971408688, 'norm_pos': [0.2404078613310722, 0.2015410175909209], 'topic': 'pupil.1', 'id': 1, 'method': '3d c++'}"
1580974704.6589482,"{'circle_3d': {'center': [-7.0735436471191315, 6.120133300371512, 52.90403756076416], 'normal': [-0.1783349051145086, 0.6477669891668438, -0.7406717149746717], 'radius': 1.6026495287240674}, 'confidence': 0.999872608598169, 'timestamp': 12651.037943, 'diameter_3d': 3.205299057448135, 'ellipse': {'center': [77.14362160724019, 191.48050427125293], 'axes': [24.033560988842, 37.70996879558104], 'angle': -70.53550867758261}, 'location': [77.14362160724019, 191.48050427125293], 'diameter': 37.70996879558104, 'sphere': {'center': [-4.933524785745028, -1.6530705696306138, 61.79209814046022], 'radius': 12.0}, 'projected_sphere': {'center': [110.49876182859234, 103.41367611694845], 'axes': [240.80748910930532, 240.80748910930532], 'angle': 90.0}, 'model_confidence': 0.9665641376214507, 'model_id': 61, 'model_birth_timestamp': 12311.749401, 'theta': 2.275446016179139, 'phi': -1.8070735523828874, 'norm_pos': [0.2410738175226256, 0.20216456553644613], 'topic': 'pupil.1', 'id': 1, 'method': '3d c++'}"
1580974704.666699,"{'circle_3d': {'center': [-7.082939238767798, 6.124115604727509, 52.90979029179219], 'normal': [-0.1791178710852308, 0.648098847863177, -0.7401923207223358], 'radius': 1.6006701013946947}, 'confidence': 0.9999345100891599, 'timestamp': 12651.046343, 'diameter_3d': 3.2013402027893894, 'ellipse': {'center': [77.04261175722382, 191.52012406901272], 'axes': [23.975372739189254, 37.659285297802164], 'angle': -70.4861533720186}, 'location': [77.04261175722382, 191.52012406901272], 'diameter': 37.659285297802164, 'sphere': {'center': [-4.933524785745028, -1.6530705696306138, 61.79209814046022], 'radius': 12.0}, 'projected_sphere': {'center': [110.49876182859234, 103.41367611694845], 'axes': [240.80748910930532, 240.80748910930532], 'angle': 90.0}, 'model_confidence': 0.9666923798301141, 'model_id': 61, 'model_birth_timestamp': 12311.749401, 'theta': 2.2758816993041298, 'phi': -1.808220455647343, 'norm_pos': [0.24075816174132444, 0.2019994830457803], 'topic': 'pupil.1', 'id': 1, 'method': '3d c++'}"
1580974704.675046,"{'circle_3d': {'center': [-7.091836574094949, 6.135409679828722, 52.92185205435575], 'normal': [-0.17985931569582672, 0.649040020788278, -0.7391871738420388], 'radius': 1.6081564898187164}, 'confidence': 0.9995669441727537, 'timestamp': 12651.054743, 'diameter_3d': 3.216312979637433, 'ellipse': {'center': [76.95771864886663, 191.63404003335918], 'axes': [24.031079834425114, 37.826890295290426], 'angle': -70.46116938266364}, 'location': [76.95771864886663, 191.63404003335918], 'diameter': 37.826890295290426, 'sphere': {'center': [-4.933524785745028, -1.6530705696306138, 61.79209814046022], 'radius': 12.0}, 'projected_sphere': {'center': [110.49876182859234, 103.41367611694845], 'axes': [240.80748910930532, 240.80748910930532], 'angle': 90.0}, 'model_confidence': 0.9665998209551385, 'model_id': 61, 'model_birth_timestamp': 12311.749401, 'theta': 2.2771182050126124, 'phi': -1.8094784906501407, 'norm_pos': [0.24049287077770823, 0.20152483319433678], 'topic': 'pupil.1', 'id': 1, 'method': '3d c++'}"
1580974704.682851,"{'circle_3d': {'center': [-7.085270764747515, 6.12359165381142, 52.9098960540215], 'normal': [-0.17931216491687388, 0.6480551852868361, -0.7401835072032261], 'radius': 1.603268203341664}, 'confidence': 0.9998796124483263, 'timestamp': 12651.063143, 'diameter_3d': 3.206536406683328, 'ellipse': {'center': [77.01565828428093, 191.51307325475557], 'axes': [24.01311012128895, 37.72036042425222], 'angle': -70.46954739579841}, 'location': [77.01565828428093, 191.51307325475557], 'diameter': 37.72036042425222, 'sphere': {'center': [-4.933524785745028, -1.6530705696306138, 61.79209814046022], 'radius': 12.0}, 'projected_sphere': {'center': [110.49876182859234, 103.41367611694845], 'axes': [240.80748910930532, 240.80748910930532], 'angle': 90.0}, 'model_confidence': 0.966636312742919, 'model_id': 61, 'model_birth_timestamp': 12311.749401, 'theta': 2.2758243673438456, 'phi': -1.8084711356821557, 'norm_pos': [0.2406739321383779, 0.2020288614385185], 'topic': 'pupil.1', 'id': 1, 'method': '3d c++'}"
1580974704.6909509,"{'circle_3d': {'center': [-7.0896500057719045, 6.117912083708829, 52.90598804452614], 'normal': [-0.17967710166890638, 0.6475818877782868, -0.740509174661173], 'radius': 1.5833688212397619}, 'confidence': 0.9996467913309703, 'timestamp': 12651.071543, 'diameter_3d': 3.1667376424795237, 'ellipse': {'center': [76.95739214955941, 191.45780870749797], 'axes': [23.730584731079883, 37.25473202707229], 'angle': -70.42487998300126}, 'location': [76.95739214955941, 191.45780870749797], 'diameter': 37.25473202707229, 'sphere': {'center': [-4.933524785745028, -1.6530705696306138, 61.79209814046022], 'radius': 12.0}, 'projected_sphere': {'center': [110.49876182859234, 103.41367611694845], 'axes': [240.80748910930532, 240.80748910930532], 'angle': 90.0}, 'model_confidence': 0.9667911385093708, 'model_id': 61, 'model_birth_timestamp': 12311.749401, 'theta': 2.275203074571225, 'phi': -1.8088359689072335, 'norm_pos': [0.24049185046737315, 0.2022591303854251], 'topic': 'pupil.1', 'id': 1, 'method': '3d c++'}"
1580974704.698808,"{'circle_3d': {'center': [-7.085965753774463, 6.142640341165421, 52.92677867219264], 'normal': [-0.17937008066911955, 0.6496425758996697, -0.7387766223556315], 'radius': 1.5876585794778668}, 'confidence': 0.9995454945624195, 'timestamp': 12651.079943, 'diameter_3d': 3.1753171589557336, 'ellipse': {'center': [77.03291302984687, 191.71826691815536], 'axes': [23.70473330636138, 37.3410774425508], 'angle': -70.51997012006265}, 'location': [77.03291302984687, 191.71826691815536], 'diameter': 37.3410774425508, 'sphere': {'center': [-4.933524785745028, -1.6530705696306138, 61.79209814046022], 'radius': 12.0}, 'projected_sphere': {'center': [110.49876182859234, 103.41367611694845], 'axes': [240.80748910930532, 240.80748910930532], 'angle': 90.0}, 'model_confidence': 0.9666825524174083, 'model_id': 61, 'model_birth_timestamp': 12311.749401, 'theta': 2.277910522486573, 'phi': -1.8089808820305178, 'norm_pos': [0.24072785321827145, 0.2011738878410193], 'topic': 'pupil.1', 'id': 1, 'method': '3d c++'}"
1580974704.706843,"{'circle_3d': {'center': [-7.0736122727330315, 6.142998765787276, 52.92410352694166], 'normal': [-0.17834062391566688, 0.6496724446181575, -0.7389995511265469], 'radius': 1.6011346263552007}, 'confidence': 0.9999357433298984, 'timestamp': 12651.088343, 'diameter_3d': 3.2022692527104013, 'ellipse': {'center': [77.17379784183456, 191.721898628026], 'axes': [23.921867118842986, 37.66006628766654], 'angle': -70.6007662245648}, 'location': [77.17379784183456, 191.721898628026], 'diameter': 37.66006628766654, 'sphere': {'center': [-4.933524785745028, -1.6530705696306138, 61.79209814046022], 'radius': 12.0}, 'projected_sphere': {'center': [110.49876182859234, 103.41367611694845], 'axes': [240.80748910930532, 240.80748910930532], 'angle': 90.0}, 'model_confidence': 0.9667426629781706, 'model_id': 61, 'model_birth_timestamp': 12311.749401, 'theta': 2.277949811695947, 'phi': -1.8075957581412159, 'norm_pos': [0.24116811825573298, 0.2011587557165584], 'topic': 'pupil.1', 'id': 1, 'method': '3d c++'}"
1580974704.7146041,"{'circle_3d': {'center': [-7.085887915224582, 6.132463886233904, 52.91782148287266], 'normal': [-0.17936359412329614, 0.6487945379887098, -0.7395230547989632], 'radius': 1.5905396735195703}, 'confidence': 0.999254097881765, 'timestamp': 12651.096743, 'diameter_3d': 3.1810793470391405, 'ellipse': {'center': [77.0200834626702, 191.61023328728595], 'axes': [23.78722380726768, 37.41518134745896], 'angle': -70.49117688692256}, 'location': [77.0200834626702, 191.61023328728595], 'diameter': 37.41518134745896, 'sphere': {'center': [-4.933524785745028, -1.6530705696306138, 61.79209814046022], 'radius': 12.0}, 'projected_sphere': {'center': [110.49876182859234, 103.41367611694845], 'axes': [240.80748910930532, 240.80748910930532], 'angle': 90.0}, 'model_confidence': 0.9665500936274829, 'model_id': 61, 'model_birth_timestamp': 12311.749401, 'theta': 2.2767955659766383, 'phi': -1.8087411651699083, 'norm_pos': [0.24068776082084437, 0.20162402796964185], 'topic': 'pupil.1', 'id': 1, 'method': '3d c++'}"
1580974704.722547,"{'circle_3d': {'center': [-7.0809198255961, 6.126299013927518, 52.911213982605574], 'normal': [-0.1789495866542559, 0.6482807986298443, -0.7400736798212204], 'radius': 1.5929591351436816}, 'confidence': 0.9993506546249737, 'timestamp': 12651.105143, 'diameter_3d': 3.185918270287363, 'ellipse': {'center': [77.06802791037543, 191.5461121936616], 'axes': [23.854138991378704, 37.476788132676], 'angle': -70.5055398392607}, 'location': [77.06802791037543, 191.5461121936616], 'diameter': 37.476788132676, 'sphere': {'center': [-4.933524785745028, -1.6530705696306138, 61.79209814046022], 'radius': 12.0}, 'projected_sphere': {'center': [110.49876182859234, 103.41367611694845], 'axes': [240.80748910930532, 240.80748910930532], 'angle': 90.0}, 'model_confidence': 0.9664895719928901, 'model_id': 61, 'model_birth_timestamp': 12311.749401, 'theta': 2.2761206432768053, 'phi': -1.8080422851715328, 'norm_pos': [0.24083758721992324, 0.20189119919307663], 'topic': 'pupil.1', 'id': 1, 'method': '3d c++'}"
1580974704.734826,"{'circle_3d': {'center': [-7.084757207732091, 6.145763540611112, 52.92923260004262], 'normal': [-0.1792693684989219, 0.6499028425201439, -0.7385721283681336], 'radius': 1.6103489696567654}, 'confidence': 0.9998319148043513, 'timestamp': 12651.113543, 'diameter_3d': 3.220697939313531, 'ellipse': {'center': [77.05198739594897, 191.74467074062002], 'axes': [24.033253030467378, 37.873221679772136], 'angle': -70.53667025801097}, 'location': [77.05198739594897, 191.74467074062002], 'diameter': 37.873221679772136, 'sphere': {'center': [-4.933524785745028, -1.6530705696306138, 61.79209814046022], 'radius': 12.0}, 'projected_sphere': {'center': [110.49876182859234, 103.41367611694845], 'axes': [240.80748910930532, 240.80748910930532], 'angle': 90.0}, 'model_confidence': 0.966461596561452, 'model_id': 61, 'model_birth_timestamp': 12311.749401, 'theta': 2.278252920652535, 'phi': -1.8089155930113914, 'norm_pos': [0.24078746061234052, 0.20106387191408326], 'topic': 'pupil.1', 'id': 1, 'method': '3d c++'}"
1580974704.742412,"{'circle_3d': {'center': [-7.081547216316577, 6.125207152692306, 52.91040937580648], 'normal': [-0.1790018692142957, 0.6481898101935767, -0.7401407303878116], 'radius': 1.5945496808318913}, 'confidence': 0.9997368264843199, 'timestamp': 12651.121943, 'diameter_3d': 3.1890993616637826, 'ellipse': {'center': [77.05952896962336, 191.53392409055652], 'axes': [23.88133045009278, 37.51479212587877], 'angle': -70.4983287169066}, 'location': [77.05952896962336, 191.53392409055652], 'diameter': 37.51479212587877, 'sphere': {'center': [-4.933524785745028, -1.6530705696306138, 61.79209814046022], 'radius': 12.0}, 'projected_sphere': {'center': [110.49876182859234, 103.41367611694845], 'axes': [240.80748910930532, 240.80748910930532], 'angle': 90.0}, 'model_confidence': 0.9663937047901361, 'model_id': 61, 'model_birth_timestamp': 12311.749401, 'theta': 2.276001148073904, 'phi': -1.808088326376244, 'norm_pos': [0.24081102803007298, 0.2019419829560145], 'topic': 'pupil.1', 'id': 1, 'method': '3d c++'}"
1580974704.7506392,"{'circle_3d': {'center': [-7.086762071558818, 6.1600544175958625, 52.942315819693306], 'normal': [-0.17943644048448243, 0.6510937489355397, -0.7374818600639091], 'radius': 1.6080621005167182}, 'confidence': 0.999924151900752, 'timestamp': 12651.130343, 'diameter_3d': 3.2161242010334363, 'ellipse': {'center': [77.04871444795792, 191.89512869170534], 'axes': [23.940303566811824, 37.81009511626786], 'angle': -70.56475369212822}, 'location': [77.04871444795792, 191.89512869170534], 'diameter': 37.81009511626786, 'sphere': {'center': [-4.933524785745028, -1.6530705696306138, 61.79209814046022], 'radius': 12.0}, 'projected_sphere': {'center': [110.49876182859234, 103.41367611694845], 'axes': [240.80748910930532, 240.80748910930532], 'angle': 90.0}, 'model_confidence': 0.9664948006773089, 'model_id': 61, 'model_birth_timestamp': 12311.749401, 'theta': 2.279820918954991, 'phi': -1.8094683291381561, 'norm_pos': [0.2407772326498685, 0.2004369637845611], 'topic': 'pupil.1', 'id': 1, 'method': '3d c++'}"
1580974704.758532,"{'circle_3d': {'center': [-7.0977311079962355, 6.1489477515630995, 52.935195684720654], 'normal': [-0.1803505268542673, 0.6501681934328094, -0.7380752046449638], 'radius': 1.5846213653483}, 'confidence': 0.99980783642871, 'timestamp': 12651.138743, 'diameter_3d': 3.1692427306966, 'ellipse': {'center': [76.90834938623617, 191.78181758863036], 'axes': [23.61878054969377, 37.263697949946966], 'angle': -70.46222064061388}, 'location': [76.90834938623617, 191.78181758863036], 'diameter': 37.263697949946966, 'sphere': {'center': [-4.933524785745028, -1.6530705696306138, 61.79209814046022], 'radius': 12.0}, 'projected_sphere': {'center': [110.49876182859234, 103.41367611694845], 'axes': [240.80748910930532, 240.80748910930532], 'angle': 90.0}, 'model_confidence': 0.9665306094040815, 'model_id': 61, 'model_birth_timestamp': 12311.749401, 'theta': 2.2786021107839125, 'phi': -1.8104526804923757, 'norm_pos': [0.24033859183198802, 0.20090909338070684], 'topic': 'pupil.1', 'id': 1, 'method': '3d c++'}"
1580974704.76702,"{'circle_3d': {'center': [-7.089561007955085, 6.130211317879013, 52.91673725382114], 'normal': [-0.17966968518417137, 0.6486068239591356, -0.739613407219923], 'radius': 1.5961143873593058}, 'confidence': 0.9999343148755574, 'timestamp': 12651.147143, 'diameter_3d': 3.1922287747186116, 'ellipse': {'center': [76.97576008894978, 191.58364758038226], 'axes': [23.874292471222503, 37.547137974482226], 'angle': -70.46092416089519}, 'location': [76.97576008894978, 191.58364758038226], 'diameter': 37.547137974482226, 'sphere': {'center': [-4.933524785745028, -1.6530705696306138, 61.79209814046022], 'radius': 12.0}, 'projected_sphere': {'center': [110.49876182859234, 103.41367611694845], 'axes': [240.80748910930532, 240.80748910930532], 'angle': 90.0}, 'model_confidence': 0.9665274882697639, 'model_id': 61, 'model_birth_timestamp': 12311.749401, 'theta': 2.2765489125385323, 'phi': -1.8091040105361225, 'norm_pos': [0.24054925027796809, 0.2017348017484072], 'topic': 'pupil.1', 'id': 1, 'method': '3d c++'}"
1580974704.776469,"{'circle_3d': {'center': [-7.083205219390054, 6.1297709378549, 52.914809584681244], 'normal': [-0.17914003613708548, 0.6485701256237929, -0.7397740463149145], 'radius': 1.5944257608992898}, 'confidence': 0.999512012310737, 'timestamp': 12651.155543, 'diameter_3d': 3.1888515217985796, 'ellipse': {'center': [77.04696416155136, 191.58153687932383], 'axes': [23.85952738966296, 37.50876427129885], 'angle': -70.50075149594078}, 'location': [77.04696416155136, 191.58153687932383], 'diameter': 37.50876427129885, 'sphere': {'center': [-4.933524785745028, -1.6530705696306138, 61.79209814046022], 'radius': 12.0}, 'projected_sphere': {'center': [110.49876182859234, 103.41367611694845], 'axes': [240.80748910930532, 240.80748910930532], 'angle': 90.0}, 'model_confidence': 0.9663953784148083, 'model_id': 61, 'model_birth_timestamp': 12311.749401, 'theta': 2.2765006975314552, 'phi': -1.8083780074316695, 'norm_pos': [0.24077176300484798, 0.2017435963361507], 'topic': 'pupil.1', 'id': 1, 'method': '3d c++'}"
1580974704.782947,"{'circle_3d': {'center': [-7.0914581445511295, 6.135394232061914, 52.92174641960109], 'normal': [-0.17982777990050844, 0.6490387334743773, -0.7391959767382602], 'radius': 1.6098775237896936}, 'confidence': 0.9994905246359016, 'timestamp': 12651.163943, 'diameter_3d': 3.2197550475793872, 'ellipse': {'center': [76.9620653036842, 191.63347377030783], 'axes': [24.057410252707168, 37.86746507362842], 'angle': -70.46356291047394}, 'location': [76.9620653036842, 191.63347377030783], 'diameter': 37.86746507362842, 'sphere': {'center': [-4.933524785745028, -1.6530705696306138, 61.79209814046022], 'radius': 12.0}, 'projected_sphere': {'center': [110.49876182859234, 103.41367611694845], 'axes': [240.80748910930532, 240.80748910930532], 'angle': 90.0}, 'model_confidence': 0.9662728580845492, 'model_id': 61, 'model_birth_timestamp': 12311.749401, 'theta': 2.277116512859139, 'phi': -1.8094354768631766, 'norm_pos': [0.2405064540740131, 0.20152719262371732], 'topic': 'pupil.1', 'id': 1, 'method': '3d c++'}"
1580974704.790708,"{'circle_3d': {'center': [-7.093987203876755, 6.169752844378744, 52.95265042167895], 'normal': [-0.18003853484431054, 0.6519019511674465, -0.7366206432317723], 'radius': 1.5951452931914694}, 'confidence': 0.9996939742551966, 'timestamp': 12651.172343, 'diameter_3d': 3.1902905863829387, 'ellipse': {'center': [76.97968586135669, 191.99871494259423], 'axes': [23.700032190301794, 37.498953666347916], 'angle': -70.54606155314288}, 'location': [76.97968586135669, 191.99871494259423], 'diameter': 37.498953666347916, 'sphere': {'center': [-4.933524785745028, -1.6530705696306138, 61.79209814046022], 'radius': 12.0}, 'projected_sphere': {'center': [110.49876182859234, 103.41367611694845], 'axes': [240.80748910930532, 240.80748910930532], 'angle': 90.0}, 'model_confidence': 0.9663622708878439, 'model_id': 61, 'model_birth_timestamp': 12311.749401, 'theta': 2.280886234769824, 'phi': -1.810508320982564, 'norm_pos': [0.24056151831673964, 0.20000535440585732], 'topic': 'pupil.1', 'id': 1, 'method': '3d c++'}"
1580974704.798785,"{'circle_3d': {'center': [-7.082988911384473, 6.15214166614866, 52.93441978058337], 'normal': [-0.17912201046995374, 0.6504343529816062, -0.7381398633230705], 'radius': 1.5779102872092088}, 'confidence': 0.9999430934359032, 'timestamp': 12651.180742, 'diameter_3d': 3.1558205744184176, 'ellipse': {'center': [77.07904590472097, 191.82216021245353], 'axes': [23.526659144852644, 37.10636747673118], 'angle': -70.56650417421996}, 'location': [77.07904590472097, 191.82216021245353], 'diameter': 37.10636747673118, 'sphere': {'center': [-4.933524785745028, -1.6530705696306138, 61.79209814046022], 'radius': 12.0}, 'projected_sphere': {'center': [110.49876182859234, 103.41367611694845], 'axes': [240.80748910930532, 240.80748910930532], 'angle': 90.0}, 'model_confidence': 0.9665165044149715, 'model_id': 61, 'model_birth_timestamp': 12311.749401, 'theta': 2.278952469895013, 'phi': -1.8088612993969166, 'norm_pos': [0.24087201845225303, 0.20074099911477694], 'topic': 'pupil.1', 'id': 1, 'method': '3d c++'}"
1580974704.806829,"{'circle_3d': {'center': [-7.076454038326617, 6.15931611099356, 52.9391625498871], 'normal': [-0.17857743771513235, 0.6510322233853478, -0.7377446325477595], 'radius': 1.5878408414724767}, 'confidence': 0.9999690876484958, 'timestamp': 12651.189142, 'diameter_3d': 3.1756816829449535, 'ellipse': {'center': [77.16322834263462, 191.89676398157007], 'axes': [23.656081594356824, 37.33666019280514], 'angle': -70.62918647601411}, 'location': [77.16322834263462, 191.89676398157007], 'diameter': 37.33666019280514, 'sphere': {'center': [-4.933524785745028, -1.6530705696306138, 61.79209814046022], 'radius': 12.0}, 'projected_sphere': {'center': [110.49876182859234, 103.41367611694845], 'axes': [240.80748910930532, 240.80748910930532], 'angle': 90.0}, 'model_confidence': 0.9665988317068996, 'model_id': 61, 'model_birth_timestamp': 12311.749401, 'theta': 2.27973986015582, 'phi': -1.8082868849271327, 'norm_pos': [0.2411350885707332, 0.20043015007679132], 'topic': 'pupil.1', 'id': 1, 'method': '3d c++'}"
1580974704.81868,"{'circle_3d': {'center': [-7.099833665077443, 6.165696656995662, 52.950492805728274], 'normal': [-0.1805257399443679, 0.6515639355521896, -0.7368004445609955], 'radius': 1.5779630546600865}, 'confidence': 0.9994653987007229, 'timestamp': 12651.197542, 'diameter_3d': 3.155926109320173, 'ellipse': {'center': [76.90719316499147, 191.95933364243393], 'axes': [23.452114122027055, 37.09636742374875], 'angle': -70.4968628151577}, 'location': [76.90719316499147, 191.95933364243393], 'diameter': 37.09636742374875, 'sphere': {'center': [-4.933524785745028, -1.6530705696306138, 61.79209814046022], 'radius': 12.0}, 'projected_sphere': {'center': [110.49876182859234, 103.41367611694845], 'axes': [240.80748910930532, 240.80748910930532], 'angle': 90.0}, 'model_confidence': 0.9665468113944864, 'model_id': 61, 'model_birth_timestamp': 12311.749401, 'theta': 2.2804405675801553, 'phi': -1.8110759307745874, 'norm_pos': [0.24033497864059833, 0.2001694431565253], 'topic': 'pupil.1', 'id': 1, 'method': '3d c++'}"
1580974704.826265,"{'circle_3d': {'center': [-7.100278587366832, 6.127020226556892, 52.916549415663766], 'normal': [-0.18056281680181696, 0.6483408996822922, -0.7396290603997042], 'radius': 1.5812725968031438}, 'confidence': 0.999643629251328, 'timestamp': 12651.205942, 'diameter_3d': 3.1625451936062876, 'ellipse': {'center': [76.84945607682462, 191.55106374043197], 'axes': [23.649577966562816, 37.19797944703936], 'angle': -70.38251374385138}, 'location': [76.84945607682462, 191.55106374043197], 'diameter': 37.19797944703936, 'sphere': {'center': [-4.933524785745028, -1.6530705696306138, 61.79209814046022], 'radius': 12.0}, 'projected_sphere': {'center': [110.49876182859234, 103.41367611694845], 'axes': [240.80748910930532, 240.80748910930532], 'angle': 90.0}, 'model_confidence': 0.9664660633207034, 'model_id': 61, 'model_birth_timestamp': 12311.749401, 'theta': 2.276199580716, 'phi': -1.810239093772611, 'norm_pos': [0.24015455024007695, 0.2018705677482001], 'topic': 'pupil.1', 'id': 1, 'method': '3d c++'}"
1580974704.8349361,"{'circle_3d': {'center': [-7.10667972262782, 6.139669141753126, 52.92922019867828], 'normal': [-0.18109624474023267, 0.649394975948645, -0.7385731618151613], 'radius': 1.5610122069766916}, 'confidence': 0.9993226553841407, 'timestamp': 12651.214342, 'diameter_3d': 3.1220244139533833, 'ellipse': {'center': [76.79331940304729, 191.6882785585598], 'axes': [23.289629008780732, 36.712411297772576], 'angle': -70.37784874204354}, 'location': [76.79331940304729, 191.6882785585598], 'diameter': 36.712411297772576, 'sphere': {'center': [-4.933524785745028, -1.6530705696306138, 61.79209814046022], 'radius': 12.0}, 'projected_sphere': {'center': [110.49876182859234, 103.41367611694845], 'axes': [240.80748910930532, 240.80748910930532], 'angle': 90.0}, 'model_confidence': 0.9662776408107532, 'model_id': 61, 'model_birth_timestamp': 12311.749401, 'theta': 2.2775848811336523, 'phi': -1.8112498459924602, 'norm_pos': [0.2399791231345228, 0.20129883933933412], 'topic': 'pupil.1', 'id': 1, 'method': '3d c++'}"
1580974704.842238,"{'circle_3d': {'center': [-7.093070654811116, 6.1474302038265485, 52.93272178979683], 'normal': [-0.17996215575550736, 0.6500417311214303, -0.7382813625552826], 'radius': 1.601278889151106}, 'confidence': 0.9999376340780319, 'timestamp': 12651.222742, 'diameter_3d': 3.202557778302212, 'ellipse': {'center': [76.95980531240826, 191.76231884663042], 'axes': [23.879693456228523, 37.65733551309929], 'angle': -70.48784663366656}, 'location': [76.95980531240826, 191.76231884663042], 'diameter': 37.65733551309929, 'sphere': {'center': [-4.933524785745028, -1.6530705696306138, 61.79209814046022], 'radius': 12.0}, 'projected_sphere': {'center': [110.49876182859234, 103.41367611694845], 'axes': [240.80748910930532, 240.80748910930532], 'angle': 90.0}, 'model_confidence': 0.9665268747060529, 'model_id': 61, 'model_birth_timestamp': 12311.749401, 'theta': 2.2784356789341564, 'phi': -1.8098918072000487, 'norm_pos': [0.2404993916012758, 0.20099033813903988], 'topic': 'pupil.1', 'id': 1, 'method': '3d c++'}"
1580974704.8507578,"{'circle_3d': {'center': [-7.075303825665122, 6.178466749870399, 52.9558203179027], 'normal': [-0.17848158666000782, 0.6526281099584177, -0.7363564852131267], 'radius': 1.596449614651566}, 'confidence': 0.9999395181825077, 'timestamp': 12651.231142, 'diameter_3d': 3.192899229303132, 'ellipse': {'center': [77.20285197854413, 192.09590939065484], 'axes': [23.71135250000622, 37.52739853049885], 'angle': -70.69124327090304}, 'location': [77.20285197854413, 192.09590939065484], 'diameter': 37.52739853049885, 'sphere': {'center': [-4.933524785745028, -1.6530705696306138, 61.79209814046022], 'radius': 12.0}, 'projected_sphere': {'center': [110.49876182859234, 103.41367611694845], 'axes': [240.80748910930532, 240.80748910930532], 'angle': 90.0}, 'model_confidence': 0.9665846822967006, 'model_id': 61, 'model_birth_timestamp': 12311.749401, 'theta': 2.281844239412319, 'phi': -1.8085949588458081, 'norm_pos': [0.24125891243295042, 0.19960037753893822], 'topic': 'pupil.1', 'id': 1, 'method': '3d c++'}"
1580974704.8589382,"{'circle_3d': {'center': [-7.096655782192666, 6.1469874934895365, 52.93320664636448], 'normal': [-0.18026091637063646, 0.6500048385933459, -0.7382409578413113], 'radius': 1.569224628641415}, 'confidence': 0.999975706600697, 'timestamp': 12651.239542, 'diameter_3d': 3.13844925728283, 'ellipse': {'center': [76.91705063486032, 191.76612086894147], 'axes': [23.398070864804726, 36.90286671596225], 'angle': -70.4635617917613}, 'location': [76.91705063486032, 191.76612086894147], 'diameter': 36.90286671596225, 'sphere': {'center': [-4.933524785745028, -1.6530705696306138, 61.79209814046022], 'radius': 12.0}, 'projected_sphere': {'center': [110.49876182859234, 103.41367611694845], 'axes': [240.80748910930532, 240.80748910930532], 'angle': 90.0}, 'model_confidence': 0.9666552257950989, 'model_id': 61, 'model_birth_timestamp': 12311.749401, 'theta': 2.2783871306589765, 'phi': -1.8102863572659447, 'norm_pos': [0.24036578323393848, 0.20097449637941056], 'topic': 'pupil.1', 'id': 1, 'method': '3d c++'}"
1580974704.866726,"{'circle_3d': {'center': [-7.0909710608411824, 6.160739442652343, 52.94394586656595], 'normal': [-0.17978718959134612, 0.6511508343569131, -0.7373460228245226], 'radius': 1.566909966720609}, 'confidence': 0.999022967528426, 'timestamp': 12651.247942, 'diameter_3d': 3.133819933441218, 'ellipse': {'center': [77.00001023300544, 191.91333790103886], 'axes': [23.318789745911207, 36.840961809768594], 'angle': -70.53973551377341}, 'location': [77.00001023300544, 191.91333790103886], 'diameter': 36.840961809768594, 'sphere': {'center': [-4.933524785745028, -1.6530705696306138, 61.79209814046022], 'radius': 12.0}, 'projected_sphere': {'center': [110.49876182859234, 103.41367611694845], 'axes': [240.80748910930532, 240.80748910930532], 'angle': 90.0}, 'model_confidence': 0.9665090067912829, 'model_id': 61, 'model_birth_timestamp': 12311.749401, 'theta': 2.2798961330060483, 'phi': -1.8099596932519741, 'norm_pos': [0.240625031978142, 0.20036109207900477], 'topic': 'pupil.1', 'id': 1, 'method': '3d c++'}"
1580974704.875469,"{'circle_3d': {'center': [-7.087292114742139, 6.145877675601302, 52.92994870814197], 'normal': [-0.17948061074975924, 0.6499123537693263, -0.7385124526931874], 'radius': 1.5832264501059747}, 'confidence': 0.9995984367899113, 'timestamp': 12651.256342, 'diameter_3d': 3.1664529002119495, 'ellipse': {'center': [77.02210570227133, 191.75325996745931], 'axes': [23.62421014430533, 37.23456811835886], 'angle': -70.52072894694464}, 'location': [77.02210570227133, 191.75325996745931], 'diameter': 37.23456811835886, 'sphere': {'center': [-4.933524785745028, -1.6530705696306138, 61.79209814046022], 'radius': 12.0}, 'projected_sphere': {'center': [110.49876182859234, 103.41367611694845], 'axes': [240.80748910930532, 240.80748910930532], 'angle': 90.0}, 'model_confidence': 0.9666256467890544, 'model_id': 61, 'model_birth_timestamp': 12311.749401, 'theta': 2.278265435236194, 'phi': -1.8092042181089096, 'norm_pos': [0.2406940803195979, 0.20102808346891954], 'topic': 'pupil.1', 'id': 1, 'method': '3d c++'}"
1580974704.8826199,"{'circle_3d': {'center': [-7.096251573871641, 6.141862688193202, 52.92859836068972], 'normal': [-0.1802272323438844, 0.6495777714853179, -0.7386249816475419], 'radius': 1.5793617165864322}, 'confidence': 0.9990791762886814, 'timestamp': 12651.264742, 'diameter_3d': 3.1587234331728644, 'ellipse': {'center': [76.91513018986655, 191.7092770498323], 'axes': [23.569592036727368, 37.14457892042732], 'angle': -70.4513705240057}, 'location': [76.91513018986655, 191.7092770498323], 'diameter': 37.14457892042732, 'sphere': {'center': [-4.933524785745028, -1.6530705696306138, 61.79209814046022], 'radius': 12.0}, 'projected_sphere': {'center': [110.49876182859234, 103.41367611694845], 'axes': [240.80748910930532, 240.80748910930532], 'angle': 90.0}, 'model_confidence': 0.9664679643137997, 'model_id': 61, 'model_birth_timestamp': 12311.749401, 'theta': 2.277825283518474, 'phi': -1.8101235048767412, 'norm_pos': [0.24035978184333295, 0.20121134562569876], 'topic': 'pupil.1', 'id': 1, 'method': '3d c++'}"
1580974704.8909981,"{'circle_3d': {'center': [-7.111770209083117, 6.149584815761717, 52.93919941673618], 'normal': [-0.18152045194484068, 0.6502212821160276, -0.7377415603103367], 'radius': 1.5621644526231073}, 'confidence': 0.9993821731187248, 'timestamp': 12651.273142, 'diameter_3d': 3.1243289052462146, 'ellipse': {'center': [76.74941847077966, 191.79067609562793], 'axes': [23.26216710011915, 36.73261205894381], 'angle': -70.3736953006227}, 'location': [76.74941847077966, 191.79067609562793], 'diameter': 36.73261205894381, 'sphere': {'center': [-4.933524785745028, -1.6530705696306138, 61.79209814046022], 'radius': 12.0}, 'projected_sphere': {'center': [110.49876182859234, 103.41367611694845], 'axes': [240.80748910930532, 240.80748910930532], 'angle': 90.0}, 'model_confidence': 0.9663933844078376, 'model_id': 61, 'model_birth_timestamp': 12311.749401, 'theta': 2.2786719856817004, 'phi': -1.8120528037401098, 'norm_pos': [0.23984193272118642, 0.20087218293488363], 'topic': 'pupil.1', 'id': 1, 'method': '3d c++'}"
1580974704.902359,"{'circle_3d': {'center': [-7.089681072458012, 6.16761446730351, 52.94970730877093], 'normal': [-0.17967969055941532, 0.6517237530778437, -0.7368659026407739], 'radius': 1.5936029599075394}, 'confidence': 0.9999474244207316, 'timestamp': 12651.281542, 'diameter_3d': 3.187205919815079, 'ellipse': {'center': [77.0253397706588, 191.97808110265692], 'axes': [23.69140593509934, 37.46475971028233], 'angle': -70.56766013385575}, 'location': [77.0253397706588, 191.97808110265692], 'diameter': 37.46475971028233, 'sphere': {'center': [-4.933524785745028, -1.6530705696306138, 61.79209814046022], 'radius': 12.0}, 'projected_sphere': {'center': [110.49876182859234, 103.41367611694845], 'axes': [240.80748910930532, 240.80748910930532], 'angle': 90.0}, 'model_confidence': 0.9664425446943681, 'model_id': 61, 'model_birth_timestamp': 12311.749401, 'theta': 2.2806512626914666, 'phi': -1.809971950229637, 'norm_pos': [0.24070418678330877, 0.20009132873892954], 'topic': 'pupil.1', 'id': 1, 'method': '3d c++'}"
1580974704.9105148,"{'circle_3d': {'center': [-7.075198258034712, 6.17894700773194, 52.95622040217215], 'normal': [-0.17847278935747363, 0.6526681314468795, -0.7363231448573389], 'radius': 1.5681471040359927}, 'confidence': 0.9998926580442372, 'timestamp': 12651.289942, 'diameter_3d': 3.1362942080719853, 'ellipse': {'center': [77.2033111307734, 192.1094555568639], 'axes': [23.288950115130167, 36.86154694086749], 'angle': -70.69338824442661}, 'location': [77.2033111307734, 192.1094555568639], 'diameter': 36.86154694086749, 'sphere': {'center': [-4.933524785745028, -1.6530705696306138, 61.79209814046022], 'radius': 12.0}, 'projected_sphere': {'center': [110.49876182859234, 103.41367611694845], 'axes': [240.80748910930532, 240.80748910930532], 'angle': 90.0}, 'model_confidence': 0.9664797823726867, 'model_id': 61, 'model_birth_timestamp': 12311.749401, 'theta': 2.2818970618225047, 'phi': -1.8085940402659317, 'norm_pos': [0.24126034728366688, 0.19954393517973368], 'topic': 'pupil.1', 'id': 1, 'method': '3d c++'}"
1580974704.9194171,"{'circle_3d': {'center': [-7.088827341993547, 6.19045997174914, 52.969757207495114], 'normal': [-0.17960854635404314, 0.6536275451149796, -0.7351950777470923], 'radius': 1.5731174415027174}, 'confidence': 0.9994719335666786, 'timestamp': 12651.298342, 'diameter_3d': 3.1462348830054347, 'ellipse': {'center': [77.06534689933153, 192.22453847934244], 'axes': [23.299830194530703, 36.96899901892482], 'angle': -70.63851267257516}, 'location': [77.06534689933153, 192.22453847934244], 'diameter': 36.96899901892482, 'sphere': {'center': [-4.933524785745028, -1.6530705696306138, 61.79209814046022], 'radius': 12.0}, 'projected_sphere': {'center': [110.49876182859234, 103.41367611694845], 'axes': [240.80748910930532, 240.80748910930532], 'angle': 90.0}, 'model_confidence': 0.9663925201794155, 'model_id': 61, 'model_birth_timestamp': 12311.749401, 'theta': 2.283164065704735, 'phi': -1.8104036301635549, 'norm_pos': [0.24082920906041103, 0.19906442300273985], 'topic': 'pupil.1', 'id': 1, 'method': '3d c++'}"
1580974704.927389,"{'circle_3d': {'center': [-7.093025452699622, 6.17139464361877, 52.953868623409136], 'normal': [-0.1799583889128828, 0.6520387677707821, -0.7365191264209232], 'radius': 1.5765442329742094}, 'confidence': 0.9999708481642928, 'timestamp': 12651.306742, 'diameter_3d': 3.153088465948419, 'ellipse': {'center': [76.99187571670025, 192.021857877051], 'axes': [23.418438301818714, 37.060646474021894], 'angle': -70.55701811523649}, 'location': [76.99187571670025, 192.021857877051], 'diameter': 37.060646474021894, 'sphere': {'center': [-4.933524785745028, -1.6530705696306138, 61.79209814046022], 'radius': 12.0}, 'projected_sphere': {'center': [110.49876182859234, 103.41367611694845], 'axes': [240.80748910930532, 240.80748910930532], 'angle': 90.0}, 'model_confidence': 0.9664366266469937, 'model_id': 61, 'model_birth_timestamp': 12311.749401, 'theta': 2.2810666734178184, 'phi': -1.8104374256025355, 'norm_pos': [0.2405996116146883, 0.19990892551228756], 'topic': 'pupil.1', 'id': 1, 'method': '3d c++'}"
1580974704.9348228,"{'circle_3d': {'center': [-7.076757863996824, 6.165199635756402, 52.94443161375133], 'normal': [-0.17860275652098298, 0.6515225171155846, -0.7373055438924077], 'radius': 1.5736975202849706}, 'confidence': 0.9993809088742558, 'timestamp': 12651.315142, 'diameter_3d': 3.147395040569941, 'ellipse': {'center': [77.16713114407186, 191.96278470277002], 'axes': [23.422194906174223, 37.00028387735877], 'angle': -70.64409476583755}, 'location': [77.16713114407186, 191.96278470277002], 'diameter': 37.00028387735877, 'sphere': {'center': [-4.933524785745028, -1.6530705696306138, 61.79209814046022], 'radius': 12.0}, 'projected_sphere': {'center': [110.49876182859234, 103.41367611694845], 'axes': [240.80748910930532, 240.80748910930532], 'angle': 90.0}, 'model_confidence': 0.9663593340821452, 'model_id': 61, 'model_birth_timestamp': 12311.749401, 'theta': 2.2803859698894593, 'phi': -1.8084554917254945, 'norm_pos': [0.24114728482522457, 0.20015506373845826], 'topic': 'pupil.1', 'id': 1, 'method': '3d c++'}"
1580974704.942749,"{'circle_3d': {'center': [-7.086485010625702, 6.169620699347934, 52.9507032516246], 'normal': [-0.17941335207338943, 0.6518909390815457, -0.7367829074029679], 'radius': 1.592791308616038}, 'confidence': 0.9579983132228524, 'timestamp': 12651.323542, 'diameter_3d': 3.185582617232076, 'ellipse': {'center': [77.06417006504299, 192.00044552443114], 'axes': [23.67595555418608, 37.44496968764003], 'angle': -70.59398734458263}, 'location': [77.06417006504299, 192.00044552443114], 'diameter': 37.44496968764003, 'sphere': {'center': [-4.933524785745028, -1.6530705696306138, 61.79209814046022], 'radius': 12.0}, 'projected_sphere': {'center': [110.49876182859234, 103.41367611694845], 'axes': [240.80748910930532, 240.80748910930532], 'angle': 90.0}, 'model_confidence': 0.9662573053852319, 'model_id': 61, 'model_birth_timestamp': 12311.749401, 'theta': 2.280871712852764, 'phi': -1.8096566514610757, 'norm_pos': [0.24082553145325933, 0.19999814364820356], 'topic': 'pupil.1', 'id': 1, 'method': '3d c++'}"
1580974704.950895,"{'circle_3d': {'center': [-7.081659997288462, 6.167664367052604, 52.94779940268175], 'normal': [-0.17901126762861944, 0.6517279113902681, -0.7370248948148724], 'radius': 1.5919264678235239}, 'confidence': 0.9996879572111452, 'timestamp': 12651.331942, 'diameter_3d': 3.1838529356470477, 'ellipse': {'center': [77.11598605646594, 191.9816813792767], 'axes': [23.67737499460512, 37.42667880031178], 'angle': -70.61947712816004}, 'location': [77.11598605646594, 191.9816813792767], 'diameter': 37.42667880031178, 'sphere': {'center': [-4.933524785745028, -1.6530705696306138, 61.79209814046022], 'radius': 12.0}, 'projected_sphere': {'center': [110.49876182859234, 103.41367611694845], 'axes': [240.80748910930532, 240.80748910930532], 'angle': 90.0}, 'model_confidence': 0.9662006661154354, 'model_id': 61, 'model_birth_timestamp': 12311.749401, 'theta': 2.280656745303359, 'phi': -1.809066078545439, 'norm_pos': [0.24098745642645608, 0.20007632758634708], 'topic': 'pupil.1', 'id': 1, 'method': '3d c++'}"
1580974704.9587798,"{'circle_3d': {'center': [-7.099435952589822, 6.178879653465911, 52.96207070447366], 'normal': [-0.18049259723706615, 0.652662518591377, -0.7358356196655464], 'radius': 1.5865749602159167}, 'confidence': 0.9999988650099534, 'timestamp': 12651.340342, 'diameter_3d': 3.1731499204318334, 'ellipse': {'center': [76.93023029073018, 192.09545631502658], 'axes': [23.529630900314935, 37.29077868453258], 'angle': -70.53720048929588}, 'location': [76.93023029073018, 192.09545631502658], 'diameter': 37.29077868453258, 'sphere': {'center': [-4.933524785745028, -1.6530705696306138, 61.79209814046022], 'radius': 12.0}, 'projected_sphere': {'center': [110.49876182859234, 103.41367611694845], 'axes': [240.80748910930532, 240.80748910930532], 'angle': 90.0}, 'model_confidence': 0.9662977746087709, 'model_id': 61, 'model_birth_timestamp': 12311.749401, 'theta': 2.2818896535434425, 'phi': -1.8113364906634257, 'norm_pos': [0.2404069696585318, 0.1996022653540559], 'topic': 'pupil.1', 'id': 1, 'method': '3d c++'}"
1580974704.966559,"{'circle_3d': {'center': [-7.081820494567605, 6.176825614349042, 52.95594788734912], 'normal': [-0.17902464240188137, 0.6524913486649713, -0.7363458544259248], 'radius': 1.5752992892635158}, 'confidence': 0.999867576164875, 'timestamp': 12651.348741, 'diameter_3d': 3.1505985785270316, 'ellipse': {'center': [77.12589869352851, 192.0829148372243], 'axes': [23.39437781153799, 37.029924930235836], 'angle': -70.64467174367685}, 'location': [77.12589869352851, 192.0829148372243], 'diameter': 37.029924930235836, 'sphere': {'center': [-4.933524785745028, -1.6530705696306138, 61.79209814046022], 'radius': 12.0}, 'projected_sphere': {'center': [110.49876182859234, 103.41367611694845], 'axes': [240.80748910930532, 240.80748910930532], 'angle': 90.0}, 'model_confidence': 0.9663119327250946, 'model_id': 61, 'model_birth_timestamp': 12311.749401, 'theta': 2.2816637529878467, 'phi': -1.8092947219774103, 'norm_pos': [0.2410184334172766, 0.19965452151156537], 'topic': 'pupil.1', 'id': 1, 'method': '3d c++'}"
1580974704.9751449,"{'circle_3d': {'center': [-7.086377056559575, 6.165902067378477, 52.94738819599331], 'normal': [-0.1794043559012122, 0.651581053084091, -0.7370591620389086], 'radius': 1.5753763210675644}, 'confidence': 0.9999362187035853, 'timestamp': 12651.357141, 'diameter_3d': 3.150752642135129, 'ellipse': {'center': [77.0594287760808, 191.9665940602361], 'axes': [23.431338680139806, 37.03770395950235], 'angle': -70.58409922447686}, 'location': [77.0594287760808, 191.9665940602361], 'diameter': 37.03770395950235, 'sphere': {'center': [-4.933524785745028, -1.6530705696306138, 61.79209814046022], 'radius': 12.0}, 'projected_sphere': {'center': [110.49876182859234, 103.41367611694845], 'axes': [240.80748910930532, 240.80748910930532], 'angle': 90.0}, 'model_confidence': 0.96650594035671, 'model_id': 61, 'model_birth_timestamp': 12311.749401, 'theta': 2.280463132620237, 'phi': -1.8095589670452628, 'norm_pos': [0.24081071492525247, 0.20013919141568293], 'topic': 'pupil.1', 'id': 1, 'method': '3d c++'}"
1580974704.986293,"{'circle_3d': {'center': [-7.063173196150222, 6.16755293220211, 52.94323122482405], 'normal': [-0.17747070086709946, 0.6517186251527269, -0.7374055763030137], 'radius': 1.588893999611667}, 'confidence': 0.9995698019074944, 'timestamp': 12651.365541, 'diameter_3d': 3.177787999223334, 'ellipse': {'center': [77.32471060326544, 191.98730952721064], 'axes': [23.658092809482632, 37.35857787098055], 'angle': -70.73839848236814}, 'location': [77.32471060326544, 191.98730952721064], 'diameter': 37.35857787098055, 'sphere': {'center': [-4.933524785745028, -1.6530705696306138, 61.79209814046022], 'radius': 12.0}, 'projected_sphere': {'center': [110.49876182859234, 103.41367611694845], 'axes': [240.80748910930532, 240.80748910930532], 'angle': 90.0}, 'model_confidence': 0.9665133167998996, 'model_id': 61, 'model_birth_timestamp': 12311.749401, 'theta': 2.2806445017094936, 'phi': -1.8069738247070464, 'norm_pos': [0.2416397206352045, 0.20005287696995566], 'topic': 'pupil.1', 'id': 1, 'method': '3d c++'}"
1580974704.9945998,"{'circle_3d': {'center': [-7.090875473967195, 6.186622420460205, 52.966847332174474], 'normal': [-0.17977922401851387, 0.653307749174235, -0.7354375673571455], 'radius': 1.587085709985351}, 'confidence': 0.9999460797798788, 'timestamp': 12651.373941, 'diameter_3d': 3.174171419970702, 'ellipse': {'center': [77.03761631115914, 192.17940856616042], 'axes': [23.518982463476263, 37.29943857476273], 'angle': -70.61435433092261}, 'location': [77.03761631115914, 192.17940856616042], 'diameter': 37.29943857476273, 'sphere': {'center': [-4.933524785745028, -1.6530705696306138, 61.79209814046022], 'radius': 12.0}, 'projected_sphere': {'center': [110.49876182859234, 103.41367611694845], 'axes': [240.80748910930532, 240.80748910930532], 'angle': 90.0}, 'model_confidence': 0.9665449459792419, 'model_id': 61, 'model_birth_timestamp': 12311.749401, 'theta': 2.2827415885663784, 'phi': -1.8105466162659245, 'norm_pos': [0.24074255097237232, 0.19925246430766497], 'topic': 'pupil.1', 'id': 1, 'method': '3d c++'}"
1580974705.002832,"{'circle_3d': {'center': [-7.098287592600055, 6.168639466568893, 52.95271727415103], 'normal': [-0.18039690057125224, 0.6518091696832922, -0.7366150721924328], 'radius': 1.5543485563849488}, 'confidence': 0.9997344483781299, 'timestamp': 12651.382341, 'diameter_3d': 3.1086971127698977, 'ellipse': {'center': [76.927530832229, 191.99776076736384], 'axes': [23.09180039296042, 36.53946069404498], 'angle': -70.51533709418561}, 'location': [76.927530832229, 191.99776076736384], 'diameter': 36.53946069404498, 'sphere': {'center': [-4.933524785745028, -1.6530705696306138, 61.79209814046022], 'radius': 12.0}, 'projected_sphere': {'center': [110.49876182859234, 103.41367611694845], 'axes': [240.80748910930532, 240.80748910930532], 'angle': 90.0}, 'model_confidence': 0.9664871244311368, 'model_id': 61, 'model_birth_timestamp': 12311.749401, 'theta': 2.28076388714299, 'phi': -1.8109690927212923, 'norm_pos': [0.2403985338507156, 0.200009330135984], 'topic': 'pupil.1', 'id': 1, 'method': '3d c++'}"
1580974705.010453,"{'circle_3d': {'center': [-7.075520033609163, 6.164035608670254, 52.94310343172082], 'normal': [-0.1784996039886779, 0.6514255148584056, -0.7374162257282831], 'radius': 1.5549123560082128}, 'confidence': 0.9993677635720769, 'timestamp': 12651.390741, 'diameter_3d': 3.1098247120164255, 'ellipse': {'center': [77.17861676206105, 191.9564958282098], 'axes': [23.148471206973493, 36.55935110078836], 'angle': -70.64881546233775}, 'location': [77.17861676206105, 191.9564958282098], 'diameter': 36.55935110078836, 'sphere': {'center': [-4.933524785745028, -1.6530705696306138, 61.79209814046022], 'radius': 12.0}, 'projected_sphere': {'center': [110.49876182859234, 103.41367611694845], 'axes': [240.80748910930532, 240.80748910930532], 'angle': 90.0}, 'model_confidence': 0.96632534786808, 'model_id': 61, 'model_birth_timestamp': 12311.749401, 'theta': 2.280258111747905, 'phi': -1.8082890113945562, 'norm_pos': [0.2411831773814408, 0.20018126738245923], 'topic': 'pupil.1', 'id': 1, 'method': '3d c++'}"
1580974705.019077,"{'circle_3d': {'center': [-7.087286292333277, 6.164105622993217, 52.94602173641453], 'normal': [-0.17948012554902074, 0.6514313493853192, -0.7371730336704742], 'radius': 1.5673727387773737}, 'confidence': 0.9997092281132934, 'timestamp': 12651.399141, 'diameter_3d': 3.1347454775547474, 'ellipse': {'center': [77.04629470756939, 191.9497880376395], 'axes': [23.317836521412225, 36.850408079337754], 'angle': -70.5731239475205}, 'location': [77.04629470756939, 191.9497880376395], 'diameter': 36.850408079337754, 'sphere': {'center': [-4.933524785745028, -1.6530705696306138, 61.79209814046022], 'radius': 12.0}, 'projected_sphere': {'center': [110.49876182859234, 103.41367611694845], 'axes': [240.80748910930532, 240.80748910930532], 'angle': 90.0}, 'model_confidence': 0.966263670393197, 'model_id': 61, 'model_birth_timestamp': 12311.749401, 'theta': 2.280265801808977, 'phi': -1.8096205051965708, 'norm_pos': [0.24076967096115434, 0.20020921650983536], 'topic': 'pupil.1', 'id': 1, 'method': '3d c++'}"
1580974705.026658,"{'circle_3d': {'center': [-7.0652314277184285, 6.17004208983095, 52.94592749379402], 'normal': [-0.17764222016445003, 0.6519260549551303, -0.7371808872221833], 'radius': 1.5796611245528345}, 'confidence': 0.9996548185661058, 'timestamp': 12651.407541, 'diameter_3d': 3.159322249105669, 'ellipse': {'center': [77.30437884141983, 192.0155998315812], 'axes': [23.508097457753227, 37.13951495110642], 'angle': -70.73223510035417}, 'location': [77.30437884141983, 192.0155998315812], 'diameter': 37.13951495110642, 'sphere': {'center': [-4.933524785745028, -1.6530705696306138, 61.79209814046022], 'radius': 12.0}, 'projected_sphere': {'center': [110.49876182859234, 103.41367611694845], 'axes': [240.80748910930532, 240.80748910930532], 'angle': 90.0}, 'model_confidence': 0.9662445999672808, 'model_id': 61, 'model_birth_timestamp': 12311.749401, 'theta': 2.2809180216789047, 'phi': -1.8072630735872706, 'norm_pos': [0.24157618387943697, 0.19993500070174497], 'topic': 'pupil.1', 'id': 1, 'method': '3d c++'}"
1580974705.034719,"{'circle_3d': {'center': [-7.071107762562741, 6.16824502505699, 52.94575644541386], 'normal': [-0.17813191473480938, 0.6517762995573003, -0.737195141253863], 'radius': 1.5581426586114537}, 'confidence': 0.9990376013740087, 'timestamp': 12651.415941, 'diameter_3d': 3.1162853172229075, 'ellipse': {'center': [77.23442217639472, 192.00122018692355], 'axes': [23.18653833045719, 36.633504276906386], 'angle': -70.68927916257908}, 'location': [77.23442217639472, 192.00122018692355], 'diameter': 36.633504276906386, 'sphere': {'center': [-4.933524785745028, -1.6530705696306138, 61.79209814046022], 'radius': 12.0}, 'projected_sphere': {'center': [110.49876182859234, 103.41367611694845], 'axes': [240.80748910930532, 240.80748910930532], 'angle': 90.0}, 'model_confidence': 0.9660171236071102, 'model_id': 61, 'model_birth_timestamp': 12311.749401, 'theta': 2.280720545569024, 'phi': -1.8078863870951745, 'norm_pos': [0.24135756930123348, 0.1999949158878186], 'topic': 'pupil.1', 'id': 1, 'method': '3d c++'}"
1580974705.043395,"{'circle_3d': {'center': [-7.067273157008568, 6.174749512306278, 52.950585223942156], 'normal': [-0.17781236427196165, 0.6523183401614077, -0.7367927430431718], 'radius': 1.5665337176006235}, 'confidence': 0.9996012925545037, 'timestamp': 12651.424341, 'diameter_3d': 3.133067435201247, 'ellipse': {'center': [77.28708542678793, 192.06834769027304], 'axes': [23.291797524285215, 36.82751837296291], 'angle': -70.73251188155368}, 'location': [77.28708542678793, 192.06834769027304], 'diameter': 36.82751837296291, 'sphere': {'center': [-4.933524785745028, -1.6530705696306138, 61.79209814046022], 'radius': 12.0}, 'projected_sphere': {'center': [110.49876182859234, 103.41367611694845], 'axes': [240.80748910930532, 240.80748910930532], 'angle': 90.0}, 'model_confidence': 0.9659398010802622, 'model_id': 61, 'model_birth_timestamp': 12311.749401, 'theta': 2.2814354706216564, 'phi': -1.807601276862412, 'norm_pos': [0.24152214195871227, 0.1997152179571956], 'topic': 'pupil.1', 'id': 1, 'method': '3d c++'}"
1580974705.050818,"{'circle_3d': {'center': [-7.069990341618048, 6.194454826034365, 52.96872803074809], 'normal': [-0.17803879632275163, 0.6539604496387482, -0.7352808424760107], 'radius': 1.5704876422230425}, 'confidence': 0.9999010299125005, 'timestamp': 12651.432741, 'diameter_3d': 3.140975284446085, 'ellipse': {'center': [77.28357138457659, 192.27332493055323], 'axes': [23.27114952585318, 36.90789605400239], 'angle': -70.7709988629221}, 'location': [77.28357138457659, 192.27332493055323], 'diameter': 36.90789605400239, 'sphere': {'center': [-4.933524785745028, -1.6530705696306138, 61.79209814046022], 'radius': 12.0}, 'projected_sphere': {'center': [110.49876182859234, 103.41367611694845], 'axes': [240.80748910930532, 240.80748910930532], 'angle': 90.0}, 'model_confidence': 0.9659190479658131, 'model_id': 61, 'model_birth_timestamp': 12311.749401, 'theta': 2.2836040241976296, 'phi': -1.8083610652071702, 'norm_pos': [0.24151116057680183, 0.1988611461226949], 'topic': 'pupil.1', 'id': 1, 'method': '3d c++'}"
1580974705.059399,"{'circle_3d': {'center': [-7.083454049141832, 6.1827278459624, 52.96157905308036], 'normal': [-0.1791607719497336, 0.6529832012994179, -0.7358765906149887], 'radius': 1.554362267158164}, 'confidence': 0.9998164916580172, 'timestamp': 12651.441141, 'diameter_3d': 3.108724534316328, 'ellipse': {'center': [77.1145146412241, 192.15059839667651], 'axes': [23.058541829668947, 36.53369381982273], 'angle': -70.65107048010843}, 'location': [77.1145146412241, 192.15059839667651], 'diameter': 36.53369381982273, 'sphere': {'center': [-4.933524785745028, -1.6530705696306138, 61.79209814046022], 'radius': 12.0}, 'projected_sphere': {'center': [110.49876182859234, 103.41367611694845], 'axes': [240.80748910930532, 240.80748910930532], 'angle': 90.0}, 'model_confidence': 0.9660086003328239, 'model_id': 61, 'model_birth_timestamp': 12311.749401, 'theta': 2.2823129911370494, 'phi': -1.8096157488717486, 'norm_pos': [0.24098285825382532, 0.19937250668051454], 'topic': 'pupil.1', 'id': 1, 'method': '3d c++'}"
