Processing_109/T1_EU_PW_B1_C7_P1251078_S109_0815144707.csv
UDPSynch,1565849275545,pupilPackets,749,imuPackets,1162,logDataStart,1251808,logDataEnd,1258331,logDataDur,6522
1251816,1251814,1,348006.246078,108,107,{"topic":"pupil.1","circle_3d":{"center":[-6.023321087920756,1.5418843880923596,72.61677947505515],"normal":[-0.22311921562997938,0.6691327003016527,-0.7088577043410627],"radius":2.1274017451806566},"confidence":0.9988234837026123,"timestamp":348006.246078,"diameter_3d":4.254803490361313,"ellipse":{"center":[108.63528389354798,132.91768180387027],"axes":[24.515061321128755,36.421024734269515],"angle":-67.969547008023},"norm_pos":[0.33948526216733743,0.44617632581720723],"diameter":36.421024734269515,"sphere":{"center":[-3.3458905003610036,-6.487708015527474,81.1230719271479],"radius":12.0},"projected_sphere":{"center":[134.4283338766218,70.4163381135356],"axes":[183.42500655501428,183.42500655501428],"angle":90.0},"model_confidence":0.9274798721299993,"model_id":153,"model_birth_timestamp":347871.839121,"theta":2.3038374303140476,"phi":-1.875737728485144,"method":"3d c++","id":1}
1251823,1251818,1,348006.254478,108,106,{"topic":"pupil.1","circle_3d":{"center":[-6.0152774551657835,1.5545640652605925,72.62623527671765],"normal":[-0.22244891290039834,0.6701893400656722,-0.7080697208691881],"radius":2.1359247173416387},"confidence":0.9993121167495725,"timestamp":348006.254478,"diameter_3d":4.271849434683277,"ellipse":{"center":[108.71076437332712,133.0222342008309],"axes":[24.57965506879525,36.56201742609923],"angle":-68.06129442222618},"norm_pos":[0.33972113866664727,0.4457406908298712],"diameter":36.56201742609923,"sphere":{"center":[-3.3458905003610036,-6.487708015527474,81.1230719271479],"radius":12.0},"projected_sphere":{"center":[134.4283338766218,70.4163381135356],"axes":[183.42500655501428,183.42500655501428],"angle":90.0},"model_confidence":0.9274206045671307,"model_id":153,"model_birth_timestamp":347871.839121,"theta":2.3052601947816265,"phi":-1.8751950158071986,"method":"3d c++","id":1}
1251830,1251830,1,348006.262878,108,106,{"topic":"pupil.1","circle_3d":{"center":[-6.012691092470346,1.5583178274391827,72.62897734701531],"normal":[-0.22223338267577852,0.6705021535805546,-0.7078412150110498],"radius":2.1314438239053475},"confidence":0.999018037235394,"timestamp":348006.262878,"diameter_3d":4.262887647810695,"ellipse":{"center":[108.73440296969667,133.05482023697743],"axes":[24.51835495686041,36.48383508316229],"angle":-68.08975271185156},"norm_pos":[0.3397950092803021,0.44560491567926064],"diameter":36.48383508316229,"sphere":{"center":[-3.3458905003610036,-6.487708015527474,81.1230719271479],"radius":12.0},"projected_sphere":{"center":[134.4283338766218,70.4163381135356],"axes":[183.42500655501428,183.42500655501428],"angle":90.0},"model_confidence":0.927307027055646,"model_id":153,"model_birth_timestamp":347871.839121,"theta":2.305681748563469,"phi":-1.8750101760009052,"method":"3d c++","id":1}
1251837,1251837,1,348006.271277,108,106,{"topic":"pupil.1","circle_3d":{"center":[-6.017044672344496,1.5561058400177394,72.62825032532282],"normal":[-0.22259618099862435,0.6703178212954344,-0.7079018001520901],"radius":2.140687754654258},"confidence":0.9988837097001644,"timestamp":348006.271277,"diameter_3d":4.281375509308516,"ellipse":{"center":[108.69739757761346,133.03394967098333],"axes":[24.626469379757257,36.64258887166213],"angle":-68.05482618840796},"norm_pos":[0.33967936743004207,0.4456918763709028],"diameter":36.64258887166213,"sphere":{"center":[-3.3458905003610036,-6.487708015527474,81.1230719271479],"radius":12.0},"projected_sphere":{"center":[134.4283338766218,70.4163381135356],"axes":[183.42500655501428,183.42500655501428],"angle":90.0},"model_confidence":0.9271843951000669,"model_id":153,"model_birth_timestamp":347871.839121,"theta":2.3054333192436305,"phi":-1.8754521692518,"method":"3d c++","id":1}
1251846,1251842,1,348006.279677,108,106,{"topic":"pupil.1","circle_3d":{"center":[-6.012872263042929,1.5616994678411604,72.63223878521119],"normal":[-0.2222484802234938,0.6707839569473862,-0.7075694284947267],"radius":2.1275683730839914},"confidence":0.9991844720424377,"timestamp":348006.279677,"diameter_3d":4.255136746167983,"ellipse":{"center":[108.73488741163082,133.08401933329844],"axes":[24.461445024903686,36.41581621453453],"angle":-68.0992762967935},"norm_pos":[0.33979652316134634,0.4454832527779231],"diameter":36.41581621453453,"sphere":{"center":[-3.3458905003610036,-6.487708015527474,81.1230719271479],"radius":12.0},"projected_sphere":{"center":[134.4283338766218,70.4163381135356],"axes":[183.42500655501428,183.42500655501428],"angle":90.0},"model_confidence":0.9271667530685423,"model_id":153,"model_birth_timestamp":347871.839121,"theta":2.306061650002854,"phi":-1.875139368685271,"method":"3d c++","id":1}
1251853,1251853,1,348006.288077,108,106,{"topic":"pupil.1","circle_3d":{"center":[-6.004656050494469,1.5590636824437567,72.62716520742971],"normal":[-0.22156379584445543,0.6705643081642692,-0.7079922266431825],"radius":2.1303695023135325},"confidence":0.9989018118776595,"timestamp":348006.288077,"diameter_3d":4.260739004627065,"ellipse":{"center":[108.80145928585222,133.06167978583582],"axes":[24.514744587788382,36.46620436674954],"angle":-68.14365228787392},"norm_pos":[0.3400045602682882,0.4455763342256841],"diameter":36.46620436674954,"sphere":{"center":[-3.3458905003610036,-6.487708015527474,81.1230719271479],"radius":12.0},"projected_sphere":{"center":[134.4283338766218,70.4163381135356],"axes":[183.42500655501428,183.42500655501428],"angle":90.0},"model_confidence":0.9292866516529941,"model_id":153,"model_birth_timestamp":347871.839121,"theta":2.3057655284551206,"phi":-1.8740880562400932,"method":"3d c++","id":1}
1251860,1251858,1,348006.296477,108,106,{"topic":"pupil.1","circle_3d":{"center":[-6.00549857375348,1.5547222515423869,72.62331897219303],"normal":[-0.2216340061160397,0.6702025222558218,-0.7083127462462397],"radius":2.1368382455247783},"confidence":0.999145731095331,"timestamp":348006.296477,"diameter_3d":4.273676491049557,"ellipse":{"center":[108.79201444434473,133.02378902062364],"axes":[24.60355217830856,36.57896021851285],"angle":-68.12453491109432},"norm_pos":[0.3399750451385773,0.4457342124140682],"diameter":36.57896021851285,"sphere":{"center":[-3.3458905003610036,-6.487708015527474,81.1230719271479],"radius":12.0},"projected_sphere":{"center":[134.4283338766218,70.4163381135356],"axes":[183.42500655501428,183.42500655501428],"angle":90.0},"model_confidence":0.9292385695828576,"model_id":153,"model_birth_timestamp":347871.839121,"theta":2.3052779561268903,"phi":-1.8740493570836347,"method":"3d c++","id":1}
1251871,1251871,1,348006.304877,108,106,{"topic":"pupil.1","circle_3d":{"center":[-6.003757122912731,1.5646600191148572,72.63218775343573],"normal":[-0.22148888521264393,0.6710306695535275,-0.7075736811426814],"radius":2.1286553636814705},"confidence":0.9989541784068178,"timestamp":348006.304877,"diameter_3d":4.257310727362941,"ellipse":{"center":[108.81247061302105,133.1089639035168],"axes":[24.47634673031485,36.434278605726035],"angle":-68.1670533276137},"norm_pos":[0.3400389706656908,0.44537931706867995],"diameter":36.434278605726035,"sphere":{"center":[-3.3458905003610036,-6.487708015527474,81.1230719271479],"radius":12.0},"projected_sphere":{"center":[134.4283338766218,70.4163381135356],"axes":[183.42500655501428,183.42500655501428],"angle":90.0},"model_confidence":0.9291237128479235,"model_id":153,"model_birth_timestamp":347871.839121,"theta":2.306394352493695,"phi":-1.874160231107969,"method":"3d c++","id":1}
1251879,1251877,1,348006.313277,108,106,{"topic":"pupil.1","circle_3d":{"center":[-5.993963439980369,1.5618205261818439,72.62643730144681],"normal":[-0.22067274496828043,0.6707940451424432,-0.7080528854750907],"radius":2.1411476046526494},"confidence":0.9992240742562281,"timestamp":348006.313277,"diameter_3d":4.282295209305299,"ellipse":{"center":[108.89256440402814,133.08272918440093],"axes":[24.644225247805636,36.65094069349824],"angle":-68.22095260111311},"norm_pos":[0.34028926376258795,0.4454886283983295],"diameter":36.65094069349824,"sphere":{"center":[-3.3458905003610036,-6.487708015527474,81.1230719271479],"radius":12.0},"projected_sphere":{"center":[134.4283338766218,70.4163381135356],"axes":[183.42500655501428,183.42500655501428],"angle":90.0},"model_confidence":0.9305454301055893,"model_id":153,"model_birth_timestamp":347871.839121,"theta":2.3060752524015045,"phi":-1.8729170103535082,"method":"3d c++","id":1}
1251887,1251881,1,348006.321677,108,106,{"topic":"pupil.1","circle_3d":{"center":[-5.9914005303639435,1.5645641317696377,72.62823879476579],"normal":[-0.2204591691669117,0.671022678941426,-0.7079027610318432],"radius":2.1304915221489322},"confidence":0.9991577177100416,"timestamp":348006.321677,"diameter_3d":4.2609830442978645,"ellipse":{"center":[108.91499505135735,133.10829759860738],"axes":[24.51531273159055,36.46749008050911],"angle":-68.24606284444096},"norm_pos":[0.34035935953549173,0.4453820933391359],"diameter":36.46749008050911,"sphere":{"center":[-3.3458905003610036,-6.487708015527474,81.1230719271479],"radius":12.0},"projected_sphere":{"center":[134.4283338766218,70.4163381135356],"axes":[183.42500655501428,183.42500655501428],"angle":90.0},"model_confidence":0.9317859016454211,"model_id":153,"model_birth_timestamp":347871.839121,"theta":2.3063835752422697,"phi":-1.8727022468146834,"method":"3d c++","id":1}
1251897,1251892,1,348006.330077,108,106,{"topic":"pupil.1","circle_3d":{"center":[-5.989655998390605,1.5625287051247003,72.62576689949992],"normal":[-0.2203137915024668,0.6708530600543479,-0.7081087523039983],"radius":2.1472006591715553},"confidence":0.9991181969663573,"timestamp":348006.330077,"diameter_3d":4.294401318343111,"ellipse":{"center":[108.92910518808965,133.08743439336146],"axes":[24.717544250320167,36.75485850737634],"angle":-68.25083501135597},"norm_pos":[0.34040345371278014,0.4454690233609939],"diameter":36.75485850737634,"sphere":{"center":[-3.3458905003610036,-6.487708015527474,81.1230719271479],"radius":12.0},"projected_sphere":{"center":[134.4283338766218,70.4163381135356],"axes":[183.42500655501428,183.42500655501428],"angle":90.0},"model_confidence":0.9324871536883994,"model_id":153,"model_birth_timestamp":347871.839121,"theta":2.306154828399193,"phi":-1.8724324860098522,"method":"3d c++","id":1}
1251908,1251905,1,348006.338477,109,106,{"topic":"pupil.1","circle_3d":{"center":[-5.976225053668431,1.5699863147746456,72.62866775633674],"normal":[-0.21919454610895223,0.6714745275251767,-0.7078670142342636],"radius":2.1466382047208556},"confidence":0.9991404312606785,"timestamp":348006.338477,"diameter_3d":4.293276409441711,"ellipse":{"center":[109.04534158039635,133.15059702890963],"axes":[24.70332968965575,36.74347605175908],"angle":-68.36054227591458},"norm_pos":[0.3407666924387386,0.4452058457128766],"diameter":36.74347605175908,"sphere":{"center":[-3.3458905003610036,-6.487708015527474,81.1230719271479],"radius":12.0},"projected_sphere":{"center":[134.4283338766218,70.4163381135356],"axes":[183.42500655501428,183.42500655501428],"angle":90.0},"model_confidence":0.9331372774355584,"model_id":153,"model_birth_timestamp":347871.839121,"theta":2.3069931663408125,"phi":-1.8710871955455508,"method":"3d c++","id":1}
1251914,1251911,1,348006.346877,108,106,{"topic":"pupil.1","circle_3d":{"center":[-5.982675984438282,1.5730167862356215,72.63354437956313],"normal":[-0.21973212367310663,0.6717270668135913,-0.7074606289653975],"radius":2.1535484277444468},"confidence":0.9994279443254952,"timestamp":348006.346877,"diameter_3d":4.3070968554888935,"ellipse":{"center":[108.994202550361,133.17404447029207],"axes":[24.762811008806327,36.85942711183179],"angle":-68.32854198796815},"norm_pos":[0.3406068829698781,0.44510814804044974],"diameter":36.85942711183179,"sphere":{"center":[-3.3458905003610036,-6.487708015527474,81.1230719271479],"radius":12.0},"projected_sphere":{"center":[134.4283338766218,70.4163381135356],"axes":[183.42500655501428,183.42500655501428],"angle":90.0},"model_confidence":0.9339837806986107,"model_id":153,"model_birth_timestamp":347871.839121,"theta":2.307334015029714,"phi":-1.871942663122443,"method":"3d c++","id":1}
1251922,1251922,1,348006.355277,108,106,{"topic":"pupil.1","circle_3d":{"center":[-5.9879167636464015,1.56533576973397,72.62788605415065],"normal":[-0.22016885527378313,0.6710869821051204,-0.707932156083105],"radius":2.152145024147186},"confidence":0.999178772305617,"timestamp":348006.355277,"diameter_3d":4.304290048294372,"ellipse":{"center":[108.94564696831237,133.1098492424383],"axes":[24.766882337793486,36.83840772382061],"angle":-68.27080879594129},"norm_pos":[0.34045514677597616,0.4453756281565071],"diameter":36.83840772382061,"sphere":{"center":[-3.3458905003610036,-6.487708015527474,81.1230719271479],"radius":12.0},"projected_sphere":{"center":[134.4283338766218,70.4163381135356],"axes":[183.42500655501428,183.42500655501428],"angle":90.0},"model_confidence":0.9344421821358861,"model_id":153,"model_birth_timestamp":347871.839121,"theta":2.3064703064181273,"phi":-1.872316581821886,"method":"3d c++","id":1}
1251928,1251927,1,348006.363676,109,106,{"topic":"pupil.1","circle_3d":{"center":[-5.978799725022127,1.573433990969198,72.63273750700937],"normal":[-0.21940910205509365,0.6717618338747227,-0.707527868344878],"radius":2.1445341811713545},"confidence":0.9990659504092104,"timestamp":348006.363676,"diameter_3d":4.289068362342709,"ellipse":{"center":[109.02610660344234,133.1798285417576],"axes":[24.663063480373815,36.70541186611104],"angle":-68.35477636201293},"norm_pos":[0.3407065831357573,0.44508404774267674],"diameter":36.70541186611104,"sphere":{"center":[-3.3458905003610036,-6.487708015527474,81.1230719271479],"radius":12.0},"projected_sphere":{"center":[134.4283338766218,70.4163381135356],"axes":[183.42500655501428,183.42500655501428],"angle":90.0},"model_confidence":0.9347234832118301,"model_id":153,"model_birth_timestamp":347871.839121,"theta":2.307380947887288,"phi":-1.8714992998927034,"method":"3d c++","id":1}
1251935,1251932,1,348006.372076,109,106,{"topic":"pupil.1","circle_3d":{"center":[-5.979482170464834,1.5686834777692873,72.6284412099304],"normal":[-0.21946597250865255,0.6713659577747302,-0.7078858931014592],"radius":2.1535510158488815},"confidence":0.9993575979655552,"timestamp":348006.372076,"diameter_3d":4.307102031697763,"ellipse":{"center":[109.01787313045125,133.13792081459695],"axes":[24.783020018917536,36.862033681784865],"angle":-68.33550591148938},"norm_pos":[0.34068085353266014,0.44525866327251273],"diameter":36.862033681784865,"sphere":{"center":[-3.3458905003610036,-6.487708015527474,81.1230719271479],"radius":12.0},"projected_sphere":{"center":[134.4283338766218,70.4163381135356],"axes":[183.42500655501428,183.42500655501428],"angle":90.0},"model_confidence":0.9351079396389905,"model_id":153,"model_birth_timestamp":347871.839121,"theta":2.30684666364717,"phi":-1.871429506938482,"method":"3d c++","id":1}
1251942,1251938,1,348006.380476,109,106,{"topic":"pupil.1","circle_3d":{"center":[-5.973197229913598,1.5689812530563891,72.62677759500914],"normal":[-0.21894222746271624,0.6713907723819885,-0.7080245276782303],"radius":2.1479689122444205},"confidence":0.9990557176129503,"timestamp":348006.380476,"diameter_3d":4.295937824488841,"ellipse":{"center":[109.0698841445666,133.1420090319679],"axes":[24.726559849297907,36.76717400243217],"angle":-68.37687104341714},"norm_pos":[0.3408433879517706,0.4452416290334671],"diameter":36.76717400243217,"sphere":{"center":[-3.3458905003610036,-6.487708015527474,81.1230719271479],"radius":12.0},"projected_sphere":{"center":[134.4283338766218,70.4163381135356],"axes":[183.42500655501428,183.42500655501428],"angle":90.0},"model_confidence":0.9354722607638477,"model_id":153,"model_birth_timestamp":347871.839121,"theta":2.306880146460527,"phi":-1.870699099035019,"method":"3d c++","id":1}
1251955,1251955,1,348006.388876,109,106,{"topic":"pupil.1","circle_3d":{"center":[-5.979205410426017,1.5701609396502292,72.6297568802647],"normal":[-0.21944290917208442,0.671489079598142,-0.7077762539069337],"radius":2.1623587073564656},"confidence":0.9994092619467687,"timestamp":348006.388876,"diameter_3d":4.324717414712931,"ellipse":{"center":[109.02164135603417,133.14822250559786],"axes":[24.87951260909781,37.012175861006654],"angle":-68.34188538428333},"norm_pos":[0.3406926292376068,0.4452157395600089],"diameter":37.012175861006654,"sphere":{"center":[-3.3458905003610036,-6.487708015527474,81.1230719271479],"radius":12.0},"projected_sphere":{"center":[134.4283338766218,70.4163381135356],"axes":[183.42500655501428,183.42500655501428],"angle":90.0},"model_confidence":0.9359578762820342,"model_id":153,"model_birth_timestamp":347871.839121,"theta":2.307012804208166,"phi":-1.8714435930128666,"method":"3d c++","id":1}
1251965,1251961,1,348006.397276,109,106,{"topic":"pupil.1","circle_3d":{"center":[-5.968410076448627,1.5785116988927115,72.63434466143036],"normal":[-0.21854329800730196,0.6721849762016822,-0.7073939388097947],"radius":2.1412661040347585},"confidence":0.9992497032534111,"timestamp":348006.397276,"diameter_3d":4.282532208069517,"ellipse":{"center":[109.11541478769804,133.22355852124093],"axes":[24.621882309296975,36.64842710974837],"angle":-68.43742363390922},"norm_pos":[0.3409856712115564,0.4449018394948294],"diameter":36.64842710974837,"sphere":{"center":[-3.3458905003610036,-6.487708015527474,81.1230719271479],"radius":12.0},"projected_sphere":{"center":[134.4283338766218,70.4163381135356],"axes":[183.42500655501428,183.42500655501428],"angle":90.0},"model_confidence":0.9363302436976029,"model_id":153,"model_birth_timestamp":347871.839121,"theta":2.307952317684924,"phi":-1.8704359513361302,"method":"3d c++","id":1}
1251970,1251966,1,348006.405676,109,106,{"topic":"pupil.1","circle_3d":{"center":[-5.968917943914896,1.5784771570158682,72.63446875627197],"normal":[-0.21858562029615766,0.6721820977119453,-0.7073835975729948],"radius":2.158150128590038},"confidence":0.9994225208511889,"timestamp":348006.405676,"diameter_3d":4.316300257180076,"ellipse":{"center":[109.11214861687998,133.219279204884],"axes":[24.81560102949984,36.93747649082078],"angle":-68.43400604154223},"norm_pos":[0.34097546442774995,0.44491966997964993],"diameter":36.93747649082078,"sphere":{"center":[-3.3458905003610036,-6.487708015527474,81.1230719271479],"radius":12.0},"projected_sphere":{"center":[134.4283338766218,70.4163381135356],"axes":[183.42500655501428,183.42500655501428],"angle":90.0},"model_confidence":0.9367102752401268,"model_id":153,"model_birth_timestamp":347871.839121,"theta":2.3079484298543247,"phi":-1.87049468964756,"method":"3d c++","id":1}
1251977,1251972,1,348006.414076,109,106,{"topic":"pupil.1","circle_3d":{"center":[-5.966632243976765,1.5847207208251142,72.63969954290243],"normal":[-0.2183951453013134,0.6727023946960491,-0.7069476986871229],"radius":2.1490725776294055},"confidence":0.9990505389734261,"timestamp":348006.414076,"diameter_3d":4.298145155258811,"ellipse":{"center":[109.13465328746028,133.27376209867197],"axes":[24.69184161455149,36.77931344099683],"angle":-68.46816652665973},"norm_pos":[0.3410457915233134,0.44469265792220014],"diameter":36.77931344099683,"sphere":{"center":[-3.3458905003610036,-6.487708015527474,81.1230719271479],"radius":12.0},"projected_sphere":{"center":[134.4283338766218,70.4163381135356],"axes":[183.42500655501428,183.42500655501428],"angle":90.0},"model_confidence":0.9369576519395184,"model_id":153,"model_birth_timestamp":347871.839121,"theta":2.3086513918280285,"phi":-1.8704226631260268,"method":"3d c++","id":1}
1251989,1251984,1,348006.422476,109,106,{"topic":"pupil.1","circle_3d":{"center":[-5.9669921640293815,1.571381668502612,72.62713763282366],"normal":[-0.21842513863903149,0.6715908070025072,-0.7079945245270198],"radius":2.1496900784325073},"confidence":0.9991295720537353,"timestamp":348006.422476,"diameter_3d":4.2993801568650145,"ellipse":{"center":[109.12302549798473,133.16197600053093],"axes":[24.746529357492296,36.79634202139046],"angle":-68.42429002133738},"norm_pos":[0.34100945468120225,0.44515843333112115],"diameter":36.79634202139046,"sphere":{"center":[-3.3458905003610036,-6.487708015527474,81.1230719271479],"radius":12.0},"projected_sphere":{"center":[134.4283338766218,70.4163381135356],"axes":[183.42500655501428,183.42500655501428],"angle":90.0},"model_confidence":0.9371664006063263,"model_id":153,"model_birth_timestamp":347871.839121,"theta":2.307150094017943,"phi":-1.8700443137896257,"method":"3d c++","id":1}
1251997,1251991,1,348006.430876,109,106,{"topic":"pupil.1","circle_3d":{"center":[-5.955658364310189,1.5841286955687703,72.63575410549794],"normal":[-0.2174806553290988,0.6726530592580203,-0.707276485137497],"radius":2.151880470619346},"confidence":0.9991864525123795,"timestamp":348006.430876,"diameter_3d":4.303760941238692,"ellipse":{"center":[109.22547249301113,133.26864728678717],"axes":[24.741777375735,36.829201311479544],"angle":-68.53690029887323},"norm_pos":[0.3413296015406598,0.44471396963838683],"diameter":36.829201311479544,"sphere":{"center":[-3.3458905003610036,-6.487708015527474,81.1230719271479],"radius":12.0},"projected_sphere":{"center":[134.4283338766218,70.4163381135356],"axes":[183.42500655501428,183.42500655501428],"angle":90.0},"model_confidence":0.9373735910875425,"model_id":153,"model_birth_timestamp":347871.839121,"theta":2.3085847165135758,"phi":-1.8691107069253146,"method":"3d c++","id":1}
1252005,1252001,1,348006.439276,109,106,{"topic":"pupil.1","circle_3d":{"center":[-5.95110601439824,1.5713687052947591,72.62224052467198],"normal":[-0.21710129283643642,0.671589726735186,-0.7084026168729942],"radius":2.1730702085279017},"confidence":0.9986062013005635,"timestamp":348006.439276,"diameter_3d":4.346140417055803,"ellipse":{"center":[109.25618988288775,133.1570516058197],"axes":[25.0385958912231,37.198947130103676],"angle":-68.52651933355847},"norm_pos":[0.34142559338402423,0.44517895164241794],"diameter":37.198947130103676,"sphere":{"center":[-3.3458905003610036,-6.487708015527474,81.1230719271479],"radius":12.0},"projected_sphere":{"center":[134.4283338766218,70.4163381135356],"axes":[183.42500655501428,183.42500655501428],"angle":90.0},"model_confidence":0.9374330973384359,"model_id":153,"model_birth_timestamp":347871.839121,"theta":2.307148636015298,"phi":-1.8681745935431378,"method":"3d c++","id":1}
1252011,1252005,1,348006.447676,109,106,{"topic":"pupil.1","circle_3d":{"center":[-5.970084712949976,1.5824212844046617,72.6385791422496],"normal":[-0.2186828510490811,0.6725107749943446,-0.7070410654081921],"radius":2.1656777465944783},"confidence":0.9994789266493743,"timestamp":348006.447676,"diameter_3d":4.331355493188957,"ellipse":{"center":[109.10547210681369,133.25045086620648],"axes":[24.886235692994152,37.064269325596484],"angle":-68.43877484455803},"norm_pos":[0.34095460033379277,0.44478978805747305],"diameter":37.064269325596484,"sphere":{"center":[-3.3458905003610036,-6.487708015527474,81.1230719271479],"radius":12.0},"projected_sphere":{"center":[134.4283338766218,70.4163381135356],"axes":[183.42500655501428,183.42500655501428],"angle":90.0},"model_confidence":0.9376539311827359,"model_id":153,"model_birth_timestamp":347871.839121,"theta":2.3083924463729923,"phi":-1.8707568522449898,"method":"3d c++","id":1}
1252020,1252017,1,348006.456075,109,106,{"topic":"pupil.1","circle_3d":{"center":[-5.970952629462527,1.5676528128641856,72.62482441705677],"normal":[-0.21875517742512696,0.6712800690326384,-0.7081872925075947],"radius":2.168503559217834},"confidence":0.9995500037055495,"timestamp":348006.456075,"diameter_3d":4.337007118435668,"ellipse":{"center":[109.08883198813959,133.12614516629756],"axes":[24.971183533317355,37.11979355083056],"angle":-68.38710761652712},"norm_pos":[0.3409025999629362,0.4453077284737602],"diameter":37.11979355083056,"sphere":{"center":[-3.3458905003610036,-6.487708015527474,81.1230719271479],"radius":12.0},"projected_sphere":{"center":[134.4283338766218,70.4163381135356],"axes":[183.42500655501428,183.42500655501428],"angle":90.0},"model_confidence":0.9378982226755039,"model_id":153,"model_birth_timestamp":347871.839121,"theta":2.3067307802020034,"phi":-1.8703931288260616,"method":"3d c++","id":1}
1252029,1252028,1,348006.464475,109,106,{"topic":"pupil.1","circle_3d":{"center":[-5.966021169932712,1.5831618760636648,72.6380277630096],"normal":[-0.21834422246430904,0.6725724909659282,-0.7070870136781913],"radius":2.1640749629668035},"confidence":0.9993158745097062,"timestamp":348006.464475,"diameter_3d":4.328149925933607,"ellipse":{"center":[109.1395697420543,133.25721104906947],"axes":[24.87089892902675,37.037031219218356],"angle":-68.46720512320377},"norm_pos":[0.3410611554439197,0.44476162062887725],"diameter":37.037031219218356,"sphere":{"center":[-3.3458905003610036,-6.487708015527474,81.1230719271479],"radius":12.0},"projected_sphere":{"center":[134.4283338766218,70.4163381135356],"axes":[183.42500655501428,183.42500655501428],"angle":90.0},"model_confidence":0.938119747478583,"model_id":153,"model_birth_timestamp":347871.839121,"theta":2.3084758396531324,"phi":-1.87030135105303,"method":"3d c++","id":1}
1252039,1252039,1,348006.472875,109,106,{"topic":"pupil.1","circle_3d":{"center":[-5.962699352193377,1.5834487607148784,72.63727557522613],"normal":[-0.21806740431936453,0.672596398020196,-0.7071496959934812],"radius":2.1678867779779325},"confidence":0.9995278993580062,"timestamp":348006.472875,"diameter_3d":4.335773555955865,"ellipse":{"center":[109.16753319280704,133.258859434097],"axes":[24.91843529208009,37.1026215494507],"angle":-68.48944746988954},"norm_pos":[0.34114854122752203,0.44475475235792916],"diameter":37.1026215494507,"sphere":{"center":[-3.3458905003610036,-6.487708015527474,81.1230719271479],"radius":12.0},"projected_sphere":{"center":[134.4283338766218,70.4163381135356],"axes":[183.42500655501428,183.42500655501428],"angle":90.0},"model_confidence":0.9381627187120212,"model_id":153,"model_birth_timestamp":347871.839121,"theta":2.3085081455934406,"phi":-1.8699189381483752,"method":"3d c++","id":1}
1252048,1252044,1,348006.481275,109,106,{"topic":"pupil.1","circle_3d":{"center":[-5.960181617745967,1.5929345468467702,72.64553114383651],"normal":[-0.21785759311541358,0.6733868801978536,-0.7064617319426159],"radius":2.170434457967898},"confidence":0.999525156028658,"timestamp":348006.481275,"diameter_3d":4.340868915935796,"ellipse":{"center":[109.19474060789753,133.33772925070636],"axes":[24.916734525180154,37.14191657988919],"angle":-68.53508643094366},"norm_pos":[0.3412335643996798,0.44442612812205684],"diameter":37.14191657988919,"sphere":{"center":[-3.3458905003610036,-6.487708015527474,81.1230719271479],"radius":12.0},"projected_sphere":{"center":[134.4283338766218,70.4163381135356],"axes":[183.42500655501428,183.42500655501428],"angle":90.0},"model_confidence":0.9382046338458294,"model_id":153,"model_birth_timestamp":347871.839121,"theta":2.309576870279349,"phi":-1.8699219625692751,"method":"3d c++","id":1}
1252056,1252056,1,348006.489675,109,106,{"topic":"pupil.1","circle_3d":{"center":[-5.961748836669413,1.5881835720891235,72.64148833506857],"normal":[-0.21798819469236744,0.6729909656347165,-0.7067986326732772],"radius":2.1657181491007353},"confidence":0.9994593630024974,"timestamp":348006.489675,"diameter_3d":4.331436298201471,"ellipse":{"center":[109.17837458620248,133.29903087441903],"axes":[24.87761365221671,37.063292604632295],"angle":-68.51027915244046},"norm_pos":[0.34118242058188275,0.4445873713565873],"diameter":37.063292604632295,"sphere":{"center":[-3.3458905003610036,-6.487708015527474,81.1230719271479],"radius":12.0},"projected_sphere":{"center":[134.4283338766218,70.4163381135356],"axes":[183.42500655501428,183.42500655501428],"angle":90.0},"model_confidence":0.9382068148454215,"model_id":153,"model_birth_timestamp":347871.839121,"theta":2.309041467501029,"phi":-1.8699564689009962,"method":"3d c++","id":1}
1252066,1252063,1,348006.498075,109,106,{"topic":"pupil.1","circle_3d":{"center":[-5.96269634797054,1.5816556443703966,72.63556951005039],"normal":[-0.21806715396746135,0.6724469716581559,-0.7072918680914596],"radius":2.1689188790305063},"confidence":0.9994550262412608,"timestamp":348006.498075,"diameter_3d":4.337837758061013,"ellipse":{"center":[109.16645157694545,133.2436110473136],"axes":[24.936842021306518,37.121177000493184],"angle":-68.4838873302499},"norm_pos":[0.3411451611779545,0.44481828730286],"diameter":37.121177000493184,"sphere":{"center":[-3.3458905003610036,-6.487708015527474,81.1230719271479],"radius":12.0},"projected_sphere":{"center":[134.4283338766218,70.4163381135356],"axes":[183.42500655501428,183.42500655501428],"angle":90.0},"model_confidence":0.9382110872763527,"model_id":153,"model_birth_timestamp":347871.839121,"theta":2.308306239198983,"phi":-1.8698620104373953,"method":"3d c++","id":1}
1252071,1252067,1,348006.506475,109,106,{"topic":"pupil.1","circle_3d":{"center":[-5.9467787480727345,1.585502170742771,72.63433482371389],"normal":[-0.21674068730931087,0.6727675155225203,-0.7073947586195015],"radius":2.1725848790543374},"confidence":0.9992684597297788,"timestamp":348006.506475,"diameter_3d":4.345169758108675,"ellipse":{"center":[109.3012303694934,133.27564419313535],"axes":[24.98765597162942,37.18427465121606],"angle":-68.5982755902019},"norm_pos":[0.34156634490466686,0.4446848158619361],"diameter":37.18427465121606,"sphere":{"center":[-3.3458905003610036,-6.487708015527474,81.1230719271479],"radius":12.0},"projected_sphere":{"center":[134.4283338766218,70.4163381135356],"axes":[183.42500655501428,183.42500655501428],"angle":90.0},"model_confidence":0.9381909286051537,"model_id":153,"model_birth_timestamp":347871.839121,"theta":2.30873940679443,"phi":-1.8681077415881573,"method":"3d c++","id":1}
1252079,1252078,1,348006.514875,109,106,{"topic":"pupil.1","circle_3d":{"center":[-5.963145541590758,1.5892731346922027,72.64295686023087],"normal":[-0.2181045867691462,0.6730817625183063,-0.7066762555764203],"radius":2.177887531482847},"confidence":0.9995240657144926,"timestamp":348006.514875,"diameter_3d":4.355775062965694,"ellipse":{"center":[109.16820059081826,133.30519403084188],"axes":[25.011541035506074,37.2709133214118],"angle":-68.50465298205691},"norm_pos":[0.34115062684630704,0.44456169153815883],"diameter":37.2709133214118,"sphere":{"center":[-3.3458905003610036,-6.487708015527474,81.1230719271479],"radius":12.0},"projected_sphere":{"center":[134.4283338766218,70.4163381135356],"axes":[183.42500655501428,183.42500655501428],"angle":90.0},"model_confidence":0.9382694566635319,"model_id":153,"model_birth_timestamp":347871.839121,"theta":2.3091642307930846,"phi":-1.8701556245372695,"method":"3d c++","id":1}
1252086,1252084,1,348006.523275,109,106,{"topic":"pupil.1","circle_3d":{"center":[-5.957549213055802,1.5880071061492522,72.64002624520518],"normal":[-0.21763822605789984,0.6729762601397272,-0.7069204734952275],"radius":2.1714005110960835},"confidence":0.9994755186948213,"timestamp":348006.523275,"diameter_3d":4.342801022192167,"ellipse":{"center":[109.21342622303013,133.2963979648808],"axes":[24.949575127411265,37.161257175211254],"angle":-68.53672168842883},"norm_pos":[0.3412919569469691,0.4445983418129966],"diameter":37.161257175211254,"sphere":{"center":[-3.3458905003610036,-6.487708015527474,81.1230719271479],"radius":12.0},"projected_sphere":{"center":[134.4283338766218,70.4163381135356],"axes":[183.42500655501428,183.42500655501428],"angle":90.0},"model_confidence":0.9382962842931275,"model_id":153,"model_birth_timestamp":347871.839121,"theta":2.309021586005678,"phi":-1.8694557913265766,"method":"3d c++","id":1}
1252096,1252090,1,348006.531675,109,106,{"topic":"pupil.1","circle_3d":{"center":[-5.960946994378087,1.5896323621673751,72.6426207625011],"normal":[-0.21792137450142365,0.6731116981412375,-0.7067042637205677],"radius":2.180484443336327},"confidence":0.9996014384463613,"timestamp":348006.531675,"diameter_3d":4.360968886672654,"ellipse":{"center":[109.18682183248819,133.3076804326293],"axes":[25.043224669053277,37.31550667909144],"angle":-68.51989358000543},"norm_pos":[0.3412088182265256,0.44455133153071125],"diameter":37.31550667909144,"sphere":{"center":[-3.3458905003610036,-6.487708015527474,81.1230719271479],"radius":12.0},"projected_sphere":{"center":[134.4283338766218,70.4163381135356],"axes":[183.42500655501428,183.42500655501428],"angle":90.0},"model_confidence":0.9383599991638625,"model_id":153,"model_birth_timestamp":347871.839121,"theta":2.3092047087088674,"phi":-1.869907735793828,"method":"3d c++","id":1}
1252105,1252100,1,348006.540075,109,106,{"topic":"pupil.1","circle_3d":{"center":[-5.956621721469794,1.5867544517031735,72.63854846637467],"normal":[-0.21756093509239927,0.6728718722692206,-0.7070436217311026],"radius":2.1777970765351085},"confidence":0.999578788706754,"timestamp":348006.540075,"diameter_3d":4.355594153070217,"ellipse":{"center":[109.22067547672377,133.28443867585653],"axes":[25.029046121010378,37.271527245985],"angle":-68.53878362540709},"norm_pos":[0.3413146108647618,0.44464817218393116],"diameter":37.271527245985,"sphere":{"center":[-3.3458905003610036,-6.487708015527474,81.1230719271479],"radius":12.0},"projected_sphere":{"center":[134.4283338766218,70.4163381135356],"axes":[183.42500655501428,183.42500655501428],"angle":90.0},"model_confidence":0.938416693168953,"model_id":153,"model_birth_timestamp":347871.839121,"theta":2.3088804663104043,"phi":-1.869306953023208,"method":"3d c++","id":1}
1252113,1252106,1,348006.548474,109,106,{"topic":"pupil.1","circle_3d":{"center":[-5.946889133573026,1.580259880104002,72.6293860284883],"normal":[-0.21674988610100188,0.6723306579692897,-0.7078071582216335],"radius":2.181679938483976},"confidence":0.9993291512358344,"timestamp":348006.548474,"diameter_3d":4.363359876967952,"ellipse":{"center":[109.29743996172394,133.2296050544681],"axes":[25.111391886904407,37.342589461432],"angle":-68.58129079924385},"norm_pos":[0.34155449988038733,0.44487664560638296],"diameter":37.342589461432,"sphere":{"center":[-3.3458905003610036,-6.487708015527474,81.1230719271479],"radius":12.0},"projected_sphere":{"center":[134.4283338766218,70.4163381135356],"axes":[183.42500655501428,183.42500655501428],"angle":90.0},"model_confidence":0.9384000385614266,"model_id":153,"model_birth_timestamp":347871.839121,"theta":2.3081491006120283,"phi":-1.8679564178959125,"method":"3d c++","id":1}
1252124,1252123,1,348006.556874,109,106,{"topic":"pupil.1","circle_3d":{"center":[-5.954098602903484,1.5887365851951625,72.63965910533557],"normal":[-0.21735067521187335,0.6730370500602197,-0.7069510684843613],"radius":2.168267765572359},"confidence":0.9990768979460919,"timestamp":348006.556874,"diameter_3d":4.336535531144718,"ellipse":{"center":[109.24234769926632,133.30340050072445],"axes":[24.91579446155358,37.10774133089306],"angle":-68.5611901038244},"norm_pos":[0.3413823365602072,0.4445691645803148],"diameter":37.10774133089306,"sphere":{"center":[-3.3458905003610036,-6.487708015527474,81.1230719271479],"radius":12.0},"projected_sphere":{"center":[134.4283338766218,70.4163381135356],"axes":[183.42500655501428,183.42500655501428],"angle":90.0},"model_confidence":0.9383794168402071,"model_id":153,"model_birth_timestamp":347871.839121,"theta":2.3091037749277508,"phi":-1.8690720428496366,"method":"3d c++","id":1}
1252130,1252128,1,348006.565274,109,106,{"topic":"pupil.1","circle_3d":{"center":[-5.942861150032648,1.5779375618321545,72.62594859832873],"normal":[-0.2164142208059704,0.6721371314466358,-0.7080936107349314],"radius":2.1699491812292244},"confidence":0.9990284107558656,"timestamp":348006.565274,"diameter_3d":4.339898362458449,"ellipse":{"center":[109.32868899850182,133.21314226755857],"axes":[24.990404469429965,37.14341187962051],"angle":-68.6000867725412},"norm_pos":[0.34165215312031816,0.44494524055183926],"diameter":37.14341187962051,"sphere":{"center":[-3.3458905003610036,-6.487708015527474,81.1230719271479],"radius":12.0},"projected_sphere":{"center":[134.4283338766218,70.4163381135356],"axes":[183.42500655501428,183.42500655501428],"angle":90.0},"model_confidence":0.9383189593995533,"model_id":153,"model_birth_timestamp":347871.839121,"theta":2.3078876979739604,"phi":-1.867409667290297,"method":"3d c++","id":1}
1252139,1252134,1,348006.573674,109,106,{"topic":"pupil.1","circle_3d":{"center":[-5.952826060234115,1.587278660550755,72.63788028713009],"normal":[-0.21724462998942598,0.6729155563398524,-0.7070993033348175],"radius":2.176320098720017},"confidence":0.999052479333122,"timestamp":348006.573674,"diameter_3d":4.352640197440034,"ellipse":{"center":[109.25242159154075,133.28934751144334],"axes":[25.015552528205884,37.24651029186894],"angle":-68.56483693893654},"norm_pos":[0.34141381747356486,0.44462771870231943],"diameter":37.24651029186894,"sphere":{"center":[-3.3458905003610036,-6.487708015527474,81.1230719271479],"radius":12.0},"projected_sphere":{"center":[134.4283338766218,70.4163381135356],"axes":[183.42500655501428,183.42500655501428],"angle":90.0},"model_confidence":0.9387249965663536,"model_id":153,"model_birth_timestamp":347871.839121,"theta":2.3089395196525033,"phi":-1.8688761240715168,"method":"3d c++","id":1}
1252149,1252147,1,348006.582074,109,106,{"topic":"pupil.1","circle_3d":{"center":[-5.943828698507382,1.5826297199432506,72.63070088284884],"normal":[-0.21649484984553152,0.6725281446225604,-0.7076975870249222],"radius":2.167380126995199},"confidence":0.9988178989691022,"timestamp":348006.582074,"diameter_3d":4.334760253990398,"ellipse":{"center":[109.32355035089401,133.25297627268682],"axes":[24.94236656183215,37.0969765501051],"angle":-68.60839771298302},"norm_pos":[0.3416360948465438,0.44477926553047153],"diameter":37.0969765501051,"sphere":{"center":[-3.3458905003610036,-6.487708015527474,81.1230719271479],"radius":12.0},"projected_sphere":{"center":[134.4283338766218,70.4163381135356],"axes":[183.42500655501428,183.42500655501428],"angle":90.0},"model_confidence":0.9386188908258153,"model_id":153,"model_birth_timestamp":347871.839121,"theta":2.3084159163240536,"phi":-1.8676702625872825,"method":"3d c++","id":1}
1252159,1252158,1,348006.590474,109,106,{"topic":"pupil.1","circle_3d":{"center":[-5.940490060535044,1.5845248409510617,72.6314813910273],"normal":[-0.21621663001450336,0.6726860713732113,-0.7076325446767172],"radius":2.172551924153821},"confidence":0.9993821459201607,"timestamp":348006.590474,"diameter_3d":4.345103848307642,"ellipse":{"center":[109.35278208488054,133.26775641929186],"axes":[24.999757504023393,37.18506610860844],"angle":-68.6357708075569},"norm_pos":[0.3417274440152517,0.4447176815862839],"diameter":37.18506610860844,"sphere":{"center":[-3.3458905003610036,-6.487708015527474,81.1230719271479],"radius":12.0},"projected_sphere":{"center":[134.4283338766218,70.4163381135356],"axes":[183.42500655501428,183.42500655501428],"angle":90.0},"model_confidence":0.9388627097339564,"model_id":153,"model_birth_timestamp":347871.839121,"theta":2.3086293309160624,"phi":-1.8673364161921073,"method":"3d c++","id":1}
1252166,1252163,1,348006.598874,109,106,{"topic":"pupil.1","circle_3d":{"center":[-5.951373758428005,1.5759645982790023,72.62668204854181],"normal":[-0.21712360483891677,0.6719727178172064,-0.7080324898838408],"radius":2.1835715639362068},"confidence":0.9993343472870571,"timestamp":348006.598874,"diameter_3d":4.3671431278724135,"ellipse":{"center":[109.2575518198664,133.19300518175982],"axes":[25.142509135595745,37.37648136092714],"angle":-68.53905239481682},"norm_pos":[0.34142984943708254,0.4450291450760008],"diameter":37.37648136092714,"sphere":{"center":[-3.3458905003610036,-6.487708015527474,81.1230719271479],"radius":12.0},"projected_sphere":{"center":[134.4283338766218,70.4163381135356],"axes":[183.42500655501428,183.42500655501428],"angle":90.0},"model_confidence":0.9393994118908289,"model_id":153,"model_birth_timestamp":347871.839121,"theta":2.307665667803108,"phi":-1.868349842669546,"method":"3d c++","id":1}
1252171,1252169,1,348006.607274,109,106,{"topic":"pupil.1","circle_3d":{"center":[-5.954156095825793,1.5785783280482093,72.6300173996555],"normal":[-0.21735546628873242,0.6721905286313069,-0.7077545439577],"radius":2.176167888289755},"confidence":0.9992922078316487,"timestamp":348006.607274,"diameter_3d":4.35233577657951,"ellipse":{"center":[109.23572961540513,133.21652125278177],"axes":[25.043685537394996,37.24801610942564],"angle":-68.5292692248232},"norm_pos":[0.34136165504814103,0.4449311614467426],"diameter":37.24801610942564,"sphere":{"center":[-3.3458905003610036,-6.487708015527474,81.1230719271479],"radius":12.0},"projected_sphere":{"center":[134.4283338766218,70.4163381135356],"axes":[183.42500655501428,183.42500655501428],"angle":90.0},"model_confidence":0.939369213460628,"model_id":153,"model_birth_timestamp":347871.839121,"theta":2.3079598171097455,"phi":-1.868759311033443,"method":"3d c++","id":1}
1252179,1252173,1,348006.615674,109,106,{"topic":"pupil.1","circle_3d":{"center":[-5.944846215392589,1.581001618569637,72.62946527084853],"normal":[-0.21657964291929882,0.6723924695080925,-0.7078005546916151],"radius":2.1757370273254413},"confidence":0.9989644464373435,"timestamp":348006.615674,"diameter_3d":4.3514740546508826,"ellipse":{"center":[109.3145311888855,133.23732043815664],"axes":[25.04312243318294,37.24074028992018],"angle":-68.59677251252964},"norm_pos":[0.3416079099652672,0.44484449817434735],"diameter":37.24074028992018,"sphere":{"center":[-3.3458905003610036,-6.487708015527474,81.1230719271479],"radius":12.0},"projected_sphere":{"center":[134.4283338766218,70.4163381135356],"axes":[183.42500655501428,183.42500655501428],"angle":90.0},"model_confidence":0.9392440024849402,"model_id":153,"model_birth_timestamp":347871.839121,"theta":2.3082326045669306,"phi":-1.867739112682679,"method":"3d c++","id":1}
1252187,1252184,1,348006.624074,109,106,{"topic":"pupil.1","circle_3d":{"center":[-5.938331519170486,1.5721737805439524,72.6190990322387],"normal":[-0.21603675156745691,0.6716568163392855,-0.7086644079091006],"radius":2.182667536033584},"confidence":0.9989296392757017,"timestamp":348006.624074,"diameter_3d":4.365335072067168,"ellipse":{"center":[109.3632921629427,133.16206957177778],"axes":[25.164525675397304,37.364693510635966],"angle":-68.61140588644989},"norm_pos":[0.34176028800919594,0.4451580434509259],"diameter":37.364693510635966,"sphere":{"center":[-3.3458905003610036,-6.487708015527474,81.1230719271479],"radius":12.0},"projected_sphere":{"center":[134.4283338766218,70.4163381135356],"axes":[183.42500655501428,183.42500655501428],"angle":90.0},"model_confidence":0.9391094228386465,"model_id":153,"model_birth_timestamp":347871.839121,"theta":2.3072391883890453,"phi":-1.8666972269502387,"method":"3d c++","id":1}
1252196,1252196,1,348006.632474,109,106,{"topic":"pupil.1","circle_3d":{"center":[-5.943976996976851,1.5792381274245049,72.62752447669985],"normal":[-0.21650720805132057,0.6722455119126649,-0.7079622875373387],"radius":2.182582237097497},"confidence":0.9993824742851649,"timestamp":348006.632474,"diameter_3d":4.365164474194994,"ellipse":{"center":[109.32099747390922,133.22096857394484],"axes":[25.129676271177505,37.35895294027476],"angle":-68.59689068709784},"norm_pos":[0.3416281171059663,0.4449126309418965],"diameter":37.35895294027476,"sphere":{"center":[-3.3458905003610036,-6.487708015527474,81.1230719271479],"radius":12.0},"projected_sphere":{"center":[134.4283338766218,70.4163381135356],"axes":[183.42500655501428,183.42500655501428],"angle":90.0},"model_confidence":0.9393700889311796,"model_id":153,"model_birth_timestamp":347871.839121,"theta":2.308034083389363,"phi":-1.8675816318358667,"method":"3d c++","id":1}
1252208,1252208,1,348006.640873,109,106,{"topic":"pupil.1","circle_3d":{"center":[-5.950646380126999,1.5725803458678538,72.623248497336],"normal":[-0.21706298998049967,0.671690696782944,-0.7083186191509925],"radius":2.1818896267399954},"confidence":0.9993469896656675,"timestamp":348006.640873,"diameter_3d":4.363779253479991,"ellipse":{"center":[109.26129906873321,133.16511285338834],"axes":[25.136534588405706,37.34945316689552],"angle":-68.53322663793125},"norm_pos":[0.3414415595897913,0.44514536311088193],"diameter":37.34945316689552,"sphere":{"center":[-3.3458905003610036,-6.487708015527474,81.1230719271479],"radius":12.0},"projected_sphere":{"center":[134.4283338766218,70.4163381135356],"axes":[183.42500655501428,183.42500655501428],"angle":90.0},"model_confidence":0.9396307427751882,"model_id":153,"model_birth_timestamp":347871.839121,"theta":2.3072849204240984,"phi":-1.8681583832338782,"method":"3d c++","id":1}
1252216,1252211,1,348006.649273,109,106,{"topic":"pupil.1","circle_3d":{"center":[-5.94075746450372,1.5841317269249586,72.63118941438513],"normal":[-0.21623891367855969,0.672653311871036,-0.7076568760635645],"radius":2.181041513201362},"confidence":0.9992280512547864,"timestamp":348006.649273,"diameter_3d":4.362083026402724,"ellipse":{"center":[109.35079599995012,133.2624326386033],"axes":[25.09859443347072,37.33059585230498],"angle":-68.63280804190094},"norm_pos":[0.3417212374998441,0.44473986400581966],"diameter":37.33059585230498,"sphere":{"center":[-3.3458905003610036,-6.487708015527474,81.1230719271479],"radius":12.0},"projected_sphere":{"center":[134.4283338766218,70.4163381135356],"axes":[183.42500655501428,183.42500655501428],"angle":90.0},"model_confidence":0.9399155106334711,"model_id":153,"model_birth_timestamp":347871.839121,"theta":2.3085850579019387,"phi":-1.8673556079697222,"method":"3d c++","id":1}
1252222,1252217,1,348006.657673,109,106,{"topic":"pupil.1","circle_3d":{"center":[-5.946799810165632,1.579528016744927,72.62866355682702],"normal":[-0.21674244248371902,0.6722696693560335,-0.7078673641934068],"radius":2.179440878102037},"confidence":0.9990898107869002,"timestamp":348006.657673,"diameter_3d":4.358881756204074,"ellipse":{"center":[109.29757779451137,133.2240184000551],"axes":[25.088399357693874,37.30462158074808],"angle":-68.57960240058921},"norm_pos":[0.34155493060784803,0.4448999233331038],"diameter":37.30462158074808,"sphere":{"center":[-3.3458905003610036,-6.487708015527474,81.1230719271479],"radius":12.0},"projected_sphere":{"center":[134.4283338766218,70.4163381135356],"axes":[183.42500655501428,183.42500655501428],"angle":90.0},"model_confidence":0.9400723829399382,"model_id":153,"model_birth_timestamp":347871.839121,"theta":2.308066714590571,"phi":-1.8679229911336719,"method":"3d c++","id":1}
1252233,1252229,1,348006.666073,109,106,{"topic":"pupil.1","circle_3d":{"center":[-5.955912995651889,1.5811062593594372,72.63295892604734],"normal":[-0.21750187460757375,0.6724011895739093,-0.70750941675838],"radius":2.1766596824134647},"confidence":0.9991431522234916,"timestamp":348006.666073,"diameter_3d":4.3533193648269295,"ellipse":{"center":[109.22282075244533,133.2374803483874],"axes":[25.037614848838533,37.25494353935987],"angle":-68.52580957762387},"norm_pos":[0.34132131485139167,0.44484383188171917],"diameter":37.25494353935987,"sphere":{"center":[-3.3458905003610036,-6.487708015527474,81.1230719271479],"radius":12.0},"projected_sphere":{"center":[134.4283338766218,70.4163381135356],"axes":[183.42500655501428,183.42500655501428],"angle":90.0},"model_confidence":0.940258769835689,"model_id":153,"model_birth_timestamp":347871.839121,"theta":2.3082443854012165,"phi":-1.8690456169953924,"method":"3d c++","id":1}
1252240,1252234,1,348006.674473,109,106,{"topic":"pupil.1","circle_3d":{"center":[-5.937749442505767,1.5871447859442203,72.6331355635119],"normal":[-0.21598824517873028,0.6729044001226412,-0.7074946969696672],"radius":2.1940522471480346},"confidence":0.9986512213882741,"timestamp":348006.674473,"diameter_3d":4.388104494296069,"ellipse":{"center":[109.37846073961242,133.28466505429034],"axes":[25.241653840747063,37.55230935122408],"angle":-68.66148299582755},"norm_pos":[0.34180768981128884,0.44464722894045694],"diameter":37.55230935122408,"sphere":{"center":[-3.3458905003610036,-6.487708015527474,81.1230719271479],"radius":12.0},"projected_sphere":{"center":[134.4283338766218,70.4163381135356],"axes":[183.42500655501428,183.42500655501428],"angle":90.0},"model_confidence":0.9403052348130547,"model_id":153,"model_birth_timestamp":347871.839121,"theta":2.308924438066058,"phi":-1.867095604260942,"method":"3d c++","id":1}
1252248,1252245,1,348006.682873,109,106,{"topic":"pupil.1","circle_3d":{"center":[-5.967251708189988,1.600637992683966,72.65506600665285],"normal":[-0.21844676731908205,0.67402883401762,-0.7056671600412553],"radius":2.1840396879511843},"confidence":0.9992172268653952,"timestamp":348006.682873,"diameter_3d":4.368079375902369,"ellipse":{"center":[109.14191319288668,133.39860166810055],"axes":[25.034581941181486,37.370014955946694],"angle":-68.5135377112988},"norm_pos":[0.34106847872777085,0.44417249304958106],"diameter":37.370014955946694,"sphere":{"center":[-3.3458905003610036,-6.487708015527474,81.1230719271479],"radius":12.0},"projected_sphere":{"center":[134.4283338766218,70.4163381135356],"axes":[183.42500655501428,183.42500655501428],"angle":90.0},"model_confidence":0.9404221398819801,"model_id":153,"model_birth_timestamp":347871.839121,"theta":2.310445552033271,"phi":-1.8710010942941364,"method":"3d c++","id":1}
1252255,1252251,1,348006.691273,109,106,{"topic":"pupil.1","circle_3d":{"center":[-5.961694406539859,1.5975512104369294,72.65040096850818],"normal":[-0.217983658848238,0.6737716021637002,-0.7060559132199767],"radius":2.185138519943248},"confidence":0.999193548759468,"timestamp":348006.691273,"diameter_3d":4.370277039886496,"ellipse":{"center":[109.18605089278904,133.37277704510126],"axes":[25.06654020667522,37.39114732191107],"angle":-68.53964268655216},"norm_pos":[0.34120640903996574,0.4442800956454114],"diameter":37.39114732191107,"sphere":{"center":[-3.3458905003610036,-6.487708015527474,81.1230719271479],"radius":12.0},"projected_sphere":{"center":[134.4283338766218,70.4163381135356],"axes":[183.42500655501428,183.42500655501428],"angle":90.0},"model_confidence":0.9405363674026446,"model_id":153,"model_birth_timestamp":347871.839121,"theta":2.3100973873477946,"phi":-1.8702468285094325,"method":"3d c++","id":1}
1252266,1252262,1,348006.699673,109,106,{"topic":"pupil.1","circle_3d":{"center":[-5.954251712928636,1.5944040060993032,72.64510536348132],"normal":[-0.21736343438063602,0.6735093351355648,-0.7064972136388823],"radius":2.1795690997628894},"confidence":0.9990931800494665,"timestamp":348006.699673,"diameter_3d":4.359138199525779,"ellipse":{"center":[109.2454142942834,133.34811917370166],"axes":[25.02478620350375,37.29840957207906],"angle":-68.5777372374975},"norm_pos":[0.34139191966963567,0.44438283677624313],"diameter":37.29840957207906,"sphere":{"center":[-3.3458905003610036,-6.487708015527474,81.1230719271479],"radius":12.0},"projected_sphere":{"center":[134.4283338766218,70.4163381135356],"axes":[183.42500655501428,183.42500655501428],"angle":90.0},"model_confidence":0.9406818759619462,"model_id":153,"model_birth_timestamp":347871.839121,"theta":2.3097425212847704,"phi":-1.8692689793105732,"method":"3d c++","id":1}
1252271,1252267,1,348006.708073,108,106,{"topic":"pupil.1","circle_3d":{"center":[-5.996595354680711,1.6063249513656714,72.66964693451132],"normal":[-0.22089207119330898,0.6745027472410954,-0.7044520827197156],"radius":2.185388560861015},"confidence":0.9986104912409027,"timestamp":348006.708073,"diameter_3d":4.37077712172203,"ellipse":{"center":[108.90245938131957,133.44447736310016],"axes":[24.986631718527082,37.38608514790468],"angle":-68.3432614444836},"norm_pos":[0.3403201855666237,0.443981344320416],"diameter":37.38608514790468,"sphere":{"center":[-3.3458905003610036,-6.487708015527474,81.1230719271479],"radius":12.0},"projected_sphere":{"center":[134.4283338766218,70.4163381135356],"axes":[183.42500655501428,183.42500655501428],"angle":90.0},"model_confidence":0.9405401277315928,"model_id":153,"model_birth_timestamp":347871.839121,"theta":2.311087285909008,"phi":-1.8746518657466196,"method":"3d c++","id":1}
1252278,1252273,1,348006.716473,108,106,{"topic":"pupil.1","circle_3d":{"center":[-6.065278462280507,1.5696310209334197,72.6564187061821],"normal":[-0.22661566349329199,0.6714449197050745,-0.7055544350804842],"radius":2.184395238859703},"confidence":0.9985473621801391,"timestamp":348006.716473,"diameter_3d":4.368790477719406,"ellipse":{"center":[108.30921734665556,133.13462642702777],"axes":[25.009172157640382,37.37734014757048],"angle":-67.7894393428086},"norm_pos":[0.3384663042082986,0.44527238988738427],"diameter":37.37734014757048,"sphere":{"center":[-3.3458905003610036,-6.487708015527474,81.1230719271479],"radius":12.0},"projected_sphere":{"center":[134.4283338766218,70.4163381135356],"axes":[183.42500655501428,183.42500655501428],"angle":90.0},"model_confidence":0.9403971624201701,"model_id":153,"model_birth_timestamp":347871.839121,"theta":2.3069532119819263,"phi":-1.8815766067749102,"method":"3d c++","id":1}
1252290,1252284,1,348006.724873,108,106,{"topic":"pupil.1","circle_3d":{"center":[-6.074523056663855,1.5627576274914965,72.652855442119],"normal":[-0.2273860463585709,0.6708721369182475,-0.7058513737524083],"radius":2.18049226278504},"confidence":0.999018789990334,"timestamp":348006.724873,"diameter_3d":4.36098452557008,"ellipse":{"center":[108.22788236896672,133.07761258761502],"axes":[24.975841420383592,37.31256348569338],"angle":-67.70867523885062},"norm_pos":[0.338212132403021,0.4455099475516041],"diameter":37.31256348569338,"sphere":{"center":[-3.3458905003610036,-6.487708015527474,81.1230719271479],"radius":12.0},"projected_sphere":{"center":[134.4283338766218,70.4163381135356],"axes":[183.42500655501428,183.42500655501428],"angle":90.0},"model_confidence":0.9405543511409098,"model_id":153,"model_birth_timestamp":347871.839121,"theta":2.306180552961519,"phi":-1.882443242399883,"method":"3d c++","id":1}
1252302,1252299,1,348006.733272,108,106,{"topic":"pupil.1","circle_3d":{"center":[-6.056897300749705,1.5762126493334403,72.659997684352],"normal":[-0.2259172333657251,0.6719933887384095,-0.705256186899658],"radius":2.198542420822505},"confidence":0.998902750295268,"timestamp":348006.733272,"diameter_3d":4.39708484164501,"ellipse":{"center":[108.3838316056042,133.18670350874046],"axes":[25.159521775409424,37.617480177345875],"angle":-67.86370040545006},"norm_pos":[0.33869947376751314,0.44505540204691474],"diameter":37.617480177345875,"sphere":{"center":[-3.3458905003610036,-6.487708015527474,81.1230719271479],"radius":12.0},"projected_sphere":{"center":[134.4283338766218,70.4163381135356],"axes":[183.42500655501428,183.42500655501428],"angle":90.0},"model_confidence":0.9404999652213641,"model_id":153,"model_birth_timestamp":347871.839121,"theta":2.307693580111513,"phi":-1.8808018289104302,"method":"3d c++","id":1}
1252311,1252307,1,348006.741672,108,106,{"topic":"pupil.1","circle_3d":{"center":[-6.062890256194322,1.5746431417121123,72.66042422420297],"normal":[-0.22641664631944325,0.6718625964366323,-0.7052206419120779],"radius":2.1841982658682424},"confidence":0.99862289593711,"timestamp":348006.741672,"diameter_3d":4.368396531736485,"ellipse":{"center":[108.33229697418186,133.17671635270142],"axes":[24.992086308762495,37.37183247303473],"angle":-67.82058883331669},"norm_pos":[0.33853842804431833,0.44509701519707745],"diameter":37.37183247303473,"sphere":{"center":[-3.3458905003610036,-6.487708015527474,81.1230719271479],"radius":12.0},"projected_sphere":{"center":[134.4283338766218,70.4163381135356],"axes":[183.42500655501428,183.42500655501428],"angle":90.0},"model_confidence":0.9402923834330501,"model_id":153,"model_birth_timestamp":347871.839121,"theta":2.3075169808788183,"phi":-1.8814585945353914,"method":"3d c++","id":1}
1252317,1252313,1,348006.750072,108,106,{"topic":"pupil.1","circle_3d":{"center":[-6.064878925140756,1.573214059355946,72.65970160271031],"normal":[-0.22658236873164606,0.671743506240285,-0.7052808603697994],"radius":2.182433356152378},"confidence":0.9987488455448645,"timestamp":348006.750072,"diameter_3d":4.364866712304756,"ellipse":{"center":[108.31477703033156,133.16508778514677],"axes":[24.974158342441108,37.34203668542866],"angle":-67.80338910680373},"norm_pos":[0.3384836782197861,0.44514546756188844],"diameter":37.34203668542866,"sphere":{"center":[-3.3458905003610036,-6.487708015527474,81.1230719271479],"radius":12.0},"projected_sphere":{"center":[134.4283338766218,70.4163381135356],"axes":[183.42500655501428,183.42500655501428],"angle":90.0},"model_confidence":0.9400994544042862,"model_id":153,"model_birth_timestamp":347871.839121,"theta":2.3073562067419733,"phi":-1.881646748437158,"method":"3d c++","id":1}
1252322,1252318,1,348006.758472,108,106,{"topic":"pupil.1","circle_3d":{"center":[-6.065037273078764,1.571128471891269,72.65776654001232],"normal":[-0.22659556439314674,0.6715697072848953,-0.7054421155946329],"radius":2.1853570156330964},"confidence":0.9986623266219411,"timestamp":348006.758472,"diameter_3d":4.370714031266193,"ellipse":{"center":[108.31226310865443,133.14693739393817],"axes":[25.015060599280474,37.393096800843246],"angle":-67.79573836840422},"norm_pos":[0.3384758222145451,0.44522109419192424],"diameter":37.393096800843246,"sphere":{"center":[-3.3458905003610036,-6.487708015527474,81.1230719271479],"radius":12.0},"projected_sphere":{"center":[134.4283338766218,70.4163381135356],"axes":[183.42500655501428,183.42500655501428],"angle":90.0},"model_confidence":0.9398673981287242,"model_id":153,"model_birth_timestamp":347871.839121,"theta":2.30712161674498,"phi":-1.8815971363667943,"method":"3d c++","id":1}
1252330,1252329,1,348006.766872,108,106,{"topic":"pupil.1","circle_3d":{"center":[-6.064090768392869,1.5819904113415895,72.66781589304352],"normal":[-0.22651668900265542,0.6724748689057554,-0.7046046695086979],"radius":2.1852052658140453},"confidence":0.9988746665659924,"timestamp":348006.766872,"diameter_3d":4.370410531628091,"ellipse":{"center":[108.3272824085584,133.23787824334414],"axes":[24.974848286779167,37.38523917490739],"angle":-67.83628302795282},"norm_pos":[0.338522757526745,0.44484217398606607],"diameter":37.38523917490739,"sphere":{"center":[-3.3458905003610036,-6.487708015527474,81.1230719271479],"radius":12.0},"projected_sphere":{"center":[134.4283338766218,70.4163381135356],"axes":[183.42500655501428,183.42500655501428],"angle":90.0},"model_confidence":0.9397157052983718,"model_id":153,"model_birth_timestamp":347871.839121,"theta":2.308343931426641,"phi":-1.881841708017534,"method":"3d c++","id":1}
1252338,1252334,1,348006.775272,108,106,{"topic":"pupil.1","circle_3d":{"center":[-6.064230085707736,1.5886528959589885,72.6742244124776],"normal":[-0.2265282987788944,0.6730300759572052,-0.704070626222525],"radius":2.186139548980391},"confidence":0.9990210297812305,"timestamp":348006.775272,"diameter_3d":4.372279097960782,"ellipse":{"center":[108.33060407955648,133.2933674336832],"axes":[24.960811815640547,37.39789055929707],"angle":-67.85652830857984},"norm_pos":[0.338533137748614,0.44461096902632],"diameter":37.39789055929707,"sphere":{"center":[-3.3458905003610036,-6.487708015527474,81.1230719271479],"radius":12.0},"projected_sphere":{"center":[134.4283338766218,70.4163381135356],"axes":[183.42500655501428,183.42500655501428],"angle":90.0},"model_confidence":0.9396070000496914,"model_id":153,"model_birth_timestamp":347871.839121,"theta":2.3090943455193957,"phi":-1.8820776398755645,"method":"3d c++","id":1}
1252347,1252345,1,348006.783672,108,106,{"topic":"pupil.1","circle_3d":{"center":[-6.0827083797196995,1.5940382170698513,72.68534677595214],"normal":[-0.2280681566132246,0.6734788527164437,-0.7031437625996467],"radius":2.1740811410057153},"confidence":0.999214233459846,"timestamp":348006.783672,"diameter_3d":4.3481622820114305,"ellipse":{"center":[108.1805133180963,133.34037420468437],"axes":[24.775823777319903,37.18611050373451],"angle":-67.75633391384713},"norm_pos":[0.33806410411905097,0.44441510748048185],"diameter":37.18611050373451,"sphere":{"center":[-3.3458905003610036,-6.487708015527474,81.1230719271479],"radius":12.0},"projected_sphere":{"center":[134.4283338766218,70.4163381135356],"axes":[183.42500655501428,183.42500655501428],"angle":90.0},"model_confidence":0.9395543574415965,"model_id":153,"model_birth_timestamp":347871.839121,"theta":2.3097012838332946,"phi":-1.8844446853272814,"method":"3d c++","id":1}
1252358,1252357,1,348006.792072,108,106,{"topic":"pupil.1","circle_3d":{"center":[-6.08249841481892,1.5989164804971647,72.68995379784243],"normal":[-0.2280506595381597,0.6738853746687199,-0.7027598441087889],"radius":2.189790496590994},"confidence":0.998939347644436,"timestamp":348006.792072,"diameter_3d":4.379580993181988,"ellipse":{"center":[108.18645552890598,133.3774400536012],"axes":[24.937296081680998,37.45252174360731],"angle":-67.77311699921063},"norm_pos":[0.33808267352783117,0.4442606664433284],"diameter":37.45252174360731,"sphere":{"center":[-3.3458905003610036,-6.487708015527474,81.1230719271479],"radius":12.0},"projected_sphere":{"center":[134.4283338766218,70.4163381135356],"axes":[183.42500655501428,183.42500655501428],"angle":90.0},"model_confidence":0.9394681763346457,"model_id":153,"model_birth_timestamp":347871.839121,"theta":2.310251365403387,"phi":-1.884582479535201,"method":"3d c++","id":1}
1252370,1252363,1,348006.800472,108,106,{"topic":"pupil.1","circle_3d":{"center":[-6.076631902408294,1.5874344381950252,72.67705951020028],"normal":[-0.22756178350394085,0.6729285378102082,-0.7038343680789684],"radius":2.183316702207294},"confidence":0.9988974193416339,"timestamp":348006.800472,"diameter_3d":4.366633404414588,"ellipse":{"center":[108.22696285910502,133.2832632252303],"axes":[24.914555781075883,37.34834679304671],"angle":-67.7738779162095},"norm_pos":[0.33820925893470316,0.44465306989487385],"diameter":37.34834679304671,"sphere":{"center":[-3.3458905003610036,-6.487708015527474,81.1230719271479],"radius":12.0},"projected_sphere":{"center":[134.4283338766218,70.4163381135356],"axes":[183.42500655501428,183.42500655501428],"angle":90.0},"model_confidence":0.9393290052509773,"model_id":153,"model_birth_timestamp":347871.839121,"theta":2.308957068976747,"phi":-1.8835054726420017,"method":"3d c++","id":1}
1252377,1252376,1,348006.808872,108,106,{"topic":"pupil.1","circle_3d":{"center":[-6.088394380248238,1.5965026609807378,72.68955485497486],"normal":[-0.2285419899906029,0.673684223042351,-0.7027930893477533],"radius":2.184687018460164},"confidence":0.99892350878644,"timestamp":348006.808872,"diameter_3d":4.369374036920328,"ellipse":{"center":[108.13574994682128,133.35819281400612],"axes":[24.879188189502525,37.36551960043935],"angle":-67.72810116564818},"norm_pos":[0.3379242185838165,0.44434086327497446],"diameter":37.36551960043935,"sphere":{"center":[-3.3458905003610036,-6.487708015527474,81.1230719271479],"radius":12.0},"projected_sphere":{"center":[134.4283338766218,70.4163381135356],"axes":[183.42500655501428,183.42500655501428],"angle":90.0},"model_confidence":0.9391842082810187,"model_id":153,"model_birth_timestamp":347871.839121,"theta":2.3099791443902316,"phi":-1.8852009723283447,"method":"3d c++","id":1}
1252383,1252379,1,348006.817272,108,106,{"topic":"pupil.1","circle_3d":{"center":[-6.083709330515923,1.594711680864112,72.68631663233045],"normal":[-0.2281515691795766,0.6735349746992988,-0.7030629412347886],"radius":2.180852504927653},"confidence":0.9988098660387552,"timestamp":348006.817272,"diameter_3d":4.361705009855306,"ellipse":{"center":[108.17308843791103,133.34435457421029],"axes":[24.84908551709409,37.30149823533846],"angle":-67.7521099062717},"norm_pos":[0.338040901368472,0.44439852260745716],"diameter":37.30149823533846,"sphere":{"center":[-3.3458905003610036,-6.487708015527474,81.1230719271479],"radius":12.0},"projected_sphere":{"center":[134.4283338766218,70.4163381135356],"axes":[183.42500655501428,183.42500655501428],"angle":90.0},"model_confidence":0.9390071472096695,"model_id":153,"model_birth_timestamp":347871.839121,"theta":2.3097772083886268,"phi":-1.884585764092416,"method":"3d c++","id":1}
1252391,1252386,1,348006.825671,108,106,{"topic":"pupil.1","circle_3d":{"center":[-6.079857599933589,1.6050313798972997,72.69496460840816],"normal":[-0.22783059163104877,0.6743949496187311,-0.7023422765616458],"radius":2.1835054642904974},"confidence":0.9991898053623861,"timestamp":348006.825671,"diameter_3d":4.367010928580995,"ellipse":{"center":[108.212009489977,133.430168949511],"axes":[24.84704914378573,37.34231675440023],"angle":-67.80926202787467},"norm_pos":[0.33816252965617816,0.44404096271037086],"diameter":37.34231675440023,"sphere":{"center":[-3.3458905003610036,-6.487708015527474,81.1230719271479],"radius":12.0},"projected_sphere":{"center":[134.4283338766218,70.4163381135356],"axes":[183.42500655501428,183.42500655501428],"angle":90.0},"model_confidence":0.9388661517998997,"model_id":153,"model_birth_timestamp":347871.839121,"theta":2.3109412822893405,"phi":-1.8844735436319378,"method":"3d c++","id":1}
1252398,1252396,1,348006.834071,108,106,{"topic":"pupil.1","circle_3d":{"center":[-6.083169984250339,1.6055065098575856,72.69649612951962],"normal":[-0.2281066236574446,0.6744345437820883,-0.7022146498023573],"radius":2.1801311877947613},"confidence":0.999272989603184,"timestamp":348006.834071,"diameter_3d":4.360262375589523,"ellipse":{"center":[108.18471688733658,133.43477965425828],"axes":[24.80191414429888,37.2838524230104],"angle":-67.78979359832374},"norm_pos":[0.3380772402729268,0.44402175144059053],"diameter":37.2838524230104,"sphere":{"center":[-3.3458905003610036,-6.487708015527474,81.1230719271479],"radius":12.0},"projected_sphere":{"center":[134.4283338766218,70.4163381135356],"axes":[183.42500655501428,183.42500655501428],"angle":90.0},"model_confidence":0.9387763503575841,"model_id":153,"model_birth_timestamp":347871.839121,"theta":2.3109949072871596,"phi":-1.8848824956941783,"method":"3d c++","id":1}
1252407,1252402,1,348006.842471,108,106,{"topic":"pupil.1","circle_3d":{"center":[-6.0809816012525175,1.6022400771412677,72.69264984235586],"normal":[-0.22792425840762615,0.6741623410557285,-0.7025351737326705],"radius":2.159305145443601},"confidence":0.9985974449749353,"timestamp":348006.842471,"diameter_3d":4.318610290887202,"ellipse":{"center":[108.19939135716096,133.4124936622938],"axes":[24.579940725642963,36.92946885299938],"angle":-67.79335477996636},"norm_pos":[0.338123097991128,0.4441146097404425],"diameter":36.92946885299938,"sphere":{"center":[-3.3458905003610036,-6.487708015527474,81.1230719271479],"radius":12.0},"projected_sphere":{"center":[134.4283338766218,70.4163381135356],"axes":[183.42500655501428,183.42500655501428],"angle":90.0},"model_confidence":0.9384299007442864,"model_id":153,"model_birth_timestamp":347871.839121,"theta":2.310626298125713,"phi":-1.8845135882449193,"method":"3d c++","id":1}
1252417,1252413,1,348006.850871,108,106,{"topic":"pupil.1","circle_3d":{"center":[-6.079493097212591,1.6047598402808987,72.69458565467913],"normal":[-0.22780021640429893,0.6743723213173644,-0.7023738560390642],"radius":2.184990879701052},"confidence":0.9991013320231341,"timestamp":348006.850871,"diameter_3d":4.369981759402104,"ellipse":{"center":[108.21493374087069,133.4275646905817],"axes":[24.865516520403883,37.36792229053407],"angle":-67.81070729814755},"norm_pos":[0.3381716679402209,0.44405181378924286],"diameter":37.36792229053407,"sphere":{"center":[-3.3458905003610036,-6.487708015527474,81.1230719271479],"radius":12.0},"projected_sphere":{"center":[134.4283338766218,70.4163381135356],"axes":[183.42500655501428,183.42500655501428],"angle":90.0},"model_confidence":0.9383484748974436,"model_id":153,"model_birth_timestamp":347871.839121,"theta":2.3109106364615224,"phi":-1.8844212174658763,"method":"3d c++","id":1}
1252424,1252420,1,348006.859271,108,106,{"topic":"pupil.1","circle_3d":{"center":[-6.079986032572515,1.6051771389754208,72.69514623355238],"normal":[-0.22784129435095934,0.6744070962085745,-0.702327141132961],"radius":2.1615387509402595},"confidence":0.9987104862487267,"timestamp":348006.859271,"diameter_3d":4.323077501880519,"ellipse":{"center":[108.20972568917614,133.43656430844104],"axes":[24.596133274699863,36.96638018427753],"angle":-67.80896762569836},"norm_pos":[0.33815539277867546,0.4440143153814957],"diameter":36.96638018427753,"sphere":{"center":[-3.3458905003610036,-6.487708015527474,81.1230719271479],"radius":12.0},"projected_sphere":{"center":[134.4283338766218,70.4163381135356],"axes":[183.42500655501428,183.42500655501428],"angle":90.0},"model_confidence":0.9381560176321857,"model_id":153,"model_birth_timestamp":347871.839121,"theta":2.3109577329411617,"phi":-1.884493656660236,"method":"3d c++","id":1}
1252431,1252424,1,348006.867671,108,106,{"topic":"pupil.1","circle_3d":{"center":[-6.066664604449059,1.6042152216203611,72.68991317146029],"normal":[-0.22673117534067133,0.6743269364289862,-0.7027632296406349],"radius":2.1872419785973443},"confidence":0.9988393480120411,"timestamp":348006.867671,"diameter_3d":4.3744839571946885,"ellipse":{"center":[108.3208665222426,133.4230933363446],"axes":[24.912353097241983,37.40862198100139],"angle":-67.89032522038988},"norm_pos":[0.3385027078820081,0.44407044443189747],"diameter":37.40862198100139,"sphere":{"center":[-3.3458905003610036,-6.487708015527474,81.1230719271479],"radius":12.0},"projected_sphere":{"center":[134.4283338766218,70.4163381135356],"axes":[183.42500655501428,183.42500655501428],"angle":90.0},"model_confidence":0.9380013019541056,"model_id":153,"model_birth_timestamp":347871.839121,"theta":2.310849173652045,"phi":-1.8828814425936231,"method":"3d c++","id":1}
1252440,1252436,1,348006.876071,108,106,{"topic":"pupil.1","circle_3d":{"center":[-6.060010024206891,1.6127844638714954,72.69599789154816],"normal":[-0.22617662698715724,0.675041039949914,-0.7022561696333118],"radius":2.1644698273553415},"confidence":0.9986093520066956,"timestamp":348006.876071,"diameter_3d":4.328939654710683,"ellipse":{"center":[108.3802961241081,133.50041343197358],"axes":[24.63119486588305,37.0157000052873],"angle":-67.95965812125146},"norm_pos":[0.33868842538783783,0.4437482773667767],"diameter":37.0157000052873,"sphere":{"center":[-3.3458905003610036,-6.487708015527474,81.1230719271479],"radius":12.0},"projected_sphere":{"center":[134.4283338766218,70.4163381135356],"axes":[183.42500655501428,183.42500655501428],"angle":90.0},"model_confidence":0.9376952378418957,"model_id":153,"model_birth_timestamp":347871.839121,"theta":2.311816653839439,"phi":-1.8823771303702808,"method":"3d c++","id":1}
1252447,1252440,1,348006.884471,108,106,{"topic":"pupil.1","circle_3d":{"center":[-6.064919456070466,1.603984588608748,72.68912905692518],"normal":[-0.22658574630912184,0.6743077170113518,-0.7028285725185601],"radius":2.185039858720308},"confidence":0.9988546739738026,"timestamp":348006.884471,"diameter_3d":4.370079717440616,"ellipse":{"center":[108.33502439623807,133.4217723408782],"axes":[24.890700224173145,37.37131560468047],"angle":-67.90067763129645},"norm_pos":[0.33854695123824396,0.44407594857967425],"diameter":37.37131560468047,"sphere":{"center":[-3.3458905003610036,-6.487708015527474,81.1230719271479],"radius":12.0},"projected_sphere":{"center":[134.4283338766218,70.4163381135356],"axes":[183.42500655501428,183.42500655501428],"angle":90.0},"model_confidence":0.937461762336933,"model_id":153,"model_birth_timestamp":347871.839121,"theta":2.310823146658091,"phi":-1.8826668482931037,"method":"3d c++","id":1}
1252459,1252453,1,348006.892871,108,106,{"topic":"pupil.1","circle_3d":{"center":[-6.070225404508412,1.601937361181946,72.68887741853429],"normal":[-0.22702790867895073,0.6741371147257851,-0.7028495423844677],"radius":2.171218724961529},"confidence":0.9988726610967931,"timestamp":348006.892871,"diameter_3d":4.342437449923058,"ellipse":{"center":[108.28891655379086,133.40767874379708],"axes":[24.732765607410823,37.1350554472479],"angle":-67.86056830979967},"norm_pos":[0.3384028642305964,0.44413467190084555],"diameter":37.1350554472479,"sphere":{"center":[-3.3458905003610036,-6.487708015527474,81.1230719271479],"radius":12.0},"projected_sphere":{"center":[134.4283338766218,70.4163381135356],"axes":[183.42500655501428,183.42500655501428],"angle":90.0},"model_confidence":0.9371641683423193,"model_id":153,"model_birth_timestamp":347871.839121,"theta":2.310592143629837,"phi":-1.8832279032270367,"method":"3d c++","id":1}
1252467,1252463,1,348006.901271,108,106,{"topic":"pupil.1","circle_3d":{"center":[-6.068732485179465,1.6018809589906748,72.68834124092773],"normal":[-0.22690349873487178,0.6741324145431791,-0.7028942238516813],"radius":2.1746979785640717},"confidence":0.9991649838341244,"timestamp":348006.901271,"diameter_3d":4.349395957128143,"ellipse":{"center":[108.30144346469697,133.406457196257],"axes":[24.77485781272517,37.194838142722006],"angle":-67.86985367759766},"norm_pos":[0.33844201082717806,0.44413976168226244],"diameter":37.194838142722006,"sphere":{"center":[-3.3458905003610036,-6.487708015527474,81.1230719271479],"radius":12.0},"projected_sphere":{"center":[134.4283338766218,70.4163381135356],"axes":[183.42500655501428,183.42500655501428],"angle":90.0},"model_confidence":0.936954938235901,"model_id":153,"model_birth_timestamp":347871.839121,"theta":2.3105857800644904,"phi":-1.8830490254215455,"method":"3d c++","id":1}
1252475,1252468,1,348006.909671,108,106,{"topic":"pupil.1","circle_3d":{"center":[-6.073664095832827,1.6001016261710532,72.68822833574119],"normal":[-0.22731446628931867,0.6739841368082106,-0.7029036326172269],"radius":2.178830117561956},"confidence":0.9991891933254252,"timestamp":348006.909671,"diameter_3d":4.357660235123912,"ellipse":{"center":[108.25969006341994,133.39037054570395],"axes":[24.821183390331832,37.265700115978525],"angle":-67.83292019415242},"norm_pos":[0.3383115314481873,0.44420678939290026],"diameter":37.265700115978525,"sphere":{"center":[-3.3458905003610036,-6.487708015527474,81.1230719271479],"radius":12.0},"projected_sphere":{"center":[134.4283338766218,70.4163381135356],"axes":[183.42500655501428,183.42500655501428],"angle":90.0},"model_confidence":0.9367635829447774,"model_id":153,"model_birth_timestamp":347871.839121,"theta":2.3103850461839346,"phi":-1.8835745165880498,"method":"3d c++","id":1}
1252483,1252481,1,348006.91807,108,106,{"topic":"pupil.1","circle_3d":{"center":[-6.068708604245494,1.5959927093170378,72.68269017249325],"normal":[-0.22690150865704078,0.6736417270703761,-0.7033651462212213],"radius":2.177858452441234},"confidence":0.9982983583801158,"timestamp":348006.91807,"diameter_3d":4.355716904882468,"ellipse":{"center":[108.29790989726015,133.3564888769967],"axes":[24.83257942056269,37.25185260513379],"angle":-67.85135560003903},"norm_pos":[0.338430968428938,0.44434796301251367],"diameter":37.25185260513379,"sphere":{"center":[-3.3458905003610036,-6.487708015527474,81.1230719271479],"radius":12.0},"projected_sphere":{"center":[134.4283338766218,70.4163381135356],"axes":[183.42500655501428,183.42500655501428],"angle":90.0},"model_confidence":0.9363401203427602,"model_id":153,"model_birth_timestamp":347871.839121,"theta":2.3099216427030353,"phi":-1.8828507152976235,"method":"3d c++","id":1}
1252491,1252485,1,348006.92647,108,106,{"topic":"pupil.1","circle_3d":{"center":[-6.059343842828561,1.6062114917959605,72.68947020740676],"normal":[-0.2261211118722964,0.6744932922769529,-0.7028001433117621],"radius":2.1613628774271305},"confidence":0.9984315587075998,"timestamp":348006.92647,"diameter_3d":4.322725754854261,"ellipse":{"center":[108.38124587942099,133.44624579957014],"axes":[24.620817227182197,36.965893412395836],"angle":-67.94316799745235},"norm_pos":[0.3386913933731906,0.44397397583512443],"diameter":36.965893412395836,"sphere":{"center":[-3.3458905003610036,-6.487708015527474,81.1230719271479],"radius":12.0},"projected_sphere":{"center":[134.4283338766218,70.4163381135356],"axes":[183.42500655501428,183.42500655501428],"angle":90.0},"model_confidence":0.9359336269270768,"model_id":153,"model_birth_timestamp":347871.839121,"theta":2.311074479105405,"phi":-1.8820796763278607,"method":"3d c++","id":1}
1252498,1252497,1,348006.93487,108,106,{"topic":"pupil.1","circle_3d":{"center":[-6.071805385677061,1.5951138359056554,72.68284805831554],"normal":[-0.22715957377633814,0.6735684876194274,-0.7033519890693631],"radius":2.180313876792849},"confidence":0.9986622669293639,"timestamp":348006.93487,"diameter_3d":4.360627753585698,"ellipse":{"center":[108.27184027266982,133.34841228243317],"axes":[24.859225858150847,37.29385037545536],"angle":-67.82890363804708},"norm_pos":[0.3383495008520932,0.44438161548986177],"diameter":37.29385037545536,"sphere":{"center":[-3.3458905003610036,-6.487708015527474,81.1230719271479],"radius":12.0},"projected_sphere":{"center":[134.4283338766218,70.4163381135356],"axes":[183.42500655501428,183.42500655501428],"angle":90.0},"model_confidence":0.9356310825355707,"model_id":153,"model_birth_timestamp":347871.839121,"theta":2.3098225488062454,"phi":-1.8831884678145108,"method":"3d c++","id":1}
1252508,1252502,1,348006.94327,108,106,{"topic":"pupil.1","circle_3d":{"center":[-6.06680917338071,1.6020809274219907,72.68791238903925],"normal":[-0.22674322275164216,0.6741490785791221,-0.7029299615090538],"radius":2.1743831696385367},"confidence":0.9987740867299286,"timestamp":348006.94327,"diameter_3d":4.3487663392770735,"ellipse":{"center":[108.31747667341203,133.40829516649018],"axes":[24.773387034115107,37.18963594659123],"angle":-67.88269318318274},"norm_pos":[0.3384921146044126,0.4441321034729576],"diameter":37.18963594659123,"sphere":{"center":[-3.3458905003610036,-6.487708015527474,81.1230719271479],"radius":12.0},"projected_sphere":{"center":[134.4283338766218,70.4163381135356],"axes":[183.42500655501428,183.42500655501428],"angle":90.0},"model_confidence":0.9353724713293099,"model_id":153,"model_birth_timestamp":347871.839121,"theta":2.3106083416273986,"phi":-1.8828276533216104,"method":"3d c++","id":1}
1252521,1252515,1,348006.95167,108,106,{"topic":"pupil.1","circle_3d":{"center":[-6.06309147428642,1.5907957528005348,72.67590697478614],"normal":[-0.22643341449378468,0.6732086473606673,-0.7039304126968138],"radius":2.183103715617932},"confidence":0.998804865321931,"timestamp":348006.95167,"diameter_3d":4.366207431235864,"ellipse":{"center":[108.34126992268608,133.3120607759843],"axes":[24.919928942577243,37.34503443959277],"angle":-67.87056464947568},"norm_pos":[0.338566468508394,0.4445330801000654],"diameter":37.34503443959277,"sphere":{"center":[-3.3458905003610036,-6.487708015527474,81.1230719271479],"radius":12.0},"projected_sphere":{"center":[134.4283338766218,70.4163381135356],"axes":[183.42500655501428,183.42500655501428],"angle":90.0},"model_confidence":0.9351010492080203,"model_id":153,"model_birth_timestamp":347871.839121,"theta":2.309335810333206,"phi":-1.8820135655541035,"method":"3d c++","id":1}
1252529,1252522,1,348006.96007,108,106,{"topic":"pupil.1","circle_3d":{"center":[-6.062587891910555,1.598036160284396,72.68267522994982],"normal":[-0.2263914492957959,0.6738120146509892,-0.7033663914331735],"radius":2.16440981463283},"confidence":0.9987567453679556,"timestamp":348006.96007,"diameter_3d":4.32881962926566,"ellipse":{"center":[108.34913127958629,133.37703834011612],"axes":[24.6806634650691,37.021599822225944],"angle":-67.89673122660585},"norm_pos":[0.33859103524870715,0.44426234024951616],"diameter":37.021599822225944,"sphere":{"center":[-3.3458905003610036,-6.487708015527474,81.1230719271479],"radius":12.0},"projected_sphere":{"center":[134.4283338766218,70.4163381135356],"axes":[183.42500655501428,183.42500655501428],"angle":90.0},"model_confidence":0.9347725971137755,"model_id":153,"model_birth_timestamp":347871.839121,"theta":2.310152078545068,"phi":-1.882193242768827,"method":"3d c++","id":1}
1252536,1252532,1,348006.96847,108,106,{"topic":"pupil.1","circle_3d":{"center":[-6.067683614582608,1.5921439854135961,72.67867533021663],"normal":[-0.22681609285180032,0.6733210000784224,-0.7036997164109393],"radius":2.1702218509902087},"confidence":0.998730598231718,"timestamp":348006.96847,"diameter_3d":4.340443701980417,"ellipse":{"center":[108.3033764293835,133.32616530419352],"axes":[24.761029770796835,37.123228788041835],"angle":-67.8456897500312},"norm_pos":[0.33844805134182343,0.444474311232527],"diameter":37.123228788041835,"sphere":{"center":[-3.3458905003610036,-6.487708015527474,81.1230719271479],"radius":12.0},"projected_sphere":{"center":[134.4283338766218,70.4163381135356],"axes":[183.42500655501428,183.42500655501428],"angle":90.0},"model_confidence":0.9344319472828766,"model_id":153,"model_birth_timestamp":347871.839121,"theta":2.3094877612401437,"phi":-1.8826018366154,"method":"3d c++","id":1}
1252544,1252542,1,348006.97687,108,106,{"topic":"pupil.1","circle_3d":{"center":[-6.063675943411192,1.5873582624202704,72.67280880152302],"normal":[-0.22648212025418235,0.6729221898289788,-0.7041885938020738],"radius":2.1814025704172786},"confidence":0.9986905894140655,"timestamp":348006.97687,"diameter_3d":4.362805140834557,"ellipse":{"center":[108.33404724901892,133.28369263669734],"axes":[24.912256481673733,37.317544542305356],"angle":-67.85595974127648},"norm_pos":[0.33854389765318416,0.4446512806804278],"diameter":37.317544542305356,"sphere":{"center":[-3.3458905003610036,-6.487708015527474,81.1230719271479],"radius":12.0},"projected_sphere":{"center":[134.4283338766218,70.4163381135356],"axes":[183.42500655501428,183.42500655501428],"angle":90.0},"model_confidence":0.9340642058804249,"model_id":153,"model_birth_timestamp":347871.839121,"theta":2.308948487265104,"phi":-1.8819693678949965,"method":"3d c++","id":1}
1252552,1252549,1,348006.98527,108,106,{"topic":"pupil.1","circle_3d":{"center":[-6.071331871728253,1.5816247632833527,72.66979813316436],"normal":[-0.22712011428060414,0.6724443982342355,-0.7044394828319621],"radius":2.1744729747565863},"confidence":0.9985153535770069,"timestamp":348006.98527,"diameter_3d":4.348945949513173,"ellipse":{"center":[108.26644164371348,133.23702438026478],"axes":[24.84268425767125,37.2006578113321],"angle":-67.7891045758872},"norm_pos":[0.33833263013660464,0.44484573174889674],"diameter":37.2006578113321,"sphere":{"center":[-3.3458905003610036,-6.487708015527474,81.1230719271479],"radius":12.0},"projected_sphere":{"center":[134.4283338766218,70.4163381135356],"axes":[183.42500655501428,183.42500655501428],"angle":90.0},"model_confidence":0.9336881516075035,"model_id":153,"model_birth_timestamp":347871.839121,"theta":2.308302762287296,"phi":-1.8826861686185512,"method":"3d c++","id":1}
1252560,1252553,1,348006.99367,108,106,{"topic":"pupil.1","circle_3d":{"center":[-6.0784697994693015,1.5870264284789606,72.67726385255487],"normal":[-0.22771494159235822,0.6728945370005363,-0.7038173395494195],"radius":2.1706506464576134},"confidence":0.9990816954992562,"timestamp":348006.99367,"diameter_3d":4.341301292915227,"ellipse":{"center":[108.2107144188497,133.28276149443755],"axes":[24.768652054171987,37.131509744324724],"angle":-67.76094611376678},"norm_pos":[0.33815848255890535,0.44465516043984354],"diameter":37.131509744324724,"sphere":{"center":[-3.3458905003610036,-6.487708015527474,81.1230719271479],"radius":12.0},"projected_sphere":{"center":[134.4283338766218,70.4163381135356],"axes":[183.42500655501428,183.42500655501428],"angle":90.0},"model_confidence":0.9334634102625805,"model_id":153,"model_birth_timestamp":347871.839121,"theta":2.3089111047288364,"phi":-1.8837095570679632,"method":"3d c++","id":1}
1252566,1252565,1,348007.00207,108,106,{"topic":"pupil.1","circle_3d":{"center":[-6.058566167988973,1.5819454321035025,72.66599891354582],"normal":[-0.22605630563566412,0.6724711206359147,-0.7047560844668402],"radius":2.1626051614291533},"confidence":0.9983106279328869,"timestamp":348007.00207,"diameter_3d":4.3252103228583065,"ellipse":{"center":[108.37164188787426,133.2431070935776],"axes":[24.724607900402077,36.999243430117204],"angle":-67.87135450362149},"norm_pos":[0.33866138089960707,0.4448203871100933],"diameter":36.999243430117204,"sphere":{"center":[-3.3458905003610036,-6.487708015527474,81.1230719271479],"radius":12.0},"projected_sphere":{"center":[134.4283338766218,70.4163381135356],"axes":[183.42500655501428,183.42500655501428],"angle":90.0},"model_confidence":0.932985449537238,"model_id":153,"model_birth_timestamp":347871.839121,"theta":2.3083388670297396,"phi":-1.8811869081634351,"method":"3d c++","id":1}
1252576,1252571,1,348007.010469,108,106,{"topic":"pupil.1","circle_3d":{"center":[-6.064273925697678,1.5696382501885662,72.65610300626443],"normal":[-0.22653195211138952,0.6714455221430033,-0.7055807434069561],"radius":2.1795491749906875},"confidence":0.9983936486012736,"timestamp":348007.010469,"diameter_3d":4.359098349981375,"ellipse":{"center":[108.3172476822441,133.13588434832457],"axes":[24.955102730319002,37.294525348345196],"angle":-67.79587259419384},"norm_pos":[0.3384913990070128,0.4452671485486477],"diameter":37.294525348345196,"sphere":{"center":[-3.3458905003610036,-6.487708015527474,81.1230719271479],"radius":12.0},"projected_sphere":{"center":[134.4283338766218,70.4163381135356],"axes":[183.42500655501428,183.42500655501428],"angle":90.0},"model_confidence":0.9325516532685207,"model_id":153,"model_birth_timestamp":347871.839121,"theta":2.3069540249291243,"phi":-1.8814581992797583,"method":"3d c++","id":1}
1252583,1252582,1,348007.018869,108,106,{"topic":"pupil.1","circle_3d":{"center":[-6.0667914121401,1.5759583195998914,72.66293106165321],"normal":[-0.22674174264825808,0.6719721945939472,-0.7050117387912244],"radius":2.172584713304686},"confidence":0.9983351018425763,"timestamp":348007.018869,"diameter_3d":4.345169426609372,"ellipse":{"center":[108.30016335410984,133.1902887544213],"axes":[24.848513740598026,37.17181008039635],"angle":-67.79997013476009},"norm_pos":[0.3384380104815933,0.44504046352324467],"diameter":37.17181008039635,"sphere":{"center":[-3.3458905003610036,-6.487708015527474,81.1230719271479],"radius":12.0},"projected_sphere":{"center":[134.4283338766218,70.4163381135356],"axes":[183.42500655501428,183.42500655501428],"angle":90.0},"model_confidence":0.9321518111654603,"model_id":153,"model_birth_timestamp":347871.839121,"theta":2.3076649612947135,"phi":-1.8819627881203642,"method":"3d c++","id":1}
1252591,1252587,1,348007.027269,108,106,{"topic":"pupil.1","circle_3d":{"center":[-6.052690091841909,1.570913954766933,72.65360630578506],"normal":[-0.2255666326234088,0.6715518308578672,-0.705788801780237],"radius":2.189149409337487},"confidence":0.9982606703512021,"timestamp":348007.027269,"diameter_3d":4.378298818674974,"ellipse":{"center":[108.41460854916194,133.1448115614453],"axes":[25.077653071956156,37.45994607942856],"angle":-67.87371999510913},"norm_pos":[0.3387956517161311,0.4452299518273113],"diameter":37.45994607942856,"sphere":{"center":[-3.3458905003610036,-6.487708015527474,81.1230719271479],"radius":12.0},"projected_sphere":{"center":[134.4283338766218,70.4163381135356],"axes":[183.42500655501428,183.42500655501428],"angle":90.0},"model_confidence":0.9317643256000596,"model_id":153,"model_birth_timestamp":347871.839121,"theta":2.3070974903672887,"phi":-1.8801319256970574,"method":"3d c++","id":1}
1252602,1252598,1,348007.035669,108,106,{"topic":"pupil.1","circle_3d":{"center":[-6.070689726929354,1.5678397068894405,72.65645394434296],"normal":[-0.22706660221402913,0.6712956435347428,-0.7055514985670792],"radius":2.1718069729648697},"confidence":0.9981173117745972,"timestamp":348007.035669,"diameter_3d":4.343613945929739,"ellipse":{"center":[108.26246099156758,133.122370925136],"axes":[24.863441897166794,37.16193202006348],"angle":-67.74931445015298},"norm_pos":[0.3383201905986487,0.4453234544786],"diameter":37.16193202006348,"sphere":{"center":[-3.3458905003610036,-6.487708015527474,81.1230719271479],"radius":12.0},"projected_sphere":{"center":[134.4283338766218,70.4163381135356],"axes":[183.42500655501428,183.42500655501428],"angle":90.0},"model_confidence":0.9312762662536112,"model_id":153,"model_birth_timestamp":347871.839121,"theta":2.3067517928443575,"phi":-1.8821570717127625,"method":"3d c++","id":1}
1252606,1252604,1,348007.044069,108,106,{"topic":"pupil.1","circle_3d":{"center":[-6.073024689052469,1.5629089029595171,72.65251667092997],"normal":[-0.22726118239095547,0.6708847432072492,-0.7058796046848274],"radius":2.1637334380913447},"confidence":0.9981661243796268,"timestamp":348007.044069,"diameter_3d":4.327466876182689,"ellipse":{"center":[108.23937577777214,133.0829088697923],"axes":[24.78537464660265,37.025802938892376],"angle":-67.71874174944622},"norm_pos":[0.3382480493055379,0.4454878797091987],"diameter":37.025802938892376,"sphere":{"center":[-3.3458905003610036,-6.487708015527474,81.1230719271479],"radius":12.0},"projected_sphere":{"center":[134.4283338766218,70.4163381135356],"axes":[183.42500655501428,183.42500655501428],"angle":90.0},"model_confidence":0.930819935461813,"model_id":153,"model_birth_timestamp":347871.839121,"theta":2.3061975524817715,"phi":-1.8822713003730813,"method":"3d c++","id":1}
1252615,1252610,1,348007.052469,108,106,{"topic":"pupil.1","circle_3d":{"center":[-6.073913498037795,1.5566603316493506,72.64686827108311],"normal":[-0.22733524980639924,0.670364028931402,-0.706350304672066],"radius":2.1589311235505666},"confidence":0.9978893189570276,"timestamp":348007.052469,"diameter_3d":4.317862247101133,"ellipse":{"center":[108.22759422970486,133.03170547076056],"axes":[24.751600346065082,36.94651849555191],"angle":-67.6931314529341},"norm_pos":[0.3382112319678277,0.44570122720516436],"diameter":36.94651849555191,"sphere":{"center":[-3.3458905003610036,-6.487708015527474,81.1230719271479],"radius":12.0},"projected_sphere":{"center":[134.4283338766218,70.4163381135356],"axes":[183.42500655501428,183.42500655501428],"angle":90.0},"model_confidence":0.9302700339764658,"model_id":153,"model_birth_timestamp":347871.839121,"theta":2.3054955892158007,"phi":-1.8821719130215142,"method":"3d c++","id":1}
1252627,1252620,1,348007.060869,108,107,{"topic":"pupil.1","circle_3d":{"center":[-6.068361380796722,1.5470900820935007,72.63601284666272],"normal":[-0.22687257336964323,0.6695665081350812,-0.707254923373765],"radius":2.1632888984118943},"confidence":0.9980985534804769,"timestamp":348007.060869,"diameter_3d":4.326577796823789,"ellipse":{"center":[108.2675302283842,132.9508275814274],"axes":[24.84440285515691,37.02662816983021],"angle":-67.69790280941933},"norm_pos":[0.33833603196370066,0.4460382184107191],"diameter":37.02662816983021,"sphere":{"center":[-3.3458905003610036,-6.487708015527474,81.1230719271479],"radius":12.0},"projected_sphere":{"center":[134.4283338766218,70.4163381135356],"axes":[183.42500655501428,183.42500655501428],"angle":90.0},"model_confidence":0.929800939071046,"model_id":153,"model_birth_timestamp":347871.839121,"theta":2.3044213313401745,"phi":-1.8812058108878276,"method":"3d c++","id":1}
1252635,1252632,1,348007.069269,108,107,{"topic":"pupil.1","circle_3d":{"center":[-6.048887734182683,1.523294313070064,72.607342501834],"normal":[-0.22524976948514,0.6675835273831281,-0.7096441187761592],"radius":2.1632256788434403},"confidence":0.9994169249779629,"timestamp":348007.069269,"diameter_3d":4.326451357686881,"ellipse":{"center":[108.41329594884277,132.7524294514046],"axes":[24.95797404722915,37.03998531069804],"angle":-67.74622521618855},"norm_pos":[0.33879154984013365,0.44686487728581414],"diameter":37.03998531069804,"sphere":{"center":[-3.3458905003610036,-6.487708015527474,81.1230719271479],"radius":12.0},"projected_sphere":{"center":[134.4283338766218,70.4163381135356],"axes":[183.42500655501428,183.42500655501428],"angle":90.0},"model_confidence":0.9296592414591465,"model_id":153,"model_birth_timestamp":347871.839121,"theta":2.3017547585081184,"phi":-1.878150174930333,"method":"3d c++","id":1}
1252641,1252638,1,348007.077669,109,107,{"topic":"pupil.1","circle_3d":{"center":[-5.891171391865598,1.4717774969314599,72.51097952400347],"normal":[-0.21210674095871612,0.6632904593715778,-0.7176743669287022],"radius":2.1675484987677667},"confidence":0.9992522047234255,"timestamp":348007.077669,"diameter_3d":4.335096997535533,"ellipse":{"center":[109.69048928468055,132.32594456748942],"axes":[25.41633339879708,37.16089768441316],"angle":-68.6050472559061},"norm_pos":[0.3427827790146267,0.4486418976354608],"diameter":37.16089768441316,"sphere":{"center":[-3.3458905003610036,-6.487708015527474,81.1230719271479],"radius":12.0},"projected_sphere":{"center":[134.4283338766218,70.4163381135356],"axes":[183.42500655501428,183.42500655501428],"angle":90.0},"model_confidence":0.929470045193248,"model_id":153,"model_birth_timestamp":347871.839121,"theta":2.296003449110462,"phi":-1.8581631108168286,"method":"3d c++","id":1}
1252651,1252648,1,348007.086069,110,108,{"topic":"pupil.1","circle_3d":{"center":[-5.7515705688092655,1.4206648815725575,72.4242017977182],"normal":[-0.20047333903735515,0.659031074758336,-0.7249058441191423],"radius":2.1704291480322317},"confidence":0.9981384935817006,"timestamp":348007.086069,"diameter_3d":4.3408582960644635,"ellipse":{"center":[110.82264016275354,131.90090787735738],"axes":[25.81859536556498,37.25267912046276],"angle":-69.37055986516657},"norm_pos":[0.34632075050860484,0.4504128838443442],"diameter":37.25267912046276,"sphere":{"center":[-3.3458905003610036,-6.487708015527474,81.1230719271479],"radius":12.0},"projected_sphere":{"center":[134.4283338766218,70.4163381135356],"axes":[183.42500655501428,183.42500655501428],"angle":90.0},"model_confidence":0.9289548540031167,"model_id":153,"model_birth_timestamp":347871.839121,"theta":2.290326093181332,"phi":-1.8406037931151182,"method":"3d c++","id":1}
1252659,1252654,1,348007.094469,111,108,{"topic":"pupil.1","circle_3d":{"center":[-5.723174199059919,1.4137187805380016,72.41009443364324],"normal":[-0.1981069748915763,0.6584522330054563,-0.7260814577920557],"radius":2.150240726705479},"confidence":0.9972924995264337,"timestamp":348007.094469,"diameter_3d":4.300481453410958,"ellipse":{"center":[111.05445963164122,131.8483007458855],"axes":[25.639007183235268,36.912739073235834],"angle":-69.53959153669788},"norm_pos":[0.3470451863488788,0.45063208022547707],"diameter":36.912739073235834,"sphere":{"center":[-3.3458905003610036,-6.487708015527474,81.1230719271479],"radius":12.0},"projected_sphere":{"center":[134.4283338766218,70.4163381135356],"axes":[183.42500655501428,183.42500655501428],"angle":90.0},"model_confidence":0.9281876687217028,"model_id":153,"model_birth_timestamp":347871.839121,"theta":2.289556734481385,"phi":-1.8371570260862167,"method":"3d c++","id":1}
1252670,1252668,1,348007.102868,111,108,{"topic":"pupil.1","circle_3d":{"center":[-5.717851084060515,1.4203935378073442,72.41470050583615],"normal":[-0.1976633819749593,0.6590084627779015,-0.7256976184426462],"radius":2.1550089810110458},"confidence":0.997952204552226,"timestamp":348007.102868,"diameter_3d":4.3100179620220915,"ellipse":{"center":[111.10318092363755,131.9035190102301],"axes":[25.679507647149432,36.9921359211413],"angle":-69.59572570198688},"norm_pos":[0.34719744038636735,0.4504020041240413],"diameter":36.9921359211413,"sphere":{"center":[-3.3458905003610036,-6.487708015527474,81.1230719271479],"radius":12.0},"projected_sphere":{"center":[134.4283338766218,70.4163381135356],"axes":[183.42500655501428,183.42500655501428],"angle":90.0},"model_confidence":0.9276166937607577,"model_id":153,"model_birth_timestamp":347871.839121,"theta":2.2902960290804506,"phi":-1.8367223774550878,"method":"3d c++","id":1}
1252675,1252671,1,348007.111268,110,108,{"topic":"pupil.1","circle_3d":{"center":[-5.733064770563628,1.4213776694360138,72.41975286878929],"normal":[-0.19893118918355204,0.6590904737469573,-0.7252765881965509],"radius":2.162144683400099},"confidence":0.9985516992936412,"timestamp":348007.111268,"diameter_3d":4.324289366800198,"ellipse":{"center":[110.97710944569305,131.9095528341073],"axes":[25.74152208675188,37.11236130858133],"angle":-69.49667251483726},"norm_pos":[0.34680346701779075,0.4503768631912196],"diameter":37.11236130858133,"sphere":{"center":[-3.3458905003610036,-6.487708015527474,81.1230719271479],"radius":12.0},"projected_sphere":{"center":[134.4283338766218,70.4163381135356],"axes":[183.42500655501428,183.42500655501428],"angle":90.0},"model_confidence":0.9272305791401925,"model_id":153,"model_birth_timestamp":347871.839121,"theta":2.2904050717789315,"phi":-1.8384960196912428,"method":"3d c++","id":1}
1252685,1252682,1,348007.119668,111,108,{"topic":"pupil.1","circle_3d":{"center":[-5.726871146391981,1.418866275880518,72.41577532385753],"normal":[-0.19841505383591482,0.658881190950666,-0.7256080502741981],"radius":2.1586137103993805},"confidence":0.9986510876656369,"timestamp":348007.119668,"diameter_3d":4.317227420798761,"ellipse":{"center":[111.02712715047105,131.88948661845905],"axes":[25.716212813734586,37.05366522440288],"angle":-69.5305176806113},"norm_pos":[0.346959772345222,0.4504604724230873],"diameter":37.05366522440288,"sphere":{"center":[-3.3458905003610036,-6.487708015527474,81.1230719271479],"radius":12.0},"projected_sphere":{"center":[134.4283338766218,70.4163381135356],"axes":[183.42500655501428,183.42500655501428],"angle":90.0},"model_confidence":0.926864796561222,"model_id":153,"model_birth_timestamp":347871.839121,"theta":2.2901268276660516,"phi":-1.8377177807361564,"method":"3d c++","id":1}
1252690,1252687,1,348007.128068,110,108,{"topic":"pupil.1","circle_3d":{"center":[-5.734558184109611,1.4280745952656595,72.42625340798355],"normal":[-0.19905564031238396,0.6596485508994278,-0.7247348765970297],"radius":2.1584733799420093},"confidence":0.9986517345212046,"timestamp":348007.128068,"diameter_3d":4.3169467598840185,"ellipse":{"center":[110.96847212154333,131.96672119079994],"axes":[25.672448569815604,37.04597733276721],"angle":-69.50718465018645},"norm_pos":[0.3467764753798229,0.4501386617050003],"diameter":37.04597733276721,"sphere":{"center":[-3.3458905003610036,-6.487708015527474,81.1230719271479],"radius":12.0},"projected_sphere":{"center":[134.4283338766218,70.4163381135356],"axes":[183.42500655501428,183.42500655501428],"angle":90.0},"model_confidence":0.9264983928460979,"model_id":153,"model_birth_timestamp":347871.839121,"theta":2.291147374349574,"phi":-1.8388463624707987,"method":"3d c++","id":1}
1252700,1252695,1,348007.136468,110,108,{"topic":"pupil.1","circle_3d":{"center":[-5.732076868251243,1.431191908843795,72.42841042680831],"normal":[-0.19884886399085325,0.659908327030939,-0.7245551250282993],"radius":2.1513033968277933},"confidence":0.9980735503798568,"timestamp":348007.136468,"diameter_3d":4.3026067936555865,"ellipse":{"center":[110.99067787117819,131.9947461589733],"axes":[25.579432957527224,36.921701696340996],"angle":-69.53335204136178},"norm_pos":[0.34684586834743186,0.4500218910042779],"diameter":36.921701696340996,"sphere":{"center":[-3.3458905003610036,-6.487708015527474,81.1230719271479],"radius":12.0},"projected_sphere":{"center":[134.4283338766218,70.4163381135356],"axes":[183.42500655501428,183.42500655501428],"angle":90.0},"model_confidence":0.9259593520931975,"model_id":153,"model_birth_timestamp":347871.839121,"theta":2.291493069491591,"phi":-1.8386443454870793,"method":"3d c++","id":1}
1252710,1252705,1,348007.144868,111,108,{"topic":"pupil.1","circle_3d":{"center":[-5.719960457374027,1.4229540829567435,72.41760140552684],"normal":[-0.19783916308441857,0.6592218415403515,-0.7254558768017559],"radius":2.161167315012763},"confidence":0.9989361680790213,"timestamp":348007.144868,"diameter_3d":4.322334630025526,"ellipse":{"center":[111.08743354957798,131.92351485619062],"axes":[25.741288278676453,37.09642909548725],"angle":-69.58937043520478},"norm_pos":[0.3471482298424312,0.4503186880992057],"diameter":37.09642909548725,"sphere":{"center":[-3.3458905003610036,-6.487708015527474,81.1230719271479],"radius":12.0},"projected_sphere":{"center":[134.4283338766218,70.4163381135356],"axes":[183.42500655501428,183.42500655501428],"angle":90.0},"model_confidence":0.92565683731064,"model_id":153,"model_birth_timestamp":347871.839121,"theta":2.2905797615795085,"phi":-1.8370324156071294,"method":"3d c++","id":1}
1252720,1252717,1,348007.153268,112,108,{"topic":"pupil.1","circle_3d":{"center":[-5.540948202702351,1.4194550471210068,72.36758827494003],"normal":[-0.1829214751951123,0.6589302552207067,-0.72962363768399],"radius":2.1865016389555407},"confidence":0.9997083424898097,"timestamp":348007.153268,"diameter_3d":4.3730032779110815,"ellipse":{"center":[112.58393533669755,131.89396796843565],"axes":[26.280992001469482,37.55407210778639],"angle":-70.79148442314047},"norm_pos":[0.35182479792717986,0.45044180013151813],"diameter":37.55407210778639,"sphere":{"center":[-3.3458905003610036,-6.487708015527474,81.1230719271479],"radius":12.0},"projected_sphere":{"center":[134.4283338766218,70.4163381135356],"axes":[183.42500655501428,183.42500655501428],"angle":90.0},"model_confidence":0.9256074055187136,"model_id":153,"model_birth_timestamp":347871.839121,"theta":2.2901920531444597,"phi":-1.8164399322498053,"method":"3d c++","id":1}
1252737,1252736,1,348007.161668,114,106,{"topic":"pupil.1","circle_3d":{"center":[-5.331324001020569,1.5959877401661977,72.4794663864121],"normal":[-0.1654527917216305,0.6736413129744728,-0.720300461727984],"radius":2.1578705017192767},"confidence":0.5046232398546994,"timestamp":348007.161668,"diameter_3d":4.3157410034385535,"ellipse":{"center":[114.4411345761236,133.3913667493921],"axes":[25.55404913688114,36.999986504116045],"angle":-72.71800291782375},"norm_pos":[0.35762854555038626,0.4442026385441996],"diameter":36.999986504116045,"sphere":{"center":[-3.3458905003610036,-6.487708015527474,81.1230719271479],"radius":12.0},"projected_sphere":{"center":[134.4283338766218,70.4163381135356],"axes":[183.42500655501428,183.42500655501428],"angle":90.0},"model_confidence":0.9256074055187136,"model_id":153,"model_birth_timestamp":347871.839121,"theta":2.30992108240092,"phi":-1.7965794729390596,"method":"3d c++","id":1}
1252747,1252745,1,348007.178468,118,103,{"topic":"pupil.1","circle_3d":{"center":[-4.8323019547836426,1.9361952716260227,72.70710885707413],"normal":[-0.12386762120188664,0.701991940596125,-0.7013302558394813],"radius":2.193904366442044},"confidence":0.5129561329661642,"timestamp":348007.178468,"diameter_3d":4.387808732884088,"ellipse":{"center":[118.82319064094179,136.24023075393228],"axes":[25.20213782788938,37.489441261670706],"angle":-76.93961928874145},"norm_pos":[0.3713224707529431,0.4323323718586155],"diameter":37.489441261670706,"sphere":{"center":[-3.3458905003610036,-6.487708015527474,81.1230719271479],"radius":12.0},"projected_sphere":{"center":[134.4283338766218,70.4163381135356],"axes":[183.42500655501428,183.42500655501428],"angle":90.0},"model_confidence":0.9256074055187136,"model_id":153,"model_birth_timestamp":347871.839121,"theta":2.3489869252396933,"phi":-1.7456115843542566,"method":"3d c++","id":1}
1252753,1252750,1,348007.186868,118,103,{"topic":"pupil.1","circle_3d":{"center":[-4.830854330391956,1.9313803700089647,72.70203676631256],"normal":[-0.12374698583591275,0.7015906987947035,-0.7017529300696123],"radius":2.167065688070913},"confidence":0.8041632533167006,"timestamp":348007.186868,"diameter_3d":4.334131376141826,"ellipse":{"center":[118.83194379175679,136.2068281474571],"axes":[24.913308898265647,37.03318659274626],"angle":-76.9395984795836},"norm_pos":[0.37134982434923997,0.4324715493855955],"diameter":37.03318659274626,"sphere":{"center":[-3.3458905003610036,-6.487708015527474,81.1230719271479],"radius":12.0},"projected_sphere":{"center":[134.4283338766218,70.4163381135356],"axes":[183.42500655501428,183.42500655501428],"angle":90.0},"model_confidence":0.9256074055187136,"model_id":153,"model_birth_timestamp":347871.839121,"theta":2.348423686002629,"phi":-1.745341704746342,"method":"3d c++","id":1}
1252759,1252756,1,348007.195267,118,103,{"topic":"pupil.1","circle_3d":{"center":[-4.816909548070812,1.9354546769929257,72.70366379969575],"normal":[-0.122584920642484,0.7019302243766998,-0.7016173439543464],"radius":2.1681642609859484},"confidence":0.8852086262704931,"timestamp":348007.195267,"diameter_3d":4.336328521971897,"ellipse":{"center":[118.95140014873631,136.24088770566902],"axes":[24.922528168304794,37.05086939154873],"angle":-77.04353888802527},"norm_pos":[0.37172312546480096,0.4323296345597124],"diameter":37.05086939154873,"sphere":{"center":[-3.3458905003610036,-6.487708015527474,81.1230719271479],"radius":12.0},"projected_sphere":{"center":[134.4283338766218,70.4163381135356],"axes":[183.42500655501428,183.42500655501428],"angle":90.0},"model_confidence":0.9256074055187136,"model_id":153,"model_birth_timestamp":347871.839121,"theta":2.348900271359625,"phi":-1.743768002312251,"method":"3d c++","id":1}
1252767,1252767,1,348007.203667,119,103,{"topic":"pupil.1","circle_3d":{"center":[-4.802925138357792,1.9395357218536784,72.70531610659528],"normal":[-0.12141955316639906,0.7022703114484294,-0.7014796517127191],"radius":2.172309293935842},"confidence":0.8835799207924672,"timestamp":348007.203667,"diameter_3d":4.344618587871684,"ellipse":{"center":[119.07128149532942,136.2742542354897],"axes":[24.966693009448008,37.12061965441633],"angle":-77.1477490195388},"norm_pos":[0.3720977546729044,0.4321906073521262],"diameter":37.12061965441633,"sphere":{"center":[-3.3458905003610036,-6.487708015527474,81.1230719271479],"radius":12.0},"projected_sphere":{"center":[134.4283338766218,70.4163381135356],"axes":[183.42500655501428,183.42500655501428],"angle":90.0},"model_confidence":0.9256074055187136,"model_id":153,"model_birth_timestamp":347871.839121,"theta":2.349377869373995,"phi":-1.7421887590931686,"method":"3d c++","id":1}
1252779,1252773,1,348007.212067,119,103,{"topic":"pupil.1","circle_3d":{"center":[-4.78890286899089,1.9436230073949794,72.70699371423385],"normal":[-0.12025103071915716,0.7026109185768709,-0.7013398510761713],"radius":2.1775027865386156},"confidence":0.9119316398587223,"timestamp":348007.212067,"diameter_3d":4.355005573077231,"ellipse":{"center":[119.19151763780454,136.30740849629143],"axes":[25.022807141448528,37.20827637533427],"angle":-77.25221972175419},"norm_pos":[0.37247349261813917,0.43205246459878566],"diameter":37.20827637533427,"sphere":{"center":[-3.3458905003610036,-6.487708015527474,81.1230719271479],"radius":12.0},"projected_sphere":{"center":[134.4283338766218,70.4163381135356],"axes":[183.42500655501428,183.42500655501428],"angle":90.0},"model_confidence":0.9256074055187136,"model_id":153,"model_birth_timestamp":347871.839121,"theta":2.3498564233591024,"phi":-1.7406041621396784,"method":"3d c++","id":1}
1252787,1252783,1,348007.220467,119,103,{"topic":"pupil.1","circle_3d":{"center":[-4.774842850644236,1.9477165211119942,72.70869684237299],"normal":[-0.11907936252360272,0.7029520447199555,-0.701197923731243],"radius":2.176357118521868},"confidence":0.9428943165273349,"timestamp":348007.220467,"diameter_3d":4.352714237043736,"ellipse":{"center":[119.3119170775669,136.34216058248498],"axes":[25.00590417897137,37.187547023746355],"angle":-77.35696660085355},"norm_pos":[0.3728497408673966,0.4319076642396459],"diameter":37.187547023746355,"sphere":{"center":[-3.3458905003610036,-6.487708015527474,81.1230719271479],"radius":12.0},"projected_sphere":{"center":[134.4283338766218,70.4163381135356],"axes":[183.42500655501428,183.42500655501428],"angle":90.0},"model_confidence":0.9256074055187136,"model_id":153,"model_birth_timestamp":347871.839121,"theta":2.3503359333149487,"phi":-1.7390142114517808,"method":"3d c++","id":1}
1252796,1252788,1,348007.228867,118,103,{"topic":"pupil.1","circle_3d":{"center":[-4.844799512789418,1.9518162504944065,72.72499465102757],"normal":[-0.12490908436903453,0.7032936888351566,-0.6998397730100276],"radius":2.1805443075788165},"confidence":0.9219646564675505,"timestamp":348007.228867,"diameter_3d":4.361088615157633,"ellipse":{"center":[118.72658292981991,136.37292471338165],"axes":[24.97694874500033,37.25204846017042],"angle":-76.88668507282006},"norm_pos":[0.37102057165568725,0.43177948036090974],"diameter":37.25204846017042,"sphere":{"center":[-3.3458905003610036,-6.487708015527474,81.1230719271479],"radius":12.0},"projected_sphere":{"center":[134.4283338766218,70.4163381135356],"axes":[183.42500655501428,183.42500655501428],"angle":90.0},"model_confidence":0.9256074055187136,"model_id":153,"model_birth_timestamp":347871.839121,"theta":2.350816399244866,"phi":-1.7474189070184019,"method":"3d c++","id":1}
1252808,1252805,1,348007.237267,119,104,{"topic":"pupil.1","circle_3d":{"center":[-4.792032830846135,1.822213138576668,72.58762332894572],"normal":[-0.12051186087376095,0.6924934295086784,-0.7112873831835149],"radius":2.1534456581220276},"confidence":0.9980639049452374,"timestamp":348007.237267,"diameter_3d":4.306891316244055,"ellipse":{"center":[119.09831463222912,135.30212829365504],"axes":[25.201606399250156,36.858019120964386],"angle":-76.98004770081101},"norm_pos":[0.372182233225716,0.43624113210977067],"diameter":36.858019120964386,"sphere":{"center":[-3.3458905003610036,-6.487708015527474,81.1230719271479],"radius":12.0},"projected_sphere":{"center":[134.4283338766218,70.4163381135356],"axes":[183.42500655501428,183.42500655501428],"angle":90.0},"model_confidence":0.9254415881911116,"model_id":153,"model_birth_timestamp":347871.839121,"theta":2.3357359319276365,"phi":-1.738630309490667,"method":"3d c++","id":1}
1252813,1252810,1,348007.245667,118,104,{"topic":"pupil.1","circle_3d":{"center":[-4.804499694649664,1.818642028725094,72.58626876901653],"normal":[-0.12155076619072173,0.6921958370210474,-0.7114002631776153],"radius":2.151030547069971},"confidence":0.9992860423382941,"timestamp":348007.245667,"diameter_3d":4.302061094139942,"ellipse":{"center":[118.991369628443,135.2725514752234],"axes":[25.175982504386305,36.817595085141846],"angle":-76.88582857134446},"norm_pos":[0.37184803008888434,0.4363643688532358],"diameter":36.817595085141846,"sphere":{"center":[-3.3458905003610036,-6.487708015527474,81.1230719271479],"radius":12.0},"projected_sphere":{"center":[134.4283338766218,70.4163381135356],"axes":[183.42500655501428,183.42500655501428],"angle":90.0},"model_confidence":0.9252528418918549,"model_id":153,"model_birth_timestamp":347871.839121,"theta":2.3353235066044222,"phi":-1.7400234618523454,"method":"3d c++","id":1}
1252822,1252817,1,348007.254067,118,104,{"topic":"pupil.1","circle_3d":{"center":[-4.80519843006201,1.8289930761823534,72.59647217593029],"normal":[-0.12160899414175048,0.6930584243091522,-0.7105499792681349],"radius":2.1499901722282124},"confidence":0.9990866032885105,"timestamp":348007.254067,"diameter_3d":4.299980344456425,"ellipse":{"center":[118.99105615800141,135.35913671083824],"axes":[25.12465595928297,36.794582337280936],"angle":-76.90274642354342},"norm_pos":[0.37184705049375444,0.43600359703817404],"diameter":36.794582337280936,"sphere":{"center":[-3.3458905003610036,-6.487708015527474,81.1230719271479],"radius":12.0},"projected_sphere":{"center":[134.4283338766218,70.4163381135356],"axes":[183.42500655501428,183.42500655501428],"angle":90.0},"model_confidence":0.9250224900896886,"model_id":153,"model_birth_timestamp":347871.839121,"theta":2.3365193924802354,"phi":-1.7403017343670109,"method":"3d c++","id":1}
1252828,1252822,1,348007.262467,118,104,{"topic":"pupil.1","circle_3d":{"center":[-4.85270432437084,1.8092441445548264,72.58550219372385],"normal":[-0.12556781866748634,0.6914126800068584,-0.7114641444520046],"radius":2.1816562680397786},"confidence":0.9990428879273583,"timestamp":348007.262467,"diameter_3d":4.363312536079557,"ellipse":{"center":[118.58145546153375,135.1851844724594],"axes":[25.527800751930375,37.34336103772049],"angle":-76.53087514021465},"norm_pos":[0.370567048317293,0.43672839803141916],"diameter":37.34336103772049,"sphere":{"center":[-3.3458905003610036,-6.487708015527474,81.1230719271479],"radius":12.0},"projected_sphere":{"center":[134.4283338766218,70.4163381135356],"axes":[183.42500655501428,183.42500655501428],"angle":90.0},"model_confidence":0.9247779881524254,"model_id":153,"model_birth_timestamp":347871.839121,"theta":2.334238929210288,"phi":-1.745489411986014,"method":"3d c++","id":1}
1252837,1252835,1,348007.270867,118,104,{"topic":"pupil.1","circle_3d":{"center":[-4.855152372316994,1.8057159092303152,72.58250706256693],"normal":[-0.12577182266299916,0.6911186603964824,-0.7117137387150811],"radius":2.166045721801732},"confidence":0.9989824977353461,"timestamp":348007.270867,"diameter_3d":4.332091443603464,"ellipse":{"center":[118.55848679628579,135.15949848947028],"axes":[25.35601059281635,37.07762607269174],"angle":-76.50632900948213},"norm_pos":[0.3704952712383931,0.43683542296054045],"diameter":37.07762607269174,"sphere":{"center":[-3.3458905003610036,-6.487708015527474,81.1230719271479],"radius":12.0},"projected_sphere":{"center":[134.4283338766218,70.4163381135356],"axes":[183.42500655501428,183.42500655501428],"angle":90.0},"model_confidence":0.9245207720228521,"model_id":153,"model_birth_timestamp":347871.839121,"theta":2.3338320383540605,"phi":-1.7457073573058213,"method":"3d c++","id":1}
1252846,1252844,1,348007.279266,118,104,{"topic":"pupil.1","circle_3d":{"center":[-4.873624101788289,1.804349083857705,72.58446436481049],"normal":[-0.12731113345227377,0.6910047582820983,-0.7115506301947855],"radius":2.1722188598322925},"confidence":0.9992424108022312,"timestamp":348007.279266,"diameter_3d":4.344437719664585,"ellipse":{"center":[118.4025195287349,135.14601435911376],"axes":[25.41697075547003,37.18269049544223],"angle":-76.37522894292502},"norm_pos":[0.3700078735272966,0.436891606837026],"diameter":37.18269049544223,"sphere":{"center":[-3.3458905003610036,-6.487708015527474,81.1230719271479],"radius":12.0},"projected_sphere":{"center":[134.4283338766218,70.4163381135356],"axes":[183.42500655501428,183.42500655501428],"angle":90.0},"model_confidence":0.9243777613345938,"model_id":153,"model_birth_timestamp":347871.839121,"theta":2.3336744528772515,"phi":-1.7478436359026972,"method":"3d c++","id":1}
1252853,1252851,1,348007.287666,118,104,{"topic":"pupil.1","circle_3d":{"center":[-4.881297486365362,1.8043192994684993,72.58581192204734],"normal":[-0.12795058216702992,0.6910022762496645,-0.7114383337583804],"radius":2.1709447520461507},"confidence":0.9991439308524611,"timestamp":348007.287666,"diameter_3d":4.341889504092301,"ellipse":{"center":[118.33792057796757,135.14584213628632],"axes":[25.395264673660165,37.1603249043956],"angle":-76.32198750515786},"norm_pos":[0.36980600180614864,0.4368923244321403],"diameter":37.1603249043956,"sphere":{"center":[-3.3458905003610036,-6.487708015527474,81.1230719271479],"radius":12.0},"projected_sphere":{"center":[134.4283338766218,70.4163381135356],"axes":[183.42500655501428,183.42500655501428],"angle":90.0},"model_confidence":0.9241411529340771,"model_id":153,"model_birth_timestamp":347871.839121,"theta":2.333671019208241,"phi":-1.748741787264586,"method":"3d c++","id":1}
1252859,1252855,1,348007.296066,118,104,{"topic":"pupil.1","circle_3d":{"center":[-4.9030367204862175,1.7926475149966823,72.57842401531047],"normal":[-0.12976218501043452,0.6900296275436797,-0.7120539926531192],"radius":2.1532345074179076},"confidence":0.9984851166851747,"timestamp":348007.296066,"diameter_3d":4.306469014835815,"ellipse":{"center":[118.14815125977434,135.05206663432486],"axes":[25.21172803773665,36.86124388201342],"angle":-76.14587521611205},"norm_pos":[0.3692129726867948,0.4372830556903131],"diameter":36.86124388201342,"sphere":{"center":[-3.3458905003610036,-6.487708015527474,81.1230719271479],"radius":12.0},"projected_sphere":{"center":[134.4283338766218,70.4163381135356],"axes":[183.42500655501428,183.42500655501428],"angle":90.0},"model_confidence":0.9237114853571038,"model_id":153,"model_birth_timestamp":347871.839121,"theta":2.3323263131406566,"phi":-1.7510546710931616,"method":"3d c++","id":1}
1252867,1252861,1,348007.304466,118,105,{"topic":"pupil.1","circle_3d":{"center":[-4.912650498844494,1.780345933232308,72.56827520206146],"normal":[-0.13056333320695748,0.6890044957299818,-0.7128997270905372],"radius":2.16435374924867},"confidence":0.999008452138599,"timestamp":348007.304466,"diameter_3d":4.32870749849734,"ellipse":{"center":[118.06088204139539,134.9463436882568],"axes":[25.379099482252123,37.057088523879706],"angle":-76.05206475373544},"norm_pos":[0.36894025637936056,0.43772356796559664],"diameter":37.057088523879706,"sphere":{"center":[-3.3458905003610036,-6.487708015527474,81.1230719271479],"radius":12.0},"projected_sphere":{"center":[134.4283338766218,70.4163381135356],"axes":[183.42500655501428,183.42500655501428],"angle":90.0},"model_confidence":0.9235477261759883,"model_id":153,"model_birth_timestamp":347871.839121,"theta":2.3309109115299735,"phi":-1.7519329532102288,"method":"3d c++","id":1}
1252879,1252871,1,348007.312866,117,105,{"topic":"pupil.1","circle_3d":{"center":[-4.926372115235233,1.7716555724619756,72.56240659164749],"normal":[-0.13170680123951908,0.6882802989991208,-0.7133887779583687],"radius":2.1655009873287114},"confidence":0.9989193071471274,"timestamp":348007.312866,"diameter_3d":4.331001974657423,"ellipse":{"center":[117.94074444529667,134.87305496854006],"axes":[25.412314569561907,37.080029884477945],"angle":-75.93761967012156},"norm_pos":[0.3685648263915521,0.4380289376310831],"diameter":37.080029884477945,"sphere":{"center":[-3.3458905003610036,-6.487708015527474,81.1230719271479],"radius":12.0},"projected_sphere":{"center":[134.4283338766218,70.4163381135356],"axes":[183.42500655501428,183.42500655501428],"angle":90.0},"model_confidence":0.9232749477010471,"model_id":153,"model_birth_timestamp":347871.839121,"theta":2.329912158649078,"phi":-1.7533619513695393,"method":"3d c++","id":1}
1252886,1252883,1,348007.321266,117,105,{"topic":"pupil.1","circle_3d":{"center":[-4.9392811727962656,1.7757437937443115,72.56874726877544],"normal":[-0.13278255603627184,0.6886209841059822,-0.7128603881977053],"radius":2.1650537190625583},"confidence":0.9994754526954034,"timestamp":348007.321266,"diameter_3d":4.330107438125117,"ellipse":{"center":[117.83442252819758,134.90690753292694],"axes":[25.37996105087046,37.06935299741452],"angle":-75.85733433653189},"norm_pos":[0.3682325704006174,0.4378878852794711],"diameter":37.06935299741452,"sphere":{"center":[-3.3458905003610036,-6.487708015527474,81.1230719271479],"radius":12.0},"projected_sphere":{"center":[134.4283338766218,70.4163381135356],"axes":[183.42500655501428,183.42500655501428],"angle":90.0},"model_confidence":0.9233229722563907,"model_id":153,"model_birth_timestamp":347871.839121,"theta":2.3303818856749086,"phi":-1.7549531444864628,"method":"3d c++","id":1}
1252895,1252889,1,348007.329666,117,105,{"topic":"pupil.1","circle_3d":{"center":[-4.931552088399783,1.766575223429351,72.55846536646487],"normal":[-0.13213846566989831,0.6878569365797355,-0.7137172133902522],"radius":2.160200568915157},"confidence":0.9988853141201443,"timestamp":348007.329666,"diameter_3d":4.320401137830314,"ellipse":{"center":[117.89422626129601,134.83174939249596],"axes":[25.364127547627323,36.99135713135703],"angle":-75.89036777046124},"norm_pos":[0.36841945706655005,0.4382010441979335],"diameter":36.99135713135703,"sphere":{"center":[-3.3458905003610036,-6.487708015527474,81.1230719271479],"radius":12.0},"projected_sphere":{"center":[134.4283338766218,70.4163381135356],"axes":[183.42500655501428,183.42500655501428],"angle":90.0},"model_confidence":0.92311432083233,"model_id":153,"model_birth_timestamp":347871.839121,"theta":2.329328730009341,"phi":-1.7538646227872006,"method":"3d c++","id":1}
1252906,1252905,1,348007.338066,117,105,{"topic":"pupil.1","circle_3d":{"center":[-4.940628388668906,1.7606339662085198,72.55442759913856],"normal":[-0.13289482402565855,0.6873618318113328,-0.7140536940007791],"radius":2.170974696410864},"confidence":0.9989758557493373,"timestamp":348007.338066,"diameter_3d":4.341949392821728,"ellipse":{"center":[117.8149681071392,134.77919488584274],"axes":[25.504439584267725,37.1781986671996],"angle":-75.81407971745105},"norm_pos":[0.36817177533481,0.4384200213089886],"diameter":37.1781986671996,"sphere":{"center":[-3.3458905003610036,-6.487708015527474,81.1230719271479],"radius":12.0},"projected_sphere":{"center":[134.4283338766218,70.4163381135356],"axes":[183.42500655501428,183.42500655501428],"angle":90.0},"model_confidence":0.922986924672009,"model_id":153,"model_birth_timestamp":347871.839121,"theta":2.328646843364376,"phi":-1.7548042480583987,"method":"3d c++","id":1}
1252920,1252918,1,348007.346466,117,105,{"topic":"pupil.1","circle_3d":{"center":[-4.957644595533915,1.755943555353145,72.55309774313714],"normal":[-0.13431284126440926,0.6869709642400517,-0.7141645153342298],"radius":2.159534092509652},"confidence":0.9991744043916336,"timestamp":348007.346466,"diameter_3d":4.319068185019304,"ellipse":{"center":[117.6689318304229,134.7422684424325],"axes":[25.371482384343686,36.98320581438498],"angle":-75.68557569633452},"norm_pos":[0.36771541197007157,0.43857388148986454],"diameter":36.98320581438498,"sphere":{"center":[-3.3458905003610036,-6.487708015527474,81.1230719271479],"radius":12.0},"projected_sphere":{"center":[134.4283338766218,70.4163381135356],"axes":[183.42500655501428,183.42500655501428],"angle":90.0},"model_confidence":0.9227982018248593,"model_id":153,"model_birth_timestamp":347871.839121,"theta":2.328108828836096,"phi":-1.7566947543774103,"method":"3d c++","id":1}
1252929,1252928,1,348007.354866,117,105,{"topic":"pupil.1","circle_3d":{"center":[-4.979511531630543,1.754406872223118,72.55576053422458],"normal":[-0.13613508593912824,0.6868429073125493,-0.7139426160769443],"radius":2.1529836911457103},"confidence":0.9989188478630925,"timestamp":348007.354866,"diameter_3d":4.305967382291421,"ellipse":{"center":[117.48402231876213,134.73033143387832],"axes":[25.2797029087494,36.870037566476796],"angle":-75.53069705028486},"norm_pos":[0.36713756974613165,0.43862361902550695],"diameter":36.870037566476796,"sphere":{"center":[-3.3458905003610036,-6.487708015527474,81.1230719271479],"radius":12.0},"projected_sphere":{"center":[134.4283338766218,70.4163381135356],"axes":[183.42500655501428,183.42500655501428],"angle":90.0},"model_confidence":0.92251469517175,"model_id":153,"model_birth_timestamp":347871.839121,"theta":2.327932622794873,"phi":-1.7592151851411366,"method":"3d c++","id":1}
1252939,1252937,1,348007.371665,117,105,{"topic":"pupil.1","circle_3d":{"center":[-4.990580929622634,1.7284776845550418,72.53300289752686],"normal":[-0.13705753577180255,0.684682141673543,-0.7158390858017545],"radius":2.171957978292999},"confidence":0.999306068579536,"timestamp":348007.371665,"diameter_3d":4.343915956585998,"ellipse":{"center":[117.377256332976,134.50860614156696],"axes":[25.58829633775886,37.207106013440274],"angle":-75.3944727803146},"norm_pos":[0.36680392604055,0.43954747441013764],"diameter":37.207106013440274,"sphere":{"center":[-3.3458905003610036,-6.487708015527474,81.1230719271479],"radius":12.0},"projected_sphere":{"center":[134.4283338766218,70.4163381135356],"axes":[183.42500655501428,183.42500655501428],"angle":90.0},"model_confidence":0.9223787409468609,"model_id":153,"model_birth_timestamp":347871.839121,"theta":2.3249638219619406,"phi":-1.7599710472709755,"method":"3d c++","id":1}
1252947,1252941,1,348007.380065,117,105,{"topic":"pupil.1","circle_3d":{"center":[-4.998342430986524,1.730815284171893,72.536729435186],"normal":[-0.1377043275521267,0.6848769416416138,-0.7155285409968256],"radius":2.1489724703133057},"confidence":0.9992734875176722,"timestamp":348007.380065,"diameter_3d":4.2979449406266115,"ellipse":{"center":[117.31253198957964,134.53351351053138],"axes":[25.301390292206484,36.811421151451405],"angle":-75.34613333772248},"norm_pos":[0.36660166246743636,0.43944369370611924],"diameter":36.811421151451405,"sphere":{"center":[-3.3458905003610036,-6.487708015527474,81.1230719271479],"radius":12.0},"projected_sphere":{"center":[134.4283338766218,70.4163381135356],"axes":[183.42500655501428,183.42500655501428],"angle":90.0},"model_confidence":0.9223639178651766,"model_id":153,"model_birth_timestamp":347871.839121,"theta":2.32523112884872,"phi":-1.7609230023800433,"method":"3d c++","id":1}
1252958,1252956,1,348007.388465,117,105,{"topic":"pupil.1","circle_3d":{"center":[-4.992067806194606,1.713022100433955,72.51853092585553],"normal":[-0.13718144215280018,0.6833941763301191,-0.7170450834410317],"radius":2.139668948014852},"confidence":0.9991275065951418,"timestamp":348007.388465,"diameter_3d":4.279337896029704,"ellipse":{"center":[117.35517728916977,134.3871470098363],"axes":[25.262385323481112,36.661143725416764],"angle":-75.34851753809406},"norm_pos":[0.36673492902865557,0.44005355412568214],"diameter":36.661143725416764,"sphere":{"center":[-3.3458905003610036,-6.487708015527474,81.1230719271479],"radius":12.0},"projected_sphere":{"center":[134.4283338766218,70.4163381135356],"axes":[183.42500655501428,183.42500655501428],"angle":90.0},"model_confidence":0.9221786895600048,"model_id":153,"model_birth_timestamp":347871.839121,"theta":2.323198145609506,"phi":-1.7598270980511774,"method":"3d c++","id":1}
1252964,1252956,1,348007.396865,117,105,{"topic":"pupil.1","circle_3d":{"center":[-4.9866044070640285,1.7043115347608424,72.50919512491505],"normal":[-0.13672615889191872,0.6826682958573597,-0.7178230668527379],"radius":2.15886988337765},"confidence":0.998961245967632,"timestamp":348007.396865,"diameter_3d":4.3177397667553,"ellipse":{"center":[117.39697803575233,134.3097722017097],"axes":[25.52632349911262,36.994972969517804],"angle":-75.36627671762267},"norm_pos":[0.366865556361726,0.4403759491595429],"diameter":36.994972969517804,"sphere":{"center":[-3.3458905003610036,-6.487708015527474,81.1230719271479],"radius":12.0},"projected_sphere":{"center":[134.4283338766218,70.4163381135356],"axes":[183.42500655501428,183.42500655501428],"angle":90.0},"model_confidence":0.9219575106168221,"model_id":153,"model_birth_timestamp":347871.839121,"theta":2.322204318459496,"phi":-1.759015083865807,"method":"3d c++","id":1}
1252974,1252971,1,348007.405265,117,105,{"topic":"pupil.1","circle_3d":{"center":[-4.981798612497922,1.696970679539568,72.50130648687059],"normal":[-0.13632567601140985,0.6820565579222535,-0.7184804533564428],"radius":2.170839394089707},"confidence":0.998772784861829,"timestamp":348007.405265,"diameter_3d":4.341678788179414,"ellipse":{"center":[117.43378188256148,134.2455525504144],"axes":[25.699497821263797,37.20416390890279],"angle":-75.38270049141627},"norm_pos":[0.36698056838300464,0.44064353103994003],"diameter":37.20416390890279,"sphere":{"center":[-3.3458905003610036,-6.487708015527474,81.1230719271479],"radius":12.0},"projected_sphere":{"center":[134.4283338766218,70.4163381135356],"axes":[183.42500655501428,183.42500655501428],"angle":90.0},"model_confidence":0.9217375694375085,"model_id":153,"model_birth_timestamp":347871.839121,"theta":2.321367483637048,"phi":-1.7583089254739988,"method":"3d c++","id":1}
1252985,1252983,1,348007.413665,117,105,{"topic":"pupil.1","circle_3d":{"center":[-4.989740690308206,1.703901537115751,72.50940316813153],"normal":[-0.13698751582893362,0.6826341293869355,-0.7178057299180318],"radius":2.1560950752067054},"confidence":0.9989699015463621,"timestamp":348007.413665,"diameter_3d":4.312190150413411,"ellipse":{"center":[117.3702806373098,134.306921292054],"axes":[25.49202819094785,36.94735710776732],"angle":-75.3435191875482},"norm_pos":[0.3667821269915931,0.44038782794977505],"diameter":36.94735710776732,"sphere":{"center":[-3.3458905003610036,-6.487708015527474,81.1230719271479],"radius":12.0},"projected_sphere":{"center":[134.4283338766218,70.4163381135356],"axes":[183.42500655501428,183.42500655501428],"angle":90.0},"model_confidence":0.9214775571040446,"model_id":153,"model_birth_timestamp":347871.839121,"theta":2.3221575627508866,"phi":-1.759370857209218,"method":"3d c++","id":1}
1252996,1252992,1,348007.422065,117,105,{"topic":"pupil.1","circle_3d":{"center":[-4.981116235380924,1.6892806444328308,72.4938834803466],"normal":[-0.13626881125166004,0.6814157216633587,-0.7190990372334423],"radius":2.160657192291235},"confidence":0.9989746422795981,"timestamp":348007.422065,"diameter_3d":4.32131438458247,"ellipse":{"center":[117.43498424291732,134.18369094713984],"axes":[25.607576988415993,37.03339623921445],"angle":-75.36966265160402},"norm_pos":[0.36698432575911666,0.4409012877202507],"diameter":37.03339623921445,"sphere":{"center":[-3.3458905003610036,-6.487708015527474,81.1230719271479],"radius":12.0},"projected_sphere":{"center":[134.4283338766218,70.4163381135356],"axes":[183.42500655501428,183.42500655501428],"angle":90.0},"model_confidence":0.921249815832148,"model_id":153,"model_birth_timestamp":347871.839121,"theta":2.3204915432821442,"phi":-1.7580750376397523,"method":"3d c++","id":1}
1253007,1253007,1,348007.430465,117,105,{"topic":"pupil.1","circle_3d":{"center":[-4.981874805047028,1.6949533392896647,72.49940631980881],"normal":[-0.136332025390502,0.6818884462347616,-0.7186388006115912],"radius":2.14502370750055},"confidence":0.9992309124035768,"timestamp":348007.430465,"diameter_3d":4.2900474150011,"ellipse":{"center":[117.43118643510623,134.23496095515307],"axes":[25.400865793580397,36.76251463984984],"angle":-75.3775624153842},"norm_pos":[0.366972457609707,0.4406876626868622],"diameter":36.76251463984984,"sphere":{"center":[-3.3458905003610036,-6.487708015527474,81.1230719271479],"radius":12.0},"projected_sphere":{"center":[134.4283338766218,70.4163381135356],"axes":[183.42500655501428,183.42500655501428],"angle":90.0},"model_confidence":0.9211569544653186,"model_id":153,"model_birth_timestamp":347871.839121,"theta":2.3211376274865434,"phi":-1.758277098099575,"method":"3d c++","id":1}
1253023,1253018,1,348007.447265,117,105,{"topic":"pupil.1","circle_3d":{"center":[-5.014214648303187,1.6895030924987857,72.50043236422026],"normal":[-0.1390270123285153,0.6814342590021882,-0.7185532969106366],"radius":2.1495527454461825},"confidence":0.9991342355511762,"timestamp":348007.447265,"diameter_3d":4.299105490892365,"ellipse":{"center":[117.156304803377,134.18724657057183],"axes":[25.443821283916567,36.8402761496777],"angle":-75.1397598007681},"norm_pos":[0.3661134525105531,0.4408864726226174],"diameter":36.8402761496777,"sphere":{"center":[-3.3458905003610036,-6.487708015527474,81.1230719271479],"radius":12.0},"projected_sphere":{"center":[134.4283338766218,70.4163381135356],"axes":[183.42500655501428,183.42500655501428],"angle":90.0},"model_confidence":0.9209437336941462,"model_id":153,"model_birth_timestamp":347871.839121,"theta":2.320516871392325,"phi":-1.7619166391281729,"method":"3d c++","id":1}
1253030,1253024,1,348007.464064,117,105,{"topic":"pupil.1","circle_3d":{"center":[-5.024907474628531,1.6872422251894559,72.5003640832091],"normal":[-0.1399180811889606,0.6812458533930775,-0.7185589869949001],"radius":2.14154495728836},"confidence":0.9990470255102568,"timestamp":348007.464064,"diameter_3d":4.28308991457672,"ellipse":{"center":[117.06486192686842,134.16992894904155],"axes":[25.34697001021058,36.7032193134981],"angle":-75.06013546008776},"norm_pos":[0.3658276935214638,0.44095862937899355],"diameter":36.7032193134981,"sphere":{"center":[-3.3458905003610036,-6.487708015527474,81.1230719271479],"radius":12.0},"projected_sphere":{"center":[134.4283338766218,70.4163381135356],"axes":[183.42500655501428,183.42500655501428],"angle":90.0},"model_confidence":0.9207586986615834,"model_id":153,"model_birth_timestamp":347871.839121,"theta":2.320259475083239,"phi":-1.7631102161037844,"method":"3d c++","id":1}
1253041,1253039,1,348007.472464,116,105,{"topic":"pupil.1","circle_3d":{"center":[-5.037533986626723,1.6821607641592067,72.49801619178737],"normal":[-0.1409702905221433,0.6808223983072234,-0.7187546446133778],"radius":2.1271417383006774},"confidence":0.9991428216349437,"timestamp":348007.472464,"diameter_3d":4.254283476601355,"ellipse":{"center":[116.95538807895622,134.13046456348428],"axes":[25.182612623112917,36.45770027142801],"angle":-74.96043826486476},"norm_pos":[0.36548558774673817,0.44112306431881554],"diameter":36.45770027142801,"sphere":{"center":[-3.3458905003610036,-6.487708015527474,81.1230719271479],"radius":12.0},"projected_sphere":{"center":[134.4283338766218,70.4163381135356],"axes":[183.42500655501428,183.42500655501428],"angle":90.0},"model_confidence":0.9207080707419046,"model_id":153,"model_birth_timestamp":347871.839121,"theta":2.319681183329203,"phi":-1.764469240704539,"method":"3d c++","id":1}
1253050,1253048,1,348007.480864,116,105,{"topic":"pupil.1","circle_3d":{"center":[-5.040379918270896,1.688576978729925,72.50465738007065],"normal":[-0.1412074514924911,0.6813570828547832,-0.7182012122564371],"radius":2.127683368173106},"confidence":0.9989058550439871,"timestamp":348007.480864,"diameter_3d":4.255366736346212,"ellipse":{"center":[116.935021185947,134.18395793274405],"axes":[25.163263219781065,36.463671058228904],"angle":-74.95587803518268},"norm_pos":[0.36542194120608434,0.4409001752802332],"diameter":36.463671058228904,"sphere":{"center":[-3.3458905003610036,-6.487708015527474,81.1230719271479],"radius":12.0},"projected_sphere":{"center":[134.4283338766218,70.4163381135356],"axes":[183.42500655501428,183.42500655501428],"angle":90.0},"model_confidence":0.9205785303083025,"model_id":153,"model_birth_timestamp":347871.839121,"theta":2.3204114272892427,"phi":-1.7649327184104073,"method":"3d c++","id":1}
1253060,1253058,1,348007.489264,116,105,{"topic":"pupil.1","circle_3d":{"center":[-5.076003867267836,1.677369182632729,72.50111031242619],"normal":[-0.14417611390890275,0.6804230998466836,-0.7184968012268094],"radius":2.1494783892594596},"confidence":0.9993977312184055,"timestamp":348007.489264,"diameter_3d":4.298956778518919,"ellipse":{"center":[116.63009138831725,134.08374403682117],"axes":[25.42726645567174,36.839866034252566],"angle":-74.68206460220799},"norm_pos":[0.3644690355884914,0.44131773317991174],"diameter":36.839866034252566,"sphere":{"center":[-3.3458905003610036,-6.487708015527474,81.1230719271479],"radius":12.0},"projected_sphere":{"center":[134.4283338766218,70.4163381135356],"axes":[183.42500655501428,183.42500655501428],"angle":90.0},"model_confidence":0.9205822766011784,"model_id":153,"model_birth_timestamp":347871.839121,"theta":2.319136165704083,"phi":-1.7688298274576293,"method":"3d c++","id":1}
1253071,1253068,1,348007.497664,116,105,{"topic":"pupil.1","circle_3d":{"center":[-5.0986180514220685,1.6855922968366706,72.51347796833313],"normal":[-0.14606062925508875,0.6811083593636786,-0.7174661632345637],"radius":2.134723852582916},"confidence":0.9998047824566892,"timestamp":348007.497664,"diameter_3d":4.269447705165832,"ellipse":{"center":[116.44412057054299,134.15541783290496],"axes":[25.200785180809905,36.58102212186355],"angle":-74.54546629489141},"norm_pos":[0.3638878767829469,0.44101909236289605],"diameter":36.58102212186355,"sphere":{"center":[-3.3458905003610036,-6.487708015527474,81.1230719271479],"radius":12.0},"projected_sphere":{"center":[134.4283338766218,70.4163381135356],"axes":[183.42500655501428,183.42500655501428],"angle":90.0},"model_confidence":0.9207185520663352,"model_id":153,"model_birth_timestamp":347871.839121,"theta":2.3200716721553767,"phi":-1.771630297172941,"method":"3d c++","id":1}
1253081,1253079,1,348007.514464,116,105,{"topic":"pupil.1","circle_3d":{"center":[-5.146796845441654,1.690092724549789,72.52770623441324],"normal":[-0.15007552875672087,0.6814833950064386,-0.7162804743945552],"radius":2.1263761448618914},"confidence":0.9987011540757504,"timestamp":348007.514464,"diameter_3d":4.252752289723783,"ellipse":{"center":[116.04171519720848,134.19348906144631],"axes":[25.03811444023798,36.43163111759727],"angle":-74.2243444238627},"norm_pos":[0.36263035999127646,0.4408604622439737],"diameter":36.43163111759727,"sphere":{"center":[-3.3458905003610036,-6.487708015527474,81.1230719271479],"radius":12.0},"projected_sphere":{"center":[134.4283338766218,70.4163381135356],"axes":[183.42500655501428,183.42500655501428],"angle":90.0},"model_confidence":0.9204310430320217,"model_id":153,"model_birth_timestamp":347871.839121,"theta":2.3205840102473756,"phi":-1.7773293440627416,"method":"3d c++","id":1}
1253099,1253097,1,348007.522864,115,105,{"topic":"pupil.1","circle_3d":{"center":[-5.155881771345898,1.6832144259379618,72.52307436583924],"normal":[-0.15083260591540784,0.6809102034554531,-0.7166664634423888],"radius":2.1290471256153065},"confidence":0.9987906245076623,"timestamp":348007.522864,"diameter_3d":4.258094251230613,"ellipse":{"center":[115.9616491404302,134.13498530026044],"axes":[25.08520112514209,36.479942230196485],"angle":-74.14493482019043},"norm_pos":[0.36238015356384434,0.44110422791558146],"diameter":36.479942230196485,"sphere":{"center":[-3.3458905003610036,-6.487708015527474,81.1230719271479],"radius":12.0},"projected_sphere":{"center":[134.4283338766218,70.4163381135356],"axes":[183.42500655501428,183.42500655501428],"angle":90.0},"model_confidence":0.9201089815283781,"model_id":153,"model_birth_timestamp":347871.839121,"theta":2.3198010689407798,"phi":-1.778233035524136,"method":"3d c++","id":1}
1253123,1253118,1,348007.539664,115,105,{"topic":"pupil.1","circle_3d":{"center":[-5.210140240459909,1.6877240608245785,72.53896549307481],"normal":[-0.15535414500824213,0.681286006362671,-0.7153422028394247],"radius":2.1244985013345583},"confidence":0.9993672240643288,"timestamp":348007.539664,"diameter_3d":4.248997002669117,"ellipse":{"center":[115.50871871065672,134.17195123057297],"axes":[24.959936398503025,36.394969511228986],"angle":-73.78393523689411},"norm_pos":[0.36096474597080225,0.4409502032059459],"diameter":36.394969511228986,"sphere":{"center":[-3.3458905003610036,-6.487708015527474,81.1230719271479],"radius":12.0},"projected_sphere":{"center":[134.4283338766218,70.4163381135356],"axes":[183.42500655501428,183.42500655501428],"angle":90.0},"model_confidence":0.9199929122756911,"model_id":153,"model_birth_timestamp":347871.839121,"theta":2.32031432616786,"phi":-1.7846500600876203,"method":"3d c++","id":1}
1253137,1253137,1,348007.564863,114,105,{"topic":"pupil.1","circle_3d":{"center":[-5.289194027990033,1.686731049329909,72.55556835992144],"normal":[-0.16194196063575245,0.6812032554047819,-0.7139586306022051],"radius":2.1172993288411557},"confidence":0.9986350441411304,"timestamp":348007.564863,"diameter_3d":4.234598657682311,"ellipse":{"center":[114.8451061290813,134.1625421871825],"axes":[24.795837114237965,36.2647301465161],"angle":-73.24232901758953},"norm_pos":[0.35889095665337906,0.4409894075534062],"diameter":36.2647301465161,"sphere":{"center":[-3.3458905003610036,-6.487708015527474,81.1230719271479],"radius":12.0},"projected_sphere":{"center":[134.4283338766218,70.4163381135356],"axes":[183.42500655501428,183.42500655501428],"angle":90.0},"model_confidence":0.919683445520203,"model_id":153,"model_birth_timestamp":347871.839121,"theta":2.3202012870340605,"phi":-1.7938448777847031,"method":"3d c++","id":1}
1253144,1253140,1,348007.573263,114,105,{"topic":"pupil.1","circle_3d":{"center":[-5.314690130230522,1.699871438264779,72.57395672700792],"normal":[-0.1640666358224599,0.6822982878160211,-0.7124262666783322],"radius":2.1074468742790953},"confidence":0.9985344449667716,"timestamp":348007.573263,"diameter_3d":4.2148937485581905,"ellipse":{"center":[114.6388242655429,134.27381409694348],"axes":[24.606063270589665,36.08715613057159],"angle":-73.10323234267165},"norm_pos":[0.3582463258298215,0.4405257745960688],"diameter":36.08715613057159,"sphere":{"center":[-3.3458905003610036,-6.487708015527474,81.1230719271479],"radius":12.0},"projected_sphere":{"center":[134.4283338766218,70.4163381135356],"axes":[183.42500655501428,183.42500655501428],"angle":90.0},"model_confidence":0.9194352677149631,"model_id":153,"model_birth_timestamp":347871.839121,"theta":2.321698083063625,"phi":-1.797142780852195,"method":"3d c++","id":1}
1253154,1253151,1,348007.581663,114,105,{"topic":"pupil.1","circle_3d":{"center":[-5.363933567379055,1.682484719125739,72.56880674197389],"normal":[-0.16817025558483767,0.6808493945544345,-0.7128554320978345],"radius":2.1252459017727308},"confidence":0.9993943778834768,"timestamp":348007.581663,"diameter_3d":4.2504918035454615,"ellipse":{"center":[114.21704713217524,134.12237529847377],"axes":[24.82272802074573,36.39563398652873],"angle":-72.72488471821742},"norm_pos":[0.35692827228804763,0.44115676958969263],"diameter":36.39563398652873,"sphere":{"center":[-3.3458905003610036,-6.487708015527474,81.1230719271479],"radius":12.0},"projected_sphere":{"center":[134.4283338766218,70.4163381135356],"axes":[183.42500655501428,183.42500655501428],"angle":90.0},"model_confidence":0.919379940456877,"model_id":153,"model_birth_timestamp":347871.839121,"theta":2.319718041494992,"phi":-1.8024711926624775,"method":"3d c++","id":1}
1253162,1253157,1,348007.590063,113,105,{"topic":"pupil.1","circle_3d":{"center":[-5.401624202254287,1.6943583212692737,72.58915433865681],"normal":[-0.1713111418244403,0.681838861399729,-0.7111597990409241],"radius":2.1175503644787375},"confidence":0.9986215270516778,"timestamp":348007.590063,"diameter_3d":4.235100728957475,"ellipse":{"center":[113.90842729466722,134.22203271294552],"axes":[24.648081342306057,36.25424119641834],"angle":-72.50227042875682},"norm_pos":[0.3559638352958351,0.440741530362727],"diameter":36.25424119641834,"sphere":{"center":[-3.3458905003610036,-6.487708015527474,81.1230719271479],"radius":12.0},"projected_sphere":{"center":[134.4283338766218,70.4163381135356],"axes":[183.42500655501428,183.42500655501428],"angle":90.0},"model_confidence":0.9191801106454123,"model_id":153,"model_birth_timestamp":347871.839121,"theta":2.3210698404207015,"phi":-1.8071824764348408,"method":"3d c++","id":1}
1253168,1253165,1,348007.598463,113,105,{"topic":"pupil.1","circle_3d":{"center":[-5.425414902144437,1.6888693119110005,72.58965751843633],"normal":[-0.1732937001486195,0.6813814439532062,-0.7111178673926315],"radius":2.110002202575455},"confidence":0.9990971515756117,"timestamp":348007.598463,"diameter_3d":4.22000440515091,"ellipse":{"center":[113.7058746575866,134.1769986860401],"axes":[24.553054449759102,36.12516003391468],"angle":-72.32788200765603},"norm_pos":[0.35533085830495814,0.4409291721414996],"diameter":36.12516003391468,"sphere":{"center":[-3.3458905003610036,-6.487708015527474,81.1230719271479],"radius":12.0},"projected_sphere":{"center":[134.4283338766218,70.4163381135356],"axes":[183.42500655501428,183.42500655501428],"angle":90.0},"model_confidence":0.9190007069773465,"model_id":153,"model_birth_timestamp":347871.839121,"theta":2.3204447102138115,"phi":-1.8098292471789341,"method":"3d c++","id":1}
1253179,1253176,1,348007.606863,113,105,{"topic":"pupil.1","circle_3d":{"center":[-5.452048532399548,1.7117170891460347,72.61816003478069],"normal":[-0.1755131693365454,0.683285425389459,-0.7087426576972682],"radius":2.126216617534348},"confidence":0.9988824848993983,"timestamp":348007.606863,"diameter_3d":4.252433235068696,"ellipse":{"center":[113.49772621695465,134.3630430563695],"axes":[24.628606486313235,36.3889534592331],"angle":-72.21062925864837},"norm_pos":[0.35468039442798327,0.4401539872651271],"diameter":36.3889534592331,"sphere":{"center":[-3.3458905003610036,-6.487708015527474,81.1230719271479],"radius":12.0},"projected_sphere":{"center":[134.4283338766218,70.4163381135356],"axes":[183.42500655501428,183.42500655501428],"angle":90.0},"model_confidence":0.9188142227423257,"model_id":153,"model_birth_timestamp":347871.839121,"theta":2.3230491922209984,"phi":-1.8135527659262445,"method":"3d c++","id":1}
1253186,1253181,1,348007.615263,113,105,{"topic":"pupil.1","circle_3d":{"center":[-5.465933090660924,1.713644498319404,72.62346979769903],"normal":[-0.17667021585832668,0.6834460428205731,-0.7083001774540731],"radius":2.114799376359504},"confidence":0.9990453010977391,"timestamp":348007.615263,"diameter_3d":4.229598752719008,"ellipse":{"center":[113.3824087423114,134.38127130660916],"axes":[24.473297771914673,36.19106174515307],"angle":-72.12316964572139},"norm_pos":[0.3543200273197231,0.4400780362224618],"diameter":36.19106174515307,"sphere":{"center":[-3.3458905003610036,-6.487708015527474,81.1230719271479],"radius":12.0},"projected_sphere":{"center":[134.4283338766218,70.4163381135356],"axes":[183.42500655501428,183.42500655501428],"angle":90.0},"model_confidence":0.9186062915417792,"model_id":153,"model_birth_timestamp":347871.839121,"theta":2.323269193133139,"phi":-1.8152369888232023,"method":"3d c++","id":1}
1253197,1253192,1,348007.623663,113,105,{"topic":"pupil.1","circle_3d":{"center":[-5.503708105888798,1.7077372380176197,72.62727883424483],"normal":[-0.17981813379398284,0.6829537711287578,-0.7079827577419224],"radius":2.117903655340002},"confidence":0.9990561035334563,"timestamp":348007.623663,"diameter_3d":4.235807310680004,"ellipse":{"center":[113.06350365149606,134.32965330731682],"axes":[24.48659492160866,36.2430127448996],"angle":-71.85565966245252},"norm_pos":[0.3533234489109252,0.4402931112195133],"diameter":36.2430127448996,"sphere":{"center":[-3.3458905003610036,-6.487708015527474,81.1230719271479],"radius":12.0},"projected_sphere":{"center":[134.4283338766218,70.4163381135356],"axes":[183.42500655501428,183.42500655501428],"angle":90.0},"model_confidence":0.9183940457305639,"model_id":153,"model_birth_timestamp":347871.839121,"theta":2.3225950619872693,"phi":-1.8195235506205854,"method":"3d c++","id":1}
1253205,1253203,1,348007.640463,112,105,{"topic":"pupil.1","circle_3d":{"center":[-5.551167995638549,1.7077055376212265,72.63944370204935],"normal":[-0.1837731246064621,0.6829511294290584,-0.7069690187582135],"radius":2.113501366983444},"confidence":0.9984267729957363,"timestamp":348007.640463,"diameter_3d":4.227002733966888,"ellipse":{"center":[112.66722248198639,134.3284389855366],"axes":[24.379593803910673,36.162430067138736],"angle":-71.54071086093276},"norm_pos":[0.35208507025620744,0.4402981708935976],"diameter":36.162430067138736,"sphere":{"center":[-3.3458905003610036,-6.487708015527474,81.1230719271479],"radius":12.0},"projected_sphere":{"center":[134.4283338766218,70.4163381135356],"axes":[183.42500655501428,183.42500655501428],"angle":90.0},"model_confidence":0.9179911820994868,"model_id":153,"model_birth_timestamp":347871.839121,"theta":2.3225914455134675,"phi":-1.825112950741953,"method":"3d c++","id":1}
1253217,1253216,1,348007.648862,112,105,{"topic":"pupil.1","circle_3d":{"center":[-5.58306492430141,1.7006516431644023,72.64098393557563],"normal":[-0.18643120199503385,0.6823633048909896,-0.7068406659643554],"radius":2.1125362421417497},"confidence":0.9993707416088835,"timestamp":348007.648862,"diameter_3d":4.2250724842834995,"ellipse":{"center":[112.39678790911819,134.26840101230056],"axes":[24.355559071838577,36.14574554338599],"angle":-71.31029900805532},"norm_pos":[0.35123996221599435,0.4405483291154143],"diameter":36.14574554338599,"sphere":{"center":[-3.3458905003610036,-6.487708015527474,81.1230719271479],"radius":12.0},"projected_sphere":{"center":[134.4283338766218,70.4163381135356],"axes":[183.42500655501428,183.42500655501428],"angle":90.0},"model_confidence":0.9179302670719869,"model_id":153,"model_birth_timestamp":347871.839121,"theta":2.321787020411194,"phi":-1.8286763316758607,"method":"3d c++","id":1}
1253223,1253220,1,348007.657262,112,105,{"topic":"pupil.1","circle_3d":{"center":[-5.5995363677746015,1.6994312893802075,72.64416690902644],"normal":[-0.1878038222844665,0.6822616087423068,-0.7065754181767889],"radius":2.1107243627644214},"confidence":0.9989013514405143,"timestamp":348007.657262,"diameter_3d":4.221448725528843,"ellipse":{"center":[112.25861620184315,134.25792692675682],"axes":[24.319075431405146,36.11344544689839],"angle":-71.19819671545707},"norm_pos":[0.35080817563075983,0.4405919711385132],"diameter":36.11344544689839,"sphere":{"center":[-3.3458905003610036,-6.487708015527474,81.1230719271479],"radius":12.0},"projected_sphere":{"center":[134.4283338766218,70.4163381135356],"axes":[183.42500655501428,183.42500655501428],"angle":90.0},"model_confidence":0.9177827199263966,"model_id":153,"model_birth_timestamp":347871.839121,"theta":2.3216479127387584,"phi":-1.8305842285537062,"method":"3d c++","id":1}
1253235,1253231,1,348007.665662,112,105,{"topic":"pupil.1","circle_3d":{"center":[-5.621796252776891,1.6892400719100902,72.64027916877691],"normal":[-0.18965881270132398,0.681412340619797,-0.7068993965309164],"radius":2.0919801823313993},"confidence":0.9986374095310315,"timestamp":348007.665662,"diameter_3d":4.1839603646627985,"ellipse":{"center":[112.06584328082847,134.17620391444933],"axes":[24.112348064785223,35.79496777944703],"angle":-71.02295766113374},"norm_pos":[0.350205760252589,0.44093248368979443],"diameter":35.79496777944703,"sphere":{"center":[-3.3458905003610036,-6.487708015527474,81.1230719271479],"radius":12.0},"projected_sphere":{"center":[134.4283338766218,70.4163381135356],"axes":[183.42500655501428,183.42500655501428],"angle":90.0},"model_confidence":0.9176591901580489,"model_id":153,"model_birth_timestamp":347871.839121,"theta":2.3204869237274828,"phi":-1.8329199647210364,"method":"3d c++","id":1}
1253242,1253236,1,348007.674062,111,105,{"topic":"pupil.1","circle_3d":{"center":[-5.6558290838727245,1.685141630633355,72.64553027867146],"normal":[-0.19249488195931003,0.6810708038467358,-0.7064618040397035],"radius":2.09907543915492},"confidence":0.9989968026731036,"timestamp":348007.674062,"diameter_3d":4.19815087830984,"ellipse":{"center":[111.78003140446692,134.13884626027487],"axes":[24.167058681516657,35.914444082255564],"angle":-70.78747091048209},"norm_pos":[0.34931259813895915,0.44108814058218804],"diameter":35.914444082255564,"sphere":{"center":[-3.3458905003610036,-6.487708015527474,81.1230719271479],"radius":12.0},"projected_sphere":{"center":[134.4283338766218,70.4163381135356],"axes":[183.42500655501428,183.42500655501428],"angle":90.0},"model_confidence":0.9175386196808799,"model_id":153,"model_birth_timestamp":347871.839121,"theta":2.3200203808251527,"phi":-1.8368157957778253,"method":"3d c++","id":1}
1253251,1253247,1,348007.682462,111,105,{"topic":"pupil.1","circle_3d":{"center":[-5.680784324276191,1.6917921610536624,72.65879123163975],"normal":[-0.1945744853262656,0.6816250147150946,-0.705356724625679],"radius":2.099593287843312},"confidence":0.999486972369808,"timestamp":348007.682462,"diameter_3d":4.199186575686624,"ellipse":{"center":[111.57640472786227,134.193167891812],"axes":[24.11818999837749,35.9171481589066],"angle":-70.64272724734084},"norm_pos":[0.3486762647745696,0.44086180045078327],"diameter":35.9171481589066,"sphere":{"center":[-3.3458905003610036,-6.487708015527474,81.1230719271479],"radius":12.0},"projected_sphere":{"center":[134.4283338766218,70.4163381135356],"axes":[183.42500655501428,183.42500655501428],"angle":90.0},"model_confidence":0.917692228191247,"model_id":153,"model_birth_timestamp":347871.839121,"theta":2.3207775412310445,"phi":-1.8399550187872171,"method":"3d c++","id":1}
1253258,1253254,1,348007.690862,111,105,{"topic":"pupil.1","circle_3d":{"center":[-5.693596735928953,1.6864448341587739,72.65716969398683],"normal":[-0.19564218629732907,0.6811794041405206,-0.7054918527634225],"radius":2.1088587234447247},"confidence":0.9994848751854335,"timestamp":348007.690862,"diameter_3d":4.217717446889449,"ellipse":{"center":[111.46681133008235,134.14579393034774],"axes":[24.227842021759507,36.0767765575632],"angle":-70.54354648378046},"norm_pos":[0.34833378540650733,0.4410591919568845],"diameter":36.0767765575632,"sphere":{"center":[-3.3458905003610036,-6.487708015527474,81.1230719271479],"radius":12.0},"projected_sphere":{"center":[134.4283338766218,70.4163381135356],"axes":[183.42500655501428,183.42500655501428],"angle":90.0},"model_confidence":0.9176851036742151,"model_id":153,"model_birth_timestamp":347871.839121,"theta":2.3201687080324174,"phi":-1.8413118045830448,"method":"3d c++","id":1}
1253267,1253265,1,348007.699262,111,105,{"topic":"pupil.1","circle_3d":{"center":[-5.715259898036388,1.6970891777618249,72.6735048635592],"normal":[-0.197447449806282,0.6820664327741083,-0.7041305886323919],"radius":2.1036867020644197},"confidence":0.9993856715801807,"timestamp":348007.699262,"diameter_3d":4.207373404128839,"ellipse":{"center":[111.29301179113412,134.23489699849497],"axes":[24.102761625087872,35.980485518216504],"angle":-70.43257611785575},"norm_pos":[0.3477906618472941,0.44068792917293764],"diameter":35.980485518216504,"sphere":{"center":[-3.3458905003610036,-6.487708015527474,81.1230719271479],"radius":12.0},"projected_sphere":{"center":[134.4283338766218,70.4163381135356],"axes":[183.42500655501428,183.42500655501428],"angle":90.0},"model_confidence":0.9175620026511511,"model_id":153,"model_birth_timestamp":347871.839121,"theta":2.3213809868802806,"phi":-1.8441880676672577,"method":"3d c++","id":1}
1253274,1253271,1,348007.707662,110,105,{"topic":"pupil.1","circle_3d":{"center":[-5.751246451179308,1.6873494408665781,72.6742437045765],"normal":[-0.20044632923485872,0.6812547880328377,-0.7040690185476167],"radius":2.0819032722633604},"confidence":0.9990361860865065,"timestamp":348007.707662,"diameter_3d":4.163806544526721,"ellipse":{"center":[110.98637087023764,134.15696025409892],"axes":[23.842137676283613,35.60806693903526],"angle":-70.17008100163324},"norm_pos":[0.34683240896949263,0.4410126656079212],"diameter":35.60806693903526,"sphere":{"center":[-3.3458905003610036,-6.487708015527474,81.1230719271479],"radius":12.0},"projected_sphere":{"center":[134.4283338766218,70.4163381135356],"axes":[183.42500655501428,183.42500655501428],"angle":90.0},"model_confidence":0.9173956583272025,"model_id":153,"model_birth_timestamp":347871.839121,"theta":2.320271680032502,"phi":-1.8481552131520955,"method":"3d c++","id":1}
1253281,1253276,1,348007.716062,110,105,{"topic":"pupil.1","circle_3d":{"center":[-5.765318763073126,1.6881402081314576,72.67902830425709],"normal":[-0.2016190218926769,0.681320685304911,-0.7036703019075674],"radius":2.089341940721203},"confidence":0.999093181567634,"timestamp":348007.716062,"diameter_3d":4.178683881442406,"ellipse":{"center":[110.87022750674191,134.16120854842228],"axes":[23.906554725218594,35.7332328609674],"angle":-70.08088375714678},"norm_pos":[0.34646946095856845,0.4409949643815738],"diameter":35.7332328609674,"sphere":{"center":[-3.3458905003610036,-6.487708015527474,81.1230719271479],"radius":12.0},"projected_sphere":{"center":[134.4283338766218,70.4163381135356],"axes":[183.42500655501428,183.42500655501428],"angle":90.0},"model_confidence":0.9173174683864471,"model_id":153,"model_birth_timestamp":347871.839121,"theta":2.3203617016946225,"phi":-1.8498452072326075,"method":"3d c++","id":1}
1253289,1253287,1,348007.724462,110,105,{"topic":"pupil.1","circle_3d":{"center":[-5.785187431054352,1.6945388155134538,72.69095076578935],"normal":[-0.20327474422444564,0.6818539025867439,-0.7026767634465461],"radius":2.0917434482111545},"confidence":0.999039524399462,"timestamp":348007.724462,"diameter_3d":4.183486896422309,"ellipse":{"center":[110.70930214638929,134.21314265401867],"axes":[23.885527225520473,35.76875777016758],"angle":-69.970657140968},"norm_pos":[0.34596656920746655,0.44077857227492223],"diameter":35.76875777016758,"sphere":{"center":[-3.3458905003610036,-6.487708015527474,81.1230719271479],"radius":12.0},"projected_sphere":{"center":[134.4283338766218,70.4163381135356],"axes":[183.42500655501428,183.42500655501428],"angle":90.0},"model_confidence":0.9172148613863951,"model_id":153,"model_birth_timestamp":347871.839121,"theta":2.3210904026650305,"phi":-1.8523952670369057,"method":"3d c++","id":1}
1253301,1253300,1,348007.732862,110,105,{"topic":"pupil.1","circle_3d":{"center":[-5.821293507739293,1.6999774395036304,72.70676710611542],"normal":[-0.20628358394819082,0.6823071212525921,-0.7013587350860402],"radius":2.0833761150565673},"confidence":0.9989919723196221,"timestamp":348007.732862,"diameter_3d":4.166752230113135,"ellipse":{"center":[110.412440884593,134.25873219198445],"axes":[23.723577062138883,35.61844882617622],"angle":-69.7532106578366},"norm_pos":[0.3450388777643531,0.4405886158667315],"diameter":35.61844882617622,"sphere":{"center":[-3.3458905003610036,-6.487708015527474,81.1230719271479],"radius":12.0},"projected_sphere":{"center":[134.4283338766218,70.4163381135356],"axes":[183.42500655501428,183.42500655501428],"angle":90.0},"model_confidence":0.9170317294995844,"model_id":153,"model_birth_timestamp":347871.839121,"theta":2.3217101659548134,"phi":-1.8568498721560844,"method":"3d c++","id":1}
1253309,1253304,1,348007.741261,110,105,{"topic":"pupil.1","circle_3d":{"center":[-5.850298531028393,1.6883596462078678,72.70405428809676],"normal":[-0.20870066922228248,0.6813389718112784,-0.7015848032542619],"radius":2.075543657600254},"confidence":0.9988970427543201,"timestamp":348007.741261,"diameter_3d":4.151087315200508,"ellipse":{"center":[110.16363856289756,134.16218743878167],"axes":[23.63762754222692,35.48636853935593],"angle":-69.53193736071341},"norm_pos":[0.34426137050905486,0.44099088567174305],"diameter":35.48636853935593,"sphere":{"center":[-3.3458905003610036,-6.487708015527474,81.1230719271479],"radius":12.0},"projected_sphere":{"center":[134.4283338766218,70.4163381135356],"axes":[183.42500655501428,183.42500655501428],"angle":90.0},"model_confidence":0.9169146857497479,"model_id":153,"model_birth_timestamp":347871.839121,"theta":2.320386684061141,"phi":-1.85993071854325,"method":"3d c++","id":1}
1253320,1253317,1,348007.749661,109,105,{"topic":"pupil.1","circle_3d":{"center":[-5.883351143979006,1.6957776329476886,72.72117594330648],"normal":[-0.21145505363483355,0.6819571373729302,-0.7001579986534526],"radius":2.0804543119018737},"confidence":0.9991769523565199,"timestamp":348007.749661,"diameter_3d":4.160908623803747,"ellipse":{"center":[109.89444873865335,134.22135772762485],"axes":[23.62325936890583,35.5625015756734],"angle":-69.3416126530679},"norm_pos":[0.3434201523082917,0.44074434280156316],"diameter":35.5625015756734,"sphere":{"center":[-3.3458905003610036,-6.487708015527474,81.1230719271479],"radius":12.0},"projected_sphere":{"center":[134.4283338766218,70.4163381135356],"axes":[183.42500655501428,183.42500655501428],"angle":90.0},"model_confidence":0.9168680023184161,"model_id":153,"model_birth_timestamp":347871.839121,"theta":2.3212315417181855,"phi":-1.8640965766892983,"method":"3d c++","id":1}
1253327,1253321,1,348007.758061,109,105,{"topic":"pupil.1","circle_3d":{"center":[-5.907883925921871,1.6927086994302325,72.72563350480604],"normal":[-0.21349945213007224,0.6817013929131422,-0.6997865351951555],"radius":2.0831950582703755},"confidence":0.9984170953622482,"timestamp":348007.758061,"diameter_3d":4.166390116540751,"ellipse":{"center":[109.68909325724677,134.19392871306124],"axes":[23.63239911588416,35.607619922120584],"angle":-69.17526558119894},"norm_pos":[0.34277841642889617,0.4408586303622448],"diameter":35.607619922120584,"sphere":{"center":[-3.3458905003610036,-6.487708015527474,81.1230719271479],"radius":12.0},"projected_sphere":{"center":[134.4283338766218,70.4163381135356],"axes":[183.42500655501428,183.42500655501428],"angle":90.0},"model_confidence":0.916599609564428,"model_id":153,"model_birth_timestamp":347871.839121,"theta":2.320881930649322,"phi":-1.8669183425888272,"method":"3d c++","id":1}
1253336,1253333,1,348007.766461,109,105,{"topic":"pupil.1","circle_3d":{"center":[-5.9372771013249235,1.6901016790995307,72.73211583842898],"normal":[-0.21594888341366,0.681484141218917,-0.6992463407265772],"radius":2.0796818761306466},"confidence":0.9987863649772307,"timestamp":348007.766461,"diameter_3d":4.159363752261293,"ellipse":{"center":[109.44350318118065,134.171522151525],"axes":[23.56199110698129,35.544885125216446],"angle":-68.97960862588062},"norm_pos":[0.34201094744118954,0.44095199103531246],"diameter":35.544885125216446,"sphere":{"center":[-3.3458905003610036,-6.487708015527474,81.1230719271479],"radius":12.0},"projected_sphere":{"center":[134.4283338766218,70.4163381135356],"axes":[183.42500655501428,183.42500655501428],"angle":90.0},"model_confidence":0.9164244406422051,"model_id":153,"model_birth_timestamp":347871.839121,"theta":2.3205850298956365,"phi":-1.8703350534241878,"method":"3d c++","id":1}
1253344,1253343,1,348007.774861,109,105,{"topic":"pupil.1","circle_3d":{"center":[-5.961677831818255,1.6802994940300007,72.73013978394548],"normal":[-0.21798227762143757,0.6806672924631229,-0.6994110119335356],"radius":2.0744175163511684},"confidence":0.9986003437655908,"timestamp":348007.774861,"diameter_3d":4.148835032702337,"ellipse":{"center":[109.23450069187987,134.0897268563187],"axes":[23.503869443700275,35.456302163523695],"angle":-68.79430270945784},"norm_pos":[0.3413578146621246,0.44129280476533883],"diameter":35.456302163523695,"sphere":{"center":[-3.3458905003610036,-6.487708015527474,81.1230719271479],"radius":12.0},"projected_sphere":{"center":[134.4283338766218,70.4163381135356],"axes":[183.42500655501428,183.42500655501428],"angle":90.0},"model_confidence":0.9162058877524304,"model_id":153,"model_birth_timestamp":347871.839121,"theta":2.319469440695105,"phi":-1.872920751753882,"method":"3d c++","id":1}
1253353,1253349,1,348007.783261,108,105,{"topic":"pupil.1","circle_3d":{"center":[-5.996998717450287,1.6828441202447806,72.74371019620986],"normal":[-0.22092568475744026,0.680879344647688,-0.6982801442448376],"radius":2.0713855602036464},"confidence":0.9988908171729111,"timestamp":348007.783261,"diameter_3d":4.142771120407293,"ellipse":{"center":[108.94347853920993,134.10985311321528],"axes":[23.411844147329735,35.3984236490954],"angle":-68.57753248235912},"norm_pos":[0.34044837043503107,0.44120894536160304],"diameter":35.3984236490954,"sphere":{"center":[-3.3458905003610036,-6.487708015527474,81.1230719271479],"radius":12.0},"projected_sphere":{"center":[134.4283338766218,70.4163381135356],"axes":[183.42500655501428,183.42500655501428],"angle":90.0},"model_confidence":0.9161037677672401,"model_id":153,"model_birth_timestamp":347871.839121,"theta":2.3197589340452622,"phi":-1.8772170477767858,"method":"3d c++","id":1}
1253358,1253356,1,348007.791661,108,105,{"topic":"pupil.1","circle_3d":{"center":[-6.007085794200821,1.680998920291767,72.74510877344859],"normal":[-0.2217662744866514,0.6807255779849368,-0.6981635961416097],"radius":2.0695026493555373},"confidence":0.9987987675235732,"timestamp":348007.791661,"diameter_3d":4.139005298711075,"ellipse":{"center":[108.85862506744482,134.0943726400344],"axes":[23.383111401278512,35.36573102790317],"angle":-68.50789858033986},"norm_pos":[0.34018320333576507,0.44127344733318996],"diameter":35.36573102790317,"sphere":{"center":[-3.3458905003610036,-6.487708015527474,81.1230719271479],"radius":12.0},"projected_sphere":{"center":[134.4283338766218,70.4163381135356],"axes":[183.42500655501428,183.42500655501428],"angle":90.0},"model_confidence":0.9159991698783343,"model_id":153,"model_birth_timestamp":347871.839121,"theta":2.3195490042476528,"phi":-1.8783590917511266,"method":"3d c++","id":1}
1253367,1253366,1,348007.800061,108,105,{"topic":"pupil.1","circle_3d":{"center":[-6.027228835126515,1.6786803302077562,72.74927194618606],"normal":[-0.2234448612304593,0.6805323621446026,-0.6978166650801544],"radius":2.0584374580460527},"confidence":0.9988502706339246,"timestamp":348007.800061,"diameter_3d":4.116874916092105,"ellipse":{"center":[108.68973276553643,134.07648235505155],"axes":[23.238251932544518,35.17489162140863],"angle":-68.37321353815068},"norm_pos":[0.33965541489230133,0.4413479901872852],"diameter":35.17489162140863,"sphere":{"center":[-3.3458905003610036,-6.487708015527474,81.1230719271479],"radius":12.0},"projected_sphere":{"center":[134.4283338766218,70.4163381135356],"axes":[183.42500655501428,183.42500655501428],"angle":90.0},"model_confidence":0.9158248290282112,"model_id":153,"model_birth_timestamp":347871.839121,"theta":2.319285274541747,"phi":-1.8806858368573616,"method":"3d c++","id":1}
1253379,1253377,1,348007.808461,108,106,{"topic":"pupil.1","circle_3d":{"center":[-6.053518514635124,1.6641720795209665,72.74359691660752],"normal":[-0.22563566785617672,0.6793233412540367,-0.6982895842116997],"radius":2.066214484902678},"confidence":0.9991094033044868,"timestamp":348007.808461,"diameter_3d":4.132428969805356,"ellipse":{"center":[108.46284307920651,133.95236897142155],"axes":[23.340605215843016,35.31112021325175],"angle":-68.16198533646195},"norm_pos":[0.33894638462252036,0.4418651292857435],"diameter":35.31112021325175,"sphere":{"center":[-3.3458905003610036,-6.487708015527474,81.1230719271479],"radius":12.0},"projected_sphere":{"center":[134.4283338766218,70.4163381135356],"axes":[183.42500655501428,183.42500655501428],"angle":90.0},"model_confidence":0.9158021938677985,"model_id":153,"model_birth_timestamp":347871.839121,"theta":2.3176364869001524,"phi":-1.8833325158614747,"method":"3d c++","id":1}
1253388,1253383,1,348007.816861,108,105,{"topic":"pupil.1","circle_3d":{"center":[-6.098929323577624,1.6708707104302363,72.76493993427938],"normal":[-0.2294199019347184,0.6798815604964759,-0.6965109994057099],"radius":2.0675288752912264},"confidence":0.9991130570345956,"timestamp":348007.816861,"diameter_3d":4.135057750582453,"ellipse":{"center":[108.09195028176407,134.00558645620222],"axes":[23.26726844397258,35.32393016911681],"angle":-67.89681456717082},"norm_pos":[0.33778734463051274,0.44164338976582407],"diameter":35.32393016911681,"sphere":{"center":[-3.3458905003610036,-6.487708015527474,81.1230719271479],"radius":12.0},"projected_sphere":{"center":[134.4283338766218,70.4163381135356],"axes":[183.42500655501428,183.42500655501428],"angle":90.0},"model_confidence":0.9157430583659032,"model_id":153,"model_birth_timestamp":347871.839121,"theta":2.318397438436119,"phi":-1.88898869819494,"method":"3d c++","id":1}
1253403,1253402,1,348007.825261,108,106,{"topic":"pupil.1","circle_3d":{"center":[-6.105054543730054,1.6657786515300934,72.76199131804636],"normal":[-0.22993033694742082,0.6794572222547972,-0.6967567174251287],"radius":2.065595297818567},"confidence":0.9990651622925787,"timestamp":348007.825261,"diameter_3d":4.131190595637134,"ellipse":{"center":[108.03774504336783,133.96323068927097],"axes":[23.25474985367144,35.29244352634352],"angle":-67.84234584149436},"norm_pos":[0.33761795326052446,0.44181987212803764],"diameter":35.29244352634352,"sphere":{"center":[-3.3458905003610036,-6.487708015527474,81.1230719271479],"radius":12.0},"projected_sphere":{"center":[134.4283338766218,70.4163381135356],"axes":[183.42500655501428,183.42500655501428],"angle":90.0},"model_confidence":0.9156901911987148,"model_id":153,"model_birth_timestamp":347871.839121,"theta":2.317818941490055,"phi":-1.8895446899207626,"method":"3d c++","id":1}
1253415,1253412,1,348007.83366,107,106,{"topic":"pupil.1","circle_3d":{"center":[-6.118448748214115,1.6610844227897186,72.76184578743094],"normal":[-0.231046520654426,0.6790660365264327,-0.6967688449764137],"radius":2.0628792022651123},"confidence":0.9988833867389778,"timestamp":348007.83366,"diameter_3d":4.125758404530225,"ellipse":{"center":[107.9236986507641,133.92398063097943],"axes":[23.221525217544063,35.24633596032636],"angle":-67.74347110944501},"norm_pos":[0.3372615582836378,0.4419834140375857],"diameter":35.24633596032636,"sphere":{"center":[-3.3458905003610036,-6.487708015527474,81.1230719271479],"radius":12.0},"projected_sphere":{"center":[134.4283338766218,70.4163381135356],"axes":[183.42500655501428,183.42500655501428],"angle":90.0},"model_confidence":0.9155536609186776,"model_id":153,"model_birth_timestamp":347871.839121,"theta":2.317285915508248,"phi":-1.8909834481552072,"method":"3d c++","id":1}
1253429,1253423,1,348007.85886,107,106,{"topic":"pupil.1","circle_3d":{"center":[-6.167386899967564,1.6295752696478374,72.7475796947343],"normal":[-0.23512469996721333,0.6764402737646094,-0.6979576860344674],"radius":2.05949335331236},"confidence":0.9984224587707684,"timestamp":348007.85886,"diameter_3d":4.11898670662472,"ellipse":{"center":[107.49766890421544,133.65926251404173],"axes":[23.223446395493546,35.19635884208196],"angle":-67.33653714095607},"norm_pos":[0.33593021532567324,0.44308640619149275],"diameter":35.19635884208196,"sphere":{"center":[-3.3458905003610036,-6.487708015527474,81.1230719271479],"radius":12.0},"projected_sphere":{"center":[134.4283338766218,70.4163381135356],"axes":[183.42500655501428,183.42500655501428],"angle":90.0},"model_confidence":0.9153948512703569,"model_id":153,"model_birth_timestamp":347871.839121,"theta":2.3137148490311445,"phi":-1.8957312504222366,"method":"3d c++","id":1}
1253440,1253439,1,348007.86726,107,106,{"topic":"pupil.1","circle_3d":{"center":[-6.192488855233682,1.6169008163384895,72.74380027094315],"normal":[-0.2372165295727232,0.6753840693221637,-0.698272638017063],"radius":2.059263076604865},"confidence":0.9986181990434341,"timestamp":348007.86726,"diameter_3d":4.11852615320973,"ellipse":{"center":[107.28167761896228,133.55219813690584],"axes":[23.228561135465416,35.19473884267333],"angle":-67.13875214389802},"norm_pos":[0.3352552425592571,0.4435325077628923],"diameter":35.19473884267333,"sphere":{"center":[-3.3458905003610036,-6.487708015527474,81.1230719271479],"radius":12.0},"projected_sphere":{"center":[134.4283338766218,70.4163381135356],"axes":[183.42500655501428,183.42500655501428],"angle":90.0},"model_confidence":0.9152623856891307,"model_id":153,"model_birth_timestamp":347871.839121,"theta":2.3122817007313046,"phi":-1.8982829902887506,"method":"3d c++","id":1}
1253452,1253450,1,348007.88406,106,106,{"topic":"pupil.1","circle_3d":{"center":[-6.234707550881019,1.6015996915482376,72.74346353123403],"normal":[-0.24073475421000126,0.6741089755896426,-0.6983006996594897],"radius":2.0645404031580004},"confidence":0.9986871637668099,"timestamp":348007.88406,"diameter_3d":4.129080806316001,"ellipse":{"center":[106.92299472727379,133.42105344873588],"axes":[23.27925793481938,35.28591720461387],"angle":-66.82564798154587},"norm_pos":[0.3341343585227306,0.4440789439636005],"diameter":35.28591720461387,"sphere":{"center":[-3.3458905003610036,-6.487708015527474,81.1230719271479],"radius":12.0},"projected_sphere":{"center":[134.4283338766218,70.4163381135356],"axes":[183.42500655501428,183.42500655501428],"angle":90.0},"model_confidence":0.914996125012979,"model_id":153,"model_birth_timestamp":347871.839121,"theta":2.3105540466762595,"phi":-1.9027808045145431,"method":"3d c++","id":1}
1253460,1253457,1,348007.89246,106,106,{"topic":"pupil.1","circle_3d":{"center":[-6.256477406864369,1.6051861694251706,72.75446705113357],"normal":[-0.24254890887528047,0.6744078487460536,-0.697383739667861],"radius":2.052810267010865},"confidence":0.9993745068735114,"timestamp":348007.89246,"diameter_3d":4.10562053402173,"ellipse":{"center":[106.74518003555241,133.45245059360127],"axes":[23.102018311975108,35.08036774529778],"angle":-66.70198326879913},"norm_pos":[0.33357868761110127,0.4439481225266614],"diameter":35.08036774529778,"sphere":{"center":[-3.3458905003610036,-6.487708015527474,81.1230719271479],"radius":12.0},"projected_sphere":{"center":[134.4283338766218,70.4163381135356],"axes":[183.42500655501428,183.42500655501428],"angle":90.0},"model_confidence":0.9150546115264113,"model_id":153,"model_birth_timestamp":347871.839121,"theta":2.3109587521433395,"phi":-1.9055084139541167,"method":"3d c++","id":1}
1253468,1253467,1,348007.90086,106,106,{"topic":"pupil.1","circle_3d":{"center":[-6.266897925080594,1.6020721457843372,72.75508695068082],"normal":[-0.24341728539329918,0.6741483467759842,-0.6973320813722572],"radius":2.0491701664629853},"confidence":0.999181429513731,"timestamp":348007.90086,"diameter_3d":4.098340332925971,"ellipse":{"center":[106.65686626966496,133.42670048030163],"axes":[23.05629979436698,35.01802490329164],"angle":-66.62708769725066},"norm_pos":[0.333302707092703,0.4440554146654099],"diameter":35.01802490329164,"sphere":{"center":[-3.3458905003610036,-6.487708015527474,81.1230719271479],"radius":12.0},"projected_sphere":{"center":[134.4283338766218,70.4163381135356],"axes":[183.42500655501428,183.42500655501428],"angle":90.0},"model_confidence":0.9149525380419576,"model_id":153,"model_birth_timestamp":347871.839121,"theta":2.310607350823903,"phi":-1.9066418559461638,"method":"3d c++","id":1}
1253479,1253478,1,348007.90926,106,106,{"topic":"pupil.1","circle_3d":{"center":[-6.288101678373845,1.5988711230555204,72.75942253113598],"normal":[-0.24518426483440353,0.6738815948819162,-0.6969707830009935],"radius":2.0538287001836966},"confidence":0.9991350066501606,"timestamp":348007.90926,"diameter_3d":4.107657400367393,"ellipse":{"center":[106.48011121851853,133.39781548661472],"axes":[23.088039880090953,35.09593460758827],"angle":-66.48510055643428},"norm_pos":[0.3327503475578704,0.44417576880577203],"diameter":35.09593460758827,"sphere":{"center":[-3.3458905003610036,-6.487708015527474,81.1230719271479],"radius":12.0},"projected_sphere":{"center":[134.4283338766218,70.4163381135356],"axes":[183.42500655501428,183.42500655501428],"angle":90.0},"model_confidence":0.9149920630038055,"model_id":153,"model_birth_timestamp":347871.839121,"theta":2.3102462495475735,"phi":-1.9090609687986313,"method":"3d c++","id":1}
1253494,1253489,1,348007.91766,106,106,{"topic":"pupil.1","circle_3d":{"center":[-6.324505832315742,1.601048309242076,72.7744270177782],"normal":[-0.24821794432956149,0.6740630270641291,-0.6957204091141425],"radius":2.065776667119716},"confidence":0.9980162414491988,"timestamp":348007.91766,"diameter_3d":4.131553334239432,"ellipse":{"center":[106.18241990941537,133.41138835490636],"axes":[23.159268236780843,35.293475503677946],"angle":-66.26732335126889},"norm_pos":[0.33182006221692306,0.4441192151878901],"diameter":35.293475503677946,"sphere":{"center":[-3.3458905003610036,-6.487708015527474,81.1230719271479],"radius":12.0},"projected_sphere":{"center":[134.4283338766218,70.4163381135356],"axes":[183.42500655501428,183.42500655501428],"angle":90.0},"model_confidence":0.9147670538562802,"model_id":153,"model_birth_timestamp":347871.839121,"theta":2.310491840831828,"phi":-1.9134969115921965,"method":"3d c++","id":1}
1253507,1253506,1,348007.934459,106,106,{"topic":"pupil.1","circle_3d":{"center":[-6.324294462027815,1.6044926655768847,72.7776900917936],"normal":[-0.24820033013890092,0.6743500567586965,-0.6954484862795254],"radius":2.0407825335688576},"confidence":0.9977640948987619,"timestamp":348007.934459,"diameter_3d":4.081565067137715,"ellipse":{"center":[106.18504017659771,133.44565032104686],"axes":[22.867206194866434,34.86468902456757],"angle":-66.28010097429706},"norm_pos":[0.3318282505518678,0.44397645699563815],"diameter":34.86468902456757,"sphere":{"center":[-3.3458905003610036,-6.487708015527474,81.1230719271479],"radius":12.0},"projected_sphere":{"center":[134.4283338766218,70.4163381135356],"axes":[183.42500655501428,183.42500655501428],"angle":90.0},"model_confidence":0.9142959475884505,"model_id":153,"model_birth_timestamp":347871.839121,"theta":2.31088048409272,"phi":-1.9135981894958833,"method":"3d c++","id":1}
1253519,1253517,1,348007.942859,106,106,{"topic":"pupil.1","circle_3d":{"center":[-6.334996226352446,1.5994391919152289,72.7766177696031],"normal":[-0.24909214383262027,0.6739289339535586,-0.6955378464620667],"radius":2.0583568828600884},"confidence":0.9980745138128054,"timestamp":348007.942859,"diameter_3d":4.116713765720177,"ellipse":{"center":[106.0944417242346,133.3990278674788],"axes":[23.065570590880498,35.165775198640105],"angle":-66.19735844294487},"norm_pos":[0.33154513038823313,0.4441707172188384],"diameter":35.165775198640105,"sphere":{"center":[-3.3458905003610036,-6.487708015527474,81.1230719271479],"radius":12.0},"projected_sphere":{"center":[134.4283338766218,70.4163381135356],"axes":[183.42500655501428,183.42500655501428],"angle":90.0},"model_confidence":0.9140775627784037,"model_id":153,"model_birth_timestamp":347871.839121,"theta":2.31031032363148,"phi":-1.9146944170056814,"method":"3d c++","id":1}
1253531,1253529,1,348007.959659,105,106,{"topic":"pupil.1","circle_3d":{"center":[-6.355890107178608,1.5982680808678271,72.78299441339051],"normal":[-0.2508333005681337,0.6738313413662751,-0.6950064594797827],"radius":2.0579582089552497},"confidence":0.9990416700113783,"timestamp":348007.959659,"diameter_3d":4.1159164179104994,"ellipse":{"center":[105.92158121630317,133.388200221388],"axes":[23.03302718484289,35.156219079889624],"angle":-66.06492854154462},"norm_pos":[0.3310049413009474,0.44421583241088336],"diameter":35.156219079889624,"sphere":{"center":[-3.3458905003610036,-6.487708015527474,81.1230719271479],"radius":12.0},"projected_sphere":{"center":[134.4283338766218,70.4163381135356],"axes":[183.42500655501428,183.42500655501428],"angle":90.0},"model_confidence":0.9141427152530635,"model_id":153,"model_birth_timestamp":347871.839121,"theta":2.310178234820846,"phi":-1.9171553835501358,"method":"3d c++","id":1}
1253540,1253534,1,348007.968059,105,106,{"topic":"pupil.1","circle_3d":{"center":[-6.347719649398895,1.5963545150556833,72.77819596871642],"normal":[-0.25015242908649094,0.6736718775485965,-0.6954063298692909],"radius":2.060802398327513},"confidence":0.9984317491206578,"timestamp":348007.968059,"diameter_3d":4.121604796655026,"ellipse":{"center":[105.9876675074017,133.37204791746314],"axes":[23.084206692667202,35.20703170389638],"angle":-66.10877661793779},"norm_pos":[0.3312114609606303,0.44428313367723693],"diameter":35.20703170389638,"sphere":{"center":[-3.3458905003610036,-6.487708015527474,81.1230719271479],"radius":12.0},"projected_sphere":{"center":[134.4283338766218,70.4163381135356],"axes":[183.42500655501428,183.42500655501428],"angle":90.0},"model_confidence":0.9139643342884862,"model_id":153,"model_birth_timestamp":347871.839121,"theta":2.3099624392794413,"phi":-1.9161051101300397,"method":"3d c++","id":1}
1253548,1253548,1,348007.976459,105,106,{"topic":"pupil.1","circle_3d":{"center":[-6.36772292532929,1.599981591662349,72.78893696224819],"normal":[-0.2518193687473572,0.6739741339324853,-0.6945112470749764],"radius":2.053360544358465},"confidence":0.9987929350495601,"timestamp":348007.976459,"diameter_3d":4.10672108871693,"ellipse":{"center":[105.8251230592082,133.4028612917976],"axes":[22.957273360213513,35.07495502057226],"angle":-65.9980058443258},"norm_pos":[0.3307035095600256,0.44415474461751003],"diameter":35.07495502057226,"sphere":{"center":[-3.3458905003610036,-6.487708015527474,81.1230719271479],"radius":12.0},"projected_sphere":{"center":[134.4283338766218,70.4163381135356],"axes":[183.42500655501428,183.42500655501428],"angle":90.0},"model_confidence":0.9138063322742696,"model_id":153,"model_birth_timestamp":347871.839121,"theta":2.310371505919204,"phi":-1.9186384508195435,"method":"3d c++","id":1}
1253554,1253551,1,348007.984859,105,106,{"topic":"pupil.1","circle_3d":{"center":[-6.389792747846794,1.5931570324306357,72.7903485317363],"normal":[-0.2536585206238159,0.6734054206631759,-0.6943936162843004],"radius":2.0613899844986308},"confidence":0.9988093510223035,"timestamp":348007.984859,"diameter_3d":4.1227799689972615,"ellipse":{"center":[105.63922745918897,133.3429230590231],"axes":[23.036638753666026,35.21188046664061],"angle":-65.83986929826378},"norm_pos":[0.33012258580996556,0.44440448725407045],"diameter":35.21188046664061,"sphere":{"center":[-3.3458905003610036,-6.487708015527474,81.1230719271479],"radius":12.0},"projected_sphere":{"center":[134.4283338766218,70.4163381135356],"axes":[183.42500655501428,183.42500655501428],"angle":90.0},"model_confidence":0.9137001271132594,"model_id":153,"model_birth_timestamp":347871.839121,"theta":2.3096019493014004,"phi":-1.921031482185534,"method":"3d c++","id":1}
1253566,1253563,1,348007.993259,105,106,{"topic":"pupil.1","circle_3d":{"center":[-6.395881426437461,1.6011558454733734,72.80034179881588],"normal":[-0.25416591050637144,0.6740719884167373,-0.6935608440276694],"radius":2.059286234804393},"confidence":0.9988313734904494,"timestamp":348007.993259,"diameter_3d":4.118572469608786,"ellipse":{"center":[105.59469515853768,133.40979594981212],"axes":[22.97557466092017,35.17114254249827],"angle":-65.82945834494109},"norm_pos":[0.3299834223704302,0.4441258502091162],"diameter":35.17114254249827,"sphere":{"center":[-3.3458905003610036,-6.487708015527474,81.1230719271479],"radius":12.0},"projected_sphere":{"center":[134.4283338766218,70.4163381135356],"axes":[183.42500655501428,183.42500655501428],"angle":90.0},"model_confidence":0.9135161526923619,"model_id":153,"model_birth_timestamp":347871.839121,"theta":2.310503972576286,"phi":-1.9220635149359966,"method":"3d c++","id":1}
1253574,1253568,1,348008.001659,105,106,{"topic":"pupil.1","circle_3d":{"center":[-6.393538277044751,1.6011529804719054,72.79948070600577],"normal":[-0.25397064805697894,0.674071749666615,-0.6936326017618452],"radius":2.070029040428191},"confidence":0.9989672022624008,"timestamp":348008.001659,"diameter_3d":4.140058080856382,"ellipse":{"center":[105.61464041436135,133.40753337316022],"axes":[23.099229262928166,35.3550807239942],"angle":-65.84375102448675},"norm_pos":[0.33004575129487923,0.44413527761183247],"diameter":35.3550807239942,"sphere":{"center":[-3.3458905003610036,-6.487708015527474,81.1230719271479],"radius":12.0},"projected_sphere":{"center":[134.4283338766218,70.4163381135356],"axes":[183.42500655501428,183.42500655501428],"angle":90.0},"model_confidence":0.9135317679018207,"model_id":153,"model_birth_timestamp":347871.839121,"theta":2.3105036493582176,"phi":-1.9217818853088138,"method":"3d c++","id":1}
1253584,1253580,1,348008.010059,105,106,{"topic":"pupil.1","circle_3d":{"center":[-6.393302363329491,1.6027734267629565,72.80096937013786],"normal":[-0.2539509885807073,0.6742067868575359,-0.6935085464175035],"radius":2.061944986742138},"confidence":0.9988942101003004,"timestamp":348008.010059,"diameter_3d":4.123889973484276,"ellipse":{"center":[105.61722090222094,133.42285060959122],"axes":[23.00362669870383,35.21621606575587],"angle":-65.85064607793117},"norm_pos":[0.33005381531944045,0.44407145579336993],"diameter":35.21621606575587,"sphere":{"center":[-3.3458905003610036,-6.487708015527474,81.1230719271479],"radius":12.0},"projected_sphere":{"center":[134.4283338766218,70.4163381135356],"axes":[183.42500655501428,183.42500655501428],"angle":90.0},"model_confidence":0.9133382148383551,"model_id":153,"model_birth_timestamp":347871.839121,"theta":2.3106864768879554,"phi":-1.9218146420010076,"method":"3d c++","id":1}
1253591,1253590,1,348008.018458,105,106,{"topic":"pupil.1","circle_3d":{"center":[-6.402460705170704,1.6054747619152927,72.80695678160228],"normal":[-0.2547141837341417,0.6744318981202306,-0.6930095954621355],"radius":2.0614866604330957},"confidence":0.9988193734629506,"timestamp":348008.018458,"diameter_3d":4.122973320866191,"ellipse":{"center":[105.54380870839586,133.44497629683516],"axes":[22.974657436171128,35.205614958579304],"angle":-65.80373691380566},"norm_pos":[0.32982440221373704,0.44397926542985344],"diameter":35.205614958579304,"sphere":{"center":[-3.3458905003610036,-6.487708015527474,81.1230719271479],"radius":12.0},"projected_sphere":{"center":[134.4283338766218,70.4163381135356],"axes":[183.42500655501428,183.42500655501428],"angle":90.0},"model_confidence":0.9131440161696203,"model_id":153,"model_birth_timestamp":347871.839121,"theta":2.310991324010186,"phi":-1.9230176487116308,"method":"3d c++","id":1}
1253601,1253601,1,348008.035258,105,106,{"topic":"pupil.1","circle_3d":{"center":[-6.420931144823079,1.6204122880083567,72.82834407276376],"normal":[-0.25625338703850636,0.6756766919613192,-0.6912273211986792],"radius":2.063583907589375},"confidence":0.9978754688153723,"timestamp":348008.035258,"diameter_3d":4.12716781517875,"ellipse":{"center":[105.4028086256059,133.56804719437736],"axes":[22.91628394016342,35.231284864436084],"angle":-65.74124116515992},"norm_pos":[0.3293837769550184,0.44346647002342765],"diameter":35.231284864436084,"sphere":{"center":[-3.3458905003610036,-6.487708015527474,81.1230719271479],"radius":12.0},"projected_sphere":{"center":[134.4283338766218,70.4163381135356],"axes":[183.42500655501428,183.42500655501428],"angle":90.0},"model_confidence":0.9127972822508434,"model_id":153,"model_birth_timestamp":347871.839121,"theta":2.3126785675225556,"phi":-1.9258114266284887,"method":"3d c++","id":1}
1253608,1253607,1,348008.043658,105,106,{"topic":"pupil.1","circle_3d":{"center":[-6.423823301138354,1.6331561939601187,72.84189482694275],"normal":[-0.25649440006477914,0.676738684123966,-0.6900980916837635],"radius":2.0812004826963837},"confidence":0.9983460149465374,"timestamp":348008.043658,"diameter_3d":4.162400965392767,"ellipse":{"center":[105.38931770613168,133.67022501537133],"axes":[23.062040805642656,35.525527597659654],"angle":-65.76632162767677},"norm_pos":[0.3293416178316615,0.4430407291026195],"diameter":35.525527597659654,"sphere":{"center":[-3.3458905003610036,-6.487708015527474,81.1230719271479],"radius":12.0},"projected_sphere":{"center":[134.4283338766218,70.4163381135356],"axes":[183.42500655501428,183.42500655501428],"angle":90.0},"model_confidence":0.9125125705133019,"model_id":153,"model_birth_timestamp":347871.839121,"theta":2.314120099443895,"phi":-1.9266515373797615,"method":"3d c++","id":1}
1253618,1253613,1,348008.052058,105,106,{"topic":"pupil.1","circle_3d":{"center":[-6.429582053288522,1.6259130883134194,72.8369389937639],"normal":[-0.2569742960772932,0.6761350919867412,-0.690511077782001],"radius":2.067118546938593},"confidence":0.9979805903001827,"timestamp":348008.052058,"diameter_3d":4.134237093877186,"ellipse":{"center":[105.33591455057453,133.61263239191416],"axes":[22.92236912090886,35.28759034700237],"angle":-65.70708159706072},"norm_pos":[0.3291747329705454,0.44328069836702433],"diameter":35.28759034700237,"sphere":{"center":[-3.3458905003610036,-6.487708015527474,81.1230719271479],"radius":12.0},"projected_sphere":{"center":[134.4283338766218,70.4163381135356],"axes":[183.42500655501428,183.42500655501428],"angle":90.0},"model_confidence":0.9121232965340842,"model_id":153,"model_birth_timestamp":347871.839121,"theta":2.3133005587736313,"phi":-1.9270667900512815,"method":"3d c++","id":1}
1253625,1253621,1,348008.060458,105,106,{"topic":"pupil.1","circle_3d":{"center":[-6.436444809557834,1.6397053857803936,72.85302806594946],"normal":[-0.2575461924330692,0.677284450108989,-0.6891703217665376],"radius":2.072093567514605},"confidence":0.9983629760878638,"timestamp":348008.060458,"diameter_3d":4.14418713502921,"ellipse":{"center":[105.28980760789875,133.72608322032642],"axes":[22.9176067332644,35.3647564179629],"angle":-65.71165792888928},"norm_pos":[0.3290306487746836,0.4428079865819733],"diameter":35.3647564179629,"sphere":{"center":[-3.3458905003610036,-6.487708015527474,81.1230719271479],"radius":12.0},"projected_sphere":{"center":[134.4283338766218,70.4163381135356],"axes":[183.42500655501428,183.42500655501428],"angle":90.0},"model_confidence":0.9118156947310885,"model_id":153,"model_birth_timestamp":347871.839121,"theta":2.314861657207737,"phi":-1.928430913474236,"method":"3d c++","id":1}
1253637,1253636,1,348008.068858,105,106,{"topic":"pupil.1","circle_3d":{"center":[-6.4373592712126575,1.6448228841762482,72.85840242351904],"normal":[-0.25762239757097116,0.6777109083086436,-0.6887224586357394],"radius":2.0726945359844917},"confidence":0.9982485679603814,"timestamp":348008.068858,"diameter_3d":4.145389071968983,"ellipse":{"center":[105.28603435437084,133.76853304375427],"axes":[22.904565120256144,35.37238769389815],"angle":-65.72325131842047},"norm_pos":[0.3290188573574089,0.4426311123176905],"diameter":35.37238769389815,"sphere":{"center":[-3.3458905003610036,-6.487708015527474,81.1230719271479],"radius":12.0},"projected_sphere":{"center":[134.4283338766218,70.4163381135356],"axes":[183.42500655501428,183.42500655501428],"angle":90.0},"model_confidence":0.9116226313237719,"model_id":153,"model_birth_timestamp":347871.839121,"theta":2.3154414584006924,"phi":-1.9287411995514232,"method":"3d c++","id":1}
1253649,1253645,1,348008.077258,105,106,{"topic":"pupil.1","circle_3d":{"center":[-6.4355481929044975,1.653774219005367,72.86654224648346],"normal":[-0.2574714743786245,0.6784568528777368,-0.6880441400553705],"radius":2.0811308899150536},"confidence":0.9987656034667177,"timestamp":348008.077258,"diameter_3d":4.162261779830107,"ellipse":{"center":[105.30791201180688,133.8413372438829],"axes":[22.96871755686802,35.51236687025406],"angle":-65.7641397330566},"norm_pos":[0.32908722503689647,0.44232776148382125],"diameter":35.51236687025406,"sphere":{"center":[-3.3458905003610036,-6.487708015527474,81.1230719271479],"radius":12.0},"projected_sphere":{"center":[134.4283338766218,70.4163381135356],"axes":[183.42500655501428,183.42500655501428],"angle":90.0},"model_confidence":0.9114372664244308,"model_id":153,"model_birth_timestamp":347871.839121,"theta":2.3164563704950982,"phi":-1.9288722725268748,"method":"3d c++","id":1}
1253655,1253652,1,348008.085658,105,106,{"topic":"pupil.1","circle_3d":{"center":[-6.436589272483602,1.6547117530161444,72.86785652033811],"normal":[-0.2575582310102165,0.6785349807119683,-0.6879346172341502],"radius":2.0901871865343904},"confidence":0.9986376284383479,"timestamp":348008.085658,"diameter_3d":4.180374373068781,"ellipse":{"center":[105.30062183015463,133.84707623083304],"axes":[23.063697551722424,35.66633744756221],"angle":-65.7609439763668},"norm_pos":[0.3290644432192332,0.44230384903819564],"diameter":35.66633744756221,"sphere":{"center":[-3.3458905003610036,-6.487708015527474,81.1230719271479],"radius":12.0},"projected_sphere":{"center":[134.4283338766218,70.4163381135356],"axes":[183.42500655501428,183.42500655501428],"angle":90.0},"model_confidence":0.9111547099760364,"model_id":153,"model_birth_timestamp":347871.839121,"theta":2.3165627241440987,"phi":-1.9290351419570706,"method":"3d c++","id":1}
1253666,1253665,1,348008.094058,105,106,{"topic":"pupil.1","circle_3d":{"center":[-6.4448247238565735,1.6524034220108543,72.86866749903163],"normal":[-0.2582445186246308,0.6783426197948607,-0.6878670356763564],"radius":2.0799774847129684},"confidence":0.9927902448717703,"timestamp":348008.094058,"diameter_3d":4.159954969425937,"ellipse":{"center":[105.23070457197586,133.82963002554436],"axes":[22.945966669844992,35.49179639829643],"angle":-65.70339325109728},"norm_pos":[0.3288459517874246,0.4423765415602319],"diameter":35.49179639829643,"sphere":{"center":[-3.3458905003610036,-6.487708015527474,81.1230719271479],"radius":12.0},"projected_sphere":{"center":[134.4283338766218,70.4163381135356],"axes":[183.42500655501428,183.42500655501428],"angle":90.0},"model_confidence":0.9108794287463251,"model_id":153,"model_birth_timestamp":347871.839121,"theta":2.316300886389527,"phi":-1.9299421429264396,"method":"3d c++","id":1}
1253672,1253670,1,348008.102458,105,106,{"topic":"pupil.1","circle_3d":{"center":[-6.432024409147276,1.662970480930051,72.874301258471],"normal":[-0.2571778257321894,0.6792232080381271,-0.6873975557230757],"radius":2.082701498077926},"confidence":0.99875728245452,"timestamp":348008.102458,"diameter_3d":4.165402996155852,"ellipse":{"center":[105.34359666368034,133.91777894136018],"axes":[22.9587054346465,35.5352774929718],"angle":-65.81616298967262},"norm_pos":[0.3291987395740011,0.44200925441099925],"diameter":35.5352774929718,"sphere":{"center":[-3.3458905003610036,-6.487708015527474,81.1230719271479],"radius":12.0},"projected_sphere":{"center":[134.4283338766218,70.4163381135356],"axes":[183.42500655501428,183.42500655501428],"angle":90.0},"model_confidence":0.9106384526462397,"model_id":153,"model_birth_timestamp":347871.839121,"theta":2.3175000443266214,"phi":-1.9288063084979088,"method":"3d c++","id":1}
1253681,1253677,1,348008.110857,105,105,{"topic":"pupil.1","circle_3d":{"center":[-6.4256930736026945,1.679658417904239,72.88845343860172],"normal":[-0.2566502144368076,0.6806138694526427,-0.6862182073788495],"radius":2.086191805539993},"confidence":0.9988462271303452,"timestamp":348008.110857,"diameter_3d":4.172383611079986,"ellipse":{"center":[105.40788996702653,134.05629938735385],"axes":[22.94721541970467,35.587731438480915],"angle":-65.90997498596073},"norm_pos":[0.32939965614695793,0.44143208588602567],"diameter":35.587731438480915,"sphere":{"center":[-3.3458905003610036,-6.487708015527474,81.1230719271479],"radius":12.0},"projected_sphere":{"center":[134.4283338766218,70.4163381135356],"axes":[183.42500655501428,183.42500655501428],"angle":90.0},"model_confidence":0.910476887485312,"model_id":153,"model_birth_timestamp":347871.839121,"theta":2.319396519954596,"phi":-1.928695883676029,"method":"3d c++","id":1}
1253689,1253688,1,348008.119257,105,105,{"topic":"pupil.1","circle_3d":{"center":[-6.427664344174049,1.6822315927953468,72.8917441623248],"normal":[-0.2568144869844205,0.6808283006935684,-0.6859439804019254],"radius":2.0855603444639437},"confidence":0.9876416666032086,"timestamp":348008.119257,"diameter_3d":4.171120688927887,"ellipse":{"center":[105.39354303235625,134.0777356437065],"axes":[22.92779618799845,35.57536230091138],"angle":-65.9065901272914},"norm_pos":[0.32935482197611327,0.441342768151223],"diameter":35.57536230091138,"sphere":{"center":[-3.3458905003610036,-6.487708015527474,81.1230719271479],"radius":12.0},"projected_sphere":{"center":[134.4283338766218,70.4163381135356],"axes":[183.42500655501428,183.42500655501428],"angle":90.0},"model_confidence":0.9102846620902327,"model_id":153,"model_birth_timestamp":347871.839121,"theta":2.31968924179084,"phi":-1.9290371077224966,"method":"3d c++","id":1}
1253698,1253692,1,348008.127657,105,106,{"topic":"pupil.1","circle_3d":{"center":[-6.425471626067374,1.6696090448381788,72.87841556882341],"normal":[-0.2566317604755308,0.6797764216971378,-0.6870546965270414],"radius":2.0949586474627355},"confidence":0.9992014998758348,"timestamp":348008.127657,"diameter_3d":4.189917294925471,"ellipse":{"center":[105.40297115094494,133.97071563789837],"axes":[23.08050788217553,35.74233522165421],"angle":-65.87791318167305},"norm_pos":[0.3293842848467029,0.4417886848420901],"diameter":35.74233522165421,"sphere":{"center":[-3.3458905003610036,-6.487708015527474,81.1230719271479],"radius":12.0},"projected_sphere":{"center":[134.4283338766218,70.4163381135356],"axes":[183.42500655501428,183.42500655501428],"angle":90.0},"model_confidence":0.9101019319594283,"model_id":153,"model_birth_timestamp":347871.839121,"theta":2.318254074645278,"phi":-1.928272778989569,"method":"3d c++","id":1}
1253705,1253701,1,348008.136057,105,105,{"topic":"pupil.1","circle_3d":{"center":[-6.409541759198005,1.67923676491435,72.88201289827057],"normal":[-0.25530427156975016,0.6805787317034854,-0.6867549190731105],"radius":2.09083489186246},"confidence":0.9985691757957882,"timestamp":348008.136057,"diameter_3d":4.18166978372492,"ellipse":{"center":[105.5404517358026,134.05271986565373],"axes":[23.025830923254293,35.66987075543061],"angle":-66.00638439300576},"norm_pos":[0.3298139116743831,0.44144700055977615],"diameter":35.66987075543061,"sphere":{"center":[-3.3458905003610036,-6.487708015527474,81.1230719271479],"radius":12.0},"projected_sphere":{"center":[134.4283338766218,70.4163381135356],"axes":[183.42500655501428,183.42500655501428],"angle":90.0},"model_confidence":0.910027607274877,"model_id":153,"model_birth_timestamp":347871.839121,"theta":2.319348560717532,"phi":-1.9267186467962722,"method":"3d c++","id":1}
1253710,1253705,1,348008.144457,105,105,{"topic":"pupil.1","circle_3d":{"center":[-6.403229512192015,1.6814251756517073,72.88183773125766],"normal":[-0.2547782509859176,0.6807610992649318,-0.6867695163241876],"radius":2.1073740343772887},"confidence":0.9985710533766493,"timestamp":348008.144457,"diameter_3d":4.214748068754577,"ellipse":{"center":[105.59490327031327,134.06761504656814],"axes":[23.210343904055417,35.952126422200564],"angle":-66.05185844761345},"norm_pos":[0.32998407271972896,0.44138493730596606],"diameter":35.952126422200564,"sphere":{"center":[-3.3458905003610036,-6.487708015527474,81.1230719271479],"radius":12.0},"projected_sphere":{"center":[134.4283338766218,70.4163381135356],"axes":[183.42500655501428,183.42500655501428],"angle":90.0},"model_confidence":0.909835903662537,"model_id":153,"model_birth_timestamp":347871.839121,"theta":2.319597496005078,"phi":-1.9260385986294153,"method":"3d c++","id":1}
1253719,1253716,1,348008.152857,106,106,{"topic":"pupil.1","circle_3d":{"center":[-6.348029902825864,1.6703139807041367,72.85059732052812],"normal":[-0.2501782835387384,0.6798351663526343,-0.6893728838849819],"radius":2.074883178834925},"confidence":0.9985643234083967,"timestamp":348008.152857,"diameter_3d":4.14976635766985,"ellipse":{"center":[106.038425487367,133.9855690243426],"axes":[22.978930325272408,35.41196907334689],"angle":-66.35138363411991},"norm_pos":[0.33137007964802184,0.4417267957319059],"diameter":35.41196907334689,"sphere":{"center":[-3.3458905003610036,-6.487708015527474,81.1230719271479],"radius":12.0},"projected_sphere":{"center":[134.4283338766218,70.4163381135356],"axes":[183.42500655501428,183.42500655501428],"angle":90.0},"model_confidence":0.9096617154530806,"model_id":153,"model_birth_timestamp":347871.839121,"theta":2.318334174566646,"phi":-1.918923046229998,"method":"3d c++","id":1}
1253727,1253721,1,348008.161257,107,106,{"topic":"pupil.1","circle_3d":{"center":[-6.162799757950469,1.6597193231516698,72.7753506814755],"normal":[-0.23474243813245546,0.678952278223262,-0.695643437139367],"radius":2.089909608245482},"confidence":0.9991988010502664,"timestamp":348008.161257,"diameter_3d":4.179819216490964,"ellipse":{"center":[107.55801522977434,133.9041847714119],"axes":[23.46589787338015,35.70248579370692],"angle":-67.46142586035157},"norm_pos":[0.3361187975930448,0.4420658967857837],"diameter":35.70248579370692,"sphere":{"center":[-3.3458905003610036,-6.487708015527474,81.1230719271479],"radius":12.0},"projected_sphere":{"center":[134.4283338766218,70.4163381135356],"axes":[183.42500655501428,183.42500655501428],"angle":90.0},"model_confidence":0.9096031535889004,"model_id":153,"model_birth_timestamp":347871.839121,"theta":2.3171309588459845,"phi":-1.8962441456515846,"method":"3d c++","id":1}
1253737,1253732,1,348008.169657,108,106,{"topic":"pupil.1","circle_3d":{"center":[-6.09831505761185,1.6654402864993596,72.75944042989748],"normal":[-0.2293687131042372,0.6794290251689028,-0.6969692914375357],"radius":2.085930695084219},"confidence":0.9977481859547506,"timestamp":348008.169657,"diameter_3d":4.171861390168438,"ellipse":{"center":[108.09437370417447,133.95619269911725],"axes":[23.494827717194266,35.641178991952685],"angle":-67.88358406525609},"norm_pos":[0.3377949178255452,0.4418491970870114],"diameter":35.641178991952685,"sphere":{"center":[-3.3458905003610036,-6.487708015527474,81.1230719271479],"radius":12.0},"projected_sphere":{"center":[134.4283338766218,70.4163381135356],"axes":[183.42500655501428,183.42500655501428],"angle":90.0},"model_confidence":0.9091454234149698,"model_id":153,"model_birth_timestamp":347871.839121,"theta":2.3177805116100507,"phi":-1.888727030978562,"method":"3d c++","id":1}
1253747,1253738,1,348008.178057,107,106,{"topic":"pupil.1","circle_3d":{"center":[-6.109858505344107,1.6666735122270389,72.76445106200241],"normal":[-0.23033066708192534,0.6795317939795427,-0.6965517387621251],"radius":2.083644727206144},"confidence":0.998811442772641,"timestamp":348008.178057,"diameter_3d":4.167289454412288,"ellipse":{"center":[107.99968311010987,133.96639016417078],"axes":[23.447980428349922,35.599833882739595],"angle":-67.814948878899},"norm_pos":[0.33749900971909336,0.4418067076492884],"diameter":35.599833882739595,"sphere":{"center":[-3.3458905003610036,-6.487708015527474,81.1230719271479],"radius":12.0},"projected_sphere":{"center":[134.4283338766218,70.4163381135356],"axes":[183.42500655501428,183.42500655501428],"angle":90.0},"model_confidence":0.9090383801245938,"model_id":153,"model_birth_timestamp":347871.839121,"theta":2.3179205820752222,"phi":-1.8901504326126597,"method":"3d c++","id":1}
1253756,1253755,1,348008.186457,108,106,{"topic":"pupil.1","circle_3d":{"center":[-6.1041647941852055,1.6620506298691513,72.75806404061179],"normal":[-0.22985619115201686,0.6791465537830521,-0.6970839905446771],"radius":2.0971247933016737},"confidence":0.9987243834983618,"timestamp":348008.186457,"diameter_3d":4.194249586603347,"ellipse":{"center":[108.04435975070811,133.92508030144063],"axes":[23.62469414632322,35.83332547969615],"angle":-67.83613286721695},"norm_pos":[0.33763862422096286,0.4419788320773307],"diameter":35.83332547969615,"sphere":{"center":[-3.3458905003610036,-6.487708015527474,81.1230719271479],"radius":12.0},"projected_sphere":{"center":[134.4283338766218,70.4163381135356],"axes":[183.42500655501428,183.42500655501428],"angle":90.0},"model_confidence":0.9087999944374481,"model_id":153,"model_birth_timestamp":347871.839121,"theta":2.317395606073979,"phi":-1.8893090351720778,"method":"3d c++","id":1}
1253767,1253761,1,348008.194857,108,106,{"topic":"pupil.1","circle_3d":{"center":[-6.075755417035541,1.6548130060588235,72.7417123149051],"normal":[-0.2274887430562115,0.6785434184655248,-0.6984466343535665],"radius":2.089007740077517},"confidence":0.9985772421912118,"timestamp":348008.194857,"diameter_3d":4.178015480155034,"ellipse":{"center":[108.27386264286103,133.86800371974707],"axes":[23.599957384563506,35.702170722505834],"angle":-67.99230636746643},"norm_pos":[0.3383558207589407,0.4422166511677206],"diameter":35.702170722505834,"sphere":{"center":[-3.3458905003610036,-6.487708015527474,81.1230719271479],"radius":12.0},"projected_sphere":{"center":[134.4283338766218,70.4163381135356],"axes":[183.42500655501428,183.42500655501428],"angle":90.0},"model_confidence":0.9085047598025864,"model_id":153,"model_birth_timestamp":347871.839121,"theta":2.3165742108917913,"phi":-1.885667272100038,"method":"3d c++","id":1}
1253775,1253772,1,348008.211656,108,106,{"topic":"pupil.1","circle_3d":{"center":[-6.020198705187653,1.6635626217157125,72.73231137616006],"normal":[-0.2228590170688875,0.6792725531035989,-0.6992300459156541],"radius":2.0905073770935076},"confidence":0.9995092893236255,"timestamp":348008.211656,"diameter_3d":4.181014754187015,"ellipse":{"center":[108.73953456937947,133.94349713950027],"axes":[23.66461236277239,35.73144793404075],"angle":-68.37093388987799},"norm_pos":[0.33981104552931085,0.44190209525208224],"diameter":35.73144793404075,"sphere":{"center":[-3.3458905003610036,-6.487708015527474,81.1230719271479],"radius":12.0},"projected_sphere":{"center":[134.4283338766218,70.4163381135356],"axes":[183.42500655501428,183.42500655501428],"angle":90.0},"model_confidence":0.9085014167181327,"model_id":153,"model_birth_timestamp":347871.839121,"theta":2.3175672802785554,"phi":-1.879338278401382,"method":"3d c++","id":1}
1253785,1253778,1,348008.220056,109,105,{"topic":"pupil.1","circle_3d":{"center":[-5.987739733024445,1.679945657348128,72.73796214182981],"normal":[-0.22015410272195346,0.6806378060729668,-0.6987591487765081],"radius":2.080738611594349},"confidence":0.9988542192372898,"timestamp":348008.220056,"diameter_3d":4.161477223188698,"ellipse":{"center":[109.0187191794073,134.08403495261788],"axes":[23.540842917096157,35.561001499777575],"angle":-68.62741021400925},"norm_pos":[0.3406834974356478,0.4413165210307588],"diameter":35.561001499777575,"sphere":{"center":[-3.3458905003610036,-6.487708015527474,81.1230719271479],"radius":12.0},"projected_sphere":{"center":[134.4283338766218,70.4163381135356],"axes":[183.42500655501428,183.42500655501428],"angle":90.0},"model_confidence":0.9082910405376787,"model_id":153,"model_birth_timestamp":347871.839121,"theta":2.319429192082765,"phi":-1.876015699004826,"method":"3d c++","id":1}
1253794,1253789,1,348008.228456,109,105,{"topic":"pupil.1","circle_3d":{"center":[-5.959710114783429,1.6817196644831327,72.730909011407],"normal":[-0.21781830120186882,0.6807856400008838,-0.6993469096450766],"radius":2.101297434590079},"confidence":0.9991267886800956,"timestamp":348008.228456,"diameter_3d":4.202594869180158,"ellipse":{"center":[109.25320401177868,134.09555971074462],"axes":[23.80630253912271,35.915512765233146],"angle":-68.8110966524541},"norm_pos":[0.34141626253680835,0.44126850120523076],"diameter":35.915512765233146,"sphere":{"center":[-3.3458905003610036,-6.487708015527474,81.1230719271479],"radius":12.0},"projected_sphere":{"center":[134.4283338766218,70.4163381135356],"axes":[183.42500655501428,183.42500655501428],"angle":90.0},"model_confidence":0.9081139604736888,"model_id":153,"model_birth_timestamp":347871.839121,"theta":2.3196309989857387,"phi":-1.8727330670747702,"method":"3d c++","id":1}
1253804,1253801,1,348008.236856,109,105,{"topic":"pupil.1","circle_3d":{"center":[-5.936410467415968,1.687767420617373,72.72957398568859],"normal":[-0.21587666392124696,0.6812896196787372,-0.6994581617882764],"radius":2.1003068785103953},"confidence":0.9988840333697315,"timestamp":348008.236856,"diameter_3d":4.200613757020791,"ellipse":{"center":[109.45024368847106,134.14739493704639],"axes":[23.80546092839003,35.89880246813161],"angle":-68.97802698264283},"norm_pos":[0.34203201152647206,0.4410525210956401],"diameter":35.89880246813161,"sphere":{"center":[-3.3458905003610036,-6.487708015527474,81.1230719271479],"radius":12.0},"projected_sphere":{"center":[134.4283338766218,70.4163381135356],"axes":[183.42500655501428,183.42500655501428],"angle":90.0},"model_confidence":0.9079311139473578,"model_id":153,"model_birth_timestamp":347871.839121,"theta":2.320319262286443,"phi":-1.8701554013774842,"method":"3d c++","id":1}
1253814,1253812,1,348008.245256,109,105,{"topic":"pupil.1","circle_3d":{"center":[-5.9257287821254465,1.6889182844766317,72.727405378861],"normal":[-0.21498652348037028,0.6813855250003422,-0.6996388790239092],"radius":2.0981288095705155},"confidence":0.9989960431635554,"timestamp":348008.245256,"diameter_3d":4.196257619141031,"ellipse":{"center":[109.53942935342936,134.1580224038309],"axes":[23.79125474340268,35.862440138334414],"angle":-69.04972067735409},"norm_pos":[0.3423107167294667,0.44100823998403793],"diameter":35.862440138334414,"sphere":{"center":[-3.3458905003610036,-6.487708015527474,81.1230719271479],"radius":12.0},"projected_sphere":{"center":[134.4283338766218,70.4163381135356],"axes":[183.42500655501428,183.42500655501428],"angle":90.0},"model_confidence":0.90791045790789,"model_id":153,"model_birth_timestamp":347871.839121,"theta":2.3204502859739202,"phi":-1.8689205103731301,"method":"3d c++","id":1}
1253821,1253818,1,348008.253656,109,105,{"topic":"pupil.1","circle_3d":{"center":[-5.889650055020829,1.6871130165126456,72.7146482685665],"normal":[-0.2119799628883188,0.6812350860033433,-0.7007019715484496],"radius":2.09323853119471},"confidence":0.9993724159540229,"timestamp":348008.253656,"diameter_3d":4.18647706238942,"ellipse":{"center":[109.83717213932371,134.1458487570508],"axes":[23.791153146725822,35.784494531463665],"angle":-69.27526630797345},"norm_pos":[0.3432411629353866,0.44105896351228835],"diameter":35.784494531463665,"sphere":{"center":[-3.3458905003610036,-6.487708015527474,81.1230719271479],"radius":12.0},"projected_sphere":{"center":[134.4283338766218,70.4163381135356],"axes":[183.42500655501428,183.42500655501428],"angle":90.0},"model_confidence":0.9077784511977494,"model_id":153,"model_birth_timestamp":347871.839121,"theta":2.320244766734244,"phi":-1.8645681515156551,"method":"3d c++","id":1}
1253833,1253830,1,348008.262056,109,105,{"topic":"pupil.1","circle_3d":{"center":[-5.873475925441155,1.6840602459149547,72.70680699546921],"normal":[-0.21063211875667928,0.6809806884535358,-0.7013554109732244],"radius":2.076628065388001},"confidence":0.9992974225728605,"timestamp":348008.262056,"diameter_3d":4.153256130776002,"ellipse":{"center":[109.96850319298701,134.1249455842169],"axes":[23.63460716133705,35.503989460789626],"angle":-69.37002255124315},"norm_pos":[0.3436515724780844,0.44114606006576296],"diameter":35.503989460789626,"sphere":{"center":[-3.3458905003610036,-6.487708015527474,81.1230719271479],"radius":12.0},"projected_sphere":{"center":[134.4283338766218,70.4163381135356],"axes":[183.42500655501428,183.42500655501428],"angle":90.0},"model_confidence":0.9076605547504224,"model_id":153,"model_birth_timestamp":347871.839121,"theta":2.3198973159868603,"phi":-1.8625480619818509,"method":"3d c++","id":1}
1253839,1253835,1,348008.270456,110,105,{"topic":"pupil.1","circle_3d":{"center":[-5.831695302182413,1.6969498377688517,72.70688809409647],"normal":[-0.20715040015178413,0.6820548211080272,-0.7013486527542866],"radius":2.100155974614662},"confidence":0.9992353935732937,"timestamp":348008.270456,"diameter_3d":4.200311949229324,"ellipse":{"center":[110.32495549132915,134.2291302773405],"axes":[23.91196837042654,35.90558430970156],"angle":-69.6771680551256},"norm_pos":[0.34476548591040357,0.4407119571777479],"diameter":35.90558430970156,"sphere":{"center":[-3.3458905003610036,-6.487708015527474,81.1230719271479],"radius":12.0},"projected_sphere":{"center":[134.4283338766218,70.4163381135356],"axes":[183.42500655501428,183.42500655501428],"angle":90.0},"model_confidence":0.9074717430830437,"model_id":153,"model_birth_timestamp":347871.839121,"theta":2.3213651086696423,"phi":-1.8579909044942673,"method":"3d c++","id":1}
1253848,1253846,1,348008.278856,110,105,{"topic":"pupil.1","circle_3d":{"center":[-5.808031976582507,1.7057133131654503,72.70845926335942],"normal":[-0.20517845635179194,0.6827851107244103,-0.7012177219823744],"radius":2.1121570651936934},"confidence":0.9993171444218671,"timestamp":348008.278856,"diameter_3d":4.224314130387387,"ellipse":{"center":[110.5277714380517,134.30060069793495],"axes":[24.04835209180021,36.10961060729923],"angle":-69.85556924565643},"norm_pos":[0.34539928574391154,0.4404141637586043],"diameter":36.10961060729923,"sphere":{"center":[-3.3458905003610036,-6.487708015527474,81.1230719271479],"radius":12.0},"projected_sphere":{"center":[134.4283338766218,70.4163381135356],"axes":[183.42500655501428,183.42500655501428],"angle":90.0},"model_confidence":0.9074551218578697,"model_id":153,"model_birth_timestamp":347871.839121,"theta":2.322364191254171,"phi":-1.855453205521597,"method":"3d c++","id":1}
1253855,1253852,1,348008.287256,110,105,{"topic":"pupil.1","circle_3d":{"center":[-5.793088025202481,1.7124728183391742,72.7106847174258],"normal":[-0.20393312707012318,0.6833484028222206,-0.7010322674768409],"radius":2.096877245641996},"confidence":0.9992904543500937,"timestamp":348008.287256,"diameter_3d":4.193754491283992,"ellipse":{"center":[110.65550454982207,134.36122143498656],"axes":[23.869429969842724,35.846880832320956],"angle":-69.97188712427086},"norm_pos":[0.34579845171819396,0.4401615773542227],"diameter":35.846880832320956,"sphere":{"center":[-3.3458905003610036,-6.487708015527474,81.1230719271479],"radius":12.0},"projected_sphere":{"center":[134.4283338766218,70.4163381135356],"axes":[183.42500655501428,183.42500655501428],"angle":90.0},"model_confidence":0.9073682302220831,"model_id":153,"model_birth_timestamp":347871.839121,"theta":2.3231354482728657,"phi":-1.8538874661798916,"method":"3d c++","id":1}
1253864,1253857,1,348008.295655,110,105,{"topic":"pupil.1","circle_3d":{"center":[-5.770544902685243,1.710257301677208,72.7020021799484],"normal":[-0.20205453352701996,0.6831637764337235,-0.701755812266626],"radius":2.107074842118711},"confidence":0.9993831418622106,"timestamp":348008.295655,"diameter_3d":4.214149684237422,"ellipse":{"center":[110.84189194697933,134.3414534788878],"axes":[24.02303709688321,36.02521375463315],"angle":-70.11125497361817},"norm_pos":[0.3463809123343104,0.4402439438379676],"diameter":36.02521375463315,"sphere":{"center":[-3.3458905003610036,-6.487708015527474,81.1230719271479],"radius":12.0},"projected_sphere":{"center":[134.4283338766218,70.4163381135356],"axes":[183.42500655501428,183.42500655501428],"angle":90.0},"model_confidence":0.9072864711340833,"model_id":153,"model_birth_timestamp":347871.839121,"theta":2.3228825973491674,"phi":-1.8511406204237122,"method":"3d c++","id":1}
1253872,1253869,1,348008.304055,110,105,{"topic":"pupil.1","circle_3d":{"center":[-5.753370702378609,1.717934697836263,72.70455265488192],"normal":[-0.2006233501681338,0.6838035594469781,-0.7015432726888323],"radius":2.119460427608232},"confidence":0.9991274617138315,"timestamp":348008.304055,"diameter_3d":4.238920855216464,"ellipse":{"center":[110.9901937963721,134.40342805230026],"axes":[24.158788894813235,36.23545059552627],"angle":-70.24474518647054},"norm_pos":[0.3468443556136628,0.43998571644874895],"diameter":36.23545059552627,"sphere":{"center":[-3.3458905003610036,-6.487708015527474,81.1230719271479],"radius":12.0},"projected_sphere":{"center":[134.4283338766218,70.4163381135356],"axes":[183.42500655501428,183.42500655501428],"angle":90.0},"model_confidence":0.9072396338703825,"model_id":153,"model_birth_timestamp":347871.839121,"theta":2.3237590535936863,"phi":-1.8493363649132746,"method":"3d c++","id":1}
1253880,1253875,1,348008.312455,111,105,{"topic":"pupil.1","circle_3d":{"center":[-5.7463397150342725,1.7364587516713783,72.72063629495908],"normal":[-0.20003743455610576,0.6853472305999044,-0.7002029693490689],"radius":2.120023428896152},"confidence":0.9992390318149668,"timestamp":348008.312455,"diameter_3d":4.240046857792304,"ellipse":{"center":[111.0605887420051,134.55810137638105],"axes":[24.10671565898352,36.23683372820951],"angle":-70.34362512548276},"norm_pos":[0.34706433981876594,0.4393412442650789],"diameter":36.23683372820951,"sphere":{"center":[-3.3458905003610036,-6.487708015527474,81.1230719271479],"radius":12.0},"projected_sphere":{"center":[134.4283338766218,70.4163381135356],"axes":[183.42500655501428,183.42500655501428],"angle":90.0},"model_confidence":0.9071637462478188,"model_id":153,"model_birth_timestamp":347871.839121,"theta":2.3258767420724267,"phi":-1.8490688431190103,"method":"3d c++","id":1}
1253891,1253891,1,348008.320855,110,105,{"topic":"pupil.1","circle_3d":{"center":[-5.777841894012023,1.7456835711816368,72.73874873449684],"normal":[-0.20266261613758496,0.6861159655590926,-0.6986935993875885],"radius":2.090909347052691},"confidence":0.9991021275840981,"timestamp":348008.320855,"diameter_3d":4.181818694105382,"ellipse":{"center":[110.80340480817165,134.64020391288284],"axes":[23.701521838441167,35.73056897157781],"angle":-70.16667502848543},"norm_pos":[0.3462606400255364,0.4389991503629882],"diameter":35.73056897157781,"sphere":{"center":[-3.3458905003610036,-6.487708015527474,81.1230719271479],"radius":12.0},"projected_sphere":{"center":[134.4283338766218,70.4163381135356],"axes":[183.42500655501428,183.42500655501428],"angle":90.0},"model_confidence":0.9071487959955049,"model_id":153,"model_birth_timestamp":347871.839121,"theta":2.326932907952345,"phi":-1.853108500182245,"method":"3d c++","id":1}
1253901,1253897,1,348008.329255,110,105,{"topic":"pupil.1","circle_3d":{"center":[-5.819274131692733,1.7538533873450959,72.75891990468075],"normal":[-0.20611530261097746,0.6867967835727142,-0.6970126685389293],"radius":2.0974691547969235},"confidence":0.9994607464205404,"timestamp":348008.329255,"diameter_3d":4.194938309593847,"ellipse":{"center":[110.46512211712887,134.70473108970677],"axes":[23.692013120694195,35.83343624530881],"angle":-69.92380069901702},"norm_pos":[0.3452035066160277,0.43873028712622175],"diameter":35.83343624530881,"sphere":{"center":[-3.3458905003610036,-6.487708015527474,81.1230719271479],"radius":12.0},"projected_sphere":{"center":[134.4283338766218,70.4163381135356],"axes":[183.42500655501428,183.42500655501428],"angle":90.0},"model_confidence":0.9071726992347484,"model_id":153,"model_birth_timestamp":347871.839121,"theta":2.3278691638208864,"phi":-1.8583149341552405,"method":"3d c++","id":1}
1253911,1253908,1,348008.337655,110,105,{"topic":"pupil.1","circle_3d":{"center":[-5.863822680702217,1.7520850666698422,72.7704778691456],"normal":[-0.20982768169510108,0.6866494235164431,-0.6960495048335252],"radius":2.0967344317500842},"confidence":0.9991673820459798,"timestamp":348008.337655,"diameter_3d":4.1934688635001685,"ellipse":{"center":[110.09440733097088,134.68793854251442],"axes":[23.630864591869415,35.8159552497741],"angle":-69.63338844463408},"norm_pos":[0.344045022909284,0.43880025607285655],"diameter":35.8159552497741,"sphere":{"center":[-3.3458905003610036,-6.487708015527474,81.1230719271479],"radius":12.0},"projected_sphere":{"center":[134.4283338766218,70.4163381135356],"axes":[183.42500655501428,183.42500655501428],"angle":90.0},"model_confidence":0.9071322854905972,"model_id":153,"model_birth_timestamp":347871.839121,"theta":2.3276664451730427,"phi":-1.8635875515325002,"method":"3d c++","id":1}
1253920,1253916,1,348008.346055,109,105,{"topic":"pupil.1","circle_3d":{"center":[-5.916405362235071,1.7210154402453206,72.75591514771978],"normal":[-0.21420957182283898,0.6840602879810662,-0.6972630649523441],"radius":2.0955995563249745},"confidence":0.9986969300380131,"timestamp":348008.346055,"diameter_3d":4.191199112649949,"ellipse":{"center":[109.63785784220906,134.4266937142107],"axes":[23.659590255081014,35.80480092177377],"angle":-69.20567728807774},"norm_pos":[0.34261830575690333,0.4398887761907887],"diameter":35.80480092177377,"sphere":{"center":[-3.3458905003610036,-6.487708015527474,81.1230719271479],"radius":12.0},"projected_sphere":{"center":[134.4283338766218,70.4163381135356],"axes":[183.42500655501428,183.42500655501428],"angle":90.0},"model_confidence":0.9068495148567113,"model_id":153,"model_birth_timestamp":347871.839121,"theta":2.324110955457811,"phi":-1.8688590409396462,"method":"3d c++","id":1}
1253931,1253931,1,348008.362855,108,105,{"topic":"pupil.1","circle_3d":{"center":[-6.030846373967572,1.6991353130197826,72.7704311309322],"normal":[-0.2237463228005474,0.6822369440456048,-0.6960533996846419],"radius":2.1110193836751754},"confidence":0.9986130406913254,"timestamp":348008.362855,"diameter_3d":4.222038767350351,"ellipse":{"center":[108.67651895170997,134.23494586677057],"axes":[23.753005613992432,36.06324888980137],"angle":-68.41328808167344},"norm_pos":[0.33961412172409366,0.4406877255551226],"diameter":36.06324888980137,"sphere":{"center":[-3.3458905003610036,-6.487708015527474,81.1230719271479],"radius":12.0},"projected_sphere":{"center":[134.4283338766218,70.4163381135356],"axes":[183.42500655501428,183.42500655501428],"angle":90.0},"model_confidence":0.9065860317012064,"model_id":153,"model_birth_timestamp":347871.839121,"theta":2.3216141772248573,"phi":-1.8818139738677184,"method":"3d c++","id":1}
1253940,1253937,1,348008.371255,108,105,{"topic":"pupil.1","circle_3d":{"center":[-6.060484401141245,1.6887508095073382,72.76983895803008],"normal":[-0.22621615839835343,0.6813715687529011,-0.6961027474264857],"radius":2.1192578240671947},"confidence":0.9989283509703829,"timestamp":348008.371255,"diameter_3d":4.238515648134389,"ellipse":{"center":[108.42484958355033,134.14495314125833],"axes":[23.84090730756989,36.20491073561154],"angle":-68.19431008250928},"norm_pos":[0.3388276549485948,0.44106269524475694],"diameter":36.20491073561154,"sphere":{"center":[-3.3458905003610036,-6.487708015527474,81.1230719271479],"radius":12.0},"projected_sphere":{"center":[134.4283338766218,70.4163381135356],"axes":[183.42500655501428,183.42500655501428],"angle":90.0},"model_confidence":0.9064108022428297,"model_id":153,"model_birth_timestamp":347871.839121,"theta":2.3204312182698574,"phi":-1.885005832427797,"method":"3d c++","id":1}
1253950,1253949,1,348008.379655,108,105,{"topic":"pupil.1","circle_3d":{"center":[-6.084838039984258,1.6886817563381378,72.7777249197597],"normal":[-0.22824562830193787,0.6813658143221344,-0.6954455839490162],"radius":2.1132831995275865},"confidence":0.9989133998062605,"timestamp":348008.379655,"diameter_3d":4.226566399055173,"ellipse":{"center":[108.22315405577088,134.14447457394843],"axes":[23.7385436790555,36.099293197225606],"angle":-68.04092874449438},"norm_pos":[0.338197356424284,0.4410646892752149],"diameter":36.099293197225606,"sphere":{"center":[-3.3458905003610036,-6.487708015527474,81.1230719271479],"radius":12.0},"projected_sphere":{"center":[134.4283338766218,70.4163381135356],"axes":[183.42500655501428,183.42500655501428],"angle":90.0},"model_confidence":0.9062693291952195,"model_id":153,"model_birth_timestamp":347871.839121,"theta":2.320423356385205,"phi":-1.8879202916489985,"method":"3d c++","id":1}
1253957,1253953,1,348008.388054,108,105,{"topic":"pupil.1","circle_3d":{"center":[-6.112427478046117,1.694100967252357,72.79214911389342],"normal":[-0.23054474814042608,0.6818174152316525,-0.6942435677712079],"radius":2.1339286945828664},"confidence":0.9994937386663506,"timestamp":348008.388054,"diameter_3d":4.267857389165733,"ellipse":{"center":[108.00012848003452,134.18344329160152],"axes":[23.909946777139922,36.445325689971625],"angle":-67.88480622238004},"norm_pos":[0.33750040150010785,0.44090231961832704],"diameter":36.445325689971625,"sphere":{"center":[-3.3458905003610036,-6.487708015527474,81.1230719271479],"radius":12.0},"projected_sphere":{"center":[134.4283338766218,70.4163381135356],"axes":[183.42500655501428,183.42500655501428],"angle":90.0},"model_confidence":0.9062458175178811,"model_id":153,"model_birth_timestamp":347871.839121,"theta":2.321040522847807,"phi":-1.8914189038719131,"method":"3d c++","id":1}
1253968,1253964,1,348008.396454,107,105,{"topic":"pupil.1","circle_3d":{"center":[-6.14276722559034,1.7152552536954033,72.82313974744602],"normal":[-0.23307306043577805,0.6835802724352398,-0.6916610149751563],"radius":2.1277730791570737},"confidence":0.9979971108041988,"timestamp":348008.396454,"diameter_3d":4.255546158314147,"ellipse":{"center":[107.76391403358556,134.35943859846222],"axes":[23.717926897713,36.32505317669658],"angle":-67.76169241673949},"norm_pos":[0.33676223135495487,0.4401690058397407],"diameter":36.32505317669658,"sphere":{"center":[-3.3458905003610036,-6.487708015527474,81.1230719271479],"radius":12.0},"projected_sphere":{"center":[134.4283338766218,70.4163381135356],"axes":[183.42500655501428,183.42500655501428],"angle":90.0},"model_confidence":0.9058653822280438,"model_id":153,"model_birth_timestamp":347871.839121,"theta":2.323453084888529,"phi":-1.8958215586562266,"method":"3d c++","id":1}
1253974,1253970,1,348008.404854,107,105,{"topic":"pupil.1","circle_3d":{"center":[-6.162525584418784,1.7126533907169854,72.82725131612749],"normal":[-0.23471959033814843,0.6833634505203716,-0.6913183842517017],"radius":2.133611505712711},"confidence":0.9988999510401934,"timestamp":348008.404854,"diameter_3d":4.267223011425422,"ellipse":{"center":[107.59946016337744,134.3353507387527],"axes":[23.762884408268825,36.42306151497919],"angle":-67.63060103028883},"norm_pos":[0.3362483130105545,0.44026937192186366],"diameter":36.42306151497919,"sphere":{"center":[-3.3458905003610036,-6.487708015527474,81.1230719271479],"radius":12.0},"projected_sphere":{"center":[134.4283338766218,70.4163381135356],"axes":[183.42500655501428,183.42500655501428],"angle":90.0},"model_confidence":0.9058078593951135,"model_id":153,"model_birth_timestamp":347871.839121,"theta":2.3231560591470823,"phi":-1.898108623660349,"method":"3d c++","id":1}
1253983,1253982,1,348008.413254,107,105,{"topic":"pupil.1","circle_3d":{"center":[-6.172259261938651,1.7108415114368825,72.8287711562878],"normal":[-0.23553073013147058,0.6832124605803631,-0.6911917309050088],"radius":2.1267927148994326},"confidence":0.9988720432898526,"timestamp":348008.413254,"diameter_3d":4.253585429798865,"ellipse":{"center":[107.51752363966766,134.3212920329077],"axes":[23.678844540301714,36.30602088050667],"angle":-67.56444589288833},"norm_pos":[0.33599226137396143,0.4403279498628846],"diameter":36.30602088050667,"sphere":{"center":[-3.3458905003610036,-6.487708015527474,81.1230719271479],"radius":12.0},"projected_sphere":{"center":[134.4283338766218,70.4163381135356],"axes":[183.42500655501428,183.42500655501428],"angle":90.0},"model_confidence":0.9056311797908667,"model_id":153,"model_birth_timestamp":347871.839121,"theta":2.322949265821462,"phi":-1.8992162292703034,"method":"3d c++","id":1}
1253989,1253986,1,348008.421654,107,105,{"topic":"pupil.1","circle_3d":{"center":[-6.2039447938319086,1.7064543348613501,72.83529604751392],"normal":[-0.23817119112257537,0.682846862532402,-0.6906479899694985],"radius":2.1222915956161197},"confidence":0.9991394844737681,"timestamp":348008.421654,"diameter_3d":4.244583191232239,"ellipse":{"center":[107.25297760461902,134.28403530091788],"axes":[23.59672547447361,36.226456028830825],"angle":-67.35414227897513},"norm_pos":[0.33516555501443446,0.44048318624617555],"diameter":36.226456028830825,"sphere":{"center":[-3.3458905003610036,-6.487708015527474,81.1230719271479],"radius":12.0},"projected_sphere":{"center":[134.4283338766218,70.4163381135356],"axes":[183.42500655501428,183.42500655501428],"angle":90.0},"model_confidence":0.9056549262411506,"model_id":153,"model_birth_timestamp":347871.839121,"theta":2.3224487144128374,"phi":-1.902877420039187,"method":"3d c++","id":1}
1253996,1253993,1,348008.430054,107,105,{"topic":"pupil.1","circle_3d":{"center":[-6.206075559973678,1.7065744569587231,72.8361499300567],"normal":[-0.2383487549677229,0.6828568727071831,-0.690576833090933],"radius":2.1267443159848423},"confidence":0.998837190200232,"timestamp":348008.430054,"diameter_3d":4.2534886319696845,"ellipse":{"center":[107.23576669971882,134.28390021792828],"axes":[23.642576367900148,36.30210477751972],"angle":-67.34132602925428},"norm_pos":[0.3351117709366213,0.4404837490919655],"diameter":36.30210477751972,"sphere":{"center":[-3.3458905003610036,-6.487708015527474,81.1230719271479],"radius":12.0},"projected_sphere":{"center":[134.4283338766218,70.4163381135356],"axes":[183.42500655501428,183.42500655501428],"angle":90.0},"model_confidence":0.9055505540371045,"model_id":153,"model_birth_timestamp":347871.839121,"theta":2.3224624165287415,"phi":-1.903138949264417,"method":"3d c++","id":1}
1254005,1254005,1,348008.438454,107,105,{"topic":"pupil.1","circle_3d":{"center":[-6.206896887562637,1.708367049226375,72.83820644934372],"normal":[-0.23841719893346944,0.683006255396154,-0.6904054564836825],"radius":2.124755757285425},"confidence":0.9988111808212565,"timestamp":348008.438454,"diameter_3d":4.24951151457085,"ellipse":{"center":[107.23013511066632,134.29923338751277],"axes":[23.612597861764268,36.26712400892916],"angle":-67.34194562110841},"norm_pos":[0.33509417222083226,0.44041986088536345],"diameter":36.26712400892916,"sphere":{"center":[-3.3458905003610036,-6.487708015527474,81.1230719271479],"radius":12.0},"projected_sphere":{"center":[134.4283338766218,70.4163381135356],"axes":[183.42500655501428,183.42500655501428],"angle":90.0},"model_confidence":0.9053522848308515,"model_id":153,"model_birth_timestamp":347871.839121,"theta":2.3226669152244206,"phi":-1.9033040776029286,"method":"3d c++","id":1}
1254015,1254010,1,348008.446854,107,105,{"topic":"pupil.1","circle_3d":{"center":[-6.2230863030346,1.70954126428194,72.8449774267365],"normal":[-0.23976631688946645,0.6831041066507845,-0.6898412083676166],"radius":2.1266844496599218},"confidence":0.9989593491962739,"timestamp":348008.446854,"diameter_3d":4.2533688993198435,"ellipse":{"center":[107.09768399929091,134.30766183647484],"axes":[23.604881566863348,36.29694500868355],"angle":-67.24561721878496},"norm_pos":[0.3346802624977841,0.4403847423480215],"diameter":36.29694500868355,"sphere":{"center":[-3.3458905003610036,-6.487708015527474,81.1230719271479],"radius":12.0},"projected_sphere":{"center":[134.4283338766218,70.4163381135356],"axes":[183.42500655501428,183.42500655501428],"angle":90.0},"model_confidence":0.9052794618618631,"model_id":153,"model_birth_timestamp":347871.839121,"theta":2.32280089072663,"phi":-1.9053023798101008,"method":"3d c++","id":1}
1254026,1254021,1,348008.455254,107,105,{"topic":"pupil.1","circle_3d":{"center":[-6.222508174550548,1.7016624755162741,72.83698227539044],"normal":[-0.2397181395157953,0.6824475409203123,-0.6905074709797889],"radius":2.123247396165523},"confidence":0.9988714611131916,"timestamp":348008.455254,"diameter_3d":4.246494792331046,"ellipse":{"center":[107.09670668882126,134.24288309410173],"axes":[23.596561273330533,36.24227708371846],"angle":-67.22407594970804},"norm_pos":[0.33467720840256643,0.44065465377457613],"diameter":36.24227708371846,"sphere":{"center":[-3.3458905003610036,-6.487708015527474,81.1230719271479],"radius":12.0},"projected_sphere":{"center":[134.4283338766218,70.4163381135356],"axes":[183.42500655501428,183.42500655501428],"angle":90.0},"model_confidence":0.9051120681382696,"model_id":153,"model_birth_timestamp":347871.839121,"theta":2.3219022584925844,"phi":-1.9049408661857403,"method":"3d c++","id":1}
1254034,1254032,1,348008.463654,107,105,{"topic":"pupil.1","circle_3d":{"center":[-6.233999584202051,1.7117089676034922,72.85092667597041],"normal":[-0.24067575698675392,0.6832847485942473,-0.6893454375981243],"radius":2.1430189484779447},"confidence":0.9991181068511333,"timestamp":348008.463654,"diameter_3d":4.286037896955889,"ellipse":{"center":[107.01030599081382,134.32135027431002],"axes":[23.76133983875262,36.57303950201761],"angle":-67.18515036314739},"norm_pos":[0.33440720622129316,0.44032770719037495],"diameter":36.57303950201761,"sphere":{"center":[-3.3458905003610036,-6.487708015527474,81.1230719271479],"radius":12.0},"projected_sphere":{"center":[134.4283338766218,70.4163381135356],"axes":[183.42500655501428,183.42500655501428],"angle":90.0},"model_confidence":0.9051747111012642,"model_id":153,"model_birth_timestamp":347871.839121,"theta":2.323048265296879,"phi":-1.9067018081002296,"method":"3d c++","id":1}
1254046,1254043,1,348008.472054,106,105,{"topic":"pupil.1","circle_3d":{"center":[-6.243833036386187,1.696898166741864,72.8397060231778],"normal":[-0.24149521133543198,0.6820505151891115,-0.6902804919975086],"radius":2.140032907692864},"confidence":0.9990239363154269,"timestamp":348008.472054,"diameter_3d":4.280065815385728,"ellipse":{"center":[106.91871223108146,134.19817955555254],"axes":[23.76780674446614,36.52794313296671],"angle":-67.07714341204368},"norm_pos":[0.33412097572212957,0.440840918518531],"diameter":36.52794313296671,"sphere":{"center":[-3.3458905003610036,-6.487708015527474,81.1230719271479],"radius":12.0},"projected_sphere":{"center":[134.4283338766218,70.4163381135356],"axes":[183.42500655501428,183.42500655501428],"angle":90.0},"model_confidence":0.9050798331770693,"model_id":153,"model_birth_timestamp":347871.839121,"theta":2.321359220660714,"phi":-1.9073382598161097,"method":"3d c++","id":1}
1254056,1254055,1,348008.480453,106,105,{"topic":"pupil.1","circle_3d":{"center":[-6.259825967801323,1.6920593367380423,72.84053691940996],"normal":[-0.24282795562002663,0.6816472793554597,-0.6902112506448286],"radius":2.140414064552276},"confidence":0.9987587431653429,"timestamp":348008.480453,"diameter_3d":4.280828129104552,"ellipse":{"center":[106.7836305395729,134.1569028321459],"axes":[23.764974078526883,36.53433245068897],"angle":-66.9630256079447},"norm_pos":[0.3336988454361653,0.4410129048660587],"diameter":36.53433245068897,"sphere":{"center":[-3.3458905003610036,-6.487708015527474,81.1230719271479],"radius":12.0},"projected_sphere":{"center":[134.4283338766218,70.4163381135356],"axes":[183.42500655501428,183.42500655501428],"angle":90.0},"model_confidence":0.9049650860998071,"model_id":153,"model_birth_timestamp":347871.839121,"theta":2.3208079702388424,"phi":-1.909088812752849,"method":"3d c++","id":1}
1254065,1254061,1,348008.497253,106,105,{"topic":"pupil.1","circle_3d":{"center":[-6.260838266834632,1.6770004739252524,72.8260474725022],"normal":[-0.24291231387280235,0.6803923741210606,-0.6914187045538094],"radius":2.1389626195433475},"confidence":0.9984745755519473,"timestamp":348008.497253,"diameter_3d":4.277925239086695,"ellipse":{"center":[106.76460451789217,134.03174801981282],"axes":[23.802857999317954,36.51692782748243],"angle":-66.90824636853668},"norm_pos":[0.333639389118413,0.44153438325077987],"diameter":36.51692782748243,"sphere":{"center":[-3.3458905003610036,-6.487708015527474,81.1230719271479],"radius":12.0},"projected_sphere":{"center":[134.4283338766218,70.4163381135356],"axes":[183.42500655501428,183.42500655501428],"angle":90.0},"model_confidence":0.9047432566176572,"model_id":153,"model_birth_timestamp":347871.839121,"theta":2.3190942384246007,"phi":-1.9086505923670691,"method":"3d c++","id":1}
1254072,1254071,1,348008.505653,106,106,{"topic":"pupil.1","circle_3d":{"center":[-6.284139588929065,1.6426549490514404,72.80057888973823],"normal":[-0.24485409071400513,0.6775302470482429,-0.6935410864508061],"radius":2.1407214554254486},"confidence":0.9985847106198347,"timestamp":348008.505653,"diameter_3d":4.281442910850897,"ellipse":{"center":[106.54870512131265,133.7437915462132],"axes":[23.912169533936336,36.56037179488059],"angle":-66.65299015746243},"norm_pos":[0.332964703504102,0.4427342018907783],"diameter":36.56037179488059,"sphere":{"center":[-3.3458905003610036,-6.487708015527474,81.1230719271479],"radius":12.0},"projected_sphere":{"center":[134.4283338766218,70.4163381135356],"axes":[183.42500655501428,183.42500655501428],"angle":90.0},"model_confidence":0.9044927764899069,"model_id":153,"model_birth_timestamp":347871.839121,"theta":2.315195798364757,"phi":-1.910184950934202,"method":"3d c++","id":1}
1254080,1254076,1,348008.514053,106,106,{"topic":"pupil.1","circle_3d":{"center":[-6.268533443503516,1.62645531848014,72.77930110000112],"normal":[-0.24355357859520937,0.6761802778339678,-0.6953142355955653],"radius":2.142900551219798},"confidence":0.9986970429299974,"timestamp":348008.514053,"diameter_3d":4.285801102439596,"ellipse":{"center":[106.66609562469264,133.6090029487479],"axes":[24.02037043943103,36.60815446089138],"angle":-66.69654315891677},"norm_pos":[0.33333154882716454,0.4432958210468837],"diameter":36.60815446089138,"sphere":{"center":[-3.3458905003610036,-6.487708015527474,81.1230719271479],"radius":12.0},"projected_sphere":{"center":[134.4283338766218,70.4163381135356],"axes":[183.42500655501428,183.42500655501428],"angle":90.0},"model_confidence":0.9042589823530345,"model_id":153,"model_birth_timestamp":347871.839121,"theta":2.313361889512365,"phi":-1.9077191689239983,"method":"3d c++","id":1}
1254091,1254089,1,348008.522453,106,106,{"topic":"pupil.1","circle_3d":{"center":[-6.272540181542418,1.6150491609022808,72.76962666285984],"normal":[-0.24388747343178457,0.6752297647024796,-0.6961204386906727],"radius":2.1451946927030536},"confidence":0.9990757708217295,"timestamp":348008.522453,"diameter_3d":4.290389385406107,"ellipse":{"center":[106.62528507171527,133.51307660997196],"axes":[24.0815132851048,36.652380545665146],"angle":-66.63441293607525},"norm_pos":[0.3332040158491102,0.4436955141251169],"diameter":36.652380545665146,"sphere":{"center":[-3.3458905003610036,-6.487708015527474,81.1230719271479],"radius":12.0},"projected_sphere":{"center":[134.4283338766218,70.4163381135356],"axes":[183.42500655501428,183.42500655501428],"angle":90.0},"model_confidence":0.904126543581707,"model_id":153,"model_birth_timestamp":347871.839121,"theta":2.3120724845735494,"phi":-1.907785062789854,"method":"3d c++","id":1}
1254100,1254100,1,348008.530853,106,106,{"topic":"pupil.1","circle_3d":{"center":[-6.280534442561034,1.6080072933294929,72.76560469296459],"normal":[-0.24455366185000257,0.6746429424047472,-0.6964556028486092],"radius":2.1534179863572414},"confidence":0.999054590634535,"timestamp":348008.530853,"diameter_3d":4.306835972714483,"ellipse":{"center":[106.55502897484035,133.45197642596997],"axes":[24.187095413722457,36.7951616401799],"angle":-66.56177520020466},"norm_pos":[0.3329844655463761,0.4439500982251251],"diameter":36.7951616401799,"sphere":{"center":[-3.3458905003610036,-6.487708015527474,81.1230719271479],"radius":12.0},"projected_sphere":{"center":[134.4283338766218,70.4163381135356],"axes":[183.42500655501428,183.42500655501428],"angle":90.0},"model_confidence":0.9039670692810864,"model_id":153,"model_birth_timestamp":347871.839121,"theta":2.311277198656667,"phi":-1.9084866838135304,"method":"3d c++","id":1}
1254114,1254111,1,348008.539253,106,106,{"topic":"pupil.1","circle_3d":{"center":[-6.326640314352648,1.609770835778951,72.78364947717968],"normal":[-0.248395817832637,0.6747899042755354,-0.694951870830685],"radius":2.165426240897319},"confidence":0.9987699268785418,"timestamp":348008.539253,"diameter_3d":4.330852481794638,"ellipse":{"center":[106.1772702264667,133.46147149014416],"axes":[24.241866720642708,36.99202736631409],"angle":-66.28281252304896},"norm_pos":[0.33180396945770846,0.4439105354577326],"diameter":36.99202736631409,"sphere":{"center":[-3.3458905003610036,-6.487708015527474,81.1230719271479],"radius":12.0},"projected_sphere":{"center":[134.4283338766218,70.4163381135356],"axes":[183.42500655501428,183.42500655501428],"angle":90.0},"model_confidence":0.9037804119687021,"model_id":153,"model_birth_timestamp":347871.839121,"theta":2.311476313192793,"phi":-1.9140738464728222,"method":"3d c++","id":1}
1254133,1254128,1,348008.564453,105,106,{"topic":"pupil.1","circle_3d":{"center":[-6.412120784611918,1.6254947210935597,72.83005238066018],"normal":[-0.25551919035424286,0.6761002280517528,-0.6910849622073106],"radius":2.1556957242612773},"confidence":0.9983173401338817,"timestamp":348008.564453,"diameter_3d":4.311391448522555,"ellipse":{"center":[105.4847803550128,133.59020874775953],"axes":[23.93591511984287,36.80356461531329],"angle":-65.81167714626972},"norm_pos":[0.329639938609415,0.4433741302176686],"diameter":36.80356461531329,"sphere":{"center":[-3.3458905003610036,-6.487708015527474,81.1230719271479],"radius":12.0},"projected_sphere":{"center":[134.4283338766218,70.4163381135356],"axes":[183.42500655501428,183.42500655501428],"angle":90.0},"model_confidence":0.9032759528908474,"model_id":153,"model_birth_timestamp":347871.839121,"theta":2.3132532403227617,"phi":-1.9249442711457483,"method":"3d c++","id":1}
1254139,1254139,1,348008.572852,105,106,{"topic":"pupil.1","circle_3d":{"center":[-6.448779818373625,1.6344202267499206,72.85245461668292],"normal":[-0.25857410983438506,0.676844020189783,-0.6892181092054154],"radius":2.1602389373789905},"confidence":0.9985538246676725,"timestamp":348008.572852,"diameter_3d":4.320477874757981,"ellipse":{"center":[105.19046843572794,133.66149332036562],"axes":[23.89238435689104,36.87036313977125],"angle":-65.61893536601548},"norm_pos":[0.3287202138616498,0.44307711116514326],"diameter":36.87036313977125,"sphere":{"center":[-3.3458905003610036,-6.487708015527474,81.1230719271479],"radius":12.0},"projected_sphere":{"center":[134.4283338766218,70.4163381135356],"axes":[183.42500655501428,183.42500655501428],"angle":90.0},"model_confidence":0.9031629074360281,"model_id":153,"model_birth_timestamp":347871.839121,"theta":2.314263185099028,"phi":-1.9297162229094955,"method":"3d c++","id":1}
1254148,1254145,1,348008.581252,104,106,{"topic":"pupil.1","circle_3d":{"center":[-6.483797257485506,1.6400419460494966,72.87121021322673],"normal":[-0.2614922297603752,0.6773124967980808,-0.6876551428267638],"radius":2.1781152151404606},"confidence":0.9600963587185576,"timestamp":348008.581252,"diameter_3d":4.356230430280921,"ellipse":{"center":[104.90846575498821,133.7022051157508],"axes":[24.00982702728316,37.16658229050391],"angle":-65.4261620864628},"norm_pos":[0.32783895548433817,0.44290747868437175],"diameter":37.16658229050391,"sphere":{"center":[-3.3458905003610036,-6.487708015527474,81.1230719271479],"radius":12.0},"projected_sphere":{"center":[134.4283338766218,70.4163381135356],"axes":[183.42500655501428,183.42500655501428],"angle":90.0},"model_confidence":0.9030677807614795,"model_id":153,"model_birth_timestamp":347871.839121,"theta":2.314899779228585,"phi":-1.9341762088064214,"method":"3d c++","id":1}
1254159,1254156,1,348008.589652,104,106,{"topic":"pupil.1","circle_3d":{"center":[-6.50680671030214,1.6357595082876841,72.87577636416171],"normal":[-0.2634096841617613,0.6769556269845965,-0.6872746302488496],"radius":2.1669741064502936},"confidence":0.9845530722533539,"timestamp":348008.589652,"diameter_3d":4.333948212900587,"ellipse":{"center":[104.71595819779226,133.66776128204964],"axes":[23.86366814199671,36.97447261675012],"angle":-65.2731068133898},"norm_pos":[0.32723736936810083,0.4430509946581265],"diameter":36.97447261675012,"sphere":{"center":[-3.3458905003610036,-6.487708015527474,81.1230719271479],"radius":12.0},"projected_sphere":{"center":[134.4283338766218,70.4163381135356],"axes":[183.42500655501428,183.42500655501428],"angle":90.0},"model_confidence":0.9029698199138014,"model_id":153,"model_birth_timestamp":347871.839121,"theta":2.3144148092843393,"phi":-1.936795004567111,"method":"3d c++","id":1}
1254171,1254168,1,348008.598052,104,106,{"topic":"pupil.1","circle_3d":{"center":[-6.562845683755,1.6206810259456148,72.88260916707469],"normal":[-0.26807959861616637,0.6756990867894241,-0.6867052300061018],"radius":2.187825090015514},"confidence":0.9984774281546379,"timestamp":348008.598052,"diameter_3d":4.375650180031028,"ellipse":{"center":[104.24728590011522,133.53406888554997],"axes":[24.052689191228588,37.327941499445785],"angle":-64.88539145521798},"norm_pos":[0.32577276843786007,0.44360804631020845],"diameter":37.327941499445785,"sphere":{"center":[-3.3458905003610036,-6.487708015527474,81.1230719271479],"radius":12.0},"projected_sphere":{"center":[134.4283338766218,70.4163381135356],"axes":[183.42500655501428,183.42500655501428],"angle":90.0},"model_confidence":0.9029843456594189,"model_id":153,"model_birth_timestamp":347871.839121,"theta":2.3127089462505,"phi":-1.9429867536373178,"method":"3d c++","id":1}
1254179,1254173,1,348008.606452,103,106,{"topic":"pupil.1","circle_3d":{"center":[-6.596408983760357,1.6022056677024352,72.87762311056014],"normal":[-0.27087654028327945,0.6741594736024925,-0.6871207347156474],"radius":2.182308459151467},"confidence":0.9985124015267537,"timestamp":348008.606452,"diameter_3d":4.364616918302934,"ellipse":{"center":[103.95857775468795,133.37942537492395],"axes":[24.002114306087073,37.23699815335312],"angle":-64.62117867627742},"norm_pos":[0.3248705554833998,0.44425239427115015],"diameter":37.23699815335312,"sphere":{"center":[-3.3458905003610036,-6.487708015527474,81.1230719271479],"radius":12.0},"projected_sphere":{"center":[134.4283338766218,70.4163381135356],"axes":[183.42500655501428,183.42500655501428],"angle":90.0},"model_confidence":0.9027647346470657,"model_id":153,"model_birth_timestamp":347871.839121,"theta":2.310622415762603,"phi":-1.9463097892101122,"method":"3d c++","id":1}
1254189,1254186,1,348008.614852,103,106,{"topic":"pupil.1","circle_3d":{"center":[-6.639360725930765,1.5800493064785996,72.87296006933029],"normal":[-0.27445585213081347,0.6723131101671729,-0.6875093214848013],"radius":2.191147491707859},"confidence":0.9983307225751188,"timestamp":348008.614852,"diameter_3d":4.382294983415718,"ellipse":{"center":[103.59148019848446,133.19018882822633],"axes":[24.10580303828967,37.3911419875739],"angle":-64.2881601184773},"norm_pos":[0.32372337562026393,0.4450408798823903],"diameter":37.3911419875739,"sphere":{"center":[-3.3458905003610036,-6.487708015527474,81.1230719271479],"radius":12.0},"projected_sphere":{"center":[134.4283338766218,70.4163381135356],"axes":[183.42500655501428,183.42500655501428],"angle":90.0},"model_confidence":0.9026011209759655,"model_id":153,"model_birth_timestamp":347871.839121,"theta":2.3081253956604297,"phi":-1.950615532069462,"method":"3d c++","id":1}
1254196,1254190,1,348008.631652,103,106,{"topic":"pupil.1","circle_3d":{"center":[-6.693374521129924,1.5661764123059978,72.88114882912046],"normal":[-0.27895700173074334,0.6711570356527893,-0.6868269248356202],"radius":2.1973642140573473},"confidence":0.9991991028177469,"timestamp":348008.631652,"diameter_3d":4.3947284281146946,"ellipse":{"center":[103.1401339357767,133.06994184643543],"axes":[24.128344676992196,37.49404042798863],"angle":-63.91896007585416},"norm_pos":[0.3223129185493022,0.4455419089731857],"diameter":37.49404042798863,"sphere":{"center":[-3.3458905003610036,-6.487708015527474,81.1230719271479],"radius":12.0},"projected_sphere":{"center":[134.4283338766218,70.4163381135356],"axes":[183.42500655501428,183.42500655501428],"angle":90.0},"model_confidence":0.9025836523344766,"model_id":153,"model_birth_timestamp":347871.839121,"theta":2.306564801378974,"phi":-1.9565959664893948,"method":"3d c++","id":1}
1254206,1254201,1,348008.640052,102,106,{"topic":"pupil.1","circle_3d":{"center":[-6.722079862624532,1.5708390172853193,72.89743121592772],"normal":[-0.2813491135219607,0.6715455860677327,-0.6854700592683477],"radius":2.19288952433046},"confidence":0.9988280108147483,"timestamp":348008.640052,"diameter_3d":4.38577904866092,"ellipse":{"center":[102.90884707178581,133.10816797049117],"axes":[24.009186222431346,37.40971831416685],"angle":-63.76597357120457},"norm_pos":[0.32159014709933065,0.4453826334562868],"diameter":37.40971831416685,"sphere":{"center":[-3.3458905003610036,-6.487708015527474,81.1230719271479],"radius":12.0},"projected_sphere":{"center":[134.4283338766218,70.4163381135356],"axes":[183.42500655501428,183.42500655501428],"angle":90.0},"model_confidence":0.9024861985211463,"model_id":153,"model_birth_timestamp":347871.839121,"theta":2.307089062399973,"phi":-1.960276150672899,"method":"3d c++","id":1}
1254215,1254213,1,348008.648452,102,106,{"topic":"pupil.1","circle_3d":{"center":[-6.760680220333695,1.576162457676281,72.91860947310732],"normal":[-0.28456580999772424,0.6719892061003129,-0.6837052045033811],"radius":2.1877671046247045},"confidence":0.9981217629180944,"timestamp":348008.648452,"diameter_3d":4.375534209249409,"ellipse":{"center":[102.59750038241322,133.15141384351304],"axes":[23.861937586275875,37.31202314143498],"angle":-63.5580155210767},"norm_pos":[0.3206171886950413,0.44520244231869566],"diameter":37.31202314143498,"sphere":{"center":[-3.3458905003610036,-6.487708015527474,81.1230719271479],"radius":12.0},"projected_sphere":{"center":[134.4283338766218,70.4163381135356],"axes":[183.42500655501428,183.42500655501428],"angle":90.0},"model_confidence":0.9021327231921727,"model_id":153,"model_birth_timestamp":347871.839121,"theta":2.307687932164687,"phi":-1.9651993516338069,"method":"3d c++","id":1}
1254223,1254219,1,348008.656852,102,106,{"topic":"pupil.1","circle_3d":{"center":[-6.770361465354461,1.5828617062532064,72.92923869868922],"normal":[-0.28537258041612146,0.6725474768150567,-0.6828194357048905],"radius":2.1930656296864877},"confidence":0.9980302186344411,"timestamp":348008.656852,"diameter_3d":4.386131259372975,"ellipse":{"center":[102.5240130278689,133.20543430300216],"axes":[23.876591331450534,37.39708488859929],"angle":-63.52513050618762},"norm_pos":[0.3203875407120903,0.4449773570708243],"diameter":37.39708488859929,"sphere":{"center":[-3.3458905003610036,-6.487708015527474,81.1230719271479],"radius":12.0},"projected_sphere":{"center":[134.4283338766218,70.4163381135356],"axes":[183.42500655501428,183.42500655501428],"angle":90.0},"model_confidence":0.9017708366447108,"model_id":153,"model_birth_timestamp":347871.839121,"theta":2.308442038692946,"phi":-1.9666657242312973,"method":"3d c++","id":1}
1254233,1254230,1,348008.665251,102,106,{"topic":"pupil.1","circle_3d":{"center":[-6.7778687425433635,1.605074292489018,72.95432662200818],"normal":[-0.28599818684852996,0.674398525668041,-0.6807287754283096],"radius":2.1966162708513948},"confidence":0.9980021378843028,"timestamp":348008.665251,"diameter_3d":4.3932325417027895,"ellipse":{"center":[102.47994780385706,133.38914482995327],"axes":[23.8174065872261,37.444734759269124],"angle":-63.5601344273764},"norm_pos":[0.32024983688705333,0.44421189654186144],"diameter":37.444734759269124,"sphere":{"center":[-3.3458905003610036,-6.487708015527474,81.1230719271479],"radius":12.0},"projected_sphere":{"center":[134.4283338766218,70.4163381135356],"axes":[183.42500655501428,183.42500655501428],"angle":90.0},"model_confidence":0.901321237802788,"model_id":153,"model_birth_timestamp":347871.839121,"theta":2.3109461254618693,"phi":-1.9685393228704928,"method":"3d c++","id":1}
1254241,1254236,1,348008.673651,102,106,{"topic":"pupil.1","circle_3d":{"center":[-6.7786380874458505,1.6012046749969784,72.87207481713656],"normal":[-0.28730770308072096,0.6744213637297372,-0.680154473553914],"radius":2.1993994616183254},"confidence":0.9981606593850552,"timestamp":348008.673651,"diameter_3d":4.398798923236651,"ellipse":{"center":[102.40911209140862,133.3706213989551],"axes":[23.848001919727828,37.53461210670441],"angle":-63.472062486811495},"norm_pos":[0.3200284752856519,0.44428907750435376],"diameter":37.53461210670441,"sphere":{"center":[-3.3309456504771995,-6.4918516897598675,81.03392849978353],"radius":12.0},"projected_sphere":{"center":[134.51454789950878,70.33008861637666],"axes":[183.62678788354376,183.62678788354376],"angle":90.0},"model_confidence":0.901012298660353,"model_id":153,"model_birth_timestamp":347871.839121,"theta":2.3109770563776735,"phi":-1.9704757334604897,"method":"3d c++","id":1}
1254248,1254246,1,348008.682051,102,106,{"topic":"pupil.1","circle_3d":{"center":[-6.79026442757406,1.6156430824862351,72.89134646971301],"normal":[-0.2882765647580718,0.6756245643538419,-0.6785485025058758],"radius":2.2016804969834642},"confidence":0.9987764434635293,"timestamp":348008.682051,"diameter_3d":4.4033609939669285,"ellipse":{"center":[102.32555083983084,133.48967574418697],"axes":[23.79577700205281,37.563702083964735],"angle":-63.45568081847577},"norm_pos":[0.31976734637447135,0.4437930177325543],"diameter":37.563702083964735,"sphere":{"center":[-3.3309456504771995,-6.4918516897598675,81.03392849978353],"radius":12.0},"projected_sphere":{"center":[134.51454789950878,70.33008861637666],"axes":[183.62678788354376,183.62678788354376],"angle":90.0},"model_confidence":0.900843411435126,"model_id":153,"model_birth_timestamp":347871.839121,"theta":2.3126078593642982,"phi":-1.972533965468734,"method":"3d c++","id":1}
1254254,1254253,1,348008.690451,102,106,{"topic":"pupil.1","circle_3d":{"center":[-6.790756267397947,1.6047984856166728,72.88077166131798],"normal":[-0.28831755141006227,0.674720847948045,-0.6794297365387957],"radius":2.1875337936827957},"confidence":0.9981558642782532,"timestamp":348008.690451,"diameter_3d":4.375067587365591,"ellipse":{"center":[102.31216944816077,133.40253214900582],"axes":[23.682832113886363,37.327724442720395],"angle":-63.41433582915681},"norm_pos":[0.3197255295255024,0.44415611604580907],"diameter":37.327724442720395,"sphere":{"center":[-3.3309456504771995,-6.4918516897598675,81.03392849978353],"radius":12.0},"projected_sphere":{"center":[134.51454789950878,70.33008861637666],"axes":[183.62678788354376,183.62678788354376],"angle":90.0},"model_confidence":0.9004677515467963,"model_id":153,"model_birth_timestamp":347871.839121,"theta":2.311382746188463,"phi":-1.972118213701371,"method":"3d c++","id":1}
1254265,1254259,1,348008.698851,102,106,{"topic":"pupil.1","circle_3d":{"center":[-6.797412854902223,1.604054939208595,72.88286102517198],"normal":[-0.2888722670354187,0.6746588857473719,-0.6792556228842956],"radius":2.1869950405731706},"confidence":0.9980976910566183,"timestamp":348008.698851,"diameter_3d":4.373990081146341,"ellipse":{"center":[102.2572979276726,133.39604157525005],"axes":[23.66723960299922,37.317566985714755],"angle":-63.3729989441365},"norm_pos":[0.31955405602397685,0.44418316010312475],"diameter":37.317566985714755,"sphere":{"center":[-3.3309456504771995,-6.4918516897598675,81.03392849978353],"radius":12.0},"projected_sphere":{"center":[134.51454789950878,70.33008861637666],"axes":[183.62678788354376,183.62678788354376],"angle":90.0},"model_confidence":0.9002304664348815,"model_id":153,"model_birth_timestamp":347871.839121,"theta":2.3112987980940254,"phi":-1.9729021626544365,"method":"3d c++","id":1}
1254271,1254265,1,348008.707251,102,106,{"topic":"pupil.1","circle_3d":{"center":[-6.793093111575102,1.6123724613125763,72.88929309561794],"normal":[-0.2885122884248252,0.6753520125893704,-0.6787196170137986],"radius":2.199307917141907},"confidence":0.9985143347673869,"timestamp":348008.707251,"diameter_3d":4.398615834283814,"ellipse":{"center":[102.29980798665682,133.46279600788748],"axes":[23.777191728231593,37.52432856061081],"angle":-63.427640795334696},"norm_pos":[0.3196868999583026,0.4439050166338022],"diameter":37.52432856061081,"sphere":{"center":[-3.3309456504771995,-6.4918516897598675,81.03392849978353],"radius":12.0},"projected_sphere":{"center":[134.51454789950878,70.33008861637666],"axes":[183.62678788354376,183.62678788354376],"angle":90.0},"model_confidence":0.8999856509018134,"model_id":153,"model_birth_timestamp":347871.839121,"theta":2.3122382328464766,"phi":-1.972737420464523,"method":"3d c++","id":1}
1254283,1254281,1,348008.715651,102,106,{"topic":"pupil.1","circle_3d":{"center":[-6.803325560385257,1.6056614762309316,72.8869745728319],"normal":[-0.2893649924923382,0.6747927638325666,-0.678912827245969],"radius":2.196611354756117},"confidence":0.9982737833640816,"timestamp":348008.715651,"diameter_3d":4.393222709512234,"ellipse":{"center":[102.21106089311043,133.40685809480055],"axes":[23.75407914106468,37.47970073583542],"angle":-63.344353702684145},"norm_pos":[0.3194095652909701,0.44413809127166437],"diameter":37.47970073583542,"sphere":{"center":[-3.3309456504771995,-6.4918516897598675,81.03392849978353],"radius":12.0},"projected_sphere":{"center":[134.51454789950878,70.33008861637666],"axes":[183.62678788354376,183.62678788354376],"angle":90.0},"model_confidence":0.8995742300128229,"model_id":153,"model_birth_timestamp":347871.839121,"theta":2.311480187886301,"phi":-1.9736983346189723,"method":"3d c++","id":1}
1254291,1254287,1,348008.724051,102,106,{"topic":"pupil.1","circle_3d":{"center":[-6.778630884945262,1.6028420614855268,72.87369568462563],"normal":[-0.28730710287233857,0.6745578126037828,-0.6800194012631576],"radius":2.1965068842557187},"confidence":0.9983899965414146,"timestamp":348008.724051,"diameter_3d":4.393013768511437,"ellipse":{"center":[102.41020532842302,133.38493232199588],"axes":[23.810413758569798,37.48437745830997],"angle":-63.47792815459769},"norm_pos":[0.32003189165132195,0.44422944865835057],"diameter":37.48437745830997,"sphere":{"center":[-3.3309456504771995,-6.4918516897598675,81.03392849978353],"radius":12.0},"projected_sphere":{"center":[134.51454789950878,70.33008861637666],"axes":[183.62678788354376,183.62678788354376],"angle":90.0},"model_confidence":0.8992900180366692,"model_id":153,"model_birth_timestamp":347871.839121,"theta":2.311161875239097,"phi":-1.9705461822344092,"method":"3d c++","id":1}
1254298,1254297,1,348008.732451,102,106,{"topic":"pupil.1","circle_3d":{"center":[-6.779004507914694,1.5885119162833536,72.85966314381551],"normal":[-0.2873382381197912,0.6733636338369351,-0.681188779664002],"radius":2.212447475039048},"confidence":0.9985054994655739,"timestamp":348008.732451,"diameter_3d":4.424894950078096,"ellipse":{"center":[102.39742639199511,133.26178275597758],"axes":[24.03731658338069,37.76393112265905],"angle":-63.42474349631769},"norm_pos":[0.3199919574749847,0.44474257185009347],"diameter":37.76393112265905,"sphere":{"center":[-3.3309456504771995,-6.4918516897598675,81.03392849978353],"radius":12.0},"projected_sphere":{"center":[134.51454789950878,70.33008861637666],"axes":[183.62678788354376,183.62678788354376],"angle":90.0},"model_confidence":0.8990328822567784,"model_id":153,"model_birth_timestamp":347871.839121,"theta":2.309545426570644,"phi":-1.9699693921789425,"method":"3d c++","id":1}
1254308,1254303,1,348008.740851,102,106,{"topic":"pupil.1","circle_3d":{"center":[-6.757706413107471,1.5984358462656925,72.86052295129109],"normal":[-0.28556339688585597,0.67419062800213,-0.6811171290410369],"radius":2.1862809988416125},"confidence":0.9974229830508611,"timestamp":348008.740851,"diameter_3d":4.372561997683225,"ellipse":{"center":[102.57677280646172,133.3518449699851],"axes":[23.755246304348766,37.316230571715664],"angle":-63.58438055125026},"norm_pos":[0.3205524150201929,0.444367312625062],"diameter":37.316230571715664,"sphere":{"center":[-3.3309456504771995,-6.4918516897598675,81.03392849978353],"radius":12.0},"projected_sphere":{"center":[134.51454789950878,70.33008861637666],"axes":[183.62678788354376,183.62678788354376],"angle":90.0},"model_confidence":0.8984780282042526,"model_id":153,"model_birth_timestamp":347871.839121,"theta":2.310664597725541,"phi":-1.9677929034581083,"method":"3d c++","id":1}
1254319,1254314,1,348008.749251,102,106,{"topic":"pupil.1","circle_3d":{"center":[-6.74994802270407,1.5925202650321282,72.8514256506988],"normal":[-0.2849168643522392,0.673697662899333,-0.6818752374237274],"radius":2.1914593806884337},"confidence":0.9982554475224095,"timestamp":348008.749251,"diameter_3d":4.382918761376867,"ellipse":{"center":[102.63597984343392,133.301816300552],"axes":[23.848386315178395,37.40925194692931],"angle":-63.60875440118872},"norm_pos":[0.320737437010731,0.4445757654143667],"diameter":37.40925194692931,"sphere":{"center":[-3.3309456504771995,-6.4918516897598675,81.03392849978353],"radius":12.0},"projected_sphere":{"center":[134.51454789950878,70.33008861637666],"axes":[183.62678788354376,183.62678788354376],"angle":90.0},"model_confidence":0.8983189859124496,"model_id":153,"model_birth_timestamp":347871.839121,"theta":2.309997330610638,"phi":-1.9665894340602492,"method":"3d c++","id":1}
1254324,1254324,1,348008.75765,102,106,{"topic":"pupil.1","circle_3d":{"center":[-6.740339972685552,1.5908413611758991,72.84575999882752],"normal":[-0.2841161935173628,0.6735577542446473,-0.6823473750796673],"radius":2.211579579288188},"confidence":0.9984556791356356,"timestamp":348008.75765,"diameter_3d":4.423159158576376,"ellipse":{"center":[102.71463598133732,133.28376189316714],"axes":[24.092008600449617,37.75567805641936],"angle":-63.659002917961914},"norm_pos":[0.3209832374416791,0.4446509921118036],"diameter":37.75567805641936,"sphere":{"center":[-3.3309456504771995,-6.4918516897598675,81.03392849978353],"radius":12.0},"projected_sphere":{"center":[134.51454789950878,70.33008861637666],"axes":[183.62678788354376,183.62678788354376],"angle":90.0},"model_confidence":0.8981487877992911,"model_id":153,"model_birth_timestamp":347871.839121,"theta":2.3098080271672217,"phi":-1.9653436527365586,"method":"3d c++","id":1}
1254334,1254332,1,348008.76605,102,106,{"topic":"pupil.1","circle_3d":{"center":[-6.722068893180807,1.6055428725099556,72.85270093567566],"normal":[-0.28259360355863394,0.674782880189152,-0.6817689636756562],"radius":2.2057052441893434},"confidence":0.9983776405519965,"timestamp":348008.76605,"diameter_3d":4.411410488378687,"ellipse":{"center":[102.87449434952106,133.4088114158085],"axes":[24.00625053322413,37.651353363005605],"angle":-63.818046162955966},"norm_pos":[0.3214827948422533,0.44412995243413134],"diameter":37.651353363005605,"sphere":{"center":[-3.3309456504771995,-6.4918516897598675,81.03392849978353],"radius":12.0},"projected_sphere":{"center":[134.51454789950878,70.33008861637666],"axes":[183.62678788354376,183.62678788354376],"angle":90.0},"model_confidence":0.8980494244585691,"model_id":153,"model_birth_timestamp":347871.839121,"theta":2.3114667956294137,"phi":-1.963740334314268,"method":"3d c++","id":1}
1254342,1254341,1,348008.77445,102,106,{"topic":"pupil.1","circle_3d":{"center":[-6.725080498703002,1.6019784623678834,72.85042301004584],"normal":[-0.2828445706854835,0.674485846010646,-0.6819587908114739],"radius":2.2113300845224875},"confidence":0.9984307581269534,"timestamp":348008.77445,"diameter_3d":4.422660169044975,"ellipse":{"center":[102.84762500411124,133.37760977963254],"axes":[24.075484945239026,37.74867220985553],"angle":-63.787805667521184},"norm_pos":[0.3213988281378476,0.44425995925153106],"diameter":37.74867220985553,"sphere":{"center":[-3.3309456504771995,-6.4918516897598675,81.03392849978353],"radius":12.0},"projected_sphere":{"center":[134.51454789950878,70.33008861637666],"axes":[183.62678788354376,183.62678788354376],"angle":90.0},"model_confidence":0.8977090388742948,"model_id":153,"model_birth_timestamp":347871.839121,"theta":2.3110643932001085,"phi":-1.9639559050113813,"method":"3d c++","id":1}
1254347,1254347,1,348008.78285,102,106,{"topic":"pupil.1","circle_3d":{"center":[-6.72168316823049,1.592279529356592,72.83943513424794],"normal":[-0.2825614598127742,0.6736776015930382,-0.6828744471279662],"radius":2.2156920829834426},"confidence":0.9989309119902293,"timestamp":348008.78285,"diameter_3d":4.431384165966885,"ellipse":{"center":[102.86837155135768,133.29592766092372],"axes":[24.166369980484998,37.82889407779345],"angle":-63.77349704588579},"norm_pos":[0.32146366109799274,0.4446003014128178],"diameter":37.82889407779345,"sphere":{"center":[-3.3309456504771995,-6.4918516897598675,81.03392849978353],"radius":12.0},"projected_sphere":{"center":[134.51454789950878,70.33008861637666],"axes":[183.62678788354376,183.62678788354376],"angle":90.0},"model_confidence":0.8978796126567379,"model_id":153,"model_birth_timestamp":347871.839121,"theta":2.30997018464856,"phi":-1.9631273725329064,"method":"3d c++","id":1}
1254354,1254353,1,348008.79125,102,106,{"topic":"pupil.1","circle_3d":{"center":[-6.714766896958405,1.6052570737417238,72.84939531554582],"normal":[-0.28198510387343384,0.6747590636251326,-0.6820444320198085],"radius":2.2020518583367434},"confidence":0.998417506348408,"timestamp":348008.79125,"diameter_3d":4.404103716673487,"ellipse":{"center":[102.93363889567738,133.40771840319394],"axes":[23.981108592235106,37.59055001661798],"angle":-63.85989263478072},"norm_pos":[0.3216676215489918,0.44413450665335863],"diameter":37.59055001661798,"sphere":{"center":[-3.3309456504771995,-6.4918516897598675,81.03392849978353],"radius":12.0},"projected_sphere":{"center":[134.51454789950878,70.33008861637666],"axes":[183.62678788354376,183.62678788354376],"angle":90.0},"model_confidence":0.8976432896025788,"model_id":153,"model_birth_timestamp":347871.839121,"theta":2.311434525051452,"phi":-1.9628357699488612,"method":"3d c++","id":1}
1254364,1254358,1,348008.79965,102,106,{"topic":"pupil.1","circle_3d":{"center":[-6.713845652314411,1.6005831043830039,72.84439330661684],"normal":[-0.28190833348643435,0.6743695661785726,-0.6824612660972236],"radius":2.203539066199226},"confidence":0.9988715881238164,"timestamp":348008.79965,"diameter_3d":4.407078132398452,"ellipse":{"center":[102.93774508809301,133.36846169598576],"axes":[24.016775317746674,37.61855295099008],"angle":-63.84884002635147},"norm_pos":[0.32168045340029067,0.444298076266726],"diameter":37.61855295099008,"sphere":{"center":[-3.3309456504771995,-6.4918516897598675,81.03392849978353],"radius":12.0},"projected_sphere":{"center":[134.51454789950878,70.33008861637666],"axes":[183.62678788354376,183.62678788354376],"angle":90.0},"model_confidence":0.897497690412774,"model_id":153,"model_birth_timestamp":347871.839121,"theta":2.3109069051967586,"phi":-1.9625240022607875,"method":"3d c++","id":1}
1254371,1254369,1,348008.80805,103,106,{"topic":"pupil.1","circle_3d":{"center":[-6.686460674397425,1.6231450016506823,72.8554599620534],"normal":[-0.2796262519933521,0.6762497242842125,-0.6815390448108435],"radius":2.181475011249942},"confidence":0.9982537345391373,"timestamp":348008.80805,"diameter_3d":4.362950022499884,"ellipse":{"center":[103.17686942399335,133.56328446461987],"axes":[23.74133017968841,37.235437103508424],"angle":-64.08900746860522},"norm_pos":[0.32242771694997924,0.4434863147307505],"diameter":37.235437103508424,"sphere":{"center":[-3.3309456504771995,-6.4918516897598675,81.03392849978353],"radius":12.0},"projected_sphere":{"center":[134.51454789950878,70.33008861637666],"axes":[183.62678788354376,183.62678788354376],"angle":90.0},"model_confidence":0.8973175545674006,"model_id":153,"model_birth_timestamp":347871.839121,"theta":2.3134561558921694,"phi":-1.9601387815341436,"method":"3d c++","id":1}
1254382,1254381,1,348008.81645,103,106,{"topic":"pupil.1","circle_3d":{"center":[-6.673155885910882,1.653275205649761,72.88000069780753],"normal":[-0.2785175196194736,0.678760574617469,-0.6794939834979995],"radius":2.191811042756936},"confidence":0.9986940102036864,"timestamp":348008.81645,"diameter_3d":4.383622085513872,"ellipse":{"center":[103.30908728897745,133.81272744480856],"axes":[23.763811322956137,37.398917923650444],"angle":-64.27208591828267},"norm_pos":[0.3228408977780545,0.4424469689799644],"diameter":37.398917923650444,"sphere":{"center":[-3.3309456504771995,-6.4918516897598675,81.03392849978353],"radius":12.0},"projected_sphere":{"center":[134.51454789950878,70.33008861637666],"axes":[183.62678788354376,183.62678788354376],"angle":90.0},"model_confidence":0.897000474121934,"model_id":153,"model_birth_timestamp":347871.839121,"theta":2.3168698786743716,"phi":-1.9597990449083535,"method":"3d c++","id":1}
1254391,1254387,1,348008.82485,103,105,{"topic":"pupil.1","circle_3d":{"center":[-6.653151415915753,1.6956023579499089,72.91428903311214],"normal":[-0.2768504804532128,0.682287837309148,-0.6766366222226158],"radius":2.195828926350875},"confidence":0.998735870114317,"timestamp":348008.82485,"diameter_3d":4.39165785270175,"ellipse":{"center":[103.50491348398143,134.16531071095443],"axes":[23.681743195654487,37.449262891104354],"angle":-64.53555333156143},"norm_pos":[0.32345285463744194,0.4409778720376899],"diameter":37.449262891104354,"sphere":{"center":[-3.3309456504771995,-6.4918516897598675,81.03392849978353],"radius":12.0},"projected_sphere":{"center":[134.51454789950878,70.33008861637666],"axes":[183.62678788354376,183.62678788354376],"angle":90.0},"model_confidence":0.8967648548075524,"model_id":153,"model_birth_timestamp":347871.839121,"theta":2.32168378842505,"phi":-1.9591714950282664,"method":"3d c++","id":1}
1254402,1254400,1,348008.83325,103,105,{"topic":"pupil.1","circle_3d":{"center":[-6.60457152821519,1.7551598922922302,72.95493267244814],"normal":[-0.27280215647816586,0.6872509651710081,-0.6732496522779495],"radius":2.1719027157431463},"confidence":0.9984670995255608,"timestamp":348008.83325,"diameter_3d":4.343805431486293,"ellipse":{"center":[103.94548787625246,134.66890772194162],"axes":[23.282729459711256,37.019179896447895],"angle":-65.02333273454889},"norm_pos":[0.3248296496132889,0.4388795511585766],"diameter":37.019179896447895,"sphere":{"center":[-3.3309456504771995,-6.4918516897598675,81.03392849978353],"radius":12.0},"projected_sphere":{"center":[134.51454789950878,70.33008861637666],"axes":[183.62678788354376,183.62678788354376],"angle":90.0},"model_confidence":0.8965252227586262,"model_id":153,"model_birth_timestamp":347871.839121,"theta":2.32849421177925,"phi":-1.9557791918452538,"method":"3d c++","id":1}
1254407,1254403,1,348008.84165,104,105,{"topic":"pupil.1","circle_3d":{"center":[-6.597580751705159,1.7769592294175336,72.9744085948315],"normal":[-0.2722195917689966,0.6890675765981167,-0.6716266587460026],"radius":2.173924489356912},"confidence":0.9986099801951217,"timestamp":348008.84165,"diameter_3d":4.347848978713824,"ellipse":{"center":[104.01942881080036,134.8498675957808],"axes":[23.232711287561628,37.04350424917661],"angle":-65.13759512839005},"norm_pos":[0.3250607150337511,0.4381255516842466],"diameter":37.04350424917661,"sphere":{"center":[-3.3309456504771995,-6.4918516897598675,81.03392849978353],"radius":12.0},"projected_sphere":{"center":[134.51454789950878,70.33008861637666],"axes":[183.62678788354376,183.62678788354376],"angle":90.0},"model_confidence":0.8962692659261862,"model_id":153,"model_birth_timestamp":347871.839121,"theta":2.3309979523898043,"phi":-1.9558752050184856,"method":"3d c++","id":1}
1254414,1254409,1,348008.850049,103,105,{"topic":"pupil.1","circle_3d":{"center":[-6.613402887521994,1.7605421000730157,72.96401702415383],"normal":[-0.2735381030870663,0.6876994824860736,-0.6724926229691416],"radius":2.1637830606748953},"confidence":0.9983946884506141,"timestamp":348008.850049,"diameter_3d":4.327566121349791,"ellipse":{"center":[103.87693834932512,134.71484501542145],"axes":[23.159169477432968,36.87622696126662],"angle":-64.9896322834729},"norm_pos":[0.324615432341641,0.43868814576907733],"diameter":36.87622696126662,"sphere":{"center":[-3.3309456504771995,-6.4918516897598675,81.03392849978353],"radius":12.0},"projected_sphere":{"center":[134.51454789950878,70.33008861637666],"axes":[183.62678788354376,183.62678788354376],"angle":90.0},"model_confidence":0.8959899469024646,"model_id":153,"model_birth_timestamp":347871.839121,"theta":2.3291118274548404,"phi":-1.9571102971716563,"method":"3d c++","id":1}
1254423,1254420,1,348008.858449,103,105,{"topic":"pupil.1","circle_3d":{"center":[-6.6499376017141785,1.7071496014947378,72.92463320033676],"normal":[-0.2765826626030816,0.6832501076045504,-0.6757746082872308],"radius":2.1716349913462527},"confidence":0.9986149237648574,"timestamp":348008.858449,"diameter_3d":4.343269982692505,"ellipse":{"center":[103.53826761722321,134.2670752294298],"axes":[23.382346633389854,37.03105376866975],"angle":-64.59402859367293},"norm_pos":[0.3235570863038225,0.44055385321070917],"diameter":37.03105376866975,"sphere":{"center":[-3.3309456504771995,-6.4918516897598675,81.03392849978353],"radius":12.0},"projected_sphere":{"center":[134.51454789950878,70.33008861637666],"axes":[183.62678788354376,183.62678788354376],"angle":90.0},"model_confidence":0.8958020097716402,"model_id":153,"model_birth_timestamp":347871.839121,"theta":2.323000822818539,"phi":-1.9592790836772862,"method":"3d c++","id":1}
1254438,1254437,1,348008.866849,103,106,{"topic":"pupil.1","circle_3d":{"center":[-6.676926243243921,1.6491546507637782,72.87743233804947],"normal":[-0.2788317160638935,0.6784171950436371,-0.6797080134778374],"radius":2.163381252621429},"confidence":0.9982991890152914,"timestamp":348008.866849,"diameter_3d":4.326762505242858,"ellipse":{"center":[103.27313880508139,133.78467433504758],"axes":[23.463958867483164,36.91497624385442],"angle":-64.2357026241551},"norm_pos":[0.32272855876587936,0.4425638569373017],"diameter":36.91497624385442,"sphere":{"center":[-3.3309456504771995,-6.4918516897598675,81.03392849978353],"radius":12.0},"projected_sphere":{"center":[134.51454789950878,70.33008861637666],"axes":[183.62678788354376,183.62678788354376],"angle":90.0},"model_confidence":0.895538123072237,"model_id":153,"model_birth_timestamp":347871.839121,"theta":2.3164023891817345,"phi":-1.9600842694399154,"method":"3d c++","id":1}
1254442,1254439,1,348008.875249,103,106,{"topic":"pupil.1","circle_3d":{"center":[-6.696925867911382,1.6070911648675423,72.84385512933554],"normal":[-0.28049835145284857,0.6749119045522841,-0.6825061142039995],"radius":2.161565310814282},"confidence":0.9986765072032814,"timestamp":348008.875249,"diameter_3d":4.323130621628564,"ellipse":{"center":[103.07781881296503,133.4333682920568],"axes":[23.56538334363238,36.9015971849653],"angle":-63.97127889948317},"norm_pos":[0.3221181837905157,0.44402763211643004],"diameter":36.9015971849653,"sphere":{"center":[-3.3309456504771995,-6.4918516897598675,81.03392849978353],"radius":12.0},"projected_sphere":{"center":[134.51454789950878,70.33008861637666],"axes":[183.62678788354376,183.62678788354376],"angle":90.0},"model_confidence":0.8953123878737479,"model_id":153,"model_birth_timestamp":347871.839121,"theta":2.3116416355033382,"phi":-1.960734731129882,"method":"3d c++","id":1}
1254450,1254447,1,348008.883649,103,106,{"topic":"pupil.1","circle_3d":{"center":[-6.70371173824627,1.582433081681872,72.82232851276157],"normal":[-0.2810638406474225,0.6728570642868116,-0.684299998918496],"radius":2.1700866307876234},"confidence":0.9988561306997941,"timestamp":348008.883649,"diameter_3d":4.340173261575247,"ellipse":{"center":[103.00443519615857,133.2253732529357],"axes":[23.73800150331897,37.05837967010176],"angle":-63.84452257641115},"norm_pos":[0.32188885998799555,0.44489427811276794],"diameter":37.05837967010176,"sphere":{"center":[-3.3309456504771995,-6.4918516897598675,81.03392849978353],"radius":12.0},"projected_sphere":{"center":[134.51454789950878,70.33008861637666],"axes":[183.62678788354376,183.62678788354376],"angle":90.0},"model_confidence":0.8951163081838742,"model_id":153,"model_birth_timestamp":347871.839121,"theta":2.3088604491876388,"phi":-1.9605199723163085,"method":"3d c++","id":1}
1254459,1254459,1,348008.892049,103,106,{"topic":"pupil.1","circle_3d":{"center":[-6.693293538558791,1.5747897243252567,72.81055249135001],"normal":[-0.2801956573401327,0.672220117840427,-0.6852813340361267],"radius":2.1599462365569044},"confidence":0.9988696149191387,"timestamp":348008.892049,"diameter_3d":4.319892473113809,"ellipse":{"center":[103.08313674572696,133.16452715293792],"axes":[23.67411219493324,36.89098840219016],"angle":-63.87898008688518},"norm_pos":[0.32213480233039676,0.4451478035294253],"diameter":36.89098840219016,"sphere":{"center":[-3.3309456504771995,-6.4918516897598675,81.03392849978353],"radius":12.0},"projected_sphere":{"center":[134.51454789950878,70.33008861637666],"axes":[183.62678788354376,183.62678788354376],"angle":90.0},"model_confidence":0.8949690307358149,"model_id":153,"model_birth_timestamp":347871.839121,"theta":2.3079997828266943,"phi":-1.958931640380041,"method":"3d c++","id":1}
1254464,1254459,1,348008.900449,103,106,{"topic":"pupil.1","circle_3d":{"center":[-6.680970874833612,1.5837010410789194,72.81427041154056],"normal":[-0.2791687686963677,0.6729627275698988,-0.6849715073535805],"radius":2.161929892757894},"confidence":0.9964867489385931,"timestamp":348008.900449,"diameter_3d":4.323859785515788,"ellipse":{"center":[103.19070496393593,133.23917083118624],"axes":[23.685124235451575,36.92273873255149],"angle":-63.98311753328974},"norm_pos":[0.3224709530122998,0.4448367882033907],"diameter":36.92273873255149,"sphere":{"center":[-3.3309456504771995,-6.4918516897598675,81.03392849978353],"radius":12.0},"projected_sphere":{"center":[134.51454789950878,70.33008861637666],"axes":[183.62678788354376,183.62678788354376],"angle":90.0},"model_confidence":0.8951105286805094,"model_id":153,"model_birth_timestamp":347871.839121,"theta":2.3090032905962623,"phi":-1.9578051380708323,"method":"3d c++","id":1}
1254475,1254470,1,348008.908849,102,106,{"topic":"pupil.1","circle_3d":{"center":[-6.70786544192493,1.5827224298869762,72.8243203782921],"normal":[-0.28140998262064426,0.672881176637237,-0.6841340101242855],"radius":2.155769844982663},"confidence":0.9988660476128238,"timestamp":348008.908849,"diameter_3d":4.311539689965326,"ellipse":{"center":[102.96966595754442,133.2307901324199],"axes":[23.572657676131644,36.812834045944115],"angle":-63.82112557502751},"norm_pos":[0.32178020611732633,0.4448717077815837],"diameter":36.812834045944115,"sphere":{"center":[-3.3309456504771995,-6.4918516897598675,81.03392849978353],"radius":12.0},"projected_sphere":{"center":[134.51454789950878,70.33008861637666],"axes":[183.62678788354376,183.62678788354376],"angle":90.0},"model_confidence":0.8949769794092899,"model_id":153,"model_birth_timestamp":347871.839121,"theta":2.3088930439480992,"phi":-1.9610380534328284,"method":"3d c++","id":1}
1254485,1254481,1,348008.917249,102,106,{"topic":"pupil.1","circle_3d":{"center":[-6.721909789177304,1.5762217871008826,72.82371823560479],"normal":[-0.2825803448916754,0.6723394564050625,-0.6841841886815617],"radius":2.1457976604465463},"confidence":0.9985343778651435,"timestamp":348008.917249,"diameter_3d":4.291595320893093,"ellipse":{"center":[102.84929191159769,133.1779607190314],"axes":[23.462053110579262,36.64303517364735],"angle":-63.71554209224314},"norm_pos":[0.3214040372237428,0.4450918303373691],"diameter":36.64303517364735,"sphere":{"center":[-3.3309456504771995,-6.4918516897598675,81.03392849978353],"radius":12.0},"projected_sphere":{"center":[134.51454789950878,70.33008861637666],"axes":[183.62678788354376,183.62678788354376],"angle":90.0},"model_confidence":0.894836797639964,"model_id":153,"model_birth_timestamp":347871.839121,"theta":2.3081609864233528,"phi":-1.9624744506181566,"method":"3d c++","id":1}
1254491,1254487,1,348008.925649,102,107,{"topic":"pupil.1","circle_3d":{"center":[-6.743520932980294,1.5480248444226294,72.80503335788565],"normal":[-0.28438127354192455,0.6699897111818748,-0.6857412618248235],"radius":2.16316812032185},"confidence":0.9992267470165493,"timestamp":348008.925649,"diameter_3d":4.3263362406437,"ellipse":{"center":[102.65280221290409,132.9374018315127],"axes":[23.716868850542784,36.94983309750742],"angle":-63.48816248299491},"norm_pos":[0.3207900069153253,0.44609415903536376],"diameter":36.94983309750742,"sphere":{"center":[-3.3309456504771995,-6.4918516897598675,81.03392849978353],"radius":12.0},"projected_sphere":{"center":[134.51454789950878,70.33008861637666],"axes":[183.62678788354376,183.62678788354376],"angle":90.0},"model_confidence":0.8948847977582886,"model_id":153,"model_birth_timestamp":347871.839121,"theta":2.3049912547480704,"phi":-1.9639159779039266,"method":"3d c++","id":1}
1254500,1254499,1,348008.934049,102,107,{"topic":"pupil.1","circle_3d":{"center":[-6.756334497430744,1.5423110174427102,72.80477660901364],"normal":[-0.2854490705794621,0.6695135589335481,-0.6857626575641574],"radius":2.157559967108795},"confidence":0.9990454672242519,"timestamp":348008.934049,"diameter_3d":4.31511993421759,"ellipse":{"center":[102.54341967976526,132.89020663554888],"axes":[23.65285954802131,36.854366118078616],"angle":-63.39248353001281},"norm_pos":[0.32044818649926643,0.44629080568521295],"diameter":36.854366118078616,"sphere":{"center":[-3.3309456504771995,-6.4918516897598675,81.03392849978353],"radius":12.0},"projected_sphere":{"center":[134.51454789950878,70.33008861637666],"axes":[183.62678788354376,183.62678788354376],"angle":90.0},"model_confidence":0.8947114071474305,"model_id":153,"model_birth_timestamp":347871.839121,"theta":2.3043500457794943,"phi":-1.9652328172641826,"method":"3d c++","id":1}
1254509,1254505,1,348008.942448,102,107,{"topic":"pupil.1","circle_3d":{"center":[-6.7761461567738674,1.5345560857533656,72.80547957592225],"normal":[-0.28710004219138896,0.6688673146261027,-0.6857040769884403],"radius":2.1423012621916153},"confidence":0.9986758009048018,"timestamp":348008.942448,"diameter_3d":4.284602524383231,"ellipse":{"center":[102.37465253046693,132.8277148548226],"axes":[23.47752167549937,36.593614455014276],"angle":-63.24850955784888},"norm_pos":[0.31992078915770916,0.4465511881049058],"diameter":36.593614455014276,"sphere":{"center":[-3.3309456504771995,-6.4918516897598675,81.03392849978353],"radius":12.0},"projected_sphere":{"center":[134.51454789950878,70.33008861637666],"axes":[183.62678788354376,183.62678788354376],"angle":90.0},"model_confidence":0.8944423505197641,"model_id":153,"model_birth_timestamp":347871.839121,"theta":2.303480375145315,"phi":-1.9673134598001636,"method":"3d c++","id":1}
1254516,1254515,1,348008.950848,102,107,{"topic":"pupil.1","circle_3d":{"center":[-6.791677254940939,1.5517527323590325,72.8288224881384],"normal":[-0.2883943003719784,0.6703003685099084,-0.683758834303761],"radius":2.1571684090736474},"confidence":0.9988579015519793,"timestamp":348008.950848,"diameter_3d":4.314336818147295,"ellipse":{"center":[102.26197236119917,132.96700211694542],"axes":[23.54864238166785,36.835988968151234],"angle":-63.21945315740132},"norm_pos":[0.3195686636287474,0.4459708245127274],"diameter":36.835988968151234,"sphere":{"center":[-3.3309456504771995,-6.4918516897598675,81.03392849978353],"radius":12.0},"projected_sphere":{"center":[134.51454789950878,70.33008861637666],"axes":[183.62678788354376,183.62678788354376],"angle":90.0},"model_confidence":0.8942698274459926,"model_id":153,"model_birth_timestamp":347871.839121,"theta":2.3054098005689156,"phi":-1.9699345836160922,"method":"3d c++","id":1}
1254526,1254522,1,348008.959248,102,106,{"topic":"pupil.1","circle_3d":{"center":[-6.7799140554053885,1.6043011879826228,72.87568570356638],"normal":[-0.2874140337440157,0.6746794064785409,-0.6798535663514296],"radius":2.16188258113199},"confidence":0.9989837806417184,"timestamp":348008.959248,"diameter_3d":4.32376516226398,"ellipse":{"center":[102.39829330742785,133.40489216186867],"axes":[23.42689565290054,36.89221549148863],"angle":-63.475724794812265},"norm_pos":[0.319994666585712,0.44414628265888056],"diameter":36.89221549148863,"sphere":{"center":[-3.3309456504771995,-6.4918516897598675,81.03392849978353],"radius":12.0},"projected_sphere":{"center":[134.51454789950878,70.33008861637666],"axes":[183.62678788354376,183.62678788354376],"angle":90.0},"model_confidence":0.894111328780478,"model_id":153,"model_birth_timestamp":347871.839121,"theta":2.3113265994318444,"phi":-1.970767072098071,"method":"3d c++","id":1}
1254532,1254532,1,348008.967648,102,106,{"topic":"pupil.1","circle_3d":{"center":[-6.77596032531409,1.6458237760569059,72.91542421000193],"normal":[-0.28708455623640755,0.6781396221513978,-0.6765420241484665],"radius":2.1443129877045757},"confidence":0.9787992097599043,"timestamp":348008.967648,"diameter_3d":4.288625975409151,"ellipse":{"center":[102.46115397294133,133.754889363277],"axes":[23.089202403333857,36.57194538509141],"angle":-63.645597652355036},"norm_pos":[0.32019110616544166,0.4426879609863459],"diameter":36.57194538509141,"sphere":{"center":[-3.3309456504771995,-6.4918516897598675,81.03392849978353],"radius":12.0},"projected_sphere":{"center":[134.51454789950878,70.33008861637666],"axes":[183.62678788354376,183.62678788354376],"angle":90.0},"model_confidence":0.8938235415591467,"model_id":153,"model_birth_timestamp":347871.839121,"theta":2.3160246387650667,"phi":-1.9721087094709582,"method":"3d c++","id":1}
1254539,1254532,1,348008.976048,102,105,{"topic":"pupil.1","circle_3d":{"center":[-6.768987672377786,1.6940413091078277,72.96107133105234],"normal":[-0.28650350182504886,0.6821577499056413,-0.6727380973942658],"radius":2.1331236460535306},"confidence":0.9985482177782276,"timestamp":348008.976048,"diameter_3d":4.266247292107061,"ellipse":{"center":[102.55455876345283,134.15884514980607],"axes":[22.801356788470997,36.35780326498592],"angle":-63.85500378089236},"norm_pos":[0.3204829961357901,0.4410048118758081],"diameter":36.35780326498592,"sphere":{"center":[-3.3309456504771995,-6.4918516897598675,81.03392849978353],"radius":12.0},"projected_sphere":{"center":[134.51454789950878,70.33008861637666],"axes":[183.62678788354376,183.62678788354376],"angle":90.0},"model_confidence":0.8935260989805349,"model_id":153,"model_birth_timestamp":347871.839121,"theta":2.321505865414079,"phi":-1.9734093389626142,"method":"3d c++","id":1}
1254548,1254544,1,348008.984448,102,105,{"topic":"pupil.1","circle_3d":{"center":[-6.76262457951249,1.7144362774273816,72.97909035568573],"normal":[-0.2859732440862743,0.6838573305989374,-0.6712365120081505],"radius":2.1255921809149427},"confidence":0.9983146369598627,"timestamp":348008.984448,"diameter_3d":4.2511843618298855,"ellipse":{"center":[102.6217712608254,134.33038454390683],"axes":[22.65599475431094,36.22018636100566],"angle":-63.96278203709116},"norm_pos":[0.32069303519007936,0.4402900644003882],"diameter":36.22018636100566,"sphere":{"center":[-3.3309456504771995,-6.4918516897598675,81.03392849978353],"radius":12.0},"projected_sphere":{"center":[134.51454789950878,70.33008861637666],"axes":[183.62678788354376,183.62678788354376],"angle":90.0},"model_confidence":0.8931386332376334,"model_id":153,"model_birth_timestamp":347871.839121,"theta":2.323832748952579,"phi":-1.9735470804178008,"method":"3d c++","id":1}
1254562,1254561,1,348008.992848,102,105,{"topic":"pupil.1","circle_3d":{"center":[-6.78436537475875,1.7122577488764872,72.98616604511199],"normal":[-0.28778497702346245,0.6836757865530296,-0.670646871222629],"radius":2.134378468274864},"confidence":0.9988919680240361,"timestamp":348008.992848,"diameter_3d":4.268756936549728,"ellipse":{"center":[102.44369070244363,134.3088454983161],"axes":[22.717861002381266,36.366797067310834],"angle":-63.82959585043062},"norm_pos":[0.3201365334451364,0.440379810423683],"diameter":36.366797067310834,"sphere":{"center":[-3.3309456504771995,-6.4918516897598675,81.03392849978353],"radius":12.0},"projected_sphere":{"center":[134.51454789950878,70.33008861637666],"axes":[183.62678788354376,183.62678788354376],"angle":90.0},"model_confidence":0.8929345205835881,"model_id":153,"model_birth_timestamp":347871.839121,"theta":2.3235839565139558,"phi":-1.976147681103077,"method":"3d c++","id":1}
1254568,1254565,1,348009.001248,102,105,{"topic":"pupil.1","circle_3d":{"center":[-6.8252440023607335,1.700576978469174,72.99191435256873],"normal":[-0.29119152932362785,0.6827023890190869,-0.670167845601233],"radius":2.1358746808149207},"confidence":0.9984172410339964,"timestamp":348009.001248,"diameter_3d":4.271749361629841,"ellipse":{"center":[102.1020421884237,134.20866904672877],"axes":[22.70178030877273,36.39014102578196],"angle":-63.55339538143545},"norm_pos":[0.31906888183882404,0.4407972123052968],"diameter":36.39014102578196,"sphere":{"center":[-3.3309456504771995,-6.4918516897598675,81.03392849978353],"radius":12.0},"projected_sphere":{"center":[134.51454789950878,70.33008861637666],"axes":[183.62678788354376,183.62678788354376],"angle":90.0},"model_confidence":0.8925502271019403,"model_id":153,"model_birth_timestamp":347871.839121,"theta":2.3222509758833634,"phi":-1.9806904831289858,"method":"3d c++","id":1}
1254578,1254578,1,348009.009648,102,106,{"topic":"pupil.1","circle_3d":{"center":[-6.8298451957692805,1.6731290106677683,72.9660420272556],"normal":[-0.29157496210767336,0.6804150583689696,-0.6723238727106605],"radius":2.121720314874816},"confidence":0.9984242994650651,"timestamp":348009.009648,"diameter_3d":4.243440629749632,"ellipse":{"center":[102.04201260738859,133.98341282142343],"axes":[22.645147059184616,36.161955321785896],"angle":-63.430399979417246},"norm_pos":[0.31888128939808935,0.44173577991073576],"diameter":36.161955321785896,"sphere":{"center":[-3.3309456504771995,-6.4918516897598675,81.03392849978353],"radius":12.0},"projected_sphere":{"center":[134.51454789950878,70.33008861637666],"axes":[183.62678788354376,183.62678788354376],"angle":90.0},"model_confidence":0.8922091368849916,"model_id":153,"model_birth_timestamp":347871.839121,"theta":2.3191251924195897,"phi":-1.9799979145844138,"method":"3d c++","id":1}
1254584,1254578,1,348009.018048,101,106,{"topic":"pupil.1","circle_3d":{"center":[-6.84898628653203,1.61837909838696,72.91927837509779],"normal":[-0.2931700530045693,0.6758525656789023,-0.6762208437238113],"radius":2.11430366058264},"confidence":0.9983861466995179,"timestamp":348009.018048,"diameter_3d":4.22860732116528,"ellipse":{"center":[101.84293358197755,133.52830390029374],"axes":[22.73248075183418,36.059282449072285],"angle":-63.12573990758554},"norm_pos":[0.3182591674436798,0.44363206708210945],"diameter":36.059282449072285,"sphere":{"center":[-3.3309456504771995,-6.4918516897598675,81.03392849978353],"radius":12.0},"projected_sphere":{"center":[134.51454789950878,70.33008861637666],"axes":[183.62678788354376,183.62678788354376],"angle":90.0},"model_confidence":0.8918741142461606,"model_id":153,"model_birth_timestamp":347871.839121,"theta":2.3129171641179553,"phi":-1.9798797159780326,"method":"3d c++","id":1}
1254591,1254589,1,348009.026448,101,106,{"topic":"pupil.1","circle_3d":{"center":[-6.843637656658938,1.6001825913326382,72.89882087521391],"normal":[-0.29272433384847824,0.6743361900910422,-0.6779256353808006],"radius":2.113066013285468},"confidence":0.998278170498082,"timestamp":348009.026448,"diameter_3d":4.226132026570936,"ellipse":{"center":[101.872263504029,133.37738729454895],"axes":[22.795672441158526,36.04833066345283],"angle":-63.09150378727537},"norm_pos":[0.3183508234500906,0.44426088627271265],"diameter":36.04833066345283,"sphere":{"center":[-3.3309456504771995,-6.4918516897598675,81.03392849978353],"radius":12.0},"projected_sphere":{"center":[134.51454789950878,70.33008861637666],"axes":[183.62678788354376,183.62678788354376],"angle":90.0},"model_confidence":0.8915493686217468,"model_id":153,"model_birth_timestamp":347871.839121,"theta":2.310861705210034,"phi":-1.9784075900095932,"method":"3d c++","id":1}
1254598,1254593,1,348009.034847,102,106,{"topic":"pupil.1","circle_3d":{"center":[-6.8198695019504,1.581051382511312,72.86963757256052],"normal":[-0.2907436542894334,0.6727419226892649,-0.6803575772685843],"radius":2.116102988183712},"confidence":0.9977991253951515,"timestamp":348009.034847,"diameter_3d":4.232205976367424,"ellipse":{"center":[102.05137493756268,133.21880935982617],"axes":[22.942123950027153,36.11440395201298],"angle":-63.160578317740516},"norm_pos":[0.3189105466798834,0.44492162766739096],"diameter":36.11440395201298,"sphere":{"center":[-3.3309456504771995,-6.4918516897598675,81.03392849978353],"radius":12.0},"projected_sphere":{"center":[134.51454789950878,70.33008861637666],"axes":[183.62678788354376,183.62678788354376],"angle":90.0},"model_confidence":0.8910291762208034,"model_id":153,"model_birth_timestamp":347871.839121,"theta":2.3087048156015375,"phi":-1.974646866118644,"method":"3d c++","id":1}
1254607,1254605,1,348009.043247,102,106,{"topic":"pupil.1","circle_3d":{"center":[-6.763577165049357,1.5922644432364184,72.85688091319122],"normal":[-0.2860526262143464,0.6736763444163572,-0.6814206322160263],"radius":2.10284255153013},"confidence":0.998429418808958,"timestamp":348009.043247,"diameter_3d":4.20568510306026,"ellipse":{"center":[102.51810282747425,133.31875075416596],"axes":[22.859623858325865,35.893346260241266],"angle":-63.52839854656105},"norm_pos":[0.320369071335857,0.44450520519097514],"diameter":35.893346260241266,"sphere":{"center":[-3.3309456504771995,-6.4918516897598675,81.03392849978353],"radius":12.0},"projected_sphere":{"center":[134.51454789950878,70.33008861637666],"axes":[183.62678788354376,183.62678788354376],"angle":90.0},"model_confidence":0.8907746602145439,"model_id":153,"model_birth_timestamp":347871.839121,"theta":2.3099684835219585,"phi":-1.9682446201992065,"method":"3d c++","id":1}
1254618,1254617,1,348009.051647,102,106,{"topic":"pupil.1","circle_3d":{"center":[-6.733244382573345,1.6106328688856806,72.86238597009628],"normal":[-0.2835248943413455,0.6752070465537957,-0.680961877473937],"radius":2.114269829174663},"confidence":0.9988310907106724,"timestamp":348009.051647,"diameter_3d":4.228539658349326,"ellipse":{"center":[102.78048624947337,133.47123669058664],"axes":[22.97160913036394,36.08516399996113],"angle":-63.770732294338046},"norm_pos":[0.32118901952960427,0.4438698471225557],"diameter":36.08516399996113,"sphere":{"center":[-3.3309456504771995,-6.4918516897598675,81.03392849978353],"radius":12.0},"projected_sphere":{"center":[134.51454789950878,70.33008861637666],"axes":[183.62678788354376,183.62678788354376],"angle":90.0},"model_confidence":0.8904763357345247,"model_id":153,"model_birth_timestamp":347871.839121,"theta":2.312041685226116,"phi":-1.965325624459876,"method":"3d c++","id":1}
1254627,1254623,1,348009.060047,103,106,{"topic":"pupil.1","circle_3d":{"center":[-6.7062982397112965,1.6307683128465857,72.87120596428055],"normal":[-0.2812793824361748,0.6768850002172044,-0.6802268779585818],"radius":2.109041103360257},"confidence":0.998859190121963,"timestamp":348009.060047,"diameter_3d":4.218082206720514,"ellipse":{"center":[103.01545103082498,133.64185858793616],"axes":[22.889340619744306,35.99096943455798],"angle":-63.99933562450576},"norm_pos":[0.32192328447132806,0.443158922550266],"diameter":35.99096943455798,"sphere":{"center":[-3.3309456504771995,-6.4918516897598675,81.03392849978353],"radius":12.0},"projected_sphere":{"center":[134.51454789950878,70.33008861637666],"axes":[183.62678788354376,183.62678788354376],"angle":90.0},"model_confidence":0.8903481318227158,"model_id":153,"model_birth_timestamp":347871.839121,"theta":2.314318856343391,"phi":-1.9628931820625075,"method":"3d c++","id":1}
1254634,1254633,1,348009.068447,103,106,{"topic":"pupil.1","circle_3d":{"center":[-6.686267439000522,1.6362551822652591,72.86840987740572],"normal":[-0.2796101490436102,0.6773422393354273,-0.6804598851981496],"radius":2.1090253857138483},"confidence":0.9986590377687194,"timestamp":348009.068447,"diameter_3d":4.218050771427697,"ellipse":{"center":[103.18323271642421,133.68883554595382],"axes":[22.904609392777154,35.99173589458026],"angle":-64.13607438876534},"norm_pos":[0.3224476022388257,0.4429631852251924],"diameter":35.99173589458026,"sphere":{"center":[-3.3309456504771995,-6.4918516897598675,81.03392849978353],"radius":12.0},"projected_sphere":{"center":[134.51454789950878,70.33008861637666],"axes":[183.62678788354376,183.62678788354376],"angle":90.0},"model_confidence":0.890205243309683,"model_id":153,"model_birth_timestamp":347871.839121,"theta":2.3149402077662997,"phi":-1.9606753412101685,"method":"3d c++","id":1}
1254642,1254639,1,348009.076847,103,106,{"topic":"pupil.1","circle_3d":{"center":[-6.670039697093124,1.6355547188527666,72.86106388466256],"normal":[-0.27825783721799363,0.6772838673843862,-0.6810720512600805],"radius":2.0833371836291628},"confidence":0.9661588140775635,"timestamp":348009.076847,"diameter_3d":4.1666743672583255,"ellipse":{"center":[103.31354081743966,133.68968058335363],"axes":[22.656168692254447,35.55649984152272],"angle":-64.22914694667477},"norm_pos":[0.3228548150544989,0.4429596642360265],"diameter":35.55649984152272,"sphere":{"center":[-3.3309456504771995,-6.4918516897598675,81.03392849978353],"radius":12.0},"projected_sphere":{"center":[134.51454789950878,70.33008861637666],"axes":[183.62678788354376,183.62678788354376],"angle":90.0},"model_confidence":0.8899919461294092,"model_id":153,"model_birth_timestamp":347871.839121,"theta":2.314860865162677,"phi":-1.9586589559338523,"method":"3d c++","id":1}
1254650,1254644,1,348009.085247,103,106,{"topic":"pupil.1","circle_3d":{"center":[-6.612819099338612,1.6207143797828305,72.82322947759528],"normal":[-0.27348945407178443,0.6760471724618915,-0.6842249185156873],"radius":2.092765147955352},"confidence":0.993657521771907,"timestamp":348009.085247,"diameter_3d":4.185530295910704,"ellipse":{"center":[103.77111775117552,133.5674960592404],"axes":[22.911412712565625,35.73526294274724],"angle":-64.5159420051676},"norm_pos":[0.3242847429724235,0.4434687664198317],"diameter":35.73526294274724,"sphere":{"center":[-3.3309456504771995,-6.4918516897598675,81.03392849978353],"radius":12.0},"projected_sphere":{"center":[134.51454789950878,70.33008861637666],"axes":[183.62678788354376,183.62678788354376],"angle":90.0},"model_confidence":0.8898294844251864,"model_id":153,"model_birth_timestamp":347871.839121,"theta":2.31318123551639,"phi":-1.9510500475310009,"method":"3d c++","id":1}
1254658,1254655,1,348009.093647,103,106,{"topic":"pupil.1","circle_3d":{"center":[-6.586753941751534,1.6167579917793233,72.80895668202524],"normal":[-0.2713173576061946,0.6757174734615993,-0.6854143181465246],"radius":2.0889613009399874},"confidence":0.9498034722986899,"timestamp":348009.093647,"diameter_3d":4.177922601879975,"ellipse":{"center":[103.98138024516254,133.53693238530929],"axes":[22.9283773040752,35.676899393206796],"angle":-64.65728949453748},"norm_pos":[0.3249418132661329,0.4435961150612113],"diameter":35.676899393206796,"sphere":{"center":[-3.3309456504771995,-6.4918516897598675,81.03392849978353],"radius":12.0},"projected_sphere":{"center":[134.51454789950878,70.33008861637666],"axes":[183.62678788354376,183.62678788354376],"angle":90.0},"model_confidence":0.8896760496377332,"model_id":153,"model_birth_timestamp":347871.839121,"theta":2.3127338885215893,"phi":-1.947715086571836,"method":"3d c++","id":1}
1254668,1254666,1,348009.102047,104,106,{"topic":"pupil.1","circle_3d":{"center":[-6.53109018965827,1.6318129980835323,72.80196962185929],"normal":[-0.2666787115984226,0.6769720573202833,-0.6859965731603537],"radius":2.0773930501538906},"confidence":0.9973455724080503,"timestamp":348009.102047,"diameter_3d":4.154786100307781,"ellipse":{"center":[104.4479898242713,133.6683824404929],"axes":[22.84059855634928,35.48168230229106],"angle":-65.04145871146645},"norm_pos":[0.3263999682008478,0.4430484064979462],"diameter":35.48168230229106,"sphere":{"center":[-3.3309456504771995,-6.4918516897598675,81.03392849978353],"radius":12.0},"projected_sphere":{"center":[134.51454789950878,70.33008861637666],"axes":[183.62678788354376,183.62678788354376],"angle":90.0},"model_confidence":0.8891640059386474,"model_id":153,"model_birth_timestamp":347871.839121,"theta":2.314437132616385,"phi":-1.9415638560722643,"method":"3d c++","id":1}
1254678,1254673,1,348009.110447,105,106,{"topic":"pupil.1","circle_3d":{"center":[-6.459896619196286,1.6489628336568387,72.79154991525591],"normal":[-0.26074591405992387,0.6784012102847256,-0.6868648820439682],"radius":2.0868710382250764},"confidence":0.9990320501568261,"timestamp":348009.110447,"diameter_3d":4.173742076450153,"ellipse":{"center":[105.0454179274684,133.81353851940082],"axes":[23.000675354382743,35.64750574944382],"angle":-65.5274258250042},"norm_pos":[0.32826693102333876,0.4424435895024966],"diameter":35.64750574944382,"sphere":{"center":[-3.3309456504771995,-6.4918516897598675,81.03392849978353],"radius":12.0},"projected_sphere":{"center":[134.51454789950878,70.33008861637666],"axes":[183.62678788354376,183.62678788354376],"angle":90.0},"model_confidence":0.8890640244164527,"model_id":153,"model_birth_timestamp":347871.839121,"theta":2.3163806318637903,"phi":-1.9336090385471936,"method":"3d c++","id":1}
1254684,1254684,1,348009.118847,105,106,{"topic":"pupil.1","circle_3d":{"center":[-6.415077797814382,1.6476265308201494,72.77335810819041],"normal":[-0.25701101227809847,0.6782898517150013,-0.6883808659660934],"radius":2.090727298746975},"confidence":0.9986107150064386,"timestamp":348009.118847,"diameter_3d":4.18145459749395,"ellipse":{"center":[105.41292601937818,133.8041774571842],"axes":[23.120871624857774,35.721634682413836],"angle":-65.79399009058707},"norm_pos":[0.3294153938105568,0.44248259392839917],"diameter":35.721634682413836,"sphere":{"center":[-3.3309456504771995,-6.4918516897598675,81.03392849978353],"radius":12.0},"projected_sphere":{"center":[134.51454789950878,70.33008861637666],"axes":[183.62678788354376,183.62678788354376],"angle":90.0},"model_confidence":0.8888119426075258,"model_id":153,"model_birth_timestamp":347871.839121,"theta":2.3162290706193165,"phi":-1.9281247578065472,"method":"3d c++","id":1}
1254691,1254691,1,348009.127246,105,105,{"topic":"pupil.1","circle_3d":{"center":[-6.346079753015784,1.6743188594342975,72.77422966113434],"normal":[-0.2512611752115487,0.680514212432847,-0.6883082365540989],"radius":2.0751005900172963},"confidence":0.9982753459401972,"timestamp":348009.127246,"diameter_3d":4.150201180034593,"ellipse":{"center":[105.99865419077443,134.03424187949756],"axes":[22.96162099239853,35.452829735412955],"angle":-66.30200314761322},"norm_pos":[0.3312457943461701,0.44152399216876015],"diameter":35.452829735412955,"sphere":{"center":[-3.3309456504771995,-6.4918516897598675,81.03392849978353],"radius":12.0},"projected_sphere":{"center":[134.51454789950878,70.33008861637666],"axes":[183.62678788354376,183.62678788354376],"angle":90.0},"model_confidence":0.8885186659083222,"model_id":153,"model_birth_timestamp":347871.839121,"theta":2.3192605044359675,"phi":-1.9208079362104964,"method":"3d c++","id":1}
1254702,1254701,1,348009.135646,106,105,{"topic":"pupil.1","circle_3d":{"center":[-6.282044403328587,1.6942242795623894,72.77080703296461],"normal":[-0.24592489607094897,0.6821729974435213,-0.6885934555682435],"radius":2.086557007797016},"confidence":0.9992123226392078,"timestamp":348009.135646,"diameter_3d":4.173114015594032,"ellipse":{"center":[106.54081701724512,134.20132170339133],"axes":[23.11659872753256,35.6491644293789],"angle":-66.75842681691378},"norm_pos":[0.33294005317889097,0.44082782623586947],"diameter":35.6491644293789,"sphere":{"center":[-3.3309456504771995,-6.4918516897598675,81.03392849978353],"radius":12.0},"projected_sphere":{"center":[134.51454789950878,70.33008861637666],"axes":[183.62678788354376,183.62678788354376],"angle":90.0},"model_confidence":0.8884255976952526,"model_id":153,"model_birth_timestamp":347871.839121,"theta":2.3215267182329895,"phi":-1.9138185438518796,"method":"3d c++","id":1}
1254710,1254701,1,348009.144046,107,105,{"topic":"pupil.1","circle_3d":{"center":[-6.225963955284744,1.720668294485332,72.77721096051876],"normal":[-0.2412515254006287,0.6843766653537666,-0.6880597949387308],"radius":2.093907596338982},"confidence":0.9990154343649057,"timestamp":348009.144046,"diameter_3d":4.187815192677964,"ellipse":{"center":[107.02217895022406,134.42324080464644],"axes":[23.188200238565557,35.77057606200888],"angle":-67.18784147965658},"norm_pos":[0.3344443092194502,0.43990316331397317],"diameter":35.77057606200888,"sphere":{"center":[-3.3309456504771995,-6.4918516897598675,81.03392849978353],"radius":12.0},"projected_sphere":{"center":[134.51454789950878,70.33008861637666],"axes":[183.62678788354376,183.62678788354376],"angle":90.0},"model_confidence":0.8882863362145943,"model_id":153,"model_birth_timestamp":347871.839121,"theta":2.324544778740375,"phi":-1.908028555033024,"method":"3d c++","id":1}
1254718,1254717,1,348009.152446,107,105,{"topic":"pupil.1","circle_3d":{"center":[-6.168274372832039,1.7264276761494841,72.76292795661048],"normal":[-0.2364440601962366,0.6848566138257793,-0.6892500452644206],"radius":2.08444125133448},"confidence":0.9988915382487645,"timestamp":348009.152446,"diameter_3d":4.16888250266896,"ellipse":{"center":[107.50153202221725,134.47664567691893],"axes":[23.14924616876469,35.61480778652535],"angle":-67.56223709505898},"norm_pos":[0.3359422875694289,0.4396806430128378],"diameter":35.61480778652535,"sphere":{"center":[-3.3309456504771995,-6.4918516897598675,81.03392849978353],"radius":12.0},"projected_sphere":{"center":[134.51454789950878,70.33008861637666],"axes":[183.62678788354376,183.62678788354376],"angle":90.0},"model_confidence":0.8880900787529011,"model_id":153,"model_birth_timestamp":347871.839121,"theta":2.325203231634398,"phi":-1.901262130499367,"method":"3d c++","id":1}
1254729,1254729,1,348009.160846,108,105,{"topic":"pupil.1","circle_3d":{"center":[-6.091461458185144,1.724454381335029,72.73502091977737],"normal":[-0.23004298397566209,0.6846921725912414,-0.69157563166718],"radius":2.0820115189520023},"confidence":0.9989165556817383,"timestamp":348009.160846,"diameter_3d":4.164023037904005,"ellipse":{"center":[108.13447141634884,134.465040851845],"axes":[23.242365267937316,35.58568224728914],"angle":-68.03367891507739},"norm_pos":[0.33792022317609016,0.4397289964506458],"diameter":35.58568224728914,"sphere":{"center":[-3.3309456504771995,-6.4918516897598675,81.03392849978353],"radius":12.0},"projected_sphere":{"center":[134.51454789950878,70.33008861637666],"axes":[183.62678788354376,183.62678788354376],"angle":90.0},"model_confidence":0.8878850885019607,"model_id":153,"model_birth_timestamp":347871.839121,"theta":2.324977584869868,"phi":-1.8919191918228973,"method":"3d c++","id":1}
1254738,1254735,1,348009.169246,108,105,{"topic":"pupil.1","circle_3d":{"center":[-6.0498284731366425,1.7320456047427868,72.72879818857713],"normal":[-0.22657356855495364,0.6853247745418879,-0.6920941926005334],"radius":2.0809015726878495},"confidence":0.9987470709614071,"timestamp":348009.169246,"diameter_3d":4.161803145375699,"ellipse":{"center":[108.48391134139072,134.53083926425168],"axes":[23.262485590928204,35.5690138607875],"angle":-68.31759800904149},"norm_pos":[0.339012222941846,0.43945483639895133],"diameter":35.5690138607875,"sphere":{"center":[-3.3309456504771995,-6.4918516897598675,81.03392849978353],"radius":12.0},"projected_sphere":{"center":[134.51454789950878,70.33008861637666],"axes":[183.62678788354376,183.62678788354376],"angle":90.0},"model_confidence":0.8876842615755942,"model_id":153,"model_birth_timestamp":347871.839121,"theta":2.3258459054541487,"phi":-1.8871738283058521,"method":"3d c++","id":1}
1254743,1254740,1,348009.177646,109,105,{"topic":"pupil.1","circle_3d":{"center":[-5.9853976195988885,1.7122949970587822,72.68851887024535],"normal":[-0.2212043307601408,0.6836788905682208,-0.6954508024615148],"radius":2.0809104103123808},"confidence":0.9992737760675122,"timestamp":348009.177646,"diameter_3d":4.1618208206247616,"ellipse":{"center":[109.00386849486432,134.3695846352059],"axes":[23.424967979742227,35.58793111798188],"angle":-68.66275739907732},"norm_pos":[0.340637089046451,0.440126730686642],"diameter":35.58793111798188,"sphere":{"center":[-3.3309456504771995,-6.4918516897598675,81.03392849978353],"radius":12.0},"projected_sphere":{"center":[134.51454789950878,70.33008861637666],"axes":[183.62678788354376,183.62678788354376],"angle":90.0},"model_confidence":0.8877368048345713,"model_id":153,"model_birth_timestamp":347871.839121,"theta":2.323588209845645,"phi":-1.8787505616285576,"method":"3d c++","id":1}
1254750,1254746,1,348009.186046,109,105,{"topic":"pupil.1","circle_3d":{"center":[-5.952766312306483,1.7170636946241924,72.68289475364001],"normal":[-0.21848505515244035,0.684076282032005,-0.6959194788452927],"radius":2.0696445797175747},"confidence":0.9989791637408028,"timestamp":348009.186046,"diameter_3d":4.139289159435149,"ellipse":{"center":[109.27690936561038,134.41361055757736],"axes":[23.32606458682082,35.39734896812089],"angle":-68.88390202120615},"norm_pos":[0.34149034176753246,0.43994328934342763],"diameter":35.39734896812089,"sphere":{"center":[-3.3309456504771995,-6.4918516897598675,81.03392849978353],"radius":12.0},"projected_sphere":{"center":[134.51454789950878,70.33008861637666],"axes":[183.62678788354376,183.62678788354376],"angle":90.0},"model_confidence":0.8875813650043196,"model_id":153,"model_birth_timestamp":347871.839121,"theta":2.3241328825990393,"phi":-1.8750031300496512,"method":"3d c++","id":1}
1254760,1254758,1,348009.194446,109,105,{"topic":"pupil.1","circle_3d":{"center":[-5.9069555986786435,1.713359096169512,72.66501646145768],"normal":[-0.21466749568345367,0.683767565494115,-0.6974093365271542],"radius":2.08541510325989},"confidence":0.9988195180760989,"timestamp":348009.194446,"diameter_3d":4.17083020651978,"ellipse":{"center":[109.65521281329222,134.3814712480309],"axes":[23.58021590019563,35.67521820764141],"angle":-69.16399256172278},"norm_pos":[0.3426725400415382,0.44007720313320464],"diameter":35.67521820764141,"sphere":{"center":[-3.3309456504771995,-6.4918516897598675,81.03392849978353],"radius":12.0},"projected_sphere":{"center":[134.51454789950878,70.33008861637666],"axes":[183.62678788354376,183.62678788354376],"angle":90.0},"model_confidence":0.88733711170218,"model_id":153,"model_birth_timestamp":347871.839121,"theta":2.3237097253894348,"phi":-1.8694000542176665,"method":"3d c++","id":1}
1254768,1254763,1,348009.202846,110,105,{"topic":"pupil.1","circle_3d":{"center":[-5.8579447734418295,1.7000758056583472,72.63710771198848],"normal":[-0.21058326024705246,0.6826606246181846,-0.6997350656495875],"radius":2.072158009624315},"confidence":0.9993033847749972,"timestamp":348009.202846,"diameter_3d":4.14431601924863,"ellipse":{"center":[110.05263496645067,134.27604306681053],"axes":[23.543340043170197,35.46121111254743],"angle":-69.43780495671052},"norm_pos":[0.34391448427015836,0.44051648722162284],"diameter":35.46121111254743,"sphere":{"center":[-3.3309456504771995,-6.4918516897598675,81.03392849978353],"radius":12.0},"projected_sphere":{"center":[134.51454789950878,70.33008861637666],"axes":[183.62678788354376,183.62678788354376],"angle":90.0},"model_confidence":0.8872823305019373,"model_id":153,"model_birth_timestamp":347871.839121,"theta":2.3221938204392547,"phi":-1.8631218218370282,"method":"3d c++","id":1}
1254776,1254774,1,348009.211246,110,105,{"topic":"pupil.1","circle_3d":{"center":[-5.801121897333902,1.7088442517167177,72.6287625058894],"normal":[-0.2058480205713919,0.6833913284563821,-0.7004304994911781],"radius":2.0861958894931574},"confidence":0.9989371932998555,"timestamp":348009.211246,"diameter_3d":4.172391778986315,"ellipse":{"center":[110.53132260958918,134.34882642746203],"axes":[23.7466968085657,35.70462926329971],"angle":-69.82912877108939},"norm_pos":[0.3454103831549662,0.4402132232189082],"diameter":35.70462926329971,"sphere":{"center":[-3.3309456504771995,-6.4918516897598675,81.03392849978353],"radius":12.0},"projected_sphere":{"center":[134.51454789950878,70.33008861637666],"axes":[183.62678788354376,183.62678788354376],"angle":90.0},"model_confidence":0.8871889750294515,"model_id":153,"model_birth_timestamp":347871.839121,"theta":2.3231942446847094,"phi":-1.8566362634445028,"method":"3d c++","id":1}
1254787,1254786,1,348009.219645,110,105,{"topic":"pupil.1","circle_3d":{"center":[-5.769148972784388,1.7077791286676156,72.61839411386457],"normal":[-0.20318361019226572,0.6833025682022902,-0.7012945321599133],"radius":2.098263257647661},"confidence":0.9994905427008769,"timestamp":348009.219645,"diameter_3d":4.196526515295322,"ellipse":{"center":[110.79714727384521,134.33868325673657],"axes":[23.929893761075864,35.91583144226111],"angle":-70.03247922297996},"norm_pos":[0.3462410852307663,0.44025548643026424],"diameter":35.91583144226111,"sphere":{"center":[-3.3309456504771995,-6.4918516897598675,81.03392849978353],"radius":12.0},"projected_sphere":{"center":[134.51454789950878,70.33008861637666],"axes":[183.62678788354376,183.62678788354376],"angle":90.0},"model_confidence":0.8872145808973664,"model_id":153,"model_birth_timestamp":347871.839121,"theta":2.3230726709156877,"phi":-1.8528014472184546,"method":"3d c++","id":1}
1254796,1254791,1,348009.228045,111,105,{"topic":"pupil.1","circle_3d":{"center":[-5.739865294739344,1.6963425097964606,72.59884806757424],"normal":[-0.2007433036885121,0.682349516629694,-0.702923369350774],"radius":2.0851040910828647},"confidence":0.9997421344249479,"timestamp":348009.228045,"diameter_3d":4.170208182165729,"ellipse":{"center":[111.03282100719491,134.24754424385515],"axes":[23.858314301889116,35.69966582938968],"angle":-70.18912866032937},"norm_pos":[0.3469775656474841,0.4406352323172702],"diameter":35.69966582938968,"sphere":{"center":[-3.3309456504771995,-6.4918516897598675,81.03392849978353],"radius":12.0},"projected_sphere":{"center":[134.51454789950878,70.33008861637666],"axes":[183.62678788354376,183.62678788354376],"angle":90.0},"model_confidence":0.8873260576878872,"model_id":153,"model_birth_timestamp":347871.839121,"theta":2.321768158727659,"phi":-1.8489750502678242,"method":"3d c++","id":1}
1254804,1254802,1,348009.236445,111,105,{"topic":"pupil.1","circle_3d":{"center":[-5.701587199837225,1.6966849743998011,72.58834231857853],"normal":[-0.1975534624466688,0.6823780553466391,-0.7037988484337495],"radius":2.0941023435447987},"confidence":0.9994074146698075,"timestamp":348009.236445,"diameter_3d":4.1882046870895975,"ellipse":{"center":[111.35225097127909,134.2500936547959],"axes":[24.008927244663465,35.85831840000706],"angle":-70.4392172564794},"norm_pos":[0.34797578428524717,0.4406246097716837],"diameter":35.85831840000706,"sphere":{"center":[-3.3309456504771995,-6.4918516897598675,81.03392849978353],"radius":12.0},"projected_sphere":{"center":[134.51454789950878,70.33008861637666],"axes":[183.62678788354376,183.62678788354376],"angle":90.0},"model_confidence":0.8872437494458763,"model_id":153,"model_birth_timestamp":347871.839121,"theta":2.321807198698357,"phi":-1.844450235917505,"method":"3d c++","id":1}
1254811,1254808,1,348009.244845,111,105,{"topic":"pupil.1","circle_3d":{"center":[-5.696333806321581,1.6865547376854035,72.57706104311183],"normal":[-0.19711567965369842,0.6815338689537725,-0.7047389547226424],"radius":2.0928203724071928},"confidence":0.9993871501822731,"timestamp":348009.244845,"diameter_3d":4.1856407448143855,"ellipse":{"center":[111.38951811144698,134.1659532381339],"axes":[24.03715128707138,35.84189541661015],"angle":-70.4443994383717},"norm_pos":[0.3480922440982718,0.4409751948411087],"diameter":35.84189541661015,"sphere":{"center":[-3.3309456504771995,-6.4918516897598675,81.03392849978353],"radius":12.0},"projected_sphere":{"center":[134.51454789950878,70.33008861637666],"axes":[183.62678788354376,183.62678788354376],"angle":90.0},"model_confidence":0.8871412856878647,"model_id":153,"model_birth_timestamp":347871.839121,"theta":2.3206529816228145,"phi":-1.8435270736365013,"method":"3d c++","id":1}
1254822,1254819,1,348009.253245,111,105,{"topic":"pupil.1","circle_3d":{"center":[-5.698925317803608,1.6886718984673568,72.57983445502707],"normal":[-0.19733163894386735,0.6817102990189354,-0.7045078370630384],"radius":2.093720827802454},"confidence":0.999314205945499,"timestamp":348009.253245,"diameter_3d":4.187441655604908,"ellipse":{"center":[111.36931361053358,134.18332688290823],"axes":[24.03664676613986,35.855985697072235],"angle":-70.43356203144606},"norm_pos":[0.34802910503291745,0.440902804654549],"diameter":35.855985697072235,"sphere":{"center":[-3.3309456504771995,-6.4918516897598675,81.03392849978353],"radius":12.0},"projected_sphere":{"center":[134.51454789950878,70.33008861637666],"axes":[183.62678788354376,183.62678788354376],"angle":90.0},"model_confidence":0.8870717803715844,"model_id":153,"model_birth_timestamp":347871.839121,"theta":2.320894103673978,"phi":-1.8438964330910543,"method":"3d c++","id":1}
1254831,1254830,1,348009.261645,111,105,{"topic":"pupil.1","circle_3d":{"center":[-5.703971174992232,1.6753888644134705,72.5684142454534],"normal":[-0.19775212704291942,0.6806033795144448,-0.7054595211941772],"radius":2.0943972992809194},"confidence":0.999536263512576,"timestamp":348009.261645,"diameter_3d":4.188794598561839,"ellipse":{"center":[111.31887512571578,134.07188451167318],"axes":[24.08557921792251,35.873384875461035],"angle":-70.36234596064673},"norm_pos":[0.3478714847678618,0.44136714786802844],"diameter":35.873384875461035,"sphere":{"center":[-3.3309456504771995,-6.4918516897598675,81.03392849978353],"radius":12.0},"projected_sphere":{"center":[134.51454789950878,70.33008861637666],"axes":[183.62678788354376,183.62678788354376],"angle":90.0},"model_confidence":0.8870910981186086,"model_id":153,"model_birth_timestamp":347871.839121,"theta":2.31938220209685,"phi":-1.8440987368435162,"method":"3d c++","id":1}
1254840,1254837,1,348009.270045,111,105,{"topic":"pupil.1","circle_3d":{"center":[-5.730759718214937,1.6674861492791084,72.5683453262086],"normal":[-0.19998450564481152,0.6799448199199147,-0.7054652644645767],"radius":2.0885595889282302},"confidence":0.9993775091341636,"timestamp":348009.270045,"diameter_3d":4.1771191778564605,"ellipse":{"center":[111.09038341744942,134.00593608208732],"axes":[24.01257253861239,35.7738963744885],"angle":-70.16459640849789},"norm_pos":[0.3471574481795294,0.44164193299130283],"diameter":35.7738963744885,"sphere":{"center":[-3.3309456504771995,-6.4918516897598675,81.03392849978353],"radius":12.0},"projected_sphere":{"center":[134.51454789950878,70.33008861637666],"axes":[183.62678788354376,183.62678788354376],"angle":90.0},"model_confidence":0.8869873404410589,"model_id":153,"model_birth_timestamp":347871.839121,"theta":2.318483706076805,"phi":-1.847028075231114,"method":"3d c++","id":1}
1254850,1254848,1,348009.278445,110,105,{"topic":"pupil.1","circle_3d":{"center":[-5.758205320772088,1.6852076446558577,72.59330582521712],"normal":[-0.20227163919124072,0.6814216112013104,-0.7033852228805342],"radius":2.0932125038381044},"confidence":0.9988067980513815,"timestamp":348009.278445,"diameter_3d":4.186425007676209,"ellipse":{"center":[110.8734138552107,134.15177438691865],"axes":[23.967491880489273,35.84166878510039],"angle":-70.03764032428754},"norm_pos":[0.3464794182975334,0.44103427338783896],"diameter":35.84166878510039,"sphere":{"center":[-3.3309456504771995,-6.4918516897598675,81.03392849978353],"radius":12.0},"projected_sphere":{"center":[134.51454789950878,70.33008861637666],"axes":[183.62678788354376,183.62678788354376],"angle":90.0},"model_confidence":0.8867634246553568,"model_id":153,"model_birth_timestamp":347871.839121,"theta":2.3204995902659906,"phi":-1.850809688620395,"method":"3d c++","id":1}
1254856,1254853,1,348009.286845,110,105,{"topic":"pupil.1","circle_3d":{"center":[-5.787830953764596,1.6769324838105426,72.59386453485317],"normal":[-0.20474044194061636,0.6807320144642008,-0.7033386637441966],"radius":2.1073489664118163},"confidence":0.9989547744923313,"timestamp":348009.286845,"diameter_3d":4.214697932823633,"ellipse":{"center":[110.62227581477671,134.07796334949924],"axes":[24.120593053666582,36.08411327776461],"angle":-69.8212559938477},"norm_pos":[0.34569461192117723,0.4413418193770865],"diameter":36.08411327776461,"sphere":{"center":[-3.3309456504771995,-6.4918516897598675,81.03392849978353],"radius":12.0},"projected_sphere":{"center":[134.51454789950878,70.33008861637666],"axes":[183.62678788354376,183.62678788354376],"angle":90.0},"model_confidence":0.8866021898906729,"model_id":153,"model_birth_timestamp":347871.839121,"theta":2.3195577908238403,"phi":-1.8540662250212268,"method":"3d c++","id":1}
1254870,1254869,1,348009.303644,110,106,{"topic":"pupil.1","circle_3d":{"center":[-5.830288914023328,1.6569390643784718,72.58700642744049],"normal":[-0.2082786052955107,0.679065896178195,-0.7039101726952537],"radius":2.0820356060005967},"confidence":0.9988470899597787,"timestamp":348009.303644,"diameter_3d":4.164071212001193,"ellipse":{"center":[110.2548776214102,133.91465130184147],"axes":[23.846130507135545,35.65470331094771],"angle":-69.48738458696835},"norm_pos":[0.3445464925669069,0.4420222862423272],"diameter":35.65470331094771,"sphere":{"center":[-3.3309456504771995,-6.4918516897598675,81.03392849978353],"radius":12.0},"projected_sphere":{"center":[134.51454789950878,70.33008861637666],"axes":[183.62678788354376,183.62678788354376],"angle":90.0},"model_confidence":0.8864904398857343,"model_id":153,"model_birth_timestamp":347871.839121,"theta":2.3172857243182374,"phi":-1.8584764298066272,"method":"3d c++","id":1}
1254877,1254875,1,348009.312044,109,106,{"topic":"pupil.1","circle_3d":{"center":[-5.861295489076367,1.6409059954301295,72.58078812899326],"normal":[-0.2108624865499306,0.6777298070991664,-0.7044283642325223],"radius":2.1023729707890757},"confidence":0.9992911799616273,"timestamp":348009.312044,"diameter_3d":4.204745941578151,"ellipse":{"center":[109.98773934566081,133.7744299538988],"axes":[24.095145437768917,36.00684347612067],"angle":-69.2390432518369},"norm_pos":[0.34371168545519004,0.44260654185875503],"diameter":36.00684347612067,"sphere":{"center":[-3.3309456504771995,-6.4918516897598675,81.03392849978353],"radius":12.0},"projected_sphere":{"center":[134.51454789950878,70.33008861637666],"axes":[183.62678788354376,183.62678788354376],"angle":90.0},"model_confidence":0.8865675595317146,"model_id":153,"model_birth_timestamp":347871.839121,"theta":2.3154671598602805,"phi":-1.8616460736144254,"method":"3d c++","id":1}
1254888,1254887,1,348009.320444,109,106,{"topic":"pupil.1","circle_3d":{"center":[-5.884020936367955,1.6311441746698794,72.57823546071032],"normal":[-0.2127562738242296,0.6769163220358123,-0.7046410865894338],"radius":2.1010980789870772},"confidence":0.9993237981303627,"timestamp":348009.320444,"diameter_3d":4.2021961579741545,"ellipse":{"center":[109.79242883837576,133.69199423687135],"axes":[24.084694704111424,35.98671563133303],"angle":-69.06299986008506},"norm_pos":[0.3431013401199242,0.44295002401303607],"diameter":35.98671563133303,"sphere":{"center":[-3.3309456504771995,-6.4918516897598675,81.03392849978353],"radius":12.0},"projected_sphere":{"center":[134.51454789950878,70.33008861637666],"axes":[183.62678788354376,183.62678788354376],"angle":90.0},"model_confidence":0.8865871959322202,"model_id":153,"model_birth_timestamp":347871.839121,"theta":2.3143614088617332,"phi":-1.8640280116659038,"method":"3d c++","id":1}
1254896,1254892,1,348009.328844,109,106,{"topic":"pupil.1","circle_3d":{"center":[-5.909757905066727,1.6382773178427144,72.59291376959155],"normal":[-0.214901021215794,0.6775107506335485,-0.7034178941826648],"radius":2.1085229938937045},"confidence":0.9985018359752382,"timestamp":348009.328844,"diameter_3d":4.217045987787409,"ellipse":{"center":[109.5836480418211,133.74874255840012],"axes":[24.109171027861937,36.107036381764814],"angle":-68.91912445705938},"norm_pos":[0.34244890013069096,0.4427135726733328],"diameter":36.107036381764814,"sphere":{"center":[-3.3309456504771995,-6.4918516897598675,81.03392849978353],"radius":12.0},"projected_sphere":{"center":[134.51454789950878,70.33008861637666],"axes":[183.62678788354376,183.62678788354376],"angle":90.0},"model_confidence":0.8863938646251457,"model_id":153,"model_birth_timestamp":347871.839121,"theta":2.315169290803158,"phi":-1.8673002362688385,"method":"3d c++","id":1}
1254907,1254904,1,348009.337244,109,106,{"topic":"pupil.1","circle_3d":{"center":[-5.94355940440839,1.6467051356817297,72.61145011323794],"normal":[-0.2177178128275992,0.6782130687867998,-0.7018731988787988],"radius":2.111008541273466},"confidence":0.999133222917151,"timestamp":348009.337244,"diameter_3d":4.222017082546932,"ellipse":{"center":[109.3086736960932,133.81702731826476],"axes":[24.060580789662865,36.14091592438071],"angle":-68.72829823424618},"norm_pos":[0.34158960530029125,0.44242905284056344],"diameter":36.14091592438071,"sphere":{"center":[-3.3309456504771995,-6.4918516897598675,81.03392849978353],"radius":12.0},"projected_sphere":{"center":[134.51454789950878,70.33008861637666],"axes":[183.62678788354376,183.62678788354376],"angle":90.0},"model_confidence":0.8864103102433352,"model_id":153,"model_birth_timestamp":347871.839121,"theta":2.316124579865576,"phi":-1.8715802230956275,"method":"3d c++","id":1}
1254914,1254909,1,348009.345644,109,105,{"topic":"pupil.1","circle_3d":{"center":[-5.946302572816046,1.6742083435337989,72.63896740985476],"normal":[-0.21794641019490396,0.6805050027744722,-0.6995800908273978],"radius":2.095617972119839},"confidence":0.9988812018415795,"timestamp":348009.345644,"diameter_3d":4.191235944239678,"ellipse":{"center":[109.30328078943721,134.05028172670444],"axes":[23.78268781368198,35.86359686391214],"angle":-68.79484545898396},"norm_pos":[0.34157275246699126,0.4414571594720649],"diameter":35.86359686391214,"sphere":{"center":[-3.3309456504771995,-6.4918516897598675,81.03392849978353],"radius":12.0},"projected_sphere":{"center":[134.51454789950878,70.33008861637666],"axes":[183.62678788354376,183.62678788354376],"angle":90.0},"model_confidence":0.8863999540103307,"model_id":153,"model_birth_timestamp":347871.839121,"theta":2.319247935627174,"phi":-1.8728053605659174,"method":"3d c++","id":1}
1254923,1254922,1,348009.354044,109,105,{"topic":"pupil.1","circle_3d":{"center":[-5.96653657577869,1.6921342349489557,72.66278551577972],"normal":[-0.21963257710845754,0.6819988270590686,-0.6975952486669847],"radius":2.112693508695229},"confidence":0.9989595350171491,"timestamp":348009.354044,"diameter_3d":4.225387017390458,"ellipse":{"center":[109.14836994924653,134.1950465811228],"axes":[23.883210156396586,36.144328431484354],"angle":-68.72072920562312},"norm_pos":[0.3410886560913954,0.440853972578655],"diameter":36.144328431484354,"sphere":{"center":[-3.3309456504771995,-6.4918516897598675,81.03392849978353],"radius":12.0},"projected_sphere":{"center":[134.51454789950878,70.33008861637666],"axes":[183.62678788354376,183.62678788354376],"angle":90.0},"model_confidence":0.8864771544930594,"model_id":153,"model_birth_timestamp":347871.839121,"theta":2.321288543689883,"phi":-1.8758137904844532,"method":"3d c++","id":1}
1254930,1254925,1,348009.362444,109,105,{"topic":"pupil.1","circle_3d":{"center":[-5.982093437461706,1.703473488374998,72.6788066792356],"normal":[-0.22092898224870886,0.6829437648445721,-0.6962601517123262],"radius":2.1108643717480025},"confidence":0.998493633738684,"timestamp":348009.362444,"diameter_3d":4.221728743496005,"ellipse":{"center":[109.02694141991638,134.2893187708131],"axes":[23.79930593928885,36.105253483516265],"angle":-68.65669027527028},"norm_pos":[0.3407091919372387,0.4404611717882787],"diameter":36.105253483516265,"sphere":{"center":[-3.3309456504771995,-6.4918516897598675,81.03392849978353],"radius":12.0},"projected_sphere":{"center":[134.51454789950878,70.33008861637666],"axes":[183.62678788354376,183.62678788354376],"angle":90.0},"model_confidence":0.8864167976099235,"model_id":153,"model_birth_timestamp":347871.839121,"theta":2.3225813634983514,"phi":-1.8780555078315946,"method":"3d c++","id":1}
1254936,1254932,1,348009.370844,108,105,{"topic":"pupil.1","circle_3d":{"center":[-5.99465012315588,1.6984714414705504,72.67789561998563],"normal":[-0.22197537272322335,0.6825269276025349,-0.6963360733164915],"radius":2.0982775231550788},"confidence":0.9981546509888225,"timestamp":348009.370844,"diameter_3d":4.1965550463101575,"ellipse":{"center":[108.91883483180419,134.2498115948444],"axes":[23.657682941862625,35.89056044724434],"angle":-68.56197080826496},"norm_pos":[0.3403713588493881,0.44062578502148164],"diameter":35.89056044724434,"sphere":{"center":[-3.3309456504771995,-6.4918516897598675,81.03392849978353],"radius":12.0},"projected_sphere":{"center":[134.51454789950878,70.33008861637666],"axes":[183.62678788354376,183.62678788354376],"angle":90.0},"model_confidence":0.8861039465656528,"model_id":153,"model_birth_timestamp":347871.839121,"theta":2.3220108738331895,"phi":-1.879388760899239,"method":"3d c++","id":1}
1254945,1254944,1,348009.379244,108,105,{"topic":"pupil.1","circle_3d":{"center":[-5.992693682285594,1.7087581012092503,72.68736654461746],"normal":[-0.22181233598403285,0.6833841492474264,-0.6955468295971723],"radius":2.1097997409371736},"confidence":0.9989414162948831,"timestamp":348009.379244,"diameter_3d":4.219599481874347,"ellipse":{"center":[108.94262111977673,134.33311056505931],"axes":[23.753010517493905,36.082931796008886],"angle":-68.60577144726304},"norm_pos":[0.3404456909993023,0.4402787059789195],"diameter":36.082931796008886,"sphere":{"center":[-3.3309456504771995,-6.4918516897598675,81.03392849978353],"radius":12.0},"projected_sphere":{"center":[134.51454789950878,70.33008861637666],"axes":[183.62678788354376,183.62678788354376],"angle":90.0},"model_confidence":0.8859382322343512,"model_id":153,"model_birth_timestamp":347871.839121,"theta":2.3231844109010553,"phi":-1.879504329923454,"method":"3d c++","id":1}
1254950,1254949,1,348009.387644,109,105,{"topic":"pupil.1","circle_3d":{"center":[-5.971123537561306,1.683348408428115,72.65564919677988],"normal":[-0.22001482392367558,0.6812666748489985,-0.6981899419169707],"radius":2.1243937792209167},"confidence":0.998895606001821,"timestamp":348009.387644,"diameter_3d":4.248787558441833,"ellipse":{"center":[109.10511334076305,134.11875469557611],"axes":[24.041201301620813,36.348290404643926],"angle":-68.66475418013289},"norm_pos":[0.34095347918988456,0.4411718554350995],"diameter":36.348290404643926,"sphere":{"center":[-3.3309456504771995,-6.4918516897598675,81.03392849978353],"radius":12.0},"projected_sphere":{"center":[134.51454789950878,70.33008861637666],"axes":[183.62678788354376,183.62678788354376],"angle":90.0},"model_confidence":0.8860348943900864,"model_id":153,"model_birth_timestamp":347871.839121,"theta":2.320287917946074,"phi":-1.8760678912364364,"method":"3d c++","id":1}
1254958,1254954,1,348009.396043,109,105,{"topic":"pupil.1","circle_3d":{"center":[-5.956113454175205,1.6789715533673846,72.64666783064972],"normal":[-0.2187639836415005,0.680901936927271,-0.6989383890944839],"radius":2.106844834066132},"confidence":0.9984823117618333,"timestamp":348009.396043,"diameter_3d":4.213689668132264,"ellipse":{"center":[109.22568503298739,134.08700411584735],"axes":[23.879306945978996,36.05212711521623],"angle":-68.74685713307105},"norm_pos":[0.34133026572808556,0.4413041495173027],"diameter":36.05212711521623,"sphere":{"center":[-3.3309456504771995,-6.4918516897598675,81.03392849978353],"radius":12.0},"projected_sphere":{"center":[134.51454789950878,70.33008861637666],"axes":[183.62678788354376,183.62678788354376],"angle":90.0},"model_confidence":0.8858623017651279,"model_id":153,"model_birth_timestamp":347871.839121,"theta":2.3197897815864996,"phi":-1.8741317830292834,"method":"3d c++","id":1}
1254969,1254966,1,348009.404443,109,105,{"topic":"pupil.1","circle_3d":{"center":[-5.93306305271534,1.6767666265303216,72.63734229896727],"normal":[-0.2168431168531784,0.6807181930241823,-0.6997155167346876],"radius":2.1105712165754658},"confidence":0.9992551810390082,"timestamp":348009.404443,"diameter_3d":4.2211424331509315,"ellipse":{"center":[109.41564068559327,134.06887347395212],"axes":[23.961698999378406,36.120178243257925],"angle":-68.8870197298811},"norm_pos":[0.34192387714247896,0.4413796938585328],"diameter":36.120178243257925,"sphere":{"center":[-3.3309456504771995,-6.4918516897598675,81.03392849978353],"radius":12.0},"projected_sphere":{"center":[134.51454789950878,70.33008861637666],"axes":[183.62678788354376,183.62678788354376],"angle":90.0},"model_confidence":0.8858720567249345,"model_id":153,"model_birth_timestamp":347871.839121,"theta":2.3195389229673755,"phi":-1.8713124284048468,"method":"3d c++","id":1}
1254980,1254977,1,348009.412843,109,105,{"topic":"pupil.1","circle_3d":{"center":[-5.933248696563809,1.6801545331599836,72.64069711080779],"normal":[-0.21685858717388415,0.6810005185766543,-0.6994359490813111],"radius":2.115718120316098},"confidence":0.9990942365397771,"timestamp":348009.412843,"diameter_3d":4.231436240632196,"ellipse":{"center":[109.41662850885209,134.09597615056742],"axes":[24.00762825745214,36.206610275033064],"angle":-68.89610805228446},"norm_pos":[0.34192696409016277,0.44126676603930237],"diameter":36.206610275033064,"sphere":{"center":[-3.3309456504771995,-6.4918516897598675,81.03392849978353],"radius":12.0},"projected_sphere":{"center":[134.51454789950878,70.33008861637666],"axes":[183.62678788354376,183.62678788354376],"angle":90.0},"model_confidence":0.8857662463282678,"model_id":153,"model_birth_timestamp":347871.839121,"theta":2.3199243955111033,"phi":-1.8714456183469141,"method":"3d c++","id":1}
1254990,1254988,1,348009.421243,109,105,{"topic":"pupil.1","circle_3d":{"center":[-5.911629852115464,1.7221344599024935,72.67507088737203],"normal":[-0.21505701680318867,0.6844988458051967,-0.6965714677009579],"radius":2.127713623619601},"confidence":0.9992373512951593,"timestamp":348009.421243,"diameter_3d":4.255427247239202,"ellipse":{"center":[109.62453770254785,134.44472767581328],"axes":[24.02013327724267,36.39412822591609],"angle":-69.16040322783601},"norm_pos":[0.34257668032046207,0.4398136346841113],"diameter":36.39412822591609,"sphere":{"center":[-3.3309456504771995,-6.4918516897598675,81.03392849978353],"radius":12.0},"projected_sphere":{"center":[134.51454789950878,70.33008861637666],"axes":[183.62678788354376,183.62678788354376],"angle":90.0},"model_confidence":0.8859461665123192,"model_id":153,"model_birth_timestamp":347871.839121,"theta":2.324712362421356,"phi":-1.870248835600537,"method":"3d c++","id":1}
1254996,1254995,1,348009.429643,109,105,{"topic":"pupil.1","circle_3d":{"center":[-5.878841190988728,1.773971006801144,72.71621225891198],"normal":[-0.2123246283759607,0.688818558046751,-0.6931430200726291],"radius":2.1158640208154473},"confidence":0.9990672304010996,"timestamp":348009.429643,"diameter_3d":4.231728041630895,"ellipse":{"center":[109.9304860339854,134.88131962972608],"axes":[23.740720258361257,36.170004540504024],"angle":-69.52284944103059},"norm_pos":[0.3435327688562044,0.43799450154280806],"diameter":36.170004540504024,"sphere":{"center":[-3.3309456504771995,-6.4918516897598675,81.03392849978353],"radius":12.0},"projected_sphere":{"center":[134.51454789950878,70.33008861637666],"axes":[183.62678788354376,183.62678788354376],"angle":90.0},"model_confidence":0.886065663003377,"model_id":153,"model_birth_timestamp":347871.839121,"theta":2.3306543910698476,"phi":-1.8680425497303241,"method":"3d c++","id":1}
1255003,1254999,1,348009.438043,110,104,{"topic":"pupil.1","circle_3d":{"center":[-5.869842986373234,1.8114269962888372,72.75083949992428],"normal":[-0.2115747779913362,0.6919398905040587,-0.6902574166549376],"radius":2.109927081264872},"confidence":0.9984537211573522,"timestamp":348009.438043,"diameter_3d":4.219854162529744,"ellipse":{"center":[110.02995324302627,135.1950291841406],"axes":[23.54771628625525,36.05092703878559],"angle":-69.68962604532047},"norm_pos":[0.3438436038844571,0.4366873783994142],"diameter":36.05092703878559,"sphere":{"center":[-3.3309456504771995,-6.4918516897598675,81.03392849978353],"radius":12.0},"projected_sphere":{"center":[134.51454789950878,70.33008861637666],"axes":[183.62678788354376,183.62678788354376],"angle":90.0},"model_confidence":0.8859588285756059,"model_id":153,"model_birth_timestamp":347871.839121,"theta":2.334968927746895,"phi":-1.8682201127830194,"method":"3d c++","id":1}
1255011,1255005,1,348009.446443,110,104,{"topic":"pupil.1","circle_3d":{"center":[-5.855247550726207,1.810928978643629,72.74588089562582],"normal":[-0.2103584916874173,0.6918983890336247,-0.6906706336798097],"radius":2.118224878793981},"confidence":0.9991499170485733,"timestamp":348009.446443,"diameter_3d":4.236449757587962,"ellipse":{"center":[110.15105415267563,135.1897484908401],"axes":[23.662237184073078,36.194990942814144],"angle":-69.78070672712636},"norm_pos":[0.34422204422711133,0.4367093812881663],"diameter":36.194990942814144,"sphere":{"center":[-3.3309456504771995,-6.4918516897598675,81.03392849978353],"radius":12.0},"projected_sphere":{"center":[134.51454789950878,70.33008861637666],"axes":[183.62678788354376,183.62678788354376],"angle":90.0},"model_confidence":0.8859121457960306,"model_id":153,"model_birth_timestamp":347871.839121,"theta":2.334911444495646,"phi":-1.8664417316595812,"method":"3d c++","id":1}
1255020,1255016,1,348009.454843,109,105,{"topic":"pupil.1","circle_3d":{"center":[-5.898934980279722,1.773922759243563,72.72234600544333],"normal":[-0.21399911081687686,0.6888145374169525,-0.6926318745283497],"radius":2.112137225335496},"confidence":0.9984342420960118,"timestamp":348009.454843,"diameter_3d":4.224274450670992,"ellipse":{"center":[109.76364563606481,134.88072687970046],"axes":[23.67141921560931,36.10356415227439],"angle":-69.39516343859165},"norm_pos":[0.3430113926127025,0.4379969713345814],"diameter":36.10356415227439,"sphere":{"center":[-3.3309456504771995,-6.4918516897598675,81.03392849978353],"radius":12.0},"projected_sphere":{"center":[134.51454789950878,70.33008861637666],"axes":[183.62678788354376,183.62678788354376],"angle":90.0},"model_confidence":0.8857431960955786,"model_id":153,"model_birth_timestamp":347871.839121,"theta":2.3306488448816554,"phi":-1.8704576004002242,"method":"3d c++","id":1}
1255026,1255022,1,348009.463243,109,105,{"topic":"pupil.1","circle_3d":{"center":[-5.934483052106582,1.6967769083363144,72.65729703595761],"normal":[-0.21696145013578186,0.6823857165080152,-0.698052621985493],"radius":2.1119093093259744},"confidence":0.9985121192442256,"timestamp":348009.463243,"diameter_3d":4.223818618651949,"ellipse":{"center":[109.41722908154773,134.23560298885695],"axes":[23.902307345894936,36.133061748748915],"angle":-68.93861855228175},"norm_pos":[0.34192884087983666,0.4406849875464294],"diameter":36.133061748748915,"sphere":{"center":[-3.3309456504771995,-6.4918516897598675,81.03392849978353],"radius":12.0},"projected_sphere":{"center":[134.51454789950878,70.33008861637666],"axes":[183.62678788354376,183.62678788354376],"angle":90.0},"model_confidence":0.8856356724138759,"model_id":153,"model_birth_timestamp":347871.839121,"theta":2.321817679142491,"phi":-1.8721404384121738,"method":"3d c++","id":1}
1255034,1255032,1,348009.471643,109,106,{"topic":"pupil.1","circle_3d":{"center":[-5.97635396169495,1.6541563302513982,72.62890808310088],"normal":[-0.2204506926014792,0.6788340016676055,-0.7004183680568875],"radius":2.126154973196861},"confidence":0.9990977139618507,"timestamp":348009.471643,"diameter_3d":4.252309946393722,"ellipse":{"center":[109.04237586297477,133.87420892725933],"axes":[24.1600860302129,36.392106011599715],"angle":-68.54193727183105},"norm_pos":[0.34075742457179614,0.44219079613641943],"diameter":36.392106011599715,"sphere":{"center":[-3.3309456504771995,-6.4918516897598675,81.03392849978353],"radius":12.0},"projected_sphere":{"center":[134.51454789950878,70.33008861637666],"axes":[183.62678788354376,183.62678788354376],"angle":90.0},"model_confidence":0.885610677885873,"model_id":153,"model_birth_timestamp":347871.839121,"theta":2.3169698711568705,"phi":-1.8757219225977126,"method":"3d c++","id":1}
1255043,1255038,1,348009.480043,109,106,{"topic":"pupil.1","circle_3d":{"center":[-5.976464362307664,1.6278287192453451,72.6035061615509],"normal":[-0.2204598926525387,0.6766400340837677,-0.7025351948527196],"radius":2.1363029480821405},"confidence":0.9994031672057647,"timestamp":348009.480043,"diameter_3d":4.272605896164281,"ellipse":{"center":[109.02457512459517,133.65171311356156],"axes":[24.371176626362658,36.57884333392238],"angle":-68.45992706880651},"norm_pos":[0.3407017972643599,0.4431178620268269],"diameter":36.57884333392238,"sphere":{"center":[-3.3309456504771995,-6.4918516897598675,81.03392849978353],"radius":12.0},"projected_sphere":{"center":[134.51454789950878,70.33008861637666],"axes":[183.62678788354376,183.62678788354376],"angle":90.0},"model_confidence":0.8857561584070917,"model_id":153,"model_birth_timestamp":347871.839121,"theta":2.3139861129680273,"phi":-1.874870732941647,"method":"3d c++","id":1}
1255052,1255051,1,348009.488442,108,106,{"topic":"pupil.1","circle_3d":{"center":[-5.98071219516741,1.6014933358688115,72.57955072523548],"normal":[-0.22081387872418418,0.6744454188023898,-0.7045314812123376],"radius":2.130204501849417},"confidence":0.9990273088056398,"timestamp":348009.488442,"diameter_3d":4.260409003698834,"ellipse":{"center":[108.97160570708914,133.43256844201147],"axes":[24.39059079564091,36.486657950442634],"angle":-68.35101340890208},"norm_pos":[0.34053626783465357,0.4440309648249522],"diameter":36.486657950442634,"sphere":{"center":[-3.3309456504771995,-6.4918516897598675,81.03392849978353],"radius":12.0},"projected_sphere":{"center":[134.51454789950878,70.33008861637666],"axes":[183.62678788354376,183.62678788354376],"angle":90.0},"model_confidence":0.8857219121790494,"model_id":153,"model_birth_timestamp":347871.839121,"theta":2.3110096365072406,"phi":-1.8745186362793274,"method":"3d c++","id":1}
1255066,1255064,1,348009.496842,108,106,{"topic":"pupil.1","circle_3d":{"center":[-5.992200771858495,1.5792973930715046,72.56195861895698],"normal":[-0.22177126011510795,0.6725957569026143,-0.7059974900688787],"radius":2.117508344879957},"confidence":0.9982286027951471,"timestamp":348009.496842,"diameter_3d":4.235016689759914,"ellipse":{"center":[108.8609314585962,133.2491270761242],"axes":[24.308135308429183,36.278234518306355],"angle":-68.20813581605515},"norm_pos":[0.34019041080811313,0.4447953038494824],"diameter":36.278234518306355,"sphere":{"center":[-3.3309456504771995,-6.4918516897598675,81.03392849978353],"radius":12.0},"projected_sphere":{"center":[134.51454789950878,70.33008861637666],"axes":[183.62678788354376,183.62678788354376],"angle":90.0},"model_confidence":0.8855115852355988,"model_id":153,"model_birth_timestamp":347871.839121,"theta":2.3085072792298136,"phi":-1.875160676840308,"method":"3d c++","id":1}
1255072,1255072,1,348009.505242,108,106,{"topic":"pupil.1","circle_3d":{"center":[-6.015333761456299,1.5550987846496067,72.54625222579456],"normal":[-0.22369900924825833,0.6705792062007895,-0.707306356165747],"radius":2.136721772789476},"confidence":0.9991259892471164,"timestamp":348009.505242,"diameter_3d":4.273443545578952,"ellipse":{"center":[108.65416328877724,133.04084748532077],"axes":[24.582571460196128,36.61603764554476],"angle":-67.9837103783068},"norm_pos":[0.3395442602774289,0.4456631354778301],"diameter":36.61603764554476,"sphere":{"center":[-3.3309456504771995,-6.4918516897598675,81.03392849978353],"radius":12.0},"projected_sphere":{"center":[134.51454789950878,70.33008861637666],"axes":[183.62678788354376,183.62678788354376],"angle":90.0},"model_confidence":0.885483168926493,"model_id":153,"model_birth_timestamp":347871.839121,"theta":2.305785610875429,"phi":-1.8771110977906538,"method":"3d c++","id":1}
1255079,1255077,1,348009.513642,108,107,{"topic":"pupil.1","circle_3d":{"center":[-6.028501483087853,1.5478124856611366,72.5435225921487],"normal":[-0.22479631938422112,0.669972014618417,-0.7075338256362353],"radius":2.1207568684948197},"confidence":0.9983392027741256,"timestamp":348009.513642,"diameter_3d":4.241513736989639,"ellipse":{"center":[108.539162238849,132.9828882183398],"axes":[24.405789000726486,36.343977511700146],"angle":-67.87636724804531},"norm_pos":[0.3391848819964031,0.44590463242358414],"diameter":36.343977511700146,"sphere":{"center":[-3.3309456504771995,-6.4918516897598675,81.03392849978353],"radius":12.0},"projected_sphere":{"center":[134.51454789950878,70.33008861637666],"axes":[183.62678788354376,183.62678788354376],"angle":90.0},"model_confidence":0.8852458746033021,"model_id":153,"model_birth_timestamp":347871.839121,"theta":2.304967417087669,"phi":-1.878427985320929,"method":"3d c++","id":1}
1255088,1255083,1,348009.522042,108,107,{"topic":"pupil.1","circle_3d":{"center":[-6.068440657184631,1.545421557088277,72.5540487928684],"normal":[-0.22812458389228593,0.6697727705706787,-0.7066566422429271],"radius":2.1333710036683953},"confidence":0.9988467344251559,"timestamp":348009.522042,"diameter_3d":4.2667420073367905,"ellipse":{"center":[108.20702417094395,132.958072740751],"axes":[24.50165627255662,36.555642924305026],"angle":-67.6137765399042},"norm_pos":[0.33814695053419985,0.44600803024687086],"diameter":36.555642924305026,"sphere":{"center":[-3.3309456504771995,-6.4918516897598675,81.03392849978353],"radius":12.0},"projected_sphere":{"center":[134.51454789950878,70.33008861637666],"axes":[183.62678788354376,183.62678788354376],"angle":90.0},"model_confidence":0.8851672179963632,"model_id":153,"model_birth_timestamp":347871.839121,"theta":2.304699066348436,"phi":-1.8830573902021837,"method":"3d c++","id":1}
1255094,1255089,1,348009.530442,108,106,{"topic":"pupil.1","circle_3d":{"center":[-6.063710619500961,1.555837493703649,72.56240594297941],"normal":[-0.2277304140853135,0.6706407652886264,-0.7059602130670095],"radius":2.138606249576996},"confidence":0.9986449268881655,"timestamp":348009.530442,"diameter_3d":4.277212499153992,"ellipse":{"center":[108.25345203016707,133.0443575025392],"axes":[24.531430925310683,36.6410174467263],"angle":-67.67723996632301},"norm_pos":[0.33829203759427207,0.44564851040608666],"diameter":36.6410174467263,"sphere":{"center":[-3.3309456504771995,-6.4918516897598675,81.03392849978353],"radius":12.0},"projected_sphere":{"center":[134.51454789950878,70.33008861637666],"axes":[183.62678788354376,183.62678788354376],"angle":90.0},"model_confidence":0.885023618156966,"model_id":153,"model_birth_timestamp":347871.839121,"theta":2.3058685958423846,"phi":-1.8828401330629774,"method":"3d c++","id":1}
1255103,1255100,1,348009.538842,108,106,{"topic":"pupil.1","circle_3d":{"center":[-6.076805486570424,1.5861835054728175,72.59558736274053],"normal":[-0.22882165300776872,0.6731695996027237,-0.7031950947535833],"radius":2.128900816209909},"confidence":0.9980073420710045,"timestamp":348009.538842,"diameter_3d":4.257801632419818,"ellipse":{"center":[108.16452041097662,133.30012918879396],"axes":[24.29215151502424,36.45801145500913],"angle":-67.69093243342854},"norm_pos":[0.33801412628430194,0.44458279504669185],"diameter":36.45801145500913,"sphere":{"center":[-3.3309456504771995,-6.4918516897598675,81.03392849978353],"radius":12.0},"projected_sphere":{"center":[134.51454789950878,70.33008861637666],"axes":[183.62678788354376,183.62678788354376],"angle":90.0},"model_confidence":0.8846118644930012,"model_id":153,"model_birth_timestamp":347871.839121,"theta":2.309283005298138,"phi":-1.88539250184983,"method":"3d c++","id":1}
1255112,1255105,1,348009.547242,107,106,{"topic":"pupil.1","circle_3d":{"center":[-6.1881784232014185,1.6138006228578252,72.65928692718914],"normal":[-0.2381027310603516,0.6754710260514744,-0.6978867977161987],"radius":2.1366460617656027},"confidence":0.9978441097368105,"timestamp":348009.547242,"diameter_3d":4.273292123531205,"ellipse":{"center":[107.26211397726071,133.5237862604337],"axes":[24.1135029726693,36.56033629601815],"angle":-67.0789327944388},"norm_pos":[0.33519410617893974,0.4436508905815263],"diameter":36.56033629601815,"sphere":{"center":[-3.3309456504771995,-6.4918516897598675,81.03392849978353],"radius":12.0},"projected_sphere":{"center":[134.51454789950878,70.33008861637666],"axes":[183.62678788354376,183.62678788354376],"angle":90.0},"model_confidence":0.8842251657867228,"model_id":153,"model_birth_timestamp":347871.839121,"theta":2.312399619936383,"phi":-1.8995892448952338,"method":"3d c++","id":1}
1255119,1255117,1,348009.555642,106,106,{"topic":"pupil.1","circle_3d":{"center":[-6.3387886800946,1.6270866577523488,72.7251547985399],"normal":[-0.25065358580145003,0.6765781956260181,-0.6923978084369684],"radius":2.15066618566389},"confidence":0.9986031883634103,"timestamp":348009.555642,"diameter_3d":4.30133237132778,"ellipse":{"center":[106.02978360280935,133.6235151930937],"axes":[23.985291799730035,36.76944573283484],"angle":-66.19064737630671},"norm_pos":[0.3313430737587792,0.4432353533621095],"diameter":36.76944573283484,"sphere":{"center":[-3.3309456504771995,-6.4918516897598675,81.03392849978353],"radius":12.0},"projected_sphere":{"center":[134.51454789950878,70.33008861637666],"axes":[183.62678788354376,183.62678788354376],"angle":90.0},"model_confidence":0.8840913624821645,"model_id":153,"model_birth_timestamp":347871.839121,"theta":2.313902132391597,"phi":-1.9181284400873175,"method":"3d c++","id":1}
1255128,1255123,1,348009.564042,106,106,{"topic":"pupil.1","circle_3d":{"center":[-6.31377814005039,1.6422906327957811,72.73101099955774],"normal":[-0.24856937413109925,0.677845193546304,-0.6919097916854822],"radius":2.1420014017182942},"confidence":0.9988809721332427,"timestamp":348009.564042,"diameter_3d":4.2840028034365885,"ellipse":{"center":[106.24599330792262,133.75381083663336],"axes":[23.872863756363056,36.6177721757163],"angle":-66.3942402447613},"norm_pos":[0.33201872908725816,0.44269245484736097],"diameter":36.6177721757163,"sphere":{"center":[-3.3309456504771995,-6.4918516897598675,81.03392849978353],"radius":12.0},"projected_sphere":{"center":[134.51454789950878,70.33008861637666],"axes":[183.62678788354376,183.62678788354376],"angle":90.0},"model_confidence":0.883953555160577,"model_id":153,"model_birth_timestamp":347871.839121,"theta":2.315624093169767,"phi":-1.915688797227902,"method":"3d c++","id":1}
1255136,1255134,1,348009.572442,106,106,{"topic":"pupil.1","circle_3d":{"center":[-6.291381780224629,1.6343400105126893,72.71522509287524],"normal":[-0.2467030108122858,0.6771826416893798,-0.6932252839090235],"radius":2.1400924478575316},"confidence":0.9984971022391885,"timestamp":348009.572442,"diameter_3d":4.280184895715063,"ellipse":{"center":[106.42482369079615,133.6891084050476],"axes":[23.916435660708697,36.59274944054944],"angle":-66.50584817087534},"norm_pos":[0.33257757403373794,0.4429620483123017],"diameter":36.59274944054944,"sphere":{"center":[-3.3309456504771995,-6.4918516897598675,81.03392849978353],"radius":12.0},"projected_sphere":{"center":[134.51454789950878,70.33008861637666],"axes":[183.62678788354376,183.62678788354376],"angle":90.0},"model_confidence":0.883791957730018,"model_id":153,"model_birth_timestamp":347871.839121,"theta":2.314723286955851,"phi":-1.9126972546281769,"method":"3d c++","id":1}
1255147,1255145,1,348009.580841,106,106,{"topic":"pupil.1","circle_3d":{"center":[-6.284989211782785,1.610403237502597,72.68964352552959],"normal":[-0.24617029677546542,0.6751879106052054,-0.6953570811878285],"radius":2.1270253346950825},"confidence":0.9978233751016312,"timestamp":348009.580841,"diameter_3d":4.254050669390165,"ellipse":{"center":[106.45992635036583,133.4925175117131],"axes":[23.86738191721403,36.38207565296661],"angle":-66.46665865407144},"norm_pos":[0.3326872698448932,0.4437811770345288],"diameter":36.38207565296661,"sphere":{"center":[-3.3309456504771995,-6.4918516897598675,81.03392849978353],"radius":12.0},"projected_sphere":{"center":[134.51454789950878,70.33008861637666],"axes":[183.62678788354376,183.62678788354376],"angle":90.0},"model_confidence":0.8833324876719506,"model_id":153,"model_birth_timestamp":347871.839121,"theta":2.3120157429967807,"phi":-1.9110479174684214,"method":"3d c++","id":1}
1255154,1255150,1,348009.589241,106,106,{"topic":"pupil.1","circle_3d":{"center":[-6.283087044028929,1.5607808428767243,72.64107615467455],"normal":[-0.24601178279597746,0.6710527110530493,-0.6994043620924147],"radius":2.1513657129848287},"confidence":0.9991152249938078,"timestamp":348009.589241,"diameter_3d":4.302731425969657,"ellipse":{"center":[106.44269764162273,133.07206724478533],"axes":[24.324872976973868,36.823513622019895],"angle":-66.31422296713095},"norm_pos":[0.332633430130071,0.44553305314672775],"diameter":36.823513622019895,"sphere":{"center":[-3.3309456504771995,-6.4918516897598675,81.03392849978353],"radius":12.0},"projected_sphere":{"center":[134.51454789950878,70.33008861637666],"axes":[183.62678788354376,183.62678788354376],"angle":90.0},"model_confidence":0.8832937258192564,"model_id":153,"model_birth_timestamp":347871.839121,"theta":2.306424081272097,"phi":-1.909024604996751,"method":"3d c++","id":1}
1255164,1255161,1,348009.597641,106,107,{"topic":"pupil.1","circle_3d":{"center":[-6.263308902482041,1.5180838344186167,72.59342030081854],"normal":[-0.24436360433373677,0.6674946270148736,-0.7033756832470822],"radius":2.1460027995356845},"confidence":0.9982296816877023,"timestamp":348009.597641,"diameter_3d":4.292005599071369,"ellipse":{"center":[106.57637790599878,132.71675669164867],"axes":[24.449215743284213,36.7557575361394],"angle":-66.29505815427567},"norm_pos":[0.3330511809562462,0.44701351378479726],"diameter":36.7557575361394,"sphere":{"center":[-3.3309456504771995,-6.4918516897598675,81.03392849978353],"radius":12.0},"projected_sphere":{"center":[134.51454789950878,70.33008861637666],"axes":[183.62678788354376,183.62678788354376],"angle":90.0},"model_confidence":0.8829480367693598,"model_id":153,"model_birth_timestamp":347871.839121,"theta":2.3016353610041542,"phi":-1.9051668302993874,"method":"3d c++","id":1}
1255171,1255166,1,348009.606041,106,107,{"topic":"pupil.1","circle_3d":{"center":[-6.2332782494852275,1.4686336327947291,72.53645011416064],"normal":[-0.24186104991733567,0.6633737768795497,-0.7081231988019073],"radius":2.1380853399534328},"confidence":0.9987555410796808,"timestamp":348009.606041,"diameter_3d":4.2761706799068655,"ellipse":{"center":[106.79071966407587,132.3053246485031],"axes":[24.58132561461306,36.64869220520639],"angle":-66.317703718899},"norm_pos":[0.3337209989502371,0.4487278139645704],"diameter":36.64869220520639,"sphere":{"center":[-3.3309456504771995,-6.4918516897598675,81.03392849978353],"radius":12.0},"projected_sphere":{"center":[134.51454789950878,70.33008861637666],"axes":[183.62678788354376,183.62678788354376],"angle":90.0},"model_confidence":0.8828625224917563,"model_id":153,"model_birth_timestamp":347871.839121,"theta":2.2961147877582118,"phi":-1.899925550768167,"method":"3d c++","id":1}
1255181,1255178,1,348009.614441,107,107,{"topic":"pupil.1","circle_3d":{"center":[-6.178481419178356,1.4614397173873153,72.51121204087406],"normal":[-0.23729464739176304,0.6627742839289319,-0.7102263715757887],"radius":2.1597579099116033},"confidence":0.9993015476227859,"timestamp":348009.614441,"diameter_3d":4.319515819823207,"ellipse":{"center":[107.24100466283281,132.24236619640175],"axes":[24.940897287867944,37.03233747669853],"angle":-66.63978909320352},"norm_pos":[0.3351281395713525,0.448990140848326],"diameter":37.03233747669853,"sphere":{"center":[-3.3309456504771995,-6.4918516897598675,81.03392849978353],"radius":12.0},"projected_sphere":{"center":[134.51454789950878,70.33008861637666],"axes":[183.62678788354376,183.62678788354376],"angle":90.0},"model_confidence":0.8829123566924668,"model_id":153,"model_birth_timestamp":347871.839121,"theta":2.295313919492437,"phi":-1.893246876417535,"method":"3d c++","id":1}
1255187,1255183,1,348009.622841,108,107,{"topic":"pupil.1","circle_3d":{"center":[-6.056332930401233,1.4698514552081239,72.47919021004988],"normal":[-0.2271156066603361,0.663475262080666,-0.7128948574778046],"radius":2.1471158664337366},"confidence":0.9992180468357655,"timestamp":348009.622841,"diameter_3d":4.294231732867473,"ellipse":{"center":[108.258805497407,132.32133949871286],"axes":[24.94687894421467,36.829567186510346],"angle":-67.44714835421951},"norm_pos":[0.33830876717939684,0.44866108542202976],"diameter":36.829567186510346,"sphere":{"center":[-3.3309456504771995,-6.4918516897598675,81.03392849978353],"radius":12.0},"projected_sphere":{"center":[134.51454789950878,70.33008861637666],"axes":[183.62678788354376,183.62678788354376],"angle":90.0},"model_confidence":0.8829213800960245,"model_id":153,"model_birth_timestamp":347871.839121,"theta":2.2962504190603203,"phi":-1.879212632600556,"method":"3d c++","id":1}
1255195,1255191,1,348009.631241,109,107,{"topic":"pupil.1","circle_3d":{"center":[-5.911409724182043,1.513650271703023,72.47512347166585],"normal":[-0.21503867280873698,0.6671251634552409,-0.7132337523431397],"radius":2.1248379924369747},"confidence":0.9768464075923733,"timestamp":348009.631241,"diameter_3d":4.249675984873949,"ellipse":{"center":[109.49030891358642,132.70055207366116],"axes":[24.738232418938395,36.44650390590553],"angle":-68.52361392830912},"norm_pos":[0.3421572153549576,0.4470810330264119],"diameter":36.44650390590553,"sphere":{"center":[-3.3309456504771995,-6.4918516897598675,81.03392849978353],"radius":12.0},"projected_sphere":{"center":[134.51454789950878,70.33008861637666],"axes":[183.62678788354376,183.62678788354376],"angle":90.0},"model_confidence":0.8829523286922214,"model_id":153,"model_birth_timestamp":347871.839121,"theta":2.301139290369182,"phi":-1.8636270239617496,"method":"3d c++","id":1}
1255204,1255202,1,348009.639641,109,107,{"topic":"pupil.1","circle_3d":{"center":[-5.874354730736176,1.5404903538861934,72.48919026246274],"normal":[-0.211950756688248,0.6693618369705051,-0.7120615197767325],"radius":2.1280614533978883},"confidence":0.9991923139895604,"timestamp":348009.639641,"diameter_3d":4.256122906795777,"ellipse":{"center":[109.81596951099452,132.92662667261823],"axes":[24.731604932787278,36.49391128542883],"angle":-68.84807481551249},"norm_pos":[0.34317490472185785,0.4461390555307574],"diameter":36.49391128542883,"sphere":{"center":[-3.3309456504771995,-6.4918516897598675,81.03392849978353],"radius":12.0},"projected_sphere":{"center":[134.51454789950878,70.33008861637666],"axes":[183.62678788354376,183.62678788354376],"angle":90.0},"model_confidence":0.8828689608738061,"model_id":153,"model_birth_timestamp":347871.839121,"theta":2.3041458077152916,"phi":-1.8601030488565928,"method":"3d c++","id":1}
1255213,1255206,1,348009.648041,110,106,{"topic":"pupil.1","circle_3d":{"center":[-5.854085908527059,1.586890353080495,72.52700836124622],"normal":[-0.2102616881708216,0.6732285035700302,-0.7089100115447757],"radius":2.152706611932951},"confidence":0.9241964869885319,"timestamp":348009.648041,"diameter_3d":4.305413223865902,"ellipse":{"center":[110.01562627790412,133.31074367153536],"axes":[24.878966632624287,36.8968274012735],"angle":-69.12200180319309},"norm_pos":[0.34379883211845036,0.44453856803526937],"diameter":36.8968274012735,"sphere":{"center":[-3.3309456504771995,-6.4918516897598675,81.03392849978353],"radius":12.0},"projected_sphere":{"center":[134.51454789950878,70.33008861637666],"axes":[183.62678788354376,183.62678788354376],"angle":90.0},"model_confidence":0.8827202568792436,"model_id":153,"model_birth_timestamp":347871.839121,"theta":2.309362663241205,"phi":-1.859129619569582,"method":"3d c++","id":1}
1255219,1255213,1,348009.656441,110,106,{"topic":"pupil.1","circle_3d":{"center":[-5.839659081760598,1.5739648310499668,72.51049252757552],"normal":[-0.20905945260694989,0.6721513767341528,-0.7102863310173337],"radius":2.1791134162716252},"confidence":0.977214672368262,"timestamp":348009.656441,"diameter_3d":4.3582268325432505,"ellipse":{"center":[110.12890360333404,133.19673935080002],"axes":[25.251638104046854,37.3579665086237],"angle":-69.17640390761451},"norm_pos":[0.3441528237604189,0.4450135860383333],"diameter":37.3579665086237,"sphere":{"center":[-3.3309456504771995,-6.4918516897598675,81.03392849978353],"radius":12.0},"projected_sphere":{"center":[134.51454789950878,70.33008861637666],"axes":[183.62678788354376,183.62678788354376],"angle":90.0},"model_confidence":0.8826646163456631,"model_id":153,"model_birth_timestamp":347871.839121,"theta":2.3079069374370915,"phi":-1.857044339151366,"method":"3d c++","id":1}
1255231,1255230,1,348009.664841,110,106,{"topic":"pupil.1","circle_3d":{"center":[-5.795842458758897,1.5685125468569847,72.49256958579386],"normal":[-0.20540806735680814,0.6716970197180709,-0.7117799094991389],"radius":2.1623207748062883},"confidence":0.9931950069917015,"timestamp":348009.664841,"diameter_3d":4.3246415496125765,"ellipse":{"center":[110.4893913443628,133.15690407106632],"axes":[25.13604192301238,37.07836440299988],"angle":-69.44596593150985},"norm_pos":[0.34527934795113374,0.445179566370557],"diameter":37.07836440299988,"sphere":{"center":[-3.3309456504771995,-6.4918516897598675,81.03392849978353],"radius":12.0},"projected_sphere":{"center":[134.51454789950878,70.33008861637666],"axes":[183.62678788354376,183.62678788354376],"angle":90.0},"model_confidence":0.8826900149592976,"model_id":153,"model_birth_timestamp":347871.839121,"theta":2.3072934553714974,"phi":-1.8517468088498021,"method":"3d c++","id":1}
1255240,1255237,1,348009.67324,110,106,{"topic":"pupil.1","circle_3d":{"center":[-5.7823717050100845,1.577310622080791,72.49700107334212],"normal":[-0.20428550454440708,0.6724301926533882,-0.711410618870118],"radius":2.155603948410307},"confidence":0.7352741723672263,"timestamp":348009.67324,"diameter_3d":4.311207896820614,"ellipse":{"center":[110.60680060809733,133.23284666957335],"axes":[25.044169765982,36.96058109903476],"angle":-69.5606432586444},"norm_pos":[0.3456462519003042,0.44486313887677775],"diameter":36.96058109903476,"sphere":{"center":[-3.3309456504771995,-6.4918516897598675,81.03392849978353],"radius":12.0},"projected_sphere":{"center":[134.51454789950878,70.33008861637666],"axes":[183.62678788354376,183.62678788354376],"angle":90.0},"model_confidence":0.8824896060408371,"model_id":153,"model_birth_timestamp":347871.839121,"theta":2.308283569553036,"phi":-1.8504279636473464,"method":"3d c++","id":1}
1255247,1255247,1,348009.68164,110,107,{"topic":"pupil.1","circle_3d":{"center":[-5.782185189706313,1.5324737587003963,72.45478950927213],"normal":[-0.2042699616024261,0.6686937873716886,-0.7149282492092827],"radius":2.152349170458405},"confidence":0.7824503160213157,"timestamp":348009.68164,"diameter_3d":4.30469834091681,"ellipse":{"center":[110.58007316101579,132.85745633031354],"axes":[25.167502456030434,36.92652697620279],"angle":-69.42664270169044},"norm_pos":[0.34556272862817433,0.44642726529036025],"diameter":36.92652697620279,"sphere":{"center":[-3.3309456504771995,-6.4918516897598675,81.03392849978353],"radius":12.0},"projected_sphere":{"center":[134.51454789950878,70.33008861637666],"axes":[183.62678788354376,183.62678788354376],"angle":90.0},"model_confidence":0.8823088077763663,"model_id":153,"model_birth_timestamp":347871.839121,"theta":2.303246970138069,"phi":-1.849102125199077,"method":"3d c++","id":1}
1255255,1255251,1,348009.69004,110,107,{"topic":"pupil.1","circle_3d":{"center":[-5.781556803273338,1.5176722575555015,72.44078989301285],"normal":[-0.2042175960663449,0.6674603289429474,-0.716094883897557],"radius":2.1623501661831037},"confidence":0.953363252749712,"timestamp":348009.69004,"diameter_3d":4.324700332366207,"ellipse":{"center":[110.57664079230705,132.73080707679853],"axes":[25.33843446129648,37.10543479243154],"angle":-69.38582531227632},"norm_pos":[0.3455520024759595,0.44695497051333943],"diameter":37.10543479243154,"sphere":{"center":[-3.3309456504771995,-6.4918516897598675,81.03392849978353],"radius":12.0},"projected_sphere":{"center":[134.51454789950878,70.33008861637666],"axes":[183.62678788354376,183.62678788354376],"angle":90.0},"model_confidence":0.8820320688279093,"model_id":153,"model_birth_timestamp":347871.839121,"theta":2.301589300447138,"phi":-1.848604093855404,"method":"3d c++","id":1}
1255265,1255263,1,348009.69844,110,107,{"topic":"pupil.1","circle_3d":{"center":[-5.751737603382919,1.5462755268529609,72.4590654005676],"normal":[-0.20173266274214324,0.6698439347177357,-0.7145719249346607],"radius":2.1859899365494604},"confidence":0.99671905488726,"timestamp":348009.69844,"diameter_3d":4.371979873098921,"ellipse":{"center":[110.84438841469836,132.96646901887033],"axes":[25.551972580583723,37.50108034096927],"angle":-69.6686561289747},"norm_pos":[0.3463887137959324,0.445973045754707],"diameter":37.50108034096927,"sphere":{"center":[-3.3309456504771995,-6.4918516897598675,81.03392849978353],"radius":12.0},"projected_sphere":{"center":[134.51454789950878,70.33008861637666],"axes":[183.62678788354376,183.62678788354376],"angle":90.0},"model_confidence":0.882046124576441,"model_id":153,"model_birth_timestamp":347871.839121,"theta":2.3047949059264785,"phi":-1.8459482191389256,"method":"3d c++","id":1}
1255274,1255274,1,348009.70684,110,106,{"topic":"pupil.1","circle_3d":{"center":[-5.755937218400703,1.5946160252647577,72.50583048267771],"normal":[-0.20208263066029197,0.6738723095853855,-0.7106748347588188],"radius":2.1801861782198473},"confidence":0.9999137026831181,"timestamp":348009.70684,"diameter_3d":4.360372356439695,"ellipse":{"center":[110.839278329374,133.37314307219003],"axes":[25.302250073549416,37.3771237960257],"angle":-69.78544919797591},"norm_pos":[0.34637274477929375,0.4442785705325415],"diameter":37.3771237960257,"sphere":{"center":[-3.3309456504771995,-6.4918516897598675,81.03392849978353],"radius":12.0},"projected_sphere":{"center":[134.51454789950878,70.33008861637666],"axes":[183.62678788354376,183.62678788354376],"angle":90.0},"model_confidence":0.8821605652826192,"model_id":153,"model_birth_timestamp":347871.839121,"theta":2.310233682210409,"phi":-1.8478371289641395,"method":"3d c++","id":1}
1255282,1255281,1,348009.71524,110,106,{"topic":"pupil.1","circle_3d":{"center":[-5.78243602436653,1.6238528726366095,72.54125316143313],"normal":[-0.20429086449077752,0.6763087135330398,-0.7077229448625326],"radius":2.1877075689166974},"confidence":0.9449547000282212,"timestamp":348009.71524,"diameter_3d":4.375415137833395,"ellipse":{"center":[110.63744392203762,133.61512196644048],"axes":[25.246013248542976,37.4881152282136],"angle":-69.69914716913132},"norm_pos":[0.3457420122563676,0.44327032513983133],"diameter":37.4881152282136,"sphere":{"center":[-3.3309456504771995,-6.4918516897598675,81.03392849978353],"radius":12.0},"projected_sphere":{"center":[134.51454789950878,70.33008861637666],"axes":[183.62678788354376,183.62678788354376],"angle":90.0},"model_confidence":0.8820443305684211,"model_id":153,"model_birth_timestamp":347871.839121,"theta":2.313536234109403,"phi":-1.8518166829446947,"method":"3d c++","id":1}
1255289,1255285,1,348009.72364,110,106,{"topic":"pupil.1","circle_3d":{"center":[-5.776768339911378,1.6204991526545154,72.53641620609265],"normal":[-0.2038185574528482,0.6760292368678652,-0.70812602447424],"radius":2.158142337627103},"confidence":0.8994058449783643,"timestamp":348009.72364,"diameter_3d":4.316284675254206,"ellipse":{"center":[110.6809187687349,133.59437036162913],"axes":[24.924349951933028,36.98364942489461],"angle":-69.72621202217573},"norm_pos":[0.34587787115229657,0.4433567901598786],"diameter":36.98364942489461,"sphere":{"center":[-3.3309456504771995,-6.4918516897598675,81.03392849978353],"radius":12.0},"projected_sphere":{"center":[134.51454789950878,70.33008861637666],"axes":[183.62678788354376,183.62678788354376],"angle":90.0},"model_confidence":0.8818578125534104,"model_id":153,"model_birth_timestamp":347871.839121,"theta":2.313156895161305,"phi":-1.8510491598568912,"method":"3d c++","id":1}
1255297,1255292,1,348009.73204,110,106,{"topic":"pupil.1","circle_3d":{"center":[-5.769000044400785,1.638166828673615,72.55108170980797],"normal":[-0.20317119949363222,0.6775015432027902,-0.7069038991646295],"radius":2.164277133633824},"confidence":0.9993543291242933,"timestamp":348009.73204,"diameter_3d":4.328554267267648,"ellipse":{"center":[110.75715713998443,133.74116378523263],"axes":[24.94093566239499,37.08108255764572],"angle":-69.82917155689194},"norm_pos":[0.34611611606245135,0.442745150894864],"diameter":37.08108255764572,"sphere":{"center":[-3.3309456504771995,-6.4918516897598675,81.03392849978353],"radius":12.0},"projected_sphere":{"center":[134.51454789950878,70.33008861637666],"axes":[183.62678788354376,183.62678788354376],"angle":90.0},"model_confidence":0.8817914737142662,"model_id":153,"model_birth_timestamp":347871.839121,"theta":2.31515677249377,"phi":-1.8506629529034186,"method":"3d c++","id":1}
1255302,1255297,1,348009.74044,110,106,{"topic":"pupil.1","circle_3d":{"center":[-5.751089454564399,1.6633072426653541,72.57010626899303],"normal":[-0.20167865034059998,0.6795965777021018,-0.7053185192325415],"radius":2.159478274526933},"confidence":0.9994601615185933,"timestamp":348009.74044,"diameter_3d":4.318956549053866,"ellipse":{"center":[110.92203698491585,133.9534582785869],"axes":[24.817142348543886,36.98865403635083],"angle":-70.01975244560515},"norm_pos":[0.346631365577862,0.4418605905058879],"diameter":36.98865403635083,"sphere":{"center":[-3.3309456504771995,-6.4918516897598675,81.03392849978353],"radius":12.0},"projected_sphere":{"center":[134.51454789950878,70.33008861637666],"axes":[183.62678788354376,183.62678788354376],"angle":90.0},"model_confidence":0.8818302112842513,"model_id":153,"model_birth_timestamp":347871.839121,"theta":2.3180088894699726,"phi":-1.8493044860859258,"method":"3d c++","id":1}
1255316,1255315,1,348009.74884,111,105,{"topic":"pupil.1","circle_3d":{"center":[-5.7319053103783535,1.6843810467827964,72.5849870897952],"normal":[-0.20007997165842956,0.681352728045222,-0.7040784508323599],"radius":2.1705748558332316},"confidence":0.8957664059974982,"timestamp":348009.74884,"diameter_3d":4.341149711666463,"ellipse":{"center":[111.09577076919675,134.12789248989975],"axes":[24.89220478471303,37.17071496162451],"angle":-70.20599953239883},"norm_pos":[0.3471742836537398,0.44113378129208436],"diameter":37.17071496162451,"sphere":{"center":[-3.3309456504771995,-6.4918516897598675,81.03392849978353],"radius":12.0},"projected_sphere":{"center":[134.51454789950878,70.33008861637666],"axes":[183.62678788354376,183.62678788354376],"angle":90.0},"model_confidence":0.88178536650656,"model_id":153,"model_birth_timestamp":347871.839121,"theta":2.3204054777155028,"phi":-1.8476702943676018,"method":"3d c++","id":1}
1255322,1255319,1,348009.75724,111,105,{"topic":"pupil.1","circle_3d":{"center":[-5.7259021193212165,1.7024225351650788,72.60077645330216],"normal":[-0.19957970573700143,0.6828561854104122,-0.702762670540114],"radius":2.1847744437606744},"confidence":0.9998275113242082,"timestamp":348009.75724,"diameter_3d":4.369548887521349,"ellipse":{"center":[111.15799751242682,134.2755433185042],"axes":[24.99565266959493,37.405639225761355],"angle":-70.29719544404182},"norm_pos":[0.3473687422263338,0.4405185695062326],"diameter":37.405639225761355,"sphere":{"center":[-3.3309456504771995,-6.4918516897598675,81.03392849978353],"radius":12.0},"projected_sphere":{"center":[134.51454789950878,70.33008861637666],"axes":[183.62678788354376,183.62678788354376],"angle":90.0},"model_confidence":0.8820221427975228,"model_id":153,"model_birth_timestamp":347871.839121,"theta":2.322461475738357,"phi":-1.847503920972754,"method":"3d c++","id":1}
1255331,1255326,1,348009.765639,111,105,{"topic":"pupil.1","circle_3d":{"center":[-5.7085160658217164,1.684338813229111,72.57833462478507],"normal":[-0.1981308679453764,0.6813492085824149,-0.7046328229165377],"radius":2.1775430756505343},"confidence":0.9995035351609146,"timestamp":348009.765639,"diameter_3d":4.355086151301069,"ellipse":{"center":[111.29087461274142,134.12691326377407],"axes":[25.003323778002134,37.293095482035426],"angle":-70.35828364521885},"norm_pos":[0.34778398316481696,0.44113786140094136],"diameter":37.293095482035426,"sphere":{"center":[-3.3309456504771995,-6.4918516897598675,81.03392849978353],"radius":12.0},"projected_sphere":{"center":[134.51454789950878,70.33008861637666],"axes":[183.62678788354376,183.62678788354376],"angle":90.0},"model_confidence":0.8821557592256113,"model_id":153,"model_birth_timestamp":347871.839121,"theta":2.320400669422888,"phi":-1.8449018155839478,"method":"3d c++","id":1}
1255340,1255336,1,348009.774039,111,105,{"topic":"pupil.1","circle_3d":{"center":[-5.684895899937824,1.7094341280073841,72.59604789157663],"normal":[-0.19616252078838536,0.6834404848139376,-0.7031567173505748],"radius":2.1665631431207233},"confidence":0.9992376633971835,"timestamp":348009.774039,"diameter_3d":4.333126286241447,"ellipse":{"center":[111.50298992961962,134.34034964673793],"axes":[24.8148157634857,37.09534035145571],"angle":-70.58437771173371},"norm_pos":[0.3484468435300613,0.44024854313859196],"diameter":37.09534035145571,"sphere":{"center":[-3.3309456504771995,-6.4918516897598675,81.03392849978353],"radius":12.0},"projected_sphere":{"center":[134.51454789950878,70.33008861637666],"axes":[183.62678788354376,183.62678788354376],"angle":90.0},"model_confidence":0.8822801588833307,"model_id":153,"model_birth_timestamp":347871.839121,"theta":2.323261579463317,"phi":-1.8428534710269016,"method":"3d c++","id":1}
1255352,1255349,1,348009.782439,111,105,{"topic":"pupil.1","circle_3d":{"center":[-5.674339928110431,1.7027663159594137,72.58663668524929],"normal":[-0.195282856469436,0.6828848338099401,-0.7039409845445199],"radius":2.171267316851601},"confidence":0.9990874737083907,"timestamp":348009.782439,"diameter_3d":4.342534633703202,"ellipse":{"center":[111.5869369686578,134.2839763003743],"axes":[24.907335759690756,37.18058958482849],"angle":-70.63426902945483},"norm_pos":[0.3487091780270556,0.44048343208177376],"diameter":37.18058958482849,"sphere":{"center":[-3.3309456504771995,-6.4918516897598675,81.03392849978353],"radius":12.0},"projected_sphere":{"center":[134.51454789950878,70.33008861637666],"axes":[183.62678788354376,183.62678788354376],"angle":90.0},"model_confidence":0.8821929381216509,"model_id":153,"model_birth_timestamp":347871.839121,"theta":2.32250069114294,"phi":-1.8414051257592772,"method":"3d c++","id":1}
1255356,1255352,1,348009.790839,111,105,{"topic":"pupil.1","circle_3d":{"center":[-5.656982858348943,1.714470864094892,72.59320453499882],"normal":[-0.19383643398931194,0.68386021282123,-0.7033936637320591],"radius":2.1889160205431137},"confidence":0.9994706148611061,"timestamp":348009.790839,"diameter_3d":4.3778320410862275,"ellipse":{"center":[111.73984499353567,134.37830343416388],"axes":[25.088639294638224,37.47916866425351],"angle":-70.78089862198715},"norm_pos":[0.349187015604799,0.4400904023576505],"diameter":37.47916866425351,"sphere":{"center":[-3.3309456504771995,-6.4918516897598675,81.03392849978353],"radius":12.0},"projected_sphere":{"center":[134.51454789950878,70.33008861637666],"axes":[183.62678788354376,183.62678788354376],"angle":90.0},"model_confidence":0.882233370886365,"model_id":153,"model_birth_timestamp":347871.839121,"theta":2.32383669928891,"phi":-1.8396953474358528,"method":"3d c++","id":1}
1255366,1255363,1,348009.799239,111,105,{"topic":"pupil.1","circle_3d":{"center":[-5.6529842307092935,1.7307136834920858,72.60792378138278],"normal":[-0.1935032150193412,0.6852137811043294,-0.7021670598667291],"radius":2.194893922984926},"confidence":0.9993392082918457,"timestamp":348009.799239,"diameter_3d":4.389787845969852,"ellipse":{"center":[111.78373768210105,134.5127152126932],"axes":[25.10105727013511,37.57378589127645],"angle":-70.85287356243225},"norm_pos":[0.34932418025656575,0.439530353280445],"diameter":37.57378589127645,"sphere":{"center":[-3.3309456504771995,-6.4918516897598675,81.03392849978353],"radius":12.0},"projected_sphere":{"center":[134.51454789950878,70.33008861637666],"axes":[183.62678788354376,183.62678788354376],"angle":90.0},"model_confidence":0.8822473869218861,"model_id":153,"model_birth_timestamp":347871.839121,"theta":2.3256935026062493,"phi":-1.8397017011379335,"method":"3d c++","id":1}
1255371,1255370,1,348009.807639,111,105,{"topic":"pupil.1","circle_3d":{"center":[-5.646231396038258,1.7578217213977805,72.63259881183292],"normal":[-0.19294047879675488,0.6874727842631374,-0.7001108073292174],"radius":2.180399731185208},"confidence":0.9993987073988307,"timestamp":348009.807639,"diameter_3d":4.360799462370416,"ellipse":{"center":[111.85648918202665,134.74281688654042],"axes":[24.841689494162512,37.31259151429979],"angle":-70.97304545469876},"norm_pos":[0.34955152869383327,0.43857159630608156],"diameter":37.31259151429979,"sphere":{"center":[-3.3309456504771995,-6.4918516897598675,81.03392849978353],"radius":12.0},"projected_sphere":{"center":[134.51454789950878,70.33008861637666],"axes":[183.62678788354376,183.62678788354376],"angle":90.0},"model_confidence":0.882376150135411,"model_id":153,"model_birth_timestamp":347871.839121,"theta":2.3287996151630903,"phi":-1.839706912869908,"method":"3d c++","id":1}
1255378,1255375,1,348009.816039,111,105,{"topic":"pupil.1","circle_3d":{"center":[-5.641979250209449,1.7680640655584217,72.64149646753249],"normal":[-0.19258613331102073,0.6883263129431907,-0.69936933602092],"radius":2.187224652153345},"confidence":0.9993417802481958,"timestamp":348009.816039,"diameter_3d":4.37444930430669,"ellipse":{"center":[111.89876098061404,134.82682277634487],"axes":[24.886153626515217,37.42471905438345],"angle":-71.02931731828042},"norm_pos":[0.3496836280644189,0.4382215717652297],"diameter":37.42471905438345,"sphere":{"center":[-3.3309456504771995,-6.4918516897598675,81.03392849978353],"radius":12.0},"projected_sphere":{"center":[134.51454789950878,70.33008861637666],"axes":[183.62678788354376,183.62678788354376],"angle":90.0},"model_confidence":0.8824984024819127,"model_id":153,"model_birth_timestamp":347871.839121,"theta":2.3299755891479514,"phi":-1.8395075534713232,"method":"3d c++","id":1}
1255387,1255387,1,348009.824439,111,105,{"topic":"pupil.1","circle_3d":{"center":[-5.6370769188671765,1.7593070493510634,72.63153967070954],"normal":[-0.19217760569916476,0.6875965615925776,-0.700199069089499],"radius":2.1883084323825535},"confidence":0.9994174389884307,"timestamp":348009.824439,"diameter_3d":4.376616864765107,"ellipse":{"center":[111.93407070183265,134.75372241710713],"axes":[24.938107468705116,37.44836584550041],"angle":-71.03682719259467},"norm_pos":[0.34979397094322706,0.43852615659538696],"diameter":37.44836584550041,"sphere":{"center":[-3.3309456504771995,-6.4918516897598675,81.03392849978353],"radius":12.0},"projected_sphere":{"center":[134.51454789950878,70.33008861637666],"axes":[183.62678788354376,183.62678788354376],"angle":90.0},"model_confidence":0.8825089054906199,"model_id":153,"model_birth_timestamp":347871.839121,"theta":2.3289700717709407,"phi":-1.8386617219312096,"method":"3d c++","id":1}
1255400,1255397,1,348009.832839,112,105,{"topic":"pupil.1","circle_3d":{"center":[-5.621302958103248,1.779460178408998,72.64705402934504],"normal":[-0.19086310896883737,0.689275989014072,-0.6989062058698737],"radius":2.1755856588818365},"confidence":0.9989721195607745,"timestamp":348009.832839,"diameter_3d":4.351171317763673,"ellipse":{"center":[112.07766461738326,134.9256287718137],"axes":[24.737049340714936,37.22219282987246],"angle":-71.19564202695037},"norm_pos":[0.3502427019293227,0.43780988011744293],"diameter":37.22219282987246,"sphere":{"center":[-3.3309456504771995,-6.4918516897598675,81.03392849978353],"radius":12.0},"projected_sphere":{"center":[134.51454789950878,70.33008861637666],"axes":[183.62678788354376,183.62678788354376],"angle":90.0},"model_confidence":0.8823980628499095,"model_id":153,"model_birth_timestamp":347871.839121,"theta":2.3312855772799854,"phi":-1.837384380012424,"method":"3d c++","id":1}
1255412,1255404,1,348009.841239,112,104,{"topic":"pupil.1","circle_3d":{"center":[-5.608439979058383,1.7907248570026457,72.65467165145263],"normal":[-0.18979119404843195,0.6902147122302094,-0.6982714040275743],"radius":2.1706644799353803},"confidence":0.9993642315559852,"timestamp":348009.841239,"diameter_3d":4.3413289598707605,"ellipse":{"center":[112.1917473108683,135.02133283284857],"axes":[24.65482246347616,37.13376985203912],"angle":-71.31053216322414},"norm_pos":[0.3505992103464634,0.4374111131964643],"diameter":37.13376985203912,"sphere":{"center":[-3.3309456504771995,-6.4918516897598675,81.03392849978353],"radius":12.0},"projected_sphere":{"center":[134.51454789950878,70.33008861637666],"axes":[183.62678788354376,183.62678788354376],"angle":90.0},"model_confidence":0.8824385759051423,"model_id":153,"model_birth_timestamp":347871.839121,"theta":2.3325820634630006,"phi":-1.8361864648742847,"method":"3d c++","id":1}
1255426,1255424,1,348009.849639,112,104,{"topic":"pupil.1","circle_3d":{"center":[-5.61984158064233,1.7979057468518143,72.66488571921329],"normal":[-0.19074132751376083,0.6908131197176401,-0.6974202317141865],"radius":2.1839536737440373},"confidence":0.9964420129512565,"timestamp":348009.849639,"diameter_3d":4.3679073474880745,"ellipse":{"center":[112.101997818224,135.07747444505657],"axes":[24.763906405915613,37.356129126710655],"angle":-71.25606098426832},"norm_pos":[0.35031874318195,0.4371771898122643],"diameter":37.356129126710655,"sphere":{"center":[-3.3309456504771995,-6.4918516897598675,81.03392849978353],"radius":12.0},"projected_sphere":{"center":[134.51454789950878,70.33008861637666],"axes":[183.62678788354376,183.62678788354376],"angle":90.0},"model_confidence":0.8824293906556924,"model_id":153,"model_birth_timestamp":347871.839121,"theta":2.333409371278628,"phi":-1.837763322115931,"method":"3d c++","id":1}
1255435,1255433,1,348009.866438,111,104,{"topic":"pupil.1","circle_3d":{"center":[-5.642663786465192,1.8120326746092505,72.68518825212159],"normal":[-0.19264317799899938,0.6919903636974265,-0.6957283539718281],"radius":2.1705916233193134},"confidence":0.9995973140403461,"timestamp":348009.866438,"diameter_3d":4.341183246638627,"ellipse":{"center":[111.92042172653149,135.1973228977583],"axes":[24.52929250759592,37.117426310047435],"angle":-71.14693702751606},"norm_pos":[0.3497513178954109,0.4366778212593404],"diameter":37.117426310047435,"sphere":{"center":[-3.3309456504771995,-6.4918516897598675,81.03392849978353],"radius":12.0},"projected_sphere":{"center":[134.51454789950878,70.33008861637666],"axes":[183.62678788354376,183.62678788354376],"angle":90.0},"model_confidence":0.8825642113634347,"model_id":153,"model_birth_timestamp":347871.839121,"theta":2.335038841905635,"phi":-1.8409227488580338,"method":"3d c++","id":1}
1255440,1255437,1,348009.874838,111,104,{"topic":"pupil.1","circle_3d":{"center":[-5.669053541426706,1.8030440639873575,72.68360180409395],"normal":[-0.1948423242457922,0.6912413128122687,-0.6958605579741309],"radius":2.180517623260425},"confidence":0.9993614741439609,"timestamp":348009.874838,"diameter_3d":4.36103524652085,"ellipse":{"center":[111.69551382341825,135.11879970089691],"axes":[24.64153804335542,37.28857886530003],"angle":-70.95113623118783},"norm_pos":[0.34904848069818206,0.43700500124626285],"diameter":37.28857886530003,"sphere":{"center":[-3.3309456504771995,-6.4918516897598675,81.03392849978353],"radius":12.0},"projected_sphere":{"center":[134.51454789950878,70.33008861637666],"axes":[183.62678788354376,183.62678788354376],"angle":90.0},"model_confidence":0.8827749248192074,"model_id":153,"model_birth_timestamp":347871.839121,"theta":2.334001756576508,"phi":-1.843806852886834,"method":"3d c++","id":1}
1255452,1255449,1,348009.883238,111,104,{"topic":"pupil.1","circle_3d":{"center":[-5.680244923341834,1.79814995055545,72.6818828982505],"normal":[-0.19577493940538623,0.6908334700262764,-0.6960038001277515],"radius":2.188618325704321},"confidence":0.9991972972092448,"timestamp":348009.883238,"diameter_3d":4.377236651408642,"ellipse":{"center":[111.59964738221379,135.07553784153535],"axes":[24.73718214814266,37.428286555194056],"angle":-70.86508389835922},"norm_pos":[0.3487488980694181,0.4371852589936027],"diameter":37.428286555194056,"sphere":{"center":[-3.3309456504771995,-6.4918516897598675,81.03392849978353],"radius":12.0},"projected_sphere":{"center":[134.51454789950878,70.33008861637666],"axes":[183.62678788354376,183.62678788354376],"angle":90.0},"model_confidence":0.8827692012166266,"model_id":153,"model_birth_timestamp":347871.839121,"theta":2.3334375173967947,"phi":-1.8449955602549635,"method":"3d c++","id":1}
1255459,1255454,1,348009.891638,111,105,{"topic":"pupil.1","circle_3d":{"center":[-5.703971894613212,1.7866396915071387,72.67717512930946],"normal":[-0.19775218701133437,0.6898742817722505,-0.696396114206172],"radius":2.1752977232382666},"confidence":0.9986565783694845,"timestamp":348009.891638,"diameter_3d":4.350595446476533,"ellipse":{"center":[111.39418505010914,134.98166978944556],"axes":[24.599006234911958,37.203279001143606],"angle":-70.67948884691924},"norm_pos":[0.34810682828159106,0.43757637587731013],"diameter":37.203279001143606,"sphere":{"center":[-3.3309456504771995,-6.4918516897598675,81.03392849978353],"radius":12.0},"projected_sphere":{"center":[134.51454789950878,70.33008861637666],"axes":[183.62678788354376,183.62678788354376],"angle":90.0},"model_confidence":0.8826893180490902,"model_id":153,"model_birth_timestamp":347871.839121,"theta":2.3321117042244026,"phi":-1.8474780610472679,"method":"3d c++","id":1}
1255468,1255466,1,348009.900038,111,104,{"topic":"pupil.1","circle_3d":{"center":[-5.7113312340319045,1.8041159953674093,72.69662170196632],"normal":[-0.1983654652962254,0.691330640427273,-0.6947755664847669],"radius":2.1756640578047364},"confidence":0.9989541154918757,"timestamp":348009.900038,"diameter_3d":4.351328115609473,"ellipse":{"center":[111.3443636018991,135.1268489132093],"axes":[24.526890680379356,37.19962425649566],"angle":-70.68124724247181},"norm_pos":[0.3479511362559347,0.4369714628616279],"diameter":37.19962425649566,"sphere":{"center":[-3.3309456504771995,-6.4918516897598675,81.03392849978353],"radius":12.0},"projected_sphere":{"center":[134.51454789950878,70.33008861637666],"axes":[183.62678788354376,183.62678788354376],"angle":90.0},"model_confidence":0.882648333995617,"model_id":153,"model_birth_timestamp":347871.839121,"theta":2.334125379507722,"phi":-1.8489072318640445,"method":"3d c++","id":1}
1255477,1255472,1,348009.908438,111,104,{"topic":"pupil.1","circle_3d":{"center":[-5.708236229330528,1.8075707362056868,72.69917733978629],"normal":[-0.1981075482377774,0.6916185354971295,-0.6945625966664362],"radius":2.180762947282909},"confidence":0.9993678784744165,"timestamp":348009.908438,"diameter_3d":4.361525894565818,"ellipse":{"center":[111.37259726865463,135.15455812032133],"axes":[24.575333324857702,37.28546045402527],"angle":-70.71088464740834},"norm_pos":[0.3480393664645457,0.4368560078319945],"diameter":37.28546045402527,"sphere":{"center":[-3.3309456504771995,-6.4918516897598675,81.03392849978353],"radius":12.0},"projected_sphere":{"center":[134.51454789950878,70.33008861637666],"axes":[183.62678788354376,183.62678788354376],"angle":90.0},"model_confidence":0.8828730051813172,"model_id":153,"model_birth_timestamp":347871.839121,"theta":2.3345239049287443,"phi":-1.848644809239679,"method":"3d c++","id":1}
1255489,1255482,1,348009.916838,111,104,{"topic":"pupil.1","circle_3d":{"center":[-5.69928708244144,1.8253308289509498,72.71434715141673],"normal":[-0.19736178599702012,0.6930985432259015,-0.6932984456972333],"radius":2.1724785738688084},"confidence":0.9989627410085828,"timestamp":348009.916838,"diameter_3d":4.344957147737617,"ellipse":{"center":[111.45816431997594,135.30487002284627],"axes":[24.425943812928807,37.135743793512596],"angle":-70.8182759931002},"norm_pos":[0.3483067634999248,0.43622970823814056],"diameter":37.135743793512596,"sphere":{"center":[-3.3309456504771995,-6.4918516897598675,81.03392849978353],"radius":12.0},"projected_sphere":{"center":[134.51454789950878,70.33008861637666],"axes":[183.62678788354376,183.62678788354376],"angle":90.0},"model_confidence":0.8829963451000511,"model_id":153,"model_birth_timestamp":347871.839121,"theta":2.3365750465573623,"phi":-1.848130938428751,"method":"3d c++","id":1}
1255495,1255494,1,348009.925238,111,104,{"topic":"pupil.1","circle_3d":{"center":[-5.6988257796067465,1.8298271839528653,72.71871326403186],"normal":[-0.19732334409412897,0.6934732394760611,-0.6929346029793054],"radius":2.1718210744380966},"confidence":0.9991078218694129,"timestamp":348009.925238,"diameter_3d":4.343642148876193,"ellipse":{"center":[111.46490333550574,135.34247941204197],"axes":[24.401960749941935,37.1222367684364],"angle":-70.8337991529024},"norm_pos":[0.34832782292345543,0.43607300244982516],"diameter":37.1222367684364,"sphere":{"center":[-3.3309456504771995,-6.4918516897598675,81.03392849978353],"radius":12.0},"projected_sphere":{"center":[134.51454789950878,70.33008861637666],"axes":[183.62678788354376,183.62678788354376],"angle":90.0},"model_confidence":0.8830229684557711,"model_id":153,"model_birth_timestamp":347871.839121,"theta":2.3370949795103124,"phi":-1.8482178866131536,"method":"3d c++","id":1}
1255504,1255499,1,348009.933638,111,104,{"topic":"pupil.1","circle_3d":{"center":[-5.692620357643719,1.8472833672696982,72.73445146335825],"normal":[-0.19680622559721,0.6949279214191305,-0.6916230863687727],"radius":2.1683934439198995},"confidence":0.9993828689293347,"timestamp":348009.933638,"diameter_3d":4.336786887839799,"ellipse":{"center":[111.52773348743514,135.4888696261596],"axes":[24.304800155725413,37.055394108607175],"angle":-70.92228331665982},"norm_pos":[0.3485241671482348,0.43546304322433493],"diameter":37.055394108607175,"sphere":{"center":[-3.3309456504771995,-6.4918516897598675,81.03392849978353],"radius":12.0},"projected_sphere":{"center":[134.51454789950878,70.33008861637666],"axes":[183.62678788354376,183.62678788354376],"angle":90.0},"model_confidence":0.8831655218512591,"model_id":153,"model_birth_timestamp":347871.839121,"theta":2.3391159854350314,"phi":-1.8480257624601493,"method":"3d c++","id":1}
1255510,1255505,1,348009.942038,111,104,{"topic":"pupil.1","circle_3d":{"center":[-5.688165937615968,1.8419782117101828,72.72785893041046],"normal":[-0.19643502392823067,0.6944858251225042,-0.6921724641144215],"radius":2.1767828579817814},"confidence":0.9990955566359203,"timestamp":348009.942038,"diameter_3d":4.353565715963563,"ellipse":{"center":[111.5616915816493,135.4429521132515],"axes":[24.42520358347166,37.202149862297496],"angle":-70.93616324415615},"norm_pos":[0.34863028619265407,0.4356543661947855],"diameter":37.202149862297496,"sphere":{"center":[-3.3309456504771995,-6.4918516897598675,81.03392849978353],"radius":12.0},"projected_sphere":{"center":[134.51454789950878,70.33008861637666],"axes":[183.62678788354376,183.62678788354376],"angle":90.0},"model_confidence":0.8833058514300607,"model_id":153,"model_birth_timestamp":347871.839121,"theta":2.3385013591999226,"phi":-1.8473205727174389,"method":"3d c++","id":1}
1255520,1255517,1,348009.950437,111,104,{"topic":"pupil.1","circle_3d":{"center":[-5.690048552947113,1.8444251465413917,72.73084943210597],"normal":[-0.1965919085391595,0.6946897363584382,-0.691923255639796],"radius":2.1837516608081975},"confidence":0.9991544792832175,"timestamp":348009.950437,"diameter_3d":4.367503321616395,"ellipse":{"center":[111.54798368725884,135.4615524394363],"axes":[24.49154332480831,37.31979115890389],"angle":-70.93083637250135},"norm_pos":[0.34858744902268385,0.43557686483568203],"diameter":37.31979115890389,"sphere":{"center":[-3.3309456504771995,-6.4918516897598675,81.03392849978353],"radius":12.0},"projected_sphere":{"center":[134.51454789950878,70.33008861637666],"axes":[183.62678788354376,183.62678788354376],"angle":90.0},"model_confidence":0.8834263199297143,"model_id":153,"model_birth_timestamp":347871.839121,"theta":2.3387848023218814,"phi":-1.8476249783923968,"method":"3d c++","id":1}
1255528,1255526,1,348009.958837,111,104,{"topic":"pupil.1","circle_3d":{"center":[-5.708559791899422,1.8257338860990018,72.71739549721728],"normal":[-0.19813451178518518,0.6931321313215725,-0.6930444168805205],"radius":2.189297621863853},"confidence":0.9992940525009265,"timestamp":348009.958837,"diameter_3d":4.378595243727706,"ellipse":{"center":[111.38218511592774,135.3037430251335],"axes":[24.601304379923302,37.421974463323],"angle":-70.75972306515916},"norm_pos":[0.3480693284872742,0.4362344040619437],"diameter":37.421974463323,"sphere":{"center":[-3.3309456504771995,-6.4918516897598675,81.03392849978353],"radius":12.0},"projected_sphere":{"center":[134.51454789950878,70.33008861637666],"axes":[183.62678788354376,183.62678788354376],"angle":90.0},"model_confidence":0.8836137854771109,"model_id":153,"model_birth_timestamp":347871.839121,"theta":2.3366216431883604,"phi":-1.8492584890371606,"method":"3d c++","id":1}
1255535,1255534,1,348009.967237,111,104,{"topic":"pupil.1","circle_3d":{"center":[-5.714644350070441,1.8149817822664502,72.70839559326153],"normal":[-0.19864155829943678,0.6922361226688598,-0.6937944088768334],"radius":2.169142717697686},"confidence":0.9989032982597461,"timestamp":348009.967237,"diameter_3d":4.338285435395372,"ellipse":{"center":[111.32358880492544,135.2187388711264],"axes":[24.407563165700008,37.082060933958445],"angle":-70.69049122898335},"norm_pos":[0.34788621501539196,0.4365885880369734],"diameter":37.082060933958445,"sphere":{"center":[-3.3309456504771995,-6.4918516897598675,81.03392849978353],"radius":12.0},"projected_sphere":{"center":[134.51454789950878,70.33008861637666],"axes":[183.62678788354376,183.62678788354376],"angle":90.0},"model_confidence":0.8836224610812682,"model_id":153,"model_birth_timestamp":347871.839121,"theta":2.3353793278370247,"phi":-1.849648360415428,"method":"3d c++","id":1}
1255541,1255538,1,348009.975637,111,104,{"topic":"pupil.1","circle_3d":{"center":[-5.71805211293427,1.8044469954295064,72.69887295929547],"normal":[-0.19892553853808925,0.6913582237657812,-0.6945879617073386],"radius":2.1833350727461625},"confidence":0.999406158818873,"timestamp":348009.975637,"diameter_3d":4.366670145492325,"ellipse":{"center":[111.28909163682711,135.1274424464594],"axes":[24.603217207501235,37.32980730767745],"angle":-70.63888329999898},"norm_pos":[0.3477784113650847,0.4369689898064191],"diameter":37.32980730767745,"sphere":{"center":[-3.3309456504771995,-6.4918516897598675,81.03392849978353],"radius":12.0},"projected_sphere":{"center":[134.51454789950878,70.33008861637666],"axes":[183.62678788354376,183.62678788354376],"angle":90.0},"model_confidence":0.8837367729444323,"model_id":153,"model_birth_timestamp":347871.839121,"theta":2.3341635557996008,"phi":-1.849723907237115,"method":"3d c++","id":1}
1255548,1255545,1,348009.984037,111,105,{"topic":"pupil.1","circle_3d":{"center":[-5.714739785555352,1.7873670021378114,72.6809611603706],"normal":[-0.1986495112565127,0.6899348909914733,-0.6960806116177439],"radius":2.188927395875367},"confidence":0.9995053991573135,"timestamp":348009.984037,"diameter_3d":4.377854791750734,"ellipse":{"center":[111.3057944251227,134.98394573888484],"axes":[24.736141948992213,37.43473036180488],"angle":-70.61200976327629},"norm_pos":[0.3478306075785084,0.43756689275464644],"diameter":37.43473036180488,"sphere":{"center":[-3.3309456504771995,-6.4918516897598675,81.03392849978353],"radius":12.0},"projected_sphere":{"center":[134.51454789950878,70.33008861637666],"axes":[183.62678788354376,183.62678788354376],"angle":90.0},"model_confidence":0.8838231788882989,"model_id":153,"model_birth_timestamp":347871.839121,"theta":2.33219543014396,"phi":-1.8487895937180354,"method":"3d c++","id":1}
1255556,1255556,1,348009.992437,111,104,{"topic":"pupil.1","circle_3d":{"center":[-5.711061179289301,1.8074855812465014,72.69989880631638],"normal":[-0.1983429607343417,0.6916114392505308,-0.6945024744555952],"radius":2.19563386132759},"confidence":0.9995209433008284,"timestamp":348009.992437,"diameter_3d":4.39126772265518,"ellipse":{"center":[111.34979936172682,135.1501386683588],"axes":[24.739618235254657,37.53951426204849],"angle":-70.69241511125327},"norm_pos":[0.3479681230053963,0.4368744222151716],"diameter":37.53951426204849,"sphere":{"center":[-3.3309456504771995,-6.4918516897598675,81.03392849978353],"radius":12.0},"projected_sphere":{"center":[134.51454789950878,70.33008861637666],"axes":[183.62678788354376,183.62678788354376],"angle":90.0},"model_confidence":0.8839956897488621,"model_id":153,"model_birth_timestamp":347871.839121,"theta":2.3345140799571085,"phi":-1.8489810751089877,"method":"3d c++","id":1}
1255568,1255566,1,348010.000837,111,104,{"topic":"pupil.1","circle_3d":{"center":[-5.675931593618264,1.860930145836294,72.74344742005084],"normal":[-0.1954154952617554,0.6960651529663469,-0.690873423311057],"radius":2.1753049281939827},"confidence":0.999405860558173,"timestamp":348010.000837,"diameter_3d":4.350609856387965,"ellipse":{"center":[111.67570655425656,135.60157443920411],"axes":[24.351784162833845,37.16858961031713],"angle":-71.06724085074899},"norm_pos":[0.34898658298205176,0.4349934398366495],"diameter":37.16858961031713,"sphere":{"center":[-3.3309456504771995,-6.4918516897598675,81.03392849978353],"radius":12.0},"projected_sphere":{"center":[134.51454789950878,70.33008861637666],"axes":[183.62678788354376,183.62678788354376],"angle":90.0},"model_confidence":0.8841466091029759,"model_id":153,"model_birth_timestamp":347871.839121,"theta":2.340698706927789,"phi":-1.8464484837543411,"method":"3d c++","id":1}
1255573,1255573,1,348010.009237,111,103,{"topic":"pupil.1","circle_3d":{"center":[-5.64498526000867,1.9340980874164249,72.80905214581794],"normal":[-0.19283663412762253,0.7021624814313576,-0.6854063628304656],"radius":2.1707348815668297},"confidence":0.9991631713415499,"timestamp":348010.009237,"diameter_3d":4.341469763133659,"ellipse":{"center":[111.98076207770701,136.2120788088821],"axes":[24.057478217865363,37.05609920418866],"angle":-71.46507213174246},"norm_pos":[0.3499398814928344,0.432449671629658],"diameter":37.05609920418866,"sphere":{"center":[-3.3309456504771995,-6.4918516897598675,81.03392849978353],"radius":12.0},"projected_sphere":{"center":[134.51454789950878,70.33008861637666],"axes":[183.62678788354376,183.62678788354376],"angle":90.0},"model_confidence":0.8842179291698837,"model_id":153,"model_birth_timestamp":347871.839121,"theta":2.3492264149720916,"phi":-1.8450531381877802,"method":"3d c++","id":1}
1255584,1255578,1,348010.017637,112,103,{"topic":"pupil.1","circle_3d":{"center":[-5.591474380210183,2.0065995936347196,72.8689829613356],"normal":[-0.18837739414441532,0.7082042736162155,-0.6804121282039939],"radius":2.177545331213088},"confidence":0.9993844861575102,"timestamp":348010.017637,"diameter_3d":4.355090662426176,"ellipse":{"center":[112.4735529419375,136.81426715309385],"axes":[23.916383429813706,37.140516203521535],"angle":-71.99941500868144},"norm_pos":[0.35147985294355466,0.4299405535287756],"diameter":37.140516203521535,"sphere":{"center":[-3.3309456504771995,-6.4918516897598675,81.03392849978353],"radius":12.0},"projected_sphere":{"center":[134.51454789950878,70.33008861637666],"axes":[183.62678788354376,183.62678788354376],"angle":90.0},"model_confidence":0.8843886071475571,"model_id":153,"model_birth_timestamp":347871.839121,"theta":2.357747785859068,"phi":-1.8408888831851844,"method":"3d c++","id":1}
1255590,1255590,1,348010.026037,112,103,{"topic":"pupil.1","circle_3d":{"center":[-5.585181949714849,2.0158560229894213,72.87688686806277],"normal":[-0.18785302493647077,0.7089756427291074,-0.6797534693100631],"radius":2.168279439597103},"confidence":0.9992189111125497,"timestamp":348010.026037,"diameter_3d":4.336558879194206,"ellipse":{"center":[112.53155226868327,136.89343664964673],"axes":[23.78591540365703,36.97823115797941],"angle":-72.0637589127434},"norm_pos":[0.3516611008396352,0.429610680626472],"diameter":36.97823115797941,"sphere":{"center":[-3.3309456504771995,-6.4918516897598675,81.03392849978353],"radius":12.0},"projected_sphere":{"center":[134.51454789950878,70.33008861637666],"axes":[183.62678788354376,183.62678788354376],"angle":90.0},"model_confidence":0.8843975907820711,"model_id":153,"model_birth_timestamp":347871.839121,"theta":2.358840964532443,"phi":-1.8404214985413825,"method":"3d c++","id":1}
1255601,1255601,1,348010.034437,112,103,{"topic":"pupil.1","circle_3d":{"center":[-5.619153774541745,1.9718019238791182,72.84059760879049],"normal":[-0.19068401033871218,0.7053044678032487,-0.6827775742494196],"radius":2.1805630288465867},"confidence":0.9994899862000183,"timestamp":348010.034437,"diameter_3d":4.361126057693173,"ellipse":{"center":[112.22072409797812,136.52379365079221],"axes":[24.051746121688335,37.20717500622938],"angle":-71.73099325270712},"norm_pos":[0.35068976280618164,0.43115085978836576],"diameter":37.20717500622938,"sphere":{"center":[-3.3309456504771995,-6.4918516897598675,81.03392849978353],"radius":12.0},"projected_sphere":{"center":[134.51454789950878,70.33008861637666],"axes":[183.62678788354376,183.62678788354376],"angle":90.0},"model_confidence":0.8844622183486028,"model_id":153,"model_birth_timestamp":347871.839121,"theta":2.3536488714982142,"phi":-1.8431343818212336,"method":"3d c++","id":1}
1255606,1255606,1,348010.042836,111,104,{"topic":"pupil.1","circle_3d":{"center":[-5.699116635721931,1.887062558770488,72.77647355286314],"normal":[-0.19734758210372763,0.6982428540441963,-0.688121245576699],"radius":2.1837604544774587},"confidence":0.9995122246237902,"timestamp":348010.042836,"diameter_3d":4.367520908954917,"ellipse":{"center":[111.50069424962841,135.81560977978103],"axes":[24.314381336900855,37.29646717516371],"angle":-70.99068594153954},"norm_pos":[0.34843966953008876,0.43410162591757906],"diameter":37.29646717516371,"sphere":{"center":[-3.3309456504771995,-6.4918516897598675,81.03392849978353],"radius":12.0},"projected_sphere":{"center":[134.51454789950878,70.33008861637666],"axes":[183.62678788354376,183.62678788354376],"angle":90.0},"model_confidence":0.8847335905663445,"model_id":153,"model_birth_timestamp":347871.839121,"theta":2.343736284389877,"phi":-1.8500919635702575,"method":"3d c++","id":1}
1255617,1255611,1,348010.051236,110,105,{"topic":"pupil.1","circle_3d":{"center":[-5.782740013825096,1.7736575852791017,72.68706916084051],"normal":[-0.204316196945658,0.6887924395865808,-0.6955716115785848],"radius":2.2057957019971943},"confidence":0.9996893891397549,"timestamp":348010.051236,"diameter_3d":4.411591403994389,"ellipse":{"center":[110.73259830875573,134.86230804965638],"axes":[24.887008431413673,37.721483908926714],"angle":-70.13536862915026},"norm_pos":[0.34603936971486166,0.4380737164597651],"diameter":37.721483908926714,"sphere":{"center":[-3.3309456504771995,-6.4918516897598675,81.03392849978353],"radius":12.0},"projected_sphere":{"center":[134.51454789950878,70.33008861637666],"axes":[183.62678788354376,183.62678788354376],"angle":90.0},"model_confidence":0.8849079913836655,"model_id":153,"model_birth_timestamp":347871.839121,"theta":2.330618362933723,"phi":-1.856498818993712,"method":"3d c++","id":1}
1255624,1255623,1,348010.059636,110,105,{"topic":"pupil.1","circle_3d":{"center":[-5.856874106214912,1.6739593422853627,72.61138638796106],"normal":[-0.21049403797814276,0.6804842526704359,-0.701878509318539],"radius":2.2080269756988},"confidence":0.9996760828342411,"timestamp":348010.059636,"diameter_3d":4.4160539513976,"ellipse":{"center":[110.05172926463004,134.02603560985443],"axes":[25.188912549925092,37.800961689631144],"angle":-69.36646744012589},"norm_pos":[0.3439116539519689,0.44155818495893984],"diameter":37.800961689631144,"sphere":{"center":[-3.3309456504771995,-6.4918516897598675,81.03392849978353],"radius":12.0},"projected_sphere":{"center":[134.51454789950878,70.33008861637666],"axes":[183.62678788354376,183.62678788354376],"angle":90.0},"model_confidence":0.8851941637111116,"model_id":153,"model_birth_timestamp":347871.839121,"theta":2.3192196176236233,"phi":-1.8621622554044932,"method":"3d c++","id":1}
1255632,1255629,1,348010.068036,109,106,{"topic":"pupil.1","circle_3d":{"center":[-5.900322592591511,1.5977848065698126,72.55123532564465],"normal":[-0.2141147451761926,0.67413637469414,-0.7068910978449059],"radius":2.2283803428855213},"confidence":0.9997788053395901,"timestamp":348010.068036,"diameter_3d":4.456760685771043,"ellipse":{"center":[109.64246206696504,133.38175325877663],"axes":[25.647344052660358,38.182483002264945],"angle":-68.85578345970177},"norm_pos":[0.34263269395926577,0.44424269475509737],"diameter":38.182483002264945,"sphere":{"center":[-3.3309456504771995,-6.4918516897598675,81.03392849978353],"radius":12.0},"projected_sphere":{"center":[134.51454789950878,70.33008861637666],"axes":[183.62678788354376,183.62678788354376],"angle":90.0},"model_confidence":0.8854724852655038,"model_id":153,"model_birth_timestamp":347871.839121,"theta":2.3105911417004124,"phi":-1.8649082156183687,"method":"3d c++","id":1}
1255639,1255635,1,348010.076436,109,106,{"topic":"pupil.1","circle_3d":{"center":[-5.930580928057142,1.556583063649322,72.52131465656961],"normal":[-0.2166362731316619,0.6707028961174324,-0.7093844869344921],"radius":2.211381043745559},"confidence":0.9994810977441412,"timestamp":348010.076436,"diameter_3d":4.422762087491118,"ellipse":{"center":[109.36341782586183,133.03929622658666],"axes":[25.56103402753081,37.907519915814],"angle":-68.53315326020152},"norm_pos":[0.3417606807058182,0.4456695990558889],"diameter":37.907519915814,"sphere":{"center":[-3.3309456504771995,-6.4918516897598675,81.03392849978353],"radius":12.0},"projected_sphere":{"center":[134.51454789950878,70.33008861637666],"axes":[183.62678788354376,183.62678788354376],"angle":90.0},"model_confidence":0.8857306672837351,"model_id":153,"model_birth_timestamp":347871.839121,"theta":2.305952357860503,"phi":-1.867187286532617,"method":"3d c++","id":1}
1255652,1255652,1,348010.084836,109,106,{"topic":"pupil.1","circle_3d":{"center":[-5.9482159250363775,1.5889557311286158,72.55746415806519],"normal":[-0.21810585621326484,0.6734006184073735,-0.7063720284765285],"radius":2.2115258959195074},"confidence":0.9995996772474518,"timestamp":348010.084836,"diameter_3d":4.423051791839015,"ellipse":{"center":[109.23789476836032,133.3097648677408],"axes":[25.416946364321568,37.89122332518847],"angle":-68.5201529346777},"norm_pos":[0.341368421151126,0.4445426463844133],"diameter":37.89122332518847,"sphere":{"center":[-3.3309456504771995,-6.4918516897598675,81.03392849978353],"radius":12.0},"projected_sphere":{"center":[134.51454789950878,70.33008861637666],"axes":[183.62678788354376,183.62678788354376],"angle":90.0},"model_confidence":0.885951377735561,"model_id":153,"model_birth_timestamp":347871.839121,"theta":2.3095954534073444,"phi":-1.8702786256814339,"method":"3d c++","id":1}
1255658,1255652,1,348010.093236,109,106,{"topic":"pupil.1","circle_3d":{"center":[-5.953737884192856,1.669529858529767,72.63673777180799],"normal":[-0.2185660194763047,0.6801151290241362,-0.6997658939979614],"radius":2.223801156848323},"confidence":0.9996550312862895,"timestamp":348010.093236,"diameter_3d":4.447602313696646,"ellipse":{"center":[109.2457255070423,133.98059850754277],"axes":[25.24564698398113,38.05963485712089],"angle":-68.732863684985},"norm_pos":[0.3413928922095072,0.44174750621857184],"diameter":38.05963485712089,"sphere":{"center":[-3.3309456504771995,-6.4918516897598675,81.03392849978353],"radius":12.0},"projected_sphere":{"center":[134.51454789950878,70.33008861637666],"axes":[183.62678788354376,183.62678788354376],"angle":90.0},"model_confidence":0.8861833171875277,"model_id":153,"model_birth_timestamp":347871.839121,"theta":2.3187159929698136,"phi":-1.8735369079065767,"method":"3d c++","id":1}
1255666,1255662,1,348010.101636,109,105,{"topic":"pupil.1","circle_3d":{"center":[-5.948066020284339,1.7542406687190937,72.71812175687666],"normal":[-0.218093364150595,0.6871743632065801,-0.6929838952422394],"radius":2.2344672715646325},"confidence":0.9998499299072812,"timestamp":348010.101636,"diameter_3d":4.468934543129265,"ellipse":{"center":[109.34997353098836,134.6852216995226],"axes":[25.048170556349685,38.19883011123416],"angle":-69.02519582115514},"norm_pos":[0.34171866728433864,0.4388115762519892],"diameter":38.19883011123416,"sphere":{"center":[-3.3309456504771995,-6.4918516897598675,81.03392849978353],"radius":12.0},"projected_sphere":{"center":[134.51454789950878,70.33008861637666],"axes":[183.62678788354376,183.62678788354376],"angle":90.0},"model_confidence":0.8863865154300821,"model_id":153,"model_birth_timestamp":347871.839121,"theta":2.3283887657053746,"phi":-1.8756990876655366,"method":"3d c++","id":1}
1255674,1255674,1,348010.110036,109,104,{"topic":"pupil.1","circle_3d":{"center":[-5.918664978547858,1.8493349265504406,72.80420708827661],"normal":[-0.21564327733922153,0.6950988846925257,-0.6858101176255761],"radius":2.2326171376292865},"confidence":0.9994690273578578,"timestamp":348010.110036,"diameter_3d":4.465234275258573,"ellipse":{"center":[109.65785239544894,135.47868595495214],"axes":[24.697276539691327,38.12094399098252],"angle":-69.49195008793015},"norm_pos":[0.34268078873577795,0.43550547518769944],"diameter":38.12094399098252,"sphere":{"center":[-3.3309456504771995,-6.4918516897598675,81.03392849978353],"radius":12.0},"projected_sphere":{"center":[134.51454789950878,70.33008861637666],"axes":[183.62678788354376,183.62678788354376],"angle":90.0},"model_confidence":0.8864697588322867,"model_id":153,"model_birth_timestamp":347871.839121,"theta":2.3393537657418357,"phi":-1.875443830061444,"method":"3d c++","id":1}
1255683,1255680,1,348010.118436,109,103,{"topic":"pupil.1","circle_3d":{"center":[-5.885955207929339,1.9262766678338785,72.87261481163232],"normal":[-0.21291746312101162,0.7015106964661455,-0.6801094740126005],"radius":2.2280757199867147},"confidence":0.9993644138360688,"timestamp":348010.118436,"diameter_3d":4.456151439973429,"ellipse":{"center":[109.98110829802548,136.12032964275218],"axes":[24.38805733330381,38.00661071155881],"angle":-69.91927368925539},"norm_pos":[0.3436909634313296,0.43283195982186595],"diameter":38.00661071155881,"sphere":{"center":[-3.3309456504771995,-6.4918516897598675,81.03392849978353],"radius":12.0},"projected_sphere":{"center":[134.51454789950878,70.33008861637666],"axes":[183.62678788354376,183.62678788354376],"angle":90.0},"model_confidence":0.8867861206435457,"model_id":153,"model_birth_timestamp":347871.839121,"theta":2.348311420868915,"phi":-1.8741944937951678,"method":"3d c++","id":1}
1255691,1255691,1,348010.126836,109,103,{"topic":"pupil.1","circle_3d":{"center":[-5.89657981183851,1.93938096877587,72.88949253357345],"normal":[-0.21380284678010922,0.7026027215446449,-0.6787029971841729],"radius":2.2106945699366713},"confidence":0.9986594516900474,"timestamp":348010.126836,"diameter_3d":4.421389139873343,"ellipse":{"center":[109.90143459180447,136.23251834985373],"axes":[24.12982712623912,37.70135130440652],"angle":-69.8903901513799},"norm_pos":[0.343441983099389,0.43236450687560946],"diameter":37.70135130440652,"sphere":{"center":[-3.3309456504771995,-6.4918516897598675,81.03392849978353],"radius":12.0},"projected_sphere":{"center":[134.51454789950878,70.33008861637666],"axes":[183.62678788354376,183.62678788354376],"angle":90.0},"model_confidence":0.8868540666404523,"model_id":153,"model_birth_timestamp":347871.839121,"theta":2.3498449038504368,"phi":-1.8759724354445764,"method":"3d c++","id":1}
1255700,1255698,1,348010.135235,109,103,{"topic":"pupil.1","circle_3d":{"center":[-5.916528445281955,1.9191401715162257,72.87488581569632],"normal":[-0.21546523290039624,0.7009159884396744,-0.6799202236739339],"radius":2.2430269489902908},"confidence":0.9994150955681251,"timestamp":348010.135235,"diameter_3d":4.4860538979805815,"ellipse":{"center":[109.72419875453197,136.05579243444632],"axes":[24.53550420530295,38.261173797763874],"angle":-69.70781182358618},"norm_pos":[0.3428881211079124,0.4331008648564737],"diameter":38.261173797763874,"sphere":{"center":[-3.3309456504771995,-6.4918516897598675,81.03392849978353],"radius":12.0},"projected_sphere":{"center":[134.51454789950878,70.33008861637666],"axes":[183.62678788354376,183.62678788354376],"angle":90.0},"model_confidence":0.8870775926508423,"model_id":153,"model_birth_timestamp":347871.839121,"theta":2.3474772714356846,"phi":-1.8776827135400087,"method":"3d c++","id":1}
1255705,1255701,1,348010.143635,109,104,{"topic":"pupil.1","circle_3d":{"center":[-5.943738982162468,1.8860507091234329,72.84954932963956],"normal":[-0.21773277764043913,0.6981585332402751,-0.682031597511997],"radius":2.2409653683977124},"confidence":0.9990985808513685,"timestamp":348010.143635,"diameter_3d":4.481930736795425,"ellipse":{"center":[109.47622821622659,135.78021938503127],"axes":[24.60558374348944,38.23996660567675],"angle":-69.4421140286342},"norm_pos":[0.3421132131757081,0.434249085895703],"diameter":38.23996660567675,"sphere":{"center":[-3.3309456504771995,-6.4918516897598675,81.03392849978353],"radius":12.0},"projected_sphere":{"center":[134.51454789950878,70.33008861637666],"axes":[183.62678788354376,183.62678788354376],"angle":90.0},"model_confidence":0.8871741290415125,"model_id":153,"model_birth_timestamp":347871.839121,"theta":2.343618501796143,"phi":-1.879811058894866,"method":"3d c++","id":1}
1255717,1255714,1,348010.152035,109,104,{"topic":"pupil.1","circle_3d":{"center":[-5.948096167821573,1.8395391435798931,72.80359132857929],"normal":[-0.21809587644536446,0.6942825694449801,-0.685861430933687],"radius":2.2344973444139367},"confidence":0.9996181556829207,"timestamp":348010.152035,"diameter_3d":4.468994688827873,"ellipse":{"center":[109.40775977832054,135.3952012066868],"axes":[24.71327516226974,38.15397043009153],"angle":-69.27853205134835},"norm_pos":[0.3418992493072517,0.43585332830547163],"diameter":38.15397043009153,"sphere":{"center":[-3.3309456504771995,-6.4918516897598675,81.03392849978353],"radius":12.0},"projected_sphere":{"center":[134.51454789950878,70.33008861637666],"axes":[183.62678788354376,183.62678788354376],"angle":90.0},"model_confidence":0.8874155044492626,"model_id":153,"model_birth_timestamp":347871.839121,"theta":2.338218904476707,"phi":-1.8786733253773364,"method":"3d c++","id":1}
1255722,1255719,1,348010.160435,109,105,{"topic":"pupil.1","circle_3d":{"center":[-5.982310130864924,1.773516775654608,72.74816054967351],"normal":[-0.22094704003231044,0.6887807054512063,-0.6904806625091676],"radius":2.233945093914289},"confidence":0.9990045858990741,"timestamp":348010.160435,"diameter_3d":4.467890187828578,"ellipse":{"center":[109.07951845331765,134.84416207434353],"axes":[24.915919191414034,38.17462091012748],"angle":-68.86719569836768},"norm_pos":[0.34087349516661763,0.43814932469023526],"diameter":38.17462091012748,"sphere":{"center":[-3.3309456504771995,-6.4918516897598675,81.03392849978353],"radius":12.0},"projected_sphere":{"center":[134.51454789950878,70.33008861637666],"axes":[183.62678788354376,183.62678788354376],"angle":90.0},"model_confidence":0.8874892038052917,"model_id":153,"model_birth_timestamp":347871.839121,"theta":2.3306021771196486,"phi":-1.880490374706373,"method":"3d c++","id":1}
1255737,1255735,1,348010.168835,108,105,{"topic":"pupil.1","circle_3d":{"center":[-6.002249290262184,1.712052707896154,72.69365934955871],"normal":[-0.22260863664874872,0.6836586998046684,-0.6950224291854009],"radius":2.2494037959989255},"confidence":0.9994225492615324,"timestamp":348010.168835,"diameter_3d":4.498807591997851,"ellipse":{"center":[108.87370692073833,134.32701011255566],"axes":[25.298923590239312,38.468489992516105],"angle":-68.55512985796278},"norm_pos":[0.3402303341273073,0.4403041245310181],"diameter":38.468489992516105,"sphere":{"center":[-3.3309456504771995,-6.4918516897598675,81.03392849978353],"radius":12.0},"projected_sphere":{"center":[134.51454789950878,70.33008861637666],"axes":[183.62678788354376,183.62678788354376],"angle":90.0},"model_confidence":0.8876944581680979,"model_id":153,"model_birth_timestamp":347871.839121,"theta":2.323560543398365,"phi":-1.8807621847646483,"method":"3d c++","id":1}
1255745,1255739,1,348010.177235,108,106,{"topic":"pupil.1","circle_3d":{"center":[-6.0150001312510355,1.6531346449976727,72.64017789883934],"normal":[-0.22367120673115298,0.678748861229795,-0.6994792167453485],"radius":2.2514762419476555},"confidence":0.9996125967035909,"timestamp":348010.177235,"diameter_3d":4.502952483895311,"ellipse":{"center":[108.72867345639926,133.8338726378147],"axes":[25.530981261213377,38.53291404329538],"angle":-68.29294016718535},"norm_pos":[0.3397771045512477,0.4423588640091054],"diameter":38.53291404329538,"sphere":{"center":[-3.3309456504771995,-6.4918516897598675,81.03392849978353],"radius":12.0},"projected_sphere":{"center":[134.51454789950878,70.33008861637666],"axes":[183.62678788354376,183.62678788354376],"angle":90.0},"model_confidence":0.887967822253477,"model_id":153,"model_birth_timestamp":347871.839121,"theta":2.316853928313435,"phi":-1.8802889843479087,"method":"3d c++","id":1}
1255752,1255752,1,348010.185635,108,106,{"topic":"pupil.1","circle_3d":{"center":[-6.0173815605778245,1.6145672812815715,72.60368333330935],"normal":[-0.22386965917505205,0.6755349142534532,-0.7025204305395151],"radius":2.250436233261748},"confidence":0.9994865982261739,"timestamp":348010.185635,"diameter_3d":4.500872466523496,"ellipse":{"center":[108.68321291991998,133.51149803180851],"axes":[25.66334752086544,38.53476461703932],"angle":-68.15760741665554},"norm_pos":[0.33963504037474995,0.4437020915341312],"diameter":38.53476461703932,"sphere":{"center":[-3.3309456504771995,-6.4918516897598675,81.03392849978353],"radius":12.0},"projected_sphere":{"center":[134.51454789950878,70.33008861637666],"axes":[183.62678788354376,183.62678788354376],"angle":90.0},"model_confidence":0.8882557188339857,"model_id":153,"model_birth_timestamp":347871.839121,"theta":2.3124862647760276,"phi":-1.8792890826328499,"method":"3d c++","id":1}
1255759,1255756,1,348010.194035,108,106,{"topic":"pupil.1","circle_3d":{"center":[-6.039115108433329,1.6098333945101242,72.60608672490956],"normal":[-0.22568078816301076,0.6751404236891659,-0.7023201479061639],"radius":2.252621571514458},"confidence":0.9993452147698025,"timestamp":348010.194035,"diameter_3d":4.505243143028916,"ellipse":{"center":[108.50008421854048,133.47032935584798],"axes":[25.673188455372024,38.571353195948014],"angle":-68.00460106436532},"norm_pos":[0.339062763182939,0.44387362768396676],"diameter":38.571353195948014,"sphere":{"center":[-3.3309456504771995,-6.4918516897598675,81.03392849978353],"radius":12.0},"projected_sphere":{"center":[134.51454789950878,70.33008861637666],"axes":[183.62678788354376,183.62678788354376],"angle":90.0},"model_confidence":0.8883338488647863,"model_id":153,"model_birth_timestamp":347871.839121,"theta":2.3119513685790793,"phi":-1.8817107553108046,"method":"3d c++","id":1}
1255768,1255763,1,348010.202435,108,106,{"topic":"pupil.1","circle_3d":{"center":[-6.050032868094986,1.611704291145978,72.61140244358681],"normal":[-0.2265906014681489,0.6752963317421538,-0.7018771713497266],"radius":2.26114989205339},"confidence":0.9991692465224549,"timestamp":348010.202435,"diameter_3d":4.52229978410678,"ellipse":{"center":[108.41140297839345,133.48337028246777],"axes":[25.74647933771442,38.714806799624746],"angle":-67.94118878737487},"norm_pos":[0.33878563430747954,0.4438192904897176],"diameter":38.714806799624746,"sphere":{"center":[-3.3309456504771995,-6.4918516897598675,81.03392849978353],"radius":12.0},"projected_sphere":{"center":[134.51454789950878,70.33008861637666],"axes":[183.62678788354376,183.62678788354376],"angle":90.0},"model_confidence":0.8885883922232996,"model_id":153,"model_birth_timestamp":347871.839121,"theta":2.3121627355448853,"phi":-1.8830689224356683,"method":"3d c++","id":1}
1255775,1255774,1,348010.210835,108,106,{"topic":"pupil.1","circle_3d":{"center":[-6.054137549473099,1.6306492248363984,72.63100015463944],"normal":[-0.22693265824965833,0.6768750762163555,-0.7002440287620072],"radius":2.272398051308191},"confidence":0.999279433538368,"timestamp":348010.210835,"diameter_3d":4.544796102616382,"ellipse":{"center":[108.3907601687178,133.63885847127509],"axes":[25.795131295469588,38.89694041307183],"angle":-67.97478504013671},"norm_pos":[0.33872112552724315,0.4431714230363538],"diameter":38.89694041307183,"sphere":{"center":[-3.3309456504771995,-6.4918516897598675,81.03392849978353],"radius":12.0},"projected_sphere":{"center":[134.51454789950878,70.33008861637666],"axes":[183.62678788354376,183.62678788354376],"angle":90.0},"model_confidence":0.8888510405613115,"model_id":153,"model_birth_timestamp":347871.839121,"theta":2.314305374356487,"phi":-1.8841927564545187,"method":"3d c++","id":1}
1255784,1255780,1,348010.219235,108,106,{"topic":"pupil.1","circle_3d":{"center":[-6.059565516499209,1.6350639656494632,72.63703171843551],"normal":[-0.22738498883516747,0.6772429712841108,-0.6997413984456685],"radius":2.263245888671805},"confidence":0.9990739991216154,"timestamp":348010.219235,"diameter_3d":4.52649177734361,"ellipse":{"center":[108.34820618423048,133.6777674641063],"axes":[25.665692425644494,38.73705543857634],"angle":-67.95435933032738},"norm_pos":[0.33858814432572026,0.4430093022328905],"diameter":38.73705543857634,"sphere":{"center":[-3.3309456504771995,-6.4918516897598675,81.03392849978353],"radius":12.0},"projected_sphere":{"center":[134.51454789950878,70.33008861637666],"axes":[183.62678788354376,183.62678788354376],"angle":90.0},"model_confidence":0.8890701507523913,"model_id":153,"model_birth_timestamp":347871.839121,"theta":2.3148052802199026,"phi":-1.8849882000289346,"method":"3d c++","id":1}
1255791,1255790,1,348010.227634,108,106,{"topic":"pupil.1","circle_3d":{"center":[-6.08322202709911,1.6438499122692605,72.6532761272394],"normal":[-0.22935636471849258,0.6779751335024273,-0.6983876977120113],"radius":2.2716780613754572},"confidence":0.9962255725167445,"timestamp":348010.227634,"diameter_3d":4.5433561227509145,"ellipse":{"center":[108.15884328841352,133.74797631127123],"axes":[25.690311988389183,38.87312867496009],"angle":-67.83272613097887},"norm_pos":[0.3379963852762923,0.44271676536970317],"diameter":38.87312867496009,"sphere":{"center":[-3.3309456504771995,-6.4918516897598675,81.03392849978353],"radius":12.0},"projected_sphere":{"center":[134.51454789950878,70.33008861637666],"axes":[183.62678788354376,183.62678788354376],"angle":90.0},"model_confidence":0.8893712687122912,"model_id":153,"model_birth_timestamp":347871.839121,"theta":2.3158008474156677,"phi":-1.8881078838122782,"method":"3d c++","id":1}
1255803,1255796,1,348010.236034,108,106,{"topic":"pupil.1","circle_3d":{"center":[-6.0855926767373605,1.6465607960528583,72.65668778630969],"normal":[-0.22955391885501342,0.6782010404843938,-0.6981033927894863],"radius":2.291855794130347},"confidence":0.9996396884560279,"timestamp":348010.236034,"diameter_3d":4.583711588260694,"ellipse":{"center":[108.14232980206165,133.7655148468819],"axes":[25.90434970251769,39.216771970269775],"angle":-67.82628651563218},"norm_pos":[0.3379447806314427,0.44264368813799204],"diameter":39.216771970269775,"sphere":{"center":[-3.3309456504771995,-6.4918516897598675,81.03392849978353],"radius":12.0},"projected_sphere":{"center":[134.51454789950878,70.33008861637666],"axes":[183.62678788354376,183.62678788354376],"angle":90.0},"model_confidence":0.8898229148456727,"model_id":153,"model_birth_timestamp":347871.839121,"theta":2.3161082119525886,"phi":-1.8884839997671807,"method":"3d c++","id":1}
1255807,1255806,1,348010.244434,108,106,{"topic":"pupil.1","circle_3d":{"center":[-6.086070435325508,1.629805069688171,72.64059907090808],"normal":[-0.22959373207069245,0.6768047299540032,-0.6994441190729536],"radius":2.298522821212319},"confidence":0.9997408533739693,"timestamp":348010.244434,"diameter_3d":4.597045642424638,"ellipse":{"center":[108.1275025719438,133.62376944262346],"axes":[26.044763089907626,39.339746470608716],"angle":-67.77036181285541},"norm_pos":[0.33789844553732434,0.4432342939890689],"diameter":39.339746470608716,"sphere":{"center":[-3.3309456504771995,-6.4918516897598675,81.03392849978353],"radius":12.0},"projected_sphere":{"center":[134.51454789950878,70.33008861637666],"axes":[183.62678788354376,183.62678788354376],"angle":90.0},"model_confidence":0.8902900663751434,"model_id":153,"model_birth_timestamp":347871.839121,"theta":2.3142098121072707,"phi":-1.887966474476734,"method":"3d c++","id":1}
1255818,1255814,1,348010.252834,108,106,{"topic":"pupil.1","circle_3d":{"center":[-6.088819737651722,1.626320002466132,72.63813080719757],"normal":[-0.22982284059787692,0.6765143076855,-0.6996498077154967],"radius":2.2759260363082836},"confidence":0.9993182505677769,"timestamp":348010.252834,"diameter_3d":4.551852072616567,"ellipse":{"center":[108.10097202284294,133.60011283750075],"axes":[25.797638559012633,38.954198022325826],"angle":-67.74205982859172},"norm_pos":[0.33781553757138416,0.4433328631770802],"diameter":38.954198022325826,"sphere":{"center":[-3.3309456504771995,-6.4918516897598675,81.03392849978353],"radius":12.0},"projected_sphere":{"center":[134.51454789950878,70.33008861637666],"axes":[183.62678788354376,183.62678788354376],"angle":90.0},"model_confidence":0.8907139853594481,"model_id":153,"model_birth_timestamp":347871.839121,"theta":2.3138153752918473,"phi":-1.8881749547422233,"method":"3d c++","id":1}
1255827,1255826,1,348010.261234,108,106,{"topic":"pupil.1","circle_3d":{"center":[-6.0764039031108315,1.6404882998152122,72.64777889003986],"normal":[-0.22878818771946932,0.6776949991312566,-0.6988458008119722],"radius":2.272518942310191},"confidence":0.9992341480313006,"timestamp":348010.261234,"diameter_3d":4.545037884620382,"ellipse":{"center":[108.21304910562056,133.720006601565],"axes":[25.723589318698714,38.89036640782791],"angle":-67.86510099187592},"norm_pos":[0.33816577845506424,0.4428333058268126],"diameter":38.89036640782791,"sphere":{"center":[-3.3309456504771995,-6.4918516897598675,81.03392849978353],"radius":12.0},"projected_sphere":{"center":[134.51454789950878,70.33008861637666],"axes":[183.62678788354376,183.62678788354376],"angle":90.0},"model_confidence":0.8910509464419403,"model_id":153,"model_birth_timestamp":347871.839121,"theta":2.315419823145259,"phi":-1.8871794101389912,"method":"3d c++","id":1}
1255834,1255830,1,348010.269634,108,106,{"topic":"pupil.1","circle_3d":{"center":[-6.080106691285913,1.6513142105830774,72.65950537390844],"normal":[-0.2290967534007261,0.678597158361912,-0.6978685938229238],"radius":2.2922008897943695},"confidence":0.999757087295301,"timestamp":348010.269634,"diameter_3d":4.584401779588739,"ellipse":{"center":[108.19094916647884,133.80541945927675],"axes":[25.89831928205231,39.221026404762874],"angle":-67.87578893202124},"norm_pos":[0.3380967161452464,0.4424774189196802],"diameter":39.221026404762874,"sphere":{"center":[-3.3309456504771995,-6.4918516897598675,81.03392849978353],"radius":12.0},"projected_sphere":{"center":[134.51454789950878,70.33008861637666],"axes":[183.62678788354376,183.62678788354376],"angle":90.0},"model_confidence":0.891152090902525,"model_id":153,"model_birth_timestamp":347871.839121,"theta":2.316647372635882,"phi":-1.8879925913826603,"method":"3d c++","id":1}
1255842,1255841,1,348010.278034,108,106,{"topic":"pupil.1","circle_3d":{"center":[-6.0842817240845335,1.6742014237452914,72.68319697415146],"normal":[-0.22944467280061115,0.6805044261254299,-0.6958942938026722],"radius":2.28258827185519},"confidence":0.999118882483543,"timestamp":348010.278034,"diameter_3d":4.56517654371038,"ellipse":{"center":[108.1713164019003,133.9987728387501],"axes":[25.69337968219443,39.04365593015418],"angle":-67.92140068920796},"norm_pos":[0.33803536375593846,0.4416717798385412],"diameter":39.04365593015418,"sphere":{"center":[-3.3309456504771995,-6.4918516897598675,81.03392849978353],"radius":12.0},"projected_sphere":{"center":[134.51454789950878,70.33008861637666],"axes":[183.62678788354376,183.62678788354376],"angle":90.0},"model_confidence":0.8911131074828882,"model_id":153,"model_birth_timestamp":347871.839121,"theta":2.319247148654812,"phi":-1.8892841136502925,"method":"3d c++","id":1}
1255851,1255847,1,348010.286434,108,105,{"topic":"pupil.1","circle_3d":{"center":[-6.071778414889957,1.6870212976981431,72.6916343061848],"normal":[-0.2284027303677298,0.6815727489548342,-0.6951911827998948],"radius":2.2739317240370434},"confidence":0.9990153045905857,"timestamp":348010.286434,"diameter_3d":4.547863448074087,"ellipse":{"center":[108.28289689938995,134.10857017544805],"axes":[25.56533275622126,38.890683418799824],"angle":-68.04000343475957},"norm_pos":[0.3383840528105936,0.44121429093563314],"diameter":38.890683418799824,"sphere":{"center":[-3.3309456504771995,-6.4918516897598675,81.03392849978353],"radius":12.0},"projected_sphere":{"center":[134.51454789950878,70.33008861637666],"axes":[183.62678788354376,183.62678788354376],"angle":90.0},"model_confidence":0.8913739766216788,"model_id":153,"model_birth_timestamp":347871.839121,"theta":2.3207061131841114,"phi":-1.8882326927303128,"method":"3d c++","id":1}
1255862,1255858,1,348010.294834,108,105,{"topic":"pupil.1","circle_3d":{"center":[-6.048953528942215,1.7144637309577995,72.71113928051975],"normal":[-0.22650065653875137,0.6838596183931389,-0.6935657682719824],"radius":2.2857608021257505},"confidence":0.9979693670095177,"timestamp":348010.294834,"diameter_3d":4.571521604251501,"ellipse":{"center":[108.49106402379155,134.33579165136874],"axes":[25.625993424465452,39.08201354294183],"angle":-68.26841105651488},"norm_pos":[0.3390345750743486,0.4402675347859636],"diameter":39.08201354294183,"sphere":{"center":[-3.3309456504771995,-6.4918516897598675,81.03392849978353],"radius":12.0},"projected_sphere":{"center":[134.51454789950878,70.33008861637666],"axes":[183.62678788354376,183.62678788354376],"angle":90.0},"model_confidence":0.8919546191156758,"model_id":153,"model_birth_timestamp":347871.839121,"theta":2.323835884572314,"phi":-1.8864513381528871,"method":"3d c++","id":1}
1255872,1255869,1,348010.303234,108,105,{"topic":"pupil.1","circle_3d":{"center":[-6.031638180913594,1.7301656001488848,72.72100533518693],"normal":[-0.22505771086969958,0.685168107492396,-0.6927435970497159],"radius":2.2884181257503493},"confidence":0.9994261831348644,"timestamp":348010.303234,"diameter_3d":4.576836251500699,"ellipse":{"center":[108.64512441653056,134.4669687255114],"axes":[25.620607007725823,39.12174450218887],"angle":-68.42543493930958},"norm_pos":[0.339516013801658,0.4397209636437025],"diameter":39.12174450218887,"sphere":{"center":[-3.3309456504771995,-6.4918516897598675,81.03392849978353],"radius":12.0},"projected_sphere":{"center":[134.51454789950878,70.33008861637666],"axes":[183.62678788354376,183.62678788354376],"angle":90.0},"model_confidence":0.8923928283676275,"model_id":153,"model_birth_timestamp":347871.839121,"theta":2.3256307954377164,"phi":-1.8849186037908379,"method":"3d c++","id":1}
1255879,1255874,1,348010.311634,108,105,{"topic":"pupil.1","circle_3d":{"center":[-6.029665766042742,1.7243142985256643,72.71458199955997],"normal":[-0.22489334296379518,0.6846804990237942,-0.6932788750186297],"radius":2.2936816848423516},"confidence":0.9996106070685693,"timestamp":348010.311634,"diameter_3d":4.587363369684703,"ellipse":{"center":[108.65777936183895,134.41696829998574],"axes":[25.705992602725996,39.21524068794649],"angle":-68.41987268955648},"norm_pos":[0.3395555605057467,0.43992929875005937],"diameter":39.21524068794649,"sphere":{"center":[-3.3309456504771995,-6.4918516897598675,81.03392849978353],"radius":12.0},"projected_sphere":{"center":[134.51454789950878,70.33008861637666],"axes":[183.62678788354376,183.62678788354376],"angle":90.0},"model_confidence":0.8927078602059213,"model_id":153,"model_birth_timestamp":347871.839121,"theta":2.3249615681833884,"phi":-1.8844771972520509,"method":"3d c++","id":1}
1255886,1255885,1,348010.320033,108,105,{"topic":"pupil.1","circle_3d":{"center":[-6.031465151261746,1.7104372066738431,72.70148280327145],"normal":[-0.22504329173204554,0.6835240747028093,-0.6943704747093397],"radius":2.285481912800678},"confidence":0.9993942027212603,"timestamp":348010.320033,"diameter_3d":4.570963825601356,"ellipse":{"center":[108.63297707473315,134.3031620478813],"axes":[25.666158118426893,39.08214000959607],"angle":-68.36593990551575},"norm_pos":[0.3394780533585411,0.4404034914671613],"diameter":39.08214000959607,"sphere":{"center":[-3.3309456504771995,-6.4918516897598675,81.03392849978353],"radius":12.0},"projected_sphere":{"center":[134.51454789950878,70.33008861637666],"axes":[183.62678788354376,183.62678788354376],"angle":90.0},"model_confidence":0.8929291944563489,"model_id":153,"model_birth_timestamp":347871.839121,"theta":2.323376091320842,"phi":-1.8842111514683564,"method":"3d c++","id":1}
1255891,1255891,1,348010.328433,108,105,{"topic":"pupil.1","circle_3d":{"center":[-6.058414171460965,1.6913282988527403,72.69147797604575],"normal":[-0.2272890434153138,0.6819316657177174,-0.6952042103114817],"radius":2.2823108308230755},"confidence":0.9992284135016459,"timestamp":348010.328433,"diameter_3d":4.564621661646151,"ellipse":{"center":[108.39687789587748,134.14312477739583],"axes":[25.66371457174636,39.033875241465154],"angle":-68.13735727680765},"norm_pos":[0.3387402434246171,0.44107031342751735],"diameter":39.033875241465154,"sphere":{"center":[-3.3309456504771995,-6.4918516897598675,81.03392849978353],"radius":12.0},"projected_sphere":{"center":[134.51454789950878,70.33008861637666],"axes":[183.62678788354376,183.62678788354376],"angle":90.0},"model_confidence":0.8931011025422264,"model_id":153,"model_birth_timestamp":347871.839121,"theta":2.3211967160203577,"phi":-1.8867805607327799,"method":"3d c++","id":1}
1255904,1255902,1,348010.336833,108,105,{"topic":"pupil.1","circle_3d":{"center":[-6.069756574513905,1.6759268372063136,72.68010849592856],"normal":[-0.22823424366972545,0.6806482105805151,-0.6961516669879138],"radius":2.288244189422845},"confidence":0.9989033525844532,"timestamp":348010.336833,"diameter_3d":4.57648837884569,"ellipse":{"center":[108.29297693228285,134.0125057001254],"axes":[25.773312446352705,39.14183649173704],"angle":-68.01805835205317},"norm_pos":[0.33841555291338393,0.44161455958281093],"diameter":39.14183649173704,"sphere":{"center":[-3.3309456504771995,-6.4918516897598675,81.03392849978353],"radius":12.0},"projected_sphere":{"center":[134.51454789950878,70.33008861637666],"axes":[183.62678788354376,183.62678788354376],"angle":90.0},"model_confidence":0.8933480800564553,"model_id":153,"model_birth_timestamp":347871.839121,"theta":2.3194433939542645,"phi":-1.8876049828330241,"method":"3d c++","id":1}
1255914,1255910,1,348010.345233,108,106,{"topic":"pupil.1","circle_3d":{"center":[-6.070991308774158,1.6664891496110688,72.67129586770525],"normal":[-0.22833713819141316,0.6798617366142446,-0.6968860526731891],"radius":2.2973214934760677},"confidence":0.9995751358043885,"timestamp":348010.345233,"diameter_3d":4.5946429869521355,"ellipse":{"center":[108.27694029005269,133.93136752561406],"axes":[25.910950458829014,39.30204126131902],"angle":-67.98076237056918},"norm_pos":[0.33836543840641464,0.44195263530994144],"diameter":39.30204126131902,"sphere":{"center":[-3.3309456504771995,-6.4918516897598675,81.03392849978353],"radius":12.0},"projected_sphere":{"center":[134.51454789950878,70.33008861637666],"axes":[183.62678788354376,183.62678788354376],"angle":90.0},"model_confidence":0.8935384619796816,"model_id":153,"model_birth_timestamp":347871.839121,"theta":2.318370405788097,"phi":-1.8874263299193332,"method":"3d c++","id":1}
1255920,1255920,1,348010.353633,108,106,{"topic":"pupil.1","circle_3d":{"center":[-6.079220084384085,1.6670088208997331,72.67450371074851],"normal":[-0.22902286949224046,0.6799050425549666,-0.6966187324195848],"radius":2.2882196546622535},"confidence":0.9993620595366792,"timestamp":348010.353633,"diameter_3d":4.576439309324507,"ellipse":{"center":[108.20865166626606,133.9375647890619],"axes":[25.793135850532675,39.14466796041232],"angle":-67.93065248474264},"norm_pos":[0.3381520364570815,0.4419268133789088],"diameter":39.14466796041232,"sphere":{"center":[-3.3309456504771995,-6.4918516897598675,81.03392849978353],"radius":12.0},"projected_sphere":{"center":[134.51454789950878,70.33008861637666],"axes":[183.62678788354376,183.62678788354376],"angle":90.0},"model_confidence":0.8934367632251194,"model_id":153,"model_birth_timestamp":347871.839121,"theta":2.318429460397932,"phi":-1.8884284818813548,"method":"3d c++","id":1}
1255930,1255926,1,348010.362033,108,106,{"topic":"pupil.1","circle_3d":{"center":[-6.063048744826054,1.6553900051659198,72.65788734382494],"normal":[-0.22767525786240458,0.6789368079104823,-0.6980034296632162],"radius":2.297646746242224},"confidence":0.9992518749273558,"timestamp":348010.362033,"diameter_3d":4.595293492484448,"ellipse":{"center":[108.33518608875411,133.83895408864106],"axes":[25.97091136995897,39.314790807271166],"angle":-67.99604693237788},"norm_pos":[0.3385474565273566,0.4423376912973289],"diameter":39.314790807271166,"sphere":{"center":[-3.3309456504771995,-6.4918516897598675,81.03392849978353],"radius":12.0},"projected_sphere":{"center":[134.51454789950878,70.33008861637666],"axes":[183.62678788354376,183.62678788354376],"angle":90.0},"model_confidence":0.8934084310755153,"model_id":153,"model_birth_timestamp":347871.839121,"theta":2.3171098875673115,"phi":-1.8860957714270796,"method":"3d c++","id":1}
1255941,1255936,1,348010.370433,108,106,{"topic":"pupil.1","circle_3d":{"center":[-6.061192236932563,1.6414174066325788,72.64371471330487],"normal":[-0.22752054887128026,0.6777724246993706,-0.6991844822065543],"radius":2.29076797989921},"confidence":0.999206740960511,"timestamp":348010.370433,"diameter_3d":4.58153595979842,"ellipse":{"center":[108.34072122210145,133.723985981087],"axes":[25.95072505780637,39.204735384944215],"angle":-67.96396541294297},"norm_pos":[0.33856475381906703,0.4428167250788042],"diameter":39.204735384944215,"sphere":{"center":[-3.3309456504771995,-6.4918516897598675,81.03392849978353],"radius":12.0},"projected_sphere":{"center":[134.51454789950878,70.33008861637666],"axes":[183.62678788354376,183.62678788354376],"angle":90.0},"model_confidence":0.8933853867158947,"model_id":153,"model_birth_timestamp":347871.839121,"theta":2.3155251200117735,"phi":-1.88539762382775,"method":"3d c++","id":1}
1255948,1255943,1,348010.378833,108,106,{"topic":"pupil.1","circle_3d":{"center":[-6.068215973236049,1.6280945807805391,72.63310569819555],"normal":[-0.22810586022990417,0.6766621892117006,-0.7000685667989985],"radius":2.289831934910311},"confidence":0.999466075412569,"timestamp":348010.378833,"diameter_3d":4.579663869820622,"ellipse":{"center":[108.27357845493947,133.61249396494787],"axes":[25.981069020579675,39.194650541691516],"angle":-67.87768151204676},"norm_pos":[0.3383549326716858,0.44328127514605054],"diameter":39.194650541691516,"sphere":{"center":[-3.3309456504771995,-6.4918516897598675,81.03392849978353],"radius":12.0},"projected_sphere":{"center":[134.51454789950878,70.33008861637666],"axes":[183.62678788354376,183.62678788354376],"angle":90.0},"model_confidence":0.8934983438585786,"model_id":153,"model_birth_timestamp":347871.839121,"theta":2.3140162026242224,"phi":-1.885782002254788,"method":"3d c++","id":1}
1255955,1255954,1,348010.387233,108,106,{"topic":"pupil.1","circle_3d":{"center":[-6.068264762768765,1.6341292323472114,72.63895868857901],"normal":[-0.2281099260242971,0.6771650768422566,-0.699580817600376],"radius":2.2859019202678184},"confidence":0.9993683662944679,"timestamp":348010.387233,"diameter_3d":4.571803840535637,"ellipse":{"center":[108.27697677639607,133.66392718794248],"axes":[25.91285310065464,39.12415425854729],"angle":-67.89639802121212},"norm_pos":[0.3383655524262377,0.44306697005023965],"diameter":39.12415425854729,"sphere":{"center":[-3.3309456504771995,-6.4918516897598675,81.03392849978353],"radius":12.0},"projected_sphere":{"center":[134.51454789950878,70.33008861637666],"axes":[183.62678788354376,183.62678788354376],"angle":90.0},"model_confidence":0.8935953188413337,"model_id":153,"model_birth_timestamp":347871.839121,"theta":2.3146994159354075,"phi":-1.885992610160621,"method":"3d c++","id":1}
1255965,1255959,1,348010.395633,108,106,{"topic":"pupil.1","circle_3d":{"center":[-6.074960316993798,1.6308881591177737,72.63800801079621],"normal":[-0.22866788887638323,0.6768949874064701,-0.6996600407489431],"radius":2.2721589796914863},"confidence":0.999002181304203,"timestamp":348010.395633,"diameter_3d":4.544317959382973,"ellipse":{"center":[108.21851411915861,133.63991102139516],"axes":[25.75898018179915,38.88947205413563],"angle":-67.84394643227125},"norm_pos":[0.3381828566223707,0.4431670374108535],"diameter":38.88947205413563,"sphere":{"center":[-3.3309456504771995,-6.4918516897598675,81.03392849978353],"radius":12.0},"projected_sphere":{"center":[134.51454789950878,70.33008861637666],"axes":[183.62678788354376,183.62678788354376],"angle":90.0},"model_confidence":0.8936016205803199,"model_id":153,"model_birth_timestamp":347871.839121,"theta":2.314332424341981,"phi":-1.8866799213400072,"method":"3d c++","id":1}
1255971,1255970,1,348010.404033,108,106,{"topic":"pupil.1","circle_3d":{"center":[-6.073386677911416,1.629918684254413,72.63655610106085],"normal":[-0.22853675228618472,0.6768141978345233,-0.6997810332268901],"radius":2.272783700644305},"confidence":0.999132549337451,"timestamp":348010.404033,"diameter_3d":4.54556740128861,"ellipse":{"center":[108.23092755854135,133.63172694687324],"axes":[25.772289303731974,38.900925376824354],"angle":-67.85082079713828},"norm_pos":[0.33822164862044174,0.4432011377213615],"diameter":38.900925376824354,"sphere":{"center":[-3.3309456504771995,-6.4918516897598675,81.03392849978353],"radius":12.0},"projected_sphere":{"center":[134.51454789950878,70.33008861637666],"axes":[183.62678788354376,183.62678788354376],"angle":90.0},"model_confidence":0.8935694974464781,"model_id":153,"model_birth_timestamp":347871.839121,"theta":2.3142226733102667,"phi":-1.8864595389604737,"method":"3d c++","id":1}
1255980,1255975,1,348010.412432,108,106,{"topic":"pupil.1","circle_3d":{"center":[-6.064166034351073,1.6484508040948942,72.65150751049181],"normal":[-0.2277683653228228,0.6783585411545634,-0.6985350824409764],"radius":2.270350113532701},"confidence":0.9987679959882863,"timestamp":348010.412432,"diameter_3d":4.540700227065402,"ellipse":{"center":[108.31956125175296,133.78768952838797],"axes":[25.6872713031967,38.850961773635895],"angle":-67.96732323969991},"norm_pos":[0.338498628911728,0.44255129363171675],"diameter":38.850961773635895,"sphere":{"center":[-3.3309456504771995,-6.4918516897598675,81.03392849978353],"radius":12.0},"projected_sphere":{"center":[134.51454789950878,70.33008861637666],"axes":[183.62678788354376,183.62678788354376],"angle":90.0},"model_confidence":0.8934584937378087,"model_id":153,"model_birth_timestamp":347871.839121,"theta":2.316322555816488,"phi":-1.8859918578180754,"method":"3d c++","id":1}
1255987,1255986,1,348010.420832,108,106,{"topic":"pupil.1","circle_3d":{"center":[-6.074246922937499,1.6435909192500269,72.65008262309757],"normal":[-0.2286084393716917,0.6779535507508245,-0.6986538230571624],"radius":2.27595833236295},"confidence":0.9990251714488017,"timestamp":348010.420832,"diameter_3d":4.5519166647259,"ellipse":{"center":[108.23320544851175,133.74519436096512],"axes":[25.753887647761577,38.947960338688496],"angle":-67.88845905211451},"norm_pos":[0.3382287670265992,0.442728356829312],"diameter":38.947960338688496,"sphere":{"center":[-3.3309456504771995,-6.4918516897598675,81.03392849978353],"radius":12.0},"projected_sphere":{"center":[134.51454789950878,70.33008861637666],"axes":[183.62678788354376,183.62678788354376],"angle":90.0},"model_confidence":0.8936191245889291,"model_id":153,"model_birth_timestamp":347871.839121,"theta":2.315771486914289,"phi":-1.887028279808919,"method":"3d c++","id":1}
1255994,1255992,1,348010.429232,108,106,{"topic":"pupil.1","circle_3d":{"center":[-6.062103400019566,1.6373593117223013,72.64007921352064],"normal":[-0.22759647912853062,0.6774342501235141,-0.6994874405219071],"radius":2.2598513294091314},"confidence":0.9988276972302721,"timestamp":348010.429232,"diameter_3d":4.519702658818263,"ellipse":{"center":[108.32852506176772,133.69766872892131],"axes":[25.61437678648779,38.67733410371664],"angle":-67.945546106851},"norm_pos":[0.33852664081802414,0.44292638029616116],"diameter":38.67733410371664,"sphere":{"center":[-3.3309456504771995,-6.4918516897598675,81.03392849978353],"radius":12.0},"projected_sphere":{"center":[134.51454789950878,70.33008861637666],"axes":[183.62678788354376,183.62678788354376],"angle":90.0},"model_confidence":0.8935660193856498,"model_id":153,"model_birth_timestamp":347871.839121,"theta":2.3150652860346232,"phi":-1.8853683368202756,"method":"3d c++","id":1}
1256006,1256004,1,348010.437632,108,106,{"topic":"pupil.1","circle_3d":{"center":[-6.057098641721156,1.6351589764588201,72.63632244213238],"normal":[-0.22717941593699637,0.6772508888515574,-0.6998005048042624],"radius":2.263382560004517},"confidence":0.9987816866858824,"timestamp":348010.437632,"diameter_3d":4.526765120009034,"ellipse":{"center":[108.36870320922677,133.6786475566164],"axes":[25.670706488743427,38.739728654110976],"angle":-67.97025121968773},"norm_pos":[0.33865219752883363,0.44300563518076497],"diameter":38.739728654110976,"sphere":{"center":[-3.3309456504771995,-6.4918516897598675,81.03392849978353],"radius":12.0},"projected_sphere":{"center":[134.51454789950878,70.33008861637666],"axes":[183.62678788354376,183.62678788354376],"angle":90.0},"model_confidence":0.8935257115385564,"model_id":153,"model_birth_timestamp":347871.839121,"theta":2.3148160413548577,"phi":-1.8846976455580038,"method":"3d c++","id":1}
1256020,1256019,1,348010.446032,108,106,{"topic":"pupil.1","circle_3d":{"center":[-6.056174505884407,1.6183478106993014,72.61978613419404],"normal":[-0.22710240461726725,0.6758499583715974,-0.7011785304657902],"radius":2.266100505718302},"confidence":0.9990121039122141,"timestamp":348010.446032,"diameter_3d":4.532201011436604,"ellipse":{"center":[108.36527245806886,133.53743590634178],"axes":[25.767830537799608,38.79520010912241],"angle":-67.9231948320093},"norm_pos":[0.3386414764314652,0.44359401705690926],"diameter":38.79520010912241,"sphere":{"center":[-3.3309456504771995,-6.4918516897598675,81.03392849978353],"radius":12.0},"projected_sphere":{"center":[134.51454789950878,70.33008861637666],"axes":[183.62678788354376,183.62678788354376],"angle":90.0},"model_confidence":0.8933887705447119,"model_id":153,"model_birth_timestamp":347871.839121,"theta":2.312913626570142,"phi":-1.8840209603257307,"method":"3d c++","id":1}
1256028,1256026,1,348010.462832,108,106,{"topic":"pupil.1","circle_3d":{"center":[-6.0300955426571194,1.603773093015029,72.5973741536025],"normal":[-0.22492915768166,0.6746353985645747,-0.703046195515086],"radius":2.247795166765437},"confidence":0.9991380640414538,"timestamp":348010.462832,"diameter_3d":4.495590333530874,"ellipse":{"center":[108.57051169937228,133.42122242608616],"axes":[25.65497448199007,38.49316681860464],"angle":-68.04286949889897},"norm_pos":[0.33928284906053835,0.4440782398913077],"diameter":38.49316681860464,"sphere":{"center":[-3.3309456504771995,-6.4918516897598675,81.03392849978353],"radius":12.0},"projected_sphere":{"center":[134.51454789950878,70.33008861637666],"axes":[183.62678788354376,183.62678788354376],"angle":90.0},"model_confidence":0.8934641580181313,"model_id":153,"model_birth_timestamp":347871.839121,"theta":2.3112669786960396,"phi":-1.8804404023074643,"method":"3d c++","id":1}
1256038,1256037,1,348010.471232,108,106,{"topic":"pupil.1","circle_3d":{"center":[-6.021527623824403,1.6165597508972933,72.60692235562301],"normal":[-0.2242151644456003,0.6757009533880967,-0.7022505120133766],"radius":2.257992425030609},"confidence":0.9994396127134277,"timestamp":348010.471232,"diameter_3d":4.515984850061218,"ellipse":{"center":[108.65063196737029,133.52611592666923],"axes":[25.735639802870296,38.662552490416644],"angle":-68.13745505144632},"norm_pos":[0.33953322489803217,0.44364118363887817],"diameter":38.662552490416644,"sphere":{"center":[-3.3309456504771995,-6.4918516897598675,81.03392849978353],"radius":12.0},"projected_sphere":{"center":[134.51454789950878,70.33008861637666],"axes":[183.62678788354376,183.62678788354376],"angle":90.0},"model_confidence":0.8936021385224202,"model_id":153,"model_birth_timestamp":347871.839121,"theta":2.3127114783417606,"phi":-1.8798468168908833,"method":"3d c++","id":1}
1256047,1256044,1,348010.479632,109,106,{"topic":"pupil.1","circle_3d":{"center":[-5.980291789008129,1.6403255683403941,72.61676400803881],"normal":[-0.22077884487757743,0.6776814381750218,-0.70143037431206],"radius":2.2488454965302083},"confidence":0.9992333022892957,"timestamp":348010.479632,"diameter_3d":4.4976909930604165,"ellipse":{"center":[109.00766732900806,133.72909596369928],"axes":[25.602727777141837,38.49973127538849],"angle":-68.47387741143962},"norm_pos":[0.3406489604031502,0.4427954334845864],"diameter":38.49973127538849,"sphere":{"center":[-3.3309456504771995,-6.4918516897598675,81.03392849978353],"radius":12.0},"projected_sphere":{"center":[134.51454789950878,70.33008861637666],"axes":[183.62678788354376,183.62678788354376],"angle":90.0},"model_confidence":0.8936200802912797,"model_id":153,"model_birth_timestamp":347871.839121,"theta":2.315401381630232,"phi":-1.8757344167311105,"method":"3d c++","id":1}
1256054,1256048,1,348010.488032,109,106,{"topic":"pupil.1","circle_3d":{"center":[-5.949662927313806,1.6629119868293039,72.62904008868732],"normal":[-0.21822643973638392,0.6795636397157643,-0.7004073675913507],"radius":2.23464918691885},"confidence":0.9989544853143976,"timestamp":348010.488032,"diameter_3d":4.4692983738377,"ellipse":{"center":[109.27577138520432,133.92284885756362],"axes":[25.400259284542837,38.249407978962324],"angle":-68.738590656519},"norm_pos":[0.3414867855787635,0.44198812976015156],"diameter":38.249407978962324,"sphere":{"center":[-3.3309456504771995,-6.4918516897598675,81.03392849978353],"radius":12.0},"projected_sphere":{"center":[134.51454789950878,70.33008861637666],"axes":[183.62678788354376,183.62678788354376],"angle":90.0},"model_confidence":0.8936311312498391,"model_id":153,"model_birth_timestamp":347871.839121,"theta":2.3179639904409117,"phi":-1.872834383005143,"method":"3d c++","id":1}
1256062,1256060,1,348010.496432,109,105,{"topic":"pupil.1","circle_3d":{"center":[-5.9385333526802775,1.6919046098399289,72.65379609008498],"normal":[-0.21729897518358982,0.6819796916333163,-0.6983443674748788],"radius":2.2505410534529826},"confidence":0.9990505370866177,"timestamp":348010.496432,"diameter_3d":4.501082106905965,"ellipse":{"center":[109.38820086566247,134.16170691026164],"axes":[25.485677961029293,38.50803985779409],"angle":-68.89772001393393},"norm_pos":[0.3418381277051952,0.4409928878739098],"diameter":38.50803985779409,"sphere":{"center":[-3.3309456504771995,-6.4918516897598675,81.03392849978353],"radius":12.0},"projected_sphere":{"center":[134.51454789950878,70.33008861637666],"axes":[183.62678788354376,183.62678788354376],"angle":90.0},"model_confidence":0.8935559433711049,"model_id":153,"model_birth_timestamp":347871.839121,"theta":2.321262379600371,"phi":-1.8724627431918885,"method":"3d c++","id":1}
1256070,1256070,1,348010.504831,109,106,{"topic":"pupil.1","circle_3d":{"center":[-5.9432664894209,1.6658412900051598,72.6298922622181],"normal":[-0.2176934032453084,0.6798077483137523,-0.7003363531304523],"radius":2.240481747282714},"confidence":0.9992398721459047,"timestamp":348010.504831,"diameter_3d":4.480963494565428,"ellipse":{"center":[109.33110219898875,133.94620965785185],"axes":[25.464855925398627,38.348704784462754],"angle":-68.78832592872462},"norm_pos":[0.34165969437183985,0.44189079309228396],"diameter":38.348704784462754,"sphere":{"center":[-3.3309456504771995,-6.4918516897598675,81.03392849978353],"radius":12.0},"projected_sphere":{"center":[134.51454789950878,70.33008861637666],"axes":[183.62678788354376,183.62678788354376],"angle":90.0},"model_confidence":0.8935465080614602,"model_id":153,"model_birth_timestamp":347871.839121,"theta":2.3182967885914016,"phi":-1.872169276480373,"method":"3d c++","id":1}
1256083,1256083,1,348010.513231,109,106,{"topic":"pupil.1","circle_3d":{"center":[-5.941847229929274,1.6543171389119156,72.61828079106907],"normal":[-0.2175751316210062,0.6788474023893153,-0.7013039757262045],"radius":2.238046130548375},"confidence":0.9991339284755314,"timestamp":348010.513231,"diameter_3d":4.47609226109675,"ellipse":{"center":[109.33512847750018,133.85054591672477],"axes":[25.483327446564292,38.313169448889646],"angle":-68.7622029540307},"norm_pos":[0.34167227649218807,0.4422893920136468],"diameter":38.313169448889646,"sphere":{"center":[-3.3309456504771995,-6.4918516897598675,81.03392849978353],"radius":12.0},"projected_sphere":{"center":[134.51454789950878,70.33008861637666],"axes":[183.62678788354376,183.62678788354376],"angle":90.0},"model_confidence":0.8935489758544302,"model_id":153,"model_birth_timestamp":347871.839121,"theta":2.316988121170518,"phi":-1.8716243040102376,"method":"3d c++","id":1}
1256090,1256089,1,348010.521631,109,106,{"topic":"pupil.1","circle_3d":{"center":[-5.9435867565140015,1.6339920810650685,72.59919261398412],"normal":[-0.21772009216973354,0.6771536475687446,-0.702894657149951],"radius":2.237204199977841},"confidence":0.9991407587632086,"timestamp":348010.521631,"diameter_3d":4.474408399955682,"ellipse":{"center":[109.30727758219783,133.68069897135405],"axes":[25.54863898671503,38.308982382504226],"angle":-68.68880541499891},"norm_pos":[0.3415852424443682,0.4429970876193582],"diameter":38.308982382504226,"sphere":{"center":[-3.3309456504771995,-6.4918516897598675,81.03392849978353],"radius":12.0},"projected_sphere":{"center":[134.51454789950878,70.33008861637666],"axes":[183.62678788354376,183.62678788354376],"angle":90.0},"model_confidence":0.8936027617537645,"model_id":153,"model_birth_timestamp":347871.839121,"theta":2.3146838835784713,"phi":-1.8711719159301172,"method":"3d c++","id":1}
1256102,1256100,1,348010.530031,109,106,{"topic":"pupil.1","circle_3d":{"center":[-5.951621615436455,1.6037830636752215,72.57267827149818],"normal":[-0.21838966374660465,0.6746362294529241,-0.7051041856904456],"radius":2.2474854939241067},"confidence":0.9993195673028206,"timestamp":348010.530031,"diameter_3d":4.494970987848213,"ellipse":{"center":[109.22142073385132,133.42499552159887],"axes":[25.76934769405576,38.49952634123785],"angle":-68.54414667308427},"norm_pos":[0.34131693979328537,0.4440625186600047],"diameter":38.49952634123785,"sphere":{"center":[-3.3309456504771995,-6.4918516897598675,81.03392849978353],"radius":12.0},"projected_sphere":{"center":[134.51454789950878,70.33008861637666],"axes":[183.62678788354376,183.62678788354376],"angle":90.0},"model_confidence":0.8937654235799619,"model_id":153,"model_birth_timestamp":347871.839121,"theta":2.311268104331092,"phi":-1.8711527310871128,"method":"3d c++","id":1}
1256110,1256110,1,348010.538431,109,106,{"topic":"pupil.1","circle_3d":{"center":[-5.925259525132159,1.6343729229743094,72.59390426621843],"normal":[-0.21619282288791325,0.6771853843945148,-0.703335352797091],"radius":2.231539743801066},"confidence":0.9989336854496182,"timestamp":348010.538431,"diameter_3d":4.463079487602132,"ellipse":{"center":[109.45931279044763,133.6861191766603],"axes":[25.509298508688953,38.214387821396556],"angle":-68.80740972573363},"norm_pos":[0.3420603524701488,0.4429745034305821],"diameter":38.214387821396556,"sphere":{"center":[-3.3309456504771995,-6.4918516897598675,81.03392849978353],"radius":12.0},"projected_sphere":{"center":[134.51454789950878,70.33008861637666],"axes":[183.62678788354376,183.62678788354376],"angle":90.0},"model_confidence":0.893755228368931,"model_id":153,"model_birth_timestamp":347871.839121,"theta":2.3147270144008636,"phi":-1.8690120173239528,"method":"3d c++","id":1}
1256117,1256117,1,348010.546831,109,105,{"topic":"pupil.1","circle_3d":{"center":[-5.8836317205837,1.696278526221052,72.64117463745535],"normal":[-0.2127238391755417,0.6823441846650766,-0.6993961551940147],"radius":2.23693964232722},"confidence":0.9991526038194358,"timestamp":348010.546831,"diameter_3d":4.47387928465444,"ellipse":{"center":[109.84576647321668,134.2042121316876],"axes":[25.394899378353685,38.28082332854106],"angle":-69.26144207531374},"norm_pos":[0.34326802022880215,0.44081578278463496],"diameter":38.28082332854106,"sphere":{"center":[-3.3309456504771995,-6.4918516897598675,81.03392849978353],"radius":12.0},"projected_sphere":{"center":[134.51454789950878,70.33008861637666],"axes":[183.62678788354376,183.62678788354376],"angle":90.0},"model_confidence":0.8938086628413999,"model_id":153,"model_birth_timestamp":347871.839121,"theta":2.321760864943517,"phi":-1.8660593685724,"method":"3d c++","id":1}
1256124,1256121,1,348010.555231,110,105,{"topic":"pupil.1","circle_3d":{"center":[-5.823842163423286,1.7811774551946282,72.70671673698592],"normal":[-0.20774137607884055,0.6894190954128747,-0.6939343135664667],"radius":2.2248744391683877},"confidence":0.9986476087534891,"timestamp":348010.555231,"diameter_3d":4.449748878336775,"ellipse":{"center":[110.39732168714666,134.91832263535565],"axes":[25.015569081087502,38.038326458632405],"angle":-69.8939709781612},"norm_pos":[0.3449916302723333,0.4378403223526848],"diameter":38.038326458632405,"sphere":{"center":[-3.3309456504771995,-6.4918516897598675,81.03392849978353],"radius":12.0},"projected_sphere":{"center":[134.51454789950878,70.33008861637666],"axes":[183.62678788354376,183.62678788354376],"angle":90.0},"model_confidence":0.8936364550161002,"model_id":153,"model_birth_timestamp":347871.839121,"theta":2.3314831205127056,"phi":-1.8616727390738346,"method":"3d c++","id":1}
1256136,1256132,1,348010.563631,110,104,{"topic":"pupil.1","circle_3d":{"center":[-5.795568494561403,1.8223453836754508,72.73936634976633],"normal":[-0.20538523700701694,0.6928497561196099,-0.6912135125014329],"radius":2.224546963315551},"confidence":0.9990401274649453,"timestamp":348010.563631,"diameter_3d":4.449093926631102,"ellipse":{"center":[110.659215830269,135.2626590052788],"axes":[24.890974955428174,38.01489830933086],"angle":-70.19297191906324},"norm_pos":[0.34581004946959065,0.43640558747800495],"diameter":38.01489830933086,"sphere":{"center":[-3.3309456504771995,-6.4918516897598675,81.03392849978353],"radius":12.0},"projected_sphere":{"center":[134.51454789950878,70.33008861637666],"axes":[183.62678788354376,183.62678788354376],"angle":90.0},"model_confidence":0.8936093345883411,"model_id":153,"model_birth_timestamp":347871.839121,"theta":2.336229970170553,"phi":-1.8596246200242312,"method":"3d c++","id":1}
1256151,1256149,1,348010.580431,109,105,{"topic":"pupil.1","circle_3d":{"center":[-5.8784124898120425,1.712923543402555,72.6558573568668],"normal":[-0.21228890327790353,0.6837312694302018,-0.6981725952430601],"radius":2.2319762923384756},"confidence":0.999235843340648,"timestamp":348010.580431,"diameter_3d":4.463952584676951,"ellipse":{"center":[109.89976213507882,134.34466068411317],"axes":[25.282024399818578,38.187926212187826],"angle":-69.34455095866196},"norm_pos":[0.3434367566721213,0.4402305804828618],"diameter":38.187926212187826,"sphere":{"center":[-3.3309456504771995,-6.4918516897598675,81.03392849978353],"radius":12.0},"projected_sphere":{"center":[134.51454789950878,70.33008861637666],"axes":[183.62678788354376,183.62678788354376],"angle":90.0},"model_confidence":0.8936659844535733,"model_id":153,"model_birth_timestamp":347871.839121,"theta":2.3236599854634314,"phi":-1.865977052602314,"method":"3d c++","id":1}
1256156,1256156,1,348010.588831,109,106,{"topic":"pupil.1","circle_3d":{"center":[-5.93585975709478,1.6393975954628868,72.60201249221389],"normal":[-0.21707617555146505,0.6776041071018962,-0.7026596672974701],"radius":2.227895366310236},"confidence":0.9990876093145254,"timestamp":348010.588831,"diameter_3d":4.455790732620472,"ellipse":{"center":[109.37440653365074,133.72854735791725],"axes":[25.433072812012274,38.14784812471535],"angle":-68.75487444082358},"norm_pos":[0.3417950204176586,0.4427977193420115],"diameter":38.14784812471535,"sphere":{"center":[-3.3309456504771995,-6.4918516897598675,81.03392849978353],"radius":12.0},"projected_sphere":{"center":[134.51454789950878,70.33008861637666],"axes":[183.62678788354376,183.62678788354376],"angle":90.0},"model_confidence":0.8936501977825917,"model_id":153,"model_birth_timestamp":347871.839121,"theta":2.3152962252600267,"phi":-1.8704300923167223,"method":"3d c++","id":1}
1256165,1256163,1,348010.59723,108,106,{"topic":"pupil.1","circle_3d":{"center":[-5.982360279131356,1.5599557648837656,72.54049590863971],"normal":[-0.2209512190545131,0.670983954553636,-0.7077860492619846],"radius":2.244710188825356},"confidence":0.9990752057913023,"timestamp":348010.59723,"diameter_3d":4.489420377650712,"ellipse":{"center":[108.93750786293526,133.05715789305253],"axes":[25.85735937580599,38.46987521169377],"angle":-68.2101417805402},"norm_pos":[0.3404297120716727,0.44559517544561444],"diameter":38.46987521169377,"sphere":{"center":[-3.3309456504771995,-6.4918516897598675,81.03392849978353],"radius":12.0},"projected_sphere":{"center":[134.51454789950878,70.33008861637666],"axes":[183.62678788354376,183.62678788354376],"angle":90.0},"model_confidence":0.8937008650776512,"model_id":153,"model_birth_timestamp":347871.839121,"theta":2.3063313476331744,"phi":-1.8733826480666358,"method":"3d c++","id":1}
1256170,1256167,1,348010.60563,108,107,{"topic":"pupil.1","circle_3d":{"center":[-5.991446706680156,1.5299376590904235,72.51497141733412],"normal":[-0.22170842135024638,0.6684824457375242,-0.7099130902041176],"radius":2.2314795796954368},"confidence":0.9987691518477382,"timestamp":348010.60563,"diameter_3d":4.4629591593908735,"ellipse":{"center":[108.84175729053592,132.80829654565716],"axes":[25.803238024817176,38.25684887880446],"angle":-68.05701008626775},"norm_pos":[0.34013049153292474,0.44663209772642853],"diameter":38.25684887880446,"sphere":{"center":[-3.3309456504771995,-6.4918516897598675,81.03392849978353],"radius":12.0},"projected_sphere":{"center":[134.51454789950878,70.33008861637666],"axes":[183.62678788354376,183.62678788354376],"angle":90.0},"model_confidence":0.8935148981526697,"model_id":153,"model_birth_timestamp":347871.839121,"theta":2.3029627685799174,"phi":-1.8735022682206053,"method":"3d c++","id":1}
1256179,1256178,1,348010.61403,109,107,{"topic":"pupil.1","circle_3d":{"center":[-5.959814775801316,1.5188874889983452,72.49477719934238],"normal":[-0.21907242711034305,0.6675615982298511,-0.7115959417034293],"radius":2.2339281373270223},"confidence":0.9994077785492113,"timestamp":348010.61403,"diameter_3d":4.467856274654045,"ellipse":{"center":[109.09755436015361,132.7163360324701],"axes":[25.919450927364565,38.30901131009585],"angle":-68.2260202066251},"norm_pos":[0.34092985737548004,0.4470152665313746],"diameter":38.30901131009585,"sphere":{"center":[-3.3309456504771995,-6.4918516897598675,81.03392849978353],"radius":12.0},"projected_sphere":{"center":[134.51454789950878,70.33008861637666],"axes":[183.62678788354376,183.62678788354376],"angle":90.0},"model_confidence":0.8933975071125033,"model_id":153,"model_birth_timestamp":347871.839121,"theta":2.3017253054047226,"phi":-1.869449082803368,"method":"3d c++","id":1}
1256187,1256183,1,348010.62243,108,106,{"topic":"pupil.1","circle_3d":{"center":[-5.976594066882856,1.5687154255221518,72.54700902115029],"normal":[-0.22047070136713806,0.6717139262735017,-0.7072432898861035],"radius":2.2397722381394147},"confidence":0.9989518200103811,"timestamp":348010.62243,"diameter_3d":4.4795444762788295,"ellipse":{"center":[108.99078065816313,133.13203887063173],"axes":[25.77609967754733,38.38159784221876],"angle":-68.27467584236257},"norm_pos":[0.3405961895567598,0.44528317137236784],"diameter":38.38159784221876,"sphere":{"center":[-3.3309456504771995,-6.4918516897598675,81.03392849978353],"radius":12.0},"projected_sphere":{"center":[134.51454789950878,70.33008861637666],"axes":[183.62678788354376,183.62678788354376],"angle":90.0},"model_confidence":0.893472213633828,"model_id":153,"model_birth_timestamp":347871.839121,"theta":2.307316276831728,"phi":-1.8729818028371052,"method":"3d c++","id":1}
1256196,1256189,1,348010.63083,109,106,{"topic":"pupil.1","circle_3d":{"center":[-5.951342026445353,1.6643563171193207,72.63096510694807],"normal":[-0.2183663646640128,0.6796840005732657,-0.7002469494029548],"radius":2.234338763934956},"confidence":0.9990769221859852,"timestamp":348010.63083,"diameter_3d":4.468677527869912,"ellipse":{"center":[109.26278252854524,133.93491534543975],"axes":[25.388724777094286,38.24309950128603],"angle":-68.73229797096894},"norm_pos":[0.3414461954017039,0.44193785272733443],"diameter":38.24309950128603,"sphere":{"center":[-3.3309456504771995,-6.4918516897598675,81.03392849978353],"radius":12.0},"projected_sphere":{"center":[134.51454789950878,70.33008861637666],"axes":[183.62678788354376,183.62678788354376],"angle":90.0},"model_confidence":0.893557645484444,"model_id":153,"model_birth_timestamp":347871.839121,"theta":2.318128067987337,"phi":-1.873081565890573,"method":"3d c++","id":1}
1256202,1256199,1,348010.63923,109,105,{"topic":"pupil.1","circle_3d":{"center":[-5.934008916387514,1.757138612343308,72.71658393378917],"normal":[-0.2169219388258595,0.687415858508598,-0.6931120471661973],"radius":2.230993936734015},"confidence":0.9982242163420807,"timestamp":348010.63923,"diameter_3d":4.46198787346803,"ellipse":{"center":[109.46816925443176,134.71093979611405],"axes":[25.018706219999935,38.139959575203555],"angle":-69.12279447600122},"norm_pos":[0.34208802892009926,0.4387044175161915],"diameter":38.139959575203555,"sphere":{"center":[-3.3309456504771995,-6.4918516897598675,81.03392849978353],"radius":12.0},"projected_sphere":{"center":[134.51454789950878,70.33008861637666],"axes":[183.62678788354376,183.62678788354376],"angle":90.0},"model_confidence":0.8932193734482063,"model_id":153,"model_birth_timestamp":347871.839121,"theta":2.3287212306304146,"phi":-1.8741075639456708,"method":"3d c++","id":1}
1256213,1256212,1,348010.64763,109,104,{"topic":"pupil.1","circle_3d":{"center":[-5.931718015163198,1.8106538217746202,72.76928178392053],"normal":[-0.21673103039049987,0.6918754592945406,-0.68872055965525],"radius":2.229158173956912},"confidence":0.9988154252927322,"timestamp":348010.64763,"diameter_3d":4.458316347913824,"ellipse":{"center":[109.52324144380411,135.15715446597216],"axes":[24.792326039858207,38.08059070247126],"angle":-69.29622872007803},"norm_pos":[0.34226012951188783,0.436845189725116],"diameter":38.08059070247126,"sphere":{"center":[-3.3309456504771995,-6.4918516897598675,81.03392849978353],"radius":12.0},"projected_sphere":{"center":[134.51454789950878,70.33008861637666],"axes":[183.62678788354376,183.62678788354376],"angle":90.0},"model_confidence":0.8932734971863532,"model_id":153,"model_birth_timestamp":347871.839121,"theta":2.3348796861126915,"phi":-1.8756718825735637,"method":"3d c++","id":1}
1256220,1256217,1,348010.65603,109,104,{"topic":"pupil.1","circle_3d":{"center":[-5.9285697283396,1.825500428562865,72.78323138439129],"normal":[-0.21646867315519996,0.6931126765268943,-0.6875580929493537],"radius":2.2213453938173147},"confidence":0.9983609295098278,"timestamp":348010.65603,"diameter_3d":4.442690787634629,"ellipse":{"center":[109.55898180678606,135.28271549701026],"axes":[24.65175187293029,37.93963954263671],"angle":-69.35983077940634},"norm_pos":[0.34237181814620643,0.43632201876245724],"diameter":37.93963954263671,"sphere":{"center":[-3.3309456504771995,-6.4918516897598675,81.03392849978353],"radius":12.0},"projected_sphere":{"center":[134.51454789950878,70.33008861637666],"axes":[183.62678788354376,183.62678788354376],"angle":90.0},"model_confidence":0.8932226605218752,"model_id":153,"model_birth_timestamp":347871.839121,"theta":2.3365946533749717,"phi":-1.8758087865317827,"method":"3d c++","id":1}
1256229,1256224,1,348010.66443,109,104,{"topic":"pupil.1","circle_3d":{"center":[-5.983689465037191,1.8024411377344105,72.77755782338517],"normal":[-0.221061984546666,0.6911910689578564,-0.6880308896998633],"radius":2.228174249821226},"confidence":0.9985350516957969,"timestamp":348010.66443,"diameter_3d":4.456348499642452,"ellipse":{"center":[109.08755421626446,135.08626425047598],"axes":[24.736204641912952,38.06042026402187],"angle":-68.94530518120209},"norm_pos":[0.34089860692582646,0.43714056562301673],"diameter":38.06042026402187,"sphere":{"center":[-3.3309456504771995,-6.4918516897598675,81.03392849978353],"radius":12.0},"projected_sphere":{"center":[134.51454789950878,70.33008861637666],"axes":[183.62678788354376,183.62678788354376],"angle":90.0},"model_confidence":0.8929684907780455,"model_id":153,"model_birth_timestamp":347871.839121,"theta":2.3339322291547773,"phi":-1.881674988062514,"method":"3d c++","id":1}
1256237,1256234,1,348010.67283,108,105,{"topic":"pupil.1","circle_3d":{"center":[-6.029146311786331,1.7388654422377154,72.72880907352888],"normal":[-0.22485005510909434,0.6858930943331318,-0.6920932855212212],"radius":2.232709636371067},"confidence":0.9984924288952672,"timestamp":348010.67283,"diameter_3d":4.465419272742134,"ellipse":{"center":[108.66833749464185,134.5532875659918],"axes":[24.966308736180512,38.1647050624536],"angle":-68.46786344008981},"norm_pos":[0.33958855467075577,0.4393613018083674],"diameter":38.1647050624536,"sphere":{"center":[-3.3309456504771995,-6.4918516897598675,81.03392849978353],"radius":12.0},"projected_sphere":{"center":[134.51454789950878,70.33008861637666],"axes":[183.62678788354376,183.62678788354376],"angle":90.0},"model_confidence":0.8929307128104802,"model_id":153,"model_birth_timestamp":347871.839121,"theta":2.326626596701803,"phi":-1.8849233305855733,"method":"3d c++","id":1}
1256248,1256245,1,348010.68123,108,106,{"topic":"pupil.1","circle_3d":{"center":[-6.060198783662525,1.6727653927928152,72.67389230187823],"normal":[-0.22743776109877709,0.6803847568793903,-0.6966696831587754],"radius":2.2385284505919256},"confidence":0.9989733256274687,"timestamp":348010.68123,"diameter_3d":4.477056901183851,"ellipse":{"center":[108.36685278044685,133.99880367010087],"axes":[25.239699255801735,38.294119148984315],"angle":-68.06846895596618},"norm_pos":[0.3386464149388964,0.44167165137457975],"diameter":38.294119148984315,"sphere":{"center":[-3.3309456504771995,-6.4918516897598675,81.03392849978353],"radius":12.0},"projected_sphere":{"center":[134.51454789950878,70.33008861637666],"axes":[183.62678788354376,183.62678788354376],"angle":90.0},"model_confidence":0.8928944164193209,"model_id":153,"model_birth_timestamp":347871.839121,"theta":2.319083844448316,"phi":-1.886352039459211,"method":"3d c++","id":1}
1256256,1256251,1,348010.689629,108,106,{"topic":"pupil.1","circle_3d":{"center":[-6.0786563969281655,1.621377867385947,72.63002513248489],"normal":[-0.2289758955375805,0.6761024630954845,-0.70032528060822],"radius":2.2461721980836256},"confidence":0.9983800527000244,"timestamp":348010.689629,"diameter_3d":4.492344396167251,"ellipse":{"center":[108.17990516753831,133.56659060833897],"axes":[25.494724130397255,38.44882710381291],"angle":-67.79063452033026},"norm_pos":[0.3380622036485572,0.443472539131921],"diameter":38.44882710381291,"sphere":{"center":[-3.3309456504771995,-6.4918516897598675,81.03392849978353],"radius":12.0},"projected_sphere":{"center":[134.51454789950878,70.33008861637666],"axes":[183.62678788354376,183.62678788354376],"angle":90.0},"model_confidence":0.8927457313941289,"model_id":153,"model_birth_timestamp":347871.839121,"theta":2.3132562737341704,"phi":-1.8867967851175593,"method":"3d c++","id":1}
1256263,1256262,1,348010.698029,107,106,{"topic":"pupil.1","circle_3d":{"center":[-6.104802792225431,1.5718348232878157,72.59102163209482],"normal":[-0.23115476181235262,0.671973876087307,-0.7035755723073928],"radius":2.240306399842976},"confidence":0.9984599401365012,"timestamp":348010.698029,"diameter_3d":4.480612799685952,"ellipse":{"center":[107.92986820215901,133.15217637757632],"axes":[25.57539829789848,38.36978117439695],"angle":-67.46743648297843},"norm_pos":[0.3372808381317469,0.445199265093432],"diameter":38.36978117439695,"sphere":{"center":[-3.3309456504771995,-6.4918516897598675,81.03392849978353],"radius":12.0},"projected_sphere":{"center":[134.51454789950878,70.33008861637666],"axes":[183.62678788354376,183.62678788354376],"angle":90.0},"model_confidence":0.8925723818201448,"model_id":153,"model_birth_timestamp":347871.839121,"theta":2.307667231816897,"phi":-1.8882293168174724,"method":"3d c++","id":1}
1256272,1256268,1,348010.706429,106,107,{"topic":"pupil.1","circle_3d":{"center":[-6.259303639774117,1.5190207093687746,72.59291891020244],"normal":[-0.24402983244140983,0.6675726999273869,-0.7034174657984237],"radius":2.2506231129484098},"confidence":0.9983256096944503,"timestamp":348010.706429,"diameter_3d":4.5012462258968196,"ellipse":{"center":[106.61705197694354,132.69993885941017],"axes":[25.645320952193842,38.54869293546935],"angle":-66.32292329055073},"norm_pos":[0.3331782874279486,0.44708358808579096],"diameter":38.54869293546935,"sphere":{"center":[-3.3309456504771995,-6.4918516897598675,81.03392849978353],"radius":12.0},"projected_sphere":{"center":[134.51454789950878,70.33008861637666],"axes":[183.62678788354376,183.62678788354376],"angle":90.0},"model_confidence":0.8923560134068254,"model_id":153,"model_birth_timestamp":347871.839121,"theta":2.301740216026648,"phi":-1.9047249513238331,"method":"3d c++","id":1}
1256284,1256280,1,348010.714829,105,107,{"topic":"pupil.1","circle_3d":{"center":[-6.375210366495962,1.4908959533496304,72.60729261081616],"normal":[-0.2536887263348968,0.6652289702591249,-0.7022196574139479],"radius":2.25683804213828},"confidence":0.9993849882532659,"timestamp":348010.714829,"diameter_3d":4.51367608427656,"ellipse":{"center":[105.64161263309427,132.45717276595232],"axes":[25.628059156441402,38.64979576072647],"angle":-65.5076708350388},"norm_pos":[0.33013003947841957,0.4480951134751987],"diameter":38.64979576072647,"sphere":{"center":[-3.3309456504771995,-6.4918516897598675,81.03392849978353],"radius":12.0},"projected_sphere":{"center":[134.51454789950878,70.33008861637666],"axes":[183.62678788354376,183.62678788354376],"angle":90.0},"model_confidence":0.8926403300864694,"model_id":153,"model_birth_timestamp":347871.839121,"theta":2.298596770706567,"phi":-1.91747301125795,"method":"3d c++","id":1}
1256290,1256290,1,348010.723229,106,107,{"topic":"pupil.1","circle_3d":{"center":[-6.303534407421271,1.5184445251370278,72.60784574255297],"normal":[-0.24771572974533926,0.6675246845747412,-0.702173563102547],"radius":2.2478139786343663},"confidence":0.9991882019766926,"timestamp":348010.723229,"diameter_3d":4.4956279572687325,"ellipse":{"center":[106.25122321054297,132.69367838186233],"axes":[25.54245584693468,38.49342546222158],"angle":-66.04537564890262},"norm_pos":[0.3320350725329468,0.44710967340890695],"diameter":38.49342546222158,"sphere":{"center":[-3.3309456504771995,-6.4918516897598675,81.03392849978353],"radius":12.0},"projected_sphere":{"center":[134.51454789950878,70.33008861637666],"axes":[183.62678788354376,183.62678788354376],"angle":90.0},"model_confidence":0.8925864132265926,"model_id":153,"model_birth_timestamp":347871.839121,"theta":2.3016757283340077,"phi":-1.9099493346978316,"method":"3d c++","id":1}
1256300,1256295,1,348010.731629,106,107,{"topic":"pupil.1","circle_3d":{"center":[-6.280590309781807,1.5389846374918452,72.61934210063532],"normal":[-0.24580372160871738,0.6692363606043095,-0.7012155332623506],"radius":2.2519840219170932},"confidence":0.9987119725033745,"timestamp":348010.731629,"diameter_3d":4.5039680438341865,"ellipse":{"center":[106.45498507501893,132.86583175990475],"axes":[25.55040763248395,38.5582135064268],"angle":-66.25686590798963},"norm_pos":[0.33267182835943415,0.4463923676670636],"diameter":38.5582135064268,"sphere":{"center":[-3.3309456504771995,-6.4918516897598675,81.03392849978353],"radius":12.0},"projected_sphere":{"center":[134.51454789950878,70.33008861637666],"axes":[183.62678788354376,183.62678788354376],"angle":90.0},"model_confidence":0.8925304761407071,"model_id":153,"model_birth_timestamp":347871.839121,"theta":2.303976928125226,"phi":-1.9079516624829478,"method":"3d c++","id":1}
1256305,1256301,1,348010.740029,106,107,{"topic":"pupil.1","circle_3d":{"center":[-6.29002453672453,1.5286587438938692,72.61280835287808],"normal":[-0.24658990718727755,0.6683758694711447,-0.7017600122421206],"radius":2.241117346571051},"confidence":0.9982434740396967,"timestamp":348010.740029,"diameter_3d":4.482234693142102,"ellipse":{"center":[106.36928525823191,132.7815228256925],"axes":[25.450282951769964,38.375757012495214],"angle":-66.16368573549263},"norm_pos":[0.3324040164319747,0.446743654892948],"diameter":38.375757012495214,"sphere":{"center":[-3.3309456504771995,-6.4918516897598675,81.03392849978353],"radius":12.0},"projected_sphere":{"center":[134.51454789950878,70.33008861637666],"axes":[183.62678788354376,183.62678788354376],"angle":90.0},"model_confidence":0.8924138868387943,"model_id":153,"model_birth_timestamp":347871.839121,"theta":2.3028194777324504,"phi":-1.9087069586819128,"method":"3d c++","id":1}
1256312,1256311,1,348010.748429,106,107,{"topic":"pupil.1","circle_3d":{"center":[-6.301664394899355,1.5228232364406882,72.61135074894793],"normal":[-0.24755989536851294,0.6678895771833797,-0.7018814792363004],"radius":2.238115337948857},"confidence":0.9985812775580714,"timestamp":348010.748429,"diameter_3d":4.476230675897714,"ellipse":{"center":[106.26899680558506,132.73279963794118],"axes":[25.41882588738564,38.32534259109778],"angle":-66.07174869588818},"norm_pos":[0.3320906150174533,0.4469466681752451],"diameter":38.32534259109778,"sphere":{"center":[-3.3309456504771995,-6.4918516897598675,81.03392849978353],"radius":12.0},"projected_sphere":{"center":[134.51454789950878,70.33008861637666],"axes":[183.62678788354376,183.62678788354376],"angle":90.0},"model_confidence":0.8922908803417617,"model_id":153,"model_birth_timestamp":347871.839121,"theta":2.302165896020212,"phi":-1.9098824433007273,"method":"3d c++","id":1}
1256324,1256324,1,348010.756829,106,107,{"topic":"pupil.1","circle_3d":{"center":[-6.318063433341862,1.520198487699286,72.61465422552625],"normal":[-0.24892648190538852,0.6676708481215962,-0.7016061895214399],"radius":2.2587521012320075},"confidence":0.998865313428805,"timestamp":348010.756829,"diameter_3d":4.517504202464015,"ellipse":{"center":[106.13328286517621,132.70501393730842],"axes":[25.63591292731193,38.67744900283744],"angle":-65.96103223405419},"norm_pos":[0.33166650895367566,0.4470624419278816],"diameter":38.67744900283744,"sphere":{"center":[-3.3309456504771995,-6.4918516897598675,81.03392849978353],"radius":12.0},"projected_sphere":{"center":[134.51454789950878,70.33008861637666],"axes":[183.62678788354376,183.62678788354376],"angle":90.0},"model_confidence":0.892106736500109,"model_id":153,"model_birth_timestamp":347871.839121,"theta":2.3018720469376985,"phi":-1.9117366023135003,"method":"3d c++","id":1}
1256330,1256329,1,348010.765229,106,107,{"topic":"pupil.1","circle_3d":{"center":[-6.323101215095287,1.5045750406023348,72.60159995880068],"normal":[-0.24934629705150724,0.6663688941968502,-0.7026940450819039],"radius":2.2588962819164538},"confidence":0.9400750530628694,"timestamp":348010.765229,"diameter_3d":4.5177925638329075,"ellipse":{"center":[106.0809935387473,132.57382352551653],"axes":[25.688113648678392,38.68707662818207],"angle":-65.87698067033097},"norm_pos":[0.3315031048085853,0.4476090686436811],"diameter":38.68707662818207,"sphere":{"center":[-3.3309456504771995,-6.4918516897598675,81.03392849978353],"radius":12.0},"projected_sphere":{"center":[134.51454789950878,70.33008861637666],"axes":[183.62678788354376,183.62678788354376],"angle":90.0},"model_confidence":0.8919585334626778,"model_id":153,"model_birth_timestamp":347871.839121,"theta":2.300124550671869,"phi":-1.9117793866013906,"method":"3d c++","id":1}
1256339,1256335,1,348010.773629,106,107,{"topic":"pupil.1","circle_3d":{"center":[-6.309660756234841,1.5069512229356814,72.59909546749508],"normal":[-0.2482262588131368,0.6665669093912957,-0.7029027526907045],"radius":2.256058653322361},"confidence":0.9992405802362604,"timestamp":348010.773629,"diameter_3d":4.512117306644722,"ellipse":{"center":[106.19335063617736,132.59507096948482],"axes":[25.669358327019552,38.639531977043774],"angle":-65.96853078109692},"norm_pos":[0.33185422073805426,0.4475205376271466],"diameter":38.639531977043774,"sphere":{"center":[-3.3309456504771995,-6.4918516897598675,81.03392849978353],"radius":12.0},"projected_sphere":{"center":[134.51454789950878,70.33008861637666],"axes":[183.62678788354376,183.62678788354376],"angle":90.0},"model_confidence":0.8919155307542281,"model_id":153,"model_birth_timestamp":347871.839121,"theta":2.3003901526019312,"phi":-1.9102697535943567,"method":"3d c++","id":1}
1256352,1256351,1,348010.782028,106,107,{"topic":"pupil.1","circle_3d":{"center":[-6.316957040946015,1.4993432550721248,72.59446528642202],"normal":[-0.248834282539068,0.6659329120693327,-0.7032886011134587],"radius":2.2617481855977553},"confidence":0.9859800269068585,"timestamp":348010.782028,"diameter_3d":4.5234963711955105,"ellipse":{"center":[106.12831541997814,132.5295692298559],"axes":[25.75064353518056,38.73968037183269],"angle":-65.89743282275813},"norm_pos":[0.3316509856874317,0.44779346154226707],"diameter":38.73968037183269,"sphere":{"center":[-3.3309456504771995,-6.4918516897598675,81.03392849978353],"radius":12.0},"projected_sphere":{"center":[134.51454789950878,70.33008861637666],"axes":[183.62678788354376,183.62678788354376],"angle":90.0},"model_confidence":0.8919437071763014,"model_id":153,"model_birth_timestamp":347871.839121,"theta":2.299539980787182,"phi":-1.9108660445898151,"method":"3d c++","id":1}
1256364,1256364,1,348010.790428,106,107,{"topic":"pupil.1","circle_3d":{"center":[-6.322184704605082,1.5237567436860378,72.61950574104773],"normal":[-0.24926992117732355,0.6679673694538255,-0.7012018965613167],"radius":2.268800691316663},"confidence":0.9990509432168873,"timestamp":348010.790428,"diameter_3d":4.537601382633326,"ellipse":{"center":[106.10242825223614,132.73217075413328],"axes":[25.729593170118132,38.84705248554693],"angle":-65.94744405371324},"norm_pos":[0.3315700882882379,0.4469492885244447],"diameter":38.84705248554693,"sphere":{"center":[-3.3309456504771995,-6.4918516897598675,81.03392849978353],"radius":12.0},"projected_sphere":{"center":[134.51454789950878,70.33008861637666],"axes":[183.62678788354376,183.62678788354376],"angle":90.0},"model_confidence":0.8919312680178759,"model_id":153,"model_birth_timestamp":347871.839121,"theta":2.302270423845983,"phi":-1.912353186293438,"method":"3d c++","id":1}
1256372,1256369,1,348010.807228,106,107,{"topic":"pupil.1","circle_3d":{"center":[-6.311823598500212,1.5426848559534392,72.63389343113128],"normal":[-0.24840649566858433,0.6695447121427756,-0.7000029223876866],"radius":2.256553918221922},"confidence":0.998864577465682,"timestamp":348010.807228,"diameter_3d":4.513107836443844,"ellipse":{"center":[106.20010043115307,132.89417471719042],"axes":[25.536214948905947,38.62928269841571],"angle":-66.07532953975107},"norm_pos":[0.33187531384735336,0.44627427201170655],"diameter":38.62928269841571,"sphere":{"center":[-3.3309456504771995,-6.4918516897598675,81.03392849978353],"radius":12.0},"projected_sphere":{"center":[134.51454789950878,70.33008861637666],"axes":[183.62678788354376,183.62678788354376],"angle":90.0},"model_confidence":0.8918793490523824,"model_id":153,"model_birth_timestamp":347871.839121,"theta":2.304391986820184,"phi":-1.9117985778668494,"method":"3d c++","id":1}
1256379,1256379,1,348010.815628,106,106,{"topic":"pupil.1","circle_3d":{"center":[-6.30076728683387,1.5724973362388344,72.65858168695831],"normal":[-0.24748513636305589,0.6720290854998918,-0.697945567735435],"radius":2.2572411927899636},"confidence":0.9989973616044999,"timestamp":348010.815628,"diameter_3d":4.514482385579927,"ellipse":{"center":[106.31196128100677,133.1440575446727],"axes":[25.448950926077018,38.62751559886689],"angle":-66.2433424551686},"norm_pos":[0.3322248790031462,0.44523309356386376],"diameter":38.62751559886689,"sphere":{"center":[-3.3309456504771995,-6.4918516897598675,81.03392849978353],"radius":12.0},"projected_sphere":{"center":[134.51454789950878,70.33008861637666],"axes":[183.62678788354376,183.62678788354376],"angle":90.0},"model_confidence":0.8918810791245901,"model_id":153,"model_birth_timestamp":347871.839121,"theta":2.307741783740956,"phi":-1.9115551524127878,"method":"3d c++","id":1}
1256394,1256390,1,348010.824028,106,106,{"topic":"pupil.1","circle_3d":{"center":[-6.30131402531754,1.5932538001396548,72.67881144884133],"normal":[-0.24753069790336166,0.6737587908249602,-0.6962597542451827],"radius":2.2527825840577513},"confidence":0.9971291600323836,"timestamp":348010.824028,"diameter_3d":4.505565168115503,"ellipse":{"center":[106.32157066741362,133.31869706919287],"axes":[25.3184081162939,38.54031029170495],"angle":-66.3088764500543},"norm_pos":[0.33225490833566756,0.4445054288783631],"diameter":38.54031029170495,"sphere":{"center":[-3.3309456504771995,-6.4918516897598675,81.03392849978353],"radius":12.0},"projected_sphere":{"center":[134.51454789950878,70.33008861637666],"axes":[183.62678788354376,183.62678788354376],"angle":90.0},"model_confidence":0.8917616270861073,"model_id":153,"model_birth_timestamp":347871.839121,"theta":2.310080050022313,"phi":-1.9123757000289534,"method":"3d c++","id":1}
1256410,1256404,1,348010.832428,106,106,{"topic":"pupil.1","circle_3d":{"center":[-6.296987459968937,1.589758767866769,72.67389450490487],"normal":[-0.24717015079097815,0.673467538135553,-0.6966694995732213],"radius":2.263308192170149},"confidence":0.9941851812321956,"timestamp":348010.832428,"diameter_3d":4.526616384340298,"ellipse":{"center":[106.35552452755198,133.28713962085408],"axes":[25.457520525122273,38.723039791757785],"angle":-66.32399718700427},"norm_pos":[0.3323610141485999,0.44463691824644136],"diameter":38.723039791757785,"sphere":{"center":[-3.3309456504771995,-6.4918516897598675,81.03392849978353],"radius":12.0},"projected_sphere":{"center":[134.51454789950878,70.33008861637666],"axes":[183.62678788354376,183.62678788354376],"angle":90.0},"model_confidence":0.8916944011816974,"model_id":153,"model_birth_timestamp":347871.839121,"theta":2.3096859775526393,"phi":-1.9117304605207057,"method":"3d c++","id":1}
1256414,1256413,1,348010.840828,106,106,{"topic":"pupil.1","circle_3d":{"center":[-6.296450115978802,1.5926516334447793,72.67650130702958],"normal":[-0.24712537212513347,0.673708610267054,-0.6964522660628285],"radius":2.256809252008098},"confidence":0.9989320143286666,"timestamp":348010.840828,"diameter_3d":4.513618504016196,"ellipse":{"center":[106.36152633908286,133.31293541738322],"axes":[25.37415528862257,38.61037843373663],"angle":-66.33691489809937},"norm_pos":[0.3323797698096339,0.4445294357609033],"diameter":38.61037843373663,"sphere":{"center":[-3.3309456504771995,-6.4918516897598675,81.03392849978353],"radius":12.0},"projected_sphere":{"center":[134.51454789950878,70.33008861637666],"axes":[183.62678788354376,183.62678788354376],"angle":90.0},"model_confidence":0.8918469169179488,"model_id":153,"model_birth_timestamp":347871.839121,"theta":2.310012144327571,"phi":-1.9117716440661399,"method":"3d c++","id":1}
1256423,1256419,1,348010.849228,106,106,{"topic":"pupil.1","circle_3d":{"center":[-6.298483936044126,1.583450415516582,72.66833154366543],"normal":[-0.2472948571305772,0.6729418421063708,-0.6971330796765075],"radius":2.263306408942724},"confidence":0.9893589472696612,"timestamp":348010.849228,"diameter_3d":4.526612817885448,"ellipse":{"center":[106.33880233236354,133.23431177937223],"axes":[25.479225305013557,38.726044933369685],"angle":-66.29383408954615},"norm_pos":[0.33230875728863607,0.4448570342526157],"diameter":38.726044933369685,"sphere":{"center":[-3.3309456504771995,-6.4918516897598675,81.03392849978353],"radius":12.0},"projected_sphere":{"center":[134.51454789950878,70.33008861637666],"axes":[183.62678788354376,183.62678788354376],"angle":90.0},"model_confidence":0.8919224816824056,"model_id":153,"model_birth_timestamp":347871.839121,"theta":2.308975055011821,"phi":-1.9116797942790809,"method":"3d c++","id":1}
1256431,1256430,1,348010.857628,106,106,{"topic":"pupil.1","circle_3d":{"center":[-6.293948609255972,1.5900342129706697,72.67308322424388],"normal":[-0.24691691323156437,0.6734904918942115,-0.6967371062949705],"radius":2.2598454749283596},"confidence":0.9990374874830348,"timestamp":348010.857628,"diameter_3d":4.519690949856719,"ellipse":{"center":[106.38053888378,133.29044073714365],"axes":[25.422561104363346,38.664142298769185],"angle":-66.3437018161691},"norm_pos":[0.3324391840118125,0.4446231635952348],"diameter":38.664142298769185,"sphere":{"center":[-3.3309456504771995,-6.4918516897598675,81.03392849978353],"radius":12.0},"projected_sphere":{"center":[134.51454789950878,70.33008861637666],"axes":[183.62678788354376,183.62678788354376],"angle":90.0},"model_confidence":0.8920529023330959,"model_id":153,"model_birth_timestamp":347871.839121,"theta":2.3097170294489118,"phi":-1.911377012394572,"method":"3d c++","id":1}
1256439,1256434,1,348010.874427,106,106,{"topic":"pupil.1","circle_3d":{"center":[-6.275802843223294,1.6078791861610142,72.68394790986683],"normal":[-0.2454047660621746,0.6749775729934068,-0.6958317158263911],"radius":2.253420960469847},"confidence":0.9986986737918155,"timestamp":348010.874427,"diameter_3d":4.506841920939694,"ellipse":{"center":[106.54214816336736,133.44211152546012],"axes":[25.31199701289782,38.54796075919127],"angle":-66.51480283356423},"norm_pos":[0.332944213010523,0.4439912019772495],"diameter":38.54796075919127,"sphere":{"center":[-3.3309456504771995,-6.4918516897598675,81.03392849978353],"radius":12.0},"projected_sphere":{"center":[134.51454789950878,70.33008861637666],"axes":[183.62678788354376,183.62678788354376],"angle":90.0},"model_confidence":0.8919956939530072,"model_id":153,"model_birth_timestamp":347871.839121,"theta":2.3117306330153875,"phi":-1.9098551889650315,"method":"3d c++","id":1}
1256447,1256447,1,348010.882827,106,106,{"topic":"pupil.1","circle_3d":{"center":[-6.2668037150920535,1.6042882572052104,72.6772990725807],"normal":[-0.2446548387179045,0.6746783289137565,-0.6963857856002355],"radius":2.240691391713161},"confidence":0.998297422042034,"timestamp":348010.882827,"diameter_3d":4.481382783426322,"ellipse":{"center":[106.613033053364,133.41564092949653],"axes":[25.197400375443625,38.333469579430165],"angle":-66.55872909451818},"norm_pos":[0.3331657282917625,0.4441014961270978],"diameter":38.333469579430165,"sphere":{"center":[-3.3309456504771995,-6.4918516897598675,81.03392849978353],"radius":12.0},"projected_sphere":{"center":[134.51454789950878,70.33008861637666],"axes":[183.62678788354376,183.62678788354376],"angle":90.0},"model_confidence":0.8918462854932918,"model_id":153,"model_birth_timestamp":347871.839121,"theta":2.3113251395373116,"phi":-1.9086473555358772,"method":"3d c++","id":1}
1256456,1256452,1,348010.891227,106,106,{"topic":"pupil.1","circle_3d":{"center":[-6.248925057677221,1.6104477971904778,72.67700686541835],"normal":[-0.24316495060000182,0.6751916239125287,-0.6964101361970985],"radius":2.2376672369476958},"confidence":0.9983577082526113,"timestamp":348010.891227,"diameter_3d":4.4753344738953915,"ellipse":{"center":[106.76460872156548,133.46877512569824],"axes":[25.169178526347658,38.281504853886624],"angle":-66.68974071087536},"norm_pos":[0.33363940225489214,0.44388010364292396],"diameter":38.281504853886624,"sphere":{"center":[-3.3309456504771995,-6.4918516897598675,81.03392849978353],"radius":12.0},"projected_sphere":{"center":[134.51454789950878,70.33008861637666],"axes":[183.62678788354376,183.62678788354376],"angle":90.0},"model_confidence":0.8916994841502213,"model_id":153,"model_birth_timestamp":347871.839121,"theta":2.3120207770063526,"phi":-1.9067307959141648,"method":"3d c++","id":1}
1256465,1256458,1,348010.899627,106,106,{"topic":"pupil.1","circle_3d":{"center":[-6.255097774831622,1.6056527433486334,72.67451725799015],"normal":[-0.2436793436962019,0.6747920360923751,-0.6966176034827823],"radius":2.2429639178010308},"confidence":0.9985940833853537,"timestamp":348010.899627,"diameter_3d":4.4859278356020615,"ellipse":{"center":[106.71070516861735,133.42709849274956],"axes":[25.237011444397496,38.37362059665418],"angle":-66.63574307006931},"norm_pos":[0.33347095365192925,0.44405375628021015],"diameter":38.37362059665418,"sphere":{"center":[-3.3309456504771995,-6.4918516897598675,81.03392849978353],"radius":12.0},"projected_sphere":{"center":[134.51454789950878,70.33008861637666],"axes":[183.62678788354376,183.62678788354376],"angle":90.0},"model_confidence":0.8915459010045423,"model_id":153,"model_birth_timestamp":347871.839121,"theta":2.311479201798635,"phi":-1.90729616654091,"method":"3d c++","id":1}
1256470,1256469,1,348010.908027,106,106,{"topic":"pupil.1","circle_3d":{"center":[-6.238643141883948,1.6225484282992664,72.6851677520732],"normal":[-0.24230812428389573,0.6762000098382612,-0.6957300623091943],"radius":2.2289371316156603},"confidence":0.998513919753341,"timestamp":348010.908027,"diameter_3d":4.457874263231321,"ellipse":{"center":[106.85726270533921,133.5725323691166],"axes":[25.041595033541732,38.12753410541074],"angle":-66.79304012531139},"norm_pos":[0.33392894595418504,0.4434477817953475],"diameter":38.12753410541074,"sphere":{"center":[-3.3309456504771995,-6.4918516897598675,81.03392849978353],"radius":12.0},"projected_sphere":{"center":[134.51454789950878,70.33008861637666],"axes":[183.62678788354376,183.62678788354376],"angle":90.0},"model_confidence":0.8913673035359726,"model_id":153,"model_birth_timestamp":347871.839121,"theta":2.3133886728396407,"phi":-1.9059370802815443,"method":"3d c++","id":1}
1256478,1256474,1,348010.916427,106,106,{"topic":"pupil.1","circle_3d":{"center":[-6.225110929752523,1.6181950020456028,72.67624042275096],"normal":[-0.2411804399396103,0.6758372243171226,-0.6964740064193805],"radius":2.2362858188840673},"confidence":0.9986804226607874,"timestamp":348010.916427,"diameter_3d":4.472571637768135,"ellipse":{"center":[106.96641591940525,133.53508055068573],"axes":[25.162834959240897,38.25779196809715],"angle":-66.86286832404139},"norm_pos":[0.3342700497481414,0.4436038310388094],"diameter":38.25779196809715,"sphere":{"center":[-3.3309456504771995,-6.4918516897598675,81.03392849978353],"radius":12.0},"projected_sphere":{"center":[134.51454789950878,70.33008861637666],"axes":[183.62678788354376,183.62678788354376],"angle":90.0},"model_confidence":0.8912526155713918,"model_id":153,"model_birth_timestamp":347871.839121,"theta":2.312896349398179,"phi":-1.9041602288162796,"method":"3d c++","id":1}
1256490,1256485,1,348010.924827,107,106,{"topic":"pupil.1","circle_3d":{"center":[-6.214185808693358,1.624897908432036,72.67897175840531],"normal":[-0.24027001318467994,0.6763957998493253,-0.6962463951148511],"radius":2.2540607504364205},"confidence":0.9991306239936483,"timestamp":348010.924827,"diameter_3d":4.508121500872841,"ellipse":{"center":[107.06238644032852,133.58734773163138],"axes":[25.35507403754139,38.560342824991146],"angle":-66.95250443230341},"norm_pos":[0.33456995762602665,0.4433860511182026],"diameter":38.560342824991146,"sphere":{"center":[-3.3309456504771995,-6.4918516897598675,81.03392849978353],"radius":12.0},"projected_sphere":{"center":[134.51454789950878,70.33008861637666],"axes":[183.62678788354376,183.62678788354376],"angle":90.0},"model_confidence":0.8913263469279786,"model_id":153,"model_birth_timestamp":347871.839121,"theta":2.3136544650073656,"phi":-1.9030933117221014,"method":"3d c++","id":1}
1256499,1256498,1,348010.933227,107,106,{"topic":"pupil.1","circle_3d":{"center":[-6.188207945143551,1.6267757367669233,72.67187487111521],"normal":[-0.23810519122219595,0.6765522855438992,-0.6968378023890263],"radius":2.2235123800453342},"confidence":0.9987537755218451,"timestamp":348010.933227,"diameter_3d":4.4470247600906685,"ellipse":{"center":[107.27622488322983,133.61175532165828],"axes":[25.04553999377378,38.04074094389492],"angle":-67.12042710688937},"norm_pos":[0.3352382027600932,0.44328435282642387],"diameter":38.04074094389492,"sphere":{"center":[-3.3309456504771995,-6.4918516897598675,81.03392849978353],"radius":12.0},"projected_sphere":{"center":[134.51454789950878,70.33008861637666],"axes":[183.62678788354376,183.62678788354376],"angle":90.0},"model_confidence":0.8914251485316327,"model_id":153,"model_birth_timestamp":347871.839121,"theta":2.313866946771052,"phi":-1.9000523795584825,"method":"3d c++","id":1}
1256508,1256505,1,348010.941627,107,106,{"topic":"pupil.1","circle_3d":{"center":[-6.189321137746171,1.63641593894536,72.68162612678944],"normal":[-0.23819795727241438,0.6773556357254357,-0.6960251977495068],"radius":2.2205840709262703},"confidence":0.998524796584374,"timestamp":348010.941627,"diameter_3d":4.441168141852541,"ellipse":{"center":[107.27347483284198,133.69295012621882],"axes":[24.97417394216187,37.9854746277062],"angle":-67.14456281449506},"norm_pos":[0.3352296088526312,0.442946041140755],"diameter":37.9854746277062,"sphere":{"center":[-3.3309456504771995,-6.4918516897598675,81.03392849978353],"radius":12.0},"projected_sphere":{"center":[134.51454789950878,70.33008861637666],"axes":[183.62678788354376,183.62678788354376],"angle":90.0},"model_confidence":0.8913973423345989,"model_id":153,"model_birth_timestamp":347871.839121,"theta":2.3149584177486107,"phi":-1.9005288658176789,"method":"3d c++","id":1}
1256515,1256515,1,348010.950027,107,106,{"topic":"pupil.1","circle_3d":{"center":[-6.196280446176727,1.6247804735837423,72.6727001908848],"normal":[-0.23877789964162727,0.6763860136119675,-0.6967690257415611],"radius":2.2358221002492815},"confidence":0.9988267228809657,"timestamp":348010.950027,"diameter_3d":4.471644200498563,"ellipse":{"center":[107.20896833570578,133.59170283302316],"axes":[25.17899894069928,38.251165412467834],"angle":-67.0636328137395},"norm_pos":[0.33502802604908055,0.4433679048624035],"diameter":38.251165412467834,"sphere":{"center":[-3.3309456504771995,-6.4918516897598675,81.03392849978353],"radius":12.0},"projected_sphere":{"center":[134.51454789950878,70.33008861637666],"axes":[183.62678788354376,183.62678788354376],"angle":90.0},"model_confidence":0.8914389739115514,"model_id":153,"model_birth_timestamp":347871.839121,"theta":2.3136411782887234,"phi":-1.9009468379209435,"method":"3d c++","id":1}
1256524,1256521,1,348010.958427,107,106,{"topic":"pupil.1","circle_3d":{"center":[-6.193018520381759,1.6281463349531133,72.67485133983259],"normal":[-0.23850607249204664,0.676666502059415,-0.6965897633292455],"radius":2.2179265088580338},"confidence":0.998674150508056,"timestamp":348010.958427,"diameter_3d":4.4358530177160675,"ellipse":{"center":[107.23707719261557,133.62430302304372],"axes":[24.9697214056176,37.943650023746855],"angle":-67.09487635944765},"norm_pos":[0.3351158662269237,0.44323207073731785],"diameter":37.943650023746855,"sphere":{"center":[-3.3309456504771995,-6.4918516897598675,81.03392849978353],"radius":12.0},"projected_sphere":{"center":[134.51454789950878,70.33008861637666],"axes":[183.62678788354376,183.62678788354376],"angle":90.0},"model_confidence":0.891230176220692,"model_id":153,"model_birth_timestamp":347871.839121,"theta":2.314022060150701,"phi":-1.900676519742796,"method":"3d c++","id":1}
1256530,1256526,1,348010.966826,107,106,{"topic":"pupil.1","circle_3d":{"center":[-6.205194346088186,1.6331400113363106,72.68388632666267],"normal":[-0.23952072463424892,0.6770826417580148,-0.695836847760071],"radius":2.2227577762476587},"confidence":0.9986130200522678,"timestamp":348010.966826,"diameter_3d":4.445515552495317,"ellipse":{"center":[107.14028109157549,133.6642407836037],"axes":[24.985735845866532,38.02179407352864],"angle":-67.03518431647322},"norm_pos":[0.3348133784111734,0.4430656634016512],"diameter":38.02179407352864,"sphere":{"center":[-3.3309456504771995,-6.4918516897598675,81.03392849978353],"radius":12.0},"projected_sphere":{"center":[134.51454789950878,70.33008861637666],"axes":[183.62678788354376,183.62678788354376],"angle":90.0},"model_confidence":0.8910607301836015,"model_id":153,"model_birth_timestamp":347871.839121,"theta":2.3145873918153006,"phi":-1.9023123725506468,"method":"3d c++","id":1}
1256538,1256538,1,348010.975226,107,106,{"topic":"pupil.1","circle_3d":{"center":[-6.197389404711801,1.6361187836472553,72.68410238259813],"normal":[-0.23887031285288352,0.6773308727839269,-0.6958188430987835],"radius":2.221397589307281},"confidence":0.9983315540864343,"timestamp":348010.975226,"diameter_3d":4.442795178614562,"ellipse":{"center":[107.20669378818053,133.68985593833582],"axes":[24.971593605104356,37.9982460786641],"angle":-67.09336531761798},"norm_pos":[0.33502091808806417,0.4429589335902674],"diameter":37.9982460786641,"sphere":{"center":[-3.3309456504771995,-6.4918516897598675,81.03392849978353],"radius":12.0},"projected_sphere":{"center":[134.51454789950878,70.33008861637666],"axes":[183.62678788354376,183.62678788354376],"angle":90.0},"model_confidence":0.8908211987376125,"model_id":153,"model_birth_timestamp":347871.839121,"theta":2.314924757223711,"phi":-1.9014843793383276,"method":"3d c++","id":1}
1256548,1256543,1,348010.983626,107,106,{"topic":"pupil.1","circle_3d":{"center":[-6.191010334362404,1.6412373585186621,72.68689953513002],"normal":[-0.23833872365710038,0.6777574206898774,-0.6955857470544583],"radius":2.2163290321841607},"confidence":0.9986614686089982,"timestamp":348010.983626,"diameter_3d":4.432658064368321,"ellipse":{"center":[107.2625773269855,133.73415876797196],"axes":[24.905300520345378,37.90989846525625],"angle":-67.14957313513946},"norm_pos":[0.33519555414682967,0.4427743384667835],"diameter":37.90989846525625,"sphere":{"center":[-3.3309456504771995,-6.4918516897598675,81.03392849978353],"radius":12.0},"projected_sphere":{"center":[134.51454789950878,70.33008861637666],"axes":[183.62678788354376,183.62678788354376],"angle":90.0},"model_confidence":0.8910135531782881,"model_id":153,"model_birth_timestamp":347871.839121,"theta":2.315504714129913,"phi":-1.900903513309887,"method":"3d c++","id":1}
1256556,1256553,1,348010.992026,107,106,{"topic":"pupil.1","circle_3d":{"center":[-6.178752819565828,1.6655013451685452,72.70640871348272],"normal":[-0.23731726409071907,0.6797794195773678,-0.6939599821917348],"radius":2.217093187550353},"confidence":0.9986250009235317,"timestamp":348010.992026,"diameter_3d":4.434186375100706,"ellipse":{"center":[107.38059719708727,133.93722473043618],"axes":[24.841041021782555,37.91242130459834],"angle":-67.3036344839953},"norm_pos":[0.3355643662408977,0.4419282302898492],"diameter":37.91242130459834,"sphere":{"center":[-3.3309456504771995,-6.4918516897598675,81.03392849978353],"radius":12.0},"projected_sphere":{"center":[134.51454789950878,70.33008861637666],"axes":[183.62678788354376,183.62678788354376],"angle":90.0},"model_confidence":0.8912702327924071,"model_id":153,"model_birth_timestamp":347871.839121,"theta":2.3182581621917873,"phi":-1.9003045005421382,"method":"3d c++","id":1}
1256564,1256561,1,348011.000426,107,105,{"topic":"pupil.1","circle_3d":{"center":[-6.157531818290389,1.68688702637367,72.72016619567924],"normal":[-0.23554884731776582,0.6815615596777949,-0.692813525342024],"radius":2.2046123047770534},"confidence":0.9986186923681057,"timestamp":348011.000426,"diameter_3d":4.409224609554107,"ellipse":{"center":[107.56984497766175,134.11979394285024],"axes":[24.653180332026032,37.69125111547258],"angle":-67.50371268561119},"norm_pos":[0.33615576555519294,0.44116752523812397],"diameter":37.69125111547258,"sphere":{"center":[-3.3309456504771995,-6.4918516897598675,81.03392849978353],"radius":12.0},"projected_sphere":{"center":[134.51454789950878,70.33008861637666],"axes":[183.62678788354376,183.62678788354376],"angle":90.0},"model_confidence":0.8914325010364377,"model_id":153,"model_birth_timestamp":347871.839121,"theta":2.3206908221805316,"phi":-1.8985248047267214,"method":"3d c++","id":1}
1256574,1256570,1,348011.008826,107,105,{"topic":"pupil.1","circle_3d":{"center":[-6.153174312148545,1.7132086119355776,72.74465767378308],"normal":[-0.23518572180594546,0.683755025141287,-0.6907725688333709],"radius":2.204337639868333},"confidence":0.9979641138996957,"timestamp":348011.008826,"diameter_3d":4.408675279736666,"ellipse":{"center":[107.62406969597183,134.33960308343322],"axes":[24.556457682466093,37.673614457023135],"angle":-67.61393471673787},"norm_pos":[0.336325217799912,0.4402516538190283],"diameter":37.673614457023135,"sphere":{"center":[-3.3309456504771995,-6.4918516897598675,81.03392849978353],"radius":12.0},"projected_sphere":{"center":[134.51454789950878,70.33008861637666],"axes":[183.62678788354376,183.62678788354376],"angle":90.0},"model_confidence":0.8911112874763427,"model_id":153,"model_birth_timestamp":347871.839121,"theta":2.3236925398969026,"phi":-1.8989539764511614,"method":"3d c++","id":1}
1256583,1256583,1,348011.017226,107,105,{"topic":"pupil.1","circle_3d":{"center":[-6.137740315558,1.7251770089776155,72.75127535769201],"normal":[-0.23389955542340005,0.6847523915614568,-0.6902210951742934],"radius":2.207774591600693},"confidence":0.9982651775774871,"timestamp":348011.017226,"diameter_3d":4.415549183201386,"ellipse":{"center":[107.76001727290142,134.43938234110908],"axes":[24.573040243701897,37.728603644664986],"angle":-67.74737164492544},"norm_pos":[0.33675005397781693,0.43983590691204555],"diameter":37.728603644664986,"sphere":{"center":[-3.3309456504771995,-6.4918516897598675,81.03392849978353],"radius":12.0},"projected_sphere":{"center":[134.51454789950878,70.33008861637666],"axes":[183.62678788354376,183.62678788354376],"angle":90.0},"model_confidence":0.891061689966488,"model_id":153,"model_birth_timestamp":347871.839121,"theta":2.325060211972813,"phi":-1.8975272080442434,"method":"3d c++","id":1}
1256592,1256586,1,348011.025626,107,105,{"topic":"pupil.1","circle_3d":{"center":[-6.153717560276583,1.735114804260668,72.76658424352378],"normal":[-0.23523099248328194,0.685580541168378,-0.688945354688312],"radius":2.220036366383357},"confidence":0.9847337428141858,"timestamp":348011.025626,"diameter_3d":4.440072732766714,"ellipse":{"center":[107.63581792444985,134.51838380157048],"axes":[24.64601102470109,37.930479046127786],"angle":-67.67935535328155},"norm_pos":[0.33636193101390577,0.439506734160123],"diameter":37.930479046127786,"sphere":{"center":[-3.3309456504771995,-6.4918516897598675,81.03392849978353],"radius":12.0},"projected_sphere":{"center":[134.51454789950878,70.33008861637666],"axes":[183.62678788354376,183.62678788354376],"angle":90.0},"model_confidence":0.8910894514212786,"model_id":153,"model_birth_timestamp":347871.839121,"theta":2.326197176694614,"phi":-1.899821789739843,"method":"3d c++","id":1}
1256600,1256599,1,348011.034026,107,105,{"topic":"pupil.1","circle_3d":{"center":[-6.16171093016564,1.7335067146796241,72.76771733324374],"normal":[-0.23589710664070335,0.685446533703291,-0.6888509305449823],"radius":2.2172127829938293},"confidence":0.9726217819851821,"timestamp":348011.034026,"diameter_3d":4.434425565987659,"ellipse":{"center":[107.5685661924602,134.50522110538571],"axes":[24.60820828596255,37.88177260696834],"angle":-67.62480773586614},"norm_pos":[0.3361517693514381,0.4395615787275595],"diameter":37.88177260696834,"sphere":{"center":[-3.3309456504771995,-6.4918516897598675,81.03392849978353],"radius":12.0},"projected_sphere":{"center":[134.51454789950878,70.33008861637666],"axes":[183.62678788354376,183.62678788354376],"angle":90.0},"model_confidence":0.8911055510037347,"model_id":153,"model_birth_timestamp":347871.839121,"theta":2.3260131156450794,"phi":-1.9007294561549302,"method":"3d c++","id":1}
1256607,1256604,1,348011.042426,107,105,{"topic":"pupil.1","circle_3d":{"center":[-6.17303175217806,1.718522682683643,72.75671282935173],"normal":[-0.23684050847507168,0.6841978643702925,-0.6897679725359829],"radius":2.2008979106988362},"confidence":0.9983358331747696,"timestamp":348011.042426,"diameter_3d":4.4017958213976724,"ellipse":{"center":[107.46368078197699,134.38362717889714],"axes":[24.466572019385715,37.60887394933644],"angle":-67.50756543139437},"norm_pos":[0.3358240024436781,0.44006822008792856],"diameter":37.60887394933644,"sphere":{"center":[-3.3309456504771995,-6.4918516897598675,81.03392849978353],"radius":12.0},"projected_sphere":{"center":[134.51454789950878,70.33008861637666],"axes":[183.62678788354376,183.62678788354376],"angle":90.0},"model_confidence":0.8909574297448875,"model_id":153,"model_birth_timestamp":347871.839121,"theta":2.324299581389114,"phi":-1.9015458807468695,"method":"3d c++","id":1}
1256617,1256615,1,348011.050826,107,105,{"topic":"pupil.1","circle_3d":{"center":[-6.1778152945996645,1.720910013378857,72.76072607044385],"normal":[-0.23723913701020544,0.6843968085948937,-0.6894335357783066],"radius":2.2119863276709295},"confidence":0.9977039645763297,"timestamp":348011.050826,"diameter_3d":4.423972655341859,"ellipse":{"center":[107.42656714712427,134.40062301545706],"axes":[24.57318143145292,37.796427012157174],"angle":-67.48546457861562},"norm_pos":[0.3357080223347634,0.4399974041022623],"diameter":37.796427012157174,"sphere":{"center":[-3.3309456504771995,-6.4918516897598675,81.03392849978353],"radius":12.0},"projected_sphere":{"center":[134.51454789950878,70.33008861637666],"axes":[183.62678788354376,183.62678788354376],"angle":90.0},"model_confidence":0.8909832796084705,"model_id":153,"model_birth_timestamp":347871.839121,"theta":2.3245724055555597,"phi":-1.9022119418055738,"method":"3d c++","id":1}
1256623,1256620,1,348011.059225,107,105,{"topic":"pupil.1","circle_3d":{"center":[-6.1757335803530395,1.716461558285305,72.75559682872813],"normal":[-0.2370656608229867,0.6840261040037643,-0.6898609725879498],"radius":2.193931525145243},"confidence":0.9984804001370232,"timestamp":348011.059225,"diameter_3d":4.387863050290486,"ellipse":{"center":[107.43951990913521,134.3679500934261],"axes":[24.392670054896648,37.490410366234485],"angle":-67.48434269357054},"norm_pos":[0.33574849971604753,0.44013354127739135],"diameter":37.490410366234485,"sphere":{"center":[-3.3309456504771995,-6.4918516897598675,81.03392849978353],"radius":12.0},"projected_sphere":{"center":[134.51454789950878,70.33008861637666],"axes":[183.62678788354376,183.62678788354376],"angle":90.0},"model_confidence":0.8908595396029839,"model_id":153,"model_birth_timestamp":347871.839121,"theta":2.324064092238236,"phi":-1.901796405205489,"method":"3d c++","id":1}
1256633,1256632,1,348011.067625,107,105,{"topic":"pupil.1","circle_3d":{"center":[-6.171704518516377,1.728640403024988,72.7663049714582],"normal":[-0.23672990566993143,0.6850410077320712,-0.6889686273604436],"radius":2.2072489811712783},"confidence":0.9991391609024207,"timestamp":348011.067625,"diameter_3d":4.414497962342557,"ellipse":{"center":[107.4820999671756,134.4665008119702],"axes":[24.500460380632315,37.71239160822817],"angle":-67.54767122980888},"norm_pos":[0.3358815623974237,0.4397229132834575],"diameter":37.71239160822817,"sphere":{"center":[-3.3309456504771995,-6.4918516897598675,81.03392849978353],"radius":12.0},"projected_sphere":{"center":[134.51454789950878,70.33008861637666],"axes":[183.62678788354376,183.62678788354376],"angle":90.0},"model_confidence":0.8909552330507942,"model_id":153,"model_birth_timestamp":347871.839121,"theta":2.325456314446603,"phi":-1.901758619224244,"method":"3d c++","id":1}
1256638,1256632,1,348011.076025,107,105,{"topic":"pupil.1","circle_3d":{"center":[-6.13884885809451,1.7759258970778067,72.80231059373146],"normal":[-0.23399193396810924,0.6889814655698062,-0.6859681588376721],"radius":2.196185756104651},"confidence":0.9889248254972611,"timestamp":348011.076025,"diameter_3d":4.392371512209302,"ellipse":{"center":[107.78565874176533,134.86466969016823],"axes":[24.247225458427646,37.5038456919099],"angle":-67.89868933437862},"norm_pos":[0.33683018356801664,0.43806387629096577],"diameter":37.5038456919099,"sphere":{"center":[-3.3309456504771995,-6.4918516897598675,81.03392849978353],"radius":12.0},"projected_sphere":{"center":[134.51454789950878,70.33008861637666],"axes":[183.62678788354376,183.62678788354376],"angle":90.0},"model_confidence":0.8912043529580971,"model_id":153,"model_birth_timestamp":347871.839121,"theta":2.3308791356240737,"phi":-1.8995312207554902,"method":"3d c++","id":1}
1256647,1256643,1,348011.084425,108,104,{"topic":"pupil.1","circle_3d":{"center":[-6.108753523933352,1.8410367071989047,72.85794205275496],"normal":[-0.23148398945467932,0.6944073664132311,-0.6813322039190475],"radius":2.1952737681625707},"confidence":0.9986295930236775,"timestamp":348011.084425,"diameter_3d":4.390547536325141,"ellipse":{"center":[108.07979619547459,135.40787367207406],"axes":[24.030947294690872,37.45870690634339],"angle":-68.28448065899221},"norm_pos":[0.33774936311085807,0.43580052636635813],"diameter":37.45870690634339,"sphere":{"center":[-3.3309456504771995,-6.4918516897598675,81.03392849978353],"radius":12.0},"projected_sphere":{"center":[134.51454789950878,70.33008861637666],"axes":[183.62678788354376,183.62678788354376],"angle":90.0},"model_confidence":0.8912893602178507,"model_id":153,"model_birth_timestamp":347871.839121,"theta":2.338392319749495,"phi":-1.8983125287030675,"method":"3d c++","id":1}
1256660,1256655,1,348011.092825,108,104,{"topic":"pupil.1","circle_3d":{"center":[-6.078870165981439,1.8823256256121024,72.89009247811657],"normal":[-0.22899370962535331,0.6978481096143309,-0.6786530018055799],"radius":2.1978309733391246},"confidence":0.9423510952090772,"timestamp":348011.092825,"diameter_3d":4.395661946678249,"ellipse":{"center":[108.35566473782438,135.75174279293637],"axes":[23.94286794709936,37.48504981174392],"angle":-68.59335204902081},"norm_pos":[0.3386114523057012,0.4343677383627651],"diameter":37.48504981174392,"sphere":{"center":[-3.3309456504771995,-6.4918516897598675,81.03392849978353],"radius":12.0},"projected_sphere":{"center":[134.51454789950878,70.33008861637666],"axes":[183.62678788354376,183.62678788354376],"angle":90.0},"model_confidence":0.8915603742529976,"model_id":153,"model_birth_timestamp":347871.839121,"theta":2.3431850064598185,"phi":-1.8962238186761087,"method":"3d c++","id":1}
1256668,1256661,1,348011.101225,108,104,{"topic":"pupil.1","circle_3d":{"center":[-6.066020148956499,1.8935662743624686,72.8973362736275],"normal":[-0.22792287487327495,0.698784830343528,-0.6780493521796687],"radius":2.173831411964397},"confidence":0.9982221099562824,"timestamp":348011.101225,"diameter_3d":4.347662823928794,"ellipse":{"center":[108.46826890850555,135.85137724674274],"axes":[23.656785759936998,37.071555482170865],"angle":-68.70620171412128},"norm_pos":[0.3389633403390798,0.4339525948052386],"diameter":37.071555482170865,"sphere":{"center":[-3.3309456504771995,-6.4918516897598675,81.03392849978353],"radius":12.0},"projected_sphere":{"center":[134.51454789950878,70.33008861637666],"axes":[183.62678788354376,183.62678788354376],"angle":90.0},"model_confidence":0.89151822304252,"model_id":153,"model_birth_timestamp":347871.839121,"theta":2.34449366137089,"phi":-1.8950752105087194,"method":"3d c++","id":1}
1256675,1256672,1,348011.109625,108,104,{"topic":"pupil.1","circle_3d":{"center":[-6.110199768420882,1.8615415239001365,72.87938569433624],"normal":[-0.23160450982864025,0.6961161011383337,-0.6795452337872737],"radius":2.196557573668933},"confidence":0.9988387722996303,"timestamp":348011.109625,"diameter_3d":4.393115147337866,"ellipse":{"center":[108.082524797199,135.57771433803686],"axes":[23.962355017216616,37.469490869353024],"angle":-68.33785607617173},"norm_pos":[0.3377578899912469,0.43509285692484645],"diameter":37.469490869353024,"sphere":{"center":[-3.3309456504771995,-6.4918516897598675,81.03392849978353],"radius":12.0},"projected_sphere":{"center":[134.51454789950878,70.33008861637666],"axes":[183.62678788354376,183.62678788354376],"angle":90.0},"model_confidence":0.8916954218296524,"model_id":153,"model_birth_timestamp":347871.839121,"theta":2.3407696699384064,"phi":-1.8992721895658886,"method":"3d c++","id":1}
1256683,1256683,1,348011.118025,107,105,{"topic":"pupil.1","circle_3d":{"center":[-6.1634137109573786,1.7736869979985066,72.80848049450569],"normal":[-0.23603900504001496,0.6887948906465312,-0.6854540004398201],"radius":2.1869118769390847},"confidence":0.9981776289897697,"timestamp":348011.118025,"diameter_3d":4.3738237538781695,"ellipse":{"center":[107.5809314580339,134.8468238468865],"axes":[24.115013071765844,37.34267030319985],"angle":-67.74008032224944},"norm_pos":[0.3361904108063559,0.43813823397130625],"diameter":37.34267030319985,"sphere":{"center":[-3.3309456504771995,-6.4918516897598675,81.03392849978353],"radius":12.0},"projected_sphere":{"center":[134.51454789950878,70.33008861637666],"axes":[183.62678788354376,183.62678788354376],"angle":90.0},"model_confidence":0.8916522389478265,"model_id":153,"model_birth_timestamp":347871.839121,"theta":2.3306217439045525,"phi":-1.902432706721408,"method":"3d c++","id":1}
1256692,1256689,1,348011.126425,107,105,{"topic":"pupil.1","circle_3d":{"center":[-6.222883820584578,1.683366839580275,72.73920152309469],"normal":[-0.2409948475089482,0.6812682107783452,-0.6912272480574032],"radius":2.1994815273950077},"confidence":0.9989867466780606,"timestamp":348011.126425,"diameter_3d":4.398963054790015,"ellipse":{"center":[107.02775578098426,134.0881228555861],"axes":[24.505748303909193,37.59479998300282],"angle":-67.08730307329665},"norm_pos":[0.33446173681557584,0.4412994881017246],"diameter":37.59479998300282,"sphere":{"center":[-3.3309456504771995,-6.4918516897598675,81.03392849978353],"radius":12.0},"projected_sphere":{"center":[134.51454789950878,70.33008861637666],"axes":[183.62678788354376,183.62678788354376],"angle":90.0},"model_confidence":0.8917569537830627,"model_id":153,"model_birth_timestamp":347871.839121,"theta":2.3202900161110023,"phi":-1.9062659908804425,"method":"3d c++","id":1}
1256699,1256694,1,348011.134825,106,106,{"topic":"pupil.1","circle_3d":{"center":[-6.270411367352059,1.5739256250388909,72.64925333568831],"normal":[-0.24495547640623833,0.6721481095665631,-0.6987229303412678],"radius":2.199930723768898},"confidence":0.9985361915324296,"timestamp":348011.134825,"diameter_3d":4.399861447537796,"ellipse":{"center":[106.55956323771161,133.1713029398001],"axes":[24.84612461664288,37.65060888838943],"angle":-66.4363654256017},"norm_pos":[0.3329986351178488,0.4451195710841662],"diameter":37.65060888838943,"sphere":{"center":[-3.3309456504771995,-6.4918516897598675,81.03392849978353],"radius":12.0},"projected_sphere":{"center":[134.51454789950878,70.33008861637666],"axes":[183.62678788354376,183.62678788354376],"angle":90.0},"model_confidence":0.8917066424024234,"model_id":153,"model_birth_timestamp":347871.839121,"theta":2.307902524821808,"phi":-1.9079841769448418,"method":"3d c++","id":1}
1256705,1256700,1,348011.143225,106,107,{"topic":"pupil.1","circle_3d":{"center":[-6.285296790430563,1.503524154872519,72.58728570841812],"normal":[-0.246195928329447,0.6662813203860322,-0.7038868992804507],"radius":2.2232338258778883},"confidence":0.999537038140773,"timestamp":348011.143225,"diameter_3d":4.446467651755777,"ellipse":{"center":[106.38992724449095,132.57544159230807],"axes":[25.348183136991267,38.082864285569386],"angle":-66.10879550318899},"norm_pos":[0.3324685226390342,0.44760232669871636],"diameter":38.082864285569386,"sphere":{"center":[-3.3309456504771995,-6.4918516897598675,81.03392849978353],"radius":12.0},"projected_sphere":{"center":[134.51454789950878,70.33008861637666],"axes":[183.62678788354376,183.62678788354376],"angle":90.0},"model_confidence":0.8919401777240044,"model_id":153,"model_birth_timestamp":347871.839121,"theta":2.3000071061901464,"phi":-1.9072629501476661,"method":"3d c++","id":1}
1256715,1256710,1,348011.151624,106,107,{"topic":"pupil.1","circle_3d":{"center":[-6.3030096721289866,1.474197756479228,72.56581822232039],"normal":[-0.24767200180431553,0.663837453853258,-0.7056758564552613],"radius":2.1918261441144726},"confidence":0.9988111042465093,"timestamp":348011.151624,"diameter_3d":4.383652288228945,"ellipse":{"center":[106.22151902322311,132.33617179738485],"axes":[25.068091926427627,37.55623725014006],"angle":-65.89924853526736},"norm_pos":[0.33194224694757224,0.4485992841775631],"diameter":37.55623725014006,"sphere":{"center":[-3.3309456504771995,-6.4918516897598675,81.03392849978353],"radius":12.0},"projected_sphere":{"center":[134.51454789950878,70.33008861637666],"axes":[183.62678788354376,183.62678788354376],"angle":90.0},"model_confidence":0.8919292825596892,"model_id":153,"model_birth_timestamp":347871.839121,"theta":2.2967346083424163,"phi":-1.9083362213488804,"method":"3d c++","id":1}
1256724,1256722,1,348011.160024,106,107,{"topic":"pupil.1","circle_3d":{"center":[-6.317461268388301,1.4765574764782654,72.57312594781571],"normal":[-0.24887630149259177,0.6640340971865111,-0.7050668793306517],"radius":2.2026756245918357},"confidence":0.9991650883668882,"timestamp":348011.160024,"diameter_3d":4.4053512491836715,"ellipse":{"center":[106.10450380545038,132.35271103970206],"axes":[25.160136090199348,37.73865845146363],"angle":-65.8171333947179},"norm_pos":[0.3315765743920324,0.44853037066790813],"diameter":37.73865845146363,"sphere":{"center":[-3.3309456504771995,-6.4918516897598675,81.03392849978353],"radius":12.0},"projected_sphere":{"center":[134.51454789950878,70.33008861637666],"axes":[183.62678788354376,183.62678788354376],"angle":90.0},"model_confidence":0.89201379758721,"model_id":153,"model_birth_timestamp":347871.839121,"theta":2.2969975744697053,"phi":-1.9101257269799659,"method":"3d c++","id":1}
1256737,1256734,1,348011.168424,106,107,{"topic":"pupil.1","circle_3d":{"center":[-6.309832935397721,1.5201321342930445,72.61167549082842],"normal":[-0.24824060707671014,0.667665318671076,-0.7018544174129254],"radius":2.2073392904638562},"confidence":0.9992615773634484,"timestamp":348011.168424,"diameter_3d":4.4146785809277125,"ellipse":{"center":[106.19763558350397,132.71723360500818],"axes":[25.06557155877266,37.79807565205595],"angle":-66.01203546026179},"norm_pos":[0.3318676111984499,0.44701152664579924],"diameter":37.79807565205595,"sphere":{"center":[-3.3309456504771995,-6.4918516897598675,81.03392849978353],"radius":12.0},"projected_sphere":{"center":[134.51454789950878,70.33008861637666],"axes":[183.62678788354376,183.62678788354376],"angle":90.0},"model_confidence":0.8920397929719104,"model_id":153,"model_birth_timestamp":347871.839121,"theta":2.3018646194636765,"phi":-1.9107568374841768,"method":"3d c++","id":1}
1256744,1256738,1,348011.176824,106,106,{"topic":"pupil.1","circle_3d":{"center":[-6.300550490556026,1.5797726855780994,72.66551604357474],"normal":[-0.2474670700065689,0.6726353646114972,-0.6973677046840655],"radius":2.20504659214822},"confidence":0.9988576243613737,"timestamp":348011.176824,"diameter_3d":4.41009318429644,"ellipse":{"center":[106.31529072431803,133.2174589879794],"axes":[24.83311167427414,37.73023781041506],"angle":-66.26900559025174},"norm_pos":[0.33223528351349385,0.4449272542167525],"diameter":37.73023781041506,"sphere":{"center":[-3.3309456504771995,-6.4918516897598675,81.03392849978353],"radius":12.0},"projected_sphere":{"center":[134.51454789950878,70.33008861637666],"axes":[183.62678788354376,183.62678788354376],"angle":90.0},"model_confidence":0.8921260245770335,"model_id":153,"model_birth_timestamp":347871.839121,"theta":2.3085608037322,"phi":-1.9117931278303424,"method":"3d c++","id":1}
1256751,1256745,1,348011.185224,106,106,{"topic":"pupil.1","circle_3d":{"center":[-6.282104373419161,1.6420587648202432,72.71947344194143],"normal":[-0.24592989357849682,0.6778258712150091,-0.6928712548201743],"radius":2.2101300053995203},"confidence":0.9988644879856273,"timestamp":348011.185224,"diameter_3d":4.420260010799041,"ellipse":{"center":[106.5112142078519,133.73768453889414],"axes":[24.68579263848818,37.788449135160036],"angle":-66.58809098583157},"norm_pos":[0.33284754439953723,0.44275964775460774],"diameter":37.788449135160036,"sphere":{"center":[-3.3309456504771995,-6.4918516897598675,81.03392849978353],"radius":12.0},"projected_sphere":{"center":[134.51454789950878,70.33008861637666],"axes":[183.62678788354376,183.62678788354376],"angle":90.0},"model_confidence":0.8921137809907997,"model_id":153,"model_birth_timestamp":347871.839121,"theta":2.3155978119201692,"phi":-1.9118680224289228,"method":"3d c++","id":1}
1256758,1256754,1,348011.193624,106,105,{"topic":"pupil.1","circle_3d":{"center":[-6.246214720990902,1.7018347286068174,72.76563308150175],"normal":[-0.24293908920947518,0.6828072015305571,-0.6890246181901485],"radius":2.2128490600644315},"confidence":0.9990507708849403,"timestamp":348011.193624,"diameter_3d":4.425698120128863,"ellipse":{"center":[106.84925182993119,134.23764993411208],"axes":[24.546329147381723,37.80993457433877],"angle":-67.00269584506626},"norm_pos":[0.33390391196853497,0.4406764586078663],"diameter":37.80993457433877,"sphere":{"center":[-3.3309456504771995,-6.4918516897598675,81.03392849978353],"radius":12.0},"projected_sphere":{"center":[134.51454789950878,70.33008861637666],"axes":[183.62678788354376,183.62678788354376],"angle":90.0},"model_confidence":0.8922594757237556,"model_id":153,"model_birth_timestamp":347871.839121,"theta":2.322394427410931,"phi":-1.9097713362385427,"method":"3d c++","id":1}
1256769,1256767,1,348011.202024,106,105,{"topic":"pupil.1","circle_3d":{"center":[-6.233706972131149,1.7505001496407289,72.8097195490674],"normal":[-0.2418967768044958,0.686862653283383,-0.6853507458930114],"radius":2.1931297306912336},"confidence":0.9989823709984934,"timestamp":348011.202024,"diameter_3d":4.386259461382467,"ellipse":{"center":[106.98557492367088,134.64835946783813],"axes":[24.16125499130439,37.449608375010406],"angle":-67.23486336200631},"norm_pos":[0.3343299216364715,0.43896516888400783],"diameter":37.449608375010406,"sphere":{"center":[-3.3309456504771995,-6.4918516897598675,81.03392849978353],"radius":12.0},"projected_sphere":{"center":[134.51454789950878,70.33008861637666],"axes":[183.62678788354376,183.62678788354376],"angle":90.0},"model_confidence":0.892194821596537,"model_id":153,"model_birth_timestamp":347871.839121,"theta":2.3279597912923258,"phi":-1.9100996821000007,"method":"3d c++","id":1}
1256775,1256770,1,348011.210424,107,105,{"topic":"pupil.1","circle_3d":{"center":[-6.224709857873492,1.7768268450162399,72.83300879523057],"normal":[-0.24114701728302435,0.6890565445646756,-0.6834099753794131],"radius":2.218516483741368},"confidence":0.9967476235751674,"timestamp":348011.210424,"diameter_3d":4.437032967482736,"ellipse":{"center":[107.08002211748277,134.86191511778674],"axes":[24.353133023741446,37.87088006589275],"angle":-67.37315722879117},"norm_pos":[0.33462506911713363,0.43807535367588857],"diameter":37.87088006589275,"sphere":{"center":[-3.3309456504771995,-6.4918516897598675,81.03392849978353],"radius":12.0},"projected_sphere":{"center":[134.51454789950878,70.33008861637666],"axes":[183.62678788354376,183.62678788354376],"angle":90.0},"model_confidence":0.8926396823902616,"model_id":153,"model_birth_timestamp":347871.839121,"theta":2.330982729541906,"phi":-1.9100154189092713,"method":"3d c++","id":1}
1256783,1256776,1,348011.218824,107,105,{"topic":"pupil.1","circle_3d":{"center":[-6.215667268558036,1.7915107942436297,72.84464970707043],"normal":[-0.2403934681734031,0.6902802070002914,-0.6824398993927583],"radius":2.2054742494086237},"confidence":0.9964789315452189,"timestamp":348011.218824,"diameter_3d":4.410948498817247,"ellipse":{"center":[107.1641792391548,134.98763464458807],"axes":[24.167229411697022,37.641866941687304],"angle":-67.4747072806903},"norm_pos":[0.3348880601223588,0.43755152231421635],"diameter":37.641866941687304,"sphere":{"center":[-3.3309456504771995,-6.4918516897598675,81.03392849978353],"radius":12.0},"projected_sphere":{"center":[134.51454789950878,70.33008861637666],"axes":[183.62678788354376,183.62678788354376],"angle":90.0},"model_confidence":0.8927716783215356,"model_id":153,"model_birth_timestamp":347871.839121,"theta":2.3326725791887855,"phi":-1.9094794246515676,"method":"3d c++","id":1}
1256791,1256789,1,348011.227224,107,105,{"topic":"pupil.1","circle_3d":{"center":[-6.212427027617281,1.7554569263686073,72.80720584349275],"normal":[-0.2401234480950068,0.6872757180107063,-0.6855602213575644],"radius":2.2026836699366417},"confidence":0.9991641620512387,"timestamp":348011.227224,"diameter_3d":4.405367339873283,"ellipse":{"center":[107.16499071548871,134.6885889834593],"axes":[24.28167986012736,37.6137320374326],"angle":-67.38115207099091},"norm_pos":[0.3348905959859022,0.43879754590225284],"diameter":37.6137320374326,"sphere":{"center":[-3.3309456504771995,-6.4918516897598675,81.03392849978353],"radius":12.0},"projected_sphere":{"center":[134.51454789950878,70.33008861637666],"axes":[183.62678788354376,183.62678788354376],"angle":90.0},"model_confidence":0.8929037515164939,"model_id":153,"model_birth_timestamp":347871.839121,"theta":2.3285282874331252,"phi":-1.9077016163305625,"method":"3d c++","id":1}
1256799,1256794,1,348011.235624,107,105,{"topic":"pupil.1","circle_3d":{"center":[-6.208089810704056,1.7202274817011585,72.77052743466945],"normal":[-0.23976201335223807,0.6843399309550855,-0.6886167554261731],"radius":2.195513455877459},"confidence":0.9988262408438443,"timestamp":348011.235624,"diameter_3d":4.391026911754918,"ellipse":{"center":[107.17538702742615,134.39716175432352],"axes":[24.344667951307454,37.510288023345396],"angle":-67.29631635026334},"norm_pos":[0.33492308446070673,0.44001182602365196],"diameter":37.510288023345396,"sphere":{"center":[-3.3309456504771995,-6.4918516897598675,81.03392849978353],"radius":12.0},"projected_sphere":{"center":[134.51454789950878,70.33008861637666],"axes":[183.62678788354376,183.62678788354376],"angle":90.0},"model_confidence":0.8929786001307005,"model_id":153,"model_birth_timestamp":347871.839121,"theta":2.3244943987005016,"phi":-1.905848109755763,"method":"3d c++","id":1}
1256807,1256805,1,348011.244023,106,106,{"topic":"pupil.1","circle_3d":{"center":[-6.22544077554388,1.661240429733006,72.71834151737342],"normal":[-0.24120792708889002,0.6794243432910728,-0.6929655818675089],"radius":2.2011790752588993},"confidence":0.9992601376181113,"timestamp":348011.244023,"diameter_3d":4.402358150517799,"ellipse":{"center":[106.99130739411102,133.90297048270156],"axes":[24.60458996112023,37.634816155046984],"angle":-67.00031591599597},"norm_pos":[0.3343478356065969,0.4420709563220768],"diameter":37.634816155046984,"sphere":{"center":[-3.3309456504771995,-6.4918516897598675,81.03392849978353],"radius":12.0},"projected_sphere":{"center":[134.51454789950878,70.33008861637666],"axes":[183.62678788354376,183.62678788354376],"angle":90.0},"model_confidence":0.8929040249772702,"model_id":153,"model_birth_timestamp":347871.839121,"theta":2.317774130799247,"phi":-1.9057602570794772,"method":"3d c++","id":1}
1256817,1256816,1,348011.252423,106,106,{"topic":"pupil.1","circle_3d":{"center":[-6.225616902789946,1.624451120031166,72.68249107615325],"normal":[-0.24122260435939563,0.676358567482586,-0.6959531186358565],"radius":2.1863957028580168},"confidence":0.9988381050640182,"timestamp":348011.252423,"diameter_3d":4.3727914057160335,"ellipse":{"center":[106.96335489401676,133.5992369768267],"axes":[24.576795460191306,37.40062815200297],"angle":-66.88019255682201},"norm_pos":[0.3342604840438024,0.4433365125965555],"diameter":37.40062815200297,"sphere":{"center":[-3.3309456504771995,-6.4918516897598675,81.03392849978353],"radius":12.0},"projected_sphere":{"center":[134.51454789950878,70.33008861637666],"axes":[183.62678788354376,183.62678788354376],"angle":90.0},"model_confidence":0.8928992728257867,"model_id":153,"model_birth_timestamp":347871.839121,"theta":2.313603915700279,"phi":-1.9044457267154937,"method":"3d c++","id":1}
1256826,1256822,1,348011.260823,106,106,{"topic":"pupil.1","circle_3d":{"center":[-6.235531654280255,1.5813463897791014,72.64424120435709],"normal":[-0.2420488336502546,0.6727665066282473,-0.6991406079522028],"radius":2.2125806251781124},"confidence":0.935231826858169,"timestamp":348011.260823,"diameter_3d":4.425161250356225,"ellipse":{"center":[106.85346197576152,133.23213103649437],"axes":[25.017661009671674,37.869163494518],"angle":-66.67768251129692},"norm_pos":[0.33391706867425475,0.4448661206812735],"diameter":37.869163494518,"sphere":{"center":[-3.3309456504771995,-6.4918516897598675,81.03392849978353],"radius":12.0},"projected_sphere":{"center":[134.51454789950878,70.33008861637666],"axes":[183.62678788354376,183.62678788354376],"angle":90.0},"model_confidence":0.8928857244196009,"model_id":153,"model_birth_timestamp":347871.839121,"theta":2.308738043155505,"phi":-1.9040899597317895,"method":"3d c++","id":1}
1256835,1256834,1,348011.269223,106,106,{"topic":"pupil.1","circle_3d":{"center":[-6.232910560609822,1.5733256528307589,72.63562426065752],"normal":[-0.2418304091777185,0.6720981118825522,-0.6998586865938334],"radius":2.21025996489053},"confidence":0.999389568138287,"timestamp":348011.269223,"diameter_3d":4.42051992978106,"ellipse":{"center":[106.8694564026763,133.1657080735531],"axes":[25.02558455313777,37.833923639090884],"angle":-66.66767481078784},"norm_pos":[0.33396705125836346,0.4451428830268621],"diameter":37.833923639090884,"sphere":{"center":[-3.3309456504771995,-6.4918516897598675,81.03392849978353],"radius":12.0},"projected_sphere":{"center":[134.51454789950878,70.33008861637666],"axes":[183.62678788354376,183.62678788354376],"angle":90.0},"model_confidence":0.8930376828447106,"model_id":153,"model_birth_timestamp":347871.839121,"theta":2.307835000479938,"phi":-1.9034939411541834,"method":"3d c++","id":1}
1256844,1256839,1,348011.277623,106,106,{"topic":"pupil.1","circle_3d":{"center":[-6.240472122468569,1.5719438533478964,72.63691372382077],"normal":[-0.24246053933261416,0.671982961925647,-0.6997512313302295],"radius":2.211287281175062},"confidence":0.9994232742999347,"timestamp":348011.277623,"diameter_3d":4.422574562350124,"ellipse":{"center":[106.80612387327537,133.15352312240748],"axes":[25.030256798115076,37.850986306375276],"angle":-66.61599596880237},"norm_pos":[0.33376913710398554,0.44519365365663555],"diameter":37.850986306375276,"sphere":{"center":[-3.3309456504771995,-6.4918516897598675,81.03392849978353],"radius":12.0},"projected_sphere":{"center":[134.51454789950878,70.33008861637666],"axes":[183.62678788354376,183.62678788354376],"angle":90.0},"model_confidence":0.8931661163007254,"model_id":153,"model_birth_timestamp":347871.839121,"theta":2.30767950051452,"phi":-1.9043455473712538,"method":"3d c++","id":1}
1256850,1256845,1,348011.286023,106,106,{"topic":"pupil.1","circle_3d":{"center":[-6.237221458724036,1.5838308817205604,72.64721806415464],"normal":[-0.24218965068723639,0.6729735476233689,-0.6988925363024073],"radius":2.213147622045136},"confidence":0.9994392593434598,"timestamp":348011.286023,"diameter_3d":4.426295244090272,"ellipse":{"center":[106.84125148920228,133.25269463611926],"axes":[25.012051742738397,37.87733244673213],"angle":-66.6753139376354},"norm_pos":[0.3338789109037571,0.4447804390161697],"diameter":37.87733244673213,"sphere":{"center":[-3.3309456504771995,-6.4918516897598675,81.03392849978353],"radius":12.0},"projected_sphere":{"center":[134.51454789950878,70.33008861637666],"axes":[183.62678788354376,183.62678788354376],"angle":90.0},"model_confidence":0.8931862835671711,"model_id":153,"model_birth_timestamp":347871.839121,"theta":2.3090179187844337,"phi":-1.9043795852275542,"method":"3d c++","id":1}
1256858,1256855,1,348011.294423,106,106,{"topic":"pupil.1","circle_3d":{"center":[-6.23479768074139,1.5998031275165676,72.6617862587333],"normal":[-0.24198766918868253,0.6743045681063695,-0.6976785200875194],"radius":2.208542945687838},"confidence":0.9994942930432154,"timestamp":348011.294423,"diameter_3d":4.417085891375676,"ellipse":{"center":[106.871958657406,133.38749579864214],"axes":[24.904001529441377,37.79075592828612],"angle":-66.74273870195603},"norm_pos":[0.33397487080439375,0.4442187675056578],"diameter":37.79075592828612,"sphere":{"center":[-3.3309456504771995,-6.4918516897598675,81.03392849978353],"radius":12.0},"projected_sphere":{"center":[134.51454789950878,70.33008861637666],"axes":[183.62678788354376,183.62678788354376],"angle":90.0},"model_confidence":0.8932455668192452,"model_id":153,"model_birth_timestamp":347871.839121,"theta":2.3108188824603393,"phi":-1.9046594391585288,"method":"3d c++","id":1}
1256864,1256861,1,348011.302823,106,106,{"topic":"pupil.1","circle_3d":{"center":[-6.274470362404124,1.607494645069389,72.68310511410692],"normal":[-0.24529372599391033,0.6749455279024381,-0.6959019488063843],"radius":2.227777737863461},"confidence":0.9989138455578007,"timestamp":348011.302823,"diameter_3d":4.455555475726922,"ellipse":{"center":[106.55116665955978,133.4451529173631],"axes":[25.02732010211026,38.1095027428293],"angle":-66.5218489578265},"norm_pos":[0.3329723958111243,0.44397852951098715],"diameter":38.1095027428293,"sphere":{"center":[-3.3309456504771995,-6.4918516897598675,81.03392849978353],"radius":12.0},"projected_sphere":{"center":[134.51454789950878,70.33008861637666],"axes":[183.62678788354376,183.62678788354376],"angle":90.0},"model_confidence":0.8932278699538609,"model_id":153,"model_birth_timestamp":347871.839121,"theta":2.311687202826419,"phi":-1.909681610640918,"method":"3d c++","id":1}
1256876,1256873,1,348011.311223,106,106,{"topic":"pupil.1","circle_3d":{"center":[-6.289055562289976,1.611857053774644,72.69249634759304],"normal":[-0.24650915931773132,0.6753090619612092,-0.6951193460158744],"radius":2.2234914393106084},"confidence":0.9991046629605932,"timestamp":348011.311223,"diameter_3d":4.446982878621217,"ellipse":{"center":[106.43364883462826,133.48187544552968],"axes":[24.938651320888077,38.031451810863324],"angle":-66.44608543541963},"norm_pos":[0.33260515260821333,0.44382551897695965],"diameter":38.031451810863324,"sphere":{"center":[-3.3309456504771995,-6.4918516897598675,81.03392849978353],"radius":12.0},"projected_sphere":{"center":[134.51454789950878,70.33008861637666],"axes":[183.62678788354376,183.62678788354376],"angle":90.0},"model_confidence":0.8931641738846752,"model_id":153,"model_birth_timestamp":347871.839121,"theta":2.312179995906584,"phi":-1.9115886021717288,"method":"3d c++","id":1}
1256887,1256885,1,348011.319623,106,106,{"topic":"pupil.1","circle_3d":{"center":[-6.3020934149108765,1.6162133306564233,72.70136811376756],"normal":[-0.2475956470361397,0.6756720850346909,-0.6943800321679972],"radius":2.2105103722487294},"confidence":0.9989126353691712,"timestamp":348011.319623,"diameter_3d":4.421020744497459,"ellipse":{"center":[106.3283605194397,133.52067974349433],"axes":[24.755109814553276,37.80489106503713],"angle":-66.38006796745242},"norm_pos":[0.33227612662324907,0.443663834402107],"diameter":37.80489106503713,"sphere":{"center":[-3.3309456504771995,-6.4918516897598675,81.03392849978353],"radius":12.0},"projected_sphere":{"center":[134.51454789950878,70.33008861637666],"axes":[183.62678788354376,183.62678788354376],"angle":90.0},"model_confidence":0.893050790644867,"model_id":153,"model_birth_timestamp":347871.839121,"theta":2.312672318301939,"phi":-1.9133128349413007,"method":"3d c++","id":1}
1256892,1256889,1,348011.328023,106,106,{"topic":"pupil.1","circle_3d":{"center":[-6.319091886274952,1.606662734326724,72.69815941730835],"normal":[-0.24901218631647942,0.6748762020072159,-0.6946474235395986],"radius":2.232233841595364},"confidence":0.999243272084612,"timestamp":348011.328023,"diameter_3d":4.464467683190728,"ellipse":{"center":[106.183025611664,133.4348002674154],"axes":[25.006739536010787,38.17864218657908],"angle":-66.24376125139554},"norm_pos":[0.33182195503644996,0.44402166555243583],"diameter":38.17864218657908,"sphere":{"center":[-3.3309456504771995,-6.4918516897598675,81.03392849978353],"radius":12.0},"projected_sphere":{"center":[134.51454789950878,70.33008861637666],"axes":[183.62678788354376,183.62678788354376],"angle":90.0},"model_confidence":0.8930089496758886,"model_id":153,"model_birth_timestamp":347871.839121,"theta":2.3115932524748484,"phi":-1.9149992405549203,"method":"3d c++","id":1}
1256900,1256897,1,348011.336422,105,106,{"topic":"pupil.1","circle_3d":{"center":[-6.341548405234299,1.6056976663809657,72.70530523552718],"normal":[-0.250883562896425,0.6747957796784028,-0.6940519386880294],"radius":2.212062863697321},"confidence":0.9989331030537842,"timestamp":348011.336422,"diameter_3d":4.424125727394642,"ellipse":{"center":[105.99599089141614,133.4303585842419],"axes":[24.74696638159702,37.830156557480436],"angle":-66.10257159475103},"norm_pos":[0.33123747153567545,0.44404017256565875],"diameter":37.830156557480436,"sphere":{"center":[-3.3309456504771995,-6.4918516897598675,81.03392849978353],"radius":12.0},"projected_sphere":{"center":[134.51454789950878,70.33008861637666],"axes":[183.62678788354376,183.62678788354376],"angle":90.0},"model_confidence":0.8929507400373016,"model_id":153,"model_birth_timestamp":347871.839121,"theta":2.3114842743656707,"phi":-1.9176585156834516,"method":"3d c++","id":1}
1256914,1256913,1,348011.344822,105,106,{"topic":"pupil.1","circle_3d":{"center":[-6.345143194385455,1.610635055563204,72.71140954767766],"normal":[-0.25118312865902126,0.6752072287769226,-0.6935432460088224],"radius":2.227213285216307},"confidence":0.9993059298963236,"timestamp":348011.344822,"diameter_3d":4.454426570432614,"ellipse":{"center":[105.9708821200395,133.46780896385053],"axes":[24.891825230460626,38.086211358076724],"angle":-66.09689455058543},"norm_pos":[0.33115900662512343,0.4438841293172895],"diameter":38.086211358076724,"sphere":{"center":[-3.3309456504771995,-6.4918516897598675,81.03392849978353],"radius":12.0},"projected_sphere":{"center":[134.51454789950878,70.33008861637666],"axes":[183.62678788354376,183.62678788354376],"angle":90.0},"model_confidence":0.892971043314017,"model_id":153,"model_birth_timestamp":347871.839121,"theta":2.3120419322653882,"phi":-1.9182748889054921,"method":"3d c++","id":1}
1256921,1256918,1,348011.353222,105,106,{"topic":"pupil.1","circle_3d":{"center":[-6.369903493350659,1.6165679743114456,72.72620523883293],"normal":[-0.2532464869061216,0.6757016386726094,-0.6923102717458828],"radius":2.231556318030889},"confidence":0.9989508832897765,"timestamp":348011.353222,"diameter_3d":4.463112636061778,"ellipse":{"center":[105.77153530700059,133.51499554488032],"axes":[24.87598628292691,38.1531360198821],"angle":-65.96502423765168},"norm_pos":[0.33053604783437684,0.4436875185629987],"diameter":38.1531360198821,"sphere":{"center":[-3.3309456504771995,-6.4918516897598675,81.03392849978353],"radius":12.0},"projected_sphere":{"center":[134.51454789950878,70.33008861637666],"axes":[183.62678788354376,183.62678788354376],"angle":90.0},"model_confidence":0.8929257622446785,"model_id":153,"model_birth_timestamp":347871.839121,"theta":2.3127124079500927,"phi":-1.921476172227711,"method":"3d c++","id":1}
1256932,1256929,1,348011.361622,105,106,{"topic":"pupil.1","circle_3d":{"center":[-6.379976381659052,1.6311955078443514,72.74420499258481],"normal":[-0.2540858942651544,0.6769205998003516,-0.6908102922665592],"radius":2.2247841408693634},"confidence":0.9952015407355376,"timestamp":348011.361622,"diameter_3d":4.449568281738727,"ellipse":{"center":[105.69859961324804,133.63818787175654],"axes":[24.727590150910192,38.02795117797534],"angle":-65.9522984592846},"norm_pos":[0.3303081237914001,0.44317421720101435],"diameter":38.02795117797534,"sphere":{"center":[-3.3309456504771995,-6.4918516897598675,81.03392849978353],"radius":12.0},"projected_sphere":{"center":[134.51454789950878,70.33008861637666],"axes":[183.62678788354376,183.62678788354376],"angle":90.0},"model_confidence":0.8927970807896424,"model_id":153,"model_birth_timestamp":347871.839121,"theta":2.314367220583729,"phi":-1.923247258384062,"method":"3d c++","id":1}
1256939,1256933,1,348011.370022,105,106,{"topic":"pupil.1","circle_3d":{"center":[-6.399208081407551,1.6507312899631135,72.77050862219852],"normal":[-0.2556885359108626,0.6785485816435818,-0.6886183231320838],"radius":2.2255219881061308},"confidence":0.9988340887072878,"timestamp":348011.370022,"diameter_3d":4.4510439762122616,"ellipse":{"center":[105.55448982313806,133.79995049278608],"axes":[24.628230506140095,38.027008848577985],"angle":-65.90030871667435},"norm_pos":[0.3298577806973064,0.44250020628005804],"diameter":38.027008848577985,"sphere":{"center":[-3.3309456504771995,-6.4918516897598675,81.03392849978353],"radius":12.0},"projected_sphere":{"center":[134.51454789950878,70.33008861637666],"axes":[183.62678788354376,183.62678788354376],"angle":90.0},"model_confidence":0.8926970059133899,"model_id":153,"model_birth_timestamp":347871.839121,"theta":2.316581239851624,"phi":-1.9263250322316228,"method":"3d c++","id":1}
1256948,1256947,1,348011.378422,105,106,{"topic":"pupil.1","circle_3d":{"center":[-6.410376948795685,1.6615770931262404,72.78537093125429],"normal":[-0.2566192748598738,0.6794523985738423,-0.687379797377436],"radius":2.234196147635798},"confidence":0.9992131182911573,"timestamp":348011.378422,"diameter_3d":4.468392295271596,"ellipse":{"center":[105.47110123716226,133.88770457913415],"axes":[24.66326354976468,38.167614926860864],"angle":-65.86862308690269},"norm_pos":[0.3295971913661321,0.44213456425360775],"diameter":38.167614926860864,"sphere":{"center":[-3.3309456504771995,-6.4918516897598675,81.03392849978353],"radius":12.0},"projected_sphere":{"center":[134.51454789950878,70.33008861637666],"axes":[183.62678788354376,183.62678788354376],"angle":90.0},"model_confidence":0.8928524916041236,"model_id":153,"model_birth_timestamp":347871.839121,"theta":2.3178123671860593,"phi":-1.9281017970713956,"method":"3d c++","id":1}
1256957,1256956,1,348011.386822,105,106,{"topic":"pupil.1","circle_3d":{"center":[-6.428751334284868,1.661648776834781,72.792324888434],"normal":[-0.2581504736506391,0.6794583722162207,-0.6868003009457947],"radius":2.2303122891858145},"confidence":0.9992389813910073,"timestamp":348011.386822,"diameter_3d":4.460624578371629,"ellipse":{"center":[105.31994760405321,133.88817482720435],"axes":[24.58836989391592,38.09790385728014],"angle":-65.75764731056884},"norm_pos":[0.3291248362626663,0.4421326048866485],"diameter":38.09790385728014,"sphere":{"center":[-3.3309456504771995,-6.4918516897598675,81.03392849978353],"radius":12.0},"projected_sphere":{"center":[134.51454789950878,70.33008861637666],"axes":[183.62678788354376,183.62678788354376],"angle":90.0},"model_confidence":0.8930409639470116,"model_id":153,"model_birth_timestamp":347871.839121,"theta":2.3178205088044264,"phi":-1.9303331475547554,"method":"3d c++","id":1}
1256968,1256963,1,348011.403622,104,106,{"topic":"pupil.1","circle_3d":{"center":[-6.503588257528657,1.6486302095597445,72.80793960271033],"normal":[-0.2643868839209548,0.6783734916099676,-0.6854990747560996],"radius":2.246879243815536},"confidence":0.9990017985101062,"timestamp":348011.403622,"diameter_3d":4.493758487631072,"ellipse":{"center":[104.69743285867014,133.771372898521],"axes":[24.689850798146097,38.3741756447764],"angle":-65.26305066116859},"norm_pos":[0.3271794776833442,0.44261927958949576],"diameter":38.3741756447764,"sphere":{"center":[-3.3309456504771995,-6.4918516897598675,81.03392849978353],"radius":12.0},"projected_sphere":{"center":[134.51454789950878,70.33008861637666],"axes":[183.62678788354376,183.62678788354376],"angle":90.0},"model_confidence":0.8930632685067996,"model_id":153,"model_birth_timestamp":347871.839121,"theta":2.31634290420956,"phi":-1.938901824925278,"method":"3d c++","id":1}
1256976,1256975,1,348011.412022,104,106,{"topic":"pupil.1","circle_3d":{"center":[-6.538009560753601,1.621268472400823,72.79426695881327],"normal":[-0.26725532585636674,0.6760933468467242,-0.6866384617475214],"radius":2.2424289265608452},"confidence":0.9988083717822126,"timestamp":348011.412022,"diameter_3d":4.4848578531216905,"ellipse":{"center":[104.39484210598971,133.54225565987798],"axes":[24.685202176011337,38.306102108614276],"angle":-64.96357493091205},"norm_pos":[0.32623388158121785,0.44357393475050844],"diameter":38.306102108614276,"sphere":{"center":[-3.3309456504771995,-6.4918516897598675,81.03392849978353],"radius":12.0},"projected_sphere":{"center":[134.51454789950878,70.33008861637666],"axes":[183.62678788354376,183.62678788354376],"angle":90.0},"model_confidence":0.8930318607203613,"model_id":153,"model_birth_timestamp":347871.839121,"theta":2.31324390117335,"phi":-1.9419776052061095,"method":"3d c++","id":1}
1256984,1256979,1,348011.420421,104,106,{"topic":"pupil.1","circle_3d":{"center":[-6.480786112870875,1.5810275751786094,72.73289691116793],"normal":[-0.2624867051994729,0.672739938744873,-0.6917526323846332],"radius":2.2387759956516304},"confidence":0.9990771888419022,"timestamp":348011.420421,"diameter_3d":4.477551991303261,"ellipse":{"center":[104.83497664457784,133.21037582990763],"axes":[24.90072195654839,38.27526474440523],"angle":-65.17050497679315},"norm_pos":[0.3276093020143057,0.4449567673753848],"diameter":38.27526474440523,"sphere":{"center":[-3.3309456504771995,-6.4918516897598675,81.03392849978353],"radius":12.0},"projected_sphere":{"center":[134.51454789950878,70.33008861637666],"axes":[183.62678788354376,183.62678788354376],"angle":90.0},"model_confidence":0.8929066429390398,"model_id":153,"model_birth_timestamp":347871.839121,"theta":2.3087021341539797,"phi":-1.9334641248179225,"method":"3d c++","id":1}
1256996,1256996,1,348011.428821,105,106,{"topic":"pupil.1","circle_3d":{"center":[-6.372191187982235,1.5680522926911902,72.67996097684718],"normal":[-0.2534371281254196,0.6716586652042548,-0.6961639602446958],"radius":2.257089603462889},"confidence":0.9592222132894959,"timestamp":348011.428821,"diameter_3d":4.514179206925778,"ellipse":{"center":[105.7202272259025,133.1032712104454],"axes":[25.343412232262487,38.6148427652226],"angle":-65.78831234485148},"norm_pos":[0.33037571008094535,0.4454030366231442],"diameter":38.6148427652226,"sphere":{"center":[-3.3309456504771995,-6.4918516897598675,81.03392849978353],"radius":12.0},"projected_sphere":{"center":[134.51454789950878,70.33008861637666],"axes":[183.62678788354376,183.62678788354376],"angle":90.0},"model_confidence":0.8931203864545822,"model_id":153,"model_birth_timestamp":347871.839121,"theta":2.307241683949649,"phi":-1.9199308833200306,"method":"3d c++","id":1}
1257005,1257002,1,348011.437221,105,107,{"topic":"pupil.1","circle_3d":{"center":[-6.431176508061354,1.5528005384771948,72.68694466390583],"normal":[-0.2583525714653462,0.6703876856864219,-0.6955819863231409],"radius":2.2553420346029354},"confidence":0.9983333332484151,"timestamp":348011.437221,"diameter_3d":4.510684069205871,"ellipse":{"center":[105.22384829767472,132.97307431558008],"axes":[25.28026640304937,38.58235786669171],"angle":-65.37557687868781},"norm_pos":[0.3288245259302335,0.445945523685083],"diameter":38.58235786669171,"sphere":{"center":[-3.3309456504771995,-6.4918516897598675,81.03392849978353],"radius":12.0},"projected_sphere":{"center":[134.51454789950878,70.33008861637666],"axes":[183.62678788354376,183.62678788354376],"angle":90.0},"model_confidence":0.8929495835168222,"model_id":153,"model_birth_timestamp":347871.839121,"theta":2.3055274707023936,"phi":-1.9264240598793259,"method":"3d c++","id":1}
1257015,1257013,1,348011.445621,104,107,{"topic":"pupil.1","circle_3d":{"center":[-6.473923955103473,1.5434781031591864,72.6939547291008],"normal":[-0.26191485871885617,0.6696108160765878,-0.6949978142235612],"radius":2.2677454808338737},"confidence":0.9988548939403556,"timestamp":348011.445621,"diameter_3d":4.5354909616677475,"ellipse":{"center":[104.86659617652835,132.88987151858578],"axes":[25.37991194404748,38.79172133102801],"angle":-65.08326073832941},"norm_pos":[0.3277081130516511,0.4462922020058926],"diameter":38.79172133102801,"sphere":{"center":[-3.3309456504771995,-6.4918516897598675,81.03392849978353],"radius":12.0},"projected_sphere":{"center":[134.51454789950878,70.33008861637666],"axes":[183.62678788354376,183.62678788354376],"angle":90.0},"model_confidence":0.8929443835819395,"model_id":153,"model_birth_timestamp":347871.839121,"theta":2.3044809866849114,"phi":-1.9311941420436998,"method":"3d c++","id":1}
1257024,1257020,1,348011.454021,104,107,{"topic":"pupil.1","circle_3d":{"center":[-6.479635010858281,1.5419898353877297,72.69467519624148],"normal":[-0.2623907800317568,0.6694867937622997,-0.6949377752951714],"radius":2.25240832154745},"confidence":0.9666941149435269,"timestamp":348011.454021,"diameter_3d":4.5048166430949,"ellipse":{"center":[104.8174852602313,132.88082288126674],"axes":[25.203697727341073,38.52896138131632],"angle":-65.04348207898758},"norm_pos":[0.32755464143822277,0.44632990466138855],"diameter":38.52896138131632,"sphere":{"center":[-3.3309456504771995,-6.4918516897598675,81.03392849978353],"radius":12.0},"projected_sphere":{"center":[134.51454789950878,70.33008861637666],"axes":[183.62678788354376,183.62678788354376],"angle":90.0},"model_confidence":0.8928427741977885,"model_id":153,"model_birth_timestamp":347871.839121,"theta":2.3043140135466067,"phi":-1.9318221765312527,"method":"3d c++","id":1}
1257031,1257025,1,348011.462421,104,107,{"topic":"pupil.1","circle_3d":{"center":[-6.506634575403737,1.5287473514918783,72.69216664322286],"normal":[-0.2646407437438781,0.6683832534376455,-0.6951468213800559],"radius":2.252597503002017},"confidence":0.9985484655351116,"timestamp":348011.462421,"diameter_3d":4.505195006004034,"ellipse":{"center":[104.58617939474908,132.768580008409],"axes":[25.208383859007753,38.53408931885647],"angle":-64.83389772161794},"norm_pos":[0.3268318106085909,0.4467975832982958],"diameter":38.53408931885647,"sphere":{"center":[-3.3309456504771995,-6.4918516897598675,81.03392849978353],"radius":12.0},"projected_sphere":{"center":[134.51454789950878,70.33008861637666],"axes":[183.62678788354376,183.62678788354376],"angle":90.0},"model_confidence":0.8927555660344755,"model_id":153,"model_birth_timestamp":347871.839121,"theta":2.302829404815214,"phi":-1.9345527941742293,"method":"3d c++","id":1}
1257036,1257035,1,348011.470821,104,107,{"topic":"pupil.1","circle_3d":{"center":[-6.514871969218715,1.5185756815599571,72.6855354492836],"normal":[-0.2653271932284597,0.667535614276652,-0.6956994208749929],"radius":2.2670582147695693},"confidence":0.9987300970072486,"timestamp":348011.470821,"diameter_3d":4.5341164295391385,"ellipse":{"center":[104.512304627209,132.67955362858066],"axes":[25.394475571350977,38.78534261862126],"angle":-64.74860324363343},"norm_pos":[0.32660095196002814,0.44716852654758055],"diameter":38.78534261862126,"sphere":{"center":[-3.3309456504771995,-6.4918516897598675,81.03392849978353],"radius":12.0},"projected_sphere":{"center":[134.51454789950878,70.33008861637666],"axes":[183.62678788354376,183.62678788354376],"angle":90.0},"model_confidence":0.8927310320159476,"model_id":153,"model_birth_timestamp":347871.839121,"theta":2.301690407295661,"phi":-1.9351503476103453,"method":"3d c++","id":1}
1257043,1257043,1,348011.479221,104,107,{"topic":"pupil.1","circle_3d":{"center":[-6.534890704630357,1.5205430884233255,72.69508769254237],"normal":[-0.2669954211794298,0.6676995648485994,-0.6949034006034291],"radius":2.265498252627731},"confidence":0.9984116291339218,"timestamp":348011.479221,"diameter_3d":4.530996505255462,"ellipse":{"center":[104.34916402015075,132.6953524710358],"axes":[25.333534576114577,38.753876937844886],"angle":-64.634306884983},"norm_pos":[0.3260911375629711,0.4471026980373509],"diameter":38.753876937844886,"sphere":{"center":[-3.3309456504771995,-6.4918516897598675,81.03392849978353],"radius":12.0},"projected_sphere":{"center":[134.51454789950878,70.33008861637666],"axes":[183.62678788354376,183.62678788354376],"angle":90.0},"model_confidence":0.8925656284776262,"model_id":153,"model_birth_timestamp":347871.839121,"theta":2.3019106216827145,"phi":-1.9376252263213654,"method":"3d c++","id":1}
1257051,1257048,1,348011.487621,104,107,{"topic":"pupil.1","circle_3d":{"center":[-6.553779416102838,1.5168600061944666,72.69882925081069],"normal":[-0.26856948046880325,0.6673926413295278,-0.6945916040810696],"radius":2.2789669660241194},"confidence":0.9986054907501949,"timestamp":348011.487621,"diameter_3d":4.557933932048239,"ellipse":{"center":[104.19244555119809,132.66029132122995],"axes":[25.464116353912665,38.98273886850225],"angle":-64.50734707104553},"norm_pos":[0.325601392347494,0.44724878616154184],"diameter":38.98273886850225,"sphere":{"center":[-3.3309456504771995,-6.4918516897598675,81.03392849978353],"radius":12.0},"projected_sphere":{"center":[134.51454789950878,70.33008861637666],"axes":[183.62678788354376,183.62678788354376],"angle":90.0},"model_confidence":0.892485301332524,"model_id":153,"model_birth_timestamp":347871.839121,"theta":2.301498405022211,"phi":-1.939748433760159,"method":"3d c++","id":1}
1257058,1257054,1,348011.496021,104,107,{"topic":"pupil.1","circle_3d":{"center":[-6.549842603455934,1.5351009530451893,72.71487003885966],"normal":[-0.2682414127482278,0.6689127202337548,-0.6932548717436562],"radius":2.2820105631925687},"confidence":0.9984310232471725,"timestamp":348011.496021,"diameter_3d":4.564021126385137,"ellipse":{"center":[104.2380959630782,132.81235477237453],"axes":[25.435109572305933,39.02601172170234],"angle":-64.59479442301185},"norm_pos":[0.32574404988461936,0.4466151884484394],"diameter":39.02601172170234,"sphere":{"center":[-3.3309456504771995,-6.4918516897598675,81.03392849978353],"radius":12.0},"projected_sphere":{"center":[134.51454789950878,70.33008861637666],"axes":[183.62678788354376,183.62678788354376],"angle":90.0},"model_confidence":0.8922778445470958,"model_id":153,"model_birth_timestamp":347871.839121,"theta":2.3035414566176136,"phi":-1.9399853185466398,"method":"3d c++","id":1}
1257068,1257065,1,348011.504421,104,107,{"topic":"pupil.1","circle_3d":{"center":[-6.544093199895229,1.5337544045536848,72.711348993129],"normal":[-0.2677622957848358,0.6688005078594628,-0.6935482922212114],"radius":2.2799842218919024},"confidence":0.9986690890446419,"timestamp":348011.504421,"diameter_3d":4.559968443783805,"ellipse":{"center":[104.28416449171127,132.80188837471232],"axes":[25.428158099859242,38.99313950056417],"angle":-64.62476521976015},"norm_pos":[0.32588801403659773,0.4466587984386987],"diameter":38.99313950056417,"sphere":{"center":[-3.3309456504771995,-6.4918516897598675,81.03392849978353],"radius":12.0},"projected_sphere":{"center":[134.51454789950878,70.33008861637666],"axes":[183.62678788354376,183.62678788354376],"angle":90.0},"model_confidence":0.892170696241934,"model_id":153,"model_birth_timestamp":347871.839121,"theta":2.30339051006517,"phi":-1.939241860682503,"method":"3d c++","id":1}
1257079,1257075,1,348011.51282,104,107,{"topic":"pupil.1","circle_3d":{"center":[-6.547712968309559,1.5338377645632928,72.71282780301921],"normal":[-0.26806394315269666,0.66880745452693,-0.6934250580636931],"radius":2.294212294782542},"confidence":0.9987987588978873,"timestamp":348011.51282,"diameter_3d":4.588424589565084,"ellipse":{"center":[104.25557706630815,132.79893474631425],"axes":[25.580050615692116,39.23586395235151],"angle":-64.60319217287747},"norm_pos":[0.325798678332213,0.4466711052236907],"diameter":39.23586395235151,"sphere":{"center":[-3.3309456504771995,-6.4918516897598675,81.03392849978353],"radius":12.0},"projected_sphere":{"center":[134.51454789950878,70.33008861637666],"axes":[183.62678788354376,183.62678788354376],"angle":90.0},"model_confidence":0.8921827545569361,"model_id":153,"model_birth_timestamp":347871.839121,"theta":2.3033998540320963,"phi":-1.9396800802309881,"method":"3d c++","id":1}
1257087,1257086,1,348011.52122,104,107,{"topic":"pupil.1","circle_3d":{"center":[-6.544547106255012,1.5232440460693315,72.70140151039337],"normal":[-0.2678001213148176,0.6679246446524332,-0.6943772491158461],"radius":2.2758167219489818},"confidence":0.9978853067690799,"timestamp":348011.52122,"diameter_3d":4.5516334438979635,"ellipse":{"center":[104.2725797839922,132.71495282259076],"axes":[25.42117753185781,38.92724092791701],"angle":-64.58538102372506},"norm_pos":[0.32585181182497563,0.4470210299058718],"diameter":38.92724092791701,"sphere":{"center":[-3.3309456504771995,-6.4918516897598675,81.03392849978353],"radius":12.0},"projected_sphere":{"center":[134.51454789950878,70.33008861637666],"axes":[183.62678788354376,183.62678788354376],"angle":90.0},"model_confidence":0.8921765804717485,"model_id":153,"model_birth_timestamp":347871.839121,"theta":2.3022130142216173,"phi":-1.938888105450831,"method":"3d c++","id":1}
1257096,1257094,1,348011.52962,104,107,{"topic":"pupil.1","circle_3d":{"center":[-6.531537884009087,1.5166287093413242,72.69004145285706],"normal":[-0.26671601946099066,0.6673733665917659,-0.695323920577206],"radius":2.2742729297959965},"confidence":0.9668326366272315,"timestamp":348011.52962,"diameter_3d":4.548545859591993,"ellipse":{"center":[104.37454911103772,132.6606508342613],"axes":[25.452802307151995,38.90672654890972],"angle":-64.64089857456216},"norm_pos":[0.3261704659719929,0.4472472881905779],"diameter":38.90672654890972,"sphere":{"center":[-3.3309456504771995,-6.4918516897598675,81.03392849978353],"radius":12.0},"projected_sphere":{"center":[134.51454789950878,70.33008861637666],"axes":[183.62678788354376,183.62678788354376],"angle":90.0},"model_confidence":0.8921888267528821,"model_id":153,"model_birth_timestamp":347871.839121,"theta":2.301472522978016,"phi":-1.9370724902239305,"method":"3d c++","id":1}
1257105,1257098,1,348011.53802,104,107,{"topic":"pupil.1","circle_3d":{"center":[-6.50475717529306,1.5218098163455842,72.68478784517063],"normal":[-0.26448429373465504,0.6678051255087877,-0.6957617212177407],"radius":2.2708467447097815},"confidence":0.9981942960543354,"timestamp":348011.53802,"diameter_3d":4.541693489419563,"ellipse":{"center":[104.59799597400128,132.70622637392816],"axes":[25.442715077284983,38.85039147371735],"angle":-64.8211581561016},"norm_pos":[0.326868737418754,0.44705739010863266],"diameter":38.85039147371735,"sphere":{"center":[-3.3309456504771995,-6.4918516897598675,81.03392849978353],"radius":12.0},"projected_sphere":{"center":[134.51454789950878,70.33008861637666],"axes":[183.62678788354376,183.62678788354376],"angle":90.0},"model_confidence":0.8920367590631972,"model_id":153,"model_birth_timestamp":347871.839121,"theta":2.302052431192861,"phi":-1.9340624422923631,"method":"3d c++","id":1}
1257111,1257109,1,348011.54642,104,107,{"topic":"pupil.1","circle_3d":{"center":[-6.4705779462660775,1.5331444008356065,72.68275212796819],"normal":[-0.26163602464907315,0.6687496742162895,-0.6959313643179449],"radius":2.275302099261032},"confidence":0.9985087376621857,"timestamp":348011.54642,"diameter_3d":4.550604198522064,"ellipse":{"center":[104.88731278332865,132.80175882702804],"axes":[25.510198500443632,38.92706709255466],"angle":-65.06800432292042},"norm_pos":[0.32777285244790205,0.44665933822071646],"diameter":38.92706709255466,"sphere":{"center":[-3.3309456504771995,-6.4918516897598675,81.03392849978353],"radius":12.0},"projected_sphere":{"center":[134.51454789950878,70.33008861637666],"axes":[183.62678788354376,183.62678788354376],"angle":90.0},"model_confidence":0.8918652513231762,"model_id":153,"model_birth_timestamp":347871.839121,"theta":2.303322136088832,"phi":-1.9304004044693384,"method":"3d c++","id":1}
1257119,1257116,1,348011.55482,105,107,{"topic":"pupil.1","circle_3d":{"center":[-6.4294933990614265,1.5545462679956952,72.68800244240855],"normal":[-0.25821231238201897,0.6705331631462969,-0.695493838114582],"radius":2.2877946465795573},"confidence":0.9988335025780093,"timestamp":348011.55482,"diameter_3d":4.575589293159115,"ellipse":{"center":[105.24124897001492,132.9798783029791],"axes":[25.64061207888074,39.13720043746586],"angle":-65.39171464650153},"norm_pos":[0.32887890303129663,0.4459171737375871],"diameter":39.13720043746586,"sphere":{"center":[-3.3309456504771995,-6.4918516897598675,81.03392849978353],"radius":12.0},"projected_sphere":{"center":[134.51454789950878,70.33008861637666],"axes":[183.62678788354376,183.62678788354376],"angle":90.0},"model_confidence":0.8917984036745596,"model_id":153,"model_birth_timestamp":347871.839121,"theta":2.305723546426379,"phi":-1.9262882002758446,"method":"3d c++","id":1}
1257128,1257127,1,348011.56322,105,106,{"topic":"pupil.1","circle_3d":{"center":[-6.396724544080408,1.5766223520411717,72.69721893231508],"normal":[-0.2554815744669341,0.6723728368167532,-0.6947257972890372],"radius":2.261885012670456},"confidence":0.9985201590579685,"timestamp":348011.56322,"diameter_3d":4.523770025340912,"ellipse":{"center":[105.52462549727719,133.17249631377365],"axes":[25.322202536421038,38.68810467371187],"angle":-65.66689670143651},"norm_pos":[0.3297644546789912,0.44511459869260983],"diameter":38.68810467371187,"sphere":{"center":[-3.3309456504771995,-6.4918516897598675,81.03392849978353],"radius":12.0},"projected_sphere":{"center":[134.51454789950878,70.33008861637666],"axes":[183.62678788354376,183.62678788354376],"angle":90.0},"model_confidence":0.8917228575360148,"model_id":153,"model_birth_timestamp":347871.839121,"theta":2.308206081205265,"phi":-1.9231908666726516,"method":"3d c++","id":1}
1257134,1257130,1,348011.57162,105,106,{"topic":"pupil.1","circle_3d":{"center":[-6.354399297699375,1.6285103462048252,72.73221491474807],"normal":[-0.251954470601848,0.6766968363303911,-0.6918094654196215],"radius":2.275927752860031},"confidence":0.9967459883001042,"timestamp":348011.57162,"diameter_3d":4.551855505720062,"ellipse":{"center":[105.91063087040442,133.60484565123073],"axes":[25.351295770330896,38.90857268757422],"angle":-66.09944905489508},"norm_pos":[0.33097072147001383,0.4433131431198719],"diameter":38.90857268757422,"sphere":{"center":[-3.3309456504771995,-6.4918516897598675,81.03392849978353],"radius":12.0},"projected_sphere":{"center":[134.51454789950878,70.33008861637666],"axes":[183.62678788354376,183.62678788354376],"angle":90.0},"model_confidence":0.8919109369810774,"model_id":153,"model_birth_timestamp":347871.839121,"theta":2.314063259759276,"phi":-1.9200618130963392,"method":"3d c++","id":1}
1257142,1257136,1,348011.58002,106,106,{"topic":"pupil.1","circle_3d":{"center":[-6.312023087164841,1.6551374745618048,72.74298495439032],"normal":[-0.24842311972397013,0.6789157636934727,-0.6909119621160997],"radius":2.274425330267582},"confidence":0.9987104747236377,"timestamp":348011.58002,"diameter_3d":4.548850660535164,"ellipse":{"center":[106.27820983449817,133.8297558002359],"axes":[25.30292332581457,38.87618406399587],"angle":-66.4468315593767},"norm_pos":[0.3321194057328068,0.4423760174990171],"diameter":38.87618406399587,"sphere":{"center":[-3.3309456504771995,-6.4918516897598675,81.03392849978353],"radius":12.0},"projected_sphere":{"center":[134.51454789950878,70.33008861637666],"axes":[183.62678788354376,183.62678788354376],"angle":90.0},"model_confidence":0.8919583103840112,"model_id":153,"model_birth_timestamp":347871.839121,"theta":2.317081225033413,"phi":-1.915960815100997,"method":"3d c++","id":1}
1257150,1257148,1,348011.58842,106,106,{"topic":"pupil.1","circle_3d":{"center":[-6.287502697953678,1.6718550470778304,72.75065241239346],"normal":[-0.2463797539563732,0.6803088947364748,-0.6902730072825048],"radius":2.2675818885153203},"confidence":0.9574926941942616,"timestamp":348011.58842,"diameter_3d":4.5351637770306406,"ellipse":{"center":[106.49148998355098,133.97223084820666],"axes":[25.202731266253355,38.754517949397496],"angle":-66.65190699364061},"norm_pos":[0.3327859061985968,0.44178237146580557],"diameter":38.754517949397496,"sphere":{"center":[-3.3309456504771995,-6.4918516897598675,81.03392849978353],"radius":12.0},"projected_sphere":{"center":[134.51454789950878,70.33008861637666],"axes":[183.62678788354376,183.62678788354376],"angle":90.0},"model_confidence":0.891975204688833,"model_id":153,"model_birth_timestamp":347871.839121,"theta":2.3189803335372026,"phi":-1.9136322593707518,"method":"3d c++","id":1}
1257164,1257159,1,348011.59682,106,106,{"topic":"pupil.1","circle_3d":{"center":[-6.245185637271877,1.66973912835385,72.733588710531],"normal":[-0.24285333223288985,0.6801325681761431,-0.6916949824377113],"radius":2.2705180791318003},"confidence":0.9992849916357089,"timestamp":348011.59682,"diameter_3d":4.5410361582636005,"ellipse":{"center":[106.83888785959189,133.95614682057314],"axes":[25.314492267533033,38.81309555244572],"angle":-66.90553165033279},"norm_pos":[0.33387152456122465,0.4418493882476119],"diameter":38.81309555244572,"sphere":{"center":[-3.3309456504771995,-6.4918516897598675,81.03392849978353],"radius":12.0},"projected_sphere":{"center":[134.51454789950878,70.33008861637666],"axes":[183.62678788354376,183.62678788354376],"angle":90.0},"model_confidence":0.89212781820035,"model_id":153,"model_birth_timestamp":347871.839121,"theta":2.3187397812904664,"phi":-1.908449766437241,"method":"3d c++","id":1}
1257170,1257165,1,348011.605219,107,106,{"topic":"pupil.1","circle_3d":{"center":[-6.224650848333884,1.6738864693570754,72.73048400098433],"normal":[-0.24114209982139034,0.6804781799264119,-0.6919537082332665],"radius":2.264570563692862},"confidence":0.9985429834624129,"timestamp":348011.605219,"diameter_3d":4.529141127385724,"ellipse":{"center":[107.01071468344149,133.99329983090539],"axes":[25.26583228315081,38.712634961831014],"angle":-67.04575816333534},"norm_pos":[0.3344084833857547,0.4416945840378942],"diameter":38.712634961831014,"sphere":{"center":[-3.3309456504771995,-6.4918516897598675,81.03392849978353],"radius":12.0},"projected_sphere":{"center":[134.51454789950878,70.33008861637666],"axes":[183.62678788354376,183.62678788354376],"angle":90.0},"model_confidence":0.8921475227236741,"model_id":153,"model_birth_timestamp":347871.839121,"theta":2.319211330192216,"phi":-1.9061293637186678,"method":"3d c++","id":1}
1257181,1257176,1,348011.613619,107,105,{"topic":"pupil.1","circle_3d":{"center":[-6.189102115544771,1.6835407221526992,72.72767178978263],"normal":[-0.23817970542229763,0.6812827009927139,-0.6921880591667411],"radius":2.2764577318421657},"confidence":0.9993672343758327,"timestamp":348011.613619,"diameter_3d":4.552915463684331,"ellipse":{"center":[107.31145281176977,134.07282841125937],"axes":[25.41915716233764,38.91675322189111],"angle":-67.29677765296393},"norm_pos":[0.3353482900367805,0.44136321495308595],"diameter":38.91675322189111,"sphere":{"center":[-3.3309456504771995,-6.4918516897598675,81.03392849978353],"radius":12.0},"projected_sphere":{"center":[134.51454789950878,70.33008861637666],"axes":[183.62678788354376,183.62678788354376],"angle":90.0},"model_confidence":0.8924058288754533,"model_id":153,"model_birth_timestamp":347871.839121,"theta":2.3203098107515476,"phi":-1.9022025336601656,"method":"3d c++","id":1}
1257188,1257185,1,348011.622019,107,105,{"topic":"pupil.1","circle_3d":{"center":[-6.145756660807997,1.711243033604564,72.74019134843667],"normal":[-0.23456758419423315,0.683591226947036,-0.6911447626122382],"radius":2.2745937963798464},"confidence":0.9964894979257595,"timestamp":348011.622019,"diameter_3d":4.549187592759693,"ellipse":{"center":[107.6882970728621,134.3066345016785],"axes":[25.359650790043375,38.87721627345744],"angle":-67.6536461751964},"norm_pos":[0.33652592835269407,0.44038902290967286],"diameter":38.87721627345744,"sphere":{"center":[-3.3309456504771995,-6.4918516897598675,81.03392849978353],"radius":12.0},"projected_sphere":{"center":[134.51454789950878,70.33008861637666],"axes":[183.62678788354376,183.62678788354376],"angle":90.0},"model_confidence":0.8927022772743598,"model_id":153,"model_birth_timestamp":347871.839121,"theta":2.323468093737572,"phi":-1.897987893262451,"method":"3d c++","id":1}
1257196,1257195,1,348011.630419,108,105,{"topic":"pupil.1","circle_3d":{"center":[-6.092221404488466,1.7747391789481881,72.7853630718014],"normal":[-0.2301063128342722,0.688882572392338,-0.6873804523318445],"radius":2.2655197275054535},"confidence":0.9990007534365517,"timestamp":348011.630419,"diameter_3d":4.531039455010907,"ellipse":{"center":[108.17378549789368,134.8407269437901],"axes":[25.092691862463052,38.69663685824594],"angle":-68.18383623341475},"norm_pos":[0.33804307968091774,0.43816363773420797],"diameter":38.69663685824594,"sphere":{"center":[-3.3309456504771995,-6.4918516897598675,81.03392849978353],"radius":12.0},"projected_sphere":{"center":[134.51454789950878,70.33008861637666],"axes":[183.62678788354376,183.62678788354376],"angle":90.0},"model_confidence":0.8926422135883683,"model_id":153,"model_birth_timestamp":347871.839121,"theta":2.3307426984886472,"phi":-1.8938288039959623,"method":"3d c++","id":1}
1257202,1257199,1,348011.638819,108,104,{"topic":"pupil.1","circle_3d":{"center":[-6.0487982329160115,1.8177999387898414,72.81425897161685],"normal":[-0.22648771520323435,0.6924709690458091,-0.6849724606805566],"radius":2.2894947063592888},"confidence":0.9017632433555027,"timestamp":348011.638819,"diameter_3d":4.5789894127185775,"ellipse":{"center":[108.56369867444701,135.19546067860878],"axes":[25.25378287557592,39.089778019783665],"angle":-68.58489202456073},"norm_pos":[0.33926155835764693,0.43668558050579676],"diameter":39.089778019783665,"sphere":{"center":[-3.3309456504771995,-6.4918516897598675,81.03392849978353],"radius":12.0},"projected_sphere":{"center":[134.51454789950878,70.33008861637666],"axes":[183.62678788354376,183.62678788354376],"angle":90.0},"model_confidence":0.8926999657739021,"model_id":153,"model_birth_timestamp":347871.839121,"theta":2.335704798888526,"phi":-1.8901320078452382,"method":"3d c++","id":1}
1257211,1257211,1,348011.647219,109,104,{"topic":"pupil.1","circle_3d":{"center":[-5.976360907655868,1.861600924756031,72.83505006830744],"normal":[-0.22045127143155577,0.6961210512096583,-0.683239869289674],"radius":2.262755366408761},"confidence":0.9448405531208635,"timestamp":348011.647219,"diameter_3d":4.525510732817522,"ellipse":{"center":[109.19089813005439,135.57007050303383],"axes":[24.894378999790984,38.620406592126685],"angle":-69.16679531629083},"norm_pos":[0.34122155665641996,0.435124706237359],"diameter":38.620406592126685,"sphere":{"center":[-3.3309456504771995,-6.4918516897598675,81.03392849978353],"radius":12.0},"projected_sphere":{"center":[134.51454789950878,70.33008861637666],"axes":[183.62678788354376,183.62678788354376],"angle":90.0},"model_confidence":0.892982425241029,"model_id":153,"model_birth_timestamp":347871.839121,"theta":2.340776564890849,"phi":-1.8829064716617359,"method":"3d c++","id":1}
1257219,1257216,1,348011.655619,109,104,{"topic":"pupil.1","circle_3d":{"center":[-5.9350533128837935,1.8314946546883135,72.79132400163148],"normal":[-0.21700897186721613,0.6936121953706818,-0.6868837081793373],"radius":2.25406869818567},"confidence":0.9818800545390758,"timestamp":348011.655619,"diameter_3d":4.50813739637134,"ellipse":{"center":[109.51123914636008,135.3242667581071],"axes":[24.98166605001266,38.49462238875692],"angle":-69.33663570539238},"norm_pos":[0.34222262233237527,0.43614888850788713],"diameter":38.49462238875692,"sphere":{"center":[-3.3309456504771995,-6.4918516897598675,81.03392849978353],"radius":12.0},"projected_sphere":{"center":[134.51454789950878,70.33008861637666],"axes":[183.62678788354376,183.62678788354376],"angle":90.0},"model_confidence":0.8933110255268994,"model_id":153,"model_birth_timestamp":347871.839121,"theta":2.337287862498767,"phi":-1.8768053616957936,"method":"3d c++","id":1}
1257228,1257227,1,348011.664019,108,105,{"topic":"pupil.1","circle_3d":{"center":[-5.995518413939555,1.7457316374009562,72.724760495928],"normal":[-0.2220477302885297,0.6864652772634019,-0.6924306669879613],"radius":2.2652037051300895},"confidence":0.9994319403655455,"timestamp":348011.664019,"diameter_3d":4.530407410260179,"ellipse":{"center":[108.95314399226015,134.60433701208973],"axes":[25.35466632665775,38.721924577998074],"angle":-68.70009405943233},"norm_pos":[0.34047857497581296,0.4391485957829595],"diameter":38.721924577998074,"sphere":{"center":[-3.3309456504771995,-6.4918516897598675,81.03392849978353],"radius":12.0},"projected_sphere":{"center":[134.51454789950878,70.33008861637666],"axes":[183.62678788354376,183.62678788354376],"angle":90.0},"model_confidence":0.8937459226593392,"model_id":153,"model_birth_timestamp":347871.839121,"theta":2.3274131754421865,"phi":-1.88111475980676,"method":"3d c++","id":1}
1257234,1257232,1,348011.672419,108,106,{"topic":"pupil.1","circle_3d":{"center":[-6.0279301213844345,1.6369813437508416,72.62867131888832],"normal":[-0.22474870590893628,0.677402752792559,-0.7004380984079334],"radius":2.2599016750798753},"confidence":0.9305464300403903,"timestamp":348011.672419,"diameter_3d":4.5198033501597505,"ellipse":{"center":[108.61128430873117,133.69614596996004],"axes":[25.669132098629436,38.68365307589002],"angle":-68.1606506986731},"norm_pos":[0.3394102634647849,0.44293272512516646],"diameter":38.68365307589002,"sphere":{"center":[-3.3309456504771995,-6.4918516897598675,81.03392849978353],"radius":12.0},"projected_sphere":{"center":[134.51454789950878,70.33008861637666],"axes":[183.62678788354376,183.62678788354376],"angle":90.0},"model_confidence":0.8940067122941375,"model_id":153,"model_birth_timestamp":347871.839121,"theta":2.315022467350971,"phi":-1.8812871372508535,"method":"3d c++","id":1}
1257249,1257245,1,348011.680819,108,107,{"topic":"pupil.1","circle_3d":{"center":[-6.04336116641438,1.5100437429889428,72.5126333193396],"normal":[-0.2260346263280984,0.6668246193957342,-0.7101079317036608],"radius":2.289287129480365},"confidence":0.9157666151518971,"timestamp":348011.680819,"diameter_3d":4.57857425896073,"ellipse":{"center":[108.40153974240533,132.6248480296171],"axes":[26.46822709307016,39.250772302189205],"angle":-67.65996316264037},"norm_pos":[0.33875481169501664,0.44739646654326204],"diameter":39.250772302189205,"sphere":{"center":[-3.3309456504771995,-6.4918516897598675,81.03392849978353],"radius":12.0},"projected_sphere":{"center":[134.51454789950878,70.33008861637666],"axes":[183.62678788354376,183.62678788354376],"angle":90.0},"model_confidence":0.894085897956387,"model_id":153,"model_birth_timestamp":347871.839121,"theta":2.300735918934523,"phi":-1.8789657193827218,"method":"3d c++","id":1}
1257257,1257250,1,348011.689219,108,107,{"topic":"pupil.1","circle_3d":{"center":[-6.025268408549012,1.4648447706374945,72.46470412925638],"normal":[-0.22452689650598437,0.6630580383664468,-0.7141020308772624],"radius":2.285040063400933},"confidence":0.9993171577166533,"timestamp":348011.689219,"diameter_3d":4.570080126801866,"ellipse":{"center":[108.5222301320414,132.24711510669607],"axes":[26.61769867722624,39.203808513069085],"angle":-67.63050544611556},"norm_pos":[0.3391319691626294,0.4489703537220997],"diameter":39.203808513069085,"sphere":{"center":[-3.3309456504771995,-6.4918516897598675,81.03392849978353],"radius":12.0},"projected_sphere":{"center":[134.51454789950878,70.33008861637666],"axes":[183.62678788354376,183.62678788354376],"angle":90.0},"model_confidence":0.8944402808922169,"model_id":153,"model_birth_timestamp":347871.839121,"theta":2.295692918897373,"phi":-1.8754280632795066,"method":"3d c++","id":1}
1257265,1257261,1,348011.697618,108,107,{"topic":"pupil.1","circle_3d":{"center":[-5.9892431400945325,1.4573205403674194,72.446489107714],"normal":[-0.2215247908014444,0.6624310191772739,-0.7156199493391269],"radius":2.2867337541196897},"confidence":0.9991202624464505,"timestamp":348011.697618,"diameter_3d":4.573467508239379,"ellipse":{"center":[108.8168588888579,132.18490428374184],"axes":[26.72071749878958,39.24212026178447],"angle":-67.83915781142244},"norm_pos":[0.3400526840276809,0.44922956548440895],"diameter":39.24212026178447,"sphere":{"center":[-3.3309456504771995,-6.4918516897598675,81.03392849978353],"radius":12.0},"projected_sphere":{"center":[134.51454789950878,70.33008861637666],"axes":[183.62678788354376,183.62678788354376],"angle":90.0},"model_confidence":0.8949439822281358,"model_id":153,"model_birth_timestamp":347871.839121,"theta":2.2948556044034354,"phi":-1.8709973092724705,"method":"3d c++","id":1}
1257270,1257266,1,348011.706018,108,107,{"topic":"pupil.1","circle_3d":{"center":[-5.99059776245325,1.535014613557232,72.51948970489318],"normal":[-0.22163767599800427,0.668905525276425,-0.7095365662408623],"radius":2.279381143861774},"confidence":0.9994361847445974,"timestamp":348011.706018,"diameter_3d":4.558762287723548,"ellipse":{"center":[108.8550628348972,132.83908486533528],"axes":[26.33967318694872,39.07599777343254],"angle":-68.07842087487634},"norm_pos":[0.34017207135905375,0.446503813061103],"diameter":39.07599777343254,"sphere":{"center":[-3.3309456504771995,-6.4918516897598675,81.03392849978353],"radius":12.0},"projected_sphere":{"center":[134.51454789950878,70.33008861637666],"axes":[183.62678788354376,183.62678788354376],"angle":90.0},"model_confidence":0.895225348909412,"model_id":153,"model_birth_timestamp":347871.839121,"theta":2.303531777444194,"phi":-1.873562421224059,"method":"3d c++","id":1}
1257280,1257277,1,348011.714418,108,106,{"topic":"pupil.1","circle_3d":{"center":[-5.999432787669427,1.605501897449706,72.58928278297907],"normal":[-0.22237392809935225,0.6747794656007978,-0.7037204764003714],"radius":2.2913051168393483},"confidence":0.9998371187752492,"timestamp":348011.714418,"diameter_3d":4.582610233678697,"ellipse":{"center":[108.8285447717056,133.4263325410078],"axes":[26.192742386670137,39.24243641460172],"angle":-68.2435009308409},"norm_pos":[0.34008920241157997,0.44405694774580085],"diameter":39.24243641460172,"sphere":{"center":[-3.3309456504771995,-6.4918516897598675,81.03392849978353],"radius":12.0},"projected_sphere":{"center":[134.51454789950878,70.33008861637666],"axes":[183.62678788354376,183.62678788354376],"angle":90.0},"model_confidence":0.8957030846345915,"model_id":153,"model_birth_timestamp":347871.839121,"theta":2.311462168927924,"phi":-1.8768643711476383,"method":"3d c++","id":1}
1257287,1257283,1,348011.722818,108,105,{"topic":"pupil.1","circle_3d":{"center":[-6.037037429424233,1.6971780372778653,72.69025668135684],"normal":[-0.2255076482455861,0.6824191439198111,-0.6953059848688901],"radius":2.278386694920591},"confidence":0.9990665353319313,"timestamp":348011.722818,"diameter_3d":4.556773389841182,"ellipse":{"center":[108.57745854213186,134.1939979996527],"axes":[25.629939604258862,38.9669538203302],"angle":-68.28999638392278},"norm_pos":[0.3393045579441621,0.44085834166811366],"diameter":38.9669538203302,"sphere":{"center":[-3.3309456504771995,-6.4918516897598675,81.03392849978353],"radius":12.0},"projected_sphere":{"center":[134.51454789950878,70.33008861637666],"axes":[183.62678788354376,183.62678788354376],"angle":90.0},"model_confidence":0.8959097452335474,"model_id":153,"model_birth_timestamp":347871.839121,"theta":2.321863408934157,"phi":-1.8844208888682485,"method":"3d c++","id":1}
1257294,1257289,1,348011.731218,108,105,{"topic":"pupil.1","circle_3d":{"center":[-6.088387252909431,1.7714093569609517,72.7807453149195],"normal":[-0.229786800202686,0.688605087226735,-0.6877652654053354],"radius":2.266214880824056},"confidence":0.9912676759599017,"timestamp":348011.731218,"diameter_3d":4.532429761648112,"ellipse":{"center":[108.20316852646842,134.81304877621625],"axes":[25.11972005007709,38.71092574538658],"angle":-68.19743170321811},"norm_pos":[0.3381349016452138,0.43827896343243233],"diameter":38.71092574538658,"sphere":{"center":[-3.3309456504771995,-6.4918516897598675,81.03392849978353],"radius":12.0},"projected_sphere":{"center":[134.51454789950878,70.33008861637666],"axes":[183.62678788354376,183.62678788354376],"angle":90.0},"model_confidence":0.8960293902981031,"model_id":153,"model_birth_timestamp":347871.839121,"theta":2.330359962846089,"phi":-1.8932425102752528,"method":"3d c++","id":1}
1257302,1257299,1,348011.739618,107,104,{"topic":"pupil.1","circle_3d":{"center":[-6.161794200802483,1.7964718533935642,72.83088093627825],"normal":[-0.23590404586044023,0.6906936285961194,-0.6835872969587726],"radius":2.2776096053275294},"confidence":0.9986223834666209,"timestamp":348011.739618,"diameter_3d":4.555219210655059,"ellipse":{"center":[107.61592074499268,135.01467304015452],"axes":[25.027296409187855,38.8800347054279],"angle":-67.82067100470141},"norm_pos":[0.3362997523281021,0.43743886233268947],"diameter":38.8800347054279,"sphere":{"center":[-3.3309456504771995,-6.4918516897598675,81.03392849978353],"radius":12.0},"projected_sphere":{"center":[134.51454789950878,70.33008861637666],"axes":[183.62678788354376,183.62678788354376],"angle":90.0},"model_confidence":0.8963965559138032,"model_id":153,"model_birth_timestamp":347871.839121,"theta":2.3332441206870413,"phi":-1.9030967149931663,"method":"3d c++","id":1}
1257311,1257306,1,348011.748018,107,105,{"topic":"pupil.1","circle_3d":{"center":[-6.233752139633818,1.784147237701772,72.84359540282318],"normal":[-0.24190054076305154,0.68966657728847,-0.6825277580800286],"radius":2.2833888482750733},"confidence":0.9982019549208949,"timestamp":348011.748018,"diameter_3d":4.5667776965501465,"ellipse":{"center":[107.01489916141648,134.90662441312838],"axes":[25.0213628138972,38.97329763203064],"angle":-67.34072853293654},"norm_pos":[0.3344215598794265,0.43788906494529845],"diameter":38.97329763203064,"sphere":{"center":[-3.3309456504771995,-6.4918516897598675,81.03392849978353],"radius":12.0},"projected_sphere":{"center":[134.51454789950878,70.33008861637666],"axes":[183.62678788354376,183.62678788354376],"angle":90.0},"model_confidence":0.8963878671412462,"model_id":153,"model_birth_timestamp":347871.839121,"theta":2.331824830726587,"phi":-1.9114021128457999,"method":"3d c++","id":1}
1257319,1257317,1,348011.756418,106,105,{"topic":"pupil.1","circle_3d":{"center":[-6.306140053627251,1.7338844450724427,72.81897364272079],"normal":[-0.247932866929171,0.6854780112360258,-0.6845795714218945],"radius":2.2852778368198137},"confidence":0.9982794585665872,"timestamp":348011.756418,"diameter_3d":4.570555673639627,"ellipse":{"center":[106.38343967406658,134.48378198034584],"axes":[25.121352900400314,39.02036529470177],"angle":-66.73872596287347},"norm_pos":[0.3324482489814581,0.4396509084152257],"diameter":39.02036529470177,"sphere":{"center":[-3.3309456504771995,-6.4918516897598675,81.03392849978353],"radius":12.0},"projected_sphere":{"center":[134.51454789950878,70.33008861637666],"axes":[183.62678788354376,183.62678788354376],"angle":90.0},"model_confidence":0.8963338415880373,"model_id":153,"model_birth_timestamp":347871.839121,"theta":2.3260563475920017,"phi":-1.9182699113740003,"method":"3d c++","id":1}
1257333,1257331,1,348011.764818,105,106,{"topic":"pupil.1","circle_3d":{"center":[-6.372876026271301,1.6689424739973777,72.77874235981025],"normal":[-0.2534941979828418,0.6800661803131037,-0.6879321783311062],"radius":2.288243092984718},"confidence":0.997759101815734,"timestamp":348011.764818,"diameter_3d":4.576486185969436,"ellipse":{"center":[105.78830578710216,133.93819346182627],"axes":[25.297161711555503,39.09425015055573],"angle":-66.12056293104754},"norm_pos":[0.33058845558469424,0.44192419390905724],"diameter":39.09425015055573,"sphere":{"center":[-3.3309456504771995,-6.4918516897598675,81.03392849978353],"radius":12.0},"projected_sphere":{"center":[134.51454789950878,70.33008861637666],"axes":[183.62678788354376,183.62678788354376],"angle":90.0},"model_confidence":0.8961443250056322,"model_id":153,"model_birth_timestamp":347871.839121,"theta":2.318649226035011,"phi":-1.9238449499475183,"method":"3d c++","id":1}
1257338,1257333,1,348011.773218,105,106,{"topic":"pupil.1","circle_3d":{"center":[-6.433724040394855,1.606675281434148,72.74015811714675],"normal":[-0.2585648658264713,0.6748772475995013,-0.6911475318863985],"radius":2.3121037022105706},"confidence":0.9947487051653048,"timestamp":348011.773218,"diameter_3d":4.624207404421141,"ellipse":{"center":[105.245266843897,133.40937483900925],"axes":[25.700758902099125,39.524604161798074],"angle":-65.54276085139327},"norm_pos":[0.32889145888717813,0.4441276048374615],"diameter":39.524604161798074,"sphere":{"center":[-3.3309456504771995,-6.4918516897598675,81.03392849978353],"radius":12.0},"projected_sphere":{"center":[134.51454789950878,70.33008861637666],"axes":[183.62678788354376,183.62678788354376],"angle":90.0},"model_confidence":0.8962187376358344,"model_id":153,"model_birth_timestamp":347871.839121,"theta":2.311594669400021,"phi":-1.9287860667279675,"method":"3d c++","id":1}
1257349,1257345,1,348011.781618,104,107,{"topic":"pupil.1","circle_3d":{"center":[-6.473492040467546,1.5265822417560528,72.67754653910983],"normal":[-0.26187886583252884,0.6682028276263267,-0.6963651633894749],"radius":2.2966331488383998},"confidence":0.9752597277587808,"timestamp":348011.781618,"diameter_3d":4.5932662976767995,"ellipse":{"center":[104.86026545979776,132.74148698879821],"axes":[25.76977295959384,39.29511320102124],"angle":-65.02757753577734},"norm_pos":[0.327688329561868,0.44691047088000746],"diameter":39.29511320102124,"sphere":{"center":[-3.3309456504771995,-6.4918516897598675,81.03392849978353],"radius":12.0},"projected_sphere":{"center":[134.51454789950878,70.33008861637666],"axes":[183.62678788354376,183.62678788354376],"angle":90.0},"model_confidence":0.8960357381111672,"model_id":153,"model_birth_timestamp":347871.839121,"theta":2.302586863789584,"phi":-1.9305007468803623,"method":"3d c++","id":1}
1257354,1257350,1,348011.790017,104,107,{"topic":"pupil.1","circle_3d":{"center":[-6.467918994182385,1.4663478007194595,72.61808278407452],"normal":[-0.2614144453087655,0.6631832908732772,-0.7013204763090841],"radius":2.3090916217347806},"confidence":0.9982910220861279,"timestamp":348011.790017,"diameter_3d":4.618183243469561,"ellipse":{"center":[104.86468385979003,132.2341324803738],"axes":[26.15244659392752,39.54109506871338],"angle":-64.85245237754015},"norm_pos":[0.32770213706184387,0.44902444799844254],"diameter":39.54109506871338,"sphere":{"center":[-3.3309456504771995,-6.4918516897598675,81.03392849978353],"radius":12.0},"projected_sphere":{"center":[134.51454789950878,70.33008861637666],"axes":[183.62678788354376,183.62678788354376],"angle":90.0},"model_confidence":0.8959965969964401,"model_id":153,"model_birth_timestamp":347871.839121,"theta":2.295860254118786,"phi":-1.9275894784815,"method":"3d c++","id":1}
1257366,1257363,1,348011.798417,104,107,{"topic":"pupil.1","circle_3d":{"center":[-6.4704508271798815,1.4477710204207481,72.60149715019986],"normal":[-0.26162543139189015,0.6616352258483846,-0.7027026124653049],"radius":2.308764686648267},"confidence":0.9979850765589703,"timestamp":348011.798417,"diameter_3d":4.617529373296534,"ellipse":{"center":[104.83087270531098,132.0783051311041],"axes":[26.215375000904714,39.54471186356841],"angle":-64.77195283389946},"norm_pos":[0.3275964772040968,0.44967372862039967],"diameter":39.54471186356841,"sphere":{"center":[-3.3309456504771995,-6.4918516897598675,81.03392849978353],"radius":12.0},"projected_sphere":{"center":[134.51454789950878,70.33008861637666],"axes":[183.62678788354376,183.62678788354376],"angle":90.0},"model_confidence":0.895724168805867,"model_id":153,"model_birth_timestamp":347871.839121,"theta":2.2937938026079028,"phi":-1.9272093345523418,"method":"3d c++","id":1}
1257371,1257368,1,348011.806817,105,107,{"topic":"pupil.1","circle_3d":{"center":[-6.4500806974379845,1.457875003761509,72.6034574538019],"normal":[-0.25992792058006536,0.6624772244601147,-0.7025392538318026],"radius":2.3014126640949333},"confidence":0.9982514523816283,"timestamp":348011.806817,"diameter_3d":4.602825328189867,"ellipse":{"center":[105.0050644455983,132.16583040139105],"axes":[26.129553508242203,39.41721876961305],"angle":-64.93228119653034},"norm_pos":[0.32814082639249464,0.449309039994204],"diameter":39.41721876961305,"sphere":{"center":[-3.3309456504771995,-6.4918516897598675,81.03392849978353],"radius":12.0},"projected_sphere":{"center":[134.51454789950878,70.33008861637666],"axes":[183.62678788354376,183.62678788354376],"angle":90.0},"model_confidence":0.8957231161170531,"model_id":153,"model_birth_timestamp":347871.839121,"theta":2.2949172852597246,"phi":-1.9251617183674647,"method":"3d c++","id":1}
1257381,1257380,1,348011.815217,105,107,{"topic":"pupil.1","circle_3d":{"center":[-6.423935987874064,1.48309897767634,72.61766016846659],"normal":[-0.257749194783072,0.6645792222863506,-0.7013556942764116],"radius":2.3189996289460364},"confidence":0.995083794645598,"timestamp":348011.815217,"diameter_3d":4.637999257892073,"ellipse":{"center":[105.2392066866694,132.37420605879234],"axes":[26.27881576643496,39.710166631542755],"angle":-65.18041703524767},"norm_pos":[0.3288725208958419,0.4484408080883653],"diameter":39.710166631542755,"sphere":{"center":[-3.3309456504771995,-6.4918516897598675,81.03392849978353],"radius":12.0},"projected_sphere":{"center":[134.51454789950878,70.33008861637666],"axes":[183.62678788354376,183.62678788354376],"angle":90.0},"model_confidence":0.8957318702280448,"model_id":153,"model_birth_timestamp":347871.839121,"theta":2.2977268777608333,"phi":-1.9229767242512146,"method":"3d c++","id":1}
1257389,1257384,1,348011.823617,105,107,{"topic":"pupil.1","circle_3d":{"center":[-6.386805708473377,1.504224339029137,72.62414327970987],"normal":[-0.2546550048330148,0.6663396690657504,-0.7008154350061389],"radius":2.294238792812852},"confidence":0.9986676371845614,"timestamp":348011.823617,"diameter_3d":4.588477585625704,"ellipse":{"center":[105.55794042499791,132.5591612261776],"axes":[25.98200102732773,39.2816235672047],"angle":-65.48163551481102},"norm_pos":[0.32986856382811847,0.4476701615575933],"diameter":39.2816235672047,"sphere":{"center":[-3.3309456504771995,-6.4918516897598675,81.03392849978353],"radius":12.0},"projected_sphere":{"center":[134.51454789950878,70.33008861637666],"axes":[183.62678788354376,183.62678788354376],"angle":90.0},"model_confidence":0.8956426528864081,"model_id":153,"model_birth_timestamp":347871.839121,"theta":2.300085355730488,"phi":-1.9193316769086686,"method":"3d c++","id":1}
1257400,1257396,1,348011.832017,105,107,{"topic":"pupil.1","circle_3d":{"center":[-6.358891470147794,1.5318476313341023,72.64037184495504],"normal":[-0.25232881830588294,0.6686416100911642,-0.6994630545690403],"radius":2.3067223029362967},"confidence":0.9988048660203762,"timestamp":348011.832017,"diameter_3d":4.613444605872593,"ellipse":{"center":[105.80803351545431,132.7888058294014],"axes":[26.065369754274027,39.48594651400411],"angle":-65.7477122960513},"norm_pos":[0.3306501047357947,0.44671330904416073],"diameter":39.48594651400411,"sphere":{"center":[-3.3309456504771995,-6.4918516897598675,81.03392849978353],"radius":12.0},"projected_sphere":{"center":[134.51454789950878,70.33008861637666],"axes":[183.62678788354376,183.62678788354376],"angle":90.0},"model_confidence":0.8956761686837567,"model_id":153,"model_birth_timestamp":347871.839121,"theta":2.3031767980140536,"phi":-1.9170125649001832,"method":"3d c++","id":1}
1257406,1257405,1,348011.840417,106,107,{"topic":"pupil.1","circle_3d":{"center":[-6.324244496078592,1.552357988567481,72.6475793136343],"normal":[-0.2494415704667827,0.670350806527279,-0.6988624321791032],"radius":2.299073832357578},"confidence":0.9987415232380616,"timestamp":348011.840417,"diameter_3d":4.598147664715156,"ellipse":{"center":[106.10730632089911,132.96410809769003],"axes":[25.95916657063088,39.35027904117329],"angle":-66.03077847800111},"norm_pos":[0.33158533225280973,0.4459828829262915],"diameter":39.35027904117329,"sphere":{"center":[-3.3309456504771995,-6.4918516897598675,81.03392849978353],"radius":12.0},"projected_sphere":{"center":[134.51454789950878,70.33008861637666],"axes":[183.62678788354376,183.62678788354376],"angle":90.0},"model_confidence":0.8956775471016698,"model_id":153,"model_birth_timestamp":347871.839121,"theta":2.305477770185439,"phi":-1.9136271641517093,"method":"3d c++","id":1}
1257417,1257411,1,348011.848817,106,106,{"topic":"pupil.1","circle_3d":{"center":[-6.298551862312973,1.560358325137008,72.64612621029981],"normal":[-0.24730051765298106,0.6710175012414062,-0.6989835241236427],"radius":2.3125672054367428},"confidence":0.9982507158893261,"timestamp":348011.848817,"diameter_3d":4.6251344108734855,"ellipse":{"center":[106.32565472743167,133.02898178103328],"axes":[26.12459868628454,39.58161701063873],"angle":-66.21648471203363},"norm_pos":[0.33226767102322396,0.44571257591236135],"diameter":39.58161701063873,"sphere":{"center":[-3.3309456504771995,-6.4918516897598675,81.03392849978353],"radius":12.0},"projected_sphere":{"center":[134.51454789950878,70.33008861637666],"axes":[183.62678788354376,183.62678788354376],"angle":90.0},"model_confidence":0.8956111079498563,"model_id":153,"model_birth_timestamp":347871.839121,"theta":2.3063765919316372,"phi":-1.9108526142970654,"method":"3d c++","id":1}
1257424,1257423,1,348011.857217,106,106,{"topic":"pupil.1","circle_3d":{"center":[-6.254315585767033,1.5773009315376747,72.64687393959075],"normal":[-0.24361416127415284,0.6724293851081286,-0.6989212133493984],"radius":2.313313395098779},"confidence":0.9988398436038605,"timestamp":348011.857217,"diameter_3d":4.626626790197558,"ellipse":{"center":[106.70235128781925,133.17274199687714],"axes":[26.142007168621586,39.593062187270576],"angle":-66.54720293889619},"norm_pos":[0.33344484777443517,0.44511357501301196],"diameter":39.593062187270576,"sphere":{"center":[-3.3309456504771995,-6.4918516897598675,81.03392849978353],"radius":12.0},"projected_sphere":{"center":[134.51454789950878,70.33008861637666],"axes":[183.62678788354376,183.62678788354376],"angle":90.0},"model_confidence":0.8956808753586398,"model_id":153,"model_birth_timestamp":347871.839121,"theta":2.308282478512907,"phi":-1.906185401952291,"method":"3d c++","id":1}
1257432,1257430,1,348011.865617,106,106,{"topic":"pupil.1","circle_3d":{"center":[-6.231714552084213,1.582389600164328,72.64392448479326],"normal":[-0.24173074180058443,0.6728534408270163,-0.6991670012491894],"radius":2.3134899759275975},"confidence":0.9989895192352422,"timestamp":348011.865617,"diameter_3d":4.626979951855195,"ellipse":{"center":[106.89242426491228,133.2163793821072],"axes":[26.162115767445353,39.597245094177815],"angle":-66.70461006672974},"norm_pos":[0.3340388258278509,0.4449317525745534],"diameter":39.597245094177815,"sphere":{"center":[-3.3309456504771995,-6.4918516897598675,81.03392849978353],"radius":12.0},"projected_sphere":{"center":[134.51454789950878,70.33008861637666],"axes":[183.62678788354376,183.62678788354376],"angle":90.0},"model_confidence":0.8958620575530651,"model_id":153,"model_birth_timestamp":347871.839121,"theta":2.308855551125518,"phi":-1.9036719655278422,"method":"3d c++","id":1}
1257439,1257434,1,348011.874017,107,106,{"topic":"pupil.1","circle_3d":{"center":[-6.199533187170491,1.6068238010062252,72.65641927331338],"normal":[-0.23904896139110768,0.6748896242305077,-0.6981257688725125],"radius":2.3078028543903364},"confidence":0.9989611229549048,"timestamp":348011.874017,"diameter_3d":4.615605708780673,"ellipse":{"center":[107.1745102024765,133.42375511568255],"axes":[26.055646985399225,39.49230249109716],"angle":-66.98500531786354},"norm_pos":[0.33492034438273904,0.4440676870179894],"diameter":39.49230249109716,"sphere":{"center":[-3.3309456504771995,-6.4918516897598675,81.03392849978353],"radius":12.0},"projected_sphere":{"center":[134.51454789950878,70.33008861637666],"axes":[183.62678788354376,183.62678788354376],"angle":90.0},"model_confidence":0.8959673864242568,"model_id":153,"model_birth_timestamp":347871.839121,"theta":2.311611441621982,"phi":-1.9006982825327925,"method":"3d c++","id":1}
1257447,1257445,1,348011.882416,107,106,{"topic":"pupil.1","circle_3d":{"center":[-6.177476129874698,1.636050329582197,72.67722621994633],"normal":[-0.23721087328312487,0.6773251682785054,-0.6963918566531],"radius":2.300155406497054},"confidence":0.9988166806710365,"timestamp":348011.882416,"diameter_3d":4.600310812994108,"ellipse":{"center":[107.37619170708126,133.67105856503667],"axes":[25.8909252677549,39.34949383620437],"angle":-67.21700986061037},"norm_pos":[0.3355505990846289,0.4430372559790139],"diameter":39.34949383620437,"sphere":{"center":[-3.3309456504771995,-6.4918516897598675,81.03392849978353],"radius":12.0},"projected_sphere":{"center":[134.51454789950878,70.33008861637666],"axes":[183.62678788354376,183.62678788354376],"angle":90.0},"model_confidence":0.8961250767337781,"model_id":153,"model_birth_timestamp":347871.839121,"theta":2.314917003177775,"phi":-1.8990980477901325,"method":"3d c++","id":1}
1257455,1257451,1,348011.890816,107,106,{"topic":"pupil.1","circle_3d":{"center":[-6.141923989207761,1.6686888434037908,72.69702385922415],"normal":[-0.23424819489421353,0.6800450444303048,-0.6947420533799488],"radius":2.298113917940543},"confidence":0.9987023330677199,"timestamp":348011.890816,"diameter_3d":4.596227835881086,"ellipse":{"center":[107.6921014395185,133.94597446808132],"axes":[25.79734771143536,39.3029738051088],"angle":-67.5430610705944},"norm_pos":[0.3365378169984953,0.4418917730496612],"diameter":39.3029738051088,"sphere":{"center":[-3.3309456504771995,-6.4918516897598675,81.03392849978353],"radius":12.0},"projected_sphere":{"center":[134.51454789950878,70.33008861637666],"axes":[183.62678788354376,183.62678788354376],"angle":90.0},"model_confidence":0.8961327307244527,"model_id":153,"model_birth_timestamp":347871.839121,"theta":2.3186203975835182,"phi":-1.895998504240708,"method":"3d c++","id":1}
1257462,1257456,1,348011.899216,107,105,{"topic":"pupil.1","circle_3d":{"center":[-6.108517151829169,1.6918097753715653,72.70849868631443],"normal":[-0.23146429177933078,0.6819717887609528,-0.6937858177890921],"radius":2.315428968817592},"confidence":0.9991937682704498,"timestamp":348011.899216,"diameter_3d":4.630857937635184,"ellipse":{"center":[107.98505601953848,134.13634542257014],"axes":[25.954069194163193,39.59223632255729],"angle":-67.8246447100957},"norm_pos":[0.3374533000610577,0.4410985607392911],"diameter":39.59223632255729,"sphere":{"center":[-3.3309456504771995,-6.4918516897598675,81.03392849978353],"radius":12.0},"projected_sphere":{"center":[134.51454789950878,70.33008861637666],"axes":[183.62678788354376,183.62678788354376],"angle":90.0},"model_confidence":0.8962356074638356,"model_id":153,"model_birth_timestamp":347871.839121,"theta":2.3212515740976043,"phi":-1.8928093560390853,"method":"3d c++","id":1}
1257471,1257470,1,348011.907616,108,105,{"topic":"pupil.1","circle_3d":{"center":[-6.070734112098043,1.7229815162754942,72.72669824038972],"normal":[-0.2283157051350702,0.6845694338362802,-0.6922691882828171],"radius":2.2931515654380554},"confidence":0.999000013772776,"timestamp":348011.907616,"diameter_3d":4.586303130876111,"ellipse":{"center":[108.317251465879,134.40387056655072],"axes":[25.64062113296468,39.20040043770655],"angle":-68.15816133873403},"norm_pos":[0.33849141083087186,0.439983872639372],"diameter":39.20040043770655,"sphere":{"center":[-3.3309456504771995,-6.4918516897598675,81.03392849978353],"radius":12.0},"projected_sphere":{"center":[134.51454789950878,70.33008861637666],"axes":[183.62678788354376,183.62678788354376],"angle":90.0},"model_confidence":0.8962752544383168,"model_id":153,"model_birth_timestamp":347871.839121,"theta":2.3248091935462294,"phi":-1.8893704574630665,"method":"3d c++","id":1}
1257480,1257473,1,348011.916016,108,105,{"topic":"pupil.1","circle_3d":{"center":[-6.036949162015304,1.7417631481960925,72.73422177630619],"normal":[-0.22550029262817536,0.6861345698296634,-0.6916422269564447],"radius":2.3137010260032316},"confidence":0.9991130790647779,"timestamp":348011.916016,"diameter_3d":4.627402052006463,"ellipse":{"center":[108.61064932284953,134.55706818097576],"axes":[25.848873385181157,39.5470324997506],"angle":-68.42756161810479},"norm_pos":[0.33940827913390476,0.4393455492459343],"diameter":39.5470324997506,"sphere":{"center":[-3.3309456504771995,-6.4918516897598675,81.03392849978353],"radius":12.0},"projected_sphere":{"center":[134.51454789950878,70.33008861637666],"axes":[183.62678788354376,183.62678788354376],"angle":90.0},"model_confidence":0.8963309413508536,"model_id":153,"model_birth_timestamp":347871.839121,"theta":2.326958481415912,"phi":-1.885965002871132,"method":"3d c++","id":1}
1257488,1257486,1,348011.924416,108,105,{"topic":"pupil.1","circle_3d":{"center":[-5.991151718431693,1.7530591905126247,72.7306310672943],"normal":[-0.22168383899620786,0.6870759066893743,-0.6919414527074365],"radius":2.293203662841501},"confidence":0.9989662057156566,"timestamp":348011.924416,"diameter_3d":4.586407325683002,"ellipse":{"center":[108.99590790514304,134.6587023220857],"axes":[25.645861599522856,39.197519283431085],"angle":-68.7497065970027},"norm_pos":[0.340612212203572,0.4389220736579762],"diameter":39.197519283431085,"sphere":{"center":[-3.3309456504771995,-6.4918516897598675,81.03392849978353],"radius":12.0},"projected_sphere":{"center":[134.51454789950878,70.33008861637666],"axes":[183.62678788354376,183.62678788354376],"angle":90.0},"model_confidence":0.8963613214443722,"model_id":153,"model_birth_timestamp":347871.839121,"theta":2.3282532512934546,"phi":-1.8808434591816778,"method":"3d c++","id":1}
1257500,1257498,1,348011.932816,109,105,{"topic":"pupil.1","circle_3d":{"center":[-5.965721492837382,1.7392886896805706,72.70888890141163],"normal":[-0.2195646535300152,0.6859283649533698,-0.6937532998643258],"radius":2.298516075139786},"confidence":0.998520709176728,"timestamp":348011.932816,"diameter_3d":4.597032150279572,"ellipse":{"center":[109.19741051314294,134.54387797559605],"axes":[25.79967935512808,39.299739131530764],"angle":-68.86845464050043},"norm_pos":[0.34124190785357167,0.43940050843501643],"diameter":39.299739131530764,"sphere":{"center":[-3.3309456504771995,-6.4918516897598675,81.03392849978353],"radius":12.0},"projected_sphere":{"center":[134.51454789950878,70.33008861637666],"axes":[183.62678788354376,183.62678788354376],"angle":90.0},"model_confidence":0.8963953499363964,"model_id":153,"model_birth_timestamp":347871.839121,"theta":2.326675066282124,"phi":-1.8773103321257698,"method":"3d c++","id":1}
1257507,1257503,1,348011.941216,109,105,{"topic":"pupil.1","circle_3d":{"center":[-5.934412436446875,1.7466117019851968,72.70628287588544],"normal":[-0.21695556549747302,0.6865386159787554,-0.6939704686581748],"radius":2.294338301342032},"confidence":0.9989231395387359,"timestamp":348011.941216,"diameter_3d":4.588676602684064,"ellipse":{"center":[109.46139472334913,134.6075542951662],"axes":[25.771235943829634,39.229051677847394],"angle":-69.08858838567056},"norm_pos":[0.34206685851046603,0.4391351904368075],"diameter":39.229051677847394,"sphere":{"center":[-3.3309456504771995,-6.4918516897598675,81.03392849978353],"radius":12.0},"projected_sphere":{"center":[134.51454789950878,70.33008861637666],"axes":[183.62678788354376,183.62678788354376],"angle":90.0},"model_confidence":0.8963025011329395,"model_id":153,"model_birth_timestamp":347871.839121,"theta":2.3275140362521287,"phi":-1.8737990708403252,"method":"3d c++","id":1}
1257515,1257509,1,348011.949616,109,105,{"topic":"pupil.1","circle_3d":{"center":[-5.910885566137161,1.7501037202132324,72.70241716920253],"normal":[-0.21499499297166347,0.6868296174977583,-0.6942926108817501],"radius":2.3018081845038108},"confidence":0.9926549212732612,"timestamp":348011.949616,"diameter_3d":4.6036163690076215,"ellipse":{"center":[109.6591051242452,134.6359710708998],"axes":[25.87687513035558,39.358473253830304],"angle":-69.24820485506476},"norm_pos":[0.34268470351326624,0.43901678720458415],"diameter":39.358473253830304,"sphere":{"center":[-3.3309456504771995,-6.4918516897598675,81.03392849978353],"radius":12.0},"projected_sphere":{"center":[134.51454789950878,70.33008861637666],"axes":[183.62678788354376,183.62678788354376],"angle":90.0},"model_confidence":0.896348474326647,"model_id":153,"model_birth_timestamp":347871.839121,"theta":2.3279143377205287,"phi":-1.8710922272546895,"method":"3d c++","id":1}
1257523,1257519,1,348011.958016,110,105,{"topic":"pupil.1","circle_3d":{"center":[-5.86626252220997,1.7512335643302688,72.68984593465338],"normal":[-0.21127640597773084,0.686923771174178,-0.6953402137608456],"radius":2.301745313354623},"confidence":0.9991794476185705,"timestamp":348011.958016,"diameter_3d":4.603490626709246,"ellipse":{"center":[110.02981224592736,134.64760163191016],"axes":[25.938406609489135,39.3633647172137],"angle":-69.53548752853473},"norm_pos":[0.343843163268523,0.43896832653370765],"diameter":39.3633647172137,"sphere":{"center":[-3.3309456504771995,-6.4918516897598675,81.03392849978353],"radius":12.0},"projected_sphere":{"center":[134.51454789950878,70.33008861637666],"axes":[183.62678788354376,183.62678788354376],"angle":90.0},"model_confidence":0.8965020650591904,"model_id":153,"model_birth_timestamp":347871.839121,"theta":2.3280438878698924,"phi":-1.8657778994807181,"method":"3d c++","id":1}
1257530,1257524,1,348011.966416,110,105,{"topic":"pupil.1","circle_3d":{"center":[-5.844947828936608,1.7461411622947782,72.67837544710066],"normal":[-0.20950018153828404,0.6864994043378871,-0.6962960877235719],"radius":2.285215825642807},"confidence":0.9992839730940125,"timestamp":348011.966416,"diameter_3d":4.570431651285614,"ellipse":{"center":[110.20234836782568,134.61030838204093],"axes":[25.803445055245444,39.08634253617869],"angle":-69.6566575890854},"norm_pos":[0.3443823386494552,0.4391237150748295],"diameter":39.08634253617869,"sphere":{"center":[-3.3309456504771995,-6.4918516897598675,81.03392849978353],"radius":12.0},"projected_sphere":{"center":[134.51454789950878,70.33008861637666],"axes":[183.62678788354376,183.62678788354376],"angle":90.0},"model_confidence":0.8966319172822868,"model_id":153,"model_birth_timestamp":347871.839121,"theta":2.3274601083170348,"phi":-1.8630584406376098,"method":"3d c++","id":1}
1257539,1257535,1,348011.974815,110,105,{"topic":"pupil.1","circle_3d":{"center":[-5.820465682264668,1.7559984595517033,72.68076993994342],"normal":[-0.2074600026489557,0.6873208457759642,-0.6960965466533422],"radius":2.271726149345861},"confidence":0.9989731391348124,"timestamp":348011.974815,"diameter_3d":4.543452298691722,"ellipse":{"center":[110.41128294070722,134.6970691181346],"axes":[25.647480280120494,38.85370393354163],"angle":-69.84220227902262},"norm_pos":[0.34503525918971006,0.43876221200777243],"diameter":38.85370393354163,"sphere":{"center":[-3.3309456504771995,-6.4918516897598675,81.03392849978353],"radius":12.0},"projected_sphere":{"center":[134.51454789950878,70.33008861637666],"axes":[183.62678788354376,183.62678788354376],"angle":90.0},"model_confidence":0.896628341545902,"model_id":153,"model_birth_timestamp":347871.839121,"theta":2.328590414773479,"phi":-1.8604479023695903,"method":"3d c++","id":1}
1257547,1257541,1,348011.983215,110,105,{"topic":"pupil.1","circle_3d":{"center":[-5.80866341338451,1.7343145180129316,72.6559153576674],"normal":[-0.20647648024227583,0.6855138506477332,-0.6981677618430104],"radius":2.28179333757346},"confidence":0.9989840198836022,"timestamp":348011.983215,"diameter_3d":4.56358667514692,"ellipse":{"center":[110.49563617222654,134.51421948110377],"axes":[25.864122938193336,39.03923586566544],"angle":-69.85461183223927},"norm_pos":[0.34529886303820795,0.439524085495401],"diameter":39.03923586566544,"sphere":{"center":[-3.3309456504771995,-6.4918516897598675,81.03392849978353],"radius":12.0},"projected_sphere":{"center":[134.51454789950878,70.33008861637666],"axes":[183.62678788354376,183.62678788354376],"angle":90.0},"model_confidence":0.8967096230098948,"model_id":153,"model_birth_timestamp":347871.839121,"theta":2.3261055723833377,"phi":-1.8583407528318616,"method":"3d c++","id":1}
1257555,1257554,1,348011.991615,110,105,{"topic":"pupil.1","circle_3d":{"center":[-5.793724491889288,1.729309985014753,72.64660347356033],"normal":[-0.20523157011767404,0.6850968062312184,-0.6989437521852662],"radius":2.2867928459870663},"confidence":0.9988893884314463,"timestamp":348011.991615,"diameter_3d":4.573585691974133,"ellipse":{"center":[110.61674992468969,134.47189551198719],"axes":[25.962124281395333,39.12958210537848],"angle":-69.9360898161394},"norm_pos":[0.3456773435146553,0.4397004353667201],"diameter":39.12958210537848,"sphere":{"center":[-3.3309456504771995,-6.4918516897598675,81.03392849978353],"radius":12.0},"projected_sphere":{"center":[134.51454789950878,70.33008861637666],"axes":[183.62678788354376,183.62678788354376],"angle":90.0},"model_confidence":0.8968132216101377,"model_id":153,"model_birth_timestamp":347871.839121,"theta":2.3255329104156885,"phi":-1.85639983093722,"method":"3d c++","id":1}
1257565,1257558,1,348012.000015,110,105,{"topic":"pupil.1","circle_3d":{"center":[-5.777187690691374,1.7333905156781864,72.64576478282083],"normal":[-0.20385350335118124,0.6854368504531712,-0.6990136430802243],"radius":2.283597125980033},"confidence":0.9986244637188577,"timestamp":348012.000015,"diameter_3d":4.567194251960066,"ellipse":{"center":[110.75663278297054,134.50752764657364],"axes":[25.933298854697185,39.0749881851882],"angle":-70.05450400920671},"norm_pos":[0.3461144774467829,0.43955196813927655],"diameter":39.0749881851882,"sphere":{"center":[-3.3309456504771995,-6.4918516897598675,81.03392849978353],"radius":12.0},"projected_sphere":{"center":[134.51454789950878,70.33008861637666],"axes":[183.62678788354376,183.62678788354376],"angle":90.0},"model_confidence":0.8969072449469984,"model_id":153,"model_birth_timestamp":347871.839121,"theta":2.325999816806838,"phi":-1.854556847529308,"method":"3d c++","id":1}
1257572,1257570,1,348012.008415,110,105,{"topic":"pupil.1","circle_3d":{"center":[-5.753291008096648,1.7249228413220568,72.63054470075454],"normal":[-0.201862113134954,0.6847312109234938,-0.7002819832524159],"radius":2.274422098378316},"confidence":0.9989216257723846,"timestamp":348012.008415,"diameter_3d":4.548844196756632,"ellipse":{"center":[110.94930777917804,134.44023389157755],"axes":[25.895980260834982,38.92567312916502],"angle":-70.18432370343888},"norm_pos":[0.3467165868099314,0.4398323587850935],"diameter":38.92567312916502,"sphere":{"center":[-3.3309456504771995,-6.4918516897598675,81.03392849978353],"radius":12.0},"projected_sphere":{"center":[134.51454789950878,70.33008861637666],"axes":[183.62678788354376,183.62678788354376],"angle":90.0},"model_confidence":0.8969157849460729,"model_id":153,"model_birth_timestamp":347871.839121,"theta":2.325031149058176,"phi":-1.8514464403901407,"method":"3d c++","id":1}
1257584,1257581,1,348012.016815,111,105,{"topic":"pupil.1","circle_3d":{"center":[-5.742844089267718,1.716701606911501,72.61951237644702],"normal":[-0.20099153656587657,0.6840461080559475,-0.701201343611376],"radius":2.26692320628367},"confidence":0.9991520155502032,"timestamp":348012.016815,"diameter_3d":4.53384641256734,"ellipse":{"center":[111.03049805329657,134.37392564805367],"axes":[25.857231548546615,38.80301721307848],"angle":-70.2282300557498},"norm_pos":[0.3469703064165518,0.4401086431331097],"diameter":38.80301721307848,"sphere":{"center":[-3.3309456504771995,-6.4918516897598675,81.03392849978353],"radius":12.0},"projected_sphere":{"center":[134.51454789950878,70.33008861637666],"axes":[183.62678788354376,183.62678788354376],"angle":90.0},"model_confidence":0.897139352890286,"model_id":153,"model_birth_timestamp":347871.839121,"theta":2.3240915157804656,"phi":-1.849950549309607,"method":"3d c++","id":1}
1257591,1257585,1,348012.025215,111,105,{"topic":"pupil.1","circle_3d":{"center":[-5.741507556987369,1.7275359363739184,72.62971179944549],"normal":[-0.20088015887584748,0.6849489688444822,-0.7003513916948368],"radius":2.2681706987464714},"confidence":0.9992557924177657,"timestamp":348012.025215,"diameter_3d":4.536341397492943,"ellipse":{"center":[111.04864423543196,134.46415316752115],"axes":[25.8309660493178,38.81883884563009],"angle":-70.26812755806236},"norm_pos":[0.3470270132357249,0.43973269513532853],"diameter":38.81883884563009,"sphere":{"center":[-3.3309456504771995,-6.4918516897598675,81.03392849978353],"radius":12.0},"projected_sphere":{"center":[134.51454789950878,70.33008861637666],"axes":[183.62678788354376,183.62678788354376],"angle":90.0},"model_confidence":0.8973924580019665,"model_id":153,"model_birth_timestamp":347871.839121,"theta":2.3253299824605773,"phi":-1.8501250394126427,"method":"3d c++","id":1}
1257599,1257598,1,348012.033615,111,105,{"topic":"pupil.1","circle_3d":{"center":[-5.725441548056729,1.7296226026716344,72.62716040167574],"normal":[-0.1995413247982941,0.6851228577026252,-0.7005640081756487],"radius":2.273384817736694},"confidence":0.9992059310887269,"timestamp":348012.033615,"diameter_3d":4.546769635473388,"ellipse":{"center":[111.18389577137626,134.48100428306907],"axes":[25.904597856276823,38.90917427836716],"angle":-70.37819057169077},"norm_pos":[0.3474496742855508,0.43966248215387893],"diameter":38.90917427836716,"sphere":{"center":[-3.3309456504771995,-6.4918516897598675,81.03392849978353],"radius":12.0},"projected_sphere":{"center":[134.51454789950878,70.33008861637666],"axes":[183.62678788354376,183.62678788354376],"angle":90.0},"model_confidence":0.8976420236359584,"model_id":153,"model_birth_timestamp":347871.839121,"theta":2.325568673799297,"phi":-1.8482778231237953,"method":"3d c++","id":1}
1257607,1257603,1,348012.042015,111,105,{"topic":"pupil.1","circle_3d":{"center":[-5.736209410879397,1.7236452901068535,72.62439131770884],"normal":[-0.20043864670018308,0.6846247483222268,-0.7007947651728906],"radius":2.2608417468233526},"confidence":0.9990096900760608,"timestamp":348012.042015,"diameter_3d":4.521683493646705,"ellipse":{"center":[111.08981858145566,134.43373304739256],"axes":[25.769948764326045,38.69610349728651],"angle":-70.29125902737297},"norm_pos":[0.3471556830670489,0.4398594456358643],"diameter":38.69610349728651,"sphere":{"center":[-3.3309456504771995,-6.4918516897598675,81.03392849978353],"radius":12.0},"projected_sphere":{"center":[134.51454789950878,70.33008861637666],"axes":[183.62678788354376,183.62678788354376],"angle":90.0},"model_confidence":0.8977931892398705,"model_id":153,"model_birth_timestamp":347871.839121,"theta":2.324885078908309,"phi":-1.8493750799451871,"method":"3d c++","id":1}
1257616,1257615,1,348012.050415,111,105,{"topic":"pupil.1","circle_3d":{"center":[-5.745029715298129,1.718686104966059,72.62207571639777],"normal":[-0.20117367206841083,0.6842114828938273,-0.7009877319488134],"radius":2.264129497373907},"confidence":0.9989776345546918,"timestamp":348012.050415,"diameter_3d":4.528258994747814,"ellipse":{"center":[111.01344332508685,134.3910977323589],"axes":[25.81455102043113,38.75383424730975],"angle":-70.21980774602622},"norm_pos":[0.3469170103908964,0.4400370927818379],"diameter":38.75383424730975,"sphere":{"center":[-3.3309456504771995,-6.4918516897598675,81.03392849978353],"radius":12.0},"projected_sphere":{"center":[134.51454789950878,70.33008861637666],"axes":[183.62678788354376,183.62678788354376],"angle":90.0},"model_confidence":0.8981521358608857,"model_id":153,"model_birth_timestamp":347871.839121,"theta":2.324318255061811,"phi":-1.8502713352804585,"method":"3d c++","id":1}
1257622,1257619,1,348012.058815,110,105,{"topic":"pupil.1","circle_3d":{"center":[-5.753356916348196,1.711585512851597,72.61754318768003],"normal":[-0.20186760548924965,0.6836197668842887,-0.7013654426752914],"radius":2.253630016202243},"confidence":0.9989340592657397,"timestamp":348012.058815,"diameter_3d":4.507260032404486,"ellipse":{"center":[110.93905513170677,134.3340215994719],"axes":[25.71071954293234,38.57663680870353],"angle":-70.14535856317093},"norm_pos":[0.34668454728658366,0.4402749100022004],"diameter":38.57663680870353,"sphere":{"center":[-3.3309456504771995,-6.4918516897598675,81.03392849978353],"radius":12.0},"projected_sphere":{"center":[134.51454789950878,70.33008861637666],"axes":[183.62678788354376,183.62678788354376],"angle":90.0},"model_confidence":0.8983056064904016,"model_id":153,"model_birth_timestamp":347871.839121,"theta":2.323507197485234,"phi":-1.8510424885449845,"method":"3d c++","id":1}
1257631,1257625,1,348012.067214,110,105,{"topic":"pupil.1","circle_3d":{"center":[-5.750223556234631,1.7081497883436914,72.61329490284955],"normal":[-0.20160649214645263,0.68333345650863,-0.7017194664111652],"radius":2.2584102516890736},"confidence":0.9991366177858352,"timestamp":348012.067214,"diameter_3d":4.516820503378147,"ellipse":{"center":[110.96316765428733,134.30427597799095],"axes":[25.783018577046082,38.66072743824971],"angle":-70.15569114948087},"norm_pos":[0.3467598989196479,0.4403988500917043],"diameter":38.66072743824971,"sphere":{"center":[-3.3309456504771995,-6.4918516897598675,81.03392849978353],"radius":12.0},"projected_sphere":{"center":[134.51454789950878,70.33008861637666],"axes":[183.62678788354376,183.62678788354376],"angle":90.0},"model_confidence":0.8983983502185655,"model_id":153,"model_birth_timestamp":347871.839121,"theta":2.3231149766589576,"phi":-1.8505646858032985,"method":"3d c++","id":1}
1257638,1257637,1,348012.075614,111,105,{"topic":"pupil.1","circle_3d":{"center":[-5.746271469668368,1.7240659361649744,72.62768684544322],"normal":[-0.20127715159926407,0.6846598021604035,-0.7005201378616921],"radius":2.2537902456345127},"confidence":0.9989298038366683,"timestamp":348012.075614,"diameter_3d":4.507580491269025,"ellipse":{"center":[111.00602173097028,134.4385380500414],"axes":[25.673925254285535,38.57378574024872],"angle":-70.22732374043943},"norm_pos":[0.3468938179092821,0.4398394247914942],"diameter":38.57378574024872,"sphere":{"center":[-3.3309456504771995,-6.4918516897598675,81.03392849978353],"radius":12.0},"projected_sphere":{"center":[134.51454789950878,70.33008861637666],"axes":[183.62678788354376,183.62678788354376],"angle":90.0},"model_confidence":0.8984194785642052,"model_id":153,"model_birth_timestamp":347871.839121,"theta":2.3249331717006214,"phi":-1.850584769991987,"method":"3d c++","id":1}
1257648,1257643,1,348012.084014,111,105,{"topic":"pupil.1","circle_3d":{"center":[-5.738842498580068,1.7303635960184724,72.6317139962607],"normal":[-0.20065807067523903,0.685184607148195,-0.7001845419602353],"radius":2.2435919134383018},"confidence":0.9988112137406047,"timestamp":348012.084014,"diameter_3d":4.4871838268766036,"ellipse":{"center":[111.0713204924787,134.4939845882919],"axes":[25.543498436016574,38.396850685730314],"angle":-70.29358382704473},"norm_pos":[0.34709787653899593,0.43960839754878367],"diameter":38.396850685730314,"sphere":{"center":[-3.3309456504771995,-6.4918516897598675,81.03392849978353],"radius":12.0},"projected_sphere":{"center":[134.51454789950878,70.33008861637666],"axes":[183.62678788354376,183.62678788354376],"angle":90.0},"model_confidence":0.898465488873601,"model_id":153,"model_birth_timestamp":347871.839121,"theta":2.3256534480627358,"phi":-1.8498951038860703,"method":"3d c++","id":1}
1257656,1257653,1,348012.092414,111,105,{"topic":"pupil.1","circle_3d":{"center":[-5.731162667191548,1.7528940019036288,72.65161815284033],"normal":[-0.20001808472619564,0.687062140971958,-0.698525862245267],"radius":2.2467176980167736},"confidence":0.9990270714147028,"timestamp":348012.092414,"diameter_3d":4.493435396033547,"ellipse":{"center":[111.14988065696713,134.68161019585503],"axes":[25.502087848250866,38.43956133061907],"angle":-70.40785037646484},"norm_pos":[0.34734337705302226,0.43882662418393736],"diameter":38.43956133061907,"sphere":{"center":[-3.3309456504771995,-6.4918516897598675,81.03392849978353],"radius":12.0},"projected_sphere":{"center":[134.51454789950878,70.33008861637666],"axes":[183.62678788354376,183.62678788354376],"angle":90.0},"model_confidence":0.8986349165165941,"model_id":153,"model_birth_timestamp":347871.839121,"theta":2.3282343057029133,"phi":-1.8496772774130072,"method":"3d c++","id":1}
1257668,1257665,1,348012.100814,110,105,{"topic":"pupil.1","circle_3d":{"center":[-5.754112830840645,1.7488606753487161,72.65425544341934],"normal":[-0.2019305983636205,0.6867260304257153,-0.698306088030349],"radius":2.234826431379729},"confidence":0.9989666255011651,"timestamp":348012.100814,"diameter_3d":4.469652862759458,"ellipse":{"center":[110.95583236095047,134.64981191048037],"axes":[25.35103858759446,38.23506878280842],"angle":-70.24812154909452},"norm_pos":[0.3467369761279702,0.43895911703966517],"diameter":38.23506878280842,"sphere":{"center":[-3.3309456504771995,-6.4918516897598675,81.03392849978353],"radius":12.0},"projected_sphere":{"center":[134.51454789950878,70.33008861637666],"axes":[183.62678788354376,183.62678788354376],"angle":90.0},"model_confidence":0.8987850179838497,"model_id":153,"model_birth_timestamp":347871.839121,"theta":2.3277718260711704,"phi":-1.8522898525489349,"method":"3d c++","id":1}
1257676,1257672,1,348012.109214,110,105,{"topic":"pupil.1","circle_3d":{"center":[-5.752450933332611,1.7443785546616777,72.6493698634581],"normal":[-0.20179210690461766,0.6863525203684622,-0.6987132196937847],"radius":2.2332859673452545},"confidence":0.9990015887600457,"timestamp":348012.109214,"diameter_3d":4.466571934690509,"ellipse":{"center":[110.96666286384882,134.61286889761496],"axes":[25.353191460158502,38.21126628670222],"angle":-70.24595805716919},"norm_pos":[0.3467708214495276,0.43911304625993763],"diameter":38.21126628670222,"sphere":{"center":[-3.3309456504771995,-6.4918516897598675,81.03392849978353],"radius":12.0},"projected_sphere":{"center":[134.51454789950878,70.33008861637666],"axes":[183.62678788354376,183.62678788354376],"angle":90.0},"model_confidence":0.898837938389907,"model_id":153,"model_birth_timestamp":347871.839121,"theta":2.327258122574876,"phi":-1.8519514109954531,"method":"3d c++","id":1}
1257683,1257677,1,348012.117614,110,105,{"topic":"pupil.1","circle_3d":{"center":[-5.774789284942273,1.7402032408763333,72.65175098381116],"normal":[-0.2036536362054228,0.6860045775530167,-0.6985147929976977],"radius":2.238651850424321},"confidence":0.9992228616077855,"timestamp":348012.117614,"diameter_3d":4.477303700848642,"ellipse":{"center":[110.77855640905878,134.5756586868876],"axes":[25.39933712145564,38.302300829342684],"angle":-70.08982065224868},"norm_pos":[0.34618298877830866,0.43926808880463497],"diameter":38.302300829342684,"sphere":{"center":[-3.3309456504771995,-6.4918516897598675,81.03392849978353],"radius":12.0},"projected_sphere":{"center":[134.51454789950878,70.33008861637666],"axes":[183.62678788354376,183.62678788354376],"angle":90.0},"model_confidence":0.8994074984501332,"model_id":153,"model_birth_timestamp":347871.839121,"theta":2.3267798066994927,"phi":-1.8544850874947083,"method":"3d c++","id":1}
1257691,1257689,1,348012.126014,110,105,{"topic":"pupil.1","circle_3d":{"center":[-5.792887211327962,1.7175131314411285,72.63481110666518],"normal":[-0.2051617967375635,0.684113735100083,-0.6999264494265294],"radius":2.235739340162298},"confidence":0.998759793002056,"timestamp":348012.126014,"diameter_3d":4.471478680324596,"ellipse":{"center":[110.61325524894092,134.38611956030957],"axes":[25.428651643307578,38.26183518758926],"angle":-69.90720558568884},"norm_pos":[0.34566642265294034,0.4400578351653768],"diameter":38.26183518758926,"sphere":{"center":[-3.3309456504771995,-6.4918516897598675,81.03392849978353],"radius":12.0},"projected_sphere":{"center":[134.51454789950878,70.33008861637666],"axes":[183.62678788354376,183.62678788354376],"angle":90.0},"model_confidence":0.8993245751258816,"model_id":153,"model_birth_timestamp":347871.839121,"theta":2.3241842308744416,"phi":-1.855928456712673,"method":"3d c++","id":1}
1257703,1257700,1,348012.134414,110,105,{"topic":"pupil.1","circle_3d":{"center":[-5.801646783184927,1.696911804193336,72.61729090791015],"normal":[-0.20589176105897733,0.6823969578294335,-0.7013864659894481],"radius":2.224978526770296},"confidence":0.9984278834709132,"timestamp":348012.134414,"diameter_3d":4.449957053540592,"ellipse":{"center":[110.52651070955318,134.21627837121392],"axes":[25.372803927948347,38.08706106573362],"angle":-69.79036843109878},"norm_pos":[0.34539534596735366,0.44076550678660864],"diameter":38.08706106573362,"sphere":{"center":[-3.3309456504771995,-6.4918516897598675,81.03392849978353],"radius":12.0},"projected_sphere":{"center":[134.51454789950878,70.33008861637666],"axes":[183.62678788354376,183.62678788354376],"angle":90.0},"model_confidence":0.8992687918809028,"model_id":153,"model_birth_timestamp":347871.839121,"theta":2.321833057419663,"phi":-1.856324926212534,"method":"3d c++","id":1}
1257707,1257704,1,348012.142814,110,105,{"topic":"pupil.1","circle_3d":{"center":[-5.79946212623609,1.677321401764642,72.5976356285267],"normal":[-0.20570970631324087,0.6807644242937092,-0.7030244059380691],"radius":2.2211741683065735},"confidence":0.9986887228189463,"timestamp":348012.142814,"diameter_3d":4.442348336613147,"ellipse":{"center":[110.53181376248813,134.0535862684019],"axes":[25.406999365165138,38.03228163784005],"angle":-69.74681553401643},"norm_pos":[0.3454119180077754,0.4414433905483255],"diameter":38.03228163784005,"sphere":{"center":[-3.3309456504771995,-6.4918516897598675,81.03392849978353],"radius":12.0},"projected_sphere":{"center":[134.51454789950878,70.33008861637666],"axes":[183.62678788354376,183.62678788354376],"angle":90.0},"model_confidence":0.899393954429939,"model_id":153,"model_birth_timestamp":347871.839121,"theta":2.3196020352689257,"phi":-1.8554566235517038,"method":"3d c++","id":1}
1257715,1257710,1,348012.151214,110,105,{"topic":"pupil.1","circle_3d":{"center":[-5.806750205865345,1.6798160232308081,72.60218854933528],"normal":[-0.20631704628234548,0.6809723094158896,-0.7026449958706875],"radius":2.2280346333918977},"confidence":0.9990214155133982,"timestamp":348012.151214,"diameter_3d":4.456069266783795,"ellipse":{"center":[110.47319937363561,134.07242968837085],"axes":[25.46585040550884,38.14753278447781],"angle":-69.70703320534423},"norm_pos":[0.3452287480426113,0.4413648762984548],"diameter":38.14753278447781,"sphere":{"center":[-3.3309456504771995,-6.4918516897598675,81.03392849978353],"radius":12.0},"projected_sphere":{"center":[134.51454789950878,70.33008861637666],"axes":[183.62678788354376,183.62678788354376],"angle":90.0},"model_confidence":0.8993357090725573,"model_id":153,"model_birth_timestamp":347871.839121,"theta":2.319885873985834,"phi":-1.8563980964431541,"method":"3d c++","id":1}
1257723,1257721,1,348012.159613,110,105,{"topic":"pupil.1","circle_3d":{"center":[-5.791426422550292,1.718296495278139,72.63514875806058],"normal":[-0.20504006433942437,0.6841790154198338,-0.6998983118102454],"radius":2.229936062021509},"confidence":0.998919903421671,"timestamp":348012.159613,"diameter_3d":4.459872124043018,"ellipse":{"center":[110.62559092110163,134.394151779941],"axes":[25.36161080058997,38.16226236892853],"angle":-69.9189262032549},"norm_pos":[0.3457049716284426,0.4400243675835791],"diameter":38.16226236892853,"sphere":{"center":[-3.3309456504771995,-6.4918516897598675,81.03392849978353],"radius":12.0},"projected_sphere":{"center":[134.51454789950878,70.33008861637666],"axes":[183.62678788354376,183.62678788354376],"angle":90.0},"model_confidence":0.8993064664259531,"model_id":153,"model_birth_timestamp":347871.839121,"theta":2.3242737363127066,"phi":-1.855779134601191,"method":"3d c++","id":1}
1257732,1257728,1,348012.168013,110,105,{"topic":"pupil.1","circle_3d":{"center":[-5.756965606766094,1.7833097807592164,72.68910197021897],"normal":[-0.20216832969074125,0.6895967892099237,-0.6954022107970463],"radius":2.2150845313168426},"confidence":0.9986900557725634,"timestamp":348012.168013,"diameter_3d":4.430169062633685,"ellipse":{"center":[110.95351913769194,134.94176553496493],"axes":[24.990163418185706,37.87882706852167],"angle":-70.32854147046146},"norm_pos":[0.34672974730528733,0.4377426436043128],"diameter":37.87882706852167,"sphere":{"center":[-3.3309456504771995,-6.4918516897598675,81.03392849978353],"radius":12.0},"projected_sphere":{"center":[134.51454789950878,70.33008861637666],"axes":[183.62678788354376,183.62678788354376],"angle":90.0},"model_confidence":0.899245166269691,"model_id":153,"model_birth_timestamp":347871.839121,"theta":2.3317284596902903,"phi":-1.8537190907424326,"method":"3d c++","id":1}
1257740,1257739,1,348012.176413,111,104,{"topic":"pupil.1","circle_3d":{"center":[-5.718664486384428,1.8451079027795192,72.73971946497983],"normal":[-0.1989765696589358,0.6947466327116155,-0.6911840862336418],"radius":2.2161849459514666},"confidence":0.9986780018768887,"timestamp":348012.176413,"diameter_3d":4.432369891902933,"ellipse":{"center":[111.31227462336398,135.45798384542562],"axes":[24.81429040475171,37.87023118232952],"angle":-70.74898880961248},"norm_pos":[0.3478508581980124,0.43559173397739326],"diameter":37.87023118232952,"sphere":{"center":[-3.3309456504771995,-6.4918516897598675,81.03392849978353],"radius":12.0},"projected_sphere":{"center":[134.51454789950878,70.33008861637666],"axes":[183.62678788354376,183.62678788354376],"angle":90.0},"model_confidence":0.8991727245844294,"model_id":153,"model_birth_timestamp":347871.839121,"theta":2.3388639039128623,"phi":-1.8510950915927726,"method":"3d c++","id":1}
1257751,1257751,1,348012.184813,111,104,{"topic":"pupil.1","circle_3d":{"center":[-5.721048303931755,1.8516710121136501,72.74700879284352],"normal":[-0.19917522112121297,0.6952935584894597,-0.690576642245001],"radius":2.1912191907294947},"confidence":0.9981490469547045,"timestamp":348012.184813,"diameter_3d":4.382438381458989,"ellipse":{"center":[111.29555104949908,135.5184850308591],"axes":[24.505842224345166,37.439663920768865],"angle":-70.75211576835724},"norm_pos":[0.34779859702968463,0.4353396457047538],"diameter":37.439663920768865,"sphere":{"center":[-3.3309456504771995,-6.4918516897598675,81.03392849978353],"radius":12.0},"projected_sphere":{"center":[134.51454789950878,70.33008861637666],"axes":[183.62678788354376,183.62678788354376],"angle":90.0},"model_confidence":0.8989911894492053,"model_id":153,"model_birth_timestamp":347871.839121,"theta":2.3396245898636274,"phi":-1.8515945082353156,"method":"3d c++","id":1}
1257758,1257757,1,348012.193213,111,104,{"topic":"pupil.1","circle_3d":{"center":[-5.735980177663938,1.8450232162638684,72.74463867951839],"normal":[-0.20041954393222824,0.694739575501978,-0.6907741516887621],"radius":2.2007042116218494},"confidence":0.9980514125951564,"timestamp":348012.193213,"diameter_3d":4.401408423243699,"ellipse":{"center":[111.16763389592964,135.46015099903155],"axes":[24.617670829929367,37.60333532205292],"angle":-70.63790024750188},"norm_pos":[0.34739885592478015,0.4355827041707019],"diameter":37.60333532205292,"sphere":{"center":[-3.3309456504771995,-6.4918516897598675,81.03392849978353],"radius":12.0},"projected_sphere":{"center":[134.51454789950878,70.33008861637666],"axes":[183.62678788354376,183.62678788354376],"angle":90.0},"model_confidence":0.8986201996463938,"model_id":153,"model_birth_timestamp":347871.839121,"theta":2.3388540921207275,"phi":-1.8531806555363286,"method":"3d c++","id":1}
1257767,1257762,1,348012.201613,110,105,{"topic":"pupil.1","circle_3d":{"center":[-5.756189478049141,1.772660898366496,72.67833013356672],"normal":[-0.20210365229766172,0.6887093823438636,-0.6962998638514011],"radius":2.193783575252478},"confidence":0.9986870936439111,"timestamp":348012.201613,"diameter_3d":4.387567150504956,"ellipse":{"center":[110.95191203771398,134.85818946193817],"axes":[24.791437184837417,37.52000744677933],"angle":-70.30313294177819},"norm_pos":[0.3467247251178562,0.4380908772419243],"diameter":37.52000744677933,"sphere":{"center":[-3.3309456504771995,-6.4918516897598675,81.03392849978353],"radius":12.0},"projected_sphere":{"center":[134.51454789950878,70.33008861637666],"axes":[183.62678788354376,183.62678788354376],"angle":90.0},"model_confidence":0.8985315146324391,"model_id":153,"model_birth_timestamp":347871.839121,"theta":2.330503800912371,"phi":-1.853287805545469,"method":"3d c++","id":1}
1257774,1257773,1,348012.210013,110,105,{"topic":"pupil.1","circle_3d":{"center":[-5.812571786879573,1.7040308600833427,72.62744047277128],"normal":[-0.20680217803353113,0.6829902124869341,-0.7005406689176868],"radius":2.2086874672821204},"confidence":0.9989768642447358,"timestamp":348012.210013,"diameter_3d":4.417374934564241,"ellipse":{"center":[110.43944117751923,134.27920546095893],"axes":[25.144647010077172,37.80292959989649],"angle":-69.74088716612638},"norm_pos":[0.3451232536797476,0.4405033105793378],"diameter":37.80292959989649,"sphere":{"center":[-3.3309456504771995,-6.4918516897598675,81.03392849978353],"radius":12.0},"projected_sphere":{"center":[134.51454789950878,70.33008861637666],"axes":[183.62678788354376,183.62678788354376],"angle":90.0},"model_confidence":0.8985792045989927,"model_id":153,"model_birth_timestamp":347871.839121,"theta":2.322644951273982,"phi":-1.857847032636744,"method":"3d c++","id":1}
1257786,1257779,1,348012.218413,110,106,{"topic":"pupil.1","circle_3d":{"center":[-5.851895660835349,1.6030274923527976,72.54171194153007],"normal":[-0.2100791675298458,0.6745732651760554,-0.7076847131877883],"radius":2.196139550504019},"confidence":0.9982302596111856,"timestamp":348012.218413,"diameter_3d":4.392279101008038,"ellipse":{"center":[110.04660473720668,133.4356413684397],"axes":[25.324771031200154,37.63382373485849],"angle":-69.18511302686184},"norm_pos":[0.34389563980377086,0.4440181609648346],"diameter":37.63382373485849,"sphere":{"center":[-3.3309456504771995,-6.4918516897598675,81.03392849978353],"radius":12.0},"projected_sphere":{"center":[134.51454789950878,70.33008861637666],"axes":[183.62678788354376,183.62678788354376],"angle":90.0},"model_confidence":0.8982532871171678,"model_id":153,"model_birth_timestamp":347871.839121,"theta":2.3111828075867433,"phi":-1.8593645579050444,"method":"3d c++","id":1}
1257794,1257789,1,348012.226813,109,107,{"topic":"pupil.1","circle_3d":{"center":[-5.883211623113615,1.5306024214903093,72.48254449262963],"normal":[-0.21268883105303465,0.6685378426041815,-0.7126153339294912],"radius":2.2109004117146336},"confidence":0.998726570818548,"timestamp":348012.226813,"diameter_3d":4.421800823429267,"ellipse":{"center":[109.74069642614276,132.82349661391993],"axes":[25.71903603727338,37.918856240856066],"angle":-68.75961292440161},"norm_pos":[0.34293967633169614,0.44656876410866697],"diameter":37.918856240856066,"sphere":{"center":[-3.3309456504771995,-6.4918516897598675,81.03392849978353],"radius":12.0},"projected_sphere":{"center":[134.51454789950878,70.33008861637666],"axes":[183.62678788354376,183.62678788354376],"angle":90.0},"model_confidence":0.8981890803172687,"model_id":153,"model_birth_timestamp":347871.839121,"theta":2.3030372564668182,"phi":-1.860841816052217,"method":"3d c++","id":1}
1257803,1257802,1,348012.235213,109,107,{"topic":"pupil.1","circle_3d":{"center":[-5.908625523811944,1.4817247558610749,72.44453706985999],"normal":[-0.21480665611122865,0.6644647038017452,-0.7157826191602947],"radius":2.223539649022779},"confidence":0.998596668657517,"timestamp":348012.235213,"diameter_3d":4.447079298045558,"ellipse":{"center":[109.49898446553104,132.40890882624316],"axes":[26.00968610412918,38.15653159110274],"angle":-68.44125780029512},"norm_pos":[0.34218432645478447,0.44829621322398683],"diameter":38.15653159110274,"sphere":{"center":[-3.3309456504771995,-6.4918516897598675,81.03392849978353],"radius":12.0},"projected_sphere":{"center":[134.51454789950878,70.33008861637666],"axes":[183.62678788354376,183.62678788354376],"angle":90.0},"model_confidence":0.8979174117446975,"model_id":153,"model_birth_timestamp":347871.839121,"theta":2.297573628360997,"phi":-1.8623452362374338,"method":"3d c++","id":1}
1257808,1257807,1,348012.243613,109,108,{"topic":"pupil.1","circle_3d":{"center":[-5.935659342899495,1.4325927749402716,72.40730421757492],"normal":[-0.2170594743685246,0.6603703720583449,-0.7188853568507171],"radius":2.2344832090063167},"confidence":0.999062752439748,"timestamp":348012.243613,"diameter_3d":4.468966418012633,"ellipse":{"center":[109.24367294030483,131.9920371232062],"axes":[26.278632690597874,38.36496621649137],"angle":-68.10871623290626},"norm_pos":[0.3413864779384526,0.4500331786533075],"diameter":38.36496621649137,"sphere":{"center":[-3.3309456504771995,-6.4918516897598675,81.03392849978353],"radius":12.0},"projected_sphere":{"center":[134.51454789950878,70.33008861637666],"axes":[183.62678788354376,183.62678788354376],"angle":90.0},"model_confidence":0.8977108021476887,"model_id":153,"model_birth_timestamp":347871.839121,"theta":2.292108191986608,"phi":-1.8640310041260357,"method":"3d c++","id":1}
1257815,1257813,1,348012.252012,109,108,{"topic":"pupil.1","circle_3d":{"center":[-5.941186388732994,1.4182703072137732,72.39583766434173],"normal":[-0.21752006152131628,0.6591768330811367,-0.7198409029534832],"radius":2.2321332590122003},"confidence":0.9987728207801432,"timestamp":348012.252012,"diameter_3d":4.4642665180244006,"ellipse":{"center":[109.1885250206945,131.87187656055343],"axes":[26.29502505268608,38.33087111320428],"angle":-68.0266468396938},"norm_pos":[0.3412141406896703,0.45053384766436066],"diameter":38.33087111320428,"sphere":{"center":[-3.3309456504771995,-6.4918516897598675,81.03392849978353],"radius":12.0},"projected_sphere":{"center":[134.51454789950878,70.33008861637666],"axes":[183.62678788354376,183.62678788354376],"angle":90.0},"model_confidence":0.8975177823669966,"model_id":153,"model_birth_timestamp":347871.839121,"theta":2.2905199073770914,"phi":-1.8642500575853749,"method":"3d c++","id":1}
1257824,1257824,1,348012.260412,109,108,{"topic":"pupil.1","circle_3d":{"center":[-5.962283945548737,1.4260129832194135,72.40934284032853],"normal":[-0.21927819125596143,0.6598220560816067,-0.7187154716212495],"radius":2.2363801817626907},"confidence":0.999470771887161,"timestamp":348012.260412,"diameter_3d":4.472760363525381,"ellipse":{"center":[109.01805091052861,131.93517747937796],"axes":[26.286072351247995,38.39700984585394],"angle":-67.91375609077542},"norm_pos":[0.3406814090954019,0.4502700938359252],"diameter":38.39700984585394,"sphere":{"center":[-3.3309456504771995,-6.4918516897598675,81.03392849978353],"radius":12.0},"projected_sphere":{"center":[134.51454789950878,70.33008861637666],"axes":[183.62678788354376,183.62678788354376],"angle":90.0},"model_confidence":0.8975428377914096,"model_id":153,"model_birth_timestamp":347871.839121,"theta":2.2913782534342135,"phi":-1.8669230105520598,"method":"3d c++","id":1}
1257835,1257834,1,348012.268812,109,107,{"topic":"pupil.1","circle_3d":{"center":[-5.952954936839161,1.4774243606509394,72.45396891161644],"normal":[-0.21850077386349684,0.6641063375342339,-0.7149966323472576],"radius":2.239013353614569},"confidence":0.9987589085865132,"timestamp":348012.268812,"diameter_3d":4.478026707229138,"ellipse":{"center":[109.12838277066386,132.3671853012635],"axes":[26.142149707571445,38.41803781197757],"angle":-68.13905484962669},"norm_pos":[0.3410261961583246,0.44847006124473543],"diameter":38.41803781197757,"sphere":{"center":[-3.3309456504771995,-6.4918516897598675,81.03392849978353],"radius":12.0},"projected_sphere":{"center":[134.51454789950878,70.33008861637666],"axes":[183.62678788354376,183.62678788354376],"angle":90.0},"model_confidence":0.8973740487876469,"model_id":153,"model_birth_timestamp":347871.839121,"theta":2.297094195074118,"phi":-1.8673799743541528,"method":"3d c++","id":1}
1257844,1257840,1,348012.277212,109,106,{"topic":"pupil.1","circle_3d":{"center":[-5.91242081809009,1.5550789046719267,72.51436900604234],"normal":[-0.21512293063440754,0.6705775495359828,-0.7099632911450988],"radius":2.213610359344165},"confidence":0.998594646856291,"timestamp":348012.277212,"diameter_3d":4.42722071868833,"ellipse":{"center":[109.51353481259409,133.02692905013564],"axes":[25.61855892793323,37.94906678747452],"angle":-68.64590125786975},"norm_pos":[0.3422297962893565,0.44572112895776816],"diameter":37.94906678747452,"sphere":{"center":[-3.3309456504771995,-6.4918516897598675,81.03392849978353],"radius":12.0},"projected_sphere":{"center":[134.51454789950878,70.33008861637666],"axes":[183.62678788354376,183.62678788354376],"angle":90.0},"model_confidence":0.8970881392453167,"model_id":153,"model_birth_timestamp":347871.839121,"theta":2.3057833776880345,"phi":-1.8650083664912323,"method":"3d c++","id":1}
1257852,1257846,1,348012.285612,109,106,{"topic":"pupil.1","circle_3d":{"center":[-5.889931088895422,1.6420390634009294,72.59050415052755],"normal":[-0.2132487865348519,0.6778242294300664,-0.7036186957713316],"radius":2.2149774533552993},"confidence":0.9981989572537027,"timestamp":348012.285612,"diameter_3d":4.4299549067105986,"ellipse":{"center":[109.75672840511943,133.75591235569993],"axes":[25.341817407947207,37.931717782427356],"angle":-69.0577007633666},"norm_pos":[0.34298977626599825,0.4426836985179169],"diameter":37.931717782427356,"sphere":{"center":[-3.3309456504771995,-6.4918516897598675,81.03392849978353],"radius":12.0},"projected_sphere":{"center":[134.51454789950878,70.33008861637666],"axes":[183.62678788354376,183.62678788354376],"angle":90.0},"model_confidence":0.8967304496612094,"model_id":153,"model_birth_timestamp":347871.839121,"theta":2.3155955788773723,"phi":-1.865071243822174,"method":"3d c++","id":1}
1257859,1257858,1,348012.294012,110,105,{"topic":"pupil.1","circle_3d":{"center":[-5.8518533184805985,1.683146401723274,72.6187974411696],"normal":[-0.2100756390002832,0.6812498409569284,-0.7012609215511603],"radius":2.2254200063716087},"confidence":0.9993335153223799,"timestamp":348012.294012,"diameter_3d":4.4508400127432175,"ellipse":{"center":[110.1003914840455,134.0988204226771],"axes":[25.35964546107919,38.094832322523736],"angle":-69.4261413809129},"norm_pos":[0.3440637233876422,0.44125491490551205],"diameter":38.094832322523736,"sphere":{"center":[-3.3309456504771995,-6.4918516897598675,81.03392849978353],"radius":12.0},"projected_sphere":{"center":[134.51454789950878,70.33008861637666],"axes":[183.62678788354376,183.62678788354376],"angle":90.0},"model_confidence":0.8968903938599282,"model_id":153,"model_birth_timestamp":347871.839121,"theta":2.320264922181584,"phi":-1.8618571459515607,"method":"3d c++","id":1}
1257868,1257864,1,348012.302412,110,105,{"topic":"pupil.1","circle_3d":{"center":[-5.828144636128228,1.7267630729442924,72.65428837574927],"normal":[-0.20809991547091908,0.68488456355868,-0.6983033436695207],"radius":2.216100112541252},"confidence":0.9988338763143972,"timestamp":348012.302412,"diameter_3d":4.432200225082504,"ellipse":{"center":[110.32529971745478,134.46646569116723],"axes":[25.12040372508198,37.91598852718391],"angle":-69.70755676092281},"norm_pos":[0.3447665616170462,0.4397230596201366],"diameter":37.91598852718391,"sphere":{"center":[-3.3309456504771995,-6.4918516897598675,81.03392849978353],"radius":12.0},"projected_sphere":{"center":[134.51454789950878,70.33008861637666],"axes":[183.62678788354376,183.62678788354376],"angle":90.0},"model_confidence":0.8968538046315477,"model_id":153,"model_birth_timestamp":347871.839121,"theta":2.325241589101244,"phi":-1.86042450926651,"method":"3d c++","id":1}
1257875,1257869,1,348012.310812,110,105,{"topic":"pupil.1","circle_3d":{"center":[-5.84489920388571,1.7205218495558245,72.65317922647556],"normal":[-0.20949612945070922,0.684364461609641,-0.6983957727756646],"radius":2.2165407242225355},"confidence":0.9980735616604742,"timestamp":348012.310812,"diameter_3d":4.433081448445071,"ellipse":{"center":[110.18209935558423,134.41346084781867],"axes":[25.1256609169858,37.92445077595882],"angle":-69.58169910071823},"norm_pos":[0.3443190604862007,0.43994391313408887],"diameter":37.92445077595882,"sphere":{"center":[-3.3309456504771995,-6.4918516897598675,81.03392849978353],"radius":12.0},"projected_sphere":{"center":[134.51454789950878,70.33008861637666],"axes":[183.62678788354376,183.62678788354376],"angle":90.0},"model_confidence":0.8966191155514669,"model_id":153,"model_birth_timestamp":347871.839121,"theta":2.3245280414357,"phi":-1.8622234299204194,"method":"3d c++","id":1}
1257883,1257881,1,348012.319212,110,105,{"topic":"pupil.1","circle_3d":{"center":[-5.858638662905943,1.6826047860324955,72.62030684437882],"normal":[-0.21064108436906195,0.6812047063160303,-0.7011351379503931],"radius":2.225655455638589},"confidence":0.9989735799745404,"timestamp":348012.319212,"diameter_3d":4.451310911277178,"ellipse":{"center":[110.04369034505532,134.09391983822903],"axes":[25.354736375802904,38.09819965456697],"angle":-69.38090318602374},"norm_pos":[0.3438865323282979,0.44127533400737906],"diameter":38.09819965456697,"sphere":{"center":[-3.3309456504771995,-6.4918516897598675,81.03392849978353],"radius":12.0},"projected_sphere":{"center":[134.51454789950878,70.33008861637666],"axes":[183.62678788354376,183.62678788354376],"angle":90.0},"model_confidence":0.8965227784642038,"model_id":153,"model_birth_timestamp":347871.839121,"theta":2.3202032688996534,"phi":-1.8626463335841101,"method":"3d c++","id":1}
1257890,1257886,1,348012.327612,109,106,{"topic":"pupil.1","circle_3d":{"center":[-5.8873344798157685,1.6356125478777184,72.58353198724312],"normal":[-0.21303240244488075,0.6772886864697989,-0.7041997093783672],"radius":2.230681872674918},"confidence":0.9989133526036719,"timestamp":348012.327612,"diameter_3d":4.461363745349836,"ellipse":{"center":[109.77501563595827,133.6984390430482],"axes":[25.549775581406237,38.204449591220374],"angle":-69.05487940507169},"norm_pos":[0.34304692386236957,0.4429231706539658],"diameter":38.204449591220374,"sphere":{"center":[-3.3309456504771995,-6.4918516897598675,81.03392849978353],"radius":12.0},"projected_sphere":{"center":[134.51454789950878,70.33008861637666],"axes":[183.62678788354376,183.62678788354376],"angle":90.0},"model_confidence":0.8963981973600044,"model_id":153,"model_birth_timestamp":347871.839121,"theta":2.3148674153287314,"phi":-1.864560717580938,"method":"3d c++","id":1}
1257899,1257897,1,348012.336012,109,106,{"topic":"pupil.1","circle_3d":{"center":[-5.901986347241664,1.565261541907164,72.52083998223145],"normal":[-0.21425339139703864,0.6714261026389192,-0.7094240431293395],"radius":2.2222054818487074},"confidence":0.9989201449805277,"timestamp":348012.336012,"diameter_3d":4.444410963697415,"ellipse":{"center":[109.60732672128911,133.1106602516699],"axes":[25.69527598075941,38.09282966172085],"angle":-68.74494721557585},"norm_pos":[0.34252289600402847,0.4453722489513754],"diameter":38.09282966172085,"sphere":{"center":[-3.3309456504771995,-6.4918516897598675,81.03392849978353],"radius":12.0},"projected_sphere":{"center":[134.51454789950878,70.33008861637666],"axes":[183.62678788354376,183.62678788354376],"angle":90.0},"model_confidence":0.8965250340610798,"model_id":153,"model_birth_timestamp":347871.839121,"theta":2.3069278199890393,"phi":-1.864096441333928,"method":"3d c++","id":1}
1257907,1257904,1,348012.344411,109,107,{"topic":"pupil.1","circle_3d":{"center":[-5.9327346944695964,1.5133047654236726,72.48125851324748],"normal":[-0.21681575366603312,0.667096371265295,-0.7127224988780035],"radius":2.243950768716382},"confidence":0.999020721179428,"timestamp":348012.344411,"diameter_3d":4.487901537432764,"ellipse":{"center":[109.31969929397918,132.6681479084129],"axes":[26.09646054771907,38.48768288867416],"angle":-68.38373568064324},"norm_pos":[0.341624060293685,0.44721605038161294],"diameter":38.48768288867416,"sphere":{"center":[-3.3309456504771995,-6.4918516897598675,81.03392849978353],"radius":12.0},"projected_sphere":{"center":[134.51454789950878,70.33008861637666],"axes":[183.62678788354376,183.62678788354376],"angle":90.0},"model_confidence":0.8964906238901116,"model_id":153,"model_birth_timestamp":347871.839121,"theta":2.3011006409833916,"phi":-1.8661090167686287,"method":"3d c++","id":1}
1257920,1257918,1,348012.352811,109,107,{"topic":"pupil.1","circle_3d":{"center":[-5.955983209370165,1.4707115782739493,72.44866414643016],"normal":[-0.2187531299077471,0.663546939002818,-0.7154386961127801],"radius":2.249477921338777},"confidence":0.9994052211706567,"timestamp":348012.352811,"diameter_3d":4.498955842677554,"ellipse":{"center":[109.09957500724784,132.3080721339884],"axes":[26.284830330315934,38.600607191152335],"angle":-68.09798007933111},"norm_pos":[0.34093617189764946,0.4487163661083817],"diameter":38.600607191152335,"sphere":{"center":[-3.3309456504771995,-6.4918516897598675,81.03392849978353],"radius":12.0},"projected_sphere":{"center":[134.51454789950878,70.33008861637666],"axes":[183.62678788354376,183.62678788354376],"angle":90.0},"model_confidence":0.8966493135649234,"model_id":153,"model_birth_timestamp":347871.839121,"theta":2.296346222505344,"phi":-1.867529871282137,"method":"3d c++","id":1}
1257928,1257924,1,348012.361211,108,107,{"topic":"pupil.1","circle_3d":{"center":[-5.976744953153414,1.449905708208103,72.43577547243055],"normal":[-0.22048327522301792,0.6618131164973309,-0.7165127522794142],"radius":2.2361150445077933},"confidence":0.9990796625066836,"timestamp":348012.361211,"diameter_3d":4.472230089015587,"ellipse":{"center":[108.91285907849496,132.13563753890838],"axes":[26.174362300873305,38.378548220563914],"angle":-67.89654477387151},"norm_pos":[0.3403526846202968,0.44943484358788177],"diameter":38.378548220563914,"sphere":{"center":[-3.3309456504771995,-6.4918516897598675,81.03392849978353],"radius":12.0},"projected_sphere":{"center":[134.51454789950878,70.33008861637666],"axes":[183.62678788354376,183.62678788354376],"angle":90.0},"model_confidence":0.896685332946634,"model_id":153,"model_birth_timestamp":347871.839121,"theta":2.294031070062337,"phi":-1.8693179687754191,"method":"3d c++","id":1}
1257935,1257932,1,348012.369611,108,107,{"topic":"pupil.1","circle_3d":{"center":[-5.976303854162978,1.452363521237924,72.43791054636209],"normal":[-0.22044651697381484,0.6620179342498159,-0.7163348294517863],"radius":2.2376296411440992},"confidence":0.9987950038062583,"timestamp":348012.369611,"diameter_3d":4.4752592822881985,"ellipse":{"center":[108.91818382555114,132.15594771652218],"axes":[26.183746015833847,38.40339846321552],"angle":-67.90730475995281},"norm_pos":[0.3403693244548473,0.44935021784782425],"diameter":38.40339846321552,"sphere":{"center":[-3.3309456504771995,-6.4918516897598675,81.03392849978353],"radius":12.0},"projected_sphere":{"center":[134.51454789950878,70.33008861637666],"axes":[183.62678788354376,183.62678788354376],"angle":90.0},"model_confidence":0.8967763485620228,"model_id":153,"model_birth_timestamp":347871.839121,"theta":2.2943043139868737,"phi":-1.8693409123454703,"method":"3d c++","id":1}
1257942,1257936,1,348012.378011,108,107,{"topic":"pupil.1","circle_3d":{"center":[-5.987656022039005,1.4657591551726474,72.45381663324889],"normal":[-0.22139253096348374,0.6631342370777096,-0.7150093222112192],"radius":2.243298056918345},"confidence":0.9991994921637531,"timestamp":348012.378011,"diameter_3d":4.48659611383669,"ellipse":{"center":[108.83268901601353,132.2666953815415],"axes":[26.183953720954687,38.492393994998004],"angle":-67.87669146316566},"norm_pos":[0.3401021531750423,0.4488887692435771],"diameter":38.492393994998004,"sphere":{"center":[-3.3309456504771995,-6.4918516897598675,81.03392849978353],"radius":12.0},"projected_sphere":{"center":[134.51454789950878,70.33008861637666],"axes":[183.62678788354376,183.62678788354376],"angle":90.0},"model_confidence":0.8970930912702291,"model_id":153,"model_birth_timestamp":347871.839121,"theta":2.295794716125944,"phi":-1.8710697542540788,"method":"3d c++","id":1}
1257951,1257948,1,348012.386411,108,107,{"topic":"pupil.1","circle_3d":{"center":[-6.00100959095041,1.4876845889629529,72.4783595923215],"normal":[-0.22250532837276754,0.664961356560235,-0.7129640756218358],"radius":2.238680964964835},"confidence":0.9984235719515715,"timestamp":348012.386411,"diameter_3d":4.47736192992967,"ellipse":{"center":[108.73548684656387,132.45147826471606],"axes":[26.029237110590447,38.40022000084626],"angle":-67.86070192166235},"norm_pos":[0.3397983963955121,0.4481188405636831],"diameter":38.40022000084626,"sphere":{"center":[-3.3309456504771995,-6.4918516897598675,81.03392849978353],"radius":12.0},"projected_sphere":{"center":[134.51454789950878,70.33008861637666],"axes":[183.62678788354376,183.62678788354376],"angle":90.0},"model_confidence":0.8969355131489332,"model_id":153,"model_birth_timestamp":347871.839121,"theta":2.2982384036256036,"phi":-1.8733029889295267,"method":"3d c++","id":1}
1257958,1257953,1,348012.394811,108,107,{"topic":"pupil.1","circle_3d":{"center":[-6.00452308855129,1.504911086402239,72.4955581175379],"normal":[-0.2227981198395075,0.6663968980135089,-0.7115308651871355],"radius":2.2576171934424507},"confidence":0.9989940270638358,"timestamp":348012.394811,"diameter_3d":4.515234386884901,"ellipse":{"center":[108.71859274553485,132.59130247945038],"axes":[26.179959994992387,38.715949562806486],"angle":-67.89311944865753},"norm_pos":[0.3397456023297964,0.4475362396689567],"diameter":38.715949562806486,"sphere":{"center":[-3.3309456504771995,-6.4918516897598675,81.03392849978353],"radius":12.0},"projected_sphere":{"center":[134.51454789950878,70.33008861637666],"axes":[183.62678788354376,183.62678788354376],"angle":90.0},"model_confidence":0.8969650969620102,"model_id":153,"model_birth_timestamp":347871.839121,"theta":2.300162108949861,"phi":-1.874250511454621,"method":"3d c++","id":1}
1257968,1257964,1,348012.403211,108,107,{"topic":"pupil.1","circle_3d":{"center":[-6.011605045845437,1.512489985933259,72.50488520379857],"normal":[-0.22338828294735313,0.6670284729744272,-0.7107536079987473],"radius":2.2527526193579765},"confidence":0.9989525709102528,"timestamp":348012.403211,"diameter_3d":4.505505238715953,"ellipse":{"center":[108.66438389976975,132.65581354634327],"axes":[26.084485444646067,38.62759547409901],"angle":-67.87177176285559},"norm_pos":[0.33957619968678043,0.44726744355690307],"diameter":38.62759547409901,"sphere":{"center":[-3.3309456504771995,-6.4918516897598675,81.03392849978353],"radius":12.0},"projected_sphere":{"center":[134.51454789950878,70.33008861637666],"axes":[183.62678788354376,183.62678788354376],"angle":90.0},"model_confidence":0.8971075935310879,"model_id":153,"model_birth_timestamp":347871.839121,"theta":2.3010095025615542,"phi":-1.8753181933526812,"method":"3d c++","id":1}
1257975,1257975,1,348012.411611,108,107,{"topic":"pupil.1","circle_3d":{"center":[-6.020604111104204,1.5183893885484707,72.5132609653377],"normal":[-0.22413820505225038,0.6675200898590282,-0.7100556278704862],"radius":2.2593361280884228},"confidence":0.9993376617619232,"timestamp":348012.411611,"diameter_3d":4.5186722561768455,"ellipse":{"center":[108.593917837616,132.7033046060701],"axes":[26.12498399128925,38.73618727120842],"angle":-67.83278232563964},"norm_pos":[0.33935599324255,0.44706956414137455],"diameter":38.73618727120842,"sphere":{"center":[-3.3309456504771995,-6.4918516897598675,81.03392849978353],"radius":12.0},"projected_sphere":{"center":[134.51454789950878,70.33008861637666],"axes":[183.62678788354376,183.62678788354376],"angle":90.0},"model_confidence":0.8971324131338054,"model_id":153,"model_birth_timestamp":347871.839121,"theta":2.3016695575320987,"phi":-1.8765600806257654,"method":"3d c++","id":1}
1257986,1257981,1,348012.420011,108,107,{"topic":"pupil.1","circle_3d":{"center":[-6.043070019294927,1.5238833644701675,72.52555774220292],"normal":[-0.2260103640681439,0.6679779211858362,-0.7090308964650509],"radius":2.246003649904641},"confidence":0.9983966992728998,"timestamp":348012.420011,"diameter_3d":4.492007299809282,"ellipse":{"center":[108.41022486731617,132.75170292956443],"axes":[25.91605434058938,38.501336723480776],"angle":-67.70639120779089},"norm_pos":[0.33878195271036304,0.44686790446014824],"diameter":38.501336723480776,"sphere":{"center":[-3.3309456504771995,-6.4918516897598675,81.03392849978353],"radius":12.0},"projected_sphere":{"center":[134.51454789950878,70.33008861637666],"axes":[183.62678788354376,183.62678788354376],"angle":90.0},"model_confidence":0.896920472082785,"model_id":153,"model_birth_timestamp":347871.839121,"theta":2.302284602740055,"phi":-1.879373632779825,"method":"3d c++","id":1}
1257993,1257993,1,348012.428411,108,107,{"topic":"pupil.1","circle_3d":{"center":[-6.050358634588335,1.5249751958322015,72.52891352576403],"normal":[-0.22661774867592796,0.6680689071326724,-0.7087512478349585],"radius":2.250491367793863},"confidence":0.9985458377098754,"timestamp":348012.428411,"diameter_3d":4.500982735587726,"ellipse":{"center":[108.35075694949647,132.75943849875915],"axes":[25.952654785541007,38.576643778923064],"angle":-67.66325102904557},"norm_pos":[0.3385961154671765,0.4468356729218369],"diameter":38.576643778923064,"sphere":{"center":[-3.3309456504771995,-6.4918516897598675,81.03392849978353],"radius":12.0},"projected_sphere":{"center":[134.51454789950878,70.33008861637666],"axes":[183.62678788354376,183.62678788354376],"angle":90.0},"model_confidence":0.8967103141799604,"model_id":153,"model_birth_timestamp":347871.839121,"theta":2.302406872630037,"phi":-1.8802654841975823,"method":"3d c++","id":1}
1258002,1257999,1,348012.43681,108,107,{"topic":"pupil.1","circle_3d":{"center":[-6.060270277645765,1.5189001212219555,72.52636465915425],"normal":[-0.22744371893071386,0.6675626509151519,-0.7089636533857724],"radius":2.2601077600146855},"confidence":0.9990294769454452,"timestamp":348012.43681,"diameter_3d":4.520215520029371,"ellipse":{"center":[108.26517799308587,132.7056762347106],"axes":[26.07127110499645,38.74314805087916],"angle":-67.58032447039136},"norm_pos":[0.3383286812283933,0.4470596823553724],"diameter":38.74314805087916,"sphere":{"center":[-3.3309456504771995,-6.4918516897598675,81.03392849978353],"radius":12.0},"projected_sphere":{"center":[134.51454789950878,70.33008861637666],"axes":[183.62678788354376,183.62678788354376],"angle":90.0},"model_confidence":0.8966985513540693,"model_id":153,"model_birth_timestamp":347871.839121,"theta":2.301726719251344,"phi":-1.8812352520853228,"method":"3d c++","id":1}
1258012,1258009,1,348012.44521,108,107,{"topic":"pupil.1","circle_3d":{"center":[-6.082930578228449,1.5364459386758025,72.55023731335505],"normal":[-0.2293320773126041,0.6690248023696392,-0.706974265535706],"radius":2.2708638205885068},"confidence":0.9985176239395046,"timestamp":348012.44521,"diameter_3d":4.5417276411770136,"ellipse":{"center":[108.0895218191459,132.84915600912927],"axes":[26.09375877330938,38.915106699012945],"angle":-67.49229253107359},"norm_pos":[0.33777975568483093,0.44646184996196137],"diameter":38.915106699012945,"sphere":{"center":[-3.3309456504771995,-6.4918516897598675,81.03392849978353],"radius":12.0},"projected_sphere":{"center":[134.51454789950878,70.33008861637666],"axes":[183.62678788354376,183.62678788354376],"angle":90.0},"model_confidence":0.8967176507368113,"model_id":153,"model_birth_timestamp":347871.839121,"theta":2.3036922484457154,"phi":-1.8844721734885406,"method":"3d c++","id":1}
1258019,1258014,1,348012.45361,107,107,{"topic":"pupil.1","circle_3d":{"center":[-6.099750501331022,1.552536170080467,72.57097726169042],"normal":[-0.2307337375711519,0.6703656549866945,-0.7052459365077595],"radius":2.267183061357863},"confidence":0.9990460961233555,"timestamp":348012.45361,"diameter_3d":4.534366122715726,"ellipse":{"center":[107.96057264221213,132.98416280285375],"axes":[25.964016907104433,38.84109213605468],"angle":-67.43728417821669},"norm_pos":[0.3373767895069129,0.4458993216547761],"diameter":38.84109213605468,"sphere":{"center":[-3.3309456504771995,-6.4918516897598675,81.03392849978353],"radius":12.0},"projected_sphere":{"center":[134.51454789950878,70.33008861637666],"axes":[183.62678788354376,183.62678788354376],"angle":90.0},"model_confidence":0.8966858846432557,"model_id":153,"model_birth_timestamp":347871.839121,"theta":2.305497780571492,"phi":-1.8869876450578977,"method":"3d c++","id":1}
1258026,1258025,1,348012.46201,107,106,{"topic":"pupil.1","circle_3d":{"center":[-6.107664985562616,1.5870648402401617,72.60653640996979],"normal":[-0.23139327792378472,0.673243044166669,-0.7022826741511446],"radius":2.2773912531490104},"confidence":0.9991769335579598,"timestamp":348012.46201,"diameter_3d":4.554782506298021,"ellipse":{"center":[107.91872886852289,133.2704401619302],"axes":[25.936126167858156,38.99686286415804],"angle":-67.4980975575431},"norm_pos":[0.33724602771413403,0.4447064993252908],"diameter":38.99686286415804,"sphere":{"center":[-3.3309456504771995,-6.4918516897598675,81.03392849978353],"radius":12.0},"projected_sphere":{"center":[134.51454789950878,70.33008861637666],"axes":[183.62678788354376,183.62678788354376],"angle":90.0},"model_confidence":0.8969111831222065,"model_id":153,"model_birth_timestamp":347871.839121,"theta":2.309382327899507,"phi":-1.8890815382674089,"method":"3d c++","id":1}
1258036,1258033,1,348012.47041,107,106,{"topic":"pupil.1","circle_3d":{"center":[-6.104296034015396,1.6063246186238125,72.62393039464332],"normal":[-0.23111253196151643,0.67484802569864,-0.7008331754283503],"radius":2.273108621675753},"confidence":0.99910147119282,"timestamp":348012.47041,"diameter_3d":4.546217243351506,"ellipse":{"center":[107.95926484863779,133.432827718038],"axes":[25.818505441824414,38.913976681280644],"angle":-67.58093279530624},"norm_pos":[0.3373727026519931,0.44402988450817504],"diameter":38.913976681280644,"sphere":{"center":[-3.3309456504771995,-6.4918516897598675,81.03392849978353],"radius":12.0},"projected_sphere":{"center":[134.51454789950878,70.33008861637666],"axes":[183.62678788354376,183.62678788354376],"angle":90.0},"model_confidence":0.8970900562014328,"model_id":153,"model_birth_timestamp":347871.839121,"theta":2.311555070289927,"phi":-1.8893348846901523,"method":"3d c++","id":1}
1258042,1258038,1,348012.47881,107,106,{"topic":"pupil.1","circle_3d":{"center":[-6.103506713513717,1.6478753016747092,72.66387774386543],"normal":[-0.23104675525304308,0.678310582619548,-0.697504229659842],"radius":2.2732524651730572},"confidence":0.9990058305599556,"timestamp":348012.47881,"diameter_3d":4.5465049303461145,"ellipse":{"center":[107.99386430239377,133.7802237198908],"axes":[25.66046068604807,38.894749208921496],"angle":-67.7178276444354},"norm_pos":[0.3374808259449805,0.44258240116712166],"diameter":38.894749208921496,"sphere":{"center":[-3.3309456504771995,-6.4918516897598675,81.03392849978353],"radius":12.0},"projected_sphere":{"center":[134.51454789950878,70.33008861637666],"axes":[183.62678788354376,183.62678788354376],"angle":90.0},"model_confidence":0.8970622346266444,"model_id":153,"model_birth_timestamp":347871.839121,"theta":2.3162572841893008,"phi":-1.8906687459966736,"method":"3d c++","id":1}
1258051,1258049,1,348012.48721,107,106,{"topic":"pupil.1","circle_3d":{"center":[-6.127069926461955,1.6604545218980764,72.68398284339678],"normal":[-0.2330103563320629,0.6793588509714953,-0.6958288046988963],"radius":2.271022221659976},"confidence":0.9988056786395042,"timestamp":348012.48721,"diameter_3d":4.542044443319952,"ellipse":{"center":[107.80747373611074,133.8846707153918],"axes":[25.54883954082158,38.84616361325237],"angle":-67.60988922961417},"norm_pos":[0.3368983554253461,0.44214720535253416],"diameter":38.84616361325237,"sphere":{"center":[-3.3309456504771995,-6.4918516897598675,81.03392849978353],"radius":12.0},"projected_sphere":{"center":[134.51454789950878,70.33008861637666],"axes":[183.62678788354376,183.62678788354376],"angle":90.0},"model_confidence":0.8968810054177601,"model_id":153,"model_birth_timestamp":347871.839121,"theta":2.317684876954188,"phi":-1.8939268711597785,"method":"3d c++","id":1}
1258062,1258061,1,348012.49561,107,106,{"topic":"pupil.1","circle_3d":{"center":[-6.13528548730984,1.6617262754563562,72.68798071390002],"normal":[-0.23369498640272007,0.6794648304346853,-0.6954956488236262],"radius":2.265234025113291},"confidence":0.9984178828329398,"timestamp":348012.49561,"diameter_3d":4.530468050226582,"ellipse":{"center":[107.74008179442686,133.89629484577867],"axes":[25.465607782470705,38.745113507447016],"angle":-67.56254548798546},"norm_pos":[0.3366877556075839,0.44209877147592225],"diameter":38.745113507447016,"sphere":{"center":[-3.3309456504771995,-6.4918516897598675,81.03392849978353],"radius":12.0},"projected_sphere":{"center":[134.51454789950878,70.33008861637666],"axes":[183.62678788354376,183.62678788354376],"angle":90.0},"model_confidence":0.8966962023493119,"model_id":153,"model_birth_timestamp":347871.839121,"theta":2.3178293109320487,"phi":-1.8949558731301868,"method":"3d c++","id":1}
1258069,1258066,1,348012.50401,107,106,{"topic":"pupil.1","circle_3d":{"center":[-6.1523446258945675,1.6615373402134832,72.6935475044438],"normal":[-0.23511658128478063,0.6794490858311125,-0.6950317496116436],"radius":2.263850854780446},"confidence":0.9870307511830039,"timestamp":348012.50401,"diameter_3d":4.527701709560892,"ellipse":{"center":[107.59891967910912,133.8941830956268],"axes":[25.423467396352322,38.71878536921303],"angle":-67.4553955470488},"norm_pos":[0.336246623997216,0.44210757043488835],"diameter":38.71878536921303,"sphere":{"center":[-3.3309456504771995,-6.4918516897598675,81.03392849978353],"radius":12.0},"projected_sphere":{"center":[134.51454789950878,70.33008861637666],"axes":[183.62678788354376,183.62678788354376],"angle":90.0},"model_confidence":0.8968729515006713,"model_id":153,"model_birth_timestamp":347871.839121,"theta":2.317807852197165,"phi":-1.896993857150303,"method":"3d c++","id":1}
1258075,1258071,1,348012.51241,107,106,{"topic":"pupil.1","circle_3d":{"center":[-6.15902932064418,1.6611408269307706,72.69542409087893],"normal":[-0.23567363918058168,0.6794160430575532,-0.6948753674087159],"radius":2.26668336414141},"confidence":0.9988261833144932,"timestamp":348012.51241,"diameter_3d":4.53336672828282,"ellipse":{"center":[107.54361106632167,133.88983491442394],"axes":[25.446095229417054,38.766376285292786],"angle":-67.41242591803291},"norm_pos":[0.33607378458225523,0.4421256878565669],"diameter":38.766376285292786,"sphere":{"center":[-3.3309456504771995,-6.4918516897598675,81.03392849978353],"radius":12.0},"projected_sphere":{"center":[134.51454789950878,70.33008861637666],"axes":[183.62678788354376,183.62678788354376],"angle":90.0},"model_confidence":0.8967821047736746,"model_id":153,"model_birth_timestamp":347871.839121,"theta":2.3177628187172576,"phi":-1.8977813080157413,"method":"3d c++","id":1}
1258088,1258083,1,348012.52081,107,106,{"topic":"pupil.1","circle_3d":{"center":[-6.167959394983237,1.6641160542594182,72.7013692787518],"normal":[-0.2364178120421698,0.6796639786682739,-0.694379935085977],"radius":2.2634570790292052},"confidence":0.9988933108781939,"timestamp":348012.52081,"diameter_3d":4.5269141580584105,"ellipse":{"center":[107.47170232351323,133.91500487890505],"axes":[25.38387651818511,38.708143999502816],"angle":-67.36626653492328},"norm_pos":[0.33584906976097884,0.4420208130045623],"diameter":38.708143999502816,"sphere":{"center":[-3.3309456504771995,-6.4918516897598675,81.03392849978353],"radius":12.0},"projected_sphere":{"center":[134.51454789950878,70.33008861637666],"axes":[183.62678788354376,183.62678788354376],"angle":90.0},"model_confidence":0.8969507883875627,"model_id":153,"model_birth_timestamp":347871.839121,"theta":2.3181007721264946,"phi":-1.8989590078340877,"method":"3d c++","id":1}
1258096,1258094,1,348012.529209,107,106,{"topic":"pupil.1","circle_3d":{"center":[-6.186837569971022,1.6695375430701613,72.71313483965615],"normal":[-0.23799099329115184,0.6801157694025024,-0.6933994716772816],"radius":2.2645530361492363},"confidence":0.9991317200132911,"timestamp":348012.529209,"diameter_3d":4.529106072298473,"ellipse":{"center":[107.31966309157039,133.9590102529315],"axes":[25.34446970340074,38.72092947833702],"angle":-67.26615524302167},"norm_pos":[0.3353739471611575,0.441837457279452],"diameter":38.72092947833702,"sphere":{"center":[-3.3309456504771995,-6.4918516897598675,81.03392849978353],"radius":12.0},"projected_sphere":{"center":[134.51454789950878,70.33008861637666],"axes":[183.62678788354376,183.62678788354376],"angle":90.0},"model_confidence":0.897037673360368,"model_id":153,"model_birth_timestamp":347871.839121,"theta":2.318716866484993,"phi":-1.9014214658170625,"method":"3d c++","id":1}
1258104,1258101,1,348012.537609,107,106,{"topic":"pupil.1","circle_3d":{"center":[-6.1899536883719986,1.6694457679861916,72.71411498952739],"normal":[-0.23825066982456664,0.6801081214788383,-0.6933177925213452],"radius":2.264196470206678},"confidence":0.9990412815067754,"timestamp":348012.537609,"diameter_3d":4.528392940413356,"ellipse":{"center":[107.29385737061477,133.95816807128267],"axes":[25.335766182961695,38.71436384790449],"angle":-67.24650965330807},"norm_pos":[0.33529330428317117,0.44184096636965553],"diameter":38.71436384790449,"sphere":{"center":[-3.3309456504771995,-6.4918516897598675,81.03392849978353],"radius":12.0},"projected_sphere":{"center":[134.51454789950878,70.33008861637666],"axes":[183.62678788354376,183.62678788354376],"angle":90.0},"model_confidence":0.897158390912256,"model_id":153,"model_birth_timestamp":347871.839121,"theta":2.3187064342965513,"phi":-1.9017926618676886,"method":"3d c++","id":1}
1258111,1258111,1,348012.546009,107,105,{"topic":"pupil.1","circle_3d":{"center":[-6.186005886805579,1.675821768446177,72.71901771691562],"normal":[-0.2379216863606983,0.6806394548505037,-0.6929092319056592],"radius":2.261365177161286},"confidence":0.99903699817078,"timestamp":348012.546009,"diameter_3d":4.522730354322572,"ellipse":{"center":[107.33067752646231,134.01227873844607],"axes":[25.285616918095066,38.663207898474305],"angle":-67.2914030105155},"norm_pos":[0.33540836727019474,0.44161550525647475],"diameter":38.663207898474305,"sphere":{"center":[-3.3309456504771995,-6.4918516897598675,81.03392849978353],"radius":12.0},"projected_sphere":{"center":[134.51454789950878,70.33008861637666],"axes":[183.62678788354376,183.62678788354376],"angle":90.0},"model_confidence":0.8974715204075778,"model_id":153,"model_birth_timestamp":347871.839121,"theta":2.3194314426070313,"phi":-1.9015492204901114,"method":"3d c++","id":1}
1258120,1258116,1,348012.554409,107,106,{"topic":"pupil.1","circle_3d":{"center":[-6.183881071961821,1.6718160173969867,72.7143558516265],"normal":[-0.23774461845705178,0.6803056422630711,-0.6932977206797533],"radius":2.2578584218623634},"confidence":0.9991239166676148,"timestamp":348012.554409,"diameter_3d":4.515716843724727,"ellipse":{"center":[107.34521489973999,133.97981566010145],"axes":[25.26539784125418,38.605686007405566],"angle":-67.29181887871678},"norm_pos":[0.33545379656168745,0.4417507680829106],"diameter":38.605686007405566,"sphere":{"center":[-3.3309456504771995,-6.4918516897598675,81.03392849978353],"radius":12.0},"projected_sphere":{"center":[134.51454789950878,70.33008861637666],"axes":[183.62678788354376,183.62678788354376],"angle":90.0},"model_confidence":0.8978605485260527,"model_id":153,"model_birth_timestamp":347871.839121,"theta":2.3189758958874727,"phi":-1.9011485890034086,"method":"3d c++","id":1}
1258126,1258121,1,348012.562809,107,106,{"topic":"pupil.1","circle_3d":{"center":[-6.1838679506848955,1.668499463938721,72.71109824816192],"normal":[-0.237743525017308,0.6800292628082156,-0.6935691876351338],"radius":2.245990574280482},"confidence":0.998739376177171,"timestamp":348012.562809,"diameter_3d":4.491981148560964,"ellipse":{"center":[107.34226944936681,133.95501964712412],"axes":[25.145315465023,38.404406336133114],"angle":-67.28133695879322},"norm_pos":[0.3354445920292713,0.4418540848036495],"diameter":38.404406336133114,"sphere":{"center":[-3.3309456504771995,-6.4918516897598675,81.03392849978353],"radius":12.0},"projected_sphere":{"center":[134.51454789950878,70.33008861637666],"axes":[183.62678788354376,183.62678788354376],"angle":90.0},"model_confidence":0.8979019030582736,"model_id":153,"model_birth_timestamp":347871.839121,"theta":2.318598872620172,"phi":-1.9010270756667442,"method":"3d c++","id":1}
1258136,1258135,1,348012.571209,107,105,{"topic":"pupil.1","circle_3d":{"center":[-6.179611106388977,1.677475653334799,72.71844920622138],"normal":[-0.2373887879926481,0.6807772785912222,-0.6929566077968455],"radius":2.2598400110619745},"confidence":0.9993090486508963,"timestamp":348012.571209,"diameter_3d":4.519680022123949,"ellipse":{"center":[107.38450686457419,134.02678891322472],"axes":[25.27246342283122,38.6372956037563],"angle":-67.3363961279714},"norm_pos":[0.33557658395179435,0.44155504619489705],"diameter":38.6372956037563,"sphere":{"center":[-3.3309456504771995,-6.4918516897598675,81.03392849978353],"radius":12.0},"projected_sphere":{"center":[134.51454789950878,70.33008861637666],"axes":[183.62678788354376,183.62678788354376],"angle":90.0},"model_confidence":0.8980319706979767,"model_id":153,"model_birth_timestamp":347871.839121,"theta":2.319619583883026,"phi":-1.9008401329388387,"method":"3d c++","id":1}
1258142,1258138,1,348012.579609,107,106,{"topic":"pupil.1","circle_3d":{"center":[-6.174565018152281,1.6737913000219518,72.71310501558378],"normal":[-0.23696828063959013,0.680470249148485,-0.6934019570166464],"radius":2.2535788787725743},"confidence":0.9990727015434439,"timestamp":348012.579609,"diameter_3d":4.507157757545149,"ellipse":{"center":[107.4232122517006,133.99783213880943],"axes":[25.224825838055512,38.53296010763255],"angle":-67.35603132522911},"norm_pos":[0.3356975382865644,0.44167569942162743],"diameter":38.53296010763255,"sphere":{"center":[-3.3309456504771995,-6.4918516897598675,81.03392849978353],"radius":12.0},"projected_sphere":{"center":[134.51454789950878,70.33008861637666],"axes":[183.62678788354376,183.62678788354376],"angle":90.0},"model_confidence":0.8982484181408124,"model_id":153,"model_birth_timestamp":347871.839121,"theta":2.319200507210939,"phi":-1.9001002849867445,"method":"3d c++","id":1}
1258152,1258150,1,348012.588009,107,105,{"topic":"pupil.1","circle_3d":{"center":[-6.161930476172379,1.697519678486735,72.73213824047039],"normal":[-0.23591540214126494,0.6824476140205502,-0.6918158549427611],"radius":2.252892910396336},"confidence":0.9991558348956403,"timestamp":348012.588009,"diameter_3d":4.505785820792672,"ellipse":{"center":[107.54390363764763,134.19663557959979],"axes":[25.145133245517897,38.510760173691494],"angle":-67.50990453215167},"norm_pos":[0.33607469886764885,0.44084735175166756],"diameter":38.510760173691494,"sphere":{"center":[-3.3309456504771995,-6.4918516897598675,81.03392849978353],"radius":12.0},"projected_sphere":{"center":[134.51454789950878,70.33008861637666],"axes":[183.62678788354376,183.62678788354376],"angle":90.0},"model_confidence":0.8986534776316946,"model_id":153,"model_birth_timestamp":347871.839121,"theta":2.321902358501865,"phi":-1.8994389615238894,"method":"3d c++","id":1}
1258160,1258155,1,348012.596409,107,105,{"topic":"pupil.1","circle_3d":{"center":[-6.148280477783784,1.697796858150399,72.72776927108121],"normal":[-0.23477790227554873,0.6824707123258555,-0.6921799357251929],"radius":2.2506500303640524},"confidence":0.9990154601497394,"timestamp":348012.596409,"diameter_3d":4.501300060728105,"ellipse":{"center":[107.65664619078038,134.20021768662227],"axes":[25.140848122830917,38.474468488453645],"angle":-67.59564883950799},"norm_pos":[0.3364270193461887,0.4408324263057406],"diameter":38.474468488453645,"sphere":{"center":[-3.3309456504771995,-6.4918516897598675,81.03392849978353],"radius":12.0},"projected_sphere":{"center":[134.51454789950878,70.33008861637666],"axes":[183.62678788354376,183.62678788354376],"angle":90.0},"model_confidence":0.8986232624982105,"model_id":153,"model_birth_timestamp":347871.839121,"theta":2.321933960028186,"phi":-1.8978052059274146,"method":"3d c++","id":1}
1258171,1258167,1,348012.604809,107,105,{"topic":"pupil.1","circle_3d":{"center":[-6.132741933081427,1.7129237156969612,72.73744743027002],"normal":[-0.2334830235503523,0.683731283788069,-0.6913734224594583],"radius":2.2436100412084365},"confidence":0.9989309343941408,"timestamp":348012.604809,"diameter_3d":4.487220082416873,"ellipse":{"center":[107.79498285013204,134.3288998873814],"axes":[25.027998943344365,38.34858179960376],"angle":-67.73995023034306},"norm_pos":[0.33685932140666264,0.44029625046924414],"diameter":38.34858179960376,"sphere":{"center":[-3.3309456504771995,-6.4918516897598675,81.03392849978353],"radius":12.0},"projected_sphere":{"center":[134.51454789950878,70.33008861637666],"axes":[183.62678788354376,183.62678788354376],"angle":90.0},"model_confidence":0.898836614488685,"model_id":153,"model_birth_timestamp":347871.839121,"theta":2.3236600051389154,"phi":-1.8964797935052766,"method":"3d c++","id":1}
1258180,1258172,1,348012.613209,107,105,{"topic":"pupil.1","circle_3d":{"center":[-6.111462938311927,1.7145806504426755,72.73192923106939],"normal":[-0.23170977398622736,0.6838693616835453,-0.6918332723928444],"radius":2.2185292428834433},"confidence":0.999064884782016,"timestamp":348012.613209,"diameter_3d":4.437058485766887,"ellipse":{"center":[107.97034848992303,134.34989832104912],"axes":[24.77480425521277,37.92217414340877],"angle":-67.87777007518247},"norm_pos":[0.33740733903100945,0.44020875699562867],"diameter":37.92217414340877,"sphere":{"center":[-3.3309456504771995,-6.4918516897598675,81.03392849978353],"radius":12.0},"projected_sphere":{"center":[134.51454789950878,70.33008861637666],"axes":[183.62678788354376,183.62678788354376],"angle":90.0},"model_confidence":0.8989309381526644,"model_id":153,"model_birth_timestamp":347871.839121,"theta":2.3238492386973304,"phi":-1.8939754671926559,"method":"3d c++","id":1}
1258188,1258185,1,348012.621608,108,105,{"topic":"pupil.1","circle_3d":{"center":[-6.107776699743631,1.7227108167296077,72.73873880027651],"normal":[-0.23140258743886932,0.6845468755407896,-0.691265808292251],"radius":2.233536512569377},"confidence":0.9990762291625597,"timestamp":348012.621608,"diameter_3d":4.467073025138754,"ellipse":{"center":[108.00732449991446,134.4142641970245],"axes":[24.91679615068726,38.175133153669265],"angle":-67.92607945698688},"norm_pos":[0.3375228890622327,0.43994056584573127],"diameter":38.175133153669265,"sphere":{"center":[-3.3309456504771995,-6.4918516897598675,81.03392849978353],"radius":12.0},"projected_sphere":{"center":[134.51454789950878,70.33008861637666],"axes":[183.62678788354376,183.62678788354376],"angle":90.0},"model_confidence":0.898862812656942,"model_id":153,"model_birth_timestamp":347871.839121,"theta":2.3247782476101095,"phi":-1.8938231055587975,"method":"3d c++","id":1}
1258194,1258188,1,348012.630008,108,105,{"topic":"pupil.1","circle_3d":{"center":[-6.088229505774173,1.7242214836282717,72.7337160114884],"normal":[-0.22977365460808116,0.6846727644490116,-0.691684374024594],"radius":2.2104471746530425},"confidence":0.9990801884937416,"timestamp":348012.630008,"diameter_3d":4.420894349306085,"ellipse":{"center":[108.16848243911893,134.43345042526488],"axes":[24.683355717892653,37.782559604134505],"angle":-68.05282141664131},"norm_pos":[0.3380265076222467,0.43986062322806296],"diameter":37.782559604134505,"sphere":{"center":[-3.3309456504771995,-6.4918516897598675,81.03392849978353],"radius":12.0},"projected_sphere":{"center":[134.51454789950878,70.33008861637666],"axes":[183.62678788354376,183.62678788354376],"angle":90.0},"model_confidence":0.8988213490449204,"model_id":153,"model_birth_timestamp":347871.839121,"theta":2.324950956113818,"phi":-1.8915214638387463,"method":"3d c++","id":1}
1258203,1258200,1,348012.638408,108,105,{"topic":"pupil.1","circle_3d":{"center":[-6.055047412794128,1.7244882545491844,72.72303038296766],"normal":[-0.22700848019307737,0.6846949953590876,-0.692574843067988],"radius":2.2272733770492557},"confidence":0.998618478166915,"timestamp":348012.638408,"diameter_3d":4.454546754098511,"ellipse":{"center":[108.44397926773956,134.4333872160072],"axes":[24.921576180980896,38.075312116398976],"angle":-68.26124978807582},"norm_pos":[0.3388874352116861,0.43986088659997],"diameter":38.075312116398976,"sphere":{"center":[-3.3309456504771995,-6.4918516897598675,81.03392849978353],"radius":12.0},"projected_sphere":{"center":[134.51454789950878,70.33008861637666],"axes":[183.62678788354376,183.62678788354376],"angle":90.0},"model_confidence":0.898769081599593,"model_id":153,"model_birth_timestamp":347871.839121,"theta":2.324981457877001,"phi":-1.887535755925529,"method":"3d c++","id":1}
1258212,1258205,1,348012.646808,108,105,{"topic":"pupil.1","circle_3d":{"center":[-6.059966774881872,1.7379969531831208,72.73802378620331],"normal":[-0.22741842703372264,0.685820720245249,-0.6913253927983517],"radius":2.2348861809387612},"confidence":0.9992086773089559,"timestamp":348012.646808,"diameter_3d":4.4697723618775225,"ellipse":{"center":[108.41301548319521,134.5438959004733],"axes":[24.94675910735155,38.19764204603912],"angle":-68.27202882365705},"norm_pos":[0.33879067338498503,0.43940043374802795],"diameter":38.19764204603912,"sphere":{"center":[-3.3309456504771995,-6.4918516897598675,81.03392849978353],"radius":12.0},"projected_sphere":{"center":[134.51454789950878,70.33008861637666],"axes":[183.62678788354376,183.62678788354376],"angle":90.0},"model_confidence":0.8987744971192035,"model_id":153,"model_birth_timestamp":347871.839121,"theta":2.3265271457390484,"phi":-1.8886057644810295,"method":"3d c++","id":1}
1258220,1258218,1,348012.655208,108,105,{"topic":"pupil.1","circle_3d":{"center":[-6.0243257960470045,1.7588883318851654,72.74713222578985],"normal":[-0.2244483454641504,0.6875616684704193,-0.6905663561661389],"radius":2.219117580591208},"confidence":0.9992763528137999,"timestamp":348012.655208,"diameter_3d":4.438235161182416,"ellipse":{"center":[108.72110310594694,134.72366797824185],"axes":[24.74397661810359,37.92248860312971],"angle":-68.55921441868358},"norm_pos":[0.3397534472060842,0.43865138342399235],"diameter":37.92248860312971,"sphere":{"center":[-3.3309456504771995,-6.4918516897598675,81.03392849978353],"radius":12.0},"projected_sphere":{"center":[134.51454789950878,70.33008861637666],"axes":[183.62678788354376,183.62678788354376],"angle":90.0},"model_confidence":0.8988091416255894,"model_id":153,"model_birth_timestamp":347871.839121,"theta":2.328922016865071,"phi":-1.8850469285438605,"method":"3d c++","id":1}
1258229,1258225,1,348012.663608,108,105,{"topic":"pupil.1","circle_3d":{"center":[-6.001067588000588,1.7510162601925447,72.73178559578557],"normal":[-0.22251016146028235,0.6869056624960344,-0.6918452419998299],"radius":2.200376956000459},"confidence":0.9990845606040556,"timestamp":348012.663608,"diameter_3d":4.400753912000918,"ellipse":{"center":[108.90704968900432,134.66380786553552],"axes":[24.599834041791244,37.60965144906098],"angle":-68.6813741622702},"norm_pos":[0.34033453027813854,0.4389008005602687],"diameter":37.60965144906098,"sphere":{"center":[-3.3309456504771995,-6.4918516897598675,81.03392849978353],"radius":12.0},"projected_sphere":{"center":[134.51454789950878,70.33008861637666],"axes":[183.62678788354376,183.62678788354376],"angle":90.0},"model_confidence":0.8987730493883905,"model_id":153,"model_birth_timestamp":347871.839121,"theta":2.328018970117871,"phi":-1.8819666528026093,"method":"3d c++","id":1}
1258236,1258235,1,348012.672008,108,105,{"topic":"pupil.1","circle_3d":{"center":[-5.992390995067514,1.7663478262359877,72.74424518666689],"normal":[-0.22178711204919288,0.6881832929996545,-0.6908069427597195],"radius":2.2073347591198313},"confidence":0.9992569336177014,"timestamp":348012.672008,"diameter_3d":4.414669518239663,"ellipse":{"center":[108.98969475965518,134.79033264651213],"axes":[24.63153411725494,37.721922515637054],"angle":-68.7822945904849},"norm_pos":[0.34059279612392246,0.4383736139728661],"diameter":37.721922515637054,"sphere":{"center":[-3.3309456504771995,-6.4918516897598675,81.03392849978353],"radius":12.0},"projected_sphere":{"center":[134.51454789950878,70.33008861637666],"axes":[183.62678788354376,183.62678788354376],"angle":90.0},"model_confidence":0.8986509762021533,"model_id":153,"model_birth_timestamp":347871.839121,"theta":2.329778447799729,"phi":-1.881456097814847,"method":"3d c++","id":1}
1258243,1258241,1,348012.680408,109,105,{"topic":"pupil.1","circle_3d":{"center":[-5.973060588853262,1.7899449174991897,72.761620864764],"normal":[-0.2201762448646719,0.690149717271588,-0.6893589695849609],"radius":2.2083767297907584},"confidence":0.9992137705377232,"timestamp":348012.680408,"diameter_3d":4.416753459581517,"ellipse":{"center":[109.16580804214294,134.98760206974526],"axes":[24.5805630437699,37.73023722423297],"angle":-68.97467603167442},"norm_pos":[0.3411431501316967,0.4375516580427281],"diameter":37.73023722423297,"sphere":{"center":[-3.3309456504771995,-6.4918516897598675,81.03392849978353],"radius":12.0},"projected_sphere":{"center":[134.51454789950878,70.33008861637666],"axes":[183.62678788354376,183.62678788354376],"angle":90.0},"model_confidence":0.8987163814883292,"model_id":153,"model_birth_timestamp":347871.839121,"theta":2.332492246216707,"phi":-1.87994831464732,"method":"3d c++","id":1}
1258255,1258251,1,348012.688808,109,104,{"topic":"pupil.1","circle_3d":{"center":[-5.957311437393004,1.7922916509025288,72.75895587960665],"normal":[-0.2188638155763171,0.690345278388533,-0.6895810516814065],"radius":2.2046021823513264},"confidence":0.9994117500720597,"timestamp":348012.688808,"diameter_3d":4.409204364702653,"ellipse":{"center":[109.29752967215632,135.00888393268932],"axes":[24.55267245689597,37.66680552428161],"angle":-69.08071422971051},"norm_pos":[0.34155478022548846,0.43746298361379454],"diameter":37.66680552428161,"sphere":{"center":[-3.3309456504771995,-6.4918516897598675,81.03392849978353],"radius":12.0},"projected_sphere":{"center":[134.51454789950878,70.33008861637666],"axes":[183.62678788354376,183.62678788354376],"angle":90.0},"model_confidence":0.8988400072501901,"model_id":153,"model_birth_timestamp":347871.839121,"theta":2.332762517529724,"phi":-1.8781268699042275,"method":"3d c++","id":1}
1258262,1258257,1,348012.697208,109,104,{"topic":"pupil.1","circle_3d":{"center":[-5.9551109793002155,1.7933030119179332,72.75927032580017],"normal":[-0.21868044406858464,0.69042955847315,-0.6895548478319456],"radius":2.2022600600196363},"confidence":0.9995554939571722,"timestamp":348012.697208,"diameter_3d":4.4045201200392725,"ellipse":{"center":[109.31630085638963,135.01798050223775],"axes":[24.525884472169537,37.626562145548355],"angle":-69.09757930579582},"norm_pos":[0.3416134401762176,0.43742508124067603],"diameter":37.626562145548355,"sphere":{"center":[-3.3309456504771995,-6.4918516897598675,81.03392849978353],"radius":12.0},"projected_sphere":{"center":[134.51454789950878,70.33008861637666],"axes":[183.62678788354376,183.62678788354376],"angle":90.0},"model_confidence":0.8991199947471329,"model_id":153,"model_birth_timestamp":347871.839121,"theta":2.3328790166210096,"phi":-1.8778962194100335,"method":"3d c++","id":1}
1258271,1258269,1,348012.705608,109,105,{"topic":"pupil.1","circle_3d":{"center":[-5.9529451953027674,1.7721521803689253,72.73746187709223],"normal":[-0.2184999620687973,0.6886669891773994,-0.6913722185576087],"radius":2.1874762174288813},"confidence":0.9993211939203419,"timestamp":348012.705608,"diameter_3d":4.374952434857763,"ellipse":{"center":[109.31903228570756,134.84550698800476],"axes":[24.445380112953607,37.385151263066],"angle":-69.04813684634283},"norm_pos":[0.34162197589283616,0.43814372088331355],"diameter":37.385151263066,"sphere":{"center":[-3.3309456504771995,-6.4918516897598675,81.03392849978353],"radius":12.0},"projected_sphere":{"center":[134.51454789950878,70.33008861637666],"axes":[183.62678788354376,183.62678788354376],"angle":90.0},"model_confidence":0.8991118309694901,"model_id":153,"model_birth_timestamp":347871.839121,"theta":2.33044533222783,"phi":-1.8769012625484842,"method":"3d c++","id":1}
1258279,1258274,1,348012.714007,109,105,{"topic":"pupil.1","circle_3d":{"center":[-5.943418163880965,1.7728291815598904,72.73513114944708],"normal":[-0.21770604278364708,0.6887234059433132,-0.6915664458613698],"radius":2.191020489032489},"confidence":0.9995651546479903,"timestamp":348012.714007,"diameter_3d":4.382040978064978,"ellipse":{"center":[109.39858151008252,134.85080368062415],"axes":[24.496310198396934,37.44678228266515],"angle":-69.1102669499669},"norm_pos":[0.3418705672190079,0.43812165133073266],"diameter":37.44678228266515,"sphere":{"center":[-3.3309456504771995,-6.4918516897598675,81.03392849978353],"radius":12.0},"projected_sphere":{"center":[134.51454789950878,70.33008861637666],"axes":[183.62678788354376,183.62678788354376],"angle":90.0},"model_confidence":0.8990078498921528,"model_id":153,"model_birth_timestamp":347871.839121,"theta":2.3305231429852182,"phi":-1.875776412381811,"method":"3d c++","id":1}
1258287,1258286,1,348012.722407,109,104,{"topic":"pupil.1","circle_3d":{"center":[-5.942328548586264,1.8045024506378518,72.76645081087689],"normal":[-0.21761524150908876,0.6913628450331433,-0.6889564740755536],"radius":2.202259786860914},"confidence":0.9995178070162495,"timestamp":348012.722407,"diameter_3d":4.404519573721828,"ellipse":{"center":[109.42973295060973,135.1118743880548],"axes":[24.50124025961969,37.62255063925993],"angle":-69.2112988985489},"norm_pos":[0.3419679154706554,0.43703385671643835],"diameter":37.62255063925993,"sphere":{"center":[-3.3309456504771995,-6.4918516897598675,81.03392849978353],"radius":12.0},"projected_sphere":{"center":[134.51454789950878,70.33008861637666],"axes":[183.62678788354376,183.62678788354376],"angle":90.0},"model_confidence":0.8991033612685051,"model_id":153,"model_birth_timestamp":347871.839121,"theta":2.334169951929418,"phi":-1.8767412410706619,"method":"3d c++","id":1}
1258303,1258297,1,348012.730807,109,104,{"topic":"pupil.1","circle_3d":{"center":[-5.901880963010682,1.862294875949015,72.81209617496549],"normal":[-0.21424460937779022,0.6961788804757402,-0.6851526937348369],"radius":2.1848405868837033},"confidence":0.9989904570115519,"timestamp":348012.730807,"diameter_3d":4.369681173767407,"ellipse":{"center":[109.80304303830523,135.59874438540774],"axes":[24.14206857132514,37.30037226752738],"angle":-69.63526223510158},"norm_pos":[0.34313450949470387,0.43500523172746774],"diameter":37.30037226752738,"sphere":{"center":[-3.3309456504771995,-6.4918516897598675,81.03392849978353],"radius":12.0},"projected_sphere":{"center":[134.51454789950878,70.33008861637666],"axes":[183.62678788354376,183.62678788354376],"angle":90.0},"model_confidence":0.8990667637653216,"model_id":153,"model_birth_timestamp":347871.839121,"theta":2.340857118668586,"phi":-1.8738598839685574,"method":"3d c++","id":1}
1258314,1258313,1,348012.739207,110,103,{"topic":"pupil.1","circle_3d":{"center":[-5.849411684952543,1.9150425703528775,72.84970845554734],"normal":[-0.2098721695396119,0.700574521676062,-0.6820183370196824],"radius":2.1814553830610905},"confidence":0.9993935163711467,"timestamp":348012.739207,"diameter_3d":4.362910766122181,"ellipse":{"center":[110.27330079936243,136.04036144085327],"axes":[23.973350178793716,37.2221008983709],"angle":-70.11643710066463},"norm_pos":[0.3446040649980076,0.4331651606631114],"diameter":37.2221008983709,"sphere":{"center":[-3.3309456504771995,-6.4918516897598675,81.03392849978353],"radius":12.0},"projected_sphere":{"center":[134.51454789950878,70.33008861637666],"axes":[183.62678788354376,183.62678788354376],"angle":90.0},"model_confidence":0.8990788892556889,"model_id":153,"model_birth_timestamp":347871.839121,"theta":2.346998632198266,"phi":-1.869322547005054,"method":"3d c++","id":1}
1258317,1258313,1,348012.747607,110,103,{"topic":"pupil.1","circle_3d":{"center":[-5.830648541783066,1.9566518457016215,72.88688772005916],"normal":[-0.20830857427548885,0.7040419612884574,-0.6789200649770306],"radius":2.160842475620769},"confidence":0.9986577557647932,"timestamp":348012.747607,"diameter_3d":4.321684951241538,"ellipse":{"center":[110.4561656988196,136.39122539183296],"axes":[23.610408575338504,36.85084820648732],"angle":-70.35166262498547},"norm_pos":[0.3451755178088113,0.43170322753402934],"diameter":36.85084820648732,"sphere":{"center":[-3.3309456504771995,-6.4918516897598675,81.03392849978353],"radius":12.0},"projected_sphere":{"center":[134.51454789950878,70.33008861637666],"axes":[183.62678788354376,183.62678788354376],"angle":90.0},"model_confidence":0.8988401265329071,"model_id":153,"model_birth_timestamp":347871.839121,"theta":2.3518695195139894,"phi":-1.8685013213497934,"method":"3d c++","id":1}
1258325,1258324,1,348012.756007,110,103,{"topic":"pupil.1","circle_3d":{"center":[-5.868603560024525,1.9148353692301878,72.85542588461485],"normal":[-0.21147149246227714,0.700557254915838,-0.6815418845973903],"radius":2.1746619260815967},"confidence":0.9992129847507587,"timestamp":348012.756007,"diameter_3d":4.349323852163193,"ellipse":{"center":[110.1139714381296,136.0391629909648],"axes":[23.87233525924795,37.103549940816656],"angle":-69.99539810437139},"norm_pos":[0.344106160744155,0.4331701542043134],"diameter":37.103549940816656,"sphere":{"center":[-3.3309456504771995,-6.4918516897598675,81.03392849978353],"radius":12.0},"projected_sphere":{"center":[134.51454789950878,70.33008861637666],"axes":[183.62678788354376,183.62678788354376],"angle":90.0},"model_confidence":0.898882839170545,"model_id":153,"model_birth_timestamp":347871.839121,"theta":2.346974435088776,"phi":-1.8716610100062707,"method":"3d c++","id":1}
1258330,1258330,1,348012.764407,109,104,{"topic":"pupil.1","circle_3d":{"center":[-5.929700823826663,1.8511502095065122,72.80952634170377],"normal":[-0.2165629311124553,0.6952501582721983,-0.6853668465066465],"radius":2.1825985729650053},"confidence":0.9991217172780726,"timestamp":348012.764407,"diameter_3d":4.3651971459300105,"ellipse":{"center":[109.56506871286666,135.5051386681713],"axes":[24.120444978793977,37.26394289104384],"angle":-69.42811369834254},"norm_pos":[0.34239083972770834,0.43539525554928626],"diameter":37.26394289104384,"sphere":{"center":[-3.3309456504771995,-6.4918516897598675,81.03392849978353],"radius":12.0},"projected_sphere":{"center":[134.51454789950878,70.33008861637666],"axes":[183.62678788354376,183.62678788354376],"angle":90.0},"model_confidence":0.8986732863876523,"model_id":153,"model_birth_timestamp":347871.839121,"theta":2.3395642066884847,"phi":-1.8768493865602978,"method":"3d c++","id":1}
-1565848023734,1251803,1251811,0.03107,-0.00562,-0.78784,0.61511,0.06921,-398.19543,-19.348724
-1565848023731,1251803,1251814,0.03094,-0.00555,-0.78778,0.61517,0.06921,-398.54257,-19.255165
-1565848023727,1251816,1251818,0.03088,-0.00549,-0.78766,0.61530,0.06921,-399.20093,-19.219152
-1565848023720,1251823,1251825,0.03082,-0.00543,-0.78760,0.61536,0.06921,-399.53485,-19.166567
-1565848023715,1251823,1251830,0.03070,-0.00537,-0.78754,0.61542,0.06921,-399.8811,-19.083977
-1565848023708,1251830,1251837,0.03070,-0.00537,-0.78754,0.61554,0.06921,-399.95917,-19.087019
-1565848023703,1251837,1251842,0.03058,-0.00537,-0.78748,0.61560,0.06927,-400.30472,-19.043312
-1565848023698,1251846,1251847,0.03052,-0.00537,-0.78741,0.61566,0.06927,-400.68542,-19.031912
-1565848023692,1251846,1251853,0.03046,-0.00537,-0.78735,0.61572,0.06927,-401.01965,-19.018051
-1565848023687,1251853,1251858,0.03033,-0.00537,-0.78723,0.61591,0.06927,-401.73718,-18.986975
-1565848023681,1251860,1251864,0.03027,-0.00537,-0.78717,0.61597,0.06927,-402.07294,-18.973011
-1565848023674,1251860,1251871,0.03021,-0.00537,-0.78711,0.61609,0.06927,-402.44843,-18.960526
-1565848023668,1251871,1251877,0.03015,-0.00537,-0.78705,0.61615,0.06927,-402.78506,-18.946491
-1565848023664,1251879,1251881,0.03009,-0.00537,-0.78699,0.61621,0.06927,-403.12244,-18.932442
-1565848023657,1251887,1251888,0.03003,-0.00537,-0.78693,0.61633,0.06927,-403.49915,-18.919834
-1565848023653,1251887,1251892,0.03003,-0.00537,-0.78687,0.61639,0.06934,-403.8251,-18.935953
-1565848023646,1251897,1251899,0.02997,-0.00531,-0.78680,0.61646,0.06934,-404.2199,-18.885164
-1565848023640,1251897,1251905,0.02991,-0.00531,-0.78668,0.61664,0.06934,-404.92618,-18.88859
-1565848023634,1251908,1251911,0.02991,-0.00531,-0.78662,0.61670,0.06934,-405.2538,-18.90471
-1565848023628,1251914,1251917,0.02985,-0.00525,-0.78656,0.61676,0.06934,-405.5964,-18.851025
-1565848023623,1251914,1251922,0.02985,-0.00525,-0.78656,0.61682,0.06934,-405.6359,-18.852524
-1565848023618,1251922,1251927,0.02985,-0.00525,-0.78650,0.61688,0.06934,-405.96494,-18.868656
-1565848023613,1251928,1251932,0.02985,-0.00519,-0.78644,0.61688,0.06934,-406.25613,-18.843771
-1565848023607,1251935,1251938,0.02979,-0.00519,-0.78644,0.61694,0.06934,-406.30807,-18.814829
-1565848023602,1251942,1251943,0.02979,-0.00519,-0.78638,0.61700,0.06934,-406.63818,-18.83096
-1565848023594,1251942,1251951,0.02979,-0.00513,-0.78632,0.61713,0.06940,-407.0163,-18.809267
-1565848023590,1251942,1251955,0.02979,-0.00513,-0.78625,0.61713,0.06940,-407.35632,-18.826357
-1565848023584,1251955,1251961,0.02979,-0.00507,-0.78625,0.61719,0.06940,-407.39746,-18.78824
-1565848023579,1251965,1251966,0.02985,-0.00507,-0.78619,0.61719,0.06940,-407.67688,-18.83344
-1565848023573,1251970,1251972,0.02985,-0.00507,-0.78619,0.61725,0.06940,-407.71655,-18.834948
-1565848023561,1251977,1251984,0.02985,-0.00500,-0.78619,0.61725,0.06940,-407.7183,-18.788694
-1565848023556,1251989,1251989,0.02985,-0.00500,-0.78619,0.61725,0.06940,-407.7183,-18.788694
-1565848023554,1251989,1251991,0.02985,-0.00500,-0.78613,0.61731,0.06940,-408.05014,-18.80485
-1565848023548,1251997,1251997,0.02985,-0.00494,-0.78613,0.61731,0.06946,-408.05167,-18.765177
-1565848023544,1251997,1252001,0.02991,-0.00494,-0.78613,0.61737,0.06946,-408.07883,-18.797277
-1565848023540,1252005,1252005,0.02991,-0.00494,-0.78607,0.61737,0.06946,-408.3718,-18.811956
-1565848023531,1252011,1252014,0.02991,-0.00488,-0.78607,0.61737,0.06946,-408.3733,-18.772255
-1565848023528,1252011,1252017,0.02991,-0.00488,-0.78607,0.61737,0.06946,-408.3733,-18.772255
-1565848023523,1252020,1252022,0.02991,-0.00482,-0.78607,0.61737,0.06946,-408.37485,-18.732555
-1565848023517,1252020,1252028,0.02991,-0.00482,-0.78607,0.61737,0.06946,-408.37485,-18.732555
-1565848023513,1252029,1252032,0.02985,-0.00476,-0.78607,0.61737,0.06946,-408.38882,-18.662235
-1565848023506,1252029,1252039,0.02985,-0.00470,-0.78607,0.61743,0.06946,-408.43,-18.62404
-1565848023501,1252039,1252044,0.02985,-0.00464,-0.78607,0.61743,0.06952,-408.4315,-18.58434
-1565848023494,1252048,1252051,0.02985,-0.00464,-0.78607,0.61743,0.06952,-408.4315,-18.58434
-1565848023489,1252048,1252056,0.02985,-0.00458,-0.78601,0.61743,0.06952,-408.72632,-18.55914
-1565848023482,1252056,1252063,0.02979,-0.00458,-0.78601,0.61749,0.06952,-408.77863,-18.529995
-1565848023478,1252066,1252067,0.02979,-0.00452,-0.78601,0.61749,0.06952,-408.78012,-18.490263
-1565848023474,1252071,1252071,0.02979,-0.00446,-0.78601,0.61749,0.06952,-408.78162,-18.450533
-1565848023467,1252071,1252078,0.02972,-0.00446,-0.78601,0.61749,0.06952,-408.79623,-18.414764
-1565848023461,1252079,1252084,0.02972,-0.00439,-0.78595,0.61755,0.06952,-409.13174,-18.384306
-1565848023455,1252086,1252090,0.02972,-0.00439,-0.78595,0.61761,0.06952,-409.17148,-18.385809
-1565848023448,1252096,1252097,0.02972,-0.00439,-0.78589,0.61761,0.06952,-409.4658,-18.400215
-1565848023445,1252096,1252100,0.02966,-0.00439,-0.78589,0.61768,0.06958,-409.5248,-18.371252
-1565848023439,1252105,1252106,0.02966,-0.00439,-0.78583,0.61768,0.06958,-409.81967,-18.38566
-1565848023432,1252113,1252113,0.02966,-0.00446,-0.78583,0.61774,0.06958,-409.8577,-18.433619
-1565848023427,1252113,1252118,0.02966,-0.00446,-0.78577,0.61780,0.06958,-410.19284,-18.449585
-1565848023422,1252113,1252123,0.02966,-0.00446,-0.78577,0.61780,0.06958,-410.19284,-18.449585
-1565848023417,1252124,1252128,0.02966,-0.00452,-0.78571,0.61792,0.06958,-410.56714,-18.506973
-1565848023411,1252130,1252134,0.02966,-0.00452,-0.78564,0.61792,0.06958,-410.9126,-18.523926
-1565848023404,1252139,1252141,0.02966,-0.00458,-0.78564,0.61798,0.06958,-410.95102,-18.565346
-1565848023398,1252139,1252147,0.02966,-0.00458,-0.78558,0.61798,0.06958,-411.24814,-18.579956
-1565848023394,1252149,1252151,0.02966,-0.00464,-0.78558,0.61804,0.06964,-411.28656,-18.621405
-1565848023387,1252149,1252158,0.02972,-0.00470,-0.78558,0.61804,0.06964,-411.27237,-18.692202
-1565848023382,1252159,1252163,0.02972,-0.00470,-0.78552,0.61804,0.06964,-411.56937,-18.706886
-1565848023376,1252166,1252169,0.02972,-0.00476,-0.78552,0.61810,0.06964,-411.6078,-18.748365
-1565848023372,1252171,1252173,0.02972,-0.00476,-0.78552,0.61810,0.06964,-411.6078,-18.748365
-1565848023366,1252179,1252179,0.02972,-0.00488,-0.78546,0.61816,0.06964,-411.94266,-18.844631
-1565848023361,1252179,1252184,0.02972,-0.00488,-0.78546,0.61816,0.06964,-411.94266,-18.844631
-1565848023355,1252187,1252190,0.02972,-0.00494,-0.78546,0.61816,0.06964,-411.9412,-18.884628
-1565848023349,1252187,1252196,0.02972,-0.00494,-0.78546,0.61823,0.06964,-411.9878,-18.886393
-1565848023344,1252196,1252201,0.02966,-0.00500,-0.78540,0.61823,0.06970,-412.29755,-18.91036
-1565848023337,1252196,1252208,0.02966,-0.00500,-0.78540,0.61823,0.06970,-412.29755,-18.91036
-1565848023334,1252208,1252211,0.02960,-0.00500,-0.78540,0.61823,0.06970,-412.31012,-18.87942
-1565848023328,1252216,1252217,0.02960,-0.00500,-0.78540,0.61829,0.06970,-412.35013,-18.880928
-1565848023321,1252222,1252224,0.02960,-0.00500,-0.78540,0.61829,0.06970,-412.35013,-18.880928
-1565848023316,1252222,1252229,0.02960,-0.00500,-0.78534,0.61835,0.06970,-412.68878,-18.897297
-1565848023311,1252233,1252234,0.02966,-0.00500,-0.78534,0.61835,0.06970,-412.6762,-18.92827
-1565848023305,1252240,1252240,0.02972,-0.00494,-0.78534,0.61835,0.06970,-412.66492,-18.919178
-1565848023300,1252240,1252245,0.02979,-0.00488,-0.78534,0.61835,0.06970,-412.6515,-18.915245
-1565848023294,1252248,1252251,0.02985,-0.00488,-0.78528,0.61835,0.06970,-412.93817,-18.961157
-1565848023288,1252255,1252257,0.02991,-0.00482,-0.78528,0.61841,0.06976,-412.96692,-18.953587
-1565848023283,1252255,1252262,0.02997,-0.00476,-0.78528,0.61841,0.06976,-412.95566,-18.944492
-1565848023278,1252266,1252267,0.03003,-0.00470,-0.78528,0.61841,0.06976,-412.94412,-18.935387
-1565848023272,1252271,1252273,0.03009,-0.00458,-0.78528,0.61841,0.06976,-412.93445,-18.886223
-1565848023266,1252278,1252279,0.03009,-0.00452,-0.78528,0.61841,0.06976,-412.93597,-18.846148
-1565848023261,1252278,1252284,0.03009,-0.00446,-0.78528,0.61841,0.06976,-412.93753,-18.80607
-1565848023255,1252290,1252290,0.03015,-0.00439,-0.78528,0.61841,0.06976,-412.9263,-18.790295
-1565848023246,1252290,1252299,0.03015,-0.00439,-0.78528,0.61835,0.06976,-412.88626,-18.788757
-1565848023243,1252302,1252302,0.03009,-0.00427,-0.78534,0.61835,0.06976,-412.60294,-18.66288
-1565848023238,1252302,1252307,0.03009,-0.00427,-0.78534,0.61829,0.06982,-412.56287,-18.661346
-1565848023232,1252311,1252313,0.03009,-0.00415,-0.78540,0.61829,0.06982,-412.2675,-18.566603
-1565848023227,1252317,1252318,0.03009,-0.00415,-0.78540,0.61823,0.06982,-412.22748,-18.56507
-1565848023221,1252322,1252324,0.03003,-0.00403,-0.78552,0.61810,0.06982,-411.5604,-18.421686
-1565848023216,1252322,1252329,0.03003,-0.00397,-0.78552,0.61804,0.06982,-411.52203,-18.380201
-1565848023211,1252330,1252334,0.02997,-0.00391,-0.78558,0.61798,0.06982,-411.19955,-18.293428
-1565848023204,1252338,1252341,0.02997,-0.00391,-0.78564,0.61798,0.06982,-410.90253,-18.279016
-1565848023200,1252338,1252345,0.02991,-0.00385,-0.78564,0.61792,0.06982,-410.8767,-18.206753
-1565848023190,1252347,1252355,0.02991,-0.00378,-0.78571,0.61786,0.06982,-410.4933,-18.142023
-1565848023188,1252347,1252357,0.02985,-0.00378,-0.78571,0.61786,0.06989,-410.5059,-18.11122
-1565848023182,1252358,1252363,0.02972,-0.00366,-0.78577,0.61780,0.06989,-410.20032,-17.949064
-1565848023169,1252370,1252376,0.02972,-0.00366,-0.78577,0.61780,0.06989,-410.20032,-17.949064
-1565848023166,1252377,1252379,0.02966,-0.00360,-0.78583,0.61774,0.06989,-409.87924,-17.862871
-1565848023166,1252377,1252379,0.02960,-0.00354,-0.78583,0.61774,0.06989,-409.8931,-17.792278
-1565848023159,1252383,1252386,0.02954,-0.00348,-0.78583,0.61774,0.06989,-409.90717,-17.721687
-1565848023154,1252391,1252391,0.02954,-0.00342,-0.78583,0.61774,0.06989,-409.90863,-17.681864
-1565848023149,1252391,1252396,0.02948,-0.00336,-0.78577,0.61780,0.06989,-410.25772,-17.626625
-1565848023143,1252398,1252402,0.02948,-0.00330,-0.78577,0.61780,0.06989,-410.25925,-17.586771
-1565848023137,1252407,1252408,0.02942,-0.00323,-0.78577,0.61786,0.06995,-410.3134,-17.51097
-1565848023132,1252407,1252413,0.02942,-0.00317,-0.78571,0.61786,0.06995,-410.61105,-17.484901
-1565848023125,1252417,1252420,0.02942,-0.00305,-0.78564,0.61792,0.06995,-410.99945,-17.42265
-1565848023121,1252424,1252424,0.02936,-0.00299,-0.78564,0.61798,0.06995,-411.05325,-17.353346
-1565848023113,1252431,1252432,0.02936,-0.00293,-0.78558,0.61804,0.06995,-411.39197,-17.328619
-1565848023109,1252431,1252436,0.02936,-0.00287,-0.78558,0.61810,0.06995,-411.4334,-17.290167
-1565848023105,1252440,1252440,0.02936,-0.00287,-0.78552,0.61816,0.06995,-411.7706,-17.305325
-1565848023097,1252447,1252448,0.02930,-0.00281,-0.78546,0.61823,0.06995,-412.12924,-17.249798
-1565848023092,1252447,1252453,0.02930,-0.00281,-0.78546,0.61823,0.06995,-412.12924,-17.249798
-1565848023084,1252459,1252461,0.02924,-0.00281,-0.78540,0.61829,0.06995,-412.48038,-17.233967
-1565848023082,1252459,1252463,0.02924,-0.00287,-0.78534,0.61841,0.07001,-412.8578,-17.290668
-1565848023077,1252467,1252468,0.02930,-0.00293,-0.78528,0.61847,0.07001,-413.18353,-17.377039
-1565848023070,1252475,1252475,0.02930,-0.00293,-0.78522,0.61853,0.07001,-413.52344,-17.392323
-1565848023064,1252475,1252481,0.02930,-0.00293,-0.78516,0.61859,0.07001,-413.86404,-17.407639
-1565848023060,1252483,1252485,0.02930,-0.00299,-0.78516,0.61859,0.07001,-413.86252,-17.447788
-1565848023053,1252491,1252492,0.02936,-0.00305,-0.78510,0.61865,0.07001,-414.18967,-17.534473
-1565848023048,1252491,1252497,0.02936,-0.00305,-0.78503,0.61871,0.07001,-414.58154,-17.552248
-1565848023043,1252498,1252502,0.02942,-0.00317,-0.78503,0.61877,0.07001,-414.60617,-17.66534
-1565848023035,1252508,1252510,0.02942,-0.00323,-0.78497,0.61884,0.07001,-414.95364,-17.7214
-1565848023030,1252508,1252515,0.02942,-0.00342,-0.78491,0.61896,0.07007,-415.33163,-17.866034
-1565848023023,1252521,1252522,0.02948,-0.00348,-0.78485,0.61896,0.07007,-415.62045,-17.9518
-1565848023015,1252529,1252530,0.02948,-0.00354,-0.78479,0.61902,0.07007,-415.9626,-18.007936
-1565848023013,1252529,1252532,0.02954,-0.00360,-0.78473,0.61908,0.07007,-416.29242,-18.095448
-1565848023009,1252536,1252536,0.02954,-0.00372,-0.78467,0.61914,0.07007,-416.63446,-18.192179
-1565848023003,1252536,1252542,0.02960,-0.00385,-0.78467,0.61920,0.07007,-416.6585,-18.312506
-1565848022996,1252544,1252549,0.02966,-0.00391,-0.78461,0.61926,0.07007,-416.98956,-18.40039
-1565848022992,1252552,1252553,0.02972,-0.00409,-0.78455,0.61938,0.07007,-417.35782,-18.570793
-1565848022985,1252560,1252560,0.02979,-0.00421,-0.78448,0.61945,0.07013,-417.74393,-18.707453
-1565848022980,1252560,1252565,0.02979,-0.00433,-0.78442,0.61951,0.07013,-418.08752,-18.804922
-1565848022974,1252566,1252571,0.02985,-0.00439,-0.78436,0.61957,0.07013,-418.42047,-18.893457
-1565848022967,1252576,1252578,0.02991,-0.00446,-0.78436,0.61963,0.07013,-418.44608,-18.973722
-1565848022963,1252576,1252582,0.02997,-0.00458,-0.78430,0.61963,0.07013,-418.73703,-19.101448
-1565848022958,1252583,1252587,0.02997,-0.00470,-0.78424,0.61969,0.07013,-419.08264,-19.199455
-1565848022952,1252591,1252593,0.03003,-0.00476,-0.78418,0.61975,0.07013,-419.41672,-19.288479
-1565848022947,1252591,1252598,0.03015,-0.00500,-0.78412,0.61987,0.07013,-419.7738,-19.532658
-1565848022941,1252602,1252604,0.03021,-0.00507,-0.78412,0.61987,0.07013,-419.75848,-19.61159
-1565848022935,1252606,1252610,0.03027,-0.00513,-0.78406,0.61993,0.07013,-420.09354,-19.701063
-1565848022929,1252615,1252616,0.03033,-0.00525,-0.78400,0.62000,0.07019,-420.43433,-19.831644
-1565848022925,1252615,1252620,0.03033,-0.00537,-0.78400,0.62000,0.07019,-420.43118,-19.913044
-1565848022918,1252627,1252627,0.03040,-0.00543,-0.78394,0.62006,0.07019,-420.76456,-20.008131
-1565848022913,1252627,1252632,0.03046,-0.00555,-0.78394,0.62012,0.07019,-420.78864,-20.122753
-1565848022907,1252635,1252638,0.03052,-0.00562,-0.78387,0.62012,0.07019,-421.13617,-20.22074
-1565848022903,1252641,1252642,0.03058,-0.00580,-0.78381,0.62018,0.07019,-421.46948,-20.39252
-1565848022897,1252641,1252648,0.03058,-0.00586,-0.78381,0.62024,0.07019,-421.50867,-20.4349
-1565848022891,1252651,1252654,0.03064,-0.00592,-0.78375,0.62024,0.07019,-421.80508,-20.523746
-1565848022880,1252659,1252665,0.03064,-0.00604,-0.78375,0.62030,0.07019,-421.84274,-20.606981
-1565848022877,1252659,1252668,0.03064,-0.00604,-0.78369,0.62036,0.07025,-422.19617,-20.625114
-1565848022874,1252670,1252671,0.03064,-0.00616,-0.78369,0.62036,0.07025,-422.19296,-20.706814
-1565848022867,1252675,1252678,0.03070,-0.00623,-0.78363,0.62042,0.07025,-422.53073,-20.804403
-1565848022863,1252675,1252682,0.03070,-0.00629,-0.78363,0.62042,0.07025,-422.52917,-20.845282
-1565848022858,1252685,1252687,0.03070,-0.00635,-0.78363,0.62048,0.07025,-422.56842,-20.887762
-1565848022850,1252690,1252695,0.03076,-0.00647,-0.78357,0.62048,0.07025,-422.86493,-21.01807
-1565848022844,1252700,1252701,0.03082,-0.00653,-0.78357,0.62054,0.07025,-422.89032,-21.092304
-1565848022840,1252700,1252705,0.03082,-0.00659,-0.78357,0.62054,0.07025,-422.8887,-21.13321
-1565848022834,1252710,1252711,0.03088,-0.00665,-0.78357,0.62054,0.07025,-422.87317,-21.20583
-1565848022828,1252710,1252717,0.03094,-0.00677,-0.78357,0.62048,0.07031,-422.81485,-21.31772
-1565848022821,1252720,1252724,0.03101,-0.00684,-0.78357,0.62048,0.07031,-422.79675,-21.402431
-1565848022817,1252720,1252728,0.03107,-0.00696,-0.78357,0.62048,0.07031,-422.77936,-21.51592
-1565848022809,1252720,1252736,0.03113,-0.00702,-0.78363,0.62042,0.07031,-422.40936,-21.569593
-1565848022806,1252737,1252739,0.03131,-0.00726,-0.78369,0.62030,0.07031,-421.9665,-21.807314
-1565848022800,1252737,1252745,0.03149,-0.00745,-0.78375,0.62024,0.07031,-421.56558,-22.012178
-1565848022795,1252747,1252750,0.03162,-0.00763,-0.78381,0.62012,0.07031,-421.1371,-22.181973
-1565848022789,1252753,1252756,0.03180,-0.00781,-0.78387,0.62006,0.07031,-420.73782,-22.379335
-1565848022783,1252759,1252762,0.03198,-0.00806,-0.78400,0.61993,0.07031,-419.92822,-22.600883
-1565848022778,1252759,1252767,0.03223,-0.00830,-0.78406,0.61981,0.07031,-419.47095,-22.872814
-1565848022772,1252767,1252773,0.03247,-0.00854,-0.78418,0.61963,0.07037,-418.66837,-23.118967
-1565848022765,1252779,1252780,0.03271,-0.00879,-0.78424,0.61957,0.07037,-418.25522,-23.392817
-1565848022762,1252779,1252783,0.03326,-0.00940,-0.78442,0.61926,0.07037,-416.97574,-24.024994
-1565848022757,1252787,1252788,0.03357,-0.00970,-0.78455,0.61908,0.07037,-416.1093,-24.340933
-1565848022747,1252796,1252798,0.03381,-0.01007,-0.78467,0.61896,0.07037,-415.3518,-24.6715
-1565848022744,1252796,1252801,0.03412,-0.01044,-0.78473,0.61877,0.07037,-414.83307,-25.05443
-1565848022740,1252796,1252805,0.03436,-0.01074,-0.78485,0.61865,0.07037,-414.08047,-25.335905
-1565848022735,1252808,1252810,0.03467,-0.01111,-0.78497,0.61847,0.07037,-413.2696,-25.697231
-1565848022728,1252813,1252817,0.03497,-0.01141,-0.78503,0.61835,0.07043,-412.80423,-26.0274
-1565848022723,1252822,1252822,0.03528,-0.01184,-0.78516,0.61816,0.07043,-411.9377,-26.422647
-1565848022717,1252828,1252828,0.03558,-0.01221,-0.78528,0.61798,0.07043,-411.13412,-26.775068
-1565848022710,1252828,1252835,0.03607,-0.01294,-0.78546,0.61774,0.07043,-409.93628,-27.43861
-1565848022706,1252837,1252839,0.03638,-0.01337,-0.78558,0.61755,0.07043,-409.12625,-27.832045
-1565848022701,1252837,1252844,0.03662,-0.01379,-0.78564,0.61743,0.07043,-408.67627,-28.206038
-1565848022694,1252846,1252851,0.03687,-0.01428,-0.78577,0.61725,0.07043,-407.84082,-28.603151
-1565848022690,1252853,1252855,0.03711,-0.01471,-0.78583,0.61713,0.07043,-407.392,-28.98194
-1565848022684,1252859,1252861,0.03729,-0.01514,-0.78589,0.61700,0.07043,-406.9531,-29.329678
-1565848022678,1252867,1252867,0.03754,-0.01569,-0.78601,0.61688,0.07050,-406.20776,-29.768398
-1565848022674,1252867,1252871,0.03766,-0.01611,-0.78607,0.61676,0.07050,-405.79306,-30.078335
-1565848022665,1252879,1252880,0.03784,-0.01660,-0.78613,0.61670,0.07050,-405.39984,-30.46554
-1565848022662,1252879,1252883,0.03809,-0.01752,-0.78625,0.61652,0.07050,-404.60718,-31.14208
-1565848022656,1252886,1252889,0.03821,-0.01794,-0.78625,0.61646,0.07050,-404.52158,-31.475607
-1565848022647,1252895,1252898,0.03833,-0.01837,-0.78632,0.61639,0.07050,-404.09317,-31.787144
-1565848022644,1252895,1252901,0.03845,-0.01874,-0.78632,0.61633,0.07050,-404.00916,-32.087437
-1565848022640,1252895,1252905,0.03857,-0.01917,-0.78632,0.61633,0.07050,-403.96207,-32.42895
-1565848022629,1252906,1252916,0.03870,-0.01959,-0.78632,0.61627,0.07050,-403.87323,-32.766865
-1565848022627,1252906,1252918,0.03882,-0.01996,-0.78632,0.61627,0.07056,-403.82794,-33.068886
-1565848022620,1252920,1252925,0.03912,-0.02075,-0.78632,0.61621,0.07056,-403.67905,-33.733162
-1565848022617,1252920,1252928,0.03931,-0.02112,-0.78632,0.61621,0.07056,-403.61343,-34.069427
-1565848022608,1252929,1252937,0.03943,-0.02142,-0.78625,0.61627,0.07056,-403.94397,-34.357536
-1565848022604,1252939,1252941,0.03961,-0.02179,-0.78625,0.61627,0.07056,-403.88043,-34.68899
-1565848022594,1252947,1252951,0.03979,-0.02209,-0.78619,0.61627,0.07056,-404.10663,-35.00088
-1565848022592,1252947,1252953,0.03998,-0.02240,-0.78619,0.61627,0.07056,-404.04147,-35.297882
-1565848022589,1252947,1252956,0.04016,-0.02271,-0.78619,0.61627,0.07056,-403.979,-35.58989
-1565848022581,1252964,1252964,0.04034,-0.02301,-0.78613,0.61633,0.07056,-404.24356,-35.904396
-1565848022574,1252964,1252971,0.04077,-0.02350,-0.78607,0.61633,0.07062,-404.3887,-36.46488
-1565848022568,1252974,1252977,0.04095,-0.02368,-0.78607,0.61633,0.07062,-404.32925,-36.67149
-1565848022562,1252974,1252983,0.04120,-0.02393,-0.78607,0.61633,0.07062,-404.2464,-36.958344
-1565848022559,1252985,1252986,0.04138,-0.02411,-0.78607,0.61627,0.07062,-404.14673,-37.16269
-1565848022553,1252985,1252992,0.04163,-0.02423,-0.78607,0.61627,0.07062,-404.0674,-37.363865
-1565848022548,1252996,1252997,0.04181,-0.02435,-0.78607,0.61621,0.07062,-403.96942,-37.528625
-1565848022543,1252996,1253002,0.04205,-0.02454,-0.78613,0.61615,0.07062,-403.5632,-37.74005
-1565848022538,1252996,1253007,0.04224,-0.02466,-0.78619,0.61609,0.07062,-403.17538,-37.880806
-1565848022531,1253007,1253014,0.04266,-0.02484,-0.78632,0.61584,0.07068,-402.25748,-38.13213
-1565848022527,1253007,1253018,0.04291,-0.02496,-0.78644,0.61566,0.07068,-401.48932,-38.267967
-1565848022521,1253023,1253024,0.04309,-0.02502,-0.78656,0.61554,0.07068,-400.78622,-38.33242
-1565848022514,1253030,1253031,0.04333,-0.02515,-0.78668,0.61530,0.07068,-399.98593,-38.46683
-1565848022506,1253030,1253039,0.04352,-0.02521,-0.78680,0.61511,0.07068,-399.238,-38.532856
-1565848022497,1253041,1253048,0.04376,-0.02527,-0.78699,0.61493,0.07068,-398.15723,-38.589336
-1565848022492,1253050,1253053,0.04401,-0.02539,-0.78717,0.61462,0.07068,-397.03815,-38.6891
-1565848022490,1253050,1253055,0.04419,-0.02545,-0.78735,0.61438,0.07068,-395.9928,-38.718662
-1565848022487,1253050,1253058,0.04443,-0.02551,-0.78754,0.61407,0.07068,-394.84253,-38.769115
-1565848022481,1253060,1253064,0.04486,-0.02563,-0.78802,0.61346,0.07074,-392.12692,-38.79791
-1565848022477,1253060,1253068,0.04504,-0.02570,-0.78827,0.61316,0.07074,-390.74976,-38.797382
-1565848022470,1253071,1253075,0.04523,-0.02570,-0.78851,0.61279,0.07074,-389.38034,-38.758976
-1565848022466,1253071,1253079,0.04547,-0.02576,-0.78882,0.61243,0.07074,-387.6976,-38.749348
-1565848022459,1253081,1253086,0.04559,-0.02576,-0.78906,0.61212,0.07074,-386.40536,-38.68083
-1565848022455,1253081,1253090,0.04584,-0.02582,-0.78937,0.61169,0.07074,-384.69803,-38.673298
-1565848022448,1253081,1253097,0.04602,-0.02588,-0.78961,0.61133,0.07074,-383.37122,-38.668633
-1565848022444,1253099,1253101,0.04620,-0.02588,-0.78998,0.61084,0.07074,-381.41443,-38.561333
-1565848022438,1253099,1253107,0.04639,-0.02594,-0.79028,0.61041,0.07074,-379.80453,-38.531097
-1565848022432,1253099,1253113,0.04669,-0.02594,-0.79095,0.60950,0.07080,-376.32327,-38.326874
-1565848022427,1253099,1253118,0.04687,-0.02600,-0.79138,0.60901,0.07080,-374.17746,-38.232048
-1565848022421,1253123,1253124,0.04700,-0.02600,-0.79175,0.60852,0.07080,-372.3153,-38.10587
-1565848022415,1253123,1253130,0.04712,-0.02606,-0.79211,0.60797,0.07080,-370.47388,-38.01517
-1565848022408,1253123,1253137,0.04724,-0.02606,-0.79248,0.60748,0.07080,-368.64655,-37.886425
-1565848022405,1253137,1253140,0.04730,-0.02612,-0.79291,0.60693,0.07080,-366.5745,-37.740402
-1565848022398,1253144,1253147,0.04736,-0.02618,-0.79333,0.60638,0.07080,-364.5615,-37.600075
-1565848022394,1253144,1253151,0.04742,-0.02618,-0.79370,0.60583,0.07080,-362.76532,-37.44661
-1565848022388,1253154,1253157,0.04742,-0.02625,-0.79419,0.60529,0.07080,-360.54105,-37.259712
-1565848022380,1253162,1253165,0.04730,-0.02631,-0.79498,0.60419,0.07086,-356.90454,-36.872494
-1565848022377,1253168,1253168,0.04718,-0.02637,-0.79541,0.60370,0.07086,-355.02917,-36.66156
-1565848022369,1253168,1253176,0.04706,-0.02643,-0.79584,0.60315,0.07086,-353.13556,-36.450615
-1565848022364,1253179,1253181,0.04687,-0.02649,-0.79620,0.60260,0.07086,-351.53485,-36.24093
-1565848022359,1253186,1253186,0.04669,-0.02661,-0.79663,0.60211,0.07086,-349.72125,-36.046097
-1565848022353,1253186,1253192,0.04645,-0.02673,-0.79706,0.60150,0.07086,-347.86984,-35.82443
-1565848022347,1253197,1253198,0.04620,-0.02686,-0.79742,0.60101,0.07086,-346.35583,-35.63818
-1565848022342,1253197,1253203,0.04565,-0.02716,-0.79822,0.59998,0.07086,-343.062,-35.240658
-1565848022336,1253205,1253209,0.04541,-0.02734,-0.79865,0.59943,0.07092,-341.30075,-35.063488
-1565848022329,1253205,1253216,0.04517,-0.02753,-0.79901,0.59900,0.07092,-339.86383,-34.9242
-1565848022325,1253217,1253220,0.04486,-0.02771,-0.79944,0.59839,0.07092,-338.1127,-34.720356
-1565848022318,1253223,1253227,0.04462,-0.02789,-0.79980,0.59796,0.07092,-336.69836,-34.57828
-1565848022314,1253223,1253231,0.04437,-0.02802,-0.80023,0.59741,0.07092,-334.99576,-34.375885
-1565848022309,1253235,1253236,0.04413,-0.02820,-0.80060,0.59692,0.07092,-333.5365,-34.231163
-1565848022303,1253242,1253242,0.04388,-0.02832,-0.80096,0.59644,0.07092,-332.13013,-34.0542
-1565848022298,1253242,1253247,0.04352,-0.02856,-0.80176,0.59540,0.07092,-329.013,-33.72885
-1565848022291,1253251,1253254,0.04333,-0.02863,-0.80212,0.59491,0.07092,-327.62155,-33.55189
-1565848022285,1253258,1253260,0.04321,-0.02875,-0.80249,0.59442,0.07098,-326.19125,-33.427513
-1565848022280,1253258,1253265,0.04315,-0.02881,-0.80292,0.59381,0.07098,-324.50586,-33.270245
-1565848022274,1253267,1253271,0.04309,-0.02887,-0.80328,0.59338,0.07098,-323.1518,-33.14365
-1565848022269,1253274,1253276,0.04303,-0.02893,-0.80365,0.59283,0.07098,-321.7111,-33.01114
-1565848022262,1253281,1253283,0.04303,-0.02899,-0.80408,0.59229,0.07098,-320.0898,-32.882595
-1565848022258,1253281,1253287,0.04303,-0.02905,-0.80444,0.59180,0.07098,-318.7223,-32.78002
-1565848022248,1253289,1253297,0.04321,-0.02917,-0.80511,0.59076,0.07098,-316.09845,-32.65947
-1565848022245,1253289,1253300,0.04333,-0.02930,-0.80554,0.59021,0.07098,-314.4931,-32.61617
-1565848022241,1253301,1253304,0.04346,-0.02936,-0.80591,0.58972,0.07104,-313.1103,-32.561012
-1565848022230,1253309,1253315,0.04358,-0.02942,-0.80627,0.58917,0.07104,-311.73666,-32.503986
-1565848022228,1253309,1253317,0.04370,-0.02954,-0.80664,0.58868,0.07104,-310.37408,-32.4775
-1565848022224,1253320,1253321,0.04382,-0.02960,-0.80701,0.58820,0.07104,-309.0284,-32.41983
-1565848022217,1253327,1253328,0.04401,-0.02972,-0.80737,0.58765,0.07104,-307.66885,-32.420647
-1565848022212,1253327,1253333,0.04419,-0.02985,-0.80768,0.58716,0.07104,-306.49316,-32.440647
-1565848022208,1253336,1253337,0.04456,-0.03003,-0.80841,0.58618,0.07104,-303.85733,-32.406902
-1565848022202,1253336,1253343,0.04468,-0.03015,-0.80872,0.58569,0.07104,-302.71707,-32.399788
-1565848022196,1253344,1253349,0.04486,-0.03027,-0.80902,0.58527,0.07104,-301.6354,-32.419098
-1565848022189,1253353,1253356,0.04498,-0.03040,-0.80939,0.58478,0.07111,-300.34454,-32.39808
-1565848022185,1253358,1253360,0.04517,-0.03052,-0.80969,0.58435,0.07111,-299.26996,-32.420334
-1565848022179,1253358,1253366,0.04535,-0.03064,-0.81000,0.58392,0.07111,-298.17642,-32.435684
-1565848022174,1253367,1253371,0.04553,-0.03082,-0.81030,0.58344,0.07111,-297.08878,-32.483162
-1565848022168,1253367,1253377,0.04565,-0.03101,-0.81055,0.58307,0.07111,-296.20703,-32.53324
-1565848022162,1253379,1253383,0.04602,-0.03137,-0.81110,0.58228,0.07111,-294.2754,-32.650246
-1565848022156,1253388,1253389,0.04620,-0.03162,-0.81140,0.58179,0.07111,-293.20288,-32.731293
-1565848022146,1253388,1253399,0.04639,-0.03180,-0.81165,0.58148,0.07111,-292.35675,-32.800648
-1565848022143,1253388,1253402,0.04657,-0.03204,-0.81189,0.58105,0.07111,-291.47986,-32.89598
-1565848022140,1253403,1253405,0.04675,-0.03223,-0.81207,0.58075,0.07117,-290.82742,-32.98813
-1565848022133,1253403,1253412,0.04694,-0.03247,-0.81238,0.58038,0.07117,-289.8073,-33.06579
-1565848022129,1253415,1253416,0.04706,-0.03271,-0.81256,0.58002,0.07117,-289.14032,-33.16003
-1565848022122,1253415,1253423,0.04724,-0.03302,-0.81281,0.57965,0.07117,-288.2808,-33.286938
-1565848022116,1253429,1253429,0.04755,-0.03351,-0.81323,0.57898,0.07117,-286.821,-33.48442
-1565848022112,1253429,1253433,0.04767,-0.03375,-0.81348,0.57867,0.07117,-286.01483,-33.556538
-1565848022106,1253429,1253439,0.04779,-0.03400,-0.81366,0.57831,0.07117,-285.36047,-33.653656
-1565848022100,1253440,1253445,0.04791,-0.03424,-0.81390,0.57800,0.07117,-284.58557,-33.728157
-1565848022095,1253440,1253450,0.04803,-0.03442,-0.81415,0.57764,0.07117,-283.76672,-33.76814
-1565848022088,1253452,1253457,0.04810,-0.03461,-0.81433,0.57733,0.07123,-283.1557,-33.819626
-1565848022084,1253460,1253461,0.04822,-0.03473,-0.81458,0.57703,0.07123,-282.37436,-33.83142
-1565848022078,1253460,1253467,0.04834,-0.03485,-0.81476,0.57672,0.07123,-281.76077,-33.864605
-1565848022072,1253468,1253473,0.04846,-0.03497,-0.81519,0.57611,0.07123,-280.40256,-33.811382
-1565848022067,1253468,1253478,0.04858,-0.03503,-0.81537,0.57581,0.07123,-279.80206,-33.81531
-1565848022061,1253479,1253484,0.04865,-0.03510,-0.81555,0.57556,0.07123,-279.23697,-33.80933
-1565848022056,1253479,1253489,0.04877,-0.03510,-0.81573,0.57532,0.07123,-278.67157,-33.785778
-1565848022050,1253494,1253495,0.04883,-0.03510,-0.81586,0.57513,0.07129,-278.2611,-33.759693
-1565848022045,1253494,1253500,0.04895,-0.03510,-0.81598,0.57489,0.07129,-277.83975,-33.75457
-1565848022039,1253494,1253506,0.04901,-0.03510,-0.81616,0.57465,0.07129,-277.28955,-33.711777
-1565848022033,1253507,1253512,0.04913,-0.03510,-0.81628,0.57452,0.07129,-276.92386,-33.709877
-1565848022028,1253507,1253517,0.04926,-0.03510,-0.81641,0.57428,0.07129,-276.48047,-33.70488
-1565848022022,1253519,1253523,0.04944,-0.03503,-0.81732,0.57300,0.06995,-273.73145,-33.416096
-1565848022016,1253519,1253529,0.04956,-0.03503,-0.81775,0.57239,0.06927,-272.4383,-33.307846
-1565848022011,1253531,1253534,0.04962,-0.03503,-0.81818,0.57172,0.06866,-271.13666,-33.17975
-1565848022004,1253540,1253541,0.04974,-0.03503,-0.81860,0.57117,0.06805,-269.91388,-33.077736
-1565848021997,1253540,1253548,0.04980,-0.03497,-0.81897,0.57056,0.06750,-268.79434,-32.942226
-1565848021994,1253548,1253551,0.04987,-0.03497,-0.81940,0.57001,0.06689,-267.57513,-32.82329
-1565848021989,1253554,1253556,0.04993,-0.03491,-0.81976,0.56946,0.06635,-266.52078,-32.69405
-1565848021982,1253554,1253563,0.04999,-0.03485,-0.81982,0.56934,0.06635,-266.3253,-32.66368
-1565848021977,1253566,1253568,0.05005,-0.03467,-0.82001,0.56909,0.06635,-265.7904,-32.53616
-1565848021967,1253574,1253578,0.05011,-0.03461,-0.82007,0.56903,0.06635,-265.62366,-32.507603
-1565848021965,1253574,1253580,0.05011,-0.03448,-0.82013,0.56891,0.06635,-265.4415,-32.42622
-1565848021960,1253584,1253585,0.05011,-0.03436,-0.82019,0.56885,0.06641,-265.28714,-32.351288
-1565848021955,1253584,1253590,0.05011,-0.03430,-0.82025,0.56879,0.06641,-265.13144,-32.304527
-1565848021949,1253591,1253596,0.05011,-0.03418,-0.82025,0.56873,0.06641,-265.10678,-32.246674
-1565848021944,1253591,1253601,0.05011,-0.03406,-0.82031,0.56873,0.06641,-264.9809,-32.17363
-1565848021938,1253601,1253607,0.05011,-0.03394,-0.82031,0.56866,0.06641,-264.95163,-32.115513
-1565848021932,1253608,1253613,0.05011,-0.03369,-0.82037,0.56860,0.06641,-264.80148,-31.980091
-1565848021924,1253618,1253621,0.05011,-0.03363,-0.82037,0.56860,0.06641,-264.80316,-31.952045
-1565848021920,1253625,1253625,0.05011,-0.03351,-0.82037,0.56860,0.06641,-264.8066,-31.89596
-1565848021914,1253625,1253631,0.05011,-0.03339,-0.82037,0.56860,0.06641,-264.81006,-31.839872
-1565848021909,1253625,1253636,0.05011,-0.03326,-0.82037,0.56866,0.06647,-264.8418,-31.780823
-1565848021900,1253637,1253645,0.05005,-0.03320,-0.82037,0.56873,0.06647,-264.88644,-31.736425
-1565848021896,1253649,1253649,0.04999,-0.03308,-0.82031,0.56873,0.06647,-265.02933,-31.678623
-1565848021893,1253649,1253652,0.04980,-0.03290,-0.82025,0.56891,0.06647,-265.28033,-31.55795
-1565848021883,1253655,1253662,0.04968,-0.03284,-0.82019,0.56897,0.06647,-265.45987,-31.511326
-1565848021880,1253655,1253665,0.04956,-0.03278,-0.82013,0.56909,0.06647,-265.66794,-31.466358
-1565848021875,1253666,1253670,0.04938,-0.03265,-0.82001,0.56927,0.06647,-266.04645,-31.38827
-1565848021868,1253672,1253677,0.04919,-0.03265,-0.81995,0.56940,0.06647,-266.26978,-31.349949
-1565848021863,1253681,1253682,0.04895,-0.03259,-0.81989,0.56952,0.06647,-266.49857,-31.26764
-1565848021857,1253681,1253688,0.04865,-0.03253,-0.81976,0.56970,0.06653,-266.91852,-31.18751
-1565848021853,1253689,1253692,0.04816,-0.03259,-0.81946,0.57013,0.06653,-267.8585,-31.158266
-1565848021844,1253698,1253701,0.04791,-0.03259,-0.81934,0.57043,0.06653,-268.3058,-31.121794
-1565848021840,1253705,1253705,0.04761,-0.03271,-0.81915,0.57068,0.06653,-268.89023,-31.14412
-1565848021834,1253710,1253711,0.04730,-0.03278,-0.81891,0.57098,0.06653,-269.61438,-31.154737
-1565848021829,1253710,1253716,0.04706,-0.03290,-0.81873,0.57129,0.06653,-270.19922,-31.194607
-1565848021824,1253719,1253721,0.04681,-0.03296,-0.81848,0.57166,0.06653,-270.9747,-31.223871
-1565848021817,1253727,1253728,0.04651,-0.03308,-0.81824,0.57202,0.06653,-271.7332,-31.26286
-1565848021813,1253727,1253732,0.04596,-0.03333,-0.81769,0.57281,0.06659,-273.44412,-31.382992
-1565848021807,1253737,1253738,0.04565,-0.03339,-0.81738,0.57324,0.06659,-274.4108,-31.411644
-1565848021797,1253747,1253748,0.04541,-0.03345,-0.81714,0.57367,0.06659,-275.2092,-31.442888
-1565848021795,1253747,1253750,0.04510,-0.03351,-0.81683,0.57416,0.06659,-276.21442,-31.473019
-1565848021790,1253747,1253755,0.04486,-0.03357,-0.81653,0.57458,0.06659,-277.15625,-31.521023
-1565848021784,1253756,1253761,0.04456,-0.03357,-0.81616,0.57513,0.06659,-278.34293,-31.54396
-1565848021778,1253767,1253767,0.04425,-0.03363,-0.81580,0.57562,0.06659,-279.48474,-31.588305
-1565848021773,1253767,1253772,0.04401,-0.03357,-0.81549,0.57611,0.06659,-280.50574,-31.582628
-1565848021767,1253775,1253778,0.04352,-0.03351,-0.81488,0.57709,0.06665,-282.54044,-31.593842
-1565848021760,1253785,1253785,0.04321,-0.03345,-0.81445,0.57764,0.06665,-283.91348,-31.600765
-1565848021756,1253785,1253789,0.04303,-0.03339,-0.81415,0.57806,0.06665,-284.89026,-31.609592
-1565848021750,1253794,1253795,0.04279,-0.03326,-0.81384,0.57855,0.06665,-285.94376,-31.568237
-1565848021744,1253794,1253801,0.04254,-0.03320,-0.81354,0.57898,0.06665,-286.94843,-31.553398
-1565848021738,1253804,1253807,0.04230,-0.03308,-0.81323,0.57947,0.06665,-288.0136,-31.516289
-1565848021733,1253804,1253812,0.04211,-0.03296,-0.81293,0.57996,0.06665,-289.05093,-31.49283
-1565848021727,1253814,1253818,0.04163,-0.03278,-0.81232,0.58081,0.06665,-291.11893,-31.440573
-1565848021722,1253821,1253823,0.04144,-0.03265,-0.81207,0.58118,0.06671,-291.98444,-31.39333
-1565848021715,1253821,1253830,0.04120,-0.03259,-0.81183,0.58154,0.06671,-292.82983,-31.36061
-1565848021710,1253833,1253835,0.04102,-0.03247,-0.81158,0.58191,0.06671,-293.70135,-31.321238
-1565848021703,1253839,1253842,0.04083,-0.03241,-0.81140,0.58215,0.06671,-294.32758,-31.284418
-1565848021699,1253839,1253846,0.04059,-0.03235,-0.81116,0.58246,0.06671,-295.15805,-31.249557
-1565848021693,1253848,1253852,0.04041,-0.03229,-0.81104,0.58270,0.06671,-295.62897,-31.19794
-1565848021688,1253855,1253857,0.04022,-0.03223,-0.81091,0.58289,0.06671,-296.10345,-31.14431
-1565848021679,1253864,1253866,0.03998,-0.03223,-0.81079,0.58307,0.06671,-296.5544,-31.100306
-1565848021676,1253864,1253869,0.03992,-0.03223,-0.81085,0.58301,0.06677,-296.37463,-31.05994
-1565848021670,1253872,1253875,0.03979,-0.03229,-0.81085,0.58295,0.06677,-296.3645,-31.0434
-1565848021664,1253880,1253881,0.03973,-0.03235,-0.81097,0.58282,0.06677,-295.98868,-31.014175
-1565848021659,1253880,1253886,0.03973,-0.03247,-0.81116,0.58258,0.06677,-295.3613,-31.013145
-1565848021654,1253880,1253891,0.03967,-0.03259,-0.81134,0.58234,0.06677,-294.77255,-30.994158
-1565848021648,1253891,1253897,0.03967,-0.03271,-0.81152,0.58203,0.06677,-294.14026,-30.994417
-1565848021643,1253901,1253902,0.03961,-0.03296,-0.81183,0.58160,0.06677,-293.11746,-30.998539
-1565848021637,1253901,1253908,0.03955,-0.03351,-0.81232,0.58087,0.06677,-291.47797,-31.093897
-1565848021629,1253911,1253916,0.03949,-0.03381,-0.81256,0.58051,0.06677,-290.68338,-31.14517
-1565848021624,1253920,1253921,0.03949,-0.03412,-0.81287,0.58008,0.06683,-289.6689,-31.199718
-1565848021619,1253920,1253926,0.03943,-0.03442,-0.81317,0.57971,0.06683,-288.72546,-31.232933
-1565848021614,1253920,1253931,0.03943,-0.03473,-0.81342,0.57928,0.06683,-287.8731,-31.304502
-1565848021608,1253931,1253937,0.03937,-0.03497,-0.81366,0.57892,0.06683,-287.0956,-31.32523
-1565848021603,1253940,1253942,0.03937,-0.03522,-0.81396,0.57849,0.06683,-286.12778,-31.352104
-1565848021596,1253940,1253949,0.03937,-0.03552,-0.81451,0.57776,0.06683,-284.39975,-31.324337
-1565848021592,1253950,1253953,0.03943,-0.03564,-0.81476,0.57739,0.06683,-283.592,-31.322908
-1565848021587,1253957,1253958,0.03949,-0.03571,-0.81494,0.57709,0.06683,-282.99423,-31.318642
-1565848021581,1253957,1253964,0.03955,-0.03583,-0.81519,0.57672,0.06689,-282.19278,-31.317192
-1565848021575,1253968,1253970,0.03967,-0.03589,-0.81537,0.57648,0.06689,-281.6197,-31.32931
-1565848021569,1253974,1253976,0.03986,-0.03601,-0.81555,0.57617,0.06689,-281.00186,-31.392166
-1565848021563,1253974,1253982,0.04004,-0.03607,-0.81567,0.57593,0.06689,-280.567,-31.440937
-1565848021559,1253983,1253986,0.04022,-0.03619,-0.81586,0.57568,0.06689,-279.95953,-31.498566
-1565848021552,1253989,1253993,0.04065,-0.03644,-0.81610,0.57532,0.06689,-279.13928,-31.684216
-1565848021546,1253996,1253999,0.04095,-0.03662,-0.81622,0.57513,0.06689,-278.71075,-31.830912
-1565848021540,1253996,1254005,0.04120,-0.03674,-0.81628,0.57501,0.06689,-278.46805,-31.950708
-1565848021535,1254005,1254010,0.04144,-0.03687,-0.81635,0.57483,0.06696,-278.17398,-32.067505
-1565848021529,1254015,1254016,0.04175,-0.03699,-0.81647,0.57471,0.06696,-277.78064,-32.188953
-1565848021524,1254015,1254021,0.04205,-0.03711,-0.81653,0.57458,0.06696,-277.52557,-32.323994
-1565848021517,1254026,1254028,0.04242,-0.03723,-0.81659,0.57446,0.06696,-277.264,-32.481705
-1565848021513,1254026,1254032,0.04309,-0.03748,-0.81671,0.57428,0.06696,-276.78088,-32.77988
-1565848021507,1254034,1254038,0.04346,-0.03766,-0.81671,0.57416,0.06696,-276.65756,-32.983418
-1565848021502,1254034,1254043,0.04388,-0.03778,-0.81677,0.57404,0.06696,-276.3869,-33.155983
-1565848021496,1254046,1254049,0.04425,-0.03790,-0.81683,0.57397,0.06696,-276.1487,-33.31339
-1565848021490,1254046,1254055,0.04462,-0.03809,-0.81689,0.57385,0.06696,-275.88428,-33.50292
-1565848021484,1254056,1254061,0.04498,-0.03827,-0.81689,0.57373,0.06702,-275.76096,-33.702187
-1565848021479,1254065,1254066,0.04541,-0.03851,-0.81696,0.57361,0.06702,-275.46143,-33.931335
-1565848021474,1254065,1254071,0.04620,-0.03894,-0.81708,0.57330,0.06702,-274.88742,-34.34587
-1565848021469,1254072,1254076,0.04657,-0.03918,-0.81720,0.57318,0.06702,-274.4825,-34.538937
-1565848021462,1254080,1254083,0.04694,-0.03943,-0.81726,0.57294,0.06702,-274.15793,-34.75153
-1565848021456,1254080,1254089,0.04730,-0.03967,-0.81744,0.57269,0.06702,-273.55585,-34.917976
-1565848021451,1254091,1254094,0.04767,-0.03986,-0.81757,0.57245,0.06702,-273.0736,-35.078766
-1565848021445,1254091,1254100,0.04797,-0.03998,-0.81775,0.57214,0.06702,-272.4595,-35.165813
-1565848021439,1254100,1254106,0.04828,-0.04010,-0.81793,0.57184,0.06702,-271.85007,-35.2558
-1565848021434,1254100,1254111,0.04858,-0.04022,-0.81824,0.57147,0.06708,-270.9184,-35.299496
-1565848021429,1254114,1254116,0.04883,-0.04034,-0.81842,0.57111,0.06708,-270.29602,-35.36812
-1565848021424,1254114,1254121,0.04907,-0.04034,-0.81873,0.57062,0.06708,-269.32977,-35.33207
-1565848021417,1254114,1254128,0.04944,-0.04041,-0.81934,0.56976,0.06708,-267.5087,-35.265682
-1565848021412,1254133,1254133,0.04962,-0.04047,-0.81964,0.56927,0.06708,-266.58835,-35.242653
-1565848021406,1254133,1254139,0.04980,-0.04053,-0.82025,0.56842,0.06653,-264.83426,-35.1144
-1565848021400,1254139,1254145,0.05005,-0.04065,-0.82086,0.56744,0.06598,-263.02417,-35.032703
-1565848021393,1254148,1254152,0.05029,-0.04071,-0.82141,0.56659,0.06549,-261.42316,-34.942566
-1565848021389,1254148,1254156,0.05060,-0.04089,-0.82202,0.56567,0.06500,-259.66467,-34.90928
-1565848021382,1254159,1254163,0.05127,-0.04132,-0.82294,0.56427,0.06451,-257.00256,-34.990772
-1565848021377,1254159,1254168,0.05164,-0.04150,-0.82324,0.56378,0.06451,-256.10132,-35.07832
-1565848021372,1254171,1254173,0.05200,-0.04175,-0.82355,0.56335,0.06451,-255.21138,-35.192833
-1565848021366,1254179,1254179,0.05243,-0.04199,-0.82385,0.56281,0.06451,-254.28445,-35.32203
-1565848021359,1254179,1254186,0.05280,-0.04218,-0.82416,0.56232,0.06451,-253.37628,-35.408695
-1565848021355,1254189,1254190,0.05310,-0.04230,-0.82440,0.56189,0.06451,-252.65195,-35.465458
-1565848021348,1254196,1254197,0.05347,-0.04248,-0.82471,0.56140,0.06451,-251.75224,-35.546303
-1565848021344,1254196,1254201,0.05383,-0.04254,-0.82501,0.56091,0.06451,-250.88176,-35.57262
-1565848021339,1254206,1254206,0.05408,-0.04260,-0.82526,0.56055,0.06458,-250.18967,-35.585983
-1565848021332,1254206,1254213,0.05457,-0.04260,-0.82574,0.55981,0.06458,-248.8485,-35.56097
-1565848021326,1254215,1254219,0.05481,-0.04260,-0.82599,0.55939,0.06458,-248.14133,-35.542507
-1565848021320,1254223,1254225,0.05493,-0.04260,-0.82617,0.55908,0.06458,-247.63953,-35.514153
-1565848021315,1254223,1254230,0.05511,-0.04254,-0.82635,0.55878,0.06458,-247.13545,-35.476254
-1565848021309,1254233,1254236,0.05518,-0.04254,-0.82654,0.55853,0.06458,-246.65277,-35.43288
-1565848021303,1254241,1254242,0.05530,-0.04254,-0.82672,0.55829,0.06458,-246.18652,-35.406754
-1565848021299,1254241,1254246,0.05542,-0.04254,-0.82684,0.55804,0.06458,-245.82988,-35.397804
-1565848021292,1254248,1254253,0.05548,-0.04254,-0.82697,0.55786,0.06464,-245.49622,-35.371353
-1565848021286,1254254,1254259,0.05560,-0.04266,-0.82721,0.55756,0.06464,-244.89131,-35.379154
-1565848021280,1254265,1254265,0.05560,-0.04272,-0.82727,0.55743,0.06464,-244.72043,-35.384422
-1565848021273,1254271,1254272,0.05560,-0.04279,-0.82733,0.55731,0.06464,-244.55362,-35.39436
-1565848021269,1254271,1254276,0.05554,-0.04291,-0.82739,0.55719,0.06464,-244.39558,-35.409786
-1565848021264,1254271,1254281,0.05542,-0.04303,-0.82745,0.55713,0.06464,-244.2743,-35.410458
-1565848021258,1254283,1254287,0.05536,-0.04315,-0.82745,0.55713,0.06464,-244.28078,-35.446793
-1565848021253,1254291,1254292,0.05524,-0.04327,-0.82751,0.55707,0.06464,-244.15952,-35.447453
-1565848021248,1254291,1254297,0.05487,-0.04358,-0.82751,0.55707,0.06470,-244.21199,-35.481995
-1565848021242,1254298,1254303,0.05475,-0.04376,-0.82751,0.55707,0.06470,-244.22658,-35.52819
-1565848021236,1254308,1254309,0.05463,-0.04388,-0.82751,0.55707,0.06470,-244.24294,-35.54796
-1565848021231,1254308,1254314,0.05450,-0.04401,-0.82751,0.55707,0.06470,-244.26067,-35.569374
-1565848021225,1254319,1254320,0.05444,-0.04413,-0.82751,0.55707,0.06470,-244.26712,-35.605705
-1565848021221,1254319,1254324,0.05444,-0.04419,-0.82751,0.55707,0.06470,-244.2654,-35.632153
-1565848021213,1254324,1254332,0.05438,-0.04431,-0.82751,0.55701,0.06470,-244.24539,-35.666748
-1565848021208,1254334,1254337,0.05432,-0.04431,-0.82758,0.55695,0.06470,-244.09895,-35.628113
-1565848021204,1254334,1254341,0.05432,-0.04437,-0.82758,0.55695,0.06470,-244.09721,-35.65455
-1565848021198,1254342,1254347,0.05432,-0.04443,-0.82764,0.55682,0.06476,-243.92697,-35.65978
-1565848021192,1254347,1254353,0.05426,-0.04449,-0.82782,0.55664,0.06476,-243.52301,-35.61225
-1565848021187,1254354,1254358,0.05420,-0.04449,-0.82788,0.55646,0.06476,-243.34299,-35.573204
-1565848021180,1254364,1254365,0.05414,-0.04443,-0.82800,0.55634,0.06476,-243.08081,-35.492264
-1565848021176,1254364,1254369,0.05414,-0.04437,-0.82812,0.55615,0.06476,-242.77855,-35.42593
-1565848021170,1254371,1254375,0.05408,-0.04431,-0.82825,0.55597,0.06476,-242.4727,-35.34071
-1565848021164,1254371,1254381,0.05402,-0.04425,-0.82837,0.55579,0.06476,-242.18564,-35.25852
-1565848021158,1254382,1254387,0.05402,-0.04407,-0.82855,0.55554,0.06476,-241.75288,-35.121346
-1565848021154,1254391,1254391,0.05402,-0.04388,-0.82874,0.55530,0.06476,-241.30779,-34.977623
-1565848021145,1254391,1254400,0.05420,-0.04358,-0.82904,0.55481,0.06482,-240.5308,-34.79739
-1565848021142,1254402,1254403,0.05432,-0.04346,-0.82928,0.55450,0.06482,-239.94786,-34.701736
-1565848021136,1254407,1254409,0.05450,-0.04340,-0.82941,0.55426,0.06482,-239.58327,-34.681297
-1565848021130,1254414,1254415,0.05475,-0.04352,-0.82959,0.55396,0.06482,-239.0878,-34.742207
-1565848021125,1254414,1254420,0.05505,-0.04370,-0.82977,0.55365,0.06482,-238.57973,-34.841976
-1565848021120,1254423,1254425,0.05542,-0.04407,-0.82996,0.55334,0.06482,-238.03851,-35.039448
-1565848021108,1254423,1254437,0.05579,-0.04437,-0.83008,0.55310,0.06482,-237.65451,-35.22757
-1565848021106,1254438,1254439,0.05615,-0.04480,-0.83020,0.55280,0.06482,-237.24266,-35.466755
-1565848021101,1254442,1254444,0.05688,-0.04535,-0.83051,0.55225,0.06488,-236.32727,-35.793766
-1565848021098,1254442,1254447,0.05737,-0.04547,-0.83063,0.55194,0.06488,-235.9011,-35.931717
-1565848021092,1254450,1254453,0.05780,-0.04541,-0.83075,0.55176,0.06488,-235.54625,-35.979836
-1565848021086,1254450,1254459,0.05835,-0.04529,-0.83093,0.55145,0.06488,-235.01425,-36.01246
-1565848021080,1254464,1254465,0.05878,-0.04510,-0.83105,0.55121,0.06488,-234.63881,-36.002453
-1565848021075,1254464,1254470,0.05927,-0.04480,-0.83118,0.55096,0.06488,-234.23595,-35.957787
-1565848021067,1254475,1254478,0.05969,-0.04443,-0.83136,0.55072,0.06488,-233.76602,-35.850952
-1565848021064,1254475,1254481,0.06018,-0.04401,-0.83148,0.55048,0.06488,-233.38957,-35.758068
-1565848021058,1254485,1254487,0.06055,-0.04358,-0.83167,0.55029,0.06494,-232.93643,-35.611652
-1565848021050,1254491,1254495,0.06122,-0.04279,-0.83191,0.54987,0.06494,-232.26315,-35.36906
-1565848021046,1254491,1254499,0.06140,-0.04242,-0.83203,0.54968,0.06494,-231.96121,-35.219196
-1565848021040,1254500,1254505,0.06165,-0.04199,-0.83215,0.54950,0.06494,-231.6542,-35.062485
-1565848021034,1254509,1254511,0.06177,-0.04156,-0.83228,0.54932,0.06494,-231.35272,-34.86979
-1565848021030,1254509,1254515,0.06183,-0.04114,-0.83240,0.54919,0.06494,-231.09946,-34.670536
-1565848021023,1254516,1254522,0.06183,-0.04071,-0.83252,0.54901,0.06494,-230.8359,-34.45042
-1565848021018,1254526,1254527,0.06183,-0.04034,-0.83264,0.54889,0.06494,-230.59628,-34.257923
-1565848021013,1254526,1254532,0.06171,-0.03979,-0.83282,0.54865,0.06500,-230.23175,-33.93922
-1565848021006,1254539,1254539,0.06171,-0.03967,-0.83289,0.54852,0.06500,-230.06425,-33.865932
-1565848021001,1254539,1254544,0.06171,-0.03961,-0.83301,0.54840,0.06500,-229.81615,-33.80506
-1565848020996,1254548,1254549,0.06165,-0.03961,-0.83301,0.54834,0.06500,-229.80069,-33.78781
-1565848020990,1254548,1254555,0.06165,-0.03973,-0.83307,0.54828,0.06500,-229.67221,-33.820614
-1565848020984,1254548,1254561,0.06158,-0.04004,-0.83307,0.54828,0.06500,-229.67401,-33.933254
-1565848020980,1254562,1254565,0.06152,-0.04047,-0.83307,0.54828,0.06500,-229.67044,-34.099007
-1565848020973,1254568,1254572,0.06140,-0.04095,-0.83301,0.54834,0.06500,-229.7999,-34.28841
-1565848020967,1254568,1254578,0.06122,-0.04150,-0.83289,0.54846,0.06506,-230.06224,-34.510212
-1565848020961,1254584,1254584,0.06067,-0.04272,-0.83264,0.54883,0.06506,-230.6877,-34.963615
-1565848020956,1254584,1254589,0.06036,-0.04327,-0.83246,0.54907,0.06506,-231.12451,-35.173355
-1565848020952,1254591,1254593,0.05988,-0.04376,-0.83228,0.54938,0.06506,-231.62209,-35.316383
-1565848020946,1254598,1254599,0.05939,-0.04419,-0.83209,0.54968,0.06506,-232.13708,-35.434002
-1565848020940,1254598,1254605,0.05884,-0.04449,-0.83185,0.55011,0.06506,-232.80765,-35.498726
-1565848020930,1254607,1254615,0.05823,-0.04474,-0.83160,0.55054,0.06506,-233.5088,-35.52909
-1565848020928,1254607,1254617,0.05762,-0.04486,-0.83130,0.55096,0.06506,-234.29817,-35.5173
-1565848020922,1254618,1254623,0.05688,-0.04492,-0.83099,0.55151,0.06512,-235.18669,-35.45156
-1565848020917,1254627,1254628,0.05560,-0.04492,-0.83038,0.55261,0.06512,-236.92934,-35.31563
-1565848020912,1254627,1254633,0.05499,-0.04492,-0.83002,0.55316,0.06512,-237.89883,-35.269737
-1565848020906,1254634,1254639,0.05426,-0.04486,-0.82965,0.55383,0.06512,-238.96434,-35.170856
-1565848020901,1254642,1254644,0.05365,-0.04474,-0.82928,0.55450,0.06512,-240.0182,-35.076942
-1565848020895,1254650,1254650,0.05298,-0.04468,-0.82880,0.55524,0.06512,-241.31587,-35.024597
-1565848020890,1254650,1254655,0.05231,-0.04456,-0.82837,0.55603,0.06512,-242.55544,-34.931984
-1565848020883,1254658,1254662,0.05151,-0.04437,-0.82782,0.55688,0.06512,-244.07397,-34.806595
-1565848020879,1254658,1254666,0.05084,-0.04413,-0.82727,0.55780,0.06519,-245.61774,-34.695057
-1565848020872,1254668,1254673,0.04950,-0.04358,-0.82617,0.55951,0.06519,-248.68938,-34.43122
-1565848020865,1254678,1254680,0.04889,-0.04327,-0.82562,0.56042,0.06519,-250.2619,-34.29906
-1565848020861,1254678,1254684,0.04822,-0.04291,-0.82501,0.56146,0.06519,-252.03548,-34.145435
-1565848020854,1254684,1254691,0.04761,-0.04254,-0.82440,0.56238,0.06519,-253.76337,-33.999004
-1565848020849,1254691,1254696,0.04706,-0.04218,-0.82379,0.56335,0.06519,-255.52156,-33.873665
-1565848020844,1254691,1254701,0.04639,-0.04175,-0.82306,0.56451,0.06519,-257.6509,-33.71782
-1565848020834,1254710,1254711,0.04590,-0.04144,-0.82245,0.56543,0.06525,-259.41513,-33.627575
-1565848020831,1254710,1254714,0.04504,-0.04089,-0.82123,0.56738,0.06525,-263.02914,-33.5142
-1565848020828,1254710,1254717,0.04462,-0.04065,-0.82050,0.56842,0.06525,-265.15125,-33.511673
-1565848020821,1254718,1254724,0.04431,-0.04047,-0.81989,0.56940,0.06525,-266.99054,-33.53431
-1565848020816,1254718,1254729,0.04401,-0.04041,-0.81921,0.57037,0.06525,-268.9952,-33.637096
-1565848020810,1254729,1254735,0.04376,-0.04034,-0.81860,0.57123,0.06525,-270.80646,-33.72809
-1565848020805,1254738,1254740,0.04358,-0.04034,-0.81793,0.57220,0.06525,-272.8132,-33.896324
-1565848020799,1254743,1254746,0.04340,-0.04034,-0.81726,0.57318,0.06531,-274.8487,-34.06662
-1565848020794,1254750,1254751,0.04327,-0.04041,-0.81665,0.57410,0.06531,-276.72943,-34.2688
-1565848020787,1254750,1254758,0.04321,-0.04047,-0.81604,0.57495,0.06531,-278.5851,-34.489113
-1565848020782,1254760,1254763,0.04321,-0.04065,-0.81488,0.57660,0.06531,-282.16583,-34.985516
-1565848020776,1254768,1254769,0.04327,-0.04077,-0.81433,0.57733,0.06531,-283.85275,-35.260193
-1565848020771,1254768,1254774,0.04333,-0.04089,-0.81378,0.57806,0.06531,-285.55637,-35.537685
-1565848020763,1254776,1254782,0.04346,-0.04102,-0.81329,0.57880,0.06531,-287.11896,-35.826874
-1565848020759,1254776,1254786,0.04370,-0.04114,-0.81274,0.57947,0.06531,-288.79236,-36.169147
-1565848020754,1254787,1254791,0.04395,-0.04132,-0.81232,0.58008,0.06537,-290.11615,-36.502632
-1565848020748,1254796,1254797,0.04413,-0.04144,-0.81195,0.58063,0.06537,-291.30508,-36.765896
-1565848020743,1254796,1254802,0.04474,-0.04187,-0.81122,0.58148,0.06537,-293.50095,-37.469624
-1565848020737,1254804,1254808,0.04504,-0.04205,-0.81097,0.58185,0.06537,-294.28067,-37.76297
-1565848020731,1254811,1254814,0.04535,-0.04230,-0.81073,0.58209,0.06537,-294.96695,-38.089474
-1565848020726,1254811,1254819,0.04565,-0.04254,-0.81055,0.58234,0.06537,-295.5042,-38.387276
-1565848020720,1254822,1254825,0.04596,-0.04279,-0.81042,0.58252,0.06537,-295.87183,-38.674164
-1565848020715,1254822,1254830,0.04626,-0.04303,-0.81030,0.58258,0.06537,-296.15433,-38.945946
-1565848020708,1254831,1254837,0.04651,-0.04327,-0.81024,0.58264,0.06543,-296.2873,-39.178623
-1565848020703,1254840,1254842,0.04681,-0.04358,-0.81018,0.58270,0.06543,-296.4079,-39.46445
-1565848020697,1254840,1254848,0.04736,-0.04413,-0.81018,0.58258,0.06543,-296.21823,-39.930904
-1565848020692,1254850,1254853,0.04755,-0.04443,-0.81024,0.58252,0.06543,-295.98038,-40.124634
-1565848020687,1254856,1254858,0.04779,-0.04474,-0.81030,0.58240,0.06543,-295.7014,-40.338478
-1565848020680,1254856,1254865,0.04810,-0.04510,-0.81036,0.58221,0.06543,-295.3707,-40.59923
-1565848020676,1254856,1254869,0.04834,-0.04547,-0.81042,0.58203,0.06543,-295.05957,-40.841026
-1565848020670,1254870,1254875,0.04858,-0.04584,-0.81055,0.58185,0.06543,-294.56406,-41.05513
-1565848020664,1254877,1254881,0.04889,-0.04614,-0.81061,0.58173,0.06549,-294.27133,-41.285946
-1565848020658,1254877,1254887,0.04913,-0.04651,-0.81073,0.58148,0.06549,-293.76797,-41.5006
-1565848020653,1254888,1254892,0.04938,-0.04681,-0.81085,0.58130,0.06549,-293.30106,-41.684658
-1565848020648,1254896,1254897,0.04980,-0.04730,-0.81104,0.58093,0.06549,-292.51514,-41.988045
-1565848020641,1254896,1254904,0.05005,-0.04755,-0.81116,0.58075,0.06549,-292.05197,-42.145344
-1565848020636,1254907,1254909,0.05023,-0.04773,-0.81128,0.58057,0.06549,-291.6069,-42.243397
-1565848020625,1254914,1254920,0.05035,-0.04785,-0.81134,0.58044,0.06549,-291.3573,-42.316246
-1565848020623,1254914,1254922,0.05054,-0.04797,-0.81140,0.58026,0.06549,-291.0677,-42.410755
-1565848020620,1254923,1254925,0.05072,-0.04816,-0.81146,0.58020,0.06555,-290.83878,-42.540802
-1565848020613,1254930,1254932,0.05090,-0.04828,-0.81152,0.58014,0.06555,-290.61227,-42.635406
-1565848020608,1254936,1254937,0.05109,-0.04846,-0.81152,0.58008,0.06555,-290.53574,-42.787403
-1565848020601,1254936,1254944,0.05145,-0.04883,-0.81146,0.58014,0.06555,-290.6307,-43.119526
-1565848020596,1254945,1254949,0.05164,-0.04901,-0.81140,0.58020,0.06555,-290.7682,-43.299606
-1565848020591,1254950,1254954,0.05188,-0.04919,-0.81128,0.58026,0.06555,-291.04916,-43.52096
-1565848020584,1254958,1254961,0.05206,-0.04938,-0.81122,0.58032,0.06555,-291.18848,-43.70317
-1565848020579,1254958,1254966,0.05231,-0.04962,-0.81110,0.58044,0.06555,-291.49576,-43.96077
-1565848020573,1254969,1254972,0.05255,-0.04980,-0.81097,0.58057,0.06555,-291.83862,-44.18972
-1565848020568,1254969,1254977,0.05273,-0.04993,-0.81085,0.58069,0.06561,-292.1659,-44.369358
-1565848020561,1254980,1254984,0.05316,-0.05017,-0.81067,0.58093,0.06561,-292.65054,-44.717667
-1565848020557,1254980,1254988,0.05334,-0.05029,-0.81055,0.58105,0.06561,-292.97928,-44.893253
-1565848020550,1254990,1254995,0.05347,-0.05035,-0.81049,0.58112,0.06561,-293.13962,-44.994835
-1565848020546,1254996,1254999,0.05365,-0.05042,-0.81042,0.58124,0.06561,-293.34012,-45.12428
-1565848020540,1255003,1255005,0.05383,-0.05054,-0.81030,0.58130,0.06561,-293.63925,-45.29863
-1565848020534,1255011,1255011,0.05408,-0.05072,-0.81024,0.58142,0.06561,-293.79376,-45.503414
-1565848020529,1255011,1255016,0.05432,-0.05096,-0.81012,0.58154,0.06561,-294.1058,-45.76152
-1565848020523,1255020,1255022,0.05463,-0.05139,-0.81000,0.58167,0.06567,-294.40042,-46.140614
-1565848020518,1255026,1255027,0.05524,-0.05249,-0.80969,0.58185,0.06567,-295.128,-47.04843
-1565848020513,1255026,1255032,0.05554,-0.05310,-0.80957,0.58197,0.06567,-295.4137,-47.51819
-1565848020507,1255034,1255038,0.05579,-0.05371,-0.80945,0.58203,0.06567,-295.68124,-47.970043
-1565848020500,1255043,1255045,0.05609,-0.05438,-0.80933,0.58215,0.06567,-295.96475,-48.472176
-1565848020494,1255043,1255051,0.05634,-0.05481,-0.80927,0.58221,0.06567,-296.07864,-48.80559
-1565848020488,1255052,1255057,0.05658,-0.05524,-0.80914,0.58228,0.06567,-296.3864,-49.16904
-1565848020481,1255052,1255064,0.05676,-0.05560,-0.80908,0.58234,0.06567,-296.51993,-49.443962
-1565848020478,1255066,1255067,0.05695,-0.05597,-0.80896,0.58240,0.06573,-296.81082,-49.756027
-1565848020473,1255066,1255072,0.05731,-0.05658,-0.80890,0.58246,0.06573,-296.8898,-50.219852
-1565848020468,1255072,1255077,0.05750,-0.05695,-0.80884,0.58246,0.06573,-296.98917,-50.50193
-1565848020462,1255079,1255083,0.05762,-0.05725,-0.80878,0.58246,0.06573,-297.10873,-50.72497
-1565848020456,1255088,1255089,0.05774,-0.05750,-0.80872,0.58246,0.06573,-297.2301,-50.92251
-1565848020449,1255094,1255096,0.05780,-0.05774,-0.80872,0.58252,0.06573,-297.23685,-51.06802
-1565848020445,1255094,1255100,0.05786,-0.05798,-0.80865,0.58252,0.06573,-297.40067,-51.24557
-1565848020440,1255103,1255105,0.05786,-0.05817,-0.80859,0.58258,0.06573,-297.586,-51.374985
-1565848020433,1255112,1255112,0.05786,-0.05841,-0.80853,0.58264,0.06573,-297.76962,-51.53025
-1565848020428,1255112,1255117,0.05786,-0.05890,-0.80835,0.58282,0.06580,-298.3302,-51.87848
-1565848020422,1255119,1255123,0.05786,-0.05920,-0.80823,0.58301,0.06580,-298.74213,-52.100117
-1565848020414,1255128,1255131,0.05786,-0.05957,-0.80811,0.58313,0.06580,-299.1162,-52.355824
-1565848020411,1255128,1255134,0.05786,-0.06000,-0.80792,0.58337,0.06580,-299.74197,-52.683044
-1565848020405,1255136,1255140,0.05792,-0.06042,-0.80774,0.58356,0.06580,-300.30124,-53.01937
-1565848020400,1255136,1255145,0.05798,-0.06091,-0.80750,0.58380,0.06580,-301.05075,-53.42596
-1565848020395,1255147,1255150,0.05811,-0.06146,-0.80719,0.58417,0.06580,-302.04425,-53.93059
-1565848020390,1255154,1255155,0.05823,-0.06189,-0.80695,0.58441,0.06580,-302.78775,-54.33027
-1565848020384,1255154,1255161,0.05835,-0.06238,-0.80664,0.58484,0.06586,-303.8273,-54.807583
-1565848020379,1255164,1255166,0.05872,-0.06305,-0.80603,0.58557,0.06586,-305.80392,-55.641327
-1565848020371,1255171,1255174,0.05890,-0.06323,-0.80573,0.58594,0.06586,-306.7958,-55.975742
-1565848020367,1255171,1255178,0.05908,-0.06329,-0.80542,0.58636,0.06586,-307.85287,-56.2561
-1565848020362,1255181,1255183,0.05920,-0.06317,-0.80518,0.58673,0.06586,-308.71115,-56.381195
-1565848020354,1255187,1255191,0.05939,-0.06293,-0.80481,0.58716,0.06586,-309.96777,-56.542294
-1565848020350,1255195,1255195,0.05945,-0.06262,-0.80457,0.58752,0.06586,-310.85495,-56.54657
-1565848020343,1255195,1255202,0.05951,-0.06213,-0.80432,0.58795,0.06586,-311.82028,-56.463158
-1565848020339,1255204,1255206,0.05951,-0.06165,-0.80402,0.58838,0.06592,-312.95532,-56.392124
-1565848020332,1255213,1255213,0.05933,-0.06061,-0.80347,0.58929,0.06592,-315.17828,-56.11656
-1565848020325,1255219,1255220,0.05914,-0.06012,-0.80316,0.58972,0.06592,-316.41943,-55.977398
-1565848020321,1255219,1255224,0.05884,-0.05957,-0.80286,0.59021,0.06592,-317.7051,-55.762474
-1565848020315,1255219,1255230,0.05853,-0.05914,-0.80261,0.59070,0.06592,-318.84344,-55.57944
-1565848020308,1255231,1255237,0.05817,-0.05865,-0.80231,0.59113,0.06592,-320.12616,-55.37034
-1565848020305,1255240,1255240,0.05762,-0.05804,-0.80200,0.59174,0.06592,-321.60684,-55.038174
-1565848020298,1255240,1255247,0.05713,-0.05756,-0.80170,0.59222,0.06592,-322.9707,-54.785378
-1565848020294,1255247,1255251,0.05609,-0.05652,-0.80115,0.59314,0.06598,-325.56186,-54.177246
-1565848020288,1255255,1255257,0.05542,-0.05585,-0.80084,0.59369,0.06598,-327.07956,-53.753857
-1565848020282,1255255,1255263,0.05481,-0.05530,-0.80060,0.59412,0.06598,-328.29037,-53.372128
-1565848020276,1255265,1255269,0.05420,-0.05469,-0.80035,0.59460,0.06598,-329.56885,-52.96143
-1565848020271,1255265,1255274,0.05359,-0.05414,-0.80011,0.59497,0.06598,-330.75647,-52.57149
-1565848020264,1255274,1255281,0.05298,-0.05353,-0.79987,0.59546,0.06598,-332.01834,-52.14942
-1565848020260,1255282,1255285,0.05237,-0.05286,-0.79962,0.59589,0.06598,-333.2876,-51.6937
-1565848020253,1255289,1255292,0.05182,-0.05225,-0.79938,0.59631,0.06598,-334.50372,-51.285545
-1565848020248,1255297,1255297,0.05084,-0.05115,-0.79889,0.59717,0.06604,-336.95972,-50.581207
-1565848020243,1255302,1255302,0.05042,-0.05066,-0.79865,0.59753,0.06604,-338.11746,-50.2814
-1565848020236,1255302,1255309,0.05005,-0.05029,-0.79840,0.59790,0.06604,-339.3031,-50.07336
-1565848020230,1255302,1255315,0.04962,-0.04987,-0.79816,0.59833,0.06604,-340.51273,-49.80835
-1565848020226,1255316,1255319,0.04932,-0.04956,-0.79791,0.59869,0.06604,-341.68298,-49.658794
-1565848020219,1255322,1255326,0.04901,-0.04926,-0.79767,0.59912,0.06604,-342.86685,-49.50705
-1565848020214,1255331,1255331,0.04865,-0.04889,-0.79736,0.59949,0.06604,-344.28632,-49.329144
-1565848020209,1255331,1255336,0.04846,-0.04865,-0.79718,0.59979,0.06604,-345.15967,-49.221195
-1565848020203,1255340,1255342,0.04810,-0.04810,-0.79669,0.60052,0.06610,-347.45645,-49.045097
-1565848020196,1255340,1255349,0.04791,-0.04779,-0.79651,0.60083,0.06610,-348.3508,-48.895008
-1565848020193,1255352,1255352,0.04779,-0.04755,-0.79633,0.60114,0.06610,-349.22656,-48.813503
-1565848020182,1255356,1255363,0.04773,-0.04724,-0.79608,0.60144,0.06610,-350.3414,-48.752254
-1565848020179,1255366,1255366,0.04761,-0.04700,-0.79590,0.60168,0.06610,-351.1842,-48.667545
-1565848020175,1255366,1255370,0.04755,-0.04669,-0.79578,0.60193,0.06610,-351.8004,-48.534134
-1565848020170,1255371,1255375,0.04749,-0.04639,-0.79559,0.60217,0.06610,-352.67108,-48.44334
-1565848020165,1255378,1255380,0.04742,-0.04608,-0.79541,0.60242,0.06610,-353.51743,-48.33717
-1565848020158,1255378,1255387,0.04742,-0.04584,-0.79529,0.60260,0.06616,-354.07928,-48.266205
-1565848020149,1255387,1255396,0.04742,-0.04529,-0.79510,0.60297,0.06616,-355.02826,-48.05598
-1565848020148,1255387,1255397,0.04742,-0.04504,-0.79498,0.60303,0.06616,-355.52335,-47.974308
-1565848020141,1255400,1255404,0.04749,-0.04480,-0.79492,0.60315,0.06616,-355.80853,-47.89749
-1565848020126,1255412,1255419,0.04749,-0.04456,-0.79492,0.60321,0.06616,-355.85254,-47.757404
-1565848020123,1255412,1255422,0.04755,-0.04437,-0.79486,0.60327,0.06616,-356.10413,-47.70386
-1565848020121,1255412,1255424,0.04761,-0.04413,-0.79486,0.60327,0.06616,-356.09546,-47.586533
-1565848020119,1255426,1255426,0.04767,-0.04395,-0.79486,0.60327,0.06616,-356.0847,-47.504784
-1565848020112,1255426,1255433,0.04779,-0.04364,-0.79492,0.60321,0.06622,-355.79965,-47.33708
-1565848020108,1255435,1255437,0.04785,-0.04358,-0.79498,0.60315,0.06622,-355.52356,-47.292706
-1565848020100,1255440,1255445,0.04791,-0.04352,-0.79504,0.60309,0.06622,-355.24747,-47.24833
-1565848020096,1255440,1255449,0.04803,-0.04346,-0.79510,0.60303,0.06622,-354.95483,-47.22892
-1565848020091,1255452,1255454,0.04810,-0.04346,-0.79517,0.60297,0.06622,-354.63696,-47.21895
-1565848020084,1255459,1255461,0.04822,-0.04340,-0.79517,0.60291,0.06622,-354.5693,-47.231045
-1565848020079,1255459,1255466,0.04828,-0.04340,-0.79523,0.60278,0.06622,-354.25146,-47.219734
-1565848020073,1255468,1255472,0.04840,-0.04340,-0.79529,0.60272,0.06622,-353.95764,-47.23565
-1565848020067,1255477,1255478,0.04865,-0.04333,-0.79547,0.60254,0.06628,-353.1129,-47.196682
-1565848020063,1255477,1255482,0.04877,-0.04327,-0.79553,0.60242,0.06628,-352.78754,-47.17505
-1565848020056,1255489,1255489,0.04895,-0.04321,-0.79559,0.60229,0.06628,-352.4397,-47.17772
-1565848020051,1255489,1255494,0.04907,-0.04321,-0.79565,0.60217,0.06628,-352.11313,-47.191296
-1565848020046,1255495,1255499,0.04919,-0.04321,-0.79578,0.60205,0.06628,-351.52914,-47.168285
-1565848020040,1255504,1255505,0.04932,-0.04321,-0.79584,0.60193,0.06628,-351.20078,-47.185837
-1565848020034,1255510,1255511,0.04950,-0.04321,-0.79596,0.60175,0.06628,-350.6038,-47.19034
-1565848020028,1255510,1255517,0.04956,-0.04327,-0.79608,0.60162,0.06628,-350.06964,-47.182743
-1565848020023,1255520,1255522,0.04968,-0.04346,-0.79633,0.60126,0.06628,-348.90845,-47.199554
-1565848020019,1255520,1255526,0.04974,-0.04352,-0.79651,0.60101,0.06635,-348.09207,-47.156548
-1565848020011,1255528,1255534,0.04974,-0.04364,-0.79663,0.60083,0.06635,-347.5501,-47.15776
-1565848020007,1255535,1255538,0.04974,-0.04376,-0.79681,0.60059,0.06635,-346.75998,-47.12598
-1565848020000,1255541,1255545,0.04974,-0.04388,-0.79700,0.60034,0.06635,-345.93106,-47.088787
-1565848019995,1255548,1255550,0.04974,-0.04395,-0.79718,0.60010,0.06635,-345.14865,-47.028355
-1565848019989,1255548,1255556,0.04974,-0.04395,-0.79736,0.59985,0.06635,-344.36612,-46.927456
-1565848019985,1255556,1255560,0.04968,-0.04395,-0.79761,0.59955,0.06635,-343.32797,-46.765724
-1565848019979,1255556,1255566,0.04968,-0.04382,-0.79785,0.59924,0.06635,-342.31256,-46.558826
-1565848019972,1255568,1255573,0.04968,-0.04358,-0.79834,0.59851,0.06641,-340.19937,-46.15075
-1565848019967,1255573,1255578,0.04974,-0.04340,-0.79865,0.59814,0.06641,-338.9107,-45.905613
-1565848019961,1255584,1255584,0.04987,-0.04321,-0.79901,0.59772,0.06641,-337.4138,-45.657707
-1565848019955,1255584,1255590,0.05011,-0.04315,-0.79926,0.59735,0.06641,-336.2936,-45.58294
-1565848019950,1255590,1255595,0.05035,-0.04321,-0.79956,0.59692,0.06641,-334.97372,-45.549812
-1565848019944,1255590,1255601,0.05072,-0.04346,-0.79987,0.59644,0.06641,-333.55927,-45.667118
-1565848019939,1255601,1255606,0.05109,-0.04388,-0.80011,0.59607,0.06641,-332.4409,-45.916225
-1565848019934,1255606,1255611,0.05176,-0.04510,-0.80060,0.59528,0.06641,-330.16473,-46.588005
-1565848019927,1255617,1255618,0.05219,-0.04584,-0.80084,0.59479,0.06641,-328.9679,-47.028027
-1565848019922,1255617,1255623,0.05255,-0.04657,-0.80115,0.59436,0.06647,-327.60376,-47.40099
-1565848019916,1255624,1255629,0.05286,-0.04718,-0.80139,0.59393,0.06647,-326.4896,-47.720768
-1565848019910,1255632,1255635,0.05322,-0.04755,-0.80164,0.59351,0.06647,-325.3499,-47.920437
-1565848019906,1255639,1255639,0.05359,-0.04779,-0.80194,0.59308,0.06647,-324.05432,-48.025764
-1565848019900,1255639,1255645,0.05396,-0.04785,-0.80225,0.59265,0.06647,-322.74216,-48.02661
-1565848019893,1255639,1255652,0.05426,-0.04779,-0.80249,0.59229,0.06647,-321.7175,-47.97287
-1565848019886,1255658,1255659,0.05457,-0.04755,-0.80280,0.59186,0.06647,-320.44754,-47.788006
-1565848019883,1255658,1255662,0.05505,-0.04675,-0.80334,0.59113,0.06647,-318.29553,-47.24032
-1565848019878,1255666,1255667,0.05524,-0.04633,-0.80359,0.59082,0.06653,-317.3328,-46.95114
-1565848019871,1255666,1255674,0.05542,-0.04584,-0.80383,0.59045,0.06653,-316.37833,-46.62449
-1565848019865,1255674,1255680,0.05554,-0.04553,-0.80408,0.59015,0.06653,-315.44553,-46.37238
-1565848019859,1255683,1255686,0.05566,-0.04529,-0.80432,0.58990,0.06653,-314.57162,-46.16551
-1565848019854,1255683,1255691,0.05579,-0.04523,-0.80450,0.58960,0.06653,-313.8438,-46.085335
-1565848019847,1255691,1255698,0.05585,-0.04535,-0.80463,0.58936,0.06653,-313.31,-46.101864
-1565848019844,1255700,1255701,0.05597,-0.04608,-0.80487,0.58899,0.06653,-312.3461,-46.40937
-1565848019838,1255705,1255707,0.05591,-0.04669,-0.80499,0.58881,0.06653,-311.89096,-46.650646
-1565848019831,1255705,1255714,0.05591,-0.04736,-0.80505,0.58868,0.06659,-311.6211,-46.974552
-1565848019826,1255717,1255719,0.05585,-0.04822,-0.80511,0.58850,0.06659,-311.33368,-47.3761
-1565848019821,1255722,1255724,0.05579,-0.04889,-0.80518,0.58844,0.06659,-311.0882,-47.675888
-1565848019815,1255722,1255730,0.05566,-0.04968,-0.80518,0.58832,0.06659,-311.0293,-48.045612
-1565848019810,1255722,1255735,0.05548,-0.05048,-0.80524,0.58820,0.06659,-310.8081,-48.374233
-1565848019806,1255737,1255739,0.05530,-0.05121,-0.80524,0.58813,0.06659,-310.79126,-48.696236
-1565848019798,1255745,1255747,0.05505,-0.05182,-0.80530,0.58801,0.06659,-310.5954,-48.898846
-1565848019793,1255745,1255752,0.05475,-0.05231,-0.80536,0.58795,0.06659,-310.4487,-49.022102
-1565848019789,1255752,1255756,0.05414,-0.05286,-0.80548,0.58783,0.06665,-310.17337,-49.03658
-1565848019782,1255759,1255763,0.05377,-0.05298,-0.80554,0.58771,0.06665,-310.0255,-48.936462
-1565848019776,1255768,1255769,0.05334,-0.05298,-0.80560,0.58765,0.06665,-309.9287,-48.753716
-1565848019771,1255768,1255774,0.05298,-0.05292,-0.80566,0.58759,0.06665,-309.81552,-48.56386
-1565848019765,1255775,1255780,0.05255,-0.05280,-0.80579,0.58752,0.06665,-309.51343,-48.28381
-1565848019760,1255784,1255785,0.05206,-0.05255,-0.80585,0.58746,0.06665,-309.43784,-47.94769
-1565848019755,1255784,1255790,0.05157,-0.05231,-0.80591,0.58746,0.06665,-309.39285,-47.618996
-1565848019749,1255791,1255796,0.05109,-0.05212,-0.80597,0.58740,0.06665,-309.31042,-47.318275
-1565848019742,1255803,1255803,0.05060,-0.05182,-0.80603,0.58740,0.06665,-309.26526,-46.9579
-1565848019739,1255803,1255806,0.04968,-0.05127,-0.80609,0.58746,0.06671,-309.36023,-46.314358
-1565848019731,1255807,1255814,0.04932,-0.05103,-0.80615,0.58746,0.06671,-309.27917,-46.03192
-1565848019726,1255818,1255819,0.04889,-0.05072,-0.80615,0.58752,0.06671,-309.42117,-45.716602
-1565848019719,1255818,1255826,0.04852,-0.05042,-0.80615,0.58759,0.06671,-309.55325,-45.42798
-1565848019715,1255827,1255830,0.04822,-0.05011,-0.80615,0.58765,0.06671,-309.66385,-45.15854
-1565848019710,1255834,1255835,0.04791,-0.04987,-0.80615,0.58765,0.06671,-309.74225,-44.92053
-1565848019704,1255834,1255841,0.04755,-0.04950,-0.80615,0.58771,0.06671,-309.86746,-44.59745
-1565848019698,1255842,1255847,0.04730,-0.04926,-0.80615,0.58777,0.06671,-309.96313,-44.38249
-1565848019694,1255851,1255851,0.04681,-0.04877,-0.80609,0.58789,0.06677,-310.32587,-43.976532
-1565848019687,1255851,1255858,0.04663,-0.04858,-0.80609,0.58795,0.06677,-310.40363,-43.812805
-1565848019679,1255862,1255866,0.04639,-0.04846,-0.80603,0.58801,0.06677,-310.66714,-43.69046
-1565848019676,1255862,1255869,0.04620,-0.04840,-0.80603,0.58807,0.06677,-310.7429,-43.591904
-1565848019671,1255872,1255874,0.04608,-0.04846,-0.80597,0.58813,0.06677,-310.97412,-43.60812
-1565848019665,1255879,1255880,0.04590,-0.04852,-0.80591,0.58820,0.06677,-311.22455,-43.602997
-1565848019660,1255879,1255885,0.04578,-0.04871,-0.80591,0.58826,0.06677,-311.2771,-43.662415
-1565848019654,1255886,1255891,0.04565,-0.04895,-0.80585,0.58832,0.06677,-311.5057,-43.770775
-1565848019649,1255891,1255896,0.04541,-0.04956,-0.80573,0.58844,0.06683,-311.95575,-44.064377
-1565848019643,1255891,1255902,0.04535,-0.04987,-0.80566,0.58850,0.06683,-312.19724,-44.24024
-1565848019635,1255904,1255910,0.04523,-0.05023,-0.80560,0.58856,0.06683,-312.42126,-44.4168
-1565848019630,1255914,1255915,0.04517,-0.05060,-0.80560,0.58862,0.06683,-312.4554,-44.594173
-1565848019625,1255914,1255920,0.04510,-0.05096,-0.80554,0.58868,0.06683,-312.66876,-44.78921
-1565848019619,1255920,1255926,0.04510,-0.05133,-0.80548,0.58868,0.06683,-312.8347,-45.013474
-1565848019614,1255930,1255931,0.04517,-0.05170,-0.80542,0.58875,0.06683,-313.0227,-45.265553
-1565848019609,1255930,1255936,0.04523,-0.05200,-0.80536,0.58881,0.06683,-313.20978,-45.476517
-1565848019602,1255941,1255943,0.04541,-0.05267,-0.80518,0.58893,0.06683,-313.74692,-45.98588
-1565848019597,1255948,1255948,0.04553,-0.05298,-0.80511,0.58899,0.06689,-313.95068,-46.229527
-1565848019591,1255948,1255954,0.04565,-0.05328,-0.80505,0.58905,0.06689,-314.12503,-46.463463
-1565848019586,1255955,1255959,0.04578,-0.05353,-0.80493,0.58911,0.06689,-314.47754,-46.702385
-1565848019579,1255965,1255966,0.04596,-0.05383,-0.80487,0.58923,0.06689,-314.67065,-46.96064
-1565848019575,1255965,1255970,0.04608,-0.05414,-0.80475,0.58929,0.06689,-315.0245,-47.229095
-1565848019570,1255971,1255975,0.04614,-0.05438,-0.80469,0.58942,0.06689,-315.25278,-47.412327
-1565848019564,1255980,1255981,0.04626,-0.05469,-0.80457,0.58954,0.06689,-315.64,-47.683598
-1565848019559,1255980,1255986,0.04645,-0.05530,-0.80432,0.58984,0.06689,-316.49133,-48.211014
-1565848019553,1255987,1255992,0.04651,-0.05554,-0.80420,0.58997,0.06696,-316.9027,-48.4247
-1565848019545,1255994,1256000,0.04651,-0.05591,-0.80402,0.59015,0.06696,-317.5344,-48.718113
-1565848019541,1255994,1256004,0.04657,-0.05627,-0.80389,0.59033,0.06696,-318.00192,-49.004513
-1565848019535,1256006,1256010,0.04657,-0.05658,-0.80371,0.59045,0.06696,-318.60678,-49.265396
-1565848019530,1256006,1256015,0.04663,-0.05695,-0.80353,0.59070,0.06696,-319.26828,-49.58601
-1565848019526,1256006,1256019,0.04663,-0.05731,-0.80334,0.59088,0.06696,-319.9394,-49.882988
-1565848019519,1256020,1256026,0.04663,-0.05762,-0.80316,0.59106,0.06696,-320.58383,-50.148735
-1565848019514,1256028,1256031,0.04669,-0.05811,-0.80286,0.59149,0.06696,-321.72043,-50.60556
-1565848019508,1256028,1256037,0.04675,-0.05829,-0.80267,0.59167,0.06696,-322.39212,-50.83013
-1565848019501,1256038,1256044,0.04687,-0.05841,-0.80255,0.59186,0.06702,-322.839,-51.00884
-1565848019497,1256047,1256048,0.04700,-0.05847,-0.80237,0.59210,0.06702,-323.50253,-51.191692
-1565848019489,1256054,1256056,0.04712,-0.05853,-0.80225,0.59222,0.06702,-323.9152,-51.336124
-1565848019485,1256054,1256060,0.04730,-0.05859,-0.80206,0.59247,0.06702,-324.60718,-51.544468
-1565848019479,1256062,1256066,0.04749,-0.05865,-0.80194,0.59259,0.06702,-325.00415,-51.71591
-1565848019475,1256062,1256070,0.04791,-0.05884,-0.80164,0.59296,0.06702,-326.0522,-52.150265
-1565848019467,1256070,1256078,0.04816,-0.05902,-0.80151,0.59314,0.06702,-326.49777,-52.419487
-1565848019462,1256070,1256083,0.04834,-0.05920,-0.80139,0.59326,0.06702,-326.8969,-52.655693
-1565848019456,1256083,1256089,0.04852,-0.05945,-0.80121,0.59344,0.06702,-327.5211,-52.96609
-1565848019451,1256090,1256094,0.04871,-0.05963,-0.80109,0.59357,0.06708,-327.92487,-53.207684
-1565848019445,1256090,1256100,0.04877,-0.05969,-0.80103,0.59369,0.06708,-328.16806,-53.300743
-1565848019440,1256102,1256105,0.04889,-0.05975,-0.80090,0.59381,0.06708,-328.62265,-53.45519
-1565848019435,1256102,1256110,0.04895,-0.05963,-0.80078,0.59393,0.06708,-329.06775,-53.48153
-1565848019428,1256110,1256117,0.04901,-0.05945,-0.80072,0.59406,0.06708,-329.3258,-53.4415
-1565848019424,1256117,1256121,0.04913,-0.05884,-0.80060,0.59430,0.06708,-329.84048,-53.221096
-1565848019417,1256124,1256128,0.04919,-0.05853,-0.80054,0.59442,0.06708,-330.09842,-53.107933
-1565848019413,1256124,1256132,0.04932,-0.05829,-0.80048,0.59448,0.06708,-330.3018,-53.058216
-1565848019406,1256136,1256139,0.04950,-0.05823,-0.80035,0.59460,0.06714,-330.74924,-53.16893
-1565848019400,1256136,1256145,0.04968,-0.05823,-0.80029,0.59473,0.06714,-330.9707,-53.274967
-1565848019396,1256136,1256149,0.04980,-0.05847,-0.80017,0.59485,0.06714,-331.3923,-53.526005
-1565848019389,1256151,1256156,0.04993,-0.05878,-0.80005,0.59497,0.06714,-331.80948,-53.820683
-1565848019382,1256156,1256163,0.05005,-0.05914,-0.79993,0.59503,0.06714,-332.19498,-54.138275
-1565848019378,1256165,1256167,0.05011,-0.05945,-0.79987,0.59509,0.06714,-332.40018,-54.371452
-1565848019371,1256170,1256174,0.05023,-0.05969,-0.79974,0.59521,0.06714,-332.85806,-54.630535
-1565848019367,1256170,1256178,0.05035,-0.05963,-0.79974,0.59528,0.06714,-332.86633,-54.644875
-1565848019362,1256179,1256183,0.05048,-0.05951,-0.79968,0.59534,0.06714,-333.06793,-54.66328
-1565848019356,1256187,1256189,0.05066,-0.05920,-0.79968,0.59534,0.06720,-333.0287,-54.557194
-1565848019349,1256196,1256196,0.05090,-0.05878,-0.79968,0.59534,0.06720,-332.97656,-54.412006
-1565848019346,1256196,1256199,0.05121,-0.05835,-0.79974,0.59534,0.06720,-332.70557,-54.253616
-1565848019338,1256202,1256207,0.05157,-0.05792,-0.79974,0.59528,0.06720,-332.58624,-54.146255
-1565848019333,1256202,1256212,0.05249,-0.05725,-0.79980,0.59521,0.06720,-332.11154,-54.0815
-1565848019328,1256213,1256217,0.05304,-0.05713,-0.79980,0.59515,0.06720,-331.92502,-54.219643
-1565848019321,1256220,1256224,0.05365,-0.05707,-0.79980,0.59515,0.06720,-331.7513,-54.41589
-1565848019316,1256229,1256229,0.05432,-0.05725,-0.79974,0.59509,0.06720,-331.71384,-54.80096
-1565848019311,1256229,1256234,0.05487,-0.05750,-0.79968,0.59509,0.06726,-331.74072,-55.182354
-1565848019306,1256237,1256239,0.05560,-0.05792,-0.79962,0.59515,0.06726,-331.7393,-55.72882
-1565848019300,1256237,1256245,0.05621,-0.05835,-0.79950,0.59515,0.06726,-331.93542,-56.268837
-1565848019294,1256248,1256251,0.05701,-0.05878,-0.79938,0.59521,0.06726,-332.10516,-56.88269
-1565848019289,1256256,1256256,0.05762,-0.05914,-0.79926,0.59528,0.06726,-332.33926,-57.387226
-1565848019283,1256256,1256262,0.05908,-0.05969,-0.79901,0.59540,0.06726,-332.75507,-58.396633
-1565848019277,1256263,1256268,0.05988,-0.05981,-0.79889,0.59552,0.06726,-332.9601,-58.83989
-1565848019270,1256272,1256275,0.06049,-0.05975,-0.79877,0.59558,0.06726,-333.1982,-59.109047
-1565848019265,1256272,1256280,0.06122,-0.05957,-0.79865,0.59570,0.06732,-333.4344,-59.357643
-1565848019260,1256284,1256285,0.06183,-0.05927,-0.79858,0.59576,0.06732,-333.51294,-59.460213
-1565848019255,1256284,1256290,0.06244,-0.05878,-0.79846,0.59589,0.06732,-333.80496,-59.48994
-1565848019250,1256290,1256295,0.06293,-0.05829,-0.79840,0.59595,0.06732,-333.89618,-59.434406
-1565848019244,1256300,1256301,0.06372,-0.05707,-0.79828,0.59619,0.06732,-334.21988,-59.122765
-1565848019238,1256305,1256307,0.06396,-0.05646,-0.79822,0.59625,0.06732,-334.40054,-58.9069
-1565848019234,1256305,1256311,0.06409,-0.05591,-0.79816,0.59637,0.06732,-334.65018,-58.68689
-1565848019227,1256312,1256318,0.06415,-0.05530,-0.79816,0.59650,0.06732,-334.73083,-58.370068
-1565848019221,1256312,1256324,0.06415,-0.05469,-0.79810,0.59662,0.06738,-335.02832,-58.06772
-1565848019216,1256324,1256329,0.06409,-0.05420,-0.79803,0.59674,0.06738,-335.37503,-57.81684
-1565848019210,1256330,1256335,0.06390,-0.05365,-0.79803,0.59680,0.06738,-335.4991,-57.437656
-1565848019205,1256339,1256340,0.06366,-0.05310,-0.79797,0.59692,0.06738,-335.87692,-57.078964
-1565848019198,1256339,1256347,0.06342,-0.05261,-0.79797,0.59705,0.06738,-336.05438,-56.71765
-1565848019194,1256339,1256351,0.06281,-0.05170,-0.79791,0.59723,0.06738,-336.60748,-56.017715
-1565848019188,1256352,1256357,0.06244,-0.05121,-0.79791,0.59729,0.06738,-336.78796,-55.603493
-1565848019181,1256352,1256364,0.06213,-0.05078,-0.79791,0.59741,0.06738,-336.979,-55.248154
-1565848019176,1256364,1256369,0.06183,-0.05042,-0.79791,0.59747,0.06738,-337.12897,-54.93337
-1565848019171,1256372,1256374,0.06152,-0.05005,-0.79791,0.59753,0.06744,-337.28214,-54.60886
-1565848019166,1256372,1256379,0.06128,-0.04968,-0.79791,0.59760,0.06744,-337.41745,-54.310993
-1565848019158,1256379,1256387,0.06104,-0.04932,-0.79791,0.59766,0.06744,-337.54623,-54.018177
-1565848019155,1256379,1256390,0.06067,-0.04889,-0.79785,0.59784,0.06744,-337.99338,-53.67576
-1565848019149,1256394,1256396,0.06049,-0.04871,-0.79779,0.59790,0.06744,-338.2995,-53.542007
-1565848019141,1256394,1256404,0.06030,-0.04858,-0.79773,0.59802,0.06744,-338.64124,-53.43526
-1565848019134,1256410,1256411,0.06018,-0.04852,-0.79767,0.59814,0.06744,-338.95752,-53.39493
-1565848019132,1256410,1256413,0.06006,-0.04852,-0.79755,0.59827,0.06744,-339.48392,-53.423634
-1565848019126,1256414,1256419,0.05988,-0.04852,-0.79749,0.59839,0.06750,-339.8183,-53.39444
-1565848019120,1256423,1256425,0.05975,-0.04858,-0.79742,0.59851,0.06750,-340.16885,-53.42438
-1565848019115,1256423,1256430,0.05963,-0.04858,-0.79730,0.59863,0.06750,-340.69296,-53.45272
-1565848019111,1256431,1256434,0.05951,-0.04865,-0.79718,0.59882,0.06750,-341.25497,-53.524136
-1565848019103,1256439,1256442,0.05939,-0.04877,-0.79712,0.59894,0.06750,-341.5673,-53.586685
-1565848019098,1256439,1256447,0.05920,-0.04883,-0.79700,0.59912,0.06750,-342.1495,-53.625175
-1565848019093,1256447,1256452,0.05902,-0.04895,-0.79675,0.59943,0.06750,-343.25937,-53.78347
-1565848019087,1256456,1256458,0.05890,-0.04907,-0.79663,0.59955,0.06750,-343.78592,-53.881428
-1565848019079,1256465,1256466,0.05878,-0.04919,-0.79651,0.59973,0.06750,-344.34897,-53.98224
-1565848019076,1256465,1256469,0.05872,-0.04926,-0.79645,0.59985,0.06757,-344.64774,-54.03974
-1565848019071,1256470,1256474,0.05859,-0.04938,-0.79633,0.59998,0.06757,-345.18732,-54.134842
-1565848019065,1256478,1256480,0.05853,-0.04950,-0.79620,0.60016,0.06757,-345.76996,-54.265564
-1565848019060,1256478,1256485,0.05847,-0.04962,-0.79608,0.60028,0.06757,-346.28345,-54.388103
-1565848019053,1256490,1256492,0.05841,-0.04987,-0.79596,0.60052,0.06757,-346.8626,-54.591633
-1565848019047,1256490,1256498,0.05841,-0.04993,-0.79584,0.60059,0.06757,-347.33243,-54.701385
-1565848019040,1256499,1256505,0.05841,-0.05005,-0.79578,0.60065,0.06757,-347.57867,-54.809868
-1565848019036,1256508,1256509,0.05835,-0.05011,-0.79572,0.60071,0.06757,-347.8476,-54.85992
-1565848019030,1256508,1256515,0.05841,-0.05017,-0.79572,0.60077,0.06757,-347.86005,-54.921032
-1565848019024,1256515,1256521,0.05841,-0.05023,-0.79565,0.60083,0.06763,-348.14563,-55.00084
-1565848019019,1256524,1256526,0.05847,-0.05035,-0.79559,0.60089,0.06763,-348.37262,-55.133305
-1565848019015,1256530,1256530,0.05853,-0.05048,-0.79559,0.60089,0.06763,-348.34683,-55.232727
-1565848019007,1256530,1256538,0.05859,-0.05060,-0.79559,0.60089,0.06763,-348.32153,-55.32631
-1565848019002,1256538,1256543,0.05865,-0.05066,-0.79559,0.60089,0.06763,-348.29877,-55.38488
-1565848018997,1256548,1256548,0.05878,-0.05072,-0.79559,0.60083,0.06763,-348.21738,-55.468353
-1565848018992,1256548,1256553,0.05884,-0.05072,-0.79565,0.60077,0.06763,-347.9451,-55.452747
-1565848018984,1256556,1256561,0.05902,-0.05072,-0.79565,0.60071,0.06763,-347.84937,-55.520733
-1565848018980,1256564,1256565,0.05914,-0.05072,-0.79572,0.60059,0.06763,-347.4862,-55.51987
-1565848018975,1256564,1256570,0.05927,-0.05072,-0.79584,0.60052,0.06769,-346.96933,-55.494606
-1565848018970,1256574,1256575,0.05939,-0.05066,-0.79590,0.60040,0.06769,-346.64624,-55.46494
-1565848018962,1256574,1256583,0.05957,-0.05054,-0.79614,0.60010,0.06769,-345.55756,-55.306973
-1565848018959,1256583,1256586,0.05957,-0.05048,-0.79626,0.59991,0.06769,-345.02274,-55.19163
-1565848018951,1256592,1256594,0.05957,-0.05054,-0.79639,0.59973,0.06769,-344.45422,-55.140343
-1565848018946,1256592,1256599,0.05957,-0.05054,-0.79657,0.59949,0.06769,-343.67868,-55.022087
-1565848018941,1256600,1256604,0.05951,-0.05054,-0.79669,0.59930,0.06769,-343.16574,-54.919006
-1565848018932,1256607,1256613,0.05945,-0.05060,-0.79687,0.59906,0.06769,-342.4124,-54.81296
-1565848018930,1256607,1256615,0.05939,-0.05066,-0.79706,0.59888,0.06769,-341.66122,-54.703976
-1565848018925,1256617,1256620,0.05927,-0.05072,-0.79724,0.59857,0.06775,-340.89307,-54.572807
-1565848018917,1256623,1256628,0.05914,-0.05072,-0.79749,0.59833,0.06775,-339.93112,-54.36597
-1565848018913,1256623,1256632,0.05890,-0.05066,-0.79791,0.59778,0.06775,-338.25177,-53.972454
-1565848018906,1256638,1256639,0.05878,-0.05060,-0.79810,0.59753,0.06775,-337.50092,-53.77252
-1565848018902,1256638,1256643,0.05859,-0.05048,-0.79834,0.59723,0.06775,-336.5793,-53.482117
-1565848018895,1256647,1256650,0.05847,-0.05035,-0.79858,0.59692,0.06775,-335.6349,-53.213665
-1565848018890,1256647,1256655,0.05835,-0.05017,-0.79883,0.59662,0.06775,-334.66885,-52.9131
-1565848018884,1256660,1256661,0.05829,-0.05005,-0.79907,0.59631,0.06775,-333.71448,-52.67569
-1565848018875,1256668,1256670,0.05823,-0.04999,-0.79932,0.59595,0.06781,-332.70084,-52.465572
-1565848018873,1256668,1256672,0.05829,-0.05023,-0.79974,0.59540,0.06781,-330.97736,-52.368084
-1565848018869,1256675,1256676,0.05841,-0.05066,-0.79999,0.59503,0.06781,-329.89758,-52.50031
-1565848018862,1256675,1256683,0.05853,-0.05109,-0.80011,0.59479,0.06781,-329.31842,-52.70873
-1565848018856,1256683,1256689,0.05872,-0.05164,-0.80029,0.59448,0.06781,-328.48117,-52.973198
-1565848018851,1256692,1256694,0.05884,-0.05225,-0.80042,0.59424,0.06781,-327.86594,-53.27464
-1565848018845,1256699,1256700,0.05902,-0.05280,-0.80054,0.59399,0.06781,-327.26312,-53.56916
-1565848018839,1256705,1256706,0.05914,-0.05341,-0.80072,0.59375,0.06781,-326.49063,-53.840866
-1565848018835,1256705,1256710,0.05920,-0.05383,-0.80090,0.59344,0.06781,-325.7083,-53.98175
-1565848018830,1256715,1256715,0.05927,-0.05408,-0.80103,0.59326,0.06787,-325.16357,-54.065292
-1565848018823,1256715,1256722,0.05927,-0.05414,-0.80121,0.59296,0.06787,-324.42453,-53.985603
-1565848018818,1256724,1256727,0.05914,-0.05396,-0.80157,0.59253,0.06787,-323.09882,-53.622265
-1565848018811,1256724,1256734,0.05908,-0.05365,-0.80176,0.59229,0.06787,-322.40192,-53.316357
-1565848018807,1256737,1256738,0.05890,-0.05322,-0.80194,0.59204,0.06787,-321.77335,-52.907597
-1565848018800,1256744,1256745,0.05878,-0.05286,-0.80212,0.59192,0.06787,-321.1977,-52.56542
-1565848018794,1256751,1256751,0.05859,-0.05243,-0.80231,0.59174,0.06787,-320.58304,-52.153206
-1565848018791,1256751,1256754,0.05841,-0.05200,-0.80249,0.59155,0.06787,-319.99286,-51.750965
-1565848018785,1256758,1256760,0.05817,-0.05164,-0.80261,0.59137,0.06793,-319.6087,-51.398346
-1565848018778,1256758,1256767,0.05792,-0.05133,-0.80280,0.59125,0.06793,-319.0437,-51.035988
-1565848018775,1256769,1256770,0.05750,-0.05096,-0.80304,0.59094,0.06793,-318.2749,-50.54812
-1565848018769,1256775,1256776,0.05737,-0.05103,-0.80310,0.59082,0.06793,-318.0609,-50.5039
-1565848018761,1256783,1256784,0.05725,-0.05109,-0.80316,0.59076,0.06793,-317.8769,-50.460194
-1565848018756,1256783,1256789,0.05713,-0.05139,-0.80322,0.59070,0.06793,-317.6839,-50.54645
-1565848018751,1256791,1256794,0.05713,-0.05170,-0.80328,0.59058,0.06793,-317.4248,-50.67878
-1565848018745,1256799,1256800,0.05707,-0.05219,-0.80328,0.59052,0.06793,-317.39032,-50.91997
-1565848018740,1256799,1256805,0.05707,-0.05267,-0.80328,0.59045,0.06793,-317.33398,-51.176903
-1565848018732,1256807,1256813,0.05701,-0.05322,-0.80334,0.59045,0.06799,-317.14755,-51.42166
-1565848018729,1256807,1256816,0.05695,-0.05414,-0.80334,0.59033,0.06799,-317.06412,-51.89294
-1565848018723,1256817,1256822,0.05682,-0.05457,-0.80334,0.59027,0.06799,-317.0516,-52.076664
-1565848018718,1256826,1256827,0.05676,-0.05493,-0.80341,0.59021,0.06799,-316.81012,-52.210632
-1565848018711,1256826,1256834,0.05664,-0.05511,-0.80347,0.59009,0.06799,-316.5902,-52.2288
-1565848018706,1256835,1256839,0.05646,-0.05518,-0.80353,0.59003,0.06799,-316.42413,-52.16853
-1565848018700,1256844,1256845,0.05627,-0.05518,-0.80359,0.58990,0.06799,-316.22522,-52.064255
-1565848018695,1256850,1256850,0.05609,-0.05505,-0.80371,0.58978,0.06799,-315.85342,-51.862614
-1565848018690,1256850,1256855,0.05579,-0.05450,-0.80396,0.58954,0.06805,-315.0762,-51.32083
-1565848018684,1256858,1256861,0.05554,-0.05414,-0.80414,0.58936,0.06805,-314.52228,-50.939243
-1565848018678,1256864,1256867,0.05542,-0.05377,-0.80426,0.58923,0.06805,-314.14056,-50.632
-1565848018672,1256864,1256873,0.05530,-0.05341,-0.80444,0.58905,0.06805,-313.55447,-50.298763
-1565848018661,1256876,1256884,0.05518,-0.05298,-0.80457,0.58887,0.06805,-313.12057,-49.95417
-1565848018660,1256876,1256885,0.05511,-0.05255,-0.80475,0.58868,0.06805,-312.52173,-49.60303
-1565848018656,1256887,1256889,0.05505,-0.05206,-0.80493,0.58850,0.06805,-311.92978,-49.225014
-1565848018648,1256892,1256897,0.05505,-0.05170,-0.80511,0.58832,0.06805,-311.3194,-48.93868
-1565848018644,1256900,1256901,0.05511,-0.05121,-0.80530,0.58807,0.06805,-310.63385,-48.59802
-1565848018639,1256900,1256906,0.05524,-0.05035,-0.80566,0.58765,0.06812,-309.36398,-47.999878
-1565848018632,1256900,1256913,0.05536,-0.04993,-0.80585,0.58746,0.06812,-308.69968,-47.7229
-1565848018627,1256914,1256918,0.05548,-0.04944,-0.80603,0.58716,0.06812,-308.0115,-47.41074
-1565848018621,1256921,1256924,0.05560,-0.04907,-0.80621,0.58698,0.06812,-307.38455,-47.167156
-1565848018616,1256921,1256929,0.05573,-0.04871,-0.80646,0.58667,0.06812,-306.48965,-46.896084
-1565848018612,1256932,1256933,0.05591,-0.04834,-0.80664,0.58636,0.06812,-305.78473,-46.67044
-1565848018606,1256939,1256939,0.05615,-0.04797,-0.80688,0.58606,0.06812,-304.90378,-46.439365
-1565848018598,1256939,1256947,0.05627,-0.04767,-0.80713,0.58575,0.06812,-304.02176,-46.1995
-1565848018593,1256948,1256952,0.05670,-0.04736,-0.80756,0.58514,0.06818,-302.4111,-45.970493
-1565848018589,1256948,1256956,0.05688,-0.04730,-0.80780,0.58478,0.06818,-301.5191,-45.88073
-1565848018582,1256957,1256963,0.05707,-0.04730,-0.80804,0.58447,0.06818,-300.65234,-45.827522
-1565848018577,1256968,1256968,0.05725,-0.04742,-0.80829,0.58411,0.06818,-299.73486,-45.826763
-1565848018570,1256968,1256975,0.05737,-0.04755,-0.80847,0.58380,0.06818,-299.05148,-45.8435
-1565848018566,1256976,1256979,0.05756,-0.04773,-0.80872,0.58344,0.06818,-298.13712,-45.876762
-1565848018560,1256984,1256985,0.05774,-0.04803,-0.80896,0.58307,0.06818,-297.24646,-45.971912
-1565848018555,1256984,1256990,0.05792,-0.04834,-0.80914,0.58276,0.06818,-296.55045,-46.10035
-1565848018549,1256984,1256996,0.05811,-0.04865,-0.80933,0.58246,0.06818,-295.83298,-46.227543
-1565848018543,1256996,1257002,0.05841,-0.04932,-0.80969,0.58185,0.06824,-294.47116,-46.487625
-1565848018538,1257005,1257007,0.05859,-0.04968,-0.80981,0.58160,0.06824,-293.97052,-46.668102
-1565848018532,1257005,1257013,0.05878,-0.04999,-0.80994,0.58136,0.06824,-293.4495,-46.821926
-1565848018525,1257015,1257020,0.05902,-0.05029,-0.81006,0.58118,0.06824,-292.97394,-46.993286
-1565848018520,1257024,1257025,0.05927,-0.05060,-0.81018,0.58093,0.06824,-292.46124,-47.169914
-1565848018514,1257031,1257031,0.05951,-0.05090,-0.81030,0.58075,0.06824,-291.98767,-47.340206
-1565848018510,1257031,1257035,0.06000,-0.05145,-0.81042,0.58051,0.06824,-291.41312,-47.71571
-1565848018502,1257036,1257043,0.06024,-0.05170,-0.81042,0.58044,0.06824,-291.30823,-47.917656
-1565848018497,1257043,1257048,0.06049,-0.05188,-0.81042,0.58038,0.06830,-291.20825,-48.087738
-1565848018491,1257051,1257054,0.06073,-0.05206,-0.81042,0.58032,0.06830,-291.11057,-48.254463
-1565848018485,1257058,1257060,0.06097,-0.05225,-0.81042,0.58032,0.06830,-291.0426,-48.4284
-1565848018480,1257058,1257065,0.06116,-0.05237,-0.81036,0.58032,0.06830,-291.14444,-48.578136
-1565848018476,1257068,1257069,0.06134,-0.05249,-0.81030,0.58038,0.06830,-291.27914,-48.727036
-1565848018470,1257068,1257075,0.06152,-0.05261,-0.81024,0.58051,0.06830,-291.44913,-48.878742
-1565848018462,1257079,1257083,0.06171,-0.05273,-0.81012,0.58063,0.06830,-291.76675,-49.061245
-1565848018459,1257079,1257086,0.06189,-0.05292,-0.80988,0.58093,0.06830,-292.48776,-49.339275
-1565848018451,1257087,1257094,0.06195,-0.05304,-0.80969,0.58118,0.06830,-293.0898,-49.518436
-1565848018447,1257096,1257098,0.06201,-0.05310,-0.80951,0.58142,0.06836,-293.66498,-49.6626
-1565848018440,1257105,1257105,0.06201,-0.05310,-0.80933,0.58167,0.06836,-294.26505,-49.757423
-1565848018436,1257105,1257109,0.06195,-0.05310,-0.80914,0.58191,0.06836,-294.9042,-49.837234
-1565848018429,1257111,1257116,0.06195,-0.05298,-0.80890,0.58221,0.06836,-295.6982,-49.901936
-1565848018423,1257119,1257122,0.06189,-0.05280,-0.80872,0.58258,0.06836,-296.3899,-49.890472
-1565848018418,1257119,1257127,0.06183,-0.05261,-0.80847,0.58295,0.06836,-297.2719,-49.907307
-1565848018415,1257128,1257130,0.06171,-0.05200,-0.80798,0.58368,0.06836,-299.02542,-49.817375
-1565848018409,1257134,1257136,0.06171,-0.05157,-0.80774,0.58405,0.06836,-299.88614,-49.725357
-1565848018403,1257142,1257142,0.06165,-0.05121,-0.80750,0.58441,0.06842,-300.75894,-49.648678
-1565848018397,1257142,1257148,0.06158,-0.05078,-0.80719,0.58490,0.06842,-301.90213,-49.570858
-1565848018392,1257150,1257153,0.06152,-0.05054,-0.80695,0.58527,0.06842,-302.78497,-49.55636
-1565848018386,1257150,1257159,0.06146,-0.05023,-0.80664,0.58569,0.06842,-303.89618,-49.541134
-1565848018380,1257164,1257165,0.06134,-0.04999,-0.80634,0.58618,0.06842,-305.03656,-49.539993
-1565848018374,1257170,1257171,0.06128,-0.04980,-0.80603,0.58661,0.06842,-306.162,-49.588108
-1565848018369,1257170,1257176,0.06122,-0.04962,-0.80573,0.58704,0.06842,-307.26514,-49.636852
-1565848018360,1257181,1257185,0.06104,-0.04926,-0.80511,0.58795,0.06842,-309.59253,-49.726326
-1565848018355,1257188,1257190,0.06091,-0.04901,-0.80475,0.58844,0.06842,-310.94547,-49.7465
-1565848018350,1257188,1257195,0.06079,-0.04877,-0.80450,0.58881,0.06848,-311.91794,-49.71601
-1565848018346,1257196,1257199,0.06073,-0.04846,-0.80420,0.58929,0.06848,-313.0873,-49.698334
-1565848018340,1257202,1257205,0.06067,-0.04810,-0.80383,0.58978,0.06848,-314.47968,-49.68923
-1565848018334,1257202,1257211,0.06061,-0.04779,-0.80353,0.59021,0.06848,-315.63812,-49.66943
-1565848018329,1257211,1257216,0.06073,-0.04742,-0.80292,0.59113,0.06848,-317.9582,-49.8581
-1565848018324,1257219,1257221,0.06079,-0.04749,-0.80261,0.59155,0.06848,-319.11188,-50.09275
-1565848018318,1257219,1257227,0.06091,-0.04773,-0.80225,0.59192,0.06848,-320.37482,-50.466805
-1565848018313,1257228,1257232,0.06097,-0.04810,-0.80200,0.59229,0.06848,-321.31744,-50.835445
-1565848018307,1257234,1257238,0.06116,-0.04865,-0.80170,0.59265,0.06854,-322.36853,-51.377445
-1565848018300,1257234,1257245,0.06122,-0.04913,-0.80145,0.59290,0.06854,-323.2505,-51.80569
-1565848018295,1257249,1257250,0.06128,-0.04968,-0.80121,0.59314,0.06854,-324.09686,-52.268753
-1565848018287,1257257,1257258,0.06134,-0.05005,-0.80109,0.59332,0.06854,-324.5411,-52.566807
-1565848018284,1257257,1257261,0.06134,-0.05035,-0.80096,0.59338,0.06854,-324.9736,-52.80557
-1565848018279,1257265,1257266,0.06128,-0.05042,-0.80103,0.59338,0.06854,-324.76733,-52.78406
-1565848018274,1257270,1257271,0.06116,-0.05023,-0.80115,0.59320,0.06854,-324.333,-52.56277
-1565848018268,1257270,1257277,0.06110,-0.04999,-0.80133,0.59296,0.06854,-323.66153,-52.301388
-1565848018262,1257280,1257283,0.06110,-0.04968,-0.80157,0.59265,0.06854,-322.7504,-51.989136
-1565848018256,1257287,1257289,0.06110,-0.04950,-0.80182,0.59235,0.06860,-321.8127,-51.744587
-1565848018250,1257294,1257295,0.06116,-0.04932,-0.80212,0.59198,0.06860,-320.66888,-51.493546
-1565848018246,1257294,1257299,0.06128,-0.04932,-0.80249,0.59149,0.06860,-319.2264,-51.321594
-1565848018239,1257302,1257306,0.06146,-0.04944,-0.80280,0.59106,0.06860,-317.98724,-51.270958
-1565848018232,1257311,1257313,0.06183,-0.05011,-0.80334,0.59021,0.06860,-315.7575,-51.44727
-1565848018228,1257311,1257317,0.06207,-0.05072,-0.80359,0.58978,0.06860,-314.68115,-51.71175
-1565848018223,1257319,1257322,0.06219,-0.05139,-0.80371,0.58948,0.06860,-314.09924,-52.03833
-1565848018214,1257319,1257331,0.06238,-0.05225,-0.80389,0.58917,0.06860,-313.30664,-52.458183
-1565848018212,1257333,1257333,0.06256,-0.05298,-0.80396,0.58899,0.06866,-312.91953,-52.86712
-1565848018206,1257338,1257339,0.06268,-0.05383,-0.80402,0.58881,0.06866,-312.5752,-53.324017
-1565848018200,1257338,1257345,0.06287,-0.05463,-0.80408,0.58868,0.06866,-312.23907,-53.779854
-1565848018195,1257349,1257350,0.06299,-0.05524,-0.80408,0.58862,0.06866,-312.14572,-54.14474
-1565848018190,1257354,1257355,0.06311,-0.05566,-0.80402,0.58862,0.06866,-312.269,-54.443253
-1565848018182,1257354,1257363,0.06335,-0.05597,-0.80389,0.58875,0.06866,-312.6371,-54.76856
-1565848018177,1257366,1257368,0.06342,-0.05585,-0.80377,0.58893,0.06866,-313.0722,-54.80203
-1565848018171,1257371,1257374,0.06348,-0.05548,-0.80365,0.58911,0.06866,-313.5221,-54.69812
-1565848018165,1257371,1257380,0.06342,-0.05493,-0.80353,0.58929,0.06866,-314.01697,-54.455708
-1565848018161,1257381,1257384,0.06335,-0.05426,-0.80341,0.58960,0.06873,-314.59085,-54.150192
-1565848018154,1257389,1257391,0.06311,-0.05334,-0.80322,0.58990,0.06873,-315.43292,-53.687496
-1565848018149,1257389,1257396,0.06281,-0.05255,-0.80310,0.59021,0.06873,-316.08496,-53.2345
-1565848018144,1257400,1257401,0.06238,-0.05157,-0.80286,0.59064,0.06873,-317.21344,-52.70068
-1565848018140,1257400,1257405,0.06134,-0.04974,-0.80249,0.59137,0.06873,-319.12585,-51.56618
-1565848018134,1257406,1257411,0.06079,-0.04889,-0.80231,0.59180,0.06873,-320.1122,-51.019073
-1565848018128,1257417,1257417,0.06000,-0.04785,-0.80212,0.59222,0.06873,-321.2054,-50.28329
-1565848018122,1257417,1257423,0.05920,-0.04694,-0.80188,0.59265,0.06873,-322.4596,-49.63626
-1565848018115,1257424,1257430,0.05841,-0.04614,-0.80170,0.59308,0.06879,-323.5217,-49.017982
-1565848018111,1257432,1257434,0.05756,-0.04523,-0.80151,0.59351,0.06879,-324.63885,-48.31817
-1565848018104,1257439,1257441,0.05664,-0.04425,-0.80127,0.59399,0.06879,-325.96698,-47.575718
-1565848018100,1257439,1257445,0.05573,-0.04340,-0.80103,0.59442,0.06879,-327.26337,-46.901184
-1565848018094,1257447,1257451,0.05402,-0.04187,-0.80060,0.59528,0.06879,-329.66653,-45.648335
-1565848018089,1257455,1257456,0.05310,-0.04108,-0.80035,0.59576,0.06879,-331.03363,-44.994663
-1565848018083,1257462,1257462,0.05231,-0.04034,-0.80011,0.59619,0.06879,-332.3068,-44.40704
-1565848018075,1257462,1257470,0.05151,-0.03967,-0.79987,0.59668,0.06885,-333.61786,-43.852497
-1565848018072,1257471,1257473,0.05078,-0.03918,-0.79962,0.59711,0.06885,-334.9082,-43.424706
-1565848018065,1257480,1257480,0.05011,-0.03864,-0.79932,0.59760,0.06885,-336.39212,-43.0137
-1565848018059,1257480,1257486,0.04938,-0.03821,-0.79901,0.59808,0.06885,-337.9248,-42.641888
-1565848018055,1257488,1257490,0.04871,-0.03784,-0.79871,0.59857,0.06885,-339.41946,-42.32014
-1565848018047,1257488,1257498,0.04755,-0.03735,-0.79803,0.59955,0.06885,-342.65906,-41.91921
-1565848018042,1257500,1257503,0.04712,-0.03723,-0.79773,0.59998,0.06885,-344.07657,-41.827755
-1565848018036,1257507,1257509,0.04663,-0.03717,-0.79742,0.60052,0.06885,-345.616,-41.753765
-1565848018030,1257515,1257515,0.04620,-0.03711,-0.79712,0.60089,0.06885,-347.0157,-41.692932
-1565848018026,1257515,1257519,0.04584,-0.03711,-0.79681,0.60138,0.06891,-348.50995,-41.70349
-1565848018021,1257523,1257524,0.04547,-0.03717,-0.79645,0.60187,0.06891,-350.19696,-41.7676
-1565848018015,1257530,1257530,0.04517,-0.03723,-0.79614,0.60229,0.06891,-351.6544,-41.83547
-1565848018010,1257530,1257535,0.04492,-0.03735,-0.79584,0.60272,0.06891,-353.0758,-41.955364
-1565848018004,1257539,1257541,0.04443,-0.03760,-0.79523,0.60352,0.06891,-355.94656,-42.209766
-1565848017997,1257547,1257548,0.04425,-0.03784,-0.79492,0.60388,0.06891,-357.3707,-42.434772
-1565848017991,1257547,1257554,0.04407,-0.03802,-0.79468,0.60425,0.06891,-358.54596,-42.59231
-1565848017987,1257555,1257558,0.04395,-0.03821,-0.79443,0.60455,0.06891,-359.70758,-42.784557
-1565848017978,1257565,1257567,0.04388,-0.03845,-0.79413,0.60492,0.06897,-361.09634,-43.0558
-1565848017975,1257565,1257570,0.04382,-0.03864,-0.79388,0.60522,0.06897,-362.25674,-43.27621
-1565848017970,1257572,1257575,0.04376,-0.03882,-0.79370,0.60547,0.06897,-363.11987,-43.45554
-1565848017964,1257572,1257581,0.04382,-0.03925,-0.79327,0.60602,0.06897,-365.1119,-43.97314
-1565848017960,1257584,1257585,0.04388,-0.03943,-0.79309,0.60620,0.06897,-365.9114,-44.204735
-1565848017952,1257591,1257593,0.04395,-0.03961,-0.79297,0.60638,0.06897,-366.4723,-44.41108
-1565848017947,1257591,1257598,0.04407,-0.03986,-0.79285,0.60657,0.06897,-367.02435,-44.682552
-1565848017942,1257599,1257603,0.04419,-0.04010,-0.79272,0.60669,0.06897,-367.57547,-44.95144
-1565848017937,1257607,1257608,0.04443,-0.04034,-0.79260,0.60675,0.06897,-368.01776,-45.26611
-1565848017930,1257607,1257615,0.04462,-0.04065,-0.79254,0.60687,0.06903,-368.26733,-45.57298
-1565848017926,1257616,1257619,0.04486,-0.04095,-0.79242,0.60693,0.06903,-368.7081,-45.9255
-1565848017920,1257622,1257625,0.04517,-0.04132,-0.79236,0.60699,0.06903,-368.8849,-46.32007
-1565848017914,1257631,1257631,0.04578,-0.04205,-0.79224,0.60699,0.06903,-369.16638,-47.09547
-1565848017908,1257631,1257637,0.04614,-0.04242,-0.79224,0.60699,0.06903,-369.04745,-47.477734
-1565848017902,1257638,1257643,0.04651,-0.04272,-0.79218,0.60699,0.06903,-369.1695,-47.854378
-1565848017895,1257648,1257650,0.04694,-0.04303,-0.79218,0.60693,0.06903,-368.99323,-48.22781
-1565848017892,1257648,1257653,0.04730,-0.04327,-0.79218,0.60693,0.06903,-368.8761,-48.53005
-1565848017885,1257656,1257660,0.04779,-0.04364,-0.79218,0.60687,0.06903,-368.6771,-48.96523
-1565848017880,1257656,1257665,0.04822,-0.04388,-0.79218,0.60675,0.06909,-368.46332,-49.292526
-1565848017873,1257668,1257672,0.04913,-0.04456,-0.79224,0.60663,0.06909,-367.84155,-50.059162
-1565848017868,1257676,1257677,0.04968,-0.04498,-0.79224,0.60651,0.06909,-367.5799,-50.545834
-1565848017861,1257683,1257684,0.05011,-0.04535,-0.79230,0.60638,0.06909,-367.11047,-50.91468
-1565848017856,1257683,1257689,0.05066,-0.04584,-0.79230,0.60626,0.06909,-366.8431,-51.44223
-1565848017851,1257691,1257694,0.05103,-0.04620,-0.79236,0.60614,0.06909,-366.39777,-51.77795
-1565848017845,1257691,1257700,0.05151,-0.04663,-0.79242,0.60602,0.06909,-365.91376,-52.20184
-1565848017841,1257703,1257704,0.05194,-0.04706,-0.79242,0.60590,0.06909,-365.68396,-52.63965
-1565848017835,1257707,1257710,0.05237,-0.04736,-0.79248,0.60583,0.06915,-365.25082,-52.963753
-1565848017829,1257715,1257716,0.05310,-0.04779,-0.79260,0.60559,0.06915,-364.37247,-53.447968
-1565848017824,1257715,1257721,0.05353,-0.04791,-0.79266,0.60541,0.06915,-363.87927,-53.656403
-1565848017817,1257723,1257728,0.05389,-0.04791,-0.79272,0.60529,0.06915,-363.4504,-53.764942
-1565848017810,1257732,1257735,0.05426,-0.04785,-0.79285,0.60516,0.06915,-362.74078,-53.79779
-1565848017806,1257732,1257739,0.05463,-0.04785,-0.79291,0.60498,0.06915,-362.27362,-53.90723
-1565848017801,1257740,1257744,0.05505,-0.04779,-0.79309,0.60474,0.06915,-361.28958,-53.924805
-1565848017794,1257740,1257751,0.05548,-0.04779,-0.79315,0.60455,0.06915,-360.7972,-54.057507
-1565848017788,1257751,1257757,0.05640,-0.04797,-0.79340,0.60419,0.06921,-359.29645,-54.374546
-1565848017783,1257758,1257762,0.05688,-0.04834,-0.79346,0.60400,0.06921,-358.7723,-54.746723
-1565848017778,1257767,1257767,0.05743,-0.04877,-0.79358,0.60382,0.06921,-357.99792,-55.14518
-1565848017772,1257767,1257773,0.05786,-0.04919,-0.79364,0.60364,0.06921,-357.4948,-55.524765
-1565848017766,1257774,1257779,0.05847,-0.04974,-0.79370,0.60345,0.06921,-356.91687,-56.05283
-1565848017757,1257786,1257788,0.05902,-0.05029,-0.79376,0.60327,0.06921,-356.36478,-56.555447
-1565848017756,1257786,1257789,0.05951,-0.05078,-0.79382,0.60309,0.06921,-355.83575,-56.99684
-1565848017748,1257794,1257797,0.06000,-0.05121,-0.79388,0.60291,0.06921,-355.30948,-57.40143
-1565848017743,1257794,1257802,0.06079,-0.05176,-0.79407,0.60260,0.06927,-354.10526,-57.904957
-1565848017738,1257803,1257807,0.06116,-0.05188,-0.79413,0.60242,0.06927,-353.63602,-58.075394
-1565848017732,1257808,1257813,0.06146,-0.05194,-0.79425,0.60223,0.06927,-352.96597,-58.142906
-1565848017727,1257815,1257818,0.06171,-0.05188,-0.79437,0.60211,0.06927,-352.36234,-58.122864
-1565848017721,1257815,1257824,0.06189,-0.05170,-0.79449,0.60193,0.06927,-351.75592,-58.001972
-1565848017716,1257824,1257829,0.06207,-0.05151,-0.79462,0.60175,0.06927,-351.1147,-57.869026
-1565848017711,1257824,1257834,0.06219,-0.05127,-0.79474,0.60156,0.06927,-350.52988,-57.689518
-1565848017705,1257835,1257840,0.06232,-0.05084,-0.79486,0.60144,0.06927,-349.993,-57.406292
-1565848017699,1257844,1257846,0.06250,-0.05005,-0.79510,0.60114,0.06927,-348.91437,-56.849056
-1565848017693,1257852,1257852,0.06262,-0.04974,-0.79523,0.60101,0.06934,-348.3381,-56.627457
-1565848017687,1257852,1257858,0.06281,-0.04944,-0.79535,0.60083,0.06934,-347.7449,-56.443317
-1565848017681,1257859,1257864,0.06299,-0.04926,-0.79541,0.60077,0.06934,-347.43774,-56.368343
-1565848017676,1257868,1257869,0.06323,-0.04919,-0.79553,0.60065,0.06934,-346.85367,-56.340656
-1565848017670,1257875,1257875,0.06354,-0.04932,-0.79559,0.60052,0.06934,-346.44623,-56.492786
-1565848017664,1257875,1257881,0.06390,-0.04962,-0.79559,0.60034,0.06934,-346.1988,-56.79738
-1565848017659,1257883,1257886,0.06464,-0.05060,-0.79572,0.60010,0.06934,-345.28244,-57.557095
-1565848017654,1257890,1257891,0.06506,-0.05121,-0.79572,0.59998,0.06934,-345.0317,-58.065285
-1565848017648,1257890,1257897,0.06543,-0.05182,-0.79578,0.59985,0.06934,-344.57922,-58.514954
-1565848017641,1257899,1257904,0.06580,-0.05243,-0.79578,0.59967,0.06940,-344.31052,-58.999805
-1565848017637,1257907,1257908,0.06604,-0.05298,-0.79584,0.59955,0.06940,-343.91382,-59.364174
-1565848017627,1257907,1257918,0.06635,-0.05341,-0.79590,0.59943,0.06940,-343.4975,-59.684994
-1565848017625,1257920,1257920,0.06653,-0.05377,-0.79596,0.59930,0.06940,-343.12692,-59.91525
-1565848017621,1257920,1257924,0.06665,-0.05402,-0.79602,0.59912,0.06940,-342.75546,-60.05673
-1565848017613,1257928,1257932,0.06671,-0.05414,-0.79614,0.59900,0.06940,-342.23666,-60.06422
-1565848017609,1257935,1257936,0.06659,-0.05389,-0.79639,0.59869,0.06940,-341.2402,-59.698174
-1565848017602,1257942,1257943,0.06647,-0.05359,-0.79657,0.59851,0.06940,-340.56873,-59.35653
-1565848017597,1257942,1257948,0.06628,-0.05322,-0.79669,0.59839,0.06946,-340.17014,-58.990948
-1565848017592,1257951,1257953,0.06604,-0.05280,-0.79687,0.59821,0.06946,-339.55103,-58.53813
-1565848017587,1257958,1257958,0.06580,-0.05231,-0.79706,0.59802,0.06946,-338.89655,-58.040123
-1565848017581,1257958,1257964,0.06555,-0.05176,-0.79724,0.59784,0.06946,-338.29044,-57.512665
-1565848017575,1257968,1257970,0.06531,-0.05115,-0.79742,0.59766,0.06946,-337.685,-56.95655
-1565848017570,1257968,1257975,0.06512,-0.05054,-0.79761,0.59747,0.06946,-337.0239,-56.41442
-1565848017564,1257975,1257981,0.06476,-0.04938,-0.79797,0.59711,0.06946,-335.77728,-55.390293
-1565848017557,1257986,1257988,0.06464,-0.04883,-0.79822,0.59692,0.06946,-334.89386,-54.878716
-1565848017552,1257986,1257993,0.06445,-0.04816,-0.79840,0.59674,0.06946,-334.28363,-54.31698
-1565848017546,1257993,1257999,0.06433,-0.04755,-0.79858,0.59656,0.06952,-333.64877,-53.816925
-1565848017539,1258002,1258006,0.06421,-0.04687,-0.79883,0.59631,0.06952,-332.74747,-53.236572
-1565848017536,1258002,1258009,0.06409,-0.04620,-0.79901,0.59607,0.06952,-332.08676,-52.704193
-1565848017531,1258012,1258014,0.06396,-0.04553,-0.79926,0.59583,0.06952,-331.20096,-52.13134
-1565848017525,1258019,1258020,0.06384,-0.04486,-0.79950,0.59558,0.06952,-330.3437,-51.570072
-1565848017520,1258019,1258025,0.06360,-0.04352,-0.79993,0.59509,0.06952,-328.80762,-50.482315
-1565848017512,1258026,1258033,0.06342,-0.04297,-0.80017,0.59491,0.06952,-328.01328,-49.97604
-1565848017507,1258036,1258038,0.06329,-0.04230,-0.80042,0.59460,0.06952,-327.10806,-49.41327
-1565848017502,1258042,1258043,0.06311,-0.04175,-0.80060,0.59442,0.06952,-326.5125,-48.94254
-1565848017496,1258042,1258049,0.06299,-0.04120,-0.80078,0.59418,0.06958,-325.86707,-48.49284
-1565848017486,1258051,1258059,0.06287,-0.04077,-0.80103,0.59393,0.06958,-324.99124,-48.075264
-1565848017484,1258051,1258061,0.06268,-0.04034,-0.80121,0.59369,0.06958,-324.36697,-47.669224
-1565848017479,1258062,1258066,0.06250,-0.03998,-0.80145,0.59344,0.06958,-323.54443,-47.276714
-1565848017474,1258069,1258071,0.06213,-0.03949,-0.80182,0.59308,0.06958,-322.32224,-46.678066
-1565848017467,1258075,1258078,0.06189,-0.03931,-0.80194,0.59290,0.06958,-321.9294,-46.426888
-1565848017462,1258075,1258083,0.06165,-0.03918,-0.80212,0.59265,0.06958,-321.31116,-46.17203
-1565848017455,1258088,1258090,0.06140,-0.03906,-0.80225,0.59253,0.06958,-320.92197,-45.948906
-1565848017451,1258088,1258094,0.06110,-0.03900,-0.80243,0.59235,0.06958,-320.35895,-45.714764
-1565848017444,1258096,1258101,0.06085,-0.03894,-0.80255,0.59222,0.06964,-319.994,-45.529633
-1565848017441,1258104,1258104,0.06055,-0.03882,-0.80267,0.59204,0.06964,-319.6194,-45.29216
-1565848017434,1258104,1258111,0.06024,-0.03876,-0.80280,0.59198,0.06964,-319.27975,-45.084312
-1565848017429,1258111,1258116,0.05963,-0.03864,-0.80292,0.59180,0.06964,-318.99353,-44.735264
-1565848017424,1258120,1258121,0.05933,-0.03857,-0.80298,0.59174,0.06964,-318.865,-44.558487
-1565848017417,1258126,1258128,0.05902,-0.03851,-0.80304,0.59174,0.06964,-318.7711,-44.385998
-1565848017410,1258126,1258135,0.05878,-0.03845,-0.80304,0.59174,0.06964,-318.84045,-44.266224
-1565848017407,1258136,1258138,0.05847,-0.03839,-0.80304,0.59180,0.06964,-318.9615,-44.12325
-1565848017402,1258142,1258143,0.05811,-0.03827,-0.80304,0.59186,0.06964,-319.0983,-43.92938
-1565848017395,1258142,1258150,0.05780,-0.03815,-0.80304,0.59192,0.06970,-319.22092,-43.753567
-1565848017390,1258152,1258155,0.05750,-0.03802,-0.80298,0.59198,0.06970,-319.52448,-43.602627
-1565848017383,1258160,1258162,0.05695,-0.03784,-0.80292,0.59216,0.06970,-319.96338,-43.33717
-1565848017378,1258160,1258167,0.05670,-0.03778,-0.80286,0.59229,0.06970,-320.28864,-43.244434
-1565848017373,1258171,1258172,0.05646,-0.03766,-0.80273,0.59241,0.06970,-320.82455,-43.153217
-1565848017365,1258180,1258180,0.05627,-0.03766,-0.80267,0.59253,0.06970,-321.1269,-43.114403
-1565848017360,1258180,1258185,0.05603,-0.03760,-0.80261,0.59271,0.06970,-321.4779,-43.026566
-1565848017357,1258188,1258188,0.05591,-0.03754,-0.80249,0.59283,0.06970,-321.95062,-43.007248
-1565848017349,1258194,1258196,0.05573,-0.03748,-0.80237,0.59302,0.06970,-322.47897,-42.968243
-1565848017345,1258194,1258200,0.05560,-0.03748,-0.80225,0.59320,0.06976,-322.98724,-42.98008
-1565848017340,1258203,1258205,0.05542,-0.03741,-0.80206,0.59351,0.06976,-323.80417,-42.97103
-1565848017332,1258212,1258213,0.05542,-0.03741,-0.80194,0.59369,0.06976,-324.2804,-43.031345
-1565848017327,1258212,1258218,0.05536,-0.03735,-0.80182,0.59387,0.06976,-324.77667,-43.03644
-1565848017320,1258220,1258225,0.05536,-0.03723,-0.80170,0.59406,0.06976,-325.2654,-43.03139
-1565848017312,1258229,1258233,0.05542,-0.03717,-0.80151,0.59424,0.06976,-325.95407,-43.112972
-1565848017310,1258229,1258235,0.05548,-0.03705,-0.80139,0.59442,0.06976,-326.4238,-43.130226
-1565848017304,1258236,1258241,0.05560,-0.03687,-0.80127,0.59460,0.06976,-326.88046,-43.13702
-1565848017299,1258243,1258246,0.05591,-0.03662,-0.80103,0.59491,0.06982,-327.74557,-43.23618
-1565848017294,1258243,1258251,0.05609,-0.03650,-0.80090,0.59509,0.06982,-328.21796,-43.30367
-1565848017288,1258255,1258257,0.05634,-0.03638,-0.80078,0.59521,0.06982,-328.6065,-43.391018
-1565848017282,1258262,1258263,0.05658,-0.03632,-0.80060,0.59540,0.06982,-329.22922,-43.538296
-1565848017276,1258262,1258269,0.05682,-0.03619,-0.80054,0.59552,0.06982,-329.42758,-43.58928
-1565848017271,1258271,1258274,0.05707,-0.03613,-0.80042,0.59564,0.06982,-329.8153,-43.710644
-1565848017265,1258279,1258280,0.05750,-0.03595,-0.80023,0.59589,0.06982,-330.45694,-43.871387
-1565848017259,1258279,1258286,0.05768,-0.03577,-0.80011,0.59601,0.06982,-330.8715,-43.899994
-1565848017252,1258287,1258293,0.05786,-0.03558,-0.80005,0.59607,0.06982,-331.05658,-43.89274
-1565848017248,1258287,1258297,0.05804,-0.03528,-0.79999,0.59619,0.06989,-331.27985,-43.826553
-1565848017237,1258303,1258308,0.05829,-0.03491,-0.79993,0.59625,0.06989,-331.45203,-43.74545
-1565848017233,1258303,1258312,0.05847,-0.03448,-0.79987,0.59631,0.06989,-331.64716,-43.6041
-1565848017232,1258303,1258313,0.05865,-0.03418,-0.79980,0.59637,0.06989,-331.8701,-43.53991
-1565848017226,1258317,1258319,0.05890,-0.03394,-0.79974,0.59644,0.06989,-332.0426,-43.53167
-1565848017221,1258317,1258324,0.05927,-0.03381,-0.79968,0.59656,0.06989,-332.20264,-43.63276
-1565848017215,1258325,1258330,0.05957,-0.03381,-0.79962,0.59656,0.06989,-332.31085,-43.77498
