eye_packets,771
norm_X,norm_Y,phi,theta,confidence,timestamp
1582184719.180311,"{'circle_3d': {'center': [-6.807421539974509, 9.635768454327902, 77.33705443330578], 'normal': [-0.11976698529168135, 0.7146229119203306, -0.689180646124548], 'radius': 2.4896078988791723}, 'confidence': 0.9976982091018678, 'timestamp': 41051.39549, 'diameter_3d': 4.979215797758345, 'ellipse': {'center': [105.44923707955189, 196.97400754962933], 'axes': [23.506878748491562, 39.998834996591405], 'angle': -78.01420293325076}, 'location': [105.44923707955189, 196.97400754962933], 'diameter': 39.998834996591405, 'sphere': {'center': [-5.370217716474333, 1.0602935112839351, 85.60722218680036], 'radius': 12.0}, 'projected_sphere': {'center': [121.10684473619725, 127.67904810135751], 'axes': [173.81711051820957, 173.81711051820957], 'angle': 90.0}, 'model_confidence': 0.7880977440897996, 'model_id': 1, 'model_birth_timestamp': 40910.15789, 'theta': 2.366881210073477, 'phi': -1.7428596523788615, 'norm_pos': [0.32952886587359964, 0.17927496854321112], 'topic': 'pupil.1', 'id': 1, 'method': '3d c++'}"
1582184719.188334,"{'circle_3d': {'center': [-6.791178620687035, 9.639311410093146, 77.33792221639112], 'normal': [-0.11841340868439176, 0.7149181582341009, -0.6891083308674365], 'radius': 2.488644297351314}, 'confidence': 0.9974752888255526, 'timestamp': 41051.40389, 'diameter_3d': 4.977288594702628, 'ellipse': {'center': [105.57950733438383, 197.00168801974488], 'axes': [23.49757329043476, 39.983011199124164], 'angle': -78.12162358005568}, 'location': [105.57950733438383, 197.00168801974488], 'diameter': 39.983011199124164, 'sphere': {'center': [-5.370217716474333, 1.0602935112839351, 85.60722218680036], 'radius': 12.0}, 'projected_sphere': {'center': [121.10684473619725, 127.67904810135751], 'axes': [173.81711051820957, 173.81711051820957], 'angle': 90.0}, 'model_confidence': 0.7880047609394869, 'model_id': 1, 'model_birth_timestamp': 40910.15789, 'theta': 2.367303377088289, 'phi': -1.7409700742279561, 'norm_pos': [0.3299359604199495, 0.179159633251063], 'topic': 'pupil.1', 'id': 1, 'method': '3d c++'}"
1582184719.197393,"{'circle_3d': {'center': [-6.793809274166214, 9.650254587593727, 77.34974340787812], 'normal': [-0.11863262980765667, 0.7158300896924825, -0.6881232315768535], 'radius': 2.493019203691166}, 'confidence': 0.9973310888062222, 'timestamp': 41051.41229, 'diameter_3d': 4.986038407382332, 'ellipse': {'center': [105.56675325182782, 197.07691116623664], 'axes': [23.487132327354825, 40.047244065784525], 'angle': -78.12399225072643}, 'location': [105.56675325182782, 197.07691116623664], 'diameter': 40.047244065784525, 'sphere': {'center': [-5.370217716474333, 1.0602935112839351, 85.60722218680036], 'radius': 12.0}, 'projected_sphere': {'center': [121.10684473619725, 127.67904810135751], 'axes': [173.81711051820957, 173.81711051820957], 'angle': 90.0}, 'model_confidence': 0.7879408492314055, 'model_id': 1, 'model_birth_timestamp': 40910.15789, 'theta': 2.3686084828527307, 'phi': -1.7415184039610496, 'norm_pos': [0.32989610391196195, 0.17884620347401403], 'topic': 'pupil.1', 'id': 1, 'method': '3d c++'}"
1582184719.20293,"{'circle_3d': {'center': [-6.786240895870808, 9.636563425381555, 77.3342255884718], 'normal': [-0.11800193161637286, 0.7146891595081349, -0.6894163831940466], 'radius': 2.5029111990515216}, 'confidence': 0.9977331611936112, 'timestamp': 41051.42069, 'diameter_3d': 5.005822398103043, 'ellipse': {'center': [105.61663976886234, 196.98008237994915], 'axes': [23.649601568207675, 40.21429408569821], 'angle': -78.14770146868382}, 'location': [105.61663976886234, 196.98008237994915], 'diameter': 40.21429408569821, 'sphere': {'center': [-5.370217716474333, 1.0602935112839351, 85.60722218680036], 'radius': 12.0}, 'projected_sphere': {'center': [121.10684473619725, 127.67904810135751], 'axes': [173.81711051820957, 173.81711051820957], 'angle': 90.0}, 'model_confidence': 0.787530584034668, 'model_id': 1, 'model_birth_timestamp': 40910.15789, 'theta': 2.3669759203748435, 'phi': -1.7403156910323916, 'norm_pos': [0.3300519992776948, 0.17924965675021187], 'topic': 'pupil.1', 'id': 1, 'method': '3d c++'}"
1582184719.21333,"{'circle_3d': {'center': [-6.806440433567281, 9.642225693432898, 77.3435847112148], 'normal': [-0.11968522642441227, 0.7151610151790803, -0.6886364562987967], 'radius': 2.4916090768936923}, 'confidence': 0.9978549988860121, 'timestamp': 41051.42909, 'diameter_3d': 4.9832181537873845, 'ellipse': {'center': [105.4616293678757, 197.01894876486568], 'axes': [23.497727677538812, 40.02765631416784], 'angle': -78.03146602456322}, 'location': [105.4616293678757, 197.01894876486568], 'diameter': 40.02765631416784, 'sphere': {'center': [-5.370217716474333, 1.0602935112839351, 85.60722218680036], 'radius': 12.0}, 'projected_sphere': {'center': [121.10684473619725, 127.67904810135751], 'axes': [173.81711051820957, 173.81711051820957], 'angle': 90.0}, 'model_confidence': 0.7872922060240262, 'model_id': 1, 'model_birth_timestamp': 40910.15789, 'theta': 2.3676507701946403, 'phi': -1.7428777109134341, 'norm_pos': [0.3295675917746116, 0.1790877134797263], 'topic': 'pupil.1', 'id': 1, 'method': '3d c++'}"
1582184719.224213,"{'circle_3d': {'center': [-6.805199888052016, 9.6442663442678, 77.34548892011539], 'normal': [-0.11958184763147353, 0.7153310694153221, -0.6884777722237478], 'radius': 2.49831924748648}, 'confidence': 0.9976192172853803, 'timestamp': 41051.43749, 'diameter_3d': 4.99663849497296, 'ellipse': {'center': [105.47297667355701, 197.03195720184192], 'axes': [23.553084137260374, 40.13454233105881], 'angle': -78.0427058139905}, 'location': [105.47297667355701, 197.03195720184192], 'diameter': 40.13454233105881, 'sphere': {'center': [-5.370217716474333, 1.0602935112839351, 85.60722218680036], 'radius': 12.0}, 'projected_sphere': {'center': [121.10684473619725, 127.67904810135751], 'axes': [173.81711051820957, 173.81711051820957], 'angle': 90.0}, 'model_confidence': 0.786933259176481, 'model_id': 1, 'model_birth_timestamp': 40910.15789, 'theta': 2.3678940966682505, 'phi': -1.7427708399059545, 'norm_pos': [0.3296030521048657, 0.17903351165899195], 'topic': 'pupil.1', 'id': 1, 'method': '3d c++'}"
1582184719.22694,"{'circle_3d': {'center': [-6.79635254013896, 9.65083946266589, 77.35079077111439], 'normal': [-0.11884456863871885, 0.7158788292818296, -0.6880359513071639], 'radius': 2.5061820101744723}, 'confidence': 0.9977650935753256, 'timestamp': 41051.44589, 'diameter_3d': 5.012364020348945, 'ellipse': {'center': [105.54741669485892, 197.07767572060956], 'axes': [23.606156616444725, 40.25824681654068], 'angle': -78.10912794518279}, 'location': [105.54741669485892, 197.07767572060956], 'diameter': 40.25824681654068, 'sphere': {'center': [-5.370217716474333, 1.0602935112839351, 85.60722218680036], 'radius': 12.0}, 'projected_sphere': {'center': [121.10684473619725, 127.67904810135751], 'axes': [173.81711051820957, 173.81711051820957], 'angle': 90.0}, 'model_confidence': 0.7866924256014096, 'model_id': 1, 'model_birth_timestamp': 40910.15789, 'theta': 2.3686782853917365, 'phi': -1.7418387681451024, 'norm_pos': [0.32983567717143414, 0.17884301783079348], 'topic': 'pupil.1', 'id': 1, 'method': '3d c++'}"
1582184719.235169,"{'circle_3d': {'center': [-6.805805412412847, 9.636586465582207, 77.33762200726787], 'normal': [-0.11963230799487615, 0.714691079524856, -0.689133348294374], 'radius': 2.4972718136599816}, 'confidence': 0.9976470618084415, 'timestamp': 41051.45429, 'diameter_3d': 4.994543627319963, 'ellipse': {'center': [105.4626774035825, 196.97830860940195], 'axes': [23.57721139027537, 40.121752508331376], 'angle': -78.02568160464718}, 'location': [105.4626774035825, 196.97830860940195], 'diameter': 40.121752508331376, 'sphere': {'center': [-5.370217716474333, 1.0602935112839351, 85.60722218680036], 'radius': 12.0}, 'projected_sphere': {'center': [121.10684473619725, 127.67904810135751], 'axes': [173.81711051820957, 173.81711051820957], 'angle': 90.0}, 'model_confidence': 0.7865065994008824, 'model_id': 1, 'model_birth_timestamp': 40910.15789, 'theta': 2.366978665447111, 'phi': -1.742681523549732, 'norm_pos': [0.3295708668861953, 0.17925704746082516], 'topic': 'pupil.1', 'id': 1, 'method': '3d c++'}"
1582184719.2508879,"{'circle_3d': {'center': [-6.817639418962935, 9.64087285705678, 77.34413387152371], 'normal': [-0.12061847520738346, 0.7150482788144036, -0.6885906929397207], 'radius': 2.505355291585725}, 'confidence': 0.9981089119838952, 'timestamp': 41051.46269, 'diameter_3d': 5.01071058317145, 'ellipse': {'center': [105.3728634090146, 197.0045872408519], 'axes': [23.622648202316732, 40.248250074494315], 'angle': -77.9593239871694}, 'location': [105.3728634090146, 197.0045872408519], 'diameter': 40.248250074494315, 'sphere': {'center': [-5.370217716474333, 1.0602935112839351, 85.60722218680036], 'radius': 12.0}, 'projected_sphere': {'center': [121.10684473619725, 127.67904810135751], 'axes': [173.81711051820957, 173.81711051820957], 'angle': 90.0}, 'model_confidence': 0.7863654647831675, 'model_id': 1, 'model_birth_timestamp': 40910.15789, 'theta': 2.367489491858698, 'phi': -1.7442041802503552, 'norm_pos': [0.3292901981531706, 0.17914755316311715], 'topic': 'pupil.1', 'id': 1, 'method': '3d c++'}"
1582184719.2561028,"{'circle_3d': {'center': [-6.807882595595498, 9.634893691000736, 77.33622760009301], 'normal': [-0.11980540659343036, 0.7145500149763999, -0.6892495488922785], 'radius': 2.5077841883474448}, 'confidence': 0.997976400966264, 'timestamp': 41051.47109, 'diameter_3d': 5.0155683766948895, 'ellipse': {'center': [105.44532602524285, 196.96377824225388], 'axes': [23.682190802694926, 40.29144696967151], 'angle': -78.00978591544336}, 'location': [105.44532602524285, 196.96377824225388], 'diameter': 40.29144696967151, 'sphere': {'center': [-5.370217716474333, 1.0602935112839351, 85.60722218680036], 'radius': 12.0}, 'projected_sphere': {'center': [121.10684473619725, 127.67904810135751], 'axes': [173.81711051820957, 173.81711051820957], 'angle': 90.0}, 'model_confidence': 0.7861428296603745, 'model_id': 1, 'model_birth_timestamp': 40910.15789, 'theta': 2.3667770041651073, 'phi': -1.7428968983951656, 'norm_pos': [0.3295166438288839, 0.17931759065727548], 'topic': 'pupil.1', 'id': 1, 'method': '3d c++'}"
1582184719.2633111,"{'circle_3d': {'center': [-6.804955195102924, 9.629797644974913, 77.33043976426008], 'normal': [-0.1195614565523825, 0.7141253444742481, -0.6897318685450232], 'radius': 2.506448584333454}, 'confidence': 0.9977479441485017, 'timestamp': 41051.47949, 'diameter_3d': 5.012897168666908, 'ellipse': {'center': [105.4646667329809, 196.92885003176895], 'axes': [23.695434619288427, 40.27298808761124], 'angle': -78.01924401397598}, 'location': [105.4646667329809, 196.92885003176895], 'diameter': 40.27298808761124, 'sphere': {'center': [-5.370217716474333, 1.0602935112839351, 85.60722218680036], 'radius': 12.0}, 'projected_sphere': {'center': [121.10684473619725, 127.67904810135751], 'axes': [173.81711051820957, 173.81711051820957], 'angle': 90.0}, 'model_confidence': 0.7859096221151773, 'model_id': 1, 'model_birth_timestamp': 40910.15789, 'theta': 2.3661701596120173, 'phi': -1.7424355607833175, 'norm_pos': [0.3295770835405653, 0.1794631248676294], 'topic': 'pupil.1', 'id': 1, 'method': '3d c++'}"
1582184719.272646,"{'circle_3d': {'center': [-6.803581376133233, 9.638757923132298, 77.33948870332253], 'normal': [-0.11944697163824164, 0.7148720343206969, -0.6889777902898188], 'radius': 2.4945188545757233}, 'confidence': 0.9976694816033786, 'timestamp': 41051.48789, 'diameter_3d': 4.989037709151447, 'ellipse': {'center': [105.48167460076978, 196.99449101394947], 'axes': [23.543585331801356, 40.076553742450244], 'angle': -78.04330196045665}, 'location': [105.48167460076978, 196.99449101394947], 'diameter': 40.076553742450244, 'sphere': {'center': [-5.370217716474333, 1.0602935112839351, 85.60722218680036], 'radius': 12.0}, 'projected_sphere': {'center': [121.10684473619725, 127.67904810135751], 'axes': [173.81711051820957, 173.81711051820957], 'angle': 90.0}, 'model_confidence': 0.7856762759283042, 'model_id': 1, 'model_birth_timestamp': 40910.15789, 'theta': 2.3672374133855927, 'phi': -1.7424584310636486, 'norm_pos': [0.3296302331274056, 0.1791896207752105], 'topic': 'pupil.1', 'id': 1, 'method': '3d c++'}"
1582184719.2788281,"{'circle_3d': {'center': [-6.793137220497236, 9.642316137244288, 77.34137753954404], 'normal': [-0.11857662533524187, 0.7151685521633626, -0.6888203872713592], 'radius': 2.5079439892684525}, 'confidence': 0.9979173242756291, 'timestamp': 41051.49629, 'diameter_3d': 5.015887978536905, 'ellipse': {'center': [105.56661281620757, 197.01813790513967], 'axes': [23.66450374644635, 40.29145497293052], 'angle': -78.11453294693254}, 'location': [105.56661281620757, 197.01813790513967], 'diameter': 40.29145497293052, 'sphere': {'center': [-5.370217716474333, 1.0602935112839351, 85.60722218680036], 'radius': 12.0}, 'projected_sphere': {'center': [121.10684473619725, 127.67904810135751], 'axes': [173.81711051820957, 173.81711051820957], 'angle': 90.0}, 'model_confidence': 0.7854360511486136, 'model_id': 1, 'model_birth_timestamp': 40910.15789, 'theta': 2.3676615533991616, 'phi': -1.7412699851229718, 'norm_pos': [0.32989566505064866, 0.1790910920619181], 'topic': 'pupil.1', 'id': 1, 'method': '3d c++'}"
1582184719.286957,"{'circle_3d': {'center': [-6.806726979799399, 9.628018896236092, 77.32890575986742], 'normal': [-0.11970910527708879, 0.7139771154126797, -0.6898597022444114], 'radius': 2.5029200544348704}, 'confidence': 0.9979580302598742, 'timestamp': 41051.50469, 'diameter_3d': 5.005840108869741, 'ellipse': {'center': [105.44939088168323, 196.916878914688], 'axes': [23.66832728788288, 40.21704071209565], 'angle': -78.0051171478329}, 'location': [105.44939088168323, 196.916878914688], 'diameter': 40.21704071209565, 'sphere': {'center': [-5.370217716474333, 1.0602935112839351, 85.60722218680036], 'radius': 12.0}, 'projected_sphere': {'center': [121.10684473619725, 127.67904810135751], 'axes': [173.81711051820957, 173.81711051820957], 'angle': 90.0}, 'model_confidence': 0.7852174906146869, 'model_id': 1, 'model_birth_timestamp': 40910.15789, 'theta': 2.3659584320742666, 'phi': -1.7426121545490623, 'norm_pos': [0.3295293465052601, 0.17951300452213337], 'topic': 'pupil.1', 'id': 1, 'method': '3d c++'}"
1582184719.294848,"{'circle_3d': {'center': [-6.798017581049939, 9.636826184369093, 77.33652240659913], 'normal': [-0.11898332204796706, 0.7147110560904297, -0.6892249816834357], 'radius': 2.495623441954529}, 'confidence': 0.9976943855112074, 'timestamp': 41051.51309, 'diameter_3d': 4.991246883909058, 'ellipse': {'center': [105.52406474569983, 196.9816260852612], 'axes': [23.568112704461704, 40.09587427578742], 'angle': -78.07467267418984}, 'location': [105.52406474569983, 196.9816260852612], 'diameter': 40.09587427578742, 'sphere': {'center': [-5.370217716474333, 1.0602935112839351, 85.60722218680036], 'radius': 12.0}, 'projected_sphere': {'center': [121.10684473619725, 127.67904810135751], 'axes': [173.81711051820957, 173.81711051820957], 'angle': 90.0}, 'model_confidence': 0.7850375807836651, 'model_id': 1, 'model_birth_timestamp': 40910.15789, 'theta': 2.367007226653203, 'phi': -1.7417448963888964, 'norm_pos': [0.32976270233031196, 0.17924322464474496], 'topic': 'pupil.1', 'id': 1, 'method': '3d c++'}"
1582184719.302947,"{'circle_3d': {'center': [-6.806472041199537, 9.63950251946047, 77.34076307127026], 'normal': [-0.119687860393767, 0.7149340840147111, -0.688871592960842], 'radius': 2.503624537179223}, 'confidence': 0.9975466797558099, 'timestamp': 41051.52149, 'diameter_3d': 5.007249074358446, 'ellipse': {'center': [105.45964899887485, 196.99721509332363], 'axes': [23.623437641752353, 40.22224732783498], 'angle': -78.02654919198797}, 'location': [105.45964899887485, 196.99721509332363], 'diameter': 40.22224732783498, 'sphere': {'center': [-5.370217716474333, 1.0602935112839351, 85.60722218680036], 'radius': 12.0}, 'projected_sphere': {'center': [121.10684473619725, 127.67904810135751], 'axes': [173.81711051820957, 173.81711051820957], 'angle': 90.0}, 'model_confidence': 0.7846173164895665, 'model_id': 1, 'model_birth_timestamp': 40910.15789, 'theta': 2.367326154234442, 'phi': -1.7428238370393645, 'norm_pos': [0.3295614031214839, 0.17917827044448487], 'topic': 'pupil.1', 'id': 1, 'method': '3d c++'}"
1582184719.3125162,"{'circle_3d': {'center': [-6.793250069517005, 9.617376340846244, 77.31558107238858], 'normal': [-0.11858602942022263, 0.7130902357968589, -0.6909700928676482], 'radius': 2.508969695873282}, 'confidence': 0.9971978828860103, 'timestamp': 41051.52989, 'diameter_3d': 5.017939391746564, 'ellipse': {'center': [105.54790318545889, 196.8431167318351], 'axes': [23.78673821884953, 40.32128934361365], 'angle': -78.07091897972326}, 'location': [105.54790318545889, 196.8431167318351], 'diameter': 40.32128934361365, 'sphere': {'center': [-5.370217716474333, 1.0602935112839351, 85.60722218680036], 'radius': 12.0}, 'projected_sphere': {'center': [121.10684473619725, 127.67904810135751], 'axes': [173.81711051820957, 173.81711051820957], 'angle': 90.0}, 'model_confidence': 0.7841994979691846, 'model_id': 1, 'model_birth_timestamp': 40910.15789, 'theta': 2.364692583716498, 'phi': -1.7407630074313711, 'norm_pos': [0.32983719745455903, 0.17982034695068705], 'topic': 'pupil.1', 'id': 1, 'method': '3d c++'}"
1582184719.319585,"{'circle_3d': {'center': [-6.7928554643181265, 9.637573671347123, 77.33640802529266], 'normal': [-0.11855314565364945, 0.7147733466719323, -0.6892345134589752], 'radius': 2.5038395106266944}, 'confidence': 0.9978567647623285, 'timestamp': 41051.53829, 'diameter_3d': 5.007679021253389, 'ellipse': {'center': [105.56535280019298, 196.9858810775038], 'axes': [23.647423934786875, 40.22804517018486], 'angle': -78.10815162285635}, 'location': [105.56535280019298, 196.9858810775038], 'diameter': 40.22804517018486, 'sphere': {'center': [-5.370217716474333, 1.0602935112839351, 85.60722218680036], 'radius': 12.0}, 'projected_sphere': {'center': [121.10684473619725, 127.67904810135751], 'axes': [173.81711051820957, 173.81711051820957], 'angle': 90.0}, 'model_confidence': 0.7841115969303813, 'model_id': 1, 'model_birth_timestamp': 40910.15789, 'theta': 2.367096291065068, 'phi': -1.7411364401629876, 'norm_pos': [0.3298917275006031, 0.1792254955104009], 'topic': 'pupil.1', 'id': 1, 'method': '3d c++'}"
1582184719.33097,"{'circle_3d': {'center': [-6.789017638320619, 9.63175799435785, 77.32972235912464], 'normal': [-0.11823332682052375, 0.7142887069228261, -0.6897916523063092], 'radius': 2.5039387972384666}, 'confidence': 0.9977972219365884, 'timestamp': 41051.54669, 'diameter_3d': 5.007877594476933, 'ellipse': {'center': [105.59137829970496, 196.9457374626761], 'axes': [23.67831799358001, 40.23311974288158], 'angle': -78.12211814999327}, 'location': [105.59137829970496, 196.9457374626761], 'diameter': 40.23311974288158, 'sphere': {'center': [-5.370217716474333, 1.0602935112839351, 85.60722218680036], 'radius': 12.0}, 'projected_sphere': {'center': [121.10684473619725, 127.67904810135751], 'axes': [173.81711051820957, 173.81711051820957], 'angle': 90.0}, 'model_confidence': 0.7838677604619204, 'model_id': 1, 'model_birth_timestamp': 40910.15789, 'theta': 2.3664035563752104, 'phi': -1.7405511228705626, 'norm_pos': [0.329973057186578, 0.1793927605721829], 'topic': 'pupil.1', 'id': 1, 'method': '3d c++'}"
1582184719.3395221,"{'circle_3d': {'center': [-6.8084052830242365, 9.62030217636866, 77.3212178314373], 'normal': [-0.11984896387915861, 0.7133340554237271, -0.6905003629469221], 'radius': 2.5237980915649825}, 'confidence': 0.9977036020680145, 'timestamp': 41051.55509, 'diameter_3d': 5.047596183129965, 'ellipse': {'center': [105.43106443840279, 196.85785534554043], 'axes': [23.899354687878095, 40.556687260048484], 'angle': -77.981245255456}, 'location': [105.43106443840279, 196.85785534554043], 'diameter': 40.556687260048484, 'sphere': {'center': [-5.370217716474333, 1.0602935112839351, 85.60722218680036], 'radius': 12.0}, 'projected_sphere': {'center': [121.10684473619725, 127.67904810135751], 'axes': [173.81711051820957, 173.81711051820957], 'angle': 90.0}, 'model_confidence': 0.7836934996053646, 'model_id': 1, 'model_birth_timestamp': 40910.15789, 'theta': 2.3650404262788345, 'phi': -1.7426524848529725, 'norm_pos': [0.3294720763700087, 0.17975893606024818], 'topic': 'pupil.1', 'id': 1, 'method': '3d c++'}"
1582184719.348562,"{'circle_3d': {'center': [-6.791534736936212, 9.614185814096723, 77.31199558355283], 'normal': [-0.11844308503848987, 0.7128243585677323, -0.6912688836039607], 'radius': 2.5092268422227884}, 'confidence': 0.9977649777201052, 'timestamp': 41051.56349, 'diameter_3d': 5.018453684445577, 'ellipse': {'center': [105.55912828398857, 196.82095921559883], 'axes': [23.805217723347546, 40.32729211332562], 'angle': -78.07614629750366}, 'location': [105.55912828398857, 196.82095921559883], 'diameter': 40.32729211332562, 'sphere': {'center': [-5.370217716474333, 1.0602935112839351, 85.60722218680036], 'radius': 12.0}, 'projected_sphere': {'center': [121.10684473619725, 127.67904810135751], 'axes': [173.81711051820957, 173.81711051820957], 'angle': 90.0}, 'model_confidence': 0.7834049482696059, 'model_id': 1, 'model_birth_timestamp': 40910.15789, 'theta': 2.3643134131380146, 'phi': -1.7404900667579402, 'norm_pos': [0.32987227588746426, 0.17991266993500488], 'topic': 'pupil.1', 'id': 1, 'method': '3d c++'}"
1582184719.355585,"{'circle_3d': {'center': [-6.814557361616446, 9.60648130564074, 77.30803203516162], 'normal': [-0.12036163709517601, 0.7121823161964004, -0.6915991793032288], 'radius': 2.518265131986859}, 'confidence': 0.9975795713405624, 'timestamp': 41051.57189, 'diameter_3d': 5.036530263973718, 'ellipse': {'center': [105.37269164868908, 196.76114340803684], 'axes': [23.903332451427193, 40.47453105900862], 'angle': -77.91880912692469}, 'location': [105.37269164868908, 196.76114340803684], 'diameter': 40.47453105900862, 'sphere': {'center': [-5.370217716474333, 1.0602935112839351, 85.60722218680036], 'radius': 12.0}, 'projected_sphere': {'center': [121.10684473619725, 127.67904810135751], 'axes': [173.81711051820957, 173.81711051820957], 'angle': 90.0}, 'model_confidence': 0.7830749120976588, 'model_id': 1, 'model_birth_timestamp': 40910.15789, 'theta': 2.3633983909292753, 'phi': -1.7431043556991428, 'norm_pos': [0.3292896614021534, 0.1801619024665132], 'topic': 'pupil.1', 'id': 1, 'method': '3d c++'}"
1582184719.363339,"{'circle_3d': {'center': [-6.78643743330515, 9.594494610287034, 77.29086882036421], 'normal': [-0.11801830973590138, 0.7111834249169249, -0.6930294472030128], 'radius': 2.515690487638112}, 'confidence': 0.9975088883357672, 'timestamp': 41051.58029, 'diameter_3d': 5.031380975276224, 'ellipse': {'center': [105.58536261778409, 196.68213017815003], 'axes': [23.960306328375506, 40.442233885256556], 'angle': -78.07409615751332}, 'location': [105.58536261778409, 196.68213017815003], 'diameter': 40.442233885256556, 'sphere': {'center': [-5.370217716474333, 1.0602935112839351, 85.60722218680036], 'radius': 12.0}, 'projected_sphere': {'center': [121.10684473619725, 127.67904810135751], 'axes': [173.81711051820957, 173.81711051820957], 'angle': 90.0}, 'model_confidence': 0.782906761450286, 'model_id': 1, 'model_birth_timestamp': 40910.15789, 'theta': 2.3619764829349466, 'phi': -1.7394715853687004, 'norm_pos': [0.3299542581805753, 0.1804911242577082], 'topic': 'pupil.1', 'id': 1, 'method': '3d c++'}"
1582184719.371113,"{'circle_3d': {'center': [-6.771444745145131, 9.603380963895704, 77.29745566835052], 'normal': [-0.11676891905589983, 0.7119239543843141, -0.6924805432041523], 'radius': 2.5093202415421856}, 'confidence': 0.9977231269103185, 'timestamp': 41051.58869, 'diameter_3d': 5.018640483084371, 'ellipse': {'center': [105.70954999713146, 196.7483382772232], 'axes': [23.874082861154285, 40.33646191284474], 'angle': -78.18337655414959}, 'location': [105.70954999713146, 196.7483382772232], 'diameter': 40.33646191284474, 'sphere': {'center': [-5.370217716474333, 1.0602935112839351, 85.60722218680036], 'radius': 12.0}, 'projected_sphere': {'center': [121.10684473619725, 127.67904810135751], 'axes': [173.81711051820957, 173.81711051820957], 'angle': 90.0}, 'model_confidence': 0.7826077115065888, 'model_id': 1, 'model_birth_timestamp': 40910.15789, 'theta': 2.3630304199782612, 'phi': -1.7378489423029173, 'norm_pos': [0.3303423437410358, 0.1802152571782366], 'topic': 'pupil.1', 'id': 1, 'method': '3d c++'}"
1582184719.380987,"{'circle_3d': {'center': [-6.789895345098965, 9.593624281346267, 77.29056532244132], 'normal': [-0.11830646905205261, 0.7111108975051943, -0.6930547386965857], 'radius': 2.5247238064919757}, 'confidence': 0.9975184801190582, 'timestamp': 41051.59709, 'diameter_3d': 5.049447612983951, 'ellipse': {'center': [105.55770253709454, 196.67343701194343], 'axes': [24.047004103834077, 40.587668300918935], 'angle': -78.05090006350017}, 'location': [105.55770253709454, 196.67343701194343], 'diameter': 40.587668300918935, 'sphere': {'center': [-5.370217716474333, 1.0602935112839351, 85.60722218680036], 'radius': 12.0}, 'projected_sphere': {'center': [121.10684473619725, 127.67904810135751], 'axes': [173.81711051820957, 173.81711051820957], 'angle': 90.0}, 'model_confidence': 0.7824290580582427, 'model_id': 1, 'model_birth_timestamp': 40910.15789, 'theta': 2.361873320833718, 'phi': -1.73986958272325, 'norm_pos': [0.32986782042842044, 0.180527345783569], 'topic': 'pupil.1', 'id': 1, 'method': '3d c++'}"
1582184719.3870971,"{'circle_3d': {'center': [-6.778793536572425, 9.606328046311642, 77.3017295532988], 'normal': [-0.11738131834150763, 0.7121695445856422, -0.6921243861251304], 'radius': 2.5212174972385712}, 'confidence': 0.9980884760977932, 'timestamp': 41051.60549, 'diameter_3d': 5.0424349944771425, 'ellipse': {'center': [105.65402120595013, 196.76519103443158], 'axes': [23.966997611578023, 40.525537649977515], 'angle': -78.14236200437175}, 'location': [105.65402120595013, 196.76519103443158], 'diameter': 40.525537649977515, 'sphere': {'center': [-5.370217716474333, 1.0602935112839351, 85.60722218680036], 'radius': 12.0}, 'projected_sphere': {'center': [121.10684473619725, 127.67904810135751], 'axes': [173.81711051820957, 173.81711051820957], 'angle': 90.0}, 'model_confidence': 0.7822331440979546, 'model_id': 1, 'model_birth_timestamp': 40910.15789, 'theta': 2.3633801977782136, 'phi': -1.7387935118104854, 'norm_pos': [0.3301688162685942, 0.1801450373565351], 'topic': 'pupil.1', 'id': 1, 'method': '3d c++'}"
1582184719.395926,"{'circle_3d': {'center': [-6.781362046381224, 9.595523950440729, 77.29106243420644], 'normal': [-0.11759536082557417, 0.7112692032630661, -0.6930133127161601], 'radius': 2.512047282782182}, 'confidence': 0.9972119905285612, 'timestamp': 41051.61389, 'diameter_3d': 5.024094565564364, 'ellipse': {'center': [105.62597074639453, 196.69098580128593], 'axes': [23.925844828127474, 40.38356830151953], 'angle': -78.10769874254663}, 'location': [105.62597074639453, 196.69098580128593], 'diameter': 40.38356830151953, 'sphere': {'center': [-5.370217716474333, 1.0602935112839351, 85.60722218680036], 'radius': 12.0}, 'projected_sphere': {'center': [121.10684473619725, 127.67904810135751], 'axes': [173.81711051820957, 173.81711051820957], 'angle': 90.0}, 'model_confidence': 0.7818689810692114, 'model_id': 1, 'model_birth_timestamp': 40910.15789, 'theta': 2.3620985069010323, 'phi': -1.7388822750318742, 'norm_pos': [0.3300811585824829, 0.18045422582797532], 'topic': 'pupil.1', 'id': 1, 'method': '3d c++'}"
1582184719.4036858,"{'circle_3d': {'center': [-6.794162919536044, 9.58996347470482, 77.28754007906372], 'normal': [-0.1186621002551425, 0.7108058302850737, -0.6933068423113863], 'radius': 2.5267554158448067}, 'confidence': 0.9974729547326617, 'timestamp': 41051.62229, 'diameter_3d': 5.053510831689613, 'ellipse': {'center': [105.52156017450864, 196.6465814535827], 'axes': [24.078748488584214, 40.62189469548496], 'angle': -78.01780895428783}, 'location': [105.52156017450864, 196.6465814535827], 'diameter': 40.62189469548496, 'sphere': {'center': [-5.370217716474333, 1.0602935112839351, 85.60722218680036], 'radius': 12.0}, 'projected_sphere': {'center': [121.10684473619725, 127.67904810135751], 'axes': [173.81711051820957, 173.81711051820957], 'angle': 90.0}, 'model_confidence': 0.781504641103481, 'model_id': 1, 'model_birth_timestamp': 40910.15789, 'theta': 2.361439514753808, 'phi': -1.7403076609907708, 'norm_pos': [0.3297548755453395, 0.18063924394340536], 'topic': 'pupil.1', 'id': 1, 'method': '3d c++'}"
1582184719.415221,"{'circle_3d': {'center': [-6.779096501767843, 9.594657642041243, 77.28978932250905], 'normal': [-0.11740656544112583, 0.7111970108964423, -0.6931194053576083], 'radius': 2.53792104244242}, 'confidence': 0.9979736999100026, 'timestamp': 41051.63069, 'diameter_3d': 5.07584208488484, 'ellipse': {'center': [105.64367558387893, 196.67944677650647], 'axes': [24.17868965966511, 40.800429881151366], 'angle': -78.12037097843628}, 'location': [105.64367558387893, 196.67944677650647], 'diameter': 40.800429881151366, 'sphere': {'center': [-5.370217716474333, 1.0602935112839351, 85.60722218680036], 'radius': 12.0}, 'projected_sphere': {'center': [121.10684473619725, 127.67904810135751], 'axes': [173.81711051820957, 173.81711051820957], 'angle': 90.0}, 'model_confidence': 0.7814403132863301, 'model_id': 1, 'model_birth_timestamp': 40910.15789, 'theta': 2.3619958086628965, 'phi': -1.7385922528626407, 'norm_pos': [0.33013648619962166, 0.18050230509788967], 'topic': 'pupil.1', 'id': 1, 'method': '3d c++'}"
1582184719.4234319,"{'circle_3d': {'center': [-6.755966776531929, 9.601357179908069, 77.29278107803914], 'normal': [-0.11547908833813295, 0.7117553057186777, -0.6928700923967677], 'radius': 2.5194661489061634}, 'confidence': 0.9974114643069089, 'timestamp': 41051.63909, 'diameter_3d': 5.038932297812327, 'ellipse': {'center': [105.83014950086705, 196.73430258217812], 'axes': [23.994676903360528, 40.502182712797286], 'angle': -78.27697440287037}, 'location': [105.83014950086705, 196.73430258217812], 'diameter': 40.502182712797286, 'sphere': {'center': [-5.370217716474333, 1.0602935112839351, 85.60722218680036], 'radius': 12.0}, 'projected_sphere': {'center': [121.10684473619725, 127.67904810135751], 'axes': [173.81711051820957, 173.81711051820957], 'angle': 90.0}, 'model_confidence': 0.7811951329855016, 'model_id': 1, 'model_birth_timestamp': 40910.15789, 'theta': 2.3627902967082646, 'phi': -1.73594604281097, 'norm_pos': [0.3307192171902095, 0.1802737392409245], 'topic': 'pupil.1', 'id': 1, 'method': '3d c++'}"
1582184719.431673,"{'circle_3d': {'center': [-6.744039623761784, 9.605149018334574, 77.2946980376214], 'normal': [-0.11448515894062089, 0.7120712922542198, -0.6927103457649135], 'radius': 2.506797835627393}, 'confidence': 0.9971195954957207, 'timestamp': 41051.64749, 'diameter_3d': 5.013595671254786, 'ellipse': {'center': [105.9265135993528, 196.76562166236278], 'axes': [23.868158717437677, 40.29750860347758], 'angle': -78.35829078624133}, 'location': [105.9265135993528, 196.76562166236278], 'diameter': 40.29750860347758, 'sphere': {'center': [-5.370217716474333, 1.0602935112839351, 85.60722218680036], 'radius': 12.0}, 'projected_sphere': {'center': [121.10684473619725, 127.67904810135751], 'axes': [173.81711051820957, 173.81711051820957], 'angle': 90.0}, 'model_confidence': 0.780750771368055, 'model_id': 1, 'model_birth_timestamp': 40910.15789, 'theta': 2.363240248622995, 'phi': -1.7345870712204208, 'norm_pos': [0.3310203549979775, 0.1801432430734884], 'topic': 'pupil.1', 'id': 1, 'method': '3d c++'}"
1582184719.439678,"{'circle_3d': {'center': [-6.7205915134096195, 9.584667533302545, 77.26986420352503], 'normal': [-0.1125311497446072, 0.7103645018348841, -0.6947798319396107], 'radius': 2.5030221106645163}, 'confidence': 0.9968162321749658, 'timestamp': 41051.65589, 'diameter_3d': 5.006044221329033, 'ellipse': {'center': [106.09674512725292, 196.6262118247343], 'axes': [23.945727850367433, 40.249775258206725], 'angle': -78.47108235680126}, 'location': [106.09674512725292, 196.6262118247343], 'diameter': 40.249775258206725, 'sphere': {'center': [-5.370217716474333, 1.0602935112839351, 85.60722218680036], 'radius': 12.0}, 'projected_sphere': {'center': [121.10684473619725, 127.67904810135751], 'axes': [173.81711051820957, 173.81711051820957], 'angle': 90.0}, 'model_confidence': 0.7803477573772089, 'model_id': 1, 'model_birth_timestamp': 40910.15789, 'theta': 2.3608122813056904, 'phi': -1.7313685419383662, 'norm_pos': [0.33155232852266536, 0.1807241173969404], 'topic': 'pupil.1', 'id': 1, 'method': '3d c++'}"
1582184719.450242,"{'circle_3d': {'center': [-6.706837904346536, 9.589957026214298, 77.27305835379117], 'normal': [-0.11138501565601686, 0.7108052929108635, -0.6945136527507653], 'radius': 2.511487212243772}, 'confidence': 0.9967715652803294, 'timestamp': 41051.66429, 'diameter_3d': 5.022974424487544, 'ellipse': {'center': [106.20897012962014, 196.6635763410502], 'axes': [24.015854668509924, 40.38441037085473], 'angle': -78.56657103496656}, 'location': [106.20897012962014, 196.6635763410502], 'diameter': 40.38441037085473, 'sphere': {'center': [-5.370217716474333, 1.0602935112839351, 85.60722218680036], 'radius': 12.0}, 'projected_sphere': {'center': [121.10684473619725, 127.67904810135751], 'axes': [173.81711051820957, 173.81711051820957], 'angle': 90.0}, 'model_confidence': 0.7798510152320581, 'model_id': 1, 'model_birth_timestamp': 40910.15789, 'theta': 2.361438750774625, 'phi': -1.7298205601953829, 'norm_pos': [0.33190303165506296, 0.18056843191229077], 'topic': 'pupil.1', 'id': 1, 'method': '3d c++'}"
1582184719.455234,"{'circle_3d': {'center': [-6.831356691477829, 9.662766299811429, 77.36935020318894], 'normal': [-0.12176158125029132, 0.716872732377291, -0.6864893319676174], 'radius': 2.5020492764571576}, 'confidence': 0.9979886704522984, 'timestamp': 41051.67269, 'diameter_3d': 5.004098552914315, 'ellipse': {'center': [105.28080181140666, 197.15623460396287], 'axes': [23.4788540815194, 40.18201302038636], 'angle': -77.91197627075015}, 'location': [105.28080181140666, 197.15623460396287], 'diameter': 40.18201302038636, 'sphere': {'center': [-5.370217716474333, 1.0602935112839351, 85.60722218680036], 'radius': 12.0}, 'projected_sphere': {'center': [121.10684473619725, 127.67904810135751], 'axes': [173.81711051820957, 173.81711051820957], 'angle': 90.0}, 'model_confidence': 0.7796801489131977, 'model_id': 1, 'model_birth_timestamp': 40910.15789, 'theta': 2.3701027981739933, 'phi': -1.7463391828335455, 'norm_pos': [0.3290025056606458, 0.1785156891501547], 'topic': 'pupil.1', 'id': 1, 'method': '3d c++'}"
1582184719.464183,"{'circle_3d': {'center': [-6.901865121320628, 9.78034571297224, 77.50692923981019], 'normal': [-0.12763728373719122, 0.7266710168073587, -0.6750244122491803], 'radius': 2.4848915175379767}, 'confidence': 0.9624081193064727, 'timestamp': 41051.68109, 'diameter_3d': 4.969783035075953, 'ellipse': {'center': [104.81404473357618, 197.96679809871873], 'axes': [22.711127080958303, 39.83551796217157], 'angle': -77.6823060645677}, 'location': [104.81404473357618, 197.96679809871873], 'diameter': 39.83551796217157, 'sphere': {'center': [-5.370217716474333, 1.0602935112839351, 85.60722218680036], 'radius': 12.0}, 'projected_sphere': {'center': [121.10684473619725, 127.67904810135751], 'axes': [173.81711051820957, 173.81711051820957], 'angle': 90.0}, 'model_confidence': 0.7790219515878549, 'model_id': 1, 'model_birth_timestamp': 40910.15789, 'theta': 2.3842599921528738, 'phi': -1.7576754246556334, 'norm_pos': [0.32754388979242555, 0.17513834125533867], 'topic': 'pupil.1', 'id': 1, 'method': '3d c++'}"
1582184719.472369,"{'circle_3d': {'center': [-7.238005739775709, 10.015110385627455, 77.84045821156688], 'normal': [-0.15564900194178136, 0.7462347395286267, -0.6472303312694563], 'radius': 2.4966602266892632}, 'confidence': 0.5085925175068949, 'timestamp': 41051.68949, 'diameter_3d': 4.9933204533785265, 'ellipse': {'center': [102.37902358465081, 199.50992238694903], 'axes': [21.32367507978593, 39.851728605555934], 'angle': -76.09520935075561}, 'location': [102.37902358465081, 199.50992238694903], 'diameter': 39.851728605555934, 'sphere': {'center': [-5.370217716474333, 1.0602935112839351, 85.60722218680036], 'radius': 12.0}, 'projected_sphere': {'center': [121.10684473619725, 127.67904810135751], 'axes': [173.81711051820957, 173.81711051820957], 'angle': 90.0}, 'model_confidence': 0.7790219515878549, 'model_id': 1, 'model_birth_timestamp': 40910.15789, 'theta': 2.4131840909822992, 'phi': -1.8067995733481188, 'norm_pos': [0.3199344487020338, 0.16870865672104574], 'topic': 'pupil.1', 'id': 1, 'method': '3d c++'}"
1582184719.4792051,"{'circle_3d': {'center': [-7.174641987935249, 10.157950219945272, 77.99297925267275], 'normal': [-0.15036868928840966, 0.7581380590551113, -0.6345202445106336], 'radius': 2.475283054628311}, 'confidence': 0.44545469164841395, 'timestamp': 41051.69789, 'diameter_3d': 4.950566109256622, 'ellipse': {'center': [102.99094199397436, 200.4979697276027], 'axes': [20.517721999893475, 39.43401045128591], 'angle': -76.72889053808413}, 'location': [102.99094199397436, 200.4979697276027], 'diameter': 39.43401045128591, 'sphere': {'center': [-5.370217716474333, 1.0602935112839351, 85.60722218680036], 'radius': 12.0}, 'projected_sphere': {'center': [121.10684473619725, 127.67904810135751], 'axes': [173.81711051820957, 173.81711051820957], 'angle': 90.0}, 'model_confidence': 0.7790219515878549, 'model_id': 1, 'model_birth_timestamp': 40910.15789, 'theta': 2.4312493570894826, 'phi': -1.8034839570313914, 'norm_pos': [0.32184669373116986, 0.16459179280165537], 'topic': 'pupil.1', 'id': 1, 'method': '3d c++'}"
1582184719.487967,"{'circle_3d': {'center': [-7.161580051486453, 10.229200371642975, 78.07581010334874], 'normal': [-0.14928019458434327, 0.7640755716965864, -0.6276176736209675], 'radius': 2.504120976091009}, 'confidence': 0.4529493075935105, 'timestamp': 41051.70629, 'diameter_3d': 5.008241952182018, 'ellipse': {'center': [103.1542055695121, 200.97472023966333], 'axes': [20.412181482545567, 39.85176570441602], 'angle': -76.93267446604852}, 'location': [103.1542055695121, 200.97472023966333], 'diameter': 39.85176570441602, 'sphere': {'center': [-5.370217716474333, 1.0602935112839351, 85.60722218680036], 'radius': 12.0}, 'projected_sphere': {'center': [121.10684473619725, 127.67904810135751], 'axes': [173.81711051820957, 173.81711051820957], 'angle': 90.0}, 'model_confidence': 0.7790219515878549, 'model_id': 1, 'model_birth_timestamp': 40910.15789, 'theta': 2.4404034981139926, 'phi': -1.8043094203338235, 'norm_pos': [0.3223568924047253, 0.16260533233473617], 'topic': 'pupil.1', 'id': 1, 'method': '3d c++'}"
1582184719.501399,"{'circle_3d': {'center': [-7.167580783406095, 10.230091047097448, 78.07832458105368], 'normal': [-0.1497802555776468, 0.7641497946511261, -0.6274081338122233], 'radius': 2.484193804324001}, 'confidence': 0.30098527111325274, 'timestamp': 41051.71469, 'diameter_3d': 4.968387608648002, 'ellipse': {'center': [103.1081336975787, 200.9833391725644], 'axes': [20.23781612866499, 39.53313452536072], 'angle': -76.899652441863}, 'location': [103.1081336975787, 200.9833391725644], 'diameter': 39.53313452536072, 'sphere': {'center': [-5.370217716474333, 1.0602935112839351, 85.60722218680036], 'radius': 12.0}, 'projected_sphere': {'center': [121.10684473619725, 127.67904810135751], 'axes': [173.81711051820957, 173.81711051820957], 'angle': 90.0}, 'model_confidence': 0.7790219515878549, 'model_id': 1, 'model_birth_timestamp': 40910.15789, 'theta': 2.44051855769359, 'phi': -1.8051387904960512, 'norm_pos': [0.32221291780493344, 0.16256942011431497], 'topic': 'pupil.1', 'id': 1, 'method': '3d c++'}"
1582184719.508518,"{'circle_3d': {'center': [-7.3218376498417665, 10.237419023887378, 78.12580875339047], 'normal': [-0.16263499444728613, 0.7647604593836204, -0.6234511194508238], 'radius': 2.4964159741959095}, 'confidence': 0.2901957516761789, 'timestamp': 41051.72309, 'diameter_3d': 4.992831948391819, 'ellipse': {'center': [101.92243530400359, 200.99203806359435], 'axes': [20.106454587080478, 39.702738404663044], 'angle': -76.0267869363474}, 'location': [101.92243530400359, 200.99203806359435], 'diameter': 39.702738404663044, 'sphere': {'center': [-5.370217716474333, 1.0602935112839351, 85.60722218680036], 'radius': 12.0}, 'projected_sphere': {'center': [121.10684473619725, 127.67904810135751], 'axes': [173.81711051820957, 173.81711051820957], 'angle': 90.0}, 'model_confidence': 0.7790219515878549, 'model_id': 1, 'model_birth_timestamp': 40910.15789, 'theta': 2.4414657993465982, 'phi': -1.8259720675180735, 'norm_pos': [0.3185076103250112, 0.1625331747350235], 'topic': 'pupil.1', 'id': 1, 'method': '3d c++'}"
1582184719.517899,"{'circle_3d': {'center': [-7.315456565628918, 10.244775541259832, 78.13317805655939], 'normal': [-0.16210323742954877, 0.7653735024979916, -0.6228370108534143], 'radius': 2.4704460656534177}, 'confidence': 0.3352933326823078, 'timestamp': 41051.73149, 'diameter_3d': 4.9408921313068355, 'ellipse': {'center': [101.97768942195641, 201.0481486275579], 'axes': [19.868018847530507, 39.28582301416818], 'angle': -76.07705195605918}, 'location': [101.97768942195641, 201.0481486275579], 'diameter': 39.28582301416818, 'sphere': {'center': [-5.370217716474333, 1.0602935112839351, 85.60722218680036], 'radius': 12.0}, 'projected_sphere': {'center': [121.10684473619725, 127.67904810135751], 'axes': [173.81711051820957, 173.81711051820957], 'angle': 90.0}, 'model_confidence': 0.7790219515878549, 'model_id': 1, 'model_birth_timestamp': 40910.15789, 'theta': 2.4424178027028907, 'phi': -1.8254134359132148, 'norm_pos': [0.31868027944361377, 0.1622993807185087], 'topic': 'pupil.1', 'id': 1, 'method': '3d c++'}"
1582184719.5225348,"{'circle_3d': {'center': [-7.378103504889387, 9.641745520052352, 77.46307851899309], 'normal': [-0.16732381570125446, 0.7151210007307014, -0.6786786389839398], 'radius': 2.2393790570297023}, 'confidence': 0.7193157554623157, 'timestamp': 41051.73989, 'diameter_3d': 4.478758114059405, 'ellipse': {'center': [100.97927380145663, 196.95394007952876], 'axes': [20.541728360559176, 35.91487415250737], 'angle': -74.52486155347388}, 'location': [100.97927380145663, 196.95394007952876], 'diameter': 35.91487415250737, 'sphere': {'center': [-5.370217716474333, 1.0602935112839351, 85.60722218680036], 'radius': 12.0}, 'projected_sphere': {'center': [121.10684473619725, 127.67904810135751], 'axes': [173.81711051820957, 173.81711051820957], 'angle': 90.0}, 'model_confidence': 0.7788061257587131, 'model_id': 1, 'model_birth_timestamp': 40910.15789, 'theta': 2.3675935232974696, 'phi': -1.812519189056686, 'norm_pos': [0.31556023062955196, 0.1793585830019635], 'topic': 'pupil.1', 'id': 1, 'method': '3d c++'}"
1582184719.532019,"{'circle_3d': {'center': [-7.253484340056143, 10.178212709074883, 78.0364325102172], 'normal': [-0.15693888529848404, 0.759826599815912, -0.6308991397152632], 'radius': 2.47494447880522}, 'confidence': 0.467651423999286, 'timestamp': 41051.74829, 'diameter_3d': 4.94988895761044, 'ellipse': {'center': [102.39788611894338, 200.61583058884563], 'axes': [20.317677302368153, 39.40627966137004], 'angle': -76.30941498365671}, 'location': [102.39788611894338, 200.61583058884563], 'diameter': 39.40627966137004, 'sphere': {'center': [-5.370217716474333, 1.0602935112839351, 85.60722218680036], 'radius': 12.0}, 'projected_sphere': {'center': [121.10684473619725, 127.67904810135751], 'axes': [173.81711051820957, 173.81711051820957], 'angle': 90.0}, 'model_confidence': 0.7788061257587131, 'model_id': 1, 'model_birth_timestamp': 40910.15789, 'theta': 2.433842682323862, 'phi': -1.8146022402433328, 'norm_pos': [0.319993394121698, 0.16410070587980985], 'topic': 'pupil.1', 'id': 1, 'method': '3d c++'}"
1582184719.540542,"{'circle_3d': {'center': [-7.007707641008321, 10.058024166348813, 77.83808646871978], 'normal': [-0.13645749371116564, 0.7498108879220731, -0.6474279765067151], 'radius': 2.5536519476140316}, 'confidence': 0.9208722928300715, 'timestamp': 41051.75669, 'diameter_3d': 5.107303895228063, 'ellipse': {'center': [104.20591480639291, 199.84066689334264], 'axes': [21.87216000502398, 40.76483547007335], 'angle': -77.53000665866553}, 'location': [104.20591480639291, 199.84066689334264], 'diameter': 40.76483547007335, 'sphere': {'center': [-5.370217716474333, 1.0602935112839351, 85.60722218680036], 'radius': 12.0}, 'projected_sphere': {'center': [121.10684473619725, 127.67904810135751], 'axes': [173.81711051820957, 173.81711051820957], 'angle': 90.0}, 'model_confidence': 0.7784034309338494, 'model_id': 1, 'model_birth_timestamp': 40910.15789, 'theta': 2.418572541514955, 'phi': -1.7785245516232764, 'norm_pos': [0.32564348376997787, 0.16733055461107227], 'topic': 'pupil.1', 'id': 1, 'method': '3d c++'}"
1582184719.547155,"{'circle_3d': {'center': [-7.080479762816758, 10.008386493839007, 77.7965477147468], 'normal': [-0.14252183719520206, 0.7456744152129227, -0.6508895393377974], 'radius': 2.5428978649007092}, 'confidence': 0.8001930794634813, 'timestamp': 41051.76509, 'diameter_3d': 5.0857957298014185, 'ellipse': {'center': [103.59879820242382, 199.48933310732903], 'axes': [21.942965941613544, 40.614078247504736], 'angle': -77.01141753193929}, 'location': [103.59879820242382, 199.48933310732903], 'diameter': 40.614078247504736, 'sphere': {'center': [-5.370217716474333, 1.0602935112839351, 85.60722218680036], 'radius': 12.0}, 'projected_sphere': {'center': [121.10684473619725, 127.67904810135751], 'axes': [173.81711051820957, 173.81711051820957], 'angle': 90.0}, 'model_confidence': 0.7781486336779109, 'model_id': 1, 'model_birth_timestamp': 40910.15789, 'theta': 2.4123427590496003, 'phi': -1.7863589193093456, 'norm_pos': [0.32374624438257443, 0.1687944453861291], 'topic': 'pupil.1', 'id': 1, 'method': '3d c++'}"
1582184719.5550761,"{'circle_3d': {'center': [-7.196602237531481, 9.981871885704338, 77.79250793160733], 'normal': [-0.15219871008809563, 0.7434648645350335, -0.6512261879327522], 'radius': 2.4775801550235332}, 'confidence': 0.9983178073207706, 'timestamp': 41051.77349, 'diameter_3d': 4.9551603100470665, 'ellipse': {'center': [102.67250605671562, 199.29655019592934], 'axes': [21.37076030579242, 39.571477273404035], 'angle': -76.2764998749463}, 'location': [102.67250605671562, 199.29655019592934], 'diameter': 39.571477273404035, 'sphere': {'center': [-5.370217716474333, 1.0602935112839351, 85.60722218680036], 'radius': 12.0}, 'projected_sphere': {'center': [121.10684473619725, 127.67904810135751], 'axes': [173.81711051820957, 173.81711051820957], 'angle': 90.0}, 'model_confidence': 0.7781984412959297, 'model_id': 1, 'model_birth_timestamp': 40910.15789, 'theta': 2.4090327857376943, 'phi': -1.8003863769319872, 'norm_pos': [0.3208515814272363, 0.16959770751696113], 'topic': 'pupil.1', 'id': 1, 'method': '3d c++'}"
1582184719.56374,"{'circle_3d': {'center': [-7.210820108190656, 9.99395491423749, 77.80966636635341], 'normal': [-0.1533835326430269, 0.7444717835794628, -0.6497963183705792], 'radius': 2.5150604781775896}, 'confidence': 0.9986020518565353, 'timestamp': 41051.78189, 'diameter_3d': 5.030120956355179, 'ellipse': {'center': [102.57291626670265, 199.36799590518888], 'axes': [21.618137604191872, 40.16157320430479], 'angle': -76.21524797605525}, 'location': [102.57291626670265, 199.36799590518888], 'diameter': 40.16157320430479, 'sphere': {'center': [-5.370217716474333, 1.0602935112839351, 85.60722218680036], 'radius': 12.0}, 'projected_sphere': {'center': [121.10684473619725, 127.67904810135751], 'axes': [173.81711051820957, 173.81711051820957], 'angle': 90.0}, 'model_confidence': 0.7781611289507162, 'model_id': 1, 'model_birth_timestamp': 40910.15789, 'theta': 2.410539665509868, 'phi': -1.802601807789227, 'norm_pos': [0.32054036333344577, 0.16930001706171305], 'topic': 'pupil.1', 'id': 1, 'method': '3d c++'}"
1582184719.5710459,"{'circle_3d': {'center': [-7.189658344791313, 10.02638963467468, 77.8419948169066], 'normal': [-0.15162005235974835, 0.7471746769492287, -0.6471022808244791], 'radius': 2.5086062690461897}, 'confidence': 0.9989075804018159, 'timestamp': 41051.79029, 'diameter_3d': 5.017212538092379, 'ellipse': {'center': [102.7640571411383, 199.59543171432907], 'axes': [21.42976543900405, 40.042079531491545], 'angle': -76.40015374977548}, 'location': [102.7640571411383, 199.59543171432907], 'diameter': 40.042079531491545, 'sphere': {'center': [-5.370217716474333, 1.0602935112839351, 85.60722218680036], 'radius': 12.0}, 'projected_sphere': {'center': [121.10684473619725, 127.67904810135751], 'axes': [173.81711051820957, 173.81711051820957], 'angle': 90.0}, 'model_confidence': 0.7783311391897585, 'model_id': 1, 'model_birth_timestamp': 40910.15789, 'theta': 2.4145972004582945, 'phi': -1.8009506603159013, 'norm_pos': [0.3211376785660572, 0.16835236785696217], 'topic': 'pupil.1', 'id': 1, 'method': '3d c++'}"
1582184719.58498,"{'circle_3d': {'center': [-7.189089341368396, 10.043343191114916, 77.86147984265776], 'normal': [-0.1515726354078385, 0.7485874733192484, -0.6454785286785504], 'radius': 2.5021040036715236}, 'confidence': 0.9981965656774395, 'timestamp': 41051.79869, 'diameter_3d': 5.004208007343047, 'ellipse': {'center': [102.78246599649594, 199.71237568443826], 'axes': [21.291779840317915, 39.92830963926377], 'angle': -76.4348689681524}, 'location': [102.78246599649594, 199.71237568443826], 'diameter': 39.92830963926377, 'sphere': {'center': [-5.370217716474333, 1.0602935112839351, 85.60722218680036], 'radius': 12.0}, 'projected_sphere': {'center': [121.10684473619725, 127.67904810135751], 'axes': [173.81711051820957, 173.81711051820957], 'angle': 90.0}, 'model_confidence': 0.7781327573424757, 'model_id': 1, 'model_birth_timestamp': 40910.15789, 'theta': 2.4167254438870995, 'phi': -1.8014397082059763, 'norm_pos': [0.32119520623904985, 0.16786510131484056], 'topic': 'pupil.1', 'id': 1, 'method': '3d c++'}"
1582184719.591871,"{'circle_3d': {'center': [-7.201820604015772, 10.058814526676038, 77.88246650147953], 'normal': [-0.15263357396178656, 0.7498767512826752, -0.6437296404434029], 'radius': 2.527715850245969}, 'confidence': 0.9982463806626226, 'timestamp': 41051.80709, 'diameter_3d': 5.055431700491938, 'ellipse': {'center': [102.6971904378877, 199.80931636162194], 'axes': [21.417545449053325, 40.326392646411044], 'angle': -76.38882123033807}, 'location': [102.6971904378877, 199.80931636162194], 'diameter': 40.326392646411044, 'sphere': {'center': [-5.370217716474333, 1.0602935112839351, 85.60722218680036], 'radius': 12.0}, 'projected_sphere': {'center': [121.10684473619725, 127.67904810135751], 'axes': [173.81711051820957, 173.81711051820957], 'angle': 90.0}, 'model_confidence': 0.7780063130831127, 'model_id': 1, 'model_birth_timestamp': 40910.15789, 'theta': 2.41867209090988, 'phi': -1.8036052112536274, 'norm_pos': [0.32092872011839907, 0.1674611818265752], 'topic': 'pupil.1', 'id': 1, 'method': '3d c++'}"
1582184719.604481,"{'circle_3d': {'center': [-7.22009684248018, 10.057665515233206, 77.88548376584114], 'normal': [-0.1541565938338205, 0.7497810003291059, -0.6434782017466013], 'radius': 2.5328816672593946}, 'confidence': 0.9984271691833467, 'timestamp': 41051.81549, 'diameter_3d': 5.065763334518789, 'ellipse': {'center': [102.55455030850501, 199.79618313233485], 'axes': [21.444468436892915, 40.40717587175591], 'angle': -76.27972568916493}, 'location': [102.55455030850501, 199.79618313233485], 'diameter': 40.40717587175591, 'sphere': {'center': [-5.370217716474333, 1.0602935112839351, 85.60722218680036], 'radius': 12.0}, 'projected_sphere': {'center': [121.10684473619725, 127.67904810135751], 'axes': [173.81711051820957, 173.81711051820957], 'angle': 90.0}, 'model_confidence': 0.7780265399879749, 'model_id': 1, 'model_birth_timestamp': 40910.15789, 'theta': 2.4185273715176434, 'phi': -1.8059325132922182, 'norm_pos': [0.3204829697140782, 0.16751590361527147], 'topic': 'pupil.1', 'id': 1, 'method': '3d c++'}"
1582184719.6082401,"{'circle_3d': {'center': [-7.215726821980919, 10.054557907713273, 77.88081913566357], 'normal': [-0.15379242545888216, 0.749522033035778, -0.6438669209280659], 'radius': 2.537381600564708}, 'confidence': 0.998254328631027, 'timestamp': 41051.82389, 'diameter_3d': 5.074763201129416, 'ellipse': {'center': [102.58594050224386, 199.77512030882647], 'axes': [21.503564793569343, 40.48144580401438], 'angle': -76.29950699059088}, 'location': [102.58594050224386, 199.77512030882647], 'diameter': 40.48144580401438, 'sphere': {'center': [-5.370217716474333, 1.0602935112839351, 85.60722218680036], 'radius': 12.0}, 'projected_sphere': {'center': [121.10684473619725, 127.67904810135751], 'axes': [173.81711051820957, 173.81711051820957], 'angle': 90.0}, 'model_confidence': 0.7779405590222277, 'model_id': 1, 'model_birth_timestamp': 40910.15789, 'theta': 2.418136083390796, 'phi': -1.805260725818392, 'norm_pos': [0.32058106406951203, 0.1676036653798897], 'topic': 'pupil.1', 'id': 1, 'method': '3d c++'}"
1582184719.618387,"{'circle_3d': {'center': [-7.203881818428387, 10.089764747697895, 77.91915837645266], 'normal': [-0.15280534182950453, 0.7524559363678299, -0.6406719841956418], 'radius': 2.5226926481391434}, 'confidence': 0.9984793094149833, 'timestamp': 41051.83229, 'diameter_3d': 5.045385296278287, 'ellipse': {'center': [102.70718374588522, 200.0200596957767], 'axes': [21.218255615230692, 40.227374579336725], 'angle': -76.43395606412969}, 'location': [102.70718374588522, 200.0200596957767], 'diameter': 40.227374579336725, 'sphere': {'center': [-5.370217716474333, 1.0602935112839351, 85.60722218680036], 'radius': 12.0}, 'projected_sphere': {'center': [121.10684473619725, 127.67904810135751], 'axes': [173.81711051820957, 173.81711051820957], 'angle': 90.0}, 'model_confidence': 0.7777028151372267, 'model_id': 1, 'model_birth_timestamp': 40910.15789, 'theta': 2.4225792905009214, 'phi': -1.8049300128770571, 'norm_pos': [0.3209599492058913, 0.1665830846009304], 'topic': 'pupil.1', 'id': 1, 'method': '3d c++'}"
1582184719.6233459,"{'circle_3d': {'center': [-7.199034273065212, 10.079484587953905, 77.90594811526805], 'normal': [-0.1524013797159066, 0.751599256389164, -0.6417728392943595], 'radius': 2.5093537032058695}, 'confidence': 0.9981025223251241, 'timestamp': 41051.84069, 'diameter_3d': 5.018707406411739, 'ellipse': {'center': [102.73579696026691, 199.9542181495669], 'axes': [21.162889162591068, 40.02130812002102], 'angle': -76.44333131742049}, 'location': [102.73579696026691, 199.9542181495669], 'diameter': 40.02130812002102, 'sphere': {'center': [-5.370217716474333, 1.0602935112839351, 85.60722218680036], 'radius': 12.0}, 'projected_sphere': {'center': [121.10684473619725, 127.67904810135751], 'axes': [173.81711051820957, 173.81711051820957], 'angle': 90.0}, 'model_confidence': 0.7774911789699357, 'model_id': 1, 'model_birth_timestamp': 40910.15789, 'theta': 2.4212795800232736, 'phi': -1.8039471148457589, 'norm_pos': [0.32104936550083407, 0.1668574243768045], 'topic': 'pupil.1', 'id': 1, 'method': '3d c++'}"
1582184719.631518,"{'circle_3d': {'center': [-7.202538889594775, 10.095274152571838, 77.92531331399489], 'normal': [-0.1526934310933701, 0.7529150534406586, -0.6401590727337889], 'radius': 2.516793132708497}, 'confidence': 0.9984677756875022, 'timestamp': 41051.84909, 'diameter_3d': 5.033586265416994, 'ellipse': {'center': [102.72213270480667, 200.0589655310623], 'axes': [21.1427489902481, 40.130103386692525], 'angle': -76.45195497212067}, 'location': [102.72213270480667, 200.0589655310623], 'diameter': 40.130103386692525, 'sphere': {'center': [-5.370217716474333, 1.0602935112839351, 85.60722218680036], 'radius': 12.0}, 'projected_sphere': {'center': [121.10684473619725, 127.67904810135751], 'axes': [173.81711051820957, 173.81711051820957], 'angle': 90.0}, 'model_confidence': 0.7774928032567963, 'model_id': 1, 'model_birth_timestamp': 40910.15789, 'theta': 2.423276633902023, 'phi': -1.8049454179220235, 'norm_pos': [0.3210066647025208, 0.166420976953907], 'topic': 'pupil.1', 'id': 1, 'method': '3d c++'}"
1582184719.638669,"{'circle_3d': {'center': [-7.209579815861843, 10.074499033217357, 77.90262317869605], 'normal': [-0.1532801749489591, 0.7511837934944517, -0.6420499173420252], 'radius': 2.5144559652357095}, 'confidence': 0.9983662978320884, 'timestamp': 41051.85749, 'diameter_3d': 5.028911930471419, 'ellipse': {'center': [102.64989997748454, 199.9168619366529], 'axes': [21.21779436247435, 40.10435986408597], 'angle': -76.37248543744913}, 'location': [102.64989997748454, 199.9168619366529], 'diameter': 40.10435986408597, 'sphere': {'center': [-5.370217716474333, 1.0602935112839351, 85.60722218680036], 'radius': 12.0}, 'projected_sphere': {'center': [121.10684473619725, 127.67904810135751], 'axes': [173.81711051820957, 173.81711051820957], 'angle': 90.0}, 'model_confidence': 0.7776484589420818, 'model_id': 1, 'model_birth_timestamp': 40910.15789, 'theta': 2.4206499539690216, 'phi': -1.8051454318702136, 'norm_pos': [0.3207809374296392, 0.16701307526394626], 'topic': 'pupil.1', 'id': 1, 'method': '3d c++'}"
1582184719.647532,"{'circle_3d': {'center': [-7.200408041642499, 10.084277755465013, 77.91189167184308], 'normal': [-0.1525158604306804, 0.7519986870150898, -0.6412775429131059], 'radius': 2.506587608747623}, 'confidence': 0.9983387187931985, 'timestamp': 41051.86589, 'diameter_3d': 5.013175217495246, 'ellipse': {'center': [102.72912652904955, 199.9870045203411], 'axes': [21.114101272258967, 39.974127646150016], 'angle': -76.4441458679058}, 'location': [102.72912652904955, 199.9870045203411], 'diameter': 39.974127646150016, 'sphere': {'center': [-5.370217716474333, 1.0602935112839351, 85.60722218680036], 'radius': 12.0}, 'projected_sphere': {'center': [121.10684473619725, 127.67904810135751], 'axes': [173.81711051820957, 173.81711051820957], 'angle': 90.0}, 'model_confidence': 0.777763366461881, 'model_id': 1, 'model_birth_timestamp': 40910.15789, 'theta': 2.421885335670596, 'phi': -1.8042896978669738, 'norm_pos': [0.32102852040327984, 0.16672081449857878], 'topic': 'pupil.1', 'id': 1, 'method': '3d c++'}"
1582184719.6549199,"{'circle_3d': {'center': [-7.204454859794361, 10.068309163203638, 77.89416649422074], 'normal': [-0.15285309527666896, 0.7506679709933085, -0.6427546410483015], 'radius': 2.505104968842776}, 'confidence': 0.9979236546008674, 'timestamp': 41051.87429, 'diameter_3d': 5.010209937685552, 'ellipse': {'center': [102.6842254853056, 199.87796587497544], 'axes': [21.17565878408316, 39.95946679897867], 'angle': -76.391006060065}, 'location': [102.6842254853056, 199.87796587497544], 'diameter': 39.95946679897867, 'sphere': {'center': [-5.370217716474333, 1.0602935112839351, 85.60722218680036], 'radius': 12.0}, 'projected_sphere': {'center': [121.10684473619725, 127.67904810135751], 'axes': [173.81711051820957, 173.81711051820957], 'angle': 90.0}, 'model_confidence': 0.7777549055516975, 'model_id': 1, 'model_birth_timestamp': 40910.15789, 'theta': 2.4198688620311373, 'phi': -1.8042689864335983, 'norm_pos': [0.32088820464158, 0.16717514218760232], 'topic': 'pupil.1', 'id': 1, 'method': '3d c++'}"
1582184719.669842,"{'circle_3d': {'center': [-7.188016223203412, 10.064983181338896, 77.88639499439805], 'normal': [-0.15148320889408992, 0.7503908058379133, -0.6434022660335263], 'radius': 2.500122861221685}, 'confidence': 0.9978885493585182, 'timestamp': 41051.88269, 'diameter_3d': 5.00024572244337, 'ellipse': {'center': [102.80887852332283, 199.8601952669234], 'axes': [21.169850378610267, 39.884011672176165], 'angle': -76.48107924102712}, 'location': [102.80887852332283, 199.8601952669234], 'diameter': 39.884011672176165, 'sphere': {'center': [-5.370217716474333, 1.0602935112839351, 85.60722218680036], 'radius': 12.0}, 'projected_sphere': {'center': [121.10684473619725, 127.67904810135751], 'axes': [173.81711051820957, 173.81711051820957], 'angle': 90.0}, 'model_confidence': 0.7775929307226592, 'model_id': 1, 'model_birth_timestamp': 40910.15789, 'theta': 2.4194494467522603, 'phi': -1.8020260722006145, 'norm_pos': [0.32127774538538384, 0.16724918638781916], 'topic': 'pupil.1', 'id': 1, 'method': '3d c++'}"
1582184719.675054,"{'circle_3d': {'center': [-7.189684170294711, 10.060083181689933, 77.88107646516943], 'normal': [-0.15162220448503147, 0.7499824725338331, -0.6438454768025769], 'radius': 2.5062815893428962}, 'confidence': 0.9982337341224552, 'timestamp': 41051.89109, 'diameter_3d': 5.0125631786857925, 'ellipse': {'center': [102.79195743236743, 199.82522612132817], 'axes': [21.244220067658485, 39.98502002374276], 'angle': -76.46227242927894}, 'location': [102.79195743236743, 199.82522612132817], 'diameter': 39.98502002374276, 'sphere': {'center': [-5.370217716474333, 1.0602935112839351, 85.60722218680036], 'radius': 12.0}, 'projected_sphere': {'center': [121.10684473619725, 127.67904810135751], 'axes': [173.81711051820957, 173.81711051820957], 'angle': 90.0}, 'model_confidence': 0.7775188018831036, 'model_id': 1, 'model_birth_timestamp': 40910.15789, 'theta': 2.41883190713642, 'phi': -1.8020770559066401, 'norm_pos': [0.3212248669761482, 0.1673948911611326], 'topic': 'pupil.1', 'id': 1, 'method': '3d c++'}"
1582184719.68271,"{'circle_3d': {'center': [-7.1732526038767075, 10.060866730729602, 77.8781377056857], 'normal': [-0.15025290728353116, 0.7500477682871388, -0.6440903734262212], 'radius': 2.4970313269232034}, 'confidence': 0.9985373680626436, 'timestamp': 41051.89949, 'diameter_3d': 4.994062653846407, 'ellipse': {'center': [102.91996477636832, 199.83623123906318], 'axes': [21.181656891739525, 39.8389578742672], 'angle': -76.56002594316287}, 'location': [102.91996477636832, 199.83623123906318], 'diameter': 39.8389578742672, 'sphere': {'center': [-5.370217716474333, 1.0602935112839351, 85.60722218680036], 'radius': 12.0}, 'projected_sphere': {'center': [121.10684473619725, 127.67904810135751], 'axes': [173.81711051820957, 173.81711051820957], 'angle': 90.0}, 'model_confidence': 0.7776031851965959, 'model_id': 1, 'model_birth_timestamp': 40910.15789, 'theta': 2.4189306275955293, 'phi': -1.7999769510128645, 'norm_pos': [0.321624889926151, 0.16734903650390343], 'topic': 'pupil.1', 'id': 1, 'method': '3d c++'}"
1582184719.691652,"{'circle_3d': {'center': [-7.142902290487919, 10.040667265909846, 77.84768118051136], 'normal': [-0.14772371450113217, 0.7483644795521592, -0.6466284171907494], 'radius': 2.476236673163848}, 'confidence': 0.9972633975134255, 'timestamp': 41051.90789, 'diameter_3d': 4.952473346327696, 'ellipse': {'center': [103.13843919704402, 199.70995375803642], 'axes': [21.13908766501313, 39.52254431491505], 'angle': -76.70139129979253}, 'location': [103.13843919704402, 199.70995375803642], 'diameter': 39.52254431491505, 'sphere': {'center': [-5.370217716474333, 1.0602935112839351, 85.60722218680036], 'radius': 12.0}, 'projected_sphere': {'center': [121.10684473619725, 127.67904810135751], 'axes': [173.81711051820957, 173.81711051820957], 'angle': 90.0}, 'model_confidence': 0.7771250092910464, 'model_id': 1, 'model_birth_timestamp': 40910.15789, 'theta': 2.4163891854706288, 'phi': -1.795394227618851, 'norm_pos': [0.32230762249076256, 0.1678751926748483], 'topic': 'pupil.1', 'id': 1, 'method': '3d c++'}"
1582184719.699541,"{'circle_3d': {'center': [-7.120178149573345, 10.034602679516182, 77.83551623279189], 'normal': [-0.14583003609158432, 0.7478590973526871, -0.6476421628340386], 'radius': 2.4597922377270343}, 'confidence': 0.9974815372132009, 'timestamp': 41051.91629, 'diameter_3d': 4.9195844754540685, 'ellipse': {'center': [103.30972285577148, 199.67707173662376], 'axes': [21.05403723682817, 39.266171203680805], 'angle': -76.82423532378141}, 'location': [103.30972285577148, 199.67707173662376], 'diameter': 39.266171203680805, 'sphere': {'center': [-5.370217716474333, 1.0602935112839351, 85.60722218680036], 'radius': 12.0}, 'projected_sphere': {'center': [121.10684473619725, 127.67904810135751], 'axes': [173.81711051820957, 173.81711051820957], 'angle': 90.0}, 'model_confidence': 0.7767972059232853, 'model_id': 1, 'model_birth_timestamp': 40910.15789, 'theta': 2.4156275775192966, 'phi': -1.7922732334177087, 'norm_pos': [0.3228428839242859, 0.168012201097401], 'topic': 'pupil.1', 'id': 1, 'method': '3d c++'}"
1582184719.707607,"{'circle_3d': {'center': [-7.12220056064472, 10.030784851785066, 77.83156522267656], 'normal': [-0.14599857034753225, 0.7475409450417609, -0.6479714136769827], 'radius': 2.461460357818205}, 'confidence': 0.9978567014127857, 'timestamp': 41051.92469, 'diameter_3d': 4.92292071563641, 'ellipse': {'center': [103.29088148940771, 199.65027238313013], 'axes': [21.08437357804077, 39.29478239279686], 'angle': -76.80539021616204}, 'location': [103.29088148940771, 199.65027238313013], 'diameter': 39.29478239279686, 'sphere': {'center': [-5.370217716474333, 1.0602935112839351, 85.60722218680036], 'radius': 12.0}, 'projected_sphere': {'center': [121.10684473619725, 127.67904810135751], 'axes': [173.81711051820957, 173.81711051820957], 'angle': 90.0}, 'model_confidence': 0.776475056868986, 'model_id': 1, 'model_birth_timestamp': 40910.15789, 'theta': 2.415148458899163, 'phi': -1.7924118794731738, 'norm_pos': [0.3227840046543991, 0.1681238650702911], 'topic': 'pupil.1', 'id': 1, 'method': '3d c++'}"
1582184719.716327,"{'circle_3d': {'center': [-7.098555967258979, 10.021603858737691, 77.81570348070122], 'normal': [-0.1440281875653871, 0.746775862287813, -0.6492932255082622], 'radius': 2.4670600783980303}, 'confidence': 0.9978215595528749, 'timestamp': 41051.93309, 'diameter_3d': 4.934120156796061, 'ellipse': {'center': [103.46735734882441, 199.5916705813702], 'axes': [21.20375955499184, 39.39235967028428], 'angle': -76.9283607014834}, 'location': [103.46735734882441, 199.5916705813702], 'diameter': 39.39235967028428, 'sphere': {'center': [-5.370217716474333, 1.0602935112839351, 85.60722218680036], 'radius': 12.0}, 'projected_sphere': {'center': [121.10684473619725, 127.67904810135751], 'axes': [173.81711051820957, 173.81711051820957], 'angle': 90.0}, 'model_confidence': 0.7762465080695002, 'model_id': 1, 'model_birth_timestamp': 40910.15789, 'theta': 2.4139973454586885, 'phi': -1.7890848293066806, 'norm_pos': [0.32333549171507625, 0.16836803924429078], 'topic': 'pupil.1', 'id': 1, 'method': '3d c++'}"
1582184719.724472,"{'circle_3d': {'center': [-7.091479311498839, 10.010370379444911, 77.80123841949059], 'normal': [-0.14343846625204215, 0.7458397390134146, -0.6504986472758136], 'radius': 2.4495880461411295}, 'confidence': 0.9972713877609157, 'timestamp': 41051.94149, 'diameter_3d': 4.899176092282259, 'ellipse': {'center': [103.51287136913398, 199.5201706127167], 'axes': [21.115016554150536, 39.12048537350699], 'angle': -76.94999714794486}, 'location': [103.51287136913398, 199.5201706127167], 'diameter': 39.12048537350699, 'sphere': {'center': [-5.370217716474333, 1.0602935112839351, 85.60722218680036], 'radius': 12.0}, 'projected_sphere': {'center': [121.10684473619725, 127.67904810135751], 'axes': [173.81711051820957, 173.81711051820957], 'angle': 90.0}, 'model_confidence': 0.7758559321203173, 'model_id': 1, 'model_birth_timestamp': 40910.15789, 'theta': 2.4125909117717663, 'phi': -1.7878286512165595, 'norm_pos': [0.32347772302854366, 0.16866595578034704], 'topic': 'pupil.1', 'id': 1, 'method': '3d c++'}"
1582184719.733182,"{'circle_3d': {'center': [-7.08190455106366, 10.012308400778833, 77.80135531639095], 'normal': [-0.14264056954911056, 0.7460012407912415, -0.6504889058674509], 'radius': 2.4692086723655526}, 'confidence': 0.998115106868396, 'timestamp': 41051.94989, 'diameter_3d': 4.938417344731105, 'ellipse': {'center': [103.5893791547176, 199.53137743941926], 'axes': [21.285896744975094, 39.43401921598418], 'angle': -77.0101284299235}, 'location': [103.5893791547176, 199.53137743941926], 'diameter': 39.43401921598418, 'sphere': {'center': [-5.370217716474333, 1.0602935112839351, 85.60722218680036], 'radius': 12.0}, 'projected_sphere': {'center': [121.10684473619725, 127.67904810135751], 'axes': [173.81711051820957, 173.81711051820957], 'angle': 90.0}, 'model_confidence': 0.7756460355341055, 'model_id': 1, 'model_birth_timestamp': 40910.15789, 'theta': 2.412833394193013, 'phi': -1.7866617654704546, 'norm_pos': [0.3237168098584925, 0.1686192606690864], 'topic': 'pupil.1', 'id': 1, 'method': '3d c++'}"
1582184719.740505,"{'circle_3d': {'center': [-7.057028754906614, 10.00050728944519, 77.782438092565], 'normal': [-0.14056758653602341, 0.7450178148467712, -0.65206534118628], 'radius': 2.43864056897867}, 'confidence': 0.9971999766386117, 'timestamp': 41051.95829, 'diameter_3d': 4.87728113795734, 'ellipse': {'center': [103.77286078727644, 199.46238889807233], 'axes': [21.105652212884525, 38.95512864000969], 'angle': -77.13650654910855}, 'location': [103.77286078727644, 199.46238889807233], 'diameter': 38.95512864000969, 'sphere': {'center': [-5.370217716474333, 1.0602935112839351, 85.60722218680036], 'radius': 12.0}, 'projected_sphere': {'center': [121.10684473619725, 127.67904810135751], 'axes': [173.81711051820957, 173.81711051820957], 'angle': 90.0}, 'model_confidence': 0.7753025410732195, 'model_id': 1, 'model_birth_timestamp': 40910.15789, 'theta': 2.41135787462569, 'phi': -1.7831199660132881, 'norm_pos': [0.3242901899602389, 0.1689067129246986], 'topic': 'pupil.1', 'id': 1, 'method': '3d c++'}"
1582184719.7511601,"{'circle_3d': {'center': [-7.0399893715579145, 9.999142963778619, 77.77722645975714], 'normal': [-0.13914763792363175, 0.7449041210412235, -0.6524996439202676], 'radius': 2.4573404500442417}, 'confidence': 0.9979845453230364, 'timestamp': 41051.96669, 'diameter_3d': 4.9146809000884835, 'ellipse': {'center': [103.90486673730926, 199.4527488876281], 'axes': [21.293064492973063, 39.25673995196279], 'angle': -77.23523280351553}, 'location': [103.90486673730926, 199.4527488876281], 'diameter': 39.25673995196279, 'sphere': {'center': [-5.370217716474333, 1.0602935112839351, 85.60722218680036], 'radius': 12.0}, 'projected_sphere': {'center': [121.10684473619725, 127.67904810135751], 'axes': [173.81711051820957, 173.81711051820957], 'angle': 90.0}, 'model_confidence': 0.7754261868060053, 'model_id': 1, 'model_birth_timestamp': 40910.15789, 'theta': 2.411187446753547, 'phi': -1.7809022683344744, 'norm_pos': [0.32470270855409145, 0.16894687963488286], 'topic': 'pupil.1', 'id': 1, 'method': '3d c++'}"
1582184719.7673411,"{'circle_3d': {'center': [-7.037030903384627, 9.983004896170772, 77.75821235485641], 'normal': [-0.13890109890919117, 0.7435592820739031, -0.6540841526619957], 'radius': 2.4578023620812663}, 'confidence': 0.9978608827961649, 'timestamp': 41051.97509, 'diameter_3d': 4.915604724162533, 'ellipse': {'center': [103.91491240122305, 199.34292971184536], 'axes': [21.377133902427722, 39.27367751912863], 'angle': -77.22417034829921}, 'location': [103.91491240122305, 199.34292971184536], 'diameter': 39.27367751912863, 'sphere': {'center': [-5.370217716474333, 1.0602935112839351, 85.60722218680036], 'radius': 12.0}, 'projected_sphere': {'center': [121.10684473619725, 127.67904810135751], 'axes': [173.81711051820957, 173.81711051820957], 'angle': 90.0}, 'model_confidence': 0.7754215162231071, 'model_id': 1, 'model_birth_timestamp': 40910.15789, 'theta': 2.4091739766467364, 'phi': -1.780047454907089, 'norm_pos': [0.324734101253822, 0.16940445953397765], 'topic': 'pupil.1', 'id': 1, 'method': '3d c++'}"
1582184719.769641,"{'circle_3d': {'center': [-7.023831610395117, 9.975519760805843, 77.74692308246166], 'normal': [-0.13780115782673197, 0.7429355207934922, -0.6550249253615579], 'radius': 2.4563244950208833}, 'confidence': 0.9975631111104846, 'timestamp': 41051.98349, 'diameter_3d': 4.912648990041767, 'ellipse': {'center': [104.0117610411491, 199.2947253495958], 'axes': [21.41425039581953, 39.25579642224822], 'angle': -77.28950568698298}, 'location': [104.0117610411491, 199.2947253495958], 'diameter': 39.25579642224822, 'sphere': {'center': [-5.370217716474333, 1.0602935112839351, 85.60722218680036], 'radius': 12.0}, 'projected_sphere': {'center': [121.10684473619725, 127.67904810135751], 'axes': [173.81711051820957, 173.81711051820957], 'angle': 90.0}, 'model_confidence': 0.7752857140443381, 'model_id': 1, 'model_birth_timestamp': 40910.15789, 'theta': 2.408241621119966, 'phi': -1.7781480776422252, 'norm_pos': [0.32503675325359094, 0.16960531104335075], 'topic': 'pupil.1', 'id': 1, 'method': '3d c++'}"
1582184719.776298,"{'circle_3d': {'center': [-7.024813898793607, 9.965994143038285, 77.73633864484493], 'normal': [-0.13788301519327273, 0.7421417193128625, -0.6559069618296182], 'radius': 2.454640184999891}, 'confidence': 0.9978227366684334, 'timestamp': 41051.99189, 'diameter_3d': 4.909280369999782, 'ellipse': {'center': [103.9964379562739, 199.22965326089968], 'axes': [21.44356010938952, 39.23416073437265], 'angle': -77.2667677954879}, 'location': [103.9964379562739, 199.22965326089968], 'diameter': 39.23416073437265, 'sphere': {'center': [-5.370217716474333, 1.0602935112839351, 85.60722218680036], 'radius': 12.0}, 'projected_sphere': {'center': [121.10684473619725, 127.67904810135751], 'axes': [173.81711051820957, 173.81711051820957], 'angle': 90.0}, 'model_confidence': 0.7751347715423851, 'model_id': 1, 'model_birth_timestamp': 40910.15789, 'theta': 2.4070564944505977, 'phi': -1.7779966696998122, 'norm_pos': [0.3249888686133559, 0.1698764447462513], 'topic': 'pupil.1', 'id': 1, 'method': '3d c++'}"
1582184719.783502,"{'circle_3d': {'center': [-6.978419546485579, 9.960240183452433, 77.7202306116492], 'normal': [-0.13401681916760377, 0.741662222680708, -0.6572492979292635], 'radius': 2.4260802821357577}, 'confidence': 0.9972063290192007, 'timestamp': 41052.00029, 'diameter_3d': 4.852160564271515, 'ellipse': {'center': [104.35325173048328, 199.20548171405062], 'axes': [21.270130703875704, 38.78569868239366], 'angle': -77.53384561299302}, 'location': [104.35325173048328, 199.20548171405062], 'diameter': 38.78569868239366, 'sphere': {'center': [-5.370217716474333, 1.0602935112839351, 85.60722218680036], 'radius': 12.0}, 'projected_sphere': {'center': [121.10684473619725, 127.67904810135751], 'axes': [173.81711051820957, 173.81711051820957], 'angle': 90.0}, 'model_confidence': 0.7748106245836883, 'model_id': 1, 'model_birth_timestamp': 40910.15789, 'theta': 2.406341370365575, 'phi': -1.7719444450020216, 'norm_pos': [0.32610391165776026, 0.1699771595247891], 'topic': 'pupil.1', 'id': 1, 'method': '3d c++'}"
1582184719.7915509,"{'circle_3d': {'center': [-6.979049182046813, 9.936582828277968, 77.69374322515513], 'normal': [-0.13406928879770666, 0.7396907764161693, -0.6594565801371018], 'radius': 2.4318227449574836}, 'confidence': 0.9975876579023508, 'timestamp': 41052.00869, 'diameter_3d': 4.863645489914967, 'ellipse': {'center': [104.32971615212954, 199.0419025607805], 'axes': [21.430230432134454, 38.89071336271604], 'angle': -77.48863135928117}, 'location': [104.32971615212954, 199.0419025607805], 'diameter': 38.89071336271604, 'sphere': {'center': [-5.370217716474333, 1.0602935112839351, 85.60722218680036], 'radius': 12.0}, 'projected_sphere': {'center': [121.10684473619725, 127.67904810135751], 'axes': [173.81711051820957, 173.81711051820957], 'angle': 90.0}, 'model_confidence': 0.7744724635895595, 'model_id': 1, 'model_birth_timestamp': 40910.15789, 'theta': 2.4034070623681796, 'phi': -1.7713655122854925, 'norm_pos': [0.3260303629754048, 0.17065873933008124], 'topic': 'pupil.1', 'id': 1, 'method': '3d c++'}"
1582184719.8000472,"{'circle_3d': {'center': [-6.9416640488361345, 9.92187657028295, 77.66978543977879], 'normal': [-0.1309538610301501, 0.7384652549165845, -0.6614530622517972], 'radius': 2.4444432864957175}, 'confidence': 0.9981636029439177, 'timestamp': 41052.01709, 'diameter_3d': 4.888886572991435, 'ellipse': {'center': [104.61041754441175, 198.94551395636466], 'axes': [21.649522045778237, 39.104881171439196], 'angle': -77.68752359840161}, 'location': [104.61041754441175, 198.94551395636466], 'diameter': 39.104881171439196, 'sphere': {'center': [-5.370217716474333, 1.0602935112839351, 85.60722218680036], 'radius': 12.0}, 'projected_sphere': {'center': [121.10684473619725, 127.67904810135751], 'axes': [173.81711051820957, 173.81711051820957], 'angle': 90.0}, 'model_confidence': 0.7743132196838864, 'model_id': 1, 'model_birth_timestamp': 40910.15789, 'theta': 2.401587753896232, 'phi': -1.7662479300943397, 'norm_pos': [0.3269075548262867, 0.17106035851514723], 'topic': 'pupil.1', 'id': 1, 'method': '3d c++'}"
1582184719.808511,"{'circle_3d': {'center': [-6.9366747148999615, 9.917679409407421, 77.66411652693364], 'normal': [-0.13053808320213564, 0.7381154915102905, -0.6619254716555592], 'radius': 2.4179314890743906}, 'confidence': 0.997937474049141, 'timestamp': 41052.02549, 'diameter_3d': 4.835862978148781, 'ellipse': {'center': [104.64564908969882, 198.92314424618104], 'axes': [21.43893324781935, 38.68336259838352], 'angle': -77.71031257196648}, 'location': [104.64564908969882, 198.92314424618104], 'diameter': 38.68336259838352, 'sphere': {'center': [-5.370217716474333, 1.0602935112839351, 85.60722218680036], 'radius': 12.0}, 'projected_sphere': {'center': [121.10684473619725, 127.67904810135751], 'axes': [173.81711051820957, 173.81711051820957], 'angle': 90.0}, 'model_confidence': 0.7741929780950785, 'model_id': 1, 'model_birth_timestamp': 40910.15789, 'theta': 2.40106918868198, 'phi': -1.7655074130000836, 'norm_pos': [0.3270176534053088, 0.17115356564091233], 'topic': 'pupil.1', 'id': 1, 'method': '3d c++'}"
1582184719.817452,"{'circle_3d': {'center': [-6.945243964300738, 9.893120083164463, 77.63850415503771], 'normal': [-0.13125218731886704, 0.736068880990044, -0.6640598359802206], 'radius': 2.42885624512123}, 'confidence': 0.9976253167958358, 'timestamp': 41052.03389, 'diameter_3d': 4.85771249024246, 'ellipse': {'center': [104.55972410047517, 198.75025771095807], 'axes': [21.640473774244317, 38.87091322476343], 'angle': -77.6159149183816}, 'location': [104.55972410047517, 198.75025771095807], 'diameter': 38.87091322476343, 'sphere': {'center': [-5.370217716474333, 1.0602935112839351, 85.60722218680036], 'radius': 12.0}, 'projected_sphere': {'center': [121.10684473619725, 127.67904810135751], 'axes': [173.81711051820957, 173.81711051820957], 'angle': 90.0}, 'model_confidence': 0.7739724039858564, 'model_id': 1, 'model_birth_timestamp': 40910.15789, 'theta': 2.398040722138324, 'phi': -1.7659323559921043, 'norm_pos': [0.3267491378139849, 0.1718739262043414], 'topic': 'pupil.1', 'id': 1, 'method': '3d c++'}"
1582184719.823422,"{'circle_3d': {'center': [-6.922802066923273, 9.879020078716058, 77.61850867562674], 'normal': [-0.12938202920407832, 0.7348938806193436, -0.6657261259311347], 'radius': 2.4353696891028562}, 'confidence': 0.9977839162329345, 'timestamp': 41052.04229, 'diameter_3d': 4.8707393782057125, 'ellipse': {'center': [104.72441486657388, 198.65599477726983], 'axes': [21.786713831472674, 38.98532924006246], 'angle': -77.7269367354063}, 'location': [104.72441486657388, 198.65599477726983], 'diameter': 38.98532924006246, 'sphere': {'center': [-5.370217716474333, 1.0602935112839351, 85.60722218680036], 'radius': 12.0}, 'projected_sphere': {'center': [121.10684473619725, 127.67904810135751], 'axes': [173.81711051820957, 173.81711051820957], 'angle': 90.0}, 'model_confidence': 0.7738895140307789, 'model_id': 1, 'model_birth_timestamp': 40910.15789, 'theta': 2.3963065182821373, 'phi': -1.762750670526522, 'norm_pos': [0.3272637964580434, 0.17226668842804238], 'topic': 'pupil.1', 'id': 1, 'method': '3d c++'}"
1582184719.8382888,"{'circle_3d': {'center': [-6.899642437774376, 9.885497131585318, 77.6211943204518], 'normal': [-0.12745206010833687, 0.7354336350251152, -0.665502322195713], 'radius': 2.444567599895404}, 'confidence': 0.9982301036889377, 'timestamp': 41052.05069, 'diameter_3d': 4.889135199790808, 'ellipse': {'center': [104.91076188922719, 198.70301371263454], 'axes': [21.8627859555892, 39.1314590057627], 'angle': -77.87824547294193}, 'location': [104.91076188922719, 198.70301371263454], 'diameter': 39.1314590057627, 'sphere': {'center': [-5.370217716474333, 1.0602935112839351, 85.60722218680036], 'radius': 12.0}, 'projected_sphere': {'center': [121.10684473619725, 127.67904810135751], 'axes': [173.81711051820957, 173.81711051820957], 'angle': 90.0}, 'model_confidence': 0.773722338553906, 'model_id': 1, 'model_birth_timestamp': 40910.15789, 'theta': 2.39710274602472, 'phi': -1.7600177362551959, 'norm_pos': [0.32784613090383496, 0.1720707761973561], 'topic': 'pupil.1', 'id': 1, 'method': '3d c++'}"
1582184719.8433359,"{'circle_3d': {'center': [-6.890061273771039, 9.878372627784374, 77.61150106507014], 'normal': [-0.12665362977472544, 0.7348399263750365, -0.6663100934775171], 'radius': 2.4297631213160127}, 'confidence': 0.9975170283572858, 'timestamp': 41052.05909, 'diameter_3d': 4.859526242632025, 'ellipse': {'center': [104.97999621234534, 198.65877931847325], 'axes': [21.77262393955785, 38.899232390986946], 'angle': -77.92404934504766}, 'location': [104.97999621234534, 198.65877931847325], 'diameter': 38.899232390986946, 'sphere': {'center': [-5.370217716474333, 1.0602935112839351, 85.60722218680036], 'radius': 12.0}, 'projected_sphere': {'center': [121.10684473619725, 127.67904810135751], 'axes': [173.81711051820957, 173.81711051820957], 'angle': 90.0}, 'model_confidence': 0.7735646623934223, 'model_id': 1, 'model_birth_timestamp': 40910.15789, 'theta': 2.396226964549459, 'phi': -1.7586375230940328, 'norm_pos': [0.3280624881635792, 0.1722550861730281], 'topic': 'pupil.1', 'id': 1, 'method': '3d c++'}"
1582184719.852937,"{'circle_3d': {'center': [-6.882708573088366, 9.887936946597577, 77.62066580825879], 'normal': [-0.12604090471783605, 0.7356369529428034, -0.6655463648784636], 'radius': 2.4279758552378827}, 'confidence': 0.9977222215368844, 'timestamp': 41052.06749, 'diameter_3d': 4.8559517104757655, 'ellipse': {'center': [105.04486334667412, 198.72642591440325], 'axes': [21.720026911855655, 38.866093521837364], 'angle': -77.98497615889204}, 'location': [105.04486334667412, 198.72642591440325], 'diameter': 38.866093521837364, 'sphere': {'center': [-5.370217716474333, 1.0602935112839351, 85.60722218680036], 'radius': 12.0}, 'projected_sphere': {'center': [121.10684473619725, 127.67904810135751], 'axes': [173.81711051820957, 173.81711051820957], 'angle': 90.0}, 'model_confidence': 0.7733220033044552, 'model_id': 1, 'model_birth_timestamp': 40910.15789, 'theta': 2.3974028522986313, 'phi': -1.75795942186409, 'norm_pos': [0.3282651979583566, 0.17197322535665316], 'topic': 'pupil.1', 'id': 1, 'method': '3d c++'}"
1582184719.861283,"{'circle_3d': {'center': [-6.888676818963608, 9.872040450276439, 77.60426037024621], 'normal': [-0.1265382585407729, 0.734312244916042, -0.6669134847128458], 'radius': 2.4328273756112995}, 'confidence': 0.9974827594526183, 'timestamp': 41052.07589, 'diameter_3d': 4.865654751222599, 'ellipse': {'center': [104.98602566983315, 198.61472044657148], 'axes': [21.83059972716767, 38.95193436981041], 'angle': -77.92156704615745}, 'location': [104.98602566983315, 198.61472044657148], 'diameter': 38.95193436981041, 'sphere': {'center': [-5.370217716474333, 1.0602935112839351, 85.60722218680036], 'radius': 12.0}, 'projected_sphere': {'center': [121.10684473619725, 127.67904810135751], 'axes': [173.81711051820957, 173.81711051820957], 'angle': 90.0}, 'model_confidence': 0.773206534524784, 'model_id': 1, 'model_birth_timestamp': 40910.15789, 'theta': 2.395449276935558, 'phi': -1.758304561620103, 'norm_pos': [0.3280813302182286, 0.17243866480595216], 'topic': 'pupil.1', 'id': 1, 'method': '3d c++'}"
1582184719.868421,"{'circle_3d': {'center': [-6.859921110564923, 9.877240915468567, 77.60458373004893], 'normal': [-0.12414194950754916, 0.7347456170153859, -0.666886538062619], 'radius': 2.4108600868290413}, 'confidence': 0.9970191915280373, 'timestamp': 41052.08429, 'diameter_3d': 4.821720173658083, 'ellipse': {'center': [105.21476813067387, 198.66040092138377], 'axes': [21.63799225165176, 38.60005254462935], 'angle': -78.1049356187671}, 'location': [105.21476813067387, 198.66040092138377], 'diameter': 38.60005254462935, 'sphere': {'center': [-5.370217716474333, 1.0602935112839351, 85.60722218680036], 'radius': 12.0}, 'projected_sphere': {'center': [121.10684473619725, 127.67904810135751], 'axes': [173.81711051820957, 173.81711051820957], 'angle': 90.0}, 'model_confidence': 0.772680718926988, 'model_id': 1, 'model_birth_timestamp': 40910.15789, 'theta': 2.396087925011049, 'phi': -1.7548412865257799, 'norm_pos': [0.32879615040835586, 0.1722483294942343], 'topic': 'pupil.1', 'id': 1, 'method': '3d c++'}"
1582184719.879433,"{'circle_3d': {'center': [-6.8622765287692555, 9.858872579062902, 77.58483059272476], 'normal': [-0.1243382343579102, 0.7332149223149138, -0.6685326328396336], 'radius': 2.4262023118495097}, 'confidence': 0.9975174802843189, 'timestamp': 41052.09269, 'diameter_3d': 4.8524046236990195, 'ellipse': {'center': [105.18256376870424, 198.53001856902083], 'axes': [21.857544372561275, 38.85563610132965], 'angle': -78.05935311467731}, 'location': [105.18256376870424, 198.53001856902083], 'diameter': 38.85563610132965, 'sphere': {'center': [-5.370217716474333, 1.0602935112839351, 85.60722218680036], 'radius': 12.0}, 'projected_sphere': {'center': [121.10684473619725, 127.67904810135751], 'axes': [173.81711051820957, 173.81711051820957], 'angle': 90.0}, 'model_confidence': 0.7725361502017636, 'model_id': 1, 'model_birth_timestamp': 40910.15789, 'theta': 2.3938341529419973, 'phi': -1.7546820532570109, 'norm_pos': [0.32869551177720074, 0.17279158929574656], 'topic': 'pupil.1', 'id': 1, 'method': '3d c++'}"
1582184719.8836532,"{'circle_3d': {'center': [-6.821425740938589, 9.853767241557657, 77.57174989049341], 'normal': [-0.120934002038688, 0.7327894775228101, -0.6696226913589126], 'radius': 2.414879009047682}, 'confidence': 0.9969229083891897, 'timestamp': 41052.10109, 'diameter_3d': 4.829758018095364, 'ellipse': {'center': [105.49859245593373, 198.50435208637], 'axes': [21.818288877841, 38.68093631276347], 'angle': -78.29942814442902}, 'location': [105.49859245593373, 198.50435208637], 'diameter': 38.68093631276347, 'sphere': {'center': [-5.370217716474333, 1.0602935112839351, 85.60722218680036], 'radius': 12.0}, 'projected_sphere': {'center': [121.10684473619725, 127.67904810135751], 'axes': [173.81711051820957, 173.81711051820957], 'angle': 90.0}, 'model_confidence': 0.7721024787288089, 'model_id': 1, 'model_birth_timestamp': 40910.15789, 'theta': 2.3932087069050536, 'phi': -1.7494705824835928, 'norm_pos': [0.3296831014247929, 0.17289853297345836], 'topic': 'pupil.1', 'id': 1, 'method': '3d c++'}"
1582184719.891934,"{'circle_3d': {'center': [-6.816474545416908, 9.858700344473899, 77.57625845992342], 'normal': [-0.12052140241188115, 0.7332005694324969, -0.6692469772397449], 'radius': 2.4264573589932255}, 'confidence': 0.9977863500010701, 'timestamp': 41052.10949, 'diameter_3d': 4.852914717986451, 'ellipse': {'center': [105.54131829290955, 198.536856249175], 'axes': [21.905278056807628, 38.8642844407887], 'angle': -78.33786961864145}, 'location': [105.54131829290955, 198.536856249175], 'diameter': 38.8642844407887, 'sphere': {'center': [-5.370217716474333, 1.0602935112839351, 85.60722218680036], 'radius': 12.0}, 'projected_sphere': {'center': [121.10684473619725, 127.67904810135751], 'axes': [173.81711051820957, 173.81711051820957], 'angle': 90.0}, 'model_confidence': 0.7720027989052247, 'model_id': 1, 'model_birth_timestamp': 40910.15789, 'theta': 2.3938130459080718, 'phi': -1.7489716838181997, 'norm_pos': [0.32981661966534237, 0.17276309896177078], 'topic': 'pupil.1', 'id': 1, 'method': '3d c++'}"
1582184719.900563,"{'circle_3d': {'center': [-6.817953618441908, 9.847131382900043, 77.56386834800357], 'normal': [-0.12064465849729787, 0.7322364893013422, -0.670279486566399], 'radius': 2.430145606974386}, 'confidence': 0.9974800317785253, 'timestamp': 41052.11789, 'diameter_3d': 4.860291213948772, 'ellipse': {'center': [105.52104766327845, 198.45589097513067], 'axes': [21.99000926218012, 38.9295564211278], 'angle': -78.30942801527016}, 'location': [105.52104766327845, 198.45589097513067], 'diameter': 38.9295564211278, 'sphere': {'center': [-5.370217716474333, 1.0602935112839351, 85.60722218680036], 'radius': 12.0}, 'projected_sphere': {'center': [121.10684473619725, 127.67904810135751], 'axes': [173.81711051820957, 173.81711051820957], 'angle': 90.0}, 'model_confidence': 0.7717701725647008, 'model_id': 1, 'model_birth_timestamp': 40910.15789, 'theta': 2.3923963884275943, 'phi': -1.7488811015561743, 'norm_pos': [0.3297532739477452, 0.17310045427028886], 'topic': 'pupil.1', 'id': 1, 'method': '3d c++'}"
1582184719.907788,"{'circle_3d': {'center': [-6.8037270918098365, 9.835817793111646, 77.54898264891881], 'normal': [-0.11945911461129192, 0.7312936901523093, -0.6715199614901292], 'radius': 2.3963730999440305}, 'confidence': 0.9966685095756596, 'timestamp': 41052.12629, 'diameter_3d': 4.792746199888061, 'ellipse': {'center': [105.6235463081509, 198.3872031370857], 'axes': [21.748382527032113, 38.395661788541844], 'angle': -78.37737934783603}, 'location': [105.6235463081509, 198.3872031370857], 'diameter': 38.395661788541844, 'sphere': {'center': [-5.370217716474333, 1.0602935112839351, 85.60722218680036], 'radius': 12.0}, 'projected_sphere': {'center': [121.10684473619725, 127.67904810135751], 'axes': [173.81711051820957, 173.81711051820957], 'angle': 90.0}, 'model_confidence': 0.7711735162635236, 'model_id': 1, 'model_birth_timestamp': 40910.15789, 'theta': 2.3910130858185723, 'phi': -1.7468482399737126, 'norm_pos': [0.33007358221297156, 0.17338665359547634], 'topic': 'pupil.1', 'id': 1, 'method': '3d c++'}"
1582184719.920237,"{'circle_3d': {'center': [-6.7973000824760845, 9.837326236813706, 77.54948475898439], 'normal': [-0.11892353050014597, 0.7314193937941474, -0.6714781189846641], 'radius': 2.399119513191113}, 'confidence': 0.9963440915737711, 'timestamp': 41052.13469, 'diameter_3d': 4.798239026382226, 'ellipse': {'center': [105.67513287851182, 198.3981625889487], 'axes': [21.772614666307817, 38.43948301117605], 'angle': -78.41918464388137}, 'location': [105.67513287851182, 198.3981625889487], 'diameter': 38.43948301117605, 'sphere': {'center': [-5.370217716474333, 1.0602935112839351, 85.60722218680036], 'radius': 12.0}, 'projected_sphere': {'center': [121.10684473619725, 127.67904810135751], 'axes': [173.81711051820957, 173.81711051820957], 'angle': 90.0}, 'model_confidence': 0.7705678784255321, 'model_id': 1, 'model_birth_timestamp': 40910.15789, 'theta': 2.3911974032765126, 'phi': -1.7460857296089103, 'norm_pos': [0.3302347902453494, 0.17334098921271368], 'topic': 'pupil.1', 'id': 1, 'method': '3d c++'}"
1582184719.9293141,"{'circle_3d': {'center': [-6.788171239845591, 9.835996724667924, 77.54642564327186], 'normal': [-0.11816279361427143, 0.7313086011153322, -0.6717330452940415], 'radius': 2.3963943609282046}, 'confidence': 0.9968192218709905, 'timestamp': 41052.14309, 'diameter_3d': 4.792788721856409, 'ellipse': {'center': [105.74570495707911, 198.39108821658323], 'axes': [21.762381543305448, 38.39735929615857], 'angle': -78.4727962172555}, 'location': [105.74570495707911, 198.39108821658323], 'diameter': 38.39735929615857, 'sphere': {'center': [-5.370217716474333, 1.0602935112839351, 85.60722218680036], 'radius': 12.0}, 'projected_sphere': {'center': [121.10684473619725, 127.67904810135751], 'axes': [173.81711051820957, 173.81711051820957], 'angle': 90.0}, 'model_confidence': 0.7699931862361065, 'model_id': 1, 'model_birth_timestamp': 40910.15789, 'theta': 2.3910349476468014, 'phi': -1.7449222653113408, 'norm_pos': [0.33045532799087224, 0.17337046576423654], 'topic': 'pupil.1', 'id': 1, 'method': '3d c++'}"
1582184719.9355168,"{'circle_3d': {'center': [-6.7918701314812, 9.833348188377991, 77.54419446493165], 'normal': [-0.1184710345839055, 0.7310878897578379, -0.6719189768223922], 'radius': 2.3913497005878166}, 'confidence': 0.9964706966899326, 'timestamp': 41052.15149, 'diameter_3d': 4.782699401175633, 'ellipse': {'center': [105.71462383810263, 198.37319023263055], 'axes': [21.724921616641574, 38.31755795663227], 'angle': -78.4457641135406}, 'location': [105.71462383810263, 198.37319023263055], 'diameter': 38.31755795663227, 'sphere': {'center': [-5.370217716474333, 1.0602935112839351, 85.60722218680036], 'radius': 12.0}, 'projected_sphere': {'center': [121.10684473619725, 127.67904810135751], 'axes': [173.81711051820957, 173.81711051820957], 'angle': 90.0}, 'model_confidence': 0.7693690296578626, 'model_id': 1, 'model_birth_timestamp': 40910.15789, 'theta': 2.390711402239736, 'phi': -1.7453199999732754, 'norm_pos': [0.3303581994940707, 0.17344504069737277], 'topic': 'pupil.1', 'id': 1, 'method': '3d c++'}"
1582184719.943799,"{'circle_3d': {'center': [-6.786511269035053, 9.812882408850262, 77.52104260907802], 'normal': [-0.1180244627133933, 0.7293824081305271, -0.6738482981435273], 'radius': 2.406650471882948}, 'confidence': 0.9968330543388444, 'timestamp': 41052.15989, 'diameter_3d': 4.813300943765896, 'ellipse': {'center': [105.74162216807787, 198.22921704820288], 'axes': [21.961089137483278, 38.5743313538315], 'angle': -78.44441558995226}, 'location': [105.74162216807787, 198.22921704820288], 'diameter': 38.5743313538315, 'sphere': {'center': [-5.370217716474333, 1.0602935112839351, 85.60722218680036], 'radius': 12.0}, 'projected_sphere': {'center': [121.10684473619725, 127.67904810135751], 'axes': [173.81711051820957, 173.81711051820957], 'angle': 90.0}, 'model_confidence': 0.7690018277373145, 'model_id': 1, 'model_birth_timestamp': 40910.15789, 'theta': 2.3882150705036644, 'phi': -1.7441874362457483, 'norm_pos': [0.33044256927524335, 0.17404492896582135], 'topic': 'pupil.1', 'id': 1, 'method': '3d c++'}"
1582184719.951209,"{'circle_3d': {'center': [-6.757316125461801, 9.79053204114806, 77.49187295121843], 'normal': [-0.115591534082289, 0.7275198774886771, -0.6762791029651614], 'radius': 2.4022599136584177}, 'confidence': 0.9972580309488756, 'timestamp': 41052.16829, 'diameter_3d': 4.8045198273168355, 'ellipse': {'center': [105.95419426331462, 198.08003831790808], 'axes': [22.04789594413502, 38.51850351761543], 'angle': -78.58660272839597}, 'location': [105.95419426331462, 198.08003831790808], 'diameter': 38.51850351761543, 'sphere': {'center': [-5.370217716474333, 1.0602935112839351, 85.60722218680036], 'radius': 12.0}, 'projected_sphere': {'center': [121.10684473619725, 127.67904810135751], 'axes': [173.81711051820957, 173.81711051820957], 'angle': 90.0}, 'model_confidence': 0.7687636528091124, 'model_id': 1, 'model_birth_timestamp': 40910.15789, 'theta': 2.3854964319590617, 'phi': -1.740083250445446, 'norm_pos': [0.3311068570728582, 0.17466650700871633], 'topic': 'pupil.1', 'id': 1, 'method': '3d c++'}"
1582184719.962005,"{'circle_3d': {'center': [-6.778630417914031, 9.78718006921037, 77.49193878648055], 'normal': [-0.11736772511997481, 0.7272405464938696, -0.6762736166933173], 'radius': 2.3864379779625975}, 'confidence': 0.9964548336857383, 'timestamp': 41052.17669, 'diameter_3d': 4.772875955925195, 'ellipse': {'center': [105.78408460866655, 198.05656974699048], 'axes': [21.897793425333425, 38.264510526857215], 'angle': -78.44991838726018}, 'location': [105.78408460866655, 198.05656974699048], 'diameter': 38.264510526857215, 'sphere': {'center': [-5.370217716474333, 1.0602935112839351, 85.60722218680036], 'radius': 12.0}, 'projected_sphere': {'center': [121.10684473619725, 127.67904810135751], 'axes': [173.81711051820957, 173.81711051820957], 'angle': 90.0}, 'model_confidence': 0.768260372460916, 'model_id': 1, 'model_birth_timestamp': 40910.15789, 'theta': 2.3850893831549196, 'phi': -1.7426353644973809, 'norm_pos': [0.33057526440208296, 0.17476429272087302], 'topic': 'pupil.1', 'id': 1, 'method': '3d c++'}"
1582184719.968768,"{'circle_3d': {'center': [-6.765825141043113, 9.764744324958354, 77.46567344293035], 'normal': [-0.11630061871406498, 0.7253709011395348, -0.6784623953225004], 'radius': 2.416340629353807}, 'confidence': 0.9979054882363513, 'timestamp': 41052.18509, 'diameter_3d': 4.832681258707614, 'ellipse': {'center': [105.8685889026981, 197.8965974604779], 'axes': [22.284709659646033, 38.75735596172654], 'angle': -78.49128322986364}, 'location': [105.8685889026981, 197.8965974604779], 'diameter': 38.75735596172654, 'sphere': {'center': [-5.370217716474333, 1.0602935112839351, 85.60722218680036], 'radius': 12.0}, 'projected_sphere': {'center': [121.10684473619725, 127.67904810135751], 'axes': [173.81711051820957, 173.81711051820957], 'angle': 90.0}, 'model_confidence': 0.7681472997605798, 'model_id': 1, 'model_birth_timestamp': 40910.15789, 'theta': 2.3823693881638457, 'phi': -1.74056426214961, 'norm_pos': [0.33083934032093154, 0.17543084391467545], 'topic': 'pupil.1', 'id': 1, 'method': '3d c++'}"
1582184719.97503,"{'circle_3d': {'center': [-6.766604047933772, 9.760889432943358, 77.46168747007877], 'normal': [-0.11636552762161981, 0.7250496601382852, -0.6787945597267993], 'radius': 2.4153882756200864}, 'confidence': 0.9980167861451575, 'timestamp': 41052.19349, 'diameter_3d': 4.830776551240173, 'ellipse': {'center': [105.85962385631075, 197.86987805487064], 'axes': [22.292380029217533, 38.74404721472474], 'angle': -78.480045585444}, 'location': [105.85962385631075, 197.86987805487064], 'diameter': 38.74404721472474, 'sphere': {'center': [-5.370217716474333, 1.0602935112839351, 85.60722218680036], 'radius': 12.0}, 'projected_sphere': {'center': [121.10684473619725, 127.67904810135751], 'axes': [173.81711051820957, 173.81711051820957], 'angle': 90.0}, 'model_confidence': 0.7679431552824467, 'model_id': 1, 'model_birth_timestamp': 40910.15789, 'theta': 2.3819028257718218, 'phi': -1.7405756683291884, 'norm_pos': [0.33081132455097106, 0.17554217477137235], 'topic': 'pupil.1', 'id': 1, 'method': '3d c++'}"
1582184719.988292,"{'circle_3d': {'center': [-6.756837644903453, 9.740612928004, 77.43841933706797], 'normal': [-0.11555166070242665, 0.7233599513933386, -0.6807335708110318], 'radius': 2.395293394812182}, 'confidence': 0.9976593271752395, 'timestamp': 41052.20189, 'diameter_3d': 4.790586789624364, 'ellipse': {'center': [105.92120981973287, 197.73468253482662], 'axes': [22.20511053681138, 38.43307555345175], 'angle': -78.50656770849425}, 'location': [105.92120981973287, 197.73468253482662], 'diameter': 38.43307555345175, 'sphere': {'center': [-5.370217716474333, 1.0602935112839351, 85.60722218680036], 'radius': 12.0}, 'projected_sphere': {'center': [121.10684473619725, 127.67904810135751], 'axes': [173.81711051820957, 173.81711051820957], 'angle': 90.0}, 'model_confidence': 0.7680429046881376, 'model_id': 1, 'model_birth_timestamp': 40910.15789, 'theta': 2.3794524959417065, 'phi': -1.7389394080894538, 'norm_pos': [0.3310037806866652, 0.17610548943822246], 'topic': 'pupil.1', 'id': 1, 'method': '3d c++'}"
1582184719.994604,"{'circle_3d': {'center': [-6.748984154630529, 9.737502916853387, 77.43378716589812], 'normal': [-0.11489720317968294, 0.7231007837974542, -0.6811195850751863], 'radius': 2.39951818364248}, 'confidence': 0.9973542389699469, 'timestamp': 41052.21029, 'diameter_3d': 4.79903636728496, 'ellipse': {'center': [105.9807433821693, 197.71341441619526], 'axes': [22.265198162019093, 38.503236307535104], 'angle': -78.54997619089782}, 'location': [105.9807433821693, 197.71341441619526], 'diameter': 38.503236307535104, 'sphere': {'center': [-5.370217716474333, 1.0602935112839351, 85.60722218680036], 'radius': 12.0}, 'projected_sphere': {'center': [121.10684473619725, 127.67904810135751], 'axes': [173.81711051820957, 173.81711051820957], 'angle': 90.0}, 'model_confidence': 0.7677809616108311, 'model_id': 1, 'model_birth_timestamp': 40910.15789, 'theta': 2.379077220778172, 'phi': -1.7379117774410096, 'norm_pos': [0.331189823069279, 0.17619410659918644], 'topic': 'pupil.1', 'id': 1, 'method': '3d c++'}"
1582184720.009676,"{'circle_3d': {'center': [-6.774339655060512, 9.722985757627645, 77.42271214485419], 'normal': [-0.11701016154884816, 0.7218910205286424, -0.6820425034955135], 'radius': 2.376059708590967}, 'confidence': 0.9964807000536169, 'timestamp': 41052.21869, 'diameter_3d': 4.752119417181934, 'ellipse': {'center': [105.77046827861429, 197.61311943508264], 'axes': [22.087539543602695, 38.13187844520174], 'angle': -78.36873196116947}, 'location': [105.77046827861429, 197.61311943508264], 'diameter': 38.13187844520174, 'sphere': {'center': [-5.370217716474333, 1.0602935112839351, 85.60722218680036], 'radius': 12.0}, 'projected_sphere': {'center': [121.10684473619725, 127.67904810135751], 'axes': [173.81711051820957, 173.81711051820957], 'angle': 90.0}, 'model_confidence': 0.7670846905392326, 'model_id': 1, 'model_birth_timestamp': 40910.15789, 'theta': 2.377327427144443, 'phi': -1.740700778437924, 'norm_pos': [0.33053271337066964, 0.17661200235382235], 'topic': 'pupil.1', 'id': 1, 'method': '3d c++'}"
1582184720.011759,"{'circle_3d': {'center': [-6.75440230423478, 9.698493313091397, 77.39348143053954], 'normal': [-0.11534871564670386, 0.7198499834839551, -0.6844783963550679], 'radius': 2.3908223019075794}, 'confidence': 0.9973980828356983, 'timestamp': 41052.22709, 'diameter_3d': 4.781644603815159, 'ellipse': {'center': [105.90969119737292, 197.44248432898488], 'axes': [22.35015331385426, 38.38343506723081], 'angle': -78.4511971508319}, 'location': [105.90969119737292, 197.44248432898488], 'diameter': 38.38343506723081, 'sphere': {'center': [-5.370217716474333, 1.0602935112839351, 85.60722218680036], 'radius': 12.0}, 'projected_sphere': {'center': [121.10684473619725, 127.67904810135751], 'axes': [173.81711051820957, 173.81711051820957], 'angle': 90.0}, 'model_confidence': 0.7667389707085581, 'model_id': 1, 'model_birth_timestamp': 40910.15789, 'theta': 2.374382499755967, 'phi': -1.7377482951101, 'norm_pos': [0.33096778499179036, 0.17732298196256302], 'topic': 'pupil.1', 'id': 1, 'method': '3d c++'}"
1582184720.0195782,"{'circle_3d': {'center': [-6.7729614922547645, 9.683169294674277, 77.38053858259327], 'normal': [-0.11689531464836926, 0.718572981949195, -0.6855569670172571], 'radius': 2.390004697737167}, 'confidence': 0.9971888456808243, 'timestamp': 41052.23549, 'diameter_3d': 4.780009395474334, 'ellipse': {'center': [105.75262877905469, 197.33268038333873], 'axes': [22.392237658907263, 38.376555054152746], 'angle': -78.31001890768106}, 'location': [105.75262877905469, 197.33268038333873], 'diameter': 38.376555054152746, 'sphere': {'center': [-5.370217716474333, 1.0602935112839351, 85.60722218680036], 'radius': 12.0}, 'projected_sphere': {'center': [121.10684473619725, 127.67904810135751], 'axes': [173.81711051820957, 173.81711051820957], 'angle': 90.0}, 'model_confidence': 0.7662547636970718, 'model_id': 1, 'model_birth_timestamp': 40910.15789, 'theta': 2.3725445342627314, 'phi': -1.7396835292039776, 'norm_pos': [0.3304769649345459, 0.17778049840275534], 'topic': 'pupil.1', 'id': 1, 'method': '3d c++'}"
1582184720.027194,"{'circle_3d': {'center': [-6.757134914651463, 9.658273263633406, 77.35184788495377], 'normal': [-0.11557643318142749, 0.7164983126957891, -0.6879478584872157], 'radius': 2.3909171042633597}, 'confidence': 0.9966698932486994, 'timestamp': 41052.24389, 'diameter_3d': 4.781834208526719, 'ellipse': {'center': [105.85923754197614, 197.1610266168313], 'axes': [22.52320392034027, 38.40545597536691], 'angle': -78.36646181006527}, 'location': [105.85923754197614, 197.1610266168313], 'diameter': 38.40545597536691, 'sphere': {'center': [-5.370217716474333, 1.0602935112839351, 85.60722218680036], 'radius': 12.0}, 'projected_sphere': {'center': [121.10684473619725, 127.67904810135751], 'axes': [173.81711051820957, 173.81711051820957], 'angle': 90.0}, 'model_confidence': 0.7656605645531611, 'model_id': 1, 'model_birth_timestamp': 40910.15789, 'theta': 2.3695659160609224, 'phi': -1.7372437068222486, 'norm_pos': [0.33081011731867543, 0.17849572242986966], 'topic': 'pupil.1', 'id': 1, 'method': '3d c++'}"
1582184720.036625,"{'circle_3d': {'center': [-6.767077528197735, 9.645984343310971, 77.34074194408285], 'normal': [-0.11640498431028341, 0.7154742360022529, -0.6888733535597927], 'radius': 2.3992576891182584}, 'confidence': 0.997809636793948, 'timestamp': 41052.25229, 'diameter_3d': 4.798515378236517, 'ellipse': {'center': [105.77232682593788, 197.0716722795908], 'axes': [22.646056156060013, 38.544929390817984], 'angle': -78.28357806068719}, 'location': [105.77232682593788, 197.0716722795908], 'diameter': 38.544929390817984, 'sphere': {'center': [-5.370217716474333, 1.0602935112839351, 85.60722218680036], 'radius': 12.0}, 'projected_sphere': {'center': [121.10684473619725, 127.67904810135751], 'axes': [173.81711051820957, 173.81711051820957], 'angle': 90.0}, 'model_confidence': 0.7653448560842713, 'model_id': 1, 'model_birth_timestamp': 40910.15789, 'theta': 2.368098997259783, 'phi': -1.7381937887444698, 'norm_pos': [0.3305385213310559, 0.17886803216837166], 'topic': 'pupil.1', 'id': 1, 'method': '3d c++'}"
1582184720.044472,"{'circle_3d': {'center': [-6.762020709729525, 9.631717379361527, 77.325098226021], 'normal': [-0.11598358277126594, 0.7142853223397994, -0.6901769967316137], 'radius': 2.402467588649602}, 'confidence': 0.9974833749267243, 'timestamp': 41052.26069, 'diameter_3d': 4.804935177299204, 'ellipse': {'center': [105.80198671961568, 196.97188457685593], 'axes': [22.742809125599955, 38.60431001830284], 'angle': -78.2909185463752}, 'location': [105.80198671961568, 196.97188457685593], 'diameter': 38.60431001830284, 'sphere': {'center': [-5.370217716474333, 1.0602935112839351, 85.60722218680036], 'radius': 12.0}, 'projected_sphere': {'center': [121.10684473619725, 127.67904810135751], 'axes': [173.81711051820957, 173.81711051820957], 'angle': 90.0}, 'model_confidence': 0.7650220699960908, 'model_id': 1, 'model_birth_timestamp': 40910.15789, 'theta': 2.366398720240218, 'phi': -1.7372897153150566, 'norm_pos': [0.330631208498799, 0.17928381426310025], 'topic': 'pupil.1', 'id': 1, 'method': '3d c++'}"
1582184720.053029,"{'circle_3d': {'center': [-6.750809460807023, 9.621246800937351, 77.3124018024971], 'normal': [-0.11504931202772412, 0.7134127741377847, -0.691235032025271], 'radius': 2.396934984011275}, 'confidence': 0.9978420823832803, 'timestamp': 41052.26909, 'diameter_3d': 4.79386996802255, 'ellipse': {'center': [105.88270771720393, 196.90145946056197], 'axes': [22.74570979689053, 38.52171741071329], 'angle': -78.34331742874024}, 'location': [105.88270771720393, 196.90145946056197], 'diameter': 38.52171741071329, 'sphere': {'center': [-5.370217716474333, 1.0602935112839351, 85.60722218680036], 'radius': 12.0}, 'projected_sphere': {'center': [121.10684473619725, 127.67904810135751], 'axes': [173.81711051820957, 173.81711051820957], 'angle': 90.0}, 'model_confidence': 0.7648173433785765, 'model_id': 1, 'model_birth_timestamp': 40910.15789, 'theta': 2.3651527557579475, 'phi': -1.7357246713611274, 'norm_pos': [0.33088346161626225, 0.17957725224765853], 'topic': 'pupil.1', 'id': 1, 'method': '3d c++'}"
1582184720.059266,"{'circle_3d': {'center': [-6.754046339173443, 9.603971531639617, 77.29514758249789], 'normal': [-0.11531905189159247, 0.7119731683629735, -0.6926728836918716], 'radius': 2.391514342095692}, 'confidence': 0.9973346244239361, 'timestamp': 41052.27749, 'diameter_3d': 4.783028684191384, 'ellipse': {'center': [105.84487012057926, 196.78093073442676], 'axes': [22.765400976091538, 38.44305435503494], 'angle': -78.2936868820026}, 'location': [105.84487012057926, 196.78093073442676], 'diameter': 38.44305435503494, 'sphere': {'center': [-5.370217716474333, 1.0602935112839351, 85.60722218680036], 'radius': 12.0}, 'projected_sphere': {'center': [121.10684473619725, 127.67904810135751], 'axes': [173.81711051820957, 173.81711051820957], 'angle': 90.0}, 'model_confidence': 0.7644115282487762, 'model_id': 1, 'model_birth_timestamp': 40910.15789, 'theta': 2.3631005022380274, 'phi': -1.73576740902161, 'norm_pos': [0.3307652191268102, 0.18007945527322178], 'topic': 'pupil.1', 'id': 1, 'method': '3d c++'}"
1582184720.068268,"{'circle_3d': {'center': [-6.759839188713064, 9.604684000213934, 77.29684654327042], 'normal': [-0.11580178935322753, 0.7120325407441666, -0.692531303627495], 'radius': 2.3599492409861234}, 'confidence': 0.9970499412097314, 'timestamp': 41052.28589, 'diameter_3d': 4.719898481972247, 'ellipse': {'center': [105.7992111088132, 196.79168984444362], 'axes': [22.45644163248378, 37.93453776610182], 'angle': -78.25861446355619}, 'location': [105.7992111088132, 196.79168984444362], 'diameter': 37.93453776610182, 'sphere': {'center': [-5.370217716474333, 1.0602935112839351, 85.60722218680036], 'radius': 12.0}, 'projected_sphere': {'center': [121.10684473619725, 127.67904810135751], 'axes': [173.81711051820957, 173.81711051820957], 'angle': 90.0}, 'model_confidence': 0.7639361741552109, 'model_id': 1, 'model_birth_timestamp': 40910.15789, 'theta': 2.3631850570121724, 'phi': -1.7364787054083075, 'norm_pos': [0.3306225347150412, 0.18003462564815154], 'topic': 'pupil.1', 'id': 1, 'method': '3d c++'}"
1582184720.075768,"{'circle_3d': {'center': [-6.769904565587041, 9.599193243730836, 77.29289310480948], 'normal': [-0.11664057075939224, 0.7115749777039084, -0.6928607568325728], 'radius': 2.378502687954358}, 'confidence': 0.99708306287718, 'timestamp': 41052.29429, 'diameter_3d': 4.757005375908716, 'ellipse': {'center': [105.71636390959534, 196.74764386002238], 'axes': [22.647436458691356, 38.234794374075506], 'angle': -78.18607120294268}, 'location': [105.71636390959534, 196.74764386002238], 'diameter': 38.234794374075506, 'sphere': {'center': [-5.370217716474333, 1.0602935112839351, 85.60722218680036], 'radius': 12.0}, 'projected_sphere': {'center': [121.10684473619725, 127.67904810135751], 'axes': [173.81711051820957, 173.81711051820957], 'angle': 90.0}, 'model_confidence': 0.7634471031422674, 'model_id': 1, 'model_birth_timestamp': 40910.15789, 'theta': 2.362533608907863, 'phi': -1.7375788319878216, 'norm_pos': [0.33036363721748546, 0.1802181505832401], 'topic': 'pupil.1', 'id': 1, 'method': '3d c++'}"
1582184720.087413,"{'circle_3d': {'center': [-6.755026319826717, 9.610466346797024, 77.30199193021292], 'normal': [-0.11540071694603198, 0.7125144029594239, -0.6921025213822859], 'radius': 2.3851698985019163}, 'confidence': 0.996943972601272, 'timestamp': 41052.30269, 'diameter_3d': 4.770339797003833, 'ellipse': {'center': [105.841647225981, 196.8276942964565], 'axes': [22.67630194077398, 38.33764097343569], 'angle': -78.29860274507627}, 'location': [105.841647225981, 196.8276942964565], 'diameter': 38.33764097343569, 'sphere': {'center': [-5.370217716474333, 1.0602935112839351, 85.60722218680036], 'radius': 12.0}, 'projected_sphere': {'center': [121.10684473619725, 127.67904810135751], 'axes': [173.81711051820957, 173.81711051820957], 'angle': 90.0}, 'model_confidence': 0.7628900879324108, 'model_id': 1, 'model_birth_timestamp': 40910.15789, 'theta': 2.3638715662585117, 'phi': -1.73601571160714, 'norm_pos': [0.3307551475811906, 0.17988460709809784], 'topic': 'pupil.1', 'id': 1, 'method': '3d c++'}"
1582184720.0958478,"{'circle_3d': {'center': [-6.7697263928047775, 9.61426699022545, 77.30837207449919], 'normal': [-0.11662572302753704, 0.7128311232451263, -0.6915708426917635], 'radius': 2.388734494061833}, 'confidence': 0.9970554032234042, 'timestamp': 41052.31109, 'diameter_3d': 4.777468988123666, 'ellipse': {'center': [105.72865456284057, 196.85125893053828], 'axes': [22.680589770620458, 38.391721935815], 'angle': -78.21297172512553}, 'location': [105.72865456284057, 196.85125893053828], 'diameter': 38.391721935815, 'sphere': {'center': [-5.370217716474333, 1.0602935112839351, 85.60722218680036], 'radius': 12.0}, 'projected_sphere': {'center': [121.10684473619725, 127.67904810135751], 'axes': [173.81711051820957, 173.81711051820957], 'angle': 90.0}, 'model_confidence': 0.7623224821449059, 'model_id': 1, 'model_birth_timestamp': 40910.15789, 'theta': 2.3643230585104935, 'phi': -1.7378632855097635, 'norm_pos': [0.3304020455088768, 0.17978642112275722], 'topic': 'pupil.1', 'id': 1, 'method': '3d c++'}"
1582184720.1039948,"{'circle_3d': {'center': [-6.775497236968326, 9.606911797060324, 77.30177184702269], 'normal': [-0.11710662670783277, 0.7122181904813657, -0.6921208616481382], 'radius': 2.374971689196967}, 'confidence': 0.9970549325723361, 'timestamp': 41052.31949, 'diameter_3d': 4.749943378393934, 'ellipse': {'center': [105.67774565823919, 196.80165933060493], 'axes': [22.575875800394158, 38.17361450883614], 'angle': -78.16425282725703}, 'location': [105.67774565823919, 196.80165933060493], 'diameter': 38.17361450883614, 'sphere': {'center': [-5.370217716474333, 1.0602935112839351, 85.60722218680036], 'radius': 12.0}, 'projected_sphere': {'center': [121.10684473619725, 127.67904810135751], 'axes': [173.81711051820957, 173.81711051820957], 'angle': 90.0}, 'model_confidence': 0.7618151439148568, 'model_id': 1, 'model_birth_timestamp': 40910.15789, 'theta': 2.3634494956208587, 'phi': -1.7384085385640844, 'norm_pos': [0.3302429551819975, 0.17999308612247944], 'topic': 'pupil.1', 'id': 1, 'method': '3d c++'}"
1582184720.111899,"{'circle_3d': {'center': [-6.776443468891871, 9.612492936570764, 77.30767917990164], 'normal': [-0.11718547936812812, 0.712683285440569, -0.6916285839082263], 'radius': 2.3714067982863645}, 'confidence': 0.9974511418388092, 'timestamp': 41052.32789, 'diameter_3d': 4.742813596572729, 'ellipse': {'center': [105.6742058078043, 196.84140761960245], 'axes': [22.51736237069091, 38.11338861119947], 'angle': -78.16790246886696}, 'location': [105.6742058078043, 196.84140761960245], 'diameter': 38.11338861119947, 'sphere': {'center': [-5.370217716474333, 1.0602935112839351, 85.60722218680036], 'radius': 12.0}, 'projected_sphere': {'center': [121.10684473619725, 127.67904810135751], 'axes': [173.81711051820957, 173.81711051820957], 'angle': 90.0}, 'model_confidence': 0.7616072939342522, 'model_id': 1, 'model_birth_timestamp': 40910.15789, 'theta': 2.364112286453563, 'phi': -1.7386364455848609, 'norm_pos': [0.33023189314938844, 0.1798274682516564], 'topic': 'pupil.1', 'id': 1, 'method': '3d c++'}"
1582184720.1225889,"{'circle_3d': {'center': [-6.793467011381997, 9.60829437128297, 77.30625581281711], 'normal': [-0.11860410790897194, 0.7123334049999195, -0.6917471978319373], 'radius': 2.3604581127607633}, 'confidence': 0.9967202736600406, 'timestamp': 41052.33629, 'diameter_3d': 4.720916225521527, 'ellipse': {'center': [105.53700322187962, 196.811511655679], 'axes': [22.415610730089558, 37.937916926695074], 'angle': -78.05413510191327}, 'location': [105.53700322187962, 196.811511655679], 'diameter': 37.937916926695074, 'sphere': {'center': [-5.370217716474333, 1.0602935112839351, 85.60722218680036], 'radius': 12.0}, 'projected_sphere': {'center': [121.10684473619725, 127.67904810135751], 'axes': [173.81711051820957, 173.81711051820957], 'angle': 90.0}, 'model_confidence': 0.7610061873248197, 'model_id': 1, 'model_birth_timestamp': 40910.15789, 'theta': 2.363613642320435, 'phi': -1.7406011062298448, 'norm_pos': [0.3298031350683738, 0.17995203476800414], 'topic': 'pupil.1', 'id': 1, 'method': '3d c++'}"
1582184720.127688,"{'circle_3d': {'center': [-6.780230178560606, 9.605894258450862, 77.30152698851734], 'normal': [-0.11750103850718933, 0.7121333955972439, -0.6921412665235842], 'radius': 2.3598748290521243}, 'confidence': 0.9971445568510636, 'timestamp': 41052.34469, 'diameter_3d': 4.719749658104249, 'ellipse': {'center': [105.63949228575879, 196.79693914923], 'axes': [22.432251869463105, 37.93092782636432], 'angle': -78.132879997597}, 'location': [105.63949228575879, 196.79693914923], 'diameter': 37.93092782636432, 'sphere': {'center': [-5.370217716474333, 1.0602935112839351, 85.60722218680036], 'radius': 12.0}, 'projected_sphere': {'center': [121.10684473619725, 127.67904810135751], 'axes': [173.81711051820957, 173.81711051820957], 'angle': 90.0}, 'model_confidence': 0.7605300422502181, 'model_id': 1, 'model_birth_timestamp': 40910.15789, 'theta': 2.363328705388301, 'phi': -1.738957621372884, 'norm_pos': [0.3301234133929962, 0.1800127535448749], 'topic': 'pupil.1', 'id': 1, 'method': '3d c++'}"
1582184720.1355882,"{'circle_3d': {'center': [-6.798518713098892, 9.617411933912342, 77.31652375035034], 'normal': [-0.11902508305204659, 0.7130932018857006, -0.6908915363708349], 'radius': 2.3780054480392403}, 'confidence': 0.9966284019631726, 'timestamp': 41052.35309, 'diameter_3d': 4.756010896078481, 'ellipse': {'center': [105.50407012997381, 196.87092995185728], 'axes': [22.538845120216855, 38.21500917076039], 'angle': -78.03825539863519}, 'location': [105.50407012997381, 196.87092995185728], 'diameter': 38.21500917076039, 'sphere': {'center': [-5.370217716474333, 1.0602935112839351, 85.60722218680036], 'radius': 12.0}, 'projected_sphere': {'center': [121.10684473619725, 127.67904810135751], 'axes': [173.81711051820957, 173.81711051820957], 'angle': 90.0}, 'model_confidence': 0.7600966803262277, 'model_id': 1, 'model_birth_timestamp': 40910.15789, 'theta': 2.3646968145146445, 'phi': -1.7413991997514637, 'norm_pos': [0.32970021915616815, 0.17970445853392802], 'topic': 'pupil.1', 'id': 1, 'method': '3d c++'}"
1582184720.144929,"{'circle_3d': {'center': [-6.815271229179201, 9.606786907010552, 77.30847101676153], 'normal': [-0.12042112605873895, 0.712207782977218, -0.6915625975032349], 'radius': 2.3676895368574677}, 'confidence': 0.9975074282662062, 'timestamp': 41052.36149, 'diameter_3d': 4.7353790737149355, 'ellipse': {'center': [105.36444637679776, 196.7958473077779], 'axes': [22.47067284267257, 38.05297351014987], 'angle': -77.91512212059068}, 'location': [105.36444637679776, 196.7958473077779], 'diameter': 38.05297351014987, 'sphere': {'center': [-5.370217716474333, 1.0602935112839351, 85.60722218680036], 'radius': 12.0}, 'projected_sphere': {'center': [121.10684473619725, 127.67904810135751], 'axes': [173.81711051820957, 173.81711051820957], 'angle': 90.0}, 'model_confidence': 0.7599322451100843, 'model_id': 1, 'model_birth_timestamp': 40910.15789, 'theta': 2.363434669344081, 'phi': -1.7431967817901814, 'norm_pos': [0.329263894927493, 0.18001730288425877], 'topic': 'pupil.1', 'id': 1, 'method': '3d c++'}"
1582184720.1517901,"{'circle_3d': {'center': [-6.819493754212777, 9.622296445457623, 77.32521127630052], 'normal': [-0.12077300314487033, 0.713500244514474, -0.6901675758749861], 'radius': 2.363285217668751}, 'confidence': 0.9963625191577442, 'timestamp': 41052.36989, 'diameter_3d': 4.726570435337502, 'ellipse': {'center': [105.34226680258494, 196.90480721193697], 'axes': [22.359104881561766, 37.973961730425096], 'angle': -77.91573944799354}, 'location': [105.34226680258494, 196.90480721193697], 'diameter': 37.973961730425096, 'sphere': {'center': [-5.370217716474333, 1.0602935112839351, 85.60722218680036], 'radius': 12.0}, 'projected_sphere': {'center': [121.10684473619725, 127.67904810135751], 'axes': [173.81711051820957, 173.81711051820957], 'angle': 90.0}, 'model_confidence': 0.7594478583595188, 'model_id': 1, 'model_birth_timestamp': 40910.15789, 'theta': 2.365277588692952, 'phi': -1.7440331044409825, 'norm_pos': [0.329194583758078, 0.17956330328359593], 'topic': 'pupil.1', 'id': 1, 'method': '3d c++'}"
1582184720.159782,"{'circle_3d': {'center': [-6.818528363657448, 9.618969828653077, 77.32160477083427], 'normal': [-0.12069255393192622, 0.7132230264474284, -0.6904681179971743], 'radius': 2.358824058673486}, 'confidence': 0.9962189054406613, 'timestamp': 41052.37829, 'diameter_3d': 4.717648117346972, 'ellipse': {'center': [105.34739060684902, 196.88258846321804], 'axes': [22.331856828250473, 37.9040049534159], 'angle': -77.91598624669547}, 'location': [105.34739060684902, 196.88258846321804], 'diameter': 37.9040049534159, 'sphere': {'center': [-5.370217716474333, 1.0602935112839351, 85.60722218680036], 'radius': 12.0}, 'projected_sphere': {'center': [121.10684473619725, 127.67904810135751], 'axes': [173.81711051820957, 173.81711051820957], 'angle': 90.0}, 'model_confidence': 0.7587314553928692, 'model_id': 1, 'model_birth_timestamp': 40910.15789, 'theta': 2.3648820127564494, 'phi': -1.7438461405090708, 'norm_pos': [0.3292105956464032, 0.17965588140325817], 'topic': 'pupil.1', 'id': 1, 'method': '3d c++'}"
1582184720.171575,"{'circle_3d': {'center': [-6.821911950171843, 9.642745387176719, 77.34682851277768], 'normal': [-0.12097451947479244, 0.7152043229910653, -0.6883661395018896], 'radius': 2.368642609892147}, 'confidence': 0.9971833843994753, 'timestamp': 41052.38669, 'diameter_3d': 4.737285219784294, 'ellipse': {'center': [105.33807539006393, 197.04648940443332], 'axes': [22.320316991877526, 38.049511113443195], 'angle': -77.9361801319204}, 'location': [105.33807539006393, 197.04648940443332], 'diameter': 38.049511113443195, 'sphere': {'center': [-5.370217716474333, 1.0602935112839351, 85.60722218680036], 'radius': 12.0}, 'projected_sphere': {'center': [121.10684473619725, 127.67904810135751], 'axes': [173.81711051820957, 173.81711051820957], 'angle': 90.0}, 'model_confidence': 0.7583773038140285, 'model_id': 1, 'model_birth_timestamp': 40910.15789, 'theta': 2.3677127325398475, 'phi': -1.7447613992878448, 'norm_pos': [0.3291814855939498, 0.17897296081486114], 'topic': 'pupil.1', 'id': 1, 'method': '3d c++'}"
1582184720.179764,"{'circle_3d': {'center': [-6.837648564417143, 9.651544647555966, 77.35876471767254], 'normal': [-0.12228590399523415, 0.7159375946893358, -0.6873714557606512], 'radius': 2.371900527205718}, 'confidence': 0.9974882690172652, 'timestamp': 41052.39509, 'diameter_3d': 4.743801054411436, 'ellipse': {'center': [105.22076926588623, 197.1047280158701], 'axes': [22.29858902742268, 38.095931311376994], 'angle': -77.85357016823217}, 'location': [105.22076926588623, 197.1047280158701], 'diameter': 38.095931311376994, 'sphere': {'center': [-5.370217716474333, 1.0602935112839351, 85.60722218680036], 'radius': 12.0}, 'projected_sphere': {'center': [121.10684473619725, 127.67904810135751], 'axes': [173.81711051820957, 173.81711051820957], 'angle': 90.0}, 'model_confidence': 0.7580177031889734, 'model_id': 1, 'model_birth_timestamp': 40910.15789, 'theta': 2.368762453077507, 'phi': -1.746857984003817, 'norm_pos': [0.32881490395589447, 0.17873029993387457], 'topic': 'pupil.1', 'id': 1, 'method': '3d c++'}"
1582184720.190316,"{'circle_3d': {'center': [-6.831087572524115, 9.64687953742529, 77.352744633414], 'normal': [-0.12173915467081516, 0.7155488355117795, -0.6878731294488626], 'radius': 2.375808187091571}, 'confidence': 0.9970076434721408, 'timestamp': 41052.40349, 'diameter_3d': 4.751616374183142, 'ellipse': {'center': [105.26904309605803, 197.07237767786188], 'axes': [22.361571750104034, 38.161716761108615], 'angle': -77.88624187819175}, 'location': [105.26904309605803, 197.07237767786188], 'diameter': 38.161716761108615, 'sphere': {'center': [-5.370217716474333, 1.0602935112839351, 85.60722218680036], 'radius': 12.0}, 'projected_sphere': {'center': [121.10684473619725, 127.67904810135751], 'axes': [173.81711051820957, 173.81711051820957], 'angle': 90.0}, 'model_confidence': 0.7574643880158161, 'model_id': 1, 'model_birth_timestamp': 40910.15789, 'theta': 2.3682057814162083, 'phi': -1.7459616189835014, 'norm_pos': [0.3289657596751813, 0.17886509300890885], 'topic': 'pupil.1', 'id': 1, 'method': '3d c++'}"
1582184720.195358,"{'circle_3d': {'center': [-6.834558454754118, 9.658018536696046, 77.36496335868677], 'normal': [-0.12202839485664876, 0.7164770854510092, -0.6868549023427998], 'radius': 2.3585547385566246}, 'confidence': 0.9962203418582107, 'timestamp': 41052.41189, 'diameter_3d': 4.717109477113249, 'ellipse': {'center': [105.2495153327507, 197.15331516221215], 'axes': [22.148257681906735, 37.87848038617517], 'angle': -77.88406548537709}, 'location': [105.2495153327507, 197.15331516221215], 'diameter': 37.87848038617517, 'sphere': {'center': [-5.370217716474333, 1.0602935112839351, 85.60722218680036], 'radius': 12.0}, 'projected_sphere': {'center': [121.10684473619725, 127.67904810135751], 'axes': [173.81711051820957, 173.81711051820957], 'angle': 90.0}, 'model_confidence': 0.7567788130253161, 'model_id': 1, 'model_birth_timestamp': 40910.15789, 'theta': 2.3695354870856717, 'phi': -1.746624254460457, 'norm_pos': [0.32890473541484594, 0.1785278534907827], 'topic': 'pupil.1', 'id': 1, 'method': '3d c++'}"
1582184720.204741,"{'circle_3d': {'center': [-6.840087310149039, 9.672157709776075, 77.38072363612159], 'normal': [-0.12248913280622548, 0.717655349874345, -0.6855415458898974], 'radius': 2.3749926632458123}, 'confidence': 0.9971786761958894, 'timestamp': 41052.42029, 'diameter_3d': 4.7499853264916245, 'ellipse': {'center': [105.21664404321496, 197.24775969336065], 'axes': [22.236669683945333, 38.134856126795306], 'angle': -77.87430505789405}, 'location': [105.21664404321496, 197.24775969336065], 'diameter': 38.134856126795306, 'sphere': {'center': [-5.370217716474333, 1.0602935112839351, 85.60722218680036], 'radius': 12.0}, 'projected_sphere': {'center': [121.10684473619725, 127.67904810135751], 'axes': [173.81711051820957, 173.81711051820957], 'angle': 90.0}, 'model_confidence': 0.7564655619748062, 'model_id': 1, 'model_birth_timestamp': 40910.15789, 'theta': 2.3712259554824024, 'phi': -1.747605547786478, 'norm_pos': [0.3288020126350467, 0.17813433461099726], 'topic': 'pupil.1', 'id': 1, 'method': '3d c++'}"
1582184720.211898,"{'circle_3d': {'center': [-6.853866163809869, 9.676656461748703, 77.38791097535588], 'normal': [-0.12363737061129465, 0.7180302458720639, -0.6849426009537067], 'radius': 2.36412137517145}, 'confidence': 0.9961091696625534, 'timestamp': 41052.42869, 'diameter_3d': 4.7282427503429, 'ellipse': {'center': [105.1114599591529, 197.27909727965192], 'axes': [22.102456418513547, 37.95661992798374], 'angle': -77.79674898624529}, 'location': [105.1114599591529, 197.27909727965192], 'diameter': 37.95661992798374, 'sphere': {'center': [-5.370217716474333, 1.0602935112839351, 85.60722218680036], 'radius': 12.0}, 'projected_sphere': {'center': [121.10684473619725, 127.67904810135751], 'axes': [173.81711051820957, 173.81711051820957], 'angle': 90.0}, 'model_confidence': 0.7556957637600559, 'model_id': 1, 'model_birth_timestamp': 40910.15789, 'theta': 2.371764440403762, 'phi': -1.7493809275338685, 'norm_pos': [0.3284733123723528, 0.17800376133478368], 'topic': 'pupil.1', 'id': 1, 'method': '3d c++'}"
1582184720.221565,"{'circle_3d': {'center': [-6.860417074302708, 9.684266788363642, 77.39708267579672], 'normal': [-0.12418327981903117, 0.7186644397566422, -0.6841782925836363], 'radius': 2.365101292978288}, 'confidence': 0.9969166879704667, 'timestamp': 41052.43709, 'diameter_3d': 4.730202585956576, 'ellipse': {'center': [105.06558798688886, 197.33089591362966], 'axes': [22.072666255390857, 37.96784977203499], 'angle': -77.76948368113457}, 'location': [105.06558798688886, 197.33089591362966], 'diameter': 37.96784977203499, 'sphere': {'center': [-5.370217716474333, 1.0602935112839351, 85.60722218680036], 'radius': 12.0}, 'projected_sphere': {'center': [121.10684473619725, 127.67904810135751], 'axes': [173.81711051820957, 173.81711051820957], 'angle': 90.0}, 'model_confidence': 0.7553014821942816, 'model_id': 1, 'model_birth_timestamp': 40910.15789, 'theta': 2.3726760517223906, 'phi': -1.7503487707078138, 'norm_pos': [0.3283299624590277, 0.17778793369320978], 'topic': 'pupil.1', 'id': 1, 'method': '3d c++'}"
1582184720.228342,"{'circle_3d': {'center': [-6.8744701819351945, 9.695409870075826, 77.41137018775355], 'normal': [-0.12535437212173847, 0.7195930298993243, -0.6829876665872342], 'radius': 2.3745810142175503}, 'confidence': 0.9972920768197242, 'timestamp': 41052.44549, 'diameter_3d': 4.749162028435101, 'ellipse': {'center': [104.96359029061168, 197.40422254389398], 'axes': [22.09952584544885, 38.11302961702054], 'angle': -77.70210063394619}, 'location': [104.96359029061168, 197.40422254389398], 'diameter': 38.11302961702054, 'sphere': {'center': [-5.370217716474333, 1.0602935112839351, 85.60722218680036], 'radius': 12.0}, 'projected_sphere': {'center': [121.10684473619725, 127.67904810135751], 'axes': [173.81711051820957, 173.81711051820957], 'angle': 90.0}, 'model_confidence': 0.7549223367963487, 'model_id': 1, 'model_birth_timestamp': 40910.15789, 'theta': 2.374012389821302, 'phi': -1.7523143627618953, 'norm_pos': [0.3280112196581615, 0.1774824060671084], 'topic': 'pupil.1', 'id': 1, 'method': '3d c++'}"
1582184720.235939,"{'circle_3d': {'center': [-6.8872043249838, 9.698766182860043, 77.41725628137463], 'normal': [-0.12641555070912225, 0.7198727226313422, -0.6824971587854767], 'radius': 2.3737124385202737}, 'confidence': 0.997135088801159, 'timestamp': 41052.45389, 'diameter_3d': 4.747424877040547, 'ellipse': {'center': [104.86607738620809, 197.42557067911304], 'axes': [22.06459309687942, 38.09612163892035], 'angle': -77.62938703913}, 'location': [104.86607738620809, 197.42557067911304], 'diameter': 38.09612163892035, 'sphere': {'center': [-5.370217716474333, 1.0602935112839351, 85.60722218680036], 'radius': 12.0}, 'projected_sphere': {'center': [121.10684473619725, 127.67904810135751], 'axes': [173.81711051820957, 173.81711051820957], 'angle': 90.0}, 'model_confidence': 0.7544376837388067, 'model_id': 1, 'model_birth_timestamp': 40910.15789, 'theta': 2.3744152595335524, 'phi': -1.753945658980567, 'norm_pos': [0.32770649183190026, 0.17739345550369567], 'topic': 'pupil.1', 'id': 1, 'method': '3d c++'}"
1582184720.243514,"{'circle_3d': {'center': [-6.898885005830932, 9.6861439432291, 77.40613197609285], 'normal': [-0.1273889407797166, 0.7188208693287637, -0.6834241842256259], 'radius': 2.3747328161710137}, 'confidence': 0.9968190647060937, 'timestamp': 41052.46229, 'diameter_3d': 4.7494656323420275, 'ellipse': {'center': [104.7650894523187, 197.33524143859495], 'axes': [22.117400395646175, 38.11786713083422], 'angle': -77.53499261687928}, 'location': [104.7650894523187, 197.33524143859495], 'diameter': 38.11786713083422, 'sphere': {'center': [-5.370217716474333, 1.0602935112839351, 85.60722218680036], 'radius': 12.0}, 'projected_sphere': {'center': [121.10684473619725, 127.67904810135751], 'axes': [173.81711051820957, 173.81711051820957], 'angle': 90.0}, 'model_confidence': 0.754002342066995, 'model_id': 1, 'model_birth_timestamp': 40910.15789, 'theta': 2.3729010408319624, 'phi': -1.7550795471917036, 'norm_pos': [0.32739090453849595, 0.17776982733918767], 'topic': 'pupil.1', 'id': 1, 'method': '3d c++'}"
1582184720.2580328,"{'circle_3d': {'center': [-6.910608137235794, 9.689390192344831, 77.41174246804502], 'normal': [-0.12836586839678837, 0.719091390088408, -0.682956643229612], 'radius': 2.3820828381523214}, 'confidence': 0.9971380107864843, 'timestamp': 41052.47069, 'diameter_3d': 4.764165676304643, 'ellipse': {'center': [104.67562030177696, 197.35426271758467], 'axes': [22.160332204336413, 38.233076143927484], 'angle': -77.46839579450801}, 'location': [104.67562030177696, 197.35426271758467], 'diameter': 38.233076143927484, 'sphere': {'center': [-5.370217716474333, 1.0602935112839351, 85.60722218680036], 'radius': 12.0}, 'projected_sphere': {'center': [121.10684473619725, 127.67904810135751], 'axes': [173.81711051820957, 173.81711051820957], 'angle': 90.0}, 'model_confidence': 0.7536387832840497, 'model_id': 1, 'model_birth_timestamp': 40910.15789, 'theta': 2.373290248290789, 'phi': -1.7565848519665437, 'norm_pos': [0.327111313443053, 0.17769057201006389], 'topic': 'pupil.1', 'id': 1, 'method': '3d c++'}"
1582184720.263648,"{'circle_3d': {'center': [-6.909653145341231, 9.695129292357498, 77.41760988863624], 'normal': [-0.1282862857389081, 0.7195696484227968, -0.6824676915136774], 'radius': 2.3664371847861565}, 'confidence': 0.9970312820386698, 'timestamp': 41052.47909, 'diameter_3d': 4.732874369572313, 'ellipse': {'center': [104.6870551040385, 197.39772792093157], 'axes': [21.990795462063776, 37.97898107352113], 'angle': -77.48450763600627}, 'location': [104.6870551040385, 197.39772792093157], 'diameter': 37.97898107352113, 'sphere': {'center': [-5.370217716474333, 1.0602935112839351, 85.60722218680036], 'radius': 12.0}, 'projected_sphere': {'center': [121.10684473619725, 127.67904810135751], 'axes': [173.81711051820957, 173.81711051820957], 'angle': 90.0}, 'model_confidence': 0.7532826978115303, 'model_id': 1, 'model_birth_timestamp': 40910.15789, 'theta': 2.3739787187359225, 'phi': -1.7566022863727013, 'norm_pos': [0.32714704720012033, 0.17750946699611847], 'topic': 'pupil.1', 'id': 1, 'method': '3d c++'}"
1582184720.271704,"{'circle_3d': {'center': [-6.916024913274475, 9.6818149074765, 77.40479273417385], 'normal': [-0.12881726640001176, 0.7184601163493803, -0.6835357877188752], 'radius': 2.373343896924354}, 'confidence': 0.9974613833594425, 'timestamp': 41052.48749, 'diameter_3d': 4.746687793848708, 'ellipse': {'center': [104.62733554272846, 197.30225954443213], 'axes': [22.106392697915876, 38.09610248409855], 'angle': -77.42149803170417}, 'location': [104.62733554272846, 197.30225954443213], 'diameter': 38.09610248409855, 'sphere': {'center': [-5.370217716474333, 1.0602935112839351, 85.60722218680036], 'radius': 12.0}, 'projected_sphere': {'center': [121.10684473619725, 127.67904810135751], 'axes': [173.81711051820957, 173.81711051820957], 'angle': 90.0}, 'model_confidence': 0.753193696679777, 'model_id': 1, 'model_birth_timestamp': 40910.15789, 'theta': 2.3723822567646713, 'phi': -1.7570688439281523, 'norm_pos': [0.32696042357102645, 0.17790725189819945], 'topic': 'pupil.1', 'id': 1, 'method': '3d c++'}"
1582184720.281513,"{'circle_3d': {'center': [-6.9154032596302315, 9.68845449962326, 77.41165999763228], 'normal': [-0.12876546192965818, 0.7190134156949437, -0.6829635157640062], 'radius': 2.394927158215554}, 'confidence': 0.9979408707659622, 'timestamp': 41052.49589, 'diameter_3d': 4.789854316431108, 'ellipse': {'center': [104.63755444467917, 197.3441785807006], 'axes': [22.27927935696107, 38.43934513559986], 'angle': -77.43713503002643}, 'location': [104.63755444467917, 197.3441785807006], 'diameter': 38.43934513559986, 'sphere': {'center': [-5.370217716474333, 1.0602935112839351, 85.60722218680036], 'radius': 12.0}, 'projected_sphere': {'center': [121.10684473619725, 127.67904810135751], 'axes': [173.81711051820957, 173.81711051820957], 'angle': 90.0}, 'model_confidence': 0.7531470736839796, 'model_id': 1, 'model_birth_timestamp': 40910.15789, 'theta': 2.3731780477920745, 'phi': -1.7571480887249535, 'norm_pos': [0.3269923576396224, 0.1777325892470808], 'topic': 'pupil.1', 'id': 1, 'method': '3d c++'}"
1582184720.287272,"{'circle_3d': {'center': [-6.9155631670904345, 9.69215618706023, 77.41558900502272], 'normal': [-0.12877878755134173, 0.7193218896480245, -0.6826360984814689], 'radius': 2.3725404471549623}, 'confidence': 0.9972892765978612, 'timestamp': 41052.50429, 'diameter_3d': 4.7450808943099245, 'ellipse': {'center': [104.63859542185322, 197.37466094666053], 'axes': [22.054640403594437, 38.07792948260981], 'angle': -77.44277573383748}, 'location': [104.63859542185322, 197.37466094666053], 'diameter': 38.07792948260981, 'sphere': {'center': [-5.370217716474333, 1.0602935112839351, 85.60722218680036], 'radius': 12.0}, 'projected_sphere': {'center': [121.10684473619725, 127.67904810135751], 'axes': [173.81711051820957, 173.81711051820957], 'angle': 90.0}, 'model_confidence': 0.7525930115366619, 'model_id': 1, 'model_birth_timestamp': 40910.15789, 'theta': 2.3736219996046586, 'phi': -1.757254263504175, 'norm_pos': [0.3269956106932913, 0.17760557938891453], 'topic': 'pupil.1', 'id': 1, 'method': '3d c++'}"
1582184720.296903,"{'circle_3d': {'center': [-6.921196705063235, 9.69603857021493, 77.42074727667544], 'normal': [-0.12924824904907506, 0.7196454215775827, -0.6822062425104094], 'radius': 2.378135784682734}, 'confidence': 0.9967203188706271, 'timestamp': 41052.51269, 'diameter_3d': 4.756271569365468, 'ellipse': {'center': [104.59738209906952, 197.399553342964], 'axes': [22.08429825103962, 38.16521479988164], 'angle': -77.41496551592166}, 'location': [104.59738209906952, 197.399553342964], 'diameter': 38.16521479988164, 'sphere': {'center': [-5.370217716474333, 1.0602935112839351, 85.60722218680036], 'radius': 12.0}, 'projected_sphere': {'center': [121.10684473619725, 127.67904810135751], 'axes': [173.81711051820957, 173.81711051820957], 'angle': 90.0}, 'model_confidence': 0.7520246345856241, 'model_id': 1, 'model_birth_timestamp': 40910.15789, 'theta': 2.3740878420460128, 'phi': -1.7580334343189714, 'norm_pos': [0.32686681905959225, 0.1775018610709833], 'topic': 'pupil.1', 'id': 1, 'method': '3d c++'}"
1582184720.3041852,"{'circle_3d': {'center': [-6.93824102621761, 9.718715657410511, 77.4479925148542], 'normal': [-0.13066860914527303, 0.7215351788438813, -0.6799358059955132], 'radius': 2.3599573250167887}, 'confidence': 0.9965183619434287, 'timestamp': 41052.52109, 'diameter_3d': 4.719914650033577, 'ellipse': {'center': [104.48022734752445, 197.55823001586657], 'axes': [21.80059378836719, 37.85999293422021], 'angle': -77.35063443816934}, 'location': [104.48022734752445, 197.55823001586657], 'diameter': 37.85999293422021, 'sphere': {'center': [-5.370217716474333, 1.0602935112839351, 85.60722218680036], 'radius': 12.0}, 'projected_sphere': {'center': [121.10684473619725, 127.67904810135751], 'axes': [173.81711051820957, 173.81711051820957], 'angle': 90.0}, 'model_confidence': 0.7515328986053893, 'model_id': 1, 'model_birth_timestamp': 40910.15789, 'theta': 2.376813347901649, 'phi': -1.7606594110803668, 'norm_pos': [0.3265007104610139, 0.17684070826722265], 'topic': 'pupil.1', 'id': 1, 'method': '3d c++'}"
1582184720.313693,"{'circle_3d': {'center': [-6.91732459956795, 9.717712947549275, 77.44293722136342], 'normal': [-0.12892557359113474, 0.7214516196887784, -0.6803570804530773], 'radius': 2.358083913182688}, 'confidence': 0.9963626223816255, 'timestamp': 41052.52949, 'diameter_3d': 4.716167826365376, 'ellipse': {'center': [104.64348294582275, 197.5554515132804], 'axes': [21.80819243426133, 37.8325127817432], 'angle': -77.47738010154328}, 'location': [104.64348294582275, 197.5554515132804], 'diameter': 37.8325127817432, 'sphere': {'center': [-5.370217716474333, 1.0602935112839351, 85.60722218680036], 'radius': 12.0}, 'projected_sphere': {'center': [121.10684473619725, 127.67904810135751], 'axes': [173.81711051820957, 173.81711051820957], 'angle': 90.0}, 'model_confidence': 0.7510188909100157, 'model_id': 1, 'model_birth_timestamp': 40910.15789, 'theta': 2.3766926711493026, 'phi': -1.7580726802877367, 'norm_pos': [0.32701088420569613, 0.17685228536133168], 'topic': 'pupil.1', 'id': 1, 'method': '3d c++'}"
1582184720.320404,"{'circle_3d': {'center': [-6.931685761581869, 9.726755517048243, 77.45527433081209], 'normal': [-0.1301223370922947, 0.7222051671470257, -0.6793289879990224], 'radius': 2.3726359390433642}, 'confidence': 0.9956354153263307, 'timestamp': 41052.53789, 'diameter_3d': 4.7452718780867285, 'ellipse': {'center': [104.53789364303937, 197.61276986732213], 'axes': [21.88933957554431, 38.05998502750246], 'angle': -77.40520622283967}, 'location': [104.53789364303937, 197.61276986732213], 'diameter': 38.05998502750246, 'sphere': {'center': [-5.370217716474333, 1.0602935112839351, 85.60722218680036], 'radius': 12.0}, 'projected_sphere': {'center': [121.10684473619725, 127.67904810135751], 'axes': [173.81711051820957, 173.81711051820957], 'angle': 90.0}, 'model_confidence': 0.7505622090224762, 'model_id': 1, 'model_birth_timestamp': 40910.15789, 'theta': 2.377781499370499, 'phi': -1.7600493964760826, 'norm_pos': [0.326680917634498, 0.17661345888615776], 'topic': 'pupil.1', 'id': 1, 'method': '3d c++'}"
1582184720.328665,"{'circle_3d': {'center': [-6.9255227212408155, 9.733744526296794, 77.46153168001575], 'normal': [-0.1296087503972068, 0.722787584584405, -0.67880754223205], 'radius': 2.3701994888194657}, 'confidence': 0.9904052760801215, 'timestamp': 41052.54629, 'diameter_3d': 4.7403989776389315, 'ellipse': {'center': [104.59140124714882, 197.6630312927639], 'axes': [21.84249840440835, 38.01787267163802], 'angle': -77.45546089831846}, 'location': [104.59140124714882, 197.6630312927639], 'diameter': 38.01787267163802, 'sphere': {'center': [-5.370217716474333, 1.0602935112839351, 85.60722218680036], 'radius': 12.0}, 'projected_sphere': {'center': [121.10684473619725, 127.67904810135751], 'axes': [173.81711051820957, 173.81711051820957], 'angle': 90.0}, 'model_confidence': 0.749868405773868, 'model_id': 1, 'model_birth_timestamp': 40910.15789, 'theta': 2.3786239043706843, 'phi': -1.7594614396589416, 'norm_pos': [0.32684812889734005, 0.17640403628015044], 'topic': 'pupil.1', 'id': 1, 'method': '3d c++'}"
1582184720.339558,"{'circle_3d': {'center': [-6.923801141932673, 9.757102691520101, 77.48614537256562], 'normal': [-0.12946528545486158, 0.7247340983530137, -0.6767564011862285], 'radius': 2.3564823449654493}, 'confidence': 0.9970445959341001, 'timestamp': 41052.55469, 'diameter_3d': 4.712964689930899, 'ellipse': {'center': [104.62216812714135, 197.82854823059665], 'axes': [21.616208084842768, 37.78582864036997], 'angle': -77.50741468267022}, 'location': [104.62216812714135, 197.82854823059665], 'diameter': 37.78582864036997, 'sphere': {'center': [-5.370217716474333, 1.0602935112839351, 85.60722218680036], 'radius': 12.0}, 'projected_sphere': {'center': [121.10684473619725, 127.67904810135751], 'axes': [173.81711051820957, 173.81711051820957], 'angle': 90.0}, 'model_confidence': 0.7494301998597908, 'model_id': 1, 'model_birth_timestamp': 40910.15789, 'theta': 2.381444734753347, 'phi': -1.7598152245097802, 'norm_pos': [0.32694427539731674, 0.1757143823725139], 'topic': 'pupil.1', 'id': 1, 'method': '3d c++'}"
1582184720.349869,"{'circle_3d': {'center': [-6.945389600641307, 9.738694175706783, 77.47062612683308], 'normal': [-0.1312643236805811, 0.7232000553685706, -0.6780496716639395], 'radius': 2.3836068776806587}, 'confidence': 0.997079377201273, 'timestamp': 41052.56309, 'diameter_3d': 4.767213755361317, 'ellipse': {'center': [104.43963941944187, 197.69101686346238], 'axes': [21.92460756545015, 38.22844861543941], 'angle': -77.34244557702044}, 'location': [104.43963941944187, 197.69101686346238], 'diameter': 38.22844861543941, 'sphere': {'center': [-5.370217716474333, 1.0602935112839351, 85.60722218680036], 'radius': 12.0}, 'projected_sphere': {'center': [121.10684473619725, 127.67904810135751], 'axes': [173.81711051820957, 173.81711051820957], 'angle': 90.0}, 'model_confidence': 0.7492153833700055, 'model_id': 1, 'model_birth_timestamp': 40910.15789, 'theta': 2.379220948773092, 'phi': -1.7620218740677278, 'norm_pos': [0.32637387318575584, 0.17628742973557343], 'topic': 'pupil.1', 'id': 1, 'method': '3d c++'}"
1582184720.354997,"{'circle_3d': {'center': [-6.932651682451919, 9.727058942251581, 77.45578200321661], 'normal': [-0.13020283049813217, 0.7222304525806371, -0.6792866819653118], 'radius': 2.3543730952616952}, 'confidence': 0.9585157063880867, 'timestamp': 41052.57149, 'diameter_3d': 4.7087461905233905, 'ellipse': {'center': [104.5301877653305, 197.6184818076635], 'axes': [21.71841934432574, 37.76662736988762], 'angle': -77.39984525866754}, 'location': [104.5301877653305, 197.6184818076635], 'diameter': 37.76662736988762, 'sphere': {'center': [-5.370217716474333, 1.0602935112839351, 85.60722218680036], 'radius': 12.0}, 'projected_sphere': {'center': [121.10684473619725, 127.67904810135751], 'axes': [173.81711051820957, 173.81711051820957], 'angle': 90.0}, 'model_confidence': 0.748877441151985, 'model_id': 1, 'model_birth_timestamp': 40910.15789, 'theta': 2.377818056675222, 'phi': -1.760175203925042, 'norm_pos': [0.3266568367666578, 0.17658965913473545], 'topic': 'pupil.1', 'id': 1, 'method': '3d c++'}"
1582184720.366366,"{'circle_3d': {'center': [-6.944100042650842, 9.743300412045395, 77.47529218312484], 'normal': [-0.13115686051470904, 0.7235839083967883, -0.6776608336396263], 'radius': 2.3602022416510002}, 'confidence': 0.9964774851919134, 'timestamp': 41052.57989, 'diameter_3d': 4.7204044833020005, 'ellipse': {'center': [104.45274656901228, 197.7281303954428], 'axes': [21.690371102174506, 37.850638108353465], 'angle': -77.35860209609362}, 'location': [104.45274656901228, 197.7281303954428], 'diameter': 37.850638108353465, 'sphere': {'center': [-5.370217716474333, 1.0602935112839351, 85.60722218680036], 'radius': 12.0}, 'projected_sphere': {'center': [121.10684473619725, 127.67904810135751], 'axes': [173.81711051820957, 173.81711051820957], 'angle': 90.0}, 'model_confidence': 0.7482863312660903, 'model_id': 1, 'model_birth_timestamp': 40910.15789, 'theta': 2.379776904974089, 'phi': -1.761976091343872, 'norm_pos': [0.3264148330281634, 0.1761327900189883], 'topic': 'pupil.1', 'id': 1, 'method': '3d c++'}"
1582184720.371999,"{'circle_3d': {'center': [-6.9452134063426545, 9.722385344367, 77.4532321419124], 'normal': [-0.13124964082236004, 0.7218409860902554, -0.6794991704073297], 'radius': 2.3592227337946485}, 'confidence': 0.996214442183795, 'timestamp': 41052.58829, 'diameter_3d': 4.718445467589297, 'ellipse': {'center': [104.42829208988681, 197.58264326898112], 'axes': [21.77100119240683, 37.845614091095634], 'angle': -77.31439798420897}, 'location': [104.42829208988681, 197.58264326898112], 'diameter': 37.845614091095634, 'sphere': {'center': [-5.370217716474333, 1.0602935112839351, 85.60722218680036], 'radius': 12.0}, 'projected_sphere': {'center': [121.10684473619725, 127.67904810135751], 'axes': [173.81711051820957, 173.81711051820957], 'angle': 90.0}, 'model_confidence': 0.7475949102280666, 'model_id': 1, 'model_birth_timestamp': 40910.15789, 'theta': 2.3772551264754407, 'phi': -1.761602964357828, 'norm_pos': [0.32633841278089626, 0.17673898637924534], 'topic': 'pupil.1', 'id': 1, 'method': '3d c++'}"
1582184720.382373,"{'circle_3d': {'center': [-6.957629013603704, 9.719645044253351, 77.4527291674762], 'normal': [-0.1322842747607809, 0.7216126277474513, -0.6795410849436792], 'radius': 2.344741902433625}, 'confidence': 0.8995988247884099, 'timestamp': 41052.59669, 'diameter_3d': 4.68948380486725, 'ellipse': {'center': [104.32861404051368, 197.56424646490132], 'axes': [21.636731489869433, 37.61336441457624], 'angle': -77.23332896277857}, 'location': [104.32861404051368, 197.56424646490132], 'diameter': 37.61336441457624, 'sphere': {'center': [-5.370217716474333, 1.0602935112839351, 85.60722218680036], 'radius': 12.0}, 'projected_sphere': {'center': [121.10684473619725, 127.67904810135751], 'axes': [173.81711051820957, 173.81711051820957], 'angle': 90.0}, 'model_confidence': 0.7471648763359817, 'model_id': 1, 'model_birth_timestamp': 40910.15789, 'theta': 2.376925213736991, 'phi': -1.7630588541028847, 'norm_pos': [0.3260269188766053, 0.1768156397295778], 'topic': 'pupil.1', 'id': 1, 'method': '3d c++'}"
1582184720.389537,"{'circle_3d': {'center': [-6.9465370692973245, 9.730983642640542, 77.4626319611407], 'normal': [-0.13135994606858262, 0.7225575109463839, -0.6787158521383049], 'radius': 2.357413826925443}, 'confidence': 0.9713946364521653, 'timestamp': 41052.60509, 'diameter_3d': 4.714827653850886, 'ellipse': {'center': [104.42432938060786, 197.64260283606404], 'axes': [21.715741819402357, 37.812016803904996], 'angle': -77.32166993836101}, 'location': [104.42432938060786, 197.64260283606404], 'diameter': 37.812016803904996, 'sphere': {'center': [-5.370217716474333, 1.0602935112839351, 85.60722218680036], 'radius': 12.0}, 'projected_sphere': {'center': [121.10684473619725, 127.67904810135751], 'axes': [173.81711051820957, 173.81711051820957], 'angle': 90.0}, 'model_confidence': 0.7465531986288965, 'model_id': 1, 'model_birth_timestamp': 40910.15789, 'theta': 2.378291038651375, 'phi': -1.7619745200136956, 'norm_pos': [0.3263260293143996, 0.17648915484973315], 'topic': 'pupil.1', 'id': 1, 'method': '3d c++'}"
1582184720.395215,"{'circle_3d': {'center': [-6.946451250975651, 9.730540987539085, 77.4621441303785], 'normal': [-0.13135279454177648, 0.7225206230212624, -0.6787565047018207], 'radius': 2.340606026188607}, 'confidence': 0.99582804104105, 'timestamp': 41052.61349, 'diameter_3d': 4.681212052377214, 'ellipse': {'center': [104.42433652050067, 197.64299132807835], 'axes': [21.56275047796378, 37.54252744176694], 'angle': -77.32142925117435}, 'location': [104.42433652050067, 197.64299132807835], 'diameter': 37.54252744176694, 'sphere': {'center': [-5.370217716474333, 1.0602935112839351, 85.60722218680036], 'radius': 12.0}, 'projected_sphere': {'center': [121.10684473619725, 127.67904810135751], 'axes': [173.81711051820957, 173.81711051820957], 'angle': 90.0}, 'model_confidence': 0.7458533238479226, 'model_id': 1, 'model_birth_timestamp': 40910.15789, 'theta': 2.3782376807467434, 'phi': -1.7619531909120416, 'norm_pos': [0.3263260516265646, 0.17648753613300683], 'topic': 'pupil.1', 'id': 1, 'method': '3d c++'}"
1582184720.4046268,"{'circle_3d': {'center': [-6.935136590902892, 9.737593228048743, 77.46747412301542], 'normal': [-0.13040990620237988, 0.7231083097304005, -0.6783123386487449], 'radius': 2.352211537987347}, 'confidence': 0.996721849857663, 'timestamp': 41052.62189, 'diameter_3d': 4.704423075974694, 'ellipse': {'center': [104.51856071890042, 197.69175093225508], 'axes': [21.650450540166837, 37.7262654140765], 'angle': -77.40336497882221}, 'location': [104.51856071890042, 197.69175093225508], 'diameter': 37.7262654140765, 'sphere': {'center': [-5.370217716474333, 1.0602935112839351, 85.60722218680036], 'radius': 12.0}, 'projected_sphere': {'center': [121.10684473619725, 127.67904810135751], 'axes': [173.81711051820957, 173.81711051820957], 'angle': 90.0}, 'model_confidence': 0.7453387934775235, 'model_id': 1, 'model_birth_timestamp': 40910.15789, 'theta': 2.3790881162644513, 'phi': -1.7607351766361827, 'norm_pos': [0.3266205022465638, 0.1762843711156038], 'topic': 'pupil.1', 'id': 1, 'method': '3d c++'}"
1582184720.411995,"{'circle_3d': {'center': [-6.928072524743245, 9.774105773453725, 77.50521229690187], 'normal': [-0.1298212340224093, 0.7261510218474824, -0.6751674908248738], 'radius': 2.338650042196084}, 'confidence': 0.9906157691097282, 'timestamp': 41052.63029, 'diameter_3d': 4.677300084392168, 'ellipse': {'center': [104.60117928330621, 197.94944937287605], 'axes': [21.374720709842396, 37.49055894300889], 'angle': -77.51135943286444}, 'location': [104.60117928330621, 197.94944937287605], 'diameter': 37.49055894300889, 'sphere': {'center': [-5.370217716474333, 1.0602935112839351, 85.60722218680036], 'radius': 12.0}, 'projected_sphere': {'center': [121.10684473619725, 127.67904810135751], 'axes': [173.81711051820957, 173.81711051820957], 'angle': 90.0}, 'model_confidence': 0.7448963756890081, 'model_id': 1, 'model_birth_timestamp': 40910.15789, 'theta': 2.3835033722191556, 'phi': -1.760757951127856, 'norm_pos': [0.3268786852603319, 0.17521062761301642], 'topic': 'pupil.1', 'id': 1, 'method': '3d c++'}"
1582184720.424242,"{'circle_3d': {'center': [-6.961945717320817, 9.744007945618497, 77.47952229111948], 'normal': [-0.13264400007054028, 0.72364286952788, -0.6773083246400725], 'radius': 2.3442380650707406}, 'confidence': 0.9955630747713362, 'timestamp': 41052.63869, 'diameter_3d': 4.688476130141481, 'ellipse': {'center': [104.31311322187544, 197.73299780196604], 'axes': [21.522745579114346, 37.59233747195836], 'angle': -77.25066073721283}, 'location': [104.31311322187544, 197.73299780196604], 'diameter': 37.59233747195836, 'sphere': {'center': [-5.370217716474333, 1.0602935112839351, 85.60722218680036], 'radius': 12.0}, 'projected_sphere': {'center': [121.10684473619725, 127.67904810135751], 'axes': [173.81711051820957, 173.81711051820957], 'angle': 90.0}, 'model_confidence': 0.7439634155636421, 'model_id': 1, 'model_birth_timestamp': 40910.15789, 'theta': 2.379862330444105, 'phi': -1.764188616986731, 'norm_pos': [0.32597847881836073, 0.17611250915847487], 'topic': 'pupil.1', 'id': 1, 'method': '3d c++'}"
1582184720.434376,"{'circle_3d': {'center': [-6.933128332528351, 9.787902737439618, 77.5210520425511], 'normal': [-0.13024255133783477, 0.7273007688463069, -0.6738475120207704], 'radius': 2.342660881872946}, 'confidence': 0.9955829936518034, 'timestamp': 41052.64709, 'diameter_3d': 4.685321763745892, 'ellipse': {'center': [104.5720935900411, 198.04337691390475], 'axes': [21.346465295491026, 37.54723508229693], 'angle': -77.50484675488585}, 'location': [104.5720935900411, 198.04337691390475], 'diameter': 37.54723508229693, 'sphere': {'center': [-5.370217716474333, 1.0602935112839351, 85.60722218680036], 'radius': 12.0}, 'projected_sphere': {'center': [121.10684473619725, 127.67904810135751], 'axes': [173.81711051820957, 173.81711051820957], 'angle': 90.0}, 'model_confidence': 0.7431351321435242, 'model_id': 1, 'model_birth_timestamp': 40910.15789, 'theta': 2.3851771259745536, 'phi': -1.7617239431292875, 'norm_pos': [0.32678779246887846, 0.17481926285873017], 'topic': 'pupil.1', 'id': 1, 'method': '3d c++'}"
1582184720.4423301,"{'circle_3d': {'center': [-6.918531335650879, 9.798085034159106, 77.5292444547536], 'normal': [-0.12902613493137885, 0.7281492935729308, -0.6731648110038964], 'radius': 2.336528287857438}, 'confidence': 0.9957744152157231, 'timestamp': 41052.65549, 'diameter_3d': 4.673056575714876, 'ellipse': {'center': [104.69406797275957, 198.11789038540542], 'axes': [21.260560606654252, 37.44505894840253], 'angle': -77.6118118515495}, 'location': [104.69406797275957, 198.11789038540542], 'diameter': 37.44505894840253, 'sphere': {'center': [-5.370217716474333, 1.0602935112839351, 85.60722218680036], 'radius': 12.0}, 'projected_sphere': {'center': [121.10684473619725, 127.67904810135751], 'axes': [173.81711051820957, 173.81711051820957], 'angle': 90.0}, 'model_confidence': 0.7423653641853933, 'model_id': 1, 'model_birth_timestamp': 40910.15789, 'theta': 2.3864142790884784, 'phi': -1.7601705027348293, 'norm_pos': [0.32716896241487364, 0.17450879006081077], 'topic': 'pupil.1', 'id': 1, 'method': '3d c++'}"
1582184720.450337,"{'circle_3d': {'center': [-6.881003770693253, 9.792952681649465, 77.51659864392009], 'normal': [-0.1258988378515766, 0.7277215975304607, -0.6742186285733556], 'radius': 2.313819809977224}, 'confidence': 0.9651165935605517, 'timestamp': 41052.66389, 'diameter_3d': 4.627639619954448, 'ellipse': {'center': [104.98391158309249, 198.09376058736584], 'axes': [21.111699517410784, 37.08720106325411], 'angle': -77.83206818468531}, 'location': [104.98391158309249, 198.09376058736584], 'diameter': 37.08720106325411, 'sphere': {'center': [-5.370217716474333, 1.0602935112839351, 85.60722218680036], 'radius': 12.0}, 'projected_sphere': {'center': [121.10684473619725, 127.67904810135751], 'axes': [173.81711051820957, 173.81711051820957], 'angle': 90.0}, 'model_confidence': 0.7419011232875805, 'model_id': 1, 'model_birth_timestamp': 40910.15789, 'theta': 2.3857904932315694, 'phi': -1.7554031810105242, 'norm_pos': [0.32807472369716406, 0.17460933088597563], 'topic': 'pupil.1', 'id': 1, 'method': '3d c++'}"
1582184720.4586618,"{'circle_3d': {'center': [-6.8771979973619235, 9.805145812748075, 77.52906839657122], 'normal': [-0.12558169007396586, 0.7287376917886783, -0.6731794825190944], 'radius': 2.3439188423802424}, 'confidence': 0.9972411803844868, 'timestamp': 41052.67229, 'diameter_3d': 4.687837684760485, 'ellipse': {'center': [105.02347371495702, 198.17282474406875], 'axes': [21.337060632743583, 37.56390820769536], 'angle': -77.87637139242622}, 'location': [105.02347371495702, 198.17282474406875], 'diameter': 37.56390820769536, 'sphere': {'center': [-5.370217716474333, 1.0602935112839351, 85.60722218680036], 'radius': 12.0}, 'projected_sphere': {'center': [121.10684473619725, 127.67904810135751], 'axes': [173.81711051820957, 173.81711051820957], 'angle': 90.0}, 'model_confidence': 0.7416424497992069, 'model_id': 1, 'model_birth_timestamp': 40910.15789, 'theta': 2.387273121940867, 'phi': -1.755226465953245, 'norm_pos': [0.3281983553592407, 0.17427989689971357], 'topic': 'pupil.1', 'id': 1, 'method': '3d c++'}"
1582184720.46351,"{'circle_3d': {'center': [-6.799178301465879, 9.767848108760491, 77.47478315668734], 'normal': [-0.11908004874929547, 0.725629549789713, -0.6777032525094179], 'radius': 2.320476537276469}, 'confidence': 0.9961090259300193, 'timestamp': 41052.68069, 'diameter_3d': 4.640953074552938, 'ellipse': {'center': [105.60737039448382, 197.93250770502638], 'axes': [21.35643589189143, 37.214406085948525], 'angle': -78.29112060275354}, 'location': [105.60737039448382, 197.93250770502638], 'diameter': 37.214406085948525, 'sphere': {'center': [-5.370217716474333, 1.0602935112839351, 85.60722218680036], 'radius': 12.0}, 'projected_sphere': {'center': [121.10684473619725, 127.67904810135751], 'axes': [173.81711051820957, 173.81711051820957], 'angle': 90.0}, 'model_confidence': 0.7411112735884018, 'model_id': 1, 'model_birth_timestamp': 40910.15789, 'theta': 2.3827452097499777, 'phi': -1.7447319722371424, 'norm_pos': [0.33002303248276194, 0.17528121789572337], 'topic': 'pupil.1', 'id': 1, 'method': '3d c++'}"
1582184720.470525,"{'circle_3d': {'center': [-6.761630676364771, 9.79074517731726, 77.49284089910473], 'normal': [-0.11595107999086982, 0.7275376388361104, -0.6761984406413019], 'radius': 2.3120029362304932}, 'confidence': 0.9966281135155816, 'timestamp': 41052.68909, 'diameter_3d': 4.6240058724609865, 'ellipse': {'center': [105.91910024666501, 198.09942595882492], 'axes': [21.213969130286568, 37.070094666401396], 'angle': -78.5605409981124}, 'location': [105.91910024666501, 198.09942595882492], 'diameter': 37.070094666401396, 'sphere': {'center': [-5.370217716474333, 1.0602935112839351, 85.60722218680036], 'radius': 12.0}, 'projected_sphere': {'center': [121.10684473619725, 127.67904810135751], 'axes': [173.81711051820957, 173.81711051820957], 'angle': 90.0}, 'model_confidence': 0.7406471333272879, 'model_id': 1, 'model_birth_timestamp': 40910.15789, 'theta': 2.385522320223212, 'phi': -1.740619635098425, 'norm_pos': [0.33099718827082814, 0.1745857251715628], 'topic': 'pupil.1', 'id': 1, 'method': '3d c++'}"
1582184720.479745,"{'circle_3d': {'center': [-6.69647300708141, 9.781336467958413, 77.47183918094407], 'normal': [-0.11052127421725638, 0.726753579722873, -0.6779485838213571], 'radius': 2.300130952292869}, 'confidence': 0.9973286912280535, 'timestamp': 41052.69749, 'diameter_3d': 4.600261904585738, 'ellipse': {'center': [106.42417197161852, 198.0470398300865], 'axes': [21.201467238979145, 36.88998024935563], 'angle': -78.9468860107023}, 'location': [106.42417197161852, 198.0470398300865], 'diameter': 36.88998024935563, 'sphere': {'center': [-5.370217716474333, 1.0602935112839351, 85.60722218680036], 'radius': 12.0}, 'projected_sphere': {'center': [121.10684473619725, 127.67904810135751], 'axes': [173.81711051820957, 173.81711051820957], 'angle': 90.0}, 'model_confidence': 0.7403820335496913, 'model_id': 1, 'model_birth_timestamp': 40910.15789, 'theta': 2.3843801812261334, 'phi': -1.7323978233580863, 'norm_pos': [0.33257553741130785, 0.17480400070797286], 'topic': 'pupil.1', 'id': 1, 'method': '3d c++'}"
1582184720.488239,"{'circle_3d': {'center': [-6.626837830286243, 9.843190895888215, 77.52751802011983], 'normal': [-0.10471834281765917, 0.7319081153836899, -0.6733086805567104], 'radius': 2.2877450504541543}, 'confidence': 0.886891743080559, 'timestamp': 41052.70589, 'diameter_3d': 4.575490100908309, 'ellipse': {'center': [107.01695970631543, 198.48888675957093], 'axes': [20.881621676746846, 36.665464953703164], 'angle': -79.47497269063618}, 'location': [107.01695970631543, 198.48888675957093], 'diameter': 36.665464953703164, 'sphere': {'center': [-5.370217716474333, 1.0602935112839351, 85.60722218680036], 'radius': 12.0}, 'projected_sphere': {'center': [121.10684473619725, 127.67904810135751], 'axes': [173.81711051820957, 173.81711051820957], 'angle': 90.0}, 'model_confidence': 0.7399428939376063, 'model_id': 1, 'model_birth_timestamp': 40910.15789, 'theta': 2.3919143553304916, 'phi': -1.7250881840795536, 'norm_pos': [0.33442799908223575, 0.1729629718351211], 'topic': 'pupil.1', 'id': 1, 'method': '3d c++'}"
1582184720.496005,"{'circle_3d': {'center': [-6.8383641928648276, 10.001104940667057, 77.73915781822315], 'normal': [-0.12234553969920786, 0.7450676191152602, -0.6556720307147674], 'radius': 2.383920865341713}, 'confidence': 0.45454651836471993, 'timestamp': 41052.71429, 'diameter_3d': 4.767841730683426, 'ellipse': {'center': [105.47892882749645, 199.52050568343032], 'axes': [20.852359229193958, 38.10299815793348], 'angle': -78.4428125886298}, 'location': [105.47892882749645, 199.52050568343032], 'diameter': 38.10299815793348, 'sphere': {'center': [-5.370217716474333, 1.0602935112839351, 85.60722218680036], 'radius': 12.0}, 'projected_sphere': {'center': [121.10684473619725, 127.67904810135751], 'axes': [173.81711051820957, 173.81711051820957], 'angle': 90.0}, 'model_confidence': 0.7399428939376063, 'model_id': 1, 'model_birth_timestamp': 40910.15789, 'theta': 2.4114325418184688, 'phi': -1.7552704843043132, 'norm_pos': [0.3296216525859264, 0.1686645596523737], 'topic': 'pupil.1', 'id': 1, 'method': '3d c++'}"
1582184720.50781,"{'circle_3d': {'center': [-6.726184284950461, 10.070743659670244, 77.79869205696028], 'normal': [-0.11299721403967727, 0.7508708456988586, -0.6507108441533397], 'radius': 2.3490314604364326}, 'confidence': 0.3983400854293631, 'timestamp': 41052.72269, 'diameter_3d': 4.698062920872865, 'ellipse': {'center': [106.41050776390409, 200.02252503492304], 'axes': [20.33215590608082, 37.51717564693253], 'angle': -79.22817475219864}, 'location': [106.41050776390409, 200.02252503492304], 'diameter': 37.51717564693253, 'sphere': {'center': [-5.370217716474333, 1.0602935112839351, 85.60722218680036], 'radius': 12.0}, 'projected_sphere': {'center': [121.10684473619725, 127.67904810135751], 'axes': [173.81711051820957, 173.81711051820957], 'angle': 90.0}, 'model_confidence': 0.7399428939376063, 'model_id': 1, 'model_birth_timestamp': 40910.15789, 'theta': 2.420175985328513, 'phi': -1.7427337123459015, 'norm_pos': [0.3325328367622003, 0.1665728123544874], 'topic': 'pupil.1', 'id': 1, 'method': '3d c++'}"
1582184720.5158231,"{'circle_3d': {'center': [-6.561408625971507, 10.147234695654275, 77.86070270196554], 'normal': [-0.09926590912476443, 0.7572450986975281, -0.6455432904029016], 'radius': 2.3923836334791986}, 'confidence': 0.46675635754366906, 'timestamp': 41052.73109, 'diameter_3d': 4.784767266958397, 'ellipse': {'center': [107.76064808891886, 200.56003013422534], 'axes': [20.49090680189133, 38.18066006165045], 'angle': -80.33166430084489}, 'location': [107.76064808891886, 200.56003013422534], 'diameter': 38.18066006165045, 'sphere': {'center': [-5.370217716474333, 1.0602935112839351, 85.60722218680036], 'radius': 12.0}, 'projected_sphere': {'center': [121.10684473619725, 127.67904810135751], 'axes': [173.81711051820957, 173.81711051820957], 'angle': 90.0}, 'model_confidence': 0.7399428939376063, 'model_id': 1, 'model_birth_timestamp': 40910.15789, 'theta': 2.4298810714779626, 'phi': -1.7233723468555775, 'norm_pos': [0.3367520252778714, 0.16433320777406102], 'topic': 'pupil.1', 'id': 1, 'method': '3d c++'}"
1582184720.5244002,"{'circle_3d': {'center': [-6.57092124685458, 10.145982536961808, 77.86070258372641], 'normal': [-0.10005862753168723, 0.757140752139823, -0.6455433002561627], 'radius': 2.3502747047461217}, 'confidence': 0.3239580175093679, 'timestamp': 41052.73949, 'diameter_3d': 4.700549409492243, 'ellipse': {'center': [107.6848433485778, 200.55853290737542], 'axes': [20.127893758566138, 37.5082170785554], 'angle': -80.27290171700992}, 'location': [107.6848433485778, 200.55853290737542], 'diameter': 37.5082170785554, 'sphere': {'center': [-5.370217716474333, 1.0602935112839351, 85.60722218680036], 'radius': 12.0}, 'projected_sphere': {'center': [121.10684473619725, 127.67904810135751], 'axes': [173.81711051820957, 173.81711051820957], 'angle': 90.0}, 'model_confidence': 0.7399428939376063, 'model_id': 1, 'model_birth_timestamp': 40910.15789, 'theta': 2.4297213226289673, 'phi': -1.724571743462459, 'norm_pos': [0.3365151354643056, 0.1643394462192691], 'topic': 'pupil.1', 'id': 1, 'method': '3d c++'}"
1582184720.53224,"{'circle_3d': {'center': [-6.552505549673214, 10.229110294179987, 77.95640561069858], 'normal': [-0.09852398609990666, 0.7640680652413374, -0.6375680480084811], 'radius': 2.3920381815213094}, 'confidence': 0.30958126262243324, 'timestamp': 41052.74789, 'diameter_3d': 4.784076363042619, 'ellipse': {'center': [107.89440709497768, 201.11473913504764], 'axes': [20.10336507823701, 38.12859535891901], 'angle': -80.5036237129958}, 'location': [107.89440709497768, 201.11473913504764], 'diameter': 38.12859535891901, 'sphere': {'center': [-5.370217716474333, 1.0602935112839351, 85.60722218680036], 'radius': 12.0}, 'projected_sphere': {'center': [121.10684473619725, 127.67904810135751], 'axes': [173.81711051820957, 173.81711051820957], 'angle': 90.0}, 'model_confidence': 0.7399428939376063, 'model_id': 1, 'model_birth_timestamp': 40910.15789, 'theta': 2.4403918625655487, 'phi': -1.7241145335733166, 'norm_pos': [0.33717002217180525, 0.16202192027063478], 'topic': 'pupil.1', 'id': 1, 'method': '3d c++'}"
1582184720.539707,"{'circle_3d': {'center': [-6.472445152868058, 10.2289495262069, 77.94426965148618], 'normal': [-0.09185228636614369, 0.7640546679102467, -0.6385793779428477], 'radius': 2.3885091409701826}, 'confidence': 0.3524423276650228, 'timestamp': 41052.75629, 'diameter_3d': 4.777018281940365, 'ellipse': {'center': [108.52109488986758, 201.12622090560222], 'axes': [20.13927976010501, 38.078652265374934], 'angle': -80.9801750530128}, 'location': [108.52109488986758, 201.12622090560222], 'diameter': 38.078652265374934, 'sphere': {'center': [-5.370217716474333, 1.0602935112839351, 85.60722218680036], 'radius': 12.0}, 'projected_sphere': {'center': [121.10684473619725, 127.67904810135751], 'axes': [173.81711051820957, 173.81711051820957], 'angle': 90.0}, 'model_confidence': 0.7399428939376063, 'model_id': 1, 'model_birth_timestamp': 40910.15789, 'theta': 2.4403710961320297, 'phi': -1.7136549582948628, 'norm_pos': [0.3391284215308362, 0.16197407955999077], 'topic': 'pupil.1', 'id': 1, 'method': '3d c++'}"
1582184720.548434,"{'circle_3d': {'center': [-6.473167347632325, 10.235218629450708, 77.95188083666052], 'normal': [-0.09191246926316599, 0.7645770931805647, -0.6379451125116532], 'radius': 2.3835275681944967}, 'confidence': 0.3319384682433024, 'timestamp': 41052.76469, 'diameter_3d': 4.7670551363889935, 'ellipse': {'center': [108.52030273640975, 201.16935373991248], 'axes': [20.06651408743197, 37.99549572712949], 'angle': -80.98461322680073}, 'location': [108.52030273640975, 201.16935373991248], 'diameter': 37.99549572712949, 'sphere': {'center': [-5.370217716474333, 1.0602935112839351, 85.60722218680036], 'radius': 12.0}, 'projected_sphere': {'center': [121.10684473619725, 127.67904810135751], 'axes': [173.81711051820957, 173.81711051820957], 'angle': 90.0}, 'model_confidence': 0.7399428939376063, 'model_id': 1, 'model_birth_timestamp': 40910.15789, 'theta': 2.44118125633579, 'phi': -1.7138874869398637, 'norm_pos': [0.33912594605128044, 0.16179435941703135], 'topic': 'pupil.1', 'id': 1, 'method': '3d c++'}"
1582184720.558123,"{'circle_3d': {'center': [-6.789108184948002, 10.163784189903085, 77.9187108027437], 'normal': [-0.11824087237280577, 0.7586242232182625, -0.6407092820047212], 'radius': 2.384614395598633}, 'confidence': 0.20310944770821446, 'timestamp': 41052.77309, 'diameter_3d': 4.769228791197266, 'ellipse': {'center': [105.99316878642873, 200.63560886556212], 'axes': [20.143091454179423, 38.027106146505446], 'angle': -79.000591215785}, 'location': [105.99316878642873, 200.63560886556212], 'diameter': 38.027106146505446, 'sphere': {'center': [-5.370217716474333, 1.0602935112839351, 85.60722218680036], 'radius': 12.0}, 'projected_sphere': {'center': [121.10684473619725, 127.67904810135751], 'axes': [173.81711051820957, 173.81711051820957], 'angle': 90.0}, 'model_confidence': 0.7399428939376063, 'model_id': 1, 'model_birth_timestamp': 40910.15789, 'theta': 2.4319952235356004, 'phi': -1.7532898922158031, 'norm_pos': [0.33122865245758976, 0.1640182963934912], 'topic': 'pupil.1', 'id': 1, 'method': '3d c++'}"
1582184720.566358,"{'circle_3d': {'center': [-6.683805463003125, 10.175596931723044, 77.91399589443768], 'normal': [-0.109465645544066, 0.7596086183699258, -0.6411021910302235], 'radius': 2.3673819589058427}, 'confidence': 0.29055190143667325, 'timestamp': 41052.78149, 'diameter_3d': 4.734763917811685, 'ellipse': {'center': [106.82492667335467, 200.73738377377867], 'axes': [20.037957397041403, 37.75504020555491], 'angle': -79.64371048692271}, 'location': [106.82492667335467, 200.73738377377867], 'diameter': 37.75504020555491, 'sphere': {'center': [-5.370217716474333, 1.0602935112839351, 85.60722218680036], 'radius': 12.0}, 'projected_sphere': {'center': [121.10684473619725, 127.67904810135751], 'axes': [173.81711051820957, 173.81711051820957], 'angle': 90.0}, 'model_confidence': 0.7399428939376063, 'model_id': 1, 'model_birth_timestamp': 40910.15789, 'theta': 2.4335074568007173, 'phi': -1.739911457045552, 'norm_pos': [0.33382789585423334, 0.16359423427592223], 'topic': 'pupil.1', 'id': 1, 'method': '3d c++'}"
1582184720.572835,"{'circle_3d': {'center': [-6.68754597996457, 10.180966522781478, 77.92100269581844], 'normal': [-0.109777355290853, 0.7600560842914615, -0.6405182909151591], 'radius': 2.368277935497403}, 'confidence': 0.3121009194585167, 'timestamp': 41052.78989, 'diameter_3d': 4.736555870994806, 'ellipse': {'center': [106.79998071763762, 200.77285671638293], 'axes': [20.016779299460637, 37.76593887979298], 'angle': -79.62969706927035}, 'location': [106.79998071763762, 200.77285671638293], 'diameter': 37.76593887979298, 'sphere': {'center': [-5.370217716474333, 1.0602935112839351, 85.60722218680036], 'radius': 12.0}, 'projected_sphere': {'center': [121.10684473619725, 127.67904810135751], 'axes': [173.81711051820957, 173.81711051820957], 'angle': 90.0}, 'model_confidence': 0.7399428939376063, 'model_id': 1, 'model_birth_timestamp': 40910.15789, 'theta': 2.4341957399031213, 'phi': -1.740535500448548, 'norm_pos': [0.3337499397426176, 0.16344643034840445], 'topic': 'pupil.1', 'id': 1, 'method': '3d c++'}"
1582184720.580255,"{'circle_3d': {'center': [-6.781898200941104, 9.828204519997264, 77.53685077322469], 'normal': [-0.11764004037223089, 0.7306592507261107, -0.6725309511313055], 'radius': 2.220127523540196}, 'confidence': 0.9065731615160542, 'timestamp': 41052.79829, 'diameter_3d': 4.440255047080392, 'ellipse': {'center': [105.78647213659617, 198.3736803389823], 'axes': [20.197941538550136, 35.57611477076155], 'angle': -78.49848182890887}, 'location': [105.78647213659617, 198.3736803389823], 'diameter': 35.57611477076155, 'sphere': {'center': [-5.370217716474333, 1.0602935112839351, 85.60722218680036], 'radius': 12.0}, 'projected_sphere': {'center': [121.10684473619725, 127.67904810135751], 'axes': [173.81711051820957, 173.81711051820957], 'angle': 90.0}, 'model_confidence': 0.7398003779484519, 'model_id': 1, 'model_birth_timestamp': 40910.15789, 'theta': 2.3900833715038963, 'phi': -1.743965705978955, 'norm_pos': [0.33058272542686307, 0.17344299858757373], 'topic': 'pupil.1', 'id': 1, 'method': '3d c++'}"
1582184720.592762,"{'circle_3d': {'center': [-6.713678878113294, 9.891431940043255, 77.59435090621322], 'normal': [-0.1119550968032467, 0.7359282023966099, -0.6677392733822611], 'radius': 2.330822316822992}, 'confidence': 0.8841719964628444, 'timestamp': 41052.80669, 'diameter_3d': 4.661644633645984, 'ellipse': {'center': [106.37088432536984, 198.79972396422684], 'axes': [20.989682236802388, 37.3237054375136], 'angle': -79.01877312822597}, 'location': [106.37088432536984, 198.79972396422684], 'diameter': 37.3237054375136, 'sphere': {'center': [-5.370217716474333, 1.0602935112839351, 85.60722218680036], 'radius': 12.0}, 'projected_sphere': {'center': [121.10684473619725, 127.67904810135751], 'axes': [173.81711051820957, 173.81711051820957], 'angle': 90.0}, 'model_confidence': 0.7395857505048009, 'model_id': 1, 'model_birth_timestamp': 40910.15789, 'theta': 2.3978329199197117, 'phi': -1.7369141463920932, 'norm_pos': [0.33240901351678076, 0.17166781681572152], 'topic': 'pupil.1', 'id': 1, 'method': '3d c++'}"
1582184720.602096,"{'circle_3d': {'center': [-6.644855453931527, 9.97151015994524, 77.67214080858679], 'normal': [-0.10621981145476607, 0.742601387388442, -0.6612567815177968], 'radius': 2.4027079866614396}, 'confidence': 0.9913417899328192, 'timestamp': 41052.81509, 'diameter_3d': 4.805415973322879, 'ellipse': {'center': [106.97208599415148, 199.34668143398187], 'axes': [21.332234118712268, 38.43755766352655], 'angle': -79.56402423759144}, 'location': [106.97208599415148, 199.34668143398187], 'diameter': 38.43755766352655, 'sphere': {'center': [-5.370217716474333, 1.0602935112839351, 85.60722218680036], 'radius': 12.0}, 'projected_sphere': {'center': [121.10684473619725, 127.67904810135751], 'axes': [173.81711051820957, 173.81711051820957], 'angle': 90.0}, 'model_confidence': 0.7376130798125269, 'model_id': 1, 'model_birth_timestamp': 40910.15789, 'theta': 2.4077425781309008, 'phi': -1.7300689500635444, 'norm_pos': [0.3342877687317234, 0.16938882735840888], 'topic': 'pupil.1', 'id': 1, 'method': '3d c++'}"
1582184720.608515,"{'circle_3d': {'center': [-6.868331044516054, 10.047084227226492, 77.79740470595021], 'normal': [-0.12484277733681005, 0.7488992263285462, -0.6508181234041784], 'radius': 2.39164912612887}, 'confidence': 0.5394564434766462, 'timestamp': 41052.82349, 'diameter_3d': 4.78329825225774, 'ellipse': {'center': [105.28120086661782, 199.8273091749601], 'axes': [20.676973271561305, 38.1979654621458], 'angle': -78.33978768675432}, 'location': [105.28120086661782, 199.8273091749601], 'diameter': 38.1979654621458, 'sphere': {'center': [-5.370217716474333, 1.0602935112839351, 85.60722218680036], 'radius': 12.0}, 'projected_sphere': {'center': [121.10684473619725, 127.67904810135751], 'axes': [173.81711051820957, 173.81711051820957], 'angle': 90.0}, 'model_confidence': 0.7376130798125269, 'model_id': 1, 'model_birth_timestamp': 40910.15789, 'theta': 2.4171957589118676, 'phi': -1.7603184887771026, 'norm_pos': [0.3290037527081807, 0.16738621177099955], 'topic': 'pupil.1', 'id': 1, 'method': '3d c++'}"
1582184720.615613,"{'circle_3d': {'center': [-6.928149797117293, 10.04385436892972, 77.80539663446467], 'normal': [-0.12982767338691334, 0.7486300714704821, -0.6501521293613073], 'radius': 2.3760507426642627}, 'confidence': 0.5646879201880873, 'timestamp': 41052.83189, 'diameter_3d': 4.7521014853285255, 'ellipse': {'center': [104.81144531054501, 199.79698174236168], 'axes': [20.49737293765167, 37.94445775038257], 'angle': -77.97796877369944}, 'location': [104.81144531054501, 199.79698174236168], 'diameter': 37.94445775038257, 'sphere': {'center': [-5.370217716474333, 1.0602935112839351, 85.60722218680036], 'radius': 12.0}, 'projected_sphere': {'center': [121.10684473619725, 127.67904810135751], 'axes': [173.81711051820957, 173.81711051820957], 'angle': 90.0}, 'model_confidence': 0.7376130798125269, 'model_id': 1, 'model_birth_timestamp': 40910.15789, 'theta': 2.416789693329903, 'phi': -1.767892009138162, 'norm_pos': [0.32753576659545314, 0.167512576073493], 'topic': 'pupil.1', 'id': 1, 'method': '3d c++'}"
1582184720.623512,"{'circle_3d': {'center': [-6.760909723036763, 9.888596592431599, 77.59928609500479], 'normal': [-0.11589100054686911, 0.7356919234289718, -0.6673280076496305], 'radius': 2.4074802285901273}, 'confidence': 0.9976960720728775, 'timestamp': 41052.84029, 'diameter_3d': 4.814960457180255, 'ellipse': {'center': [105.99924722158869, 198.7566228696547], 'axes': [21.6503711284564, 38.54915319545615], 'angle': -78.72600082326754}, 'location': [105.99924722158869, 198.7566228696547], 'diameter': 38.54915319545615, 'sphere': {'center': [-5.370217716474333, 1.0602935112839351, 85.60722218680036], 'radius': 12.0}, 'projected_sphere': {'center': [121.10684473619725, 127.67904810135751], 'axes': [173.81711051820957, 173.81711051820957], 'angle': 90.0}, 'model_confidence': 0.7372672799268121, 'model_id': 1, 'model_birth_timestamp': 40910.15789, 'theta': 2.397484007974487, 'phi': -1.7427456164115265, 'norm_pos': [0.33124764756746466, 0.1718474047097721], 'topic': 'pupil.1', 'id': 1, 'method': '3d c++'}"
1582184720.6320581,"{'circle_3d': {'center': [-6.8192003721120376, 9.897880279338995, 77.61988787673425], 'normal': [-0.12074855463647532, 0.7364655640045883, -0.665611192505509], 'radius': 2.3259471567376715}, 'confidence': 0.9967053456195241, 'timestamp': 41052.84869, 'diameter_3d': 4.651894313475343, 'ellipse': {'center': [105.54817044594859, 198.82725415848174], 'axes': [20.822392292292665, 37.23278212558071], 'angle': -78.38697140668715}, 'location': [105.54817044594859, 198.82725415848174], 'diameter': 37.23278212558071, 'sphere': {'center': [-5.370217716474333, 1.0602935112839351, 85.60722218680036], 'radius': 12.0}, 'projected_sphere': {'center': [121.10684473619725, 127.67904810135751], 'axes': [173.81711051820957, 173.81711051820957], 'angle': 90.0}, 'model_confidence': 0.736798896698776, 'model_id': 1, 'model_birth_timestamp': 40910.15789, 'theta': 2.3986269322367986, 'phi': -1.7502547192435893, 'norm_pos': [0.32983803264358935, 0.1715531076729928], 'topic': 'pupil.1', 'id': 1, 'method': '3d c++'}"
1582184720.640239,"{'circle_3d': {'center': [-6.831747221113028, 9.879286192480011, 77.60164290756762], 'normal': [-0.12179412538655796, 0.7349160567663396, -0.6671316066027284], 'radius': 2.302390022275997}, 'confidence': 0.9650523679139045, 'timestamp': 41052.85709, 'diameter_3d': 4.604780044551994, 'ellipse': {'center': [105.43529881353918, 198.70163334612266], 'axes': [20.680762126433546, 36.86403579209932], 'angle': -78.279662126643}, 'location': [105.43529881353918, 198.70163334612266], 'diameter': 36.86403579209932, 'sphere': {'center': [-5.370217716474333, 1.0602935112839351, 85.60722218680036], 'radius': 12.0}, 'projected_sphere': {'center': [121.10684473619725, 127.67904810135751], 'axes': [173.81711051820957, 173.81711051820957], 'angle': 90.0}, 'model_confidence': 0.7364467630809668, 'model_id': 1, 'model_birth_timestamp': 40910.15789, 'theta': 2.396339218259534, 'phi': -1.751371554254169, 'norm_pos': [0.3294853087923099, 0.1720765277244889], 'topic': 'pupil.1', 'id': 1, 'method': '3d c++'}"
1582184720.647077,"{'circle_3d': {'center': [-6.846318000010589, 9.876713357929516, 77.60148243081164], 'normal': [-0.12300835696135466, 0.7347016538871317, -0.6671449796657255], 'radius': 2.2920160202763986}, 'confidence': 0.8757261403334167, 'timestamp': 41052.86549, 'diameter_3d': 4.584032040552797, 'ellipse': {'center': [105.31899672456807, 198.68336206718752], 'axes': [20.585197596889618, 36.69784098052052], 'angle': -78.18681232593062}, 'location': [105.31899672456807, 198.68336206718752], 'diameter': 36.69784098052052, 'sphere': {'center': [-5.370217716474333, 1.0602935112839351, 85.60722218680036], 'radius': 12.0}, 'projected_sphere': {'center': [121.10684473619725, 127.67904810135751], 'axes': [173.81711051820957, 173.81711051820957], 'angle': 90.0}, 'model_confidence': 0.7361288859759618, 'model_id': 1, 'model_birth_timestamp': 40910.15789, 'theta': 2.3960231176762403, 'phi': -1.7531287839807073, 'norm_pos': [0.3291218647642752, 0.1721526580533853], 'topic': 'pupil.1', 'id': 1, 'method': '3d c++'}"
1582184720.6559072,"{'circle_3d': {'center': [-6.875534984370601, 9.860191128663079, 77.58875463703636], 'normal': [-0.12544310565802227, 0.733324801448262, -0.6682056291469995], 'radius': 2.293635247041824}, 'confidence': 0.7643562141433413, 'timestamp': 41052.87389, 'diameter_3d': 4.587270494083648, 'ellipse': {'center': [105.07748954718828, 198.56380561506194], 'axes': [20.643964753645534, 36.72958508138874], 'angle': -77.98121926468757}, 'location': [105.07748954718828, 198.56380561506194], 'diameter': 36.72958508138874, 'sphere': {'center': [-5.370217716474333, 1.0602935112839351, 85.60722218680036], 'radius': 12.0}, 'projected_sphere': {'center': [121.10684473619725, 127.67904810135751], 'axes': [173.81711051820957, 173.81711051820957], 'angle': 90.0}, 'model_confidence': 0.7356709562710284, 'model_id': 1, 'model_birth_timestamp': 40910.15789, 'theta': 2.3939957547032633, 'phi': -1.7563677036144245, 'norm_pos': [0.32836715483496337, 0.1726508099372419], 'topic': 'pupil.1', 'id': 1, 'method': '3d c++'}"
1582184720.664066,"{'circle_3d': {'center': [-6.935998449087391, 9.943488447788885, 77.69285686686278], 'normal': [-0.13048172771775476, 0.7402662447087457, -0.659530443328131], 'radius': 2.347195692669297}, 'confidence': 0.38545763932387456, 'timestamp': 41052.88229, 'diameter_3d': 4.694391385338594, 'ellipse': {'center': [104.66991442152678, 199.11496485182502], 'axes': [20.696030708318325, 37.53730571365723], 'angle': -77.75915371158136}, 'location': [104.66991442152678, 199.11496485182502], 'diameter': 37.53730571365723, 'sphere': {'center': [-5.370217716474333, 1.0602935112839351, 85.60722218680036], 'radius': 12.0}, 'projected_sphere': {'center': [121.10684473619725, 127.67904810135751], 'axes': [173.81711051820957, 173.81711051820957], 'angle': 90.0}, 'model_confidence': 0.7352449620535828, 'model_id': 1, 'model_birth_timestamp': 40910.15789, 'theta': 2.4042626113876033, 'phi': -1.7661144315016961, 'norm_pos': [0.3270934825672712, 0.1703543131173958], 'topic': 'pupil.1', 'id': 1, 'method': '3d c++'}"
1582184720.6758342,"{'circle_3d': {'center': [-6.874950168526944, 9.866961465524335, 77.59608120742077], 'normal': [-0.12539437100438422, 0.7338889961866999, -0.6675950816149657], 'radius': 2.2866631692917916}, 'confidence': 0.9382060646693227, 'timestamp': 41052.89069, 'diameter_3d': 4.573326338583583, 'ellipse': {'center': [105.08713884116261, 198.61200255388766], 'axes': [20.55252969650767, 36.614450828486135], 'angle': -77.99636449493255}, 'location': [105.08713884116261, 198.61200255388766], 'diameter': 36.614450828486135, 'sphere': {'center': [-5.370217716474333, 1.0602935112839351, 85.60722218680036], 'radius': 12.0}, 'projected_sphere': {'center': [121.10684473619725, 127.67904810135751], 'axes': [173.81711051820957, 173.81711051820957], 'angle': 90.0}, 'model_confidence': 0.7351328718818273, 'model_id': 1, 'model_birth_timestamp': 40910.15789, 'theta': 2.394825972975774, 'phi': -1.756463031115392, 'norm_pos': [0.32839730887863317, 0.1724499893588014], 'topic': 'pupil.1', 'id': 1, 'method': '3d c++'}"
1582184720.683637,"{'circle_3d': {'center': [-6.89404888362969, 9.902028305249166, 77.6384290280347], 'normal': [-0.1269859305962797, 0.7368112328304359, -0.6640660965638059], 'radius': 2.284239370235458}, 'confidence': 0.9506030514238497, 'timestamp': 41052.89909, 'diameter_3d': 4.568478740470916, 'ellipse': {'center': [104.96457115323298, 198.8505433262314], 'axes': [20.361189532031435, 36.55568314575003], 'angle': -77.94068416361054}, 'location': [104.96457115323298, 198.8505433262314], 'diameter': 36.55568314575003, 'sphere': {'center': [-5.370217716474333, 1.0602935112839351, 85.60722218680036], 'radius': 12.0}, 'projected_sphere': {'center': [121.10684473619725, 127.67904810135751], 'axes': [173.81711051820957, 173.81711051820957], 'angle': 90.0}, 'model_confidence': 0.7355468180926028, 'model_id': 1, 'model_birth_timestamp': 40910.15789, 'theta': 2.399138059808871, 'phi': -1.75974016758821, 'norm_pos': [0.3280142848538531, 0.1714560694740359], 'topic': 'pupil.1', 'id': 1, 'method': '3d c++'}"
1582184720.6917791,"{'circle_3d': {'center': [-6.890519567266448, 9.925153734452385, 77.66348657273541], 'normal': [-0.1266918208993429, 0.7387383519307041, -0.6619779678387461], 'radius': 2.2945155224234606}, 'confidence': 0.8989731646520939, 'timestamp': 41052.90749, 'diameter_3d': 4.589031044846921, 'ellipse': {'center': [105.01030540953231, 199.0081766575557], 'axes': [20.35525736362865, 36.7084677350057], 'angle': -78.00149699958597}, 'location': [105.01030540953231, 199.0081766575557], 'diameter': 36.7084677350057, 'sphere': {'center': [-5.370217716474333, 1.0602935112839351, 85.60722218680036], 'radius': 12.0}, 'projected_sphere': {'center': [121.10684473619725, 127.67904810135751], 'axes': [173.81711051820957, 173.81711051820957], 'angle': 90.0}, 'model_confidence': 0.7354501729400109, 'model_id': 1, 'model_birth_timestamp': 40910.15789, 'theta': 2.4019928570359186, 'phi': -1.75989346352542, 'norm_pos': [0.32815720440478846, 0.17079926392685119], 'topic': 'pupil.1', 'id': 1, 'method': '3d c++'}"
1582184720.7006679,"{'circle_3d': {'center': [-6.8813613180063955, 9.927697132875023, 77.66457791506427], 'normal': [-0.1259286334610052, 0.7389503017992574, -0.6618870226446734], 'radius': 2.2917033638841144}, 'confidence': 0.9694073837233516, 'timestamp': 41052.91589, 'diameter_3d': 4.583406727768229, 'ellipse': {'center': [105.08389479939137, 199.02790554342704], 'axes': [20.327843578043332, 36.66299969311111], 'angle': -78.06107354580365}, 'location': [105.08389479939137, 199.02790554342704], 'diameter': 36.66299969311111, 'sphere': {'center': [-5.370217716474333, 1.0602935112839351, 85.60722218680036], 'radius': 12.0}, 'projected_sphere': {'center': [121.10684473619725, 127.67904810135751], 'axes': [173.81711051820957, 173.81711051820957], 'angle': 90.0}, 'model_confidence': 0.7349612706184838, 'model_id': 1, 'model_birth_timestamp': 40910.15789, 'theta': 2.4023073805187813, 'phi': -1.758806298703449, 'norm_pos': [0.328387171248098, 0.17071706023572064], 'topic': 'pupil.1', 'id': 1, 'method': '3d c++'}"
1582184720.709069,"{'circle_3d': {'center': [-6.885534710445888, 9.949572771390525, 77.68986602179048], 'normal': [-0.1262764161642962, 0.7407732716755491, -0.6597796804174896], 'radius': 2.263329129993285}, 'confidence': 0.955581109635072, 'timestamp': 41052.92429, 'diameter_3d': 4.52665825998657, 'ellipse': {'center': [105.06785636630724, 199.1828228233352], 'axes': [19.977342087774925, 36.19710825570529], 'angle': -78.0730989346738}, 'location': [105.06785636630724, 199.1828228233352], 'diameter': 36.19710825570529, 'sphere': {'center': [-5.370217716474333, 1.0602935112839351, 85.60722218680036], 'radius': 12.0}, 'projected_sphere': {'center': [121.10684473619725, 127.67904810135751], 'axes': [173.81711051820957, 173.81711051820957], 'angle': 90.0}, 'model_confidence': 0.7343675860732479, 'model_id': 1, 'model_birth_timestamp': 40910.15789, 'theta': 2.4050170770528245, 'phi': -1.759901229827653, 'norm_pos': [0.3283370511447101, 0.17007157156943675], 'topic': 'pupil.1', 'id': 1, 'method': '3d c++'}"
1582184720.715156,"{'circle_3d': {'center': [-6.862605082637243, 9.985892258931663, 77.72645655487686], 'normal': [-0.12436561384690914, 0.7437998956373106, -0.6567304693269584], 'radius': 2.267076211553061}, 'confidence': 0.8650401900021877, 'timestamp': 41052.93269, 'diameter_3d': 4.534152423106122, 'ellipse': {'center': [105.2757165390094, 199.43516888668793], 'axes': [19.873535394421246, 36.24023847037015], 'angle': -78.27212674080249}, 'location': [105.2757165390094, 199.43516888668793], 'diameter': 36.24023847037015, 'sphere': {'center': [-5.370217716474333, 1.0602935112839351, 85.60722218680036], 'radius': 12.0}, 'projected_sphere': {'center': [121.10684473619725, 127.67904810135751], 'axes': [173.81711051820957, 173.81711051820957], 'angle': 90.0}, 'model_confidence': 0.7342336561387497, 'model_id': 1, 'model_birth_timestamp': 40910.15789, 'theta': 2.4095338876950416, 'phi': -1.7579509840596923, 'norm_pos': [0.32898661418440434, 0.1690201296388003], 'topic': 'pupil.1', 'id': 1, 'method': '3d c++'}"
1582184720.725437,"{'circle_3d': {'center': [-6.880034271826588, 10.01528411575474, 77.76320553440702], 'normal': [-0.12581804627935453, 0.7462492170392337, -0.6536680543661109], 'radius': 2.272949436947584}, 'confidence': 0.9091076847197199, 'timestamp': 41052.94109, 'diameter_3d': 4.545898873895168, 'ellipse': {'center': [105.16275279546002, 199.63166305470742], 'axes': [19.77945637539146, 36.31700171349455], 'angle': -78.2169226452099}, 'location': [105.16275279546002, 199.63166305470742], 'diameter': 36.31700171349455, 'sphere': {'center': [-5.370217716474333, 1.0602935112839351, 85.60722218680036], 'radius': 12.0}, 'projected_sphere': {'center': [121.10684473619725, 127.67904810135751], 'axes': [173.81711051820957, 173.81711051820957], 'angle': 90.0}, 'model_confidence': 0.7341950486734583, 'model_id': 1, 'model_birth_timestamp': 40910.15789, 'theta': 2.413205839606538, 'phi': -1.7609508003138923, 'norm_pos': [0.3286336024858126, 0.16820140393871907], 'topic': 'pupil.1', 'id': 1, 'method': '3d c++'}"
1582184720.73237,"{'circle_3d': {'center': [-6.879026969335838, 10.013661071171645, 77.76115922656165], 'normal': [-0.12573410440512536, 0.7461139633239758, -0.6538385800198928], 'radius': 2.275631275296852}, 'confidence': 0.7763060276641359, 'timestamp': 41052.94949, 'diameter_3d': 4.551262550593704, 'ellipse': {'center': [105.16937701116426, 199.6202525335867], 'axes': [19.810934761004226, 36.36082996993577], 'angle': -78.22022239539808}, 'location': [105.16937701116426, 199.6202525335867], 'diameter': 36.36082996993577, 'sphere': {'center': [-5.370217716474333, 1.0602935112839351, 85.60722218680036], 'radius': 12.0}, 'projected_sphere': {'center': [121.10684473619725, 127.67904810135751], 'axes': [173.81711051820957, 173.81711051820957], 'angle': 90.0}, 'model_confidence': 0.7342993512660323, 'model_id': 1, 'model_birth_timestamp': 40910.15789, 'theta': 2.4130026773887887, 'phi': -1.7607785911877758, 'norm_pos': [0.3286543031598883, 0.16824894777672206], 'topic': 'pupil.1', 'id': 1, 'method': '3d c++'}"
1582184720.7428741,"{'circle_3d': {'center': [-6.88504774486295, 10.32873551732616, 78.13719723599034], 'normal': [-0.12623583569905136, 0.7723701671701853, -0.6225020792341678], 'radius': 2.328450207347436}, 'confidence': 0.31097234191883727, 'timestamp': 41052.95789, 'diameter_3d': 4.656900414694872, 'ellipse': {'center': [105.38234857131663, 201.73579211469809], 'axes': [18.79545973706711, 37.02720197930345], 'angle': -78.702799406532}, 'location': [105.38234857131663, 201.73579211469809], 'diameter': 37.02720197930345, 'sphere': {'center': [-5.370217716474333, 1.0602935112839351, 85.60722218680036], 'radius': 12.0}, 'projected_sphere': {'center': [121.10684473619725, 127.67904810135751], 'axes': [173.81711051820957, 173.81711051820957], 'angle': 90.0}, 'model_confidence': 0.7342993512660323, 'model_id': 1, 'model_birth_timestamp': 40910.15789, 'theta': 2.4533605912611445, 'phi': -1.7708710340305092, 'norm_pos': [0.32931983928536446, 0.15943419952209126], 'topic': 'pupil.1', 'id': 1, 'method': '3d c++'}"
1582184720.747226,"{'circle_3d': {'center': [-6.959859632788584, 10.310129592101713, 78.12968441986808], 'normal': [-0.13247015969285417, 0.7708196734014812, -0.6231281472443557], 'radius': 2.334318583175803}, 'confidence': 0.3433352829290271, 'timestamp': 41052.96629, 'diameter_3d': 4.668637166351606, 'ellipse': {'center': [104.78540066775072, 201.59500421516717], 'axes': [18.857026978431442, 37.123684161693], 'angle': -78.2387820334964}, 'location': [104.78540066775072, 201.59500421516717], 'diameter': 37.123684161693, 'sphere': {'center': [-5.370217716474333, 1.0602935112839351, 85.60722218680036], 'radius': 12.0}, 'projected_sphere': {'center': [121.10684473619725, 127.67904810135751], 'axes': [173.81711051820957, 173.81711051820957], 'angle': 90.0}, 'model_confidence': 0.7342993512660323, 'model_id': 1, 'model_birth_timestamp': 40910.15789, 'theta': 2.450923142388105, 'phi': -1.7802668268739414, 'norm_pos': [0.327454377086721, 0.16002081577013683], 'topic': 'pupil.1', 'id': 1, 'method': '3d c++'}"
1582184720.7591429,"{'circle_3d': {'center': [-6.915936141544166, 10.467684102482163, 78.31944084986148], 'normal': [-0.12880986875581943, 0.7839492159331859, -0.6073151114115733], 'radius': 2.336030581758242}, 'confidence': 0.39201944841518765, 'timestamp': 41052.97469, 'diameter_3d': 4.672061163516484, 'ellipse': {'center': [105.26380535301715, 202.64910101136957], 'axes': [18.14377593031466, 37.06167741692497], 'angle': -78.74848229023398}, 'location': [105.26380535301715, 202.64910101136957], 'diameter': 37.06167741692497, 'sphere': {'center': [-5.370217716474333, 1.0602935112839351, 85.60722218680036], 'radius': 12.0}, 'projected_sphere': {'center': [121.10684473619725, 127.67904810135751], 'axes': [173.81711051820957, 173.81711051820957], 'angle': 90.0}, 'model_confidence': 0.7342993512660323, 'model_id': 1, 'model_birth_timestamp': 40910.15789, 'theta': 2.4717980794680776, 'phi': -1.7797963450256196, 'norm_pos': [0.3289493917281786, 0.1556287457859601], 'topic': 'pupil.1', 'id': 1, 'method': '3d c++'}"
1582184720.7696671,"{'circle_3d': {'center': [-6.89992268764764, 10.53796008974423, 78.40765005168674], 'normal': [-0.12747541426444225, 0.7898055482050246, -0.5999643445928011], 'radius': 2.336859639719837}, 'confidence': 0.3377652592185094, 'timestamp': 41052.98309, 'diameter_3d': 4.673719279439674, 'ellipse': {'center': [105.45071587484426, 203.11406419778172], 'axes': [17.8136368183555, 37.033444486699025], 'angle': -78.95176288275454}, 'location': [105.45071587484426, 203.11406419778172], 'diameter': 37.033444486699025, 'sphere': {'center': [-5.370217716474333, 1.0602935112839351, 85.60722218680036], 'radius': 12.0}, 'projected_sphere': {'center': [121.10684473619725, 127.67904810135751], 'axes': [173.81711051820957, 173.81711051820957], 'angle': 90.0}, 'model_confidence': 0.7342993512660323, 'model_id': 1, 'model_birth_timestamp': 40910.15789, 'theta': 2.4812882308862325, 'phi': -1.7801545945053159, 'norm_pos': [0.3295334871088883, 0.15369139917590957], 'topic': 'pupil.1', 'id': 1, 'method': '3d c++'}"
1582184720.776393,"{'circle_3d': {'center': [-6.973485358242231, 10.541309746080833, 78.42809521868107], 'normal': [-0.13360563681399143, 0.7900846862330747, -0.5982605806766076], 'radius': 2.325768393098262}, 'confidence': 0.317230038617199, 'timestamp': 41052.99149, 'diameter_3d': 4.651536786196524, 'ellipse': {'center': [104.88475461689444, 203.1217522844509], 'axes': [17.636107766477448, 36.84760557525451], 'angle': -78.53990913003075}, 'location': [104.88475461689444, 203.1217522844509], 'diameter': 36.84760557525451, 'sphere': {'center': [-5.370217716474333, 1.0602935112839351, 85.60722218680036], 'radius': 12.0}, 'projected_sphere': {'center': [121.10684473619725, 127.67904810135751], 'axes': [173.81711051820957, 173.81711051820957], 'angle': 90.0}, 'model_confidence': 0.7342993512660323, 'model_id': 1, 'model_birth_timestamp': 40910.15789, 'theta': 2.4817434628838684, 'phi': -1.7905144646564335, 'norm_pos': [0.3277648581777951, 0.15365936548145454], 'topic': 'pupil.1', 'id': 1, 'method': '3d c++'}"
1582184720.785203,"{'circle_3d': {'center': [-6.947702559301243, 10.623739640361466, 78.53247556894306], 'normal': [-0.13145707023557582, 0.7969538440897943, -0.5895622181547752], 'radius': 2.3333826502835864}, 'confidence': 0.36372304788930365, 'timestamp': 41052.99989, 'diameter_3d': 4.666765300567173, 'ellipse': {'center': [105.15995221554725, 203.66355786548533], 'axes': [17.29998252734184, 36.91957821708674], 'angle': -78.81795737113086}, 'location': [105.15995221554725, 203.66355786548533], 'diameter': 36.91957821708674, 'sphere': {'center': [-5.370217716474333, 1.0602935112839351, 85.60722218680036], 'radius': 12.0}, 'projected_sphere': {'center': [121.10684473619725, 127.67904810135751], 'axes': [173.81711051820957, 173.81711051820957], 'angle': 90.0}, 'model_confidence': 0.7342993512660323, 'model_id': 1, 'model_birth_timestamp': 40910.15789, 'theta': 2.4930316649085995, 'phi': -1.7901815976245516, 'norm_pos': [0.32862485067358516, 0.15140184222714448], 'topic': 'pupil.1', 'id': 1, 'method': '3d c++'}"
1582184720.793482,"{'circle_3d': {'center': [-6.818730461892436, 10.841029489219704, 78.8072946462839], 'normal': [-0.12070939545150856, 0.8150613314946475, -0.566660628376371], 'radius': 2.360122079500336}, 'confidence': 0.3085478975747034, 'timestamp': 41053.00829, 'diameter_3d': 4.720244159000672, 'ellipse': {'center': [106.36043139619048, 205.08452464720642], 'axes': [16.471903330750873, 37.2140396225748], 'angle': -79.87375410654465}, 'location': [106.36043139619048, 205.08452464720642], 'diameter': 37.2140396225748, 'sphere': {'center': [-5.370217716474333, 1.0602935112839351, 85.60722218680036], 'radius': 12.0}, 'projected_sphere': {'center': [121.10684473619725, 127.67904810135751], 'axes': [173.81711051820957, 173.81711051820957], 'angle': 90.0}, 'model_confidence': 0.7342993512660323, 'model_id': 1, 'model_birth_timestamp': 40910.15789, 'theta': 2.5236313719386727, 'phi': -1.780678100385058, 'norm_pos': [0.33237634811309524, 0.14548114730330652], 'topic': 'pupil.1', 'id': 1, 'method': '3d c++'}"
1582184720.800838,"{'circle_3d': {'center': [-6.828173643861692, 10.836510109481106, 78.80281526636047], 'normal': [-0.12149632728227984, 0.8146847165164308, -0.5670339100366574], 'radius': 2.3383296031032863}, 'confidence': 0.3805359740456864, 'timestamp': 41053.01669, 'diameter_3d': 4.676659206206573, 'ellipse': {'center': [106.28322942223937, 205.05746386649574], 'axes': [16.334617994023084, 36.87224820280676], 'angle': -79.8146529098993}, 'location': [106.28322942223937, 205.05746386649574], 'diameter': 36.87224820280676, 'sphere': {'center': [-5.370217716474333, 1.0602935112839351, 85.60722218680036], 'radius': 12.0}, 'projected_sphere': {'center': [121.10684473619725, 127.67904810135751], 'axes': [173.81711051820957, 173.81711051820957], 'angle': 90.0}, 'model_confidence': 0.7342993512660323, 'model_id': 1, 'model_birth_timestamp': 40910.15789, 'theta': 2.5229816318477436, 'phi': -1.7818712150185851, 'norm_pos': [0.33213509194449803, 0.14559390055626775], 'topic': 'pupil.1', 'id': 1, 'method': '3d c++'}"
1582184720.80798,"{'circle_3d': {'center': [-6.847368397387722, 10.77940108573803, 78.7255818429531], 'normal': [-0.12309589007611575, 0.809925631204508, -0.5734700286539377], 'radius': 2.3349343847305426}, 'confidence': 0.2758446111177034, 'timestamp': 41053.02509, 'diameter_3d': 4.669868769461085, 'ellipse': {'center': [106.08050663678944, 204.68939944586884], 'axes': [16.598312611780063, 36.85452482891765], 'angle': -79.62175396617516}, 'location': [106.08050663678944, 204.68939944586884], 'diameter': 36.85452482891765, 'sphere': {'center': [-5.370217716474333, 1.0602935112839351, 85.60722218680036], 'radius': 12.0}, 'projected_sphere': {'center': [121.10684473619725, 127.67904810135751], 'axes': [173.81711051820957, 173.81711051820957], 'angle': 90.0}, 'model_confidence': 0.7342993512660323, 'model_id': 1, 'model_birth_timestamp': 40910.15789, 'theta': 2.5148216368757295, 'phi': -1.7822388409001841, 'norm_pos': [0.331501583239967, 0.14712750230887983], 'topic': 'pupil.1', 'id': 1, 'method': '3d c++'}"
1582184720.8164248,"{'circle_3d': {'center': [-7.260347713118422, 10.582507248846996, 78.5535101050698], 'normal': [-0.15751083305367408, 0.7935178114635884, -0.5878093401442127], 'radius': 2.3541327930724343}, 'confidence': 0.29357197114007305, 'timestamp': 41053.03349, 'diameter_3d': 4.708265586144869, 'ellipse': {'center': [102.71407024841542, 203.31389627333562], 'axes': [17.31022645229526, 37.23635275511609], 'angle': -77.00023370439006}, 'location': [102.71407024841542, 203.31389627333562], 'diameter': 37.23635275511609, 'sphere': {'center': [-5.370217716474333, 1.0602935112839351, 85.60722218680036], 'radius': 12.0}, 'projected_sphere': {'center': [121.10684473619725, 127.67904810135751], 'axes': [173.81711051820957, 173.81711051820957], 'angle': 90.0}, 'model_confidence': 0.7342993512660323, 'model_id': 1, 'model_birth_timestamp': 40910.15789, 'theta': 2.487364405120405, 'phi': -1.8326080874231945, 'norm_pos': [0.3209814695262982, 0.15285876552776823], 'topic': 'pupil.1', 'id': 1, 'method': '3d c++'}"
1582184720.837035,"{'circle_3d': {'center': [-7.022100929069915, 10.619898116767397, 78.54427367794342], 'normal': [-0.13765693438296514, 0.7966337171236216, -0.5885790424047445], 'radius': 2.3267383635334538}, 'confidence': 0.29665356683785193, 'timestamp': 41053.05029, 'diameter_3d': 4.6534767270669075, 'ellipse': {'center': [104.58238082197205, 203.6224770107898], 'axes': [17.19097668732931, 36.808472310274745], 'angle': -78.39397335423361}, 'location': [104.58238082197205, 203.6224770107898], 'diameter': 36.808472310274745, 'sphere': {'center': [-5.370217716474333, 1.0602935112839351, 85.60722218680036], 'radius': 12.0}, 'projected_sphere': {'center': [121.10684473619725, 127.67904810135751], 'axes': [173.81711051820957, 173.81711051820957], 'angle': 90.0}, 'model_confidence': 0.7342993512660323, 'model_id': 1, 'model_birth_timestamp': 40910.15789, 'theta': 2.4925018737886666, 'phi': -1.8005467472338192, 'norm_pos': [0.32681994006866266, 0.1515730124550425], 'topic': 'pupil.1', 'id': 1, 'method': '3d c++'}"
1582184720.8430579,"{'circle_3d': {'center': [-7.344251767308347, 10.556701684719824, 78.54171290794099], 'normal': [-0.16450283756950124, 0.7913673477863243, -0.5887924399049475], 'radius': 2.3534326225726194}, 'confidence': 0.29351316398553434, 'timestamp': 41053.05869, 'diameter_3d': 4.706865245145239, 'ellipse': {'center': [102.045173055561, 203.12286958729166], 'axes': [17.333602115686272, 37.23032371689403], 'angle': -76.4882043643851}, 'location': [102.045173055561, 203.12286958729166], 'diameter': 37.23032371689403, 'sphere': {'center': [-5.370217716474333, 1.0602935112839351, 85.60722218680036], 'radius': 12.0}, 'projected_sphere': {'center': [121.10684473619725, 127.67904810135751], 'axes': [173.81711051820957, 173.81711051820957], 'angle': 90.0}, 'model_confidence': 0.7342993512660323, 'model_id': 1, 'model_birth_timestamp': 40910.15789, 'theta': 2.483838734658437, 'phi': -1.8432394730786577, 'norm_pos': [0.3188911657986281, 0.1536547100529514], 'topic': 'pupil.1', 'id': 1, 'method': '3d c++'}"
1582184720.850732,"{'circle_3d': {'center': [-7.321841619785109, 10.571572343783703, 78.55550331049311], 'normal': [-0.16263532527589789, 0.7926065693749804, -0.5876432396922705], 'radius': 2.326962338645811}, 'confidence': 0.29709232198569857, 'timestamp': 41053.06709, 'diameter_3d': 4.653924677291622, 'ellipse': {'center': [102.2311085173742, 203.2306498845226], 'axes': [17.09046866517496, 36.805041529764054], 'angle': -76.63935576593659}, 'location': [102.2311085173742, 203.2306498845226], 'diameter': 36.805041529764054, 'sphere': {'center': [-5.370217716474333, 1.0602935112839351, 85.60722218680036], 'radius': 12.0}, 'projected_sphere': {'center': [121.10684473619725, 127.67904810135751], 'axes': [173.81711051820957, 173.81711051820957], 'angle': 90.0}, 'model_confidence': 0.7342993512660323, 'model_id': 1, 'model_birth_timestamp': 40910.15789, 'theta': 2.485868457397956, 'phi': -1.840796765738063, 'norm_pos': [0.3194722141167944, 0.1532056254811559], 'topic': 'pupil.1', 'id': 1, 'method': '3d c++'}"
1582184720.859638,"{'circle_3d': {'center': [-7.395143039006133, 10.580413551610723, 78.58817724778353], 'normal': [-0.16874377687765, 0.7933433366938993, -0.5849204115847355], 'radius': 2.3407263516554964}, 'confidence': 0.35293798772484863, 'timestamp': 41053.07549, 'diameter_3d': 4.681452703310993, 'ellipse': {'center': [101.67828556566772, 203.26464992971935], 'axes': [17.052422989388756, 37.00712275585994], 'angle': -76.24981495733732}, 'location': [101.67828556566772, 203.26464992971935], 'diameter': 37.00712275585994, 'sphere': {'center': [-5.370217716474333, 1.0602935112839351, 85.60722218680036], 'radius': 12.0}, 'projected_sphere': {'center': [121.10684473619725, 127.67904810135751], 'axes': [173.81711051820957, 173.81711051820957], 'angle': 90.0}, 'model_confidence': 0.7342993512660323, 'model_id': 1, 'model_birth_timestamp': 40910.15789, 'theta': 2.4870777515622855, 'phi': -1.8516604642424468, 'norm_pos': [0.3177446423927116, 0.1530639586261694], 'topic': 'pupil.1', 'id': 1, 'method': '3d c++'}"
1582184720.867203,"{'circle_3d': {'center': [-7.41944969012437, 10.51586619808381, 78.50843401678046], 'normal': [-0.17076933113750312, 0.7879643905666563, -0.591565680834992], 'radius': 2.349300196710751}, 'confidence': 0.3499175676415577, 'timestamp': 41053.08389, 'diameter_3d': 4.698600393421502, 'ellipse': {'center': [101.42881147433258, 202.8357555576792], 'axes': [17.41589610485776, 37.18011112336218], 'angle': -75.99629171144295}, 'location': [101.42881147433258, 202.8357555576792], 'diameter': 37.18011112336218, 'sphere': {'center': [-5.370217716474333, 1.0602935112839351, 85.60722218680036], 'radius': 12.0}, 'projected_sphere': {'center': [121.10684473619725, 127.67904810135751], 'axes': [173.81711051820957, 173.81711051820957], 'angle': 90.0}, 'model_confidence': 0.7342993512660323, 'model_id': 1, 'model_birth_timestamp': 40910.15789, 'theta': 2.4782922354006978, 'phi': -1.8518297125292749, 'norm_pos': [0.3169650358572893, 0.15485101850966998], 'topic': 'pupil.1', 'id': 1, 'method': '3d c++'}"
1582184720.8764958,"{'circle_3d': {'center': [-7.49219428208526, 10.530020545938534, 78.54878855432], 'normal': [-0.17683138046757718, 0.7891439195545499, -0.5882028027066966], 'radius': 2.3496674437065543}, 'confidence': 0.2602893604552654, 'timestamp': 41053.09229, 'diameter_3d': 4.699334887413109, 'ellipse': {'center': [100.88584557674537, 202.90638439007682], 'axes': [17.249221609066073, 37.166483805971254], 'angle': -75.62058293765774}, 'location': [100.88584557674537, 202.90638439007682], 'diameter': 37.166483805971254, 'sphere': {'center': [-5.370217716474333, 1.0602935112839351, 85.60722218680036], 'radius': 12.0}, 'projected_sphere': {'center': [121.10684473619725, 127.67904810135751], 'axes': [173.81711051820957, 173.81711051820957], 'angle': 90.0}, 'model_confidence': 0.7342993512660323, 'model_id': 1, 'model_birth_timestamp': 40910.15789, 'theta': 2.4802102786181233, 'phi': -1.862830958829645, 'norm_pos': [0.3152682674273293, 0.1545567317080132], 'topic': 'pupil.1', 'id': 1, 'method': '3d c++'}"
1582184720.885813,"{'circle_3d': {'center': [-7.491374617998844, 10.538086768569457, 78.5593765321859], 'normal': [-0.17676307512704256, 0.7898161047737936, -0.5873204712178721], 'radius': 2.3214469758118637}, 'confidence': 0.20631937124231572, 'timestamp': 41053.10069, 'diameter_3d': 4.642893951623727, 'ellipse': {'center': [100.89957505610158, 202.964158513111], 'axes': [17.001870752145656, 36.71492677339753], 'angle': -75.64037210355684}, 'location': [100.89957505610158, 202.964158513111], 'diameter': 36.71492677339753, 'sphere': {'center': [-5.370217716474333, 1.0602935112839351, 85.60722218680036], 'radius': 12.0}, 'projected_sphere': {'center': [121.10684473619725, 127.67904810135751], 'axes': [173.81711051820957, 173.81711051820957], 'angle': 90.0}, 'model_confidence': 0.7342993512660323, 'model_id': 1, 'model_birth_timestamp': 40910.15789, 'theta': 2.481305442200895, 'phi': -1.863138471706573, 'norm_pos': [0.31531117205031745, 0.1543160061953709], 'topic': 'pupil.1', 'id': 1, 'method': '3d c++'}"
1582184720.89101,"{'circle_3d': {'center': [-7.452361491976738, 10.472205138745474, 78.46015308016715], 'normal': [-0.1735119812918671, 0.7843259689551283, -0.5955890922194343], 'radius': 2.3390619960987373}, 'confidence': 0.22607525686518912, 'timestamp': 41053.10909, 'diameter_3d': 4.678123992197475, 'ellipse': {'center': [101.1338772247093, 202.5423461396573], 'axes': [17.518308790257908, 37.040424638754196], 'angle': -75.73198265072786}, 'location': [101.1338772247093, 202.5423461396573], 'diameter': 37.040424638754196, 'sphere': {'center': [-5.370217716474333, 1.0602935112839351, 85.60722218680036], 'radius': 12.0}, 'projected_sphere': {'center': [121.10684473619725, 127.67904810135751], 'axes': [173.81711051820957, 173.81711051820957], 'angle': 90.0}, 'model_confidence': 0.7342993512660323, 'model_id': 1, 'model_birth_timestamp': 40910.15789, 'theta': 2.4724051708989183, 'phi': -1.85427860538631, 'norm_pos': [0.3160433663272165, 0.15607355775142795], 'topic': 'pupil.1', 'id': 1, 'method': '3d c++'}"
1582184720.900532,"{'circle_3d': {'center': [-7.460754833830826, 10.485607392675222, 78.48029347955152], 'normal': [-0.17421142644637438, 0.7854428234492737, -0.5939107256040697], 'radius': 2.3371348408957116}, 'confidence': 0.19257147087530532, 'timestamp': 41053.11749, 'diameter_3d': 4.674269681791423, 'ellipse': {'center': [101.08256652188791, 202.62799619570166], 'axes': [17.42506085188956, 37.00039675266543], 'angle': -75.71064127777436}, 'location': [101.08256652188791, 202.62799619570166], 'diameter': 37.00039675266543, 'sphere': {'center': [-5.370217716474333, 1.0602935112839351, 85.60722218680036], 'radius': 12.0}, 'projected_sphere': {'center': [121.10684473619725, 127.67904810135751], 'axes': [173.81711051820957, 173.81711051820957], 'angle': 90.0}, 'model_confidence': 0.7342993512660323, 'model_id': 1, 'model_birth_timestamp': 40910.15789, 'theta': 2.474207590636401, 'phi': -1.856122047209069, 'norm_pos': [0.3158830203808997, 0.15571668251790982], 'topic': 'pupil.1', 'id': 1, 'method': '3d c++'}"
1582184720.907897,"{'circle_3d': {'center': [-7.465420202323251, 10.492873627294811, 78.49128522120483], 'normal': [-0.17460020715407648, 0.7860483430009062, -0.5929947471329602], 'radius': 2.336725834348869}, 'confidence': 0.20407887508942066, 'timestamp': 41053.12589, 'diameter_3d': 4.673451668697738, 'ellipse': {'center': [101.05392006372676, 202.6742275262215], 'axes': [17.379028346983702, 36.988739491298766], 'angle': -75.69847359144583}, 'location': [101.05392006372676, 202.6742275262215], 'diameter': 36.988739491298766, 'sphere': {'center': [-5.370217716474333, 1.0602935112839351, 85.60722218680036], 'radius': 12.0}, 'projected_sphere': {'center': [121.10684473619725, 127.67904810135751], 'axes': [173.81711051820957, 173.81711051820957], 'angle': 90.0}, 'model_confidence': 0.7342993512660323, 'model_id': 1, 'model_birth_timestamp': 40910.15789, 'theta': 2.4751865250316114, 'phi': -1.857142620793157, 'norm_pos': [0.31579350019914615, 0.15552405197407704], 'topic': 'pupil.1', 'id': 1, 'method': '3d c++'}"
1582184720.9156082,"{'circle_3d': {'center': [-7.470085134434694, 10.500160009309406, 78.50233110203031], 'normal': [-0.17498895149669666, 0.7866555415021224, -0.5920742570641704], 'radius': 2.335389875617297}, 'confidence': 0.20434045765055586, 'timestamp': 41053.13429, 'diameter_3d': 4.670779751234594, 'ellipse': {'center': [101.02530647971804, 202.7207154717068], 'axes': [17.325943351904872, 36.96238067213613], 'angle': -75.68637638473179}, 'location': [101.02530647971804, 202.7207154717068], 'diameter': 36.96238067213613, 'sphere': {'center': [-5.370217716474333, 1.0602935112839351, 85.60722218680036], 'radius': 12.0}, 'projected_sphere': {'center': [121.10684473619725, 127.67904810135751], 'axes': [173.81711051820957, 173.81711051820957], 'angle': 90.0}, 'model_confidence': 0.7342993512660323, 'model_id': 1, 'model_birth_timestamp': 40910.15789, 'theta': 2.47616939893826, 'phi': -1.8581677509922125, 'norm_pos': [0.3157040827491189, 0.1553303522012217], 'topic': 'pupil.1', 'id': 1, 'method': '3d c++'}"
1582184720.933291,"{'circle_3d': {'center': [-7.474749327178452, 10.507466422073808, 78.51343119092338], 'normal': [-0.17537763422534322, 0.7872644092324892, -0.5911492496564142], 'radius': 2.3347994655819018}, 'confidence': 0.22726408640999404, 'timestamp': 41053.14269, 'diameter_3d': 4.6695989311638035, 'ellipse': {'center': [100.99676119067638, 202.76716033773616], 'axes': [17.278248980361564, 36.947808858439124], 'angle': -75.67434925491564}, 'location': [100.99676119067638, 202.76716033773616], 'diameter': 36.947808858439124, 'sphere': {'center': [-5.370217716474333, 1.0602935112839351, 85.60722218680036], 'radius': 12.0}, 'projected_sphere': {'center': [121.10684473619725, 127.67904810135751], 'axes': [173.81711051820957, 173.81711051820957], 'angle': 90.0}, 'model_confidence': 0.7342993512660323, 'model_id': 1, 'model_birth_timestamp': 40910.15789, 'theta': 2.477156212357194, 'phi': -1.8591974378071183, 'norm_pos': [0.3156148787208637, 0.1551368319260994], 'topic': 'pupil.1', 'id': 1, 'method': '3d c++'}"
1582184720.936331,"{'circle_3d': {'center': [-7.479412475994457, 10.514792748336028, 78.52458555606782], 'normal': [-0.17576622996001026, 0.7878749364210075, -0.5902197192277112], 'radius': 2.333502005221492}, 'confidence': 0.20479779607576984, 'timestamp': 41053.15109, 'diameter_3d': 4.667004010442984, 'ellipse': {'center': [100.96825814093737, 202.81381968305035], 'axes': [17.225169028878913, 36.92202189853701], 'angle': -75.66239528498613}, 'location': [100.96825814093737, 202.81381968305035], 'diameter': 36.92202189853701, 'sphere': {'center': [-5.370217716474333, 1.0602935112839351, 85.60722218680036], 'radius': 12.0}, 'projected_sphere': {'center': [121.10684473619725, 127.67904810135751], 'axes': [173.81711051820957, 173.81711051820957], 'angle': 90.0}, 'model_confidence': 0.7342993512660323, 'model_id': 1, 'model_birth_timestamp': 40910.15789, 'theta': 2.4781469652884134, 'phi': -1.8602316812378736, 'norm_pos': [0.3155258066904293, 0.15494241798729014], 'topic': 'pupil.1', 'id': 1, 'method': '3d c++'}"
1582184720.945355,"{'circle_3d': {'center': [-7.484074274752453, 10.522138870242278, 78.53579426493174], 'normal': [-0.17615471318984327, 0.7884871132465283, -0.589285660155718], 'radius': 2.340913874876326}, 'confidence': 0.21564520696535575, 'timestamp': 41053.15949, 'diameter_3d': 4.681827749752652, 'ellipse': {'center': [100.93998413547936, 202.85902138645486], 'axes': [17.23615614954367, 37.034081340659874], 'angle': -75.65050553365751}, 'location': [100.93998413547936, 202.85902138645486], 'diameter': 37.034081340659874, 'sphere': {'center': [-5.370217716474333, 1.0602935112839351, 85.60722218680036], 'radius': 12.0}, 'projected_sphere': {'center': [121.10684473619725, 127.67904810135751], 'axes': [173.81711051820957, 173.81711051820957], 'angle': 90.0}, 'model_confidence': 0.7342993512660323, 'model_id': 1, 'model_birth_timestamp': 40910.15789, 'theta': 2.47914165773192, 'phi': -1.8612704812844794, 'norm_pos': [0.315437450423373, 0.1547540775564381], 'topic': 'pupil.1', 'id': 1, 'method': '3d c++'}"
1582184720.955869,"{'circle_3d': {'center': [-7.418028019461726, 10.529504669335589, 78.52622557564393], 'normal': [-0.1706508585822827, 0.7891009298376378, -0.5900830509297018], 'radius': 2.312253444586821}, 'confidence': 0.19518436286318155, 'timestamp': 41053.16789, 'diameter_3d': 4.624506889173642, 'ellipse': {'center': [101.45236445775055, 202.93175051001867], 'axes': [17.073974690886615, 36.58523932259017], 'angle': -76.02951627302117}, 'location': [101.45236445775055, 202.93175051001867], 'diameter': 36.58523932259017, 'sphere': {'center': [-5.370217716474333, 1.0602935112839351, 85.60722218680036], 'radius': 12.0}, 'projected_sphere': {'center': [121.10684473619725, 127.67904810135751], 'axes': [173.81711051820957, 173.81711051820957], 'angle': 90.0}, 'model_confidence': 0.7342993512660323, 'model_id': 1, 'model_birth_timestamp': 40910.15789, 'theta': 2.4801402896877134, 'phi': -1.8523138379469355, 'norm_pos': [0.31703863893047046, 0.1544510395415889], 'topic': 'pupil.1', 'id': 1, 'method': '3d c++'}"
1582184720.9617438,"{'circle_3d': {'center': [-7.42773043580682, 10.536890026560906, 78.53892961387828], 'normal': [-0.17145939327770726, 0.789716376273081, -0.5890243810768397], 'radius': 2.33789036475279}, 'confidence': 0.17047239230030348, 'timestamp': 41053.17629, 'diameter_3d': 4.67578072950558, 'ellipse': {'center': [101.38576702286278, 202.97251038125708], 'axes': [17.213058297735483, 36.98510152898886], 'angle': -75.98949139058347}, 'location': [101.38576702286278, 202.97251038125708], 'diameter': 36.98510152898886, 'sphere': {'center': [-5.370217716474333, 1.0602935112839351, 85.60722218680036], 'radius': 12.0}, 'projected_sphere': {'center': [121.10684473619725, 127.67904810135751], 'axes': [173.81711051820957, 173.81711051820957], 'angle': 90.0}, 'model_confidence': 0.7342993512660323, 'model_id': 1, 'model_birth_timestamp': 40910.15789, 'theta': 2.4811428611566617, 'phi': -1.8540593455782493, 'norm_pos': [0.3168305219464462, 0.1542812067447622], 'topic': 'pupil.1', 'id': 1, 'method': '3d c++'}"
1582184720.9689758,"{'circle_3d': {'center': [-7.502039661401793, 10.544294822238154, 78.57095511334839], 'normal': [-0.17765182874395496, 0.7903334425795183, -0.5863555894543306], 'radius': 2.3320048371428115}, 'confidence': 0.1141889612687545, 'timestamp': 41053.18469, 'diameter_3d': 4.664009674285623, 'ellipse': {'center': [100.82441689228503, 202.99944737848796], 'axes': [17.033149239343825, 36.87653275583501], 'angle': -75.59335741556735}, 'location': [100.82441689228503, 202.99944737848796], 'diameter': 36.87653275583501, 'sphere': {'center': [-5.367512643805387, 1.052117813699275, 85.55130433213851], 'radius': 12.0}, 'projected_sphere': {'center': [121.10102744618021, 127.62481705668748], 'axes': [173.9307204742421, 173.9307204742421], 'angle': 90.0}, 'model_confidence': 0.7342993512660323, 'model_id': 1, 'model_birth_timestamp': 40910.15789, 'theta': 2.48214937213703, 'phi': -1.8649814015395327, 'norm_pos': [0.3150763027883907, 0.1541689692563002], 'topic': 'pupil.1', 'id': 1, 'method': '3d c++'}"
1582184720.9773629,"{'circle_3d': {'center': [-7.568318974506099, 10.543543238514616, 78.5463564451149], 'normal': [-0.1834005275583926, 0.7909521187346116, -0.5837456572519681], 'radius': 2.363622646916913}, 'confidence': 0.10154114560843873, 'timestamp': 41053.19309, 'diameter_3d': 4.727245293833826, 'ellipse': {'center': [100.28447826595291, 203.0150344546396], 'axes': [17.142203244625225, 37.388254204669536], 'angle': -75.22771483572023}, 'location': [100.28447826595291, 203.0150344546396], 'diameter': 37.388254204669536, 'sphere': {'center': [-5.367512643805387, 1.052117813699275, 85.55130433213851], 'radius': 12.0}, 'projected_sphere': {'center': [121.10102744618021, 127.62481705668748], 'axes': [173.9307204742421, 173.9307204742421], 'angle': 90.0}, 'model_confidence': 0.7342993512660323, 'model_id': 1, 'model_birth_timestamp': 40910.15789, 'theta': 2.483159822629684, 'phi': -1.8752099311208845, 'norm_pos': [0.31338899458110286, 0.1541040231056684], 'topic': 'pupil.1', 'id': 1, 'method': '3d c++'}"
1582184720.987328,"{'circle_3d': {'center': [-7.567971795136516, 10.55098654967664, 78.55634384190022], 'normal': [-0.18337159594426072, 0.7915723946647805, -0.582913374186525], 'radius': 2.3426252884305607}, 'confidence': 0.10251589759703604, 'timestamp': 41053.20149, 'diameter_3d': 4.6852505768611215, 'ellipse': {'center': [100.29423547364605, 203.06722617406393], 'axes': [16.95171134786422, 37.0512365320826], 'angle': -75.24395904803929}, 'location': [100.29423547364605, 203.06722617406393], 'diameter': 37.0512365320826, 'sphere': {'center': [-5.367512643805387, 1.052117813699275, 85.55130433213851], 'radius': 12.0}, 'projected_sphere': {'center': [121.10102744618021, 127.62481705668748], 'axes': [173.9307204742421, 173.9307204742421], 'angle': 90.0}, 'model_confidence': 0.7342993512660323, 'model_id': 1, 'model_birth_timestamp': 40910.15789, 'theta': 2.4841742126346236, 'phi': -1.875572999151983, 'norm_pos': [0.3134194858551439, 0.1538865576080669], 'topic': 'pupil.1', 'id': 1, 'method': '3d c++'}"
1582184720.99173,"{'circle_3d': {'center': [-7.5734186709728295, 10.558448936646784, 78.568207083769], 'normal': [-0.18382550226395353, 0.7921942602456257, -0.5819247706974598], 'radius': 2.3626180550474634}, 'confidence': 0.06781653391344981, 'timestamp': 41053.20989, 'diameter_3d': 4.725236110094927, 'ellipse': {'center': [100.26063785930987, 203.11042640580447], 'axes': [17.049853614835342, 37.361990854262615], 'angle': -75.22848226768467}, 'location': [100.26063785930987, 203.11042640580447], 'diameter': 37.361990854262615, 'sphere': {'center': [-5.367512643805387, 1.052117813699275, 85.55130433213851], 'radius': 12.0}, 'projected_sphere': {'center': [121.10102744618021, 127.62481705668748], 'axes': [173.9307204742421, 173.9307204742421], 'angle': 90.0}, 'model_confidence': 0.7342993512660323, 'model_id': 1, 'model_birth_timestamp': 40910.15789, 'theta': 2.485192542151848, 'phi': -1.8767686162364343, 'norm_pos': [0.31331449331034333, 0.15370655664248134], 'topic': 'pupil.1', 'id': 1, 'method': '3d c++'}"
1582184721.002174,"{'circle_3d': {'center': [-7.578862851905651, 10.565930277321105, 78.58012776973753], 'normal': [-0.18427918400835533, 0.7928177053018192, -0.5809313802000821], 'radius': 2.354883024118487}, 'confidence': 0.05674269357774309, 'timestamp': 41053.21829, 'diameter_3d': 4.709766048236974, 'ellipse': {'center': [100.22654628151952, 203.1585937907993], 'axes': [16.947227867103074, 37.23394781524111], 'angle': -75.2131236020456}, 'location': [100.22654628151952, 203.1585937907993], 'diameter': 37.23394781524111, 'sphere': {'center': [-5.367512643805387, 1.052117813699275, 85.55130433213851], 'radius': 12.0}, 'projected_sphere': {'center': [121.10102744618021, 127.62481705668748], 'axes': [173.9307204742421, 173.9307204742421], 'angle': 90.0}, 'model_confidence': 0.7342993512660323, 'model_id': 1, 'model_birth_timestamp': 40910.15789, 'theta': 2.48621481118136, 'phi': -1.877969419199751, 'norm_pos': [0.31320795712974847, 0.15350585920500293], 'topic': 'pupil.1', 'id': 1, 'method': '3d c++'}"
1582184721.0118132,"{'circle_3d': {'center': [-7.584303974537226, 10.573430448989626, 78.59210596615895], 'normal': [-0.18473261089431986, 0.793442719607529, -0.5799331971649632], 'radius': 2.3679271725587143}, 'confidence': 0.07906220527784419, 'timestamp': 41053.22669, 'diameter_3d': 4.735854345117429, 'ellipse': {'center': [100.1929569391084, 203.20317593300499], 'axes': [16.994023644496508, 37.43461185387155], 'angle': -75.197832172924}, 'location': [100.1929569391084, 203.20317593300499], 'diameter': 37.43461185387155, 'sphere': {'center': [-5.367512643805387, 1.052117813699275, 85.55130433213851], 'radius': 12.0}, 'projected_sphere': {'center': [121.10102744618021, 127.62481705668748], 'axes': [173.9307204742421, 173.9307204742421], 'angle': 90.0}, 'model_confidence': 0.7342993512660323, 'model_id': 1, 'model_birth_timestamp': 40910.15789, 'theta': 2.4872410197240464, 'phi': -1.879175408042978, 'norm_pos': [0.31310299043471373, 0.1533201002791459], 'topic': 'pupil.1', 'id': 1, 'method': '3d c++'}"
1582184721.0193532,"{'circle_3d': {'center': [-7.659101031202246, 10.580949328309057, 78.62671101347154], 'normal': [-0.1909656989497382, 0.7940692928841483, -0.5770494432222482], 'radius': 2.3555987790135235}, 'confidence': 0.05690365463894021, 'timestamp': 41053.23509, 'diameter_3d': 4.711197558027047, 'ellipse': {'center': [99.6304040803632, 203.2294417924271], 'axes': [16.75825381880904, 37.222831000722294], 'angle': -74.80515768319704}, 'location': [99.6304040803632, 203.2294417924271], 'diameter': 37.222831000722294, 'sphere': {'center': [-5.367512643805387, 1.052117813699275, 85.55130433213851], 'radius': 12.0}, 'projected_sphere': {'center': [121.10102744618021, 127.62481705668748], 'axes': [173.9307204742421, 173.9307204742421], 'angle': 90.0}, 'model_confidence': 0.7342993512660323, 'model_id': 1, 'model_birth_timestamp': 40910.15789, 'theta': 2.488271167778132, 'phi': -1.8903865827640274, 'norm_pos': [0.311345012751135, 0.1532106591982204], 'topic': 'pupil.1', 'id': 1, 'method': '3d c++'}"
1582184721.03696,"{'circle_3d': {'center': [-7.506630995544029, 11.074600778721084, 79.30838771463492], 'normal': [-0.17825986264488686, 0.8352069137518177, -0.5202430514586331], 'radius': 2.373360853863141}, 'confidence': 0.05885365736895682, 'timestamp': 41053.24349, 'diameter_3d': 4.746721707726282, 'ellipse': {'center': [101.32945053138185, 206.39179463332442], 'axes': [14.335872821775869, 37.183996717595555], 'angle': -76.5457070227796}, 'location': [101.32945053138185, 206.39179463332442], 'diameter': 37.183996717595555, 'sphere': {'center': [-5.367512643805387, 1.052117813699275, 85.55130433213851], 'radius': 12.0}, 'projected_sphere': {'center': [121.10102744618021, 127.62481705668748], 'axes': [173.9307204742421, 173.9307204742421], 'angle': 90.0}, 'model_confidence': 0.7342993512660323, 'model_id': 1, 'model_birth_timestamp': 40910.15789, 'theta': 2.559305255344502, 'phi': -1.900905874700299, 'norm_pos': [0.3166545329105683, 0.14003418902781495], 'topic': 'pupil.1', 'id': 1, 'method': '3d c++'}"
1582184721.038317,"{'circle_3d': {'center': [-7.750339863008261, 10.845580243169273, 79.03899075814766], 'normal': [-0.19856893493357278, 0.8161218691224997, -0.542692797832571], 'radius': 2.352279848166915}, 'confidence': 0.292322196540424, 'timestamp': 41053.25189, 'diameter_3d': 4.70455969633383, 'ellipse': {'center': [99.2257552544354, 204.88504595119156], 'axes': [15.160166138485842, 36.97701647576584], 'angle': -74.83372183929079}, 'location': [99.2257552544354, 204.88504595119156], 'diameter': 36.97701647576584, 'sphere': {'center': [-5.367512643805387, 1.052117813699275, 85.55130433213851], 'radius': 12.0}, 'projected_sphere': {'center': [121.10102744618021, 127.62481705668748], 'axes': [173.9307204742421, 173.9307204742421], 'angle': 90.0}, 'model_confidence': 0.7342993512660323, 'model_id': 1, 'model_birth_timestamp': 40910.15789, 'theta': 2.5254642225683512, 'phi': -1.9215613104807499, 'norm_pos': [0.3100804851701106, 0.14631230853670185], 'topic': 'pupil.1', 'id': 1, 'method': '3d c++'}"
1582184721.04354,"{'circle_3d': {'center': [-7.705162051352215, 10.804142928693725, 78.96090211346373], 'normal': [-0.19480411729556898, 0.8126687595828707, -0.5492001848895651], 'radius': 2.354255087320276}, 'confidence': 0.2906526636329129, 'timestamp': 41053.26029, 'diameter_3d': 4.708510174640552, 'ellipse': {'center': [99.52058415409778, 204.6405498038246], 'axes': [15.474332526965437, 37.044760255377994], 'angle': -74.99246168098612}, 'location': [99.52058415409778, 204.6405498038246], 'diameter': 37.044760255377994, 'sphere': {'center': [-5.367512643805387, 1.052117813699275, 85.55130433213851], 'radius': 12.0}, 'projected_sphere': {'center': [121.10102744618021, 127.62481705668748], 'axes': [173.9307204742421, 173.9307204742421], 'angle': 90.0}, 'model_confidence': 0.7342993512660323, 'model_id': 1, 'model_birth_timestamp': 40910.15789, 'theta': 2.5195137102848615, 'phi': -1.911656624638185, 'norm_pos': [0.3110018254815555, 0.14733104248406415], 'topic': 'pupil.1', 'id': 1, 'method': '3d c++'}"
1582184721.0521421,"{'circle_3d': {'center': [-7.779390443609022, 10.819997234468403, 79.01132137343524], 'normal': [-0.20098981665030297, 0.8139899517307609, -0.54499857989194], 'radius': 2.3504891559274848}, 'confidence': 0.2336612695285256, 'timestamp': 41053.26869, 'diameter_3d': 4.7009783118549695, 'ellipse': {'center': [98.97744387908767, 204.71355592781663], 'axes': [15.246271867318466, 36.96153810967934], 'angle': -74.63022947117149}, 'location': [98.97744387908767, 204.71355592781663], 'diameter': 36.96153810967934, 'sphere': {'center': [-5.367512643805387, 1.052117813699275, 85.55130433213851], 'radius': 12.0}, 'projected_sphere': {'center': [121.10102744618021, 127.62481705668748], 'axes': [173.9307204742421, 173.9307204742421], 'angle': 90.0}, 'model_confidence': 0.7342993512660323, 'model_id': 1, 'model_birth_timestamp': 40910.15789, 'theta': 2.521784569784887, 'phi': -1.9241111908046886, 'norm_pos': [0.309304512122149, 0.147026850300764], 'topic': 'pupil.1', 'id': 1, 'method': '3d c++'}"
1582184721.060597,"{'circle_3d': {'center': [-7.78060699037003, 10.830089851193467, 79.02687037136005], 'normal': [-0.2010911955470536, 0.8148310031245161, -0.5437028300648723], 'radius': 2.3362913374354695}, 'confidence': 0.25883635420020595, 'timestamp': 41053.27709, 'diameter_3d': 4.672582674870939, 'ellipse': {'center': [98.97944992775832, 204.77887095811684], 'axes': [15.096081883404937, 36.73094273434756], 'angle': -74.64366838586733}, 'location': [98.97944992775832, 204.77887095811684], 'diameter': 36.73094273434756, 'sphere': {'center': [-5.367512643805387, 1.052117813699275, 85.55130433213851], 'radius': 12.0}, 'projected_sphere': {'center': [121.10102744618021, 127.62481705668748], 'axes': [173.9307204742421, 173.9307204742421], 'angle': 90.0}, 'model_confidence': 0.7342993512660323, 'model_id': 1, 'model_birth_timestamp': 40910.15789, 'theta': 2.523233936547385, 'phi': -1.9250486763695864, 'norm_pos': [0.30931078102424475, 0.14675470434117988], 'topic': 'pupil.1', 'id': 1, 'method': '3d c++'}"
1582184721.067329,"{'circle_3d': {'center': [-7.787205764829022, 10.840202393734767, 79.04450131881913], 'normal': [-0.20164109341863629, 0.8156737150029579, -0.5422335844432823], 'radius': 2.3195290998488862}, 'confidence': 0.23726616365074651, 'timestamp': 41053.28549, 'diameter_3d': 4.6390581996977724, 'ellipse': {'center': [98.94088142856089, 204.84255779998907], 'axes': [14.921411182019613, 36.459117632915444], 'angle': -74.6287724755866}, 'location': [98.94088142856089, 204.84255779998907], 'diameter': 36.459117632915444, 'sphere': {'center': [-5.367512643805387, 1.052117813699275, 85.55130433213851], 'radius': 12.0}, 'projected_sphere': {'center': [121.10102744618021, 127.62481705668748], 'axes': [173.9307204742421, 173.9307204742421], 'angle': 90.0}, 'model_confidence': 0.7342993512660323, 'model_id': 1, 'model_birth_timestamp': 40910.15789, 'theta': 2.524689132325359, 'phi': -1.9268211861971403, 'norm_pos': [0.30919025446425275, 0.14648934250004553], 'topic': 'pupil.1', 'id': 1, 'method': '3d c++'}"
1582184721.0763571,"{'circle_3d': {'center': [-7.793774497004705, 10.850334591736871, 79.062221084846], 'normal': [-0.20218848776660983, 0.8165180648364664, -0.5407569372743761], 'radius': 2.327097862144675}, 'confidence': 0.24859062019142056, 'timestamp': 41053.29389, 'diameter_3d': 4.65419572428935, 'ellipse': {'center': [98.90308015879386, 204.90238990928714], 'axes': [14.903452391411006, 36.56996573600874], 'angle': -74.61410576342931}, 'location': [98.90308015879386, 204.90238990928714], 'diameter': 36.56996573600874, 'sphere': {'center': [-5.367512643805387, 1.052117813699275, 85.55130433213851], 'radius': 12.0}, 'projected_sphere': {'center': [121.10102744618021, 127.62481705668748], 'axes': [173.9307204742421, 173.9307204742421], 'angle': 90.0}, 'model_confidence': 0.7342993512660323, 'model_id': 1, 'model_birth_timestamp': 40910.15789, 'theta': 2.5261501571200626, 'phi': -1.9286014032671286, 'norm_pos': [0.3090721254962308, 0.14624004204463692], 'topic': 'pupil.1', 'id': 1, 'method': '3d c++'}"
1582184721.083984,"{'circle_3d': {'center': [-7.834705153459085, 10.790862325049947, 78.98854451153363], 'normal': [-0.20559937580447485, 0.811562042612556, -0.5468966517170736], 'radius': 2.3737914971624905}, 'confidence': 0.20797257189902468, 'timestamp': 41053.30229, 'diameter_3d': 4.747582994324981, 'ellipse': {'center': [98.5275716825003, 204.50502728219877], 'axes': [15.47269971798458, 37.33855534019524], 'angle': -74.28041341299898}, 'location': [98.5275716825003, 204.50502728219877], 'diameter': 37.33855534019524, 'sphere': {'center': [-5.367512643805387, 1.052117813699275, 85.55130433213851], 'radius': 12.0}, 'projected_sphere': {'center': [121.10102744618021, 127.62481705668748], 'axes': [173.9307204742421, 173.9307204742421], 'angle': 90.0}, 'model_confidence': 0.7342993512660323, 'model_id': 1, 'model_birth_timestamp': 40910.15789, 'theta': 2.517617010931497, 'phi': -1.9303893275795532, 'norm_pos': [0.3078986615078134, 0.14789571965750514], 'topic': 'pupil.1', 'id': 1, 'method': '3d c++'}"
1582184721.1023371,"{'circle_3d': {'center': [-7.839009947927858, 10.806048800059308, 79.01276233953489], 'normal': [-0.20595810867687253, 0.8128275821966693, -0.5448784993836354], 'radius': 2.331661226021167}, 'confidence': 0.16492665435320192, 'timestamp': 41053.31069, 'diameter_3d': 4.663322452042334, 'ellipse': {'center': [98.51153513140116, 204.60594484473228], 'axes': [15.107072526408663, 36.66425238742306], 'angle': -74.28808874597252}, 'location': [98.51153513140116, 204.60594484473228], 'diameter': 36.66425238742306, 'sphere': {'center': [-5.367512643805387, 1.052117813699275, 85.55130433213851], 'radius': 12.0}, 'projected_sphere': {'center': [121.10102744618021, 127.62481705668748], 'axes': [173.9307204742421, 173.9307204742421], 'angle': 90.0}, 'model_confidence': 0.7342993512660323, 'model_id': 1, 'model_birth_timestamp': 40910.15789, 'theta': 2.5197863132504694, 'phi': -1.9321849591344138, 'norm_pos': [0.3078485472856286, 0.1474752298136155], 'topic': 'pupil.1', 'id': 1, 'method': '3d c++'}"
1582184721.103924,"{'circle_3d': {'center': [-7.911219420587317, 10.815456948097687, 79.05463096952606], 'normal': [-0.21197556473182744, 0.8136115945332008, -0.5413894468843712], 'radius': 2.35513254564814}, 'confidence': 0.18712125112236325, 'timestamp': 41053.31909, 'diameter_3d': 4.71026509129628, 'ellipse': {'center': [97.97909271307464, 204.63286256193885], 'axes': [15.08857660880834, 37.01360197807093], 'angle': -73.9275227722908}, 'location': [97.97909271307464, 204.63286256193885], 'diameter': 37.01360197807093, 'sphere': {'center': [-5.367512643805387, 1.052117813699275, 85.55130433213851], 'radius': 12.0}, 'projected_sphere': {'center': [121.10102744618021, 127.62481705668748], 'axes': [173.9307204742421, 173.9307204742421], 'angle': 90.0}, 'model_confidence': 0.7342993512660323, 'model_id': 1, 'model_birth_timestamp': 40910.15789, 'theta': 2.521133513816093, 'phi': -1.9439882979317098, 'norm_pos': [0.30618466472835826, 0.14736307265858817], 'topic': 'pupil.1', 'id': 1, 'method': '3d c++'}"
1582184721.111491,"{'circle_3d': {'center': [-7.978315523656619, 10.824883568351687, 79.09555047784283], 'normal': [-0.21756690665426937, 0.8143971462210345, -0.5379794878579734], 'radius': 2.365032779296542}, 'confidence': 0.175158022921334, 'timestamp': 41053.32749, 'diameter_3d': 4.730065558593084, 'ellipse': {'center': [97.48617884490552, 204.6630762158944], 'axes': [14.985544044039438, 37.1497484335318], 'angle': -73.59595438156019}, 'location': [97.48617884490552, 204.6630762158944], 'diameter': 37.1497484335318, 'sphere': {'center': [-5.367512643805387, 1.052117813699275, 85.55130433213851], 'radius': 12.0}, 'projected_sphere': {'center': [121.10102744618021, 127.62481705668748], 'axes': [173.9307204742421, 173.9307204742421], 'angle': 90.0}, 'model_confidence': 0.7342993512660323, 'model_id': 1, 'model_birth_timestamp': 40910.15789, 'theta': 2.5224859116292366, 'phi': -1.9551028260278898, 'norm_pos': [0.3046443088903298, 0.14723718243377337], 'topic': 'pupil.1', 'id': 1, 'method': '3d c++'}"
1582184721.122785,"{'circle_3d': {'center': [-7.9168835819526535, 10.834328437592166, 79.08531151358952], 'normal': [-0.21244757817893883, 0.8151842186577407, -0.538832734879083], 'radius': 2.3551418722975694}, 'confidence': 0.15232106433042517, 'timestamp': 41053.33589, 'diameter_3d': 4.710283744595139, 'ellipse': {'center': [97.95841601919416, 204.74900560399618], 'axes': [14.972977198671982, 36.99943536163719], 'angle': -73.93611572545832}, 'location': [97.95841601919416, 204.74900560399618], 'diameter': 36.99943536163719, 'sphere': {'center': [-5.367512643805387, 1.052117813699275, 85.55130433213851], 'radius': 12.0}, 'projected_sphere': {'center': [121.10102744618021, 127.62481705668748], 'axes': [173.9307204742421, 173.9307204742421], 'angle': 90.0}, 'model_confidence': 0.7342993512660323, 'model_id': 1, 'model_birth_timestamp': 40910.15789, 'theta': 2.523843506687557, 'phi': -1.9463565153646232, 'norm_pos': [0.3061200500599818, 0.14687914331668261], 'topic': 'pupil.1', 'id': 1, 'method': '3d c++'}"
1582184721.1289291,"{'circle_3d': {'center': [-7.994299108884806, 10.843791331456764, 79.1307807874015], 'normal': [-0.21889887208995154, 0.8159727931464573, -0.5350436287280841], 'radius': 2.3764246636221746}, 'confidence': 0.12811136743034293, 'timestamp': 41053.34429, 'diameter_3d': 4.752849327244349, 'ellipse': {'center': [97.38881018460317, 204.7729643546295], 'axes': [14.922244523997955, 37.312180118507456], 'angle': -73.55158924120401}, 'location': [97.38881018460317, 204.7729643546295], 'diameter': 37.312180118507456, 'sphere': {'center': [-5.367512643805387, 1.052117813699275, 85.55130433213851], 'radius': 12.0}, 'projected_sphere': {'center': [121.10102744618021, 127.62481705668748], 'axes': [173.9307204742421, 173.9307204742421], 'angle': 90.0}, 'model_confidence': 0.7342993512660323, 'model_id': 1, 'model_birth_timestamp': 40910.15789, 'theta': 2.5252062989922224, 'phi': -1.9591428832646516, 'norm_pos': [0.3043400318268849, 0.14677931518904375], 'topic': 'pupil.1', 'id': 1, 'method': '3d c++'}"
1582184721.135365,"{'circle_3d': {'center': [-6.780605404700277, 11.98449173981981, 80.80932487324307], 'normal': [-0.11775773007457419, 0.9110311605100446, -0.39516495490795367], 'radius': 2.3713138730251346}, 'confidence': 0.21745038257449492, 'timestamp': 41053.35269, 'diameter_3d': 4.742627746050269, 'ellipse': {'center': [107.96363799949653, 211.8241178507411], 'axes': [9.092857617599119, 36.467989135791626], 'angle': -81.73601108085202}, 'location': [107.96363799949653, 211.8241178507411], 'diameter': 36.467989135791626, 'sphere': {'center': [-5.367512643805387, 1.052117813699275, 85.55130433213851], 'radius': 12.0}, 'projected_sphere': {'center': [121.10102744618021, 127.62481705668748], 'axes': [173.9307204742421, 173.9307204742421], 'angle': 90.0}, 'model_confidence': 0.7342993512660323, 'model_id': 1, 'model_birth_timestamp': 40910.15789, 'theta': 2.716574288543234, 'phi': -1.860413934943472, 'norm_pos': [0.33738636874842665, 0.11739950895524542], 'topic': 'pupil.1', 'id': 1, 'method': '3d c++'}"
1582184721.1457999,"{'circle_3d': {'center': [-6.490286720575137, 12.072459943661698, 80.9370397416421], 'normal': [-0.09356450639747912, 0.9183618441635354, -0.3845220492080349], 'radius': 2.3628936646206897}, 'confidence': 0.27115937769692694, 'timestamp': 41053.36109, 'diameter_3d': 4.7257873292413795, 'ellipse': {'center': [110.2655076837379, 212.3588406498103], 'axes': [8.679475810589883, 36.28240767363946], 'angle': -83.31447454199291}, 'location': [110.2655076837379, 212.3588406498103], 'diameter': 36.28240767363946, 'sphere': {'center': [-5.367512643805387, 1.052117813699275, 85.55130433213851], 'radius': 12.0}, 'projected_sphere': {'center': [121.10102744618021, 127.62481705668748], 'axes': [173.9307204742421, 173.9307204742421], 'angle': 90.0}, 'model_confidence': 0.7342993512660323, 'model_id': 1, 'model_birth_timestamp': 40910.15789, 'theta': 2.7347172678577096, 'phi': -1.8094845040761836, 'norm_pos': [0.34457971151168093, 0.11517149729245701], 'topic': 'pupil.1', 'id': 1, 'method': '3d c++'}"
1582184721.1517,"{'circle_3d': {'center': [-6.5543201988239295, 12.080940802273354, 80.97347173209175], 'normal': [-0.0989006295848785, 0.919068582381173, -0.38148605000389674], 'radius': 2.3454943175607768}, 'confidence': 0.20854888531776877, 'timestamp': 41053.36949, 'diameter_3d': 4.6909886351215535, 'ellipse': {'center': [109.79832883016707, 212.38553805089157], 'axes': [8.479691421715051, 35.99862886259618], 'angle': -83.00545187339542}, 'location': [109.79832883016707, 212.38553805089157], 'diameter': 35.99862886259618, 'sphere': {'center': [-5.367512643805387, 1.052117813699275, 85.55130433213851], 'radius': 12.0}, 'projected_sphere': {'center': [121.10102744618021, 127.62481705668748], 'axes': [173.9307204742421, 173.9307204742421], 'angle': 90.0}, 'model_confidence': 0.7342993512660323, 'model_id': 1, 'model_birth_timestamp': 40910.15789, 'theta': 2.7365068419379774, 'phi': -1.824462658385303, 'norm_pos': [0.3431197775942721, 0.11506025812128517], 'topic': 'pupil.1', 'id': 1, 'method': '3d c++'}"
1582184721.161185,"{'circle_3d': {'center': [-6.5669352442820745, 12.053760021767587, 80.91177265845468], 'normal': [-0.09995188337305728, 0.9168035173390261, -0.38662763947365286], 'radius': 2.283651482737964}, 'confidence': 0.17349758580311211, 'timestamp': 41053.37789, 'diameter_3d': 4.567302965475928, 'ellipse': {'center': [109.66474246256062, 212.25139137951703], 'axes': [8.457024408148541, 35.07542176030226], 'angle': -82.904653558274}, 'location': [109.66474246256062, 212.25139137951703], 'diameter': 35.07542176030226, 'sphere': {'center': [-5.367512643805387, 1.052117813699275, 85.55130433213851], 'radius': 12.0}, 'projected_sphere': {'center': [121.10102744618021, 127.62481705668748], 'axes': [173.9307204742421, 173.9307204742421], 'angle': 90.0}, 'model_confidence': 0.7342993512660323, 'model_id': 1, 'model_birth_timestamp': 40910.15789, 'theta': 2.730797349903577, 'phi': -1.8237797959701891, 'norm_pos': [0.34270232019550195, 0.11561920258534575], 'topic': 'pupil.1', 'id': 1, 'method': '3d c++'}"
1582184721.1676009,"{'circle_3d': {'center': [-6.553795892731685, 12.077610299294971, 80.96532052237754], 'normal': [-0.0988569374105248, 0.9187910404663078, -0.3821653174800812], 'radius': 2.339802192047473}, 'confidence': 0.20896995052890563, 'timestamp': 41053.38629, 'diameter_3d': 4.679604384094946, 'ellipse': {'center': [109.79741462081354, 212.36956710923033], 'axes': [8.48670720365034, 35.914812083276345], 'angle': -83.00345932713991}, 'location': [109.79741462081354, 212.36956710923033], 'diameter': 35.914812083276345, 'sphere': {'center': [-5.367512643805387, 1.052117813699275, 85.55130433213851], 'radius': 12.0}, 'projected_sphere': {'center': [121.10102744618021, 127.62481705668748], 'axes': [173.9307204742421, 173.9307204742421], 'angle': 90.0}, 'model_confidence': 0.7342993512660323, 'model_id': 1, 'model_birth_timestamp': 40910.15789, 'theta': 2.7358031726464023, 'phi': -1.8239236782462245, 'norm_pos': [0.3431169206900423, 0.11512680371154027], 'topic': 'pupil.1', 'id': 1, 'method': '3d c++'}"
1582184721.18018,"{'circle_3d': {'center': [-6.020011958923351, 12.001379232113162, 80.68428070008127], 'normal': [-0.05437494292649696, 0.9124384515344907, -0.4055853026714367], 'radius': 2.334961047413939}, 'confidence': 0.12881796353159702, 'timestamp': 41053.39469, 'diameter_3d': 4.669922094827878, 'ellipse': {'center': [113.71965531780614, 212.09415099653364], 'axes': [9.52673822642235, 35.966986771424466], 'angle': -85.60994616055072}, 'location': [113.71965531780614, 212.09415099653364], 'diameter': 35.966986771424466, 'sphere': {'center': [-5.367512643805387, 1.052117813699275, 85.55130433213851], 'radius': 12.0}, 'projected_sphere': {'center': [121.10102744618021, 127.62481705668748], 'axes': [173.9307204742421, 173.9307204742421], 'angle': 90.0}, 'model_confidence': 0.7342993512660323, 'model_id': 1, 'model_birth_timestamp': 40910.15789, 'theta': 2.720000220282096, 'phi': -1.7040670381992418, 'norm_pos': [0.3553739228681442, 0.11627437084777648], 'topic': 'pupil.1', 'id': 1, 'method': '3d c++'}"
1582184721.188121,"{'circle_3d': {'center': [-5.81187407386022, 12.028744177582649, 80.7226174933406], 'normal': [-0.03703011917123603, 0.9147188636569478, -0.4023905698998256], 'radius': 2.3308760129424715}, 'confidence': 0.2843247445782534, 'timestamp': 41053.40309, 'diameter_3d': 4.661752025884943, 'ellipse': {'center': [115.33767977603645, 212.2624484932387], 'axes': [9.419943767150354, 35.88770692591976], 'angle': -86.70664400461406}, 'location': [115.33767977603645, 212.2624484932387], 'diameter': 35.88770692591976, 'sphere': {'center': [-5.367512643805387, 1.052117813699275, 85.55130433213851], 'radius': 12.0}, 'projected_sphere': {'center': [121.10102744618021, 127.62481705668748], 'axes': [173.9307204742421, 173.9307204742421], 'angle': 90.0}, 'model_confidence': 0.7342993512660323, 'model_id': 1, 'model_birth_timestamp': 40910.15789, 'theta': 2.7256079731065936, 'phi': -1.6625631773982963, 'norm_pos': [0.3604302493001139, 0.11557313127817204], 'topic': 'pupil.1', 'id': 1, 'method': '3d c++'}"
1582184721.199178,"{'circle_3d': {'center': [-5.8176438658219265, 12.047910729074072, 80.76696320245729], 'normal': [-0.03751093516804492, 0.9163160762812328, -0.39869509414010185], 'radius': 2.3485498230852793}, 'confidence': 0.1928493145767657, 'timestamp': 41053.41149, 'diameter_3d': 4.6970996461705585, 'ellipse': {'center': [115.31746875568064, 212.3588151729077], 'axes': [9.338204052835755, 36.140189042806966], 'angle': -86.69701546199876}, 'location': [115.31746875568064, 212.3588151729077], 'diameter': 36.140189042806966, 'sphere': {'center': [-5.367512643805387, 1.052117813699275, 85.55130433213851], 'radius': 12.0}, 'projected_sphere': {'center': [121.10102744618021, 127.62481705668748], 'axes': [173.9307204742421, 173.9307204742421], 'angle': 90.0}, 'model_confidence': 0.7342993512660323, 'model_id': 1, 'model_birth_timestamp': 40910.15789, 'theta': 2.729578434136675, 'phi': -1.664604451056759, 'norm_pos': [0.360367089861502, 0.11517160344621791], 'topic': 'pupil.1', 'id': 1, 'method': '3d c++'}"
1582184721.208003,"{'circle_3d': {'center': [-5.813611622363559, 12.018820153664375, 80.70028016316827], 'normal': [-0.03717491487984762, 0.9138918616637581, -0.4042520140808534], 'radius': 2.285629984248537}, 'confidence': 0.21063076139014544, 'timestamp': 41053.41989, 'diameter_3d': 4.571259968497074, 'ellipse': {'center': [115.31296669304126, 212.2157238128723], 'axes': [9.311204290910872, 35.20030815656464], 'angle': -86.68745085472275}, 'location': [115.31296669304126, 212.2157238128723], 'diameter': 35.20030815656464, 'sphere': {'center': [-5.367512643805387, 1.052117813699275, 85.55130433213851], 'radius': 12.0}, 'projected_sphere': {'center': [121.10102744618021, 127.62481705668748], 'axes': [173.9307204742421, 173.9307204742421], 'angle': 90.0}, 'model_confidence': 0.7342993512660323, 'model_id': 1, 'model_birth_timestamp': 40910.15789, 'theta': 2.7235661159599838, 'phi': -1.6624981638300227, 'norm_pos': [0.36035302091575394, 0.11576781744636533], 'topic': 'pupil.1', 'id': 1, 'method': '3d c++'}"
1582184721.215474,"{'circle_3d': {'center': [-5.412651405587286, 12.089247833033223, 80.84176895924851], 'normal': [-0.0037615634818248815, 0.9197608349444958, -0.3924612810741669], 'radius': 2.363887398963108}, 'confidence': 0.15372448114233234, 'timestamp': 41053.42829, 'diameter_3d': 4.727774797926216, 'ellipse': {'center': [118.45947266792243, 212.59171881672222], 'axes': [9.222218064078227, 36.344029659745765], 'angle': -88.81697627721759}, 'location': [118.45947266792243, 212.59171881672222], 'diameter': 36.344029659745765, 'sphere': {'center': [-5.367512643805387, 1.052117813699275, 85.55130433213851], 'radius': 12.0}, 'projected_sphere': {'center': [121.10102744618021, 127.62481705668748], 'axes': [173.9307204742421, 173.9307204742421], 'angle': 90.0}, 'model_confidence': 0.7342993512660323, 'model_id': 1, 'model_birth_timestamp': 40910.15789, 'theta': 2.73826700640038, 'phi': -1.5803805800347857, 'norm_pos': [0.37018585208725757, 0.11420117159699072], 'topic': 'pupil.1', 'id': 1, 'method': '3d c++'}"
1582184721.2199008,"{'circle_3d': {'center': [-5.472573711474865, 12.150427112142399, 80.9887948375565], 'normal': [-0.008755088972456509, 0.9248591082035937, -0.3802091245485014], 'radius': 2.3488691222756115}, 'confidence': 0.22086846282889339, 'timestamp': 41053.43669, 'diameter_3d': 4.697738244551223, 'ellipse': {'center': [118.07693912677794, 212.89959973169712], 'axes': [8.651263166617388, 36.04736111534023], 'angle': -88.56445630825533}, 'location': [118.07693912677794, 212.89959973169712], 'diameter': 36.04736111534023, 'sphere': {'center': [-5.367512643805387, 1.052117813699275, 85.55130433213851], 'radius': 12.0}, 'projected_sphere': {'center': [121.10102744618021, 127.62481705668748], 'axes': [173.9307204742421, 173.9307204742421], 'angle': 90.0}, 'model_confidence': 0.7342993512660323, 'model_id': 1, 'model_birth_timestamp': 40910.15789, 'theta': 2.7514612880054226, 'phi': -1.5938192935095026, 'norm_pos': [0.3689904347711811, 0.11291833445126198], 'topic': 'pupil.1', 'id': 1, 'method': '3d c++'}"
1582184721.2325802,"{'circle_3d': {'center': [-5.499360248723487, 12.165620829897048, 81.02663120382965], 'normal': [-0.010987300409841678, 0.9261252513498146, -0.37705609402573864], 'radius': 2.339217810248769}, 'confidence': 0.09150311440678072, 'timestamp': 41053.44509, 'diameter_3d': 4.678435620497538, 'ellipse': {'center': [117.89200145444107, 212.97498668625425], 'axes': [8.482747802659622, 35.88233102772426], 'angle': -88.44170898933719}, 'location': [117.89200145444107, 212.97498668625425], 'diameter': 35.88233102772426, 'sphere': {'center': [-5.367512643805387, 1.052117813699275, 85.55130433213851], 'radius': 12.0}, 'projected_sphere': {'center': [121.10102744618021, 127.62481705668748], 'axes': [173.9307204742421, 173.9307204742421], 'angle': 90.0}, 'model_confidence': 0.7342993512660323, 'model_id': 1, 'model_birth_timestamp': 40910.15789, 'theta': 2.754804122107137, 'phi': -1.5999277804821461, 'norm_pos': [0.36841250454512836, 0.11260422214060728], 'topic': 'pupil.1', 'id': 1, 'method': '3d c++'}"
1582184721.2368882,"{'circle_3d': {'center': [-5.392100530948512, 12.13912438797312, 80.96026080611804], 'normal': [-0.0020489905952603875, 0.9239172145228202, -0.3825869605017058], 'radius': 2.3286287763193583}, 'confidence': 0.06541825892867617, 'timestamp': 41053.45349, 'diameter_3d': 4.6572575526387165, 'ellipse': {'center': [118.6780937668682, 212.84662469036653], 'axes': [8.688368546479667, 35.74931254966122], 'angle': -88.96635542212239}, 'location': [118.6780937668682, 212.84662469036653], 'diameter': 35.74931254966122, 'sphere': {'center': [-5.367512643805387, 1.052117813699275, 85.55130433213851], 'radius': 12.0}, 'projected_sphere': {'center': [121.10102744618021, 127.62481705668748], 'axes': [173.9307204742421, 173.9307204742421], 'angle': 90.0}, 'model_confidence': 0.7342993512660323, 'model_id': 1, 'model_birth_timestamp': 40910.15789, 'theta': 2.74899205143944, 'phi': -1.5761518961607102, 'norm_pos': [0.3708690430214631, 0.1131390637901395], 'topic': 'pupil.1', 'id': 1, 'method': '3d c++'}"
1582184721.248816,"{'circle_3d': {'center': [-5.384677226896169, 12.161494997041789, 81.01462669588133], 'normal': [-0.0014303819242318385, 0.9257814319452096, -0.3780564696880985], 'radius': 2.331604092518692}, 'confidence': 0.14413320051060008, 'timestamp': 41053.46189, 'diameter_3d': 4.663208185037384, 'ellipse': {'center': [118.76239628718119, 212.95743308500096], 'axes': [8.517904455355328, 35.771066609133364], 'angle': -89.02414534360635}, 'location': [118.76239628718119, 212.95743308500096], 'diameter': 35.771066609133364, 'sphere': {'center': [-5.367512643805387, 1.052117813699275, 85.55130433213851], 'radius': 12.0}, 'projected_sphere': {'center': [121.10102744618021, 127.62481705668748], 'axes': [173.9307204742421, 173.9307204742421], 'angle': 90.0}, 'model_confidence': 0.7342993512660323, 'model_id': 1, 'model_birth_timestamp': 40910.15789, 'theta': 2.753893674295014, 'phi': -1.5745798226842154, 'norm_pos': [0.37113248839744123, 0.11267736214582935], 'topic': 'pupil.1', 'id': 1, 'method': '3d c++'}"
1582184721.258537,"{'circle_3d': {'center': [-5.139979893294774, 12.134496591092692, 80.95466322347829], 'normal': [0.018961062542551147, 0.9235315647827848, -0.3830534257216852], 'radius': 2.290964150228106}, 'confidence': 0.172731177150179, 'timestamp': 41053.47029, 'diameter_3d': 4.581928300456212, 'ellipse': {'center': [120.60438376763648, 212.82112369257385], 'axes': [8.614937064833217, 35.173755118672744], 'angle': 89.74209842031622}, 'location': [120.60438376763648, 212.82112369257385], 'diameter': 35.173755118672744, 'sphere': {'center': [-5.367512643805387, 1.052117813699275, 85.55130433213851], 'radius': 12.0}, 'projected_sphere': {'center': [121.10102744618021, 127.62481705668748], 'axes': [173.9307204742421, 173.9307204742421], 'angle': 90.0}, 'model_confidence': 0.7342993512660323, 'model_id': 1, 'model_birth_timestamp': 40910.15789, 'theta': 2.7479852841190593, 'phi': -1.5213369102128396, 'norm_pos': [0.376888699273864, 0.11324531794760895], 'topic': 'pupil.1', 'id': 1, 'method': '3d c++'}"
1582184721.264674,"{'circle_3d': {'center': [-6.15935665836699, 12.110436493439156, 80.95929267776317], 'normal': [-0.06598700121346691, 0.9215265566449902, -0.3826676378646118], 'radius': 2.3405727085833417}, 'confidence': 0.13040118320718397, 'timestamp': 41053.47869, 'diameter_3d': 4.681145417166683, 'ellipse': {'center': [112.81002043508282, 212.62712052183804], 'axes': [8.586179369127704, 35.9308058011098], 'angle': -85.02909409948809}, 'location': [112.81002043508282, 212.62712052183804], 'diameter': 35.9308058011098, 'sphere': {'center': [-5.367512643805387, 1.052117813699275, 85.55130433213851], 'radius': 12.0}, 'projected_sphere': {'center': [121.10102744618021, 127.62481705668748], 'axes': [173.9307204742421, 173.9307204742421], 'angle': 90.0}, 'model_confidence': 0.7342993512660323, 'model_id': 1, 'model_birth_timestamp': 40910.15789, 'theta': 2.742789882398195, 'phi': -1.7415564650643096, 'norm_pos': [0.3525313138596338, 0.11405366449234156], 'topic': 'pupil.1', 'id': 1, 'method': '3d c++'}"
1582184721.272484,"{'circle_3d': {'center': [-5.971784732514868, 12.132167751849146, 80.98322501902324], 'normal': [-0.050356007392456714, 0.9233374948458225, -0.3806732760929397], 'radius': 2.297909620992667}, 'confidence': 0.2658533676964642, 'timestamp': 41053.48709, 'diameter_3d': 4.595819241985334, 'ellipse': {'center': [114.25865181030454, 212.7711516194182], 'axes': [8.38587001094425, 35.26565272555152], 'angle': -86.00360264960833}, 'location': [114.25865181030454, 212.7711516194182], 'diameter': 35.26565272555152, 'sphere': {'center': [-5.367512643805387, 1.052117813699275, 85.55130433213851], 'radius': 12.0}, 'projected_sphere': {'center': [121.10102744618021, 127.62481705668748], 'axes': [173.9307204742421, 173.9307204742421], 'angle': 90.0}, 'model_confidence': 0.7342993512660323, 'model_id': 1, 'model_birth_timestamp': 40910.15789, 'theta': 2.747479572224282, 'phi': -1.7023141928789944, 'norm_pos': [0.3570582869072017, 0.11345353491909083], 'topic': 'pupil.1', 'id': 1, 'method': '3d c++'}"
1582184721.279867,"{'circle_3d': {'center': [-5.967694705181352, 12.149955619056218, 81.02606648875474], 'normal': [-0.05001517178133042, 0.9248198171130787, -0.3771031536153149], 'radius': 2.3390979649455748}, 'confidence': 0.1701269374760831, 'timestamp': 41053.49549, 'diameter_3d': 4.6781959298911495, 'ellipse': {'center': [114.31312926063794, 212.85592156348088], 'axes': [8.392722315770726, 35.8792859368693], 'angle': -86.04456410312741}, 'location': [114.31312926063794, 212.85592156348088], 'diameter': 35.8792859368693, 'sphere': {'center': [-5.367512643805387, 1.052117813699275, 85.55130433213851], 'radius': 12.0}, 'projected_sphere': {'center': [121.10102744618021, 127.62481705668748], 'axes': [173.9307204742421, 173.9307204742421], 'angle': 90.0}, 'model_confidence': 0.7342993512660323, 'model_id': 1, 'model_birth_timestamp': 40910.15789, 'theta': 2.7513579876320557, 'phi': -1.7026566967168835, 'norm_pos': [0.35722852893949353, 0.11310032681882964], 'topic': 'pupil.1', 'id': 1, 'method': '3d c++'}"
1582184721.288877,"{'circle_3d': {'center': [-5.7561661327566656, 12.255851851348705, 81.27049925842381], 'normal': [-0.03238779074593986, 0.9336445031374526, -0.35673375614289193], 'radius': 2.3295413208315243}, 'confidence': 0.23929968532036858, 'timestamp': 41053.50389, 'diameter_3d': 4.659082641663049, 'ellipse': {'center': [116.06148246027138, 213.3952935144768], 'axes': [7.584162426927019, 35.62600822770075], 'angle': -87.23038645991984}, 'location': [116.06148246027138, 213.3952935144768], 'diameter': 35.62600822770075, 'sphere': {'center': [-5.367512643805387, 1.052117813699275, 85.55130433213851], 'radius': 12.0}, 'projected_sphere': {'center': [121.10102744618021, 127.62481705668748], 'axes': [173.9307204742421, 173.9307204742421], 'angle': 90.0}, 'model_confidence': 0.7342993512660323, 'model_id': 1, 'model_birth_timestamp': 40910.15789, 'theta': 2.7752523535916778, 'phi': -1.661337911765654, 'norm_pos': [0.36269213268834805, 0.11085294368968002], 'topic': 'pupil.1', 'id': 1, 'method': '3d c++'}"
1582184721.295518,"{'circle_3d': {'center': [-5.929533990538415, 12.266644186752114, 81.31827583779562], 'normal': [-0.0468351122277523, 0.9345438644210696, -0.35275237452857405], 'radius': 2.3303172406365853}, 'confidence': 0.22654334227233422, 'timestamp': 41053.51229, 'diameter_3d': 4.660634481273171, 'ellipse': {'center': [114.76697253069955, 213.4246668596415], 'axes': [7.394989451008693, 35.61643827593745], 'angle': -86.3712778998317}, 'location': [114.76697253069955, 213.4246668596415], 'diameter': 35.61643827593745, 'sphere': {'center': [-5.367512643805387, 1.052117813699275, 85.55130433213851], 'radius': 12.0}, 'projected_sphere': {'center': [121.10102744618021, 127.62481705668748], 'axes': [173.9307204742421, 173.9307204742421], 'angle': 90.0}, 'model_confidence': 0.7342993512660323, 'model_id': 1, 'model_birth_timestamp': 40910.15789, 'theta': 2.777771398904513, 'phi': -1.7027948247818345, 'norm_pos': [0.35864678915843606, 0.11073055475149374], 'topic': 'pupil.1', 'id': 1, 'method': '3d c++'}"
1582184721.303283,"{'circle_3d': {'center': [-6.154117407598678, 12.284440685621846, 81.4020663483079], 'normal': [-0.06555039698277422, 0.9360269059935477, -0.34576983198588473], 'radius': 2.3471110398976585}, 'confidence': 0.212648680703473, 'timestamp': 41053.52069, 'diameter_3d': 4.694222079795317, 'ellipse': {'center': [113.1044333358345, 213.46620703267155], 'axes': [7.126387490403804, 35.83569222215175], 'angle': -85.2716065642579}, 'location': [113.1044333358345, 213.46620703267155], 'diameter': 35.83569222215175, 'sphere': {'center': [-5.367512643805387, 1.052117813699275, 85.55130433213851], 'radius': 12.0}, 'projected_sphere': {'center': [121.10102744618021, 127.62481705668748], 'axes': [173.9307204742421, 173.9307204742421], 'angle': 90.0}, 'model_confidence': 0.7342993512660323, 'model_id': 1, 'model_birth_timestamp': 40910.15789, 'theta': 2.7819620992562806, 'phi': -1.7581510674245167, 'norm_pos': [0.3534513541744828, 0.1105574706972019], 'topic': 'pupil.1', 'id': 1, 'method': '3d c++'}"
1582184721.3113658,"{'circle_3d': {'center': [-5.718059565960006, 12.259791646236579, 81.2775280021434], 'normal': [-0.02921224351288491, 0.9339728193781086, -0.35614802749959296], 'radius': 2.3491790034697226}, 'confidence': 0.13186586020876562, 'timestamp': 41053.52909, 'diameter_3d': 4.698358006939445, 'ellipse': {'center': [116.35513789616243, 213.4158110444323], 'axes': [7.632127792040197, 35.923565040440174], 'angle': -87.42666600847406}, 'location': [116.35513789616243, 213.4158110444323], 'diameter': 35.923565040440174, 'sphere': {'center': [-5.367512643805387, 1.052117813699275, 85.55130433213851], 'radius': 12.0}, 'projected_sphere': {'center': [121.10102744618021, 127.62481705668748], 'axes': [173.9307204742421, 173.9307204742421], 'angle': 90.0}, 'model_confidence': 0.7342993512660323, 'model_id': 1, 'model_birth_timestamp': 40910.15789, 'theta': 2.776170021110523, 'phi': -1.652635881468571, 'norm_pos': [0.3636098059255076, 0.1107674539815321], 'topic': 'pupil.1', 'id': 1, 'method': '3d c++'}"
1582184721.3225758,"{'circle_3d': {'center': [-5.31641680433538, 12.237866416091332, 81.20660440932762], 'normal': [0.004257986622500617, 0.9321457168660049, -0.3620583269009075], 'radius': 2.3072115736121463}, 'confidence': 0.17377940506780873, 'timestamp': 41053.53749, 'diameter_3d': 4.614423147224293, 'ellipse': {'center': [119.38070898833692, 213.3307939363767], 'axes': [7.806185594649629, 35.31322431987311], 'angle': -89.44014477921439}, 'location': [119.38070898833692, 213.3307939363767], 'diameter': 35.31322431987311, 'sphere': {'center': [-5.367512643805387, 1.052117813699275, 85.55130433213851], 'radius': 12.0}, 'projected_sphere': {'center': [121.10102744618021, 127.62481705668748], 'axes': [173.9307204742421, 173.9307204742421], 'angle': 90.0}, 'model_confidence': 0.7342993512660323, 'model_id': 1, 'model_birth_timestamp': 40910.15789, 'theta': 2.7710907079261724, 'phi': -1.5590363698597896, 'norm_pos': [0.37306471558855286, 0.1111216919317638], 'topic': 'pupil.1', 'id': 1, 'method': '3d c++'}"
1582184721.327011,"{'circle_3d': {'center': [-5.424644773917201, 12.25861741237479, 81.2604882483854], 'normal': [-0.004761010842651163, 0.933874966556293, -0.35756800697942626], 'radius': 2.3299911828329187}, 'confidence': 0.2655064600075367, 'timestamp': 41053.54589, 'diameter_3d': 4.6599823656658375, 'ellipse': {'center': [118.58230024924146, 213.42738601801094], 'axes': [7.683173353629725, 35.63823352827609], 'angle': -88.9092144712458}, 'location': [118.58230024924146, 213.42738601801094], 'diameter': 35.63823352827609, 'sphere': {'center': [-5.367512643805387, 1.052117813699275, 85.55130433213851], 'radius': 12.0}, 'projected_sphere': {'center': [121.10102744618021, 127.62481705668748], 'axes': [173.9307204742421, 173.9307204742421], 'angle': 90.0}, 'model_confidence': 0.7342993512660323, 'model_id': 1, 'model_birth_timestamp': 40910.15789, 'theta': 2.775896285392321, 'phi': -1.5841105199605532, 'norm_pos': [0.37056968827887954, 0.11071922492495445], 'topic': 'pupil.1', 'id': 1, 'method': '3d c++'}"
1582184721.335221,"{'circle_3d': {'center': [-5.4044964510619975, 12.275668383802032, 81.30506543184723], 'normal': [-0.0030819839380508505, 0.9352958808418962, -0.3538532416909407], 'radius': 2.350344636120731}, 'confidence': 0.21101356615616282, 'timestamp': 41053.55429, 'diameter_3d': 4.700689272241462, 'ellipse': {'center': [118.75788180044236, 213.50623458790807], 'axes': [7.605261584932515, 35.93015438098278], 'angle': -89.02737001474242}, 'location': [118.75788180044236, 213.50623458790807], 'diameter': 35.93015438098278, 'sphere': {'center': [-5.367512643805387, 1.052117813699275, 85.55130433213851], 'radius': 12.0}, 'projected_sphere': {'center': [121.10102744618021, 127.62481705668748], 'axes': [173.9307204742421, 173.9307204742421], 'angle': 90.0}, 'model_confidence': 0.7342993512660323, 'model_id': 1, 'model_birth_timestamp': 40910.15789, 'theta': 2.779890606040882, 'phi': -1.5795058867059277, 'norm_pos': [0.37111838062638236, 0.11039068921704975], 'topic': 'pupil.1', 'id': 1, 'method': '3d c++'}"
1582184721.347264,"{'circle_3d': {'center': [-5.176678217598841, 12.250032416254118, 81.24197830877205], 'normal': [0.01590286885054552, 0.9331595502129035, -0.35911050194720556], 'radius': 2.3167399015378143}, 'confidence': 0.1199842984093491, 'timestamp': 41053.56269, 'diameter_3d': 4.633479803075629, 'ellipse': {'center': [120.46317861452826, 213.38359166933145], 'axes': [7.748656914470699, 35.44410254867378], 'angle': 89.83777169176183}, 'location': [120.46317861452826, 213.38359166933145], 'diameter': 35.44410254867378, 'sphere': {'center': [-5.367512643805387, 1.052117813699275, 85.55130433213851], 'radius': 12.0}, 'projected_sphere': {'center': [121.10102744618021, 127.62481705668748], 'axes': [173.9307204742421, 173.9307204742421], 'angle': 90.0}, 'model_confidence': 0.7342993512660323, 'model_id': 1, 'model_birth_timestamp': 40910.15789, 'theta': 2.773900876478802, 'phi': -1.5265411869606829, 'norm_pos': [0.3764474331704008, 0.11090170137778566], 'topic': 'pupil.1', 'id': 1, 'method': '3d c++'}"
1582184721.355175,"{'circle_3d': {'center': [-5.7441503696927185, 12.22710810439435, 81.19495999011168], 'normal': [-0.03138647715727761, 0.9312491908912564, -0.36302869516890257], 'radius': 2.3348155844369325}, 'confidence': 0.11893427998239241, 'timestamp': 41053.57109, 'diameter_3d': 4.669631168873865, 'ellipse': {'center': [116.1123352448874, 213.25912071873614], 'axes': [7.855156644417798, 35.73992102723129], 'angle': -87.26005286874242}, 'location': [116.1123352448874, 213.25912071873614], 'diameter': 35.73992102723129, 'sphere': {'center': [-5.367512643805387, 1.052117813699275, 85.55130433213851], 'radius': 12.0}, 'projected_sphere': {'center': [121.10102744618021, 127.62481705668748], 'axes': [173.9307204742421, 173.9307204742421], 'angle': 90.0}, 'model_confidence': 0.7342993512660323, 'model_id': 1, 'model_birth_timestamp': 40910.15789, 'theta': 2.768622526029856, 'phi': -1.6570391589500675, 'norm_pos': [0.36285104764027315, 0.11142033033859944], 'topic': 'pupil.1', 'id': 1, 'method': '3d c++'}"
1582184721.366273,"{'circle_3d': {'center': [-5.857105105469, 12.24712606421334, 81.25804339289849], 'normal': [-0.040799371805301105, 0.9329173542095055, -0.3577717449366691], 'radius': 2.2992604465375037}, 'confidence': 0.24236183416694823, 'timestamp': 41053.57949, 'diameter_3d': 4.598520893075007, 'ellipse': {'center': [115.28623490511941, 213.34522714164285], 'axes': [7.506954135078541, 35.167660915866875], 'angle': -86.7125994342762}, 'location': [115.28623490511941, 213.34522714164285], 'diameter': 35.167660915866875, 'sphere': {'center': [-5.367512643805387, 1.052117813699275, 85.55130433213851], 'radius': 12.0}, 'projected_sphere': {'center': [121.10102744618021, 127.62481705668748], 'axes': [173.9307204742421, 173.9307204742421], 'angle': 90.0}, 'model_confidence': 0.7342993512660323, 'model_id': 1, 'model_birth_timestamp': 40910.15789, 'theta': 2.7732276919016403, 'phi': -1.68434324798009, 'norm_pos': [0.3602694840784982, 0.11106155357648817], 'topic': 'pupil.1', 'id': 1, 'method': '3d c++'}"
1582184721.370955,"{'circle_3d': {'center': [-5.8746733269178915, 12.263433861347107, 81.30287161862414], 'normal': [-0.04226339025937534, 0.9342763373039857, -0.35403605945953126], 'radius': 2.3193151844720887}, 'confidence': 0.25417654324880845, 'timestamp': 41053.58789, 'diameter_3d': 4.6386303689441775, 'ellipse': {'center': [115.1765204508032, 213.41818499917179], 'axes': [7.421283387676998, 35.45504158844545], 'angle': -86.6427881015345}, 'location': [115.1765204508032, 213.41818499917179], 'diameter': 35.45504158844545, 'sphere': {'center': [-5.367512643805387, 1.052117813699275, 85.55130433213851], 'radius': 12.0}, 'projected_sphere': {'center': [121.10102744618021, 127.62481705668748], 'axes': [173.9307204742421, 173.9307204742421], 'angle': 90.0}, 'model_confidence': 0.7342993512660323, 'model_id': 1, 'model_birth_timestamp': 40910.15789, 'theta': 2.777020337796996, 'phi': -1.6896100143523736, 'norm_pos': [0.35992662640876, 0.11075756250345092], 'topic': 'pupil.1', 'id': 1, 'method': '3d c++'}"
1582184721.385628,"{'circle_3d': {'center': [-5.700616800634202, 12.23672309000585, 81.2161403866898], 'normal': [-0.027758679735734544, 0.9320504396922147, -0.3612636621207262], 'radius': 2.274126567403392}, 'confidence': 0.19012942857997145, 'timestamp': 41053.59629, 'diameter_3d': 4.548253134806784, 'ellipse': {'center': [116.45696371465397, 213.31447208701], 'axes': [7.590162835689005, 34.80135408427292], 'angle': -87.4902481359078}, 'location': [116.45696371465397, 213.31447208701], 'diameter': 34.80135408427292, 'sphere': {'center': [-5.367512643805387, 1.052117813699275, 85.55130433213851], 'radius': 12.0}, 'projected_sphere': {'center': [121.10102744618021, 127.62481705668748], 'axes': [173.9307204742421, 173.9307204742421], 'angle': 90.0}, 'model_confidence': 0.7342993512660323, 'model_id': 1, 'model_birth_timestamp': 40910.15789, 'theta': 2.7708276609733495, 'phi': -1.6474833726477418, 'norm_pos': [0.36392801160829363, 0.1111896996374584], 'topic': 'pupil.1', 'id': 1, 'method': '3d c++'}"
1582184721.3886862,"{'circle_3d': {'center': [-5.831422382024022, 12.25624997496482, 81.27904377504687], 'normal': [-0.038659144851552904, 0.9336776801054621, -0.3560217130909702], 'radius': 2.3355351491318603}, 'confidence': 0.19902102289166623, 'timestamp': 41053.60469, 'diameter_3d': 4.671070298263721, 'ellipse': {'center': [115.49261697604359, 213.38836235961875], 'axes': [7.560731869180188, 35.71375719117637], 'angle': -86.85199801025787}, 'location': [115.49261697604359, 213.38836235961875], 'diameter': 35.71375719117637, 'sphere': {'center': [-5.367512643805387, 1.052117813699275, 85.55130433213851], 'radius': 12.0}, 'projected_sphere': {'center': [121.10102744618021, 127.62481705668748], 'axes': [173.9307204742421, 173.9307204742421], 'angle': 90.0}, 'model_confidence': 0.7342993512660323, 'model_id': 1, 'model_birth_timestamp': 40910.15789, 'theta': 2.7753449858725197, 'phi': -1.6789590196168702, 'norm_pos': [0.36091442805013624, 0.11088182350158848], 'topic': 'pupil.1', 'id': 1, 'method': '3d c++'}"
1582184721.395496,"{'circle_3d': {'center': [-5.385535783884032, 12.27209129757674, 81.29550003829367], 'normal': [-0.0015019283398870862, 0.9349977903231222, -0.354650357820404], 'radius': 2.3663948121689162}, 'confidence': 0.15710592597390224, 'timestamp': 41053.61309, 'diameter_3d': 4.7327896243378325, 'ellipse': {'center': [118.89705339920584, 213.48813620052908], 'axes': [7.693202423097804, 36.17999924856239], 'angle': -89.12009899730555}, 'location': [118.89705339920584, 213.48813620052908], 'diameter': 36.17999924856239, 'sphere': {'center': [-5.367512643805387, 1.052117813699275, 85.55130433213851], 'radius': 12.0}, 'projected_sphere': {'center': [121.10102744618021, 127.62481705668748], 'axes': [173.9307204742421, 173.9307204742421], 'angle': 90.0}, 'model_confidence': 0.7342993512660323, 'model_id': 1, 'model_birth_timestamp': 40910.15789, 'theta': 2.7790491607280656, 'phi': -1.5750312565726745, 'norm_pos': [0.3715532918725183, 0.11046609916446215], 'topic': 'pupil.1', 'id': 1, 'method': '3d c++'}"
1582184721.4047081,"{'circle_3d': {'center': [-5.409626392635743, 12.245135814591691, 81.2252698357599], 'normal': [-0.003509479069196298, 0.9327515000743681, -0.3605028746982176], 'radius': 2.2921970863462935}, 'confidence': 0.06735289115158034, 'timestamp': 41053.62149, 'diameter_3d': 4.584394172692587, 'ellipse': {'center': [118.67981587504755, 213.36691642691642], 'axes': [7.6763418350629316, 35.074965920386006], 'angle': -88.97284413228327}, 'location': [118.67981587504755, 213.36691642691642], 'diameter': 35.074965920386006, 'sphere': {'center': [-5.367512643805387, 1.052117813699275, 85.55130433213851], 'radius': 12.0}, 'projected_sphere': {'center': [121.10102744618021, 127.62481705668748], 'axes': [173.9307204742421, 173.9307204742421], 'angle': 90.0}, 'model_confidence': 0.7342993512660323, 'model_id': 1, 'model_birth_timestamp': 40910.15789, 'theta': 2.7727673762976726, 'phi': -1.5805309737509512, 'norm_pos': [0.3708744246095236, 0.11097118155451491], 'topic': 'pupil.1', 'id': 1, 'method': '3d c++'}"
1582184721.4141572,"{'circle_3d': {'center': [-5.610932640366276, 12.264180503450444, 81.28159743981392], 'normal': [-0.020284999713407355, 0.9343385574792639, -0.355808907693716], 'radius': 2.340864886697044}, 'confidence': 0.19849300180663831, 'timestamp': 41053.62989, 'diameter_3d': 4.681729773394088, 'ellipse': {'center': [117.1735999180083, 213.44548859745578], 'axes': [7.6123755227154115, 35.79486343095888], 'angle': -87.97182022091977}, 'location': [117.1735999180083, 213.44548859745578], 'diameter': 35.79486343095888, 'sphere': {'center': [-5.367512643805387, 1.052117813699275, 85.55130433213851], 'radius': 12.0}, 'projected_sphere': {'center': [121.10102744618021, 127.62481705668748], 'axes': [173.9307204742421, 173.9307204742421], 'angle': 90.0}, 'model_confidence': 0.7342993512660323, 'model_id': 1, 'model_birth_timestamp': 40910.15789, 'theta': 2.7771948840062626, 'phi': -1.6277456188093744, 'norm_pos': [0.36616749974377594, 0.11064379751060094], 'topic': 'pupil.1', 'id': 1, 'method': '3d c++'}"
1582184721.4192991,"{'circle_3d': {'center': [-5.240019475461818, 12.236640259600545, 81.205018199225], 'normal': [0.01062443069529747, 0.9320435371584392, -0.36219051107612665], 'radius': 2.298472364273662}, 'confidence': 0.20122628379657434, 'timestamp': 41053.63829, 'diameter_3d': 4.596944728547324, 'ellipse': {'center': [119.96269213579035, 213.32398075380547], 'axes': [7.796514831091758, 35.1802516910578], 'angle': -89.82818799988236}, 'location': [119.96269213579035, 213.32398075380547], 'diameter': 35.1802516910578, 'sphere': {'center': [-5.367512643805387, 1.052117813699275, 85.55130433213851], 'radius': 12.0}, 'projected_sphere': {'center': [121.10102744618021, 127.62481705668748], 'axes': [173.9307204742421, 173.9307204742421], 'angle': 90.0}, 'model_confidence': 0.7342993512660323, 'model_id': 1, 'model_birth_timestamp': 40910.15789, 'theta': 2.7708086109573875, 'phi': -1.541470917658268, 'norm_pos': [0.37488341292434485, 0.11115008019247719], 'topic': 'pupil.1', 'id': 1, 'method': '3d c++'}"
1582184721.4347599,"{'circle_3d': {'center': [-5.514052411539929, 12.255329913609671, 81.25403022627866], 'normal': [-0.01221164731121179, 0.9336010083258662, -0.3581061754883213], 'radius': 2.3256508739199617}, 'confidence': 0.2127780282411419, 'timestamp': 41053.64669, 'diameter_3d': 4.6513017478399235, 'ellipse': {'center': [117.89777890780135, 213.40985529207012], 'axes': [7.672876546504132, 35.57437444562853], 'angle': -88.45294483142797}, 'location': [117.89777890780135, 213.40985529207012], 'diameter': 35.57437444562853, 'sphere': {'center': [-5.367512643805387, 1.052117813699275, 85.55130433213851], 'radius': 12.0}, 'projected_sphere': {'center': [121.10102744618021, 127.62481705668748], 'axes': [173.9307204742421, 173.9307204742421], 'angle': 90.0}, 'model_confidence': 0.7342993512660323, 'model_id': 1, 'model_birth_timestamp': 40910.15789, 'theta': 2.7751309470812866, 'phi': -1.6048837511277556, 'norm_pos': [0.3684305590868792, 0.11079226961637445], 'topic': 'pupil.1', 'id': 1, 'method': '3d c++'}"
1582184721.4391198,"{'circle_3d': {'center': [-6.325089845355617, 12.270344217667382, 81.39986575588762], 'normal': [-0.07979810012918578, 0.9348522003306754, -0.3459532146875747], 'radius': 2.351305108932219}, 'confidence': 0.14597447670394295, 'timestamp': 41053.65509, 'diameter_3d': 4.702610217864438, 'ellipse': {'center': [111.80243945225666, 213.361044583274], 'axes': [7.1134738547380625, 35.90013484250879], 'angle': -84.40452005994418}, 'location': [111.80243945225666, 213.361044583274], 'diameter': 35.90013484250879, 'sphere': {'center': [-5.367512643805387, 1.052117813699275, 85.55130433213851], 'radius': 12.0}, 'projected_sphere': {'center': [121.10102744618021, 127.62481705668748], 'axes': [173.9307204742421, 173.9307204742421], 'angle': 90.0}, 'model_confidence': 0.7342993512660323, 'model_id': 1, 'model_birth_timestamp': 40910.15789, 'theta': 2.778638869323688, 'phi': -1.7974929235813022, 'norm_pos': [0.34938262328830205, 0.1109956475696916], 'topic': 'pupil.1', 'id': 1, 'method': '3d c++'}"
1582184721.447027,"{'circle_3d': {'center': [-6.0054551165351535, 12.36744064757709, 81.60713159674637], 'normal': [-0.053161872727480526, 0.9429435694898181, -0.3286810612826787], 'radius': 2.32146521139622}, 'confidence': 0.20343793328415502, 'timestamp': 41053.66349, 'diameter_3d': 4.64293042279244, 'ellipse': {'center': [114.35012058744941, 213.87234805495638], 'axes': [6.407372271981874, 35.3554408092108], 'angle': -86.11436489355464}, 'location': [114.35012058744941, 213.87234805495638], 'diameter': 35.3554408092108, 'sphere': {'center': [-5.367512643805387, 1.052117813699275, 85.55130433213851], 'radius': 12.0}, 'projected_sphere': {'center': [121.10102744618021, 127.62481705668748], 'axes': [173.9307204742421, 173.9307204742421], 'angle': 90.0}, 'model_confidence': 0.7342993512660323, 'model_id': 1, 'model_birth_timestamp': 40910.15789, 'theta': 2.8021595584800907, 'phi': -1.7311506534095342, 'norm_pos': [0.35734412683577943, 0.10886521643768177], 'topic': 'pupil.1', 'id': 1, 'method': '3d c++'}"
1582184721.4571688,"{'circle_3d': {'center': [-5.621623897797134, 12.375977569017426, 81.5882716912837], 'normal': [-0.021175937832645556, 0.9436549796098457, -0.33025272007123496], 'radius': 2.3400964936505444}, 'confidence': 0.20147781176096197, 'timestamp': 41053.67189, 'diameter_3d': 4.680192987301089, 'ellipse': {'center': [117.25277770944733, 213.95659187701014], 'axes': [6.594601277709439, 35.64880073241083], 'angle': -88.03585039731352}, 'location': [117.25277770944733, 213.95659187701014], 'diameter': 35.64880073241083, 'sphere': {'center': [-5.367512643805387, 1.052117813699275, 85.55130433213851], 'radius': 12.0}, 'projected_sphere': {'center': [121.10102744618021, 127.62481705668748], 'axes': [173.9307204742421, 173.9307204742421], 'angle': 90.0}, 'model_confidence': 0.7342993512660323, 'model_id': 1, 'model_birth_timestamp': 40910.15789, 'theta': 2.804302735202444, 'phi': -1.6348290714985514, 'norm_pos': [0.3664149303420229, 0.10851420051245775], 'topic': 'pupil.1', 'id': 1, 'method': '3d c++'}"
1582184721.4631271,"{'circle_3d': {'center': [-6.18835486982141, 12.391031667095, 81.7100479406359], 'normal': [-0.06840351883466854, 0.9449094877829768, -0.32010469929188423], 'radius': 2.343893108643136}, 'confidence': 0.1485073404916446, 'timestamp': 41053.68029, 'diameter_3d': 4.687786217286272, 'ellipse': {'center': [113.02043767966828, 213.93580954546], 'axes': [6.097707406275577, 35.65177078547558], 'angle': -85.2415050121662}, 'location': [113.02043767966828, 213.93580954546], 'diameter': 35.65177078547558, 'sphere': {'center': [-5.367512643805387, 1.052117813699275, 85.55130433213851], 'radius': 12.0}, 'projected_sphere': {'center': [121.10102744618021, 127.62481705668748], 'axes': [173.9307204742421, 173.9307204742421], 'angle': 90.0}, 'model_confidence': 0.7342993512660323, 'model_id': 1, 'model_birth_timestamp': 40910.15789, 'theta': 2.8081143038601515, 'phi': -1.7813210622084412, 'norm_pos': [0.35318886774896335, 0.10860079356058339], 'topic': 'pupil.1', 'id': 1, 'method': '3d c++'}"
1582184721.4709692,"{'circle_3d': {'center': [-6.173511795673322, 12.405975578659973, 81.75126759281218], 'normal': [-0.06716659598899458, 0.9461548137467246, -0.31666972827719414], 'radius': 2.345537889274396}, 'confidence': 0.22976618928453282, 'timestamp': 41053.68869, 'diameter_3d': 4.691075778548792, 'ellipse': {'center': [113.15636985444931, 214.00337880347277], 'axes': [5.970418029305827, 35.658900931483174], 'angle': -85.33457900512643}, 'location': [113.15636985444931, 214.00337880347277], 'diameter': 35.658900931483174, 'sphere': {'center': [-5.367512643805387, 1.052117813699275, 85.55130433213851], 'radius': 12.0}, 'projected_sphere': {'center': [121.10102744618021, 127.62481705668748], 'axes': [173.9307204742421, 173.9307204742421], 'angle': 90.0}, 'model_confidence': 0.7342993512660323, 'model_id': 1, 'model_birth_timestamp': 40910.15789, 'theta': 2.8119399138367656, 'phi': -1.77980183135538, 'norm_pos': [0.3536136557951541, 0.10831925498553008], 'topic': 'pupil.1', 'id': 1, 'method': '3d c++'}"
1582184721.4810932,"{'circle_3d': {'center': [-5.5422054971876955, 12.495347482232741, 81.94270665988789], 'normal': [-0.014557737781859018, 0.9536024723777888, -0.300716472687552], 'radius': 2.3406727877371294}, 'confidence': 0.19096836516077584, 'timestamp': 41053.69709, 'diameter_3d': 4.681345575474259, 'ellipse': {'center': [118.03729196683486, 214.46811523044366], 'axes': [5.4592110147201085, 35.50380529848682], 'angle': -88.56319318348211}, 'location': [118.03729196683486, 214.46811523044366], 'diameter': 35.50380529848682, 'sphere': {'center': [-5.367512643805387, 1.052117813699275, 85.55130433213851], 'radius': 12.0}, 'projected_sphere': {'center': [121.10102744618021, 127.62481705668748], 'axes': [173.9307204742421, 173.9307204742421], 'angle': 90.0}, 'model_confidence': 0.7342993512660323, 'model_id': 1, 'model_birth_timestamp': 40910.15789, 'theta': 2.8357795651256614, 'phi': -1.619168740107547, 'norm_pos': [0.36886653739635894, 0.10638285320648477], 'topic': 'pupil.1', 'id': 1, 'method': '3d c++'}"
1582184721.487732,"{'circle_3d': {'center': [-5.588168413549498, 12.46779499447781, 81.85893036197638], 'normal': [-0.018387980812009246, 0.9513064317315445, -0.30769783084684477], 'radius': 2.2519025262598094}, 'confidence': 0.07064262774574002, 'timestamp': 41053.70549, 'diameter_3d': 4.503805052519619, 'ellipse': {'center': [117.64881977193713, 214.35845487965986], 'axes': [5.503663496351816, 34.191159594822096], 'angle': -88.30405728226938}, 'location': [117.64881977193713, 214.35845487965986], 'diameter': 34.191159594822096, 'sphere': {'center': [-5.367512643805387, 1.052117813699275, 85.55130433213851], 'radius': 12.0}, 'projected_sphere': {'center': [121.10102744618021, 127.62481705668748], 'axes': [173.9307204742421, 173.9307204742421], 'angle': 90.0}, 'model_confidence': 0.7342993512660323, 'model_id': 1, 'model_birth_timestamp': 40910.15789, 'theta': 2.8282431406770847, 'phi': -1.6304852048051377, 'norm_pos': [0.36765256178730354, 0.10683977133475053], 'topic': 'pupil.1', 'id': 1, 'method': '3d c++'}"
1582184721.497304,"{'circle_3d': {'center': [-5.402796653916697, 12.157760861865064, 81.00559783860449], 'normal': [-0.00294033417594249, 0.9254702540138156, -0.37880887446116884], 'radius': 2.349734867520735}, 'confidence': 0.05198570374201995, 'timestamp': 41053.71389, 'diameter_3d': 4.69946973504147, 'ellipse': {'center': [118.6188768552788, 212.93706372370025], 'axes': [8.61125533622478, 36.05338714255284], 'angle': -88.92808813285609}, 'location': [118.6188768552788, 212.93706372370025], 'diameter': 36.05338714255284, 'sphere': {'center': [-5.367512643805387, 1.052117813699275, 85.55130433213851], 'radius': 12.0}, 'projected_sphere': {'center': [121.10102744618021, 127.62481705668748], 'axes': [173.9307204742421, 173.9307204742421], 'angle': 90.0}, 'model_confidence': 0.7342993512660323, 'model_id': 1, 'model_birth_timestamp': 40910.15789, 'theta': 2.7530714088492614, 'phi': -1.578558222899063, 'norm_pos': [0.3706839901727462, 0.11276223448458234], 'topic': 'pupil.1', 'id': 1, 'method': '3d c++'}"
1582184721.504065,"{'circle_3d': {'center': [-5.205173143822866, 12.369388250143437, 81.56469728414238], 'normal': [0.013528291665210116, 0.9431058697036802, -0.33221725399967755], 'radius': 2.32620766235448}, 'confidence': 0.21576453260363024, 'timestamp': 41053.72229, 'diameter_3d': 4.65241532470896, 'ellipse': {'center': [120.40285350088507, 213.93374219720337], 'axes': [6.712675927897276, 35.4483916260908], 'angle': 89.87888304180738}, 'location': [120.40285350088507, 213.93374219720337], 'diameter': 35.4483916260908, 'sphere': {'center': [-5.367512643805387, 1.052117813699275, 85.55130433213851], 'radius': 12.0}, 'projected_sphere': {'center': [121.10102744618021, 127.62481705668748], 'axes': [173.9307204742421, 173.9307204742421], 'angle': 90.0}, 'model_confidence': 0.7342993512660323, 'model_id': 1, 'model_birth_timestamp': 40910.15789, 'theta': 2.8026473528704714, 'phi': -1.5300975933132412, 'norm_pos': [0.37625891719026583, 0.1086094075116526], 'topic': 'pupil.1', 'id': 1, 'method': '3d c++'}"
1582184721.518906,"{'circle_3d': {'center': [-5.7139056167398525, 12.245430696871818, 81.23972009804251], 'normal': [-0.028866081077872103, 0.9327760735977119, -0.3592986861746669], 'radius': 2.329067905199537}, 'confidence': 0.09293094024341073, 'timestamp': 41053.73069, 'diameter_3d': 4.658135810399074, 'ellipse': {'center': [116.36703988125001, 213.3499146081553], 'axes': [7.69289495252934, 35.63236161923939], 'angle': -87.43231713919327}, 'location': [116.36703988125001, 213.3499146081553], 'diameter': 35.63236161923939, 'sphere': {'center': [-5.367512643805387, 1.052117813699275, 85.55130433213851], 'radius': 12.0}, 'projected_sphere': {'center': [121.10102744618021, 127.62481705668748], 'axes': [173.9307204742421, 173.9307204742421], 'angle': 90.0}, 'model_confidence': 0.7342993512660323, 'model_id': 1, 'model_birth_timestamp': 40910.15789, 'theta': 2.7728355436489154, 'phi': -1.6509642093138595, 'norm_pos': [0.3636469996289063, 0.11104202246601957], 'topic': 'pupil.1', 'id': 1, 'method': '3d c++'}"
1582184721.529571,"{'circle_3d': {'center': [-5.829304290077235, 12.269451839503247, 81.31359671728659], 'normal': [-0.03848263718932062, 0.9347778354836643, -0.35314230123766066], 'radius': 2.3457417528535203}, 'confidence': 0.19848613929501435, 'timestamp': 41053.73909, 'diameter_3d': 4.6914835057070405, 'ellipse': {'center': [115.527331221888, 213.44987392074773], 'axes': [7.479045081043374, 35.854737825456525], 'angle': -86.87743772173624}, 'location': [115.527331221888, 213.44987392074773], 'diameter': 35.854737825456525, 'sphere': {'center': [-5.367512643805387, 1.052117813699275, 85.55130433213851], 'radius': 12.0}, 'projected_sphere': {'center': [121.10102744618021, 127.62481705668748], 'axes': [173.9307204742421, 173.9307204742421], 'angle': 90.0}, 'model_confidence': 0.7342993512660323, 'model_id': 1, 'model_birth_timestamp': 40910.15789, 'theta': 2.7784294705152828, 'phi': -1.6793400706392512, 'norm_pos': [0.36102291006840004, 0.11062552533021774], 'topic': 'pupil.1', 'id': 1, 'method': '3d c++'}"
1582184721.5465758,"{'circle_3d': {'center': [-5.254942102496421, 12.239870086489724, 81.21292595353879], 'normal': [0.009380878442413863, 0.9323126893992039, -0.3615315315499773], 'radius': 2.3035565573899155}, 'confidence': 0.18747616986050966, 'timestamp': 41053.74749, 'diameter_3d': 4.607113114779831, 'ellipse': {'center': [119.85267396796999, 213.33941064010585], 'axes': [7.784879668155863, 35.254659716319594], 'angle': -89.75491677812306}, 'location': [119.85267396796999, 213.33941064010585], 'diameter': 35.254659716319594, 'sphere': {'center': [-5.367512643805387, 1.052117813699275, 85.55130433213851], 'radius': 12.0}, 'projected_sphere': {'center': [121.10102744618021, 127.62481705668748], 'axes': [173.9307204742421, 173.9307204742421], 'angle': 90.0}, 'model_confidence': 0.7342993512660323, 'model_id': 1, 'model_birth_timestamp': 40910.15789, 'theta': 2.7715521258913935, 'phi': -1.544854539814028, 'norm_pos': [0.3745396061499062, 0.1110857889995589], 'topic': 'pupil.1', 'id': 1, 'method': '3d c++'}"
1582184721.554616,"{'circle_3d': {'center': [-5.49111629230641, 12.269284361069257, 81.2898612917306], 'normal': [-0.0103003040417519, 0.9347638789474986, -0.355120253367326], 'radius': 2.364970539150027}, 'confidence': 0.18339430552640323, 'timestamp': 41053.76429, 'diameter_3d': 4.729941078300054, 'ellipse': {'center': [118.0900257206364, 213.4731070651257], 'axes': [7.686688149938345, 36.160418912291775], 'angle': -88.58267073562843}, 'location': [118.0900257206364, 213.4731070651257], 'diameter': 36.160418912291775, 'sphere': {'center': [-5.367512643805387, 1.052117813699275, 85.55130433213851], 'radius': 12.0}, 'projected_sphere': {'center': [121.10102744618021, 127.62481705668748], 'axes': [173.9307204742421, 173.9307204742421], 'angle': 90.0}, 'model_confidence': 0.7342993512660323, 'model_id': 1, 'model_birth_timestamp': 40910.15789, 'theta': 2.77839018413269, 'phi': -1.5997933126437984, 'norm_pos': [0.36903133037698876, 0.11052872056197627], 'topic': 'pupil.1', 'id': 1, 'method': '3d c++'}"
1582184721.55761,"{'circle_3d': {'center': [-5.642215273581254, 12.239253169779328, 81.2185752856901], 'normal': [-0.022891885814655552, 0.9322612796733378, -0.3610607538707018], 'radius': 2.2619138260161513}, 'confidence': 0.13653860520952488, 'timestamp': 41053.77269, 'diameter_3d': 4.523827652032303, 'ellipse': {'center': [116.90380533647924, 213.33214017270046], 'axes': [7.5524843576582885, 34.613466807902995], 'angle': -87.78814964875788}, 'location': [116.90380533647924, 213.33214017270046], 'diameter': 34.613466807902995, 'sphere': {'center': [-5.367512643805387, 1.052117813699275, 85.55130433213851], 'radius': 12.0}, 'projected_sphere': {'center': [121.10102744618021, 127.62481705668748], 'axes': [173.9307204742421, 173.9307204742421], 'angle': 90.0}, 'model_confidence': 0.7342993512660323, 'model_id': 1, 'model_birth_timestamp': 40910.15789, 'theta': 2.77140999993371, 'phi': -1.6341133333364644, 'norm_pos': [0.3653243916764976, 0.11111608261374806], 'topic': 'pupil.1', 'id': 1, 'method': '3d c++'}"
1582184721.565242,"{'circle_3d': {'center': [-5.74909762221136, 12.2553128406687, 81.26845316825919], 'normal': [-0.031798748200497697, 0.9335995855807853, -0.35690426365661065], 'radius': 2.3232850043957836}, 'confidence': 0.2265880763657266, 'timestamp': 41053.78109, 'diameter_3d': 4.646570008791567, 'ellipse': {'center': [116.11437731009019, 213.3939983389813], 'axes': [7.571893789838305, 35.531175294812975], 'angle': -87.26542264094235}, 'location': [116.11437731009019, 213.3939983389813], 'diameter': 35.531175294812975, 'sphere': {'center': [-5.367512643805387, 1.052117813699275, 85.55130433213851], 'radius': 12.0}, 'projected_sphere': {'center': [121.10102744618021, 127.62481705668748], 'axes': [173.9307204742421, 173.9307204742421], 'angle': 90.0}, 'model_confidence': 0.7342993512660323, 'model_id': 1, 'model_birth_timestamp': 40910.15789, 'theta': 2.7751269764398345, 'phi': -1.6596577088847189, 'norm_pos': [0.36285742909403185, 0.11085834025424457], 'topic': 'pupil.1', 'id': 1, 'method': '3d c++'}"
1582184721.572046,"{'circle_3d': {'center': [-4.867659995554304, 12.22450296744693, 81.20067710076654], 'normal': [0.04165438735425698, 0.9310320961456381, -0.3625522692809978], 'radius': 2.34045732060796}, 'confidence': 0.1710802162033109, 'timestamp': 41053.78949, 'diameter_3d': 4.68091464121592, 'ellipse': {'center': [122.7988258774759, 213.23243282589726], 'axes': [8.027073519363334, 35.826115394130646], 'angle': 88.27782715613156}, 'location': [122.7988258774759, 213.23243282589726], 'diameter': 35.826115394130646, 'sphere': {'center': [-5.367512643805387, 1.052117813699275, 85.55130433213851], 'radius': 12.0}, 'projected_sphere': {'center': [121.10102744618021, 127.62481705668748], 'axes': [173.9307204742421, 173.9307204742421], 'angle': 90.0}, 'model_confidence': 0.7342993512660323, 'model_id': 1, 'model_birth_timestamp': 40910.15789, 'theta': 2.768027191583007, 'phi': -1.456405804475944, 'norm_pos': [0.3837463308671122, 0.1115315298920947], 'topic': 'pupil.1', 'id': 1, 'method': '3d c++'}"
1582184721.5810509,"{'circle_3d': {'center': [-5.402783470908953, 12.365344097715969, 81.55009613768158], 'normal': [-0.002939235591963814, 0.9427688570013909, -0.3334340162047446], 'radius': 2.339137875320047}, 'confidence': 0.17429442952365484, 'timestamp': 41053.79789, 'diameter_3d': 4.678275750640094, 'ellipse': {'center': [118.89475970149607, 213.9181919872545], 'axes': [6.759548846741449, 35.651445407703974], 'angle': -89.12224914078831}, 'location': [118.89475970149607, 213.9181919872545], 'diameter': 35.651445407703974, 'sphere': {'center': [-5.367512643805387, 1.052117813699275, 85.55130433213851], 'radius': 12.0}, 'projected_sphere': {'center': [121.10102744618021, 127.62481705668748], 'axes': [173.9307204742421, 173.9307204742421], 'angle': 90.0}, 'model_confidence': 0.7342993512660323, 'model_id': 1, 'model_birth_timestamp': 40910.15789, 'theta': 2.8016352109394127, 'phi': -1.579611142685197, 'norm_pos': [0.37154612406717524, 0.10867420005310635], 'topic': 'pupil.1', 'id': 1, 'method': '3d c++'}"
1582184721.588266,"{'circle_3d': {'center': [-5.39853294275701, 12.368111176217752, 81.55789326382978], 'normal': [-0.0025850249126352, 0.9429994468765398, -0.33278425569239434], 'radius': 2.2667590907495203}, 'confidence': 0.055362406729359354, 'timestamp': 41053.80629, 'diameter_3d': 4.533518181499041, 'ellipse': {'center': [118.93276024626329, 213.93614174421396], 'axes': [6.526087721252071, 34.54424000939398], 'angle': -89.14637330583767}, 'location': [118.93276024626329, 213.93614174421396], 'diameter': 34.54424000939398, 'sphere': {'center': [-5.367512643805387, 1.052117813699275, 85.55130433213851], 'radius': 12.0}, 'projected_sphere': {'center': [121.10102744618021, 127.62481705668748], 'axes': [173.9307204742421, 173.9307204742421], 'angle': 90.0}, 'model_confidence': 0.7342993512660323, 'model_id': 1, 'model_birth_timestamp': 40910.15789, 'theta': 2.8023274222376378, 'phi': -1.5785640407927748, 'norm_pos': [0.37166487576957274, 0.1085994093991085], 'topic': 'pupil.1', 'id': 1, 'method': '3d c++'}"
1582184721.600811,"{'circle_3d': {'center': [-5.798416828745889, 11.929088447347208, 80.50097449952746], 'normal': [-0.03590868207837517, 0.9064142194706611, -0.4208608193842547], 'radius': 2.3328977777177746}, 'confidence': 0.025520589614481, 'timestamp': 41053.81469, 'diameter_3d': 4.665795555435549, 'ellipse': {'center': [115.31891764515964, 211.73986531138453], 'axes': [10.191090971479229, 36.01757101686292], 'angle': -86.67396615596711}, 'location': [115.31891764515964, 211.73986531138453], 'diameter': 36.01757101686292, 'sphere': {'center': [-5.367512643805387, 1.052117813699275, 85.55130433213851], 'radius': 12.0}, 'projected_sphere': {'center': [121.10102744618021, 127.62481705668748], 'axes': [173.9307204742421, 173.9307204742421], 'angle': 90.0}, 'model_confidence': 0.7342993512660323, 'model_id': 1, 'model_birth_timestamp': 40910.15789, 'theta': 2.7055122492307513, 'phi': -1.6559121716461174, 'norm_pos': [0.3603716176411239, 0.11775056120256444], 'topic': 'pupil.1', 'id': 1, 'method': '3d c++'}"
1582184721.608084,"{'circle_3d': {'center': [-5.91427437540071, 12.25774951077603, 81.29279873999334], 'normal': [-0.04556347763294358, 0.9338026414230627, -0.3548754660120974], 'radius': 2.32945669003862}, 'confidence': 0.26628214075152684, 'timestamp': 41053.82309, 'diameter_3d': 4.65891338007724, 'ellipse': {'center': [114.86913809839982, 213.38513160135173], 'axes': [7.479487146469919, 35.614462339048465], 'angle': -86.4374805819275}, 'location': [114.86913809839982, 213.38513160135173], 'diameter': 35.614462339048465, 'sphere': {'center': [-5.367512643805387, 1.052117813699275, 85.55130433213851], 'radius': 12.0}, 'projected_sphere': {'center': [121.10102744618021, 127.62481705668748], 'axes': [173.9307204742421, 173.9307204742421], 'angle': 90.0}, 'model_confidence': 0.7342993512660323, 'model_id': 1, 'model_birth_timestamp': 40910.15789, 'theta': 2.7756940871159, 'phi': -1.6984905811203634, 'norm_pos': [0.3589660565574994, 0.11089528499436774], 'topic': 'pupil.1', 'id': 1, 'method': '3d c++'}"
1582184721.618019,"{'circle_3d': {'center': [-5.899112427145074, 12.24792904968606, 81.26513909518074], 'normal': [-0.044299981944973865, 0.9329842696655654, -0.3571804364131476], 'radius': 2.3042885026267634}, 'confidence': 0.2957037212221792, 'timestamp': 41053.83149, 'diameter_3d': 4.608577005253527, 'ellipse': {'center': [114.96992198630706, 213.3430649591566], 'axes': [7.4920994149863995, 35.24141597023571], 'angle': -86.50232629701858}, 'location': [114.96992198630706, 213.3430649591566], 'diameter': 35.24141597023571, 'sphere': {'center': [-5.367512643805387, 1.052117813699275, 85.55130433213851], 'radius': 12.0}, 'projected_sphere': {'center': [121.10102744618021, 127.62481705668748], 'axes': [173.9307204742421, 173.9307204742421], 'angle': 90.0}, 'model_confidence': 0.7342993512660323, 'model_id': 1, 'model_birth_timestamp': 40910.15789, 'theta': 2.7734135661787875, 'phi': -1.6941930767456364, 'norm_pos': [0.35928100620720954, 0.11107056267018078], 'topic': 'pupil.1', 'id': 1, 'method': '3d c++'}"
1582184721.623822,"{'circle_3d': {'center': [-5.073926129543759, 12.216066737368244, 81.1603988004339], 'normal': [0.024465542855135688, 0.9303290769724138, -0.36590879430871814], 'radius': 2.324958008253193}, 'confidence': 0.13227643556676813, 'timestamp': 41053.83989, 'diameter_3d': 4.649916016506386, 'ellipse': {'center': [121.2071693060114, 213.21395249749128], 'axes': [8.067362083869357, 35.60586438188562], 'angle': 89.34031116867116}, 'location': [121.2071693060114, 213.21395249749128], 'diameter': 35.60586438188562, 'sphere': {'center': [-5.367512643805387, 1.052117813699275, 85.55130433213851], 'radius': 12.0}, 'projected_sphere': {'center': [121.10102744618021, 127.62481705668748], 'axes': [173.9307204742421, 173.9307204742421], 'angle': 90.0}, 'model_confidence': 0.7342993512660323, 'model_id': 1, 'model_birth_timestamp': 40910.15789, 'theta': 2.766105490302889, 'phi': -1.5040332909869707, 'norm_pos': [0.3787724040812856, 0.111608531260453], 'topic': 'pupil.1', 'id': 1, 'method': '3d c++'}"
1582184721.633941,"{'circle_3d': {'center': [-5.238453097191436, 11.739560080435972, 80.09585554871127], 'normal': [0.01075496221782927, 0.8906201888947246, -0.4546207319522703], 'radius': 2.3220291989003945}, 'confidence': 0.07510469056415105, 'timestamp': 41053.84829, 'diameter_3d': 4.644058397800789, 'ellipse': {'center': [119.42097068354698, 210.7222129688671], 'axes': [11.660043961338241, 36.03225795243906], 'angle': -89.45211042418718}, 'location': [119.42097068354698, 210.7222129688671], 'diameter': 36.03225795243906, 'sphere': {'center': [-5.367512643805387, 1.052117813699275, 85.55130433213851], 'radius': 12.0}, 'projected_sphere': {'center': [121.10102744618021, 127.62481705668748], 'axes': [173.9307204742421, 173.9307204742421], 'angle': 90.0}, 'model_confidence': 0.7342993512660323, 'model_id': 1, 'model_birth_timestamp': 40910.15789, 'theta': 2.669503488283968, 'phi': -1.5471437395185073, 'norm_pos': [0.3731905333860843, 0.12199077929638713], 'topic': 'pupil.1', 'id': 1, 'method': '3d c++'}"
1582184721.640057,"{'circle_3d': {'center': [-6.060876428421969, 12.139456159585425, 81.01366451985452], 'normal': [-0.057780315384715175, 0.9239448621571791, -0.37813665102366656], 'radius': 2.305196969178587}, 'confidence': 0.2522039261596779, 'timestamp': 41053.85669, 'diameter_3d': 4.610393938357174, 'ellipse': {'center': [113.59469916097018, 212.79262631614114], 'axes': [8.294248751486125, 35.36400408504003], 'angle': -85.56131814697437}, 'location': [113.59469916097018, 212.79262631614114], 'diameter': 35.36400408504003, 'sphere': {'center': [-5.367512643805387, 1.052117813699275, 85.55130433213851], 'radius': 12.0}, 'projected_sphere': {'center': [121.10102744618021, 127.62481705668748], 'axes': [173.9307204742421, 173.9307204742421], 'angle': 90.0}, 'model_confidence': 0.7342993512660323, 'model_id': 1, 'model_birth_timestamp': 40910.15789, 'theta': 2.7490643216773507, 'phi': -1.7224262044610144, 'norm_pos': [0.3549834348780318, 0.11336405701607855], 'topic': 'pupil.1', 'id': 1, 'method': '3d c++'}"
1582184721.64732,"{'circle_3d': {'center': [-5.861155417707006, 12.122857044439353, 80.9474961588186], 'normal': [-0.0411368978251349, 0.9225616025616733, -0.38365068110999334], 'radius': 2.3018781556341743}, 'confidence': 0.22511539320773935, 'timestamp': 41053.86509, 'diameter_3d': 4.603756311268349, 'ellipse': {'center': [115.0846740640574, 212.73892847129193], 'axes': [8.540398539158254, 35.342520803907256], 'angle': -86.55479544864774}, 'location': [115.0846740640574, 212.73892847129193], 'diameter': 35.342520803907256, 'sphere': {'center': [-5.367512643805387, 1.052117813699275, 85.55130433213851], 'radius': 12.0}, 'projected_sphere': {'center': [121.10102744618021, 127.62481705668748], 'axes': [173.9307204742421, 173.9307204742421], 'angle': 90.0}, 'model_confidence': 0.7342993512660323, 'model_id': 1, 'model_birth_timestamp': 40910.15789, 'theta': 2.7454638474371738, 'phi': -1.6776130896146857, 'norm_pos': [0.35963960645017934, 0.1135877980362836], 'topic': 'pupil.1', 'id': 1, 'method': '3d c++'}"
1582184721.6581602,"{'circle_3d': {'center': [-5.959993750067683, 12.133001610929742, 80.98370316620934], 'normal': [-0.049373425521858, 0.9234069831025388, -0.3806334304940979], 'radius': 2.293606494238019}, 'confidence': 0.2663515335970254, 'timestamp': 41053.87349, 'diameter_3d': 4.587212988476038, 'ellipse': {'center': [114.3491481246383, 212.77741768136787], 'axes': [8.370813057617422, 35.19939925569376], 'angle': -86.0643008373032}, 'location': [114.3491481246383, 212.77741768136787], 'diameter': 35.19939925569376, 'sphere': {'center': [-5.367512643805387, 1.052117813699275, 85.55130433213851], 'radius': 12.0}, 'projected_sphere': {'center': [121.10102744618021, 127.62481705668748], 'axes': [173.9307204742421, 173.9307204742421], 'angle': 90.0}, 'model_confidence': 0.7342993512660323, 'model_id': 1, 'model_birth_timestamp': 40910.15789, 'theta': 2.747660575605436, 'phi': -1.6997899204736158, 'norm_pos': [0.3573410878894947, 0.11342742632763392], 'topic': 'pupil.1', 'id': 1, 'method': '3d c++'}"
1582184721.66368,"{'circle_3d': {'center': [-6.085170445185714, 12.143116354195428, 81.02640448188434], 'normal': [-0.059804816781693866, 0.9242498783746792, -0.37707498752118096], 'radius': 2.311657919350965}, 'confidence': 0.27816701116823334, 'timestamp': 41053.88189, 'diameter_3d': 4.62331583870193, 'ellipse': {'center': [113.41618551513507, 212.80594491403474], 'axes': [8.270449401007054, 35.45754352179552], 'angle': -85.44299715596205}, 'location': [113.41618551513507, 212.80594491403474], 'diameter': 35.45754352179552, 'sphere': {'center': [-5.367512643805387, 1.052117813699275, 85.55130433213851], 'radius': 12.0}, 'projected_sphere': {'center': [121.10102744618021, 127.62481705668748], 'axes': [173.9307204742421, 173.9307204742421], 'angle': 90.0}, 'model_confidence': 0.7342993512660323, 'model_id': 1, 'model_birth_timestamp': 40910.15789, 'theta': 2.749862465598727, 'phi': -1.7280881093341658, 'norm_pos': [0.3544255797347971, 0.11330856285818858], 'topic': 'pupil.1', 'id': 1, 'method': '3d c++'}"
1582184721.6733508,"{'circle_3d': {'center': [-5.845803815263041, 12.153200847204896, 81.01950634033446], 'normal': [-0.03985759762147116, 0.9250902527921352, -0.37764983265033797], 'radius': 2.3360733559556746}, 'confidence': 0.19643282251518204, 'timestamp': 41053.89029, 'diameter_3d': 4.672146711911349, 'ellipse': {'center': [115.24096860539058, 212.88823707769347], 'axes': [8.427634723958734, 35.83615442369963], 'angle': -86.6657285375558}, 'location': [115.24096860539058, 212.88823707769347], 'diameter': 35.83615442369963, 'sphere': {'center': [-5.367512643805387, 1.052117813699275, 85.55130433213851], 'radius': 12.0}, 'projected_sphere': {'center': [121.10102744618021, 127.62481705668748], 'axes': [173.9307204742421, 173.9307204742421], 'angle': 90.0}, 'model_confidence': 0.7342993512660323, 'model_id': 1, 'model_birth_timestamp': 40910.15789, 'theta': 2.75206951741896, 'phi': -1.6759482031414772, 'norm_pos': [0.36012802689184553, 0.11296567884294384], 'topic': 'pupil.1', 'id': 1, 'method': '3d c++'}"
1582184721.6837492,"{'circle_3d': {'center': [-5.362807550435448, 12.11737587780068, 80.90802512053222], 'normal': [0.00039209111416157094, 0.9221048386751171, -0.3869399343005249], 'radius': 2.299583272955934}, 'confidence': 0.18497590131789307, 'timestamp': 41053.89869, 'diameter_3d': 4.599166545911868, 'ellipse': {'center': [118.87636354225558, 212.74071995474856], 'axes': [8.759432882099594, 35.325922134479235], 'angle': -89.09777523941807}, 'location': [118.87636354225558, 212.74071995474856], 'diameter': 35.325922134479235, 'sphere': {'center': [-5.367512643805387, 1.052117813699275, 85.55130433213851], 'radius': 12.0}, 'projected_sphere': {'center': [121.10102744618021, 127.62481705668748], 'axes': [173.9307204742421, 173.9307204742421], 'angle': 90.0}, 'model_confidence': 0.7342993512660323, 'model_id': 1, 'model_birth_timestamp': 40910.15789, 'theta': 2.744281731062312, 'phi': -1.5697830145332134, 'norm_pos': [0.3714886360695487, 0.11358033352188102], 'topic': 'pupil.1', 'id': 1, 'method': '3d c++'}"
1582184721.693789,"{'circle_3d': {'center': [-5.857016854057916, 12.130864977590537, 80.9663564691071], 'normal': [-0.04079201752104404, 0.9232289303242719, -0.38207898858595146], 'radius': 2.2974272541883916}, 'confidence': 0.18592576547974823, 'timestamp': 41053.90709, 'diameter_3d': 4.594854508376783, 'ellipse': {'center': [115.1268095264096, 212.77982585796053], 'axes': [8.462033373356833, 35.26594868702068], 'angle': -86.58453258579311}, 'location': [115.1268095264096, 212.77982585796053], 'diameter': 35.26594868702068, 'sphere': {'center': [-5.367512643805387, 1.052117813699275, 85.55130433213851], 'radius': 12.0}, 'projected_sphere': {'center': [121.10102744618021, 127.62481705668748], 'axes': [173.9307204742421, 173.9307204742421], 'angle': 90.0}, 'model_confidence': 0.7342993512660323, 'model_id': 1, 'model_birth_timestamp': 40910.15789, 'theta': 2.7471969403589704, 'phi': -1.6771567448757747, 'norm_pos': [0.35977127977003, 0.11341739225849778], 'topic': 'pupil.1', 'id': 1, 'method': '3d c++'}"
1582184721.699234,"{'circle_3d': {'center': [-5.310845623868779, 12.140488522721892, 80.96384055918719], 'normal': [0.0047222516613839955, 0.9240308924185513, -0.3822886477459437], 'radius': 2.328479141467036}, 'confidence': 0.18318064379168725, 'timestamp': 41053.91549, 'diameter_3d': 4.656958282934072, 'ellipse': {'center': [119.30125921478833, 212.8531268943563], 'axes': [8.691697596136057, 35.74565528016298], 'angle': -89.38435705688848}, 'location': [119.30125921478833, 212.8531268943563], 'diameter': 35.74565528016298, 'sphere': {'center': [-5.367512643805387, 1.052117813699275, 85.55130433213851], 'radius': 12.0}, 'projected_sphere': {'center': [121.10102744618021, 127.62481705668748], 'axes': [173.9307204742421, 173.9307204742421], 'angle': 90.0}, 'model_confidence': 0.7342993512660323, 'model_id': 1, 'model_birth_timestamp': 40910.15789, 'theta': 2.7492892834177605, 'phi': -1.5584443735584457, 'norm_pos': [0.37281643504621353, 0.11311197127351535], 'topic': 'pupil.1', 'id': 1, 'method': '3d c++'}"
1582184721.707679,"{'circle_3d': {'center': [-5.845380664671358, 12.150084221184695, 81.0118347846078], 'normal': [-0.03982233507216428, 0.9248305339571187, -0.37828912896089306], 'radius': 2.3408282332198382}, 'confidence': 0.1437018920483083, 'timestamp': 41053.92389, 'diameter_3d': 4.6816564664396765, 'ellipse': {'center': [115.23989140498169, 212.87240215417825], 'axes': [8.470774040156641, 35.91254312493288], 'angle': -86.66448346589435}, 'location': [115.23989140498169, 212.87240215417825], 'diameter': 35.91254312493288, 'sphere': {'center': [-5.367512643805387, 1.052117813699275, 85.55130433213851], 'radius': 12.0}, 'projected_sphere': {'center': [121.10102744618021, 127.62481705668748], 'axes': [173.9307204742421, 173.9307204742421], 'angle': 90.0}, 'model_confidence': 0.7342993512660323, 'model_id': 1, 'model_birth_timestamp': 40910.15789, 'theta': 2.751386160759141, 'phi': -1.675679610312937, 'norm_pos': [0.3601246606405678, 0.11303165769092394], 'topic': 'pupil.1', 'id': 1, 'method': '3d c++'}"
1582184721.715737,"{'circle_3d': {'center': [-5.345814544614025, 12.113684886446674, 80.89928723333051], 'normal': [0.001808174932613538, 0.9217972560622832, -0.3876680915673336], 'radius': 2.3021496667282944}, 'confidence': 0.14510458329150774, 'timestamp': 41053.93229, 'diameter_3d': 4.604299333456589, 'ellipse': {'center': [119.0019167303486, 212.7218477231158], 'axes': [8.801691196554371, 35.36923229576785], 'angle': -89.18196110233478}, 'location': [119.0019167303486, 212.7218477231158], 'diameter': 35.36923229576785, 'sphere': {'center': [-5.367512643805387, 1.052117813699275, 85.55130433213851], 'radius': 12.0}, 'projected_sphere': {'center': [121.10102744618021, 127.62481705668748], 'axes': [173.9307204742421, 173.9307204742421], 'angle': 90.0}, 'model_confidence': 0.7342993512660323, 'model_id': 1, 'model_birth_timestamp': 40910.15789, 'theta': 2.743487572383111, 'phi': -1.5661321260010126, 'norm_pos': [0.37188098978233936, 0.1136589678203509], 'topic': 'pupil.1', 'id': 1, 'method': '3d c++'}"
1582184721.724139,"{'circle_3d': {'center': [-5.329916513489081, 12.126683394161589, 80.9304187314095], 'normal': [0.0031330108596921607, 0.9228804650385259, -0.38507380006075087], 'radius': 2.2917921597928266}, 'confidence': 0.19907647129070402, 'timestamp': 41053.94069, 'diameter_3d': 4.583584319585653, 'ellipse': {'center': [119.13952470068102, 212.78801819892385], 'axes': [8.661711078009663, 35.196517450240286], 'angle': -89.27474138642965}, 'location': [119.13952470068102, 212.78801819892385], 'diameter': 35.196517450240286, 'sphere': {'center': [-5.367512643805387, 1.052117813699275, 85.55130433213851], 'radius': 12.0}, 'projected_sphere': {'center': [121.10102744618021, 127.62481705668748], 'axes': [173.9307204742421, 173.9307204742421], 'angle': 90.0}, 'model_confidence': 0.7342993512660323, 'model_id': 1, 'model_birth_timestamp': 40910.15789, 'theta': 2.746291055673633, 'phi': -1.5626603753737403, 'norm_pos': [0.3723110146896282, 0.11338325750448397], 'topic': 'pupil.1', 'id': 1, 'method': '3d c++'}"
1582184721.732039,"{'circle_3d': {'center': [-5.921774453932517, 12.135811396532468, 80.98572327298548], 'normal': [-0.04618848417726077, 0.923641131902766, -0.3804650882627527], 'radius': 2.319098021122173}, 'confidence': 0.19756851241181816, 'timestamp': 41053.94909, 'diameter_3d': 4.638196042244346, 'ellipse': {'center': [114.64197102557736, 212.7941877481568], 'axes': [8.464596948446134, 35.59012592245984], 'angle': -86.26121012638241}, 'location': [114.64197102557736, 212.7941877481568], 'diameter': 35.59012592245984, 'sphere': {'center': [-5.367512643805387, 1.052117813699275, 85.55130433213851], 'radius': 12.0}, 'projected_sphere': {'center': [121.10102744618021, 127.62481705668748], 'axes': [173.9307204742421, 173.9307204742421], 'angle': 90.0}, 'model_confidence': 0.7342993512660323, 'model_id': 1, 'model_birth_timestamp': 40910.15789, 'theta': 2.748271068805115, 'phi': -1.6916052077696497, 'norm_pos': [0.3582561594549293, 0.11335755104934675], 'topic': 'pupil.1', 'id': 1, 'method': '3d c++'}"
1582184721.7401412,"{'circle_3d': {'center': [-6.096061686071156, 12.14491382220545, 81.03255527884033], 'normal': [-0.06071242018881406, 0.9243996673755143, -0.3765624211081816], 'radius': 2.292042806305957}, 'confidence': 0.17373179292927446, 'timestamp': 41053.95749, 'diameter_3d': 4.584085612611914, 'ellipse': {'center': [113.33683423012113, 212.81478026752407], 'axes': [8.177809775074952, 35.153767094320514], 'angle': -85.39020643160246}, 'location': [113.33683423012113, 212.81478026752407], 'diameter': 35.153767094320514, 'sphere': {'center': [-5.367512643805387, 1.052117813699275, 85.55130433213851], 'radius': 12.0}, 'projected_sphere': {'center': [121.10102744618021, 127.62481705668748], 'axes': [173.9307204742421, 173.9307204742421], 'angle': 90.0}, 'model_confidence': 0.7342993512660323, 'model_id': 1, 'model_birth_timestamp': 40910.15789, 'theta': 2.7502549875270805, 'phi': -1.7306487436110043, 'norm_pos': [0.35417760696912853, 0.11327174888531633], 'topic': 'pupil.1', 'id': 1, 'method': '3d c++'}"
1582184721.747608,"{'circle_3d': {'center': [-6.52163784483602, 12.15399037760644, 81.14489756526923], 'normal': [-0.09617710008588604, 0.9251560469922636, -0.3672005639057734], 'radius': 2.323689488939781}, 'confidence': 0.11942211010870549, 'timestamp': 41053.96589, 'diameter_3d': 4.647378977879562, 'ellipse': {'center': [110.1530194845452, 212.75751020589644], 'axes': [7.834702818041221, 35.58869244074889], 'angle': -83.2699146405766}, 'location': [110.1530194845452, 212.75751020589644], 'diameter': 35.58869244074889, 'sphere': {'center': [-5.367512643805387, 1.052117813699275, 85.55130433213851], 'radius': 12.0}, 'projected_sphere': {'center': [121.10102744618021, 127.62481705668748], 'axes': [173.9307204742421, 173.9307204742421], 'angle': 90.0}, 'model_confidence': 0.7342993512660323, 'model_id': 1, 'model_birth_timestamp': 40910.15789, 'theta': 2.75224281183953, 'phi': -1.8269617867518793, 'norm_pos': [0.34422818588920373, 0.11351037414209819], 'topic': 'pupil.1', 'id': 1, 'method': '3d c++'}"
1582184721.7549179,"{'circle_3d': {'center': [-6.662175335577949, 12.163040768403285, 81.20720032680396], 'normal': [-0.10788855764771349, 0.9259102462253342, -0.36200866711121316], 'radius': 2.3302571740610634}, 'confidence': 0.11948886726730885, 'timestamp': 41053.97429, 'diameter_3d': 4.660514348122127, 'ellipse': {'center': [109.11921744170081, 212.75752344942666], 'axes': [7.622703934528124, 35.66148151828263], 'angle': -82.58594757040947}, 'location': [109.11921744170081, 212.75752344942666], 'diameter': 35.66148151828263, 'sphere': {'center': [-5.367512643805387, 1.052117813699275, 85.55130433213851], 'radius': 12.0}, 'projected_sphere': {'center': [121.10102744618021, 127.62481705668748], 'axes': [173.9307204742421, 173.9307204742421], 'angle': 90.0}, 'model_confidence': 0.7342993512660323, 'model_id': 1, 'model_birth_timestamp': 40910.15789, 'theta': 2.754234541742467, 'phi': -1.8604425570103242, 'norm_pos': [0.34099755450531505, 0.11351031896072228], 'topic': 'pupil.1', 'id': 1, 'method': '3d c++'}"
1582184721.768621,"{'circle_3d': {'center': [-6.068236857189913, 12.079631985362294, 80.87124912193555], 'normal': [-0.05839368444871044, 0.9189595143052515, -0.39000460085024713], 'radius': 2.3219736280203276}, 'confidence': 0.07849552824007543, 'timestamp': 41053.98269, 'diameter_3d': 4.643947256040655, 'ellipse': {'center': [113.45692648362692, 212.4900503512062], 'axes': [8.83141675320266, 35.68412381553315], 'angle': -85.45382619782539}, 'location': [113.45692648362692, 212.4900503512062], 'diameter': 35.68412381553315, 'sphere': {'center': [-5.367512643805387, 1.052117813699275, 85.55130433213851], 'radius': 12.0}, 'projected_sphere': {'center': [121.10102744618021, 127.62481705668748], 'axes': [173.9307204742421, 173.9307204742421], 'angle': 90.0}, 'model_confidence': 0.7342993512660323, 'model_id': 1, 'model_birth_timestamp': 40910.15789, 'theta': 2.7362301772358872, 'phi': -1.7194179307995685, 'norm_pos': [0.3545528952613341, 0.11462479020330751], 'topic': 'pupil.1', 'id': 1, 'method': '3d c++'}"
1582184721.775973,"{'circle_3d': {'center': [-6.69226704446795, 12.187309231487522, 81.27900543492402], 'normal': [-0.11039620005521357, 0.9279326181490203, -0.35602490810120807], 'radius': 2.3344810716497815}, 'confidence': 0.14629711562294898, 'timestamp': 41053.99109, 'diameter_3d': 4.668962143299563, 'ellipse': {'center': [108.9343944497111, 212.86328218000494], 'axes': [7.392211618272289, 35.694559534977955], 'angle': -82.47307006320966}, 'location': [108.9343944497111, 212.86328218000494], 'diameter': 35.694559534977955, 'sphere': {'center': [-5.367512643805387, 1.052117813699275, 85.55130433213851], 'radius': 12.0}, 'projected_sphere': {'center': [121.10102744618021, 127.62481705668748], 'axes': [173.9307204742421, 173.9307204742421], 'angle': 90.0}, 'model_confidence': 0.7342993512660323, 'model_id': 1, 'model_birth_timestamp': 40910.15789, 'theta': 2.7596239881389435, 'phi': -1.8714749723899746, 'norm_pos': [0.34041998265534723, 0.11306965758331278], 'topic': 'pupil.1', 'id': 1, 'method': '3d c++'}"
1582184721.7862551,"{'circle_3d': {'center': [-7.280838437677303, 11.687060164176106, 80.3323786181109], 'normal': [-0.15944381615599304, 0.8862451958730694, -0.4349104761689684], 'radius': 2.276204182914437}, 'confidence': 0.026016113165599118, 'timestamp': 41053.99949, 'diameter_3d': 4.552408365828874, 'ellipse': {'center': [103.80490352094482, 210.0667323265801], 'axes': [10.231226343298232, 35.20927573409149], 'angle': -78.76164622681083}, 'location': [103.80490352094482, 210.0667323265801], 'diameter': 35.20927573409149, 'sphere': {'center': [-5.367512643805387, 1.052117813699275, 85.55130433213851], 'radius': 12.0}, 'projected_sphere': {'center': [121.10102744618021, 127.62481705668748], 'axes': [173.9307204742421, 173.9307204742421], 'angle': 90.0}, 'model_confidence': 0.7342993512660323, 'model_id': 1, 'model_birth_timestamp': 40910.15789, 'theta': 2.659971615079452, 'phi': -1.9221937764374997, 'norm_pos': [0.32439032350295255, 0.12472194863924957], 'topic': 'pupil.1', 'id': 1, 'method': '3d c++'}"
1582184721.791379,"{'circle_3d': {'center': [-8.149057611701624, 11.202285547056722, 79.78614149174273], 'normal': [-0.23179541399135306, 0.8458473111131206, -0.4804302366996491], 'radius': 2.3579451847958888}, 'confidence': 0.15867129651616044, 'timestamp': 41054.00789, 'diameter_3d': 4.7158903695917775, 'ellipse': {'center': [96.69329572498368, 206.88873874417058], 'axes': [12.374296045311988, 36.71840018079215], 'angle': -73.50127374036659}, 'location': [96.69329572498368, 206.88873874417058], 'diameter': 36.71840018079215, 'sphere': {'center': [-5.367512643805387, 1.052117813699275, 85.55130433213851], 'radius': 12.0}, 'projected_sphere': {'center': [121.10102744618021, 127.62481705668748], 'axes': [173.9307204742421, 173.9307204742421], 'angle': 90.0}, 'model_confidence': 0.7342993512660323, 'model_id': 1, 'model_birth_timestamp': 40910.15789, 'theta': 2.5789479341581343, 'phi': -2.0203256221800747, 'norm_pos': [0.302166549140574, 0.13796358856595592], 'topic': 'pupil.1', 'id': 1, 'method': '3d c++'}"
1582184721.803701,"{'circle_3d': {'center': [-8.140028746901406, 11.1828639827412, 79.74775916418164], 'normal': [-0.23104300859133498, 0.8442288474201607, -0.48362876399640603], 'radius': 2.334747524087331}, 'confidence': 0.1967899524729918, 'timestamp': 41054.01629, 'diameter_3d': 4.669495048174662, 'ellipse': {'center': [96.73307574504915, 206.78133364284378], 'axes': [12.391221999401274, 36.37438858638271], 'angle': -73.50634749287514}, 'location': [96.73307574504915, 206.78133364284378], 'diameter': 36.37438858638271, 'sphere': {'center': [-5.367512643805387, 1.052117813699275, 85.55130433213851], 'radius': 12.0}, 'projected_sphere': {'center': [121.10102744618021, 127.62481705668748], 'axes': [173.9307204742421, 173.9307204742421], 'angle': 90.0}, 'model_confidence': 0.7342993512660323, 'model_id': 1, 'model_birth_timestamp': 40910.15789, 'theta': 2.5759210959534453, 'phi': -2.016468122768913, 'norm_pos': [0.30229086170327857, 0.1384111098214843], 'topic': 'pupil.1', 'id': 1, 'method': '3d c++'}"
1582184721.808766,"{'circle_3d': {'center': [-7.689972958424394, 12.031308572083233, 81.30118099533568], 'normal': [-0.19353835955158394, 0.9149325631986632, -0.3541769447335692], 'radius': 2.351040952154118}, 'confidence': 0.1589901340663887, 'timestamp': 41054.02469, 'diameter_3d': 4.702081904308236, 'ellipse': {'center': [101.3491773668052, 211.6493630215868], 'axes': [7.181342457719361, 35.933661051493665], 'angle': -77.3652455934325}, 'location': [101.3491773668052, 211.6493630215868], 'diameter': 35.933661051493665, 'sphere': {'center': [-5.367512643805387, 1.052117813699275, 85.55130433213851], 'radius': 12.0}, 'projected_sphere': {'center': [121.10102744618021, 127.62481705668748], 'axes': [173.9307204742421, 173.9307204742421], 'angle': 90.0}, 'model_confidence': 0.7342993512660323, 'model_id': 1, 'model_birth_timestamp': 40910.15789, 'theta': 2.726137130411913, 'phi': -2.0709063767627693, 'norm_pos': [0.3167161792712662, 0.11812765407672166], 'topic': 'pupil.1', 'id': 1, 'method': '3d c++'}"
1582184721.815119,"{'circle_3d': {'center': [-8.187824012901869, 11.241248882035027, 79.87438158705731], 'normal': [-0.2350259474247068, 0.8490942556946459, -0.4730768954234333], 'radius': 2.3244295102676986}, 'confidence': 0.2115739288785165, 'timestamp': 41054.03309, 'diameter_3d': 4.648859020535397, 'ellipse': {'center': [96.46117964598686, 207.10303832917228], 'axes': [11.87803838340407, 36.15611551004724], 'angle': -73.38882439907707}, 'location': [96.46117964598686, 207.10303832917228], 'diameter': 36.15611551004724, 'sphere': {'center': [-5.367512643805387, 1.052117813699275, 85.55130433213851], 'radius': 12.0}, 'projected_sphere': {'center': [121.10102744618021, 127.62481705668748], 'axes': [173.9307204742421, 173.9307204742421], 'angle': 90.0}, 'model_confidence': 0.7342993512660323, 'model_id': 1, 'model_birth_timestamp': 40910.15789, 'theta': 2.585064609369459, 'phi': -2.031882942017485, 'norm_pos': [0.3014411863937089, 0.13707067362844882], 'topic': 'pupil.1', 'id': 1, 'method': '3d c++'}"
1582184721.823104,"{'circle_3d': {'center': [-8.295317110685136, 11.306596979136568, 80.04915765567381], 'normal': [-0.2439837055733123, 0.8545399304531073, -0.4585122230387252], 'radius': 2.3198314292935955}, 'confidence': 0.1637668588959168, 'timestamp': 41054.04149, 'diameter_3d': 4.639662858587191, 'ellipse': {'center': [95.76641761195168, 207.42628349816022], 'axes': [11.220083278605978, 36.00548819356616], 'angle': -72.99490123516475}, 'location': [95.76641761195168, 207.42628349816022], 'diameter': 36.00548819356616, 'sphere': {'center': [-5.367512643805387, 1.052117813699275, 85.55130433213851], 'radius': 12.0}, 'projected_sphere': {'center': [121.10102744618021, 127.62481705668748], 'axes': [173.9307204742421, 173.9307204742421], 'angle': 90.0}, 'model_confidence': 0.7342993512660323, 'model_id': 1, 'model_birth_timestamp': 40910.15789, 'theta': 2.5954607242809, 'phi': -2.059808848907671, 'norm_pos': [0.299270055037349, 0.13572381875766582], 'topic': 'pupil.1', 'id': 1, 'method': '3d c++'}"
1582184721.835839,"{'circle_3d': {'center': [-8.363244454550056, 11.241437266535787, 79.96530755393144], 'normal': [-0.24964431756205585, 0.8491099544030429, -0.4654997315172565], 'radius': 2.325119875005244}, 'confidence': 0.20018975193359573, 'timestamp': 41054.04989, 'diameter_3d': 4.650239750010488, 'ellipse': {'center': [95.17471981743947, 207.0093706073912], 'axes': [11.52757457989935, 36.12487170832473], 'angle': -72.52233407939605}, 'location': [95.17471981743947, 207.0093706073912], 'diameter': 36.12487170832473, 'sphere': {'center': [-5.367512643805387, 1.052117813699275, 85.55130433213851], 'radius': 12.0}, 'projected_sphere': {'center': [121.10102744618021, 127.62481705668748], 'axes': [173.9307204742421, 173.9307204742421], 'angle': 90.0}, 'model_confidence': 0.7342993512660323, 'model_id': 1, 'model_birth_timestamp': 40910.15789, 'theta': 2.585094328895935, 'phi': -2.0630551763396845, 'norm_pos': [0.29742099942949835, 0.1374609558025367], 'topic': 'pupil.1', 'id': 1, 'method': '3d c++'}"
1582184721.839356,"{'circle_3d': {'center': [-7.0553964725368274, 11.97875885487479, 80.88658957794338], 'normal': [-0.14065698572762003, 0.9105534200979597, -0.388726229516261], 'radius': 2.3757535159065797}, 'confidence': 0.17957177680880526, 'timestamp': 41054.05829, 'diameter_3d': 4.751507031813159, 'ellipse': {'center': [105.90964486084451, 211.69565536052463], 'axes': [8.79001796187172, 36.50029221516481], 'angle': -80.36000235058408}, 'location': [105.90964486084451, 211.69565536052463], 'diameter': 36.50029221516481, 'sphere': {'center': [-5.367512643805387, 1.052117813699275, 85.55130433213851], 'radius': 12.0}, 'projected_sphere': {'center': [121.10102744618021, 127.62481705668748], 'axes': [173.9307204742421, 173.9307204742421], 'angle': 90.0}, 'model_confidence': 0.7342993512660323, 'model_id': 1, 'model_birth_timestamp': 40910.15789, 'theta': 2.7154171524962654, 'phi': -1.9179804989636458, 'norm_pos': [0.3309676401901391, 0.11793476933114744], 'topic': 'pupil.1', 'id': 1, 'method': '3d c++'}"
1582184721.851529,"{'circle_3d': {'center': [-8.19275076296349, 11.246215272823434, 79.88575876582857], 'normal': [-0.23543650992984197, 0.8495081215936802, -0.4721287971924955], 'radius': 2.318717920909499}, 'confidence': 0.18726674929051762, 'timestamp': 41054.06669, 'diameter_3d': 4.637435841818998, 'ellipse': {'center': [96.43182559635748, 207.13035577738657], 'axes': [11.807754709123548, 36.062072641729195], 'angle': -73.3746759457423}, 'location': [96.43182559635748, 207.13035577738657], 'diameter': 36.062072641729195, 'sphere': {'center': [-5.367512643805387, 1.052117813699275, 85.55130433213851], 'radius': 12.0}, 'projected_sphere': {'center': [121.10102744618021, 127.62481705668748], 'axes': [173.9307204742421, 173.9307204742421], 'angle': 90.0}, 'model_confidence': 0.7342993512660323, 'model_id': 1, 'model_birth_timestamp': 40910.15789, 'theta': 2.5858485821844046, 'phi': -2.0333794421664715, 'norm_pos': [0.30134945498861715, 0.13695685092755594], 'topic': 'pupil.1', 'id': 1, 'method': '3d c++'}"
1582184721.860121,"{'circle_3d': {'center': [-8.229005305435729, 11.243335038440971, 79.8987870853215], 'normal': [-0.23845772180252858, 0.8492681020618084, -0.4710431039014179], 'radius': 2.3256322409846693}, 'confidence': 0.2366965030818032, 'timestamp': 41054.07509, 'diameter_3d': 4.6512644819693385, 'ellipse': {'center': [96.16133771955266, 207.0935079166571], 'axes': [11.790100982528537, 36.163591415887176], 'angle': -73.18879837497916}, 'location': [96.16133771955266, 207.0935079166571], 'diameter': 36.163591415887176, 'sphere': {'center': [-5.367512643805387, 1.052117813699275, 85.55130433213851], 'radius': 12.0}, 'projected_sphere': {'center': [121.10102744618021, 127.62481705668748], 'axes': [173.9307204742421, 173.9307204742421], 'angle': 90.0}, 'model_confidence': 0.7342993512660323, 'model_id': 1, 'model_birth_timestamp': 40910.15789, 'theta': 2.5853938005063224, 'phi': -2.039418160916311, 'norm_pos': [0.30050418037360205, 0.13711038368059536], 'topic': 'pupil.1', 'id': 1, 'method': '3d c++'}"
1582184721.868194,"{'circle_3d': {'center': [-8.304366718589716, 11.245277964572082, 79.94110163686258], 'normal': [-0.24473783956536074, 0.849430012572734, -0.4675168912729943], 'radius': 2.3180391161524954}, 'confidence': 0.17543450937655136, 'timestamp': 41054.08349, 'diameter_3d': 4.636078232304991, 'ellipse': {'center': [95.61108158224472, 207.06529709217904], 'axes': [11.588493477263428, 36.025997469053046], 'angle': -72.82035828970216}, 'location': [95.61108158224472, 207.06529709217904], 'diameter': 36.025997469053046, 'sphere': {'center': [-5.367512643805387, 1.052117813699275, 85.55130433213851], 'radius': 12.0}, 'projected_sphere': {'center': [121.10102744618021, 127.62481705668748], 'axes': [173.9307204742421, 173.9307204742421], 'angle': 90.0}, 'model_confidence': 0.7342993512660323, 'model_id': 1, 'model_birth_timestamp': 40910.15789, 'theta': 2.5857005470558816, 'phi': -2.053054531451984, 'norm_pos': [0.29878462994451477, 0.13722792878258738], 'topic': 'pupil.1', 'id': 1, 'method': '3d c++'}"
1582184721.875901,"{'circle_3d': {'center': [-6.9440695967913015, 11.927362791595034, 80.73015147781571], 'normal': [-0.1313797460821595, 0.9062704148246463, -0.40176273786023364], 'radius': 2.3250463454927863}, 'confidence': 0.16896717414737933, 'timestamp': 41054.09189, 'diameter_3d': 4.650092690985573, 'ellipse': {'center': [106.66023910302589, 211.47741231065783], 'axes': [9.152164603413238, 35.79020801637549], 'angle': -80.83320330368184}, 'location': [106.66023910302589, 211.47741231065783], 'diameter': 35.79020801637549, 'sphere': {'center': [-5.367512643805387, 1.052117813699275, 85.55130433213851], 'radius': 12.0}, 'projected_sphere': {'center': [121.10102744618021, 127.62481705668748], 'axes': [173.9307204742421, 173.9307204742421], 'angle': 90.0}, 'model_confidence': 0.7342993512660323, 'model_id': 1, 'model_birth_timestamp': 40910.15789, 'theta': 2.70517191878721, 'phi': -1.8868435822530334, 'norm_pos': [0.3333132471969559, 0.11884411537225903], 'topic': 'pupil.1', 'id': 1, 'method': '3d c++'}"
1582184721.883552,"{'circle_3d': {'center': [-7.261492204035279, 11.983026353929468, 80.97658249244661], 'normal': [-0.15783163001915762, 0.9109090450191825, -0.3812268199743253], 'radius': 2.314230730265054}, 'confidence': 0.19851790168503805, 'timestamp': 41054.10029, 'diameter_3d': 4.628461460530108, 'ellipse': {'center': [104.39378726914876, 211.63657171840273], 'axes': [8.222356387138058, 35.51407147030413], 'angle': -79.35208398772717}, 'location': [104.39378726914876, 211.63657171840273], 'diameter': 35.51407147030413, 'sphere': {'center': [-5.367512643805387, 1.052117813699275, 85.55130433213851], 'radius': 12.0}, 'projected_sphere': {'center': [121.10102744618021, 127.62481705668748], 'axes': [173.9307204742421, 173.9307204742421], 'angle': 90.0}, 'model_confidence': 0.7342993512660323, 'model_id': 1, 'model_birth_timestamp': 40910.15789, 'theta': 2.716278231156059, 'phi': -1.9633214526876657, 'norm_pos': [0.3262305852160899, 0.11818095117332195], 'topic': 'pupil.1', 'id': 1, 'method': '3d c++'}"
1582184721.891188,"{'circle_3d': {'center': [-8.350979789844384, 11.246659172885959, 79.96827197827041], 'normal': [-0.24862226216991645, 0.849545113265557, -0.46525269615567555], 'radius': 2.3194418660393876}, 'confidence': 0.17561896390620962, 'timestamp': 41054.10869, 'diameter_3d': 4.638883732078775, 'ellipse': {'center': [95.27189469545955, 207.04741179719423], 'axes': [11.491273964037559, 36.03534070050654], 'angle': -72.59382462850823}, 'location': [95.27189469545955, 207.04741179719423], 'diameter': 36.03534070050654, 'sphere': {'center': [-5.367512643805387, 1.052117813699275, 85.55130433213851], 'radius': 12.0}, 'projected_sphere': {'center': [121.10102744618021, 127.62481705668748], 'axes': [173.9307204742421, 173.9307204742421], 'angle': 90.0}, 'model_confidence': 0.7342993512660323, 'model_id': 1, 'model_birth_timestamp': 40910.15789, 'theta': 2.58591870249419, 'phi': -2.0615690578675996, 'norm_pos': [0.2977246709233111, 0.13730245084502402], 'topic': 'pupil.1', 'id': 1, 'method': '3d c++'}"
1582184721.900477,"{'circle_3d': {'center': [-7.236401808998142, 11.982969082765955, 80.96613870571143], 'normal': [-0.1557407637660629, 0.9109042724222234, -0.38209713553559044], 'radius': 2.3163998440977775}, 'confidence': 0.1850014105784054, 'timestamp': 41054.11709, 'diameter_3d': 4.632799688195555, 'ellipse': {'center': [104.57855183751259, 211.6472852767257], 'axes': [8.269670797060279, 35.55206992569925], 'angle': -79.47501378623448}, 'location': [104.57855183751259, 211.6472852767257], 'diameter': 35.55206992569925, 'sphere': {'center': [-5.367512643805387, 1.052117813699275, 85.55130433213851], 'radius': 12.0}, 'projected_sphere': {'center': [121.10102744618021, 127.62481705668748], 'axes': [173.9307204742421, 173.9307204742421], 'angle': 90.0}, 'model_confidence': 0.7342993512660323, 'model_id': 1, 'model_birth_timestamp': 40910.15789, 'theta': 2.716266664378066, 'phi': -1.9578326569570184, 'norm_pos': [0.32680797449222687, 0.11813631134697622], 'topic': 'pupil.1', 'id': 1, 'method': '3d c++'}"
1582184721.9101639,"{'circle_3d': {'center': [-8.331046355487825, 11.256639415615819, 79.97589342210324], 'normal': [-0.2469611426402031, 0.850376800159712, -0.4646175758362728], 'radius': 2.323094561205317}, 'confidence': 0.1879381718617374, 'timestamp': 41054.12549, 'diameter_3d': 4.646189122410634, 'ellipse': {'center': [95.43223523064484, 207.1162009575292], 'axes': [11.486333565318187, 36.08882595785701], 'angle': -72.71318193697654}, 'location': [95.43223523064484, 207.1162009575292], 'diameter': 36.08882595785701, 'sphere': {'center': [-5.367512643805387, 1.052117813699275, 85.55130433213851], 'radius': 12.0}, 'projected_sphere': {'center': [121.10102744618021, 127.62481705668748], 'axes': [173.9307204742421, 173.9307204742421], 'angle': 90.0}, 'model_confidence': 0.7342993512660323, 'model_id': 1, 'model_birth_timestamp': 40910.15789, 'theta': 2.5874973196948186, 'phi': -2.059353594354708, 'norm_pos': [0.2982257350957651, 0.13701582934362833], 'topic': 'pupil.1', 'id': 1, 'method': '3d c++'}"
1582184721.918124,"{'circle_3d': {'center': [-8.316613905566822, 11.25356192716717, 79.96262472532007], 'normal': [-0.24575843848011955, 0.8501203427889911, -0.46572330056820377], 'radius': 2.3121850101446113}, 'confidence': 0.23899112700879446, 'timestamp': 41054.13389, 'diameter_3d': 4.624370020289223, 'ellipse': {'center': [95.53323838426908, 207.1076613213752], 'axes': [11.481475673467516, 35.9252554867524], 'angle': -72.77764329056791}, 'location': [95.53323838426908, 207.1076613213752], 'diameter': 35.9252554867524, 'sphere': {'center': [-5.367512643805387, 1.052117813699275, 85.55130433213851], 'radius': 12.0}, 'projected_sphere': {'center': [121.10102744618021, 127.62481705668748], 'axes': [173.9307204742421, 173.9307204742421], 'angle': 90.0}, 'model_confidence': 0.7342993512660323, 'model_id': 1, 'model_birth_timestamp': 40910.15789, 'theta': 2.587010111373132, 'phi': -2.05635129178079, 'norm_pos': [0.2985413699508409, 0.13705141116093666], 'topic': 'pupil.1', 'id': 1, 'method': '3d c++'}"
1582184721.924039,"{'circle_3d': {'center': [-6.955976010405626, 11.938053997001582, 80.75827005873313], 'normal': [-0.13237194721668658, 0.9071613486085255, -0.39941952278378184], 'radius': 2.2882290059768766}, 'confidence': 0.2513040107518417, 'timestamp': 41054.14229, 'diameter_3d': 4.576458011953753, 'ellipse': {'center': [106.58763348194896, 211.53261969193045], 'axes': [8.910955157354433, 35.21079832044791], 'angle': -80.79022866285071}, 'location': [106.58763348194896, 211.53261969193045], 'diameter': 35.21079832044791, 'sphere': {'center': [-5.367512643805387, 1.052117813699275, 85.55130433213851], 'radius': 12.0}, 'projected_sphere': {'center': [121.10102744618021, 127.62481705668748], 'axes': [173.9307204742421, 173.9307204742421], 'angle': 90.0}, 'model_confidence': 0.7342993512660323, 'model_id': 1, 'model_birth_timestamp': 40910.15789, 'theta': 2.7072844336863815, 'phi': -1.8908156125897984, 'norm_pos': [0.3330863546310905, 0.11861408461695644], 'topic': 'pupil.1', 'id': 1, 'method': '3d c++'}"
1582184721.936369,"{'circle_3d': {'center': [-7.265672207191944, 11.943527504529253, 80.88502259842173], 'normal': [-0.15817996361554643, 0.9076174742358316, -0.3888568111430656], 'radius': 2.35268430588329}, 'confidence': 0.14253623182843794, 'timestamp': 41054.15069, 'diameter_3d': 4.70536861176658, 'ellipse': {'center': [104.29942342325867, 211.43007301150874], 'axes': [8.669569804246326, 36.145332491866334], 'angle': -79.26510613070509}, 'location': [104.29942342325867, 211.43007301150874], 'diameter': 36.145332491866334, 'sphere': {'center': [-5.367512643805387, 1.052117813699275, 85.55130433213851], 'radius': 12.0}, 'projected_sphere': {'center': [121.10102744618021, 127.62481705668748], 'axes': [173.9307204742421, 173.9307204742421], 'angle': 90.0}, 'model_confidence': 0.7342993512660323, 'model_id': 1, 'model_birth_timestamp': 40910.15789, 'theta': 2.708369696162425, 'phi': -1.9571355755795634, 'norm_pos': [0.32593569819768337, 0.11904136245204688], 'topic': 'pupil.1', 'id': 1, 'method': '3d c++'}"
1582184721.9518342,"{'circle_3d': {'center': [-8.066856031753545, 11.200605218632631, 79.74426130957966], 'normal': [-0.22494528232901326, 0.8457072837444467, -0.48392025187990506], 'radius': 2.3315186360984126}, 'confidence': 0.20929625383957798, 'timestamp': 41054.15909, 'diameter_3d': 4.663037272196825, 'ellipse': {'center': [97.29801617799276, 206.9230731879684], 'axes': [12.40048255180577, 36.32607634774391], 'angle': -73.9098137690668}, 'location': [97.29801617799276, 206.9230731879684], 'diameter': 36.32607634774391, 'sphere': {'center': [-5.367512643805387, 1.052117813699275, 85.55130433213851], 'radius': 12.0}, 'projected_sphere': {'center': [121.10102744618021, 127.62481705668748], 'axes': [173.9307204742421, 173.9307204742421], 'angle': 90.0}, 'model_confidence': 0.7342993512660323, 'model_id': 1, 'model_birth_timestamp': 40910.15789, 'theta': 2.5786854826130745, 'phi': -2.0059220843060657, 'norm_pos': [0.3040563005562274, 0.13782052838346492], 'topic': 'pupil.1', 'id': 1, 'method': '3d c++'}"
1582184721.95456,"{'circle_3d': {'center': [-8.292928819020446, 11.201834257797476, 79.85699170406893], 'normal': [-0.24378468126792155, 0.84580970367485, -0.47452605233913187], 'radius': 2.345047582353176}, 'confidence': 0.20956228150186088, 'timestamp': 41054.16749, 'diameter_3d': 4.690095164706352, 'ellipse': {'center': [95.63354853040701, 206.81310172054356], 'axes': [12.025601950763107, 36.48430251969976], 'angle': -72.78450042815216}, 'location': [95.63354853040701, 206.81310172054356], 'diameter': 36.48430251969976, 'sphere': {'center': [-5.367512643805387, 1.052117813699275, 85.55130433213851], 'radius': 12.0}, 'projected_sphere': {'center': [121.10102744618021, 127.62481705668748], 'axes': [173.9307204742421, 173.9307204742421], 'angle': 90.0}, 'model_confidence': 0.7342993512660323, 'model_id': 1, 'model_birth_timestamp': 40910.15789, 'theta': 2.578877436281074, 'phi': -2.045378198165153, 'norm_pos': [0.2988548391575219, 0.13827874283106856], 'topic': 'pupil.1', 'id': 1, 'method': '3d c++'}"
1582184721.960617,"{'circle_3d': {'center': [-7.770856265428103, 11.790915871383842, 80.76568465307128], 'normal': [-0.20027863513522629, 0.8948998381403804, -0.39880163992226986], 'radius': 2.316816901183125}, 'confidence': 0.1964075921118851, 'timestamp': 41054.17589, 'diameter_3d': 4.63363380236625, 'ellipse': {'center': [100.3462765947652, 210.39376615717902], 'axes': [8.84382852905327, 35.6438369318104], 'angle': -76.5232314304021}, 'location': [100.3462765947652, 210.39376615717902], 'diameter': 35.6438369318104, 'sphere': {'center': [-5.367512643805387, 1.052117813699275, 85.55130433213851], 'radius': 12.0}, 'projected_sphere': {'center': [121.10102744618021, 127.62481705668748], 'axes': [173.9307204742421, 173.9307204742421], 'angle': 90.0}, 'model_confidence': 0.7342993512660323, 'model_id': 1, 'model_birth_timestamp': 40910.15789, 'theta': 2.679003035265981, 'phi': -2.036203290795938, 'norm_pos': [0.31358211435864125, 0.12335930767842074], 'topic': 'pupil.1', 'id': 1, 'method': '3d c++'}"
1582184721.967734,"{'circle_3d': {'center': [-7.639078813385554, 11.803363450238685, 80.72940590931674], 'normal': [-0.1892971807983473, 0.8959371363782843, -0.4018248685684814], 'radius': 2.3279441878250107}, 'confidence': 0.2600520667676726, 'timestamp': 41054.18429, 'diameter_3d': 4.655888375650021, 'ellipse': {'center': [101.330354919045, 210.527080735127], 'axes': [9.034215023947741, 35.83186754577565], 'angle': -77.1884517637163}, 'location': [101.330354919045, 210.527080735127], 'diameter': 35.83186754577565, 'sphere': {'center': [-5.367512643805387, 1.052117813699275, 85.55130433213851], 'radius': 12.0}, 'projected_sphere': {'center': [121.10102744618021, 127.62481705668748], 'axes': [173.9307204742421, 173.9307204742421], 'angle': 90.0}, 'model_confidence': 0.7342993512660323, 'model_id': 1, 'model_birth_timestamp': 40910.15789, 'theta': 2.6813328689205944, 'phi': -2.0110526854319524, 'norm_pos': [0.31665735912201565, 0.12280383027030417], 'topic': 'pupil.1', 'id': 1, 'method': '3d c++'}"
1582184721.9758568,"{'circle_3d': {'center': [-7.575279436867104, 11.85562511539316, 80.81738462752787], 'normal': [-0.18398056608847646, 0.9002922751411572, -0.39449330871755356], 'radius': 2.355236240345043}, 'confidence': 0.24526081540380182, 'timestamp': 41054.19269, 'diameter_3d': 4.710472480690086, 'ellipse': {'center': [101.88189913698565, 210.82993433790472], 'axes': [8.850852096103553, 36.213239681642285], 'angle': -77.59498253706057}, 'location': [101.88189913698565, 210.82993433790472], 'diameter': 36.213239681642285, 'sphere': {'center': [-5.367512643805387, 1.052117813699275, 85.55130433213851], 'radius': 12.0}, 'projected_sphere': {'center': [121.10102744618021, 127.62481705668748], 'axes': [173.9307204742421, 173.9307204742421], 'angle': 90.0}, 'model_confidence': 0.7342993512660323, 'model_id': 1, 'model_birth_timestamp': 40910.15789, 'theta': 2.6912368318056945, 'phi': -2.0071813483939205, 'norm_pos': [0.31838093480308016, 0.12154194025873033], 'topic': 'pupil.1', 'id': 1, 'method': '3d c++'}"
1582184721.983604,"{'circle_3d': {'center': [-8.203050973737751, 11.217124395532107, 79.8388299496332], 'normal': [-0.23629486082769702, 0.8470838818194026, -0.4760395318754434], 'radius': 2.3401190609784295}, 'confidence': 0.2220743512679303, 'timestamp': 41054.20109, 'diameter_3d': 4.680238121956859, 'ellipse': {'center': [96.31562113799686, 206.95118942746615], 'axes': [12.082130342677623, 36.4163644506368], 'angle': -73.26285632226319}, 'location': [96.31562113799686, 206.95118942746615], 'diameter': 36.4163644506368, 'sphere': {'center': [-5.367512643805387, 1.052117813699275, 85.55130433213851], 'radius': 12.0}, 'projected_sphere': {'center': [121.10102744618021, 127.62481705668748], 'axes': [173.9307204742421, 173.9307204742421], 'angle': 90.0}, 'model_confidence': 0.7342993512660323, 'model_id': 1, 'model_birth_timestamp': 40910.15789, 'theta': 2.581270383921179, 'phi': -2.0315409770064017, 'norm_pos': [0.30098631605624016, 0.1377033773855577], 'topic': 'pupil.1', 'id': 1, 'method': '3d c++'}"
1582184721.9912682,"{'circle_3d': {'center': [-8.222106283050444, 11.207637406088793, 79.83145145261668], 'normal': [-0.2378828032704214, 0.8462932993657932, -0.4766544066268199], 'radius': 2.333251042410721}, 'confidence': 0.23501498912237978, 'timestamp': 41054.20949, 'diameter_3d': 4.666502084821442, 'ellipse': {'center': [96.16205135737134, 206.8862898966819], 'axes': [12.069256925465567, 36.31263880325442], 'angle': -73.14823566759125}, 'location': [96.16205135737134, 206.8862898966819], 'diameter': 36.31263880325442, 'sphere': {'center': [-5.367512643805387, 1.052117813699275, 85.55130433213851], 'radius': 12.0}, 'projected_sphere': {'center': [121.10102744618021, 127.62481705668748], 'axes': [173.9307204742421, 173.9307204742421], 'angle': 90.0}, 'model_confidence': 0.7342993512660323, 'model_id': 1, 'model_birth_timestamp': 40910.15789, 'theta': 2.5797845733511204, 'phi': -2.033697792262868, 'norm_pos': [0.30050641049178545, 0.13797379209715877], 'topic': 'pupil.1', 'id': 1, 'method': '3d c++'}"
1582184722.000622,"{'circle_3d': {'center': [-8.243517377177401, 11.20829146904056, 79.84335080603361], 'normal': [-0.23966706111433453, 0.8463478046117738, -0.4756627938420752], 'radius': 2.322529018273454}, 'confidence': 0.2238391517339174, 'timestamp': 41054.21789, 'diameter_3d': 4.645058036546908, 'ellipse': {'center': [96.00530483838534, 206.88036796848212], 'axes': [11.967551420950684, 36.14017046625429], 'angle': -73.04321812399027}, 'location': [96.00530483838534, 206.88036796848212], 'diameter': 36.14017046625429, 'sphere': {'center': [-5.367512643805387, 1.052117813699275, 85.55130433213851], 'radius': 12.0}, 'projected_sphere': {'center': [121.10102744618021, 127.62481705668748], 'axes': [173.9307204742421, 173.9307204742421], 'angle': 90.0}, 'model_confidence': 0.7342993512660323, 'model_id': 1, 'model_birth_timestamp': 40910.15789, 'theta': 2.5798868971976363, 'phi': -2.0375265045770363, 'norm_pos': [0.3000165776199542, 0.13799846679799121], 'topic': 'pupil.1', 'id': 1, 'method': '3d c++'}"
1582184722.0079281,"{'circle_3d': {'center': [-7.646786727920644, 11.737648208050963, 80.58901153133898], 'normal': [-0.18993950700960474, 0.890460866195974, -0.4135244000666276], 'radius': 2.361687097409126}, 'confidence': 0.25445649896254535, 'timestamp': 41054.22629, 'diameter_3d': 4.723374194818252, 'ellipse': {'center': [101.17048149781519, 210.17004356235444], 'axes': [9.649202461973546, 36.41468114532476], 'angle': -77.03056343813725}, 'location': [101.17048149781519, 210.17004356235444], 'diameter': 36.41468114532476, 'sphere': {'center': [-5.367512643805387, 1.052117813699275, 85.55130433213851], 'radius': 12.0}, 'projected_sphere': {'center': [121.10102744618021, 127.62481705668748], 'axes': [173.9307204742421, 173.9307204742421], 'angle': 90.0}, 'model_confidence': 0.7342993512660323, 'model_id': 1, 'model_birth_timestamp': 40910.15789, 'theta': 2.6691532545206162, 'phi': -2.0013726420423117, 'norm_pos': [0.3161577546806725, 0.12429148515685651], 'topic': 'pupil.1', 'id': 1, 'method': '3d c++'}"
1582184722.019475,"{'circle_3d': {'center': [-7.661088678839398, 11.699138449219951, 80.51340193547435], 'normal': [-0.1911313362528343, 0.8872517196267231, -0.4198251997220138], 'radius': 2.3278995620971483}, 'confidence': 0.28283814694183784, 'timestamp': 41054.23469, 'diameter_3d': 4.655799124194297, 'ellipse': {'center': [101.00612813539536, 209.9590525948695], 'axes': [9.767282199051214, 35.926863089824025], 'angle': -76.8897607228358}, 'location': [101.00612813539536, 209.9590525948695], 'diameter': 35.926863089824025, 'sphere': {'center': [-5.367512643805387, 1.052117813699275, 85.55130433213851], 'radius': 12.0}, 'projected_sphere': {'center': [121.10102744618021, 127.62481705668748], 'axes': [173.9307204742421, 173.9307204742421], 'angle': 90.0}, 'model_confidence': 0.7342993512660323, 'model_id': 1, 'model_birth_timestamp': 40910.15789, 'theta': 2.662149054079275, 'phi': -1.9980192376168837, 'norm_pos': [0.3156441504231105, 0.12517061418804376], 'topic': 'pupil.1', 'id': 1, 'method': '3d c++'}"
1582184722.028932,"{'circle_3d': {'center': [-7.629157715110166, 11.701560978929418, 80.50409501985754], 'normal': [-0.1884704226087316, 0.887453597102512, -0.42060077602341417], 'radius': 2.3276785520627277}, 'confidence': 0.26985188211392186, 'timestamp': 41054.24309, 'diameter_3d': 4.655357104125455, 'ellipse': {'center': [101.24491650695259, 209.9876893620877], 'axes': [9.804344082753946, 35.92775380724296], 'angle': -77.05162463845353}, 'location': [101.24491650695259, 209.9876893620877], 'diameter': 35.92775380724296, 'sphere': {'center': [-5.367512643805387, 1.052117813699275, 85.55130433213851], 'radius': 12.0}, 'projected_sphere': {'center': [121.10102744618021, 127.62481705668748], 'axes': [173.9307204742421, 173.9307204742421], 'angle': 90.0}, 'model_confidence': 0.7342993512660323, 'model_id': 1, 'model_birth_timestamp': 40910.15789, 'theta': 2.6625868794313763, 'phi': -1.992067533886725, 'norm_pos': [0.3163903640842268, 0.12505129432463458], 'topic': 'pupil.1', 'id': 1, 'method': '3d c++'}"
1582184722.035891,"{'circle_3d': {'center': [-7.647070527295526, 11.703964792289046, 80.51724316837362], 'normal': [-0.18996315695751156, 0.887653914882481, -0.4195050969804075], 'radius': 2.320349554107124}, 'confidence': 0.2580068734547049, 'timestamp': 41054.25149, 'diameter_3d': 4.640699108214248, 'ellipse': {'center': [101.11665767159661, 209.99288265579239], 'axes': [9.725064100804873, 35.80863262652095], 'angle': -76.96767100459815}, 'location': [101.11665767159661, 209.99288265579239], 'diameter': 35.80863262652095, 'sphere': {'center': [-5.367512643805387, 1.052117813699275, 85.55130433213851], 'radius': 12.0}, 'projected_sphere': {'center': [121.10102744618021, 127.62481705668748], 'axes': [173.9307204742421, 173.9307204742421], 'angle': 90.0}, 'model_confidence': 0.7342993512660323, 'model_id': 1, 'model_birth_timestamp': 40910.15789, 'theta': 2.6630216873040196, 'phi': -1.9959985461962264, 'norm_pos': [0.3159895552237394, 0.1250296556008651], 'topic': 'pupil.1', 'id': 1, 'method': '3d c++'}"
1582184722.043315,"{'circle_3d': {'center': [-8.34905643093489, 11.231022865443233, 79.93879254212767], 'normal': [-0.24846198226079205, 0.8482420876453302, -0.467709315834237], 'radius': 2.3282431060421565}, 'confidence': 0.19961430551636977, 'timestamp': 41054.25989, 'diameter_3d': 4.656486212084313, 'ellipse': {'center': [95.26348504019865, 206.9560446876981], 'axes': [11.639305346659151, 36.18545600690666], 'angle': -72.56973632721545}, 'location': [95.26348504019865, 206.9560446876981], 'diameter': 36.18545600690666, 'sphere': {'center': [-5.367512643805387, 1.052117813699275, 85.55130433213851], 'radius': 12.0}, 'projected_sphere': {'center': [121.10102744618021, 127.62481705668748], 'axes': [173.9307204742421, 173.9307204742421], 'angle': 90.0}, 'model_confidence': 0.7342993512660323, 'model_id': 1, 'model_birth_timestamp': 40910.15789, 'theta': 2.583453477697587, 'phi': -2.059115951174328, 'norm_pos': [0.29769839075062077, 0.1376831471345913], 'topic': 'pupil.1', 'id': 1, 'method': '3d c++'}"
1582184722.051522,"{'circle_3d': {'center': [-7.508972798779066, 11.627971628863083, 80.30102200783011], 'normal': [-0.17845501291447324, 0.8813211512636507, -0.43752352702570013], 'radius': 2.318097021179149}, 'confidence': 0.22964942187556106, 'timestamp': 41054.26829, 'diameter_3d': 4.636194042358298, 'ellipse': {'center': [102.02488909395908, 209.64013583164694], 'axes': [10.484657810322865, 35.87053723732175], 'angle': -77.51670135218957}, 'location': [102.02488909395908, 209.64013583164694], 'diameter': 35.87053723732175, 'sphere': {'center': [-5.367512643805387, 1.052117813699275, 85.55130433213851], 'radius': 12.0}, 'projected_sphere': {'center': [121.10102744618021, 127.62481705668748], 'axes': [173.9307204742421, 173.9307204742421], 'angle': 90.0}, 'model_confidence': 0.7341508625512194, 'model_id': 1, 'model_birth_timestamp': 40910.15789, 'theta': 2.6494472604330612, 'phi': -1.958073212847564, 'norm_pos': [0.3188277784186221, 0.12649943403480435], 'topic': 'pupil.1', 'id': 1, 'method': '3d c++'}"
1582184722.059453,"{'circle_3d': {'center': [-7.388476735387774, 11.657282078411331, 80.31239270289633], 'normal': [-0.1684136742985322, 0.8837636887260047, -0.4365759691035152], 'radius': 2.3286385834224728}, 'confidence': 0.2286813210085468, 'timestamp': 41054.27669, 'diameter_3d': 4.6572771668449455, 'ellipse': {'center': [102.96154467646083, 209.85255785858214], 'axes': [10.515944540559667, 36.02929955415297], 'angle': -78.1708697823491}, 'location': [102.96154467646083, 209.85255785858214], 'diameter': 36.02929955415297, 'sphere': {'center': [-5.367512643805387, 1.052117813699275, 85.55130433213851], 'radius': 12.0}, 'projected_sphere': {'center': [121.10102744618021, 127.62481705668748], 'axes': [173.9307204742421, 173.9307204742421], 'angle': 90.0}, 'model_confidence': 0.7341914065147059, 'model_id': 1, 'model_birth_timestamp': 40910.15789, 'theta': 2.654641643466558, 'phi': -1.9389671475573742, 'norm_pos': [0.3217548271139401, 0.12561434225590773], 'topic': 'pupil.1', 'id': 1, 'method': '3d c++'}"
1582184722.067155,"{'circle_3d': {'center': [-7.519550863318196, 11.654236018785134, 80.3586343958588], 'normal': [-0.1793365182927341, 0.8835098504238216, -0.43272249468997614], 'radius': 2.307406730726906}, 'confidence': 0.2057309460398307, 'timestamp': 41054.28509, 'diameter_3d': 4.614813461453812, 'ellipse': {'center': [101.98435720235159, 209.7819674982825], 'axes': [10.236405127038138, 35.679443185927276], 'angle': -77.51030664661427}, 'location': [101.98435720235159, 209.7819674982825], 'diameter': 35.679443185927276, 'sphere': {'center': [-5.367512643805387, 1.052117813699275, 85.55130433213851], 'radius': 12.0}, 'projected_sphere': {'center': [121.10102744618021, 127.62481705668748], 'axes': [173.9307204742421, 173.9307204742421], 'angle': 90.0}, 'model_confidence': 0.7340455418474612, 'model_id': 1, 'model_birth_timestamp': 40910.15789, 'theta': 2.6540994544045406, 'phi': -1.9636867123942943, 'norm_pos': [0.3187011162573487, 0.12590846875715622], 'topic': 'pupil.1', 'id': 1, 'method': '3d c++'}"
1582184722.075624,"{'circle_3d': {'center': [-7.522850580847013, 11.655817163426672, 80.363233546409], 'normal': [-0.1796114947534688, 0.8836416124772829, -0.4323392321441256], 'radius': 2.314724934751213}, 'confidence': 0.17949142063808227, 'timestamp': 41054.29349, 'diameter_3d': 4.629449869502426, 'ellipse': {'center': [101.96222008227039, 209.7883501126537], 'axes': [10.252471642442254, 35.79062326954345], 'angle': -77.49665834500794}, 'location': [101.96222008227039, 209.7883501126537], 'diameter': 35.79062326954345, 'sphere': {'center': [-5.367512643805387, 1.052117813699275, 85.55130433213851], 'radius': 12.0}, 'projected_sphere': {'center': [121.10102744618021, 127.62481705668748], 'axes': [173.9307204742421, 173.9307204742421], 'angle': 90.0}, 'model_confidence': 0.734179214856634, 'model_id': 1, 'model_birth_timestamp': 40910.15789, 'theta': 2.6543808239371085, 'phi': -1.96454273940096, 'norm_pos': [0.318631937757095, 0.12588187453060962], 'topic': 'pupil.1', 'id': 1, 'method': '3d c++'}"
1582184722.083096,"{'circle_3d': {'center': [-7.534785494250886, 11.657376961334155, 80.3714002014399], 'normal': [-0.18060607087045819, 0.8837715956362397, -0.431658677558218], 'radius': 2.32918039022658}, 'confidence': 0.1784611951280125, 'timestamp': 41054.30189, 'diameter_3d': 4.65836078045316, 'ellipse': {'center': [101.87613149120943, 209.7898994589372], 'axes': [10.286058206955342, 36.01058096944368], 'angle': -77.43997815665115}, 'location': [101.87613149120943, 209.7898994589372], 'diameter': 36.01058096944368, 'sphere': {'center': [-5.367512643805387, 1.052117813699275, 85.55130433213851], 'radius': 12.0}, 'projected_sphere': {'center': [121.10102744618021, 127.62481705668748], 'axes': [173.9307204742421, 173.9307204742421], 'angle': 90.0}, 'model_confidence': 0.7339927219792819, 'model_id': 1, 'model_birth_timestamp': 40910.15789, 'theta': 2.6546585412452637, 'phi': -1.9670636182591483, 'norm_pos': [0.3183629109100295, 0.125875418921095], 'topic': 'pupil.1', 'id': 1, 'method': '3d c++'}"
1582184722.091351,"{'circle_3d': {'center': [-7.494936451555761, 11.658915444652465, 80.35804793964039], 'normal': [-0.17728531731253117, 0.8838998025794326, -0.43277136604151073], 'radius': 2.3369124793697464}, 'confidence': 0.2031122991170289, 'timestamp': 41054.31029, 'diameter_3d': 4.673824958739493, 'ellipse': {'center': [102.17353717152514, 209.81515252661188], 'axes': [10.374221435525909, 36.136393062431814], 'angle': -77.64125515691279}, 'location': [102.17353717152514, 209.81515252661188], 'diameter': 36.136393062431814, 'sphere': {'center': [-5.367512643805387, 1.052117813699275, 85.55130433213851], 'radius': 12.0}, 'projected_sphere': {'center': [121.10102744618021, 127.62481705668748], 'axes': [173.9307204742421, 173.9307204742421], 'angle': 90.0}, 'model_confidence': 0.734081396760411, 'model_id': 1, 'model_birth_timestamp': 40910.15789, 'theta': 2.654932606328525, 'phi': -1.9595949323330495, 'norm_pos': [0.3192923036610161, 0.1257701978057838], 'topic': 'pupil.1', 'id': 1, 'method': '3d c++'}"
1582184722.103808,"{'circle_3d': {'center': [-7.510640934123685, 11.660432645115616, 80.36761283198253], 'normal': [-0.17859402419319148, 0.8840262359513619, -0.43197429167966567], 'radius': 2.3105546528530048}, 'confidence': 0.19269955937045033, 'timestamp': 41054.31869, 'diameter_3d': 4.6211093057060095, 'ellipse': {'center': [102.05936298966185, 209.8196851759663], 'axes': [10.221249783039825, 35.724220531868795], 'angle': -77.56565297000782}, 'location': [102.05936298966185, 209.8196851759663], 'diameter': 35.724220531868795, 'sphere': {'center': [-5.367512643805387, 1.052117813699275, 85.55130433213851], 'radius': 12.0}, 'projected_sphere': {'center': [121.10102744618021, 127.62481705668748], 'axes': [173.9307204742421, 173.9307204742421], 'angle': 90.0}, 'model_confidence': 0.734081396760411, 'model_id': 1, 'model_birth_timestamp': 40910.15789, 'theta': 2.655203019187136, 'phi': -1.9628321300472646, 'norm_pos': [0.31893550934269327, 0.1257513117668071], 'topic': 'pupil.1', 'id': 1, 'method': '3d c++'}"
1582184722.1137102,"{'circle_3d': {'center': [-7.522090505815209, 11.661928594040958, 80.3754266827072], 'normal': [-0.17954815516748512, 0.8841508983618068, -0.4313231374526095], 'radius': 2.3428318906445393}, 'confidence': 0.15210312945722823, 'timestamp': 41054.32709, 'diameter_3d': 4.685663781289079, 'ellipse': {'center': [101.97676310771257, 209.819017043718], 'axes': [10.334850455911486, 36.22004545921234], 'angle': -77.51124371652843}, 'location': [101.97676310771257, 209.819017043718], 'diameter': 36.22004545921234, 'sphere': {'center': [-5.367512643805387, 1.052117813699275, 85.55130433213851], 'radius': 12.0}, 'projected_sphere': {'center': [121.10102744618021, 127.62481705668748], 'axes': [173.9307204742421, 173.9307204742421], 'angle': 90.0}, 'model_confidence': 0.734081396760411, 'model_id': 1, 'model_birth_timestamp': 40910.15789, 'theta': 2.6554697798210944, 'phi': -1.9652519257170804, 'norm_pos': [0.3186773847116018, 0.125754095651175], 'topic': 'pupil.1', 'id': 1, 'method': '3d c++'}"
1582184722.120275,"{'circle_3d': {'center': [-7.687623959859289, 11.663403322330268, 80.45054915908457], 'normal': [-0.1933426096711585, 0.884273792385916, -0.4250629310878284], 'radius': 2.3013872038298056}, 'confidence': 0.19442395846346064, 'timestamp': 41054.33549, 'diameter_3d': 4.602774407659611, 'ellipse': {'center': [100.75655183424081, 209.75463099120773], 'axes': [9.864527939517085, 35.54492703710362], 'angle': -76.6932784444384}, 'location': [100.75655183424081, 209.75463099120773], 'diameter': 35.54492703710362, 'sphere': {'center': [-5.367512643805387, 1.052117813699275, 85.55130433213851], 'radius': 12.0}, 'projected_sphere': {'center': [121.10102744618021, 127.62481705668748], 'axes': [173.9307204742421, 173.9307204742421], 'angle': 90.0}, 'model_confidence': 0.7336655756476573, 'model_id': 1, 'model_birth_timestamp': 40910.15789, 'theta': 2.6557328882304008, 'phi': -1.9976815204655298, 'norm_pos': [0.3148642244820025, 0.12602237086996781], 'topic': 'pupil.1', 'id': 1, 'method': '3d c++'}"
1582184722.1277099,"{'circle_3d': {'center': [-7.688284985649265, 11.664856860469449, 80.45387501310994], 'normal': [-0.19339769515365648, 0.8843949205641812, -0.42478577658571487], 'radius': 2.2899121204578767}, 'confidence': 0.22149217447269118, 'timestamp': 41054.34389, 'diameter_3d': 4.5798242409157535, 'ellipse': {'center': [100.75385884545281, 209.76354599215716], 'axes': [9.803890598783962, 35.366115706729545], 'angle': -76.69270126043763}, 'location': [100.75385884545281, 209.76354599215716], 'diameter': 35.366115706729545, 'sphere': {'center': [-5.367512643805387, 1.052117813699275, 85.55130433213851], 'radius': 12.0}, 'projected_sphere': {'center': [121.10102744618021, 127.62481705668748], 'axes': [173.9307204742421, 173.9307204742421], 'angle': 90.0}, 'model_confidence': 0.733430374284727, 'model_id': 1, 'model_birth_timestamp': 40910.15789, 'theta': 2.655992344415055, 'phi': -1.9980348107314108, 'norm_pos': [0.31485580889204, 0.1259852250326785], 'topic': 'pupil.1', 'id': 1, 'method': '3d c++'}"
1582184722.135406,"{'circle_3d': {'center': [-8.279371058457505, 11.184966974902597, 79.82012221591495], 'normal': [-0.24265486788767646, 0.8444040967669434, -0.47759850968529705], 'radius': 2.3728923779166724}, 'confidence': 0.18234544253169654, 'timestamp': 41054.35229, 'diameter_3d': 4.745784755833345, 'ellipse': {'center': [95.70991912643044, 206.71702289358097], 'axes': [12.304553759656642, 36.93485991546865], 'angle': -72.81586407558946}, 'location': [95.70991912643044, 206.71702289358097], 'diameter': 36.93485991546865, 'sphere': {'center': [-5.367512643805387, 1.052117813699275, 85.55130433213851], 'radius': 12.0}, 'projected_sphere': {'center': [121.10102744618021, 127.62481705668748], 'axes': [173.9307204742421, 173.9307204742421], 'angle': 90.0}, 'model_confidence': 0.7333697986880994, 'model_id': 1, 'model_birth_timestamp': 40910.15789, 'theta': 2.57624814837528, 'phi': -2.040881392422745, 'norm_pos': [0.2990934972700951, 0.13867907127674595], 'topic': 'pupil.1', 'id': 1, 'method': '3d c++'}"
1582184722.144703,"{'circle_3d': {'center': [-7.755083238568333, 11.527805136813999, 80.20719713230085], 'normal': [-0.19896421623024552, 0.8729739435928937, -0.44534226665313886], 'radius': 2.3054217252629052}, 'confidence': 0.2554093222124682, 'timestamp': 41054.36069, 'diameter_3d': 4.6108434505258105, 'ellipse': {'center': [100.05905160022516, 208.96948429244384], 'axes': [10.703981313179863, 35.714549815294504], 'angle': -76.1071816584885}, 'location': [100.05905160022516, 208.96948429244384], 'diameter': 35.714549815294504, 'sphere': {'center': [-5.367512643805387, 1.052117813699275, 85.55130433213851], 'radius': 12.0}, 'projected_sphere': {'center': [121.10102744618021, 127.62481705668748], 'axes': [173.9307204742421, 173.9307204742421], 'angle': 90.0}, 'model_confidence': 0.733266915386177, 'model_id': 1, 'model_birth_timestamp': 40910.15789, 'theta': 2.6320628361445744, 'phi': -1.9909584143620451, 'norm_pos': [0.31268453625070364, 0.12929381544815066], 'topic': 'pupil.1', 'id': 1, 'method': '3d c++'}"
1582184722.152108,"{'circle_3d': {'center': [-7.81956211853751, 11.561067319494398, 80.30254889316878], 'normal': [-0.20433745622767685, 0.8757457921495934, -0.4373962865808114], 'radius': 2.3117332575961}, 'confidence': 0.2560919252555188, 'timestamp': 41054.36909, 'diameter_3d': 4.6234665151922, 'ellipse': {'center': [99.63218237585161, 209.12361307003414], 'axes': [10.39199514604444, 35.76968548963196], 'angle': -75.85009353374572}, 'location': [99.63218237585161, 209.12361307003414], 'diameter': 35.76968548963196, 'sphere': {'center': [-5.367512643805387, 1.052117813699275, 85.55130433213851], 'radius': 12.0}, 'projected_sphere': {'center': [121.10102744618021, 127.62481705668748], 'axes': [173.9307204742421, 173.9307204742421], 'angle': 90.0}, 'model_confidence': 0.7331680354767056, 'model_id': 1, 'model_birth_timestamp': 40910.15789, 'theta': 2.637774796153086, 'phi': -2.0078349133466222, 'norm_pos': [0.3113505699245363, 0.1286516122081911], 'topic': 'pupil.1', 'id': 1, 'method': '3d c++'}"
1582184722.161515,"{'circle_3d': {'center': [-7.7286373154104835, 11.556122246635812, 80.2512117708725], 'normal': [-0.1967603893004247, 0.8753337027447113, -0.44167438010550103], 'radius': 2.318258817878987}, 'confidence': 0.267323508984168, 'timestamp': 41054.37749, 'diameter_3d': 4.636517635757974, 'ellipse': {'center': [100.29541635195034, 209.13944451024872], 'axes': [10.61607606699034, 35.89407210129394], 'angle': -76.29154973630308}, 'location': [100.29541635195034, 209.13944451024872], 'diameter': 35.89407210129394, 'sphere': {'center': [-5.367512643805387, 1.052117813699275, 85.55130433213851], 'radius': 12.0}, 'projected_sphere': {'center': [121.10102744618021, 127.62481705668748], 'axes': [173.9307204742421, 173.9307204742421], 'angle': 90.0}, 'model_confidence': 0.7331680354767056, 'model_id': 1, 'model_birth_timestamp': 40910.15789, 'theta': 2.6369218666906478, 'phi': -1.9898912749408328, 'norm_pos': [0.3134231760998448, 0.12858564787396365], 'topic': 'pupil.1', 'id': 1, 'method': '3d c++'}"
1582184722.167377,"{'circle_3d': {'center': [-7.708189834288929, 11.61344368045555, 80.35711274671014], 'normal': [-0.19505643254029514, 0.8801104888963563, -0.4328492987856976], 'radius': 2.3474008964936255}, 'confidence': 0.2781659933182341, 'timestamp': 41054.38589, 'diameter_3d': 4.694801792987251, 'ellipse': {'center': [100.53044058447205, 209.46469012999927], 'axes': [10.383254876003596, 36.2979912904364], 'angle': -76.49933124924378}, 'location': [100.53044058447205, 209.46469012999927], 'diameter': 36.2979912904364, 'sphere': {'center': [-5.367512643805387, 1.052117813699275, 85.55130433213851], 'radius': 12.0}, 'projected_sphere': {'center': [121.10102744618021, 127.62481705668748], 'axes': [173.9307204742421, 173.9307204742421], 'angle': 90.0}, 'model_confidence': 0.7329149894700904, 'model_id': 1, 'model_birth_timestamp': 40910.15789, 'theta': 2.646891198491528, 'phi': -1.9941770202226397, 'norm_pos': [0.31415762682647513, 0.12723045779166975], 'topic': 'pupil.1', 'id': 1, 'method': '3d c++'}"
1582184722.1759129,"{'circle_3d': {'center': [-7.768601809280297, 11.551700901184311, 80.26041349897656], 'normal': [-0.20009076378957585, 0.8749652572904197, -0.4409075694301628], 'radius': 2.282766373553196}, 'confidence': 0.1940342795275159, 'timestamp': 41054.39429, 'diameter_3d': 4.565532747106392, 'ellipse': {'center': [99.99382488795514, 209.09978532108806], 'axes': [10.41452594521913, 35.339924893568906], 'angle': -76.08482568165256}, 'location': [99.99382488795514, 209.09978532108806], 'diameter': 35.339924893568906, 'sphere': {'center': [-5.367512643805387, 1.052117813699275, 85.55130433213851], 'radius': 12.0}, 'projected_sphere': {'center': [121.10102744618021, 127.62481705668748], 'axes': [173.9307204742421, 173.9307204742421], 'angle': 90.0}, 'model_confidence': 0.7329149894700904, 'model_id': 1, 'model_birth_timestamp': 40910.15789, 'theta': 2.6361603837267773, 'phi': -1.9968188317843678, 'norm_pos': [0.31248070277485984, 0.1287508944954664], 'topic': 'pupil.1', 'id': 1, 'method': '3d c++'}"
1582184722.190953,"{'circle_3d': {'center': [-7.726299864399326, 11.556271915961954, 80.25046765818969], 'normal': [-0.1965656017161616, 0.8753461751885566, -0.4417363894957353], 'radius': 2.3146229818905097}, 'confidence': 0.2549820879148102, 'timestamp': 41054.40269, 'diameter_3d': 4.6292459637810195, 'ellipse': {'center': [100.31288259897917, 209.1418320386914], 'axes': [10.602418187509533, 35.83808334405763], 'angle': -76.30345067027841}, 'location': [100.31288259897917, 209.1418320386914], 'diameter': 35.83808334405763, 'sphere': {'center': [-5.367512643805387, 1.052117813699275, 85.55130433213851], 'radius': 12.0}, 'projected_sphere': {'center': [121.10102744618021, 127.62481705668748], 'axes': [173.9307204742421, 173.9307204742421], 'angle': 90.0}, 'model_confidence': 0.73248052128293, 'model_id': 1, 'model_birth_timestamp': 40910.15789, 'theta': 2.6369476624245562, 'phi': -1.9894710778153926, 'norm_pos': [0.3134777581218099, 0.1285756998387858], 'topic': 'pupil.1', 'id': 1, 'method': '3d c++'}"
1582184722.1955662,"{'circle_3d': {'center': [-7.744278859124557, 11.556011824085886, 80.25798845489467], 'normal': [-0.19806385127659742, 0.8753245008655507, -0.44110965643698674], 'radius': 2.299277738405475}, 'confidence': 0.26964318951828475, 'timestamp': 41054.41109, 'diameter_3d': 4.59855547681095, 'ellipse': {'center': [100.17968074750826, 209.13364821058332], 'axes': [10.502836853074967, 35.596910765052286], 'angle': -76.21363486920215}, 'location': [100.17968074750826, 209.13364821058332], 'diameter': 35.596910765052286, 'sphere': {'center': [-5.367512643805387, 1.052117813699275, 85.55130433213851], 'radius': 12.0}, 'projected_sphere': {'center': [121.10102744618021, 127.62481705668748], 'axes': [173.9307204742421, 173.9307204742421], 'angle': 90.0}, 'model_confidence': 0.7323049410139837, 'model_id': 1, 'model_birth_timestamp': 40910.15789, 'theta': 2.636902835969964, 'phi': -1.9928289355152577, 'norm_pos': [0.3130615023359633, 0.12860979912256953], 'topic': 'pupil.1', 'id': 1, 'method': '3d c++'}"
1582184722.2050931,"{'circle_3d': {'center': [-7.704937978693254, 11.555723132442036, 80.23992804045072], 'normal': [-0.19478544457398883, 0.8753004432285633, -0.4426146909739827], 'radius': 2.3194919131707055}, 'confidence': 0.27971352508915664, 'timestamp': 41054.41949, 'diameter_3d': 4.638983826341411, 'ellipse': {'center': [100.469948652439, 209.14825214489758], 'axes': [10.665322864360435, 35.91833484017205], 'angle': -76.40869715713238}, 'location': [100.469948652439, 209.14825214489758], 'diameter': 35.91833484017205, 'sphere': {'center': [-5.367512643805387, 1.052117813699275, 85.55130433213851], 'radius': 12.0}, 'projected_sphere': {'center': [121.10102744618021, 127.62481705668748], 'axes': [173.9307204742421, 173.9307204742421], 'angle': 90.0}, 'model_confidence': 0.7319648189621275, 'model_id': 1, 'model_birth_timestamp': 40910.15789, 'theta': 2.6368530846463414, 'phi': -1.985369412248872, 'norm_pos': [0.31396858953887186, 0.12854894939626005], 'topic': 'pupil.1', 'id': 1, 'method': '3d c++'}"
1582184722.213346,"{'circle_3d': {'center': [-7.722396253646716, 11.5554058333103, 80.24701701326181], 'normal': [-0.19624030082011074, 0.8752740016342521, -0.4420239432397253], 'radius': 2.309478734732392}, 'confidence': 0.2810493698618242, 'timestamp': 41054.42789, 'diameter_3d': 4.618957469464784, 'ellipse': {'center': [100.3404408120283, 209.13945499570048], 'axes': [10.59146397647868, 35.75993235448685], 'angle': -76.32125458967957}, 'location': [100.3404408120283, 209.13945499570048], 'diameter': 35.75993235448685, 'sphere': {'center': [-5.367512643805387, 1.052117813699275, 85.55130433213851], 'radius': 12.0}, 'projected_sphere': {'center': [121.10102744618021, 127.62481705668748], 'axes': [173.9307204742421, 173.9307204742421], 'angle': 90.0}, 'model_confidence': 0.7314824068986203, 'model_id': 1, 'model_birth_timestamp': 40910.15789, 'theta': 2.6367984084536915, 'phi': -1.9886148210258703, 'norm_pos': [0.31356387753758846, 0.12858560418458131], 'topic': 'pupil.1', 'id': 1, 'method': '3d c++'}"
1582184722.219511,"{'circle_3d': {'center': [-7.735520297067192, 11.555059918206737, 80.25217733767444], 'normal': [-0.19733397110515044, 0.875245175375622, -0.44159391620533966], 'radius': 2.305091634680435}, 'confidence': 0.26887067420232175, 'timestamp': 41054.43629, 'diameter_3d': 4.61018326936087, 'ellipse': {'center': [100.2429872538277, 209.13181020834682], 'axes': [10.55108047360245, 35.68960109315885], 'angle': -76.25537003860997}, 'location': [100.2429872538277, 209.13181020834682], 'diameter': 35.68960109315885, 'sphere': {'center': [-5.367512643805387, 1.052117813699275, 85.55130433213851], 'radius': 12.0}, 'projected_sphere': {'center': [121.10102744618021, 127.62481705668748], 'axes': [173.9307204742421, 173.9307204742421], 'angle': 90.0}, 'model_confidence': 0.7310500584708612, 'model_id': 1, 'model_birth_timestamp': 40910.15789, 'theta': 2.636738807392011, 'phi': -1.991042215278518, 'norm_pos': [0.3132593351682116, 0.12861745746522157], 'topic': 'pupil.1', 'id': 1, 'method': '3d c++'}"
1582184722.227136,"{'circle_3d': {'center': [-7.748702865544446, 11.554685377883743, 80.25734478491542], 'normal': [-0.1984325184782549, 0.8752139636820392, -0.4411632956019248], 'radius': 2.31021716618528}, 'confidence': 0.25557993119958056, 'timestamp': 41054.44469, 'diameter_3d': 4.62043433237056, 'ellipse': {'center': [100.14514009128705, 209.1227931030622], 'axes': [10.554260758029745, 35.766647862327005], 'angle': -76.18917828148778}, 'location': [100.14514009128705, 209.1227931030622], 'diameter': 35.766647862327005, 'sphere': {'center': [-5.367512643805387, 1.052117813699275, 85.55130433213851], 'radius': 12.0}, 'projected_sphere': {'center': [121.10102744618021, 127.62481705668748], 'axes': [173.9307204742421, 173.9307204742421], 'angle': 90.0}, 'model_confidence': 0.7306636246547371, 'model_id': 1, 'model_birth_timestamp': 40910.15789, 'theta': 2.636674281461301, 'phi': -1.993478769881283, 'norm_pos': [0.31295356278527203, 0.12865502873724077], 'topic': 'pupil.1', 'id': 1, 'method': '3d c++'}"
1582184722.235631,"{'circle_3d': {'center': [-7.761944078102479, 11.554282202329766, 80.26251985358094], 'normal': [-0.199535952858091, 0.8751803657192077, -0.44073203987979787], 'radius': 2.310948947837561}, 'confidence': 0.23002218426098417, 'timestamp': 41054.45309, 'diameter_3d': 4.621897895675122, 'ellipse': {'center': [100.04683988973403, 209.11407721549466], 'axes': [10.537258431612726, 35.77561593799233], 'angle': -76.12268809218342}, 'location': [100.04683988973403, 209.11407721549466], 'diameter': 35.77561593799233, 'sphere': {'center': [-5.367512643805387, 1.052117813699275, 85.55130433213851], 'radius': 12.0}, 'projected_sphere': {'center': [121.10102744618021, 127.62481705668748], 'axes': [173.9307204742421, 173.9307204742421], 'angle': 90.0}, 'model_confidence': 0.7296645348282449, 'model_id': 1, 'model_birth_timestamp': 40910.15789, 'theta': 2.6366048306614984, 'phi': -1.9959244848362852, 'norm_pos': [0.31264637465541883, 0.12869134493543888], 'topic': 'pupil.1', 'id': 1, 'method': '3d c++'}"
1582184722.243242,"{'circle_3d': {'center': [-7.82795879967376, 11.5538503807709, 80.29204413665667], 'normal': [-0.20503717965569773, 0.8751443805893021, -0.43827168295682034], 'radius': 2.2895489267433353}, 'confidence': 0.2067456902051484, 'timestamp': 41054.46149, 'diameter_3d': 4.579097853486671, 'ellipse': {'center': [99.55957776234112, 209.08181003459202], 'axes': [10.32641460617069, 35.4307691834537], 'angle': -75.79487201417047}, 'location': [99.55957776234112, 209.08181003459202], 'diameter': 35.4307691834537, 'sphere': {'center': [-5.367512643805387, 1.052117813699275, 85.55130433213851], 'radius': 12.0}, 'projected_sphere': {'center': [121.10102744618021, 127.62481705668748], 'axes': [173.9307204742421, 173.9307204742421], 'angle': 90.0}, 'model_confidence': 0.7295350844214288, 'model_id': 1, 'model_birth_timestamp': 40910.15789, 'theta': 2.636530454992724, 'phi': -2.008379360139288, 'norm_pos': [0.311123680507316, 0.12882579152253326], 'topic': 'pupil.1', 'id': 1, 'method': '3d c++'}"
1582184722.251081,"{'circle_3d': {'center': [-7.73201273970734, 11.553389901668922, 80.24730359393067], 'normal': [-0.19704167465849598, 0.8751060073308035, -0.4420000615173204], 'radius': 2.304909371910475}, 'confidence': 0.2688174669313496, 'timestamp': 41054.46989, 'diameter_3d': 4.60981874382095, 'ellipse': {'center': [100.26646547727566, 209.1241524624479], 'axes': [10.56768587421987, 35.68895496894094], 'angle': -76.26969398459626}, 'location': [100.26646547727566, 209.1241524624479], 'diameter': 35.68895496894094, 'sphere': {'center': [-5.367512643805387, 1.052117813699275, 85.55130433213851], 'radius': 12.0}, 'projected_sphere': {'center': [121.10102744618021, 127.62481705668748], 'axes': [173.9307204742421, 173.9307204742421], 'angle': 90.0}, 'model_confidence': 0.7290817412983763, 'model_id': 1, 'model_birth_timestamp': 40910.15789, 'theta': 2.6364511544549174, 'phi': -1.9901483598923317, 'norm_pos': [0.31333270461648643, 0.12864936473980038], 'topic': 'pupil.1', 'id': 1, 'method': '3d c++'}"
1582184722.263223,"{'circle_3d': {'center': [-7.753551933921296, 11.552900752722824, 80.25598808345845], 'normal': [-0.19883660750965904, 0.875065244918629, -0.4412763540566722], 'radius': 2.3058805245844267}, 'confidence': 0.24324277500701394, 'timestamp': 41054.47829, 'diameter_3d': 4.611761049168853, 'ellipse': {'center': [100.10673121508792, 209.110999312261], 'axes': [10.53818275966795, 35.700038547951635], 'angle': -76.16176402274952}, 'location': [100.10673121508792, 209.110999312261], 'diameter': 35.700038547951635, 'sphere': {'center': [-5.367512643805387, 1.052117813699275, 85.55130433213851], 'radius': 12.0}, 'projected_sphere': {'center': [121.10102744618021, 127.62481705668748], 'axes': [173.9307204742421, 173.9307204742421], 'angle': 90.0}, 'model_confidence': 0.7286240855528536, 'model_id': 1, 'model_birth_timestamp': 40910.15789, 'theta': 2.6363669290480822, 'phi': -1.994144358939635, 'norm_pos': [0.3128335350471497, 0.12870416953224584], 'topic': 'pupil.1', 'id': 1, 'method': '3d c++'}"
1582184722.271719,"{'circle_3d': {'center': [-7.713352394258756, 11.552382920868663, 80.2370340582106], 'normal': [-0.19548664587111408, 0.8750220922641158, -0.44285585616065987], 'radius': 2.3116323154936227}, 'confidence': 0.25511506342730456, 'timestamp': 41054.48669, 'diameter_3d': 4.623264630987245, 'ellipse': {'center': [100.40290083453922, 209.12652955793652], 'axes': [10.637547421476174, 35.797785078370545], 'angle': -76.3606365142107}, 'location': [100.40290083453922, 209.12652955793652], 'diameter': 35.797785078370545, 'sphere': {'center': [-5.367512643805387, 1.052117813699275, 85.55130433213851], 'radius': 12.0}, 'projected_sphere': {'center': [121.10102744618021, 127.62481705668748], 'axes': [173.9307204742421, 173.9307204742421], 'angle': 90.0}, 'model_confidence': 0.7273130436408093, 'model_id': 1, 'model_birth_timestamp': 40910.15789, 'theta': 2.636277778772219, 'phi': -1.9864945506446294, 'norm_pos': [0.31375906510793505, 0.1286394601752645], 'topic': 'pupil.1', 'id': 1, 'method': '3d c++'}"
1582184722.279247,"{'circle_3d': {'center': [-7.72997125383263, 11.551836392279682, 80.24331986658837], 'normal': [-0.1968715508356035, 0.8749765482150335, -0.44233203879584554], 'radius': 2.3011167931352685}, 'confidence': 0.25638135385287436, 'timestamp': 41054.49509, 'diameter_3d': 4.602233586270537, 'ellipse': {'center': [100.27927553483829, 209.11687780702346], 'axes': [10.564355013567935, 35.63196496191463], 'angle': -76.2769550377386}, 'location': [100.27927553483829, 209.11687780702346], 'diameter': 35.63196496191463, 'sphere': {'center': [-5.367512643805387, 1.052117813699275, 85.55130433213851], 'radius': 12.0}, 'projected_sphere': {'center': [121.10102744618021, 127.62481705668748], 'axes': [173.9307204742421, 173.9307204742421], 'angle': 90.0}, 'model_confidence': 0.7261551581556502, 'model_id': 1, 'model_birth_timestamp': 40910.15789, 'theta': 2.6361837036273243, 'phi': -1.9895482469224075, 'norm_pos': [0.31337273604636967, 0.12867967580406892], 'topic': 'pupil.1', 'id': 1, 'method': '3d c++'}"
1582184722.287361,"{'circle_3d': {'center': [-7.742250390074785, 11.551261152366042, 80.24766314984001], 'normal': [-0.19789481218911648, 0.8749286115555637, -0.4419700985248754], 'radius': 2.303659147920813}, 'confidence': 0.2817841744759315, 'timestamp': 41054.50349, 'diameter_3d': 4.607318295841626, 'ellipse': {'center': [100.18776701100333, 209.10750162962572], 'axes': [10.558785469055955, 35.669369904378534], 'angle': -76.21484220413399}, 'location': [100.18776701100333, 209.10750162962572], 'diameter': 35.669369904378534, 'sphere': {'center': [-5.367512643805387, 1.052117813699275, 85.55130433213851], 'radius': 12.0}, 'projected_sphere': {'center': [121.10102744618021, 127.62481705668748], 'axes': [173.9307204742421, 173.9307204742421], 'angle': 90.0}, 'model_confidence': 0.7256818028014145, 'model_id': 1, 'model_birth_timestamp': 40910.15789, 'theta': 2.6360847036133124, 'phi': -1.9917826663359293, 'norm_pos': [0.3130867719093854, 0.12871874320989285], 'topic': 'pupil.1', 'id': 1, 'method': '3d c++'}"
1582184722.296101,"{'circle_3d': {'center': [-7.754584907284735, 11.550657185777034, 80.25200654263274], 'normal': [-0.19892268862327894, 0.8748782810064797, -0.4416081491254809], 'radius': 2.304554307151504}, 'confidence': 0.2817507906461401, 'timestamp': 41054.51189, 'diameter_3d': 4.609108614303008, 'ellipse': {'center': [100.09583412311319, 209.09810331270404], 'axes': [10.545623770844125, 35.68124988020806], 'angle': -76.15243684825948}, 'location': [100.09583412311319, 209.09810331270404], 'diameter': 35.68124988020806, 'sphere': {'center': [-5.367512643805387, 1.052117813699275, 85.55130433213851], 'radius': 12.0}, 'projected_sphere': {'center': [121.10102744618021, 127.62481705668748], 'axes': [173.9307204742421, 173.9307204742421], 'angle': 90.0}, 'model_confidence': 0.7252738557453675, 'model_id': 1, 'model_birth_timestamp': 40910.15789, 'theta': 2.635980778730355, 'phi': -1.9940249709742623, 'norm_pos': [0.3127994816347287, 0.12875790286373312], 'topic': 'pupil.1', 'id': 1, 'method': '3d c++'}"
1582184722.3040168,"{'circle_3d': {'center': [-7.713906321260145, 11.550024476398285, 80.23262099773515], 'normal': [-0.1955328064545632, 0.8748255552249176, -0.4432236112002801], 'radius': 2.3199881435542915}, 'confidence': 0.266840779844452, 'timestamp': 41054.52029, 'diameter_3d': 4.639976287108583, 'ellipse': {'center': [100.39543633430141, 209.11202980215145], 'axes': [10.691252013136864, 35.92923552257681], 'angle': -76.35350190168782}, 'location': [100.39543633430141, 209.11202980215145], 'diameter': 35.92923552257681, 'sphere': {'center': [-5.367512643805387, 1.052117813699275, 85.55130433213851], 'radius': 12.0}, 'projected_sphere': {'center': [121.10102744618021, 127.62481705668748], 'axes': [173.9307204742421, 173.9307204742421], 'angle': 90.0}, 'model_confidence': 0.7247495144609095, 'model_id': 1, 'model_birth_timestamp': 40910.15789, 'theta': 2.635871928978369, 'phi': -1.9862751608393405, 'norm_pos': [0.3137357385446919, 0.12869987582436893], 'topic': 'pupil.1', 'id': 1, 'method': '3d c++'}"
1582184722.3127239,"{'circle_3d': {'center': [-8.022630443811611, 11.116975980369041, 79.58062769101056], 'normal': [-0.22125981666718536, 0.8387381805558141, -0.49755638676066277], 'radius': 2.37100449901661}, 'confidence': 0.1798571728205821, 'timestamp': 41054.52869, 'diameter_3d': 4.74200899803322, 'ellipse': {'center': [97.5158174605275, 206.43865020654061], 'axes': [13.216171422871819, 37.01754722051841], 'angle': -73.96348073017758}, 'location': [97.5158174605275, 206.43865020654061], 'diameter': 37.01754722051841, 'sphere': {'center': [-5.367512643805387, 1.052117813699275, 85.55130433213851], 'radius': 12.0}, 'projected_sphere': {'center': [121.10102744618021, 127.62481705668748], 'axes': [173.9307204742421, 173.9307204742421], 'angle': 90.0}, 'model_confidence': 0.7244177754064496, 'model_id': 1, 'model_birth_timestamp': 40910.15789, 'theta': 2.5657581543573533, 'phi': -1.9892281509193788, 'norm_pos': [0.30473692956414844, 0.13983895747274744], 'topic': 'pupil.1', 'id': 1, 'method': '3d c++'}"
1582184722.319656,"{'circle_3d': {'center': [-7.547719393150752, 11.518666758361107, 80.10171244658349], 'normal': [-0.18168389577878044, 0.8722124120551529, -0.4541326571295854], 'radius': 2.308508162709447}, 'confidence': 0.27878527839307327, 'timestamp': 41054.53709, 'diameter_3d': 4.617016325418894, 'ellipse': {'center': [101.58342636656633, 209.01102227553173], 'axes': [11.1230660873397, 35.8104074995694], 'angle': -77.12857306923445}, 'location': [101.58342636656633, 209.01102227553173], 'diameter': 35.8104074995694, 'sphere': {'center': [-5.367512643805387, 1.052117813699275, 85.55130433213851], 'radius': 12.0}, 'projected_sphere': {'center': [121.10102744618021, 127.62481705668748], 'axes': [173.9307204742421, 173.9307204742421], 'angle': 90.0}, 'model_confidence': 0.7233278436542978, 'model_id': 1, 'model_birth_timestamp': 40910.15789, 'theta': 2.630503749329992, 'phi': -1.951361231931433, 'norm_pos': [0.31744820739551977, 0.12912074051861777], 'topic': 'pupil.1', 'id': 1, 'method': '3d c++'}"
1582184722.328429,"{'circle_3d': {'center': [-7.55567983108654, 11.54658489377843, 80.1588943824369], 'normal': [-0.18234726560676273, 0.8745389233399297, -0.4493674958084681], 'radius': 2.329131166752457}, 'confidence': 0.2646026389080229, 'timestamp': 41054.54549, 'diameter_3d': 4.658262333504914, 'ellipse': {'center': [101.56307237440927, 209.16301634665933], 'axes': [11.020846402074552, 36.10481773929785], 'angle': -77.13832028809648}, 'location': [101.56307237440927, 209.16301634665933], 'diameter': 36.10481773929785, 'sphere': {'center': [-5.367512643805387, 1.052117813699275, 85.55130433213851], 'radius': 12.0}, 'projected_sphere': {'center': [121.10102744618021, 127.62481705668748], 'axes': [173.9307204742421, 173.9307204742421], 'angle': 90.0}, 'model_confidence': 0.7226369875556138, 'model_id': 1, 'model_birth_timestamp': 40910.15789, 'theta': 2.635280565605157, 'phi': -1.9562810955010115, 'norm_pos': [0.317384601170029, 0.12848743188891942], 'topic': 'pupil.1', 'id': 1, 'method': '3d c++'}"
1582184722.336137,"{'circle_3d': {'center': [-7.622066846332825, 11.540989342485808, 80.17538028129134], 'normal': [-0.18787951687728655, 0.8740726273988778, -0.44799367090393133], 'radius': 2.313145729851678}, 'confidence': 0.22861905228068485, 'timestamp': 41054.55389, 'diameter_3d': 4.626291459703356, 'ellipse': {'center': [101.06242230939569, 209.10421325440078], 'axes': [10.875309985835107, 35.849161679289075], 'angle': -76.79540370098643}, 'location': [101.06242230939569, 209.10421325440078], 'diameter': 35.849161679289075, 'sphere': {'center': [-5.367512643805387, 1.052117813699275, 85.55130433213851], 'radius': 12.0}, 'projected_sphere': {'center': [121.10102744618021, 127.62481705668748], 'axes': [173.9307204742421, 173.9307204742421], 'angle': 90.0}, 'model_confidence': 0.7215408454141148, 'model_id': 1, 'model_birth_timestamp': 40910.15789, 'theta': 2.6343198741431064, 'phi': -1.9678970394046522, 'norm_pos': [0.3158200697168615, 0.12873244477333012], 'topic': 'pupil.1', 'id': 1, 'method': '3d c++'}"
1582184722.344918,"{'circle_3d': {'center': [-7.627605733023277, 11.540182063971276, 80.17613107816466], 'normal': [-0.1883410907681575, 0.8740053541893336, -0.4479311044978214], 'radius': 2.3154705551542345}, 'confidence': 0.2791581212815914, 'timestamp': 41054.56229, 'diameter_3d': 4.630941110308469, 'ellipse': {'center': [101.02022055084993, 209.09689348705533], 'axes': [10.88259785222276, 35.88485193391135], 'angle': -76.76621014677961}, 'location': [101.02022055084993, 209.09689348705533], 'diameter': 35.88485193391135, 'sphere': {'center': [-5.367512643805387, 1.052117813699275, 85.55130433213851], 'radius': 12.0}, 'projected_sphere': {'center': [121.10102744618021, 127.62481705668748], 'axes': [173.9307204742421, 173.9307204742421], 'angle': 90.0}, 'model_confidence': 0.720679869078189, 'model_id': 1, 'model_birth_timestamp': 40910.15789, 'theta': 2.63418141081227, 'phi': -1.9688228252889628, 'norm_pos': [0.315688189221406, 0.12876294380393616], 'topic': 'pupil.1', 'id': 1, 'method': '3d c++'}"
1582184722.354861,"{'circle_3d': {'center': [-7.637638556305103, 11.539345862339289, 80.178728023028], 'normal': [-0.1891771593749763, 0.873935670720001, -0.4477146924258761], 'radius': 2.3150544430683007}, 'confidence': 0.2538688643953975, 'timestamp': 41054.57069, 'diameter_3d': 4.630108886136601, 'ellipse': {'center': [100.94466064716003, 209.087719783784], 'axes': [10.869723589613427, 35.87718807515688], 'angle': -76.71448463132204}, 'location': [100.94466064716003, 209.087719783784], 'diameter': 35.87718807515688, 'sphere': {'center': [-5.367512643805387, 1.052117813699275, 85.55130433213851], 'radius': 12.0}, 'projected_sphere': {'center': [121.10102744618021, 127.62481705668748], 'axes': [173.9307204742421, 173.9307204742421], 'angle': 90.0}, 'model_confidence': 0.7202976527576843, 'model_id': 1, 'model_birth_timestamp': 40910.15789, 'theta': 2.634038022977359, 'phi': -1.9705810964637485, 'norm_pos': [0.3154520645223751, 0.12880116756756665], 'topic': 'pupil.1', 'id': 1, 'method': '3d c++'}"
1582184722.36434,"{'circle_3d': {'center': [-7.539869226619675, 11.538480715390655, 80.13678127178184], 'normal': [-0.18102971523452405, 0.8738635751409484, -0.45121025502972273], 'radius': 2.3133755828837543}, 'confidence': 0.291407452533259, 'timestamp': 41054.57909, 'diameter_3d': 4.626751165767509, 'ellipse': {'center': [101.66924145491163, 209.12602143542313], 'axes': [11.026024679158025, 35.8703603596018], 'angle': -77.20334585860111}, 'location': [101.66924145491163, 209.12602143542313], 'diameter': 35.8703603596018, 'sphere': {'center': [-5.367512643805387, 1.052117813699275, 85.55130433213851], 'radius': 12.0}, 'projected_sphere': {'center': [121.10102744618021, 127.62481705668748], 'axes': [173.9307204742421, 173.9307204742421], 'angle': 90.0}, 'model_confidence': 0.7198467956802679, 'model_id': 1, 'model_birth_timestamp': 40910.15789, 'theta': 2.6338897106383774, 'phi': -1.9523447015279047, 'norm_pos': [0.3177163795465988, 0.12864157735240367], 'topic': 'pupil.1', 'id': 1, 'method': '3d c++'}"
1582184722.3718872,"{'circle_3d': {'center': [-7.557563492464112, 11.537586600166886, 80.14218040969945], 'normal': [-0.18250423738822713, 0.8737890655389677, -0.4507603268699222], 'radius': 2.3089492283879722}, 'confidence': 0.25397189239852225, 'timestamp': 41054.58749, 'diameter_3d': 4.6178984567759445, 'ellipse': {'center': [101.53646298432317, 209.1139039724432], 'axes': [10.982817154539333, 35.799186316308635], 'angle': -77.11280667359321}, 'location': [101.53646298432317, 209.1139039724432], 'diameter': 35.799186316308635, 'sphere': {'center': [-5.367512643805387, 1.052117813699275, 85.55130433213851], 'radius': 12.0}, 'projected_sphere': {'center': [121.10102744618021, 127.62481705668748], 'axes': [173.9307204742421, 173.9307204742421], 'angle': 90.0}, 'model_confidence': 0.7193499112349122, 'model_id': 1, 'model_birth_timestamp': 40910.15789, 'theta': 2.633736473795324, 'phi': -1.9555032637197127, 'norm_pos': [0.3173014468260099, 0.1286920667814866], 'topic': 'pupil.1', 'id': 1, 'method': '3d c++'}"
1582184722.379842,"{'circle_3d': {'center': [-7.56634437613357, 11.536663492950499, 80.14395369503339], 'normal': [-0.18323597769401517, 0.8737121399376018, -0.4506125530920937], 'radius': 2.295902085599807}, 'confidence': 0.26821962482571077, 'timestamp': 41054.59589, 'diameter_3d': 4.591804171199614, 'ellipse': {'center': [101.46988964024204, 209.10650240889052], 'axes': [10.912906001642725, 35.595932913473106], 'angle': -77.0670507027428}, 'location': [101.46988964024204, 209.10650240889052], 'diameter': 35.595932913473106, 'sphere': {'center': [-5.367512643805387, 1.052117813699275, 85.55130433213851], 'radius': 12.0}, 'projected_sphere': {'center': [121.10102744618021, 127.62481705668748], 'axes': [173.9307204742421, 173.9307204742421], 'angle': 90.0}, 'model_confidence': 0.7188189370591846, 'model_id': 1, 'model_birth_timestamp': 40910.15789, 'theta': 2.633578312448197, 'phi': -1.957011587893783, 'norm_pos': [0.3170934051257564, 0.12872290662962282], 'topic': 'pupil.1', 'id': 1, 'method': '3d c++'}"
1582184722.388643,"{'circle_3d': {'center': [-7.6291110256638195, 11.535711369264526, 80.1680489117738], 'normal': [-0.188466531821536, 0.873632796297104, -0.4486046183637265], 'radius': 2.2959384332900963}, 'confidence': 0.21745291647695547, 'timestamp': 41054.60429, 'diameter_3d': 4.591876866580193, 'ellipse': {'center': [101.0026718824084, 209.0734158674815], 'axes': [10.81822604957118, 35.585511062149564], 'angle': -76.7505648131726}, 'location': [101.0026718824084, 209.0734158674815], 'diameter': 35.585511062149564, 'sphere': {'center': [-5.367512643805387, 1.052117813699275, 85.55130433213851], 'radius': 12.0}, 'projected_sphere': {'center': [121.10102744618021, 127.62481705668748], 'axes': [173.9307204742421, 173.9307204742421], 'angle': 90.0}, 'model_confidence': 0.7184968000170544, 'model_id': 1, 'model_birth_timestamp': 40910.15789, 'theta': 2.633415226596855, 'phi': -1.968523969773407, 'norm_pos': [0.31563334963252626, 0.1288607672188271], 'topic': 'pupil.1', 'id': 1, 'method': '3d c++'}"
1582184722.396823,"{'circle_3d': {'center': [-7.362345438957794, 11.534730203876183, 80.06172515002501], 'normal': [-0.1662360662627006, 0.8735510325147425, -0.45746493184279197], 'radius': 2.3270487301370326}, 'confidence': 0.2758102507517437, 'timestamp': 41054.61269, 'diameter_3d': 4.654097460274065, 'ellipse': {'center': [102.98756006982731, 209.17549530936896], 'axes': [11.388259425963552, 36.117130641511324], 'angle': -78.0937894812815}, 'location': [102.98756006982731, 209.17549530936896], 'diameter': 36.117130641511324, 'sphere': {'center': [-5.367512643805387, 1.052117813699275, 85.55130433213851], 'radius': 12.0}, 'projected_sphere': {'center': [121.10102744618021, 127.62481705668748], 'axes': [173.9307204742421, 173.9307204742421], 'angle': 90.0}, 'model_confidence': 0.7181179557577799, 'model_id': 1, 'model_birth_timestamp': 40910.15789, 'theta': 2.633247216241581, 'phi': -1.919345637296773, 'norm_pos': [0.32183612521821037, 0.12843543621096265], 'topic': 'pupil.1', 'id': 1, 'method': '3d c++'}"
1582184722.403975,"{'circle_3d': {'center': [-7.445801380371564, 11.533719970792244, 80.09083437545107], 'normal': [-0.17319072804718136, 0.873466846424414, -0.4550391630572872], 'radius': 2.3221267029018158}, 'confidence': 0.1762136134718805, 'timestamp': 41054.62109, 'diameter_3d': 4.6442534058036316, 'ellipse': {'center': [102.36314028803105, 209.137215351709], 'axes': [11.246267875834544, 36.02720942443848], 'angle': -77.66929269076356}, 'location': [102.36314028803105, 209.137215351709], 'diameter': 36.02720942443848, 'sphere': {'center': [-5.367512643805387, 1.052117813699275, 85.55130433213851], 'radius': 12.0}, 'projected_sphere': {'center': [121.10102744618021, 127.62481705668748], 'axes': [173.9307204742421, 173.9307204742421], 'angle': 90.0}, 'model_confidence': 0.7179594225954711, 'model_id': 1, 'model_birth_timestamp': 40910.15789, 'theta': 2.6330742813822337, 'phi': -1.9344729425608282, 'norm_pos': [0.319884813400097, 0.12859493603454586], 'topic': 'pupil.1', 'id': 1, 'method': '3d c++'}"
1582184722.41311,"{'circle_3d': {'center': [-7.55690246803617, 11.53268064326269, 80.13241376550695], 'normal': [-0.18244915201923181, 0.8733802357969509, -0.45157421388596325], 'radius': 2.291565444042866}, 'confidence': 0.25576036292578114, 'timestamp': 41054.62949, 'diameter_3d': 4.583130888085732, 'ellipse': {'center': [101.53449377394138, 209.0886095183924], 'axes': [10.933774872599512, 35.53379903134726], 'angle': -77.1073797212612}, 'location': [101.53449377394138, 209.0886095183924], 'diameter': 35.53379903134726, 'sphere': {'center': [-5.367512643805387, 1.052117813699275, 85.55130433213851], 'radius': 12.0}, 'projected_sphere': {'center': [121.10102744618021, 127.62481705668748], 'axes': [173.9307204742421, 173.9307204742421], 'angle': 90.0}, 'model_confidence': 0.7173984761616792, 'model_id': 1, 'model_birth_timestamp': 40910.15789, 'theta': 2.632896422018814, 'phi': -1.9547712878905383, 'norm_pos': [0.3172952930435668, 0.1287974603400317], 'topic': 'pupil.1', 'id': 1, 'method': '3d c++'}"
1582184722.419192,"{'circle_3d': {'center': [-7.5562006423002135, 11.531612193780266, 80.13006440172632], 'normal': [-0.1823906665412355, 0.8732911983400825, -0.45176999420101654], 'radius': 2.295696895996385}, 'confidence': 0.26802914170656483, 'timestamp': 41054.63789, 'diameter_3d': 4.59139379199277, 'ellipse': {'center': [101.5382390917194, 209.08235435203446], 'axes': [10.961751914571275, 35.5989481073124], 'angle': -77.10899751880467}, 'location': [101.5382390917194, 209.08235435203446], 'diameter': 35.5989481073124, 'sphere': {'center': [-5.367512643805387, 1.052117813699275, 85.55130433213851], 'radius': 12.0}, 'projected_sphere': {'center': [121.10102744618021, 127.62481705668748], 'axes': [173.9307204742421, 173.9307204742421], 'angle': 90.0}, 'model_confidence': 0.7162111920925751, 'model_id': 1, 'model_birth_timestamp': 40910.15789, 'theta': 2.632713638151323, 'phi': -1.954509448487678, 'norm_pos': [0.31730699716162314, 0.1288235235331897], 'topic': 'pupil.1', 'id': 1, 'method': '3d c++'}"
1582184722.427752,"{'circle_3d': {'center': [-7.564504734611711, 11.53051459408086, 80.13130187219227], 'normal': [-0.18308267423386032, 0.8731997316984652, -0.45166687166218716], 'radius': 2.2941572528847014}, 'confidence': 0.2937794548199739, 'timestamp': 41054.64629, 'diameter_3d': 4.588314505769403, 'ellipse': {'center': [101.47498913405906, 209.07274686209047], 'axes': [10.94856030827143, 35.57446705119295], 'angle': -77.06529204356505}, 'location': [101.47498913405906, 209.07274686209047], 'diameter': 35.57446705119295, 'sphere': {'center': [-5.367512643805387, 1.052117813699275, 85.55130433213851], 'radius': 12.0}, 'projected_sphere': {'center': [121.10102744618021, 127.62481705668748], 'axes': [173.9307204742421, 173.9307204742421], 'angle': 90.0}, 'model_confidence': 0.715558841942876, 'model_id': 1, 'model_birth_timestamp': 40910.15789, 'theta': 2.6325259297797587, 'phi': -1.9559053116024874, 'norm_pos': [0.31710934104393457, 0.12886355474128974], 'topic': 'pupil.1', 'id': 1, 'method': '3d c++'}"
1582184722.4393191,"{'circle_3d': {'center': [-7.572847536841021, 11.529387815142908, 80.13251190887586], 'normal': [-0.1837779077529695, 0.8731058334536362, -0.4515660352718883], 'radius': 2.2881988759206044}, 'confidence': 0.2689563431876243, 'timestamp': 41054.65469, 'diameter_3d': 4.576397751841209, 'ellipse': {'center': [101.4114068789483, 209.0634906901339], 'axes': [10.914360332783888, 35.48143579974336], 'angle': -77.02135283779641}, 'location': [101.4114068789483, 209.0634906901339], 'diameter': 35.48143579974336, 'sphere': {'center': [-5.367512643805387, 1.052117813699275, 85.55130433213851], 'radius': 12.0}, 'projected_sphere': {'center': [121.10102744618021, 127.62481705668748], 'axes': [173.9307204742421, 173.9307204742421], 'angle': 90.0}, 'model_confidence': 0.7142240168613867, 'model_id': 1, 'model_birth_timestamp': 40910.15789, 'theta': 2.632333296903954, 'phi': -1.9573045943190523, 'norm_pos': [0.3169106464967134, 0.12890212212444208], 'topic': 'pupil.1', 'id': 1, 'method': '3d c++'}"
1582184722.448006,"{'circle_3d': {'center': [-7.472441512909194, 11.528231827191732, 80.09050680500748], 'normal': [-0.17541073909198387, 0.8730095011243713, -0.4550664605942529], 'radius': 2.3177919825437594}, 'confidence': 0.27743950951312807, 'timestamp': 41054.66309, 'diameter_3d': 4.635583965087519, 'ellipse': {'center': [102.15705832254586, 209.09571159642067], 'axes': [11.2213086438019, 35.959921230604714], 'angle': -77.52511298964743}, 'location': [102.15705832254586, 209.09571159642067], 'diameter': 35.959921230604714, 'sphere': {'center': [-5.367512643805387, 1.052117813699275, 85.55130433213851], 'radius': 12.0}, 'projected_sphere': {'center': [121.10102744618021, 127.62481705668748], 'axes': [173.9307204742421, 173.9307204742421], 'angle': 90.0}, 'model_confidence': 0.713595226809538, 'model_id': 1, 'model_birth_timestamp': 40910.15789, 'theta': 2.6321357395242413, 'phi': -1.9387072966349437, 'norm_pos': [0.31924080725795584, 0.12876786834824716], 'topic': 'pupil.1', 'id': 1, 'method': '3d c++'}"
1582184722.455559,"{'circle_3d': {'center': [-7.488467353405579, 11.527046599694078, 80.09443544529853], 'normal': [-0.17674622580001592, 0.8729107321662334, -0.45473907390333196], 'radius': 2.305202402363937}, 'confidence': 0.2663457052100069, 'timestamp': 41054.67149, 'diameter_3d': 4.610404804727874, 'ellipse': {'center': [102.0359972376429, 209.0839518311435], 'axes': [11.143598812720182, 35.76263776778045], 'angle': -77.4421264320232}, 'location': [102.0359972376429, 209.0839518311435], 'diameter': 35.76263776778045, 'sphere': {'center': [-5.367512643805387, 1.052117813699275, 85.55130433213851], 'radius': 12.0}, 'projected_sphere': {'center': [121.10102744618021, 127.62481705668748], 'axes': [173.9307204742421, 173.9307204742421], 'angle': 90.0}, 'model_confidence': 0.7133083068096013, 'model_id': 1, 'model_birth_timestamp': 40910.15789, 'theta': 2.631933257640457, 'phi': -1.9415027975731098, 'norm_pos': [0.31886249136763406, 0.12881686737023534], 'topic': 'pupil.1', 'id': 1, 'method': '3d c++'}"
1582184722.464452,"{'circle_3d': {'center': [-7.495494510469143, 11.525832101362429, 80.09484007443913], 'normal': [-0.17733182222197974, 0.8728095239719298, -0.4547053548082819], 'radius': 2.2985488373209457}, 'confidence': 0.2671281980085065, 'timestamp': 41054.67989, 'diameter_3d': 4.5970976746418915, 'ellipse': {'center': [101.98197182786474, 209.07497393535394], 'axes': [11.108663889834098, 35.659131613351214], 'angle': -77.40453200166127}, 'location': [101.98197182786474, 209.07497393535394], 'diameter': 35.659131613351214, 'sphere': {'center': [-5.367512643805387, 1.052117813699275, 85.55130433213851], 'radius': 12.0}, 'projected_sphere': {'center': [121.10102744618021, 127.62481705668748], 'axes': [173.9307204742421, 173.9307204742421], 'angle': 90.0}, 'model_confidence': 0.7129097723240996, 'model_id': 1, 'model_birth_timestamp': 40910.15789, 'theta': 2.6317258512526003, 'phi': -1.942646165917523, 'norm_pos': [0.3186936619620773, 0.12885427526935855], 'topic': 'pupil.1', 'id': 1, 'method': '3d c++'}"
1582184722.4719858,"{'circle_3d': {'center': [-7.502553905880997, 11.524588300154502, 80.09521042536247], 'normal': [-0.17792010517296752, 0.8727058738712692, -0.4546744922313375], 'radius': 2.297694486685762}, 'confidence': 0.2799636585125004, 'timestamp': 41054.68829, 'diameter_3d': 4.595388973371524, 'ellipse': {'center': [101.92768927640974, 209.06507547965512], 'axes': [11.101914458003675, 35.64566809942866], 'angle': -77.36672439811456}, 'location': [101.92768927640974, 209.06507547965512], 'diameter': 35.64566809942866, 'sphere': {'center': [-5.367512643805387, 1.052117813699275, 85.55130433213851], 'radius': 12.0}, 'projected_sphere': {'center': [121.10102744618021, 127.62481705668748], 'axes': [173.9307204742421, 173.9307204742421], 'angle': 90.0}, 'model_confidence': 0.7123155136434467, 'model_id': 1, 'model_birth_timestamp': 40910.15789, 'theta': 2.6315135203606714, 'phi': -1.9437916769609593, 'norm_pos': [0.3185240289887804, 0.12889551883477035], 'topic': 'pupil.1', 'id': 1, 'method': '3d c++'}"
1582184722.481529,"{'circle_3d': {'center': [-7.50964568339342, 11.523315163273654, 80.09554662976831], 'normal': [-0.17851108663233609, 0.8725997791311983, -0.4546464751975173], 'radius': 2.2915953797371666}, 'confidence': 0.24243982281257376, 'timestamp': 41054.69669, 'diameter_3d': 4.583190759474333, 'ellipse': {'center': [101.87311665841162, 209.05564493262742], 'axes': [11.069910623001057, 35.55080156749806], 'angle': -77.32871041158077}, 'location': [101.87311665841162, 209.05564493262742], 'diameter': 35.55080156749806, 'sphere': {'center': [-5.367512643805387, 1.052117813699275, 85.55130433213851], 'radius': 12.0}, 'projected_sphere': {'center': [121.10102744618021, 127.62481705668748], 'axes': [173.9307204742421, 173.9307204742421], 'angle': 90.0}, 'model_confidence': 0.7119942523945877, 'model_id': 1, 'model_birth_timestamp': 40910.15789, 'theta': 2.6312962649646705, 'phi': -1.944939330703417, 'norm_pos': [0.3183534895575363, 0.12893481278071905], 'topic': 'pupil.1', 'id': 1, 'method': '3d c++'}"
1582184722.486807,"{'circle_3d': {'center': [-7.4621088789859265, 11.522012657168212, 80.07462937571924], 'normal': [-0.17454968626504497, 0.8724912369557447, -0.4563895797016062], 'radius': 2.308136249023178}, 'confidence': 0.2277374796896793, 'timestamp': 41054.70509, 'diameter_3d': 4.616272498046356, 'ellipse': {'center': [102.22558783839911, 209.06583653736487], 'axes': [11.231686419449176, 35.817142486027926], 'angle': -77.56647760614494}, 'location': [102.22558783839911, 209.06583653736487], 'diameter': 35.817142486027926, 'sphere': {'center': [-5.367512643805387, 1.052117813699275, 85.55130433213851], 'radius': 12.0}, 'projected_sphere': {'center': [121.10102744618021, 127.62481705668748], 'axes': [173.9307204742421, 173.9307204742421], 'angle': 90.0}, 'model_confidence': 0.7117042643020821, 'model_id': 1, 'model_birth_timestamp': 40910.15789, 'theta': 2.631074085064402, 'phi': -1.9360891271458938, 'norm_pos': [0.31945496199499723, 0.1288923477609797], 'topic': 'pupil.1', 'id': 1, 'method': '3d c++'}"
1582184722.498129,"{'circle_3d': {'center': [-7.527715819997997, 11.520680747536503, 80.09761637463153], 'normal': [-0.18001693134938412, 0.8723802444864355, -0.45447399645891545], 'radius': 2.2839377927419386}, 'confidence': 0.2817075241016558, 'timestamp': 41054.71349, 'diameter_3d': 4.567875585483877, 'ellipse': {'center': [101.73495565229864, 209.03403663872888], 'axes': [11.022362182741395, 35.43092290607793], 'angle': -77.23294735247346}, 'location': [101.73495565229864, 209.03403663872888], 'diameter': 35.43092290607793, 'sphere': {'center': [-5.367512643805387, 1.052117813699275, 85.55130433213851], 'radius': 12.0}, 'projected_sphere': {'center': [121.10102744618021, 127.62481705668748], 'axes': [173.9307204742421, 173.9307204742421], 'angle': 90.0}, 'model_confidence': 0.7111095915711463, 'model_id': 1, 'model_birth_timestamp': 40910.15789, 'theta': 2.6308469806602526, 'phi': -1.947935704313289, 'norm_pos': [0.31792173641343324, 0.12902484733862962], 'topic': 'pupil.1', 'id': 1, 'method': '3d c++'}"
1582184722.503754,"{'circle_3d': {'center': [-7.420860441257483, 11.51931939932052, 80.05390005478482], 'normal': [-0.17111231645434136, 0.8722667988017704, -0.458117023112808], 'radius': 2.295811483947981}, 'confidence': 0.2032623170688868, 'timestamp': 41054.72189, 'diameter_3d': 4.591622967895962, 'ellipse': {'center': [102.52967968731639, 209.06873440655858], 'axes': [11.251216724227522, 35.635165121918796], 'angle': -77.77062628935566}, 'location': [102.52967968731639, 209.06873440655858], 'diameter': 35.635165121918796, 'sphere': {'center': [-5.367512643805387, 1.052117813699275, 85.55130433213851], 'radius': 12.0}, 'projected_sphere': {'center': [121.10102744618021, 127.62481705668748], 'axes': [173.9307204742421, 173.9307204742421], 'angle': 90.0}, 'model_confidence': 0.7108197121317938, 'model_id': 1, 'model_birth_timestamp': 40910.15789, 'theta': 2.6306149517520296, 'phi': -1.9282620238305133, 'norm_pos': [0.3204052490228637, 0.12888027330600593], 'topic': 'pupil.1', 'id': 1, 'method': '3d c++'}"
1582184722.511582,"{'circle_3d': {'center': [-7.4357174426065775, 11.517928576710958, 80.05682219247835], 'normal': [-0.1723503999000992, 0.8721508969176403, -0.45787351163834705], 'radius': 2.303042831144755}, 'confidence': 0.30399711920397265, 'timestamp': 41054.73029, 'diameter_3d': 4.60608566228951, 'ellipse': {'center': [102.41691895819217, 209.05394002452007], 'axes': [11.273726834167112, 35.74610645224481], 'angle': -77.69294191508777}, 'location': [102.41691895819217, 209.05394002452007], 'diameter': 35.74610645224481, 'sphere': {'center': [-5.367512643805387, 1.052117813699275, 85.55130433213851], 'radius': 12.0}, 'projected_sphere': {'center': [121.10102744618021, 127.62481705668748], 'axes': [173.9307204742421, 173.9307204742421], 'angle': 90.0}, 'model_confidence': 0.7105910477371302, 'model_id': 1, 'model_birth_timestamp': 40910.15789, 'theta': 2.630377998339736, 'phi': -1.9308068566139147, 'norm_pos': [0.32005287174435054, 0.12894191656449971], 'topic': 'pupil.1', 'id': 1, 'method': '3d c++'}"
1582184722.5245812,"{'circle_3d': {'center': [-7.417773137773132, 11.107229221464305, 79.33108194991546], 'normal': [-0.17085504116397868, 0.8379259506470859, -0.5183518651852549], 'radius': 2.07356856917036}, 'confidence': 0.8640763211407997, 'timestamp': 41054.73869, 'diameter_3d': 4.14713713834072, 'ellipse': {'center': [102.03607602582034, 206.6661807120338], 'axes': [12.464797182975099, 32.4757480148287], 'angle': -77.07060474712348}, 'location': [102.03607602582034, 206.6661807120338], 'diameter': 32.4757480148287, 'sphere': {'center': [-5.367512643805387, 1.052117813699275, 85.55130433213851], 'radius': 12.0}, 'projected_sphere': {'center': [121.10102744618021, 127.62481705668748], 'axes': [173.9307204742421, 173.9307204742421], 'angle': 90.0}, 'model_confidence': 0.7103006365972941, 'model_id': 1, 'model_birth_timestamp': 40910.15789, 'theta': 2.5642682603388396, 'phi': -1.88919403088394, 'norm_pos': [0.31886273758068856, 0.13889091369985918], 'topic': 'pupil.1', 'id': 1, 'method': '3d c++'}"
1582184722.5325718,"{'circle_3d': {'center': [-7.408050320133863, 11.091302208035607, 79.30222578502472], 'normal': [-0.1700448063607063, 0.8365986995280277, -0.5207565455928163], 'radius': 2.0548251759707927}, 'confidence': 0.8703741783166924, 'timestamp': 41054.74709, 'diameter_3d': 4.1096503519415855, 'ellipse': {'center': [102.09096776419304, 206.57493731104853], 'axes': [12.446553137056862, 32.19375710718783], 'angle': -77.09381999795909}, 'location': [102.09096776419304, 206.57493731104853], 'diameter': 32.19375710718783, 'sphere': {'center': [-5.367512643805387, 1.052117813699275, 85.55130433213851], 'radius': 12.0}, 'projected_sphere': {'center': [121.10102744618021, 127.62481705668748], 'axes': [173.9307204742421, 173.9307204742421], 'angle': 90.0}, 'model_confidence': 0.7098139389307367, 'model_id': 1, 'model_birth_timestamp': 40910.15789, 'theta': 2.5618409555172703, 'phi': -1.8864152037522932, 'norm_pos': [0.31903427426310327, 0.1392710945372978], 'topic': 'pupil.1', 'id': 1, 'method': '3d c++'}"
1582184722.5395358,"{'circle_3d': {'center': [-7.406654387688305, 11.06806658488668, 79.26459842512301], 'normal': [-0.16992847865690983, 0.8346623975989504, -0.5238921589179587], 'radius': 2.044091992677398}, 'confidence': 0.7973060549180532, 'timestamp': 41054.75549, 'diameter_3d': 4.088183985354796, 'ellipse': {'center': [102.07462498205454, 206.43475211685623], 'axes': [12.502382776521001, 32.040660102906635], 'angle': -77.06041528797917}, 'location': [102.07462498205454, 206.43475211685623], 'diameter': 32.040660102906635, 'sphere': {'center': [-5.367512643805387, 1.052117813699275, 85.55130433213851], 'radius': 12.0}, 'projected_sphere': {'center': [121.10102744618021, 127.62481705668748], 'axes': [173.9307204742421, 173.9307204742421], 'angle': 90.0}, 'model_confidence': 0.7095406877074328, 'model_id': 1, 'model_birth_timestamp': 40910.15789, 'theta': 2.558315853638521, 'phi': -1.8844472174798341, 'norm_pos': [0.3189832030689205, 0.139855199513099], 'topic': 'pupil.1', 'id': 1, 'method': '3d c++'}"
1582184722.550046,"{'circle_3d': {'center': [-7.223427912920729, 11.440178232087426, 79.837830847665], 'normal': [-0.15465960575961185, 0.865671701532346, -0.47612279037279265], 'radius': 2.3087183713541304}, 'confidence': 0.2120281264814823, 'timestamp': 41054.76389, 'diameter_3d': 4.617436742708261, 'ellipse': {'center': [103.90662664887148, 208.68513027703733], 'axes': [12.109300502401494, 35.93325037629881], 'angle': -78.64642202727751}, 'location': [103.90662664887148, 208.68513027703733], 'diameter': 35.93325037629881, 'sphere': {'center': [-5.367512643805387, 1.052117813699275, 85.55130433213851], 'radius': 12.0}, 'projected_sphere': {'center': [121.10102744618021, 127.62481705668748], 'axes': [173.9307204742421, 173.9307204742421], 'angle': 90.0}, 'model_confidence': 0.7091980817520271, 'model_id': 1, 'model_birth_timestamp': 40910.15789, 'theta': 2.6172869062756963, 'phi': -1.8848756744557154, 'norm_pos': [0.3247082082777234, 0.13047862384567777], 'topic': 'pupil.1', 'id': 1, 'method': '3d c++'}"
1582184722.554681,"{'circle_3d': {'center': [-7.40622735391158, 11.070036907420473, 79.26760006137172], 'normal': [-0.16989289250884945, 0.834826591143433, -0.5236420225638998], 'radius': 2.0605323814858973}, 'confidence': 0.8165787507998065, 'timestamp': 41054.77229, 'diameter_3d': 4.121064762971795, 'ellipse': {'center': [102.08026652570821, 206.44472892224906], 'axes': [12.59339772283345, 32.29726996020228], 'angle': -77.06611463795454}, 'location': [102.08026652570821, 206.44472892224906], 'diameter': 32.29726996020228, 'sphere': {'center': [-5.367512643805387, 1.052117813699275, 85.55130433213851], 'radius': 12.0}, 'projected_sphere': {'center': [121.10102744618021, 127.62481705668748], 'axes': [173.9307204742421, 173.9307204742421], 'angle': 90.0}, 'model_confidence': 0.7089096700717112, 'model_id': 1, 'model_birth_timestamp': 40910.15789, 'theta': 2.5586140417507983, 'phi': -1.8845259175489255, 'norm_pos': [0.31900083289283815, 0.13981362949062892], 'topic': 'pupil.1', 'id': 1, 'method': '3d c++'}"
1582184722.563843,"{'circle_3d': {'center': [-7.4268396308221, 11.070177034465999, 79.27454865665173], 'normal': [-0.17161058225139272, 0.834838268397227, -0.5230629729572316], 'radius': 1.9999973078360378}, 'confidence': 0.7585050259203977, 'timestamp': 41054.78069, 'diameter_3d': 3.9999946156720756, 'ellipse': {'center': [101.9238434925166, 206.4466296150263], 'axes': [12.197811963012096, 31.34514679225986], 'angle': -76.95771211190394}, 'location': [101.9238434925166, 206.4466296150263], 'diameter': 31.34514679225986, 'sphere': {'center': [-5.367512643805387, 1.052117813699275, 85.55130433213851], 'radius': 12.0}, 'projected_sphere': {'center': [121.10102744618021, 127.62481705668748], 'axes': [173.9307204742421, 173.9307204742421], 'angle': 90.0}, 'model_confidence': 0.7085436864360917, 'model_id': 1, 'model_birth_timestamp': 40910.15789, 'theta': 2.5586352536778856, 'phi': -1.8878184992876053, 'norm_pos': [0.31851201091411435, 0.1398057099373904], 'topic': 'pupil.1', 'id': 1, 'method': '3d c++'}"
1582184722.571092,"{'circle_3d': {'center': [-7.45300970009896, 11.066415835824962, 79.27718788818879], 'normal': [-0.17379142135779774, 0.8345248351771406, -0.5228430369958107], 'radius': 2.040684247791608}, 'confidence': 0.7015879882342376, 'timestamp': 41054.78909, 'diameter_3d': 4.081368495583216, 'ellipse': {'center': [101.72180844913623, 206.4090394276378], 'axes': [12.43327523876494, 31.981933325757986], 'angle': -76.81315922056787}, 'location': [101.72180844913623, 206.4090394276378], 'diameter': 31.981933325757986, 'sphere': {'center': [-5.367512643805387, 1.052117813699275, 85.55130433213851], 'radius': 12.0}, 'projected_sphere': {'center': [121.10102744618021, 127.62481705668748], 'axes': [173.9307204742421, 173.9307204742421], 'angle': 90.0}, 'model_confidence': 0.7084352324410181, 'model_id': 1, 'model_birth_timestamp': 40910.15789, 'theta': 2.5580661333950445, 'phi': -1.891703883277421, 'norm_pos': [0.3178806514035507, 0.13996233571817585], 'topic': 'pupil.1', 'id': 1, 'method': '3d c++'}"
1582184722.580307,"{'circle_3d': {'center': [-7.427414778082588, 11.02878545477586, 79.20915122954823], 'normal': [-0.17165851118976674, 0.8313889700897155, -0.5285127585491906], 'radius': 2.0451848034806965}, 'confidence': 0.7469867658351375, 'timestamp': 41054.79749, 'diameter_3d': 4.090369606961393, 'ellipse': {'center': [101.87238581920246, 206.1862649179156], 'axes': [12.68384531103622, 32.080041480139606], 'angle': -76.88146758573862}, 'location': [101.87238581920246, 206.1862649179156], 'diameter': 32.080041480139606, 'sphere': {'center': [-5.367512643805387, 1.052117813699275, 85.55130433213851], 'radius': 12.0}, 'projected_sphere': {'center': [121.10102744618021, 127.62481705668748], 'axes': [173.9307204742421, 173.9307204742421], 'angle': 90.0}, 'model_confidence': 0.7081834021413269, 'model_id': 1, 'model_birth_timestamp': 40910.15789, 'theta': 2.5523988946556204, 'phi': -1.8848431582614893, 'norm_pos': [0.3183512056850077, 0.1408905628420184], 'topic': 'pupil.1', 'id': 1, 'method': '3d c++'}"
1582184722.589293,"{'circle_3d': {'center': [-7.392785548628746, 11.006859021931675, 79.16370719877858], 'normal': [-0.16877274206861326, 0.8295617673526999, -0.5322997611133282], 'radius': 2.069683700890407}, 'confidence': 0.7096663970163518, 'timestamp': 41054.80589, 'diameter_3d': 4.139367401780814, 'ellipse': {'center': [102.11036642984709, 206.05933062059307], 'axes': [12.99022740740672, 32.48323977292657], 'angle': -77.02628738043391}, 'location': [102.11036642984709, 206.05933062059307], 'diameter': 32.48323977292657, 'sphere': {'center': [-5.367512643805387, 1.052117813699275, 85.55130433213851], 'radius': 12.0}, 'projected_sphere': {'center': [121.10102744618021, 127.62481705668748], 'axes': [173.9307204742421, 173.9307204742421], 'angle': 90.0}, 'model_confidence': 0.7080941406153785, 'model_id': 1, 'model_birth_timestamp': 40910.15789, 'theta': 2.549118773531305, 'phi': -1.8778331293998665, 'norm_pos': [0.31909489509327216, 0.1414194557475289], 'topic': 'pupil.1', 'id': 1, 'method': '3d c++'}"
1582184722.59599,"{'circle_3d': {'center': [-7.377683242729177, 10.992483776186486, 79.1366072469249], 'normal': [-0.1675142165769825, 0.8283638302072676, -0.5345580904344681], 'radius': 2.0884253579317966}, 'confidence': 0.8104166968105346, 'timestamp': 41054.81429, 'diameter_3d': 4.176850715863593, 'ellipse': {'center': [102.20906272575209, 205.97276871385367], 'axes': [13.20001961191034, 32.78878411819718], 'angle': -77.0813124302322}, 'location': [102.20906272575209, 205.97276871385367], 'diameter': 32.78878411819718, 'sphere': {'center': [-5.367512643805387, 1.052117813699275, 85.55130433213851], 'radius': 12.0}, 'projected_sphere': {'center': [121.10102744618021, 127.62481705668748], 'axes': [173.9307204742421, 173.9307204742421], 'angle': 90.0}, 'model_confidence': 0.7078758855999845, 'model_id': 1, 'model_birth_timestamp': 40910.15789, 'theta': 2.5469769339746744, 'phi': -1.8744731669588979, 'norm_pos': [0.3194033210179753, 0.1417801303589431], 'topic': 'pupil.1', 'id': 1, 'method': '3d c++'}"
1582184722.609235,"{'circle_3d': {'center': [-7.390755632120317, 10.997909524082115, 79.14913945891676], 'normal': [-0.16860358235957748, 0.8288159758652366, -0.5335137394351459], 'radius': 2.0839532414237754}, 'confidence': 0.796834199223041, 'timestamp': 41054.82269, 'diameter_3d': 4.167906482847551, 'ellipse': {'center': [102.115852737572, 206.0026654408819], 'axes': [13.128170235632393, 32.71331227708095], 'angle': -77.02132832833631}, 'location': [102.115852737572, 206.0026654408819], 'diameter': 32.71331227708095, 'sphere': {'center': [-5.367512643805387, 1.052117813699275, 85.55130433213851], 'radius': 12.0}, 'projected_sphere': {'center': [121.10102744618021, 127.62481705668748], 'axes': [173.9307204742421, 173.9307204742421], 'angle': 90.0}, 'model_confidence': 0.7077829759815857, 'model_id': 1, 'model_birth_timestamp': 40910.15789, 'theta': 2.5477845447317793, 'phi': -1.8768891869263995, 'norm_pos': [0.3191120398049125, 0.141655560662992], 'topic': 'pupil.1', 'id': 1, 'method': '3d c++'}"
1582184722.614859,"{'circle_3d': {'center': [-7.5008890026221104, 11.373241805801737, 79.8134384526247], 'normal': [-0.1777813632347269, 0.8600936660085383, -0.47815548995948487], 'radius': 2.2505742966115965}, 'confidence': 0.2301528794477604, 'timestamp': 41054.83109, 'diameter_3d': 4.501148593223193, 'ellipse': {'center': [101.73840146715237, 208.20000984531194], 'axes': [11.835993124037934, 35.036984386218506], 'angle': -77.10812994222086}, 'location': [101.73840146715237, 208.20000984531194], 'diameter': 35.036984386218506, 'sphere': {'center': [-5.367512643805387, 1.052117813699275, 85.55130433213851], 'radius': 12.0}, 'projected_sphere': {'center': [121.10102744618021, 127.62481705668748], 'axes': [173.9307204742421, 173.9307204742421], 'angle': 90.0}, 'model_confidence': 0.7064700023259096, 'model_id': 1, 'model_birth_timestamp': 40910.15789, 'theta': 2.6062495806911103, 'phi': -1.9267643619022286, 'norm_pos': [0.31793250458485117, 0.13249995897786693], 'topic': 'pupil.1', 'id': 1, 'method': '3d c++'}"
1582184722.623142,"{'circle_3d': {'center': [-7.50089598745474, 11.339183633810347, 79.75260169087969], 'normal': [-0.1777819453041127, 0.8572554850092557, -0.48322522010490226], 'radius': 2.2115120992636212}, 'confidence': 0.3501028494721252, 'timestamp': 41054.83949, 'diameter_3d': 4.4230241985272425, 'ellipse': {'center': [101.69431829864257, 208.00566024466184], 'axes': [11.83611899587999, 34.45465561137821], 'angle': -77.0478508532757}, 'location': [101.69431829864257, 208.00566024466184], 'diameter': 34.45465561137821, 'sphere': {'center': [-5.367512643805387, 1.052117813699275, 85.55130433213851], 'radius': 12.0}, 'projected_sphere': {'center': [121.10102744618021, 127.62481705668748], 'axes': [173.9307204742421, 173.9307204742421], 'angle': 90.0}, 'model_confidence': 0.7058862665230259, 'model_id': 1, 'model_birth_timestamp': 40910.15789, 'theta': 2.6007118288801236, 'phi': -1.9233340298397368, 'norm_pos': [0.317794744683258, 0.13330974898057568], 'topic': 'pupil.1', 'id': 1, 'method': '3d c++'}"
1582184722.63361,"{'circle_3d': {'center': [-7.360033281216491, 10.98434300289209, 79.1185161107951], 'normal': [-0.16604338645092528, 0.8276854324327345, -0.5360656851119515], 'radius': 2.0756090224824835}, 'confidence': 0.8801780942767348, 'timestamp': 41054.84789, 'diameter_3d': 4.151218044964967, 'ellipse': {'center': [102.33393713232509, 205.92992214788137], 'axes': [13.181392748341485, 32.59497204086458], 'angle': -77.16106909677812}, 'location': [102.33393713232509, 205.92992214788137], 'diameter': 32.59497204086458, 'sphere': {'center': [-5.367512643805387, 1.052117813699275, 85.55130433213851], 'radius': 12.0}, 'projected_sphere': {'center': [121.10102744618021, 127.62481705668748], 'axes': [173.9307204742421, 173.9307204742421], 'angle': 90.0}, 'model_confidence': 0.7052730750101377, 'model_id': 1, 'model_birth_timestamp': 40910.15789, 'theta': 2.5457670033532542, 'phi': -1.8711688618456652, 'norm_pos': [0.3197935535385159, 0.14195865771716099], 'topic': 'pupil.1', 'id': 1, 'method': '3d c++'}"
1582184722.638981,"{'circle_3d': {'center': [-7.634496275386682, 10.869731174737971, 79.03400020333672], 'normal': [-0.18891530263177456, 0.8181344467532247, -0.5431086774001498], 'radius': 2.263055409062376}, 'confidence': 0.23078548357721215, 'timestamp': 41054.85629, 'diameter_3d': 4.526110818124752, 'ellipse': {'center': [100.12702229914827, 205.0933675786386], 'axes': [14.624278485920824, 35.57652096466233], 'angle': -75.4931630673971}, 'location': [100.12702229914827, 205.0933675786386], 'diameter': 35.57652096466233, 'sphere': {'center': [-5.367512643805387, 1.052117813699275, 85.55130433213851], 'radius': 12.0}, 'projected_sphere': {'center': [121.10102744618021, 127.62481705668748], 'axes': [173.9307204742421, 173.9307204742421], 'angle': 90.0}, 'model_confidence': 0.7047579895893885, 'model_id': 1, 'model_birth_timestamp': 40910.15789, 'theta': 2.528955529194021, 'phi': -1.9055462001504175, 'norm_pos': [0.3128969446848383, 0.14544430175567247], 'topic': 'pupil.1', 'id': 1, 'method': '3d c++'}"
1582184722.64709,"{'circle_3d': {'center': [-7.449378674068092, 11.328759032212282, 79.71551140418111], 'normal': [-0.17348883585522548, 0.8563867682094176, -0.4863160773297835], 'radius': 2.202523045394611}, 'confidence': 0.20784056867154946, 'timestamp': 41054.86469, 'diameter_3d': 4.405046090789222, 'ellipse': {'center': [102.06744600881035, 207.96536453305328], 'axes': [11.922627030385959, 34.330690638035804], 'angle': -77.29415915760163}, 'location': [102.06744600881035, 207.96536453305328], 'diameter': 34.330690638035804, 'sphere': {'center': [-5.367512643805387, 1.052117813699275, 85.55130433213851], 'radius': 12.0}, 'projected_sphere': {'center': [121.10102744618021, 127.62481705668748], 'axes': [173.9307204742421, 173.9307204742421], 'angle': 90.0}, 'model_confidence': 0.7044018205866864, 'model_id': 1, 'model_birth_timestamp': 40910.15789, 'theta': 2.599027006230052, 'phi': -1.9134637363177394, 'norm_pos': [0.3189607687775323, 0.13347764777894466], 'topic': 'pupil.1', 'id': 1, 'method': '3d c++'}"
1582184722.656967,"{'circle_3d': {'center': [-7.435401847813696, 11.350659640809873, 79.74924689746938], 'normal': [-0.17232410033402576, 0.858211818925883, -0.48350478622242815], 'radius': 2.2245460902605636}, 'confidence': 0.2706056739822786, 'timestamp': 41054.87309, 'diameter_3d': 4.449092180521127, 'ellipse': {'center': [102.20018411409431, 208.0965502643609], 'axes': [11.929462763605006, 34.65963019477134], 'angle': -77.40423449816271}, 'location': [102.20018411409431, 208.0965502643609], 'diameter': 34.65963019477134, 'sphere': {'center': [-5.367512643805387, 1.052117813699275, 85.55130433213851], 'radius': 12.0}, 'projected_sphere': {'center': [121.10102744618021, 127.62481705668748], 'axes': [173.9307204742421, 173.9307204742421], 'angle': 90.0}, 'model_confidence': 0.7040262393889107, 'model_id': 1, 'model_birth_timestamp': 40910.15789, 'theta': 2.602572061810851, 'phi': -1.9131667840634956, 'norm_pos': [0.3193755753565447, 0.13293104056516292], 'topic': 'pupil.1', 'id': 1, 'method': '3d c++'}"
1582184722.663098,"{'circle_3d': {'center': [-7.443200915951542, 11.342236873907265, 79.73710035191739], 'normal': [-0.17297402267884626, 0.8575099216839992, -0.4845169983517603], 'radius': 2.196612116693456}, 'confidence': 0.26082164625096155, 'timestamp': 41054.88149, 'diameter_3d': 4.393224233386912, 'ellipse': {'center': [102.13082791037584, 208.0477996354236], 'axes': [11.818965620791268, 34.22930147557854], 'angle': -77.34948304670465}, 'location': [102.13082791037584, 208.0477996354236], 'diameter': 34.22930147557854, 'sphere': {'center': [-5.367512643805387, 1.052117813699275, 85.55130433213851], 'radius': 12.0}, 'projected_sphere': {'center': [121.10102744618021, 127.62481705668748], 'axes': [173.9307204742421, 173.9307204742421], 'angle': 90.0}, 'model_confidence': 0.7040262393889107, 'model_id': 1, 'model_birth_timestamp': 40910.15789, 'theta': 2.6012061884593023, 'phi': -1.9136962268334707, 'norm_pos': [0.3191588372199245, 0.1331341681857351], 'topic': 'pupil.1', 'id': 1, 'method': '3d c++'}"
1582184722.67156,"{'circle_3d': {'center': [-7.779424888739056, 10.949833583040135, 79.2095457533151], 'normal': [-0.20099268707780568, 0.8248096474450713, -0.5284798815686179], 'radius': 2.242840890836382}, 'confidence': 0.28501628218413483, 'timestamp': 41054.88989, 'diameter_3d': 4.485681781672764, 'ellipse': {'center': [99.12542661566046, 205.5408138339144], 'axes': [13.84376691698809, 35.17997937433982], 'angle': -74.88402708800827}, 'location': [99.12542661566046, 205.5408138339144], 'diameter': 35.17997937433982, 'sphere': {'center': [-5.367512643805387, 1.052117813699275, 85.55130433213851], 'radius': 12.0}, 'projected_sphere': {'center': [121.10102744618021, 127.62481705668748], 'axes': [173.9307204742421, 173.9307204742421], 'angle': 90.0}, 'model_confidence': 0.7038954388968954, 'model_id': 1, 'model_birth_timestamp': 40910.15789, 'theta': 2.5406617814376333, 'phi': -1.9342249438784938, 'norm_pos': [0.30976695817393896, 0.14357994235868998], 'topic': 'pupil.1', 'id': 1, 'method': '3d c++'}"
1582184722.6842089,"{'circle_3d': {'center': [-7.7612518144837175, 10.974308197601786, 79.24098336024232], 'normal': [-0.19947826422319412, 0.8268491986585422, -0.525860080991349], 'radius': 2.2079206851090847}, 'confidence': 0.23961460866884143, 'timestamp': 41054.89829, 'diameter_3d': 4.415841370218169, 'ellipse': {'center': [99.29054229674016, 205.7044008955777], 'axes': [13.522128749550447, 34.61836125611814], 'angle': -75.0263531526701}, 'location': [99.29054229674016, 205.7044008955777], 'diameter': 34.61836125611814, 'sphere': {'center': [-5.367512643805387, 1.052117813699275, 85.55130433213851], 'radius': 12.0}, 'projected_sphere': {'center': [121.10102744618021, 127.62481705668748], 'axes': [173.9307204742421, 173.9307204742421], 'angle': 90.0}, 'model_confidence': 0.7038954388968954, 'model_id': 1, 'model_birth_timestamp': 40910.15789, 'theta': 2.544278534673547, 'phi': -1.9333639971484216, 'norm_pos': [0.310282944677313, 0.14289832960175963], 'topic': 'pupil.1', 'id': 1, 'method': '3d c++'}"
1582184722.691252,"{'circle_3d': {'center': [-7.771038300337399, 10.965151035533719, 79.2303204877359], 'normal': [-0.20029380471100106, 0.8260861018195371, -0.5267486537002184], 'radius': 2.2145170095182}, 'confidence': 0.3141500174524007, 'timestamp': 41054.90669, 'diameter_3d': 4.4290340190364, 'ellipse': {'center': [99.20618091115949, 205.64303288263721], 'axes': [13.597897010677135, 34.72643885039917], 'angle': -74.95756456805704}, 'location': [99.20618091115949, 205.64303288263721], 'diameter': 34.72643885039917, 'sphere': {'center': [-5.367512643805387, 1.052117813699275, 85.55130433213851], 'radius': 12.0}, 'projected_sphere': {'center': [121.10102744618021, 127.62481705668748], 'axes': [173.9307204742421, 173.9307204742421], 'angle': 90.0}, 'model_confidence': 0.7037097119317104, 'model_id': 1, 'model_birth_timestamp': 40910.15789, 'theta': 2.5429230840966874, 'phi': -1.9341578413336693, 'norm_pos': [0.3100193153473734, 0.14315402965567825], 'topic': 'pupil.1', 'id': 1, 'method': '3d c++'}"
1582184722.699938,"{'circle_3d': {'center': [-7.397873947916059, 11.218959173542405, 79.50870805747701], 'normal': [-0.169196775342556, 0.8472367799869276, -0.5035496895551256], 'radius': 2.2235407281963306}, 'confidence': 0.2923499258180166, 'timestamp': 41054.91509, 'diameter_3d': 4.447081456392661, 'ellipse': {'center': [102.31984765512209, 207.32829716765985], 'axes': [12.755609129311052, 34.7485262173347], 'angle': -77.36960912575992}, 'location': [102.31984765512209, 207.32829716765985], 'diameter': 34.7485262173347, 'sphere': {'center': [-5.367512643805387, 1.052117813699275, 85.55130433213851], 'radius': 12.0}, 'projected_sphere': {'center': [121.10102744618021, 127.62481705668748], 'axes': [173.9307204742421, 173.9307204742421], 'angle': 90.0}, 'model_confidence': 0.703411053738201, 'model_id': 1, 'model_birth_timestamp': 40910.15789, 'theta': 2.5815581449333407, 'phi': -1.8949522380248816, 'norm_pos': [0.31974952392225653, 0.13613209513475055], 'topic': 'pupil.1', 'id': 1, 'method': '3d c++'}"
1582184722.708003,"{'circle_3d': {'center': [-7.36733014908458, 11.318701192869412, 79.66929824032542], 'normal': [-0.1666514587732661, 0.8555486149308448, -0.4901671743177581], 'radius': 2.2486354488866094}, 'confidence': 0.2791046399095237, 'timestamp': 41054.92349, 'diameter_3d': 4.497270897773219, 'ellipse': {'center': [102.67183589210578, 207.93014440546145], 'axes': [12.347565074578391, 35.07054893517853], 'angle': -77.70002286774044}, 'location': [102.67183589210578, 207.93014440546145], 'diameter': 35.07054893517853, 'sphere': {'center': [-5.367512643805387, 1.052117813699275, 85.55130433213851], 'radius': 12.0}, 'projected_sphere': {'center': [121.10102744618021, 127.62481705668748], 'axes': [173.9307204742421, 173.9307204742421], 'angle': 90.0}, 'model_confidence': 0.703411053738201, 'model_id': 1, 'model_birth_timestamp': 40910.15789, 'theta': 2.597405910282211, 'phi': -1.8985249941228708, 'norm_pos': [0.32084948716283057, 0.13362439831057726], 'topic': 'pupil.1', 'id': 1, 'method': '3d c++'}"
1582184722.7171168,"{'circle_3d': {'center': [-7.409201826676279, 11.241893577375006, 79.55130640159265], 'normal': [-0.17014076523924102, 0.8491479803063111, -0.49999982754548844], 'radius': 2.2100379810746307}, 'confidence': 0.21795790598354653, 'timestamp': 41054.93189, 'diameter_3d': 4.420075962149261, 'ellipse': {'center': [102.2620980757261, 207.4635478148398], 'axes': [12.530098713004897, 34.51891364318283], 'angle': -77.35050200498597}, 'location': [102.2620980757261, 207.4635478148398], 'diameter': 34.51891364318283, 'sphere': {'center': [-5.367512643805387, 1.052117813699275, 85.55130433213851], 'radius': 12.0}, 'projected_sphere': {'center': [121.10102744618021, 127.62481705668748], 'axes': [173.9307204742421, 173.9307204742421], 'angle': 90.0}, 'model_confidence': 0.7029697474185581, 'model_id': 1, 'model_birth_timestamp': 40910.15789, 'theta': 2.5851663223495045, 'phi': -1.8987872750104204, 'norm_pos': [0.3195690564866441, 0.13556855077150076], 'topic': 'pupil.1', 'id': 1, 'method': '3d c++'}"
1582184722.7246552,"{'circle_3d': {'center': [-7.377469282533413, 11.305406559653669, 79.6495974432361], 'normal': [-0.1674963865606688, 0.8544407288295326, -0.4918089074085341], 'radius': 2.243751589062656}, 'confidence': 0.2793996557103258, 'timestamp': 41054.94029, 'diameter_3d': 4.487503178125312, 'ellipse': {'center': [102.57906564458175, 207.848452113968], 'axes': [12.386873078245687, 35.002900687936894], 'angle': -77.62476838338685}, 'location': [102.57906564458175, 207.848452113968], 'diameter': 35.002900687936894, 'sphere': {'center': [-5.367512643805387, 1.052117813699275, 85.55130433213851], 'radius': 12.0}, 'projected_sphere': {'center': [121.10102744618021, 127.62481705668748], 'axes': [173.9307204742421, 173.9307204742421], 'angle': 90.0}, 'model_confidence': 0.7029581444996436, 'model_id': 1, 'model_birth_timestamp': 40910.15789, 'theta': 2.595269756293491, 'phi': -1.8990475517167416, 'norm_pos': [0.32055958013931796, 0.1339647828584667], 'topic': 'pupil.1', 'id': 1, 'method': '3d c++'}"
1582184722.733349,"{'circle_3d': {'center': [-7.416653844582119, 11.233512520698934, 79.53963050868812], 'normal': [-0.1707617667313943, 0.8484495589166381, -0.5009728186208661], 'radius': 2.2099931236311323}, 'confidence': 0.2946940431281272, 'timestamp': 41054.94869, 'diameter_3d': 4.419986247262265, 'ellipse': {'center': [102.1957690967424, 207.41071725550762], 'axes': [12.56842375276745, 34.52322013185133], 'angle': -77.29719104087162}, 'location': [102.1957690967424, 207.41071725550762], 'diameter': 34.52322013185133, 'sphere': {'center': [-5.367512643805387, 1.052117813699275, 85.55130433213851], 'radius': 12.0}, 'projected_sphere': {'center': [121.10102744618021, 127.62481705668748], 'axes': [173.9307204742421, 173.9307204742421], 'angle': 90.0}, 'model_confidence': 0.7027571216957629, 'model_id': 1, 'model_birth_timestamp': 40910.15789, 'theta': 2.5838453451461447, 'phi': -1.8993058242418352, 'norm_pos': [0.31936177842732, 0.13578867810205153], 'topic': 'pupil.1', 'id': 1, 'method': '3d c++'}"
1582184722.7399108,"{'circle_3d': {'center': [-7.417893639521731, 11.23409350972592, 79.54103739148371], 'normal': [-0.17086508297636194, 0.8484979746688869, -0.5008555783879001], 'radius': 2.207792561544252}, 'confidence': 0.30784002442496555, 'timestamp': 41054.95709, 'diameter_3d': 4.415585123088504, 'ellipse': {'center': [102.18711748467216, 207.41405262721787], 'axes': [12.550856328683214, 34.488210456705886], 'angle': -77.29176084682169}, 'location': [102.18711748467216, 207.41405262721787], 'diameter': 34.488210456705886, 'sphere': {'center': [-5.367512643805387, 1.052117813699275, 85.55130433213851], 'radius': 12.0}, 'projected_sphere': {'center': [121.10102744618021, 127.62481705668748], 'axes': [173.9307204742421, 173.9307204742421], 'angle': 90.0}, 'model_confidence': 0.7024555172181479, 'model_id': 1, 'model_birth_timestamp': 40910.15789, 'theta': 2.5839368272462546, 'phi': -1.8995620925859211, 'norm_pos': [0.3193347421396005, 0.13577478071992555], 'topic': 'pupil.1', 'id': 1, 'method': '3d c++'}"
1582184722.747842,"{'circle_3d': {'center': [-7.388875604418859, 11.292448631332991, 79.63102422669746], 'normal': [-0.16844691338445597, 0.8533609014694764, -0.49335667545342105], 'radius': 2.254620068283765}, 'confidence': 0.2903849463719569, 'timestamp': 41054.96549, 'diameter_3d': 4.50924013656753, 'ellipse': {'center': [102.47729406070337, 207.76597160345844], 'axes': [12.509335255079536, 35.18066488292945], 'angle': -77.54340943177948}, 'location': [102.47729406070337, 207.76597160345844], 'diameter': 35.18066488292945, 'sphere': {'center': [-5.367512643805387, 1.052117813699275, 85.55130433213851], 'radius': 12.0}, 'projected_sphere': {'center': [121.10102744618021, 127.62481705668748], 'axes': [173.9307204742421, 173.9307204742421], 'angle': 90.0}, 'model_confidence': 0.7022459228759326, 'model_id': 1, 'model_birth_timestamp': 40910.15789, 'theta': 2.5931949006321995, 'phi': -1.8998163567485575, 'norm_pos': [0.32024154393969806, 0.13430845165225647], 'topic': 'pupil.1', 'id': 1, 'method': '3d c++'}"
1582184722.755302,"{'circle_3d': {'center': [-7.3951438340091915, 11.283413044793303, 79.61756102367755], 'normal': [-0.1689692658503171, 0.8526079359245026, -0.4944786090384137], 'radius': 2.230129898585449}, 'confidence': 0.26784169595015345, 'timestamp': 41054.97389, 'diameter_3d': 4.460259797170898, 'ellipse': {'center': [102.41885030923508, 207.71340420411906], 'axes': [12.418434371876351, 34.80412385377371], 'angle': -77.4953669770867}, 'location': [102.41885030923508, 207.71340420411906], 'diameter': 34.80412385377371, 'sphere': {'center': [-5.367512643805387, 1.052117813699275, 85.55130433213851], 'radius': 12.0}, 'projected_sphere': {'center': [121.10102744618021, 127.62481705668748], 'axes': [173.9307204742421, 173.9307204742421], 'angle': 90.0}, 'model_confidence': 0.7018669662141486, 'model_id': 1, 'model_birth_timestamp': 40910.15789, 'theta': 2.5917522609411003, 'phi': -1.9000686167299654, 'norm_pos': [0.32005890721635966, 0.1345274824828373], 'topic': 'pupil.1', 'id': 1, 'method': '3d c++'}"
1582184722.7689621,"{'circle_3d': {'center': [-7.295509500920572, 10.870580631423781, 78.92705977023446], 'normal': [-0.16066640475959867, 0.8182052348103754, -0.5520203801586706], 'radius': 2.1054193457821677}, 'confidence': 0.7318067087983131, 'timestamp': 41054.98229, 'diameter_3d': 4.210838691564335, 'ellipse': {'center': [102.70197074275909, 205.23516285343652], 'axes': [14.023235166419981, 33.14351383691863], 'angle': -77.30950432629693}, 'location': [102.70197074275909, 205.23516285343652], 'diameter': 33.14351383691863, 'sphere': {'center': [-5.367512643805387, 1.052117813699275, 85.55130433213851], 'radius': 12.0}, 'projected_sphere': {'center': [121.10102744618021, 127.62481705668748], 'axes': [173.9307204742421, 173.9307204742421], 'angle': 90.0}, 'model_confidence': 0.7017521717163189, 'model_id': 1, 'model_birth_timestamp': 40910.15789, 'theta': 2.5290786438654864, 'phi': -1.8540234799940212, 'norm_pos': [0.32094365857112217, 0.14485348811068122], 'topic': 'pupil.1', 'id': 1, 'method': '3d c++'}"
1582184722.7751129,"{'circle_3d': {'center': [-7.699440676011356, 10.895917634539916, 79.09671551953164], 'normal': [-0.1943273360171641, 0.8203166517367201, -0.5378824010505726], 'radius': 2.2588853139934075}, 'confidence': 0.20770086607333707, 'timestamp': 41054.99069, 'diameter_3d': 4.517770627986815, 'ellipse': {'center': [99.66577934424697, 205.23399192977743], 'axes': [14.36036017496855, 35.48253958751524], 'angle': -75.1996297148177}, 'location': [99.66577934424697, 205.23399192977743], 'diameter': 35.48253958751524, 'sphere': {'center': [-5.367512643805387, 1.052117813699275, 85.55130433213851], 'radius': 12.0}, 'projected_sphere': {'center': [121.10102744618021, 127.62481705668748], 'axes': [173.9307204742421, 173.9307204742421], 'angle': 90.0}, 'model_confidence': 0.7017521717163189, 'model_id': 1, 'model_birth_timestamp': 40910.15789, 'theta': 2.5327608003641355, 'phi': -1.9174865333775364, 'norm_pos': [0.3114555604507718, 0.1448583669592607], 'topic': 'pupil.1', 'id': 1, 'method': '3d c++'}"
1582184722.7842538,"{'circle_3d': {'center': [-7.739618198291831, 10.885887907935949, 79.09606762291777], 'normal': [-0.1976754628738703, 0.8194808411863894, -0.5379363924350619], 'radius': 2.2458846391964196}, 'confidence': 0.24578736356989825, 'timestamp': 41054.99909, 'diameter_3d': 4.491769278392839, 'ellipse': {'center': [99.3508736795964, 205.1582190145537], 'axes': [14.272398405382663, 35.27826181991865], 'angle': -74.96866156627357}, 'location': [99.3508736795964, 205.1582190145537], 'diameter': 35.27826181991865, 'sphere': {'center': [-5.367512643805387, 1.052117813699275, 85.55130433213851], 'radius': 12.0}, 'projected_sphere': {'center': [121.10102744618021, 127.62481705668748], 'axes': [173.9307204742421, 173.9307204742421], 'angle': 90.0}, 'model_confidence': 0.7017521717163189, 'model_id': 1, 'model_birth_timestamp': 40910.15789, 'theta': 2.531300890160264, 'phi': -1.9229490280632557, 'norm_pos': [0.3104714802487388, 0.14517408743935956], 'topic': 'pupil.1', 'id': 1, 'method': '3d c++'}"
1582184722.7925062,"{'circle_3d': {'center': [-7.769942047083825, 11.271348944442892, 79.73790188101717], 'normal': [-0.20020245027320321, 0.8516025942286349, -0.4844502042601125], 'radius': 2.2384627977638165}, 'confidence': 0.2689868038728461, 'timestamp': 41055.00749, 'diameter_3d': 4.476925595527633, 'ellipse': {'center': [99.59597417249778, 207.49127089933467], 'axes': [11.981255435778227, 34.879760914404585], 'angle': -75.54966089698304}, 'location': [99.59597417249778, 207.49127089933467], 'diameter': 34.879760914404585, 'sphere': {'center': [-5.367512643805387, 1.052117813699275, 85.55130433213851], 'radius': 12.0}, 'projected_sphere': {'center': [121.10102744618021, 127.62481705668748], 'axes': [173.9307204742421, 173.9307204742421], 'angle': 90.0}, 'model_confidence': 0.7017521717163189, 'model_id': 1, 'model_birth_timestamp': 40910.15789, 'theta': 2.5898313594090743, 'phi': -1.9626786769253977, 'norm_pos': [0.3112374192890556, 0.13545303791943886], 'topic': 'pupil.1', 'id': 1, 'method': '3d c++'}"
1582184722.799356,"{'circle_3d': {'center': [-7.837499118650369, 11.23567442899708, 79.70371153876557], 'normal': [-0.20583220623708187, 0.8486297179414839, -0.4872993994477451], 'radius': 2.1926060362586046}, 'confidence': 0.3132840142414967, 'timestamp': 41055.01589, 'diameter_3d': 4.385212072517209, 'ellipse': {'center': [99.04547283274798, 207.25649500064594], 'axes': [11.8383373840137, 34.179028090499955], 'angle': -75.13818073865663}, 'location': [99.04547283274798, 207.25649500064594], 'diameter': 34.179028090499955, 'sphere': {'center': [-5.367512643805387, 1.052117813699275, 85.55130433213851], 'radius': 12.0}, 'projected_sphere': {'center': [121.10102744618021, 127.62481705668748], 'axes': [173.9307204742421, 173.9307204742421], 'angle': 90.0}, 'model_confidence': 0.7017521717163189, 'model_id': 1, 'model_birth_timestamp': 40910.15789, 'theta': 2.5841858255820527, 'phi': -1.97045736240467, 'norm_pos': [0.30951710260233745, 0.13643127083064188], 'topic': 'pupil.1', 'id': 1, 'method': '3d c++'}"
1582184722.8090959,"{'circle_3d': {'center': [-7.783884802023387, 11.2313006384524, 79.67377231493606], 'normal': [-0.2013643465181666, 0.8482652353960936, -0.4897943347668712], 'radius': 2.1804056264192293}, 'confidence': 0.31444660638140365, 'timestamp': 41055.02429, 'diameter_3d': 4.360811252838459, 'ellipse': {'center': [99.43921028150072, 207.25572963386506], 'axes': [11.882307912051433, 34.001739687510955], 'angle': -75.40259165183389}, 'location': [99.43921028150072, 207.25572963386506], 'diameter': 34.001739687510955, 'sphere': {'center': [-5.367512643805387, 1.052117813699275, 85.55130433213851], 'radius': 12.0}, 'projected_sphere': {'center': [121.10102744618021, 127.62481705668748], 'axes': [173.9307204742421, 173.9307204742421], 'angle': 90.0}, 'model_confidence': 0.7017521717163189, 'model_id': 1, 'model_birth_timestamp': 40910.15789, 'theta': 2.583497186499254, 'phi': -1.960852176759322, 'norm_pos': [0.31074753212968975, 0.13643445985889557], 'topic': 'pupil.1', 'id': 1, 'method': '3d c++'}"
1582184722.8159108,"{'circle_3d': {'center': [-7.620409639150888, 11.226885220993683, 79.60163515345113], 'normal': [-0.18774141627879176, 0.8478972839412007, -0.4958057648906156], 'radius': 2.2045156478377668}, 'confidence': 0.32246339686631703, 'timestamp': 41055.03269, 'diameter_3d': 4.4090312956755335, 'ellipse': {'center': [100.65620670175235, 207.29437893961168], 'axes': [12.288604663213777, 34.40983081823733], 'angle': -76.23151500227189}, 'location': [100.65620670175235, 207.29437893961168], 'diameter': 34.40983081823733, 'sphere': {'center': [-5.367512643805387, 1.052117813699275, 85.55130433213851], 'radius': 12.0}, 'projected_sphere': {'center': [121.10102744618021, 127.62481705668748], 'axes': [173.9307204742421, 173.9307204742421], 'angle': 90.0}, 'model_confidence': 0.701168480054104, 'model_id': 1, 'model_birth_timestamp': 40910.15789, 'theta': 2.582802763024875, 'phi': -1.9327712006184754, 'norm_pos': [0.3145506459429761, 0.13627342108495133], 'topic': 'pupil.1', 'id': 1, 'method': '3d c++'}"
1582184722.823188,"{'circle_3d': {'center': [-7.2851805183818525, 10.883288025055492, 78.94292766323113], 'normal': [-0.15980565621470544, 0.8192641842796848, -0.5506980557422823], 'radius': 2.0827655646305696}, 'confidence': 0.8874570400039724, 'timestamp': 41055.04109, 'diameter_3d': 4.165531129261139, 'ellipse': {'center': [102.79406684396673, 205.32156755046634], 'axes': [13.821236992563621, 32.780215181946204], 'angle': -77.38725009418064}, 'location': [102.79406684396673, 205.32156755046634], 'diameter': 32.780215181946204, 'sphere': {'center': [-5.367512643805387, 1.052117813699275, 85.55130433213851], 'radius': 12.0}, 'projected_sphere': {'center': [121.10102744618021, 127.62481705668748], 'axes': [173.9307204742421, 173.9307204742421], 'angle': 90.0}, 'model_confidence': 0.7004742090707006, 'model_id': 1, 'model_birth_timestamp': 40910.15789, 'theta': 2.530922952802992, 'phi': -1.8532266346051314, 'norm_pos': [0.321231458887396, 0.14449346853972356], 'topic': 'pupil.1', 'id': 1, 'method': '3d c++'}"
1582184722.8314428,"{'circle_3d': {'center': [-7.645589435742289, 10.902843953640598, 79.08805742010466], 'normal': [-0.1898397326614085, 0.8208938449951104, -0.5386039093361545], 'radius': 2.226003829107664}, 'confidence': 0.2354085983853018, 'timestamp': 41055.04949, 'diameter_3d': 4.452007658215328, 'ellipse': {'center': [100.07997049243613, 205.30216586565024], 'axes': [14.191616642714191, 34.96985888057316], 'angle': -75.49709499490002}, 'location': [100.07997049243613, 205.30216586565024], 'diameter': 34.96985888057316, 'sphere': {'center': [-5.367512643805387, 1.052117813699275, 85.55130433213851], 'radius': 12.0}, 'projected_sphere': {'center': [121.10102744618021, 127.62481705668748], 'axes': [173.9307204742421, 173.9307204742421], 'angle': 90.0}, 'model_confidence': 0.7001399549400267, 'model_id': 1, 'model_birth_timestamp': 40910.15789, 'theta': 2.533770770705976, 'phi': -1.9096666127627189, 'norm_pos': [0.3127499077888629, 0.14457430889312406], 'topic': 'pupil.1', 'id': 1, 'method': '3d c++'}"
1582184722.839129,"{'circle_3d': {'center': [-7.758369525003544, 11.224171847465495, 79.65103992215079], 'normal': [-0.19923807343317967, 0.8476711694805181, -0.49168870083231053], 'radius': 2.1982031682596928}, 'confidence': 0.2855103997872483, 'timestamp': 41055.05789, 'diameter_3d': 4.3964063365193855, 'ellipse': {'center': [99.62060184650429, 207.2219879539962], 'axes': [12.060913602612004, 34.289317382202555], 'angle': -75.51920545827642}, 'location': [99.62060184650429, 207.2219879539962], 'diameter': 34.289317382202555, 'sphere': {'center': [-5.367512643805387, 1.052117813699275, 85.55130433213851], 'radius': 12.0}, 'projected_sphere': {'center': [121.10102744618021, 127.62481705668748], 'axes': [173.9307204742421, 173.9307204742421], 'angle': 90.0}, 'model_confidence': 0.7001399549400267, 'model_id': 1, 'model_birth_timestamp': 40910.15789, 'theta': 2.582376406504419, 'phi': -1.9557875621321292, 'norm_pos': [0.3113143807703259, 0.13657505019168248], 'topic': 'pupil.1', 'id': 1, 'method': '3d c++'}"
1582184722.847413,"{'circle_3d': {'center': [-7.602269592836633, 11.256663437316572, 79.64595844944293], 'normal': [-0.18622974575260376, 0.8503788019681079, -0.49211215689129867], 'radius': 2.2210937515495233}, 'confidence': 0.29519829574688433, 'timestamp': 41055.06629, 'diameter_3d': 4.4421875030990465, 'ellipse': {'center': [100.82982724321498, 207.4767126962974], 'axes': [12.232669782170243, 34.64963364192446], 'angle': -76.37923298552874}, 'location': [100.82982724321498, 207.4767126962974], 'diameter': 34.64963364192446, 'sphere': {'center': [-5.367512643805387, 1.052117813699275, 85.55130433213851], 'radius': 12.0}, 'projected_sphere': {'center': [121.10102744618021, 127.62481705668748], 'axes': [173.9307204742421, 173.9307204742421], 'angle': 90.0}, 'model_confidence': 0.6994856524456416, 'model_id': 1, 'model_birth_timestamp': 40910.15789, 'theta': 2.5875011241658807, 'phi': -1.932570265888562, 'norm_pos': [0.3150932101350468, 0.13551369709876082], 'topic': 'pupil.1', 'id': 1, 'method': '3d c++'}"
1582184722.860629,"{'circle_3d': {'center': [-7.621124762603243, 11.247560911800324, 79.63740777814037], 'normal': [-0.18780100989982132, 0.8496202581750875, -0.49282471283317864], 'radius': 2.1927371579258845}, 'confidence': 0.37685470218254574, 'timestamp': 41055.07469, 'diameter_3d': 4.385474315851769, 'ellipse': {'center': [100.67681583352693, 207.41884644661545], 'axes': [12.10177721371447, 34.21056486315125], 'angle': -76.26576161972874}, 'location': [100.67681583352693, 207.41884644661545], 'diameter': 34.21056486315125, 'sphere': {'center': [-5.367512643805387, 1.052117813699275, 85.55130433213851], 'radius': 12.0}, 'projected_sphere': {'center': [121.10102744618021, 127.62481705668748], 'axes': [173.9307204742421, 173.9307204742421], 'angle': 90.0}, 'model_confidence': 0.6991868422914882, 'model_id': 1, 'model_birth_timestamp': 40910.15789, 'theta': 2.5860611693299305, 'phi': -1.9348785176451093, 'norm_pos': [0.31461504947977165, 0.13575480647243565], 'topic': 'pupil.1', 'id': 1, 'method': '3d c++'}"
1582184722.867123,"{'circle_3d': {'center': [-7.448699933877966, 11.243647397269115, 79.56787853993042], 'normal': [-0.1734322741727149, 0.8492941319641534, -0.4986188160173413], 'radius': 2.219111859112701}, 'confidence': 0.34512447135938223, 'timestamp': 41055.08309, 'diameter_3d': 4.438223718225402, 'ellipse': {'center': [101.96685284998416, 207.45839546433862], 'axes': [12.517413963622106, 34.65332988379658], 'angle': -77.14854086562079}, 'location': [101.96685284998416, 207.45839546433862], 'diameter': 34.65332988379658, 'sphere': {'center': [-5.367512643805387, 1.052117813699275, 85.55130433213851], 'radius': 12.0}, 'projected_sphere': {'center': [121.10102744618021, 127.62481705668748], 'axes': [173.9307204742421, 173.9307204742421], 'angle': 90.0}, 'model_confidence': 0.6985702402250493, 'model_id': 1, 'model_birth_timestamp': 40910.15789, 'theta': 2.5854431050834386, 'phi': -1.9055325245376649, 'norm_pos': [0.3186464151562005, 0.13559001889858913], 'topic': 'pupil.1', 'id': 1, 'method': '3d c++'}"
1582184722.8748648,"{'circle_3d': {'center': [-7.467171989586816, 11.239696886341548, 79.56760453432663], 'normal': [-0.17497161214845236, 0.8489649227201893, -0.4986416498176567], 'radius': 2.197403932835638}, 'confidence': 0.28400221987585417, 'timestamp': 41055.09149, 'diameter_3d': 4.394807865671276, 'ellipse': {'center': [101.82284835498054, 207.43094531589216], 'axes': [12.39238093734217, 34.31416856191206], 'angle': -77.04585836816784}, 'location': [101.82284835498054, 207.43094531589216], 'diameter': 34.31416856191206, 'sphere': {'center': [-5.367512643805387, 1.052117813699275, 85.55130433213851], 'radius': 12.0}, 'projected_sphere': {'center': [121.10102744618021, 127.62481705668748], 'axes': [173.9307204742421, 173.9307204742421], 'angle': 90.0}, 'model_confidence': 0.6982757235764914, 'model_id': 1, 'model_birth_timestamp': 40910.15789, 'theta': 2.5848198206353907, 'phi': -1.9082695909352954, 'norm_pos': [0.3181964011093142, 0.13570439451711602], 'topic': 'pupil.1', 'id': 1, 'method': '3d c++'}"
1582184722.883445,"{'circle_3d': {'center': [-7.470811706901651, 11.23570928109213, 79.5620975502331], 'normal': [-0.1752749219246887, 0.8486326222827381, -0.49910056515878415], 'radius': 2.2050306799666206}, 'confidence': 0.3343726209891902, 'timestamp': 41055.09989, 'diameter_3d': 4.410061359933241, 'ellipse': {'center': [101.79062631599786, 207.40471637806604], 'axes': [12.453555915926875, 34.435689527444666], 'angle': -77.01995110679603}, 'location': [101.79062631599786, 207.40471637806604], 'diameter': 34.435689527444666, 'sphere': {'center': [-5.367512643805387, 1.052117813699275, 85.55130433213851], 'radius': 12.0}, 'projected_sphere': {'center': [121.10102744618021, 127.62481705668748], 'axes': [173.9307204742421, 173.9307204742421], 'angle': 90.0}, 'model_confidence': 0.6980620184361297, 'model_id': 1, 'model_birth_timestamp': 40910.15789, 'theta': 2.5841913159857857, 'phi': -1.9085233850636525, 'norm_pos': [0.3180957072374933, 0.1358136817580582], 'topic': 'pupil.1', 'id': 1, 'method': '3d c++'}"
1582184722.890721,"{'circle_3d': {'center': [-7.5343007989011355, 11.231684482841924, 79.57790902298504], 'normal': [-0.1805656795913124, 0.8482972224285543, -0.49778294242945637], 'radius': 2.187883766962637}, 'confidence': 0.28546318450391645, 'timestamp': 41055.10829, 'diameter_3d': 4.375767533925274, 'ellipse': {'center': [101.3082088435801, 207.35902820551888], 'axes': [12.291578509306829, 34.160666772102566], 'angle': -76.68424686975975}, 'location': [101.3082088435801, 207.35902820551888], 'diameter': 34.160666772102566, 'sphere': {'center': [-5.367512643805387, 1.052117813699275, 85.55130433213851], 'radius': 12.0}, 'projected_sphere': {'center': [121.10102744618021, 127.62481705668748], 'axes': [173.9307204742421, 173.9307204742421], 'angle': 90.0}, 'model_confidence': 0.6976980608011996, 'model_id': 1, 'model_birth_timestamp': 40910.15789, 'theta': 2.5835575911346242, 'phi': -1.9187752374244806, 'norm_pos': [0.31658815263618784, 0.13600404914367137], 'topic': 'pupil.1', 'id': 1, 'method': '3d c++'}"
1582184722.9007518,"{'circle_3d': {'center': [-7.593555933846977, 11.227622392156725, 79.5927946321672], 'normal': [-0.18550360750346584, 0.8479587148714542, -0.49654247499760973], 'radius': 2.195047042736219}, 'confidence': 0.3366110447895561, 'timestamp': 41055.11669, 'diameter_3d': 4.390094085472438, 'ellipse': {'center': [100.85840225522946, 207.3107335049791], 'axes': [12.270604726769594, 34.265882710978445], 'angle': -76.37114122841139}, 'location': [100.85840225522946, 207.3107335049791], 'diameter': 34.265882710978445, 'sphere': {'center': [-5.367512643805387, 1.052117813699275, 85.55130433213851], 'radius': 12.0}, 'projected_sphere': {'center': [121.10102744618021, 127.62481705668748], 'axes': [173.9307204742421, 173.9307204742421], 'angle': 90.0}, 'model_confidence': 0.6975170916070139, 'model_id': 1, 'model_birth_timestamp': 40910.15789, 'theta': 2.58291864608135, 'phi': -1.9283307977336979, 'norm_pos': [0.3151825070475921, 0.136205277062587], 'topic': 'pupil.1', 'id': 1, 'method': '3d c++'}"
1582184722.907829,"{'circle_3d': {'center': [-7.593982472203288, 11.223522908862968, 79.58595853383714], 'normal': [-0.18553915236649174, 0.8476170912636413, -0.4971121498584477], 'radius': 2.176490256702975}, 'confidence': 0.3132439283334407, 'timestamp': 41055.12509, 'diameter_3d': 4.35298051340595, 'ellipse': {'center': [100.84991693178796, 207.28859027355392], 'axes': [12.18965626495276, 33.97894024257614], 'angle': -76.3614844200066}, 'location': [100.84991693178796, 207.28859027355392], 'diameter': 33.97894024257614, 'sphere': {'center': [-5.367512643805387, 1.052117813699275, 85.55130433213851], 'radius': 12.0}, 'projected_sphere': {'center': [121.10102744618021, 127.62481705668748], 'axes': [173.9307204742421, 173.9307204742421], 'angle': 90.0}, 'model_confidence': 0.6971624970817603, 'model_id': 1, 'model_birth_timestamp': 40910.15789, 'theta': 2.5822744808270706, 'phi': -1.928017818214644, 'norm_pos': [0.3151559904118374, 0.1362975405268586], 'topic': 'pupil.1', 'id': 1, 'method': '3d c++'}"
1582184722.916349,"{'circle_3d': {'center': [-7.599357535989538, 11.219385932028427, 79.58091679134695], 'normal': [-0.1859870743486792, 0.847272343194096, -0.4975322950659636], 'radius': 2.1730931337912525}, 'confidence': 0.3267145327882334, 'timestamp': 41055.13349, 'diameter_3d': 4.346186267582505, 'ellipse': {'center': [100.80439648102198, 207.26220949641663], 'axes': [12.186568366320152, 33.927987223554354], 'angle': -76.32623272781954}, 'location': [100.80439648102198, 207.26220949641663], 'diameter': 33.927987223554354, 'sphere': {'center': [-5.367512643805387, 1.052117813699275, 85.55130433213851], 'radius': 12.0}, 'projected_sphere': {'center': [121.10102744618021, 127.62481705668748], 'axes': [173.9307204742421, 173.9307204742421], 'angle': 90.0}, 'model_confidence': 0.6962765920296987, 'model_id': 1, 'model_birth_timestamp': 40910.15789, 'theta': 2.581625095371235, 'phi': -1.9285312850111638, 'norm_pos': [0.3150137390031937, 0.13640746043159735], 'topic': 'pupil.1', 'id': 1, 'method': '3d c++'}"
1582184722.9229598,"{'circle_3d': {'center': [-7.604752063804845, 11.215211359978035, 79.57583034698993], 'normal': [-0.1864366183332882, 0.8469244621898967, -0.4979561654290486], 'radius': 2.1754142736658615}, 'confidence': 0.3262733021622841, 'timestamp': 41055.14189, 'diameter_3d': 4.350828547331723, 'ellipse': {'center': [100.75873660579587, 207.2348115452192], 'axes': [12.215727265021659, 33.966380561201184], 'angle': -76.29079387697674}, 'location': [100.75873660579587, 207.2348115452192], 'diameter': 33.966380561201184, 'sphere': {'center': [-5.367512643805387, 1.052117813699275, 85.55130433213851], 'radius': 12.0}, 'projected_sphere': {'center': [121.10102744618021, 127.62481705668748], 'axes': [173.9307204742421, 173.9307204742421], 'angle': 90.0}, 'model_confidence': 0.6958442855076741, 'model_id': 1, 'model_birth_timestamp': 40910.15789, 'theta': 2.580970489713843, 'phi': -1.9290440891301301, 'norm_pos': [0.3148710518931121, 0.13652161856158662], 'topic': 'pupil.1', 'id': 1, 'method': '3d c++'}"
1582184722.933692,"{'circle_3d': {'center': [-7.610166091507441, 11.210999090292258, 79.57069928569057], 'normal': [-0.18688778730850447, 0.8465734397160818, -0.4983837538706623], 'radius': 2.1701435777274094}, 'confidence': 0.3662095192646806, 'timestamp': 41055.15029, 'diameter_3d': 4.340287155454819, 'ellipse': {'center': [100.71281851821522, 207.20818586302053], 'axes': [12.202336206017664, 33.886186272012445], 'angle': -76.2551773354966}, 'location': [100.71281851821522, 207.20818586302053], 'diameter': 33.886186272012445, 'sphere': {'center': [-5.367512643805387, 1.052117813699275, 85.55130433213851], 'radius': 12.0}, 'projected_sphere': {'center': [121.10102744618021, 127.62481705668748], 'axes': [173.9307204742421, 173.9307204742421], 'angle': 90.0}, 'model_confidence': 0.695211823591324, 'model_id': 1, 'model_birth_timestamp': 40910.15789, 'theta': 2.5803106638548936, 'phi': -1.9295562305715435, 'norm_pos': [0.3147275578694225, 0.1366325589040811], 'topic': 'pupil.1', 'id': 1, 'method': '3d c++'}"
1582184722.94386,"{'circle_3d': {'center': [-7.163500282255053, 10.850138936108984, 78.86002564362545], 'normal': [-0.14966563653747217, 0.8165017602008089, -0.5576065573760893], 'radius': 2.1500482367823324}, 'confidence': 0.8428216421050406, 'timestamp': 41055.15869, 'diameter_3d': 4.300096473564665, 'ellipse': {'center': [103.68995434003065, 205.1379159174375], 'axes': [14.575507271438804, 33.87574288492685], 'angle': -77.9907746600361}, 'location': [103.68995434003065, 205.1379159174375], 'diameter': 33.87574288492685, 'sphere': {'center': [-5.367512643805387, 1.052117813699275, 85.55130433213851], 'radius': 12.0}, 'projected_sphere': {'center': [121.10102744618021, 127.62481705668748], 'axes': [173.9307204742421, 173.9307204742421], 'angle': 90.0}, 'model_confidence': 0.6947713030738822, 'model_id': 1, 'model_birth_timestamp': 40910.15789, 'theta': 2.5261219157404367, 'phi': -1.8330230289423077, 'norm_pos': [0.32403110731259577, 0.14525868367734374], 'topic': 'pupil.1', 'id': 1, 'method': '3d c++'}"
1582184722.9533608,"{'circle_3d': {'center': [-7.119626553251903, 10.854842840591708, 78.85528470138318], 'normal': [-0.14600949245387634, 0.816893752241036, -0.558001635896278], 'radius': 2.134555624752342}, 'confidence': 0.8788024609907727, 'timestamp': 41055.16709, 'diameter_3d': 4.269111249504684, 'ellipse': {'center': [104.0306788189968, 205.18214504338712], 'axes': [14.494553555924842, 33.633754975468534], 'angle': -78.23778603088662}, 'location': [104.0306788189968, 205.18214504338712], 'diameter': 33.633754975468534, 'sphere': {'center': [-5.367512643805387, 1.052117813699275, 85.55130433213851], 'radius': 12.0}, 'projected_sphere': {'center': [121.10102744618021, 127.62481705668748], 'axes': [173.9307204742421, 173.9307204742421], 'angle': 90.0}, 'model_confidence': 0.6943147583626019, 'model_id': 1, 'model_birth_timestamp': 40910.15789, 'theta': 2.5268012008214775, 'phi': -1.8267233154281537, 'norm_pos': [0.325095871309365, 0.14507439565255364], 'topic': 'pupil.1', 'id': 1, 'method': '3d c++'}"
1582184722.958924,"{'circle_3d': {'center': [-7.131271096275768, 10.863340539256008, 78.87080549216718], 'normal': [-0.14697987103919835, 0.8176018937963944, -0.5567082366642783], 'radius': 2.124614355215969}, 'confidence': 0.80806239583187, 'timestamp': 41055.17549, 'diameter_3d': 4.249228710431938, 'ellipse': {'center': [103.95013161483459, 205.2341521205637], 'axes': [14.372011973707082, 33.47041680115273], 'angle': -78.1883146632303}, 'location': [103.95013161483459, 205.2341521205637], 'diameter': 33.47041680115273, 'sphere': {'center': [-5.367512643805387, 1.052117813699275, 85.55130433213851], 'radius': 12.0}, 'projected_sphere': {'center': [121.10102744618021, 127.62481705668748], 'axes': [173.9307204742421, 173.9307204742421], 'angle': 90.0}, 'model_confidence': 0.6944066824397854, 'model_id': 1, 'model_birth_timestamp': 40910.15789, 'theta': 2.5280300028355844, 'phi': -1.8289223825511083, 'norm_pos': [0.32484416129635807, 0.14485769949765126], 'topic': 'pupil.1', 'id': 1, 'method': '3d c++'}"
1582184722.967227,"{'circle_3d': {'center': [-7.131723872475609, 10.879717606314518, 78.8950410368036], 'normal': [-0.14701760238918515, 0.8189666493846035, -0.5546886079445759], 'radius': 2.119166073516375}, 'confidence': 0.8416861596778693, 'timestamp': 41055.18389, 'diameter_3d': 4.23833214703275, 'ellipse': {'center': [103.96353629867563, 205.33813870853055], 'axes': [14.252782256461968, 33.37433162428149], 'angle': -78.21288647611446}, 'location': [103.96353629867563, 205.33813870853055], 'diameter': 33.37433162428149, 'sphere': {'center': [-5.367512643805387, 1.052117813699275, 85.55130433213851], 'radius': 12.0}, 'projected_sphere': {'center': [121.10102744618021, 127.62481705668748], 'axes': [173.9307204742421, 173.9307204742421], 'angle': 90.0}, 'model_confidence': 0.6938750136116556, 'model_id': 1, 'model_birth_timestamp': 40910.15789, 'theta': 2.5304042638027426, 'phi': -1.8298843740648947, 'norm_pos': [0.32488605093336137, 0.14442442204778938], 'topic': 'pupil.1', 'id': 1, 'method': '3d c++'}"
1582184722.978215,"{'circle_3d': {'center': [-7.128301853073529, 10.874066986902772, 78.88580091532654], 'normal': [-0.14673243410567843, 0.8184957644336246, -0.5554586180676643], 'radius': 2.104608294920658}, 'confidence': 0.7148208925224473, 'timestamp': 41055.19229, 'diameter_3d': 4.209216589841316, 'ellipse': {'center': [103.98377667539705, 205.3056733706856], 'axes': [14.186520197546546, 33.1488323224869], 'angle': -78.22220718220088}, 'location': [103.98377667539705, 205.3056733706856], 'diameter': 33.1488323224869, 'sphere': {'center': [-5.367512643805387, 1.052117813699275, 85.55130433213851], 'radius': 12.0}, 'projected_sphere': {'center': [121.10102744618021, 127.62481705668748], 'axes': [173.9307204742421, 173.9307204742421], 'angle': 90.0}, 'model_confidence': 0.6937286511755403, 'model_id': 1, 'model_birth_timestamp': 40910.15789, 'theta': 2.5295841594508652, 'phi': -1.8290611953710503, 'norm_pos': [0.3249493021106158, 0.14455969428881], 'topic': 'pupil.1', 'id': 1, 'method': '3d c++'}"
1582184722.9833422,"{'circle_3d': {'center': [-7.15155551942129, 10.87314952755466, 78.89063416364864], 'normal': [-0.14867023963465859, 0.8184193094879487, -0.5550558473741561], 'radius': 2.1402503755271054}, 'confidence': 0.8383012578282051, 'timestamp': 41055.20069, 'diameter_3d': 4.280500751054211, 'ellipse': {'center': [103.80509912341589, 205.28801705155726], 'axes': [14.40622875705781, 33.70832745562052], 'angle': -78.09411143565013}, 'location': [103.80509912341589, 205.28801705155726], 'diameter': 33.70832745562052, 'sphere': {'center': [-5.367512643805387, 1.052117813699275, 85.55130433213851], 'radius': 12.0}, 'projected_sphere': {'center': [121.10102744618021, 127.62481705668748], 'axes': [173.9307204742421, 173.9307204742421], 'angle': 90.0}, 'model_confidence': 0.6933459909190809, 'model_id': 1, 'model_birth_timestamp': 40910.15789, 'theta': 2.529451094127854, 'phi': -1.832500694941675, 'norm_pos': [0.32439093476067465, 0.14463326228517803], 'topic': 'pupil.1', 'id': 1, 'method': '3d c++'}"
1582184722.994869,"{'circle_3d': {'center': [-7.132656299712805, 10.871265160977536, 78.88282525168485], 'normal': [-0.14709530465895143, 0.818262278939855, -0.5557065900378049], 'radius': 2.117850252869905}, 'confidence': 0.7889155307908904, 'timestamp': 41055.20909, 'diameter_3d': 4.23570050573981, 'ellipse': {'center': [103.9476445406035, 205.28480076025812], 'axes': [14.285178547226128, 33.358736132736134], 'angle': -78.19386262689677}, 'location': [103.9476445406035, 205.28480076025812], 'diameter': 33.358736132736134, 'sphere': {'center': [-5.367512643805387, 1.052117813699275, 85.55130433213851], 'radius': 12.0}, 'projected_sphere': {'center': [121.10102744618021, 127.62481705668748], 'axes': [173.9307204742421, 173.9307204742421], 'angle': 90.0}, 'model_confidence': 0.693186478528518, 'model_id': 1, 'model_birth_timestamp': 40910.15789, 'theta': 2.5291778707794106, 'phi': -1.8295613352571942, 'norm_pos': [0.32483638918938595, 0.14464666349892452], 'topic': 'pupil.1', 'id': 1, 'method': '3d c++'}"
1582184723.000656,"{'circle_3d': {'center': [-7.143979993018839, 10.883714028681009, 78.90420875416348], 'normal': [-0.14803894576778762, 0.8192996845818112, -0.55392463149792], 'radius': 2.099153139262146}, 'confidence': 0.8154786236484849, 'timestamp': 41055.21749, 'diameter_3d': 4.198306278524292, 'ellipse': {'center': [103.87370380151646, 205.36291936032967], 'axes': [14.085071937222033, 33.05511107492381], 'angle': -78.1528534846301}, 'location': [103.87370380151646, 205.36291936032967], 'diameter': 33.05511107492381, 'sphere': {'center': [-5.367512643805387, 1.052117813699275, 85.55130433213851], 'radius': 12.0}, 'projected_sphere': {'center': [121.10102744618021, 127.62481705668748], 'axes': [173.9307204742421, 173.9307204742421], 'angle': 90.0}, 'model_confidence': 0.6927997854328738, 'model_id': 1, 'model_birth_timestamp': 40910.15789, 'theta': 2.5309848657193466, 'phi': -1.8319476058775979, 'norm_pos': [0.32460532437973894, 0.1443211693319597], 'topic': 'pupil.1', 'id': 1, 'method': '3d c++'}"
1582184723.008245,"{'circle_3d': {'center': [-7.158406511572521, 10.88301817926093, 78.90705139017477], 'normal': [-0.1492411556472611, 0.8192416971301377, -0.5536877451636452], 'radius': 2.11290696308949}, 'confidence': 0.8797309872082841, 'timestamp': 41055.22589, 'diameter_3d': 4.22581392617898, 'ellipse': {'center': [103.7626969418775, 205.3524262154433], 'axes': [14.16525669328382, 33.27053335963238], 'angle': -78.07329088182377}, 'location': [103.7626969418775, 205.3524262154433], 'diameter': 33.27053335963238, 'sphere': {'center': [-5.367512643805387, 1.052117813699275, 85.55130433213851], 'radius': 12.0}, 'projected_sphere': {'center': [121.10102744618021, 127.62481705668748], 'axes': [173.9307204742421, 173.9307204742421], 'angle': 90.0}, 'model_confidence': 0.6922423584140525, 'model_id': 1, 'model_birth_timestamp': 40910.15789, 'theta': 2.5308837378006377, 'phi': -1.8340796378944724, 'norm_pos': [0.3242584279433672, 0.1443648907689863], 'topic': 'pupil.1', 'id': 1, 'method': '3d c++'}"
1582184723.0158489,"{'circle_3d': {'center': [-7.161874954350022, 10.87841103316211, 78.90117459929603], 'normal': [-0.14953019254538627, 0.8188577682885694, -0.5541774777368739], 'radius': 2.1043039757280524}, 'confidence': 0.8238700598573265, 'timestamp': 41055.23429, 'diameter_3d': 4.208607951456105, 'ellipse': {'center': [103.73129187915976, 205.323732896707], 'axes': [14.126689411646858, 33.1374403625322], 'angle': -78.04679083041567}, 'location': [103.73129187915976, 205.323732896707], 'diameter': 33.1374403625322, 'sphere': {'center': [-5.367512643805387, 1.052117813699275, 85.55130433213851], 'radius': 12.0}, 'projected_sphere': {'center': [121.10102744618021, 127.62481705668748], 'axes': [173.9307204742421, 173.9307204742421], 'angle': 90.0}, 'model_confidence': 0.6918362938644451, 'model_id': 1, 'model_birth_timestamp': 40910.15789, 'theta': 2.530214548643854, 'phi': -1.8343437909953149, 'norm_pos': [0.3241602871223742, 0.1444844462637208], 'topic': 'pupil.1', 'id': 1, 'method': '3d c++'}"
1582184723.0386188,"{'circle_3d': {'center': [-7.156921623652193, 10.872279503893054, 78.89079084733164], 'normal': [-0.14911741498723377, 0.8183468075161482, -0.5550427904005721], 'radius': 2.1274853797772244}, 'confidence': 0.8393899000238186, 'timestamp': 41055.24269, 'diameter_3d': 4.254970759554449, 'ellipse': {'center': [103.7630204616069, 205.2829805884558], 'axes': [14.318717798864606, 33.50708719654882], 'angle': -78.06349362422239}, 'location': [103.7630204616069, 205.2829805884558], 'diameter': 33.50708719654882, 'sphere': {'center': [-5.367512643805387, 1.052117813699275, 85.55130433213851], 'radius': 12.0}, 'projected_sphere': {'center': [121.10102744618021, 127.62481705668748], 'axes': [173.9307204742421, 173.9307204742421], 'angle': 90.0}, 'model_confidence': 0.6914347555427081, 'model_id': 1, 'model_birth_timestamp': 40910.15789, 'theta': 2.5293249320151774, 'phi': -1.833258148796679, 'norm_pos': [0.32425943894252157, 0.14465424754810075], 'topic': 'pupil.1', 'id': 1, 'method': '3d c++'}"
1582184723.0387342,"{'circle_3d': {'center': [-7.1639135674270715, 10.856749992850801, 78.86982758270972], 'normal': [-0.1497000769684737, 0.8170526815959606, -0.556789729119066], 'radius': 2.1270242452241184}, 'confidence': 0.787784201985025, 'timestamp': 41055.25109, 'diameter_3d': 4.254048490448237, 'ellipse': {'center': [103.6934156229479, 205.18310694873202], 'axes': [14.385771259243597, 33.508649443624805], 'angle': -77.99958047556203}, 'location': [103.6934156229479, 205.18310694873202], 'diameter': 33.508649443624805, 'sphere': {'center': [-5.367512643805387, 1.052117813699275, 85.55130433213851], 'radius': 12.0}, 'projected_sphere': {'center': [121.10102744618021, 127.62481705668748], 'axes': [173.9307204742421, 173.9307204742421], 'angle': 90.0}, 'model_confidence': 0.6909711787759454, 'model_id': 1, 'model_birth_timestamp': 40910.15789, 'theta': 2.527076796589399, 'phi': -1.833447979776964, 'norm_pos': [0.32404192382171215, 0.14507038771361658], 'topic': 'pupil.1', 'id': 1, 'method': '3d c++'}"
1582184723.0429618,"{'circle_3d': {'center': [-7.126785666053491, 10.86241394097269, 78.86826248516536], 'normal': [-0.14660608518734203, 0.8175246772727844, -0.5569201539144291], 'radius': 2.143902091149657}, 'confidence': 0.8690910543984619, 'timestamp': 41055.25949, 'diameter_3d': 4.287804182299314, 'ellipse': {'center': [103.98369086049414, 205.22657587489363], 'axes': [14.512170951027128, 33.77553070023592], 'angle': -78.2112131662709}, 'location': [103.98369086049414, 205.22657587489363], 'diameter': 33.77553070023592, 'sphere': {'center': [-5.367512643805387, 1.052117813699275, 85.55130433213851], 'radius': 12.0}, 'projected_sphere': {'center': [121.10102744618021, 127.62481705668748], 'axes': [173.9307204742421, 173.9307204742421], 'angle': 90.0}, 'model_confidence': 0.6906406491722139, 'model_id': 1, 'model_birth_timestamp': 40910.15789, 'theta': 2.5278959088325856, 'phi': -1.8282008980040783, 'norm_pos': [0.3249490339390442, 0.14488926718794326], 'topic': 'pupil.1', 'id': 1, 'method': '3d c++'}"
1582184723.052428,"{'circle_3d': {'center': [-7.127064724592353, 10.84776051094937, 78.84687589842329], 'normal': [-0.14662934006558045, 0.8163035581041747, -0.5587023694762685], 'radius': 2.16267536974637}, 'confidence': 0.900390902983635, 'timestamp': 41055.26789, 'diameter_3d': 4.32535073949274, 'ellipse': {'center': [103.96666365871145, 205.13097835869752], 'axes': [14.713502119442671, 34.08064070561205], 'angle': -78.18548451411226}, 'location': [103.96666365871145, 205.13097835869752], 'diameter': 34.08064070561205, 'sphere': {'center': [-5.367512643805387, 1.052117813699275, 85.55130433213851], 'radius': 12.0}, 'projected_sphere': {'center': [121.10102744618021, 127.62481705668748], 'axes': [173.9307204742421, 173.9307204742421], 'angle': 90.0}, 'model_confidence': 0.6899052040704956, 'model_id': 1, 'model_birth_timestamp': 40910.15789, 'theta': 2.5257786985741775, 'phi': -1.8274543687227636, 'norm_pos': [0.32489582393347327, 0.1452875901720937], 'topic': 'pupil.1', 'id': 1, 'method': '3d c++'}"
1582184723.0613492,"{'circle_3d': {'center': [-7.106044282492016, 10.868370018735845, 78.87158125491442], 'normal': [-0.1448776365572191, 0.8180210170863809, -0.5566435897686752], 'radius': 2.1547598726882224}, 'confidence': 0.8757906450007645, 'timestamp': 41055.27629, 'diameter_3d': 4.309519745376445, 'ellipse': {'center': [104.1487911275295, 205.26815759782744], 'axes': [14.578077773447045, 33.94535833408428], 'angle': -78.33408050694696}, 'location': [104.1487911275295, 205.26815759782744], 'diameter': 33.94535833408428, 'sphere': {'center': [-5.367512643805387, 1.052117813699275, 85.55130433213851], 'radius': 12.0}, 'projected_sphere': {'center': [121.10102744618021, 127.62481705668748], 'axes': [173.9307204742421, 173.9307204742421], 'angle': 90.0}, 'model_confidence': 0.689372896790541, 'model_id': 1, 'model_birth_timestamp': 40910.15789, 'theta': 2.5287582971358233, 'phi': -1.8254172883199906, 'norm_pos': [0.3254649722735297, 0.14471601000905232], 'topic': 'pupil.1', 'id': 1, 'method': '3d c++'}"
1582184723.066863,"{'circle_3d': {'center': [-7.470661721636776, 11.190775519648366, 79.48629123421233], 'normal': [-0.1752624231526157, 0.844888142162424, -0.5054177581605152], 'radius': 2.160649632939431}, 'confidence': 0.2613285375877698, 'timestamp': 41055.28469, 'diameter_3d': 4.321299265878862, 'ellipse': {'center': [101.73671424508713, 207.14133957626197], 'axes': [12.45649310444999, 33.774252964004724], 'angle': -76.9412932063497}, 'location': [101.73671424508713, 207.14133957626197], 'diameter': 33.774252964004724, 'sphere': {'center': [-5.367512643805387, 1.052117813699275, 85.55130433213851], 'radius': 12.0}, 'projected_sphere': {'center': [121.10102744618021, 127.62481705668748], 'axes': [173.9307204742421, 173.9307204742421], 'angle': 90.0}, 'model_confidence': 0.6884852934061825, 'model_id': 1, 'model_birth_timestamp': 40910.15789, 'theta': 2.577152356977316, 'phi': -1.9045884642473792, 'norm_pos': [0.3179272320158973, 0.13691108509890848], 'topic': 'pupil.1', 'id': 1, 'method': '3d c++'}"
1582184723.076394,"{'circle_3d': {'center': [-7.543234328910083, 10.961729379677887, 79.14304140366967], 'normal': [-0.18131014042539134, 0.8258009638315511, -0.534021910705737], 'radius': 2.182924161528283}, 'confidence': 0.3041544671060527, 'timestamp': 41055.29309, 'diameter_3d': 4.365848323056566, 'ellipse': {'center': [100.92047119294779, 205.71187986248611], 'axes': [13.74545467304777, 34.26957239774426], 'angle': -76.14792349874712}, 'location': [100.92047119294779, 205.71187986248611], 'diameter': 34.26957239774426, 'sphere': {'center': [-5.367512643805387, 1.052117813699275, 85.55130433213851], 'radius': 12.0}, 'projected_sphere': {'center': [121.10102744618021, 127.62481705668748], 'axes': [173.9307204742421, 173.9307204742421], 'angle': 90.0}, 'model_confidence': 0.687852062726857, 'model_id': 1, 'model_birth_timestamp': 40910.15789, 'theta': 2.5424172986119875, 'phi': -1.8981028656408243, 'norm_pos': [0.31537647247796186, 0.1428671672396412], 'topic': 'pupil.1', 'id': 1, 'method': '3d c++'}"
1582184723.083255,"{'circle_3d': {'center': [-7.116152940223718, 10.878072610641205, 78.88850691347149], 'normal': [-0.14572002470152756, 0.8188295664118274, -0.5552331182222517], 'radius': 2.1122790911336833}, 'confidence': 0.8555981023537622, 'timestamp': 41055.30149, 'diameter_3d': 4.224558182267367, 'ellipse': {'center': [104.08101340221492, 205.33310374027934], 'axes': [14.23130364544911, 33.268636257748], 'angle': -78.29494622901748}, 'location': [104.08101340221492, 205.33310374027934], 'diameter': 33.268636257748, 'sphere': {'center': [-5.367512643805387, 1.052117813699275, 85.55130433213851], 'radius': 12.0}, 'projected_sphere': {'center': [121.10102744618021, 127.62481705668748], 'axes': [173.9307204742421, 173.9307204742421], 'angle': 90.0}, 'model_confidence': 0.6876104955437112, 'model_id': 1, 'model_birth_timestamp': 40910.15789, 'theta': 2.530165417874584, 'phi': -1.8274563512897664, 'norm_pos': [0.32525316688192163, 0.1444454010821694], 'topic': 'pupil.1', 'id': 1, 'method': '3d c++'}"
1582184723.092638,"{'circle_3d': {'center': [-7.106807026367975, 10.872269019939214, 78.8775134051338], 'normal': [-0.14494119854688234, 0.8183459338533283, -0.5561492439170598], 'radius': 2.1283482264263287}, 'confidence': 0.8163438745108591, 'timestamp': 41055.30989, 'diameter_3d': 4.256696452852657, 'ellipse': {'center': [104.14674746876457, 205.29661721513486], 'axes': [14.378840456142738, 33.52655256470474], 'angle': -78.33633467907859}, 'location': [104.14674746876457, 205.29661721513486], 'diameter': 33.52655256470474, 'sphere': {'center': [-5.367512643805387, 1.052117813699275, 85.55130433213851], 'radius': 12.0}, 'projected_sphere': {'center': [121.10102744618021, 127.62481705668748], 'axes': [173.9307204742421, 173.9307204742421], 'angle': 90.0}, 'model_confidence': 0.687518563684486, 'model_id': 1, 'model_birth_timestamp': 40910.15789, 'theta': 2.5293234118754557, 'phi': -1.8257409692354765, 'norm_pos': [0.3254585858398893, 0.14459742827027144], 'topic': 'pupil.1', 'id': 1, 'method': '3d c++'}"
1582184723.0995069,"{'circle_3d': {'center': [-7.125139696091131, 10.894411211237745, 78.91503973359787], 'normal': [-0.14646892102381198, 0.8201911164615392, -0.5530220498783878], 'radius': 2.1729202955082347}, 'confidence': 0.8535334988137336, 'timestamp': 41055.31829, 'diameter_3d': 4.3458405910164695, 'ellipse': {'center': [104.0295982612949, 205.42423642127113], 'axes': [14.546381943592099, 34.21273814662939], 'angle': -78.27284220522095}, 'location': [104.0295982612949, 205.42423642127113], 'diameter': 34.21273814662939, 'sphere': {'center': [-5.367512643805387, 1.052117813699275, 85.55130433213851], 'radius': 12.0}, 'projected_sphere': {'center': [121.10102744618021, 127.62481705668748], 'axes': [173.9307204742421, 173.9307204742421], 'angle': 90.0}, 'model_confidence': 0.6870776648851606, 'model_id': 1, 'model_birth_timestamp': 40910.15789, 'theta': 2.5325413329509896, 'phi': -1.8297036369277544, 'norm_pos': [0.32509249456654654, 0.1440656815780369], 'topic': 'pupil.1', 'id': 1, 'method': '3d c++'}"
1582184723.112013,"{'circle_3d': {'center': [-7.114294228388578, 10.873334103103534, 78.8810371191626], 'normal': [-0.14556513204859922, 0.8184346907836881, -0.5558556010813264], 'radius': 2.161594800087268}, 'confidence': 0.8904633325216617, 'timestamp': 41055.32669, 'diameter_3d': 4.323189600174536, 'ellipse': {'center': [104.09075340530302, 205.29617764051096], 'axes': [14.590104550048212, 34.0489839016327], 'angle': -78.2972446378817}, 'location': [104.09075340530302, 205.29617764051096], 'diameter': 34.0489839016327, 'sphere': {'center': [-5.367512643805387, 1.052117813699275, 85.55130433213851], 'radius': 12.0}, 'projected_sphere': {'center': [121.10102744618021, 127.62481705668748], 'axes': [173.9307204742421, 173.9307204742421], 'angle': 90.0}, 'model_confidence': 0.6862786805902354, 'model_id': 1, 'model_birth_timestamp': 40910.15789, 'theta': 2.529477862339201, 'phi': -1.8269206094389763, 'norm_pos': [0.32528360439157195, 0.14459925983120436], 'topic': 'pupil.1', 'id': 1, 'method': '3d c++'}"
1582184723.121279,"{'circle_3d': {'center': [-7.5965430479133556, 11.198908958315084, 79.54513642530237], 'normal': [-0.18575253367566408, 0.8455659287179842, -0.5005139922363452], 'radius': 2.1509873837763007}, 'confidence': 0.26350425246751424, 'timestamp': 41055.33509, 'diameter_3d': 4.301974767552601, 'ellipse': {'center': [100.79984159992014, 207.1437348238601], 'axes': [12.18199422305581, 33.59772003882821], 'angle': -76.30336997975853}, 'location': [100.79984159992014, 207.1437348238601], 'diameter': 33.59772003882821, 'sphere': {'center': [-5.367512643805387, 1.052117813699275, 85.55130433213851], 'radius': 12.0}, 'projected_sphere': {'center': [121.10102744618021, 127.62481705668748], 'axes': [173.9307204742421, 173.9307204742421], 'angle': 90.0}, 'model_confidence': 0.6857393415393376, 'model_id': 1, 'model_birth_timestamp': 40910.15789, 'theta': 2.57842065332669, 'phi': -1.9261641490259294, 'norm_pos': [0.31499950499975043, 0.13690110490058294], 'topic': 'pupil.1', 'id': 1, 'method': '3d c++'}"
1582184723.129316,"{'circle_3d': {'center': [-7.411065838347708, 11.232953252533747, 79.53678189819183], 'normal': [-0.1702960995451935, 0.8484029532362063, -0.5012102028288903], 'radius': 2.1914375790414105}, 'confidence': 0.3229746980251843, 'timestamp': 41055.34349, 'diameter_3d': 4.382875158082821, 'ellipse': {'center': [102.23707574572633, 207.41194089304037], 'axes': [12.473464740368675, 34.23443947679489], 'angle': -77.32528385468133}, 'location': [102.23707574572633, 207.41194089304037], 'diameter': 34.23443947679489, 'sphere': {'center': [-5.367512643805387, 1.052117813699275, 85.55130433213851], 'radius': 12.0}, 'projected_sphere': {'center': [121.10102744618021, 127.62481705668748], 'axes': [173.9307204742421, 173.9307204742421], 'angle': 90.0}, 'model_confidence': 0.6852673695319389, 'model_id': 1, 'model_birth_timestamp': 40910.15789, 'theta': 2.583757295867812, 'phi': -1.8983284891457424, 'norm_pos': [0.31949086170539476, 0.13578357961233178], 'topic': 'pupil.1', 'id': 1, 'method': '3d c++'}"
1582184723.135547,"{'circle_3d': {'center': [-7.077958997908472, 10.867929145809313, 78.86368733038402], 'normal': [-0.14253719617525706, 0.8179842776758364, -0.5573014168128738], 'radius': 2.112245234782387}, 'confidence': 0.8413540879229694, 'timestamp': 41055.35189, 'diameter_3d': 4.224490469564774, 'ellipse': {'center': [104.36326224562687, 205.27945852767982], 'axes': [14.321924857371366, 33.27871572247951], 'angle': -78.48666779746841}, 'location': [104.36326224562687, 205.27945852767982], 'diameter': 33.27871572247951, 'sphere': {'center': [-5.367512643805387, 1.052117813699275, 85.55130433213851], 'radius': 12.0}, 'projected_sphere': {'center': [121.10102744618021, 127.62481705668748], 'axes': [173.9307204742421, 173.9307204742421], 'angle': 90.0}, 'model_confidence': 0.6849257718281265, 'model_id': 1, 'model_birth_timestamp': 40910.15789, 'theta': 2.5286944263302664, 'phi': -1.821191783804297, 'norm_pos': [0.326135194517584, 0.14466892280133403], 'topic': 'pupil.1', 'id': 1, 'method': '3d c++'}"
1582184723.144408,"{'circle_3d': {'center': [-7.117519108504726, 10.874446809842269, 78.88352130739639], 'normal': [-0.1458338720582782, 0.8185274163452495, -0.5556485853951761], 'radius': 2.1343820290776163}, 'confidence': 0.8751777922178163, 'timestamp': 41055.36029, 'diameter_3d': 4.268764058155233, 'ellipse': {'center': [104.06698326987318, 205.3065071471156], 'axes': [14.397163052211223, 33.619044566713534], 'angle': -78.28152849646179}, 'location': [104.06698326987318, 205.3065071471156], 'diameter': 33.619044566713534, 'sphere': {'center': [-5.367512643805387, 1.052117813699275, 85.55130433213851], 'radius': 12.0}, 'projected_sphere': {'center': [121.10102744618021, 127.62481705668748], 'axes': [173.9307204742421, 173.9307204742421], 'angle': 90.0}, 'model_confidence': 0.6846747243009266, 'model_id': 1, 'model_birth_timestamp': 40910.15789, 'theta': 2.5296392551198443, 'phi': -1.8274644477610469, 'norm_pos': [0.3252093227183537, 0.14455622022035164], 'topic': 'pupil.1', 'id': 1, 'method': '3d c++'}"
1582184723.1528661,"{'circle_3d': {'center': [-7.136622763346299, 10.872398879543606, 78.88554637277956], 'normal': [-0.14742584329507602, 0.8183567554870275, -0.5554798299465797], 'radius': 2.1367659790959763}, 'confidence': 0.8296855676293698, 'timestamp': 41055.36869, 'diameter_3d': 4.273531958191953, 'ellipse': {'center': [103.91860100216444, 205.28796913990902], 'axes': [14.402865218038661, 33.65565738969163], 'angle': -78.17412383471012}, 'location': [103.91860100216444, 205.28796913990902], 'diameter': 33.65565738969163, 'sphere': {'center': [-5.367512643805387, 1.052117813699275, 85.55130433213851], 'radius': 12.0}, 'projected_sphere': {'center': [121.10102744618021, 127.62481705668748], 'axes': [173.9307204742421, 173.9307204742421], 'angle': 90.0}, 'model_confidence': 0.6844472407052549, 'model_id': 1, 'model_birth_timestamp': 40910.15789, 'theta': 2.5293422413341338, 'phi': -1.8302182901023571, 'norm_pos': [0.3247456281317639, 0.14463346191704574], 'topic': 'pupil.1', 'id': 1, 'method': '3d c++'}"
1582184723.1608598,"{'circle_3d': {'center': [-7.121010584257783, 10.875426004869848, 78.8858815282865], 'normal': [-0.14612482837103297, 0.818609015930881, -0.5554519003210006], 'radius': 2.139855448957918}, 'confidence': 0.8642663452872443, 'timestamp': 41055.37709, 'diameter_3d': 4.279710897915836, 'ellipse': {'center': [104.04129750483017, 205.31088595556565], 'axes': [14.425398040798365, 33.70427991551967], 'angle': -78.264116215281}, 'location': [104.04129750483017, 205.31088595556565], 'diameter': 33.70427991551967, 'sphere': {'center': [-5.367512643805387, 1.052117813699275, 85.55130433213851], 'radius': 12.0}, 'projected_sphere': {'center': [121.10102744618021, 127.62481705668748], 'axes': [173.9307204742421, 173.9307204742421], 'angle': 90.0}, 'model_confidence': 0.6842190128484971, 'model_id': 1, 'model_birth_timestamp': 40910.15789, 'theta': 2.5297813133737943, 'phi': -1.8280413687765569, 'norm_pos': [0.3251290547025943, 0.1445379751851431], 'topic': 'pupil.1', 'id': 1, 'method': '3d c++'}"
1582184723.168394,"{'circle_3d': {'center': [-7.161207211598726, 10.853919221718009, 78.86494890072218], 'normal': [-0.14947454731611157, 0.816816784001561, -0.557196285951361], 'radius': 2.1641313112843843}, 'confidence': 0.8375371943568746, 'timestamp': 41055.38549, 'diameter_3d': 4.328262622568769, 'ellipse': {'center': [103.711535882903, 205.16026132858184], 'axes': [14.654416523859473, 34.095641432451266], 'angle': -78.00955891208241}, 'location': [103.711535882903, 205.16026132858184], 'diameter': 34.095641432451266, 'sphere': {'center': [-5.367512643805387, 1.052117813699275, 85.55130433213851], 'radius': 12.0}, 'projected_sphere': {'center': [121.10102744618021, 127.62481705668748], 'axes': [173.9307204742421, 173.9307204742421], 'angle': 90.0}, 'model_confidence': 0.6845078099315671, 'model_id': 1, 'model_birth_timestamp': 40910.15789, 'theta': 2.526667770610262, 'phi': -1.8328874736334255, 'norm_pos': [0.32409854963407186, 0.14516557779757566], 'topic': 'pupil.1', 'id': 1, 'method': '3d c++'}"
1582184723.175217,"{'circle_3d': {'center': [-7.128020129827331, 10.887374436190964, 78.90537771793383], 'normal': [-0.14670895716849533, 0.8196047185409742, -0.5538272178503898], 'radius': 2.115101705612747}, 'confidence': 0.8189813606084403, 'timestamp': 41055.39389, 'diameter_3d': 4.230203411225494, 'ellipse': {'center': [103.9997927481966, 205.38799943709336], 'axes': [14.191099156523972, 33.30596472953987], 'angle': -78.24565666847654}, 'location': [103.9997927481966, 205.38799943709336], 'diameter': 33.30596472953987, 'sphere': {'center': [-5.367512643805387, 1.052117813699275, 85.55130433213851], 'radius': 12.0}, 'projected_sphere': {'center': [121.10102744618021, 127.62481705668748], 'axes': [173.9307204742421, 173.9307204742421], 'angle': 90.0}, 'model_confidence': 0.6841864791891528, 'model_id': 1, 'model_birth_timestamp': 40910.15789, 'theta': 2.5315170742166426, 'phi': -1.8297488312218846, 'norm_pos': [0.3249993523381144, 0.14421666901211105], 'topic': 'pupil.1', 'id': 1, 'method': '3d c++'}"
1582184723.1886861,"{'circle_3d': {'center': [-7.134250216329608, 10.86545539151616, 78.87470011040736], 'normal': [-0.14722813104368512, 0.8177781314847405, -0.5563836851442625], 'radius': 2.157820280001817}, 'confidence': 0.8821215064810252, 'timestamp': 41055.40229, 'diameter_3d': 4.315640560003634, 'ellipse': {'center': [103.92977297811268, 205.24157390593706], 'axes': [14.582851819296014, 33.992114442036495], 'angle': -78.17554639792223}, 'location': [103.92977297811268, 205.24157390593706], 'diameter': 33.992114442036495, 'sphere': {'center': [-5.367512643805387, 1.052117813699275, 85.55130433213851], 'radius': 12.0}, 'projected_sphere': {'center': [121.10102744618021, 127.62481705668748], 'axes': [173.9307204742421, 173.9307204742421], 'angle': 90.0}, 'model_confidence': 0.6835643837539651, 'model_id': 1, 'model_birth_timestamp': 40910.15789, 'theta': 2.528336152409029, 'phi': -1.8294833978636782, 'norm_pos': [0.3247805405566021, 0.1448267753919289], 'topic': 'pupil.1', 'id': 1, 'method': '3d c++'}"
1582184723.1957738,"{'circle_3d': {'center': [-7.12258561531203, 10.850038336675492, 78.84903066642416], 'normal': [-0.14625608095888687, 0.8164933769146848, -0.558522805476197], 'radius': 2.183520857913675}, 'confidence': 0.9488797721874753, 'timestamp': 41055.41069, 'diameter_3d': 4.36704171582735, 'ellipse': {'center': [104.00349215195737, 205.14333906034958], 'axes': [14.848752308801044, 34.40839595490349], 'angle': -78.21367180179458}, 'location': [104.00349215195737, 205.14333906034958], 'diameter': 34.40839595490349, 'sphere': {'center': [-5.367512643805387, 1.052117813699275, 85.55130433213851], 'radius': 12.0}, 'projected_sphere': {'center': [121.10102744618021, 127.62481705668748], 'axes': [173.9307204742421, 173.9307204742421], 'angle': 90.0}, 'model_confidence': 0.6825580995112213, 'model_id': 1, 'model_birth_timestamp': 40910.15789, 'theta': 2.526107395427807, 'phi': -1.8269079970331068, 'norm_pos': [0.3250109129748668, 0.14523608724854342], 'topic': 'pupil.1', 'id': 1, 'method': '3d c++'}"
1582184723.204267,"{'circle_3d': {'center': [-7.11411111571541, 10.84960104498024, 78.84617822514471], 'normal': [-0.14554987265916858, 0.8164569359400805, -0.5587605089161501], 'radius': 2.167800088947124}, 'confidence': 0.90303085092663, 'timestamp': 41055.41909, 'diameter_3d': 4.335600177894248, 'ellipse': {'center': [104.06784788872707, 205.14534353465524], 'axes': [14.753216246930661, 34.16180831213118], 'angle': -78.25923216518366}, 'location': [104.06784788872707, 205.14534353465524], 'diameter': 34.16180831213118, 'sphere': {'center': [-5.367512643805387, 1.052117813699275, 85.55130433213851], 'radius': 12.0}, 'projected_sphere': {'center': [121.10102744618021, 127.62481705668748], 'axes': [173.9307204742421, 173.9307204742421], 'angle': 90.0}, 'model_confidence': 0.6819016015590429, 'model_id': 1, 'model_birth_timestamp': 40910.15789, 'theta': 2.526044281120293, 'phi': -1.8256205347558176, 'norm_pos': [0.3252120246522721, 0.14522773527226984], 'topic': 'pupil.1', 'id': 1, 'method': '3d c++'}"
1582184723.212762,"{'circle_3d': {'center': [-7.122978003806247, 10.870245033715943, 78.87876963673192], 'normal': [-0.14628878000007162, 0.8181772683347222, -0.5560445579505501], 'radius': 2.156585266723303}, 'confidence': 0.8060099396648076, 'timestamp': 41055.42749, 'diameter_3d': 4.313170533446606, 'ellipse': {'center': [104.02102248316702, 205.2750903003835], 'axes': [14.56249990697253, 33.97096180166303], 'angle': -78.2448573554355}, 'location': [104.02102248316702, 205.2750903003835], 'diameter': 33.97096180166303, 'sphere': {'center': [-5.367512643805387, 1.052117813699275, 85.55130433213851], 'radius': 12.0}, 'projected_sphere': {'center': [121.10102744618021, 127.62481705668748], 'axes': [173.9307204742421, 173.9307204742421], 'angle': 90.0}, 'model_confidence': 0.6815620278773138, 'model_id': 1, 'model_birth_timestamp': 40910.15789, 'theta': 2.5290300019611034, 'phi': -1.8280548903120386, 'norm_pos': [0.3250656952598969, 0.1446871237484021], 'topic': 'pupil.1', 'id': 1, 'method': '3d c++'}"
1582184723.219442,"{'circle_3d': {'center': [-7.604251528072251, 11.193582030929377, 79.5390083735009], 'normal': [-0.18639490702223865, 0.8451220181025083, -0.5010246632198007], 'radius': 2.1459348333698776}, 'confidence': 0.26403558713337943, 'timestamp': 41055.43589, 'diameter_3d': 4.291869666739755, 'ellipse': {'center': [100.73532370405475, 207.1094454029701], 'axes': [12.172336151264325, 33.52128908276653], 'angle': -76.25381803560943}, 'location': [100.73532370405475, 207.1094454029701], 'diameter': 33.52128908276653, 'sphere': {'center': [-5.367512643805387, 1.052117813699275, 85.55130433213851], 'radius': 12.0}, 'projected_sphere': {'center': [121.10102744618021, 127.62481705668748], 'axes': [173.9307204742421, 173.9307204742421], 'angle': 90.0}, 'model_confidence': 0.6812321282382405, 'model_id': 1, 'model_birth_timestamp': 40910.15789, 'theta': 2.5775897058993986, 'phi': -1.9269583458984165, 'norm_pos': [0.3147978865751711, 0.13704397748762465], 'topic': 'pupil.1', 'id': 1, 'method': '3d c++'}"
1582184723.228157,"{'circle_3d': {'center': [-7.093260535971218, 10.866679364257568, 78.86578447329522], 'normal': [-0.14381232434715255, 0.817880129213191, -0.5571266549036077], 'radius': 2.155671523093134}, 'confidence': 0.8465676957755098, 'timestamp': 41055.44429, 'diameter_3d': 4.311343046186268, 'ellipse': {'center': [104.24502222880533, 205.26079576270962], 'axes': [14.606622159457366, 33.962277155602635], 'angle': -78.40105646629497}, 'location': [104.24502222880533, 205.26079576270962], 'diameter': 33.962277155602635, 'sphere': {'center': [-5.367512643805387, 1.052117813699275, 85.55130433213851], 'radius': 12.0}, 'projected_sphere': {'center': [121.10102744618021, 127.62481705668748], 'axes': [173.9307204742421, 173.9307204742421], 'angle': 90.0}, 'model_confidence': 0.6806839610988491, 'model_id': 1, 'model_birth_timestamp': 40910.15789, 'theta': 2.528513397619623, 'phi': -1.8234140512767263, 'norm_pos': [0.32576569446501663, 0.1447466843220433], 'topic': 'pupil.1', 'id': 1, 'method': '3d c++'}"
1582184723.236602,"{'circle_3d': {'center': [-7.266875706093163, 10.88496148723939, 78.94013157313887], 'normal': [-0.158280255190648, 0.8194036394616763, -0.5509310632499703], 'radius': 2.1752798972675667}, 'confidence': 0.22593271641891455, 'timestamp': 41055.45269, 'diameter_3d': 4.350559794535133, 'ellipse': {'center': [102.9364458822633, 205.32366118966314], 'axes': [14.448872470502092, 34.238339735252616], 'angle': -77.48889238887529}, 'location': [102.9364458822633, 205.32366118966314], 'diameter': 34.238339735252616, 'sphere': {'center': [-5.367512643805387, 1.052117813699275, 85.55130433213851], 'radius': 12.0}, 'projected_sphere': {'center': [121.10102744618021, 127.62481705668748], 'axes': [173.9307204742421, 173.9307204742421], 'angle': 90.0}, 'model_confidence': 0.6793611860581805, 'model_id': 1, 'model_birth_timestamp': 40910.15789, 'theta': 2.531166195682808, 'phi': -1.8505576540360629, 'norm_pos': [0.3216763933820728, 0.1444847450430703], 'topic': 'pupil.1', 'id': 1, 'method': '3d c++'}"
1582184723.2438369,"{'circle_3d': {'center': [-7.358502574581034, 10.946237858151541, 79.05959056445606], 'normal': [-0.16591582756463719, 0.8245100037043553, -0.5409761473068712], 'radius': 2.1591858330224802}, 'confidence': 0.2420841039054587, 'timestamp': 41055.46109, 'diameter_3d': 4.3183716660449605, 'ellipse': {'center': [102.3043230966852, 205.68136623384342], 'axes': [13.914590313913221, 33.933298208662826], 'angle': -77.1025793938801}, 'location': [102.3043230966852, 205.68136623384342], 'diameter': 33.933298208662826, 'sphere': {'center': [-5.367512643805387, 1.052117813699275, 85.55130433213851], 'radius': 12.0}, 'projected_sphere': {'center': [121.10102744618021, 127.62481705668748], 'axes': [173.9307204742421, 173.9307204742421], 'angle': 90.0}, 'model_confidence': 0.6791482408897154, 'model_id': 1, 'model_birth_timestamp': 40910.15789, 'theta': 2.5401320282539275, 'phi': -1.8683858888715, 'norm_pos': [0.3197010096771412, 0.14299430735898577], 'topic': 'pupil.1', 'id': 1, 'method': '3d c++'}"
1582184723.252654,"{'circle_3d': {'center': [-7.088872354930518, 10.881919709454092, 78.88707778773517], 'normal': [-0.14344664259376091, 0.8191501579795681, -0.5553522120336124], 'radius': 2.1770149551043394}, 'confidence': 0.8674730716709853, 'timestamp': 41055.46949, 'diameter_3d': 4.354029910208679, 'ellipse': {'center': [104.2944502652083, 205.3548117298013], 'axes': [14.677933954926921, 34.28952274355975], 'angle': -78.44981604037427}, 'location': [104.2944502652083, 205.3548117298013], 'diameter': 34.28952274355975, 'sphere': {'center': [-5.367512643805387, 1.052117813699275, 85.55130433213851], 'radius': 12.0}, 'projected_sphere': {'center': [121.10102744618021, 127.62481705668748], 'axes': [173.9307204742421, 173.9307204742421], 'angle': 90.0}, 'model_confidence': 0.67889122405691, 'model_id': 1, 'model_birth_timestamp': 40910.15789, 'theta': 2.5307241267193805, 'phi': -1.823569963037505, 'norm_pos': [0.3259201570787759, 0.14435495112582797], 'topic': 'pupil.1', 'id': 1, 'method': '3d c++'}"
1582184723.25926,"{'circle_3d': {'center': [-7.139463576667566, 10.879378084592414, 78.89659581413007], 'normal': [-0.1476625777385149, 0.8189383559077617, -0.5545590431673705], 'radius': 2.1211609568251832}, 'confidence': 0.8192965516116385, 'timestamp': 41055.47789, 'diameter_3d': 4.2423219136503665, 'ellipse': {'center': [103.90395092144568, 205.3335507600864], 'axes': [14.259541132051629, 33.40507034420529], 'angle': -78.17021882321956}, 'location': [103.90395092144568, 205.3335507600864], 'diameter': 33.40507034420529, 'sphere': {'center': [-5.367512643805387, 1.052117813699275, 85.55130433213851], 'radius': 12.0}, 'projected_sphere': {'center': [121.10102744618021, 127.62481705668748], 'axes': [173.9307204742421, 173.9307204742421], 'angle': 90.0}, 'model_confidence': 0.6782762516891916, 'model_id': 1, 'model_birth_timestamp': 40910.15789, 'theta': 2.530354960118087, 'phi': -1.8310285879852897, 'norm_pos': [0.3246998466295178, 0.14444353849963998], 'topic': 'pupil.1', 'id': 1, 'method': '3d c++'}"
1582184723.267477,"{'circle_3d': {'center': [-7.267245606313997, 10.872344282988362, 78.921510461811], 'normal': [-0.1583110802090508, 0.8183522057740904, -0.5524828225272931], 'radius': 2.1763239322964445}, 'confidence': 0.26316135892286807, 'timestamp': 41055.48629, 'diameter_3d': 4.352647864592889, 'ellipse': {'center': [102.92027873442744, 205.24399417754557], 'axes': [14.52048620594736, 34.26282376555373], 'angle': -77.46524118384237}, 'location': [102.92027873442744, 205.24399417754557], 'diameter': 34.26282376555373, 'sphere': {'center': [-5.367512643805387, 1.052117813699275, 85.55130433213851], 'radius': 12.0}, 'projected_sphere': {'center': [121.10102744618021, 127.62481705668748], 'axes': [173.9307204742421, 173.9307204742421], 'angle': 90.0}, 'model_confidence': 0.6773990415176678, 'model_id': 1, 'model_birth_timestamp': 40910.15789, 'theta': 2.5293343248494566, 'phi': -1.8498636517429723, 'norm_pos': [0.3216258710450858, 0.14481669092689342], 'topic': 'pupil.1', 'id': 1, 'method': '3d c++'}"
1582184723.281263,"{'circle_3d': {'center': [-7.121385029831328, 10.867655667185314, 78.87454251967895], 'normal': [-0.1461560321688284, 0.8179614877905033, -0.556396817704964], 'radius': 2.1645154293307773}, 'confidence': 0.8107130354273158, 'timestamp': 41055.49469, 'diameter_3d': 4.329030858661555, 'ellipse': {'center': [104.03062045313455, 205.25795581449148], 'axes': [14.631056219711455, 34.09777160465736], 'angle': -78.24926669308786}, 'location': [104.03062045313455, 205.25795581449148], 'diameter': 34.09777160465736, 'sphere': {'center': [-5.367512643805387, 1.052117813699275, 85.55130433213851], 'radius': 12.0}, 'projected_sphere': {'center': [121.10102744618021, 127.62481705668748], 'axes': [173.9307204742421, 173.9307204742421], 'angle': 90.0}, 'model_confidence': 0.6768276968484477, 'model_id': 1, 'model_birth_timestamp': 40910.15789, 'theta': 2.5286548094389407, 'phi': -1.82767593143098, 'norm_pos': [0.32509568891604546, 0.14475851743961887], 'topic': 'pupil.1', 'id': 1, 'method': '3d c++'}"
1582184723.2878542,"{'circle_3d': {'center': [-7.089671428529876, 10.881676903525328, 78.88692610008908], 'normal': [-0.14351323206037406, 0.819129924152171, -0.5553648526707861], 'radius': 2.173708239775457}, 'confidence': 0.9102202433796587, 'timestamp': 41055.50309, 'diameter_3d': 4.347416479550914, 'ellipse': {'center': [104.28805334506805, 205.3535816619795], 'axes': [14.6559963673964, 34.2374736157175], 'angle': -78.44506799014864}, 'location': [104.28805334506805, 205.3535816619795], 'diameter': 34.2374736157175, 'sphere': {'center': [-5.367512643805387, 1.052117813699275, 85.55130433213851], 'radius': 12.0}, 'projected_sphere': {'center': [121.10102744618021, 127.62481705668748], 'axes': [173.9307204742421, 173.9307204742421], 'angle': 90.0}, 'model_confidence': 0.6758870901329428, 'model_id': 1, 'model_birth_timestamp': 40910.15789, 'theta': 2.5306888511720795, 'phi': -1.8236768515643949, 'norm_pos': [0.32590016670333766, 0.14436007640841875], 'topic': 'pupil.1', 'id': 1, 'method': '3d c++'}"
1582184723.295476,"{'circle_3d': {'center': [-7.117028247621616, 10.895240555662816, 78.91412648017133], 'normal': [-0.14579296698468575, 0.8202602284969617, -0.5530981543305985], 'radius': 2.168860593449136}, 'confidence': 0.7923875831356029, 'timestamp': 41055.51149, 'diameter_3d': 4.337721186898272, 'ellipse': {'center': [104.09251387052606, 205.43231873847117], 'axes': [14.523836204896343, 34.14921891469385], 'angle': -78.31830511960322}, 'location': [104.09251387052606, 205.43231873847117], 'diameter': 34.14921891469385, 'sphere': {'center': [-5.367512643805387, 1.052117813699275, 85.55130433213851], 'radius': 12.0}, 'projected_sphere': {'center': [121.10102744618021, 127.62481705668748], 'axes': [173.9307204742421, 173.9307204742421], 'angle': 90.0}, 'model_confidence': 0.6757088427615798, 'model_id': 1, 'model_birth_timestamp': 40910.15789, 'theta': 2.5326621497239237, 'phi': -1.8285272023030261, 'norm_pos': [0.32528910584539394, 0.14403200525637017], 'topic': 'pupil.1', 'id': 1, 'method': '3d c++'}"
1582184723.303574,"{'circle_3d': {'center': [-7.010750067739056, 11.153954222276447, 79.28610904843597], 'normal': [-0.13693645199447238, 0.8418197007147642, -0.5220996069752116], 'radius': 2.1281323191615003}, 'confidence': 0.23566564628499814, 'timestamp': 41055.51989, 'diameter_3d': 4.2562646383230005, 'ellipse': {'center': [105.18067686829825, 207.07078740766264], 'axes': [13.01591060978087, 33.351571698352316], 'angle': -79.30443517023728}, 'location': [105.18067686829825, 207.07078740766264], 'diameter': 33.351571698352316, 'sphere': {'center': [-5.367512643805387, 1.052117813699275, 85.55130433213851], 'radius': 12.0}, 'projected_sphere': {'center': [121.10102744618021, 127.62481705668748], 'axes': [173.9307204742421, 173.9307204742421], 'angle': 90.0}, 'model_confidence': 0.6754217664914242, 'model_id': 1, 'model_birth_timestamp': 40910.15789, 'theta': 2.571442060418836, 'phi': -1.8272991276609043, 'norm_pos': [0.32868961521343204, 0.13720505246807235], 'topic': 'pupil.1', 'id': 1, 'method': '3d c++'}"
1582184723.311918,"{'circle_3d': {'center': [-7.104206974208831, 10.814441996171006, 78.79253821996447], 'normal': [-0.14472452753362036, 0.8135270152059776, -0.5632305093478367], 'radius': 2.1333696278250542}, 'confidence': 0.7990100647320179, 'timestamp': 41055.52829, 'diameter_3d': 4.2667392556501085, 'ellipse': {'center': [104.1077350852292, 204.93055531958953], 'axes': [14.704330746305331, 33.64178386274679], 'angle': -78.25560194498121}, 'location': [104.1077350852292, 204.93055531958953], 'diameter': 33.64178386274679, 'sphere': {'center': [-5.367512643805387, 1.052117813699275, 85.55130433213851], 'radius': 12.0}, 'projected_sphere': {'center': [121.10102744618021, 127.62481705668748], 'axes': [173.9307204742421, 173.9307204742421], 'angle': 90.0}, 'model_confidence': 0.6748691664726025, 'model_id': 1, 'model_birth_timestamp': 40910.15789, 'theta': 2.5209880555383446, 'phi': -1.8223094716989685, 'norm_pos': [0.3253366721413412, 0.14612268616837698], 'topic': 'pupil.1', 'id': 1, 'method': '3d c++'}"
1582184723.321579,"{'circle_3d': {'center': [-7.125839712748668, 10.798573489664768, 78.77525181794846], 'normal': [-0.14652725574527345, 0.8122046396637912, -0.564671042849171], 'radius': 2.16744865422323}, 'confidence': 0.7923945513949519, 'timestamp': 41055.53669, 'diameter_3d': 4.33489730844646, 'ellipse': {'center': [103.92605483406213, 204.81856113894207], 'axes': [14.995786086195396, 34.18681750767914], 'angle': -78.1107675955457}, 'location': [103.92605483406213, 204.81856113894207], 'diameter': 34.18681750767914, 'sphere': {'center': [-5.367512643805387, 1.052117813699275, 85.55130433213851], 'radius': 12.0}, 'projected_sphere': {'center': [121.10102744618021, 127.62481705668748], 'axes': [173.9307204742421, 173.9307204742421], 'angle': 90.0}, 'model_confidence': 0.6750154393902807, 'model_id': 1, 'model_birth_timestamp': 40910.15789, 'theta': 2.5187176885439357, 'phi': -1.8246878913867333, 'norm_pos': [0.32476892135644414, 0.14658932858774132], 'topic': 'pupil.1', 'id': 1, 'method': '3d c++'}"
1582184723.327789,"{'circle_3d': {'center': [-7.590205973272209, 11.066071031248455, 79.32391520667991], 'normal': [-0.1852244441222352, 0.834496101462432, -0.518949093788217], 'radius': 2.1335296977110816}, 'confidence': 0.275310907528644, 'timestamp': 41055.54509, 'diameter_3d': 4.267059395422163, 'ellipse': {'center': [100.6863003124397, 206.34441328278234], 'axes': [12.818855667523907, 33.4174524805779], 'angle': -76.09274227876438}, 'location': [100.6863003124397, 206.34441328278234], 'diameter': 33.4174524805779, 'sphere': {'center': [-5.367512643805387, 1.052117813699275, 85.55130433213851], 'radius': 12.0}, 'projected_sphere': {'center': [121.10102744618021, 127.62481705668748], 'axes': [173.9307204742421, 173.9307204742421], 'angle': 90.0}, 'model_confidence': 0.6750154393902807, 'model_id': 1, 'model_birth_timestamp': 40910.15789, 'theta': 2.5580139843433765, 'phi': -1.9136245437320245, 'norm_pos': [0.31464468847637406, 0.14023161132174022], 'topic': 'pupil.1', 'id': 1, 'method': '3d c++'}"
1582184723.337149,"{'circle_3d': {'center': [-7.139681924007484, 10.783981170493945, 78.75790668096387], 'normal': [-0.14768077335017474, 0.8109886130662225, -0.5661164709312203], 'radius': 2.1964666367276866}, 'confidence': 0.8123122284955285, 'timestamp': 41055.55349, 'diameter_3d': 4.392933273455373, 'ellipse': {'center': [103.80543074097935, 204.7173081214118], 'axes': [15.255556943841615, 34.65227623996743], 'angle': -78.0105491136838}, 'location': [103.80543074097935, 204.7173081214118], 'diameter': 34.65227623996743, 'sphere': {'center': [-5.367512643805387, 1.052117813699275, 85.55130433213851], 'radius': 12.0}, 'projected_sphere': {'center': [121.10102744618021, 127.62481705668748], 'axes': [173.9307204742421, 173.9307204742421], 'angle': 90.0}, 'model_confidence': 0.6747173528646067, 'model_id': 1, 'model_birth_timestamp': 40910.15789, 'theta': 2.5166362263973157, 'phi': -1.8259757664391354, 'norm_pos': [0.32439197106556045, 0.14701121616078416], 'topic': 'pupil.1', 'id': 1, 'method': '3d c++'}"
1582184723.3438022,"{'circle_3d': {'center': [-7.163414916548552, 10.781422563892768, 78.76047492001084], 'normal': [-0.14965852272859706, 0.8107753958494577, -0.5659024510106395], 'radius': 2.207468919239575}, 'confidence': 0.8247358401531906, 'timestamp': 41055.56189, 'diameter_3d': 4.41493783847915, 'ellipse': {'center': [103.62096455431461, 204.69278269937053], 'axes': [15.31846203405776, 34.824689114173935], 'angle': -77.87610533546663}, 'location': [103.62096455431461, 204.69278269937053], 'diameter': 34.824689114173935, 'sphere': {'center': [-5.367512643805387, 1.052117813699275, 85.55130433213851], 'radius': 12.0}, 'projected_sphere': {'center': [121.10102744618021, 127.62481705668748], 'axes': [173.9307204742421, 173.9307204742421], 'angle': 90.0}, 'model_confidence': 0.6743865031001328, 'model_id': 1, 'model_birth_timestamp': 40910.15789, 'theta': 2.5162718831022883, 'phi': -1.8293373578747343, 'norm_pos': [0.32381551423223315, 0.14711340541928952], 'topic': 'pupil.1', 'id': 1, 'method': '3d c++'}"
1582184723.358528,"{'circle_3d': {'center': [-7.4433872030764245, 11.048289063218014, 79.24517198620204], 'normal': [-0.17298954660591978, 0.8330142707932282, -0.5255110288280397], 'radius': 2.154109831330034}, 'confidence': 0.24544946464157513, 'timestamp': 41055.57029, 'diameter_3d': 4.308219662660068, 'ellipse': {'center': [101.77477996339731, 206.28543308806553], 'axes': [13.235116996408195, 33.77411914638413], 'angle': -76.83157969308397}, 'location': [101.77477996339731, 206.28543308806553], 'diameter': 33.77411914638413, 'sphere': {'center': [-5.367512643805387, 1.052117813699275, 85.55130433213851], 'radius': 12.0}, 'projected_sphere': {'center': [121.10102744618021, 127.62481705668748], 'axes': [173.9307204742421, 173.9307204742421], 'angle': 90.0}, 'model_confidence': 0.674119637270687, 'model_id': 1, 'model_birth_timestamp': 40910.15789, 'theta': 2.5553301551633045, 'phi': -1.8888073705442419, 'norm_pos': [0.3180461873856166, 0.14047736213306028], 'topic': 'pupil.1', 'id': 1, 'method': '3d c++'}"
1582184723.365619,"{'circle_3d': {'center': [-7.765235338815713, 11.088468499787847, 79.42573572312907], 'normal': [-0.19981022458419379, 0.8363625571740475, -0.5104640507507873], 'radius': 2.1479958660458953}, 'confidence': 0.28835519590445186, 'timestamp': 41055.57869, 'diameter_3d': 4.295991732091791, 'ellipse': {'center': [99.39778518194316, 206.41009813915974], 'axes': [12.533193713039044, 33.6002890558272], 'angle': -75.22534876422405}, 'location': [99.39778518194316, 206.41009813915974], 'diameter': 33.6002890558272, 'sphere': {'center': [-5.367512643805387, 1.052117813699275, 85.55130433213851], 'radius': 12.0}, 'projected_sphere': {'center': [121.10102744618021, 127.62481705668748], 'axes': [173.9307204742421, 173.9307204742421], 'angle': 90.0}, 'model_confidence': 0.674003744426177, 'model_id': 1, 'model_birth_timestamp': 40910.15789, 'theta': 2.5614100360300336, 'phi': -1.9438917901138562, 'norm_pos': [0.3106180786935724, 0.13995792442016775], 'topic': 'pupil.1', 'id': 1, 'method': '3d c++'}"
1582184723.37378,"{'circle_3d': {'center': [-7.744715811961568, 11.07984668994505, 79.4036577351215], 'normal': [-0.1981002640130151, 0.8356440730204812, -0.5123038830847513], 'radius': 2.128514787957457}, 'confidence': 0.3698535911053669, 'timestamp': 41055.58709, 'diameter_3d': 4.257029575914914, 'ellipse': {'center': [99.54084707918503, 206.36875559177497], 'axes': [12.496234268562578, 33.30471577173551], 'angle': -75.3149673116432}, 'location': [99.54084707918503, 206.36875559177497], 'diameter': 33.30471577173551, 'sphere': {'center': [-5.367512643805387, 1.052117813699275, 85.55130433213851], 'radius': 12.0}, 'projected_sphere': {'center': [121.10102744618021, 127.62481705668748], 'axes': [173.9307204742421, 173.9307204742421], 'angle': 90.0}, 'model_confidence': 0.6736508768250382, 'model_id': 1, 'model_birth_timestamp': 40910.15789, 'theta': 2.560100663648854, 'phi': -1.9397718845099803, 'norm_pos': [0.3110651471224532, 0.140130185034271], 'topic': 'pupil.1', 'id': 1, 'method': '3d c++'}"
1582184723.3840268,"{'circle_3d': {'center': [-7.813048871542861, 11.076648389590208, 79.42528284247237], 'normal': [-0.2037946856447895, 0.835377547990911, -0.510501790805512], 'radius': 2.1268649762951983}, 'confidence': 0.3706845605460287, 'timestamp': 41055.59549, 'diameter_3d': 4.253729952590397, 'ellipse': {'center': [99.0246511671787, 206.3213567721265], 'axes': [12.40285476996182, 33.26950177340268], 'angle': -74.95582569932039}, 'location': [99.0246511671787, 206.3213567721265], 'diameter': 33.26950177340268, 'sphere': {'center': [-5.367512643805387, 1.052117813699275, 85.55130433213851], 'radius': 12.0}, 'projected_sphere': {'center': [121.10102744618021, 127.62481705668748], 'axes': [173.9307204742421, 173.9307204742421], 'angle': 90.0}, 'model_confidence': 0.6735934794865894, 'model_id': 1, 'model_birth_timestamp': 40910.15789, 'theta': 2.55961560876655, 'phi': -1.9506168641662633, 'norm_pos': [0.30945203489743345, 0.1403276801161396], 'topic': 'pupil.1', 'id': 1, 'method': '3d c++'}"
1582184723.387968,"{'circle_3d': {'center': [-7.283299301606846, 10.794490022105975, 78.81216898443591], 'normal': [-0.15964888815012152, 0.8118643507005583, -0.5615946123085503], 'radius': 2.2109692358356248}, 'confidence': 0.8369592279527629, 'timestamp': 41055.60389, 'diameter_3d': 4.4219384716712495, 'ellipse': {'center': [102.7165855427816, 204.74133821508218], 'axes': [15.136344988150523, 34.85652809595426], 'angle': -77.24366205995909}, 'location': [102.7165855427816, 204.74133821508218], 'diameter': 34.85652809595426, 'sphere': {'center': [-5.367512643805387, 1.052117813699275, 85.55130433213851], 'radius': 12.0}, 'projected_sphere': {'center': [121.10102744618021, 127.62481705668748], 'axes': [173.9307204742421, 173.9307204742421], 'angle': 90.0}, 'model_confidence': 0.673441654317064, 'model_id': 1, 'model_birth_timestamp': 40910.15789, 'theta': 2.518134611964568, 'phi': -1.8477674227360585, 'norm_pos': [0.3209893298211925, 0.14691109077049092], 'topic': 'pupil.1', 'id': 1, 'method': '3d c++'}"
1582184723.3969002,"{'circle_3d': {'center': [-7.268100483061708, 10.794563738630576, 78.8079733106729], 'normal': [-0.15838231993802673, 0.8118704937442751, -0.561944251788801], 'radius': 2.1691076983459157}, 'confidence': 0.8450768948675622, 'timestamp': 41055.61229, 'diameter_3d': 4.338215396691831, 'ellipse': {'center': [102.83239469632962, 204.7528989185975], 'axes': [14.86688094707876, 34.19811504069675], 'angle': -77.32657153534208}, 'location': [102.83239469632962, 204.7528989185975], 'diameter': 34.19811504069675, 'sphere': {'center': [-5.367512643805387, 1.052117813699275, 85.55130433213851], 'radius': 12.0}, 'projected_sphere': {'center': [121.10102744618021, 127.62481705668748], 'axes': [173.9307204742421, 173.9307204742421], 'angle': 90.0}, 'model_confidence': 0.6736173341192919, 'model_id': 1, 'model_birth_timestamp': 40910.15789, 'theta': 2.5181451337246488, 'phi': -1.8455169601383326, 'norm_pos': [0.32135123342603006, 0.14686292117251043], 'topic': 'pupil.1', 'id': 1, 'method': '3d c++'}"
1582184723.404021,"{'circle_3d': {'center': [-7.264999075103235, 10.797248661624252, 78.81098015596854], 'normal': [-0.1581238692748207, 0.8120942373270814, -0.5616936813474988], 'radius': 2.175909323895529}, 'confidence': 0.7381241653856244, 'timestamp': 41055.62069, 'diameter_3d': 4.351818647791058, 'ellipse': {'center': [102.85896454069385, 204.76978775774154], 'axes': [14.903602271338825, 34.30411947078775], 'angle': -77.34809608131565}, 'location': [102.85896454069385, 204.76978775774154], 'diameter': 34.30411947078775, 'sphere': {'center': [-5.367512643805387, 1.052117813699275, 85.55130433213851], 'radius': 12.0}, 'projected_sphere': {'center': [121.10102744618021, 127.62481705668748], 'axes': [173.9307204742421, 173.9307204742421], 'angle': 90.0}, 'model_confidence': 0.6733993654508552, 'model_id': 1, 'model_birth_timestamp': 40910.15789, 'theta': 2.51852846506767, 'phi': -1.8452071458833277, 'norm_pos': [0.32143426418966825, 0.14679255100941024], 'topic': 'pupil.1', 'id': 1, 'method': '3d c++'}"
1582184723.422154,"{'circle_3d': {'center': [-7.267669854683616, 10.738941342242843, 78.7281926885552], 'normal': [-0.15834643423985237, 0.8072352940452974, -0.5685926369652763], 'radius': 2.194378244868753}, 'confidence': 0.7745012417139786, 'timestamp': 41055.62909, 'diameter_3d': 4.388756489737506, 'ellipse': {'center': [102.77895542994355, 204.39456039476772], 'axes': [15.32234806612279, 34.63162980699032], 'angle': -77.23243797392277}, 'location': [102.77895542994355, 204.39456039476772], 'diameter': 34.63162980699032, 'sphere': {'center': [-5.367512643805387, 1.052117813699275, 85.55130433213851], 'radius': 12.0}, 'projected_sphere': {'center': [121.10102744618021, 127.62481705668748], 'axes': [173.9307204742421, 173.9307204742421], 'angle': 90.0}, 'model_confidence': 0.6734115696646836, 'model_id': 1, 'model_birth_timestamp': 40910.15789, 'theta': 2.510249205635477, 'phi': -1.8424027424199083, 'norm_pos': [0.3211842357185736, 0.14835599835513447], 'topic': 'pupil.1', 'id': 1, 'method': '3d c++'}"
1582184723.425549,"{'circle_3d': {'center': [-7.261730102822439, 10.706518638459531, 78.68075232135921], 'normal': [-0.15785145491808758, 0.8045334020633546, -0.5725460008982751], 'radius': 2.251531141632421}, 'confidence': 0.7385464502858662, 'timestamp': 41055.63749, 'diameter_3d': 4.503062283264842, 'ellipse': {'center': [102.79236164734115, 204.1792487902357], 'axes': [15.89560971165361, 35.555459108126605], 'angle': -77.20852498883548}, 'location': [102.79236164734115, 204.1792487902357], 'diameter': 35.555459108126605, 'sphere': {'center': [-5.367512643805387, 1.052117813699275, 85.55130433213851], 'radius': 12.0}, 'projected_sphere': {'center': [121.10102744618021, 127.62481705668748], 'axes': [173.9307204742421, 173.9307204742421], 'angle': 90.0}, 'model_confidence': 0.6734604734290217, 'model_id': 1, 'model_birth_timestamp': 40910.15789, 'theta': 2.5056857355341062, 'phi': -1.8398140536652838, 'norm_pos': [0.3212261301479411, 0.14925313004068452], 'topic': 'pupil.1', 'id': 1, 'method': '3d c++'}"
1582184723.4270048,"{'circle_3d': {'center': [-7.274400878595038, 10.699150868396789, 78.67391162111826], 'normal': [-0.15890735289913754, 0.8039194212247928, -0.5731160592516871], 'radius': 2.2498985043553734}, 'confidence': 0.8604235065264528, 'timestamp': 41055.64589, 'diameter_3d': 4.499797008710747, 'ellipse': {'center': [102.68783974697305, 204.1286342265179], 'axes': [15.906556817114815, 35.532665178269525], 'angle': -77.12608805981407}, 'location': [102.68783974697305, 204.1286342265179], 'diameter': 35.532665178269525, 'sphere': {'center': [-5.367512643805387, 1.052117813699275, 85.55130433213851], 'radius': 12.0}, 'projected_sphere': {'center': [121.10102744618021, 127.62481705668748], 'axes': [173.9307204742421, 173.9307204742421], 'angle': 90.0}, 'model_confidence': 0.673051876886599, 'model_id': 1, 'model_birth_timestamp': 40910.15789, 'theta': 2.504652659291104, 'phi': -1.8412708415724317, 'norm_pos': [0.3208994992092908, 0.14946402405617543], 'topic': 'pupil.1', 'id': 1, 'method': '3d c++'}"
1582184723.442241,"{'circle_3d': {'center': [-7.283382656891443, 10.689871618298724, 78.663405981053], 'normal': [-0.15965583442383796, 0.8031461503832873, -0.573991529257126], 'radius': 2.252049591304033}, 'confidence': 0.8543727684141564, 'timestamp': 41055.65429, 'diameter_3d': 4.504099182608066, 'ellipse': {'center': [102.60971742893202, 204.06611427533034], 'axes': [15.958368228877665, 35.57133086003915], 'angle': -77.06049569251529}, 'location': [102.60971742893202, 204.06611427533034], 'diameter': 35.57133086003915, 'sphere': {'center': [-5.367512643805387, 1.052117813699275, 85.55130433213851], 'radius': 12.0}, 'projected_sphere': {'center': [121.10102744618021, 127.62481705668748], 'axes': [173.9307204742421, 173.9307204742421], 'angle': 90.0}, 'model_confidence': 0.6733206703226524, 'model_id': 1, 'model_birth_timestamp': 40910.15789, 'theta': 2.503353612581488, 'phi': -1.8420888491363723, 'norm_pos': [0.3206553669654125, 0.14972452385279023], 'topic': 'pupil.1', 'id': 1, 'method': '3d c++'}"
1582184723.447894,"{'circle_3d': {'center': [-7.193333845418622, 10.698319355981106, 78.65078458755266], 'normal': [-0.1521517668011029, 0.8038501285234858, -0.5750433120488213], 'radius': 2.197027217533052}, 'confidence': 0.7983639175068379, 'timestamp': 41055.66269, 'diameter_3d': 4.394054435066104, 'ellipse': {'center': [103.30804710789197, 204.15461011991187], 'axes': [15.6298010266234, 34.70781587592796], 'angle': -77.57082402673852}, 'location': [103.30804710789197, 204.15461011991187], 'diameter': 34.70781587592796, 'sphere': {'center': [-5.367512643805387, 1.052117813699275, 85.55130433213851], 'radius': 12.0}, 'projected_sphere': {'center': [121.10102744618021, 127.62481705668748], 'axes': [173.9307204742421, 173.9307204742421], 'angle': 90.0}, 'model_confidence': 0.6731717201496012, 'model_id': 1, 'model_birth_timestamp': 40910.15789, 'theta': 2.5045361588843007, 'phi': -1.8294606390346366, 'norm_pos': [0.3228376472121624, 0.1493557911670339], 'topic': 'pupil.1', 'id': 1, 'method': '3d c++'}"
1582184723.456224,"{'circle_3d': {'center': [-7.482746875941258, 10.829349812131944, 78.92321874186247], 'normal': [-0.17626951934465585, 0.8147693332027223, -0.5523404658563369], 'radius': 2.1593769144313053}, 'confidence': 0.25277898357087736, 'timestamp': 41055.67109, 'diameter_3d': 4.318753828862611, 'ellipse': {'center': [101.23212933162293, 204.90781528164925], 'axes': [14.362163410948696, 33.99399860991643], 'angle': -76.22784954356698}, 'location': [101.23212933162293, 204.90781528164925], 'diameter': 33.99399860991643, 'sphere': {'center': [-5.367512643805387, 1.052117813699275, 85.55130433213851], 'radius': 12.0}, 'projected_sphere': {'center': [121.10102744618021, 127.62481705668748], 'axes': [173.9307204742421, 173.9307204742421], 'angle': 90.0}, 'model_confidence': 0.6731717201496012, 'model_id': 1, 'model_birth_timestamp': 40910.15789, 'theta': 2.5231275617613163, 'phi': -1.8797117030092452, 'norm_pos': [0.31635040416132165, 0.14621743632646145], 'topic': 'pupil.1', 'id': 1, 'method': '3d c++'}"
1582184723.4654999,"{'circle_3d': {'center': [-7.629134842013139, 10.880541218144767, 79.04844662067642], 'normal': [-0.1884685165173126, 0.8190352837037909, -0.5419048092885081], 'radius': 2.173148263393204}, 'confidence': 0.2658685245275538, 'timestamp': 41055.67949, 'diameter_3d': 4.346296526786408, 'ellipse': {'center': [100.1783947222692, 205.17675115830895], 'axes': [13.993771405753026, 34.15617446624455], 'angle': -75.54209499396401}, 'location': [100.1783947222692, 205.17675115830895], 'diameter': 34.15617446624455, 'sphere': {'center': [-5.367512643805387, 1.052117813699275, 85.55130433213851], 'radius': 12.0}, 'projected_sphere': {'center': [121.10102744618021, 127.62481705668748], 'axes': [173.9307204742421, 173.9307204742421], 'angle': 90.0}, 'model_confidence': 0.6731717201496012, 'model_id': 1, 'model_birth_timestamp': 40910.15789, 'theta': 2.5305238791042073, 'phi': -1.905500054390876, 'norm_pos': [0.3130574835070913, 0.14509687017371276], 'topic': 'pupil.1', 'id': 1, 'method': '3d c++'}"
1582184723.4710872,"{'circle_3d': {'center': [-7.247759006192071, 10.645822143690818, 78.59246025819684], 'normal': [-0.15668719686555696, 0.7994753608326286, -0.5799036728284729], 'radius': 2.207264118336433}, 'confidence': 0.7120326171363957, 'timestamp': 41055.68789, 'diameter_3d': 4.414528236672866, 'ellipse': {'center': [102.83840776008351, 203.79987975010113], 'axes': [15.901416231187335, 34.89506728510776], 'angle': -77.17971201956132}, 'location': [102.83840776008351, 203.79987975010113], 'diameter': 34.89506728510776, 'sphere': {'center': [-5.367512643805387, 1.052117813699275, 85.55130433213851], 'radius': 12.0}, 'projected_sphere': {'center': [121.10102744618021, 127.62481705668748], 'axes': [173.9307204742421, 173.9307204742421], 'angle': 90.0}, 'model_confidence': 0.6729705448384582, 'model_id': 1, 'model_birth_timestamp': 40910.15789, 'theta': 2.4972176551949854, 'phi': -1.8346901019898172, 'norm_pos': [0.32137002425026095, 0.15083383437457865], 'topic': 'pupil.1', 'id': 1, 'method': '3d c++'}"
1582184723.480858,"{'circle_3d': {'center': [-7.245116071987917, 10.649892672921816, 78.59736134142074], 'normal': [-0.15646695234854416, 0.7998145716018784, -0.5794952492264817], 'radius': 2.27318716531514}, 'confidence': 0.8444923165006459, 'timestamp': 41055.69629, 'diameter_3d': 4.54637433063028, 'ellipse': {'center': [102.86359110187274, 203.81580051075792], 'axes': [16.35925836481113, 35.93561661374287], 'angle': -77.20134568442334}, 'location': [102.86359110187274, 203.81580051075792], 'diameter': 35.93561661374287, 'sphere': {'center': [-5.367512643805387, 1.052117813699275, 85.55130433213851], 'radius': 12.0}, 'projected_sphere': {'center': [121.10102744618021, 127.62481705668748], 'axes': [173.9307204742421, 173.9307204742421], 'angle': 90.0}, 'model_confidence': 0.6730562159145026, 'model_id': 1, 'model_birth_timestamp': 40910.15789, 'theta': 2.497782561108669, 'phi': -1.8345133644779508, 'norm_pos': [0.3214487221933523, 0.15076749787184196], 'topic': 'pupil.1', 'id': 1, 'method': '3d c++'}"
1582184723.487211,"{'circle_3d': {'center': [-7.63386563938539, 10.853354990395012, 79.0091797609015], 'normal': [-0.18886274963166683, 0.8167697647246442, -0.5451770476030839], 'radius': 2.167798438098652}, 'confidence': 0.278553826350842, 'timestamp': 41055.70469, 'diameter_3d': 4.335596876197304, 'ellipse': {'center': [100.11198321317032, 205.00547374145637], 'axes': [14.093686434548818, 34.08886704384105], 'angle': -75.4655974796016}, 'location': [100.11198321317032, 205.00547374145637], 'diameter': 34.08886704384105, 'sphere': {'center': [-5.367512643805387, 1.052117813699275, 85.55130433213851], 'radius': 12.0}, 'projected_sphere': {'center': [121.10102744618021, 127.62481705668748], 'axes': [173.9307204742421, 173.9307204742421], 'angle': 90.0}, 'model_confidence': 0.6730562159145026, 'model_id': 1, 'model_birth_timestamp': 40910.15789, 'theta': 2.526586271572018, 'phi': -1.9042824052122596, 'norm_pos': [0.31284994754115725, 0.14581052607726508], 'topic': 'pupil.1', 'id': 1, 'method': '3d c++'}"
1582184723.497217,"{'circle_3d': {'center': [-7.641427924751547, 10.899166645432018, 79.08099223761398], 'normal': [-0.1894929400788466, 0.8205874026443951, -0.5391926745437108], 'radius': 2.1742880816605505}, 'confidence': 0.2916224663224848, 'timestamp': 41055.71309, 'diameter_3d': 4.348576163321101, 'ellipse': {'center': [100.10649394194787, 205.28851544294616], 'axes': [13.886647866111241, 34.16003632749843], 'angle': -75.51218849939826}, 'location': [100.10649394194787, 205.28851544294616], 'diameter': 34.16003632749843, 'sphere': {'center': [-5.367512643805387, 1.052117813699275, 85.55130433213851], 'radius': 12.0}, 'projected_sphere': {'center': [121.10102744618021, 127.62481705668748], 'axes': [173.9307204742421, 173.9307204742421], 'angle': 90.0}, 'model_confidence': 0.6730562159145026, 'model_id': 1, 'model_birth_timestamp': 40910.15789, 'theta': 2.5332343767926067, 'phi': -1.9087518796131873, 'norm_pos': [0.3128327935685871, 0.14463118565439104], 'topic': 'pupil.1', 'id': 1, 'method': '3d c++'}"
1582184723.5042748,"{'circle_3d': {'center': [-7.61103849623267, 10.956637282395974, 79.15856737182969], 'normal': [-0.18696048770227358, 0.8253766223913916, -0.5327280800257354], 'radius': 2.18252737669155}, 'confidence': 0.329932253978447, 'timestamp': 41055.72149, 'diameter_3d': 4.3650547533831, 'ellipse': {'center': [100.40194716625336, 205.65594519739028], 'axes': [13.67707300065852, 34.256281756189345], 'angle': -75.78054465475263}, 'location': [100.40194716625336, 205.65594519739028], 'diameter': 34.256281756189345, 'sphere': {'center': [-5.367512643805387, 1.052117813699275, 85.55130433213851], 'radius': 12.0}, 'projected_sphere': {'center': [121.10102744618021, 127.62481705668748], 'axes': [173.9307204742421, 173.9307204742421], 'angle': 90.0}, 'model_confidence': 0.6730562159145026, 'model_id': 1, 'model_birth_timestamp': 40910.15789, 'theta': 2.541665283015524, 'phi': -1.90831649856135, 'norm_pos': [0.31375608489454176, 0.14310022834420721], 'topic': 'pupil.1', 'id': 1, 'method': '3d c++'}"
1582184723.5135932,"{'circle_3d': {'center': [-7.269456858110432, 10.61651308841531, 78.55809682523146], 'normal': [-0.15849535119208713, 0.7970329395596696, -0.5827672922422543], 'radius': 2.2967801753833808}, 'confidence': 0.7677340758748534, 'timestamp': 41055.72989, 'diameter_3d': 4.5935603507667615, 'ellipse': {'center': [102.64421642107686, 203.58917990718413], 'axes': [16.67117116602408, 36.32670650020589], 'angle': -77.00823465026303}, 'location': [102.64421642107686, 203.58917990718413], 'diameter': 36.32670650020589, 'sphere': {'center': [-5.367512643805387, 1.052117813699275, 85.55130433213851], 'radius': 12.0}, 'projected_sphere': {'center': [121.10102744618021, 127.62481705668748], 'axes': [173.9307204742421, 173.9307204742421], 'angle': 90.0}, 'model_confidence': 0.6730067338077461, 'model_id': 1, 'model_birth_timestamp': 40910.15789, 'theta': 2.4931626202703896, 'phi': -1.836343603251307, 'norm_pos': [0.3207631763158652, 0.1517117503867328], 'topic': 'pupil.1', 'id': 1, 'method': '3d c++'}"
1582184723.52396,"{'circle_3d': {'center': [-7.52313837399846, 10.916825541836491, 79.06741513276447], 'normal': [-0.17963547751608944, 0.8220589773447681, -0.5403240999478374], 'radius': 2.1963169135492207}, 'confidence': 0.2758246596286429, 'timestamp': 41055.73829, 'diameter_3d': 4.392633827098441, 'ellipse': {'center': [101.02220145610822, 205.43748705466595], 'axes': [14.096507750243527, 34.51287038698443], 'angle': -76.17213214643802}, 'location': [101.02220145610822, 205.43748705466595], 'diameter': 34.51287038698443, 'sphere': {'center': [-5.367512643805387, 1.052117813699275, 85.55130433213851], 'radius': 12.0}, 'projected_sphere': {'center': [121.10102744618021, 127.62481705668748], 'axes': [173.9307204742421, 173.9307204742421], 'angle': 90.0}, 'model_confidence': 0.6730067338077461, 'model_id': 1, 'model_birth_timestamp': 40910.15789, 'theta': 2.5358139958590487, 'phi': -1.8917595541986951, 'norm_pos': [0.3156943795503382, 0.1440104706055585], 'topic': 'pupil.1', 'id': 1, 'method': '3d c++'}"
1582184723.5330508,"{'circle_3d': {'center': [-7.249111918175467, 10.62596338480531, 78.56552841594257], 'normal': [-0.15679993953084004, 0.7978204642588362, -0.5821479930163289], 'radius': 2.2727360136891273}, 'confidence': 0.7068101444363917, 'timestamp': 41055.74669, 'diameter_3d': 4.5454720273782545, 'ellipse': {'center': [102.80934090352329, 203.66012035728244], 'axes': [16.4728937356018, 35.94293754373427], 'angle': -77.13745662858848}, 'location': [102.80934090352329, 203.66012035728244], 'diameter': 35.94293754373427, 'sphere': {'center': [-5.367512643805387, 1.052117813699275, 85.55130433213851], 'radius': 12.0}, 'projected_sphere': {'center': [121.10102744618021, 127.62481705668748], 'axes': [173.9307204742421, 173.9307204742421], 'angle': 90.0}, 'model_confidence': 0.6729809369937167, 'model_id': 1, 'model_birth_timestamp': 40910.15789, 'theta': 2.4944677319666146, 'phi': -1.8338996291717202, 'norm_pos': [0.32127919032351027, 0.15141616517798984], 'topic': 'pupil.1', 'id': 1, 'method': '3d c++'}"
1582184723.5400581,"{'circle_3d': {'center': [-7.460076733808577, 10.85164668767931, 78.94900099335888], 'normal': [-0.17438034083359918, 0.8166274061650028, -0.5501919448983029], 'radius': 2.179864885029168}, 'confidence': 0.27585944792727335, 'timestamp': 41055.75509, 'diameter_3d': 4.359729770058336, 'ellipse': {'center': [101.428955474345, 205.05267845097376], 'axes': [14.412989708221946, 34.305674172966704], 'angle': -76.39005797903837}, 'location': [101.428955474345, 205.05267845097376], 'diameter': 34.305674172966704, 'sphere': {'center': [-5.367512643805387, 1.052117813699275, 85.55130433213851], 'radius': 12.0}, 'projected_sphere': {'center': [121.10102744618021, 127.62481705668748], 'axes': [173.9307204742421, 173.9307204742421], 'angle': 90.0}, 'model_confidence': 0.6729809369937167, 'model_id': 1, 'model_birth_timestamp': 40910.15789, 'theta': 2.526339577197774, 'phi': -1.8777251874660472, 'norm_pos': [0.31696548585732814, 0.14561383978760933], 'topic': 'pupil.1', 'id': 1, 'method': '3d c++'}"
1582184723.549865,"{'circle_3d': {'center': [-7.417911817836552, 10.89780633095872, 79.00468071013016], 'normal': [-0.17086659783593044, 0.8204740431049538, -0.5455519685006963], 'radius': 2.1602344676666845}, 'confidence': 0.30467260503632787, 'timestamp': 41055.76349, 'diameter_3d': 4.320468935333369, 'ellipse': {'center': [101.7995730661143, 205.35935898877483], 'axes': [14.099054165966855, 33.97295885300729], 'angle': -76.69908107383144}, 'location': [101.7995730661143, 205.35935898877483], 'diameter': 33.97295885300729, 'sphere': {'center': [-5.367512643805387, 1.052117813699275, 85.55130433213851], 'radius': 12.0}, 'projected_sphere': {'center': [121.10102744618021, 127.62481705668748], 'axes': [173.9307204742421, 173.9307204742421], 'angle': 90.0}, 'model_confidence': 0.6729809369937167, 'model_id': 1, 'model_birth_timestamp': 40910.15789, 'theta': 2.5330360579336912, 'phi': -1.874318325217533, 'norm_pos': [0.3181236658316072, 0.14433600421343817], 'topic': 'pupil.1', 'id': 1, 'method': '3d c++'}"
1582184723.5555708,"{'circle_3d': {'center': [-7.521160338095451, 10.955623777710315, 79.12616844021554], 'normal': [-0.17947064119083866, 0.8252921636675866, -0.5354279909935814], 'radius': 2.1874458892907134}, 'confidence': 0.35372991348732524, 'timestamp': 41055.77189, 'diameter_3d': 4.374891778581427, 'ellipse': {'center': [101.08070410709675, 205.6810757599523], 'axes': [13.836337492408324, 34.348005460238056], 'angle': -76.25357706968428}, 'location': [101.08070410709675, 205.6810757599523], 'diameter': 34.348005460238056, 'sphere': {'center': [-5.367512643805387, 1.052117813699275, 85.55130433213851], 'radius': 12.0}, 'projected_sphere': {'center': [121.10102744618021, 127.62481705668748], 'axes': [173.9307204742421, 173.9307204742421], 'angle': 90.0}, 'model_confidence': 0.6729809369937167, 'model_id': 1, 'model_birth_timestamp': 40910.15789, 'theta': 2.541515704368471, 'phi': -1.89421784414361, 'norm_pos': [0.31587720033467737, 0.14299551766686536], 'topic': 'pupil.1', 'id': 1, 'method': '3d c++'}"
1582184723.562878,"{'circle_3d': {'center': [-7.244893348232341, 10.644783477969948, 78.59025504742807], 'normal': [-0.15644839203557948, 0.7993888053558895, -0.5800874403925372], 'radius': 2.259443939398082}, 'confidence': 0.7084550089993462, 'timestamp': 41055.78029, 'diameter_3d': 4.518887878796164, 'ellipse': {'center': [102.86007139072458, 203.7852115169701], 'axes': [16.286383404366415, 35.721450911866505], 'angle': -77.19368189762305}, 'location': [102.86007139072458, 203.7852115169701], 'diameter': 35.721450911866505, 'sphere': {'center': [-5.367512643805387, 1.052117813699275, 85.55130433213851], 'radius': 12.0}, 'projected_sphere': {'center': [121.10102744618021, 127.62481705668748], 'axes': [173.9307204742421, 173.9307204742421], 'angle': 90.0}, 'model_confidence': 0.6728526359010223, 'model_id': 1, 'model_birth_timestamp': 40910.15789, 'theta': 2.497073577718434, 'phi': -1.8342266108155258, 'norm_pos': [0.3214377230960143, 0.1508949520126246], 'topic': 'pupil.1', 'id': 1, 'method': '3d c++'}"
1582184723.573684,"{'circle_3d': {'center': [-7.360766000315708, 10.941916533912192, 79.05370305701895], 'normal': [-0.16610444637586003, 0.824149893351076, -0.5414667729266301], 'radius': 2.1865409479723015}, 'confidence': 0.26412416109933873, 'timestamp': 41055.78869, 'diameter_3d': 4.373081895944603, 'ellipse': {'center': [102.28265655185535, 205.64958521702295], 'axes': [14.111081686718018, 34.365972816429064], 'angle': -77.08288379284504}, 'location': [102.28265655185535, 205.64958521702295], 'diameter': 34.365972816429064, 'sphere': {'center': [-5.367512643805387, 1.052117813699275, 85.55130433213851], 'radius': 12.0}, 'projected_sphere': {'center': [121.10102744618021, 127.62481705668748], 'axes': [173.9307204742421, 173.9307204742421], 'angle': 90.0}, 'model_confidence': 0.6728526359010223, 'model_id': 1, 'model_birth_timestamp': 40910.15789, 'theta': 2.5394959140348994, 'phi': -1.8684502789247885, 'norm_pos': [0.31963330172454796, 0.14312672826240436], 'topic': 'pupil.1', 'id': 1, 'method': '3d c++'}"
1582184723.5803,"{'circle_3d': {'center': [-7.4541946720166266, 10.9830517808352, 79.14643831843252], 'normal': [-0.17389016901760326, 0.8275778305946604, -0.5337388344754999], 'radius': 2.1737027192259575}, 'confidence': 0.3181586299867563, 'timestamp': 41055.79709, 'diameter_3d': 4.347405438451915, 'ellipse': {'center': [101.61887861136654, 205.8763734992734], 'axes': [13.691866115765912, 34.12374651140767], 'angle': -76.65810526168664}, 'location': [101.61887861136654, 205.8763734992734], 'diameter': 34.12374651140767, 'sphere': {'center': [-5.367512643805387, 1.052117813699275, 85.55130433213851], 'radius': 12.0}, 'projected_sphere': {'center': [121.10102744618021, 127.62481705668748], 'axes': [173.9307204742421, 173.9307204742421], 'angle': 90.0}, 'model_confidence': 0.6728526359010223, 'model_id': 1, 'model_birth_timestamp': 40910.15789, 'theta': 2.5455752925545028, 'phi': -1.8857483368133716, 'norm_pos': [0.3175589956605204, 0.14218177708636082], 'topic': 'pupil.1', 'id': 1, 'method': '3d c++'}"
1582184723.5876632,"{'circle_3d': {'center': [-7.235958025309598, 10.683071566388406, 78.64090335463375], 'normal': [-0.15570378179201752, 0.8025794793907608, -0.5758667481253967], 'radius': 2.222518641673575}, 'confidence': 0.7480201769865189, 'timestamp': 41055.80549, 'diameter_3d': 4.44503728334715, 'ellipse': {'center': [102.96611127428467, 204.04066422210377], 'axes': [15.838879384628877, 35.114890156958595], 'angle': -77.30959256540567}, 'location': [102.96611127428467, 204.04066422210377], 'diameter': 35.114890156958595, 'sphere': {'center': [-5.367512643805387, 1.052117813699275, 85.55130433213851], 'radius': 12.0}, 'projected_sphere': {'center': [121.10102744618021, 127.62481705668748], 'axes': [173.9307204742421, 173.9307204742421], 'angle': 90.0}, 'model_confidence': 0.6728742201398297, 'model_id': 1, 'model_birth_timestamp': 40910.15789, 'theta': 2.5024030833632356, 'phi': -1.8348638132743367, 'norm_pos': [0.3217690977321396, 0.14983056574123432], 'topic': 'pupil.1', 'id': 1, 'method': '3d c++'}"
1582184723.5954602,"{'circle_3d': {'center': [-7.241326311414303, 10.700263906609244, 78.66638608215558], 'normal': [-0.1561511389674097, 0.8040121744091641, -0.5737431874985782], 'radius': 2.287361365717945}, 'confidence': 0.9435740458078088, 'timestamp': 41055.81389, 'diameter_3d': 4.57472273143589, 'ellipse': {'center': [102.94292844567693, 204.13880461707691], 'axes': [16.206008504141334, 36.12827681036842], 'angle': -77.309758289955}, 'location': [102.94292844567693, 204.13880461707691], 'diameter': 36.12827681036842, 'sphere': {'center': [-5.367512643805387, 1.052117813699275, 85.55130433213851], 'radius': 12.0}, 'projected_sphere': {'center': [121.10102744618021, 127.62481705668748], 'axes': [173.9307204742421, 173.9307204742421], 'angle': 90.0}, 'model_confidence': 0.6718308755890301, 'model_id': 1, 'model_birth_timestamp': 40910.15789, 'theta': 2.5048086320510303, 'phi': -1.8365222359757738, 'norm_pos': [0.3216966513927404, 0.14942164742884623], 'topic': 'pupil.1', 'id': 1, 'method': '3d c++'}"
1582184723.6028612,"{'circle_3d': {'center': [-7.2008068633061955, 10.725683769321297, 78.69119106725903], 'normal': [-0.15277451829173402, 0.8061304963018351, -0.5716761054066241], 'radius': 2.249980077154587}, 'confidence': 0.874575629154942, 'timestamp': 41055.82229, 'diameter_3d': 4.499960154309174, 'ellipse': {'center': [103.27861720076984, 204.3194028514186], 'axes': [15.858303807362708, 35.52660047116841], 'angle': -77.57636216297718}, 'location': [103.27861720076984, 204.3194028514186], 'diameter': 35.52660047116841, 'sphere': {'center': [-5.367512643805387, 1.052117813699275, 85.55130433213851], 'radius': 12.0}, 'projected_sphere': {'center': [121.10102744618021, 127.62481705668748], 'axes': [173.9307204742421, 173.9307204742421], 'angle': 90.0}, 'model_confidence': 0.6715148126245962, 'model_id': 1, 'model_birth_timestamp': 40910.15789, 'theta': 2.5083797847619698, 'phi': -1.8319335785574238, 'norm_pos': [0.3227456787524058, 0.14866915478575582], 'topic': 'pupil.1', 'id': 1, 'method': '3d c++'}"
1582184723.6162932,"{'circle_3d': {'center': [-7.206117572986114, 10.7219838268776, 78.68739704826798], 'normal': [-0.1532170774317273, 0.8058221677648606, -0.5719922736558781], 'radius': 2.245737108215474}, 'confidence': 0.8323687537662093, 'timestamp': 41055.83069, 'diameter_3d': 4.491474216430948, 'ellipse': {'center': [103.23413373962313, 204.29493400198288], 'axes': [15.841132478433487, 35.46123998405176], 'angle': -77.54083764019725}, 'location': [103.23413373962313, 204.29493400198288], 'diameter': 35.46123998405176, 'sphere': {'center': [-5.367512643805387, 1.052117813699275, 85.55130433213851], 'radius': 12.0}, 'projected_sphere': {'center': [121.10102744618021, 127.62481705668748], 'axes': [173.9307204742421, 173.9307204742421], 'angle': 90.0}, 'model_confidence': 0.670970417444472, 'model_id': 1, 'model_birth_timestamp': 40910.15789, 'theta': 2.507858913529808, 'phi': -1.832517759074875, 'norm_pos': [0.3226066679363223, 0.14877110832507134], 'topic': 'pupil.1', 'id': 1, 'method': '3d c++'}"
1582184723.623515,"{'circle_3d': {'center': [-7.615896385082141, 10.991334164018316, 79.21436904025545], 'normal': [-0.18736531177306273, 0.828268029193253, -0.5280779409902553], 'radius': 2.1876122101921625}, 'confidence': 0.2286539076663418, 'timestamp': 41055.83909, 'diameter_3d': 4.375224420384325, 'ellipse': {'center': [100.40543332571252, 205.86807023785832], 'axes': [13.515657416426649, 34.312037235554996], 'angle': -75.81968150494434}, 'location': [100.40543332571252, 205.86807023785832], 'diameter': 34.312037235554996, 'sphere': {'center': [-5.367512643805387, 1.052117813699275, 85.55130433213851], 'radius': 12.0}, 'projected_sphere': {'center': [121.10102744618021, 127.62481705668748], 'axes': [173.9307204742421, 173.9307204742421], 'angle': 90.0}, 'model_confidence': 0.670970417444472, 'model_id': 1, 'model_birth_timestamp': 40910.15789, 'theta': 2.5468059405195542, 'phi': -1.9117463793435299, 'norm_pos': [0.3137669791428516, 0.14221637400892362], 'topic': 'pupil.1', 'id': 1, 'method': '3d c++'}"
1582184723.6338491,"{'circle_3d': {'center': [-7.6522606721138136, 10.965955101722237, 79.18767669738911], 'normal': [-0.19039566902570215, 0.8261531073352466, -0.5303023028957837], 'radius': 2.185556769201133}, 'confidence': 0.3427872018154599, 'timestamp': 41055.84749, 'diameter_3d': 4.371113538402266, 'ellipse': {'center': [100.10150579073633, 205.69796759004498], 'axes': [13.588208720084326, 34.2910801457338], 'angle': -75.58109148976865}, 'location': [100.10150579073633, 205.69796759004498], 'diameter': 34.2910801457338, 'sphere': {'center': [-5.367512643805387, 1.052117813699275, 85.55130433213851], 'radius': 12.0}, 'projected_sphere': {'center': [121.10102744618021, 127.62481705668748], 'axes': [173.9307204742421, 173.9307204742421], 'angle': 90.0}, 'model_confidence': 0.670970417444472, 'model_id': 1, 'model_birth_timestamp': 40910.15789, 'theta': 2.5430419947148897, 'phi': -1.9154949909612364, 'norm_pos': [0.31281720559605103, 0.1429251350414792], 'topic': 'pupil.1', 'id': 1, 'method': '3d c++'}"
1582184723.6390579,"{'circle_3d': {'center': [-7.618128926017909, 11.03002272048252, 79.2762632947085], 'normal': [-0.18755135685104346, 0.8314920755652703, -0.5229200864525011], 'radius': 2.1690525340456315}, 'confidence': 0.3214878281084409, 'timestamp': 41055.85589, 'diameter_3d': 4.338105068091263, 'ellipse': {'center': [100.43362395398205, 206.10809924896446], 'axes': [13.189468417758038, 33.99432659081793], 'angle': -75.87998299423005}, 'location': [100.43362395398205, 206.10809924896446], 'diameter': 33.99432659081793, 'sphere': {'center': [-5.367512643805387, 1.052117813699275, 85.55130433213851], 'radius': 12.0}, 'projected_sphere': {'center': [121.10102744618021, 127.62481705668748], 'axes': [173.9307204742421, 173.9307204742421], 'angle': 90.0}, 'model_confidence': 0.670970417444472, 'model_id': 1, 'model_birth_timestamp': 40910.15789, 'theta': 2.55258446506982, 'phi': -1.9151665614764561, 'norm_pos': [0.3138550748561939, 0.14121625312931474], 'topic': 'pupil.1', 'id': 1, 'method': '3d c++'}"
1582184723.647821,"{'circle_3d': {'center': [-7.467086873346945, 11.088604939108365, 79.31746809462453], 'normal': [-0.1749645191284632, 0.8363739271174243, -0.5194863531261654], 'radius': 2.172354331145739}, 'confidence': 0.32165635075455423, 'timestamp': 41055.86429, 'diameter_3d': 4.344708662291478, 'ellipse': {'center': [101.64241179692169, 206.52150054368033], 'axes': [13.096612129069232, 34.02929822681581], 'angle': -76.77851934637307}, 'location': [101.64241179692169, 206.52150054368033], 'diameter': 34.02929822681581, 'sphere': {'center': [-5.367512643805387, 1.052117813699275, 85.55130433213851], 'radius': 12.0}, 'projected_sphere': {'center': [121.10102744618021, 127.62481705668748], 'axes': [173.9307204742421, 173.9307204742421], 'angle': 90.0}, 'model_confidence': 0.670970417444472, 'model_id': 1, 'model_birth_timestamp': 40910.15789, 'theta': 2.561430777742866, 'phi': -1.8956662495836987, 'norm_pos': [0.3176325368653803, 0.13949374773466527], 'topic': 'pupil.1', 'id': 1, 'method': '3d c++'}"
1582184723.655613,"{'circle_3d': {'center': [-7.482150957787084, 11.081876364032105, 79.31173317515456], 'normal': [-0.17621985949847477, 0.8358132125277359, -0.5199642630819964], 'radius': 2.1629269121880568}, 'confidence': 0.4133914257140619, 'timestamp': 41055.87269, 'diameter_3d': 4.3258538243761135, 'ellipse': {'center': [101.52063872278441, 206.47638010357088], 'axes': [13.056422903824254, 33.883900263960754], 'angle': -76.68742351742328}, 'location': [101.52063872278441, 206.47638010357088], 'diameter': 33.883900263960754, 'sphere': {'center': [-5.367512643805387, 1.052117813699275, 85.55130433213851], 'radius': 12.0}, 'projected_sphere': {'center': [121.10102744618021, 127.62481705668748], 'axes': [173.9307204742421, 173.9307204742421], 'angle': 90.0}, 'model_confidence': 0.670970417444472, 'model_id': 1, 'model_birth_timestamp': 40910.15789, 'theta': 2.56040867016885, 'phi': -1.8975553365549347, 'norm_pos': [0.3172519960087013, 0.1396817495684547], 'topic': 'pupil.1', 'id': 1, 'method': '3d c++'}"
1582184723.664245,"{'circle_3d': {'center': [-7.484245336060146, 11.080586876117241, 79.31037083035646], 'normal': [-0.17639439102122995, 0.8357057552014973, -0.5200777918151711], 'radius': 2.159527889793372}, 'confidence': 0.34932195561154095, 'timestamp': 41055.88109, 'diameter_3d': 4.319055779586744, 'ellipse': {'center': [101.50327543170407, 206.46823455566516], 'axes': [13.040113985006544, 33.83119064485834], 'angle': -76.67412346771178}, 'location': [101.50327543170407, 206.46823455566516], 'diameter': 33.83119064485834, 'sphere': {'center': [-5.367512643805387, 1.052117813699275, 85.55130433213851], 'radius': 12.0}, 'projected_sphere': {'center': [121.10102744618021, 127.62481705668748], 'axes': [173.9307204742421, 173.9307204742421], 'angle': 90.0}, 'model_confidence': 0.670970417444472, 'model_id': 1, 'model_birth_timestamp': 40910.15789, 'theta': 2.560212971444438, 'phi': -1.8977899724218663, 'norm_pos': [0.3171977357240752, 0.1397156893513951], 'topic': 'pupil.1', 'id': 1, 'method': '3d c++'}"
1582184723.671755,"{'circle_3d': {'center': [-7.486340983061537, 11.079292475662282, 79.30900229144454], 'normal': [-0.17656902827134582, 0.8355978884969172, -0.5201918367244976], 'radius': 2.152689320801752}, 'confidence': 0.36338374704239085, 'timestamp': 41055.88949, 'diameter_3d': 4.305378641603504, 'ellipse': {'center': [101.48586328653101, 206.46054302866406], 'axes': [13.003014412278104, 33.724568058660374], 'angle': -76.66080930481428}, 'location': [101.48586328653101, 206.46054302866406], 'diameter': 33.724568058660374, 'sphere': {'center': [-5.367512643805387, 1.052117813699275, 85.55130433213851], 'radius': 12.0}, 'projected_sphere': {'center': [121.10102744618021, 127.62481705668748], 'axes': [173.9307204742421, 173.9307204742421], 'angle': 90.0}, 'model_confidence': 0.670970417444472, 'model_id': 1, 'model_birth_timestamp': 40910.15789, 'theta': 2.5600165857654913, 'phi': -1.8980243487930417, 'norm_pos': [0.3171433227704094, 0.13974773738056645], 'topic': 'pupil.1', 'id': 1, 'method': '3d c++'}"
1582184723.681515,"{'circle_3d': {'center': [-7.550767582802055, 11.07799315865753, 79.32914864148717], 'normal': [-0.18193791158305556, 0.8354896120798542, -0.5185129742209454], 'radius': 2.1593621251243063}, 'confidence': 0.2591148620978211, 'timestamp': 41055.89789, 'diameter_3d': 4.3187242502486125, 'ellipse': {'center': [100.99806028921014, 206.42828998235265], 'axes': [12.963636818443392, 33.82027180287692], 'angle': -76.3207899706783}, 'location': [100.99806028921014, 206.42828998235265], 'diameter': 33.82027180287692, 'sphere': {'center': [-5.367512643805387, 1.052117813699275, 85.55130433213851], 'radius': 12.0}, 'projected_sphere': {'center': [121.10102744618021, 127.62481705668748], 'axes': [173.9307204742421, 173.9307204742421], 'angle': 90.0}, 'model_confidence': 0.670970417444472, 'model_id': 1, 'model_birth_timestamp': 40910.15789, 'theta': 2.5598195131318415, 'phi': -1.9082584656686634, 'norm_pos': [0.3156189384037817, 0.1398821250735306], 'topic': 'pupil.1', 'id': 1, 'method': '3d c++'}"
1582184723.6873221,"{'circle_3d': {'center': [-7.7807937978625095, 11.206596428469677, 79.62993302697251], 'normal': [-0.20110676283809348, 0.8462065512308666, -0.4934476087638337], 'radius': 2.178382716176516}, 'confidence': 0.24853164116263948, 'timestamp': 41055.90629, 'diameter_3d': 4.356765432353032, 'ellipse': {'center': [99.43036124581381, 207.1103234709222], 'axes': [12.01883392504925, 33.98881227541624], 'angle': -75.37124982707587}, 'location': [99.43036124581381, 207.1103234709222], 'diameter': 33.98881227541624, 'sphere': {'center': [-5.367512643805387, 1.052117813699275, 85.55130433213851], 'radius': 12.0}, 'projected_sphere': {'center': [121.10102744618021, 127.62481705668748], 'axes': [173.9307204742421, 173.9307204742421], 'angle': 90.0}, 'model_confidence': 0.670970417444472, 'model_id': 1, 'model_birth_timestamp': 40910.15789, 'theta': 2.579621753543488, 'phi': -1.9577981383433232, 'norm_pos': [0.31071987889316816, 0.13704031887115753], 'topic': 'pupil.1', 'id': 1, 'method': '3d c++'}"
1582184723.700062,"{'circle_3d': {'center': [-7.649088076241753, 11.196437146459655, 79.56071180542742], 'normal': [-0.1901312860363638, 0.8453599443966981, -0.4992160438925914], 'radius': 2.146491832603748}, 'confidence': 0.34363625025172045, 'timestamp': 41055.91469, 'diameter_3d': 4.292983665207496, 'ellipse': {'center': [100.40252085755084, 207.10864717071917], 'axes': [12.095431382283625, 33.52065422918358], 'angle': -76.02780915767478}, 'location': [100.40252085755084, 207.10864717071917], 'diameter': 33.52065422918358, 'sphere': {'center': [-5.367512643805387, 1.052117813699275, 85.55130433213851], 'radius': 12.0}, 'projected_sphere': {'center': [121.10102744618021, 127.62481705668748], 'axes': [173.9307204742421, 173.9307204742421], 'angle': 90.0}, 'model_confidence': 0.670970417444472, 'model_id': 1, 'model_birth_timestamp': 40910.15789, 'theta': 2.578034939509725, 'phi': -1.9346943688709182, 'norm_pos': [0.31375787767984636, 0.13704730345533678], 'topic': 'pupil.1', 'id': 1, 'method': '3d c++'}"
1582184723.70751,"{'circle_3d': {'center': [-7.60339571621949, 11.19687284211231, 79.54424412768071], 'normal': [-0.18632358936784185, 0.8453962523677527, -0.5005883503714833], 'radius': 2.153422576684751}, 'confidence': 0.355316212502619, 'timestamp': 41055.92309, 'diameter_3d': 4.306845153369502, 'ellipse': {'center': [100.74589691668676, 207.12851085499182], 'axes': [12.197551979539066, 33.63611805924874], 'angle': -76.26425640794155}, 'location': [100.74589691668676, 207.12851085499182], 'diameter': 33.63611805924874, 'sphere': {'center': [-5.367512643805387, 1.052117813699275, 85.55130433213851], 'radius': 12.0}, 'projected_sphere': {'center': [121.10102744618021, 127.62481705668748], 'axes': [173.9307204742421, 173.9307204742421], 'angle': 90.0}, 'model_confidence': 0.670970417444472, 'model_id': 1, 'model_birth_timestamp': 40910.15789, 'theta': 2.5781029105309847, 'phi': -1.9271180261085072, 'norm_pos': [0.3148309278646461, 0.13696453810420073], 'topic': 'pupil.1', 'id': 1, 'method': '3d c++'}"
1582184723.7163498,"{'circle_3d': {'center': [-7.6119557699152125, 11.197312299471964, 79.54817982072733], 'normal': [-0.18703692717581877, 0.8454328738143907, -0.5002603759509322], 'radius': 2.1604189123355835}, 'confidence': 0.3411343177743669, 'timestamp': 41055.93149, 'diameter_3d': 4.320837824671167, 'ellipse': {'center': [100.68226057124599, 207.12683098488895], 'axes': [12.222530710194652, 33.7437532620196], 'angle': -76.22086609552721}, 'location': [100.68226057124599, 207.12683098488895], 'diameter': 33.7437532620196, 'sphere': {'center': [-5.367512643805387, 1.052117813699275, 85.55130433213851], 'radius': 12.0}, 'projected_sphere': {'center': [121.10102744618021, 127.62481705668748], 'axes': [173.9307204742421, 173.9307204742421], 'angle': 90.0}, 'model_confidence': 0.670970417444472, 'model_id': 1, 'model_birth_timestamp': 40910.15789, 'theta': 2.5781714758081775, 'phi': -1.9285839774505582, 'norm_pos': [0.31463206428514373, 0.13697153756296265], 'topic': 'pupil.1', 'id': 1, 'method': '3d c++'}"
1582184723.724826,"{'circle_3d': {'center': [-7.495092114920885, 11.197755517295711, 79.50651805126387], 'normal': [-0.1772982892596248, 0.8454698086330362, -0.5037321900728872], 'radius': 2.1780282214784337}, 'confidence': 0.4023313709841359, 'timestamp': 41055.93989, 'diameter_3d': 4.356056442956867, 'ellipse': {'center': [101.56132856227919, 207.1719093000467], 'axes': [12.483995587672553, 34.037308097516615], 'angle': -76.8266839606976}, 'location': [101.56132856227919, 207.1719093000467], 'diameter': 34.037308097516615, 'sphere': {'center': [-5.367512643805387, 1.052117813699275, 85.55130433213851], 'radius': 12.0}, 'projected_sphere': {'center': [121.10102744618021, 127.62481705668748], 'axes': [173.9307204742421, 173.9307204742421], 'angle': 90.0}, 'model_confidence': 0.670970417444472, 'model_id': 1, 'model_birth_timestamp': 40910.15789, 'theta': 2.5782406353411846, 'phi': -1.9092244958240046, 'norm_pos': [0.31737915175712245, 0.13678371124980537], 'topic': 'pupil.1', 'id': 1, 'method': '3d c++'}"
1582184723.733509,"{'circle_3d': {'center': [-7.62748535611411, 11.198202494330932, 79.55551506023514], 'normal': [-0.1883310593590602, 0.8455070567193046, -0.49964910599194795], 'radius': 2.1584056472463122}, 'confidence': 0.3810311110295683, 'timestamp': 41055.94829, 'diameter_3d': 4.3168112944926245, 'ellipse': {'center': [100.5668360654761, 207.12627691796234], 'axes': [12.183851602961754, 33.70911444624484], 'angle': -76.14239123263005}, 'location': [100.5668360654761, 207.12627691796234], 'diameter': 33.70911444624484, 'sphere': {'center': [-5.367512643805387, 1.052117813699275, 85.55130433213851], 'radius': 12.0}, 'projected_sphere': {'center': [121.10102744618021, 127.62481705668748], 'axes': [173.9307204742421, 173.9307204742421], 'angle': 90.0}, 'model_confidence': 0.670970417444472, 'model_id': 1, 'model_birth_timestamp': 40910.15789, 'theta': 2.578310389130065, 'phi': -1.9312550364259793, 'norm_pos': [0.3142713627046128, 0.13697384617515695], 'topic': 'pupil.1', 'id': 1, 'method': '3d c++'}"
1582184723.7387352,"{'circle_3d': {'center': [-7.681027987409468, 11.19865322931376, 79.57673607873396], 'normal': [-0.19279294530034005, 0.8455446179678735, -0.4978806877837129], 'radius': 2.145789729245829}, 'confidence': 0.3441013774555808, 'timestamp': 41055.95669, 'diameter_3d': 4.291579458491658, 'ellipse': {'center': [100.16595810395546, 207.1090463552813], 'axes': [12.032640597798062, 33.50279832180459], 'angle': -75.8675660838272}, 'location': [100.16595810395546, 207.1090463552813], 'diameter': 33.50279832180459, 'sphere': {'center': [-5.367512643805387, 1.052117813699275, 85.55130433213851], 'radius': 12.0}, 'projected_sphere': {'center': [121.10102744618021, 127.62481705668748], 'axes': [173.9307204742421, 173.9307204742421], 'angle': 90.0}, 'model_confidence': 0.670970417444472, 'model_id': 1, 'model_birth_timestamp': 40910.15789, 'theta': 2.578380737174819, 'phi': -1.940243409738535, 'norm_pos': [0.31301861907486084, 0.13704564018632792], 'topic': 'pupil.1', 'id': 1, 'method': '3d c++'}"
1582184723.748158,"{'circle_3d': {'center': [-7.680469641155125, 11.199107720969472, 79.57729179865922], 'normal': [-0.19274641644581145, 0.8455824922725163, -0.4978343777899413], 'radius': 2.129097258213598}, 'confidence': 0.32013385569676084, 'timestamp': 41055.96509, 'diameter_3d': 4.258194516427196, 'ellipse': {'center': [100.17054878714009, 207.1141976142929], 'axes': [11.937205455267893, 33.24180448989692], 'angle': -75.87129641351179}, 'location': [100.17054878714009, 207.1141976142929], 'diameter': 33.24180448989692, 'sphere': {'center': [-5.367512643805387, 1.052117813699275, 85.55130433213851], 'radius': 12.0}, 'projected_sphere': {'center': [121.10102744618021, 127.62481705668748], 'axes': [173.9307204742421, 173.9307204742421], 'angle': 90.0}, 'model_confidence': 0.670970417444472, 'model_id': 1, 'model_birth_timestamp': 40910.15789, 'theta': 2.578451679475447, 'phi': -1.9401934572281585, 'norm_pos': [0.3130329649598128, 0.13702417660711297], 'topic': 'pupil.1', 'id': 1, 'method': '3d c++'}"
1582184723.7676952,"{'circle_3d': {'center': [-7.689264923348734, 11.200027969146753, 79.58226874593188], 'normal': [-0.19347935662861232, 0.8456591796206234, -0.497419632183886], 'radius': 2.145250309912888}, 'confidence': 0.43700516718963267, 'timestamp': 41055.98189, 'diameter_3d': 4.290500619825776, 'ellipse': {'center': [100.10600151597481, 207.1139635981542], 'axes': [12.009812162166977, 33.4920099619793], 'angle': -75.8277995500196}, 'location': [100.10600151597481, 207.1139635981542], 'diameter': 33.4920099619793, 'sphere': {'center': [-5.367512643805387, 1.052117813699275, 85.55130433213851], 'radius': 12.0}, 'projected_sphere': {'center': [121.10102744618021, 127.62481705668748], 'axes': [173.9307204742421, 173.9307204742421], 'angle': 90.0}, 'model_confidence': 0.670970417444472, 'model_id': 1, 'model_birth_timestamp': 40910.15789, 'theta': 2.578595346844386, 'phi': -1.9417546509330665, 'norm_pos': [0.3128312547374213, 0.13702515167435747], 'topic': 'pupil.1', 'id': 1, 'method': '3d c++'}"
1582184723.771528,"{'circle_3d': {'center': [-7.693676159734122, 11.200493723064163, 79.58477856755957], 'normal': [-0.19384695966072793, 0.8456979924470742, -0.49721048038157906], 'radius': 2.1415868964005527}, 'confidence': 0.3714859296365334, 'timestamp': 41055.99029, 'diameter_3d': 4.283173792801105, 'ellipse': {'center': [100.07352555665852, 207.1154179913844], 'axes': [11.980196479271719, 33.433711862609], 'angle': -75.80601156224121}, 'location': [100.07352555665852, 207.1154179913844], 'diameter': 33.433711862609, 'sphere': {'center': [-5.367512643805387, 1.052117813699275, 85.55130433213851], 'radius': 12.0}, 'projected_sphere': {'center': [121.10102744618021, 127.62481705668748], 'axes': [173.9307204742421, 173.9307204742421], 'angle': 90.0}, 'model_confidence': 0.670970417444472, 'model_id': 1, 'model_birth_timestamp': 40910.15789, 'theta': 2.5786680719126363, 'phi': -1.9425387022138818, 'norm_pos': [0.3127297673645579, 0.137019091702565], 'topic': 'pupil.1', 'id': 1, 'method': '3d c++'}"
1582184723.785218,"{'circle_3d': {'center': [-7.698096415278411, 11.200963228446899, 79.58730265275388], 'normal': [-0.19421531428941863, 0.8457371178956351, -0.49700013994871967], 'radius': 2.153812381962778}, 'confidence': 0.3562407946562147, 'timestamp': 41055.99869, 'diameter_3d': 4.307624763925556, 'ellipse': {'center': [100.04115015191867, 207.11478441741355], 'axes': [12.039477753599753, 33.623592270417824], 'angle': -75.7841797611634}, 'location': [100.04115015191867, 207.11478441741355], 'diameter': 33.623592270417824, 'sphere': {'center': [-5.367512643805387, 1.052117813699275, 85.55130433213851], 'radius': 12.0}, 'projected_sphere': {'center': [121.10102744618021, 127.62481705668748], 'axes': [173.9307204742421, 173.9307204742421], 'angle': 90.0}, 'model_confidence': 0.670970417444472, 'model_id': 1, 'model_birth_timestamp': 40910.15789, 'theta': 2.578741391236757, 'phi': -1.9433250564471598, 'norm_pos': [0.31262859422474587, 0.13702173159411024], 'topic': 'pupil.1', 'id': 1, 'method': '3d c++'}"
1582184723.791014,"{'circle_3d': {'center': [-7.6280331900711165, 11.327447096061942, 79.78002587767708], 'normal': [-0.1883767121888108, 0.8562774401968889, -0.4809398712051199], 'radius': 2.148159402418036}, 'confidence': 0.2541271390262262, 'timestamp': 41056.00709, 'diameter_3d': 4.296318804836072, 'ellipse': {'center': [100.72743219121949, 207.8936377040988], 'axes': [11.383922196921462, 33.4549829345809], 'angle': -76.37667592837545}, 'location': [100.72743219121949, 207.8936377040988], 'diameter': 33.4549829345809, 'sphere': {'center': [-5.367512643805387, 1.052117813699275, 85.55130433213851], 'radius': 12.0}, 'projected_sphere': {'center': [121.10102744618021, 127.62481705668748], 'axes': [173.9307204742421, 173.9307204742421], 'angle': 90.0}, 'model_confidence': 0.670970417444472, 'model_id': 1, 'model_birth_timestamp': 40910.15789, 'theta': 2.5988153048167515, 'phi': -1.9441137136329028, 'norm_pos': [0.31477322559756094, 0.13377650956625498], 'topic': 'pupil.1', 'id': 1, 'method': '3d c++'}"
1582184723.80185,"{'circle_3d': {'center': [-7.637559362909589, 11.319244368938339, 79.76917667946697], 'normal': [-0.18917055992535023, 0.8555938796032556, -0.48184397105596255], 'radius': 2.1478983832248013}, 'confidence': 0.3609555152197106, 'timestamp': 41056.01549, 'diameter_3d': 4.295796766449603, 'ellipse': {'center': [100.6455687280181, 207.84156697337292], 'axes': [11.416505065230668, 33.45539823724457], 'angle': -76.31308223707109}, 'location': [100.6455687280181, 207.84156697337292], 'diameter': 33.45539823724457, 'sphere': {'center': [-5.367512643805387, 1.052117813699275, 85.55130433213851], 'radius': 12.0}, 'projected_sphere': {'center': [121.10102744618021, 127.62481705668748], 'axes': [173.9307204742421, 173.9307204742421], 'angle': 90.0}, 'model_confidence': 0.670970417444472, 'model_id': 1, 'model_birth_timestamp': 40910.15789, 'theta': 2.5974933469775956, 'phi': -1.9449046737711113, 'norm_pos': [0.3145174022750566, 0.1339934709442795], 'topic': 'pupil.1', 'id': 1, 'method': '3d c++'}"
1582184723.808473,"{'circle_3d': {'center': [-7.755966925490382, 11.321323149256482, 79.82079755520647], 'normal': [-0.19903785680708283, 0.8557671112964336, -0.47754223141100366], 'radius': 2.137927224810749}, 'confidence': 0.3638323514502036, 'timestamp': 41056.02389, 'diameter_3d': 4.275854449621498, 'ellipse': {'center': [99.76522712711773, 207.8040954472537], 'axes': [11.173930060325498, 33.27794864399068], 'angle': -75.71513132211288}, 'location': [99.76522712711773, 207.8040954472537], 'diameter': 33.27794864399068, 'sphere': {'center': [-5.367512643805387, 1.052117813699275, 85.55130433213851], 'radius': 12.0}, 'projected_sphere': {'center': [121.10102744618021, 127.62481705668748], 'axes': [173.9307204742421, 173.9307204742421], 'angle': 90.0}, 'model_confidence': 0.670970417444472, 'model_id': 1, 'model_birth_timestamp': 40910.15789, 'theta': 2.5978280913254843, 'phi': -1.9656979368617837, 'norm_pos': [0.3117663347722429, 0.13414960230310957], 'topic': 'pupil.1', 'id': 1, 'method': '3d c++'}"
1582184723.815265,"{'circle_3d': {'center': [-7.808363413161918, 11.323412231770444, 79.8466782708588], 'normal': [-0.20340423077971093, 0.8559412015059308, -0.4753855051066427], 'radius': 2.1260846756939062}, 'confidence': 0.32573666049613287, 'timestamp': 41056.03229, 'diameter_3d': 4.2521693513878125, 'ellipse': {'center': [99.37822075030985, 207.7942675667598], 'axes': [11.018892446281804, 33.08255898310458], 'angle': -75.45410390701223}, 'location': [99.37822075030985, 207.7942675667598], 'diameter': 33.08255898310458, 'sphere': {'center': [-5.367512643805387, 1.052117813699275, 85.55130433213851], 'radius': 12.0}, 'projected_sphere': {'center': [121.10102744618021, 127.62481705668748], 'axes': [173.9307204742421, 173.9307204742421], 'angle': 90.0}, 'model_confidence': 0.670970417444472, 'model_id': 1, 'model_birth_timestamp': 40910.15789, 'theta': 2.5981646814601205, 'phi': -1.975097216166272, 'norm_pos': [0.31055693984471827, 0.13419055180516748], 'topic': 'pupil.1', 'id': 1, 'method': '3d c++'}"
1582184723.822643,"{'circle_3d': {'center': [-7.809046051108381, 11.325511597098032, 79.85075218412274], 'normal': [-0.20346111727524946, 0.8561161486165629, -0.47504601233464777], 'radius': 2.1111716458457055}, 'confidence': 0.2871015906544727, 'timestamp': 41056.04069, 'diameter_3d': 4.222343291691411, 'ellipse': {'center': [99.37585051645802, 207.80803946447358], 'axes': [10.928292274096359, 32.84870824216014], 'angle': -75.45467276573856}, 'location': [99.37585051645802, 207.80803946447358], 'diameter': 32.84870824216014, 'sphere': {'center': [-5.367512643805387, 1.052117813699275, 85.55130433213851], 'radius': 12.0}, 'projected_sphere': {'center': [121.10102744618021, 127.62481705668748], 'axes': [173.9307204742421, 173.9307204742421], 'angle': 90.0}, 'model_confidence': 0.670970417444472, 'model_id': 1, 'model_birth_timestamp': 40910.15789, 'theta': 2.5985031173809214, 'phi': -1.9754568416915925, 'norm_pos': [0.3105495328639313, 0.13413316889802673], 'topic': 'pupil.1', 'id': 1, 'method': '3d c++'}"
1582184723.836085,"{'circle_3d': {'center': [-7.700084331345693, 11.32762122574977, 79.80908011573734], 'normal': [-0.1943809739616921, 0.8562919510042079, -0.47851868470009745], 'radius': 2.130104473132406}, 'confidence': 0.32432871884263903, 'timestamp': 41056.04909, 'diameter_3d': 4.260208946264812, 'ellipse': {'center': [100.18982074455721, 207.86636267488007], 'axes': [11.180896782654536, 33.16125037287894], 'angle': -76.01036937576063}, 'location': [100.18982074455721, 207.86636267488007], 'diameter': 33.16125037287894, 'sphere': {'center': [-5.367512643805387, 1.052117813699275, 85.55130433213851], 'radius': 12.0}, 'projected_sphere': {'center': [121.10102744618021, 127.62481705668748], 'axes': [173.9307204742421, 173.9307204742421], 'angle': 90.0}, 'model_confidence': 0.670970417444472, 'model_id': 1, 'model_birth_timestamp': 40910.15789, 'theta': 2.598843399088177, 'phi': -1.9566480686017893, 'norm_pos': [0.3130931898267413, 0.1338901555213331], 'topic': 'pupil.1', 'id': 1, 'method': '3d c++'}"
1582184723.839127,"{'circle_3d': {'center': [-7.598504473562564, 11.32974109812163, 79.772624977904], 'normal': [-0.18591598581309807, 0.8564686070351961, -0.48155661285287593], 'radius': 2.156025027088605}, 'confidence': 0.3463084729730843, 'timestamp': 41056.05749, 'diameter_3d': 4.31205005417721, 'ellipse': {'center': [100.95115734675333, 207.91830454121106], 'axes': [11.455318234901366, 33.58080247736212], 'angle': -76.53151085258808}, 'location': [100.95115734675333, 207.91830454121106], 'diameter': 33.58080247736212, 'sphere': {'center': [-5.367512643805387, 1.052117813699275, 85.55130433213851], 'radius': 12.0}, 'projected_sphere': {'center': [121.10102744618021, 127.62481705668748], 'axes': [173.9307204742421, 173.9307204742421], 'angle': 90.0}, 'model_confidence': 0.670970417444472, 'model_id': 1, 'model_birth_timestamp': 40910.15789, 'theta': 2.599185526581889, 'phi': -1.9392392816224306, 'norm_pos': [0.3154723667086042, 0.13367373107828728], 'topic': 'pupil.1', 'id': 1, 'method': '3d c++'}"
1582184723.84758,"{'circle_3d': {'center': [-7.610710374144434, 11.331871194496689, 79.78114537656494], 'normal': [-0.18693314419492052, 0.8566461150664509, -0.4808465796311314], 'radius': 2.1542976699024545}, 'confidence': 0.2800816395177816, 'timestamp': 41056.06589, 'diameter_3d': 4.308595339804909, 'ellipse': {'center': [100.86267811412108, 207.92598789004984], 'axes': [11.415877171877419, 33.55025211626804], 'angle': -76.47309028300951}, 'location': [100.86267811412108, 207.92598789004984], 'diameter': 33.55025211626804, 'sphere': {'center': [-5.367512643805387, 1.052117813699275, 85.55130433213851], 'radius': 12.0}, 'projected_sphere': {'center': [121.10102744618021, 127.62481705668748], 'axes': [173.9307204742421, 173.9307204742421], 'angle': 90.0}, 'model_confidence': 0.670970417444472, 'model_id': 1, 'model_birth_timestamp': 40910.15789, 'theta': 2.599529499862056, 'phi': -1.9415742587301594, 'norm_pos': [0.3151958691066284, 0.13364171712479234], 'topic': 'pupil.1', 'id': 1, 'method': '3d c++'}"
1582184723.858857,"{'circle_3d': {'center': [-7.555589261745331, 11.334011495045047, 79.76381929634564], 'normal': [-0.18233971816166195, 0.856824473445481, -0.4822904196494058], 'radius': 2.175565559755066}, 'confidence': 0.23744938827409148, 'timestamp': 41056.07429, 'diameter_3d': 4.351131119510132, 'ellipse': {'center': [101.27783706878063, 207.95829287116487], 'axes': [11.59629343208993, 33.88927161319078], 'angle': -76.75853073330207}, 'location': [101.27783706878063, 207.95829287116487], 'diameter': 33.88927161319078, 'sphere': {'center': [-5.367512643805387, 1.052117813699275, 85.55130433213851], 'radius': 12.0}, 'projected_sphere': {'center': [121.10102744618021, 127.62481705668748], 'axes': [173.9307204742421, 173.9307204742421], 'angle': 90.0}, 'model_confidence': 0.670970417444472, 'model_id': 1, 'model_birth_timestamp': 40910.15789, 'theta': 2.5998753189286785, 'phi': -1.9322561086971763, 'norm_pos': [0.31649324083993946, 0.13350711303681306], 'topic': 'pupil.1', 'id': 1, 'method': '3d c++'}"
1582184723.86694,"{'circle_3d': {'center': [-7.741999619627213, 11.014252241973168, 79.29689075174166], 'normal': [-0.19787391465181878, 0.8301778690228241, -0.5212011316997379], 'radius': 2.1883198059683795}, 'confidence': 0.20426119454406713, 'timestamp': 41056.08269, 'diameter_3d': 4.376639611936759, 'ellipse': {'center': [99.48261875104909, 205.96070562512386], 'axes': [13.213426878292513, 34.28689895857982], 'angle': -75.20356516017918}, 'location': [99.48261875104909, 205.96070562512386], 'diameter': 34.28689895857982, 'sphere': {'center': [-5.367512643805387, 1.052117813699275, 85.55130433213851], 'radius': 12.0}, 'projected_sphere': {'center': [121.10102744618021, 127.62481705668748], 'axes': [173.9307204742421, 173.9307204742421], 'angle': 90.0}, 'model_confidence': 0.670970417444472, 'model_id': 1, 'model_birth_timestamp': 40910.15789, 'theta': 2.5502229837820587, 'phi': -1.9336373047767794, 'norm_pos': [0.3108831835970284, 0.14183039322865054], 'topic': 'pupil.1', 'id': 1, 'method': '3d c++'}"
1582184723.8755782,"{'circle_3d': {'center': [-7.976106172593157, 11.234878782182395, 79.76281412654058], 'normal': [-0.21738279406564753, 0.84856341404026, -0.48237418379982827], 'radius': 2.161883453219068}, 'confidence': 0.29236449643074147, 'timestamp': 41056.09109, 'diameter_3d': 4.323766906438136, 'ellipse': {'center': [98.0141816230824, 207.19194181219564], 'axes': [11.451835000613727, 33.67423336064184], 'angle': -74.43546283095158}, 'location': [98.0141816230824, 207.19194181219564], 'diameter': 33.67423336064184, 'sphere': {'center': [-5.367512643805387, 1.052117813699275, 85.55130433213851], 'radius': 12.0}, 'projected_sphere': {'center': [121.10102744618021, 127.62481705668748], 'axes': [173.9307204742421, 173.9307204742421], 'angle': 90.0}, 'model_confidence': 0.670970417444472, 'model_id': 1, 'model_birth_timestamp': 40910.15789, 'theta': 2.584060496992798, 'phi': -1.9941921578804702, 'norm_pos': [0.3062943175721325, 0.13670024244918488], 'topic': 'pupil.1', 'id': 1, 'method': '3d c++'}"
1582184723.882733,"{'circle_3d': {'center': [-7.906675108361284, 11.219654437260612, 79.70546367513037], 'normal': [-0.21159687204632477, 0.8472947186301114, -0.4871533880840117], 'radius': 2.150594296017845}, 'confidence': 0.3860619931327026, 'timestamp': 41056.09949, 'diameter_3d': 4.30118859203569, 'ellipse': {'center': [98.50921629978443, 207.1357106772034], 'axes': [11.593248944632036, 33.522662904365106], 'angle': -74.7561564277209}, 'location': [98.50921629978443, 207.1357106772034], 'diameter': 33.522662904365106, 'sphere': {'center': [-5.367512643805387, 1.052117813699275, 85.55130433213851], 'radius': 12.0}, 'projected_sphere': {'center': [121.10102744618021, 127.62481705668748], 'axes': [173.9307204742421, 173.9307204742421], 'angle': 90.0}, 'model_confidence': 0.670970417444472, 'model_id': 1, 'model_birth_timestamp': 40910.15789, 'theta': 2.581667222493272, 'phi': -1.9805628832234745, 'norm_pos': [0.3078413009368263, 0.13693453884498585], 'topic': 'pupil.1', 'id': 1, 'method': '3d c++'}"
1582184723.891867,"{'circle_3d': {'center': [-7.918215268315018, 11.220224442202483, 79.71148209916697], 'normal': [-0.21255855204246935, 0.8473422190419343, -0.48665185274762873], 'radius': 2.145072892910648}, 'confidence': 0.33379577827687873, 'timestamp': 41056.10789, 'diameter_3d': 4.290145785821296, 'ellipse': {'center': [98.42412832587827, 207.13449341566653], 'axes': [11.541606860669328, 33.43397402289717], 'angle': -74.69884315470048}, 'location': [98.42412832587827, 207.13449341566653], 'diameter': 33.43397402289717, 'sphere': {'center': [-5.367512643805387, 1.052117813699275, 85.55130433213851], 'radius': 12.0}, 'projected_sphere': {'center': [121.10102744618021, 127.62481705668748], 'axes': [173.9307204742421, 173.9307204742421], 'angle': 90.0}, 'model_confidence': 0.670970417444472, 'model_id': 1, 'model_birth_timestamp': 40910.15789, 'theta': 2.581756662791115, 'phi': -1.9826001337247983, 'norm_pos': [0.3075754010183696, 0.13693961076805616], 'topic': 'pupil.1', 'id': 1, 'method': '3d c++'}"
1582184723.899015,"{'circle_3d': {'center': [-7.866450166804032, 11.220798123339804, 79.69013960006706], 'normal': [-0.2082447935832205, 0.8473900258033777, -0.4884303943392884], 'radius': 2.146572717304522}, 'confidence': 0.3730768604460109, 'timestamp': 41056.11629, 'diameter_3d': 4.293145434609044, 'ellipse': {'center': [98.80991016186466, 207.16128124171598], 'axes': [11.629149754719323, 33.46656290743641], 'angle': -74.96238771504916}, 'location': [98.80991016186466, 207.16128124171598], 'diameter': 33.46656290743641, 'sphere': {'center': [-5.367512643805387, 1.052117813699275, 85.55130433213851], 'radius': 12.0}, 'projected_sphere': {'center': [121.10102744618021, 127.62481705668748], 'axes': [173.9307204742421, 173.9307204742421], 'angle': 90.0}, 'model_confidence': 0.670970417444472, 'model_id': 1, 'model_birth_timestamp': 40910.15789, 'theta': 2.5818466928158474, 'phi': -1.9738142028672117, 'norm_pos': [0.3087809692558271, 0.13682799482618335], 'topic': 'pupil.1', 'id': 1, 'method': '3d c++'}"
1582184723.907368,"{'circle_3d': {'center': [-7.877310058476841, 11.221375479048294, 79.69578424652283], 'normal': [-0.20914978455595448, 0.847438138779085, -0.4879600071346401], 'radius': 2.155509728611492}, 'confidence': 0.345114134848261, 'timestamp': 41056.12469, 'diameter_3d': 4.311019457222984, 'ellipse': {'center': [98.72994825026595, 207.15865552296236], 'axes': [11.657008012162834, 33.603546801467964], 'angle': -74.90838682069334}, 'location': [98.72994825026595, 207.15865552296236], 'diameter': 33.603546801467964, 'sphere': {'center': [-5.367512643805387, 1.052117813699275, 85.55130433213851], 'radius': 12.0}, 'projected_sphere': {'center': [121.10102744618021, 127.62481705668748], 'axes': [173.9307204742421, 173.9307204742421], 'angle': 90.0}, 'model_confidence': 0.670970417444472, 'model_id': 1, 'model_birth_timestamp': 40910.15789, 'theta': 2.581937312567468, 'phi': -1.975729781007006, 'norm_pos': [0.3085310882820811, 0.13683893532099012], 'topic': 'pupil.1', 'id': 1, 'method': '3d c++'}"
1582184723.915939,"{'circle_3d': {'center': [-7.527903194104332, 11.221956507693406, 79.55905153303877], 'normal': [-0.1800325458582454, 0.8474865578328443, -0.4993543999249788], 'radius': 2.18291783245552}, 'confidence': 0.259810934010592, 'timestamp': 41056.13309, 'diameter_3d': 4.36583566491104, 'ellipse': {'center': [101.34421378999613, 207.3039946946615], 'axes': [12.328458243319078, 34.091164206201384], 'angle': -76.69987020779963}, 'location': [101.34421378999613, 207.3039946946615], 'diameter': 34.091164206201384, 'sphere': {'center': [-5.367512643805387, 1.052117813699275, 85.55130433213851], 'radius': 12.0}, 'projected_sphere': {'center': [121.10102744618021, 127.62481705668748], 'axes': [173.9307204742421, 173.9307204742421], 'angle': 90.0}, 'model_confidence': 0.670970417444472, 'model_id': 1, 'model_birth_timestamp': 40910.15789, 'theta': 2.582028522046057, 'phi': -1.91682155959083, 'norm_pos': [0.3167006680937379, 0.13623335543891046], 'topic': 'pupil.1', 'id': 1, 'method': '3d c++'}"
1582184723.925478,"{'circle_3d': {'center': [-7.697385924664868, 10.959719136528054, 79.19432969611718], 'normal': [-0.19415610673829004, 0.8256334435690648, -0.5297478863351112], 'radius': 2.1932860181267704}, 'confidence': 0.2658119034693034, 'timestamp': 41056.14149, 'diameter_3d': 4.386572036253541, 'ellipse': {'center': [99.75404188386774, 205.64118388369772], 'axes': [13.60507597885302, 34.4092903531495], 'angle': -75.33242078485817}, 'location': [99.75404188386774, 205.64118388369772], 'diameter': 34.4092903531495, 'sphere': {'center': [-5.367512643805387, 1.052117813699275, 85.55130433213851], 'radius': 12.0}, 'projected_sphere': {'center': [121.10102744618021, 127.62481705668748], 'axes': [173.9307204742421, 173.9307204742421], 'angle': 90.0}, 'model_confidence': 0.670970417444472, 'model_id': 1, 'model_birth_timestamp': 40910.15789, 'theta': 2.5421203212514567, 'phi': -1.9221000332775675, 'norm_pos': [0.3117313808870867, 0.14316173381792618], 'topic': 'pupil.1', 'id': 1, 'method': '3d c++'}"
1582184723.9313369,"{'circle_3d': {'center': [-7.682005898337991, 11.112026921123284, 79.4323706239594], 'normal': [-0.19287443787771694, 0.8383257589520006, -0.5099111423482594], 'radius': 2.178736906987617}, 'confidence': 0.33602746487832263, 'timestamp': 41056.14989, 'diameter_3d': 4.357473813975234, 'ellipse': {'center': [100.0515091418191, 206.58242342666682], 'axes': [12.705277426129124, 34.079044966576475], 'angle': -75.70048342691382}, 'location': [100.0515091418191, 206.58242342666682], 'diameter': 34.079044966576475, 'sphere': {'center': [-5.367512643805387, 1.052117813699275, 85.55130433213851], 'radius': 12.0}, 'projected_sphere': {'center': [121.10102744618021, 127.62481705668748], 'axes': [173.9307204742421, 173.9307204742421], 'angle': 90.0}, 'model_confidence': 0.670970417444472, 'model_id': 1, 'model_birth_timestamp': 40910.15789, 'theta': 2.5650012123211816, 'phi': -1.9324142038937824, 'norm_pos': [0.31266096606818466, 0.13923990238888828], 'topic': 'pupil.1', 'id': 1, 'method': '3d c++'}"
1582184723.939379,"{'circle_3d': {'center': [-7.747397532673471, 11.100074030481316, 79.43781729270117], 'normal': [-0.19832374073900702, 0.837329684731837, -0.5094572532864455], 'radius': 2.133518535494933}, 'confidence': 0.3697356885641413, 'timestamp': 41056.15829, 'diameter_3d': 4.267037070989866, 'ellipse': {'center': [99.54564580351666, 206.4897931393903], 'axes': [12.411657202981079, 33.368746644263545], 'angle': -75.33968247337128}, 'location': [99.54564580351666, 206.4897931393903], 'diameter': 33.368746644263545, 'sphere': {'center': [-5.367512643805387, 1.052117813699275, 85.55130433213851], 'radius': 12.0}, 'projected_sphere': {'center': [121.10102744618021, 127.62481705668748], 'axes': [173.9307204742421, 173.9307204742421], 'angle': 90.0}, 'model_confidence': 0.670970417444472, 'model_id': 1, 'model_birth_timestamp': 40910.15789, 'theta': 2.563176680349295, 'phi': -1.9420310887592975, 'norm_pos': [0.3110801431359896, 0.13962586191920712], 'topic': 'pupil.1', 'id': 1, 'method': '3d c++'}"
1582184723.9517922,"{'circle_3d': {'center': [-7.7464757364275645, 11.098955140258408, 79.43562004192212], 'normal': [-0.1982469243851815, 0.8372364438799279, -0.5096403575180329], 'radius': 2.145817518701402}, 'confidence': 0.38069382534847396, 'timestamp': 41056.16669, 'diameter_3d': 4.291635037402804, 'ellipse': {'center': [99.55132777489844, 206.48171263797025], 'axes': [12.490784322637225, 33.56213886210017], 'angle': -75.34230146574266}, 'location': [99.55132777489844, 206.48171263797025], 'diameter': 33.56213886210017, 'sphere': {'center': [-5.367512643805387, 1.052117813699275, 85.55130433213851], 'radius': 12.0}, 'projected_sphere': {'center': [121.10102744618021, 127.62481705668748], 'axes': [173.9307204742421, 173.9307204742421], 'angle': 90.0}, 'model_confidence': 0.670970417444472, 'model_id': 1, 'model_birth_timestamp': 40910.15789, 'theta': 2.563006149944603, 'phi': -1.9417787161740103, 'norm_pos': [0.3110978992965576, 0.13965953067512393], 'topic': 'pupil.1', 'id': 1, 'method': '3d c++'}"
1582184723.962157,"{'circle_3d': {'center': [-7.750622410359416, 11.097831555893563, 79.43538876286814], 'normal': [-0.198592480546169, 0.8371428118495237, -0.5096596307725307], 'radius': 2.1386178419332222}, 'confidence': 0.38197535705522945, 'timestamp': 41056.17509, 'diameter_3d': 4.2772356838664445, 'ellipse': {'center': [99.51876344895568, 206.4741835446526], 'axes': [12.448865703229226, 33.44954465995625], 'angle': -75.31874288003817}, 'location': [99.51876344895568, 206.4741835446526], 'diameter': 33.44954465995625, 'sphere': {'center': [-5.367512643805387, 1.052117813699275, 85.55130433213851], 'radius': 12.0}, 'projected_sphere': {'center': [121.10102744618021, 127.62481705668748], 'axes': [173.9307204742421, 173.9307204742421], 'angle': 90.0}, 'model_confidence': 0.670970417444472, 'model_id': 1, 'model_birth_timestamp': 40910.15789, 'theta': 2.5628349488967586, 'phi': -1.9423547132559114, 'norm_pos': [0.3109961357779865, 0.13969090189728084], 'topic': 'pupil.1', 'id': 1, 'method': '3d c++'}"
1582184723.967744,"{'circle_3d': {'center': [-7.754778872051133, 11.096703273958354, 79.43515661588532], 'normal': [-0.19893885235381217, 0.8370487883549235, -0.509678976354433], 'radius': 2.1302076710971067}, 'confidence': 0.37025989521962094, 'timestamp': 41056.18349, 'diameter_3d': 4.2604153421942135, 'ellipse': {'center': [99.48610668699884, 206.4667793232398], 'axes': [12.399894767281033, 33.31800771815243], 'angle': -75.29512645791306}, 'location': [99.48610668699884, 206.4667793232398], 'diameter': 33.31800771815243, 'sphere': {'center': [-5.367512643805387, 1.052117813699275, 85.55130433213851], 'radius': 12.0}, 'projected_sphere': {'center': [121.10102744618021, 127.62481705668748], 'axes': [173.9307204742421, 173.9307204742421], 'angle': 90.0}, 'model_confidence': 0.670970417444472, 'model_id': 1, 'model_birth_timestamp': 40910.15789, 'theta': 2.5626630772056145, 'phi': -1.94293174903874, 'norm_pos': [0.31089408339687136, 0.13972175281983423], 'topic': 'pupil.1', 'id': 1, 'method': '3d c++'}"
1582184723.975702,"{'circle_3d': {'center': [-7.7589451301260794, 11.095570291014521, 79.43492362135208], 'normal': [-0.19928604052672436, 0.8369543731096037, -0.5096983925655358], 'radius': 2.1331130395494666}, 'confidence': 0.35654887009845704, 'timestamp': 41056.19189, 'diameter_3d': 4.266226079098933, 'ellipse': {'center': [99.4535108211459, 206.45780407109828], 'axes': [12.416862788680254, 33.363549288778245], 'angle': -75.27144247970901}, 'location': [99.4535108211459, 206.45780407109828], 'diameter': 33.363549288778245, 'sphere': {'center': [-5.367512643805387, 1.052117813699275, 85.55130433213851], 'radius': 12.0}, 'projected_sphere': {'center': [121.10102744618021, 127.62481705668748], 'axes': [173.9307204742421, 173.9307204742421], 'angle': 90.0}, 'model_confidence': 0.670970417444472, 'model_id': 1, 'model_birth_timestamp': 40910.15789, 'theta': 2.562490534871467, 'phi': -1.9435098235214963, 'norm_pos': [0.3107922213160809, 0.13975914970375714], 'topic': 'pupil.1', 'id': 1, 'method': '3d c++'}"
1582184723.983683,"{'circle_3d': {'center': [-7.763121193217012, 11.094432603608098, 79.434689799706], 'normal': [-0.19963404578430202, 0.836859565825735, -0.5097178777027088], 'radius': 2.1323987715390467}, 'confidence': 0.3962972351112212, 'timestamp': 41056.20029, 'diameter_3d': 4.264797543078093, 'ellipse': {'center': [99.42079345648061, 206.44928364447912], 'axes': [12.41273959239253, 33.352446978512766], 'angle': -75.24770244756672}, 'location': [99.42079345648061, 206.44928364447912], 'diameter': 33.352446978512766, 'sphere': {'center': [-5.367512643805387, 1.052117813699275, 85.55130433213851], 'radius': 12.0}, 'projected_sphere': {'center': [121.10102744618021, 127.62481705668748], 'axes': [173.9307204742421, 173.9307204742421], 'angle': 90.0}, 'model_confidence': 0.670970417444472, 'model_id': 1, 'model_birth_timestamp': 40910.15789, 'theta': 2.5623173218941675, 'phi': -1.9440889367046783, 'norm_pos': [0.3106899795515019, 0.13979465148133696], 'topic': 'pupil.1', 'id': 1, 'method': '3d c++'}"
1582184723.992372,"{'circle_3d': {'center': [-7.76730706995153, 11.093290208273352, 79.43445517144463], 'normal': [-0.19998286884551178, 0.836764366214506, -0.5097374300578238], 'radius': 2.132313599608526}, 'confidence': 0.3434704921963646, 'timestamp': 41056.20869, 'diameter_3d': 4.264627199217052, 'ellipse': {'center': [99.38800656505242, 206.4406420278176], 'axes': [12.412283287495512, 33.351189755689], 'angle': -75.22390302685547}, 'location': [99.38800656505242, 206.4406420278176], 'diameter': 33.351189755689, 'sphere': {'center': [-5.367512643805387, 1.052117813699275, 85.55130433213851], 'radius': 12.0}, 'projected_sphere': {'center': [121.10102744618021, 127.62481705668748], 'axes': [173.9307204742421, 173.9307204742421], 'angle': 90.0}, 'model_confidence': 0.670970417444472, 'model_id': 1, 'model_birth_timestamp': 40910.15789, 'theta': 2.562143438273716, 'phi': -1.944669088588287, 'norm_pos': [0.3105875205157888, 0.13983065821742668], 'topic': 'pupil.1', 'id': 1, 'method': '3d c++'}"
1582184723.999108,"{'circle_3d': {'center': [-7.654294520628754, 10.958693719702222, 79.17710771872643], 'normal': [-0.1905651564019472, 0.8255479921669122, -0.5311830511176735], 'radius': 2.1419047826298896}, 'confidence': 0.258931128630938, 'timestamp': 41056.21709, 'diameter_3d': 4.283809565259779, 'ellipse': {'center': [100.0771422116572, 205.65859023112804], 'axes': [13.3518516485712, 33.610274589000916], 'angle': -75.55675332704465}, 'location': [100.0771422116572, 205.65859023112804], 'diameter': 33.610274589000916, 'sphere': {'center': [-5.367512643805387, 1.052117813699275, 85.55130433213851], 'radius': 12.0}, 'projected_sphere': {'center': [121.10102744618021, 127.62481705668748], 'axes': [173.9307204742421, 173.9307204742421], 'angle': 90.0}, 'model_confidence': 0.670970417444472, 'model_id': 1, 'model_birth_timestamp': 40910.15789, 'theta': 2.541968884010114, 'phi': -1.9152502791723232, 'norm_pos': [0.31274106941142876, 0.14308920737029984], 'topic': 'pupil.1', 'id': 1, 'method': '3d c++'}"
1582184724.0077791,"{'circle_3d': {'center': [-7.667211909261125, 10.96693452007128, 79.19459189822199], 'normal': [-0.1916416054546448, 0.8262347255310003, -0.5297260361597106], 'radius': 2.1430526400590666}, 'confidence': 0.4404264859428786, 'timestamp': 41056.22549, 'diameter_3d': 4.286105280118133, 'ellipse': {'center': [99.98927480592266, 205.70456579272013], 'axes': [13.29764412049836, 33.62083713093145], 'angle': -75.50445794945225}, 'location': [99.98927480592266, 205.70456579272013], 'diameter': 33.62083713093145, 'sphere': {'center': [-5.367512643805387, 1.052117813699275, 85.55130433213851], 'radius': 12.0}, 'projected_sphere': {'center': [121.10102744618021, 127.62481705668748], 'axes': [173.9307204742421, 173.9307204742421], 'angle': 90.0}, 'model_confidence': 0.670970417444472, 'model_id': 1, 'model_birth_timestamp': 40910.15789, 'theta': 2.5431868655822347, 'phi': -1.9179223181750973, 'norm_pos': [0.31246648376850833, 0.14289764253033277], 'topic': 'pupil.1', 'id': 1, 'method': '3d c++'}"
1582184724.016833,"{'circle_3d': {'center': [-7.669894885751859, 10.96396901050463, 79.19093941616413], 'normal': [-0.1918651868288726, 0.8259875997337794, -0.5300304096645322], 'radius': 2.139638931660789}, 'confidence': 0.44103589153697986, 'timestamp': 41056.23389, 'diameter_3d': 4.279277863321578, 'ellipse': {'center': [99.96553774791924, 205.68569836770087], 'axes': [13.288275902506246, 33.56877989875626], 'angle': -75.48476812059535}, 'location': [99.96553774791924, 205.68569836770087], 'diameter': 33.56877989875626, 'sphere': {'center': [-5.367512643805387, 1.052117813699275, 85.55130433213851], 'radius': 12.0}, 'projected_sphere': {'center': [121.10102744618021, 127.62481705668748], 'axes': [173.9307204742421, 173.9307204742421], 'angle': 90.0}, 'model_confidence': 0.670970417444472, 'model_id': 1, 'model_birth_timestamp': 40910.15789, 'theta': 2.542748316050355, 'phi': -1.918111605187759, 'norm_pos': [0.3123923054622476, 0.14297625680124637], 'topic': 'pupil.1', 'id': 1, 'method': '3d c++'}"
1582184724.023047,"{'circle_3d': {'center': [-7.672579950355691, 10.960988492672353, 79.18726893157225], 'normal': [-0.19208894221252526, 0.8257392232477563, -0.5303362833805221], 'radius': 2.139793323609365}, 'confidence': 0.4409098566016517, 'timestamp': 41056.24229, 'diameter_3d': 4.27958664721873, 'ellipse': {'center': [99.94181703518449, 205.6662195113401], 'axes': [13.301135290367258, 33.572737537920204], 'angle': -75.46502942823292}, 'location': [99.94181703518449, 205.6662195113401], 'diameter': 33.572737537920204, 'sphere': {'center': [-5.367512643805387, 1.052117813699275, 85.55130433213851], 'radius': 12.0}, 'projected_sphere': {'center': [121.10102744618021, 127.62481705668748], 'axes': [173.9307204742421, 173.9307204742421], 'angle': 90.0}, 'model_confidence': 0.670970417444472, 'model_id': 1, 'model_birth_timestamp': 40910.15789, 'theta': 2.5423078308253406, 'phi': -1.9183000333251423, 'norm_pos': [0.3123181782349515, 0.14305741870274957], 'topic': 'pupil.1', 'id': 1, 'method': '3d c++'}"
1582184724.036247,"{'circle_3d': {'center': [-7.675267096733885, 10.957992941800185, 79.18358045845646], 'normal': [-0.19231287107737488, 0.8254895940084095, -0.5306436561401713], 'radius': 2.1547839687225285}, 'confidence': 0.283247756949826, 'timestamp': 41056.25069, 'diameter_3d': 4.309567937445057, 'ellipse': {'center': [99.91826895564968, 205.64450441063252], 'axes': [13.406463061207843, 33.80961428678429], 'angle': -75.4452323130408}, 'location': [99.91826895564968, 205.64450441063252], 'diameter': 33.80961428678429, 'sphere': {'center': [-5.367512643805387, 1.052117813699275, 85.55130433213851], 'radius': 12.0}, 'projected_sphere': {'center': [121.10102744618021, 127.62481705668748], 'axes': [173.9307204742421, 173.9307204742421], 'angle': 90.0}, 'model_confidence': 0.670970417444472, 'model_id': 1, 'model_birth_timestamp': 40910.15789, 'theta': 2.541865409906817, 'phi': -1.9184876025874134, 'norm_pos': [0.31224459048640524, 0.14314789828903118], 'topic': 'pupil.1', 'id': 1, 'method': '3d c++'}"
1582184724.043099,"{'circle_3d': {'center': [-7.677956318410061, 10.95498233302072, 79.17987401089638], 'normal': [-0.1925369728837229, 0.825238709943454, -0.5309525267701777], 'radius': 2.1490119234757583}, 'confidence': 0.24522757380451177, 'timestamp': 41056.25909, 'diameter_3d': 4.298023846951517, 'ellipse': {'center': [99.89440354771169, 205.62567836346534], 'axes': [13.382589529726165, 33.72055601620842], 'angle': -75.42540652844819}, 'location': [99.89440354771169, 205.62567836346534], 'diameter': 33.72055601620842, 'sphere': {'center': [-5.367512643805387, 1.052117813699275, 85.55130433213851], 'radius': 12.0}, 'projected_sphere': {'center': [121.10102744618021, 127.62481705668748], 'axes': [173.9307204742421, 173.9307204742421], 'angle': 90.0}, 'model_confidence': 0.670970417444472, 'model_id': 1, 'model_birth_timestamp': 40910.15789, 'theta': 2.541421053294782, 'phi': -1.9186743129745703, 'norm_pos': [0.31217001108659903, 0.1432263401522278], 'topic': 'pupil.1', 'id': 1, 'method': '3d c++'}"
1582184724.0520031,"{'circle_3d': {'center': [-7.6806476087725, 10.95195664137104, 79.17614960303827], 'normal': [-0.19276124708059267, 0.8249865689726467, -0.5312628940916869], 'radius': 2.1520501853477034}, 'confidence': 0.3350278008237786, 'timestamp': 41056.26749, 'diameter_3d': 4.304100370695407, 'ellipse': {'center': [99.8706285104665, 205.60548012170023], 'axes': [13.41368631732924, 33.76982142134553], 'angle': -75.40552716242095}, 'location': [99.8706285104665, 205.60548012170023], 'diameter': 33.76982142134553, 'sphere': {'center': [-5.367512643805387, 1.052117813699275, 85.55130433213851], 'radius': 12.0}, 'projected_sphere': {'center': [121.10102744618021, 127.62481705668748], 'axes': [173.9307204742421, 173.9307204742421], 'angle': 90.0}, 'model_confidence': 0.670970417444472, 'model_id': 1, 'model_birth_timestamp': 40910.15789, 'theta': 2.5409747609892337, 'phi': -1.918860164486613, 'norm_pos': [0.3120957140952078, 0.14331049949291574], 'topic': 'pupil.1', 'id': 1, 'method': '3d c++'}"
1582184724.059925,"{'circle_3d': {'center': [-7.683340961074124, 10.948915841792907, 79.17240724909522], 'normal': [-0.192985693105728, 0.8247331690078025, -0.5315747569202748], 'radius': 2.1675932109137754}, 'confidence': 0.29418004469693454, 'timestamp': 41056.27589, 'diameter_3d': 4.335186421827551, 'ellipse': {'center': [99.84699874345944, 205.58336407719912], 'axes': [13.522977135331118, 34.015437950876745], 'angle': -75.38559093743238}, 'location': [99.84699874345944, 205.58336407719912], 'diameter': 34.015437950876745, 'sphere': {'center': [-5.367512643805387, 1.052117813699275, 85.55130433213851], 'radius': 12.0}, 'projected_sphere': {'center': [121.10102744618021, 127.62481705668748], 'axes': [173.9307204742421, 173.9307204742421], 'angle': 90.0}, 'model_confidence': 0.670970417444472, 'model_id': 1, 'model_birth_timestamp': 40910.15789, 'theta': 2.5405265329901736, 'phi': -1.9190451571235425, 'norm_pos': [0.31202187107331075, 0.14340264967833705], 'topic': 'pupil.1', 'id': 1, 'method': '3d c++'}"
1582184724.0675359,"{'circle_3d': {'center': [-7.6220949332976, 10.945859909130327, 79.14578124272546], 'normal': [-0.18788185745768432, 0.8244785079525874, -0.5337935907844208], 'radius': 2.1645084535827115}, 'confidence': 0.2685044748461341, 'timestamp': 41056.28429, 'diameter_3d': 4.329016907165423, 'ellipse': {'center': [100.30579038201836, 205.58767796304932], 'axes': [13.605738163427079, 33.978711286961165], 'angle': -75.7021264633291}, 'location': [100.30579038201836, 205.58767796304932], 'diameter': 33.978711286961165, 'sphere': {'center': [-5.367512643805387, 1.052117813699275, 85.55130433213851], 'radius': 12.0}, 'projected_sphere': {'center': [121.10102744618021, 127.62481705668748], 'axes': [173.9307204742421, 173.9307204742421], 'angle': 90.0}, 'model_confidence': 0.670970417444472, 'model_id': 1, 'model_birth_timestamp': 40910.15789, 'theta': 2.540076369297211, 'phi': -1.909229290885517, 'norm_pos': [0.31345559494380737, 0.14338467515396114], 'topic': 'pupil.1', 'id': 1, 'method': '3d c++'}"
1582184724.075862,"{'circle_3d': {'center': [-7.629216173873856, 10.942788818140293, 79.14354932558703], 'normal': [-0.18847529417237238, 0.824222583703418, -0.5339795838792901], 'radius': 2.173528547155953}, 'confidence': 0.292821462125626, 'timestamp': 41056.29269, 'diameter_3d': 4.347057094311906, 'ellipse': {'center': [100.24858491930534, 205.56467334278932], 'axes': [13.668869047934471, 34.12130483080534], 'angle': -75.65881820180199}, 'location': [100.24858491930534, 205.56467334278932], 'diameter': 34.12130483080534, 'sphere': {'center': [-5.367512643805387, 1.052117813699275, 85.55130433213851], 'radius': 12.0}, 'projected_sphere': {'center': [121.10102744618021, 127.62481705668748], 'axes': [173.9307204742421, 173.9307204742421], 'angle': 90.0}, 'model_confidence': 0.670970417444472, 'model_id': 1, 'model_birth_timestamp': 40910.15789, 'theta': 2.5396242699111253, 'phi': -1.9101087774209071, 'norm_pos': [0.3132768278728292, 0.14348052773837783], 'topic': 'pupil.1', 'id': 1, 'method': '3d c++'}"
1582184724.084009,"{'circle_3d': {'center': [-7.631035892477179, 10.939702543477125, 79.13943013544795], 'normal': [-0.18862693738931596, 0.823965394148154, -0.5343228497242134], 'radius': 2.1704235706792434}, 'confidence': 0.30591562797253136, 'timestamp': 41056.30109, 'diameter_3d': 4.340847141358487, 'ellipse': {'center': [100.23125220053339, 205.5452939849831], 'axes': [13.663116911990146, 34.07428966763523], 'angle': -75.64343263307856}, 'location': [100.23125220053339, 205.5452939849831], 'diameter': 34.07428966763523, 'sphere': {'center': [-5.367512643805387, 1.052117813699275, 85.55130433213851], 'radius': 12.0}, 'projected_sphere': {'center': [121.10102744618021, 127.62481705668748], 'axes': [173.9307204742421, 173.9307204742421], 'angle': 90.0}, 'model_confidence': 0.670970417444472, 'model_id': 1, 'model_birth_timestamp': 40910.15789, 'theta': 2.539170234831528, 'phi': -1.910159506067911, 'norm_pos': [0.31322266312666686, 0.14356127506257044], 'topic': 'pupil.1', 'id': 1, 'method': '3d c++'}"
1582184724.092573,"{'circle_3d': {'center': [-7.6968981576015825, 10.936601059703221, 79.15826482908649], 'normal': [-0.1941154594830163, 0.8237069371669957, -0.5327532919210021], 'radius': 2.183783046888727}, 'confidence': 0.3171300912970356, 'timestamp': 41056.30949, 'diameter_3d': 4.367566093777454, 'ellipse': {'center': [99.73068427144248, 205.49947807470585], 'axes': [13.670356266364285, 34.27565641174803], 'angle': -75.29090041385398}, 'location': [99.73068427144248, 205.49947807470585], 'diameter': 34.27565641174803, 'sphere': {'center': [-5.367512643805387, 1.052117813699275, 85.55130433213851], 'radius': 12.0}, 'projected_sphere': {'center': [121.10102744618021, 127.62481705668748], 'axes': [173.9307204742421, 173.9307204742421], 'angle': 90.0}, 'model_confidence': 0.670970417444472, 'model_id': 1, 'model_birth_timestamp': 40910.15789, 'theta': 2.5387142640584206, 'phi': -1.9202087418071008, 'norm_pos': [0.31165838834825776, 0.1437521746887256], 'topic': 'pupil.1', 'id': 1, 'method': '3d c++'}"
1582184724.100011,"{'circle_3d': {'center': [-7.694299333831056, 10.933484341286604, 79.15250294073745], 'normal': [-0.19389889083547235, 0.8234472106322771, -0.533233449283422], 'radius': 2.1785252778116417}, 'confidence': 0.30507179911239307, 'timestamp': 41056.31789, 'diameter_3d': 4.3570505556232835, 'ellipse': {'center': [99.74659949922454, 205.4818855938305], 'axes': [13.657695544869641, 34.195579145278586], 'angle': -75.29861362841143}, 'location': [99.74659949922454, 205.4818855938305], 'diameter': 34.195579145278586, 'sphere': {'center': [-5.367512643805387, 1.052117813699275, 85.55130433213851], 'radius': 12.0}, 'projected_sphere': {'center': [121.10102744618021, 127.62481705668748], 'axes': [173.9307204742421, 173.9307204742421], 'angle': 90.0}, 'model_confidence': 0.670970417444472, 'model_id': 1, 'model_birth_timestamp': 40910.15789, 'theta': 2.5382563575918016, 'phi': -1.9195604041913286, 'norm_pos': [0.3117081234350767, 0.1438254766923729], 'topic': 'pupil.1', 'id': 1, 'method': '3d c++'}"
1582184724.111958,"{'circle_3d': {'center': [-7.696991975093944, 10.930352362601091, 79.14864798949588], 'normal': [-0.19412327760737974, 0.8231862124084848, -0.5335546952202191], 'radius': 2.174855040185089}, 'confidence': 0.2927882125252981, 'timestamp': 41056.32629, 'diameter_3d': 4.349710080370178, 'ellipse': {'center': [99.7226075058565, 205.46195408693865], 'axes': [13.64741216690073, 34.13957691179614], 'angle': -75.27848353775279}, 'location': [99.7226075058565, 205.46195408693865], 'diameter': 34.13957691179614, 'sphere': {'center': [-5.367512643805387, 1.052117813699275, 85.55130433213851], 'radius': 12.0}, 'projected_sphere': {'center': [121.10102744618021, 127.62481705668748], 'axes': [173.9307204742421, 173.9307204742421], 'angle': 90.0}, 'model_confidence': 0.670970417444472, 'model_id': 1, 'model_birth_timestamp': 40910.15789, 'theta': 2.537796515431669, 'phi': -1.9197384622083293, 'norm_pos': [0.3116331484558016, 0.1439085246377556], 'topic': 'pupil.1', 'id': 1, 'method': '3d c++'}"
1582184724.1202428,"{'circle_3d': {'center': [-7.6355057781066495, 10.927205097923839, 79.12177415710173], 'normal': [-0.18899942785843857, 0.8229239403520472, -0.5357941812530659], 'radius': 2.1887359045712946}, 'confidence': 0.31566098446386415, 'timestamp': 41056.33469, 'diameter_3d': 4.377471809142589, 'ellipse': {'center': [100.18341658230608, 205.4632580227518], 'axes': [13.838792817365434, 34.36954451635761], 'angle': -75.5963408432966}, 'location': [100.18341658230608, 205.4632580227518], 'diameter': 34.36954451635761, 'sphere': {'center': [-5.367512643805387, 1.052117813699275, 85.55130433213851], 'radius': 12.0}, 'projected_sphere': {'center': [121.10102744618021, 127.62481705668748], 'axes': [173.9307204742421, 173.9307204742421], 'angle': 90.0}, 'model_confidence': 0.670970417444472, 'model_id': 1, 'model_birth_timestamp': 40910.15789, 'theta': 2.537334737577625, 'phi': -1.9099156618430686, 'norm_pos': [0.3130731768197065, 0.14390309157186754], 'topic': 'pupil.1', 'id': 1, 'method': '3d c++'}"
1582184724.129584,"{'circle_3d': {'center': [-7.642640210378162, 10.924042521446367, 79.11943857480237], 'normal': [-0.18959396388106453, 0.8226603923122575, -0.5359888131113449], 'radius': 2.183673633893272}, 'confidence': 0.29104644643277316, 'timestamp': 41056.34309, 'diameter_3d': 4.367347267786544, 'ellipse': {'center': [100.12581894371986, 205.4417102800047], 'axes': [13.813516370245026, 34.29097639867939], 'angle': -75.55274176815429}, 'location': [100.12581894371986, 205.4417102800047], 'diameter': 34.29097639867939, 'sphere': {'center': [-5.367512643805387, 1.052117813699275, 85.55130433213851], 'radius': 12.0}, 'projected_sphere': {'center': [121.10102744618021, 127.62481705668748], 'axes': [173.9307204742421, 173.9307204742421], 'angle': 90.0}, 'model_confidence': 0.670970417444472, 'model_id': 1, 'model_birth_timestamp': 40910.15789, 'theta': 2.5368710240304693, 'phi': -1.9107879601761841, 'norm_pos': [0.3128931841991246, 0.14399287383331372], 'topic': 'pupil.1', 'id': 1, 'method': '3d c++'}"
1582184724.1354282,"{'circle_3d': {'center': [-7.644453285757409, 10.92086460725842, 79.11520473396236], 'normal': [-0.1897450534960018, 0.8223955661299285, -0.5363416331813463], 'radius': 2.1756709491468142}, 'confidence': 0.3047419029602486, 'timestamp': 41056.35149, 'diameter_3d': 4.3513418982936285, 'ellipse': {'center': [100.10837090690566, 205.42244973998322], 'axes': [13.77708000905798, 34.167048693301744], 'angle': -75.53718569419709}, 'location': [100.10837090690566, 205.42244973998322], 'diameter': 34.167048693301744, 'sphere': {'center': [-5.367512643805387, 1.052117813699275, 85.55130433213851], 'radius': 12.0}, 'projected_sphere': {'center': [121.10102744618021, 127.62481705668748], 'axes': [173.9307204742421, 173.9307204742421], 'angle': 90.0}, 'model_confidence': 0.670970417444472, 'model_id': 1, 'model_birth_timestamp': 40910.15789, 'theta': 2.536405374789801, 'phi': -1.910831521440399, 'norm_pos': [0.3128386590840802, 0.14407312608340328], 'topic': 'pupil.1', 'id': 1, 'method': '3d c++'}"
1582184724.14414,"{'circle_3d': {'center': [-7.646262992672331, 10.917671329359074, 79.11095102838324], 'normal': [-0.1898958624055786, 0.8221294596383162, -0.5366961086462726], 'radius': 2.1921035753228586}, 'confidence': 0.26458217883153273, 'timestamp': 41056.35989, 'diameter_3d': 4.384207150645717, 'ellipse': {'center': [100.09128161781551, 205.3994614434321], 'axes': [13.895672151526334, 34.42708202334454], 'angle': -75.52159113983538}, 'location': [100.09128161781551, 205.3994614434321], 'diameter': 34.42708202334454, 'sphere': {'center': [-5.367512643805387, 1.052117813699275, 85.55130433213851], 'radius': 12.0}, 'projected_sphere': {'center': [121.10102744618021, 127.62481705668748], 'axes': [173.9307204742421, 173.9307204742421], 'angle': 90.0}, 'model_confidence': 0.670970417444472, 'model_id': 1, 'model_birth_timestamp': 40910.15789, 'theta': 2.535937789855621, 'phi': -1.9108735893397792, 'norm_pos': [0.31278525505567345, 0.14416891065236626], 'topic': 'pupil.1', 'id': 1, 'method': '3d c++'}"
1582184724.15167,"{'circle_3d': {'center': [-7.64806930763058, 10.914462661654209, 79.10667746915418], 'normal': [-0.19004638865209939, 0.821862070662911, -0.5370522385820279], 'radius': 2.1895287737553564}, 'confidence': 0.27743709159593016, 'timestamp': 41056.36829, 'diameter_3d': 4.379057547510713, 'ellipse': {'center': [100.07393059810968, 205.37919479343378], 'axes': [13.893810411132163, 34.3884608919553], 'angle': -75.50599592836217}, 'location': [100.07393059810968, 205.37919479343378], 'diameter': 34.3884608919553, 'sphere': {'center': [-5.367512643805387, 1.052117813699275, 85.55130433213851], 'radius': 12.0}, 'projected_sphere': {'center': [121.10102744618021, 127.62481705668748], 'axes': [173.9307204742421, 173.9307204742421], 'angle': 90.0}, 'model_confidence': 0.670970417444472, 'model_id': 1, 'model_birth_timestamp': 40910.15789, 'theta': 2.5354682692279296, 'phi': -1.9109141638743254, 'norm_pos': [0.3127310331190928, 0.14425335502735925], 'topic': 'pupil.1', 'id': 1, 'method': '3d c++'}"
1582184724.16095,"{'circle_3d': {'center': [-7.649872206940145, 10.911238577956706, 79.1023840674465], 'normal': [-0.19019663026122977, 0.8215933970214522, -0.5374100220576682], 'radius': 2.1862240863509688}, 'confidence': 0.26515925595964407, 'timestamp': 41056.37669, 'diameter_3d': 4.3724481727019375, 'ellipse': {'center': [100.05657877080219, 205.35893491041037], 'axes': [13.887345738825719, 34.33837393992583], 'angle': -75.49038416414284}, 'location': [100.05657877080219, 205.35893491041037], 'diameter': 34.33837393992583, 'sphere': {'center': [-5.367512643805387, 1.052117813699275, 85.55130433213851], 'radius': 12.0}, 'projected_sphere': {'center': [121.10102744618021, 127.62481705668748], 'axes': [173.9307204742421, 173.9307204742421], 'angle': 90.0}, 'model_confidence': 0.670970417444472, 'model_id': 1, 'model_birth_timestamp': 40910.15789, 'theta': 2.534996812906725, 'phi': -1.910953245044037, 'norm_pos': [0.31267680865875686, 0.1443377712066235], 'topic': 'pupil.1', 'id': 1, 'method': '3d c++'}"
1582184724.167615,"{'circle_3d': {'center': [-7.651671666711039, 10.907999051983829, 79.09807083451042], 'normal': [-0.1903465852421376, 0.8213234365237126, -0.5377694581356741], 'radius': 2.1843139424850384}, 'confidence': 0.26532327070683503, 'timestamp': 41056.38509, 'diameter_3d': 4.368627884970077, 'ellipse': {'center': [100.03925712807556, 205.3383650522024], 'axes': [13.889786915665233, 34.31020708267216], 'angle': -75.47475400729418}, 'location': [100.03925712807556, 205.3383650522024], 'diameter': 34.31020708267216, 'sphere': {'center': [-5.367512643805387, 1.052117813699275, 85.55130433213851], 'radius': 12.0}, 'projected_sphere': {'center': [121.10102744618021, 127.62481705668748], 'axes': [173.9307204742421, 173.9307204742421], 'angle': 90.0}, 'model_confidence': 0.670970417444472, 'model_id': 1, 'model_birth_timestamp': 40910.15789, 'theta': 2.5345234208915994, 'phi': -1.9109908328489458, 'norm_pos': [0.3126226785252361, 0.14442347894915675], 'topic': 'pupil.1', 'id': 1, 'method': '3d c++'}"
1582184724.178574,"{'circle_3d': {'center': [-7.5887787768019574, 10.904744057368656, 79.07120148812749], 'normal': [-0.18510551108304754, 0.8210521869724485, -0.5400085703342524], 'radius': 2.1741370364719397}, 'confidence': 0.253414352663816, 'timestamp': 41056.39349, 'diameter_3d': 4.348274072943879, 'ellipse': {'center': [100.51111983520869, 205.34235174008322], 'axes': [13.928994881888613, 34.162161271591046], 'angle': -75.80140855873124}, 'location': [100.51111983520869, 205.34235174008322], 'diameter': 34.162161271591046, 'sphere': {'center': [-5.367512643805387, 1.052117813699275, 85.55130433213851], 'radius': 12.0}, 'projected_sphere': {'center': [121.10102744618021, 127.62481705668748], 'axes': [173.9307204742421, 173.9307204742421], 'angle': 90.0}, 'model_confidence': 0.670970417444472, 'model_id': 1, 'model_birth_timestamp': 40910.15789, 'theta': 2.5340480931833707, 'phi': -1.9010269272889864, 'norm_pos': [0.31409724948502715, 0.14440686774965328], 'topic': 'pupil.1', 'id': 1, 'method': '3d c++'}"
1582184724.185449,"{'circle_3d': {'center': [-7.659755157414804, 10.901473567643471, 79.09097806398086], 'normal': [-0.19102020946745152, 0.8207796461620166, -0.5383605223464717], 'radius': 2.193155146417012}, 'confidence': 0.22641031731670483, 'timestamp': 41056.40189, 'diameter_3d': 4.386310292834024, 'ellipse': {'center': [99.97086174500008, 205.2933726003721], 'axes': [13.969222876536938, 34.45218546682314], 'angle': -75.41968869530969}, 'location': [99.97086174500008, 205.2933726003721], 'diameter': 34.45218546682314, 'sphere': {'center': [-5.367512643805387, 1.052117813699275, 85.55130433213851], 'radius': 12.0}, 'projected_sphere': {'center': [121.10102744618021, 127.62481705668748], 'axes': [173.9307204742421, 173.9307204742421], 'angle': 90.0}, 'model_confidence': 0.670970417444472, 'model_id': 1, 'model_birth_timestamp': 40910.15789, 'theta': 2.5335708297816297, 'phi': -1.9117572257342759, 'norm_pos': [0.31240894295312527, 0.1446109474984496], 'topic': 'pupil.1', 'id': 1, 'method': '3d c++'}"
1582184724.19738,"{'circle_3d': {'center': [-7.591415478066152, 10.898187556251159, 79.06214669739336], 'normal': [-0.18532523618839694, 0.8205058118793233, -0.5407631362287627], 'radius': 2.18086999760127}, 'confidence': 0.27774390810525706, 'timestamp': 41056.41029, 'diameter_3d': 4.36173999520254, 'ellipse': {'center': [100.48386882847393, 205.29945673899164], 'axes': [14.003015323352207, 34.27190410005769], 'angle': -75.77519013302341}, 'location': [100.48386882847393, 205.29945673899164], 'diameter': 34.27190410005769, 'sphere': {'center': [-5.367512643805387, 1.052117813699275, 85.55130433213851], 'radius': 12.0}, 'projected_sphere': {'center': [121.10102744618021, 127.62481705668748], 'axes': [173.9307204742421, 173.9307204742421], 'angle': 90.0}, 'model_confidence': 0.670970417444472, 'model_id': 1, 'model_birth_timestamp': 40910.15789, 'theta': 2.533091630686376, 'phi': -1.9009625096251392, 'norm_pos': [0.314012090088981, 0.14458559692086814], 'topic': 'pupil.1', 'id': 1, 'method': '3d c++'}"
1582184724.2203,"{'circle_3d': {'center': [-7.533468337675417, 10.891568861776946, 79.03257447083307], 'normal': [-0.18049630782250242, 0.8199542540064724, -0.5432274884421203], 'radius': 2.190710352510991}, 'confidence': 0.2508671011278262, 'timestamp': 41056.42709, 'diameter_3d': 4.381420705021982, 'ellipse': {'center': [100.91565435264978, 205.27690323551593], 'axes': [14.17975070545987, 34.439765832510545], 'angle': -76.07080822192484}, 'location': [100.91565435264978, 205.27690323551593], 'diameter': 34.439765832510545, 'sphere': {'center': [-5.367512643805387, 1.052117813699275, 85.55130433213851], 'radius': 12.0}, 'projected_sphere': {'center': [121.10102744618021, 127.62481705668748], 'axes': [173.9307204742421, 173.9307204742421], 'angle': 90.0}, 'model_confidence': 0.670970417444472, 'model_id': 1, 'model_birth_timestamp': 40910.15789, 'theta': 2.532127425415338, 'phi': -1.8915864432139051, 'norm_pos': [0.3153614198520306, 0.1446795698520169], 'topic': 'pupil.1', 'id': 1, 'method': '3d c++'}"
1582184724.223938,"{'circle_3d': {'center': [-7.634860447572391, 10.956482377943004, 79.16673727435722], 'normal': [-0.18894565031391697, 0.8253637136869773, -0.532047254815108], 'radius': 2.1302777229982683}, 'confidence': 0.18211789245447613, 'timestamp': 41056.43549, 'diameter_3d': 4.260555445996537, 'ellipse': {'center': [100.22113909720406, 205.65380436023003], 'axes': [13.317598491653579, 33.432192621572426], 'angle': -75.6548282548925}, 'location': [100.22113909720406, 205.65380436023003], 'diameter': 33.432192621572426, 'sphere': {'center': [-5.367512643805387, 1.052117813699275, 85.55130433213851], 'radius': 12.0}, 'projected_sphere': {'center': [121.10102744618021, 127.62481705668748], 'axes': [173.9307204742421, 173.9307204742421], 'angle': 90.0}, 'model_confidence': 0.670970417444472, 'model_id': 1, 'model_birth_timestamp': 40910.15789, 'theta': 2.5416424192391305, 'phi': -1.912033485707269, 'norm_pos': [0.3131910596787627, 0.14310914849904155], 'topic': 'pupil.1', 'id': 1, 'method': '3d c++'}"
1582184724.2277792,"{'circle_3d': {'center': [-7.6276906859708715, 10.948513454109097, 79.1518552506792], 'normal': [-0.18834817018045708, 0.8246996367008187, -0.5332874234549426], 'radius': 2.1395882331941043}, 'confidence': 0.24585793653913368, 'timestamp': 41056.44389, 'diameter_3d': 4.279176466388209, 'ellipse': {'center': [100.26622991427601, 205.6057101288277], 'axes': [13.427405383799053, 33.58470877860113], 'angle': -75.67762722345057}, 'location': [100.26622991427601, 205.6057101288277], 'diameter': 33.58470877860113, 'sphere': {'center': [-5.367512643805387, 1.052117813699275, 85.55130433213851], 'radius': 12.0}, 'projected_sphere': {'center': [121.10102744618021, 127.62481705668748], 'axes': [173.9307204742421, 173.9307204742421], 'angle': 90.0}, 'model_confidence': 0.670970417444472, 'model_id': 1, 'model_birth_timestamp': 40910.15789, 'theta': 2.5404672411256977, 'phi': -1.9103041587496636, 'norm_pos': [0.31333196848211253, 0.1433095411298846], 'topic': 'pupil.1', 'id': 1, 'method': '3d c++'}"
1582184724.235401,"{'circle_3d': {'center': [-7.499833518301173, 10.946132575370367, 79.10446948207263], 'normal': [-0.17769340620798219, 0.8245012301392577, -0.5372362375054903], 'radius': 2.15568689835031}, 'confidence': 0.28164082504103477, 'timestamp': 41056.45229, 'diameter_3d': 4.31137379670062, 'ellipse': {'center': [101.23118709755494, 205.63419673881114], 'axes': [13.713096491674253, 33.85840334635446], 'angle': -76.3494088298895}, 'location': [101.23118709755494, 205.63419673881114], 'diameter': 33.85840334635446, 'sphere': {'center': [-5.367512643805387, 1.052117813699275, 85.55130433213851], 'radius': 12.0}, 'projected_sphere': {'center': [121.10102744618021, 127.62481705668748], 'axes': [173.9307204742421, 173.9307204742421], 'angle': 90.0}, 'model_confidence': 0.670970417444472, 'model_id': 1, 'model_birth_timestamp': 40910.15789, 'theta': 2.540116523249663, 'phi': -1.8902243113426087, 'norm_pos': [0.31634745967985917, 0.1431908469216202], 'topic': 'pupil.1', 'id': 1, 'method': '3d c++'}"
1582184724.243446,"{'circle_3d': {'center': [-7.509420727719242, 10.943741861633022, 79.1039790375374], 'normal': [-0.17849234032615452, 0.8243020039944787, -0.5372771078834261], 'radius': 2.1450791150564505}, 'confidence': 0.30876399741209165, 'timestamp': 41056.46069, 'diameter_3d': 4.290158230112901, 'ellipse': {'center': [101.15571503677525, 205.61756888671607], 'axes': [13.645488472962919, 33.691860816072456], 'angle': -76.29419065607199}, 'location': [101.15571503677525, 205.61756888671607], 'diameter': 33.691860816072456, 'sphere': {'center': [-5.367512643805387, 1.052117813699275, 85.55130433213851], 'radius': 12.0}, 'projected_sphere': {'center': [121.10102744618021, 127.62481705668748], 'axes': [173.9307204742421, 173.9307204742421], 'angle': 90.0}, 'model_confidence': 0.670970417444472, 'model_id': 1, 'model_birth_timestamp': 40910.15789, 'theta': 2.5397645368629793, 'phi': -1.8915414281918428, 'norm_pos': [0.3161116094899227, 0.14326012963868306], 'topic': 'pupil.1', 'id': 1, 'method': '3d c++'}"
1582184724.2515671,"{'circle_3d': {'center': [-7.540534112505997, 11.00881868908267, 79.21552613410272], 'normal': [-0.1810851223917175, 0.8297250729486164, -0.5279815165029832], 'radius': 2.1493468281359043}, 'confidence': 0.24562227092227779, 'timestamp': 41056.46909, 'diameter_3d': 4.2986936562718085, 'ellipse': {'center': [100.99444591777748, 206.0089660621861], 'axes': [13.28859486227975, 33.711445510092666], 'angle': -76.24838189736381}, 'location': [100.99444591777748, 206.0089660621861], 'diameter': 33.711445510092666, 'sphere': {'center': [-5.367512643805387, 1.052117813699275, 85.55130433213851], 'radius': 12.0}, 'projected_sphere': {'center': [121.10102744618021, 127.62481705668748], 'axes': [173.9307204742421, 173.9307204742421], 'angle': 90.0}, 'model_confidence': 0.670970417444472, 'model_id': 1, 'model_birth_timestamp': 40910.15789, 'theta': 2.549411281965645, 'phi': -1.901200259473639, 'norm_pos': [0.31560764349305465, 0.14162930807422458], 'topic': 'pupil.1', 'id': 1, 'method': '3d c++'}"
1582184724.259543,"{'circle_3d': {'center': [-7.567451041999413, 11.068341357764453, 79.31948782653873], 'normal': [-0.18332819984950216, 0.8346852953387649, -0.5193180421333151], 'radius': 2.1505857578333223}, 'confidence': 0.33804547427112347, 'timestamp': 41056.47749, 'diameter_3d': 4.301171515666645, 'ellipse': {'center': [100.8607354178208, 206.364386183596], 'axes': [12.94042579431299, 33.68673681703589], 'angle': -76.21588678336771}, 'location': [100.8607354178208, 206.364386183596], 'diameter': 33.68673681703589, 'sphere': {'center': [-5.367512643805387, 1.052117813699275, 85.55130433213851], 'radius': 12.0}, 'projected_sphere': {'center': [121.10102744618021, 127.62481705668748], 'axes': [173.9307204742421, 173.9307204742421], 'angle': 90.0}, 'model_confidence': 0.670970417444472, 'model_id': 1, 'model_birth_timestamp': 40910.15789, 'theta': 2.558357429609495, 'phi': -1.9101565398820255, 'norm_pos': [0.31518979818069004, 0.1401483909016833], 'topic': 'pupil.1', 'id': 1, 'method': '3d c++'}"
1582184724.267064,"{'circle_3d': {'center': [-7.564808392999855, 11.062216093528814, 79.30872282936855], 'normal': [-0.18310797909953894, 0.8341748566524613, -0.5202151252308304], 'radius': 2.126833726937274}, 'confidence': 0.34160089291088025, 'timestamp': 41056.48589, 'diameter_3d': 4.253667453874548, 'ellipse': {'center': [100.87318137526579, 206.33123521817882], 'axes': [12.833682644267768, 33.31900362829949], 'angle': -76.21852904117571}, 'location': [100.87318137526579, 206.33123521817882], 'diameter': 33.31900362829949, 'sphere': {'center': [-5.367512643805387, 1.052117813699275, 85.55130433213851], 'radius': 12.0}, 'projected_sphere': {'center': [121.10102744618021, 127.62481705668748], 'axes': [173.9307204742421, 173.9307204742421], 'angle': 90.0}, 'model_confidence': 0.670970417444472, 'model_id': 1, 'model_birth_timestamp': 40910.15789, 'theta': 2.5574312346807395, 'phi': -1.9092385243032173, 'norm_pos': [0.3152286917977056, 0.1402865199242549], 'topic': 'pupil.1', 'id': 1, 'method': '3d c++'}"
1582184724.279635,"{'circle_3d': {'center': [-7.564559038874948, 11.061562839698102, 79.30758769783975], 'normal': [-0.1830871995891301, 0.8341204188332358, -0.5203097195248972], 'radius': 2.1265131796555847}, 'confidence': 0.3416290090922138, 'timestamp': 41056.49429, 'diameter_3d': 4.2530263593111695, 'ellipse': {'center': [100.87428883479296, 206.3273758304478], 'axes': [12.835572360638071, 33.31445527701643], 'angle': -76.21863965622873}, 'location': [100.87428883479296, 206.3273758304478], 'diameter': 33.31445527701643, 'sphere': {'center': [-5.367512643805387, 1.052117813699275, 85.55130433213851], 'radius': 12.0}, 'projected_sphere': {'center': [121.10102744618021, 127.62481705668748], 'axes': [173.9307204742421, 173.9307204742421], 'angle': 90.0}, 'model_confidence': 0.670970417444472, 'model_id': 1, 'model_birth_timestamp': 40910.15789, 'theta': 2.5573325334099595, 'phi': -1.9091460489677807, 'norm_pos': [0.315232152608728, 0.1403026007064675], 'topic': 'pupil.1', 'id': 1, 'method': '3d c++'}"
1582184724.2878761,"{'circle_3d': {'center': [-7.564297206314022, 11.060909336429532, 79.30644806153894], 'normal': [-0.18306538020905283, 0.8340659602275212, -0.5204046892166307], 'radius': 2.116452120883259}, 'confidence': 0.30362690464688324, 'timestamp': 41056.50269, 'diameter_3d': 4.232904241766518, 'ellipse': {'center': [100.87538549209081, 206.32487446821798], 'axes': [12.778606186468554, 33.15722963565865], 'angle': -76.21882312618717}, 'location': [100.87538549209081, 206.32487446821798], 'diameter': 33.15722963565865, 'sphere': {'center': [-5.367512643805387, 1.052117813699275, 85.55130433213851], 'radius': 12.0}, 'projected_sphere': {'center': [121.10102744618021, 127.62481705668748], 'axes': [173.9307204742421, 173.9307204742421], 'angle': 90.0}, 'model_confidence': 0.670970417444472, 'model_id': 1, 'model_birth_timestamp': 40910.15789, 'theta': 2.5572338091894835, 'phi': -1.909051597268053, 'norm_pos': [0.3152355796627838, 0.14031302304909177], 'topic': 'pupil.1', 'id': 1, 'method': '3d c++'}"
1582184724.295541,"{'circle_3d': {'center': [-7.564022888494271, 11.060255583661426, 79.30530392208138], 'normal': [-0.18304252039074023, 0.834011480830179, -0.5205000341714278], 'radius': 2.129986154924495}, 'confidence': 0.3016755869444149, 'timestamp': 41056.51109, 'diameter_3d': 4.25997230984899, 'ellipse': {'center': [100.87683051193295, 206.31909076051903], 'axes': [12.86427401461999, 33.36985188011456], 'angle': -76.21905258188688}, 'location': [100.87683051193295, 206.31909076051903], 'diameter': 33.36985188011456, 'sphere': {'center': [-5.367512643805387, 1.052117813699275, 85.55130433213851], 'radius': 12.0}, 'projected_sphere': {'center': [121.10102744618021, 127.62481705668748], 'axes': [173.9307204742421, 173.9307204742421], 'angle': 90.0}, 'model_confidence': 0.670970417444472, 'model_id': 1, 'model_birth_timestamp': 40910.15789, 'theta': 2.557135062019312, 'phi': -1.9089551692040354, 'norm_pos': [0.3152400953497905, 0.14033712183117075], 'topic': 'pupil.1', 'id': 1, 'method': '3d c++'}"
1582184724.303154,"{'circle_3d': {'center': [-7.56373607856524, 11.059601581332103, 79.30415528115716], 'normal': [-0.18301861956332105, 0.8339569806360688, -0.5205957542484457], 'radius': 2.1264007969346665}, 'confidence': 0.3153011285200787, 'timestamp': 41056.51949, 'diameter_3d': 4.252801593869333, 'ellipse': {'center': [100.87818509184554, 206.3156953293764], 'axes': [12.846475277162762, 33.314133406343856], 'angle': -76.21936096890803}, 'location': [100.87818509184554, 206.3156953293764], 'diameter': 33.314133406343856, 'sphere': {'center': [-5.367512643805387, 1.052117813699275, 85.55130433213851], 'radius': 12.0}, 'projected_sphere': {'center': [121.10102744618021, 127.62481705668748], 'axes': [173.9307204742421, 173.9307204742421], 'angle': 90.0}, 'model_confidence': 0.670970417444472, 'model_id': 1, 'model_birth_timestamp': 40910.15789, 'theta': 2.5570362918994434, 'phi': -1.9088567647757255, 'norm_pos': [0.3152443284120173, 0.14035126946093157], 'topic': 'pupil.1', 'id': 1, 'method': '3d c++'}"
1582184724.312664,"{'circle_3d': {'center': [-7.557119119692738, 11.189396043261098, 79.51464850484439], 'normal': [-0.18246720632394584, 0.8447731857968184, -0.5030546522745104], 'radius': 2.1272930670220567}, 'confidence': 0.2659355519826527, 'timestamp': 41056.52789, 'diameter_3d': 4.254586134044113, 'ellipse': {'center': [101.0840701047666, 207.10512134969653], 'axes': [12.155091635702911, 33.240310161860755], 'angle': -76.49000045260507}, 'location': [101.0840701047666, 207.10512134969653], 'diameter': 33.240310161860755, 'sphere': {'center': [-5.367512643805387, 1.052117813699275, 85.55130433213851], 'radius': 12.0}, 'projected_sphere': {'center': [121.10102744618021, 127.62481705668748], 'axes': [173.9307204742421, 173.9307204742421], 'angle': 90.0}, 'model_confidence': 0.670970417444472, 'model_id': 1, 'model_birth_timestamp': 40910.15789, 'theta': 2.5769374988298805, 'phi': -1.9187563839831263, 'norm_pos': [0.3158877190773956, 0.13706199437626443], 'topic': 'pupil.1', 'id': 1, 'method': '3d c++'}"
1582184724.3199072,"{'circle_3d': {'center': [-7.557440619885922, 11.179777785004859, 79.49864219344332], 'normal': [-0.18249399800671126, 0.8439716642754655, -0.5043885115579333], 'radius': 2.134657579835777}, 'confidence': 0.3706752925947691, 'timestamp': 41056.53629, 'diameter_3d': 4.269315159671554, 'ellipse': {'center': [101.06993085660415, 207.04619449820376], 'axes': [12.250155537981861, 33.36213313539241], 'angle': -76.47091085418378}, 'location': [101.06993085660415, 207.04619449820376], 'diameter': 33.36213313539241, 'sphere': {'center': [-5.367512643805387, 1.052117813699275, 85.55130433213851], 'radius': 12.0}, 'projected_sphere': {'center': [121.10102744618021, 127.62481705668748], 'axes': [173.9307204742421, 173.9307204742421], 'angle': 90.0}, 'model_confidence': 0.670970417444472, 'model_id': 1, 'model_birth_timestamp': 40910.15789, 'theta': 2.575441442503882, 'phi': -1.9179554066728661, 'norm_pos': [0.31584353392688796, 0.13730752292415105], 'topic': 'pupil.1', 'id': 1, 'method': '3d c++'}"
1582184724.3277922,"{'circle_3d': {'center': [-7.557041032257086, 11.180808189721851, 79.50022205680695], 'normal': [-0.18246069903764148, 0.8440575313352143, -0.5042568562776304], 'radius': 2.139889431828988}, 'confidence': 0.34338800010597437, 'timestamp': 41056.54469, 'diameter_3d': 4.279778863657976, 'ellipse': {'center': [101.07424281577967, 207.05184101650525], 'axes': [12.275037366497033, 33.44328528710358], 'angle': -76.47484475889036}, 'location': [101.07424281577967, 207.05184101650525], 'diameter': 33.44328528710358, 'sphere': {'center': [-5.367512643805387, 1.052117813699275, 85.55130433213851], 'radius': 12.0}, 'projected_sphere': {'center': [121.10102744618021, 127.62481705668748], 'axes': [173.9307204742421, 173.9307204742421], 'angle': 90.0}, 'model_confidence': 0.670970417444472, 'model_id': 1, 'model_birth_timestamp': 40910.15789, 'theta': 2.5756015465988957, 'phi': -1.917980544683621, 'norm_pos': [0.31585700879931145, 0.1372839957645614], 'topic': 'pupil.1', 'id': 1, 'method': '3d c++'}"
1582184724.3355122,"{'circle_3d': {'center': [-7.462405083166679, 11.24567265332906, 79.57611685399466], 'normal': [-0.17457436994677436, 0.8494629033024821, -0.49793228984532106], 'radius': 2.1600980210052025}, 'confidence': 0.28905077156708053, 'timestamp': 41056.55309, 'diameter_3d': 4.320196042010405, 'ellipse': {'center': [101.8657909801502, 207.47345006478693], 'axes': [12.154184707594146, 33.72771165108907], 'angle': -77.08111999017558}, 'location': [101.8657909801502, 207.47345006478693], 'diameter': 33.72771165108907, 'sphere': {'center': [-5.367512643805387, 1.052117813699275, 85.55130433213851], 'radius': 12.0}, 'projected_sphere': {'center': [121.10102744618021, 127.62481705668748], 'axes': [173.9307204742421, 173.9307204742421], 'angle': 90.0}, 'model_confidence': 0.670970417444472, 'model_id': 1, 'model_birth_timestamp': 40910.15789, 'theta': 2.585762878492936, 'phi': -1.9080043317044928, 'norm_pos': [0.3183305968129694, 0.13552729139672115], 'topic': 'pupil.1', 'id': 1, 'method': '3d c++'}"
1582184724.343366,"{'circle_3d': {'center': [-7.434633418982549, 11.305140565619048, 79.6689122889773], 'normal': [-0.17226006459809684, 0.8544185626599812, -0.4901993369301016], 'radius': 2.1337892096142195}, 'confidence': 0.3476721159794523, 'timestamp': 41056.56149, 'diameter_3d': 4.267578419228439, 'ellipse': {'center': [102.14816891244539, 207.84054144557285], 'axes': [11.705559468143246, 33.27818888683282], 'angle': -77.32895816282549}, 'location': [102.14816891244539, 207.84054144557285], 'diameter': 33.27818888683282, 'sphere': {'center': [-5.367512643805387, 1.052117813699275, 85.55130433213851], 'radius': 12.0}, 'projected_sphere': {'center': [121.10102744618021, 127.62481705668748], 'axes': [173.9307204742421, 173.9307204742421], 'angle': 90.0}, 'model_confidence': 0.670970417444472, 'model_id': 1, 'model_birth_timestamp': 40910.15789, 'theta': 2.595227093528288, 'phi': -1.9087251123933555, 'norm_pos': [0.31921302785139183, 0.13399774397677977], 'topic': 'pupil.1', 'id': 1, 'method': '3d c++'}"
1582184724.35126,"{'circle_3d': {'center': [-7.49413050425131, 11.302616138357156, 79.68574548648549], 'normal': [-0.1772181550371602, 0.8542081937214898, -0.4887965704710855], 'radius': 2.13614017131689}, 'confidence': 0.3476849030709437, 'timestamp': 41056.56989, 'diameter_3d': 4.27228034263378, 'ellipse': {'center': [101.69814986624665, 207.80271414718783], 'axes': [11.652629292214675, 33.30756972565425], 'angle': -77.01790526692186}, 'location': [101.69814986624665, 207.80271414718783], 'diameter': 33.30756972565425, 'sphere': {'center': [-5.367512643805387, 1.052117813699275, 85.55130433213851], 'radius': 12.0}, 'projected_sphere': {'center': [121.10102744618021, 127.62481705668748], 'axes': [173.9307204742421, 173.9307204742421], 'angle': 90.0}, 'model_confidence': 0.670970417444472, 'model_id': 1, 'model_birth_timestamp': 40910.15789, 'theta': 2.5948223496952707, 'phi': -1.9186164723613306, 'norm_pos': [0.3178067183320208, 0.13415535772005072], 'topic': 'pupil.1', 'id': 1, 'method': '3d c++'}"
1582184724.3637812,"{'circle_3d': {'center': [-7.546428223667938, 11.305267940465967, 79.70962312089321], 'normal': [-0.18157629832187927, 0.8544291772305577, -0.4868067676037752], 'radius': 2.1344588350321767}, 'confidence': 0.36189366950554536, 'timestamp': 41056.57829, 'diameter_3d': 4.268917670064353, 'ellipse': {'center': [101.30931077455644, 207.7981243936929], 'axes': [11.555909907757117, 33.27114827980565], 'angle': -76.75390255587894}, 'location': [101.30931077455644, 207.7981243936929], 'diameter': 33.27114827980565, 'sphere': {'center': [-5.367512643805387, 1.052117813699275, 85.55130433213851], 'radius': 12.0}, 'projected_sphere': {'center': [121.10102744618021, 127.62481705668748], 'axes': [173.9307204742421, 173.9307204742421], 'angle': 90.0}, 'model_confidence': 0.670970417444472, 'model_id': 1, 'model_birth_timestamp': 40910.15789, 'theta': 2.5952475227978833, 'phi': -1.9278076850218748, 'norm_pos': [0.3165915961704889, 0.13417448169294632], 'topic': 'pupil.1', 'id': 1, 'method': '3d c++'}"
1582184724.3722649,"{'circle_3d': {'center': [-7.540920954432231, 11.307933346956993, 79.71225097880392], 'normal': [-0.1811173592189036, 0.854651294438143, -0.48658777944454923], 'radius': 2.1256543194062654}, 'confidence': 0.3769044172388822, 'timestamp': 41056.58669, 'diameter_3d': 4.251308638812531, 'ellipse': {'center': [101.35392096367812, 207.81715127687653], 'axes': [11.500584298112484, 33.1327713291878], 'angle': -76.7869448409355}, 'location': [101.35392096367812, 207.81715127687653], 'diameter': 33.1327713291878, 'sphere': {'center': [-5.367512643805387, 1.052117813699275, 85.55130433213851], 'radius': 12.0}, 'projected_sphere': {'center': [121.10102744618021, 127.62481705668748], 'axes': [173.9307204742421, 173.9307204742421], 'angle': 90.0}, 'model_confidence': 0.670970417444472, 'model_id': 1, 'model_birth_timestamp': 40910.15789, 'theta': 2.595675176922965, 'phi': -1.9271268909858859, 'norm_pos': [0.31673100301149415, 0.13409520301301447], 'topic': 'pupil.1', 'id': 1, 'method': '3d c++'}"
1582184724.3797069,"{'circle_3d': {'center': [-7.598469622703392, 11.310612324704447, 79.73872131544249], 'normal': [-0.1859130815748337, 0.8548745425837643, -0.484381918058002], 'radius': 2.1350927006439773}, 'confidence': 0.3624463678802247, 'timestamp': 41056.59509, 'diameter_3d': 4.2701854012879545, 'ellipse': {'center': [100.92651628946489, 207.80858760674397], 'axes': [11.45485214354405, 33.268676290164244], 'angle': -76.49696643374651}, 'location': [100.92651628946489, 207.80858760674397], 'diameter': 33.268676290164244, 'sphere': {'center': [-5.367512643805387, 1.052117813699275, 85.55130433213851], 'radius': 12.0}, 'projected_sphere': {'center': [121.10102744618021, 127.62481705668748], 'axes': [173.9307204742421, 173.9307204742421], 'angle': 90.0}, 'model_confidence': 0.670970417444472, 'model_id': 1, 'model_birth_timestamp': 40910.15789, 'theta': 2.596105312070892, 'phi': -1.9372727956590787, 'norm_pos': [0.31539536340457774, 0.13413088497190018], 'topic': 'pupil.1', 'id': 1, 'method': '3d c++'}"
1582184724.3882601,"{'circle_3d': {'center': [-7.6516526984287125, 11.31330484036948, 79.76418544494081], 'normal': [-0.1903450045519438, 0.8550989188891838, -0.48225990726647566], 'radius': 2.1236341637581293}, 'confidence': 0.4190638749296947, 'timestamp': 41056.60349, 'diameter_3d': 4.247268327516259, 'ellipse': {'center': [100.53236944624601, 207.80385585260046], 'axes': [11.301150956798137, 33.079244293291175], 'angle': -76.230328082546}, 'location': [100.53236944624601, 207.80385585260046], 'diameter': 33.079244293291175, 'sphere': {'center': [-5.367512643805387, 1.052117813699275, 85.55130433213851], 'radius': 12.0}, 'projected_sphere': {'center': [121.10102744618021, 127.62481705668748], 'axes': [173.9307204742421, 173.9307204742421], 'angle': 90.0}, 'model_confidence': 0.670970417444472, 'model_id': 1, 'model_birth_timestamp': 40910.15789, 'theta': 2.5965379282409176, 'phi': -1.9467200570174494, 'norm_pos': [0.3141636545195188, 0.13415060061416473], 'topic': 'pupil.1', 'id': 1, 'method': '3d c++'}"
1582184724.3973498,"{'circle_3d': {'center': [-7.647565441948742, 11.316010860413854, 79.76737324996932], 'normal': [-0.1900043998452795, 0.855324420559548, -0.4819942568474324], 'radius': 2.123276722409858}, 'confidence': 0.43272971102589275, 'timestamp': 41056.61189, 'diameter_3d': 4.246553444819716, 'ellipse': {'center': [100.5664250022138, 207.8215075294708], 'axes': [11.28960157593472, 33.07237773162134], 'angle': -76.25614314790273}, 'location': [100.5664250022138, 207.8215075294708], 'diameter': 33.07237773162134, 'sphere': {'center': [-5.367512643805387, 1.052117813699275, 85.55130433213851], 'radius': 12.0}, 'projected_sphere': {'center': [121.10102744618021, 127.62481705668748], 'axes': [173.9307204742421, 173.9307204742421], 'angle': 90.0}, 'model_confidence': 0.670970417444472, 'model_id': 1, 'model_birth_timestamp': 40910.15789, 'theta': 2.596973025433413, 'phi': -1.94629679082363, 'norm_pos': [0.31427007813191815, 0.13407705196053832], 'topic': 'pupil.1', 'id': 1, 'method': '3d c++'}"
1582184724.403295,"{'circle_3d': {'center': [-7.648256805730989, 11.318730351090466, 79.77247459983766], 'normal': [-0.19006201349380017, 0.8555510447825991, -0.4815691443584041], 'radius': 2.123220795315315}, 'confidence': 0.33817900487756647, 'timestamp': 41056.62029, 'diameter_3d': 4.24644159063063, 'ellipse': {'center': [100.56481001581734, 207.83718895370026], 'axes': [11.27260664791961, 33.069396268342935], 'angle': -76.25761760908688}, 'location': [100.56481001581734, 207.83718895370026], 'diameter': 33.069396268342935, 'sphere': {'center': [-5.367512643805387, 1.052117813699275, 85.55130433213851], 'radius': 12.0}, 'projected_sphere': {'center': [121.10102744618021, 127.62481705668748], 'axes': [173.9307204742421, 173.9307204742421], 'angle': 90.0}, 'model_confidence': 0.670970417444472, 'model_id': 1, 'model_birth_timestamp': 40910.15789, 'theta': 2.597410603648379, 'phi': -1.9467014593196523, 'norm_pos': [0.3142650312994292, 0.13401171269291556], 'topic': 'pupil.1', 'id': 1, 'method': '3d c++'}"
1582184724.4136,"{'circle_3d': {'center': [-7.76394778174582, 11.321463278445435, 79.82438174183385], 'normal': [-0.19970292816170274, 0.8557787887288466, -0.47724354919205564], 'radius': 2.126775026982499}, 'confidence': 0.3522752637566849, 'timestamp': 41056.62869, 'diameter_3d': 4.253550053964998, 'ellipse': {'center': [99.70591963876826, 207.80275969229268], 'axes': [11.102550597995913, 33.10274174672074], 'angle': -75.67498583342713}, 'location': [99.70591963876826, 207.80275969229268], 'diameter': 33.10274174672074, 'sphere': {'center': [-5.367512643805387, 1.052117813699275, 85.55130433213851], 'radius': 12.0}, 'projected_sphere': {'center': [121.10102744618021, 127.62481705668748], 'axes': [173.9307204742421, 173.9307204742421], 'angle': 90.0}, 'model_confidence': 0.670970417444472, 'model_id': 1, 'model_birth_timestamp': 40910.15789, 'theta': 2.5978506628858145, 'phi': -1.9671066613454427, 'norm_pos': [0.3115809988711508, 0.13415516794878046], 'topic': 'pupil.1', 'id': 1, 'method': '3d c++'}"
1582184724.419134,"{'circle_3d': {'center': [-7.756529525542686, 11.324209608317858, 79.82620795725505], 'normal': [-0.19908474014477495, 0.8560076495515486, -0.47709136457362206], 'radius': 2.1201577129701477}, 'confidence': 0.39418305866932435, 'timestamp': 41056.63709, 'diameter_3d': 4.240315425940295, 'ellipse': {'center': [99.7647437930083, 207.82293131299718], 'axes': [11.063352085538586, 32.998974515833886], 'angle': -75.71773576374318}, 'location': [99.7647437930083, 207.82293131299718], 'diameter': 32.998974515833886, 'sphere': {'center': [-5.367512643805387, 1.052117813699275, 85.55130433213851], 'radius': 12.0}, 'projected_sphere': {'center': [121.10102744618021, 127.62481705668748], 'axes': [173.9307204742421, 173.9307204742421], 'angle': 90.0}, 'model_confidence': 0.670970417444472, 'model_id': 1, 'model_birth_timestamp': 40910.15789, 'theta': 2.598293203145721, 'phi': -1.9661171761132201, 'norm_pos': [0.3117648243531509, 0.13407111952917838], 'topic': 'pupil.1', 'id': 1, 'method': '3d c++'}"
1582184724.427698,"{'circle_3d': {'center': [-7.643728319573606, 11.326969306341987, 79.78534656247658], 'normal': [-0.1896846396473516, 0.8562376243868927, -0.48049648080516155], 'radius': 2.12863293525593}, 'confidence': 0.35106719851772644, 'timestamp': 41056.64549, 'diameter_3d': 4.25726587051186, 'ellipse': {'center': [100.60943865027492, 207.88673466871947], 'axes': [11.260253296483079, 33.148432831392334], 'angle': -76.29582291713461}, 'location': [100.60943865027492, 207.88673466871947], 'diameter': 33.148432831392334, 'sphere': {'center': [-5.367512643805387, 1.052117813699275, 85.55130433213851], 'radius': 12.0}, 'projected_sphere': {'center': [121.10102744618021, 127.62481705668748], 'axes': [173.9307204742421, 173.9307204742421], 'angle': 90.0}, 'model_confidence': 0.670970417444472, 'model_id': 1, 'model_birth_timestamp': 40910.15789, 'theta': 2.598738224428485, 'phi': -1.9467842466848742, 'norm_pos': [0.31440449578210916, 0.1338052722136689], 'topic': 'pupil.1', 'id': 1, 'method': '3d c++'}"
1582184724.435916,"{'circle_3d': {'center': [-7.6539257927783115, 11.329742337937414, 79.79433038300668], 'normal': [-0.19053442908107696, 0.856468710353178, -0.4797478290943193], 'radius': 2.1333602277667003}, 'confidence': 0.2965594489951173, 'timestamp': 41056.65389, 'diameter_3d': 4.266720455533401, 'ellipse': {'center': [100.53697189686034, 207.89809426403326], 'axes': [11.254192620089176, 33.21831285559829], 'angle': -76.24898467292465}, 'location': [100.53697189686034, 207.89809426403326], 'diameter': 33.21831285559829, 'sphere': {'center': [-5.367512643805387, 1.052117813699275, 85.55130433213851], 'radius': 12.0}, 'projected_sphere': {'center': [121.10102744618021, 127.62481705668748], 'axes': [173.9307204742421, 173.9307204742421], 'angle': 90.0}, 'model_confidence': 0.670970417444472, 'model_id': 1, 'model_birth_timestamp': 40910.15789, 'theta': 2.5991857267333347, 'phi': -1.9488480383082096, 'norm_pos': [0.31417803717768855, 0.13375794056652812], 'topic': 'pupil.1', 'id': 1, 'method': '3d c++'}"
1582184724.4477398,"{'circle_3d': {'center': [-7.76914424213957, 11.332528668323175, 79.84645391113588], 'normal': [-0.2001359665278485, 0.8567009045519915, -0.47540420175021936], 'radius': 2.1266999257928507}, 'confidence': 0.29847069609684546, 'timestamp': 41056.66229, 'diameter_3d': 4.253399851585701, 'ellipse': {'center': [99.68207473771886, 207.865098383677], 'axes': [11.02965767174132, 33.09243242387707], 'angle': -75.66959812216231}, 'location': [99.68207473771886, 207.865098383677], 'diameter': 33.09243242387707, 'sphere': {'center': [-5.367512643805387, 1.052117813699275, 85.55130433213851], 'radius': 12.0}, 'projected_sphere': {'center': [121.10102744618021, 127.62481705668748], 'axes': [173.9307204742421, 173.9307204742421], 'angle': 90.0}, 'model_confidence': 0.670970417444472, 'model_id': 1, 'model_birth_timestamp': 40910.15789, 'theta': 2.5996357100606544, 'phi': -1.9692576229235055, 'norm_pos': [0.31150648355537147, 0.13389542340134575], 'topic': 'pupil.1', 'id': 1, 'method': '3d c++'}"
1582184724.4578922,"{'circle_3d': {'center': [-7.570942209048114, 11.456965637721648, 79.9939632493948], 'normal': [-0.18361913043689396, 0.8670706520018645, -0.46311175689531], 'radius': 2.153523892664357}, 'confidence': 0.29707740441731284, 'timestamp': 41056.67069, 'diameter_3d': 4.307047785328714, 'ellipse': {'center': [101.32557652874839, 208.66823036868504], 'axes': [10.721525973822267, 33.44951503011053], 'angle': -76.9011498832276}, 'location': [101.32557652874839, 208.66823036868504], 'diameter': 33.44951503011053, 'sphere': {'center': [-5.367512643805387, 1.052117813699275, 85.55130433213851], 'radius': 12.0}, 'projected_sphere': {'center': [121.10102744618021, 127.62481705668748], 'axes': [173.9307204742421, 173.9307204742421], 'angle': 90.0}, 'model_confidence': 0.670970417444472, 'model_id': 1, 'model_birth_timestamp': 40910.15789, 'theta': 2.6200881744104447, 'phi': -1.9482730909319228, 'norm_pos': [0.3166424266523387, 0.13054904013047897], 'topic': 'pupil.1', 'id': 1, 'method': '3d c++'}"
1582184724.46291,"{'circle_3d': {'center': [-7.530314167791438, 11.451344100027573, 79.96754375224415], 'normal': [-0.18023346033217091, 0.8666021905273581, -0.46531338165786335], 'radius': 2.1496115753881972}, 'confidence': 0.32415533170737165, 'timestamp': 41056.67909, 'diameter_3d': 4.2992231507763945, 'ellipse': {'center': [101.62090022730966, 208.65347200045304], 'axes': [10.795219153981026, 33.39990214907401], 'angle': -77.09683364380709}, 'location': [101.62090022730966, 208.65347200045304], 'diameter': 33.39990214907401, 'sphere': {'center': [-5.367512643805387, 1.052117813699275, 85.55130433213851], 'radius': 12.0}, 'projected_sphere': {'center': [121.10102744618021, 127.62481705668748], 'axes': [173.9307204742421, 173.9307204742421], 'angle': 90.0}, 'model_confidence': 0.670970417444472, 'model_id': 1, 'model_birth_timestamp': 40910.15789, 'theta': 2.6191486064902834, 'phi': -1.940339581268763, 'norm_pos': [0.3175653132103427, 0.13061053333144568], 'topic': 'pupil.1', 'id': 1, 'method': '3d c++'}"
1582184724.471779,"{'circle_3d': {'center': [-7.533799592844443, 11.455646055879374, 79.97691638649066], 'normal': [-0.1805239124199213, 0.8669606868483415, -0.46453232880398804], 'radius': 2.1364668397527504}, 'confidence': 0.2855362055326688, 'timestamp': 41056.68749, 'diameter_3d': 4.272933679505501, 'ellipse': {'center': [101.60062209940673, 208.6783235728592], 'axes': [10.69818165548748, 33.19165605208578], 'angle': -77.08682325266774}, 'location': [101.60062209940673, 208.6783235728592], 'diameter': 33.19165605208578, 'sphere': {'center': [-5.367512643805387, 1.052117813699275, 85.55130433213851], 'radius': 12.0}, 'projected_sphere': {'center': [121.10102744618021, 127.62481705668748], 'axes': [173.9307204742421, 173.9307204742421], 'angle': 90.0}, 'model_confidence': 0.670970417444472, 'model_id': 1, 'model_birth_timestamp': 40910.15789, 'theta': 2.6198674853139843, 'phi': -1.9414490890039415, 'norm_pos': [0.317501944060646, 0.13050698511308667], 'topic': 'pupil.1', 'id': 1, 'method': '3d c++'}"
1582184724.481396,"{'circle_3d': {'center': [-7.476871143606157, 11.459964986573215, 79.96316296443689], 'normal': [-0.1757798749833975, 0.867320597739495, -0.4656784473084687], 'radius': 2.1521679817245256}, 'confidence': 0.2966738475283831, 'timestamp': 41056.69589, 'diameter_3d': 4.304335963449051, 'ellipse': {'center': [102.03143254328158, 208.72458003614003], 'axes': [10.831840737524159, 33.441732086580295], 'angle': -77.38328138590681}, 'location': [102.03143254328158, 208.72458003614003], 'diameter': 33.441732086580295, 'sphere': {'center': [-5.367512643805387, 1.052117813699275, 85.55130433213851], 'radius': 12.0}, 'projected_sphere': {'center': [121.10102744618021, 127.62481705668748], 'axes': [173.9307204742421, 173.9307204742421], 'angle': 90.0}, 'model_confidence': 0.670970417444472, 'model_id': 1, 'model_birth_timestamp': 40910.15789, 'theta': 2.62059010617323, 'phi': -1.9317311511639428, 'norm_pos': [0.3188482266977549, 0.13031424984941653], 'topic': 'pupil.1', 'id': 1, 'method': '3d c++'}"
1582184724.486992,"{'circle_3d': {'center': [-7.505676007364444, 11.217418293241138, 79.54339924039814], 'normal': [-0.17818028029658806, 0.8471083732951551, -0.5006587576450306], 'radius': 2.182684722435424}, 'confidence': 0.20766753343393143, 'timestamp': 41056.70429, 'diameter_3d': 4.365369444870848, 'ellipse': {'center': [101.50574651897605, 207.28527956572316], 'axes': [12.384043029492224, 34.09431589659355], 'angle': -76.8068305925195}, 'location': [101.50574651897605, 207.28527956572316], 'diameter': 34.09431589659355, 'sphere': {'center': [-5.367512643805387, 1.052117813699275, 85.55130433213851], 'radius': 12.0}, 'projected_sphere': {'center': [121.10102744618021, 127.62481705668748], 'axes': [173.9307204742421, 173.9307204742421], 'angle': 90.0}, 'model_confidence': 0.670970417444472, 'model_id': 1, 'model_birth_timestamp': 40910.15789, 'theta': 2.5813164690667687, 'phi': -1.9127101757206952, 'norm_pos': [0.31720545787180016, 0.13631133514282012], 'topic': 'pupil.1', 'id': 1, 'method': '3d c++'}"
1582184724.499007,"{'circle_3d': {'center': [-7.502899247239226, 11.23979040828057, 79.58042071583074], 'normal': [-0.17794888361948652, 0.8489727162151077, -0.49757363469231436], 'radius': 2.1262304854091996}, 'confidence': 0.2937642459302898, 'timestamp': 41056.71269, 'diameter_3d': 4.252460970818399, 'ellipse': {'center': [101.55374998176693, 207.42764316239777], 'axes': [11.94212094175426, 33.19662692266723], 'angle': -76.86112167051466}, 'location': [101.55374998176693, 207.42764316239777], 'diameter': 33.19662692266723, 'sphere': {'center': [-5.367512643805387, 1.052117813699275, 85.55130433213851], 'radius': 12.0}, 'projected_sphere': {'center': [121.10102744618021, 127.62481705668748], 'axes': [173.9307204742421, 173.9307204742421], 'angle': 90.0}, 'model_confidence': 0.670970417444472, 'model_id': 1, 'model_birth_timestamp': 40910.15789, 'theta': 2.584834568670213, 'phi': -1.9142551316132934, 'norm_pos': [0.31735546869302167, 0.13571815349000926], 'topic': 'pupil.1', 'id': 1, 'method': '3d c++'}"
1582184724.503662,"{'circle_3d': {'center': [-7.642320451529531, 11.304002302845529, 79.74405766447235], 'normal': [-0.1895673173103453, 0.8543237074288544, -0.4839372223055136], 'radius': 2.114243628639929}, 'confidence': 0.3797408205725873, 'timestamp': 41056.72109, 'diameter_3d': 4.228487257279858, 'ellipse': {'center': [100.58992187321245, 207.75424825328838], 'axes': [11.317929704295047, 32.94121716405361], 'angle': -76.26084280285497}, 'location': [100.58992187321245, 207.75424825328838], 'diameter': 32.94121716405361, 'sphere': {'center': [-5.367512643805387, 1.052117813699275, 85.55130433213851], 'radius': 12.0}, 'projected_sphere': {'center': [121.10102744618021, 127.62481705668748], 'axes': [173.9307204742421, 173.9307204742421], 'angle': 90.0}, 'model_confidence': 0.670970417444472, 'model_id': 1, 'model_birth_timestamp': 40910.15789, 'theta': 2.5950445614365982, 'phi': -1.9441434330829896, 'norm_pos': [0.3143435058537889, 0.13435729894463178], 'topic': 'pupil.1', 'id': 1, 'method': '3d c++'}"
1582184724.5119228,"{'circle_3d': {'center': [-7.573038326181743, 11.300972030909492, 79.71207118910075], 'normal': [-0.18379380686469637, 0.8540711847675181, -0.4866027619198134], 'radius': 2.111517210572453}, 'confidence': 0.4336665895133991, 'timestamp': 41056.72949, 'diameter_3d': 4.223034421144906, 'ellipse': {'center': [101.10432154173036, 207.76509125290104], 'axes': [11.418988127499851, 32.91221037313505], 'angle': -76.60972463004732}, 'location': [101.10432154173036, 207.76509125290104], 'diameter': 32.91221037313505, 'sphere': {'center': [-5.367512643805387, 1.052117813699275, 85.55130433213851], 'radius': 12.0}, 'projected_sphere': {'center': [121.10102744618021, 127.62481705668748], 'axes': [173.9307204742421, 173.9307204742421], 'angle': 90.0}, 'model_confidence': 0.670970417444472, 'model_id': 1, 'model_birth_timestamp': 40910.15789, 'theta': 2.594558893042625, 'phi': -1.9319391092666722, 'norm_pos': [0.3159510048179074, 0.13431211977957902], 'topic': 'pupil.1', 'id': 1, 'method': '3d c++'}"
1582184724.5225978,"{'circle_3d': {'center': [-7.577479511710472, 11.3031155125855, 79.71751545867119], 'normal': [-0.184163905658757, 0.8542498082405185, -0.48614907278894387], 'radius': 2.105362426106313}, 'confidence': 0.42148130531996886, 'timestamp': 41056.73789, 'diameter_3d': 4.210724852212626, 'ellipse': {'center': [101.07376659945865, 207.77671936166894], 'axes': [11.367303051734005, 32.81397008610104], 'angle': -76.59084419703802}, 'location': [101.07376659945865, 207.77671936166894], 'diameter': 32.81397008610104, 'sphere': {'center': [-5.367512643805387, 1.052117813699275, 85.55130433213851], 'radius': 12.0}, 'projected_sphere': {'center': [121.10102744618021, 127.62481705668748], 'axes': [173.9307204742421, 173.9307204742421], 'angle': 90.0}, 'model_confidence': 0.670970417444472, 'model_id': 1, 'model_birth_timestamp': 40910.15789, 'theta': 2.59490239348286, 'phi': -1.9329134689024654, 'norm_pos': [0.3158555206233083, 0.13426366932637945], 'topic': 'pupil.1', 'id': 1, 'method': '3d c++'}"
1582184724.531714,"{'circle_3d': {'center': [-7.635268416420862, 11.305269307769738, 79.74353641361681], 'normal': [-0.1889796477179562, 0.8544292911725382, -0.4839806598768086], 'radius': 2.1069953398367627}, 'confidence': 0.39463752053273093, 'timestamp': 41056.74629, 'diameter_3d': 4.213990679673525, 'ellipse': {'center': [100.64421909306591, 207.76554715485548], 'axes': [11.281995899092703, 32.82847271756524], 'angle': -76.29917917598952}, 'location': [100.64421909306591, 207.76554715485548], 'diameter': 32.82847271756524, 'sphere': {'center': [-5.367512643805387, 1.052117813699275, 85.55130433213851], 'radius': 12.0}, 'projected_sphere': {'center': [121.10102744618021, 127.62481705668748], 'axes': [173.9307204742421, 173.9307204742421], 'angle': 90.0}, 'model_confidence': 0.670970417444472, 'model_id': 1, 'model_birth_timestamp': 40910.15789, 'theta': 2.595247742099356, 'phi': -1.9430597834514292, 'norm_pos': [0.314513184665831, 0.13431022018810213], 'topic': 'pupil.1', 'id': 1, 'method': '3d c++'}"
1582184724.539317,"{'circle_3d': {'center': [-7.630774178263883, 11.307433396570946, 79.74560458771924], 'normal': [-0.18860512787154138, 0.8546096319059726, -0.4838083120349394], 'radius': 2.114502157116745}, 'confidence': 0.4204004647967446, 'timestamp': 41056.75469, 'diameter_3d': 4.22900431423349, 'ellipse': {'center': [100.6806752895761, 207.77920068641708], 'axes': [11.316317550397851, 32.94466897332881], 'angle': -76.32608984948943}, 'location': [100.6806752895761, 207.77920068641708], 'diameter': 32.94466897332881, 'sphere': {'center': [-5.367512643805387, 1.052117813699275, 85.55130433213851], 'radius': 12.0}, 'projected_sphere': {'center': [121.10102744618021, 127.62481705668748], 'axes': [173.9307204742421, 173.9307204742421], 'angle': 90.0}, 'model_confidence': 0.670970417444472, 'model_id': 1, 'model_birth_timestamp': 40910.15789, 'theta': 2.5955949388915127, 'phi': -1.9425086637377915, 'norm_pos': [0.3146271102799253, 0.13425333047326216], 'topic': 'pupil.1', 'id': 1, 'method': '3d c++'}"
1582184724.548617,"{'circle_3d': {'center': [-7.631075787696302, 11.309607758990293, 79.74956477267254], 'normal': [-0.18863026199090954, 0.8547908287742513, -0.48347829662216424], 'radius': 2.107703155824584}, 'confidence': 0.38102961308155786, 'timestamp': 41056.76309, 'diameter_3d': 4.215406311649168, 'ellipse': {'center': [100.68119082782921, 207.7927172118716], 'axes': [11.26705085909353, 32.83705550836286], 'angle': -76.32853660499273}, 'location': [100.68119082782921, 207.7927172118716], 'diameter': 32.83705550836286, 'sphere': {'center': [-5.367512643805387, 1.052117813699275, 85.55130433213851], 'radius': 12.0}, 'projected_sphere': {'center': [121.10102744618021, 127.62481705668748], 'axes': [173.9307204742421, 173.9307204742421], 'angle': 90.0}, 'model_confidence': 0.670970417444472, 'model_id': 1, 'model_birth_timestamp': 40910.15789, 'theta': 2.5959439838596294, 'phi': -1.9427847533746063, 'norm_pos': [0.3146287213369663, 0.13419701161720166], 'topic': 'pupil.1', 'id': 1, 'method': '3d c++'}"
1582184724.554943,"{'circle_3d': {'center': [-7.631367648497011, 11.311792374913747, 79.75354283172291], 'normal': [-0.18865458372430194, 0.8549728801012058, -0.4831467917013002], 'radius': 2.1141390950901853}, 'confidence': 0.40709620561632953, 'timestamp': 41056.77149, 'diameter_3d': 4.2282781901803705, 'ellipse': {'center': [100.6818925898396, 207.80463196429048], 'axes': [11.288558163858196, 32.93574089342222], 'angle': -76.33104275679888}, 'location': [100.6818925898396, 207.80463196429048], 'diameter': 32.93574089342222, 'sphere': {'center': [-5.367512643805387, 1.052117813699275, 85.55130433213851], 'radius': 12.0}, 'projected_sphere': {'center': [121.10102744618021, 127.62481705668748], 'axes': [173.9307204742421, 173.9307204742421], 'angle': 90.0}, 'model_confidence': 0.670970417444472, 'model_id': 1, 'model_birth_timestamp': 40910.15789, 'theta': 2.5962948770037078, 'phi': -1.9430607461296547, 'norm_pos': [0.31463091434324875, 0.13414736681545636], 'topic': 'pupil.1', 'id': 1, 'method': '3d c++'}"
1582184724.563093,"{'circle_3d': {'center': [-7.631649742541388, 11.313987224113852, 79.75753876890377], 'normal': [-0.18867809156133347, 0.8551557842012151, -0.4828137969362288], 'radius': 2.1223992649410683}, 'confidence': 0.3785643191115664, 'timestamp': 41056.77989, 'diameter_3d': 4.244798529882137, 'ellipse': {'center': [100.68269628816303, 207.81637527552704], 'axes': [11.319673199599151, 33.06284310024204], 'angle': -76.33361637186198}, 'location': [100.68269628816303, 207.81637527552704], 'diameter': 33.06284310024204, 'sphere': {'center': [-5.367512643805387, 1.052117813699275, 85.55130433213851], 'radius': 12.0}, 'projected_sphere': {'center': [121.10102744618021, 127.62481705668748], 'axes': [173.9307204742421, 173.9307204742421], 'angle': 90.0}, 'model_confidence': 0.670970417444472, 'model_id': 1, 'model_birth_timestamp': 40910.15789, 'theta': 2.5966476183237455, 'phi': -1.9433366420029354, 'norm_pos': [0.31463342590050947, 0.13409843635197072], 'topic': 'pupil.1', 'id': 1, 'method': '3d c++'}"
1582184724.5718899,"{'circle_3d': {'center': [-7.491633312727923, 11.253511983808771, 79.59986178684649], 'normal': [-0.17701005574354467, 0.850116180842458, -0.4959535454410022], 'radius': 2.126978057324993}, 'confidence': 0.3073491919331423, 'timestamp': 41056.78829, 'diameter_3d': 4.253956114649986, 'ellipse': {'center': [101.65543190176194, 207.51360740265403], 'axes': [11.884443664382614, 33.20028380621126], 'angle': -76.94375887922132}, 'location': [101.65543190176194, 207.51360740265403], 'diameter': 33.20028380621126, 'sphere': {'center': [-5.367512643805387, 1.052117813699275, 85.55130433213851], 'radius': 12.0}, 'projected_sphere': {'center': [121.10102744618021, 127.62481705668748], 'axes': [173.9307204742421, 173.9307204742421], 'angle': 90.0}, 'model_confidence': 0.670970417444472, 'model_id': 1, 'model_birth_timestamp': 40910.15789, 'theta': 2.587002207819744, 'phi': -1.9136124409944502, 'norm_pos': [0.3176732246930061, 0.13535996915560822], 'topic': 'pupil.1', 'id': 1, 'method': '3d c++'}"
1582184724.5882812,"{'circle_3d': {'center': [-7.5020671339158564, 11.260159614714585, 79.61501258413006], 'normal': [-0.17787954084253912, 0.8506701500846092, -0.49469097900070486], 'radius': 2.1219875503460774}, 'confidence': 0.40220093873879936, 'timestamp': 41056.79669, 'diameter_3d': 4.243975100692155, 'ellipse': {'center': [101.58524697235987, 207.54985127891277], 'axes': [11.805076804177535, 33.116014624077195], 'angle': -76.90166848979862}, 'location': [101.58524697235987, 207.54985127891277], 'diameter': 33.116014624077195, 'sphere': {'center': [-5.367512643805387, 1.052117813699275, 85.55130433213851], 'radius': 12.0}, 'projected_sphere': {'center': [121.10102744618021, 127.62481705668748], 'axes': [173.9307204742421, 173.9307204742421], 'angle': 90.0}, 'model_confidence': 0.670970417444472, 'model_id': 1, 'model_birth_timestamp': 40910.15789, 'theta': 2.588055085949432, 'phi': -1.9159774644766956, 'norm_pos': [0.31745389678862457, 0.13520895300453017], 'topic': 'pupil.1', 'id': 1, 'method': '3d c++'}"
1582184724.589213,"{'circle_3d': {'center': [-7.500578525389636, 11.261590152431836, 79.61693793719154], 'normal': [-0.1777554901320207, 0.8507893615610466, -0.494530532912248], 'radius': 2.1222454293725654}, 'confidence': 0.38878910646869075, 'timestamp': 41056.80509, 'diameter_3d': 4.244490858745131, 'ellipse': {'center': [101.59821422009561, 207.55889269079927], 'axes': [11.800472068686153, 33.119251016217575], 'angle': -76.9118971099995}, 'location': [101.59821422009561, 207.55889269079927], 'diameter': 33.119251016217575, 'sphere': {'center': [-5.367512643805387, 1.052117813699275, 85.55130433213851], 'radius': 12.0}, 'projected_sphere': {'center': [121.10102744618021, 127.62481705668748], 'axes': [173.9307204742421, 173.9307204742421], 'angle': 90.0}, 'model_confidence': 0.670970417444472, 'model_id': 1, 'model_birth_timestamp': 40910.15789, 'theta': 2.5882818947749078, 'phi': -1.9158586386373417, 'norm_pos': [0.31749441943779877, 0.13517128045500304], 'topic': 'pupil.1', 'id': 1, 'method': '3d c++'}"
1582184724.5953212,"{'circle_3d': {'center': [-7.49907425359845, 11.263027822864196, 79.61887128250432], 'normal': [-0.17763013414942186, 0.8509091674304099, -0.4943694208028498], 'radius': 2.1119060450128235}, 'confidence': 0.37726256953206305, 'timestamp': 41056.81349, 'diameter_3d': 4.223812090025647, 'ellipse': {'center': [101.61123524296923, 207.5693592232443], 'axes': [11.736885930190496, 32.9570210929258], 'angle': -76.92222560407696}, 'location': [101.61123524296923, 207.5693592232443], 'diameter': 32.9570210929258, 'sphere': {'center': [-5.367512643805387, 1.052117813699275, 85.55130433213851], 'radius': 12.0}, 'projected_sphere': {'center': [121.10102744618021, 127.62481705668748], 'axes': [173.9307204742421, 173.9307204742421], 'angle': 90.0}, 'model_confidence': 0.670970417444472, 'model_id': 1, 'model_birth_timestamp': 40910.15789, 'theta': 2.588509918417065, 'phi': -1.915737815838383, 'norm_pos': [0.3175351101342788, 0.13512766990314873], 'topic': 'pupil.1', 'id': 1, 'method': '3d c++'}"
1582184724.603574,"{'circle_3d': {'center': [-7.497554332781437, 11.264472617452029, 79.62081263536562], 'normal': [-0.17750347408133746, 0.8510295669793959, -0.49420764139774076], 'radius': 2.1150297427822333}, 'confidence': 0.4171118432860622, 'timestamp': 41056.82189, 'diameter_3d': 4.230059485564467, 'ellipse': {'center': [101.62447623585494, 207.5781212372666], 'axes': [11.74819846028328, 33.0049995826497], 'angle': -76.9326360239223}, 'location': [101.62447623585494, 207.5781212372666], 'diameter': 33.0049995826497, 'sphere': {'center': [-5.367512643805387, 1.052117813699275, 85.55130433213851], 'radius': 12.0}, 'projected_sphere': {'center': [121.10102744618021, 127.62481705668748], 'axes': [173.9307204742421, 173.9307204742421], 'angle': 90.0}, 'model_confidence': 0.670970417444472, 'model_id': 1, 'model_birth_timestamp': 40910.15789, 'theta': 2.588739156875903, 'phi': -1.9156149960798192, 'norm_pos': [0.3175764882370467, 0.1350911615113891], 'topic': 'pupil.1', 'id': 1, 'method': '3d c++'}"
1582184724.619009,"{'circle_3d': {'center': [-7.530425104185992, 11.202424294896147, 79.52692983958718], 'normal': [-0.1802427050317171, 0.8458588734330726, -0.5020312077126109], 'radius': 2.15499215688598}, 'confidence': 0.2626857827061657, 'timestamp': 41056.83029, 'diameter_3d': 4.30998431377196, 'ellipse': {'center': [101.30099952906511, 207.18979769353572], 'axes': [12.277289131417852, 33.66832255684997], 'angle': -76.65177028267046}, 'location': [101.30099952906511, 207.18979769353572], 'diameter': 33.66832255684997, 'sphere': {'center': [-5.367512643805387, 1.052117813699275, 85.55130433213851], 'radius': 12.0}, 'projected_sphere': {'center': [121.10102744618021, 127.62481705668748], 'axes': [173.9307204742421, 173.9307204742421], 'angle': 90.0}, 'model_confidence': 0.670970417444472, 'model_id': 1, 'model_birth_timestamp': 40910.15789, 'theta': 2.5789696101514217, 'phi': -1.9154901793616508, 'norm_pos': [0.31656562352832845, 0.13670917627693446], 'topic': 'pupil.1', 'id': 1, 'method': '3d c++'}"
1582184724.624518,"{'circle_3d': {'center': [-7.466214066305755, 11.208359114775376, 79.51423426682446], 'normal': [-0.1748917852083639, 0.8463534417563416, -0.5030891721095044], 'radius': 2.1403678336211396}, 'confidence': 0.27744990631769023, 'timestamp': 41056.83869, 'diameter_3d': 4.280735667242279, 'ellipse': {'center': [101.79137025613653, 207.25139162739217], 'axes': [12.247427350597725, 33.44535866635415], 'angle': -76.99554056981395}, 'location': [101.79137025613653, 207.25139162739217], 'diameter': 33.44535866635415, 'sphere': {'center': [-5.367512643805387, 1.052117813699275, 85.55130433213851], 'radius': 12.0}, 'projected_sphere': {'center': [121.10102744618021, 127.62481705668748], 'axes': [173.9307204742421, 173.9307204742421], 'angle': 90.0}, 'model_confidence': 0.670970417444472, 'model_id': 1, 'model_birth_timestamp': 40910.15789, 'theta': 2.5798974808771997, 'phi': -1.9053633656838773, 'norm_pos': [0.31809803205042664, 0.13645253488586595], 'topic': 'pupil.1', 'id': 1, 'method': '3d c++'}"
1582184724.631569,"{'circle_3d': {'center': [-7.469300833346989, 11.209005796457774, 79.51639646937876], 'normal': [-0.17514901579513348, 0.8464073318965414, -0.5029089885633126], 'radius': 2.145856821222066}, 'confidence': 0.36903640825522493, 'timestamp': 41056.84709, 'diameter_3d': 4.291713642444132, 'ellipse': {'center': [101.76895041597365, 207.25339469577347], 'axes': [12.27112492063429, 33.530252717832305], 'angle': -76.98064156476381}, 'location': [101.76895041597365, 207.25339469577347], 'diameter': 33.530252717832305, 'sphere': {'center': [-5.367512643805387, 1.052117813699275, 85.55130433213851], 'radius': 12.0}, 'projected_sphere': {'center': [121.10102744618021, 127.62481705668748], 'axes': [173.9307204742421, 173.9307204742421], 'angle': 90.0}, 'model_confidence': 0.670970417444472, 'model_id': 1, 'model_birth_timestamp': 40910.15789, 'theta': 2.5799986680338263, 'phi': -1.905930713094358, 'norm_pos': [0.3180279700499177, 0.13644418876761055], 'topic': 'pupil.1', 'id': 1, 'method': '3d c++'}"
1582184724.6416059,"{'circle_3d': {'center': [-7.314719274440584, 11.273041134093585, 79.57291719042294], 'normal': [-0.16226721921959975, 0.8517436100328591, -0.4981989284762977], 'radius': 2.1212338719658956}, 'confidence': 0.3476631789947245, 'timestamp': 41056.85549, 'diameter_3d': 4.242467743931791, 'ellipse': {'center': [103.0118367464672, 207.69486970453505], 'axes': [11.971848531531133, 33.12260884790577], 'angle': -77.89542527402199}, 'location': [103.0118367464672, 207.69486970453505], 'diameter': 33.12260884790577, 'sphere': {'center': [-5.367512643805387, 1.052117813699275, 85.55130433213851], 'radius': 12.0}, 'projected_sphere': {'center': [121.10102744618021, 127.62481705668748], 'axes': [173.9307204742421, 173.9307204742421], 'angle': 90.0}, 'model_confidence': 0.670970417444472, 'model_id': 1, 'model_birth_timestamp': 40910.15789, 'theta': 2.590100435856, 'phi': -1.8856681687416346, 'norm_pos': [0.32191198983270997, 0.13460470956443726], 'topic': 'pupil.1', 'id': 1, 'method': '3d c++'}"
1582184724.6477618,"{'circle_3d': {'center': [-7.383061764176677, 11.26930629478824, 79.58920560054462], 'normal': [-0.16796242669760747, 0.8514323734240803, -0.49684156096615806], 'radius': 2.114975042905165}, 'confidence': 0.268531173286023, 'timestamp': 41056.86389, 'diameter_3d': 4.22995008581033, 'ellipse': {'center': [102.49189166790765, 207.649315220035], 'axes': [11.871200798136956, 33.01776325682095], 'angle': -77.53376932893038}, 'location': [102.49189166790765, 207.649315220035], 'diameter': 33.01776325682095, 'sphere': {'center': [-5.367512643805387, 1.052117813699275, 85.55130433213851], 'radius': 12.0}, 'projected_sphere': {'center': [121.10102744618021, 127.62481705668748], 'axes': [173.9307204742421, 173.9307204742421], 'angle': 90.0}, 'model_confidence': 0.670970417444472, 'model_id': 1, 'model_birth_timestamp': 40910.15789, 'theta': 2.5895067126378573, 'phi': -1.8967951365440026, 'norm_pos': [0.3202871614622114, 0.13479451991652092], 'topic': 'pupil.1', 'id': 1, 'method': '3d c++'}"
1582184724.655884,"{'circle_3d': {'center': [-7.315254248962448, 11.270783399992371, 79.56923309593199], 'normal': [-0.16231180042975507, 0.8515554655244245, -0.49850593635054347], 'radius': 2.100064065745037}, 'confidence': 0.3645983120496581, 'timestamp': 41056.87229, 'diameter_3d': 4.200128131490074, 'ellipse': {'center': [103.00496684436729, 207.68401743457545], 'axes': [11.864114775247568, 32.79338198811487], 'angle': -77.88883588272506}, 'location': [103.00496684436729, 207.68401743457545], 'diameter': 32.79338198811487, 'sphere': {'center': [-5.367512643805387, 1.052117813699275, 85.55130433213851], 'radius': 12.0}, 'projected_sphere': {'center': [121.10102744618021, 127.62481705668748], 'axes': [173.9307204742421, 173.9307204742421], 'angle': 90.0}, 'model_confidence': 0.670970417444472, 'model_id': 1, 'model_birth_timestamp': 40910.15789, 'theta': 2.589741457949909, 'phi': -1.8855676674473794, 'norm_pos': [0.32189052138864777, 0.13464992735593562], 'topic': 'pupil.1', 'id': 1, 'method': '3d c++'}"
1582184724.666431,"{'circle_3d': {'center': [-7.375950367560932, 11.272267584480513, 79.59188182885887], 'normal': [-0.16736981031296216, 0.8516791475651034, -0.49661854193997024], 'radius': 2.1242712466957294}, 'confidence': 0.360979208834368, 'timestamp': 41056.88069, 'diameter_3d': 4.248542493391459, 'ellipse': {'center': [102.54914862233676, 207.66827319680806], 'axes': [11.915911137453094, 33.161892319655514], 'angle': -77.57577429969882}, 'location': [102.54914862233676, 207.66827319680806], 'diameter': 33.161892319655514, 'sphere': {'center': [-5.367512643805387, 1.052117813699275, 85.55130433213851], 'radius': 12.0}, 'projected_sphere': {'center': [121.10102744618021, 127.62481705668748], 'axes': [173.9307204742421, 173.9307204742421], 'angle': 90.0}, 'model_confidence': 0.670970417444472, 'model_id': 1, 'model_birth_timestamp': 40910.15789, 'theta': 2.5899774185057005, 'phi': -1.895860171457538, 'norm_pos': [0.32046608944480237, 0.13471552834663314], 'topic': 'pupil.1', 'id': 1, 'method': '3d c++'}"
1582184724.670733,"{'circle_3d': {'center': [-7.308125006582333, 11.27375883937881, 79.57200015860943], 'normal': [-0.1617176968980788, 0.8518034188066278, -0.4982753477940905], 'radius': 2.1054386762310773}, 'confidence': 0.33677681519732366, 'timestamp': 41056.88909, 'diameter_3d': 4.2108773524621546, 'ellipse': {'center': [103.06239994293168, 207.70350840026973], 'axes': [11.88675278172492, 32.87624836682314], 'angle': -77.93098794453014}, 'location': [103.06239994293168, 207.70350840026973], 'diameter': 32.87624836682314, 'sphere': {'center': [-5.367512643805387, 1.052117813699275, 85.55130433213851], 'radius': 12.0}, 'projected_sphere': {'center': [121.10102744618021, 127.62481705668748], 'axes': [173.9307204742421, 173.9307204742421], 'angle': 90.0}, 'model_confidence': 0.670970417444472, 'model_id': 1, 'model_birth_timestamp': 40910.15789, 'theta': 2.5902145943052317, 'phi': -1.8846255795568208, 'norm_pos': [0.3220699998216615, 0.13456871499887613], 'topic': 'pupil.1', 'id': 1, 'method': '3d c++'}"
1582184724.680653,"{'circle_3d': {'center': [-7.309077847486689, 11.27525715576687, 79.5748717379797], 'normal': [-0.16179710030677513, 0.8519282785056327, -0.49803604951323394], 'radius': 2.0924635490832726}, 'confidence': 0.3795952811778618, 'timestamp': 41056.89749, 'diameter_3d': 4.184927098166545, 'ellipse': {'center': [103.0569570443557, 207.7137994471365], 'axes': [11.803965527475786, 32.672357643317135], 'angle': -77.92856614223298}, 'location': [103.0569570443557, 207.7137994471365], 'diameter': 32.672357643317135, 'sphere': {'center': [-5.367512643805387, 1.052117813699275, 85.55130433213851], 'radius': 12.0}, 'projected_sphere': {'center': [121.10102744618021, 127.62481705668748], 'axes': [173.9307204742421, 173.9307204742421], 'angle': 90.0}, 'model_confidence': 0.670970417444472, 'model_id': 1, 'model_birth_timestamp': 40910.15789, 'theta': 2.59045298534871, 'phi': -1.884910874943636, 'norm_pos': [0.32205299076361155, 0.13452583563693132], 'topic': 'pupil.1', 'id': 1, 'method': '3d c++'}"
1582184724.687294,"{'circle_3d': {'center': [-7.364713466736196, 11.276762524672552, 79.59581699630691], 'normal': [-0.16643340191090078, 0.8520537259144398, -0.4962906113193006], 'radius': 2.111477489561444}, 'confidence': 0.2959736255478848, 'timestamp': 41056.90589, 'diameter_3d': 4.222954979122888, 'ellipse': {'center': [102.63925419933153, 207.70071467453263], 'axes': [11.833211656990922, 32.96049414523691], 'angle': -77.64183832429225}, 'location': [102.63925419933153, 207.70071467453263], 'diameter': 32.96049414523691, 'sphere': {'center': [-5.367512643805387, 1.052117813699275, 85.55130433213851], 'radius': 12.0}, 'projected_sphere': {'center': [121.10102744618021, 127.62481705668748], 'axes': [173.9307204742421, 173.9307204742421], 'angle': 90.0}, 'model_confidence': 0.670970417444472, 'model_id': 1, 'model_birth_timestamp': 40910.15789, 'theta': 2.590692591635721, 'phi': -1.8943650299123604, 'norm_pos': [0.32074766937291105, 0.1345803555227807], 'topic': 'pupil.1', 'id': 1, 'method': '3d c++'}"
1582184724.699156,"{'circle_3d': {'center': [-7.4492285722690355, 11.214974783905031, 79.51948893407459], 'normal': [-0.17347632737197066, 0.8469047475171462, -0.5026512831719938], 'radius': 2.142436011414862}, 'confidence': 0.27725477858929815, 'timestamp': 41056.91429, 'diameter_3d': 4.284872022829724, 'ellipse': {'center': [101.92736520213452, 207.29703302976168], 'axes': [12.244848868336195, 33.475576158848575], 'angle': -77.09547575648948}, 'location': [101.92736520213452, 207.29703302976168], 'diameter': 33.475576158848575, 'sphere': {'center': [-5.367512643805387, 1.052117813699275, 85.55130433213851], 'radius': 12.0}, 'projected_sphere': {'center': [121.10102744618021, 127.62481705668748], 'axes': [173.9307204742421, 173.9307204742421], 'angle': 90.0}, 'model_confidence': 0.670970417444472, 'model_id': 1, 'model_birth_timestamp': 40910.15789, 'theta': 2.5809334131664716, 'phi': -1.9031194501812743, 'norm_pos': [0.3185230162566704, 0.13626236237599298], 'topic': 'pupil.1', 'id': 1, 'method': '3d c++'}"
1582184724.707315,"{'circle_3d': {'center': [-7.4393870095957455, 11.220954572848267, 79.52618229369307], 'normal': [-0.17265619714919656, 0.8474030632624161, -0.5020935032037872], 'radius': 2.142769469444937}, 'confidence': 0.3961619097282956, 'timestamp': 41056.92269, 'diameter_3d': 4.285538938889874, 'ellipse': {'center': [102.00877288362915, 207.33642927449992], 'axes': [12.226282171421868, 33.47803243561266], 'angle': -77.15713084252913}, 'location': [102.00877288362915, 207.33642927449992], 'diameter': 33.47803243561266, 'sphere': {'center': [-5.367512643805387, 1.052117813699275, 85.55130433213851], 'radius': 12.0}, 'projected_sphere': {'center': [121.10102744618021, 127.62481705668748], 'axes': [173.9307204742421, 173.9307204742421], 'angle': 90.0}, 'model_confidence': 0.670970417444472, 'model_id': 1, 'model_birth_timestamp': 40910.15789, 'theta': 2.581871247294061, 'phi': -1.9020020411741427, 'norm_pos': [0.31877741526134107, 0.13609821135625033], 'topic': 'pupil.1', 'id': 1, 'method': '3d c++'}"
1582184724.7152388,"{'circle_3d': {'center': [-7.437255358957262, 11.221662905227099, 79.52664519452267], 'normal': [-0.17247855959598957, 0.8474620909606521, -0.5020549281346536], 'radius': 2.1443090438022288}, 'confidence': 0.4486705335544921, 'timestamp': 41056.93109, 'diameter_3d': 4.2886180876044575, 'ellipse': {'center': [102.0257042127937, 207.34124332774078], 'axes': [12.233918533848243, 33.501915952534524], 'angle': -77.16945139856978}, 'location': [102.0257042127937, 207.34124332774078], 'diameter': 33.501915952534524, 'sphere': {'center': [-5.367512643805387, 1.052117813699275, 85.55130433213851], 'radius': 12.0}, 'projected_sphere': {'center': [121.10102744618021, 127.62481705668748], 'axes': [173.9307204742421, 173.9307204742421], 'angle': 90.0}, 'model_confidence': 0.670970417444472, 'model_id': 1, 'model_birth_timestamp': 40910.15789, 'theta': 2.581982430872162, 'phi': -1.901709232627272, 'norm_pos': [0.3188303256649803, 0.13607815280108004], 'topic': 'pupil.1', 'id': 1, 'method': '3d c++'}"
1582184724.72468,"{'circle_3d': {'center': [-7.435106374363013, 11.222374804673535, 79.52710904123882], 'normal': [-0.17229947754646874, 0.8475214159145213, -0.5020162742416413], 'radius': 2.1278811018868375}, 'confidence': 0.3989526333618867, 'timestamp': 41056.93949, 'diameter_3d': 4.255762203773675, 'ellipse': {'center': [102.04264597320832, 207.34849478017225], 'axes': [12.138942790098849, 33.24493067460965], 'angle': -77.1818819500785}, 'location': [102.04264597320832, 207.34849478017225], 'diameter': 33.24493067460965, 'sphere': {'center': [-5.367512643805387, 1.052117813699275, 85.55130433213851], 'radius': 12.0}, 'projected_sphere': {'center': [121.10102744618021, 127.62481705668748], 'axes': [173.9307204742421, 173.9307204742421], 'angle': 90.0}, 'model_confidence': 0.670970417444472, 'model_id': 1, 'model_birth_timestamp': 40910.15789, 'theta': 2.5820941942432825, 'phi': -1.9014137941981553, 'norm_pos': [0.31888326866627603, 0.13604793841594898], 'topic': 'pupil.1', 'id': 1, 'method': '3d c++'}"
1582184724.7331069,"{'circle_3d': {'center': [-7.432940064334713, 11.223090269202288, 79.52757385344637], 'normal': [-0.1721189517107771, 0.8475810379585841, -0.5019775398910119], 'radius': 2.1347504689599233}, 'confidence': 0.39767655810573477, 'timestamp': 41056.94789, 'diameter_3d': 4.2695009379198465, 'ellipse': {'center': [102.05988509168178, 207.35265005297248], 'axes': [12.177020012665697, 33.352128865520164], 'angle': -77.19439064913813}, 'location': [102.05988509168178, 207.35265005297248], 'diameter': 33.352128865520164, 'sphere': {'center': [-5.367512643805387, 1.052117813699275, 85.55130433213851], 'radius': 12.0}, 'projected_sphere': {'center': [121.10102744618021, 127.62481705668748], 'axes': [173.9307204742421, 173.9307204742421], 'angle': 90.0}, 'model_confidence': 0.670970417444472, 'model_id': 1, 'model_birth_timestamp': 40910.15789, 'theta': 2.582206537407521, 'phi': -1.9011157258865334, 'norm_pos': [0.31893714091150555, 0.1360306247792813], 'topic': 'pupil.1', 'id': 1, 'method': '3d c++'}"
1582184724.738795,"{'circle_3d': {'center': [-7.490884919068175, 11.223809296815666, 79.54897290568906], 'normal': [-0.17694768960523233, 0.847640956926366, -0.5001942855374549], 'radius': 2.1494608324932734}, 'confidence': 0.38232887208142147, 'timestamp': 41056.95629, 'diameter_3d': 4.298921664986547, 'ellipse': {'center': [101.62459285747312, 207.3335920692578], 'axes': [12.179426634597073, 33.57279189988968], 'angle': -76.89488204094576}, 'location': [101.62459285747312, 207.3335920692578], 'diameter': 33.57279189988968, 'sphere': {'center': [-5.367512643805387, 1.052117813699275, 85.55130433213851], 'radius': 12.0}, 'projected_sphere': {'center': [121.10102744618021, 127.62481705668748], 'axes': [173.9307204742421, 173.9307204742421], 'angle': 90.0}, 'model_confidence': 0.670970417444472, 'model_id': 1, 'model_birth_timestamp': 40910.15789, 'theta': 2.582319460364682, 'phi': -1.9108150276929219, 'norm_pos': [0.3175768526796035, 0.1361100330447591], 'topic': 'pupil.1', 'id': 1, 'method': '3d c++'}"
1582184724.7483132,"{'circle_3d': {'center': [-7.424365391805816, 11.224531885507314, 79.52707419670006], 'normal': [-0.17140439566670243, 0.84770117265067, -0.5020191779532049], 'radius': 2.1363429898677544}, 'confidence': 0.41060424148272745, 'timestamp': 41056.96469, 'diameter_3d': 4.272685979735509, 'ellipse': {'center': [102.12626128942617, 207.36418433947935], 'axes': [12.18929312956805, 33.3772746602739], 'angle': -77.24149220156822}, 'location': [102.12626128942617, 207.36418433947935], 'diameter': 33.3772746602739, 'sphere': {'center': [-5.367512643805387, 1.052117813699275, 85.55130433213851], 'radius': 12.0}, 'projected_sphere': {'center': [121.10102744618021, 127.62481705668748], 'axes': [173.9307204742421, 173.9307204742421], 'angle': 90.0}, 'model_confidence': 0.670970417444472, 'model_id': 1, 'model_birth_timestamp': 40910.15789, 'theta': 2.582432963114862, 'phi': -1.8998160740415422, 'norm_pos': [0.3191445665294568, 0.13598256525216934], 'topic': 'pupil.1', 'id': 1, 'method': '3d c++'}"
1582184724.75575,"{'circle_3d': {'center': [-7.453262397641178, 11.288393600846156, 79.64636521527673], 'normal': [-0.17381247948631595, 0.8530229822622402, -0.492078259738482], 'radius': 2.1039760187540355}, 'confidence': 0.44696852740468845, 'timestamp': 41056.97309, 'diameter_3d': 4.207952037508071, 'ellipse': {'center': [101.98707022361096, 207.73828188850274], 'axes': [11.611609148793953, 32.822140523583], 'angle': -77.20353117888857}, 'location': [101.98707022361096, 207.73828188850274], 'diameter': 32.822140523583, 'sphere': {'center': [-5.367512643805387, 1.052117813699275, 85.55130433213851], 'radius': 12.0}, 'projected_sphere': {'center': [121.10102744618021, 127.62481705668748], 'axes': [173.9307204742421, 173.9307204742421], 'angle': 90.0}, 'model_confidence': 0.670970417444472, 'model_id': 1, 'model_birth_timestamp': 40910.15789, 'theta': 2.5925470456580633, 'phi': -1.9103379358993813, 'norm_pos': [0.3187095944487842, 0.13442382546457188], 'topic': 'pupil.1', 'id': 1, 'method': '3d c++'}"
1582184724.76475,"{'circle_3d': {'center': [-7.4493099344375615, 11.284754001330594, 79.63866729843734], 'normal': [-0.17348310755268112, 0.8527196823026095, -0.492719752808431], 'radius': 2.1050804176730527}, 'confidence': 0.47359109582259135, 'timestamp': 41056.98149, 'diameter_3d': 4.210160835346105, 'ellipse': {'center': [102.0122574172074, 207.71805102391846], 'axes': [11.643366082880224, 32.84255946144478], 'angle': -77.21756427298963}, 'location': [102.0122574172074, 207.71805102391846], 'diameter': 32.84255946144478, 'sphere': {'center': [-5.367512643805387, 1.052117813699275, 85.55130433213851], 'radius': 12.0}, 'projected_sphere': {'center': [121.10102744618021, 127.62481705668748], 'axes': [173.9307204742421, 173.9307204742421], 'angle': 90.0}, 'model_confidence': 0.670970417444472, 'model_id': 1, 'model_birth_timestamp': 40910.15789, 'theta': 2.591966145993974, 'phi': -1.9093343924900332, 'norm_pos': [0.3187883044287731, 0.13450812073367302], 'topic': 'pupil.1', 'id': 1, 'method': '3d c++'}"
1582184724.772359,"{'circle_3d': {'center': [-7.447414701350257, 11.286305292113, 79.64068557538383], 'normal': [-0.17332517146207252, 0.852848956534477, -0.49255156306289066], 'radius': 2.1069302080983863}, 'confidence': 0.4056242473498538, 'timestamp': 41056.98989, 'diameter_3d': 4.2138604161967725, 'ellipse': {'center': [102.02844772421325, 207.72771973357374], 'axes': [11.647387773587186, 32.87061396346642], 'angle': -77.23007093197286}, 'location': [102.02844772421325, 207.72771973357374], 'diameter': 32.87061396346642, 'sphere': {'center': [-5.367512643805387, 1.052117813699275, 85.55130433213851], 'radius': 12.0}, 'projected_sphere': {'center': [121.10102744618021, 127.62481705668748], 'axes': [173.9307204742421, 173.9307204742421], 'angle': 90.0}, 'model_confidence': 0.670970417444472, 'model_id': 1, 'model_birth_timestamp': 40910.15789, 'theta': 2.5922136729534206, 'phi': -1.909156065931402, 'norm_pos': [0.31883889913816643, 0.1344678344434428], 'topic': 'pupil.1', 'id': 1, 'method': '3d c++'}"
1582184724.783015,"{'circle_3d': {'center': [-7.3863153827496815, 11.28786357187521, 79.62222815829706], 'normal': [-0.16823356157869118, 0.8529788131813278, -0.4940896811534543], 'radius': 2.112395157133435}, 'confidence': 0.4175409864333733, 'timestamp': 41056.99829, 'diameter_3d': 4.22479031426687, 'ellipse': {'center': [102.49013590513984, 207.7587753511377], 'axes': [11.748459678807817, 32.96382679672295], 'angle': -77.54887729764322}, 'location': [102.49013590513984, 207.7587753511377], 'diameter': 32.96382679672295, 'sphere': {'center': [-5.367512643805387, 1.052117813699275, 85.55130433213851], 'radius': 12.0}, 'projected_sphere': {'center': [121.10102744618021, 127.62481705668748], 'axes': [173.9307204742421, 173.9307204742421], 'angle': 90.0}, 'model_confidence': 0.670970417444472, 'model_id': 1, 'model_birth_timestamp': 40910.15789, 'theta': 2.5924624158789356, 'phi': -1.8989757455656457, 'norm_pos': [0.320281674703562, 0.1343384360369263], 'topic': 'pupil.1', 'id': 1, 'method': '3d c++'}"
1582184724.7929869,"{'circle_3d': {'center': [-7.388531700308407, 11.289428831231, 79.62568663407738], 'normal': [-0.16841825470858496, 0.8531092514609768, -0.49380147483842757], 'radius': 2.0919895793186316}, 'confidence': 0.3808938877995076, 'timestamp': 41057.00669, 'diameter_3d': 4.183979158637263, 'ellipse': {'center': [102.47526642313665, 207.76989619772203], 'axes': [11.62330859373033, 32.64380791470951], 'angle': -77.54010849866656}, 'location': [102.47526642313665, 207.76989619772203], 'diameter': 32.64380791470951, 'sphere': {'center': [-5.367512643805387, 1.052117813699275, 85.55130433213851], 'radius': 12.0}, 'projected_sphere': {'center': [121.10102744618021, 127.62481705668748], 'axes': [173.9307204742421, 173.9307204742421], 'angle': 90.0}, 'model_confidence': 0.670970417444472, 'model_id': 1, 'model_birth_timestamp': 40910.15789, 'theta': 2.592712374770086, 'phi': -1.8994889031715907, 'norm_pos': [0.320235207572302, 0.13429209917615814], 'topic': 'pupil.1', 'id': 1, 'method': '3d c++'}"
1582184724.799793,"{'circle_3d': {'center': [-7.503890675835202, 11.291001060750009, 79.66902936767755], 'normal': [-0.17803150266915127, 0.8532402705875612, -0.49018958037174687], 'radius': 2.1008071460340276}, 'confidence': 0.39395648147928203, 'timestamp': 41057.01509, 'diameter_3d': 4.201614292068055, 'ellipse': {'center': [101.61002971826136, 207.73481914831547], 'axes': [11.511986069283713, 32.76314554418355], 'angle': -76.9470922177591}, 'location': [101.61002971826136, 207.73481914831547], 'diameter': 32.76314554418355, 'sphere': {'center': [-5.367512643805387, 1.052117813699275, 85.55130433213851], 'radius': 12.0}, 'projected_sphere': {'center': [121.10102744618021, 127.62481705668748], 'axes': [173.9307204742421, 173.9307204742421], 'angle': 90.0}, 'model_confidence': 0.670970417444472, 'model_id': 1, 'model_birth_timestamp': 40910.15789, 'theta': 2.5929635496270897, 'phi': -1.9191722274171183, 'norm_pos': [0.31753134286956675, 0.13443825354868555], 'topic': 'pupil.1', 'id': 1, 'method': '3d c++'}"
1582184724.807337,"{'circle_3d': {'center': [-7.49294998231718, 11.29258025095228, 79.66781513003488], 'normal': [-0.17711977820931613, 0.853371869771084, -0.4902907668419696], 'radius': 2.0915782482440197}, 'confidence': 0.4365861937873563, 'timestamp': 41057.02349, 'diameter_3d': 4.1831564964880394, 'ellipse': {'center': [101.69408906143539, 207.74955576268474], 'axes': [11.467164859391765, 32.61968903080081], 'angle': -77.0062424863765}, 'location': [101.69408906143539, 207.74955576268474], 'diameter': 32.61968903080081, 'sphere': {'center': [-5.367512643805387, 1.052117813699275, 85.55130433213851], 'radius': 12.0}, 'projected_sphere': {'center': [121.10102744618021, 127.62481705668748], 'axes': [173.9307204742421, 173.9307204742421], 'angle': 90.0}, 'model_confidence': 0.670970417444472, 'model_id': 1, 'model_birth_timestamp': 40910.15789, 'theta': 2.593215940449945, 'phi': -1.917462091616691, 'norm_pos': [0.3177940283169856, 0.13437685098881358], 'topic': 'pupil.1', 'id': 1, 'method': '3d c++'}"
1582184724.8161018,"{'circle_3d': {'center': [-7.491731741667164, 11.294166392309595, 79.67013657924576], 'normal': [-0.17701825815514807, 0.8535040482175267, -0.4900973127410626], 'radius': 2.0938050532599326}, 'confidence': 0.40891783599731957, 'timestamp': 41057.03189, 'diameter_3d': 4.187610106519865, 'ellipse': {'center': [101.70524451929613, 207.7591226998462], 'axes': [11.47211980993434, 32.65349417105182], 'angle': -77.01532442249102}, 'location': [101.70524451929613, 207.7591226998462], 'diameter': 32.65349417105182, 'sphere': {'center': [-5.367512643805387, 1.052117813699275, 85.55130433213851], 'radius': 12.0}, 'projected_sphere': {'center': [121.10102744618021, 127.62481705668748], 'axes': [173.9307204742421, 173.9307204742421], 'angle': 90.0}, 'model_confidence': 0.670970417444472, 'model_id': 1, 'model_birth_timestamp': 40910.15789, 'theta': 2.593469547238652, 'phi': -1.9174049954933385, 'norm_pos': [0.3178288891228004, 0.13433698875064093], 'topic': 'pupil.1', 'id': 1, 'method': '3d c++'}"
1582184724.8236108,"{'circle_3d': {'center': [-7.49050142796057, 11.295759475245415, 79.67246736108824], 'normal': [-0.17691573201293187, 0.8536368051288448, -0.48990308092085627], 'radius': 2.084350274863714}, 'confidence': 0.3423567964748744, 'timestamp': 41057.04029, 'diameter_3d': 4.168700549727428, 'ellipse': {'center': [101.7164270640556, 207.77021535531287], 'axes': [11.413001896285325, 32.505025724802245], 'angle': -77.02448768210931}, 'location': [101.7164270640556, 207.77021535531287], 'diameter': 32.505025724802245, 'sphere': {'center': [-5.367512643805387, 1.052117813699275, 85.55130433213851], 'radius': 12.0}, 'projected_sphere': {'center': [121.10102744618021, 127.62481705668748], 'axes': [173.9307204742421, 173.9307204742421], 'angle': 90.0}, 'model_confidence': 0.670970417444472, 'model_id': 1, 'model_birth_timestamp': 40910.15789, 'theta': 2.5937243699932098, 'phi': -1.9173465423413396, 'norm_pos': [0.31786383457517375, 0.134290769352863], 'topic': 'pupil.1', 'id': 1, 'method': '3d c++'}"
1582184724.83089,"{'circle_3d': {'center': [-7.489259050900126, 11.297359490136273, 79.67480748662085], 'normal': [-0.17681220059122815, 0.853770139703083, -0.4897080704598053], 'radius': 2.0939613597219457}, 'confidence': 0.36809603342524144, 'timestamp': 41057.04869, 'diameter_3d': 4.1879227194438915, 'ellipse': {'center': [101.72782797378478, 207.77893328438265], 'axes': [11.458361936344298, 32.654038244173115], 'angle': -77.0337100143208}, 'location': [101.72782797378478, 207.77893328438265], 'diameter': 32.654038244173115, 'sphere': {'center': [-5.367512643805387, 1.052117813699275, 85.55130433213851], 'radius': 12.0}, 'projected_sphere': {'center': [121.10102744618021, 127.62481705668748], 'axes': [173.9307204742421, 173.9307204742421], 'angle': 90.0}, 'model_confidence': 0.670970417444472, 'model_id': 1, 'model_birth_timestamp': 40910.15789, 'theta': 2.593980408713842, 'phi': -1.9172867321606422, 'norm_pos': [0.3178994624180774, 0.13425444464840564], 'topic': 'pupil.1', 'id': 1, 'method': '3d c++'}"
1582184724.838958,"{'circle_3d': {'center': [-7.582283882051133, 11.236003473905932, 79.60292125586672], 'normal': [-0.1845642698538121, 0.8486571383505546, -0.49569858968931624], 'radius': 2.1352976761281037}, 'confidence': 0.2663312429941369, 'timestamp': 41057.05709, 'diameter_3d': 4.2705953522562075, 'ellipse': {'center': [100.9529445999856, 207.3731469097109], 'axes': [11.904841734868748, 33.32848220639785], 'angle': -76.44451396697792}, 'location': [100.9529445999856, 207.3731469097109], 'diameter': 33.32848220639785, 'sphere': {'center': [-5.367512643805387, 1.052117813699275, 85.55130433213851], 'radius': 12.0}, 'projected_sphere': {'center': [121.10102744618021, 127.62481705668748], 'axes': [173.9307204742421, 173.9307204742421], 'angle': 90.0}, 'model_confidence': 0.670970417444472, 'model_id': 1, 'model_birth_timestamp': 40910.15789, 'theta': 2.584237663400106, 'phi': -1.9272255649513494, 'norm_pos': [0.315477951874955, 0.1359452212095379], 'topic': 'pupil.1', 'id': 1, 'method': '3d c++'}"
1582184724.848198,"{'circle_3d': {'center': [-7.597140962436273, 11.3049181177396, 79.72817429012247], 'normal': [-0.1858023598859072, 0.8544000253366938, -0.48526083683467064], 'radius': 2.0960382976136467}, 'confidence': 0.40997509933020687, 'timestamp': 41057.06549, 'diameter_3d': 4.192076595227293, 'ellipse': {'center': [100.92884180825808, 207.78054208374712], 'axes': [11.2792267168851, 32.66412041396186], 'angle': -76.49344641840905}, 'location': [100.92884180825808, 207.78054208374712], 'diameter': 32.66412041396186, 'sphere': {'center': [-5.367512643805387, 1.052117813699275, 85.55130433213851], 'radius': 12.0}, 'projected_sphere': {'center': [121.10102744618021, 127.62481705668748], 'axes': [173.9307204742421, 173.9307204742421], 'angle': 90.0}, 'model_confidence': 0.670970417444472, 'model_id': 1, 'model_birth_timestamp': 40910.15789, 'theta': 2.5951914174259874, 'phi': -1.9364677573396447, 'norm_pos': [0.31540263065080654, 0.13424774131772033], 'topic': 'pupil.1', 'id': 1, 'method': '3d c++'}"
1582184724.855814,"{'circle_3d': {'center': [-7.595570782178429, 11.301374056429125, 79.72133834571176], 'normal': [-0.1856715115310868, 0.854104686894154, -0.48583049886889634], 'radius': 2.0906015041050017}, 'confidence': 0.24652661067075887, 'timestamp': 41057.07389, 'diameter_3d': 4.181203008210003, 'ellipse': {'center': [100.93599443558995, 207.76098561788478], 'axes': [11.272132744398291, 32.582140326811924], 'angle': -76.49504895522931}, 'location': [100.93599443558995, 207.76098561788478], 'diameter': 32.582140326811924, 'sphere': {'center': [-5.367512643805387, 1.052117813699275, 85.55130433213851], 'radius': 12.0}, 'projected_sphere': {'center': [121.10102744618021, 127.62481705668748], 'axes': [173.9307204742421, 173.9307204742421], 'angle': 90.0}, 'model_confidence': 0.670970417444472, 'model_id': 1, 'model_birth_timestamp': 40910.15789, 'theta': 2.5946233042754954, 'phi': -1.9358411582414408, 'norm_pos': [0.3154249826112186, 0.13432922659214674], 'topic': 'pupil.1', 'id': 1, 'method': '3d c++'}"
1582184724.867703,"{'circle_3d': {'center': [-7.537406009200265, 11.302998223331059, 79.70228615724432], 'normal': [-0.1808244471162398, 0.8542400341359818, -0.4874181812411831], 'radius': 2.1149394654611458}, 'confidence': 0.3515505230862413, 'timestamp': 41057.08229, 'diameter_3d': 4.2298789309222915, 'ellipse': {'center': [101.37390895739193, 207.7908019581857], 'axes': [11.475524620190706, 32.96979016576063], 'angle': -76.79615609421471}, 'location': [101.37390895739193, 207.7908019581857], 'diameter': 32.96979016576063, 'sphere': {'center': [-5.367512643805387, 1.052117813699275, 85.55130433213851], 'radius': 12.0}, 'projected_sphere': {'center': [121.10102744618021, 127.62481705668748], 'axes': [173.9307204742421, 173.9307204742421], 'angle': 90.0}, 'model_confidence': 0.670970417444472, 'model_id': 1, 'model_birth_timestamp': 40910.15789, 'theta': 2.5948835924554623, 'phi': -1.9260416614631946, 'norm_pos': [0.3167934654918498, 0.13420499184089285], 'topic': 'pupil.1', 'id': 1, 'method': '3d c++'}"
1582184724.874798,"{'circle_3d': {'center': [-7.483155661682468, 11.304629278780567, 79.68529518798569], 'normal': [-0.17630358482309008, 0.854375955423441, -0.488834095346069], 'radius': 2.1070282487540157}, 'confidence': 0.47448172263110383, 'timestamp': 41057.09069, 'diameter_3d': 4.2140564975080315, 'ellipse': {'center': [101.7828854601901, 207.8225678952657], 'axes': [11.497029275112915, 32.8536392022843], 'angle': -77.07797498732938}, 'location': [101.7828854601901, 207.8225678952657], 'diameter': 32.8536392022843, 'sphere': {'center': [-5.367512643805387, 1.052117813699275, 85.55130433213851], 'radius': 12.0}, 'projected_sphere': {'center': [121.10102744618021, 127.62481705668748], 'axes': [173.9307204742421, 173.9307204742421], 'angle': 90.0}, 'model_confidence': 0.670970417444472, 'model_id': 1, 'model_birth_timestamp': 40910.15789, 'theta': 2.5951450966715113, 'phi': -1.9169372929995094, 'norm_pos': [0.31807151706309406, 0.13407263376972622], 'topic': 'pupil.1', 'id': 1, 'method': '3d c++'}"
1582184724.883879,"{'circle_3d': {'center': [-7.486714487098607, 11.306267212887448, 79.68944424795777], 'normal': [-0.17660015360776826, 0.8545124499323475, -0.48848834034839556], 'radius': 2.1010756938428536}, 'confidence': 0.40795372022825277, 'timestamp': 41057.09909, 'diameter_3d': 4.202151387685707, 'ellipse': {'center': [101.75820126234014, 207.8316275915079], 'axes': [11.450495796323606, 32.75905873636514], 'angle': -77.06255427848913}, 'location': [101.75820126234014, 207.8316275915079], 'diameter': 32.75905873636514, 'sphere': {'center': [-5.367512643805387, 1.052117813699275, 85.55130433213851], 'radius': 12.0}, 'projected_sphere': {'center': [121.10102744618021, 127.62481705668748], 'axes': [173.9307204742421, 173.9307204742421], 'angle': 90.0}, 'model_confidence': 0.670970417444472, 'model_id': 1, 'model_birth_timestamp': 40910.15789, 'theta': 2.5954078169238683, 'phi': -1.917700211373673, 'norm_pos': [0.3179943789448129, 0.13403488503538374], 'topic': 'pupil.1', 'id': 1, 'method': '3d c++'}"
1582184724.89183,"{'circle_3d': {'center': [-7.543897438263462, 11.307912015708688, 79.7133222738857], 'normal': [-0.1813653995381729, 0.8546495168341176, -0.48649850485440166], 'radius': 2.107284968834387}, 'confidence': 0.4073771037868846, 'timestamp': 41057.10749, 'diameter_3d': 4.214569937668774, 'ellipse': {'center': [101.33146716820174, 207.81818123631723], 'axes': [11.397108659284818, 32.845838079439545], 'angle': -76.77164829362303}, 'location': [101.33146716820174, 207.81818123631723], 'diameter': 32.845838079439545, 'sphere': {'center': [-5.367512643805387, 1.052117813699275, 85.55130433213851], 'radius': 12.0}, 'projected_sphere': {'center': [121.10102744618021, 127.62481705668748], 'axes': [173.9307204742421, 173.9307204742421], 'angle': 90.0}, 'model_confidence': 0.670970417444472, 'model_id': 1, 'model_birth_timestamp': 40910.15789, 'theta': 2.59567175321208, 'phi': -1.9276345929160523, 'norm_pos': [0.31666083490063046, 0.1340909115153449], 'topic': 'pupil.1', 'id': 1, 'method': '3d c++'}"
1582184724.90151,"{'circle_3d': {'center': [-7.480021049785038, 11.309563677256929, 79.69279662190638], 'normal': [-0.17604236716497088, 0.854787155296471, -0.4882089758526776], 'radius': 2.114405199386059}, 'confidence': 0.3919368277367167, 'timestamp': 41057.11589, 'diameter_3d': 4.228810398772118, 'ellipse': {'center': [101.81268363371356, 207.85195988530492], 'axes': [11.513496993702535, 32.965649690083396], 'angle': -77.10281296391156}, 'location': [101.81268363371356, 207.85195988530492], 'diameter': 32.965649690083396, 'sphere': {'center': [-5.367512643805387, 1.052117813699275, 85.55130433213851], 'radius': 12.0}, 'projected_sphere': {'center': [121.10102744618021, 127.62481705668748], 'axes': [173.9307204742421, 173.9307204742421], 'angle': 90.0}, 'model_confidence': 0.670970417444472, 'model_id': 1, 'model_birth_timestamp': 40910.15789, 'theta': 2.595936905536372, 'phi': -1.9168724730807707, 'norm_pos': [0.31816463635535486, 0.13395016714456287], 'topic': 'pupil.1', 'id': 1, 'method': '3d c++'}"
1582184724.907161,"{'circle_3d': {'center': [-7.600196538798877, 11.311222187494788, 79.74046101359976], 'normal': [-0.18605699124945746, 0.8549253644829593, -0.48423694321156313], 'radius': 2.12286286903742}, 'confidence': 0.35107134532318757, 'timestamp': 41057.12429, 'diameter_3d': 4.24572573807484, 'ellipse': {'center': [100.91429706866815, 207.81302361566213], 'axes': [11.383203627892936, 33.07728141761895], 'angle': -76.48925215361088}, 'location': [100.91429706866815, 207.81302361566213], 'diameter': 33.07728141761895, 'sphere': {'center': [-5.367512643805387, 1.052117813699275, 85.55130433213851], 'radius': 12.0}, 'projected_sphere': {'center': [121.10102744618021, 127.62481705668748], 'axes': [173.9307204742421, 173.9307204742421], 'angle': 90.0}, 'model_confidence': 0.670970417444472, 'model_id': 1, 'model_birth_timestamp': 40910.15789, 'theta': 2.5962032738967467, 'phi': -1.9376319313820742, 'norm_pos': [0.315357178339588, 0.1341124016014078], 'topic': 'pupil.1', 'id': 1, 'method': '3d c++'}"
1582184724.9150789,"{'circle_3d': {'center': [-7.590733606173215, 11.312887536336198, 79.73977327298502], 'normal': [-0.18526841353065227, 0.8550641435530768, -0.4842942549294578], 'radius': 2.0996660396207765}, 'confidence': 0.3958826595970134, 'timestamp': 41057.13269, 'diameter_3d': 4.199332079241553, 'ellipse': {'center': [100.98708218275578, 207.8296022647649], 'axes': [11.262539742506137, 32.71597542790886], 'angle': -76.54068923710787}, 'location': [100.98708218275578, 207.8296022647649], 'diameter': 32.71597542790886, 'sphere': {'center': [-5.367512643805387, 1.052117813699275, 85.55130433213851], 'radius': 12.0}, 'projected_sphere': {'center': [121.10102744618021, 127.62481705668748], 'axes': [173.9307204742421, 173.9307204742421], 'angle': 90.0}, 'model_confidence': 0.670970417444472, 'model_id': 1, 'model_birth_timestamp': 40910.15789, 'theta': 2.5964708582932032, 'phi': -1.936172655227126, 'norm_pos': [0.31558463182111185, 0.13404332389681295], 'topic': 'pupil.1', 'id': 1, 'method': '3d c++'}"
1582184724.934616,"{'circle_3d': {'center': [-7.6276209259464345, 11.253559170927204, 79.65024469949311], 'normal': [-0.18834235684508727, 0.8501201131023274, -0.4917549693871166], 'radius': 2.1126972671770594}, 'confidence': 0.2564611634764695, 'timestamp': 41057.14949, 'diameter_3d': 4.225394534354119, 'ellipse': {'center': [100.63509389586193, 207.4623550644767], 'axes': [11.616649705980059, 32.95579722578234], 'angle': -76.24347162419663}, 'location': [100.63509389586193, 207.4623550644767], 'diameter': 32.95579722578234, 'sphere': {'center': [-5.367512643805387, 1.052117813699275, 85.55130433213851], 'radius': 12.0}, 'projected_sphere': {'center': [121.10102744618021, 127.62481705668748], 'axes': [173.9307204742421, 173.9307204742421], 'angle': 90.0}, 'model_confidence': 0.670970417444472, 'model_id': 1, 'model_birth_timestamp': 40910.15789, 'theta': 2.5870096751945946, 'phi': -1.9365625440081706, 'norm_pos': [0.3144846684245685, 0.13557352056468042], 'topic': 'pupil.1', 'id': 1, 'method': '3d c++'}"
1582184724.9402628,"{'circle_3d': {'center': [-7.507469214678346, 11.258750507021603, 79.61453459276159], 'normal': [-0.17832971423941313, 0.8505527244435268, -0.49473081161474375], 'radius': 2.115262989148954}, 'confidence': 0.28243250762027294, 'timestamp': 41057.15789, 'diameter_3d': 4.230525978297908, 'ellipse': {'center': [101.54286015927252, 207.5402812987091], 'axes': [11.768238336157774, 33.01118447517952], 'angle': -76.87127680058522}, 'location': [101.54286015927252, 207.5402812987091], 'diameter': 33.01118447517952, 'sphere': {'center': [-5.367512643805387, 1.052117813699275, 85.55130433213851], 'radius': 12.0}, 'projected_sphere': {'center': [121.10102744618021, 127.62481705668748], 'axes': [173.9307204742421, 173.9307204742421], 'angle': 90.0}, 'model_confidence': 0.670970417444472, 'model_id': 1, 'model_birth_timestamp': 40910.15789, 'theta': 2.587831756162056, 'phi': -1.9167573646697786, 'norm_pos': [0.3173214379977266, 0.1352488279220455], 'topic': 'pupil.1', 'id': 1, 'method': '3d c++'}"
1582184724.9541671,"{'circle_3d': {'center': [-7.516698963978097, 11.25891256398074, 79.61814841923606], 'normal': [-0.17909886001439246, 0.8505662291901219, -0.4944296594085374], 'radius': 2.1308760805497484}, 'confidence': 0.30713539964022335, 'timestamp': 41057.16629, 'diameter_3d': 4.261752161099497, 'ellipse': {'center': [101.47384509216681, 207.535666023937], 'axes': [11.841685079230619, 33.25342760574031], 'angle': -76.82391952414324}, 'location': [101.47384509216681, 207.535666023937], 'diameter': 33.25342760574031, 'sphere': {'center': [-5.367512643805387, 1.052117813699275, 85.55130433213851], 'radius': 12.0}, 'projected_sphere': {'center': [121.10102744618021, 127.62481705668748], 'axes': [173.9307204742421, 173.9307204742421], 'angle': 90.0}, 'model_confidence': 0.670970417444472, 'model_id': 1, 'model_birth_timestamp': 40910.15789, 'theta': 2.587857436499489, 'phi': -1.9183275216559637, 'norm_pos': [0.3171057659130213, 0.13526805823359578], 'topic': 'pupil.1', 'id': 1, 'method': '3d c++'}"
1582184724.959685,"{'circle_3d': {'center': [-7.516119369217247, 11.259074808764037, 79.61821761101152], 'normal': [-0.17905056045098827, 0.85057974958873, -0.49442389342724974], 'radius': 2.126875503411722}, 'confidence': 0.30771423778078805, 'timestamp': 41057.17469, 'diameter_3d': 4.253751006823444, 'ellipse': {'center': [101.47837181926883, 207.53737689644157], 'axes': [11.819304418069503, 33.190936855883194], 'angle': -76.82720262665268}, 'location': [101.47837181926883, 207.53737689644157], 'diameter': 33.190936855883194, 'sphere': {'center': [-5.367512643805387, 1.052117813699275, 85.55130433213851], 'radius': 12.0}, 'projected_sphere': {'center': [121.10102744618021, 127.62481705668748], 'axes': [173.9307204742421, 173.9307204742421], 'angle': 90.0}, 'model_confidence': 0.670970417444472, 'model_id': 1, 'model_birth_timestamp': 40910.15789, 'theta': 2.5878831476690323, 'phi': -1.9182448961887129, 'norm_pos': [0.3171199119352151, 0.13526092959816016], 'topic': 'pupil.1', 'id': 1, 'method': '3d c++'}"
1582184724.968014,"{'circle_3d': {'center': [-7.515531271279956, 11.259237241347108, 79.61828410920346], 'normal': [-0.17900155228954748, 0.8505932856373197, -0.4944183519112549], 'radius': 2.1135107874911703}, 'confidence': 0.33658912799945145, 'timestamp': 41057.18309, 'diameter_3d': 4.2270215749823405, 'ellipse': {'center': [101.48289606581515, 207.54030956090367], 'axes': [11.744842184701255, 32.98223749993876], 'angle': -76.83053687536484}, 'location': [101.48289606581515, 207.54030956090367], 'diameter': 32.98223749993876, 'sphere': {'center': [-5.367512643805387, 1.052117813699275, 85.55130433213851], 'radius': 12.0}, 'projected_sphere': {'center': [121.10102744618021, 127.62481705668748], 'axes': [173.9307204742421, 173.9307204742421], 'angle': 90.0}, 'model_confidence': 0.670970417444472, 'model_id': 1, 'model_birth_timestamp': 40910.15789, 'theta': 2.587908889670686, 'phi': -1.9181608514220145, 'norm_pos': [0.31713405020567237, 0.1352487101629014], 'topic': 'pupil.1', 'id': 1, 'method': '3d c++'}"
1582184724.9766111,"{'circle_3d': {'center': [-7.514934670525333, 11.259399861705557, 79.61834791635331], 'normal': [-0.17895183555999547, 0.8506068373338567, -0.4944130346487665], 'radius': 2.1193009549069526}, 'confidence': 0.36252323296273736, 'timestamp': 41057.19149, 'diameter_3d': 4.238601909813905, 'ellipse': {'center': [101.48762107932373, 207.5407530952475], 'axes': [11.776948979322391, 33.072620635586986], 'angle': -76.83390114175887}, 'location': [101.48762107932373, 207.5407530952475], 'diameter': 33.072620635586986, 'sphere': {'center': [-5.367512643805387, 1.052117813699275, 85.55130433213851], 'radius': 12.0}, 'projected_sphere': {'center': [121.10102744618021, 127.62481705668748], 'axes': [173.9307204742421, 173.9307204742421], 'angle': 90.0}, 'model_confidence': 0.670970417444472, 'model_id': 1, 'model_birth_timestamp': 40910.15789, 'theta': 2.58793466250445, 'phi': -1.918075387355869, 'norm_pos': [0.3171488158728867, 0.1352468621031354], 'topic': 'pupil.1', 'id': 1, 'method': '3d c++'}"
1582184724.9862258,"{'circle_3d': {'center': [-7.514329567302024, 11.259562669815061, 79.61840903503915], 'normal': [-0.17890141029138648, 0.8506204046763158, -0.4944079414249472], 'radius': 2.1207310377371678}, 'confidence': 0.28177280122867704, 'timestamp': 41057.19989, 'diameter_3d': 4.2414620754743355, 'ellipse': {'center': [101.49237917334175, 207.54176748011224], 'axes': [11.78481098079909, 33.09492743802672], 'angle': -76.83731284835271}, 'location': [101.49237917334175, 207.54176748011224], 'diameter': 33.09492743802672, 'sphere': {'center': [-5.367512643805387, 1.052117813699275, 85.55130433213851], 'radius': 12.0}, 'projected_sphere': {'center': [121.10102744618021, 127.62481705668748], 'axes': [173.9307204742421, 173.9307204742421], 'angle': 90.0}, 'model_confidence': 0.670970417444472, 'model_id': 1, 'model_birth_timestamp': 40910.15789, 'theta': 2.5879604661703466, 'phi': -1.917988503990201, 'norm_pos': [0.31716368491669295, 0.1352426354995323], 'topic': 'pupil.1', 'id': 1, 'method': '3d c++'}"
1582184724.991359,"{'circle_3d': {'center': [-7.631935562588854, 11.259725665650883, 79.66257520051222], 'normal': [-0.18870190989862218, 0.8506339876626337, -0.4907274276355242], 'radius': 2.1403074538883557}, 'confidence': 0.33333591829587883, 'timestamp': 41057.20829, 'diameter_3d': 4.2806149077767115, 'ellipse': {'center': [100.61086674309985, 207.49362103012277], 'axes': [11.72724364897129, 33.381553277369875], 'angle': -76.23263930109697}, 'location': [100.61086674309985, 207.49362103012277], 'diameter': 33.381553277369875, 'sphere': {'center': [-5.367512643805387, 1.052117813699275, 85.55130433213851], 'radius': 12.0}, 'projected_sphere': {'center': [121.10102744618021, 127.62481705668748], 'axes': [173.9307204742421, 173.9307204742421], 'angle': 90.0}, 'model_confidence': 0.670970417444472, 'model_id': 1, 'model_birth_timestamp': 40910.15789, 'theta': 2.58798630066833, 'phi': -1.9379002013251596, 'norm_pos': [0.31440895857218704, 0.13544324570782185], 'topic': 'pupil.1', 'id': 1, 'method': '3d c++'}"
1582184725.000885,"{'circle_3d': {'center': [-7.6230814741232376, 11.259888849188663, 79.65946083975665], 'normal': [-0.18796406919315417, 0.8506475862907821, -0.4909869576984888], 'radius': 2.1031239272732294}, 'confidence': 0.35273012238645607, 'timestamp': 41057.21669, 'diameter_3d': 4.206247854546459, 'ellipse': {'center': [100.67706144318812, 207.50298108072653], 'axes': [11.534907940098972, 32.802626892582666], 'angle': -76.27837660209812}, 'location': [100.67706144318812, 207.50298108072653], 'diameter': 32.802626892582666, 'sphere': {'center': [-5.367512643805387, 1.052117813699275, 85.55130433213851], 'radius': 12.0}, 'projected_sphere': {'center': [121.10102744618021, 127.62481705668748], 'axes': [173.9307204742421, 173.9307204742421], 'angle': 90.0}, 'model_confidence': 0.670970417444472, 'model_id': 1, 'model_birth_timestamp': 40910.15789, 'theta': 2.588012165998425, 'phi': -1.9364130906278731, 'norm_pos': [0.3146158170099629, 0.13540424549697283], 'topic': 'pupil.1', 'id': 1, 'method': '3d c++'}"
1582184725.00716,"{'circle_3d': {'center': [-7.623974737699939, 11.26005222040386, 79.66008595499159], 'normal': [-0.188038507824546, 0.8506612005587155, -0.490934864762244], 'radius': 2.105508666637277}, 'confidence': 0.365895716015662, 'timestamp': 41057.22509, 'diameter_3d': 4.211017333274554, 'ellipse': {'center': [100.67059989941426, 207.503282066265], 'axes': [11.545820198950167, 32.83958054906398], 'angle': -76.27409197397263}, 'location': [100.67059989941426, 207.503282066265], 'diameter': 32.83958054906398, 'sphere': {'center': [-5.367512643805387, 1.052117813699275, 85.55130433213851], 'radius': 12.0}, 'projected_sphere': {'center': [121.10102744618021, 127.62481705668748], 'axes': [173.9307204742421, 173.9307204742421], 'angle': 90.0}, 'model_confidence': 0.670970417444472, 'model_id': 1, 'model_birth_timestamp': 40910.15789, 'theta': 2.58803806216063, 'phi': -1.936580754014502, 'norm_pos': [0.31459562468566954, 0.13540299139056244], 'topic': 'pupil.1', 'id': 1, 'method': '3d c++'}"
1582184725.015305,"{'circle_3d': {'center': [-7.506611268768368, 11.260215779271928, 79.61674512374292], 'normal': [-0.17825821874691505, 0.8506748304643876, -0.49454660069963313], 'radius': 2.0999113662045783}, 'confidence': 0.39292875234642527, 'timestamp': 41057.23349, 'diameter_3d': 4.199822732409157, 'ellipse': {'center': [101.55102383982256, 207.55131193504542], 'axes': [11.675728795941907, 32.77057530816917], 'angle': -76.87832577680963}, 'location': [101.55102383982256, 207.55131193504542], 'diameter': 32.77057530816917, 'sphere': {'center': [-5.367512643805387, 1.052117813699275, 85.55130433213851], 'radius': 12.0}, 'projected_sphere': {'center': [121.10102744618021, 127.62481705668748], 'axes': [173.9307204742421, 173.9307204742421], 'angle': 90.0}, 'model_confidence': 0.670970417444472, 'model_id': 1, 'model_birth_timestamp': 40910.15789, 'theta': 2.588063989154945, 'phi': -1.916748246612827, 'norm_pos': [0.31734694949944553, 0.13520286693731076], 'topic': 'pupil.1', 'id': 1, 'method': '3d c++'}"
1582184725.023007,"{'circle_3d': {'center': [-7.515801014996803, 11.260379525768265, 79.62034742012929], 'normal': [-0.179024030932618, 0.8506884760057494, -0.49424640933410197], 'radius': 2.103550530337717}, 'confidence': 0.39234082040157064, 'timestamp': 41057.24189, 'diameter_3d': 4.207101060675434, 'ellipse': {'center': [101.4822253947404, 207.5482863642297], 'axes': [11.682693324457688, 32.825872300478736], 'angle': -76.83119066965787}, 'location': [101.4822253947404, 207.5482863642297], 'diameter': 32.825872300478736, 'sphere': {'center': [-5.367512643805387, 1.052117813699275, 85.55130433213851], 'radius': 12.0}, 'projected_sphere': {'center': [121.10102744618021, 127.62481705668748], 'axes': [173.9307204742421, 173.9307204742421], 'angle': 90.0}, 'model_confidence': 0.670970417444472, 'model_id': 1, 'model_birth_timestamp': 40910.15789, 'theta': 2.588089946981371, 'phi': -1.9183124082768752, 'norm_pos': [0.31713195435856373, 0.13521547348237617], 'topic': 'pupil.1', 'id': 1, 'method': '3d c++'}"
1582184725.0355752,"{'circle_3d': {'center': [-7.515164087204177, 11.260543459868401, 79.62039891185879], 'normal': [-0.17897095361656587, 0.8507021371807608, -0.4942421183566443], 'radius': 2.0943001144012774}, 'confidence': 0.36689773704353446, 'timestamp': 41057.25029, 'diameter_3d': 4.188600228802555, 'ellipse': {'center': [101.48714862956938, 207.55069807431448], 'axes': [11.631208955748184, 32.681425815700074], 'angle': -76.83477606665309}, 'location': [101.48714862956938, 207.55069807431448], 'diameter': 32.681425815700074, 'sphere': {'center': [-5.367512643805387, 1.052117813699275, 85.55130433213851], 'radius': 12.0}, 'projected_sphere': {'center': [121.10102744618021, 127.62481705668748], 'axes': [173.9307204742421, 173.9307204742421], 'angle': 90.0}, 'model_confidence': 0.670970417444472, 'model_id': 1, 'model_birth_timestamp': 40910.15789, 'theta': 2.58811593563993, 'phi': -1.9182202494911051, 'norm_pos': [0.3171473394674043, 0.13520542469035635], 'topic': 'pupil.1', 'id': 1, 'method': '3d c++'}"
1582184725.043916,"{'circle_3d': {'center': [-7.514518648188872, 11.2607075815474, 79.6204477187202], 'normal': [-0.17891716703195712, 0.850715813987344, -0.49423805111819297], 'radius': 2.102908745881688}, 'confidence': 0.35186209511005945, 'timestamp': 41057.25869, 'diameter_3d': 4.205817491763376, 'ellipse': {'center': [101.49226175423763, 207.55081270488444], 'axes': [11.679023629301478, 32.815817138073065], 'angle': -76.8383926233668}, 'location': [101.49226175423763, 207.55081270488444], 'diameter': 32.815817138073065, 'sphere': {'center': [-5.367512643805387, 1.052117813699275, 85.55130433213851], 'radius': 12.0}, 'projected_sphere': {'center': [121.10102744618021, 127.62481705668748], 'axes': [173.9307204742421, 173.9307204742421], 'angle': 90.0}, 'model_confidence': 0.670970417444472, 'model_id': 1, 'model_birth_timestamp': 40910.15789, 'theta': 2.588141955130577, 'phi': -1.918126669262492, 'norm_pos': [0.3171633179819926, 0.13520494706298147], 'topic': 'pupil.1', 'id': 1, 'method': '3d c++'}"
1582184725.052018,"{'circle_3d': {'center': [-7.513864698244813, 11.26087189078072, 79.62049384350573], 'normal': [-0.17886267120328544, 0.8507295064234536, -0.4942342073860655], 'radius': 2.095766821635648}, 'confidence': 0.35306223330365233, 'timestamp': 41057.26709, 'diameter_3d': 4.191533643271296, 'ellipse': {'center': [101.49732836324804, 207.55296149009246], 'axes': [11.639282241553161, 32.70429330097618], 'angle': -76.84206499841987}, 'location': [101.49732836324804, 207.55296149009246], 'diameter': 32.70429330097618, 'sphere': {'center': [-5.367512643805387, 1.052117813699275, 85.55130433213851], 'radius': 12.0}, 'projected_sphere': {'center': [121.10102744618021, 127.62481705668748], 'axes': [173.9307204742421, 173.9307204742421], 'angle': 90.0}, 'model_confidence': 0.670970417444472, 'model_id': 1, 'model_birth_timestamp': 40910.15789, 'theta': 2.588168005453333, 'phi': -1.9180316675909568, 'norm_pos': [0.31717915113515016, 0.13519599379128144], 'topic': 'pupil.1', 'id': 1, 'method': '3d c++'}"
1582184725.059813,"{'circle_3d': {'center': [-7.513202237656616, 11.261036387543644, 79.62053728904417], 'normal': [-0.178807466154269, 0.8507432144870306, -0.494230586924529], 'radius': 2.104240308935718}, 'confidence': 0.41926293827797706, 'timestamp': 41057.27549, 'diameter_3d': 4.208480617871436, 'ellipse': {'center': [101.50256882656569, 207.55310140823707], 'axes': [11.68636568564983, 32.836576876248195], 'angle': -76.84577017513337}, 'location': [101.50256882656569, 207.55310140823707], 'diameter': 32.836576876248195, 'sphere': {'center': [-5.367512643805387, 1.052117813699275, 85.55130433213851], 'radius': 12.0}, 'projected_sphere': {'center': [121.10102744618021, 127.62481705668748], 'axes': [173.9307204742421, 173.9307204742421], 'angle': 90.0}, 'model_confidence': 0.670970417444472, 'model_id': 1, 'model_birth_timestamp': 40910.15789, 'theta': 2.588194086608199, 'phi': -1.917935244476499, 'norm_pos': [0.3171955275830178, 0.1351954107990122], 'topic': 'pupil.1', 'id': 1, 'method': '3d c++'}"
1582184725.067222,"{'circle_3d': {'center': [-7.5125312666990585, 11.261201071811445, 79.62057805820096], 'normal': [-0.1787515519078059, 0.850756938176014, -0.4942271894947959], 'radius': 2.115087246321341}, 'confidence': 0.4036564855698232, 'timestamp': 41057.28389, 'diameter_3d': 4.230174492642682, 'ellipse': {'center': [101.50789032009162, 207.55293313201403], 'axes': [11.746655291168668, 33.00591980544876], 'angle': -76.8495178364883}, 'location': [101.50789032009162, 207.55293313201403], 'diameter': 33.00591980544876, 'sphere': {'center': [-5.367512643805387, 1.052117813699275, 85.55130433213851], 'radius': 12.0}, 'projected_sphere': {'center': [121.10102744618021, 127.62481705668748], 'axes': [173.9307204742421, 173.9307204742421], 'angle': 90.0}, 'model_confidence': 0.670970417444472, 'model_id': 1, 'model_birth_timestamp': 40910.15789, 'theta': 2.5882201985951756, 'phi': -1.9178373999191192, 'norm_pos': [0.3172121572502863, 0.13519611194994152], 'topic': 'pupil.1', 'id': 1, 'method': '3d c++'}"
1582184725.075467,"{'circle_3d': {'center': [-7.511851785637108, 11.261365943559348, 79.62061615387816], 'normal': [-0.17869492848597668, 0.8507706774883389, -0.49422401485502926], 'radius': 2.098528440681632}, 'confidence': 0.4204052122821038, 'timestamp': 41057.29229, 'diameter_3d': 4.197056881363264, 'ellipse': {'center': [101.5130833577513, 207.55631628752303], 'axes': [11.654590096020364, 32.74737072060949], 'angle': -76.85332995905013}, 'location': [101.5130833577513, 207.55631628752303], 'diameter': 32.74737072060949, 'sphere': {'center': [-5.367512643805387, 1.052117813699275, 85.55130433213851], 'radius': 12.0}, 'projected_sphere': {'center': [121.10102744618021, 127.62481705668748], 'axes': [173.9307204742421, 173.9307204742421], 'angle': 90.0}, 'model_confidence': 0.670970417444472, 'model_id': 1, 'model_birth_timestamp': 40910.15789, 'theta': 2.588246341414262, 'phi': -1.9177381339188166, 'norm_pos': [0.31722838549297283, 0.13518201546865405], 'topic': 'pupil.1', 'id': 1, 'method': '3d c++'}"
1582184725.083709,"{'circle_3d': {'center': [-7.511163794725938, 11.261531002762556, 79.62065157901448], 'normal': [-0.17863759591004594, 0.8507844324219401, -0.49422106276033645], 'radius': 2.0976846184384206}, 'confidence': 0.4341414364361057, 'timestamp': 41057.30069, 'diameter_3d': 4.195369236876841, 'ellipse': {'center': [101.51845109122334, 207.5576703873939], 'axes': [11.64990396603506, 32.73418489138642], 'angle': -76.85717477120862}, 'location': [101.51845109122334, 207.5576703873939], 'diameter': 32.73418489138642, 'sphere': {'center': [-5.367512643805387, 1.052117813699275, 85.55130433213851], 'radius': 12.0}, 'projected_sphere': {'center': [121.10102744618021, 127.62481705668748], 'axes': [173.9307204742421, 173.9307204742421], 'angle': 90.0}, 'model_confidence': 0.670970417444472, 'model_id': 1, 'model_birth_timestamp': 40910.15789, 'theta': 2.5882725150654595, 'phi': -1.9176374464755928, 'norm_pos': [0.31724515966007294, 0.13517637338585875], 'topic': 'pupil.1', 'id': 1, 'method': '3d c++'}"
1582184725.090872,"{'circle_3d': {'center': [-7.510467294210345, 11.26169624939639, 79.62068433658524], 'normal': [-0.17857955420041313, 0.8507982029747594, -0.49421833296277257], 'radius': 2.108896260240719}, 'confidence': 0.3238739773138667, 'timestamp': 41057.30909, 'diameter_3d': 4.217792520481438, 'ellipse': {'center': [101.52396728436625, 207.5574721255099], 'axes': [11.712251085415762, 32.909224480824015], 'angle': -76.86105498767098}, 'location': [101.52396728436625, 207.5574721255099], 'diameter': 32.909224480824015, 'sphere': {'center': [-5.367512643805387, 1.052117813699275, 85.55130433213851], 'radius': 12.0}, 'projected_sphere': {'center': [121.10102744618021, 127.62481705668748], 'axes': [173.9307204742421, 173.9307204742421], 'angle': 90.0}, 'model_confidence': 0.670970417444472, 'model_id': 1, 'model_birth_timestamp': 40910.15789, 'theta': 2.5882987195487903, 'phi': -1.917535337589358, 'norm_pos': [0.3172623977636445, 0.1351771994770421], 'topic': 'pupil.1', 'id': 1, 'method': '3d c++'}"
1582184725.09966,"{'circle_3d': {'center': [-7.509762284327184, 11.26186168343569, 79.62071442960234], 'normal': [-0.1785208033768164, 0.850811989144701, -0.4942158252113474], 'radius': 2.1249572826861143}, 'confidence': 0.29463909356707446, 'timestamp': 41057.31749, 'diameter_3d': 4.249914565372229, 'ellipse': {'center': [101.52958204694286, 207.55663836470254], 'axes': [11.801570937516054, 33.15998201356475], 'angle': -76.86497582988126}, 'location': [101.52958204694286, 207.55663836470254], 'diameter': 33.15998201356475, 'sphere': {'center': [-5.367512643805387, 1.052117813699275, 85.55130433213851], 'radius': 12.0}, 'projected_sphere': {'center': [121.10102744618021, 127.62481705668748], 'axes': [173.9307204742421, 173.9307204742421], 'angle': 90.0}, 'model_confidence': 0.670970417444472, 'model_id': 1, 'model_birth_timestamp': 40910.15789, 'theta': 2.5883249548642087, 'phi': -1.917431807260289, 'norm_pos': [0.31727994389669645, 0.13518067348040608], 'topic': 'pupil.1', 'id': 1, 'method': '3d c++'}"
1582184725.1069582,"{'circle_3d': {'center': [-7.5090487653017775, 11.26202730485571, 79.62074186111437], 'normal': [-0.17846134345803247, 0.8508257909297026, -0.494213539252012], 'radius': 2.1184900024207414}, 'confidence': 0.28210543982158925, 'timestamp': 41057.32589, 'diameter_3d': 4.236980004841483, 'ellipse': {'center': [101.53510257695126, 207.55873916996222], 'axes': [11.765650342463703, 33.0589979230288], 'angle': -76.86895762830905}, 'location': [101.53510257695126, 207.55873916996222], 'diameter': 33.0589979230288, 'sphere': {'center': [-5.367512643805387, 1.052117813699275, 85.55130433213851], 'radius': 12.0}, 'projected_sphere': {'center': [121.10102744618021, 127.62481705668748], 'axes': [173.9307204742421, 173.9307204742421], 'angle': 90.0}, 'model_confidence': 0.670970417444472, 'model_id': 1, 'model_birth_timestamp': 40910.15789, 'theta': 2.5883512210117363, 'phi': -1.9173268554882976, 'norm_pos': [0.3172971955529727, 0.13517192012515744], 'topic': 'pupil.1', 'id': 1, 'method': '3d c++'}"
1582184725.119273,"{'circle_3d': {'center': [-7.508326737350334, 11.262193113631529, 79.62076663420652], 'normal': [-0.17840117446207898, 0.8508396083276881, -0.49421147482766653], 'radius': 2.1148259688392783}, 'confidence': 0.29605123839791986, 'timestamp': 41057.33429, 'diameter_3d': 4.229651937678557, 'ellipse': {'center': [101.5407071851609, 207.56047790874908], 'axes': [11.74532525474064, 33.00178346071687], 'angle': -76.8729816133138}, 'location': [101.5407071851609, 207.56047790874908], 'diameter': 33.00178346071687, 'sphere': {'center': [-5.367512643805387, 1.052117813699275, 85.55130433213851], 'radius': 12.0}, 'projected_sphere': {'center': [121.10102744618021, 127.62481705668748], 'axes': [173.9307204742421, 173.9307204742421], 'angle': 90.0}, 'model_confidence': 0.670970417444472, 'model_id': 1, 'model_birth_timestamp': 40910.15789, 'theta': 2.5883775179913737, 'phi': -1.917220482273384, 'norm_pos': [0.3173147099536278, 0.13516467538021215], 'topic': 'pupil.1', 'id': 1, 'method': '3d c++'}"
1582184725.127697,"{'circle_3d': {'center': [-7.50759620067938, 11.26235910973822, 79.6207887520006], 'normal': [-0.1783402964061661, 0.8508534413365788, -0.494209631678159], 'radius': 2.118188314828998}, 'confidence': 0.2687098162165478, 'timestamp': 41057.34269, 'diameter_3d': 4.236376629657996, 'ellipse': {'center': [101.5464252193718, 207.56130771720194], 'axes': [11.764075111117899, 33.054275411698086], 'angle': -76.87704467225275}, 'location': [101.5464252193718, 207.56130771720194], 'diameter': 33.054275411698086, 'sphere': {'center': [-5.367512643805387, 1.052117813699275, 85.55130433213851], 'radius': 12.0}, 'projected_sphere': {'center': [121.10102744618021, 127.62481705668748], 'axes': [173.9307204742421, 173.9307204742421], 'angle': 90.0}, 'model_confidence': 0.670970417444472, 'model_id': 1, 'model_birth_timestamp': 40910.15789, 'theta': 2.588403845803123, 'phi': -1.9171126876155489, 'norm_pos': [0.3173325788105369, 0.1351612178449919], 'topic': 'pupil.1', 'id': 1, 'method': '3d c++'}"
1582184725.1353679,"{'circle_3d': {'center': [-7.447446216417836, 11.262525293150784, 79.59971165142856], 'normal': [-0.17332779771770407, 0.8508672899542924, -0.4959660567258293], 'radius': 2.132673306768487}, 'confidence': 0.27983728578193806, 'timestamp': 41057.35109, 'diameter_3d': 4.265346613536974, 'ellipse': {'center': [101.9989085396233, 207.58309471802914], 'axes': [11.924622173835665, 33.289512954510805], 'angle': -77.18822245635333}, 'location': [101.9989085396233, 207.58309471802914], 'diameter': 33.289512954510805, 'sphere': {'center': [-5.367512643805387, 1.052117813699275, 85.55130433213851], 'radius': 12.0}, 'projected_sphere': {'center': [121.10102744618021, 127.62481705668748], 'axes': [173.9307204742421, 173.9307204742421], 'angle': 90.0}, 'model_confidence': 0.670970417444472, 'model_id': 1, 'model_birth_timestamp': 40910.15789, 'theta': 2.588430204446982, 'phi': -1.9070034715147917, 'norm_pos': [0.3187465891863228, 0.13507043867487856], 'topic': 'pupil.1', 'id': 1, 'method': '3d c++'}"
1582184725.144615,"{'circle_3d': {'center': [-7.484486016651385, 11.199139203472821, 79.50511704971505], 'normal': [-0.17641444773716644, 0.8455851158144622, -0.503848940201955], 'radius': 2.130244684615418}, 'confidence': 0.22556045295277452, 'timestamp': 41057.35949, 'diameter_3d': 4.260489369230836, 'ellipse': {'center': [101.64248416091127, 207.19064699221795], 'axes': [12.216322967576325, 33.29079846630988], 'angle': -76.88427456456341}, 'location': [101.64248416091127, 207.19064699221795], 'diameter': 33.29079846630988, 'sphere': {'center': [-5.367512643805387, 1.052117813699275, 85.55130433213851], 'radius': 12.0}, 'projected_sphere': {'center': [121.10102744618021, 127.62481705668748], 'axes': [173.9307204742421, 173.9307204742421], 'angle': 90.0}, 'model_confidence': 0.670970417444472, 'model_id': 1, 'model_birth_timestamp': 40910.15789, 'theta': 2.5784565939229735, 'phi': -1.9075901691318886, 'norm_pos': [0.3176327630028477, 0.13670563753242526], 'topic': 'pupil.1', 'id': 1, 'method': '3d c++'}"
1582184725.151218,"{'circle_3d': {'center': [-7.575255399027313, 11.13927862431214, 79.43778990035698], 'normal': [-0.18397856293516043, 0.8405967342177386, -0.5094595359817948], 'radius': 2.0754932252043865}, 'confidence': 0.2577888318318297, 'timestamp': 41057.36789, 'diameter_3d': 4.150986450408773, 'ellipse': {'center': [100.8860611249579, 206.80301941924097], 'axes': [12.103476891004922, 32.46164096178541], 'angle': -76.3048577574792}, 'location': [100.8860611249579, 206.80301941924097], 'diameter': 32.46164096178541, 'sphere': {'center': [-5.367512643805387, 1.052117813699275, 85.55130433213851], 'radius': 12.0}, 'projected_sphere': {'center': [121.10102744618021, 127.62481705668748], 'axes': [173.9307204742421, 173.9307204742421], 'angle': 90.0}, 'model_confidence': 0.670970417444472, 'model_id': 1, 'model_birth_timestamp': 40910.15789, 'theta': 2.5691802830186385, 'phi': -1.9173474570332343, 'norm_pos': [0.31526894101549346, 0.13832075241982933], 'topic': 'pupil.1', 'id': 1, 'method': '3d c++'}"
1582184725.1589,"{'circle_3d': {'center': [-7.567469093652738, 11.143130928442623, 79.44134148962853], 'normal': [-0.18332970415394595, 0.8409177595619459, -0.5091635702091657], 'radius': 2.0965919008243548}, 'confidence': 0.3492775065259485, 'timestamp': 41057.37629, 'diameter_3d': 4.1931838016487095, 'ellipse': {'center': [100.94952590533893, 206.82647040045106], 'axes': [12.216410956695023, 32.790383572677385], 'angle': -76.3523333186996}, 'location': [100.94952590533893, 206.82647040045106], 'diameter': 32.790383572677385, 'sphere': {'center': [-5.367512643805387, 1.052117813699275, 85.55130433213851], 'radius': 12.0}, 'projected_sphere': {'center': [121.10102744618021, 127.62481705668748], 'axes': [173.9307204742421, 173.9307204742421], 'angle': 90.0}, 'model_confidence': 0.670970417444472, 'model_id': 1, 'model_birth_timestamp': 40910.15789, 'theta': 2.569773223736094, 'phi': -1.9164054903053953, 'norm_pos': [0.31546726845418416, 0.13822303999812058], 'topic': 'pupil.1', 'id': 1, 'method': '3d c++'}"
1582184725.170103,"{'circle_3d': {'center': [-7.663581898379965, 11.076133723787319, 79.36687460802497], 'normal': [-0.1913391045478815, 0.8353346591740036, -0.5153691436761286], 'radius': 2.0883794417127803}, 'confidence': 0.2686139774392016, 'timestamp': 41057.38469, 'diameter_3d': 4.176758883425561, 'ellipse': {'center': [100.14534835821503, 206.383919747215], 'axes': [12.39427837068565, 32.691895493615995], 'angle': -75.72890343045167}, 'location': [100.14534835821503, 206.383919747215], 'diameter': 32.691895493615995, 'sphere': {'center': [-5.367512643805387, 1.052117813699275, 85.55130433213851], 'radius': 12.0}, 'projected_sphere': {'center': [121.10102744618021, 127.62481705668748], 'axes': [173.9307204742421, 173.9307204742421], 'angle': 90.0}, 'model_confidence': 0.670970417444472, 'model_id': 1, 'model_birth_timestamp': 40910.15789, 'theta': 2.5595375878443565, 'phi': -1.926289450476262, 'norm_pos': [0.312954213619422, 0.14006700105327086], 'topic': 'pupil.1', 'id': 1, 'method': '3d c++'}"
1582184725.1759071,"{'circle_3d': {'center': [-7.65694133167821, 11.079168641786769, 79.36933312757157], 'normal': [-0.19078572398940183, 0.8355875690072908, -0.5151642670472456], 'radius': 2.111916655902027}, 'confidence': 0.29221770396352886, 'timestamp': 41057.39309, 'diameter_3d': 4.223833311804054, 'ellipse': {'center': [100.19922171928454, 206.4018026803119], 'axes': [12.527168962977733, 33.05955829131842], 'angle': -75.76910058865792}, 'location': [100.19922171928454, 206.4018026803119], 'diameter': 33.05955829131842, 'sphere': {'center': [-5.367512643805387, 1.052117813699275, 85.55130433213851], 'radius': 12.0}, 'projected_sphere': {'center': [121.10102744618021, 127.62481705668748], 'axes': [173.9307204742421, 173.9307204742421], 'angle': 90.0}, 'model_confidence': 0.670970417444472, 'model_id': 1, 'model_birth_timestamp': 40910.15789, 'theta': 2.559997800837097, 'phi': -1.9254749120521653, 'norm_pos': [0.31312256787276416, 0.13999248883203375], 'topic': 'pupil.1', 'id': 1, 'method': '3d c++'}"
1582184725.188421,"{'circle_3d': {'center': [-7.658300357441482, 11.076735514417663, 79.36589152412824], 'normal': [-0.19089897613634124, 0.835384808393199, -0.5154510673341891], 'radius': 2.10686246209718}, 'confidence': 0.3860430966751831, 'timestamp': 41057.40149, 'diameter_3d': 4.21372492419436, 'ellipse': {'center': [100.18600991455943, 206.38713970427318], 'axes': [12.508245078615845, 32.98181633442793], 'angle': -75.75748644595139}, 'location': [100.18600991455943, 206.38713970427318], 'diameter': 32.98181633442793, 'sphere': {'center': [-5.367512643805387, 1.052117813699275, 85.55130433213851], 'radius': 12.0}, 'projected_sphere': {'center': [121.10102744618021, 127.62481705668748], 'axes': [173.9307204742421, 173.9307204742421], 'angle': 90.0}, 'model_confidence': 0.670970417444472, 'model_id': 1, 'model_birth_timestamp': 40910.15789, 'theta': 2.559628817397423, 'phi': -1.9254869203499976, 'norm_pos': [0.31308128098299826, 0.1400535845655284], 'topic': 'pupil.1', 'id': 1, 'method': '3d c++'}"
1582184725.191159,"{'circle_3d': {'center': [-7.659660732626899, 11.074288752624248, 79.362431509897], 'normal': [-0.1910123407351259, 0.8351809115770806, -0.5157394018534599], 'radius': 2.0931579656741692}, 'confidence': 0.3884936520407668, 'timestamp': 41057.40989, 'diameter_3d': 4.1863159313483385, 'ellipse': {'center': [100.1726734637989, 206.3735617180135], 'axes': [12.437876145792158, 32.76858441544067], 'angle': -75.74584326185483}, 'location': [100.1726734637989, 206.3735617180135], 'diameter': 32.76858441544067, 'sphere': {'center': [-5.367512643805387, 1.052117813699275, 85.55130433213851], 'radius': 12.0}, 'projected_sphere': {'center': [121.10102744618021, 127.62481705668748], 'axes': [173.9307204742421, 173.9307204742421], 'angle': 90.0}, 'model_confidence': 0.670970417444472, 'model_id': 1, 'model_birth_timestamp': 40910.15789, 'theta': 2.559257974843666, 'phi': -1.9254981380511123, 'norm_pos': [0.3130396045743716, 0.1401101595082771], 'topic': 'pupil.1', 'id': 1, 'method': '3d c++'}"
1582184725.203038,"{'circle_3d': {'center': [-7.6610224446676085, 11.07182833601571, 79.35895309514216], 'normal': [-0.19112581673851842, 0.8349758768597026, -0.5160292697496965], 'radius': 2.094203508801188}, 'confidence': 0.3480599007116151, 'timestamp': 41057.41829, 'diameter_3d': 4.188407017602376, 'ellipse': {'center': [100.15947999418977, 206.3578927106452], 'axes': [12.455239385491662, 32.786384413069314], 'angle': -75.7341527444856}, 'location': [100.15947999418977, 206.3578927106452], 'diameter': 32.786384413069314, 'sphere': {'center': [-5.367512643805387, 1.052117813699275, 85.55130433213851], 'radius': 12.0}, 'projected_sphere': {'center': [121.10102744618021, 127.62481705668748], 'axes': [173.9307204742421, 173.9307204742421], 'angle': 90.0}, 'model_confidence': 0.670970417444472, 'model_id': 1, 'model_birth_timestamp': 40910.15789, 'theta': 2.5588852731764686, 'phi': -1.9255085651554908, 'norm_pos': [0.312998374981843, 0.14017544703897833], 'topic': 'pupil.1', 'id': 1, 'method': '3d c++'}"
1582184725.212608,"{'circle_3d': {'center': [-7.53801782174549, 11.069354244101355, 79.31080102151039], 'normal': [-0.1808754314950086, 0.8347697025335066, -0.520041942552344], 'radius': 2.1123254324405285}, 'confidence': 0.34396583472064796, 'timestamp': 41057.42669, 'diameter_3d': 4.224650864881057, 'ellipse': {'center': [101.08358254743922, 206.38676057752517], 'axes': [12.743887001548304, 33.090873161588846], 'angle': -76.37187539888289}, 'location': [101.08358254743922, 206.38676057752517], 'diameter': 33.090873161588846, 'sphere': {'center': [-5.367512643805387, 1.052117813699275, 85.55130433213851], 'radius': 12.0}, 'projected_sphere': {'center': [121.10102744618021, 127.62481705668748], 'axes': [173.9307204742421, 173.9307204742421], 'angle': 90.0}, 'model_confidence': 0.670970417444472, 'model_id': 1, 'model_birth_timestamp': 40910.15789, 'theta': 2.558510712395512, 'phi': -1.9055182016631445, 'norm_pos': [0.3158861954607476, 0.14005516426031184], 'topic': 'pupil.1', 'id': 1, 'method': '3d c++'}"
1582184725.2203882,"{'circle_3d': {'center': [-7.54801098937584, 11.066866456299174, 79.31029186696044], 'normal': [-0.18170819546420433, 0.8345623868833247, -0.5200843720981727], 'radius': 2.107759352172022}, 'confidence': 0.37122666594800413, 'timestamp': 41057.43509, 'diameter_3d': 4.215518704344044, 'ellipse': {'center': [101.00519131606666, 206.36851726529318], 'axes': [12.716235872824013, 33.019465240949486], 'angle': -76.3149994342081}, 'location': [101.00519131606666, 206.36851726529318], 'diameter': 33.019465240949486, 'sphere': {'center': [-5.367512643805387, 1.052117813699275, 85.55130433213851], 'radius': 12.0}, 'projected_sphere': {'center': [121.10102744618021, 127.62481705668748], 'axes': [173.9307204742421, 173.9307204742421], 'angle': 90.0}, 'model_confidence': 0.670970417444472, 'model_id': 1, 'model_birth_timestamp': 40910.15789, 'theta': 2.558134292500794, 'phi': -1.9069206159180832, 'norm_pos': [0.3156412228627083, 0.1401311780612784], 'topic': 'pupil.1', 'id': 1, 'method': '3d c++'}"
1582184725.22844,"{'circle_3d': {'center': [-7.547672504802982, 11.064364951933882, 79.30616140155576], 'normal': [-0.1816799884164663, 0.8343539281862175, -0.5204285775485634], 'radius': 2.1013412574624755}, 'confidence': 0.3722689500414778, 'timestamp': 41057.44349, 'diameter_3d': 4.202682514924951, 'ellipse': {'center': [101.00473411958949, 206.35423009222362], 'axes': [12.691132949261682, 32.920578356541284], 'angle': -76.3122216316091}, 'location': [101.00473411958949, 206.35423009222362], 'diameter': 32.920578356541284, 'sphere': {'center': [-5.367512643805387, 1.052117813699275, 85.55130433213851], 'radius': 12.0}, 'projected_sphere': {'center': [121.10102744618021, 127.62481705668748], 'axes': [173.9307204742421, 173.9307204742421], 'angle': 90.0}, 'model_confidence': 0.670970417444472, 'model_id': 1, 'model_birth_timestamp': 40910.15789, 'theta': 2.5577560134923174, 'phi': -1.906666351171709, 'norm_pos': [0.3156397941237171, 0.1401907079490683], 'topic': 'pupil.1', 'id': 1, 'method': '3d c++'}"
1582184725.235511,"{'circle_3d': {'center': [-7.6097079619646575, 11.061849710237063, 79.3241197745187], 'normal': [-0.18684960984660592, 0.8341443247114826, -0.5189320464683175], 'radius': 2.0952657981758303}, 'confidence': 0.40051473564113627, 'timestamp': 41057.45189, 'diameter_3d': 4.1905315963516605, 'ellipse': {'center': [100.53389203321565, 206.3165511264876], 'axes': [12.584646447442868, 32.81763072793422], 'angle': -75.9830911207948}, 'location': [100.53389203321565, 206.3165511264876], 'diameter': 32.81763072793422, 'sphere': {'center': [-5.367512643805387, 1.052117813699275, 85.55130433213851], 'radius': 12.0}, 'projected_sphere': {'center': [121.10102744618021, 127.62481705668748], 'axes': [173.9307204742421, 173.9307204742421], 'angle': 90.0}, 'model_confidence': 0.670970417444472, 'model_id': 1, 'model_birth_timestamp': 40910.15789, 'theta': 2.557375875370081, 'phi': -1.9164100329987301, 'norm_pos': [0.3141684126037989, 0.140347703639635], 'topic': 'pupil.1', 'id': 1, 'method': '3d c++'}"
1582184725.244067,"{'circle_3d': {'center': [-7.605051785763815, 11.05932071034509, 79.31838296462813], 'normal': [-0.18646159516320235, 0.8339335747204846, -0.5194101139591988], 'radius': 2.096390997414637}, 'confidence': 0.40015743889301736, 'timestamp': 41057.46029, 'diameter_3d': 4.192781994829274, 'ellipse': {'center': [100.5659882554842, 206.30269934289194], 'axes': [12.611052487032511, 32.837651865214674], 'angle': -76.00273777077817}, 'location': [100.5659882554842, 206.30269934289194], 'diameter': 32.837651865214674, 'sphere': {'center': [-5.367512643805387, 1.052117813699275, 85.55130433213851], 'radius': 12.0}, 'projected_sphere': {'center': [121.10102744618021, 127.62481705668748], 'axes': [173.9307204742421, 173.9307204742421], 'angle': 90.0}, 'model_confidence': 0.670970417444472, 'model_id': 1, 'model_birth_timestamp': 40910.15789, 'theta': 2.5569938781337513, 'phi': -1.9154550392175016, 'norm_pos': [0.3142687132983881, 0.14040541940461693], 'topic': 'pupil.1', 'id': 1, 'method': '3d c++'}"
1582184725.251499,"{'circle_3d': {'center': [-7.667799569783077, 11.05677793130807, 79.33717076507511], 'normal': [-0.19169057716480753, 0.8337216764673996, -0.51784446392195], 'radius': 2.083292137478592}, 'confidence': 0.38975647442770295, 'timestamp': 41057.46869, 'diameter_3d': 4.166584274957184, 'ellipse': {'center': [100.09028330836198, 206.26489526071725], 'axes': [12.460048543919907, 32.624351043219384], 'angle': -75.6706680955491}, 'location': [100.09028330836198, 206.26489526071725], 'diameter': 32.624351043219384, 'sphere': {'center': [-5.367512643805387, 1.052117813699275, 85.55130433213851], 'radius': 12.0}, 'projected_sphere': {'center': [121.10102744618021, 127.62481705668748], 'axes': [173.9307204742421, 173.9307204742421], 'angle': 90.0}, 'model_confidence': 0.670970417444472, 'model_id': 1, 'model_birth_timestamp': 40910.15789, 'theta': 2.5566100217839924, 'phi': -1.925325923239529, 'norm_pos': [0.3127821353386312, 0.14056293641367812], 'topic': 'pupil.1', 'id': 1, 'method': '3d c++'}"
1582184725.261421,"{'circle_3d': {'center': [-7.66399580827766, 11.05422135207682, 79.33165081422686], 'normal': [-0.19137359703935608, 0.8335086281981288, -0.5183044598259711], 'radius': 2.0855543745374816}, 'confidence': 0.44288417785836487, 'timestamp': 41057.47709, 'diameter_3d': 4.171108749074963, 'ellipse': {'center': [100.11586968158633, 206.25044815712477], 'axes': [12.492261699663931, 32.66207773215156], 'angle': -75.68568426469807}, 'location': [100.11586968158633, 206.25044815712477], 'diameter': 32.66207773215156, 'sphere': {'center': [-5.367512643805387, 1.052117813699275, 85.55130433213851], 'radius': 12.0}, 'projected_sphere': {'center': [121.10102744618021, 127.62481705668748], 'axes': [173.9307204742421, 173.9307204742421], 'angle': 90.0}, 'model_confidence': 0.670970417444472, 'model_id': 1, 'model_birth_timestamp': 40910.15789, 'theta': 2.556224306320473, 'phi': -1.9244988661207203, 'norm_pos': [0.3128620927549573, 0.1406231326786468], 'topic': 'pupil.1', 'id': 1, 'method': '3d c++'}"
1582184725.269071,"{'circle_3d': {'center': [-7.665334916533784, 11.051650951511771, 79.32801341585129], 'normal': [-0.19148518939403303, 0.8332944281510413, -0.5186075763572688], 'radius': 2.0876228402068775}, 'confidence': 0.41554161222579516, 'timestamp': 41057.48549, 'diameter_3d': 4.175245680413755, 'ellipse': {'center': [100.10273882036357, 206.233938328043], 'axes': [12.516314079207081, 32.69597408015972], 'angle': -75.67388193894065}, 'location': [100.10273882036357, 206.233938328043], 'diameter': 32.69597408015972, 'sphere': {'center': [-5.367512643805387, 1.052117813699275, 85.55130433213851], 'radius': 12.0}, 'projected_sphere': {'center': [121.10102744618021, 127.62481705668748], 'axes': [173.9307204742421, 173.9307204742421], 'angle': 90.0}, 'model_confidence': 0.670970417444472, 'model_id': 1, 'model_birth_timestamp': 40910.15789, 'theta': 2.555836731743194, 'phi': -1.9244983105785884, 'norm_pos': [0.31282105881363614, 0.1406919236331542], 'topic': 'pupil.1', 'id': 1, 'method': '3d c++'}"
1582184725.277059,"{'circle_3d': {'center': [-7.666675199394398, 11.049066708380916, 79.32435770155777], 'normal': [-0.1915968796324176, 0.8330790745568036, -0.5189122192150619], 'radius': 2.079270380316941}, 'confidence': 0.3902112897828081, 'timestamp': 41057.49389, 'diameter_3d': 4.158540760633882, 'ellipse': {'center': [100.0894608462019, 206.21875386982927], 'axes': [12.477851570003521, 32.56658033060694], 'angle': -75.66205213142419}, 'location': [100.0894608462019, 206.21875386982927], 'diameter': 32.56658033060694, 'sphere': {'center': [-5.367512643805387, 1.052117813699275, 85.55130433213851], 'radius': 12.0}, 'projected_sphere': {'center': [121.10102744618021, 127.62481705668748], 'axes': [173.9307204742421, 173.9307204742421], 'angle': 90.0}, 'model_confidence': 0.670970417444472, 'model_id': 1, 'model_birth_timestamp': 40910.15789, 'theta': 2.555447298052154, 'phi': -1.9244969659356985, 'norm_pos': [0.31277956514438093, 0.14075519220904475], 'topic': 'pupil.1', 'id': 1, 'method': '3d c++'}"
1582184725.2834308,"{'circle_3d': {'center': [-7.668016642941922, 11.04646860135998, 79.32068368222387], 'normal': [-0.19170866659471117, 0.8328625656383919, -0.5192183874928867], 'radius': 2.0795670423802215}, 'confidence': 0.41697298558889506, 'timestamp': 41057.50229, 'diameter_3d': 4.159134084760443, 'ellipse': {'center': [100.07626092040219, 206.20230501467572], 'axes': [12.49136176331205, 32.5727240623655], 'angle': -75.65017989377029}, 'location': [100.07626092040219, 206.20230501467572], 'diameter': 32.5727240623655, 'sphere': {'center': [-5.367512643805387, 1.052117813699275, 85.55130433213851], 'radius': 12.0}, 'projected_sphere': {'center': [121.10102744618021, 127.62481705668748], 'axes': [173.9307204742421, 173.9307204742421], 'angle': 90.0}, 'model_confidence': 0.670970417444472, 'model_id': 1, 'model_birth_timestamp': 40910.15789, 'theta': 2.555056005247354, 'phi': -1.9244948321920514, 'norm_pos': [0.31273831537625685, 0.14082372910551788], 'topic': 'pupil.1', 'id': 1, 'method': '3d c++'}"
1582184725.295678,"{'circle_3d': {'center': [-7.669359233147983, 11.043856609030247, 79.31699136878723], 'normal': [-0.19182054911188293, 0.8326448996109141, -0.5195260802792737], 'radius': 2.071076680277086}, 'confidence': 0.364580711657071, 'timestamp': 41057.51069, 'diameter_3d': 4.142153360554172, 'ellipse': {'center': [100.06293269984182, 206.18695622807002], 'axes': [12.452053306629407, 32.44116736796367], 'angle': -75.63827885202902}, 'location': [100.06293269984182, 206.18695622807002], 'diameter': 32.44116736796367, 'sphere': {'center': [-5.367512643805387, 1.052117813699275, 85.55130433213851], 'radius': 12.0}, 'projected_sphere': {'center': [121.10102744618021, 127.62481705668748], 'axes': [173.9307204742421, 173.9307204742421], 'angle': 90.0}, 'model_confidence': 0.670970417444472, 'model_id': 1, 'model_birth_timestamp': 40910.15789, 'theta': 2.5546628533284523, 'phi': -1.9244919093476447, 'norm_pos': [0.3126966646870057, 0.1408876823830416], 'topic': 'pupil.1', 'id': 1, 'method': '3d c++'}"
1582184725.304113,"{'circle_3d': {'center': [-7.482553961005168, 11.041230709887817, 79.24700232686168], 'normal': [-0.17625344309998175, 0.8324260746823785, -0.5253585004397366], 'radius': 2.0568118405608047}, 'confidence': 0.3247882544518643, 'timestamp': 41057.51909, 'diameter_3d': 4.113623681121609, 'ellipse': {'center': [101.4693202582574, 206.24202417041664], 'axes': [12.624055517664878, 32.24688987124624], 'angle': -76.612559977577}, 'location': [101.4693202582574, 206.24202417041664], 'diameter': 32.24688987124624, 'sphere': {'center': [-5.367512643805387, 1.052117813699275, 85.55130433213851], 'radius': 12.0}, 'projected_sphere': {'center': [121.10102744618021, 127.62481705668748], 'axes': [173.9307204742421, 173.9307204742421], 'angle': 90.0}, 'model_confidence': 0.670970417444472, 'model_id': 1, 'model_birth_timestamp': 40910.15789, 'theta': 2.5542678422961296, 'phi': -1.8944881974024825, 'norm_pos': [0.31709162580705436, 0.14065823262326405], 'topic': 'pupil.1', 'id': 1, 'method': '3d c++'}"
1582184725.3136032,"{'circle_3d': {'center': [-7.496957454481434, 11.038590882330165, 79.24766883761674], 'normal': [-0.17745373422300392, 0.8322060890525742, -0.5253029578768144], 'radius': 2.078493087212965}, 'confidence': 0.3616020526242584, 'timestamp': 41057.52749, 'diameter_3d': 4.15698617442593, 'ellipse': {'center': [101.3575469890313, 206.21772800123682], 'axes': [12.752580282634359, 32.58663392890376], 'angle': -76.53193152040284}, 'location': [101.3575469890313, 206.21772800123682], 'diameter': 32.58663392890376, 'sphere': {'center': [-5.367512643805387, 1.052117813699275, 85.55130433213851], 'radius': 12.0}, 'projected_sphere': {'center': [121.10102744618021, 127.62481705668748], 'axes': [173.9307204742421, 173.9307204742421], 'angle': 90.0}, 'model_confidence': 0.670970417444472, 'model_id': 1, 'model_birth_timestamp': 40910.15789, 'theta': 2.553870972150047, 'phi': -1.896572407134996, 'norm_pos': [0.31674233434072285, 0.1407594666615133], 'topic': 'pupil.1', 'id': 1, 'method': '3d c++'}"
1582184725.318953,"{'circle_3d': {'center': [-7.495706766389192, 11.035937104665308, 79.2430444974508], 'normal': [-0.17734951021531706, 0.8319849409138359, -0.5256883195573098], 'radius': 2.071785609473946}, 'confidence': 0.4029683305342893, 'timestamp': 41057.53589, 'diameter_3d': 4.143571218947892, 'ellipse': {'center': [101.36386800737787, 206.20279466329907], 'axes': [12.726660951063234, 32.48331520244666], 'angle': -76.533742681289}, 'location': [101.36386800737787, 206.20279466329907], 'diameter': 32.48331520244666, 'sphere': {'center': [-5.367512643805387, 1.052117813699275, 85.55130433213851], 'radius': 12.0}, 'projected_sphere': {'center': [121.10102744618021, 127.62481705668748], 'axes': [173.9307204742421, 173.9307204742421], 'angle': 90.0}, 'model_confidence': 0.670970417444472, 'model_id': 1, 'model_birth_timestamp': 40910.15789, 'theta': 2.5534722428902032, 'phi': -1.8961721267299134, 'norm_pos': [0.31676208752305585, 0.14082168890292057], 'topic': 'pupil.1', 'id': 1, 'method': '3d c++'}"
1582184725.328701,"{'circle_3d': {'center': [-7.494441328374236, 11.033269355109702, 79.23839784794612], 'normal': [-0.17724405704740417, 0.8317626284508692, -0.5260755403493665], 'radius': 2.073476498172713}, 'confidence': 0.38910824762747004, 'timestamp': 41057.54429, 'diameter_3d': 4.146952996345426, 'ellipse': {'center': [101.37037386130564, 206.18661532089877], 'axes': [12.752424524216421, 32.511744140070626], 'angle': -76.53560215837462}, 'location': [101.37037386130564, 206.18661532089877], 'diameter': 32.511744140070626, 'sphere': {'center': [-5.367512643805387, 1.052117813699275, 85.55130433213851], 'radius': 12.0}, 'projected_sphere': {'center': [121.10102744618021, 127.62481705668748], 'axes': [173.9307204742421, 173.9307204742421], 'angle': 90.0}, 'model_confidence': 0.670970417444472, 'model_id': 1, 'model_birth_timestamp': 40910.15789, 'theta': 2.5530716545165992, 'phi': -1.8957691572942936, 'norm_pos': [0.3167824183165801, 0.14088910282958844], 'topic': 'pupil.1', 'id': 1, 'method': '3d c++'}"
1582184725.335802,"{'circle_3d': {'center': [-7.493161077748146, 11.030587611788427, 79.23372890924887], 'normal': [-0.17713736949522996, 0.8315391498407627, -0.5264646185741373], 'radius': 2.069598614397207}, 'confidence': 0.3090938765268087, 'timestamp': 41057.55269, 'diameter_3d': 4.139197228794414, 'ellipse': {'center': [101.37692315521362, 206.17111693790181], 'axes': [12.743967395842198, 32.45281975099988], 'angle': -76.53752158526788}, 'location': [101.37692315521362, 206.17111693790181], 'diameter': 32.45281975099988, 'sphere': {'center': [-5.367512643805387, 1.052117813699275, 85.55130433213851], 'radius': 12.0}, 'projected_sphere': {'center': [121.10102744618021, 127.62481705668748], 'axes': [173.9307204742421, 173.9307204742421], 'angle': 90.0}, 'model_confidence': 0.670970417444472, 'model_id': 1, 'model_birth_timestamp': 40910.15789, 'theta': 2.552669207029235, 'phi': -1.8953634988281356, 'norm_pos': [0.31680288486004254, 0.14095367942540915], 'topic': 'pupil.1', 'id': 1, 'method': '3d c++'}"
1582184725.344955,"{'circle_3d': {'center': [-7.491865951499619, 11.027891852732939, 79.22903770170996], 'normal': [-0.17702944230785275, 0.8313145032528056, -0.5268555525357134], 'radius': 2.071156194254521}, 'confidence': 0.3221980446608651, 'timestamp': 41057.56109, 'diameter_3d': 4.142312388509042, 'ellipse': {'center': [101.38362848709107, 206.1547805386051], 'axes': [12.769074743691489, 32.47917697774043], 'angle': -76.53949245200135}, 'location': [101.38362848709107, 206.1547805386051], 'diameter': 32.47917697774043, 'sphere': {'center': [-5.367512643805387, 1.052117813699275, 85.55130433213851], 'radius': 12.0}, 'projected_sphere': {'center': [121.10102744618021, 127.62481705668748], 'axes': [173.9307204742421, 173.9307204742421], 'angle': 90.0}, 'model_confidence': 0.670970417444472, 'model_id': 1, 'model_birth_timestamp': 40910.15789, 'theta': 2.5522649004277596, 'phi': -1.8949551513310858, 'norm_pos': [0.3168238390221596, 0.141021747755812], 'topic': 'pupil.1', 'id': 1, 'method': '3d c++'}"
1582184725.351674,"{'circle_3d': {'center': [-7.522175705333549, 10.957947730437233, 79.13009254993219], 'normal': [-0.1795552551273468, 0.8254858263948298, -0.5351009818505273], 'radius': 2.1291851434506563}, 'confidence': 0.2856091831925908, 'timestamp': 41057.56949, 'diameter_3d': 4.258370286901313, 'ellipse': {'center': [101.07494087476118, 205.70370046069547], 'axes': [13.454041598126405, 33.431039000596506], 'angle': -76.25249082077117}, 'location': [101.07494087476118, 205.70370046069547], 'diameter': 33.431039000596506, 'sphere': {'center': [-5.367512643805387, 1.052117813699275, 85.55130433213851], 'radius': 12.0}, 'projected_sphere': {'center': [121.10102744618021, 127.62481705668748], 'axes': [173.9307204742421, 173.9307204742421], 'angle': 90.0}, 'model_confidence': 0.670970417444472, 'model_id': 1, 'model_birth_timestamp': 40910.15789, 'theta': 2.541858734712874, 'phi': -1.8945441148038509, 'norm_pos': [0.3158591902336287, 0.14290124808043558], 'topic': 'pupil.1', 'id': 1, 'method': '3d c++'}"
1582184725.36232,"{'circle_3d': {'center': [-7.518612484135716, 10.959897715589385, 79.13190662731968], 'normal': [-0.17925832002752734, 0.825648325157509, -0.5349498087349028], 'radius': 2.116603186838509}, 'confidence': 0.40488350408846635, 'timestamp': 41057.57789, 'diameter_3d': 4.233206373677018, 'ellipse': {'center': [101.10398540706231, 205.71886645665086], 'axes': [13.369017684921113, 33.23264426074711], 'angle': -76.27492894980807}, 'location': [101.10398540706231, 205.71886645665086], 'diameter': 33.23264426074711, 'sphere': {'center': [-5.367512643805387, 1.052117813699275, 85.55130433213851], 'radius': 12.0}, 'projected_sphere': {'center': [121.10102744618021, 127.62481705668748], 'axes': [173.9307204742421, 173.9307204742421], 'angle': 90.0}, 'model_confidence': 0.670970417444472, 'model_id': 1, 'model_birth_timestamp': 40910.15789, 'theta': 2.5421466978800784, 'phi': -1.8941303892460783, 'norm_pos': [0.31594995439706974, 0.14283805643062142], 'topic': 'pupil.1', 'id': 1, 'method': '3d c++'}"
1582184725.371356,"{'circle_3d': {'center': [-7.581787487751011, 10.95622831613941, 79.14774422303321], 'normal': [-0.1845229036621353, 0.825342541870011, -0.5336300090921082], 'radius': 2.1113567488488827}, 'confidence': 0.38013453553440896, 'timestamp': 41057.58629, 'diameter_3d': 4.222713497697765, 'ellipse': {'center': [100.62165863844673, 205.67436948313372], 'axes': [13.271852854155192, 33.143293300503835], 'angle': -75.93414102582425}, 'location': [100.62165863844673, 205.67436948313372], 'diameter': 33.143293300503835, 'sphere': {'center': [-5.367512643805387, 1.052117813699275, 85.55130433213851], 'radius': 12.0}, 'projected_sphere': {'center': [121.10102744618021, 127.62481705668748], 'axes': [173.9307204742421, 173.9307204742421], 'angle': 90.0}, 'model_confidence': 0.670970417444472, 'model_id': 1, 'model_birth_timestamp': 40910.15789, 'theta': 2.541604921569563, 'phi': -1.9037139746577676, 'norm_pos': [0.314442683245146, 0.1430234604869428], 'topic': 'pupil.1', 'id': 1, 'method': '3d c++'}"
1582184725.382879,"{'circle_3d': {'center': [-7.5764016628221675, 10.95253910293572, 79.14018371267574], 'normal': [-0.18407408491806504, 0.8250351074363704, -0.5342600516218983], 'radius': 2.1092162021874894}, 'confidence': 0.3934562300173838, 'timestamp': 41057.59469, 'diameter_3d': 4.218432404374979, 'ellipse': {'center': [100.65814662578475, 205.65373519859327], 'axes': [13.284525330705982, 33.1128514042423], 'angle': -75.95575261544764}, 'location': [100.65814662578475, 205.65373519859327], 'diameter': 33.1128514042423, 'sphere': {'center': [-5.367512643805387, 1.052117813699275, 85.55130433213851], 'radius': 12.0}, 'projected_sphere': {'center': [121.10102744618021, 127.62481705668748], 'axes': [173.9307204742421, 173.9307204742421], 'angle': 90.0}, 'model_confidence': 0.670970417444472, 'model_id': 1, 'model_birth_timestamp': 40910.15789, 'theta': 2.541060652002871, 'phi': -1.9025989591594756, 'norm_pos': [0.31455670820557735, 0.14310943667252807], 'topic': 'pupil.1', 'id': 1, 'method': '3d c++'}"
1582184725.389652,"{'circle_3d': {'center': [-7.576304952394314, 10.94883003675897, 79.13442629749743], 'normal': [-0.1840660257157439, 0.8247260185883079, -0.5347398362200906], 'radius': 2.099286271331775}, 'confidence': 0.3688354018639735, 'timestamp': 41057.60309, 'diameter_3d': 4.19857254266355, 'ellipse': {'center': [100.65452021176456, 205.63216921931235], 'axes': [13.241037702857138, 32.95926837838932], 'angle': -75.94940523270304}, 'location': [100.65452021176456, 205.63216921931235], 'diameter': 32.95926837838932, 'sphere': {'center': [-5.367512643805387, 1.052117813699275, 85.55130433213851], 'radius': 12.0}, 'projected_sphere': {'center': [121.10102744618021, 127.62481705668748], 'axes': [173.9307204742421, 173.9307204742421], 'angle': 90.0}, 'model_confidence': 0.670970417444472, 'model_id': 1, 'model_birth_timestamp': 40910.15789, 'theta': 2.5405138891799997, 'phi': -1.9023091288803435, 'norm_pos': [0.31454537566176427, 0.14319929491953187], 'topic': 'pupil.1', 'id': 1, 'method': '3d c++'}"
1582184725.396425,"{'circle_3d': {'center': [-7.51186327358618, 10.945101078233016, 79.10687708806057], 'normal': [-0.17869588581506612, 0.8244152720444784, -0.5370356036731619], 'radius': 2.114815911006314}, 'confidence': 0.4046047029899165, 'timestamp': 41057.61149, 'diameter_3d': 4.229631822012628, 'ellipse': {'center': [101.13837388216056, 205.62957620684477], 'axes': [13.442643878366217, 33.21506076192182], 'angle': -76.28373403250012}, 'location': [101.13837388216056, 205.62957620684477], 'diameter': 33.21506076192182, 'sphere': {'center': [-5.367512643805387, 1.052117813699275, 85.55130433213851], 'radius': 12.0}, 'projected_sphere': {'center': [121.10102744618021, 127.62481705668748], 'axes': [173.9307204742421, 173.9307204742421], 'angle': 90.0}, 'model_confidence': 0.670970417444472, 'model_id': 1, 'model_birth_timestamp': 40910.15789, 'theta': 2.539964633100473, 'phi': -1.8920172439633671, 'norm_pos': [0.3160574183817518, 0.14321009913814675], 'topic': 'pupil.1', 'id': 1, 'method': '3d c++'}"
1582184725.405592,"{'circle_3d': {'center': [-7.580556926913526, 10.941352187838227, 79.12437049909255], 'normal': [-0.1844203569256783, 0.8241028645115795, -0.5355778194204972], 'radius': 2.1045927806834808}, 'confidence': 0.36768551724518994, 'timestamp': 41057.61989, 'diameter_3d': 4.2091855613669615, 'ellipse': {'center': [100.61389678723741, 205.58344635140702], 'axes': [13.307251595156336, 33.046781279615665], 'angle': -75.91306961534549}, 'location': [100.61389678723741, 205.58344635140702], 'diameter': 33.046781279615665, 'sphere': {'center': [-5.367512643805387, 1.052117813699275, 85.55130433213851], 'radius': 12.0}, 'projected_sphere': {'center': [121.10102744618021, 127.62481705668748], 'axes': [173.9307204742421, 173.9307204742421], 'angle': 90.0}, 'model_confidence': 0.670970417444472, 'model_id': 1, 'model_birth_timestamp': 40910.15789, 'theta': 2.5394128837652423, 'phi': -1.9024191080923716, 'norm_pos': [0.3144184274601169, 0.14340230686913746], 'topic': 'pupil.1', 'id': 1, 'method': '3d c++'}"
1582184725.4123058,"{'circle_3d': {'center': [-7.575111119896459, 10.937583325892508, 79.11670406672974], 'normal': [-0.18396653967425586, 0.8237887926827689, -0.5362166887840644], 'radius': 2.1122369169279613}, 'confidence': 0.3531007337321403, 'timestamp': 41057.62829, 'diameter_3d': 4.224473833855923, 'ellipse': {'center': [100.65090932064568, 205.56088368755758], 'axes': [13.382208018763663, 33.1701000174595], 'angle': -75.93487508391415}, 'location': [100.65090932064568, 205.56088368755758], 'diameter': 33.1701000174595, 'sphere': {'center': [-5.367512643805387, 1.052117813699275, 85.55130433213851], 'radius': 12.0}, 'projected_sphere': {'center': [121.10102744618021, 127.62481705668748], 'axes': [173.9307204742421, 173.9307204742421], 'angle': 90.0}, 'model_confidence': 0.670970417444472, 'model_id': 1, 'model_birth_timestamp': 40910.15789, 'theta': 2.5388586411738325, 'phi': -1.9012952828791598, 'norm_pos': [0.31453409162701773, 0.14349631796851015], 'topic': 'pupil.1', 'id': 1, 'method': '3d c++'}"
1582184725.435738,"{'circle_3d': {'center': [-7.574826461152606, 10.929985527871114, 79.1049491500942], 'normal': [-0.18394281811226829, 0.8231556428476535, -0.5371962651703598], 'radius': 2.1003756656117485}, 'confidence': 0.40741232902852464, 'timestamp': 41057.64509, 'diameter_3d': 4.200751331223497, 'ellipse': {'center': [100.64428631951529, 205.51543604750316], 'axes': [13.346104603939617, 32.98861923614913], 'angle': -75.9223099662751}, 'location': [100.64428631951529, 205.51543604750316], 'diameter': 32.98861923614913, 'sphere': {'center': [-5.367512643805387, 1.052117813699275, 85.55130433213851], 'radius': 12.0}, 'projected_sphere': {'center': [121.10102744618021, 127.62481705668748], 'axes': [173.9307204742421, 173.9307204742421], 'angle': 90.0}, 'model_confidence': 0.670970417444472, 'model_id': 1, 'model_birth_timestamp': 40910.15789, 'theta': 2.5377426762224795, 'phi': -1.9006959247177952, 'norm_pos': [0.3145133947484853, 0.14368568313540353], 'topic': 'pupil.1', 'id': 1, 'method': '3d c++'}"
1582184725.4389162,"{'circle_3d': {'center': [-7.5746701828078375, 10.926156511677238, 79.09903222156706], 'normal': [-0.1839297949168709, 0.8228365581648303, -0.5376893425476215], 'radius': 2.099662409262158}, 'confidence': 0.3548362050057291, 'timestamp': 41057.65349, 'diameter_3d': 4.199324818524316, 'ellipse': {'center': [100.64112025721364, 205.49176479940311], 'axes': [13.36126363636126, 32.97986724528482], 'angle': -75.91603831157397}, 'location': [100.64112025721364, 205.49176479940311], 'diameter': 32.97986724528482, 'sphere': {'center': [-5.367512643805387, 1.052117813699275, 85.55130433213851], 'radius': 12.0}, 'projected_sphere': {'center': [121.10102744618021, 127.62481705668748], 'axes': [173.9307204742421, 173.9307204742421], 'angle': 90.0}, 'model_confidence': 0.670970417444472, 'model_id': 1, 'model_birth_timestamp': 40910.15789, 'theta': 2.537180953862535, 'phi': -1.9003931638483207, 'norm_pos': [0.31450350080379263, 0.1437843133358203], 'topic': 'pupil.1', 'id': 1, 'method': '3d c++'}"
1582184725.443719,"{'circle_3d': {'center': [-7.574504517339202, 10.922307363693466, 79.09308901230432], 'normal': [-0.18391598946115126, 0.8225157958328495, -0.5381846099861831], 'radius': 2.0966042112514924}, 'confidence': 0.31575638013276797, 'timestamp': 41057.66189, 'diameter_3d': 4.193208422502985, 'ellipse': {'center': [100.63797744216453, 205.46829654380548], 'axes': [13.361545114515614, 32.934271146095206], 'angle': -75.90977921681025}, 'location': [100.63797744216453, 205.46829654380548], 'diameter': 32.934271146095206, 'sphere': {'center': [-5.367512643805387, 1.052117813699275, 85.55130433213851], 'radius': 12.0}, 'projected_sphere': {'center': [121.10102744618021, 127.62481705668748], 'axes': [173.9307204742421, 173.9307204742421], 'angle': 90.0}, 'model_confidence': 0.670970417444472, 'model_id': 1, 'model_birth_timestamp': 40910.15789, 'theta': 2.5366167382459217, 'phi': -1.9000883484527193, 'norm_pos': [0.31449367950676416, 0.14388209773414384], 'topic': 'pupil.1', 'id': 1, 'method': '3d c++'}"
1582184725.455619,"{'circle_3d': {'center': [-7.606094908219882, 10.849640873752762, 78.99407234499874], 'normal': [-0.18654852203454125, 0.8164602550044573, -0.5464359989283144], 'radius': 2.132300897495781}, 'confidence': 0.23147274672215704, 'timestamp': 41057.67029, 'diameter_3d': 4.264601794991562, 'ellipse': {'center': [100.31766597862924, 204.99736328979526], 'axes': [13.918879858659752, 33.53690753492945], 'angle': -75.60625688949584}, 'location': [100.31766597862924, 204.99736328979526], 'diameter': 33.53690753492945, 'sphere': {'center': [-5.367512643805387, 1.052117813699275, 85.55130433213851], 'radius': 12.0}, 'projected_sphere': {'center': [121.10102744618021, 127.62481705668748], 'axes': [173.9307204742421, 173.9307204742421], 'angle': 90.0}, 'model_confidence': 0.670970417444472, 'model_id': 1, 'model_birth_timestamp': 40910.15789, 'theta': 2.5260500293736183, 'phi': -1.8997814785315195, 'norm_pos': [0.31349270618321634, 0.1458443196258531], 'topic': 'pupil.1', 'id': 1, 'method': '3d c++'}"
1582184725.4635031,"{'circle_3d': {'center': [-7.603656797986641, 10.850544087573244, 78.99459007290949], 'normal': [-0.1863453461817712, 0.8165355228228309, -0.5463928549357523], 'radius': 2.1055883078360496}, 'confidence': 0.29953274980528033, 'timestamp': 41057.67869, 'diameter_3d': 4.211176615672099, 'ellipse': {'center': [100.33676082675895, 205.00783824549035], 'axes': [13.743029881689507, 33.116356408421424], 'angle': -75.62095415798831}, 'location': [100.33676082675895, 205.00783824549035], 'diameter': 33.116356408421424, 'sphere': {'center': [-5.367512643805387, 1.052117813699275, 85.55130433213851], 'radius': 12.0}, 'projected_sphere': {'center': [121.10102744618021, 127.62481705668748], 'axes': [173.9307204742421, 173.9307204742421], 'angle': 90.0}, 'model_confidence': 0.670970417444472, 'model_id': 1, 'model_birth_timestamp': 40910.15789, 'theta': 2.52618039747755, 'phi': -1.8994725540844581, 'norm_pos': [0.3135523775836217, 0.1458006739771236], 'topic': 'pupil.1', 'id': 1, 'method': '3d c++'}"
1582184725.47349,"{'circle_3d': {'center': [-7.603830012966906, 10.845690424656382, 78.98740151915466], 'normal': [-0.18635978076345988, 0.8161310509130921, -0.5469919010819878], 'radius': 2.1004894219959374}, 'confidence': 0.31317783185607306, 'timestamp': 41057.68709, 'diameter_3d': 4.200978843991875, 'ellipse': {'center': [100.32997623671628, 204.97803683378174], 'axes': [13.733725663327117, 33.03911293448045], 'angle': -75.61090631710668}, 'location': [100.32997623671628, 204.97803683378174], 'diameter': 33.03911293448045, 'sphere': {'center': [-5.367512643805387, 1.052117813699275, 85.55130433213851], 'radius': 12.0}, 'projected_sphere': {'center': [121.10102744618021, 127.62481705668748], 'axes': [173.9307204742421, 173.9307204742421], 'angle': 90.0}, 'model_confidence': 0.670970417444472, 'model_id': 1, 'model_birth_timestamp': 40910.15789, 'theta': 2.5254801115009253, 'phi': -1.8991615751115343, 'norm_pos': [0.3135311757397384, 0.14592484652590942], 'topic': 'pupil.1', 'id': 1, 'method': '3d c++'}"
1582184725.479558,"{'circle_3d': {'center': [-7.603994198286611, 10.840810343518143, 78.98018199169061], 'normal': [-0.18637346287343537, 0.8157243774849057, -0.5475935283706584], 'radius': 2.101484354706203}, 'confidence': 0.32592882740616497, 'timestamp': 41057.69549, 'diameter_3d': 4.202968709412406, 'ellipse': {'center': [100.3233257119897, 204.94716331291426], 'axes': [13.764371626999505, 33.05777613770258], 'angle': -75.60084662495638}, 'location': [100.3233257119897, 204.94716331291426], 'diameter': 33.05777613770258, 'sphere': {'center': [-5.367512643805387, 1.052117813699275, 85.55130433213851], 'radius': 12.0}, 'projected_sphere': {'center': [121.10102744618021, 127.62481705668748], 'axes': [173.9307204742421, 173.9307204742421], 'angle': 90.0}, 'model_confidence': 0.670970417444472, 'model_id': 1, 'model_birth_timestamp': 40910.15789, 'theta': 2.524776711477994, 'phi': -1.8988485416127492, 'norm_pos': [0.3135103928499678, 0.14605348619619063], 'topic': 'pupil.1', 'id': 1, 'method': '3d c++'}"
1582184725.487988,"{'circle_3d': {'center': [-7.604149269148906, 10.835903782233046, 78.97293152968246], 'normal': [-0.18638638544529332, 0.8153154973778145, -0.548197733538005], 'radius': 2.097138673153989}, 'confidence': 0.3134017525478834, 'timestamp': 41057.70389, 'diameter_3d': 4.194277346307978, 'ellipse': {'center': [100.31664481480951, 204.9168918831229], 'axes': [13.760078261271806, 32.99239477885517], 'angle': -75.59078531709744}, 'location': [100.31664481480951, 204.9168918831229], 'diameter': 32.99239477885517, 'sphere': {'center': [-5.367512643805387, 1.052117813699275, 85.55130433213851], 'radius': 12.0}, 'projected_sphere': {'center': [121.10102744618021, 127.62481705668748], 'axes': [173.9307204742421, 173.9307204742421], 'angle': 90.0}, 'model_confidence': 0.670970417444472, 'model_id': 1, 'model_birth_timestamp': 40910.15789, 'theta': 2.5240701974087556, 'phi': -1.8985334535881013, 'norm_pos': [0.3134895150462797, 0.14617961715365457], 'topic': 'pupil.1', 'id': 1, 'method': '3d c++'}"
1582184725.4961832,"{'circle_3d': {'center': [-7.604295140364384, 10.83097067865344, 78.965650172629], 'normal': [-0.1863985413799164, 0.8149044054128471, -0.5488045132924598], 'radius': 2.104658195281233}, 'confidence': 0.2861306918993312, 'timestamp': 41057.71229, 'diameter_3d': 4.209316390562466, 'ellipse': {'center': [100.31018477838771, 204.8846976939205], 'axes': [13.833864670088094, 33.11378891317247], 'angle': -75.58070771090209}, 'location': [100.31018477838771, 204.8846976939205], 'diameter': 33.11378891317247, 'sphere': {'center': [-5.367512643805387, 1.052117813699275, 85.55130433213851], 'radius': 12.0}, 'projected_sphere': {'center': [121.10102744618021, 127.62481705668748], 'axes': [173.9307204742421, 173.9307204742421], 'angle': 90.0}, 'model_confidence': 0.670970417444472, 'model_id': 1, 'model_birth_timestamp': 40910.15789, 'theta': 2.523360569292595, 'phi': -1.8982163110373171, 'norm_pos': [0.3134693274324616, 0.14631375960866466], 'topic': 'pupil.1', 'id': 1, 'method': '3d c++'}"
1582184725.50336,"{'circle_3d': {'center': [-7.604431726351542, 10.826010970427404, 78.95833796039021], 'normal': [-0.1864099235455129, 0.8144910963940106, -0.5494138643123586], 'radius': 2.102219971503259}, 'confidence': 0.2993500584380823, 'timestamp': 41057.72069, 'diameter_3d': 4.204439943006518, 'ellipse': {'center': [100.30362793254369, 204.8537841673429], 'axes': [13.842307533535708, 33.078455109768925], 'angle': -75.57063313761716}, 'location': [100.30362793254369, 204.8537841673429], 'diameter': 33.078455109768925, 'sphere': {'center': [-5.367512643805387, 1.052117813699275, 85.55130433213851], 'radius': 12.0}, 'projected_sphere': {'center': [121.10102744618021, 127.62481705668748], 'axes': [173.9307204742421, 173.9307204742421], 'angle': 90.0}, 'model_confidence': 0.670970417444472, 'model_id': 1, 'model_birth_timestamp': 40910.15789, 'theta': 2.5226478271307418, 'phi': -1.8978971139609448, 'norm_pos': [0.31344883728919903, 0.14644256596940464], 'topic': 'pupil.1', 'id': 1, 'method': '3d c++'}"
1582184725.511965,"{'circle_3d': {'center': [-7.604558941138556, 10.821024594973945, 78.95099493315169], 'normal': [-0.18642052477776405, 0.8140755651062224, -0.5500257832489018], 'radius': 2.0932272207432425}, 'confidence': 0.27437138325715843, 'timestamp': 41057.72909, 'diameter_3d': 4.186454441486485, 'ellipse': {'center': [100.29702332001276, 204.82365218304165], 'axes': [13.807529533014794, 32.93993182299694], 'angle': -75.56055895550078}, 'location': [100.29702332001276, 204.82365218304165], 'diameter': 32.93993182299694, 'sphere': {'center': [-5.367512643805387, 1.052117813699275, 85.55130433213851], 'radius': 12.0}, 'projected_sphere': {'center': [121.10102744618021, 127.62481705668748], 'axes': [173.9307204742421, 173.9307204742421], 'angle': 90.0}, 'model_confidence': 0.670970417444472, 'model_id': 1, 'model_birth_timestamp': 40910.15789, 'theta': 2.52193197092258, 'phi': -1.8975758623587105, 'norm_pos': [0.31342819787503984, 0.1465681159039931], 'topic': 'pupil.1', 'id': 1, 'method': '3d c++'}"
1582184725.5197299,"{'circle_3d': {'center': [-7.604676698363751, 10.816011489500934, 78.94362113145218], 'normal': [-0.1864303378798636, 0.8136578063168045, -0.5506402667238613], 'radius': 2.0912227553063505}, 'confidence': 0.28758267253618247, 'timestamp': 41057.73749, 'diameter_3d': 4.182445510612701, 'ellipse': {'center': [100.2905711708894, 204.7923102801247], 'axes': [13.818878563838389, 32.91143126115208], 'angle': -75.55047363818815}, 'location': [100.2905711708894, 204.7923102801247], 'diameter': 32.91143126115208, 'sphere': {'center': [-5.367512643805387, 1.052117813699275, 85.55130433213851], 'radius': 12.0}, 'projected_sphere': {'center': [121.10102744618021, 127.62481705668748], 'axes': [173.9307204742421, 173.9307204742421], 'angle': 90.0}, 'model_confidence': 0.670970417444472, 'model_id': 1, 'model_birth_timestamp': 40910.15789, 'theta': 2.5212130006681113, 'phi': -1.8972525562306135, 'norm_pos': [0.31340803490902935, 0.14669870716614708], 'topic': 'pupil.1', 'id': 1, 'method': '3d c++'}"
1582184725.52898,"{'circle_3d': {'center': [-7.604784911276757, 10.810971591001646, 78.93621659617955], 'normal': [-0.18643935562261416, 0.8132378147751976, -0.5512573113299138], 'radius': 2.0873063862213637}, 'confidence': 0.30108264377822763, 'timestamp': 41057.74589, 'diameter_3d': 4.174612772442727, 'ellipse': {'center': [100.28414107866865, 204.76106572226132], 'axes': [13.817625082665767, 32.852831389332316], 'angle': -75.54038527410133}, 'location': [100.28414107866865, 204.76106572226132], 'diameter': 32.852831389332316, 'sphere': {'center': [-5.367512643805387, 1.052117813699275, 85.55130433213851], 'radius': 12.0}, 'projected_sphere': {'center': [121.10102744618021, 127.62481705668748], 'axes': [173.9307204742421, 173.9307204742421], 'angle': 90.0}, 'model_confidence': 0.670970417444472, 'model_id': 1, 'model_birth_timestamp': 40910.15789, 'theta': 2.5204909163673372, 'phi': -1.8969271955766556, 'norm_pos': [0.31338794087083954, 0.1468288928239112], 'topic': 'pupil.1', 'id': 1, 'method': '3d c++'}"
1582184725.539598,"{'circle_3d': {'center': [-7.604883492739532, 10.80590483625561, 78.9287813685731], 'normal': [-0.1864475707445121, 0.8128155852130281, -0.5518769136304514], 'radius': 2.0998596826732907}, 'confidence': 0.26012650966276574, 'timestamp': 41057.75429, 'diameter_3d': 4.199719365346581, 'ellipse': {'center': [100.2780082841822, 204.727211802235], 'axes': [13.925720896734912, 33.053606973058876], 'angle': -75.53027805901421}, 'location': [100.2780082841822, 204.727211802235], 'diameter': 33.053606973058876, 'sphere': {'center': [-5.367512643805387, 1.052117813699275, 85.55130433213851], 'radius': 12.0}, 'projected_sphere': {'center': [121.10102744618021, 127.62481705668748], 'axes': [173.9307204742421, 173.9307204742421], 'angle': 90.0}, 'model_confidence': 0.670970417444472, 'model_id': 1, 'model_birth_timestamp': 40910.15789, 'theta': 2.5197657180202566, 'phi': -1.896599780396836, 'norm_pos': [0.3133687758880694, 0.14696995082402087], 'topic': 'pupil.1', 'id': 1, 'method': '3d c++'}"
1582184725.5478358,"{'circle_3d': {'center': [-7.604972355227462, 10.800811161825013, 78.9213154902194], 'normal': [-0.1864549759518396, 0.8123911123438117, -0.5524990701599264], 'radius': 2.081064295401126}, 'confidence': 0.27547516045159276, 'timestamp': 41057.76269, 'diameter_3d': 4.162128590802252, 'ellipse': {'center': [100.27145829655424, 204.69779054732254], 'axes': [13.825757326154516, 32.76069007798094], 'angle': -75.52019426467486}, 'location': [100.27145829655424, 204.69779054732254], 'diameter': 32.76069007798094, 'sphere': {'center': [-5.367512643805387, 1.052117813699275, 85.55130433213851], 'radius': 12.0}, 'projected_sphere': {'center': [121.10102744618021, 127.62481705668748], 'axes': [173.9307204742421, 173.9307204742421], 'angle': 90.0}, 'model_confidence': 0.670970417444472, 'model_id': 1, 'model_birth_timestamp': 40910.15789, 'theta': 2.519037405626237, 'phi': -1.8962703106908683, 'norm_pos': [0.313348307176732, 0.14709253938615607], 'topic': 'pupil.1', 'id': 1, 'method': '3d c++'}"
1582184725.556038,"{'circle_3d': {'center': [-7.605051410830112, 10.795690504073256, 78.91381900308053], 'normal': [-0.18646156391872695, 0.811964390864498, -0.5531237774214981], 'radius': 2.0734259725543094}, 'confidence': 0.2500432703598784, 'timestamp': 41057.77109, 'diameter_3d': 4.146851945108619, 'ellipse': {'center': [100.26512754478952, 204.6665373247831], 'axes': [13.79978755307799, 32.643472468007595], 'angle': -75.51009689672003}, 'location': [100.26512754478952, 204.6665373247831], 'diameter': 32.643472468007595, 'sphere': {'center': [-5.367512643805387, 1.052117813699275, 85.55130433213851], 'radius': 12.0}, 'projected_sphere': {'center': [121.10102744618021, 127.62481705668748], 'axes': [173.9307204742421, 173.9307204742421], 'angle': 90.0}, 'model_confidence': 0.670970417444472, 'model_id': 1, 'model_birth_timestamp': 40910.15789, 'theta': 2.5183059791865396, 'phi': -1.8959387864593231, 'norm_pos': [0.31332852357746727, 0.14722276114673716], 'topic': 'pupil.1', 'id': 1, 'method': '3d c++'}"
1582184725.566184,"{'circle_3d': {'center': [-7.605120571252741, 10.79054279913931, 78.90629194945765], 'normal': [-0.18646732728727955, 0.8115354154533363, -0.5537510318900718], 'radius': 2.074657272024933}, 'confidence': 0.28921837082346885, 'timestamp': 41057.77949, 'diameter_3d': 4.149314544049866, 'ellipse': {'center': [100.25898302389585, 204.6337986780346], 'axes': [13.832942599707419, 32.665967099033054], 'angle': -75.49998833007758}, 'location': [100.25898302389585, 204.6337986780346], 'diameter': 32.665967099033054, 'sphere': {'center': [-5.367512643805387, 1.052117813699275, 85.55130433213851], 'radius': 12.0}, 'projected_sphere': {'center': [121.10102744618021, 127.62481705668748], 'axes': [173.9307204742421, 173.9307204742421], 'angle': 90.0}, 'model_confidence': 0.670970417444472, 'model_id': 1, 'model_birth_timestamp': 40910.15789, 'theta': 2.517571438700537, 'phi': -1.8956052077019165, 'norm_pos': [0.31330932194967454, 0.14735917217485583], 'topic': 'pupil.1', 'id': 1, 'method': '3d c++'}"
1582184725.571666,"{'circle_3d': {'center': [-7.605179747817066, 10.785367982956227, 78.89873437201908], 'normal': [-0.18647225866763986, 0.8111041807714127, -0.554380830009953], 'radius': 2.0830798520154503}, 'confidence': 0.2879147907678865, 'timestamp': 41057.78789, 'diameter_3d': 4.166159704030901, 'ellipse': {'center': [100.2530022387825, 204.5998140148271], 'axes': [13.914321544151763, 32.80177266816693], 'angle': -75.48987030676375}, 'location': [100.2530022387825, 204.5998140148271], 'diameter': 32.80177266816693, 'sphere': {'center': [-5.367512643805387, 1.052117813699275, 85.55130433213851], 'radius': 12.0}, 'projected_sphere': {'center': [121.10102744618021, 127.62481705668748], 'axes': [173.9307204742421, 173.9307204742421], 'angle': 90.0}, 'model_confidence': 0.670970417444472, 'model_id': 1, 'model_birth_timestamp': 40910.15789, 'theta': 2.5168337841682265, 'phi': -1.8952695744186479, 'norm_pos': [0.31329063199619533, 0.14750077493822045], 'topic': 'pupil.1', 'id': 1, 'method': '3d c++'}"
1582184725.5810719,"{'circle_3d': {'center': [-7.6396993663346695, 10.849938708439158, 79.00608674885221], 'normal': [-0.1893488935441069, 0.816485074561657, -0.5454347986071919], 'radius': 2.1254669327385702}, 'confidence': 0.23240963189728314, 'timestamp': 41057.79629, 'diameter_3d': 4.2509338654771405, 'ellipse': {'center': [100.06335418161368, 204.98823395248687], 'axes': [13.827610781665866, 33.42412616298476], 'angle': -75.42817360104421}, 'location': [100.06335418161368, 204.98823395248687], 'diameter': 33.42412616298476, 'sphere': {'center': [-5.367512643805387, 1.052117813699275, 85.55130433213851], 'radius': 12.0}, 'projected_sphere': {'center': [121.10102744618021, 127.62481705668748], 'axes': [173.9307204742421, 173.9307204742421], 'angle': 90.0}, 'model_confidence': 0.670970417444472, 'model_id': 1, 'model_birth_timestamp': 40910.15789, 'theta': 2.52609301558961, 'phi': -1.904931886609518, 'norm_pos': [0.3126979818175427, 0.1458823585313047], 'topic': 'pupil.1', 'id': 1, 'method': '3d c++'}"
1582184725.5882308,"{'circle_3d': {'center': [-7.637522155769411, 10.839937311994898, 78.99038623446522], 'normal': [-0.1891674593303353, 0.8156516248579684, -0.5467431748061078], 'radius': 2.125458609533508}, 'confidence': 0.30958223238023275, 'timestamp': 41057.80469, 'diameter_3d': 4.250917219067016, 'ellipse': {'center': [100.06866434830452, 204.92620078453876], 'axes': [13.881051205903024, 33.43061767925886], 'angle': -75.42076143485757}, 'location': [100.06866434830452, 204.92620078453876], 'diameter': 33.43061767925886, 'sphere': {'center': [-5.367512643805387, 1.052117813699275, 85.55130433213851], 'radius': 12.0}, 'projected_sphere': {'center': [121.10102744618021, 127.62481705668748], 'axes': [173.9307204742421, 173.9307204742421], 'angle': 90.0}, 'model_confidence': 0.670970417444472, 'model_id': 1, 'model_birth_timestamp': 40910.15789, 'theta': 2.5246509489481506, 'phi': -1.903893960257989, 'norm_pos': [0.31271457608845166, 0.1461408300644218], 'topic': 'pupil.1', 'id': 1, 'method': '3d c++'}"
1582184725.5968902,"{'circle_3d': {'center': [-7.606022239708225, 10.904646310267111, 79.07698915496574], 'normal': [-0.1865424663252365, 0.8210440413806529, -0.5395262647643975], 'radius': 2.133112775092398}, 'confidence': 0.3229930206652742, 'timestamp': 41057.81309, 'diameter_3d': 4.266225550184796, 'ellipse': {'center': [100.37993489691631, 205.3416231323059], 'axes': [13.643243515794047, 33.51467660542308], 'angle': -75.70989699215234}, 'location': [100.37993489691631, 205.3416231323059], 'diameter': 33.51467660542308, 'sphere': {'center': [-5.367512643805387, 1.052117813699275, 85.55130433213851], 'radius': 12.0}, 'projected_sphere': {'center': [121.10102744618021, 127.62481705668748], 'axes': [173.9307204742421, 173.9307204742421], 'angle': 90.0}, 'model_confidence': 0.670970417444472, 'model_id': 1, 'model_birth_timestamp': 40910.15789, 'theta': 2.534033824175013, 'phi': -1.903682035295579, 'norm_pos': [0.3136872965528635, 0.14440990361539208], 'topic': 'pupil.1', 'id': 1, 'method': '3d c++'}"
1582184725.604098,"{'circle_3d': {'center': [-7.608878463760658, 10.895611481004373, 79.06424708845239], 'normal': [-0.18678048499627262, 0.8202911389420917, -0.5405881036405105], 'radius': 2.145640011870792}, 'confidence': 0.19251618368696552, 'timestamp': 41057.82149, 'diameter_3d': 4.291280023741584, 'ellipse': {'center': [100.34828681492438, 205.28235169952637], 'axes': [13.766288905519508, 33.716993828475346], 'angle': -75.67782444292712}, 'location': [100.34828681492438, 205.28235169952637], 'diameter': 33.716993828475346, 'sphere': {'center': [-5.367512643805387, 1.052117813699275, 85.55130433213851], 'radius': 12.0}, 'projected_sphere': {'center': [121.10102744618021, 127.62481705668748], 'axes': [173.9307204742421, 173.9307204742421], 'angle': 90.0}, 'model_confidence': 0.670970417444472, 'model_id': 1, 'model_birth_timestamp': 40910.15789, 'theta': 2.5327161919532144, 'phi': -1.903468681942981, 'norm_pos': [0.3135883962966387, 0.14465686791864008], 'topic': 'pupil.1', 'id': 1, 'method': '3d c++'}"
1582184725.61242,"{'circle_3d': {'center': [-7.544033525800049, 10.892232988182279, 79.03709753444238], 'normal': [-0.1813767401662218, 0.8200095978735837, -0.5428505664746778], 'radius': 2.0964148171425667}, 'confidence': 0.183566717598841, 'timestamp': 41057.82989, 'diameter_3d': 4.1928296342851334, 'ellipse': {'center': [100.83503998840955, 205.29137704742197], 'axes': [13.551868507516296, 32.95467452745136], 'angle': -76.01588947030613}, 'location': [100.83503998840955, 205.29137704742197], 'diameter': 32.95467452745136, 'sphere': {'center': [-5.367512643805387, 1.052117813699275, 85.55130433213851], 'radius': 12.0}, 'projected_sphere': {'center': [121.10102744618021, 127.62481705668748], 'axes': [173.9307204742421, 173.9307204742421], 'angle': 90.0}, 'model_confidence': 0.670970417444472, 'model_id': 1, 'model_birth_timestamp': 40910.15789, 'theta': 2.532224114602669, 'phi': -1.893253900200011, 'norm_pos': [0.31510949996377985, 0.1446192623024084], 'topic': 'pupil.1', 'id': 1, 'method': '3d c++'}"
1582184725.6189241,"{'circle_3d': {'center': [-7.48342742764599, 10.888839320821752, 79.01205249275819], 'normal': [-0.1763262319867168, 0.8197267922602061, -0.5449376532816937], 'radius': 2.094615162908279}, 'confidence': 0.24891790582540543, 'timestamp': 41057.83829, 'diameter_3d': 4.189230325816558, 'ellipse': {'center': [101.29112271964368, 205.29118057450012], 'axes': [13.634255499279083, 32.93707662796881], 'angle': -76.33269071595436}, 'location': [101.29112271964368, 205.29118057450012], 'diameter': 32.93707662796881, 'sphere': {'center': [-5.367512643805387, 1.052117813699275, 85.55130433213851], 'radius': 12.0}, 'projected_sphere': {'center': [121.10102744618021, 127.62481705668748], 'axes': [173.9307204742421, 173.9307204742421], 'angle': 90.0}, 'model_confidence': 0.670970417444472, 'model_id': 1, 'model_birth_timestamp': 40910.15789, 'theta': 2.531730176090604, 'phi': -1.883735551628317, 'norm_pos': [0.3165347584988865, 0.1446200809395829], 'topic': 'pupil.1', 'id': 1, 'method': '3d c++'}"
1582184725.6342201,"{'circle_3d': {'center': [-7.552543106435982, 10.885430452617424, 79.02967842883274], 'normal': [-0.1820858718858829, 0.8194427199098457, -0.5434688252754813], 'radius': 2.1102048622148084}, 'confidence': 0.2734326328362538, 'timestamp': 41057.84669, 'diameter_3d': 4.220409724429617, 'ellipse': {'center': [100.76311956575412, 205.2438455243866], 'axes': [13.664468785670168, 33.174610782020224], 'angle': -75.95802993945232}, 'location': [100.76311956575412, 205.2438455243866], 'diameter': 33.174610782020224, 'sphere': {'center': [-5.367512643805387, 1.052117813699275, 85.55130433213851], 'radius': 12.0}, 'projected_sphere': {'center': [121.10102744618021, 127.62481705668748], 'axes': [173.9307204742421, 173.9307204742421], 'angle': 90.0}, 'model_confidence': 0.670970417444472, 'model_id': 1, 'model_birth_timestamp': 40910.15789, 'theta': 2.531234376417022, 'phi': -1.8940855294428949, 'norm_pos': [0.31488474864298166, 0.14481731031505585], 'topic': 'pupil.1', 'id': 1, 'method': '3d c++'}"
1582184725.640071,"{'circle_3d': {'center': [-7.579426573749192, 10.950341977884563, 79.13783450979905], 'normal': [-0.18432616082865041, 0.8248520136821074, -0.5344558185282888], 'radius': 2.104926841586403}, 'confidence': 0.2628038935845472, 'timestamp': 41057.85509, 'diameter_3d': 4.209853683172806, 'ellipse': {'center': [100.63270422741606, 205.63962451072325], 'axes': [13.264763862316954, 33.046438400709974], 'angle': -75.93570776491683}, 'location': [100.63270422741606, 205.63962451072325], 'diameter': 33.046438400709974, 'sphere': {'center': [-5.367512643805387, 1.052117813699275, 85.55130433213851], 'radius': 12.0}, 'projected_sphere': {'center': [121.10102744618021, 127.62481705668748], 'axes': [173.9307204742421, 173.9307204742421], 'angle': 90.0}, 'model_confidence': 0.670970417444472, 'model_id': 1, 'model_birth_timestamp': 40910.15789, 'theta': 2.540736715581919, 'phi': -1.9029077176341744, 'norm_pos': [0.3144772007106752, 0.14316823120531974], 'topic': 'pupil.1', 'id': 1, 'method': '3d c++'}"
1582184725.649736,"{'circle_3d': {'center': [-7.512161338262869, 10.94221314421167, 79.10254504598596], 'normal': [-0.17872072453812346, 0.8241746108760328, -0.5373966071793792], 'radius': 2.1080457568945072}, 'confidence': 0.3403473126571665, 'timestamp': 41057.86349, 'diameter_3d': 4.2160915137890145, 'ellipse': {'center': [101.13278200812154, 205.61249139571262], 'axes': [13.413970264270269, 33.110478660804986], 'angle': -76.27689501792825}, 'location': [101.13278200812154, 205.61249139571262], 'diameter': 33.110478660804986, 'sphere': {'center': [-5.367512643805387, 1.052117813699275, 85.55130433213851], 'radius': 12.0}, 'projected_sphere': {'center': [121.10102744618021, 127.62481705668748], 'axes': [173.9307204742421, 173.9307204742421], 'angle': 90.0}, 'model_confidence': 0.670970417444472, 'model_id': 1, 'model_birth_timestamp': 40910.15789, 'theta': 2.539539557295859, 'phi': -1.8918576042356243, 'norm_pos': [0.3160399437753798, 0.14328128585119737], 'topic': 'pupil.1', 'id': 1, 'method': '3d c++'}"
1582184725.655541,"{'circle_3d': {'center': [-7.580777146819614, 10.939691087200682, 79.12189106179744], 'normal': [-0.18443870858451886, 0.8239644394584505, -0.5357844391950893], 'radius': 2.120172954132702}, 'confidence': 0.23459617656382706, 'timestamp': 41057.87189, 'diameter_3d': 4.240345908265404, 'ellipse': {'center': [100.61053822444647, 205.5708087855205], 'axes': [13.41413909607926, 33.292587155946514], 'angle': -75.90881098434845}, 'location': [100.61053822444647, 205.5708087855205], 'diameter': 33.292587155946514, 'sphere': {'center': [-5.367512643805387, 1.052117813699275, 85.55130433213851], 'radius': 12.0}, 'projected_sphere': {'center': [121.10102744618021, 127.62481705668748], 'axes': [173.9307204742421, 173.9307204742421], 'angle': 90.0}, 'model_confidence': 0.670970417444472, 'model_id': 1, 'model_birth_timestamp': 40910.15789, 'theta': 2.539168550008137, 'phi': -1.902331011753201, 'norm_pos': [0.3144079319513952, 0.14345496339366448], 'topic': 'pupil.1', 'id': 1, 'method': '3d c++'}"
1582184725.6642618,"{'circle_3d': {'center': [-7.575196585906031, 10.93715928063309, 79.11608197321493], 'normal': [-0.18397366184172032, 0.8237534555778177, -0.5362685299102984], 'radius': 2.1021581574180135}, 'confidence': 0.3022212143416361, 'timestamp': 41057.88029, 'diameter_3d': 4.204316314836027, 'ellipse': {'center': [100.64965245198098, 205.55966264572416], 'axes': [13.320342921361172, 33.01200315482549], 'angle': -75.93364576882021}, 'location': [100.64965245198098, 205.55966264572416], 'diameter': 33.01200315482549, 'sphere': {'center': [-5.367512643805387, 1.052117813699275, 85.55130433213851], 'radius': 12.0}, 'projected_sphere': {'center': [121.10102744618021, 127.62481705668748], 'axes': [173.9307204742421, 173.9307204742421], 'angle': 90.0}, 'model_confidence': 0.670970417444472, 'model_id': 1, 'model_birth_timestamp': 40910.15789, 'theta': 2.5387963097189665, 'phi': -1.9012774920036555, 'norm_pos': [0.3145301639124406, 0.143501405642816], 'topic': 'pupil.1', 'id': 1, 'method': '3d c++'}"
1582184725.671604,"{'circle_3d': {'center': [-7.639209789761832, 10.93461771124706, 79.13448363556132], 'normal': [-0.1893080954963704, 0.8235416581289821, -0.5347350580480992], 'radius': 2.1144735018508456}, 'confidence': 0.34008949678900513, 'timestamp': 41057.88869, 'diameter_3d': 4.228947003701691, 'ellipse': {'center': [100.16289880302062, 205.51881231525442], 'axes': [13.325625590820776, 33.197473999509434], 'angle': -75.59082246231998}, 'location': [100.16289880302062, 205.51881231525442], 'diameter': 33.197473999509434, 'sphere': {'center': [-5.367512643805387, 1.052117813699275, 85.55130433213851], 'radius': 12.0}, 'projected_sphere': {'center': [121.10102744618021, 127.62481705668748], 'axes': [173.9307204742421, 173.9307204742421], 'angle': 90.0}, 'model_confidence': 0.670970417444472, 'model_id': 1, 'model_birth_timestamp': 40910.15789, 'theta': 2.538422836428347, 'phi': -1.9110499172914712, 'norm_pos': [0.31300905875943946, 0.14367161535310657], 'topic': 'pupil.1', 'id': 1, 'method': '3d c++'}"
1582184725.678883,"{'circle_3d': {'center': [-7.69860666591083, 10.932066365742902, 79.15188113398422], 'normal': [-0.19425783517545359, 0.8233290460036354, -0.5332852665128579], 'radius': 2.109657900652919}, 'confidence': 0.35440747193742816, 'timestamp': 41057.89709, 'diameter_3d': 4.219315801305838, 'ellipse': {'center': [99.71147093891439, 205.4814029340475], 'axes': [13.226818123243364, 33.11426567622335], 'angle': -75.27332537511762}, 'location': [99.71147093891439, 205.4814029340475], 'diameter': 33.11426567622335, 'sphere': {'center': [-5.367512643805387, 1.052117813699275, 85.55130433213851], 'radius': 12.0}, 'projected_sphere': {'center': [121.10102744618021, 127.62481705668748], 'axes': [173.9307204742421, 173.9307204742421], 'angle': 90.0}, 'model_confidence': 0.670970417444472, 'model_id': 1, 'model_birth_timestamp': 40910.15789, 'theta': 2.5380481301362807, 'phi': -1.920123558941707, 'norm_pos': [0.31159834668410746, 0.14382748777480203], 'topic': 'pupil.1', 'id': 1, 'method': '3d c++'}"
1582184725.689781,"{'circle_3d': {'center': [-7.694773354336463, 10.929505230783043, 79.14653459404069], 'normal': [-0.19393839254425627, 0.8231156180903139, -0.5337308115081522], 'radius': 2.0824671126667975}, 'confidence': 0.3456247849585135, 'timestamp': 41057.90549, 'diameter_3d': 4.164934225333595, 'ellipse': {'center': [99.73704060931144, 205.4708029521237], 'axes': [13.074419096128011, 32.68946947809284], 'angle': -75.28860746395844}, 'location': [99.73704060931144, 205.4708029521237], 'diameter': 32.68946947809284, 'sphere': {'center': [-5.367512643805387, 1.052117813699275, 85.55130433213851], 'radius': 12.0}, 'projected_sphere': {'center': [121.10102744618021, 127.62481705668748], 'axes': [173.9307204742421, 173.9307204742421], 'angle': 90.0}, 'model_confidence': 0.670970417444472, 'model_id': 1, 'model_birth_timestamp': 40910.15789, 'theta': 2.5376721908427644, 'phi': -1.9193264731509587, 'norm_pos': [0.31167825190409826, 0.14387165436615124], 'topic': 'pupil.1', 'id': 1, 'method': '3d c++'}"
1582184725.696007,"{'circle_3d': {'center': [-7.696238394518469, 10.926934292989941, 79.14310365813529], 'normal': [-0.19406047922609007, 0.8229013732742219, -0.534016722833602], 'radius': 2.076352503706034}, 'confidence': 0.3332430702473133, 'timestamp': 41057.91389, 'diameter_3d': 4.152705007412068, 'ellipse': {'center': [99.72292340232705, 205.45514176928276], 'axes': [13.046990422229515, 32.594836533842916], 'angle': -75.27599936824483}, 'location': [99.72292340232705, 205.45514176928276], 'diameter': 32.594836533842916, 'sphere': {'center': [-5.367512643805387, 1.052117813699275, 85.55130433213851], 'radius': 12.0}, 'projected_sphere': {'center': [121.10102744618021, 127.62481705668748], 'axes': [173.9307204742421, 173.9307204742421], 'angle': 90.0}, 'model_confidence': 0.670970417444472, 'model_id': 1, 'model_birth_timestamp': 40910.15789, 'theta': 2.537295018547471, 'phi': -1.9193565739769627, 'norm_pos': [0.31163413563227205, 0.1439369092946552], 'topic': 'pupil.1', 'id': 1, 'method': '3d c++'}"
