circle_3d,confidence,timestamp,diameter_3d,ellipse,location,diameter,sphere,projected_sphere,model_confidence,model_id,model_birth_timestamp,theta,phi,norm_pos,topic,id,method
"{'center': [8.280929353095168, 7.8350266873639, 80.87551538274114], 'normal': [0.4617354447176479, 0.8338727840381523, Decimal('-0.30241785518030656')], 'radius': Decimal('3.3247483311298645')}",0.25423160125702077,368.642767,6.649496662259729,"{'center': [Decimal('223.43354114304805'), Decimal('179.89184799457541')], 'axes': [8.894038525901522, 51.05842076132716], 'angle': 60.60691069546124}","[Decimal('223.43354114304805'), Decimal('179.89184799457541')]",51.05842076132716,"{'center': [2.740104016483392, Decimal('-2.1714467210939294'), 84.50452964490482], 'radius': 12.0}","{'center': [180.103827538695, Decimal('104.06834553442886')], 'axes': [176.0852354604779, 176.0852354604779], 'angle': 90.0}",0.985883282658917,1,244.457167,2.556883732278773,-0.5798535471215649,"[0.6982298160720252, Decimal('0.25045063335593576')]",pupil.1,1,3d c++
"{'center': [8.436545995711757, 7.730222802244526, 80.82927599000217], 'normal': [Decimal('0.47470349826903036'), 0.8251391269448711, -0.3062711379085539], 'radius': 3.321015793554662}",0.19759205213193481,368.651167,6.642031587109324,"{'center': [Decimal('224.65917121980425'), Decimal('179.12052085842873')], 'axes': [9.065139080250427, Decimal('51.030347596732675')], 'angle': Decimal('59.659778322906746')}","[Decimal('224.65917121980425'), Decimal('179.12052085842873')]",51.030347596732675,"{'center': [2.740104016483392, Decimal('-2.1714467210939294'), 84.50452964490482], 'radius': 12.0}","{'center': [180.103827538695, Decimal('104.06834553442886')], 'axes': [176.0852354604779, 176.0852354604779], 'angle': 90.0}",0.985883282658917,1,244.457167,2.5412447555276074,-0.5729822316591461,"[0.7020599100618883, Decimal('0.25366449642321365')]",pupil.1,1,3d c++
"{'center': [8.65079438357754, 7.632985334604609, 80.90774615829746], 'normal': [Decimal('0.49255753059117896'), 0.8170360046415447, Decimal('-0.29973195721728035')], 'radius': Decimal('3.3211440081489174')}",0.18889979633680903,368.659567,6.642288016297835,"{'center': [Decimal('226.23881002327244'), 178.3255510555974], 'axes': [8.658154835903549, 50.98315249117661], 'angle': 58.50593443777973}","[Decimal('226.23881002327244'), 178.3255510555974]",50.98315249117661,"{'center': [2.740104016483392, Decimal('-2.1714467210939294'), 84.50452964490482], 'radius': 12.0}","{'center': [180.103827538695, Decimal('104.06834553442886')], 'axes': [176.0852354604779, 176.0852354604779], 'angle': 90.0}",0.985883282658917,1,244.457167,2.527047872409254,-0.5466619228018096,"[0.7069962813227264, 0.2569768706016775]",pupil.1,1,3d c++
"{'center': [8.022944585353041, 8.002328401503954, 80.95686910890177], 'normal': [0.4402367140724708, 0.8478145935498236, -0.2956383780002542], 'radius': Decimal('3.3027939374504336')}",0.18068208167690175,368.667967,6.605587874900867,"{'center': [Decimal('221.40186915060949'), Decimal('181.11921062347065')], 'axes': [8.515017503635711, 50.66947435160159], 'angle': 62.15728129403706}","[Decimal('221.40186915060949'), Decimal('181.11921062347065')]",50.66947435160159,"{'center': [2.740104016483392, Decimal('-2.1714467210939294'), 84.50452964490482], 'radius': 12.0}","{'center': [180.103827538695, Decimal('104.06834553442886')], 'axes': [176.0852354604779, 176.0852354604779], 'angle': 90.0}",0.985883282658917,1,244.457167,2.582646810110948,-0.591371706907452,"[0.6918808410956546, Decimal('0.24533662240220566')]",pupil.1,1,3d c++
"{'center': [8.221844373556632, Decimal('7.8784832545845696'), 80.90599798024029], 'normal': [Decimal('0.45681169642277003'), 0.837494164639875, -0.2998776387220446], 'radius': Decimal('3.3273504755283665')}",0.23551610729872052,368.676367,6.654700951056733,"{'center': [Decimal('222.95901462394932'), Decimal('180.20381274860475')], 'axes': [8.772416456713813, 51.0791370358485], 'angle': 60.97748611949632}","[Decimal('222.95901462394932'), Decimal('180.20381274860475')]",51.0791370358485,"{'center': [2.740104016483392, Decimal('-2.1714467210939294'), 84.50452964490482], 'radius': 12.0}","{'center': [180.103827538695, Decimal('104.06834553442886')], 'axes': [176.0852354604779, 176.0852354604779], 'angle': 90.0}",0.985883282658917,1,244.457167,2.5634776101914842,-0.5809016442875801,"[0.6967469206998416, Decimal('0.24915078021414694')]",pupil.1,1,3d c++
"{'center': [8.479763057400614, 7.72092850426176, 80.87173093113245], 'normal': [0.4783049200764351, 0.824364602112974, Decimal('-0.30273322614769776')], 'radius': 3.324283185305068}",0.19778814152439753,368.684767,6.648566370610136,"{'center': [Decimal('224.95778341725963'), Decimal('179.02134608346017')], 'axes': [8.868727481201152, Decimal('51.053910485143504')], 'angle': 59.45845943237333}","[Decimal('224.95778341725963'), Decimal('179.02134608346017')]",51.053910485143504,"{'center': [2.740104016483392, Decimal('-2.1714467210939294'), 84.50452964490482], 'radius': 12.0}","{'center': [180.103827538695, Decimal('104.06834553442886')], 'axes': [176.0852354604779, 176.0852354604779], 'angle': 90.0}",0.985883282658917,1,244.457167,2.53987511377833,-0.5642810162685711,"[0.7029930731789363, 0.2540777246522493]",pupil.1,1,3d c++
"{'center': [8.372296546177608, 7.767250532359775, 80.83019920077646], 'normal': [Decimal('0.46934937747451805'), 0.828224771121142, -0.3061942036773632], 'radius': 3.315272214039905}",0.1979240826903403,368.693167,6.63054442807981,"{'center': [Decimal('224.16680081757363'), 179.4039842624378], 'axes': [9.058584135334577, 50.94129453119167], 'angle': Decimal('60.031663606556414')}","[Decimal('224.16680081757363'), 179.4039842624378]",50.94129453119167,"{'center': [2.740104016483392, Decimal('-2.1714467210939294'), 84.50452964490482], 'radius': 12.0}","{'center': [180.103827538695, Decimal('104.06834553442886')], 'axes': [176.0852354604779, 176.0852354604779], 'angle': 90.0}",0.985883282658917,1,244.457167,2.5467287441505477,-0.5780465970780343,"[0.7005212525549176, Decimal('0.25248339890650917')]",pupil.1,1,3d c++
"{'center': [8.365922434710843, 7.797549775766079, 80.9032415460816], 'normal': [0.4688182015189541, 0.830749708071667, -0.3001073415686014], 'radius': Decimal('3.3405892925060052')}",0.2158336163441438,368.701567,6.6811785850120105,"{'center': [Decimal('224.06270171344755'), 179.58522771329], 'axes': [8.790175857696811, 51.28462897005501], 'angle': Decimal('60.150270675692326')}","[Decimal('224.06270171344755'), 179.58522771329]",51.28462897005501,"{'center': [2.740104016483392, Decimal('-2.1714467210939294'), 84.50452964490482], 'radius': 12.0}","{'center': [180.103827538695, Decimal('104.06834553442886')], 'axes': [176.0852354604779, 176.0852354604779], 'angle': 90.0}",0.985883282658917,1,244.457167,2.5512494913292216,-0.5694095655276051,"[0.7001959428545236, 0.2517282178612916]",pupil.1,1,3d c++
"{'center': [8.483931006952897, 7.693906295479746, 80.8054403837576], 'normal': [Decimal('0.47865224920579214'), 0.8221127513811397, -0.3082574384289352], 'radius': Decimal('3.3228450805970806')}",0.15031164904206976,368.709967,6.645690161194161,"{'center': [Decimal('225.03992752767354'), Decimal('178.85780485320436')], 'axes': [9.170486142299692, 51.07359489088063], 'angle': 59.35765247829349}","[Decimal('225.03992752767354'), Decimal('178.85780485320436')]",51.07359489088063,"{'center': [2.740104016483392, Decimal('-2.1714467210939294'), 84.50452964490482], 'radius': 12.0}","{'center': [180.103827538695, Decimal('104.06834553442886')], 'axes': [176.0852354604779, 176.0852354604779], 'angle': 90.0}",0.985883282658917,1,244.457167,2.535908441733241,-0.5721536832554298,"[0.7032497735239798, 0.2547591464449819]",pupil.1,1,3d c++
"{'center': [8.50935742983738, 7.66726584323847, 80.77418782022559], 'normal': [Decimal('0.48077111777949894'), 0.8198927136943666, Decimal('-0.31086181872326907')], 'radius': 3.331674568229918}",0.17777499701623836,368.718367,6.663349136459836,"{'center': [225.2580904728768, Decimal('178.67311399855646')], 'axes': [9.334741085717363, 51.22932914673059], 'angle': 59.17309692177661}","[225.2580904728768, Decimal('178.67311399855646')]",51.22932914673059,"{'center': [2.740104016483392, Decimal('-2.1714467210939294'), 84.50452964490482], 'radius': 12.0}","{'center': [180.103827538695, Decimal('104.06834553442886')], 'axes': [176.0852354604779, 176.0852354604779], 'angle': 90.0}",0.985883282658917,1,244.457167,2.532019926373963,-0.5739743278911568,"[0.70393153272774, Decimal('0.25552869167268144')]",pupil.1,1,3d c++
"{'center': [8.616144480180353, 7.634577539696982, 80.85568918994161], 'normal': [0.4896700386414134, 0.8171686883992426, Decimal('-0.30407003791360054')], 'radius': Decimal('3.3455907182953175')}",0.25254674660456056,368.726767,6.691181436590635,"{'center': [226.0129644390918, 178.3687430449001], 'axes': [8.971292846808122, 51.39199550714955], 'angle': 58.6471008499437}","[226.0129644390918, 178.3687430449001]",51.39199550714955,"{'center': [2.740104016483392, Decimal('-2.1714467210939294'), 84.50452964490482], 'radius': 12.0}","{'center': [180.103827538695, Decimal('104.06834553442886')], 'axes': [176.0852354604779, 176.0852354604779], 'angle': 90.0}",0.985883282658917,1,244.457167,2.5272780293137465,-0.5556955481197258,"[0.7062905138721619, 0.2567969039795829]",pupil.1,1,3d c++
"{'center': [8.72757420797696, 7.531341786723921, 80.76205775075067], 'normal': [Decimal('0.49895584929113085'), 0.808565708984821, Decimal('-0.31187265784617924')], 'radius': Decimal('3.3425709801638384')}",0.16783232584088648,368.735167,6.685141960327677,"{'center': [226.9387189877803, 177.6384653542044], 'axes': [9.375121224361465, 51.40508359702507], 'angle': 57.87989051147773}","[226.9387189877803, 177.6384653542044]",51.40508359702507,"{'center': [2.740104016483392, Decimal('-2.1714467210939294'), 84.50452964490482], 'radius': 12.0}","{'center': [180.103827538695, Decimal('104.06834553442886')], 'axes': [176.0852354604779, 176.0852354604779], 'angle': 90.0}",0.985883282658917,1,244.457167,2.512506755475806,-0.5586357080559966,"[0.7091834968368135, 0.259839727690815]",pupil.1,1,3d c++
"{'center': [8.7571034416818, 7.502022351169721, 80.73362603633555], 'normal': [0.5014166187665339, 0.8061224226886374, -0.3142419673807725], 'radius': 3.35326532672786}",0.15780370097911417,368.743567,6.70653065345572,"{'center': [227.1867695773418, Decimal('177.43069553507138')], 'axes': [9.53193886944614, 51.58796609009597], 'angle': 57.66988126983249}","[227.1867695773418, Decimal('177.43069553507138')]",51.58796609009597,"{'center': [2.740104016483392, Decimal('-2.1714467210939294'), 84.50452964490482], 'radius': 12.0}","{'center': [180.103827538695, Decimal('104.06834553442886')], 'axes': [176.0852354604779, 176.0852354604779], 'angle': 90.0}",0.985883282658917,1,244.457167,2.508366140985658,-0.5598268279723232,"[0.7099586549291932, 0.2607054352705359]",pupil.1,1,3d c++
"{'center': [8.342677009364817, 7.811699637250513, 80.90620160992667], 'normal': [0.4668810827401188, 0.8319288631953703, Decimal('-0.29986066958151275')], 'radius': Decimal('3.3108308419710504')}",0.17992016531329397,368.751967,6.621661683942101,"{'center': [223.8835665492174, Decimal('179.69454876432508')], 'axes': [8.702856825643067, 50.8251889596977], 'angle': 60.28697139255345}","[223.8835665492174, Decimal('179.69454876432508')]",50.8251889596977,"{'center': [2.740104016483392, Decimal('-2.1714467210939294'), 84.50452964490482], 'radius': 12.0}","{'center': [180.103827538695, Decimal('104.06834553442886')], 'axes': [176.0852354604779, 176.0852354604779], 'angle': 90.0}",0.985883282658917,1,244.457167,2.5533711728655786,-0.5709173026620384,"[0.6996361454663044, 0.2512727134819789]",pupil.1,1,3d c++
"{'center': [8.44745646276061, 7.755861067825677, 80.91639808125926], 'normal': [Decimal('0.47561270385643484'), 0.827275649076634, Decimal('-0.29901096363713014')], 'radius': 3.359213382000624}",0.21478659121733995,368.760367,6.718426764001248,"{'center': [Decimal('224.67588762526378'), Decimal('179.25586014205481')], 'axes': [8.760809279627528, 51.56272761695876], 'angle': 59.69568090041145}","[Decimal('224.67588762526378'), Decimal('179.25586014205481')]",51.56272761695876,"{'center': [2.740104016483392, Decimal('-2.1714467210939294'), 84.50452964490482], 'radius': 12.0}","{'center': [180.103827538695, Decimal('104.06834553442886')], 'axes': [176.0852354604779, 176.0852354604779], 'angle': 90.0}",0.985883282658917,1,244.457167,2.5450371947768735,-0.5612454044611311,"[0.7021121488289493, 0.2531005827414383]",pupil.1,1,3d c++
"{'center': [8.476825795112859, 7.727197793053035, 80.88418987947581], 'normal': [Decimal('0.47806014821912224'), 0.8248870428455803, -0.3016949804524174], 'radius': Decimal('3.3542378212154285')}",0.1961274713966198,368.768767,6.708475642430857,"{'center': [Decimal('224.92495684369067'), 179.0581106263258], 'axes': [8.891471265404714, 51.50674166410913], 'angle': 59.48966265413154}","[Decimal('224.92495684369067'), 179.0581106263258]",51.50674166410913,"{'center': [2.740104016483392, Decimal('-2.1714467210939294'), 84.50452964490482], 'radius': 12.0}","{'center': [180.103827538695, Decimal('104.06834553442886')], 'axes': [176.0852354604779, 176.0852354604779], 'angle': 90.0}",0.985883282658917,1,244.457167,2.5407986786620724,-0.5629606779097385,"[0.7028904901365334, 0.2539245390569759]",pupil.1,1,3d c++
"{'center': [8.509595267391065, 7.698176088797657, 80.8571310793286], 'normal': [0.4807909375756394, 0.8224685674909655, -0.3039498804646854], 'radius': 3.366908311031168}",0.10222706627044015,368.777167,6.733816622062336,"{'center': [Decimal('225.19576293018397'), 178.8522988940146], 'axes': [9.04474963166224, 51.71892772190536], 'angle': 59.26880400553803}","[Decimal('225.19576293018397'), 178.8522988940146]",51.71892772190536,"{'center': [2.740104016483392, Decimal('-2.1714467210939294'), 84.50452964490482], 'radius': 12.0}","{'center': [180.103827538695, Decimal('104.06834553442886')], 'axes': [176.0852354604779, 176.0852354604779], 'angle': 90.0}",0.985883282658917,1,244.457167,2.536533703259457,-0.5637509581142205,"[0.7037367591568249, Decimal('0.25478208794160584')]",pupil.1,1,3d c++
"{'center': [8.662627155231245, 7.599622087524356, 80.83711447775465], 'normal': [0.4935435948956545, 0.8142557340515238, Decimal('-0.30561793059584735')], 'radius': 3.342474852975662}",0.2619443939188342,368.785567,6.684949705951324,"{'center': [Decimal('226.38314265524392'), 178.1134511926081], 'axes': [9.039283146774714, Decimal('51.355887430631675')], 'angle': 58.35318920589065}","[Decimal('226.38314265524392'), 178.1134511926081]",51.355887430631675,"{'center': [2.740104016483392, Decimal('-2.1714467210939294'), 84.50452964490482], 'radius': 12.0}","{'center': [180.103827538695, Decimal('104.06834553442886')], 'axes': [176.0852354604779, 176.0852354604779], 'angle': 90.0}",0.985883282658917,1,244.457167,2.5222422685690007,-0.554440700435619,"[0.7074473207976373, Decimal('0.25786062003079957')]",pupil.1,1,3d c++
"{'center': [8.568504480332534, 7.643639383055518, 80.80401173505281], 'normal': [0.4857000386540952, 0.817923842012454, -0.3083764924876676], 'radius': 3.331781348144313}",0.14991746288828514,368.793967,6.663562696288626,"{'center': [Decimal('225.68834048114502'), Decimal('178.47286306025117')], 'axes': [9.183914101745787, 51.2121646480955], 'angle': 58.86391370794003}","[Decimal('225.68834048114502'), Decimal('178.47286306025117')]",51.2121646480955,"{'center': [2.740104016483392, Decimal('-2.1714467210939294'), 84.50452964490482], 'radius': 12.0}","{'center': [180.103827538695, Decimal('104.06834553442886')], 'axes': [176.0852354604779, 176.0852354604779], 'angle': 90.0}",0.985883282658917,1,244.457167,2.5285893726324677,-0.5656948883614498,"[0.7052760640035782, 0.2563630705822868]",pupil.1,1,3d c++
"{'center': [8.409725648556819, 7.744938215441172, 80.82747915033926], 'normal': [Decimal('0.47246846933945214'), 0.826365411377925, Decimal('-0.30642087454713024')], 'radius': 3.339751398900648}",0.18710272444569406,368.802367,6.679502797801296,"{'center': [Decimal('224.45459822298918'), Decimal('179.23237385228384')], 'axes': [9.130449125566612, Decimal('51.319787397493684')], 'angle': 59.81268074858845}","[Decimal('224.45459822298918'), Decimal('179.23237385228384')]",51.319787397493684,"{'center': [2.740104016483392, Decimal('-2.1714467210939294'), 84.50452964490482], 'radius': 12.0}","{'center': [180.103827538695, Decimal('104.06834553442886')], 'axes': [176.0852354604779, 176.0852354604779], 'angle': 90.0}",0.985883282658917,1,244.457167,2.543418894798249,-0.5753573714260635,"[0.7014206194468412, 0.2531984422821506]",pupil.1,1,3d c++
"{'center': [8.458136976498498, 7.706223560641783, 80.79835521923405], 'normal': [Decimal('0.47650274666792547'), 0.8231391901446427, Decimal('-0.30884786880589726')], 'radius': Decimal('3.3352775535472206')}",0.2058324756848837,368.810767,6.670555107094441,"{'center': [Decimal('224.84734943477577'), Decimal('178.95541559784948')], 'axes': [9.24329630348867, Decimal('51.269439089864285')], 'angle': 59.49898069850449}","[Decimal('224.84734943477577'), Decimal('178.95541559784948')]",51.269439089864285,"{'center': [2.740104016483392, Decimal('-2.1714467210939294'), 84.50452964490482], 'radius': 12.0}","{'center': [180.103827538695, Decimal('104.06834553442886')], 'axes': [176.0852354604779, 176.0852354604779], 'angle': 90.0}",0.985883282658917,1,244.457167,2.537713701408197,-0.5750774560675138,"[0.7026479669836743, Decimal('0.25435243500896054')]",pupil.1,1,3d c++
"{'center': [8.40733749733905, 7.746385000420261, 80.82769967641354], 'normal': [Decimal('0.47226945673797144'), 0.8264859767928491, -0.306402497374273], 'radius': 3.335164608444475}",0.24357016499970383,368.819167,6.67032921688895,"{'center': [Decimal('224.43629735967457'), Decimal('179.24379048068602')], 'axes': [9.117349130818747, 51.24905334261201], 'angle': 59.8267229151198}","[Decimal('224.43629735967457'), Decimal('179.24379048068602')]",51.24905334261201,"{'center': [2.740104016483392, Decimal('-2.1714467210939294'), 84.50452964490482], 'radius': 12.0}","{'center': [180.103827538695, Decimal('104.06834553442886')], 'axes': [176.0852354604779, 176.0852354604779], 'angle': 90.0}",0.985883282658917,1,244.457167,2.543633025543535,-0.5755223417424224,"[0.701363429248983, Decimal('0.25315087299714156')]",pupil.1,1,3d c++
"{'center': [8.445712802753981, 7.714024065116815, 80.80000596256646], 'normal': [0.4754673988558824, 0.8237892321842287, Decimal('-0.30871030686153017')], 'radius': Decimal('3.3472294833844707')}",0.19578473607441832,368.827567,6.694458966768941,"{'center': [Decimal('224.75056215230728'), Decimal('179.01279895712503')], 'axes': [9.271454265488, 51.45238327484152], 'angle': 59.57288384049756}","[Decimal('224.75056215230728'), Decimal('179.01279895712503')]",51.45238327484152,"{'center': [2.740104016483392, Decimal('-2.1714467210939294'), 84.50452964490482], 'radius': 12.0}","{'center': [180.103827538695, Decimal('104.06834553442886')], 'axes': [176.0852354604779, 176.0852354604779], 'angle': 90.0}",0.985883282658917,1,244.457167,2.538859416450175,-0.5758671780204742,"[0.7023455067259603, Decimal('0.25411333767864575')]",pupil.1,1,3d c++
"{'center': [8.262509650905049, Decimal('7.8877110326297455'), 80.99505941499707], 'normal': [Decimal('0.46020046953513816'), 0.8382631461436398, Decimal('-0.29245585249231243')], 'radius': Decimal('3.3513404459556786')}",0.23476445066084173,368.835967,6.702680891911357,"{'center': [223.2038499201089, 180.2127988585054], 'axes': [8.414065533015064, 51.39155688293928], 'angle': 60.84092927230289}","[223.2038499201089, 180.2127988585054]",51.39155688293928,"{'center': [2.740104016483392, Decimal('-2.1714467210939294'), 84.50452964490482], 'radius': 12.0}","{'center': [180.103827538695, Decimal('104.06834553442886')], 'axes': [176.0852354604779, 176.0852354604779], 'angle': 90.0}",0.985883282658917,1,244.457167,2.5648863723201667,-0.5661118783443008,"[0.6975120310003403, Decimal('0.24911333808956082')]",pupil.1,1,3d c++
"{'center': [8.225709480056189, 7.913770205761304, 81.01217624980103], 'normal': [0.4571337886310664, 0.8404347439046028, Decimal('-0.29102944959198257')], 'radius': 3.330110428447073}",0.2175140907887881,368.844367,6.660220856894146,"{'center': [Decimal('222.91067952725325'), Decimal('180.40261086090905')], 'axes': [8.289448046491792, 51.05466893223502], 'angle': Decimal('61.068118383138106')}","[Decimal('222.91067952725325'), Decimal('180.40261086090905')]",51.05466893223502,"{'center': [2.740104016483392, Decimal('-2.1714467210939294'), 84.50452964490482], 'radius': 12.0}","{'center': [180.103827538695, Decimal('104.06834553442886')], 'axes': [176.0852354604779, 176.0852354604779], 'angle': 90.0}",0.985883282658917,1,244.457167,2.5688812904630116,-0.5669255787377376,"[0.6965958735226664, Decimal('0.24832245474621228')]",pupil.1,1,3d c++
"{'center': [8.261975239994944, 7.886223853078267, 80.98995985439194], 'normal': [0.4601559352926294, 0.8381392145143497, Decimal('-0.29288081587607334')], 'radius': 3.364526554646532}",0.17768067178914848,368.852767,6.729053109293064,"{'center': [223.2031659879559, Decimal('180.20350346115407')], 'axes': [8.471101417448528, 51.59732372138275], 'angle': 60.83857450854922}","[223.2031659879559, Decimal('180.20350346115407')]",51.59732372138275,"{'center': [2.740104016483392, Decimal('-2.1714467210939294'), 84.50452964490482], 'radius': 12.0}","{'center': [180.103827538695, Decimal('104.06834553442886')], 'axes': [176.0852354604779, 176.0852354604779], 'angle': 90.0}",0.985883282658917,1,244.457167,2.564659125417824,-0.5668132216831725,"[0.6975098937123623, Decimal('0.24915206891185804')]",pupil.1,1,3d c++
"{'center': [8.29170364186147, 7.863788566217092, 80.97270372509936], 'normal': [0.4626333021148399, 0.8362696072759185, Decimal('-0.29431882665045467')], 'radius': 3.33740331166126}",0.19784085842931895,368.861167,6.67480662332252,"{'center': [Decimal('223.44378561818172'), Decimal('180.04618619091528')], 'axes': [8.476067874895321, Decimal('51.191653054970175')], 'angle': 60.65079026248926}","[Decimal('223.44378561818172'), Decimal('180.04618619091528')]",51.191653054970175,"{'center': [2.740104016483392, Decimal('-2.1714467210939294'), 84.50452964490482], 'radius': 12.0}","{'center': [180.103827538695, Decimal('104.06834553442886')], 'axes': [176.0852354604779, 176.0852354604779], 'angle': 90.0}",0.985883282658917,1,244.457167,2.561240496022644,-0.5665996894800146,"[0.6982618300568179, 0.249807557537853]",pupil.1,1,3d c++
"{'center': [8.286151907188211, 7.841093623105895, 80.90031147035164], 'normal': [0.462170657558735, 0.834378362016652, Decimal('-0.30035151454609854')], 'radius': Decimal('3.3198268972034617')}",0.09440516302457196,368.869567,6.639653794406923,"{'center': [Decimal('223.45530866607868'), Decimal('179.92236142947456')], 'axes': [8.76543609192049, 50.96712968093711], 'angle': 60.60422807959532}","[Decimal('223.45530866607868'), Decimal('179.92236142947456')]",50.96712968093711,"{'center': [2.740104016483392, Decimal('-2.1714467210939294'), 84.50452964490482], 'radius': 12.0}","{'center': [180.103827538695, Decimal('104.06834553442886')], 'axes': [176.0852354604779, 176.0852354604779], 'angle': 90.0}",0.985883282658917,1,244.457167,2.557800341068808,-0.5762848449531269,"[0.6982978395814958, 0.250323494043856]",pupil.1,1,3d c++
"{'center': [8.558980362021247, 7.683169562184759, 80.89520616471098], 'normal': [0.4849063621281546, 0.8212180236065573, Decimal('-0.30077695668281973')], 'radius': 3.355557551350227}",0.19617074391174147,368.877967,6.711115102700454,"{'center': [Decimal('225.54503706106618'), 178.7140155450505], 'axes': [8.826179977688849, Decimal('51.520131778114276')], 'angle': 59.02607731222835}","[Decimal('225.54503706106618'), 178.7140155450505]",51.520131778114276,"{'center': [2.740104016483392, Decimal('-2.1714467210939294'), 84.50452964490482], 'radius': 12.0}","{'center': [180.103827538695, Decimal('104.06834553442886')], 'axes': [176.0852354604779, 176.0852354604779], 'angle': 90.0}",0.985883282658917,1,244.457167,2.5343386605562928,-0.5551968214099842,"[0.7048282408158318, 0.2553582685622896]",pupil.1,1,3d c++
"{'center': [8.573322693633067, 7.668503195784568, 80.87838217163859], 'normal': [Decimal('0.48610155642913955'), 0.8199958264065415, -0.3021789561055191], 'radius': Decimal('3.3451868756607257')}",0.20599991969658815,368.886367,6.690373751321451,"{'center': [225.6679257662748, Decimal('178.61375277295318')], 'axes': [8.87388572366347, 51.37133877012932], 'angle': 58.92322970082628}","[225.6679257662748, Decimal('178.61375277295318')]",51.37133877012932,"{'center': [2.740104016483392, Decimal('-2.1714467210939294'), 84.50452964490482], 'radius': 12.0}","{'center': [180.103827538695, Decimal('104.06834553442886')], 'axes': [176.0852354604779, 176.0852354604779], 'angle': 90.0}",0.985883282658917,1,244.457167,2.5322000537391904,-0.5561776826181202,"[0.7052122680196088, 0.2557760301126951]",pupil.1,1,3d c++
"{'center': [8.607950379547813, 7.642249019813603, 80.86313499939261], 'normal': [Decimal('0.48898719692203513'), 0.8178079784089611, Decimal('-0.30344955379268396')], 'radius': Decimal('3.3582482281834465')}",0.24235302483829504,368.894767,6.716496456366893,"{'center': [225.9441257806307, Decimal('178.42134712137224')], 'axes': [8.972348663788516, 51.58198217564078], 'angle': Decimal('58.703680424628345')}","[225.9441257806307, Decimal('178.42134712137224')]",51.58198217564078,"{'center': [2.740104016483392, Decimal('-2.1714467210939294'), 84.50452964490482], 'radius': 12.0}","{'center': [180.103827538695, Decimal('104.06834553442886')], 'axes': [176.0852354604779, 176.0852354604779], 'angle': 90.0}",0.985883282658917,1,244.457167,2.5283880138882804,-0.5554055354365781,"[0.706075393064471, 0.2565777203276157]",pupil.1,1,3d c++
"{'center': [8.725994321651452, 7.545770208897043, 80.79712996453694], 'normal': [Decimal('0.49882419209733825'), 0.8097680774992475, -0.3089499733639904], 'radius': Decimal('3.3764126668943497')}",0.08320623805467124,368.903167,6.752825333788699,"{'center': [Decimal('226.89808104772635'), Decimal('177.72307982636113')], 'axes': [9.305532555955756, 51.90384911694589], 'angle': 57.93246202209859}","[Decimal('226.89808104772635'), Decimal('177.72307982636113')]",51.90384911694589,"{'center': [2.740104016483392, Decimal('-2.1714467210939294'), 84.50452964490482], 'radius': 12.0}","{'center': [180.103827538695, Decimal('104.06834553442886')], 'axes': [176.0852354604779, 176.0852354604779], 'angle': 90.0}",0.985883282658917,1,244.457167,2.514553067828086,-0.5545307241713504,"[0.7090565032741448, 0.259487167390162]",pupil.1,1,3d c++
"{'center': [8.755903937639488, 7.523303201576255, 80.78673792864303], 'normal': [0.5013166600963413, 0.807895826889182, Decimal('-0.30981597635514885')], 'radius': 3.372113526885611}",0.13879509343279298,368.911567,6.744227053771222,"{'center': [Decimal('227.13538706041328'), Decimal('177.55807098035675')], 'axes': [9.335961083704065, Decimal('51.844342889969234')], 'angle': Decimal('57.743265591759226')}","[Decimal('227.13538706041328'), Decimal('177.55807098035675')]",51.844342889969234,"{'center': [2.740104016483392, Decimal('-2.1714467210939294'), 84.50452964490482], 'radius': 12.0}","{'center': [180.103827538695, Decimal('104.06834553442886')], 'axes': [176.0852354604779, 176.0852354604779], 'angle': 90.0}",0.985883282658917,1,244.457167,2.5113691749883813,-0.5535530557067895,"[0.7097980845637915, 0.2601747042485135]",pupil.1,1,3d c++
"{'center': [8.30375765930556, 7.838023166541275, 80.91896543390041], 'normal': [0.4636378035685141, 0.8341224906362671, Decimal('-0.29879701758370086')], 'radius': 3.351910321688289}",0.11229632463397624,368.919967,6.703820643376578,"{'center': [Decimal('223.57524710993883'), Decimal('179.88325979271306')], 'axes': [8.75998482356773, Decimal('51.448632676839836')], 'angle': 60.52387941468689}","[Decimal('223.57524710993883'), Decimal('179.88325979271306')]",51.448632676839836,"{'center': [2.740104016483392, Decimal('-2.1714467210939294'), 84.50452964490482], 'radius': 12.0}","{'center': [180.103827538695, Decimal('104.06834553442886')], 'axes': [176.0852354604779, 176.0852354604779], 'angle': 90.0}",0.985883282658917,1,244.457167,2.5573362895286706,-0.572472326605433,"[0.6986726472185588, Decimal('0.25048641753036227')]",pupil.1,1,3d c++
"{'center': [8.667595449344525, 7.51293705259469, 80.62154674032303], 'normal': [0.4939576194050943, 0.8070319811407182, Decimal('-0.32358190871514947')], 'radius': Decimal('3.2975972387583434')}",0.01877848965532805,368.928367,6.595194477516687,"{'center': [Decimal('226.58994155928366'), Decimal('177.59177093971448')], 'axes': [9.910204437707021, Decimal('50.800555742336556')], 'angle': 58.05690347844018}","[Decimal('226.58994155928366'), Decimal('177.59177093971448')]",50.800555742336556,"{'center': [2.740104016483392, Decimal('-2.1714467210939294'), 84.50452964490482], 'radius': 12.0}","{'center': [180.103827538695, Decimal('104.06834553442886')], 'axes': [176.0852354604779, 176.0852354604779], 'angle': 90.0}",0.985883282658917,1,244.457167,2.5099048227350584,-0.5799383270289442,"[0.7080935673727614, Decimal('0.26003428775118964')]",pupil.1,1,3d c++
"{'center': [7.621252457240809, 7.850886774292858, 80.06299599012526], 'normal': [Decimal('0.40676237006311805'), 0.8351944579488989, Decimal('-0.37012780456496347')], 'radius': 3.333407397557058}",0.018042520213132344,368.936767,6.666814795114116,"{'center': [Decimal('218.94460577441072'), 180.5548532974986], 'axes': [Decimal('12.889972931892835'), Decimal('51.709101681118995')], 'angle': Decimal('63.428853564878985')}","[Decimal('218.94460577441072'), 180.5548532974986]",51.709101681118995,"{'center': [2.740104016483392, Decimal('-2.1714467210939294'), 84.50452964490482], 'radius': 12.0}","{'center': [180.103827538695, Decimal('104.06834553442886')], 'axes': [176.0852354604779, 176.0852354604779], 'angle': 90.0}",0.985883282658917,1,244.457167,2.5592826061768403,-0.7382776707732255,"[0.6842018930450335, Decimal('0.24768811126042256')]",pupil.1,1,3d c++
"{'center': [0.5754929550959873, 4.698969793557572, 74.90703852127656], 'normal': [Decimal('-0.18038425511561706'), 0.5725347095542918, -0.7997909269690215], 'radius': 3.074348678801126}",0.997282296588345,368.945167,6.148697357602252,"{'center': [Decimal('164.91696728201063'), Decimal('158.43813153999582')], 'axes': [38.95795552560026, 50.92293980054004], 'angle': -74.17466239183423}","[Decimal('164.91696728201063'), Decimal('158.43813153999582')]",50.92293980054004,"{'center': [2.740104016483392, Decimal('-2.1714467210939294'), 84.50452964490482], 'radius': 12.0}","{'center': [180.103827538695, Decimal('104.06834553442886')], 'axes': [176.0852354604779, 176.0852354604779], 'angle': 90.0}",0.984523290341377,1,244.457167,2.1803904167525214,-1.7926239867967348,"[0.5153655227562832, Decimal('0.33984111858335075')]",pupil.1,1,3d c++
"{'center': [0.5325435775084184, 4.682288507552196, 74.90489473914472], 'normal': [Decimal('-0.18396336991458112'), 0.5711446023871771, -0.7999695754800081], 'radius': Decimal('3.1138288890773715')}",0.7707120166510896,368.953567,6.227657778154743,"{'center': [Decimal('164.56846833811554'), Decimal('158.29035686847718')], 'axes': [Decimal('39.476387621600274'), 51.57847006289334], 'angle': -73.79520328777177}","[Decimal('164.56846833811554'), Decimal('158.29035686847718')]",51.57847006289334,"{'center': [2.740104016483392, Decimal('-2.1714467210939294'), 84.50452964490482], 'radius': 12.0}","{'center': [180.103827538695, Decimal('104.06834553442886')], 'axes': [176.0852354604779, 176.0852354604779], 'angle': 90.0}",0.9845192155684468,1,244.457167,2.1786959187191997,-1.7968295336075457,"[0.514276463556611, 0.3404568463813451]",pupil.1,1,3d c++
"{'center': [0.8317560598417526, 4.905003684836075, 75.00284254582633], 'normal': [Decimal('-0.15902899638680332'), 0.589704200494167, -0.7918072582565414], 'radius': Decimal('3.3273836072926763')}",0.3279130693872196,368.961967,6.654767214585353,"{'center': [167.0344059278586, Decimal('160.00610082012795')], 'axes': [41.54999674048162, 55.04923808842277], 'angle': -76.61179188615486}","[167.0344059278586, Decimal('160.00610082012795')]",55.04923808842277,"{'center': [2.740104016483392, Decimal('-2.1714467210939294'), 84.50452964490482], 'radius': 12.0}","{'center': [180.103827538695, Decimal('104.06834553442886')], 'axes': [176.0852354604779, 176.0852354604779], 'angle': 90.0}",0.9845192155684468,1,244.457167,2.20148885751622,-1.7690023941800983,"[0.5219825185245581, Decimal('0.33330791324946685')]",pupil.1,1,3d c++
"{'center': [0.5847974927022985, 5.180813671520445, 75.26878815286746], 'normal': [Decimal('-0.17960887698175781'), 0.6126883660511979, -0.769645124336447], 'radius': Decimal('3.3249197216136777')}",0.3138275586954286,368.970367,6.649839443227355,"{'center': [164.9882711961096, Decimal('162.13813956637395')], 'axes': [Decimal('39.943575113961366'), Decimal('54.814649026238484')], 'angle': -75.18723758440747}","[164.9882711961096, Decimal('162.13813956637395')]",54.814649026238484,"{'center': [2.740104016483392, Decimal('-2.1714467210939294'), 84.50452964490482], 'radius': 12.0}","{'center': [180.103827538695, Decimal('104.06834553442886')], 'axes': [176.0852354604779, 176.0852354604779], 'angle': 90.0}",0.9845192155684468,1,244.457167,2.230254048304355,-1.8000590832097525,"[0.5155883474878424, Decimal('0.32442441847344183')]",pupil.1,1,3d c++
"{'center': [Decimal('0.16983889342534386'), 5.261035763032272, 75.44075883357311], 'normal': [Decimal('-0.21418876025483732'), 0.61937354034385, -0.7553142342776422], 'radius': Decimal('3.3089722032623503')}",0.18312599052601133,368.978767,6.617944406524701,"{'center': [Decimal('161.59008276519967'), Decimal('162.71441322321633')], 'axes': [38.77909175767454, 54.42595106978631], 'angle': -72.27909970702571}","[Decimal('161.59008276519967'), Decimal('162.71441322321633')]",54.42595106978631,"{'center': [2.740104016483392, Decimal('-2.1714467210939294'), 84.50452964490482], 'radius': 12.0}","{'center': [180.103827538695, Decimal('104.06834553442886')], 'axes': [176.0852354604779, 176.0852354604779], 'angle': 90.0}",0.9845192155684468,1,244.457167,2.2387408388498806,-1.8471176847985233,"[0.5049690086412489, 0.3220232782365986]",pupil.1,1,3d c++
"{'center': [-0.08453829393542289, 5.170172643758541, 75.4424095331531], 'normal': [-0.2353868592015679, 0.6118016137377058, -0.7551766759793104], 'radius': Decimal('3.3320197236595646')}",0.04714019186243328,368.987167,6.664039447319129,"{'center': [Decimal('159.51982998995575'), Decimal('161.96586156183793')], 'axes': [39.07086155036886, Decimal('54.802612583261215')], 'angle': -70.24017131199058}","[Decimal('159.51982998995575'), Decimal('161.96586156183793')]",54.802612583261215,"{'center': [2.740104016483392, Decimal('-2.1714467210939294'), 84.50452964490482], 'radius': 12.0}","{'center': [180.103827538695, Decimal('104.06834553442886')], 'axes': [176.0852354604779, 176.0852354604779], 'angle': 90.0}",0.9845192155684468,1,244.457167,2.2291325253496406,-1.872950138941711,"[0.4984994687186117, 0.325142243492342]",pupil.1,1,3d c++
"{'center': [0.5485006149509797, 4.99816341298072, 75.13470760519854], 'normal': [-0.1826336167943678, 0.5974675111728877, -0.7808185033088568], 'radius': Decimal('3.3073454403073317')}",0.026613549398739982,368.995567,6.614690880614663,"{'center': [164.7010147613092, Decimal('160.71441889665041')], 'axes': [Decimal('40.541432561018965'), 54.62065576943876], 'angle': -74.56758222478292}","[164.7010147613092, Decimal('160.71441889665041')]",54.62065576943876,"{'center': [2.740104016483392, Decimal('-2.1714467210939294'), 84.50452964490482], 'radius': 12.0}","{'center': [180.103827538695, Decimal('104.06834553442886')], 'axes': [176.0852354604779, 176.0852354604779], 'angle': 90.0}",0.9845192155684468,1,244.457167,2.211135568309517,-1.8005658054931533,"[0.5146906711290913, 0.3303565879306233]",pupil.1,1,3d c++
"{'center': [0.2125422518359077, 4.927165600603541, 75.1653040543038], 'normal': [Decimal('-0.21063014705395705'), 0.5915510268081225, -0.7782687992167516], 'radius': Decimal('3.3076872641510366')}",0.10661672728870762,369.003967,6.615374528302073,"{'center': [Decimal('161.95145589728327'), Decimal('160.11954405805048')], 'axes': [Decimal('40.404377891127254'), 54.60214615957706], 'angle': -71.85279167534766}","[Decimal('161.95145589728327'), Decimal('160.11954405805048')]",54.60214615957706,"{'center': [2.740104016483392, Decimal('-2.1714467210939294'), 84.50452964490482], 'radius': 12.0}","{'center': [180.103827538695, Decimal('104.06834553442886')], 'axes': [176.0852354604779, 176.0852354604779], 'angle': 90.0}",0.9845192155684468,1,244.457167,2.2037775253711565,-1.8351039557811282,"[0.5060982996790102, Decimal('0.33283523309145635')]",pupil.1,1,3d c++
"{'center': [0.04359652262597358, 4.84735065130446, 75.15223950928647], 'normal': [-0.2247089578214516, 0.5848997810331992, -0.779357511301529], 'radius': Decimal('3.3106855708016725')}",0.03325269718847703,369.012367,6.621371141603345,"{'center': [Decimal('160.57082036300042'), 159.4718500841419], 'axes': [40.54027989043157, 54.65998593498156], 'angle': -70.38616371756717}","[Decimal('160.57082036300042'), 159.4718500841419]",54.65998593498156,"{'center': [2.740104016483392, Decimal('-2.1714467210939294'), 84.50452964490482], 'radius': 12.0}","{'center': [180.103827538695, Decimal('104.06834553442886')], 'axes': [176.0852354604779, 176.0852354604779], 'angle': 90.0}",0.9845192155684468,1,244.457167,2.1955528205765344,-1.8515088302253668,"[0.5017838136343763, 0.3355339579827421]",pupil.1,1,3d c++
"{'center': [Decimal('-2.9341765595692655'), 3.225612706990493, 75.41198932473266], 'normal': [-0.4728567146710549, 0.4497549523403686, -0.7577116933476803], 'radius': Decimal('3.3423890501850466')}",0.03343043183654034,369.020767,6.684778100370093,"{'center': [136.2931952559651, Decimal('146.12619169411903')], 'axes': [Decimal('39.607439014541356'), Decimal('54.982360988511786')], 'angle': Decimal('-43.799641676002686')}","[136.2931952559651, Decimal('146.12619169411903')]",54.982360988511786,"{'center': [2.740104016483392, Decimal('-2.1714467210939294'), 84.50452964490482], 'radius': 12.0}","{'center': [180.103827538695, Decimal('104.06834553442886')], 'axes': [176.0852354604779, 176.0852354604779], 'angle': 90.0}",0.9845192155684468,1,244.457167,2.0372872841081033,-2.128718599177511,"[0.4259162351748909, Decimal('0.39114086794117076')]",pupil.1,1,3d c++
"{'center': [Decimal('-1.3699159573509085'), 4.588292038447721, 75.48157737209337], 'normal': [-0.3425016644861918, 0.5633115632951377, -0.7519126894009546], 'radius': 3.347546339389001}",0.13424217297170646,369.029167,6.695092678778002,"{'center': [149.0523005886217, Decimal('157.20317840889527')], 'axes': [Decimal('39.154034084922614'), 55.02277138008351], 'angle': -59.57548345162865}","[149.0523005886217, Decimal('157.20317840889527')]",55.02277138008351,"{'center': [2.740104016483392, Decimal('-2.1714467210939294'), 84.50452964490482], 'radius': 12.0}","{'center': [180.103827538695, Decimal('104.06834553442886')], 'axes': [176.0852354604779, 176.0852354604779], 'angle': 90.0}",0.9845192155684468,1,244.457167,2.169184646263386,-1.9982206168856262,"[0.4657884393394428, 0.3449867566296031]",pupil.1,1,3d c++
"{'center': [Decimal('-1.6305785243349895'), 4.888570490367423, 75.84119939024785], 'normal': [Decimal('-0.36422354506819854'), 0.5883347676217794, -0.7219441878880809], 'radius': Decimal('3.3453477260894435')}",0.10999890612960853,369.037567,6.690695452178887,"{'center': [Decimal('146.97512725530555'), Decimal('159.48835445868934')], 'axes': [Decimal('37.015587879722425'), 54.72769014331825], 'angle': -59.01324957214051}","[Decimal('146.97512725530555'), Decimal('159.48835445868934')]",54.72769014331825,"{'center': [2.740104016483392, Decimal('-2.1714467210939294'), 84.50452964490482], 'radius': 12.0}","{'center': [180.103827538695, Decimal('104.06834553442886')], 'axes': [176.0852354604779, 176.0852354604779], 'angle': 90.0}",0.9845192155684468,1,244.457167,2.1997942635501317,-2.038040435622615,"[0.4592972726728298, 0.335465189755461]",pupil.1,1,3d c++
"{'center': [Decimal('-0.34086395847694684'), 5.345088400159481, 75.67224024134514], 'normal': [Decimal('-0.25674733124669497'), 0.6263779267711177, -0.7360241169633073], 'radius': 3.330389101579836}",0.11624766417255063,369.045967,6.660778203159672,"{'center': [Decimal('157.43188152820852'), 163.2782972067028], 'axes': [37.71461413354985, 54.60977275335555], 'angle': -68.87102412092287}","[Decimal('157.43188152820852'), 163.2782972067028]",54.60977275335555,"{'center': [2.740104016483392, Decimal('-2.1714467210939294'), 84.50452964490482], 'radius': 12.0}","{'center': [180.103827538695, Decimal('104.06834553442886')], 'axes': [176.0852354604779, 176.0852354604779], 'angle': 90.0}",0.9845192155684468,1,244.457167,2.2476942686896026,-1.906428496579809,"[Decimal('0.49197462977565165'), 0.3196737616387383]",pupil.1,1,3d c++
"{'center': [-0.07943173369864986, 6.223440126895614, 76.40662294237376], 'normal': [-0.2349613125151702, 0.6995739039991287, -0.6748255585442553], 'radius': Decimal('3.3414079140705786')}",0.178788947794887,369.054367,6.682815828141157,"{'center': [Decimal('159.54298489056183'), Decimal('169.99227373134326')], 'axes': [33.5166691521117, 54.27071990019648], 'angle': -72.48860356305133}","[Decimal('159.54298489056183'), Decimal('169.99227373134326')]",54.27071990019648,"{'center': [2.740104016483392, Decimal('-2.1714467210939294'), 84.50452964490482], 'radius': 12.0}","{'center': [180.103827538695, Decimal('104.06834553442886')], 'axes': [176.0852354604779, 176.0852354604779], 'angle': 90.0}",0.9845192155684468,1,244.457167,2.3455973439972135,-1.9058495724264597,"[0.4985718277830057, Decimal('0.29169885945273644')]",pupil.1,1,3d c++
"{'center': [-0.8515127203838242, 6.437886630750382, 76.95604181936807], 'normal': [-0.2993013947389346, 0.7174444459870256, -0.6290406521280625], 'radius': 3.357472975967093}",0.1620779797338745,369.062767,6.714945951934186,"{'center': [153.3542901189078, Decimal('171.39365875479396')], 'axes': [Decimal('30.633145896918574'), 54.14207672690951], 'angle': -68.17115290611798}","[153.3542901189078, Decimal('171.39365875479396')]",54.14207672690951,"{'center': [2.740104016483392, Decimal('-2.1714467210939294'), 84.50452964490482], 'radius': 12.0}","{'center': [180.103827538695, Decimal('104.06834553442886')], 'axes': [176.0852354604779, 176.0852354604779], 'angle': 90.0}",0.980831764560619,1,244.457167,2.3709231532713386,-2.014902182806488,"[0.4792321566215869, 0.2858597551883585]",pupil.1,1,3d c++
"{'center': [Decimal('-0.26292351138028947'), 6.936612445961357, 77.29168804978345], 'normal': [-0.2502522939886402, 0.7590049305879406, -0.6010701329267814], 'radius': 3.372709477200085}",0.14993237534555504,369.071167,6.74541895440017,"{'center': [Decimal('158.06616828094704'), Decimal('175.17097443074815')], 'axes': [Decimal('28.818461694170153'), 54.15666379488462], 'angle': -72.59810863764716}","[Decimal('158.06616828094704'), Decimal('175.17097443074815')]",54.15666379488462,"{'center': [2.740104016483392, Decimal('-2.1714467210939294'), 84.50452964490482], 'radius': 12.0}","{'center': [180.103827538695, Decimal('104.06834553442886')], 'axes': [176.0852354604779, 176.0852354604779], 'angle': 90.0}",0.980831764560619,1,244.457167,2.4325797521271344,-1.965312977162937,"[0.4939567758779595, 0.2701209398718827]",pupil.1,1,3d c++
"{'center': [0.7610205589714254, 7.389879163030226, 77.52855114681726], 'normal': [Decimal('-0.16492362145933057'), 0.7967771570103462, -0.5813315415072964], 'radius': Decimal('3.3631174410043263')}",0.16044313223368348,369.079567,6.726234882008653,"{'center': [166.2055092997052, 178.6299065227925], 'axes': [Decimal('27.295553264739354'), 53.84369973052614], 'angle': -79.22658937760886}","[166.2055092997052, 178.6299065227925]",53.84369973052614,"{'center': [2.740104016483392, Decimal('-2.1714467210939294'), 84.50452964490482], 'radius': 12.0}","{'center': [180.103827538695, Decimal('104.06834553442886')], 'axes': [176.0852354604779, 176.0852354604779], 'angle': 90.0}",0.980831764560619,1,244.457167,2.4927392125202714,-1.8472325145145372,"[0.5193922165615787, 0.2557087228216979]",pupil.1,1,3d c++
"{'center': [Decimal('1.0254656588334252'), 7.680043724325628, 77.87066566481882], 'normal': [Decimal('-0.14288652980416391'), 0.8209575371182966, -0.5528219983405005], 'radius': Decimal('3.3673943323907456')}",0.1715393735553708,369.087967,6.734788664781491,"{'center': [Decimal('168.26699175086642'), Decimal('180.70052811043155')], 'axes': [Decimal('25.425459823286012'), Decimal('53.678175185739356')], 'angle': -80.99869855303587}","[Decimal('168.26699175086642'), Decimal('180.70052811043155')]",53.678175185739356,"{'center': [2.740104016483392, Decimal('-2.1714467210939294'), 84.50452964490482], 'radius': 12.0}","{'center': [180.103827538695, Decimal('104.06834553442886')], 'axes': [176.0852354604779, 176.0852354604779], 'angle': 90.0}",0.980831764560619,1,244.457167,2.5338823087372004,-1.8237284045394502,"[0.5258343492214576, Decimal('0.24708113287320188')]",pupil.1,1,3d c++
"{'center': [1.056594852836615, 7.90398023500722, 78.20758049883514], 'normal': [-0.1402924303038981, 0.8396189130084291, -0.5247457621724733], 'radius': 3.367583196755312}",0.15123771029924063,369.096367,6.735166393510624,"{'center': [Decimal('168.47229389448742'), 182.2368944832542], 'axes': [Decimal('23.610809449272313'), Decimal('53.451395712384496')], 'angle': -81.31721254009862}","[Decimal('168.47229389448742'), 182.2368944832542]",53.451395712384496,"{'center': [2.740104016483392, Decimal('-2.1714467210939294'), 84.50452964490482], 'radius': 12.0}","{'center': [180.103827538695, Decimal('104.06834553442886')], 'axes': [176.0852354604779, 176.0852354604779], 'angle': 90.0}",0.980831764560619,1,244.457167,2.5673775778989496,-1.8320395127675342,"[0.5264759184202732, Decimal('0.24067960631977425')]",pupil.1,1,3d c++
"{'center': [Decimal('1.3968439057133248'), 8.06301798568937, 78.38477601911065], 'normal': [Decimal('-0.11193834256417229'), 0.8528720588986084, -0.5099794688161813], 'radius': Decimal('3.3275963998454636')}",0.15477499175119366,369.104767,6.655192799690927,"{'center': [Decimal('171.12723832955498'), Decimal('183.37456632174008')], 'axes': [Decimal('22.352524631769032'), 52.69865285475762], 'angle': -83.31498044943625}","[Decimal('171.12723832955498'), Decimal('183.37456632174008')]",52.69865285475762,"{'center': [2.740104016483392, Decimal('-2.1714467210939294'), 84.50452964490482], 'radius': 12.0}","{'center': [180.103827538695, Decimal('104.06834553442886')], 'axes': [176.0852354604779, 176.0852354604779], 'angle': 90.0}",0.980831764560619,1,244.457167,2.592257918588807,-1.786865640907348,"[0.5347726197798593, Decimal('0.23593930699274968')]",pupil.1,1,3d c++
"{'center': [Decimal('2.0930719227907857'), 8.398362416046162, 78.86002043026431], 'normal': [-0.05391934114105054, 0.8808174280950077, Decimal('-0.47037576788670904')], 'radius': Decimal('3.3577400555217505')}",0.17453713245559893,369.113167,6.715480111043501,"{'center': [Decimal('176.50761161329373'), 185.6551899173165], 'axes': [Decimal('19.975834585834463'), 52.860797548153], 'angle': -87.23315704295062}","[Decimal('176.50761161329373'), 185.6551899173165]",52.860797548153,"{'center': [2.740104016483392, Decimal('-2.1714467210939294'), 84.50452964490482], 'radius': 12.0}","{'center': [180.103827538695, Decimal('104.06834553442886')], 'axes': [176.0852354604779, 176.0852354604779], 'angle': 90.0}",0.664626527783585,1,244.457167,2.6483822772307835,-1.6849285177782025,"[0.5515862862915429, Decimal('0.22643670867784793')]",pupil.1,1,3d c++
"{'center': [1.985847078363276, 8.640597974094884, 79.3537252435965], 'normal': [-0.062854744843343, 0.9010037245990676, -0.4292337001090267], 'radius': 3.362427737864527}",0.18781671863918087,369.121567,6.724855475729054,"{'center': [Decimal('175.56849214793792'), Decimal('187.17789123329217')], 'axes': [17.49782898911041, 52.60617930648763], 'angle': -86.63980050833487}","[Decimal('175.56849214793792'), Decimal('187.17789123329217')]",52.60617930648763,"{'center': [2.740104016483392, Decimal('-2.1714467210939294'), 84.50452964490482], 'radius': 12.0}","{'center': [180.103827538695, Decimal('104.06834553442886')], 'axes': [176.0852354604779, 176.0852354604779], 'angle': 90.0}",0.6616501006176057,1,244.457167,2.692874046269008,-1.7161977017162084,"[0.548651537962306, Decimal('0.22009211986128263')]",pupil.1,1,3d c++
"{'center': [Decimal('2.1450363026157326'), 8.67176252804317, 79.39858138867072], 'normal': [-0.04958897615563828, 0.9036007707614248, -0.4254956880195083], 'radius': 3.359689255478566}",0.09424090571853998,369.129967,6.719378510957132,"{'center': [176.798007567703, 187.3872249380683], 'axes': [Decimal('17.234373082383417'), Decimal('52.534357622435095')], 'angle': -87.48758076433592}","[176.798007567703, 187.3872249380683]",52.534357622435095,"{'center': [2.740104016483392, Decimal('-2.1714467210939294'), 84.50452964490482], 'radius': 12.0}","{'center': [180.103827538695, Decimal('104.06834553442886')], 'axes': [176.0852354604779, 176.0852354604779], 'angle': 90.0}",0.6616501006176057,1,244.457167,2.6988983507000888,-1.6868169480240802,"[0.5524937736490718, Decimal('0.21921989609138204')]",pupil.1,1,3d c++
"{'center': [1.620150428335062, 8.866161906051046, 79.9310299177409], 'normal': [-0.09332946567902752, 0.919800718928748, Decimal('-0.38112497726366007')], 'radius': 3.343383227386226}",0.1505917077005397,369.138367,6.686766454772452,"{'center': [Decimal('172.62446473198708'), Decimal('188.49420390731544')], 'axes': [Decimal('14.589310714048034'), 51.929704883491], 'angle': -84.71334506618464}","[Decimal('172.62446473198708'), Decimal('188.49420390731544')]",51.929704883491,"{'center': [2.740104016483392, Decimal('-2.1714467210939294'), 84.50452964490482], 'radius': 12.0}","{'center': [180.103827538695, Decimal('104.06834553442886')], 'axes': [176.0852354604779, 176.0852354604779], 'angle': 90.0}",0.6616501006176057,1,244.457167,2.7383686391076316,-1.8109493549885591,"[0.5394514522874596, 0.214607483719519]",pupil.1,1,3d c++
"{'center': [0.2915545477346937, 4.106244287002916, 74.5750180201596], 'normal': [Decimal('-0.20404578906239154'), 0.5231409173414038, -0.8274593020621018], 'radius': Decimal('2.9390768473465325')}",0.8937426305551257,369.146767,5.878153694693065,"{'center': [Decimal('162.58777931400945'), 153.7380568214474], 'axes': [Decimal('39.078526976892086'), Decimal('48.893574075219554')], 'angle': -70.37740418636186}","[Decimal('162.58777931400945'), 153.7380568214474]",48.893574075219554,"{'center': [2.740104016483392, Decimal('-2.1714467210939294'), 84.50452964490482], 'radius': 12.0}","{'center': [180.103827538695, Decimal('104.06834553442886')], 'axes': [176.0852354604779, 176.0852354604779], 'angle': 90.0}",0.6608253816525855,1,244.457167,2.1213285841769767,-1.812565973823416,"[0.5080868103562796, 0.3594247632439692]",pupil.1,1,3d c++
"{'center': [0.2614743814026337, 4.117907897588616, 74.58987313988378], 'normal': [Decimal('-0.20655246959006318'), 0.524112884890212, -0.8262213754184198], 'radius': 2.960239854711544}",0.780778108725389,369.155167,5.920479709423088,"{'center': [Decimal('162.34122957712296'), Decimal('153.82258214103496')], 'axes': [Decimal('39.281643568082416'), 49.23592900620862], 'angle': -70.15716660756073}","[Decimal('162.34122957712296'), Decimal('153.82258214103496')]",49.23592900620862,"{'center': [2.740104016483392, Decimal('-2.1714467210939294'), 84.50452964490482], 'radius': 12.0}","{'center': [180.103827538695, Decimal('104.06834553442886')], 'axes': [176.0852354604779, 176.0852354604779], 'angle': 90.0}",0.6579807826061823,1,244.457167,2.1224694613357222,-1.8157717157479718,"[0.5073163424285092, 0.3590725744123543]",pupil.1,1,3d c++
"{'center': [Decimal('0.28621539860811307'), 4.143655360641626, 74.60009042058114], 'normal': [Decimal('-0.20449071815627326'), 0.5262585068112963, -0.8253699353603063], 'radius': Decimal('2.9015834341808384')}",0.9179319121267561,369.163567,5.803166868361677,"{'center': [Decimal('162.53826394777548'), Decimal('154.04685406964003')], 'axes': [Decimal('38.444746814048045'), 48.25348129819209], 'angle': -70.4385038467788}","[Decimal('162.53826394777548'), Decimal('154.04685406964003')]",48.25348129819209,"{'center': [2.740104016483392, Decimal('-2.1714467210939294'), 84.50452964490482], 'radius': 12.0}","{'center': [180.103827538695, Decimal('104.06834553442886')], 'axes': [176.0852354604779, 176.0852354604779], 'angle': 90.0}",0.6572061807805452,1,244.457167,2.1249907942037773,-1.8136622933659494,"[0.5079320748367984, 0.3581381080431665]",pupil.1,1,3d c++
"{'center': [-0.1963014867185291, 4.356463265372268, 74.87312715464618], 'normal': [Decimal('-0.24470045860016018'), 0.5439924988721833, -0.8026168741882199], 'radius': 3.302086608813736}",0.3599586012461953,369.171967,6.604173217627472,"{'center': [Decimal('158.61037213004212'), Decimal('155.57254898865358')], 'axes': [Decimal('42.147337657050294'), 54.71699513108725], 'angle': -67.1720750040276}","[Decimal('158.61037213004212'), Decimal('155.57254898865358')]",54.71699513108725,"{'center': [2.740104016483392, Decimal('-2.1714467210939294'), 84.50452964490482], 'radius': 12.0}","{'center': [180.103827538695, Decimal('104.06834553442886')], 'axes': [176.0852354604779, 176.0852354604779], 'angle': 90.0}",0.6572061807805452,1,244.457167,2.1459842667861575,-1.8667225842226651,"[Decimal('0.49565741290638166'), 0.3517810458806101]",pupil.1,1,3d c++
"{'center': [0.2737448731606791, 4.131831249352826, 74.59565688341327], 'normal': [-0.2055299286102261, 0.5252731642038962, -0.8257393967909622], 'radius': 2.883080806474783}",0.7686598416282228,369.180367,5.766161612949566,"{'center': [162.4335601033404, 153.9560490339486], 'axes': [38.22445943876616, Decimal('47.948372697857884')], 'angle': -70.30009380926978}","[162.4335601033404, 153.9560490339486]",47.948372697857884,"{'center': [2.740104016483392, Decimal('-2.1714467210939294'), 84.50452964490482], 'radius': 12.0}","{'center': [180.103827538695, Decimal('104.06834553442886')], 'axes': [176.0852354604779, 176.0852354604779], 'angle': 90.0}",0.6557035857939875,1,244.457167,2.1238324251339313,-1.814743297191052,"[0.5076048753229387, 0.3585164623585475]",pupil.1,1,3d c++
"{'center': [0.2643042017452393, 4.159043176582204, 74.61537837026233], 'normal': [-0.2063166512281794, 0.5275408248063445, -0.8240959395535399], 'radius': Decimal('2.8705361652384394')}",0.8607785188428799,369.188767,5.741072330476879,"{'center': [Decimal('162.35331235180132'), 154.1759517892141], 'axes': [37.95372791166996, Decimal('47.727115703496835')], 'angle': -70.29820625576748}","[Decimal('162.35331235180132'), 154.1759517892141]",47.727115703496835,"{'center': [2.740104016483392, Decimal('-2.1714467210939294'), 84.50452964490482], 'radius': 12.0}","{'center': [180.103827538695, Decimal('104.06834553442886')], 'axes': [176.0852354604779, 176.0852354604779], 'angle': 90.0}",0.6558480912967735,1,244.457167,2.126499532617948,-1.8161092078618488,"[0.5073541010993792, 0.3576002008782745]",pupil.1,1,3d c++
"{'center': [Decimal('0.26143693683431435'), 4.147423857595532, 74.60866767547353], 'normal': [-0.2065555899707565, 0.5265725482241218, -0.8246551641192745], 'radius': 2.84919776107154}",0.7818873247369141,369.197167,5.69839552214308,"{'center': [Decimal('162.32765056476012'), 154.0884724737092], 'axes': [37.70717067090929, 47.37635875176934], 'angle': -70.24114014208045}","[Decimal('162.32765056476012'), 154.0884724737092]",47.37635875176934,"{'center': [2.740104016483392, Decimal('-2.1714467210939294'), 84.50452964490482], 'radius': 12.0}","{'center': [180.103827538695, Decimal('104.06834553442886')], 'axes': [176.0852354604779, 176.0852354604779], 'angle': 90.0}",0.6553256385106176,1,244.457167,2.1253601558633566,-1.8162220988683961,"[0.5072739080148754, Decimal('0.35796469802621167')]",pupil.1,1,3d c++
"{'center': [-0.3050895600967367, 4.363504833149923, 74.91176131324784], 'normal': [-0.2537661313816773, 0.5445792961869874, -0.799397360971415], 'radius': 3.293279355607826}",0.3552251944141941,369.205567,6.586558711215652,"{'center': [Decimal('157.71644022204262'), Decimal('155.61733415078083')], 'axes': [Decimal('41.813181629475295'), Decimal('54.542496053861335')], 'angle': -66.35456747565463}","[Decimal('157.71644022204262'), Decimal('155.61733415078083')]",54.542496053861335,"{'center': [2.740104016483392, Decimal('-2.1714467210939294'), 84.50452964490482], 'radius': 12.0}","{'center': [180.103827538695, Decimal('104.06834553442886')], 'axes': [176.0852354604779, 176.0852354604779], 'angle': 90.0}",0.6553256385106176,1,244.457167,2.146683751214649,-1.8781815168214957,"[0.4928638756938832, 0.3515944410384132]",pupil.1,1,3d c++
"{'center': [Decimal('0.22614914457683843'), 4.210414244816956, 74.65811499215937], 'normal': [Decimal('-0.20949623932554615'), 0.5318217471592405, -0.820534554395454], 'radius': 2.814700812154138}",0.817964043526681,369.213967,5.629401624308276,"{'center': [Decimal('162.03049058127158'), 154.5969859645652], 'axes': [36.99537080108568, 46.77162215957408], 'angle': -70.12602292816342}","[Decimal('162.03049058127158'), 154.5969859645652]",46.77162215957408,"{'center': [2.740104016483392, Decimal('-2.1714467210939294'), 84.50452964490482], 'radius': 12.0}","{'center': [180.103827538695, Decimal('104.06834553442886')], 'axes': [176.0852354604779, 176.0852354604779], 'angle': 90.0}",0.6547703212670064,1,244.457167,2.1315466306962194,-1.8207727231706596,"[0.5063452830664736, 0.3558458918143117]",pupil.1,1,3d c++
"{'center': [Decimal('0.21761992467644253'), 4.24568217536012, 74.68325015937569], 'normal': [Decimal('-0.21020700765057912'), 0.5347607413711708, -0.8184399571274273], 'radius': 2.826025524914619}",0.7895595781023481,369.222367,5.652051049829238,"{'center': [Decimal('161.96028054039175'), Decimal('154.87443639943262')], 'axes': [Decimal('37.013517030309806'), Decimal('46.944214282988284')], 'angle': -70.1551074338983}","[Decimal('161.96028054039175'), Decimal('154.87443639943262')]",46.944214282988284,"{'center': [2.740104016483392, Decimal('-2.1714467210939294'), 84.50452964490482], 'radius': 12.0}","{'center': [180.103827538695, Decimal('104.06834553442886')], 'axes': [176.0852354604779, 176.0852354604779], 'angle': 90.0}",0.6546261353175487,1,244.457167,2.1350209034260073,-1.8222009309172025,"[0.5061258766887242, 0.3546898483356974]",pupil.1,1,3d c++
"{'center': [0.2044281015882632, 4.275185528110558, 74.70599504537732], 'normal': [Decimal('-0.21130632624126072'), 0.5372193541003739, -0.8165445499606245], 'radius': 2.809805693235724}",0.7298724836325892,369.230767,5.619611386471448,"{'center': [Decimal('161.84879154172324'), 155.1124353417916], 'axes': [36.68383742880957, 46.66052307924846], 'angle': -70.1294792012365}","[Decimal('161.84879154172324'), 155.1124353417916]",46.66052307924846,"{'center': [2.740104016483392, Decimal('-2.1714467210939294'), 84.50452964490482], 'radius': 12.0}","{'center': [180.103827538695, Decimal('104.06834553442886')], 'axes': [176.0852354604779, 176.0852354604779], 'angle': 90.0}",0.654498151375349,1,244.457167,2.1379331799959735,-1.824022360832077,"[0.5057774735678852, Decimal('0.35369818607586834')]",pupil.1,1,3d c++
"{'center': [Decimal('0.21178924377961073'), 4.343484329495766, 74.74936189564545], 'normal': [-0.2106928977253151, 0.5429109208824746, -0.812930645771614], 'radius': 2.788351293130521}",0.7604220509903544,369.239167,5.576702586261042,"{'center': [Decimal('161.90532690952026'), 155.6625996571283], 'axes': [Decimal('36.178990262810906'), 46.27754949930647], 'angle': -70.37857094487737}","[Decimal('161.90532690952026'), 155.6625996571283]",46.27754949930647,"{'center': [2.740104016483392, Decimal('-2.1714467210939294'), 84.50452964490482], 'radius': 12.0}","{'center': [180.103827538695, Decimal('104.06834553442886')], 'axes': [176.0852354604779, 176.0852354604779], 'angle': 90.0}",0.6533564744543918,1,244.457167,2.144695815435422,-1.8243933104193537,"[0.5059541465922508, 0.3514058347619654]",pupil.1,1,3d c++
"{'center': [Decimal('0.20229455168612898'), 4.393689223548284, 74.78555268491813], 'normal': [-0.2114841220664386, 0.5470946620535178, -0.809914746665558], 'radius': Decimal('2.7785823304616426')}",0.8958144205264778,369.247567,5.557164660923285,"{'center': [Decimal('161.82455870637975'), Decimal('156.06321042220094')], 'axes': [Decimal('35.867326325629946'), 46.09320730404349], 'angle': -70.43822683578476}","[Decimal('161.82455870637975'), Decimal('156.06321042220094')]",46.09320730404349,"{'center': [2.740104016483392, Decimal('-2.1714467210939294'), 84.50452964490482], 'radius': 12.0}","{'center': [180.103827538695, Decimal('104.06834553442886')], 'axes': [176.0852354604779, 176.0852354604779], 'angle': 90.0}",0.6518116929297157,1,244.457167,2.1496857727466425,-1.8262122370694016,"[0.5057017459574367, Decimal('0.34973662324082944')]",pupil.1,1,3d c++
"{'center': [Decimal('0.15959799564560662'), Decimal('4.4507114054143475'), 74.8356098280928], 'normal': [-0.2150421684031488, 0.5518465105423564, -0.805743318067669], 'radius': 2.802377219642965}",0.8873426127773387,369.255967,5.60475443928593,"{'center': [Decimal('161.47360934800292'), 156.5047420767291], 'axes': [35.92048715357467, 46.45711493798444], 'angle': -70.24982306126597}","[Decimal('161.47360934800292'), 156.5047420767291]",46.45711493798444,"{'center': [2.740104016483392, Decimal('-2.1714467210939294'), 84.50452964490482], 'radius': 12.0}","{'center': [180.103827538695, Decimal('104.06834553442886')], 'axes': [176.0852354604779, 176.0852354604779], 'angle': 90.0}",0.6521880670322222,1,244.457167,2.1553731323172136,-1.8316041247162422,"[0.5046050292125092, 0.3478969080136288]",pupil.1,1,3d c++
"{'center': [Decimal('0.12298563272810359'), 4.506591826278811, 74.88400509968308], 'normal': [Decimal('-0.21809319864627402'), 0.5565032122810617, -0.8017103787684781], 'radius': Decimal('2.7933855213097663')}",0.7704536871118285,369.264367,5.5867710426195325,"{'center': [Decimal('161.16968394529874'), 156.94565500804], 'axes': [35.56007051595043, Decimal('46.278158899725284')], 'angle': -70.11002236058121}","[Decimal('161.16968394529874'), 156.94565500804]",46.278158899725284,"{'center': [2.740104016483392, Decimal('-2.1714467210939294'), 84.50452964490482], 'radius': 12.0}","{'center': [180.103827538695, Decimal('104.06834553442886')], 'axes': [176.0852354604779, 176.0852354604779], 'angle': 90.0}",0.6520984873318203,1,244.457167,2.1609674551546476,-1.8364038187922678,"[0.5036552623290586, 0.3460597707998333]",pupil.1,1,3d c++
"{'center': [Decimal('0.12011267371072698'), 4.520123698307367, 74.89419506769109], 'normal': [Decimal('-0.21833261189772207'), 0.5576308682834414, -0.8008612147678109], 'radius': Decimal('2.7928758698375042')}",0.9159196723673102,369.272767,5.5857517396750085,"{'center': [Decimal('161.14566148977386'), Decimal('157.05258536993563')], 'axes': [Decimal('35.501559196530735'), Decimal('46.263465363152676')], 'angle': -70.12377104128812}","[Decimal('161.14566148977386'), Decimal('157.05258536993563')]",46.263465363152676,"{'center': [2.740104016483392, Decimal('-2.1714467210939294'), 84.50452964490482], 'radius': 12.0}","{'center': [180.103827538695, Decimal('104.06834553442886')], 'axes': [176.0852354604779, 176.0852354604779], 'angle': 90.0}",0.6521577551071966,1,244.457167,2.162325312229029,-1.836950651159494,"[0.5035801921555433, Decimal('0.34561422762526817')]",pupil.1,1,3d c++
"{'center': [Decimal('0.12039517841615499'), 4.545002386847926, 74.91148857420261], 'normal': [Decimal('-0.21830906983893641'), 0.559704092328488, -0.7994200892251845], 'radius': Decimal('2.7832840491484903')}",0.8283684785160024,369.281167,5.5665680982969805,"{'center': [Decimal('161.14638164896655'), 157.2520220582382], 'axes': [35.29106385042658, 46.09396794064853], 'angle': -70.192580316707}","[Decimal('161.14638164896655'), 157.2520220582382]",46.09396794064853,"{'center': [2.740104016483392, Decimal('-2.1714467210939294'), 84.50452964490482], 'radius': 12.0}","{'center': [180.103827538695, Decimal('104.06834553442886')], 'axes': [176.0852354604779, 176.0852354604779], 'angle': 90.0}",0.6496031516256995,1,244.457167,2.1648250059654415,-1.8373806492616527,"[0.5035824426530204, 0.3447832414240075]",pupil.1,1,3d c++
"{'center': [Decimal('0.12457542052377635'), 4.553794652174899, 74.9165090652966], 'normal': [Decimal('-0.21796071632996797'), 0.5604367811057357, -0.7990017149673517], 'radius': Decimal('2.7591195038373995')}",0.9723517072058948,369.289567,5.518239007674799,"{'center': [Decimal('161.17800373016112'), 157.328388622178], 'axes': [34.95850939379835, 45.69057398949564], 'angle': -70.24878037779628}","[Decimal('161.17800373016112'), 157.328388622178]",45.69057398949564,"{'center': [2.740104016483392, Decimal('-2.1714467210939294'), 84.50452964490482], 'radius': 12.0}","{'center': [180.103827538695, Decimal('104.06834553442886')], 'axes': [176.0852354604779, 176.0852354604779], 'angle': 90.0}",0.6504027030177717,1,244.457167,2.165709420549792,-1.837107969361671,"[0.5036812616567535, Decimal('0.34446504740759165')]",pupil.1,1,3d c++
"{'center': [0.1055971404545053, 4.59161908342001, 74.94836334015841], 'normal': [Decimal('-0.21954223966907388'), 0.5635888170428283, -0.7963471920622012], 'radius': Decimal('2.7572850151244053')}",0.9232045419459532,369.297967,5.5145700302488105,"{'center': [Decimal('161.02075032545315'), Decimal('157.62555203285874')], 'axes': [Decimal('34.775997215552216'), 45.64086563038095], 'angle': -70.20054202571498}","[Decimal('161.02075032545315'), Decimal('157.62555203285874')]",45.64086563038095,"{'center': [2.740104016483392, Decimal('-2.1714467210939294'), 84.50452964490482], 'radius': 12.0}","{'center': [180.103827538695, Decimal('104.06834553442886')], 'axes': [176.0852354604779, 176.0852354604779], 'angle': 90.0}",0.6504030593172394,1,244.457167,2.16952024359859,-1.8398007403142425,"[0.5031898447670411, 0.3432268665297553]",pupil.1,1,3d c++
"{'center': [0.09649469916151521, 4.611449793728642, 74.964946601261], 'normal': [Decimal('-0.22030077644348975'), 0.5652413762352143, -0.7949652536369853], 'radius': 2.765400526488962}",0.9336916411394592,369.306367,5.530801052977924,"{'center': [Decimal('160.94629595701375'), Decimal('157.77894711611538')], 'axes': [34.79531359043226, Decimal('45.765193238000805')], 'angle': -70.18207190015512}","[Decimal('160.94629595701375'), Decimal('157.77894711611538')]",45.765193238000805,"{'center': [2.740104016483392, Decimal('-2.1714467210939294'), 84.50452964490482], 'radius': 12.0}","{'center': [180.103827538695, Decimal('104.06834553442886')], 'axes': [176.0852354604779, 176.0852354604779], 'angle': 90.0}",0.650487060955407,1,244.457167,2.171522154708006,-1.8411324208377737,"[0.5029571748656679, Decimal('0.34258772034951923')]",pupil.1,1,3d c++
"{'center': [0.08453026056247293, 4.634057098925846, 74.98439068675088], 'normal': [Decimal('-0.22129781299340995'), 0.5671253183349813, -0.7933449131794946], 'radius': Decimal('2.7846561302630946')}",0.7956260279963707,369.314767,5.569312260526189,"{'center': [Decimal('160.84948095210876'), Decimal('157.95086618232352')], 'axes': [34.93988178352878, Decimal('46.072124911741945')], 'angle': -70.14886239574345}","[Decimal('160.84948095210876'), Decimal('157.95086618232352')]",46.072124911741945,"{'center': [2.740104016483392, Decimal('-2.1714467210939294'), 84.50452964490482], 'radius': 12.0}","{'center': [180.103827538695, Decimal('104.06834553442886')], 'axes': [176.0852354604779, 176.0852354604779], 'angle': 90.0}",0.650018781919981,1,244.457167,2.173807718614509,-1.842824374804167,"[0.5026546279753399, 0.3418713909069854]",pupil.1,1,3d c++
"{'center': [0.08455649218391459, 4.639165961534442, 74.9880375268285], 'normal': [Decimal('-0.22129562702495645'), 0.5675510568856976, -0.7930410098396924], 'radius': 2.778583933472113}",0.7924414883419956,369.323167,5.557167866944226,"{'center': [Decimal('160.84893495564216'), 157.9927754010717], 'axes': [34.84506183318365, 45.96939614686784], 'angle': -70.16250148939126}","[Decimal('160.84893495564216'), 157.9927754010717]",45.96939614686784,"{'center': [2.740104016483392, Decimal('-2.1714467210939294'), 84.50452964490482], 'radius': 12.0}","{'center': [180.103827538695, Decimal('104.06834553442886')], 'axes': [176.0852354604779, 176.0852354604779], 'angle': 90.0}",0.6493267729553498,1,244.457167,2.1743247148121307,-1.8429209922362162,"[0.5026529217363818, Decimal('0.34169676916220126')]",pupil.1,1,3d c++
"{'center': [0.06140485772951543, 4.65073496591029, 75.00282412187394], 'normal': [-0.2232249298961564, 0.568515140583685, -0.7918087935859067], 'radius': Decimal('2.8102056984513117')}",0.9130003819004779,369.331567,5.6204113969026235,"{'center': [Decimal('160.66178322165544'), Decimal('158.07275688006004')], 'axes': [35.1683469324042, 46.48362325243456], 'angle': -70.01418593711959}","[Decimal('160.66178322165544'), Decimal('158.07275688006004')]",46.48362325243456,"{'center': [2.740104016483392, Decimal('-2.1714467210939294'), 84.50452964490482], 'radius': 12.0}","{'center': [180.103827538695, Decimal('104.06834553442886')], 'axes': [176.0852354604779, 176.0852354604779], 'angle': 90.0}",0.6500522925531493,1,244.457167,2.175496132968938,-1.8455824443330322,"[0.5020680725676733, 0.3413635129997499]",pupil.1,1,3d c++
"{'center': [0.07113742027331593, 4.66197044232684, 75.00816048722244], 'normal': [Decimal('-0.22241388301750636'), 0.5694514302850642, -0.7913640964735319], 'radius': 2.769762285122132}",0.7788465850998093,369.339967,5.539524570244264,"{'center': [Decimal('160.73717931121087'), 158.1732447496092], 'axes': [34.63368675515418, 45.81113145084017], 'angle': -70.11875963950051}","[Decimal('160.73717931121087'), 158.1732447496092]",45.81113145084017,"{'center': [2.740104016483392, Decimal('-2.1714467210939294'), 84.50452964490482], 'radius': 12.0}","{'center': [180.103827538695, Decimal('104.06834553442886')], 'axes': [176.0852354604779, 176.0852354604779], 'angle': 90.0}",0.6497287549929953,1,244.457167,2.176634688163292,-1.8447796043596019,"[0.502303685347534, 0.340944813543295]",pupil.1,1,3d c++
"{'center': [0.0838577808771599, 4.685917802065541, 75.0218661091496], 'normal': [Decimal('-0.22135385296718602'), 0.5714470435966225, -0.7902219613129348], 'radius': Decimal('2.7461014568886877')}",0.8312341061030744,369.348367,5.492202913777375,"{'center': [Decimal('160.83875090324923'), 158.3698136342897], 'axes': [34.26744229020767, 45.41144318461939], 'angle': -70.27920213200784}","[Decimal('160.83875090324923'), 158.3698136342897]",45.41144318461939,"{'center': [2.740104016483392, Decimal('-2.1714467210939294'), 84.50452964490482], 'radius': 12.0}","{'center': [180.103827538695, Decimal('104.06834553442886')], 'axes': [176.0852354604779, 176.0852354604779], 'angle': 90.0}",0.6487286576331464,1,244.457167,2.179064415023511,-1.8439126380572495,"[0.5026210965726539, Decimal('0.34012577652379294')]",pupil.1,1,3d c++
"{'center': [0.080734030830381, 4.707771868808921, 75.03858527195698], 'normal': [Decimal('-0.22161416547108426'), 0.5732682158252376, -0.7888286977456537], 'radius': Decimal('2.7499362877222144')}",0.8766830739540293,369.356767,5.499872575444429,"{'center': [Decimal('160.81303256616224'), Decimal('158.54058393418728')], 'axes': [34.2316412461377, 45.46484100106076], 'angle': -70.31177880033327}","[Decimal('160.81303256616224'), Decimal('158.54058393418728')]",45.46484100106076,"{'center': [2.740104016483392, Decimal('-2.1714467210939294'), 84.50452964490482], 'radius': 12.0}","{'center': [180.103827538695, Decimal('104.06834553442886')], 'axes': [176.0852354604779, 176.0852354604779], 'angle': 90.0}",0.6484412096238623,1,244.457167,2.18128534675214,-1.8446772202432513,"[0.502540726769257, Decimal('0.33941423360755296')]",pupil.1,1,3d c++
"{'center': [0.07082158420276308, 4.71482691045083, 75.04650835246689], 'normal': [-0.2224402026900524, 0.5738561359620632, -0.7881684410364947], 'radius': 2.749718268629108}",0.783211695446223,369.365167,5.499436537258216,"{'center': [160.7313958083832, Decimal('158.59490564940398')], 'axes': [Decimal('34.190124757993885'), 45.45642862820219], 'angle': -70.25402330590774}","[160.7313958083832, Decimal('158.59490564940398')]",45.45642862820219,"{'center': [2.740104016483392, Decimal('-2.1714467210939294'), 84.50452964490482], 'radius': 12.0}","{'center': [180.103827538695, Decimal('104.06834553442886')], 'axes': [176.0852354604779, 176.0852354604779], 'angle': 90.0}",0.6481355238967423,1,244.457167,2.182003056004905,-1.8458663306251113,"[0.5022856119011976, Decimal('0.33918789312748343')]",pupil.1,1,3d c++
"{'center': [0.06575196782701909, 4.729966756899403, 75.05898396846985], 'normal': [-0.2228626707213644, 0.5751177898327776, -0.7871288063695813], 'radius': 2.736939634967417}",0.8347426677667483,369.373567,5.473879269934834,"{'center': [Decimal('160.68808103171637'), Decimal('158.71673445886327')], 'axes': [33.96924222961268, 45.23759990199514], 'angle': -70.2543290836553}","[Decimal('160.68808103171637'), Decimal('158.71673445886327')]",45.23759990199514,"{'center': [2.740104016483392, Decimal('-2.1714467210939294'), 84.50452964490482], 'radius': 12.0}","{'center': [180.103827538695, Decimal('104.06834553442886')], 'axes': [176.0852354604779, 176.0852354604779], 'angle': 90.0}",0.6472499559536882,1,244.457167,2.1835444524786363,-1.8467085141354944,"[0.5021502532241137, 0.3386802730880697]",pupil.1,1,3d c++
"{'center': [0.0790630160998429, 4.757307862025145, 75.07525497920629], 'normal': [-0.2217534166986291, 0.5773962152599229, -0.785772888808211], 'radius': 2.722142705594581}",0.936040303567559,369.381967,5.444285411189162,"{'center': [Decimal('160.79536480484498'), Decimal('158.93742050436566')], 'axes': [Decimal('33.703277426365204'), 44.98331816431807], 'angle': -70.42601643780546}","[Decimal('160.79536480484498'), Decimal('158.93742050436566')]",44.98331816431807,"{'center': [2.740104016483392, Decimal('-2.1714467210939294'), 84.50452964490482], 'radius': 12.0}","{'center': [180.103827538695, Decimal('104.06834553442886')], 'axes': [176.0852354604779, 176.0852354604779], 'angle': 90.0}",0.6443466815110876,1,244.457167,2.186332308798864,-1.845853714244604,"[0.5024855150151406, Decimal('0.33776074789847643')]",pupil.1,1,3d c++
"{'center': [Decimal('0.053461417578545944'), Decimal('4.7556581432992395'), 75.08130462671437], 'normal': [-0.2238868832420705, 0.5772587386994307, -0.7852687515158704], 'radius': Decimal('2.7666618307384168')}",0.879506652471854,369.390367,5.5333236614768335,"{'center': [Decimal('160.58978482296922'), Decimal('158.90950406553867')], 'axes': [34.22709439427453, 45.71558939694613], 'angle': -70.22682653164571}","[Decimal('160.58978482296922'), Decimal('158.90950406553867')]",45.71558939694613,"{'center': [2.740104016483392, Decimal('-2.1714467210939294'), 84.50452964490482], 'radius': 12.0}","{'center': [180.103827538695, Decimal('104.06834553442886')], 'axes': [176.0852354604779, 176.0852354604779], 'angle': 90.0}",0.6437510071345409,1,244.457167,2.1861639384092704,-1.8485359331184004,"[0.5018430775717788, Decimal('0.33787706639358883')]",pupil.1,1,3d c++
"{'center': [0.06525812150247567, Decimal('4.7670571397356944'), 75.08633642054612], 'normal': [Decimal('-0.22290382458174302'), 0.5782086550691353, -0.784849435363225], 'radius': Decimal('2.7628897952161804')}",0.7989538608970699,369.398767,5.525779590432361,"{'center': [Decimal('160.68606264860708'), Decimal('159.00168869087273')], 'axes': [34.15385115239185, 45.65026248116017], 'angle': -70.34578567184485}","[Decimal('160.68606264860708'), Decimal('159.00168869087273')]",45.65026248116017,"{'center': [2.740104016483392, Decimal('-2.1714467210939294'), 84.50452964490482], 'radius': 12.0}","{'center': [180.103827538695, Decimal('104.06834553442886')], 'axes': [176.0852354604779, 176.0852354604779], 'angle': 90.0}",0.6437253405111143,1,244.457167,2.1873277304147902,-1.8475181272969297,"[0.5021439457768971, 0.3374929637880303]",pupil.1,1,3d c++
"{'center': [0.05866389462456878, 4.763254396400278, 75.08541082816244], 'normal': [Decimal('-0.22345334348823528'), 0.5778917597911839, -0.7849265680618649], 'radius': Decimal('2.7797464935709906')}",0.812929406718908,369.407167,5.559492987141981,"{'center': [Decimal('160.63377804889654'), Decimal('158.96649872517725')], 'axes': [34.36780253798284, Decimal('45.929451249346066')], 'angle': -70.28592079083332}","[Decimal('160.63377804889654'), Decimal('158.96649872517725')]",45.929451249346066,"{'center': [2.740104016483392, Decimal('-2.1714467210939294'), 84.50452964490482], 'radius': 12.0}","{'center': [180.103827538695, Decimal('104.06834553442886')], 'axes': [176.0852354604779, 176.0852354604779], 'angle': 90.0}",0.643305764103641,1,244.457167,2.1869393789232605,-1.8481400264319452,"[0.5019805564028017, 0.3376395886450948]",pupil.1,1,3d c++
"{'center': [Decimal('0.049695787007256964'), 4.767586253041118, 75.09116016619882], 'normal': [Decimal('-0.22420068578967792'), 0.5782527478445874, -0.784447456558833], 'radius': Decimal('2.7435949851997696')}",0.8336885551817578,369.415567,5.487189970399539,"{'center': [Decimal('160.55616964795743'), 159.0087946869374], 'axes': [33.89251536151391, 45.32833001077498], 'angle': -70.22882106566061}","[Decimal('160.55616964795743'), 159.0087946869374]",45.32833001077498,"{'center': [2.740104016483392, Decimal('-2.1714467210939294'), 84.50452964490482], 'radius': 12.0}","{'center': [180.103827538695, Decimal('104.06834553442886')], 'axes': [176.0852354604779, 176.0852354604779], 'angle': 90.0}",0.6431037292328079,1,244.457167,2.1873817740696,-1.8491818321721234,"[0.501738030149867, 0.3374633554710942]",pupil.1,1,3d c++
"{'center': [0.08190787930064003, 4.760530577231181, 75.07682133207652], 'normal': [Decimal('-0.22151634476522933'), 0.5776647748604259, -0.785642359402359], 'radius': 2.7647858064798}",0.7186191087252448,369.423967,5.5295716129596,"{'center': [Decimal('160.82316967006312'), Decimal('158.95207511286873')], 'axes': [34.22360708948044, 45.68742875762628], 'angle': -70.45596435298852}","[Decimal('160.82316967006312'), Decimal('158.95207511286873')]",45.68742875762628,"{'center': [2.740104016483392, Decimal('-2.1714467210939294'), 84.50452964490482], 'radius': 12.0}","{'center': [180.103827538695, Decimal('104.06834553442886')], 'axes': [176.0852354604779, 176.0852354604779], 'angle': 90.0}",0.6422636562217532,1,244.457167,2.1866612771534166,-1.8456176314881,"[0.5025724052189473, Decimal('0.33769968702971365')]",pupil.1,1,3d c++
"{'center': [0.08111079957866352, 4.760914606566905, 75.07732849635563], 'normal': [Decimal('-0.22158276807539404'), 0.5776967773050695, -0.7856000957124325], 'radius': 2.756777086910448}",0.7427311097498678,369.432367,5.513554173820896,"{'center': [Decimal('160.81576378105333'), 158.957081787883], 'axes': [Decimal('34.121899708285284'), 45.55470902657505], 'angle': -70.45085375857703}","[Decimal('160.81576378105333'), 158.957081787883]",45.55470902657505,"{'center': [2.740104016483392, Decimal('-2.1714467210939294'), 84.50452964490482], 'radius': 12.0}","{'center': [180.103827538695, Decimal('104.06834553442886')], 'axes': [176.0852354604779, 176.0852354604779], 'angle': 90.0}",0.6411178460317579,1,244.457167,2.186700483210038,-1.845710004979419,"[0.5025492618157916, 0.3376788258838208]",pupil.1,1,3d c++
"{'center': [0.08587777529387441, 4.722808951273798, 75.04808624452397], 'normal': [Decimal('-0.22118552009912648'), 0.574521306030644, -0.7880369500317368], 'radius': Decimal('2.7382420688506195')}",0.8399231008676018,369.440767,5.476484137701239,"{'center': [Decimal('160.85376523778865'), 158.6626910522695], 'axes': [34.03789608587396, 45.26575419284017], 'angle': -70.38991380828688}","[Decimal('160.85376523778865'), 158.6626910522695]",45.26575419284017,"{'center': [2.740104016483392, Decimal('-2.1714467210939294'), 84.50452964490482], 'radius': 12.0}","{'center': [180.103827538695, Decimal('104.06834553442886')], 'axes': [176.0852354604779, 176.0852354604779], 'angle': 90.0}",0.6373250738545888,1,244.457167,2.1828155043332744,-1.844434669415772,"[0.5026680163680896, Decimal('0.33890545394887706')]",pupil.1,1,3d c++
"{'center': [0.08941986492489296, 4.743263063520505, 75.0620372767197], 'normal': [Decimal('-0.22089034596320825'), 0.5762258153845362, -0.7868743640154255], 'radius': 2.752057390141695}",0.9959222979776371,369.449167,5.50411478028339,"{'center': [160.8839056426618, Decimal('158.82055182623048')], 'axes': [34.13936091830903, Decimal('45.485896685714366')], 'angle': -70.46935161034136}","[160.8839056426618, Decimal('158.82055182623048')]",45.485896685714366,"{'center': [2.740104016483392, Decimal('-2.1714467210939294'), 84.50452964490482], 'radius': 12.0}","{'center': [180.103827538695, Decimal('104.06834553442886')], 'axes': [176.0852354604779, 176.0852354604779], 'angle': 90.0}",0.6406250474395692,1,244.457167,2.1848995358952545,-1.8444713527158314,"[0.5027622051333182, Decimal('0.33824770072403965')]",pupil.1,1,3d c++
"{'center': [0.09300097512762884, 4.752005276506555, 75.06744016109855], 'normal': [Decimal('-0.22059192011298026'), 0.5769543331333737, -0.7864241236505227], 'radius': Decimal('2.7601734189154286')}",0.8957568344557966,369.457567,5.520346837830857,"{'center': [160.9140033144005, Decimal('158.88768216086174')], 'axes': [34.21257154366888, 45.61687497618433], 'angle': -70.5189696844049}","[160.9140033144005, Decimal('158.88768216086174')]",45.61687497618433,"{'center': [2.740104016483392, Decimal('-2.1714467210939294'), 84.50452964490482], 'radius': 12.0}","{'center': [180.103827538695, Decimal('104.06834553442886')], 'axes': [176.0852354604779, 176.0852354604779], 'angle': 90.0}",0.6404264843067109,1,244.457167,2.1857911979008926,-1.84426856461672,"[0.5028562603575015, 0.3379679909964094]",pupil.1,1,3d c++
"{'center': [Decimal('0.10508953284538558'), Decimal('4.7428924121980955'), 75.05738123806562], 'normal': [-0.2195845403031672, 0.5761949277743353, -0.7872623672366001], 'radius': Decimal('2.7548259302528035')}",0.933012564714526,369.465967,5.509651860505607,"{'center': [Decimal('161.01297729290286'), Decimal('158.81895611185735')], 'axes': [34.19557392032114, Decimal('45.534559939242705')], 'angle': -70.58831620210857}","[Decimal('161.01297729290286'), Decimal('158.81895611185735')]",45.534559939242705,"{'center': [2.740104016483392, Decimal('-2.1714467210939294'), 84.50452964490482], 'radius': 12.0}","{'center': [180.103827538695, Decimal('104.06834553442886')], 'axes': [176.0852354604779, 176.0852354604779], 'angle': 90.0}",0.6405875792315441,1,244.457167,2.184861743705581,-1.8428048222794982,"[0.5031655540403215, Decimal('0.33825434953392775')]",pupil.1,1,3d c++
"{'center': [0.09665414110176185, 4.753344663268123, 75.06739888182805], 'normal': [Decimal('-0.22028748961513586'), 0.5770659486968377, -0.7864275635897309], 'radius': Decimal('2.7588949740586086')}",0.8771265258871634,369.474367,5.517789948117217,"{'center': [Decimal('160.94385669506318'), 158.899029721146], 'axes': [34.19654861683982, 45.59577995167279], 'angle': -70.55028077440964}","[Decimal('160.94385669506318'), 158.899029721146]",45.59577995167279,"{'center': [2.740104016483392, Decimal('-2.1714467210939294'), 84.50452964490482], 'radius': 12.0}","{'center': [180.103827538695, Decimal('104.06834553442886')], 'axes': [176.0852354604779, 176.0852354604779], 'angle': 90.0}",0.6396661207017873,1,244.457167,2.185927858253223,-1.8439085211862734,"[0.5029495521720724, 0.337920709495225]",pupil.1,1,3d c++
"{'center': [Decimal('0.11434828126893759'), Decimal('4.7579065416693975'), 75.06580779399621], 'normal': [Decimal('-0.21881297793453786'), 0.5774461052302773, -0.786560154242384], 'radius': Decimal('2.7359398883720427')}",0.788063445293217,369.482767,5.471879776744085,"{'center': [Decimal('161.08675171201514'), 158.9431934740118], 'axes': [Decimal('33.917902443031146'), 45.2172556380578], 'angle': -70.69706292692464}","[Decimal('161.08675171201514'), 158.9431934740118]",45.2172556380578,"{'center': [2.740104016483392, Decimal('-2.1714467210939294'), 84.50452964490482], 'radius': 12.0}","{'center': [180.103827538695, Decimal('104.06834553442886')], 'axes': [176.0852354604779, 176.0852354604779], 'angle': 90.0}",0.6388131521484208,1,244.457167,2.1863934150360818,-1.8421256040185747,"[0.5033960991000473, 0.3377366938582842]",pupil.1,1,3d c++
"{'center': [0.1324584710746528, 4.753464459332221, 75.05753065831024], 'normal': [Decimal('-0.21730379545072825'), 0.5770759317021792, -0.7872499155495476], 'radius': Decimal('2.7147161886284246')}",0.8462462012234191,369.491167,5.429432377256849,"{'center': [161.2335139602938, Decimal('158.91607797180063')], 'axes': [33.69373037131748, Decimal('44.871309776586955')], 'angle': -70.82459806902658}","[161.2335139602938, Decimal('158.91607797180063')]",44.871309776586955,"{'center': [2.740104016483392, Decimal('-2.1714467210939294'), 84.50452964490482], 'radius': 12.0}","{'center': [180.103827538695, Decimal('104.06834553442886')], 'axes': [176.0852354604779, 176.0852354604779], 'angle': 90.0}",0.6382441704043451,1,244.457167,2.185940081931908,-1.8401189253480883,"[0.5038547311259182, 0.3378496751174974]",pupil.1,1,3d c++
"{'center': [0.1285853885599364, 4.765257749167084, 75.06725771132838], 'normal': [Decimal('-0.21762655232695466'), 0.5780587058550845, -0.7864393277980368], 'radius': 2.747521214331141}",0.9427094075623758,369.499567,5.495042428662282,"{'center': [Decimal('161.20478686456272'), Decimal('158.99985413926441')], 'axes': [34.05292066032885, 45.40796746957828], 'angle': -70.82443900207863}","[Decimal('161.20478686456272'), Decimal('158.99985413926441')]",45.40796746957828,"{'center': [2.740104016483392, Decimal('-2.1714467210939294'), 84.50452964490482], 'radius': 12.0}","{'center': [180.103827538695, Decimal('104.06834553442886')], 'axes': [176.0852354604779, 176.0852354604779], 'angle': 90.0}",0.6383325177933052,1,244.457167,2.187143956073843,-1.8407645197895792,"[0.5037649589517585, 0.3375006077530649]",pupil.1,1,3d c++
"{'center': [Decimal('0.11649633146354565'), 4.758853989038432, 75.06590608093938], 'normal': [Decimal('-0.21863397375165386'), 0.5775250591776967, -0.7865519636637868], 'radius': 2.77769423923103}",0.8969027060538177,369.507967,5.55538847846206,"{'center': [Decimal('161.10875876275628'), Decimal('158.94002026410323')], 'axes': [34.43535775010177, 45.90764589574812], 'angle': -70.71593009893449}","[Decimal('161.10875876275628'), Decimal('158.94002026410323')]",45.90764589574812,"{'center': [2.740104016483392, Decimal('-2.1714467210939294'), 84.50452964490482], 'radius': 12.0}","{'center': [180.103827538695, Decimal('104.06834553442886')], 'axes': [176.0852354604779, 176.0852354604779], 'angle': 90.0}",0.638114268487644,1,244.457167,2.186490124813234,-1.8419170471018724,"[0.5034648711336134, Decimal('0.33774991556623657')]",pupil.1,1,3d c++
"{'center': [0.1322018866650243, 4.743210895823593, 75.05009383296483], 'normal': [Decimal('-0.21732517748486396'), 0.5762214680764601, -0.7878696509949988], 'radius': 2.788967299732343}",0.7905211600592456,369.516367,5.577934599464686,"{'center': [Decimal('161.23939079368787'), Decimal('158.81599653624713')], 'axes': [Decimal('34.654144720037586'), 46.10375848461073], 'angle': -70.79703643859656}","[Decimal('161.23939079368787'), Decimal('158.81599653624713')]",46.10375848461073,"{'center': [2.740104016483392, Decimal('-2.1714467210939294'), 84.50452964490482], 'radius': 12.0}","{'center': [180.103827538695, Decimal('104.06834553442886')], 'axes': [176.0852354604779, 176.0852354604779], 'angle': 90.0}",0.6377861454717748,1,244.457167,2.1848942167342376,-1.8399423828567338,"[0.5038730962302747, 0.3382666810989703]",pupil.1,1,3d c++
"{'center': [Decimal('0.13529777813824673'), 4.754756587218111, 75.05769460915843], 'normal': [-0.2170671865287621, 0.5771836090260033, -0.7872362529788661], 'radius': 2.767042822620898}",0.9064438432024726,369.524767,5.534085645241796,"{'center': [161.262244209841, 158.9130139635176], 'axes': [34.34273099518322, 45.73657214529277], 'angle': -70.8496632389771}","[161.262244209841, 158.9130139635176]",45.73657214529277,"{'center': [2.740104016483392, Decimal('-2.1714467210939294'), 84.50452964490482], 'radius': 12.0}","{'center': [180.103827538695, Decimal('104.06834553442886')], 'axes': [176.0852354604779, 176.0852354604779], 'angle': 90.0}",0.6380366820236127,1,244.457167,2.1860719340113213,-1.8398440781524494,"[0.5039445131557531, Decimal('0.33786244181867664')]",pupil.1,1,3d c++
"{'center': [Decimal('0.16496826621224292'), 4.752595503198629, 75.04798084823014], 'normal': [-0.2145946458559291, 0.5770035186910465, -0.7880457330562228], 'radius': 2.721466250175467}",0.8150230021921105,369.533167,5.442932500350934,"{'center': [Decimal('161.50149045434082'), 158.9116738618966], 'axes': [33.82178322784217, Decimal('44.988780260773375')], 'angle': -71.07208951724867}","[Decimal('161.50149045434082'), 158.9116738618966]",44.988780260773375,"{'center': [2.740104016483392, Decimal('-2.1714467210939294'), 84.50452964490482], 'radius': 12.0}","{'center': [180.103827538695, Decimal('104.06834553442886')], 'axes': [176.0852354604779, 176.0852354604779], 'angle': 90.0}",0.6381697849127121,1,244.457167,2.185851418303318,-1.8366622093066027,"[0.5046921576698151, Decimal('0.33786802557543083')]",pupil.1,1,3d c++
"{'center': [Decimal('0.13158247402161338'), 4.770772261053482, 75.07048433197437], 'normal': [Decimal('-0.21737679520514822'), 0.5785182485122843, -0.7861704427442041], 'radius': 2.746749797217839}",0.7359698773789225,369.541567,5.493499594435678,"{'center': [Decimal('161.22920305822257'), Decimal('159.04381156199784')], 'axes': [34.02687753158473, 45.39329553774155], 'angle': -70.86112044760468}","[Decimal('161.22920305822257'), Decimal('159.04381156199784')]",45.39329553774155,"{'center': [2.740104016483392, Decimal('-2.1714467210939294'), 84.50452964490482], 'radius': 12.0}","{'center': [180.103827538695, Decimal('104.06834553442886')], 'axes': [176.0852354604779, 176.0852354604779], 'angle': 90.0}",0.6377116259026039,1,244.457167,2.1877072368356947,-1.8405573293485953,"[0.5038412595569455, Decimal('0.33731745182500894')]",pupil.1,1,3d c++
"{'center': [Decimal('0.14715327165631553'), 4.771914227373907, 75.06703288070975], 'normal': [-0.2160792287355897, 0.5786134123723197, -0.786458063682923], 'radius': Decimal('2.7513391691234825')}",0.8046097942713984,369.549967,5.502678338246965,"{'center': [Decimal('161.35761352277208'), Decimal('159.05360658666353')], 'axes': [Decimal('34.099538020876565'), 45.47133371834669], 'angle': -70.98316260956169}","[Decimal('161.35761352277208'), Decimal('159.05360658666353')]",45.47133371834669,"{'center': [2.740104016483392, Decimal('-2.1714467210939294'), 84.50452964490482], 'radius': 12.0}","{'center': [180.103827538695, Decimal('104.06834553442886')], 'axes': [176.0852354604779, 176.0852354604779], 'angle': 90.0}",0.6372744910147499,1,244.457167,2.187823911303552,-1.8389299529273302,"[0.5042425422586627, 0.3372766392222353]",pupil.1,1,3d c++
"{'center': [Decimal('0.14264665384908692'), 4.770716861881713, 75.06739130552971], 'normal': [Decimal('-0.21645478021952544'), 0.5785136319146369, -0.7864281949479259], 'radius': Decimal('2.7652442461695714')}",0.847348006128859,369.558367,5.530488492339143,"{'center': [161.3220511089687, Decimal('159.03997070939056')], 'axes': [Decimal('34.270703365218495'), 45.70102101089064], 'angle': -70.94569615033346}","[161.3220511089687, Decimal('159.03997070939056')]",45.70102101089064,"{'center': [2.740104016483392, Decimal('-2.1714467210939294'), 84.50452964490482], 'radius': 12.0}","{'center': [180.103827538695, Decimal('104.06834553442886')], 'axes': [176.0852354604779, 176.0852354604779], 'angle': 90.0}",0.6374461707828294,1,244.457167,2.1877015769590926,-1.8393836215534827,"[0.5041314097155272, Decimal('0.33733345537753934')]",pupil.1,1,3d c++
"{'center': [Decimal('0.14160184930120145'), 4.782002011968018, 75.07599120017073], 'normal': [Decimal('-0.21654184726518255'), 0.5794540610884956, -0.7857115370611739], 'radius': Decimal('2.7806734429973416')}",0.793263863347569,369.566767,5.561346885994683,"{'center': [Decimal('161.31478927310695'), 159.1245090755886], 'axes': [34.4186053716767, Decimal('45.950933034043636')], 'angle': -70.96566294648504}","[Decimal('161.31478927310695'), 159.1245090755886]",45.950933034043636,"{'center': [2.740104016483392, Decimal('-2.1714467210939294'), 84.50452964490482], 'radius': 12.0}","{'center': [180.103827538695, Decimal('104.06834553442886')], 'axes': [176.0852354604779, 176.0852354604779], 'angle': 90.0}",0.6374726445034562,1,244.457167,2.1888549981621774,-1.8397199688116146,"[0.5041087164784592, 0.3369812121850475]",pupil.1,1,3d c++
"{'center': [Decimal('0.16219758803196793'), 4.782726696525705, 75.07087338002951], 'normal': [Decimal('-0.21482553570428534'), 0.5795144514683028, -0.7861380220729429], 'radius': 2.749581348357976}",0.9060602203225403,369.575167,5.499162696715952,"{'center': [Decimal('161.48079084961023'), Decimal('159.14102028489572')], 'axes': [34.05693645178244, 45.44004601253419], 'angle': -71.12504774142357}","[Decimal('161.48079084961023'), Decimal('159.14102028489572')]",45.44004601253419,"{'center': [2.740104016483392, Decimal('-2.1714467210939294'), 84.50452964490482], 'radius': 12.0}","{'center': [180.103827538695, Decimal('104.06834553442886')], 'axes': [176.0852354604779, 176.0852354604779], 'angle': 90.0}",0.6377603956530198,1,244.457167,2.188929098293992,-1.8375506175216398,"[0.504627471405032, Decimal('0.33691241547960116')]",pupil.1,1,3d c++
"{'center': [Decimal('0.17106483399782269'), 4.776209737301578, 75.0636553519715], 'normal': [-0.2140865985404641, 0.5789713715329589, -0.7867395244111094], 'radius': Decimal('2.7529140838199457')}",0.7570499257930331,369.583567,5.5058281676398915,"{'center': [161.5541885456282, Decimal('159.09004072635793')], 'axes': [Decimal('34.133613018496305'), Decimal('45.499532442059014')], 'angle': -71.17706164309575}","[161.5541885456282, Decimal('159.09004072635793')]",45.499532442059014,"{'center': [2.740104016483392, Decimal('-2.1714467210939294'), 84.50452964490482], 'radius': 12.0}","{'center': [180.103827538695, Decimal('104.06834553442886')], 'axes': [176.0852354604779, 176.0852354604779], 'angle': 90.0}",0.6341511758800822,1,244.457167,2.1882628692079478,-1.8364819209950716,"[0.5048568392050881, 0.3371248303068419]",pupil.1,1,3d c++
"{'center': [Decimal('0.16304146375773332'), 4.770811137076356, 75.06187088637648], 'normal': [-0.2147552127271382, 0.578521488180857, -0.786888229877362], 'radius': Decimal('2.7423795522953758')}",0.861797465647857,369.591967,5.4847591045907516,"{'center': [Decimal('161.48730523293693'), Decimal('159.04930725372088')], 'axes': [34.01260609586095, 45.32635524036792], 'angle': -71.10223477456884}","[Decimal('161.48730523293693'), Decimal('159.04930725372088')]",45.32635524036792,"{'center': [2.740104016483392, Decimal('-2.1714467210939294'), 84.50452964490482], 'radius': 12.0}","{'center': [180.103827538695, Decimal('104.06834553442886')], 'axes': [176.0852354604779, 176.0852354604779], 'angle': 90.0}",0.6331304735032406,1,244.457167,2.187711208632326,-1.8372250043287535,"[0.5046478288529279, 0.3372945531094963]",pupil.1,1,3d c++
"{'center': [Decimal('0.14177445913653663'), 4.787408064574359, 75.0799329117072], 'normal': [Decimal('-0.21652746311223797'), 0.5799045654723574, -0.7853830610998016], 'radius': 2.786734770225536}",0.9004884560419343,369.600367,5.573469540451072,"{'center': [161.3167040500815, Decimal('159.16542629579993')], 'axes': [Decimal('34.473659256599156'), 46.04875676236502], 'angle': -70.98034651473628}","[161.3167040500815, Decimal('159.16542629579993')]",46.04875676236502,"{'center': [2.740104016483392, Decimal('-2.1714467210939294'), 84.50452964490482], 'radius': 12.0}","{'center': [180.103827538695, Decimal('104.06834553442886')], 'axes': [176.0852354604779, 176.0852354604779], 'angle': 90.0}",0.6335085036918042,1,244.457167,2.1894078696423267,-1.8398100735380063,"[0.5041147001565047, 0.3368107237675003]",pupil.1,1,3d c++
"{'center': [0.1509554570330045, 4.77280755032935, 75.06664628310618], 'normal': [Decimal('-0.21576237995419897'), 0.57868785595194, -0.7864902801498863], 'radius': 2.788076179351592}",0.9592891625263857,369.608767,5.576152358703184,"{'center': [Decimal('161.39265960392942'), Decimal('159.05146332072846')], 'axes': [34.55690094323136, 46.07905935572172], 'angle': -71.01454694341116}","[Decimal('161.39265960392942'), Decimal('159.05146332072846')]",46.07905935572172,"{'center': [2.740104016483392, Decimal('-2.1714467210939294'), 84.50452964490482], 'radius': 12.0}","{'center': [180.103827538695, Decimal('104.06834553442886')], 'axes': [176.0852354604779, 176.0852354604779], 'angle': 90.0}",0.6323501643975438,1,244.457167,2.1879151886617287,-1.838544860213202,"[0.5043520612622794, Decimal('0.33728556949696475')]",pupil.1,1,3d c++
"{'center': [Decimal('0.16674652308431526'), 4.773667988886956, 75.06296129656492], 'normal': [Decimal('-0.21444645778325638'), 0.5787595591650738, -0.7867973623616588], 'radius': 2.737457526916421}",0.8090236403104737,369.617167,5.474915053832842,"{'center': [Decimal('161.51717914328282'), 159.0735305142538], 'axes': [33.9456757741904, 45.24433109073951], 'angle': -71.1376768112685}","[Decimal('161.51717914328282'), 159.0735305142538]",45.24433109073951,"{'center': [2.740104016483392, Decimal('-2.1714467210939294'), 84.50452964490482], 'radius': 12.0}","{'center': [180.103827538695, Decimal('104.06834553442886')], 'axes': [176.0852354604779, 176.0852354604779], 'angle': 90.0}",0.6323041131823359,1,244.457167,2.188003111569519,-1.8368890907363122,"[0.5047411848227588, Decimal('0.33719362285727583')]",pupil.1,1,3d c++
"{'center': [0.1641573610096021, 4.795750354737288, 75.07995200266099], 'normal': [Decimal('-0.21466222128948248'), 0.5805997563192681, -0.7853814701869861], 'radius': 2.773887037768725}",0.7506070804802785,369.625567,5.54777407553745,"{'center': [161.4990513106268, Decimal('159.23727090459894')], 'axes': [34.31216957979863, Decimal('45.836455888917115')], 'angle': -71.17195678555993}","[161.4990513106268, Decimal('159.23727090459894')]",45.836455888917115,"{'center': [2.740104016483392, Decimal('-2.1714467210939294'), 84.50452964490482], 'radius': 12.0}","{'center': [180.103827538695, Decimal('104.06834553442886')], 'axes': [176.0852354604779, 176.0852354604779], 'angle': 90.0}",0.6318701454393394,1,244.457167,2.1902614543928847,-1.8376020678410403,"[0.5046845353457088, Decimal('0.33651137123083774')]",pupil.1,1,3d c++
"{'center': [Decimal('0.17503397499550255'), 4.787764286941766, 75.07108924238486], 'normal': [Decimal('-0.21375583679065746'), 0.5799342506696412, -0.7861200335433308], 'radius': 2.761861195987355}",0.7445830897929022,369.633967,5.52372239197471,"{'center': [Decimal('161.58741034497598'), Decimal('159.17905385158207')], 'axes': [34.20679477874992, 45.64302932750936], 'angle': -71.23574392133169}","[Decimal('161.58741034497598'), Decimal('159.17905385158207')]",45.64302932750936,"{'center': [2.740104016483392, Decimal('-2.1714467210939294'), 84.50452964490482], 'radius': 12.0}","{'center': [180.103827538695, Decimal('104.06834553442886')], 'axes': [176.0852354604779, 176.0852354604779], 'angle': 90.0}",0.6300235093870343,1,244.457167,2.18944430777929,-1.8362898220436714,"[0.50496065732805, 0.3367539422850747]",pupil.1,1,3d c++
"{'center': [Decimal('0.16283581161131178'), 4.793172532931036, 75.07840810703888], 'normal': [-0.2147723504060067, 0.5803849378354138, -0.785510128155495], 'radius': 2.768130522848246}",0.8806185378504602,369.642367,5.536261045696492,"{'center': [Decimal('161.48766668922482'), Decimal('159.21835615798608')], 'axes': [Decimal('34.248818307668394'), 45.74220840086919], 'angle': -71.15553958995767}","[Decimal('161.48766668922482'), Decimal('159.21835615798608')]",45.74220840086919,"{'center': [2.740104016483392, Decimal('-2.1714467210939294'), 84.50452964490482], 'radius': 12.0}","{'center': [180.103827538695, Decimal('104.06834553442886')], 'axes': [176.0852354604779, 176.0852354604779], 'angle': 90.0}",0.6304347127429,1,244.457167,2.1899976357343665,-1.8376908654602924,"[0.5046489584038276, 0.336590182675058]",pupil.1,1,3d c++
"{'center': [0.183224288128228, Decimal('4.7998810270261885'), 75.07781465594833], 'normal': [Decimal('-0.21307331069626367'), 0.5809439790100098, -0.7855595824130406], 'radius': 2.747560116782219}",0.9187551540536554,369.650767,5.495120233564438,"{'center': [Decimal('161.65291786455845'), Decimal('159.27908849868717')], 'axes': [33.99494669402827, 45.40258101909204], 'angle': -71.32791777700314}","[Decimal('161.65291786455845'), Decimal('159.27908849868717')]",45.40258101909204,"{'center': [2.740104016483392, Decimal('-2.1714467210939294'), 84.50452964490482], 'radius': 12.0}","{'center': [180.103827538695, Decimal('104.06834553442886')], 'axes': [176.0852354604779, 176.0852354604779], 'angle': 90.0}",0.6309297353251253,1,244.457167,2.1906842979279224,-1.835661328455231,"[0.5051653683267452, Decimal('0.33633713125547016')]",pupil.1,1,3d c++
"{'center': [Decimal('0.18772914176840505'), 4.799114366535186, 75.07602707967452], 'normal': [Decimal('-0.21269790622624893'), 0.5808800906357596, -0.7857085471025256], 'radius': Decimal('2.7660074881921792')}",0.7173718827197647,369.659167,5.5320149763843585,"{'center': [161.6918452420547, 159.2688010106532], 'axes': [34.23198410291197, 45.70867863149113], 'angle': -71.36059767314816}","[161.6918452420547, 159.2688010106532]",45.70867863149113,"{'center': [2.740104016483392, Decimal('-2.1714467210939294'), 84.50452964490482], 'radius': 12.0}","{'center': [180.103827538695, Decimal('104.06834553442886')], 'axes': [176.0852354604779, 176.0852354604779], 'angle': 90.0}",0.6294735391831341,1,244.457167,2.1906058077362474,-1.8351683130945715,"[0.5052870163814209, Decimal('0.33637999578894506')]",pupil.1,1,3d c++
"{'center': [Decimal('0.19321706899946278'), 4.802758273616449, 75.07723779790588], 'normal': [-0.2122405789569941, 0.5811837495591982, -0.7856076539165788], 'radius': 2.743025335922777}",0.8159238989645741,369.667567,5.486050671845554,"{'center': [161.734501000532, Decimal('159.30416158614537')], 'axes': [Decimal('33.940649391970915'), Decimal('45.328005574181496')], 'angle': -71.41141965023496}","[161.734501000532, Decimal('159.30416158614537')]",45.328005574181496,"{'center': [2.740104016483392, Decimal('-2.1714467210939294'), 84.50452964490482], 'radius': 12.0}","{'center': [180.103827538695, Decimal('104.06834553442886')], 'axes': [176.0852354604779, 176.0852354604779], 'angle': 90.0}",0.6282539120842534,1,244.457167,2.190978907751721,-1.8346582508358826,"[0.5054203156266625, 0.3362326600577277]",pupil.1,1,3d c++
"{'center': [Decimal('0.19793483584736205'), 4.79583286069829, 75.07084578937068], 'normal': [Decimal('-0.21184743171966916'), 0.5806066318160183, -0.7861403212945121], 'radius': 2.78510588364365}",0.9089460726840496,369.675967,5.5702117672873,"{'center': [Decimal('161.77777200161276'), Decimal('159.23926134853255')], 'axes': [34.49386057212786, 46.02765002081662], 'angle': -71.43095637882298}","[Decimal('161.77777200161276'), Decimal('159.23926134853255')]",46.02765002081662,"{'center': [2.740104016483392, Decimal('-2.1714467210939294'), 84.50452964490482], 'radius': 12.0}","{'center': [180.103827538695, Decimal('104.06834553442886')], 'axes': [176.0852354604779, 176.0852354604779], 'angle': 90.0}",0.6276895325854182,1,244.457167,2.1902698990125486,-1.8340214590707222,"[0.5055555375050399, Decimal('0.33650307771444765')]",pupil.1,1,3d c++
"{'center': [Decimal('0.29952645271825995'), Decimal('4.7415476631496265'), 75.00431439478216], 'normal': [Decimal('-0.20338146364709433'), 0.5760828653536296, -0.791684604176889], 'radius': Decimal('2.7331851415137467')}",0.7243606066248002,369.684367,5.466370283027493,"{'center': [162.6097989365954, 158.8383017528304], 'axes': [Decimal('34.171986270969725'), 45.2093886078288], 'angle': -72.08727193075528}","[162.6097989365954, 158.8383017528304]",45.2093886078288,"{'center': [2.740104016483392, Decimal('-2.1714467210939294'), 84.50452964490482], 'radius': 12.0}","{'center': [180.103827538695, Decimal('104.06834553442886')], 'axes': [176.0852354604779, 176.0852354604779], 'angle': 90.0}",0.6259235789683015,1,244.457167,2.184724639437449,-1.82225575185502,"[0.5081556216768607, 0.33817374269654]",pupil.1,1,3d c++
"{'center': [0.2759083109106433, 4.721511639964325, 74.99585652204725], 'normal': [Decimal('-0.20534964213106238'), 0.5744131967548545, -0.7923894269047975], 'radius': Decimal('2.7617866511656564')}",0.7284585934221097,369.692767,5.523573302331313,"{'center': [Decimal('162.41900263173497'), Decimal('158.67013231823728')], 'axes': [Decimal('34.575143917968234'), 45.68769380224847], 'angle': -71.85573657310566}","[Decimal('162.41900263173497'), Decimal('158.67013231823728')]",45.68769380224847,"{'center': [2.740104016483392, Decimal('-2.1714467210939294'), 84.50452964490482], 'radius': 12.0}","{'center': [180.103827538695, Decimal('104.06834553442886')], 'axes': [176.0852354604779, 176.0852354604779], 'angle': 90.0}",0.6247406013418555,1,244.457167,2.1826834265873165,-1.8243703154270041,"[0.5075593832241718, 0.3388744486740113]",pupil.1,1,3d c++
"{'center': [0.3012524545242816, 4.7395453293285, 75.00241451522302], 'normal': [Decimal('-0.20323763016325921'), 0.5759160042018692, -0.7918429274734825], 'radius': Decimal('2.7748943020725467')}",0.8432320453678391,369.701167,5.5497886041450935,"{'center': [Decimal('162.62819216333781'), 158.8117762196404], 'axes': [34.70345411735104, Decimal('45.900807802355004')], 'angle': -72.09607501515129}","[Decimal('162.62819216333781'), 158.8117762196404]",45.900807802355004,"{'center': [2.740104016483392, Decimal('-2.1714467210939294'), 84.50452964490482], 'radius': 12.0}","{'center': [180.103827538695, Decimal('104.06834553442886')], 'axes': [176.0852354604779, 176.0852354604779], 'angle': 90.0}",0.6242419730344118,1,244.457167,2.184520515473997,-1.822037156533139,"[0.5082131005104307, 0.3382842657514984]",pupil.1,1,3d c++
"{'center': [Decimal('0.31482813855306624'), 4.723052574656204, 74.98697132478773], 'normal': [Decimal('-0.20210632316086047'), 0.5745416079791779, -0.793129860009758], 'radius': Decimal('2.7729798657503415')}",0.7202663014425666,369.709567,5.545959731500683,"{'center': [162.7403272349111, Decimal('158.68395931250086')], 'axes': [34.75644675590403, 45.87855459642673], 'angle': -72.1633489175948}","[162.7403272349111, Decimal('158.68395931250086')]",45.87855459642673,"{'center': [2.740104016483392, Decimal('-2.1714467210939294'), 84.50452964490482], 'radius': 12.0}","{'center': [180.103827538695, Decimal('104.06834553442886')], 'axes': [176.0852354604779, 176.0852354604779], 'angle': 90.0}",0.6231853846230595,1,244.457167,2.182840308710281,-1.820307441508456,"[0.5085635226090972, Decimal('0.33881683619791303')]",pupil.1,1,3d c++
"{'center': [0.3182990235143648, 4.725965640128706, 74.9881982459211], 'normal': [Decimal('-0.20181708274741894'), 0.5747843634352195, -0.793027616581977], 'radius': Decimal('2.7631143853326083')}",0.758866619576576,369.717967,5.526228770665217,"{'center': [Decimal('162.76780613594795'), Decimal('158.70993120034376')], 'axes': [34.62609815099569, 45.7145277065313], 'angle': -72.19731623528553}","[Decimal('162.76780613594795'), Decimal('158.70993120034376')]",45.7145277065313,"{'center': [2.740104016483392, Decimal('-2.1714467210939294'), 84.50452964490482], 'radius': 12.0}","{'center': [180.103827538695, Decimal('104.06834553442886')], 'axes': [176.0852354604779, 176.0852354604779], 'angle': 90.0}",0.6226433192980219,1,244.457167,2.1831369342934286,-1.8199957770116273,"[0.5086493941748373, 0.3387086199985677]",pupil.1,1,3d c++
"{'center': [0.3339339358407045, 4.715937901419265, 74.97697599223045], 'normal': [Decimal('-0.20051417338689062'), 0.5739487185427662, -0.793962804389531], 'radius': Decimal('2.7672187749211288')}",0.7686876765587365,369.726367,5.5344375498422576,"{'center': [Decimal('162.89727923852027'), Decimal('158.63165478257878')], 'axes': [34.73281439011793, 45.78934083539385], 'angle': -72.29632297117303}","[Decimal('162.89727923852027'), Decimal('158.63165478257878')]",45.78934083539385,"{'center': [2.740104016483392, Decimal('-2.1714467210939294'), 84.50452964490482], 'radius': 12.0}","{'center': [180.103827538695, Decimal('104.06834553442886')], 'axes': [176.0852354604779, 176.0852354604779], 'angle': 90.0}",0.6218298927754939,1,244.457167,2.182116109983405,-1.8181722048901143,"[0.5090539976203758, 0.3390347717392551]",pupil.1,1,3d c++
"{'center': [0.3359766736966936, 4.715698154783501, 74.97628703787908], 'normal': [Decimal('-0.20034394523222487'), 0.5739287396564525, -0.7940202172521449], 'radius': Decimal('2.7623112549005313')}",0.8338383100644402,369.734767,5.524622509801063,"{'center': [Decimal('162.91362121690346'), Decimal('158.63129946033524')], 'axes': [34.67442751282982, 45.7085222965741], 'angle': -72.31177781747392}","[Decimal('162.91362121690346'), Decimal('158.63129946033524')]",45.7085222965741,"{'center': [2.740104016483392, Decimal('-2.1714467210939294'), 84.50452964490482], 'radius': 12.0}","{'center': [180.103827538695, Decimal('104.06834553442886')], 'axes': [176.0852354604779, 176.0852354604779], 'angle': 90.0}",0.6199585962481824,1,244.457167,2.1820917127076225,-1.8179534930560612,"[0.5091050663028234, 0.3390362522486031]",pupil.1,1,3d c++
"{'center': [0.3380794374642777, 4.716469660069858, 74.97631439503333], 'normal': [Decimal('-0.20016871491825952'), 0.573993031763649, -0.7940179374892907], 'radius': Decimal('2.7892007402953345')}",0.8271727201698845,369.743167,5.578401480590669,"{'center': [Decimal('162.93354652136284'), 158.6304986199007], 'axes': [Decimal('35.011943772019166'), Decimal('46.153690074172694')], 'angle': -72.3301057615365}","[Decimal('162.93354652136284'), 158.6304986199007]",46.153690074172694,"{'center': [2.740104016483392, Decimal('-2.1714467210939294'), 84.50452964490482], 'radius': 12.0}","{'center': [180.103827538695, Decimal('104.06834553442886')], 'axes': [176.0852354604779, 176.0852354604779], 'angle': 90.0}",0.6182035660232232,1,244.457167,2.182170224692335,-1.8177466840669396,"[0.5091673328792589, 0.3390395890837471]",pupil.1,1,3d c++
"{'center': [Decimal('0.33010913800288266'), 4.730347980585053, 74.9883773457046], 'normal': [Decimal('-0.20083290654004246'), 0.5751495584732486, -0.7930126916000184], 'radius': 2.792351851741618}",0.7152373333340957,369.751567,5.584703703483236,"{'center': [Decimal('162.86771846296259'), Decimal('158.73809855678687')], 'axes': [Decimal('34.990697894011085'), Decimal('46.198454123500944')], 'angle': -72.29998332617468}","[Decimal('162.86771846296259'), Decimal('158.73809855678687')]",46.198454123500944,"{'center': [2.740104016483392, Decimal('-2.1714467210939294'), 84.50452964490482], 'radius': 12.0}","{'center': [180.103827538695, Decimal('104.06834553442886')], 'axes': [176.0852354604779, 176.0852354604779], 'angle': 90.0}",0.6168458594368653,1,244.457167,2.1835832866252733,-1.8188343608833801,"[0.5089616201967581, 0.338591256013388]",pupil.1,1,3d c++
"{'center': [0.2639557368190566, 4.887976453415398, 75.12192690684135], 'normal': [-0.2063456899720279, 0.5882852645424437, -0.7818835615052888], 'radius': Decimal('2.8091610320147202')}",0.5712464395702834,369.759967,5.6183220640294405,"{'center': [Decimal('162.31963108629617'), Decimal('159.96462148757698')], 'axes': [34.52364164304862, Decimal('46.394506819446306')], 'angle': -72.1525541188561}","[Decimal('162.31963108629617'), Decimal('159.96462148757698')]",46.394506819446306,"{'center': [2.740104016483392, Decimal('-2.1714467210939294'), 84.50452964490482], 'radius': 12.0}","{'center': [180.103827538695, Decimal('104.06834553442886')], 'axes': [176.0852354604779, 176.0852354604779], 'angle': 90.0}",0.6168458594368653,1,244.457167,2.199733045509209,-1.8288218695424738,"[0.5072488471446756, 0.3334807438017626]",pupil.1,1,3d c++
"{'center': [Decimal('0.35396730050698366'), 4.712040793719986, 74.96912450374431], 'normal': [Decimal('-0.19884472633136735'), 0.5736239595678262, -0.7946170950967092], 'radius': 2.794350897417588}",0.8351035786273961,369.768367,5.588701794835176,"{'center': [Decimal('163.06500509956075'), Decimal('158.59605575361599')], 'axes': [Decimal('35.111777902104045'), 46.24343582094084], 'angle': -72.4445717927954}","[Decimal('163.06500509956075'), Decimal('158.59605575361599')]",46.24343582094084,"{'center': [2.740104016483392, Decimal('-2.1714467210939294'), 84.50452964490482], 'radius': 12.0}","{'center': [180.103827538695, Decimal('104.06834553442886')], 'axes': [176.0852354604779, 176.0852354604779], 'angle': 90.0}",0.6168279097583662,1,244.457167,2.1817195813067776,-1.8160005568715127,"[0.5095781409361273, 0.3391831010266001]",pupil.1,1,3d c++
"{'center': [0.3399550629289898, 4.723369391655341, 74.98083310563369], 'normal': [-0.2000124127962002, 0.5745680093957725, -0.7936413782725936], 'radius': 2.801359293457427}",0.967631310618973,369.776767,5.602718586914854,"{'center': [162.9499133745677, Decimal('158.68185242230848')], 'axes': [35.14133811957236, 46.35222933508141], 'angle': -72.36087954050872}","[162.9499133745677, Decimal('158.68185242230848')]",46.35222933508141,"{'center': [2.740104016483392, Decimal('-2.1714467210939294'), 84.50452964490482], 'radius': 12.0}","{'center': [180.103827538695, Decimal('104.06834553442886')], 'axes': [176.0852354604779, 176.0852354604779], 'angle': 90.0}",0.615837415736642,1,244.457167,2.1828725659000443,-1.8176739726537978,"[0.5092184792955241, 0.338825614907048]",pupil.1,1,3d c++
"{'center': [Decimal('0.35494376184106624'), 4.727724816141892, 74.98022165642243], 'normal': [Decimal('-0.19876335455352714'), 0.5749309614363185, -0.7936923323735332], 'radius': Decimal('2.7962967770602956')}",0.9257318491941061,369.785167,5.592593554120591,"{'center': [Decimal('163.07259296883072'), Decimal('158.71927330781892')], 'axes': [35.07930284369396, 46.26887831382323], 'angle': -72.48848457169842}","[Decimal('163.07259296883072'), Decimal('158.71927330781892')]",46.26887831382323,"{'center': [2.740104016483392, Decimal('-2.1714467210939294'), 84.50452964490482], 'radius': 12.0}","{'center': [180.103827538695, Decimal('104.06834553442886')], 'axes': [176.0852354604779, 176.0852354604779], 'angle': 90.0}",0.616097354857148,1,244.457167,2.1833160939486906,-1.8161784500018006,"[0.509601853027596, Decimal('0.33866969455075446')]",pupil.1,1,3d c++
"{'center': [Decimal('0.36655834421534017'), 4.717583531958216, 74.96998491984375], 'normal': [Decimal('-0.19779547268900433'), 0.5740858544210121, -0.7945453937550891], 'radius': Decimal('2.7895921713593914')}",0.7655039937673539,369.793567,5.579184342718783,"{'center': [Decimal('163.16795263905288'), Decimal('158.64247426937263')], 'axes': [35.04618495445167, Decimal('46.164190372726374')], 'angle': -72.55633505251635}","[Decimal('163.16795263905288'), Decimal('158.64247426937263')]",46.164190372726374,"{'center': [2.740104016483392, Decimal('-2.1714467210939294'), 84.50452964490482], 'radius': 12.0}","{'center': [180.103827538695, Decimal('104.06834553442886')], 'axes': [176.0852354604779, 176.0852354604779], 'angle': 90.0}",0.6138708903754342,1,244.457167,2.1822835851262044,-1.8147786851961534,"[0.5098998519970402, Decimal('0.33898969054428074')]",pupil.1,1,3d c++
"{'center': [Decimal('0.35166918055759355'), 4.727666814466723, 74.98100028557695], 'normal': [Decimal('-0.19903623632714987'), 0.5749261279633877, -0.7936274466106558], 'radius': Decimal('2.7923417369517622')}",0.7796080802870803,369.801967,5.5846834739035245,"{'center': [Decimal('163.04525542928087'), Decimal('158.71949247780054')], 'axes': [Decimal('35.026002584256325'), 46.20290904603093], 'angle': -72.46266211765224}","[Decimal('163.04525542928087'), Decimal('158.71949247780054')]",46.20290904603093,"{'center': [2.740104016483392, Decimal('-2.1714467210939294'), 84.50452964490482], 'radius': 12.0}","{'center': [180.103827538695, Decimal('104.06834553442886')], 'axes': [176.0852354604779, 176.0852354604779], 'angle': 90.0}",0.6129002144794726,1,244.457167,2.183310186528098,-1.816521236812609,"[0.5095164232165027, 0.3386687813424978]",pupil.1,1,3d c++
"{'center': [0.3481544943472734, 4.717421265235277, 74.97446797928684], 'normal': [Decimal('-0.19932912684467655'), 0.5740723321941006, -0.794171805468165], 'radius': 2.778142591069695}",0.7805804190691217,369.810367,5.55628518213939,"{'center': [Decimal('163.01534563455863'), 158.6421127015147], 'axes': [Decimal('34.881325825715585'), 45.97179228359062], 'angle': -72.41136273250216}","[Decimal('163.01534563455863'), 158.6421127015147]",45.97179228359062,"{'center': [2.740104016483392, Decimal('-2.1714467210939294'), 84.50452964490482], 'radius': 12.0}","{'center': [180.103827538695, Decimal('104.06834553442886')], 'axes': [176.0852354604779, 176.0852354604779], 'angle': 90.0}",0.6110861786040922,1,244.457167,2.182267070434721,-1.8167064726742732,"[0.5094229551079957, 0.3389911970770221]",pupil.1,1,3d c++
"{'center': [Decimal('0.35420805232897834'), 4.730629040659997, 74.98251039333636], 'normal': [Decimal('-0.19882466367953447'), 0.5751729801461605, -0.7935016042973728], 'radius': 2.806190950950407}",0.8579293540513988,369.818767,5.612381901900814,"{'center': [163.0673951590038, Decimal('158.73942397340565')], 'axes': [35.19186899112075, Decimal('46.431269414531265')], 'angle': -72.48942071324365}","[163.0673951590038, Decimal('158.73942397340565')]",46.431269414531265,"{'center': [2.740104016483392, Decimal('-2.1714467210939294'), 84.50452964490482], 'radius': 12.0}","{'center': [180.103827538695, Decimal('104.06834553442886')], 'axes': [176.0852354604779, 176.0852354604779], 'angle': 90.0}",0.6113564955233075,1,244.457167,2.1836119180756204,-1.816307791656455,"[0.509585609871887, 0.3385857334441431]",pupil.1,1,3d c++
"{'center': [0.3734454440824999, 4.717852324954222, 74.96846725753542], 'normal': [Decimal('-0.19722154770007433'), 0.574108253837346, -0.7946718656141167], 'radius': 2.792337169968906}",0.7674377464858341,369.827167,5.584674339937812,"{'center': [Decimal('163.22490311941777'), 158.6446523923013], 'axes': [35.0877369625245, 46.21060518590426], 'angle': -72.6111182347497}","[Decimal('163.22490311941777'), 158.6446523923013]",46.21060518590426,"{'center': [2.740104016483392, Decimal('-2.1714467210939294'), 84.50452964490482], 'radius': 12.0}","{'center': [180.103827538695, Decimal('104.06834553442886')], 'axes': [176.0852354604779, 176.0852354604779], 'angle': 90.0}",0.6111254725622906,1,244.457167,2.1823109419470885,-1.8140611791727292,"[0.5100778222481805, 0.3389806150320779]",pupil.1,1,3d c++
"{'center': [Decimal('0.34113294768314617'), 4.699809111063379, 74.96352439911948], 'normal': [-0.1999142557333538, 0.5726046526797757, -0.7950837704821125], 'radius': 2.826585098344543}",0.8662972178824665,369.835567,5.653170196689086,"{'center': [Decimal('162.96306523706772'), Decimal('158.48947562738442')], 'axes': [Decimal('35.547618832753955'), Decimal('46.780540919509185')], 'angle': -72.31525870166818}","[Decimal('162.96306523706772'), Decimal('158.48947562738442')]",46.780540919509185,"{'center': [2.740104016483392, Decimal('-2.1714467210939294'), 84.50452964490482], 'radius': 12.0}","{'center': [180.103827538695, Decimal('104.06834553442886')], 'axes': [176.0852354604779, 176.0852354604779], 'angle': 90.0}",0.6113036093153612,1,244.457167,2.180475728222289,-1.8171279225619699,"[0.5092595788658366, Decimal('0.33962718488589827')]",pupil.1,1,3d c++
"{'center': [Decimal('0.35506513145837815'), 4.71611367096313, 74.97179124701067], 'normal': [Decimal('-0.19875324041875114'), 0.573963366004755, -0.7943948664911789], 'radius': Decimal('2.8002643231570348')}",0.7573172403575611,369.843967,5.6005286463140695,"{'center': [163.0744585434292, Decimal('158.62671013938132')], 'axes': [35.17235844121994, 46.33972094969854], 'angle': -72.46263357162995}","[163.0744585434292, Decimal('158.62671013938132')]",46.33972094969854,"{'center': [2.740104016483392, Decimal('-2.1714467210939294'), 84.50452964490482], 'radius': 12.0}","{'center': [180.103827538695, Decimal('104.06834553442886')], 'axes': [176.0852354604779, 176.0852354604779], 'angle': 90.0}",0.6108728274962116,1,244.457167,2.1821339970397444,-1.8159580569446736,"[0.5096076829482162, 0.3390553744192445]",pupil.1,1,3d c++
"{'center': [Decimal('0.35090526043998116'), 4.702527096222045, 74.96303011584887], 'normal': [-0.1990998963369509, 0.5728311514429979, -0.7951249607546631], 'radius': Decimal('2.7809933575458348')}",0.9229310897295577,369.852367,5.5619867150916695,"{'center': [163.0388695381542, 158.524244689114], 'axes': [Decimal('34.975150035521466'), 46.02595839905752], 'angle': -72.39839217389053}","[163.0388695381542, 158.524244689114]",46.02595839905752,"{'center': [2.740104016483392, Decimal('-2.1714467210939294'), 84.50452964490482], 'radius': 12.0}","{'center': [180.103827538695, Decimal('104.06834553442886')], 'axes': [176.0852354604779, 176.0852354604779], 'angle': 90.0}",0.6107264154177949,1,244.457167,2.180752029615311,-1.8161521424341904,"[0.5094964673067318, 0.3394823137953583]",pupil.1,1,3d c++
"{'center': [Decimal('0.35479422870237753'), 4.707173304836065, 74.9654057985974], 'normal': [Decimal('-0.19877581564841787'), 0.5732183354941662, -0.7949269871922854], 'radius': 2.800142713096897}",0.7129489783868619,369.860767,5.600285426193794,"{'center': [Decimal('163.07258211089604'), 158.5562261446682], 'axes': [35.20362178439264, Decimal('46.341614089793495')], 'angle': -72.43979882734938}","[Decimal('163.07258211089604'), 158.5562261446682]",46.341614089793495,"{'center': [2.740104016483392, Decimal('-2.1714467210939294'), 84.50452964490482], 'radius': 12.0}","{'center': [180.103827538695, Decimal('104.06834553442886')], 'axes': [176.0852354604779, 176.0852354604779], 'angle': 90.0}",0.6097433953938247,1,244.457167,2.1812244714402964,-1.815827165812935,"[0.5096018190965501, Decimal('0.33934905773054924')]",pupil.1,1,3d c++
"{'center': [Decimal('0.35954209002504767'), 4.699057877776729, 74.95837379706774], 'normal': [Decimal('-0.19838016053819538'), 0.5725420499058882, -0.7955129873197566], 'radius': Decimal('2.7959115557305436')}",0.8244974376260812,369.869167,5.591823111461087,"{'center': [Decimal('163.11158142087834'), Decimal('158.49390648676498')], 'axes': [35.18590365684369, 46.27587869480406], 'angle': -72.45833694730649}","[Decimal('163.11158142087834'), Decimal('158.49390648676498')]",46.27587869480406,"{'center': [2.740104016483392, Decimal('-2.1714467210939294'), 84.50452964490482], 'radius': 12.0}","{'center': [180.103827538695, Decimal('104.06834553442886')], 'axes': [176.0852354604779, 176.0852354604779], 'angle': 90.0}",0.6093632612653721,1,244.457167,2.180399369733712,-1.815185614104835,"[0.5097236919402448, Decimal('0.33960872297181255')]",pupil.1,1,3d c++
"{'center': [Decimal('0.35133762955514447'), 4.692272157200195, 74.95554235260882], 'normal': [Decimal('-0.19906386557735398'), 0.571976573191177, -0.7957489410246671], 'radius': Decimal('2.8159432148844776')}",0.8306344134577485,369.877567,5.631886429768955,"{'center': [163.0463025804013, Decimal('158.43407471067695')], 'axes': [35.45375448403846, Decimal('46.609295706528385')], 'angle': -72.37795539865363}","[163.0463025804013, Decimal('158.43407471067695')]",46.609295706528385,"{'center': [2.740104016483392, Decimal('-2.1714467210939294'), 84.50452964490482], 'radius': 12.0}","{'center': [180.103827538695, Decimal('104.06834553442886')], 'axes': [176.0852354604779, 176.0852354604779], 'angle': 90.0}",0.6081922721199229,1,244.457167,2.17970982510859,-1.8159247570271415,"[0.509519695563754, 0.3398580220388461]",pupil.1,1,3d c++
"{'center': [0.3444920582480844, 4.721953440957396, 74.97866603306412], 'normal': [Decimal('-0.19963432985294233'), 0.574450013504277, -0.7938219676533917], 'radius': 2.787446198203469}",0.7836085901554126,369.885967,5.574892396406938,"{'center': [Decimal('162.98593380276623'), Decimal('158.67493596460764')], 'axes': [34.97721060903815, 46.12324591141872], 'angle': -72.39314814154041}","[Decimal('162.98593380276623'), Decimal('158.67493596460764')]",46.12324591141872,"{'center': [2.740104016483392, Decimal('-2.1714467210939294'), 84.50452964490482], 'radius': 12.0}","{'center': [180.103827538695, Decimal('104.06834553442886')], 'axes': [176.0852354604779, 176.0852354604779], 'angle': 90.0}",0.6074100797026083,1,244.457167,2.1827284044545885,-1.8171721624816082,"[0.5093310431336444, Decimal('0.33885443348080146')]",pupil.1,1,3d c++
"{'center': [Decimal('0.34913132521370516'), 4.718282334422899, 74.97484533055476], 'normal': [Decimal('-0.19924772427247392'), 0.5741440879597357, -0.7941403595291725], 'radius': Decimal('2.7967888830310232')}",0.822591629988418,369.894367,5.5935777660620465,"{'center': [163.0251873019063, Decimal('158.64404736141728')], 'axes': [35.11364418078569, 46.2802782015518], 'angle': -72.42105181586201}","[163.0251873019063, Decimal('158.64404736141728')]",46.2802782015518,"{'center': [2.740104016483392, Decimal('-2.1714467210939294'), 84.50452964490482], 'radius': 12.0}","{'center': [180.103827538695, Decimal('104.06834553442886')], 'axes': [176.0852354604779, 176.0852354604779], 'angle': 90.0}",0.6039274476743017,1,244.457167,2.18235470791391,-1.816619390996025,"[0.5094537103184572, 0.3389831359940947]",pupil.1,1,3d c++
"{'center': [0.3304395011486001, 4.691589778136894, 74.9603038023463], 'normal': [Decimal('-0.20080537627789935'), 0.5719197082692353, -0.7953521535465432], 'radius': 2.813958586828609}",0.8177968787191328,369.902767,5.627917173657218,"{'center': [Decimal('162.87410804221713'), 158.4268147771973], 'axes': [35.40641338476206, 46.57338093301226], 'angle': -72.2118739267805}","[Decimal('162.87410804221713'), 158.4268147771973]",46.57338093301226,"{'center': [2.740104016483392, Decimal('-2.1714467210939294'), 84.50452964490482], 'radius': 12.0}","{'center': [180.103827538695, Decimal('104.06834553442886')], 'axes': [176.0852354604779, 176.0852354604779], 'angle': 90.0}",0.6027928074449629,1,244.457167,2.1796405021408924,-1.81810167220358,"[0.5089815876319286, 0.3398882717616779]",pupil.1,1,3d c++
"{'center': [Decimal('0.34274393109504553'), 4.706938920015157, 74.96825806775418], 'normal': [Decimal('-0.19978000711569555'), 0.5731988034257571, -0.7946892980958866], 'radius': Decimal('2.8024442161254797')}",0.7640766982867703,369.911167,5.604888432250959,"{'center': [162.9736304691155, Decimal('158.55236932157138')], 'axes': [35.21922323002053, 46.37790737694774], 'angle': -72.34453241868174}","[162.9736304691155, Decimal('158.55236932157138')]",46.37790737694774,"{'center': [2.740104016483392, Decimal('-2.1714467210939294'), 84.50452964490482], 'radius': 12.0}","{'center': [180.103827538695, Decimal('104.06834553442886')], 'axes': [176.0852354604779, 176.0852354604779], 'angle': 90.0}",0.6020785316775412,1,244.457167,2.1812006346794273,-1.8170864237066175,"[0.5092925952159859, Decimal('0.33936512782678596')]",pupil.1,1,3d c++
"{'center': [Decimal('0.35376937199689085'), 4.691015559425519, 74.95403131167784], 'normal': [-0.1988612203738751, 0.5718718567099541, -0.7958748611022481], 'radius': Decimal('2.7695219707635195')}",0.8459165959965667,369.919567,5.539043941527039,"{'center': [Decimal('163.06178901219118'), Decimal('158.43682112427004')], 'axes': [34.8761203994252, Decimal('45.841474638787595')], 'angle': -72.39412122059169}","[Decimal('163.06178901219118'), Decimal('158.43682112427004')]",45.841474638787595,"{'center': [2.740104016483392, Decimal('-2.1714467210939294'), 84.50452964490482], 'radius': 12.0}","{'center': [180.103827538695, Decimal('104.06834553442886')], 'axes': [176.0852354604779, 176.0852354604779], 'angle': 90.0}",0.6018972271501499,1,244.457167,2.1795821697917175,-1.8156478658072603,"[0.5095680906630975, 0.3398465786488748]",pupil.1,1,3d c++
"{'center': [0.3524761250920072, 4.696432205453531, 74.95824910730614], 'normal': [Decimal('-0.19896899094928205'), 0.5723232438789551, -0.7955233781332228], 'radius': Decimal('2.8144048097671366')}",0.8441968205918488,369.927967,5.628809619534273,"{'center': [Decimal('163.05535221087402'), Decimal('158.46743112422223')], 'axes': [Decimal('35.420277790157684'), 46.5821600194917], 'angle': -72.39661534740252}","[Decimal('163.05535221087402'), Decimal('158.46743112422223')]",46.5821600194917,"{'center': [2.740104016483392, Decimal('-2.1714467210939294'), 84.50452964490482], 'radius': 12.0}","{'center': [180.103827538695, Decimal('104.06834553442886')], 'axes': [176.0852354604779, 176.0852354604779], 'angle': 90.0}",0.6012175235789563,1,244.457167,2.1801325174100707,-1.8158792724253419,"[0.5095479756589814, Decimal('0.33971903698240735')]",pupil.1,1,3d c++
"{'center': [Decimal('0.36236945839669676'), 4.676082909623959, 74.94117686840845], 'normal': [-0.1981445465072246, 0.5706274692264908, -0.7969460647080308], 'radius': 2.777238648430379}",0.9478944572905332,369.936367,5.554477296860758,"{'center': [Decimal('163.13396774760014'), Decimal('158.31794109388846')], 'axes': [Decimal('35.037957208549045'), 45.97712270234892], 'angle': -72.42717003877969}","[Decimal('163.13396774760014'), Decimal('158.31794109388846')]",45.97712270234892,"{'center': [2.740104016483392, Decimal('-2.1714467210939294'), 84.50452964490482], 'radius': 12.0}","{'center': [180.103827538695, Decimal('104.06834553442886')], 'axes': [176.0852354604779, 176.0852354604779], 'angle': 90.0}",0.6006546642967847,1,244.457167,2.178066059135698,-1.814484981623491,"[0.5097936492112505, Decimal('0.34034191210879805')]",pupil.1,1,3d c++
"{'center': [0.3677412723278235, 4.705488977619929, 74.96096372823104], 'normal': [-0.1976968953462974, 0.5730779748928215, -0.7952971597228157], 'radius': 2.777312607683788}",0.8337352229326968,369.944767,5.554625215367576,"{'center': [163.1769938989601, 158.550518448611], 'axes': [34.93754942899407, Decimal('45.966360087051584')], 'angle': -72.53776319095472}","[163.1769938989601, 158.550518448611]",45.966360087051584,"{'center': [2.740104016483392, Decimal('-2.1714467210939294'), 84.50452964490482], 'radius': 12.0}","{'center': [180.103827538695, Decimal('104.06834553442886')], 'axes': [176.0852354604779, 176.0852354604779], 'angle': 90.0}",0.5979755896889594,1,244.457167,2.18105318545609,-1.8144403558791535,"[0.5099281059342503, Decimal('0.33937283979745414')]",pupil.1,1,3d c++
"{'center': [0.3458245517291241, 4.696007795951688, 74.95960982853309], 'normal': [Decimal('-0.19952328872952232'), 0.5722878764204682, -0.7954099846976442], 'radius': Decimal('2.8129251368916504')}",0.8235415648684129,369.953167,5.625850273783301,"{'center': [163.0004687753305, Decimal('158.46371581030144')], 'axes': [35.39533166184396, Decimal('46.556782053532096')], 'angle': -72.34326336097266}","[163.0004687753305, Decimal('158.46371581030144')]",46.556782053532096,"{'center': [2.740104016483392, Decimal('-2.1714467210939294'), 84.50452964490482], 'radius': 12.0}","{'center': [180.103827538695, Decimal('104.06834553442886')], 'axes': [176.0852354604779, 176.0852354604779], 'angle': 90.0}",0.5962319750888678,1,244.457167,2.1800893884908437,-1.8165685539932523,"[0.5093764649229078, 0.3397345174570774]",pupil.1,1,3d c++
"{'center': [Decimal('0.36093613648727807'), 4.685871200722895, 74.94854978316775], 'normal': [Decimal('-0.19826398999967618'), 0.571443160151402, -0.7963316551447566], 'radius': Decimal('2.7927265003297896')}",0.8203109408763027,369.961567,5.585453000659579,"{'center': [Decimal('163.12328617329229'), Decimal('158.39089640261517')], 'axes': [Decimal('35.195936289141855'), Decimal('46.229142119440134')], 'angle': -72.43868117997006}","[Decimal('163.12328617329229'), Decimal('158.39089640261517')]",46.229142119440134,"{'center': [2.740104016483392, Decimal('-2.1714467210939294'), 84.50452964490482], 'radius': 12.0}","{'center': [180.103827538695, Decimal('104.06834553442886')], 'axes': [176.0852354604779, 176.0852354604779], 'angle': 90.0}",0.5959442574252405,1,244.457167,2.179059682809849,-1.8148068780844602,"[0.5097602692915384, 0.3400379316557701]",pupil.1,1,3d c++
"{'center': [Decimal('0.38302080731717325'), 4.70302911875932, 74.95540713692847], 'normal': [Decimal('-0.19642360076385157'), 0.5728729866544374, -0.7957602089980297], 'radius': Decimal('2.7933297617796797')}",0.8822041375158004,369.969967,5.5866595235593595,"{'center': [163.304460137389, 158.5286007240017], 'axes': [35.16606737648226, 46.23507010824565], 'angle': -72.65254971551623}","[163.304460137389, 158.5286007240017]",46.23507010824565,"{'center': [2.740104016483392, Decimal('-2.1714467210939294'), 84.50452964490482], 'radius': 12.0}","{'center': [180.103827538695, Decimal('104.06834553442886')], 'axes': [176.0852354604779, 176.0852354604779], 'angle': 90.0}",0.595689982335823,1,244.457167,2.180803069404966,-1.8127964776856964,"[0.5103264379293406, 0.3394641636499929]",pupil.1,1,3d c++
"{'center': [0.3572898727132605, 4.690754698285364, 74.95296493350189], 'normal': [Decimal('-0.19856784531417762'), 0.5718501182816078, -0.7959637259502444], 'radius': 2.818319703296318}",0.7763982207680252,369.978367,5.636639406592636,"{'center': [Decimal('163.09560043998857'), Decimal('158.42214794562898')], 'axes': [Decimal('35.496386021488256'), 46.6502738070121], 'angle': -72.42132660332909}","[Decimal('163.09560043998857'), Decimal('158.42214794562898')]",46.6502738070121,"{'center': [2.740104016483392, Decimal('-2.1714467210939294'), 84.50452964490482], 'radius': 12.0}","{'center': [180.103827538695, Decimal('104.06834553442886')], 'axes': [176.0852354604779, 176.0852354604779], 'angle': 90.0}",0.5948862250229836,1,244.457167,2.179555670841272,-1.8152746549022074,"[0.5096737513749643, Decimal('0.33990771689321264')]",pupil.1,1,3d c++
"{'center': [0.337745713176838, Decimal('4.7226872987178865'), 74.98089637291207], 'normal': [Decimal('-0.20019652527554618'), 0.5745111683176514, -0.7936361059993962], 'radius': Decimal('2.8523238563258326')}",0.8380650036293762,369.986767,5.704647712651665,"{'center': [Decimal('162.93686527111905'), Decimal('158.66245749120006')], 'axes': [Decimal('35.781245041431994'), 47.19590236689074], 'angle': -72.34204608767514}","[Decimal('162.93686527111905'), Decimal('158.66245749120006')]",47.19590236689074,"{'center': [2.740104016483392, Decimal('-2.1714467210939294'), 84.50452964490482], 'radius': 12.0}","{'center': [180.103827538695, Decimal('104.06834553442886')], 'axes': [176.0852354604779, 176.0852354604779], 'angle': 90.0}",0.594357542932189,1,244.457167,2.1828031185087085,-1.8178936664400427,"[0.509177703972247, Decimal('0.33890642711999974')]",pupil.1,1,3d c++
"{'center': [Decimal('0.33401322650380205'), Decimal('4.7126731332934995'), 74.97459675212933], 'normal': [-0.2005075658316325, 0.5736766545322857, -0.7941610743979574], 'radius': Decimal('2.8451468493290517')}",0.8659826258886926,369.995167,5.690293698658103,"{'center': [Decimal('162.90582832685806'), 158.5850487567143], 'axes': [Decimal('35.724348634731875'), Decimal('47.080979117633134')], 'angle': -72.28942697467976}","[Decimal('162.90582832685806'), 158.5850487567143]",47.080979117633134,"{'center': [2.740104016483392, Decimal('-2.1714467210939294'), 84.50452964490482], 'radius': 12.0}","{'center': [180.103827538695, Decimal('104.06834553442886')], 'axes': [176.0852354604779, 176.0852354604779], 'angle': 90.0}",0.5948052336802401,1,244.457167,2.1817839140430113,-1.8181051115760345,"[0.5090807135214315, 0.3392289635136905]",pupil.1,1,3d c++
"{'center': [0.3570464516284302, Decimal('4.7033480638351595'), 74.96208586421115], 'normal': [Decimal('-0.19858813040458018'), 0.5728995654107574, -0.7952036483911393], 'radius': 2.810279047780188}",0.8832995323262005,370.003567,5.620558095560376,"{'center': [Decimal('163.09228116114727'), 158.5236056732221], 'axes': [35.34804658568237, 46.51150677002657], 'angle': -72.44865995519704}","[Decimal('163.09228116114727'), 158.5236056732221]",46.51150677002657,"{'center': [2.740104016483392, Decimal('-2.1714467210939294'), 84.50452964490482], 'radius': 12.0}","{'center': [180.103827538695, Decimal('104.06834553442886')], 'axes': [176.0852354604779, 176.0852354604779], 'angle': 90.0}",0.5953976045274922,1,244.457167,2.180835496961921,-1.815523132767008,"[0.5096633786285852, 0.3394849763615746]",pupil.1,1,3d c++
"{'center': [Decimal('0.37444645566501755'), 4.686487746885083, 74.94563854091957], 'normal': [Decimal('-0.19713813006819786'), 0.5714945389982511, -0.7965742586654372], 'radius': Decimal('2.8001436447558135')}",0.8131025412482052,370.011967,5.600287289511627,"{'center': [Decimal('163.23523140488263'), Decimal('158.39531986621068')], 'axes': [35.3030155714404, 46.35384362240992], 'angle': -72.54677788382322}","[Decimal('163.23523140488263'), Decimal('158.39531986621068')]",46.35384362240992,"{'center': [2.740104016483392, Decimal('-2.1714467210939294'), 84.50452964490482], 'radius': 12.0}","{'center': [180.103827538695, Decimal('104.06834553442886')], 'axes': [176.0852354604779, 176.0852354604779], 'angle': 90.0}",0.5936958029960082,1,244.457167,2.1791222923142675,-1.813404108562488,"[0.5101100981402582, Decimal('0.34001950055745545')]",pupil.1,1,3d c++
"{'center': [0.3874202422310127, 4.699632745718656, 74.9518783888861], 'normal': [-0.1960569811876983, 0.5725899555677154, -0.7960542713348934], 'radius': Decimal('2.8024284591457964')}",0.823855912430831,370.020367,5.604856918291593,"{'center': [Decimal('163.34171743884184'), 158.4998782468228], 'axes': [35.29839126366679, Decimal('46.387936014805184')], 'angle': -72.67949136685439}","[Decimal('163.34171743884184'), 158.4998782468228]",46.387936014805184,"{'center': [2.740104016483392, Decimal('-2.1714467210939294'), 84.50452964490482], 'radius': 12.0}","{'center': [180.103827538695, Decimal('104.06834553442886')], 'axes': [176.0852354604779, 176.0852354604779], 'angle': 90.0}",0.5908515104888767,1,244.457167,2.180457801346328,-1.8122763687749444,"[0.5104428669963808, Decimal('0.33958384063823843')]",pupil.1,1,3d c++
"{'center': [Decimal('0.35801563021632044'), 4.708048284895694, 74.96523179954035], 'normal': [Decimal('-0.19850736552225598'), 0.5732912504991353, -0.7949414871137064], 'radius': Decimal('2.8517231881629614')}",0.9375390073956629,370.028767,5.703446376325923,"{'center': [Decimal('163.10420075912884'), Decimal('158.54956785830603')], 'axes': [35.85333955717114, 47.19583565152502], 'angle': -72.46723436853502}","[Decimal('163.10420075912884'), Decimal('158.54956785830603')]",47.19583565152502,"{'center': [2.740104016483392, Decimal('-2.1714467210939294'), 84.50452964490482], 'radius': 12.0}","{'center': [180.103827538695, Decimal('104.06834553442886')], 'axes': [176.0852354604779, 176.0852354604779], 'angle': 90.0}",0.5906826849239155,1,244.457167,2.181313459769405,-1.8155050221252678,"[0.5097006273722776, Decimal('0.33937680059039155')]",pupil.1,1,3d c++
"{'center': [0.3702508317451869, 4.716001645582651, 74.96792380848953], 'normal': [Decimal('-0.19748776539485044'), 0.5739540305563816, -0.7947171530346081], 'radius': Decimal('2.8615058751560496')}",0.7016420973317322,370.037167,5.723011750312099,"{'center': [Decimal('163.20553992099926'), Decimal('158.61099803697553')], 'axes': [35.96101239862653, 47.35621297258886], 'angle': -72.58183528377597}","[Decimal('163.20553992099926'), Decimal('158.61099803697553')]",47.35621297258886,"{'center': [2.740104016483392, Decimal('-2.1714467210939294'), 84.50452964490482], 'radius': 12.0}","{'center': [180.103827538695, Decimal('104.06834553442886')], 'axes': [176.0852354604779, 176.0852354604779], 'angle': 90.0}",0.5905470651536793,1,244.457167,2.182122596834662,-1.8143633829239842,"[0.5100173122531226, 0.3391208415126019]",pupil.1,1,3d c++
"{'center': [0.3543981673361416, 4.728364427727691, 74.98082166366446], 'normal': [Decimal('-0.19880882076227088'), 0.5749842624018017, -0.7936423317700305], 'radius': Decimal('2.8366359280462285')}",0.7990473445601359,370.045567,5.673271856092457,"{'center': [Decimal('163.07207824043795'), Decimal('158.71338903087144')], 'axes': [35.58282803623654, 46.93632606728466], 'angle': -72.48573423961896}","[Decimal('163.07207824043795'), Decimal('158.71338903087144')]",46.93632606728466,"{'center': [2.740104016483392, Decimal('-2.1714467210939294'), 84.50452964490482], 'radius': 12.0}","{'center': [180.103827538695, Decimal('104.06834553442886')], 'axes': [176.0852354604779, 176.0852354604779], 'angle': 90.0}",0.5897597052786696,1,244.457167,2.1833812394633827,-1.8162472023719631,"[0.5096002445013685, 0.338694212371369]",pupil.1,1,3d c++
"{'center': [0.3867670011653117, 4.692078450014948, 74.94661004292612], 'normal': [Decimal('-0.19611141794317336'), 0.5719604309257398, -0.7964933001648916], 'radius': Decimal('2.8266089489548403')}",0.7414601584528483,370.053967,5.6532178979096805,"{'center': [Decimal('163.33904192803405'), Decimal('158.43370624616648')], 'axes': [35.6306560753114, 46.79165037206015], 'angle': -72.65703402109905}","[Decimal('163.33904192803405'), Decimal('158.43370624616648')]",46.79165037206015,"{'center': [2.740104016483392, Decimal('-2.1714467210939294'), 84.50452964490482], 'radius': 12.0}","{'center': [180.103827538695, Decimal('104.06834553442886')], 'axes': [176.0852354604779, 176.0852354604779], 'angle': 90.0}",0.5881058107554571,1,244.457167,2.1796901460327214,-1.8122128148750245,"[0.5104345060251064, 0.3398595573076396]",pupil.1,1,3d c++
"{'center': [0.3697045707144042, 4.722577686560735, 74.9728123844024], 'normal': [Decimal('-0.19753328714741566'), 0.574502033971222, -0.7943097717085353], 'radius': Decimal('2.8457714830832166')}",0.9288897005492769,370.062367,5.691542966166433,"{'center': [Decimal('163.19919074277755'), Decimal('158.66706424828251')], 'axes': [35.73763491057135, Decimal('47.092636058603915')], 'angle': -72.59261514248091}","[Decimal('163.19919074277755'), Decimal('158.66706424828251')]",47.092636058603915,"{'center': [2.740104016483392, Decimal('-2.1714467210939294'), 84.50452964490482], 'radius': 12.0}","{'center': [180.103827538695, Decimal('104.06834553442886')], 'axes': [176.0852354604779, 176.0852354604779], 'angle': 90.0}",0.5884474466163359,1,244.457167,2.182791958646757,-1.8145373891227587,"[0.5099974710711799, 0.3388872322988229]",pupil.1,1,3d c++
"{'center': [0.3764259773910119, 4.717972803234138, 74.96781507722903], 'normal': [Decimal('-0.19697316992436503'), 0.5741182936940056, -0.7947262139729826], 'radius': 2.825020219179085}",0.7428829829882027,370.070767,5.65004043835817,"{'center': [Decimal('163.25264483582674'), 158.6371636205491], 'axes': [35.50190465019962, 46.75218117166544], 'angle': -72.6348879126607}","[Decimal('163.25264483582674'), 158.6371636205491]",46.75218117166544,"{'center': [2.740104016483392, Decimal('-2.1714467210939294'), 84.50452964490482], 'radius': 12.0}","{'center': [180.103827538695, Decimal('104.06834553442886')], 'axes': [176.0852354604779, 176.0852354604779], 'angle': 90.0}",0.5883874178545412,1,244.457167,2.1823232039797777,-1.8137507684037275,"[0.5101645151119586, 0.3390118182477121]",pupil.1,1,3d c++
"{'center': [Decimal('0.39427179663993295'), 4.706261571093352, 74.95496421793786], 'normal': [Decimal('-0.19548601832028825'), 0.5731423576822734, -0.7957971189139132], 'radius': 2.827596792108726}",0.872760110133126,370.079167,5.655193584217452,"{'center': [Decimal('163.40030629248872'), Decimal('158.54615663336472')], 'axes': [35.59899069780291, 46.80288982451886], 'angle': -72.74875679460331}","[Decimal('163.40030629248872'), Decimal('158.54615663336472')]",46.80288982451886,"{'center': [2.740104016483392, Decimal('-2.1714467210939294'), 84.50452964490482], 'radius': 12.0}","{'center': [180.103827538695, Decimal('104.06834553442886')], 'axes': [176.0852354604779, 176.0852354604779], 'angle': 90.0}",0.5887572486585113,1,244.457167,2.1811317510348807,-1.8116748707686348,"[0.5106259571640273, Decimal('0.33939101402764704')]",pupil.1,1,3d c++
"{'center': [0.3935455940807344, 4.7176393693991, 74.96334751646673], 'normal': [Decimal('-0.19554653520022147'), 0.5740905075410857, -0.795098510703175], 'radius': 2.794806828672066}",0.8536586516788873,370.087567,5.589613657344132,"{'center': [Decimal('163.39062316334787'), 158.6446099818888], 'axes': [35.14287425061346, 46.25473875461719], 'angle': -72.76888768744493}","[Decimal('163.39062316334787'), 158.6446099818888]",46.25473875461719,"{'center': [2.740104016483392, Decimal('-2.1714467210939294'), 84.50452964490482], 'radius': 12.0}","{'center': [180.103827538695, Decimal('104.06834553442886')], 'axes': [176.0852354604779, 176.0852354604779], 'angle': 90.0}",0.5887448496800118,1,244.457167,2.1822892680245123,-1.8119501871332273,"[0.5105956973854621, 0.33898079174213]",pupil.1,1,3d c++
"{'center': [0.3879792039228862, 4.724161535308552, 74.9694315520496], 'normal': [-0.1960104010467088, 0.5746340213668735, -0.7945915077379345], 'radius': Decimal('2.8200678689641254')}",0.8219991576314052,370.095967,5.640135737928251,"{'center': [163.346984373189, Decimal('158.68860297583325')], 'axes': [35.43000367025177, 46.66925005660382], 'angle': -72.73991809686966}","[163.346984373189, Decimal('158.68860297583325')]",46.66925005660382,"{'center': [2.740104016483392, Decimal('-2.1714467210939294'), 84.50452964490482], 'radius': 12.0}","{'center': [180.103827538695, Decimal('104.06834553442886')], 'axes': [176.0852354604779, 176.0852354604779], 'angle': 90.0}",0.5882472087305302,1,244.457167,2.1829532223704695,-1.812648525109863,"[0.5104593261662156, Decimal('0.33879748760069484')]",pupil.1,1,3d c++
"{'center': [0.3886845333094673, 4.732211692468368, 74.9750843870212], 'normal': [Decimal('-0.19595162359782706'), 0.5753048677968581, -0.7941204381569682], 'radius': Decimal('2.8359957427112716')}",0.9154113056983786,370.104367,5.671991485422543,"{'center': [Decimal('163.35400558271925'), Decimal('158.74781663059576')], 'axes': [35.60087623985619, 46.92947970113738], 'angle': -72.76377319509038}","[Decimal('163.35400558271925'), Decimal('158.74781663059576')]",46.92947970113738,"{'center': [2.740104016483392, Decimal('-2.1714467210939294'), 84.50452964490482], 'radius': 12.0}","{'center': [180.103827538695, Decimal('104.06834553442886')], 'axes': [176.0852354604779, 176.0852354604779], 'angle': 90.0}",0.5885594060559329,1,244.457167,2.183773152792736,-1.812716690332439,"[0.5104812674459976, Decimal('0.33855076403918427')]",pupil.1,1,3d c++
"{'center': [0.4201537788788898, 4.712143060528586, 74.952879388882], 'normal': [Decimal('-0.19332918646704186'), 0.5736324818018763, -0.7959708546685688], 'radius': 2.844654157315769}",0.8843671803691049,370.112767,5.689308314631538,"{'center': [163.6147885824262, Decimal('158.59081317135175')], 'axes': [35.82201186850708, 47.08682202704278], 'angle': -72.96650374054002}","[163.6147885824262, Decimal('158.59081317135175')]",47.08682202704278,"{'center': [2.740104016483392, Decimal('-2.1714467210939294'), 84.50452964490482], 'radius': 12.0}","{'center': [180.103827538695, Decimal('104.06834553442886')], 'axes': [176.0852354604779, 176.0852354604779], 'angle': 90.0}",0.5879148852495519,1,244.457167,2.181729985494118,-1.8090671596267074,"[0.5112962143200819, 0.3392049451193677]",pupil.1,1,3d c++
"{'center': [0.3761722627411035, 4.713746708723461, 74.96482639492643], 'normal': [-0.1969943128118574, 0.5737661191514491, -0.794975270831533], 'radius': 2.837458287690643}",0.7866409313842,370.121167,5.674916575381286,"{'center': [Decimal('163.25196939384384'), Decimal('158.60045016190855')], 'axes': [35.67394603745297, Decimal('46.959983389959056')], 'angle': -72.62322330953022}","[Decimal('163.25196939384384'), Decimal('158.60045016190855')]",46.959983389959056,"{'center': [2.740104016483392, Decimal('-2.1714467210939294'), 84.50452964490482], 'radius': 12.0}","{'center': [180.103827538695, Decimal('104.06834553442886')], 'axes': [176.0852354604779, 176.0852354604779], 'angle': 90.0}",0.5871060880424994,1,244.457167,2.1818931437132503,-1.8137026694186116,"[0.510162404355762, Decimal('0.33916479099204766')]",pupil.1,1,3d c++
"{'center': [0.3957614664539242, 4.720768093981661, 74.96506252399215], 'normal': [Decimal('-0.19536187916912232'), 0.5743512345896326, -0.7949555934093891], 'radius': Decimal('2.8168648185381846')}",0.810281620584427,370.129567,5.633729637076369,"{'center': [Decimal('163.41087828059312'), Decimal('158.66360283481538')], 'axes': [Decimal('35.411432695940746'), 46.61894976758029], 'angle': -72.79348238373986}","[Decimal('163.41087828059312'), Decimal('158.66360283481538')]",46.61894976758029,"{'center': [2.740104016483392, Decimal('-2.1714467210939294'), 84.50452964490482], 'radius': 12.0}","{'center': [180.103827538695, Decimal('104.06834553442886')], 'axes': [176.0852354604779, 176.0852354604779], 'angle': 90.0}",0.586339149573345,1,244.457167,2.1826077325596156,-1.8117728366760735,"[0.5106589946268535, Decimal('0.33890165485493595')]",pupil.1,1,3d c++
"{'center': [0.390912403247623, 4.719830401858465, 74.96557800549624], 'normal': [Decimal('-0.19576596776964741'), 0.5742730935793662, -0.794912636617382], 'radius': Decimal('2.8157845798179943')}",0.8555683741443423,370.137967,5.631569159635989,"{'center': [Decimal('163.37089746923382'), Decimal('158.65595118948386')], 'axes': [Decimal('35.395702058919994'), Decimal('46.600717544583986')], 'angle': -72.75315415074263}","[Decimal('163.37089746923382'), Decimal('158.65595118948386')]",46.600717544583986,"{'center': [2.740104016483392, Decimal('-2.1714467210939294'), 84.50452964490482], 'radius': 12.0}","{'center': [180.103827538695, Decimal('104.06834553442886')], 'axes': [176.0852354604779, 176.0852354604779], 'angle': 90.0}",0.5865665255163854,1,244.457167,2.182512279912575,-1.812264692208519,"[0.5105340545913557, 0.3389335367104839]",pupil.1,1,3d c++
"{'center': [Decimal('0.37583035855052005'), 4.719758501514811, 74.96925300233724], 'normal': [Decimal('-0.19702280482773935'), 0.5742671018840616, -0.7946063868806311], 'radius': Decimal('2.8477543830385765')}",0.9221156871209909,370.146367,5.695508766077153,"{'center': [163.2499221037871, Decimal('158.64500376041275')], 'axes': [Decimal('35.780467890651636'), 47.12771752210838], 'angle': -72.63432238684496}","[163.2499221037871, Decimal('158.64500376041275')]",47.12771752210838,"{'center': [2.740104016483392, Decimal('-2.1714467210939294'), 84.50452964490482], 'radius': 12.0}","{'center': [180.103827538695, Decimal('104.06834553442886')], 'axes': [176.0852354604779, 176.0852354604779], 'angle': 90.0}",0.5869642200678427,1,244.457167,2.1825049610596596,-1.8138448287109294,"[0.5101560065743347, Decimal('0.33897915099828024')]",pupil.1,1,3d c++
"{'center': [0.396765854107624, 4.725297765213876, 74.9680899661077], 'normal': [Decimal('-0.19527818019798066'), 0.5747287071923171, -0.7947033065664272], 'radius': Decimal('2.8227267633872373')}",0.7951688866567291,370.154767,5.6454535267744745,"{'center': [Decimal('163.41951988266678'), Decimal('158.69784015774906')], 'axes': [Decimal('35.469431990296684'), 46.71415314655215], 'angle': -72.81166940332447}","[Decimal('163.41951988266678'), Decimal('158.69784015774906')]",46.71415314655215,"{'center': [2.740104016483392, Decimal('-2.1714467210939294'), 84.50452964490482], 'radius': 12.0}","{'center': [180.103827538695, Decimal('104.06834553442886')], 'axes': [176.0852354604779, 176.0852354604779], 'angle': 90.0}",0.5858228632179441,1,244.457167,2.1830689218539705,-1.8117470871060584,"[0.5106859996333337, Decimal('0.33875899934271225')]",pupil.1,1,3d c++
"{'center': [0.3985555288058267, 4.729999599213556, 74.97105234814845], 'normal': [Decimal('-0.19512904063979714'), 0.5751205266922905, -0.7944564413963642], 'radius': Decimal('2.8337550638921303')}",0.8661484688064727,370.163167,5.6675101277842606,"{'center': [163.4351239995006, Decimal('158.73211469347936')], 'axes': [35.5925789615534, 46.89493549606212], 'angle': -72.8364113160729}","[163.4351239995006, Decimal('158.73211469347936')]",46.89493549606212,"{'center': [2.740104016483392, Decimal('-2.1714467210939294'), 84.50452964490482], 'radius': 12.0}","{'center': [180.103827538695, Decimal('104.06834553442886')], 'axes': [176.0852354604779, 176.0852354604779], 'angle': 90.0}",0.5859455115136192,1,244.457167,2.183547797987799,-1.8116420559614863,"[0.5107347624984394, Decimal('0.33861618877716937')]",pupil.1,1,3d c++
"{'center': [Decimal('0.42105755792259325'), 4.736823734120257, 74.97049467325449], 'normal': [Decimal('-0.19325387154673324'), 0.5756892046011822, -0.7945029143041937], 'radius': 2.825253331693671}",0.7958205585124448,370.171567,5.650506663387342,"{'center': [Decimal('163.61919924947665'), Decimal('158.79074286503652')], 'axes': [35.48612550548107, 46.75464259450491], 'angle': -73.02892541725849}","[Decimal('163.61919924947665'), Decimal('158.79074286503652')]",46.75464259450491,"{'center': [2.740104016483392, Decimal('-2.1714467210939294'), 84.50452964490482], 'radius': 12.0}","{'center': [180.103827538695, Decimal('104.06834553442886')], 'axes': [176.0852354604779, 176.0852354604779], 'angle': 90.0}",0.5859366113706077,1,244.457167,2.1842431148822365,-1.8094013782995324,"[0.5113099976546145, Decimal('0.33837190472901446')]",pupil.1,1,3d c++
"{'center': [0.3553683192067698, 4.71989581826119, 74.97444918042767], 'normal': [Decimal('-0.19872797477305187'), 0.5742785449462599, -0.7941733720397631], 'radius': 2.88600065452702}",0.8785754528400942,370.179967,5.77200130905404,"{'center': [Decimal('163.08538894394323'), Decimal('158.63325939754787')], 'axes': [Decimal('36.236312374451444'), 47.75760623678113], 'angle': -72.4738745206898}","[Decimal('163.08538894394323'), Decimal('158.63325939754787')]",47.75760623678113,"{'center': [2.740104016483392, Decimal('-2.1714467210939294'), 84.50452964490482], 'radius': 12.0}","{'center': [180.103827538695, Decimal('104.06834553442886')], 'axes': [176.0852354604779, 176.0852354604779], 'angle': 90.0}",0.5852960369552518,1,244.457167,2.182518938787243,-1.8159937854258985,"[0.5096418404498226, 0.3390280858435505]",pupil.1,1,3d c++
"{'center': [0.3527141280878441, 4.721750991428127, 74.97645560988245], 'normal': [Decimal('-0.19894915736629568'), 0.5744331427101714, -0.7940061695851971], 'radius': 2.915482456202271}",0.8591800240446383,370.188367,5.830964912404542,"{'center': [Decimal('163.06649029270875'), 158.6394016128283], 'axes': [36.59647346671308, 48.24444994993584], 'angle': -72.45736536301457}","[Decimal('163.06649029270875'), 158.6394016128283]",48.24444994993584,"{'center': [2.740104016483392, Decimal('-2.1714467210939294'), 84.50452964490482], 'radius': 12.0}","{'center': [180.103827538695, Decimal('104.06834553442886')], 'axes': [176.0852354604779, 176.0852354604779], 'angle': 90.0}",0.5847522783739456,1,244.457167,2.1827077937586994,-1.8163055006158209,"[0.5095827821647149, 0.3390024932798821]",pupil.1,1,3d c++
"{'center': [Decimal('0.38689943525838766'), 4.728200610034126, 74.97262034482442], 'normal': [Decimal('-0.19610038176875036'), 0.5749706109273379, -0.7943257750066997], 'radius': Decimal('2.8324410851859723')}",0.81199240450726,370.196767,5.6648821703719445,"{'center': [Decimal('163.33913870263927'), 158.7169672861715], 'axes': [35.56918654844332, 46.87214177954146], 'angle': -72.74062356878689}","[Decimal('163.33913870263927'), 158.7169672861715]",46.87214177954146,"{'center': [2.740104016483392, Decimal('-2.1714467210939294'), 84.50452964490482], 'radius': 12.0}","{'center': [180.103827538695, Decimal('104.06834553442886')], 'axes': [176.0852354604779, 176.0852354604779], 'angle': 90.0}",0.5840418490847155,1,244.457167,2.1833645540719404,-1.8128330888552255,"[0.5104348084457477, 0.3386793029742854]",pupil.1,1,3d c++
"{'center': [Decimal('0.39467301280190403'), Decimal('4.7504586846867625'), 74.98685246187357], 'normal': [-0.195452583640124, 0.5768254504817243, -0.7931397652526042], 'radius': 2.848044677573829}",0.9600561086671715,370.205167,5.696089355147658,"{'center': [Decimal('163.40366912470256'), Decimal('158.88897723200543')], 'axes': [35.69025283383222, 47.1216812864389], 'angle': -72.85205496692055}","[Decimal('163.40366912470256'), Decimal('158.88897723200543')]",47.1216812864389,"{'center': [2.740104016483392, Decimal('-2.1714467210939294'), 84.50452964490482], 'radius': 12.0}","{'center': [180.103827538695, Decimal('104.06834553442886')], 'axes': [176.0852354604779, 176.0852354604779], 'angle': 90.0}",0.5856403595224213,1,244.457167,2.185633412405099,-1.8124111690222293,"[0.5106364660146955, Decimal('0.33796259486664404')]",pupil.1,1,3d c++
"{'center': [0.3910221953850428, 4.731318715245186, 74.97386104670736], 'normal': [Decimal('-0.19575681842486242'), 0.5752304530282596, -0.7942223831831225], 'radius': Decimal('2.8256288298086556')}",0.8421783789640632,370.213567,5.651257659617311,"{'center': [Decimal('163.37226381860114'), 158.7438556914461], 'axes': [35.47668072698608, Decimal('46.758608611512805')], 'angle': -72.78011587718046}","[Decimal('163.37226381860114'), 158.7438556914461]",46.758608611512805,"{'center': [2.740104016483392, Decimal('-2.1714467210939294'), 84.50452964490482], 'radius': 12.0}","{'center': [180.103827538695, Decimal('104.06834553442886')], 'axes': [176.0852354604779, 176.0852354604779], 'angle': 90.0}",0.5854164036532938,1,244.457167,2.183682177325986,-1.8124556177726376,"[0.5105383244331285, Decimal('0.33856726795230796')]",pupil.1,1,3d c++
"{'center': [0.3984465695666728, 4.754604187118193, 74.98893932069721], 'normal': [-0.1951381205763933, 0.5771709090176769, -0.7929658603506342], 'radius': Decimal('2.8590689501476394')}",0.7723001103557939,370.221967,5.718137900295279,"{'center': [163.4356225586726, Decimal('158.91904343461277')], 'axes': [35.81721375906909, Decimal('47.302897808815636')], 'angle': -72.89099622921634}","[163.4356225586726, Decimal('158.91904343461277')]",47.302897808815636,"{'center': [2.740104016483392, Decimal('-2.1714467210939294'), 84.50452964490482], 'radius': 12.0}","{'center': [180.103827538695, Decimal('104.06834553442886')], 'axes': [176.0852354604779, 176.0852354604779], 'angle': 90.0}",0.5840381007149786,1,244.457167,2.1860563820708987,-1.8120882313697226,"[0.5107363204958519, Decimal('0.33783731902244674')]",pupil.1,1,3d c++
"{'center': [0.4175183469890671, 4.758265296116122, 74.98693083184308], 'normal': [Decimal('-0.19354880579119377'), 0.5774760014341709, -0.7931332344218115], 'radius': 2.82816003612955}",0.7520367990558121,370.230367,5.6563200722591,"{'center': [Decimal('163.58936376278723'), Decimal('158.95847251092576')], 'axes': [Decimal('35.437914626948114'), 46.79259239489832], 'angle': -73.04884967022527}","[Decimal('163.58936376278723'), Decimal('158.95847251092576')]",46.79259239489832,"{'center': [2.740104016483392, Decimal('-2.1714467210939294'), 84.50452964490482], 'radius': 12.0}","{'center': [180.103827538695, Decimal('104.06834553442886')], 'axes': [176.0852354604779, 176.0852354604779], 'angle': 90.0}",0.5838384841763133,1,244.457167,2.1864300337722558,-1.810148919942779,"[0.5112167617587101, 0.337673031204476]",pupil.1,1,3d c++
"{'center': [0.416582157349648, 4.74668178651987, 74.97873602325477], 'normal': [Decimal('-0.19362682159447867'), 0.5765107089678166, -0.7938161351375048], 'radius': 2.847370144484517}",0.8396273346270661,370.238767,5.694740288969034,"{'center': [Decimal('163.58406646341274'), Decimal('158.86189759058607')], 'axes': [35.72171581658205, 47.11569053437916], 'angle': -73.01572619843998}","[Decimal('163.58406646341274'), Decimal('158.86189759058607')]",47.11569053437916,"{'center': [2.740104016483392, Decimal('-2.1714467210939294'), 84.50452964490482], 'radius': 12.0}","{'center': [180.103827538695, Decimal('104.06834553442886')], 'axes': [176.0852354604779, 176.0852354604779], 'angle': 90.0}",0.5824402513940674,1,244.457167,2.185248161746148,-1.8100435384575826,"[0.5112002076981648, 0.3380754267058914]",pupil.1,1,3d c++
"{'center': [0.4135418990305828, Decimal('4.7401796339428035'), 74.97475893192357], 'normal': [Decimal('-0.19388017645440078'), 0.5759688629197277, -0.7941475594151042], 'radius': Decimal('2.8262560505240444')}",0.7967634835205304,370.247167,5.652512101048089,"{'center': [163.5572806621978, Decimal('158.81606731369067')], 'axes': [Decimal('35.477470318208844'), 46.76856798308605], 'angle': -72.97724721468032}","[163.5572806621978, Decimal('158.81606731369067')]",46.76856798308605,"{'center': [2.740104016483392, Decimal('-2.1714467210939294'), 84.50452964490482], 'radius': 12.0}","{'center': [180.103827538695, Decimal('104.06834553442886')], 'axes': [176.0852354604779, 176.0852354604779], 'angle': 90.0}",0.5819381214274499,1,244.457167,2.1845851752270744,-1.8102485613588606,"[0.5111165020693681, Decimal('0.33826638619295557')]",pupil.1,1,3d c++
"{'center': [0.4015975184861693, 4.742453215306298, 74.97933279506125], 'normal': [Decimal('-0.19487554149976855'), 0.5761583280333523, -0.7937664041536302], 'radius': Decimal('2.8651938261240932')}",0.8470457362768831,370.255567,5.7303876522481865,"{'center': [Decimal('163.46270311579707'), Decimal('158.82200915978254')], 'axes': [35.94408323811891, Decimal('47.410318989434856')], 'angle': -72.88845580321538}","[Decimal('163.46270311579707'), Decimal('158.82200915978254')]",47.410318989434856,"{'center': [2.740104016483392, Decimal('-2.1714467210939294'), 84.50452964490482], 'radius': 12.0}","{'center': [180.103827538695, Decimal('104.06834553442886')], 'axes': [176.0852354604779, 176.0852354604779], 'angle': 90.0}",0.582119148943161,1,244.457167,2.1848169638056194,-1.8115422296752368,"[0.5108209472368659, 0.3382416285009061]",pupil.1,1,3d c++
"{'center': [Decimal('0.41296754775713884'), Decimal('4.7167844176137255'), 74.9579748927619], 'normal': [-0.1939280390605211, 0.5740192615589712, -0.7955462293452432], 'radius': 2.867010159874264}",0.8245068718978075,370.263967,5.734020319748528,"{'center': [Decimal('163.55762277308355'), Decimal('158.62049008232992')], 'axes': [Decimal('36.077844742248764'), 47.45383762500198], 'angle': -72.92022876167142}","[Decimal('163.55762277308355'), Decimal('158.62049008232992')]",47.45383762500198,"{'center': [2.740104016483392, Decimal('-2.1714467210939294'), 84.50452964490482], 'radius': 12.0}","{'center': [180.103827538695, Decimal('104.06834553442886')], 'axes': [176.0852354604779, 176.0852354604779], 'angle': 90.0}",0.5816127235452662,1,244.457167,2.1822022571324857,-1.8099002324174285,"[0.5111175711658861, 0.3390812913236253]",pupil.1,1,3d c++
"{'center': [0.4514402274298508, 4.659985099152324, 74.90799082374633], 'normal': [Decimal('-0.19072198242112842'), 0.5692859850205212, -0.7997115684298745], 'radius': 2.83248422778628}",0.8240718975003968,370.280767,5.66496845557256,"{'center': [Decimal('163.87369489976038'), Decimal('158.18595699528478')], 'axes': [35.89853966483971, 46.9132678324036], 'angle': -73.09747845255308}","[Decimal('163.87369489976038'), Decimal('158.18595699528478')]",46.9132678324036,"{'center': [2.740104016483392, Decimal('-2.1714467210939294'), 84.50452964490482], 'radius': 12.0}","{'center': [180.103827538695, Decimal('104.06834553442886')], 'axes': [176.0852354604779, 176.0852354604779], 'angle': 90.0}",0.5816392290024841,1,244.457167,2.1764334366957794,-1.8049116033800743,"[0.5121052965617512, Decimal('0.34089184585298005')]",pupil.1,1,3d c++
"{'center': [Decimal('0.34473297421388205'), 4.842461692184642, 75.06698301773541], 'normal': [-0.1996142535224592, 0.5844923677732143, -0.7864622189307844], 'radius': 2.877398791333326}",0.5100469677983326,370.289167,5.754797582666652,"{'center': [162.9919356243414, Decimal('159.59874550807075')], 'axes': [35.64254653846059, Decimal('47.557017541839066')], 'angle': -72.66979712345412}","[162.9919356243414, Decimal('159.59874550807075')]",47.557017541839066,"{'center': [2.740104016483392, Decimal('-2.1714467210939294'), 84.50452964490482], 'radius': 12.0}","{'center': [180.103827538695, Decimal('104.06834553442886')], 'axes': [176.0852354604779, 176.0852354604779], 'angle': 90.0}",0.5816392290024841,1,244.457167,2.195050617738926,-1.8193603660859055,"[0.5093497988260669, Decimal('0.33500522704970526')]",pupil.1,1,3d c++
"{'center': [Decimal('0.33137926144867214'), 4.910669801432309, 75.12147733684196], 'normal': [Decimal('-0.20072706291956002'), 0.5901763768771866, -0.7819210256719049], 'radius': Decimal('2.8556541458883222')}",0.5696632741976984,370.297567,5.7113082917766445,"{'center': [Decimal('162.87720658181684'), Decimal('160.13831821081126')], 'axes': [Decimal('35.090700782095276'), 47.1634469066275], 'angle': -72.71880277599843}","[Decimal('162.87720658181684'), Decimal('160.13831821081126')]",47.1634469066275,"{'center': [2.740104016483392, Decimal('-2.1714467210939294'), 84.50452964490482], 'radius': 12.0}","{'center': [180.103827538695, Decimal('104.06834553442886')], 'axes': [176.0852354604779, 176.0852354604779], 'angle': 90.0}",0.5816392290024841,1,244.457167,2.202073634564964,-1.8220803851462706,"[0.5089912705681776, Decimal('0.33275700745495307')]",pupil.1,1,3d c++
"{'center': [0.3125340006123656, 4.987733021799526, 75.18503130931894], 'normal': [Decimal('-0.20229750132258556'), 0.596598311907788, -0.7766248612988231], 'radius': Decimal('2.8746369010804327')}",0.37628159196387057,370.305967,5.749273802160865,"{'center': [Decimal('162.72123044481003'), Decimal('160.73414463837813')], 'axes': [34.99412060095944, Decimal('47.437289715360635')], 'angle': -72.74446780264732}","[Decimal('162.72123044481003'), Decimal('160.73414463837813')]",47.437289715360635,"{'center': [2.740104016483392, Decimal('-2.1714467210939294'), 84.50452964490482], 'radius': 12.0}","{'center': [180.103827538695, Decimal('104.06834553442886')], 'axes': [176.0852354604779, 176.0852354604779], 'angle': 90.0}",0.5816392290024841,1,244.457167,2.2100520713793017,-1.825616661413678,"[0.5085038451400313, 0.3302743973400911]",pupil.1,1,3d c++
"{'center': [0.2945938419779046, 5.065597881099379, 75.25008933701722], 'normal': [Decimal('-0.20379251454212396'), 0.6030870501827756, -0.7712033589906339], 'radius': Decimal('2.8753986429584675')}",0.3083999522075729,370.314367,5.750797285916935,"{'center': [Decimal('162.57101250832434'), 161.3398593354621], 'axes': [Decimal('34.666173054911106'), Decimal('47.409134145962504')], 'angle': -72.77785429150566}","[Decimal('162.57101250832434'), 161.3398593354621]",47.409134145962504,"{'center': [2.740104016483392, Decimal('-2.1714467210939294'), 84.50452964490482], 'radius': 12.0}","{'center': [180.103827538695, Decimal('104.06834553442886')], 'axes': [176.0852354604779, 176.0852354604779], 'angle': 90.0}",0.5816392290024841,1,244.457167,2.218161858088541,-1.8291435967328746,"[0.5080344140885136, Decimal('0.32775058610224117')]",pupil.1,1,3d c++
"{'center': [0.2587656340115858, 5.048758020508627, 75.24647351410651], 'normal': [-0.2067781985393172, 0.6016837284668797, -0.7715046775665257], 'radius': 2.832424087312528}",0.21127202880144957,370.322767,5.664848174625056,"{'center': [Decimal('162.27357193522622'), Decimal('161.21553295260242')], 'axes': [34.16986058918682, 46.70219398822217], 'angle': -72.47321223498986}","[Decimal('162.27357193522622'), Decimal('161.21553295260242')]",46.70219398822217,"{'center': [2.740104016483392, Decimal('-2.1714467210939294'), 84.50452964490482], 'radius': 12.0}","{'center': [180.103827538695, Decimal('104.06834553442886')], 'axes': [176.0852354604779, 176.0852354604779], 'angle': 90.0}",0.5816392290024841,1,244.457167,2.216403761456905,-1.832661191103861,"[0.5071049122975819, Decimal('0.32826861269748997')]",pupil.1,1,3d c++
"{'center': [Decimal('0.22454669695419183'), Decimal('5.0398680526141675'), 75.24877950746796], 'normal': [Decimal('-0.20962977662743326'), 0.6009428978090078, -0.7713125114530716], 'radius': 2.844563557524233}",0.16363938607742515,370.331167,5.689127115048466,"{'center': [Decimal('161.99452450269277'), Decimal('161.13831593897075')], 'axes': [34.30826911186165, 46.90085997377319], 'angle': -72.19789547486381}","[Decimal('161.99452450269277'), Decimal('161.13831593897075')]",46.90085997377319,"{'center': [2.740104016483392, Decimal('-2.1714467210939294'), 84.50452964490482], 'radius': 12.0}","{'center': [180.103827538695, Decimal('104.06834553442886')], 'axes': [176.0852354604779, 176.0852354604779], 'angle': 90.0}",0.5816392290024841,1,244.457167,2.2154765795152738,-1.8361694445266363,"[0.5062328890709149, 0.3285903502542885]",pupil.1,1,3d c++
"{'center': [0.3016278795221399, 5.126625237212858, 75.29627357652538], 'normal': [Decimal('-0.20320634474677093'), 0.608172663192232, -0.7673546723649531], 'radius': Decimal('2.8786902009928066')}",0.20084207294573597,370.339567,5.757380401985613,"{'center': [162.626532854869, Decimal('161.81555693023768')], 'axes': [34.46463632274924, 47.43463607573154], 'angle': -72.96006646973362}","[162.626532854869, Decimal('161.81555693023768')]",47.43463607573154,"{'center': [2.740104016483392, Decimal('-2.1714467210939294'), 84.50452964490482], 'radius': 12.0}","{'center': [180.103827538695, Decimal('104.06834553442886')], 'axes': [176.0852354604779, 176.0852354604779], 'angle': 90.0}",0.5816392290024841,1,244.457167,2.224552884335885,-1.8296683570012013,"[0.5082079151714656, 0.3257685127906763]",pupil.1,1,3d c++
"{'center': [0.427062273336158, 5.486772966300181, 75.56017337326247], 'normal': [Decimal('-0.19275347859560274'), 0.6381849739495088, -0.7453630226368619], 'radius': 2.853954092803245}",0.15858507614412112,370.347967,5.70790818560649,"{'center': [Decimal('163.63359027828793'), Decimal('164.62861772722184')], 'axes': [Decimal('32.800916261700586'), 46.86466076302947], 'angle': -74.57872579848555}","[Decimal('163.63359027828793'), Decimal('164.62861772722184')]",46.86466076302947,"{'center': [2.740104016483392, Decimal('-2.1714467210939294'), 84.50452964490482], 'radius': 12.0}","{'center': [180.103827538695, Decimal('104.06834553442886')], 'axes': [176.0852354604779, 176.0852354604779], 'angle': 90.0}",0.5816392290024841,1,244.457167,2.262934747407884,-1.8238558570384102,"[0.5113549696196498, Decimal('0.31404742613657566')]",pupil.1,1,3d c++
"{'center': [0.8191642716981278, 5.360629109360465, 75.3624388456845], 'normal': [Decimal('-0.16007831206543877'), 0.6276729858711998, -0.7618408999350276], 'radius': 2.83256969187306}",0.12623561798202484,370.356367,5.66513938374612,"{'center': [Decimal('166.85006808006935'), 163.7084892767629], 'axes': [33.51541840241588, Decimal('46.636414204432405')], 'angle': -77.24441621153915}","[Decimal('166.85006808006935'), 163.7084892767629]",46.636414204432405,"{'center': [2.740104016483392, Decimal('-2.1714467210939294'), 84.50452964490482], 'radius': 12.0}","{'center': [180.103827538695, Decimal('104.06834553442886')], 'axes': [176.0852354604779, 176.0852354604779], 'angle': 90.0}",0.5816392290024841,1,244.457167,2.249356735430164,-1.7779038296220226,"[0.5214064627502167, 0.3178812946801546]",pupil.1,1,3d c++
"{'center': [0.8500190935977734, 5.36470131990578, 75.35936416316439], 'normal': [Decimal('-0.15750707690713486'), 0.6280123367499757, -0.7620971234783694], 'radius': 2.850680955803307}",0.2194716754835481,370.364767,5.701361911606614,"{'center': [Decimal('167.10407128255756'), Decimal('163.73833986723383')], 'axes': [33.74213918502273, Decimal('46.936851849373745')], 'angle': -77.48132821696043}","[Decimal('167.10407128255756'), Decimal('163.73833986723383')]",46.936851849373745,"{'center': [2.740104016483392, Decimal('-2.1714467210939294'), 84.50452964490482], 'radius': 12.0}","{'center': [180.103827538695, Decimal('104.06834553442886')], 'axes': [176.0852354604779, 176.0852354604779], 'angle': 90.0}",0.5816392290024841,1,244.457167,2.2497927283950703,-1.7746026627042342,"[0.5222002227579924, 0.317756917219859]",pupil.1,1,3d c++
"{'center': [0.8197486501736782, 5.361101679834055, 75.36270543664295], 'normal': [Decimal('-0.16002961385914286'), 0.6277123667439988, -0.7618186840218223], 'radius': Decimal('2.8201212567829814')}",0.29321485454329527,370.373167,5.640242513565963,"{'center': [Decimal('166.85384590802573'), Decimal('163.71566216848916')], 'axes': [33.3665302199199, 46.43117816997308], 'angle': -77.24947937464175}","[Decimal('166.85384590802573'), Decimal('163.71566216848916')]",46.43117816997308,"{'center': [2.740104016483392, Decimal('-2.1714467210939294'), 84.50452964490482], 'radius': 12.0}","{'center': [180.103827538695, Decimal('104.06834553442886')], 'axes': [176.0852354604779, 176.0852354604779], 'angle': 90.0}",0.5816392290024841,1,244.457167,2.2494073235272007,-1.777848476661476,"[0.5214182684625804, Decimal('0.31785140763129516')]",pupil.1,1,3d c++
"{'center': [0.7971826407188931, 5.357556963188202, 75.36455371224157], 'normal': [Decimal('-0.16191011464704164'), 0.6274169736901778, -0.7616646610552709], 'radius': Decimal('2.8200183211082877')}",0.28532726481855264,370.381567,5.640036642216575,"{'center': [Decimal('166.66913942437512'), Decimal('163.68574281333338')], 'axes': [33.35853373535959, 46.42823051141477], 'angle': -77.07547013457743}","[Decimal('166.66913942437512'), Decimal('163.68574281333338')]",46.42823051141477,"{'center': [2.740104016483392, Decimal('-2.1714467210939294'), 84.50452964490482], 'radius': 12.0}","{'center': [180.103827538695, Decimal('104.06834553442886')], 'axes': [176.0852354604779, 176.0852354604779], 'angle': 90.0}",0.5816392290024841,1,244.457167,2.249027916191741,-1.78025253529604,"[0.5208410607011722, Decimal('0.31797607161111097')]",pupil.1,1,3d c++
"{'center': [Decimal('0.38096182528674394'), 4.681880582203496, 74.9407253288602], 'normal': [Decimal('-0.19659518259972075'), 0.571110608608119, -0.7969836930037191], 'radius': Decimal('2.8626200113717943')}",0.26560804383691433,370.389967,5.725240022743589,"{'center': [Decimal('163.29527378189965'), Decimal('158.34280086511262')], 'axes': [Decimal('36.116607765192796'), 47.39174304143697], 'angle': -72.5877064069656}","[Decimal('163.29527378189965'), Decimal('158.34280086511262')]",47.39174304143697,"{'center': [2.740104016483392, Decimal('-2.1714467210939294'), 84.50452964490482], 'radius': 12.0}","{'center': [180.103827538695, Decimal('104.06834553442886')], 'axes': [176.0852354604779, 176.0852354604779], 'angle': 90.0}",0.5816392290024841,1,244.457167,2.178654506388691,-1.8126422276001197,"[0.5102977305684364, 0.3402383297286974]",pupil.1,1,3d c++
"{'center': [0.5133315436435746, 4.921280682183804, 75.08461975483709], 'normal': [Decimal('-0.18556437273665155'), 0.5910606169398114, -0.7849924908389777], 'radius': 2.858138718368346}",0.5065101969390875,370.398367,5.716277436736692,"{'center': [Decimal('164.37205249835347'), 160.2422917707053], 'axes': [Decimal('35.293102752804344'), 47.22848732925348], 'angle': -74.14261823704963}","[Decimal('164.37205249835347'), 160.2422917707053]",47.22848732925348,"{'center': [2.740104016483392, Decimal('-2.1714467210939294'), 84.50452964490482], 'radius': 12.0}","{'center': [180.103827538695, Decimal('104.06834553442886')], 'axes': [176.0852354604779, 176.0852354604779], 'angle': 90.0}",0.5816392290024841,1,244.457167,2.2031694139406985,-1.8029251307925795,"[0.5136626640573546, 0.332323784288728]",pupil.1,1,3d c++
"{'center': [0.4764348055418246, 4.895412038338899, 75.07397775343725], 'normal': [Decimal('-0.18863910091179734'), 0.5889048966194025, -0.7858793242889647], 'radius': Decimal('2.8342439834513247')}",0.688271080756427,370.406767,5.668487966902649,"{'center': [Decimal('164.06786482657793'), 160.0417178680711], 'axes': [Decimal('35.056827476405154'), 46.83979520890308], 'angle': -73.8034635699136}","[Decimal('164.06786482657793'), 160.0417178680711]",46.83979520890308,"{'center': [2.740104016483392, Decimal('-2.1714467210939294'), 84.50452964490482], 'radius': 12.0}","{'center': [180.103827538695, Decimal('104.06834553442886')], 'axes': [176.0852354604779, 176.0852354604779], 'angle': 90.0}",0.5816392290024841,1,244.457167,2.200499510941231,-1.8063750715667555,"[0.512712077583056, Decimal('0.33315950888303714')]",pupil.1,1,3d c++
"{'center': [0.4501470603959743, 4.885590465376767, 75.07296968442975], 'normal': [Decimal('-0.19082974634061822'), 0.5880864322058916, -0.7859633300395895], 'radius': Decimal('2.8329035244666088')}",0.7272116393354788,370.415167,5.6658070489332175,"{'center': [163.8521103016032, 159.9619770288563], 'axes': [35.04833717014316, Decimal('46.818103863688364')], 'angle': -73.57912917824517}","[163.8521103016032, 159.9619770288563]",46.818103863688364,"{'center': [2.740104016483392, Decimal('-2.1714467210939294'), 84.50452964490482], 'radius': 12.0}","{'center': [180.103827538695, Decimal('104.06834553442886')], 'axes': [176.0852354604779, 176.0852354604779], 'angle': 90.0}",0.5816392290024841,1,244.457167,2.1994871867278483,-1.8089845405209097,"[0.51203784469251, 0.3334917623797654]",pupil.1,1,3d c++
"{'center': [0.4239694462672565, 4.875789337619876, 75.07203344371749], 'normal': [Decimal('-0.19301121418467804'), 0.5872696715594841, -0.7860413500989448], 'radius': Decimal('2.8411437164844706')}",0.7096078943755191,370.423567,5.682287432968941,"{'center': [Decimal('163.63816788181856'), Decimal('159.87975231207102')], 'axes': [35.15813001475787, Decimal('46.954791685189036')], 'angle': -73.35555419762615}","[Decimal('163.63816788181856'), Decimal('159.87975231207102')]",46.954791685189036,"{'center': [2.740104016483392, Decimal('-2.1714467210939294'), 84.50452964490482], 'radius': 12.0}","{'center': [180.103827538695, Decimal('104.06834553442886')], 'axes': [176.0852354604779, 176.0852354604779], 'angle': 90.0}",0.5816392290024841,1,244.457167,2.198477712107398,-1.811580902251619,"[0.511369274630683, 0.3338343653663708]",pupil.1,1,3d c++
"{'center': [0.5264683551347478, 4.692730010723325, 74.91375830193223], 'normal': [Decimal('-0.18446963844572037'), 0.5720147276514379, -0.7992309452477153], 'radius': Decimal('2.8609836794335184')}",0.7190524721576812,370.431967,5.721967358867037,"{'center': [Decimal('164.49283607179657'), Decimal('158.44474093736525')], 'axes': [Decimal('36.221455890358826'), 47.38237195278002], 'angle': -73.76870356242571}","[Decimal('164.49283607179657'), Decimal('158.44474093736525')]",47.38237195278002,"{'center': [2.740104016483392, Decimal('-2.1714467210939294'), 84.50452964490482], 'radius': 12.0}","{'center': [180.103827538695, Decimal('104.06834553442886')], 'axes': [176.0852354604779, 176.0852354604779], 'angle': 90.0}",0.5768813437625586,1,244.457167,2.1797563403793347,-1.7976328654777236,"[0.5140401127243643, 0.3398135794276448]",pupil.1,1,3d c++
"{'center': [0.5006894264527961, Decimal('4.6910877988656985'), 74.91856895980285], 'normal': [Decimal('-0.18661788250254968'), 0.5718778766633024, -0.7988300570918306], 'radius': Decimal('2.8820020483027884')}",0.8491451413267546,370.440367,5.764004096605577,"{'center': [Decimal('164.28260047697614'), Decimal('158.42324571543855')], 'axes': [36.46528294669253, 47.72746751196731], 'angle': -73.55935348577624}","[Decimal('164.28260047697614'), Decimal('158.42324571543855')]",47.72746751196731,"{'center': [2.740104016483392, Decimal('-2.1714467210939294'), 84.50452964490482], 'radius': 12.0}","{'center': [180.103827538695, Decimal('104.06834553442886')], 'axes': [176.0852354604779, 176.0852354604779], 'angle': 90.0}",0.5760828495568804,1,244.457167,2.1795895081477545,-1.800294415542066,"[0.5133831264905504, Decimal('0.33990314285233936')]",pupil.1,1,3d c++
"{'center': [0.5368566997470454, 4.70917011262879, 74.92315118203291], 'normal': [-0.1836039430613622, 0.5733847361435599, -0.7984482052393256], 'radius': 2.841973686107257}",0.8779321695142205,370.448767,5.683947372214514,"{'center': [164.575730047943, Decimal('158.58078448651298')], 'axes': [35.93035113095191, 47.06159092106641], 'angle': -73.88685604762132}","[164.575730047943, Decimal('158.58078448651298')]",47.06159092106641,"{'center': [2.740104016483392, Decimal('-2.1714467210939294'), 84.50452964490482], 'radius': 12.0}","{'center': [180.103827538695, Decimal('104.06834553442886')], 'axes': [176.0852354604779, 176.0852354604779], 'angle': 90.0}",0.5765554477948021,1,244.457167,2.1814275614196843,-1.7968181521512483,"[0.5142991563998219, Decimal('0.33924673130619587')]",pupil.1,1,3d c++
"{'center': [0.540158997634407, Decimal('4.6998904074834265'), 74.91573576978811], 'normal': [Decimal('-0.18332875157074877'), 0.5726114273814463, -0.7990661562597262], 'radius': 2.846005481240833}",0.7903584974724606,370.457167,5.692010962481666,"{'center': [164.6038169158211, Decimal('158.50680600724814')], 'axes': [Decimal('36.019762671515835'), 47.13302843238711], 'angle': -73.89344531462885}","[164.6038169158211, Decimal('158.50680600724814')]",47.13302843238711,"{'center': [2.740104016483392, Decimal('-2.1714467210939294'), 84.50452964490482], 'radius': 12.0}","{'center': [180.103827538695, Decimal('104.06834553442886')], 'axes': [176.0852354604779, 176.0852354604779], 'angle': 90.0}",0.575810968343915,1,244.457167,2.1804839917741234,-1.7963221005640868,"[0.514386927861941, Decimal('0.33955497496979936')]",pupil.1,1,3d c++
"{'center': [0.5181170924619591, Decimal('4.6985287617105005'), 74.91984337068887], 'normal': [-0.1851655770017861, 0.5724979569003691, -0.7987238561846633], 'radius': 2.839337786308711}",0.882043398570315,370.465567,5.678675572617422,"{'center': [Decimal('164.42168400291646'), Decimal('158.49554937362603')], 'axes': [35.91632033384956, Decimal('47.019864488039374')], 'angle': -73.71447941452291}","[Decimal('164.42168400291646'), Decimal('158.49554937362603')]",47.019864488039374,"{'center': [2.740104016483392, Decimal('-2.1714467210939294'), 84.50452964490482], 'radius': 12.0}","{'center': [180.103827538695, Decimal('104.06834553442886')], 'axes': [176.0852354604779, 176.0852354604779], 'angle': 90.0}",0.5750553895609078,1,244.457167,2.1803455906108122,-1.7985990163587129,"[0.5138177625091139, 0.3396018776098916]",pupil.1,1,3d c++
"{'center': [0.5319741370888118, 4.718589017476798, 74.93104699975719], 'normal': [Decimal('-0.18401082328288168'), 0.574169644880894, -0.7977902204289699], 'radius': Decimal('2.8479239211636433')}",0.785420022612445,370.473967,5.695847842327287,"{'center': [164.5355606351817, Decimal('158.65294079936444')], 'axes': [35.96492314092885, 47.15522634927598], 'angle': -73.86800178481585}","[164.5355606351817, Decimal('158.65294079936444')]",47.15522634927598,"{'center': [2.740104016483392, Decimal('-2.1714467210939294'), 84.50452964490482], 'radius': 12.0}","{'center': [180.103827538695, Decimal('104.06834553442886')], 'axes': [176.0852354604779, 176.0852354604779], 'angle': 90.0}",0.57237955447903,1,244.457167,2.182385922652677,-1.7974825753592982,"[0.5141736269849428, Decimal('0.33894608000264814')]",pupil.1,1,3d c++
"{'center': [0.5230528108126355, 4.680444407073086, 74.90576556200436], 'normal': [-0.1847542671392297, 0.5709909273472512, -0.7998970069083721], 'radius': Decimal('2.8448307993312776')}",0.8248108715922989,370.482367,5.689661598662555,"{'center': [164.4638226145995, Decimal('158.35182456850686')], 'axes': [36.05888952405271, 47.11967208227678], 'angle': -73.71484699502378}","[164.4638226145995, Decimal('158.35182456850686')]",47.11967208227678,"{'center': [2.740104016483392, Decimal('-2.1714467210939294'), 84.50452964490482], 'radius': 12.0}","{'center': [180.103827538695, Decimal('104.06834553442886')], 'axes': [176.0852354604779, 176.0852354604779], 'angle': 90.0}",0.5711241755936847,1,244.457167,2.1785087162665207,-1.7977882239450422,"[0.5139494456706235, 0.3402007309645547]",pupil.1,1,3d c++
"{'center': [0.4954379267284921, 4.686512610493953, 74.91652318100466], 'normal': [-0.187055507479575, 0.5714966109656568, -0.7990005386583462], 'radius': 2.901594090496702}",0.8219076751405301,370.490767,5.803188180993404,"{'center': [Decimal('164.24148852856422'), Decimal('158.38113683220317')], 'axes': [36.72493899018373, 48.05336516498708], 'angle': -73.50749138360918}","[Decimal('164.24148852856422'), Decimal('158.38113683220317')]",48.05336516498708,"{'center': [2.740104016483392, Decimal('-2.1714467210939294'), 84.50452964490482], 'radius': 12.0}","{'center': [180.103827538695, Decimal('104.06834553442886')], 'axes': [176.0852354604779, 176.0852354604779], 'angle': 90.0}",0.5710538340906068,1,244.457167,2.1791248172404303,-1.800766467739418,"[0.5132546516517632, Decimal('0.34007859653248684')]",pupil.1,1,3d c++
"{'center': [0.505911252509248, 4.679272919248442, 74.90890443844575], 'normal': [-0.1861827303311787, 0.5708933033618643, -0.79963543387159], 'radius': Decimal('2.9045867329238066')}",0.7267775420161403,370.499167,5.809173465847613,"{'center': [164.3284115517824, Decimal('158.32426686780752')], 'axes': [Decimal('36.802317068167206'), 48.10785836307038], 'angle': -73.5753013249763}","[164.3284115517824, Decimal('158.32426686780752')]",48.10785836307038,"{'center': [2.740104016483392, Decimal('-2.1714467210939294'), 84.50452964490482], 'radius': 12.0}","{'center': [180.103827538695, Decimal('104.06834553442886')], 'axes': [176.0852354604779, 176.0852354604779], 'angle': 90.0}",0.5708242259009233,1,244.457167,2.1783898062337417,-1.7995551474509976,"[0.51352628609932, Decimal('0.34031555471746866')]",pupil.1,1,3d c++
"{'center': [0.5353188346897193, 4.690313711720355, 74.9099912993247], 'normal': [Decimal('-0.18373209848280608'), 0.5718133694011904, -0.799544862131677], 'radius': Decimal('2.8560063581069888')}",0.8327929549895281,370.507567,5.7120127162139775,"{'center': [164.565404463509, Decimal('158.42796902590106')], 'axes': [36.17714619022742, Decimal('47.302303443081094')], 'angle': -73.83426796096403}","[164.565404463509, Decimal('158.42796902590106')]",47.302303443081094,"{'center': [2.740104016483392, Decimal('-2.1714467210939294'), 84.50452964490482], 'radius': 12.0}","{'center': [180.103827538695, Decimal('104.06834553442886')], 'axes': [176.0852354604779, 176.0852354604779], 'angle': 90.0}",0.5704931365941857,1,244.457167,2.1795108753966184,-1.7966708217306986,"[0.5142668889484656, 0.3398834623920789]",pupil.1,1,3d c++
"{'center': [0.5222984049288346, 4.698600725856208, 74.91892656810204], 'normal': [-0.1848171342962131, 0.5725039539125114, -0.7988002564002321], 'radius': 2.856456338498331}",0.7828628594838299,370.515967,5.712912676996662,"{'center': [Decimal('164.45774345220352'), Decimal('158.49187593233893')], 'axes': [Decimal('36.137431066766155'), Decimal('47.304097098885066')], 'angle': -73.74803191617768}","[Decimal('164.45774345220352'), Decimal('158.49187593233893')]",47.304097098885066,"{'center': [2.740104016483392, Decimal('-2.1714467210939294'), 84.50452964490482], 'radius': 12.0}","{'center': [180.103827538695, Decimal('104.06834553442886')], 'axes': [176.0852354604779, 176.0852354604779], 'angle': 90.0}",0.5700108713118213,1,244.457167,2.1803529048960884,-1.7981639707720476,"[0.5139304482881359, 0.3396171836152545]",pupil.1,1,3d c++
"{'center': [0.5383646760969882, Decimal('4.7007280334863815'), 74.91674794007321], 'normal': [Decimal('-0.18347827836553365'), 0.5726812295483592, -0.7989818087359682], 'radius': Decimal('2.8428548191839633')}",0.7995637816697193,370.524367,5.685709638367927,"{'center': [164.5886938775638, 158.5140891775256], 'axes': [Decimal('35.974761098937215'), 47.08018237534941], 'angle': -73.8808892925808}","[164.5886938775638, 158.5140891775256]",47.08018237534941,"{'center': [2.740104016483392, Decimal('-2.1714467210939294'), 84.50452964490482], 'radius': 12.0}","{'center': [180.103827538695, Decimal('104.06834553442886')], 'axes': [176.0852354604779, 176.0852354604779], 'angle': 90.0}",0.5692594014226393,1,244.457167,2.1805691368727373,-1.7965228890048914,"[0.5143396683673869, 0.3395246284269767]",pupil.1,1,3d c++
"{'center': [0.51819336402985, 4.690514901480343, 74.91408670712393], 'normal': [Decimal('-0.18515922103779517'), 0.5718301352145228, -0.7992035781484074], 'radius': Decimal('2.9011162785891917')}",0.9254886979093516,370.532767,5.8022325571783835,"{'center': [Decimal('164.42863738174148'), Decimal('158.41527262682303')], 'axes': [36.72929023871765, 48.04713081632448], 'angle': -73.69786514474323}","[Decimal('164.42863738174148'), Decimal('158.41527262682303')]",48.04713081632448,"{'center': [2.740104016483392, Decimal('-2.1714467210939294'), 84.50452964490482], 'radius': 12.0}","{'center': [180.103827538695, Decimal('104.06834553442886')], 'axes': [176.0852354604779, 176.0852354604779], 'angle': 90.0}",0.5702107733328687,1,244.457167,2.1795313120923443,-1.7984594077744556,"[0.5138394918179421, 0.339936364054904]",pupil.1,1,3d c++
"{'center': [0.5114430685243869, 4.685182581093571, 74.91183945959048], 'normal': [Decimal('-0.18572174566325045'), 0.5713857751822917, -0.7993908487761956], 'radius': 2.866297374070275}",0.8395746197428483,370.541167,5.73259474814055,"{'center': [Decimal('164.36997261757173'), Decimal('158.38211412607663')], 'axes': [Decimal('36.300587030003406'), Decimal('47.471536277519256')], 'angle': -73.63232343868138}","[Decimal('164.36997261757173'), Decimal('158.38211412607663')]",47.471536277519256,"{'center': [2.740104016483392, Decimal('-2.1714467210939294'), 84.50452964490482], 'radius': 12.0}","{'center': [180.103827538695, Decimal('104.06834553442886')], 'axes': [176.0852354604779, 176.0852354604779], 'angle': 90.0}",0.56904428053145,1,244.457167,2.1789897575602137,-1.799075654422362,"[0.5136561644299117, 0.3400745244746807]",pupil.1,1,3d c++
"{'center': [0.5215747383834164, 4.681530065247923, 74.90688217231693], 'normal': [Decimal('-0.18487743984166463'), 0.571081398861821, -0.7998039560489917], 'radius': 2.883781770462871}",0.729534476811751,370.549567,5.767563540925742,"{'center': [Decimal('164.45529895924167'), Decimal('158.34952239910768')], 'axes': [Decimal('36.547376222449834'), 47.76445626130573], 'angle': -73.70542773107854}","[Decimal('164.45529895924167'), Decimal('158.34952239910768')]",47.76445626130573,"{'center': [2.740104016483392, Decimal('-2.1714467210939294'), 84.50452964490482], 'radius': 12.0}","{'center': [180.103827538695, Decimal('104.06834553442886')], 'axes': [176.0852354604779, 176.0852354604779], 'angle': 90.0}",0.5685649819046623,1,244.457167,2.1786189230760336,-1.797959931885832,"[0.5139228092476302, Decimal('0.34021032333705137')]",pupil.1,1,3d c++
"{'center': [0.5349162906738405, 4.708945765298548, 74.92343647517033], 'normal': [Decimal('-0.18376564381746263'), 0.5733660405327065, -0.7984244308112072], 'radius': 2.876342003010302}",0.7204727431134257,370.557967,5.752684006020604,"{'center': [Decimal('164.56300260151536'), Decimal('158.56935684851715')], 'axes': [36.36403472960849, 47.63082392681621], 'angle': -73.87094250504947}","[Decimal('164.56300260151536'), Decimal('158.56935684851715')]",47.63082392681621,"{'center': [2.740104016483392, Decimal('-2.1714467210939294'), 84.50452964490482], 'radius': 12.0}","{'center': [180.103827538695, Decimal('104.06834553442886')], 'axes': [176.0852354604779, 176.0852354604779], 'angle': 90.0}",0.5632889605906244,1,244.457167,2.1814047422136014,-1.797016999994211,"[0.5142593831297355, Decimal('0.33929434646451184')]",pupil.1,1,3d c++
"{'center': [0.5179616208122875, 4.697281592473491, 74.91898560568835], 'normal': [Decimal('-0.18517853297259207'), 0.5723940261306183, -0.7987953366013724], 'radius': Decimal('2.8809210878896607')}",0.7926084671961067,370.566367,5.7618421757793215,"{'center': [164.4244256947762, 158.4742612325283], 'axes': [Decimal('36.447444234005594'), Decimal('47.709396746234944')], 'angle': -73.71060709312397}","[164.4244256947762, 158.4742612325283]",47.709396746234944,"{'center': [2.740104016483392, Decimal('-2.1714467210939294'), 84.50452964490482], 'radius': 12.0}","{'center': [180.103827538695, Decimal('104.06834553442886')], 'axes': [176.0852354604779, 176.0852354604779], 'angle': 90.0}",0.5620643395997882,1,244.457167,2.180218836870242,-1.7985947214819171,"[0.5138263302961756, 0.3396905781977987]",pupil.1,1,3d c++
"{'center': [0.5302461619300205, 4.697220787308545, 74.91610250998406], 'normal': [Decimal('-0.18415482121278096'), 0.5723889590335396, -0.7990355945767307], 'radius': 2.89025008774751}",0.8531986566895163,370.574767,5.78050017549502,"{'center': [164.526500950644, Decimal('158.47249141525037')], 'axes': [36.57950811830782, Decimal('47.865869291296185')], 'angle': -73.80858482788899}","[164.526500950644, Decimal('158.47249141525037')]",47.865869291296185,"{'center': [2.740104016483392, Decimal('-2.1714467210939294'), 84.50452964490482], 'radius': 12.0}","{'center': [180.103827538695, Decimal('104.06834553442886')], 'axes': [176.0852354604779, 176.0852354604779], 'angle': 90.0}",0.5621652678986067,1,244.457167,2.180212657336419,-1.797312347748847,"[0.5141453154707625, Decimal('0.33969795243645673')]",pupil.1,1,3d c++
"{'center': [0.5155598264492784, 4.683426826159309, 74.90962934329912], 'normal': [-0.1853786825028428, 0.5712394622711031, -0.799575025133809], 'radius': Decimal('2.8985882345390515')}",0.7761210202584055,370.583167,5.797176469078103,"{'center': [Decimal('164.40707964647865'), Decimal('158.35975015306332')], 'axes': [36.72127965990624, 48.00805114648828], 'angle': -73.66145874485095}","[Decimal('164.40707964647865'), Decimal('158.35975015306332')]",48.00805114648828,"{'center': [2.740104016483392, Decimal('-2.1714467210939294'), 84.50452964490482], 'radius': 12.0}","{'center': [180.103827538695, Decimal('104.06834553442886')], 'axes': [176.0852354604779, 176.0852354604779], 'angle': 90.0}",0.5610981608309751,1,244.457167,2.178811486435728,-1.7986177472741773,"[0.5137721238952457, 0.3401677076955695]",pupil.1,1,3d c++
"{'center': [0.5237079845322525, 4.69402363853855, 74.91532188980017], 'normal': [Decimal('-0.18469966932926163'), 0.5721225299693733, -0.7991006462587207], 'radius': 2.900855696627085}",0.7678124268464339,370.591567,5.80171139325417,"{'center': [Decimal('164.47384245950144'), 158.4436191935765], 'axes': [36.71878117250367, Decimal('48.042061872177264')], 'angle': -73.74949314665002}","[Decimal('164.47384245950144'), 158.4436191935765]",48.042061872177264,"{'center': [2.740104016483392, Decimal('-2.1714467210939294'), 84.50452964490482], 'radius': 12.0}","{'center': [180.103827538695, Decimal('104.06834553442886')], 'axes': [176.0852354604779, 176.0852354604779], 'angle': 90.0}",0.5590072288782499,1,244.457167,2.17988777364129,-1.797941877563305,"[0.513980757685942, Decimal('0.33981825336009797')]",pupil.1,1,3d c++
"{'center': [0.5189902692601618, Decimal('4.6880092712219295'), 74.91210986617443], 'normal': [Decimal('-0.18509281226860252'), 0.5716213326929882, -0.7993683148941995], 'radius': Decimal('2.8898695691428076')}",0.7449963662749793,370.599967,5.779739138285615,"{'center': [164.4342504959091, Decimal('158.39870868690167')], 'axes': [36.59715188647459, 47.86202168042616], 'angle': -73.69879547013325}","[164.4342504959091, Decimal('158.39870868690167')]",47.86202168042616,"{'center': [2.740104016483392, Decimal('-2.1714467210939294'), 84.50452964490482], 'radius': 12.0}","{'center': [180.103827538695, Decimal('104.06834553442886')], 'axes': [176.0852354604779, 176.0852354604779], 'angle': 90.0}",0.5574400695814385,1,244.457167,2.1792768129224456,-1.798335246475059,"[0.513857032799716, Decimal('0.34000538047124307')]",pupil.1,1,3d c++
"{'center': [0.5392478047226668, 4.677039168998885, 74.89961043918768], 'normal': [Decimal('-0.18340468431339377'), 0.5707071575077345, -0.8004099338097612], 'radius': Decimal('2.8712268000512133')}",0.8589208674124997,370.608367,5.742453600102427,"{'center': [Decimal('164.59993474666163'), Decimal('158.31938877718127')], 'axes': [Decimal('36.424470681014384'), 47.56107179318749], 'angle': -73.8372483568038}","[Decimal('164.59993474666163'), Decimal('158.31938877718127')]",47.56107179318749,"{'center': [2.740104016483392, Decimal('-2.1714467210939294'), 84.50452964490482], 'radius': 12.0}","{'center': [180.103827538695, Decimal('104.06834553442886')], 'axes': [176.0852354604779, 176.0852354604779], 'angle': 90.0}",0.5576547952916511,1,244.457167,2.1781631001618433,-1.7960462884551727,"[0.5143747960833176, 0.340335880095078]",pupil.1,1,3d c++
"{'center': [0.5297134639619041, 4.690667669978174, 74.91153429990622], 'normal': [-0.184199212710124, 0.5718428659226753, -0.7994162787498836], 'radius': Decimal('2.8792036286376943')}",0.765202725636827,370.616767,5.758407257275389,"{'center': [164.5214118182002, Decimal('158.42377877099509')], 'axes': [36.46377043449167, Decimal('47.685704368488956')], 'angle': -73.79023240720981}","[164.5214118182002, Decimal('158.42377877099509')]",47.685704368488956,"{'center': [2.740104016483392, Decimal('-2.1714467210939294'), 84.50452964490482], 'radius': 12.0}","{'center': [180.103827538695, Decimal('104.06834553442886')], 'axes': [176.0852354604779, 176.0852354604779], 'angle': 90.0}",0.5571644759293393,1,244.457167,2.1795468303892487,-1.7972608607523601,"[0.5141294119318756, 0.3399009217875205]",pupil.1,1,3d c++
"{'center': [0.5293872070841195, 4.679848928160574, 74.90387971299157], 'normal': [Decimal('-0.18422640078327274'), 0.5709413041045419, -0.8000541609927706], 'radius': Decimal('2.8892664510865753')}",0.725425043952349,370.625167,5.778532902173151,"{'center': [Decimal('164.52026979531024'), Decimal('158.33554944870062')], 'axes': [36.63201558668017, 47.85729397781779], 'angle': -73.76432872306742}","[Decimal('164.52026979531024'), Decimal('158.33554944870062')]",47.85729397781779,"{'center': [2.740104016483392, Decimal('-2.1714467210939294'), 84.50452964490482], 'radius': 12.0}","{'center': [180.103827538695, Decimal('104.06834553442886')], 'axes': [176.0852354604779, 176.0852354604779], 'angle': 90.0}",0.5541757605045938,1,244.457167,2.1784482718854195,-1.797118676194434,"[0.5141258431103445, 0.3402685439637474]",pupil.1,1,3d c++
"{'center': [0.5266231333719049, 4.682373689910317, 74.90631897031544], 'normal': [-0.1844567402592906, 0.5711517009170205, -0.7998508895491152], 'radius': Decimal('2.8946220026497222')}",0.943112031983373,370.633567,5.7892440052994445,"{'center': [Decimal('164.49787936101006'), Decimal('158.35370433160045')], 'axes': [Decimal('36.687329957954105'), 47.94448813471925], 'angle': -73.74766139388441}","[Decimal('164.49787936101006'), Decimal('158.35370433160045')]",47.94448813471925,"{'center': [2.740104016483392, Decimal('-2.1714467210939294'), 84.50452964490482], 'radius': 12.0}","{'center': [180.103827538695, Decimal('104.06834553442886')], 'axes': [176.0852354604779, 176.0852354604779], 'angle': 90.0}",0.555836228808726,1,244.457167,2.17870456653041,-1.7974477014136574,"[0.5140558730031565, Decimal('0.34019289861833146')]",pupil.1,1,3d c++
"{'center': [0.5086185413025786, 4.683036112301583, 74.91096213011954], 'normal': [Decimal('-0.18595712293173447'), 0.5712069027829593, -0.7994639595654395], 'radius': Decimal('2.9044412270712994')}",0.97447399829318,370.641967,5.808882454142599,"{'center': [Decimal('164.35049740236866'), 158.3543015244149], 'axes': [Decimal('36.789186241255756'), 48.1041555282755], 'angle': -73.60514133000301}","[Decimal('164.35049740236866'), 158.3543015244149]",48.1041555282755,"{'center': [2.740104016483392, Decimal('-2.1714467210939294'), 84.50452964490482], 'radius': 12.0}","{'center': [180.103827538695, Decimal('104.06834553442886')], 'axes': [176.0852354604779, 176.0852354604779], 'angle': 90.0}",0.55804935499707,1,244.457167,2.178771818191211,-1.7993348213848646,"[0.5135953043824021, 0.3401904103149379]",pupil.1,1,3d c++
"{'center': [0.5290143686290492, 4.693806069640743, 74.91394120162037], 'normal': [Decimal('-0.18425747065452858'), 0.5721043992278894, -0.799215703607037], 'radius': Decimal('2.8940743927099213')}",0.8179341052211302,370.650367,5.788148785419843,"{'center': [164.5169065442216, 158.444349489142], 'axes': [36.63958887297635, 47.93059975475988], 'angle': -73.79141377824244}","[164.5169065442216, 158.444349489142]",47.93059975475988,"{'center': [2.740104016483392, Decimal('-2.1714467210939294'), 84.50452964490482], 'radius': 12.0}","{'center': [180.103827538695, Decimal('104.06834553442886')], 'axes': [176.0852354604779, 176.0852354604779], 'angle': 90.0}",0.5581281653873393,1,244.457167,2.179865667684757,-1.7973849873974086,"[0.5141153329506924, 0.3398152104619083]",pupil.1,1,3d c++
"{'center': [0.52352343146937, 4.67517459471385, 74.90189734599504], 'normal': [-0.1847150487511685, 0.5705517763173149, -0.8002193582424822], 'radius': 2.908926366797243}",0.9029150447508206,370.658767,5.817852733594486,"{'center': [Decimal('164.47411280209386'), Decimal('158.29255240586087')], 'axes': [36.89281014995807, Decimal('48.184340573253394')], 'angle': -73.70729503154662}","[Decimal('164.47411280209386'), Decimal('158.29255240586087')]",48.184340573253394,"{'center': [2.740104016483392, Decimal('-2.1714467210939294'), 84.50452964490482], 'radius': 12.0}","{'center': [180.103827538695, Decimal('104.06834553442886')], 'axes': [176.0852354604779, 176.0852354604779], 'angle': 90.0}",0.5552747244218614,1,244.457167,2.1779738895642895,-1.7976533622379425,"[0.5139816025065433, Decimal('0.34044769830891297')]",pupil.1,1,3d c++
"{'center': [0.5300170748331121, 4.693159815976397, 74.91324751989367], 'normal': [Decimal('-0.18417391180419002'), 0.5720505447558606, -0.7992735104175951], 'radius': Decimal('2.8913826156997304')}",0.9149482150593776,370.667167,5.782765231399461,"{'center': [Decimal('164.52494225685882'), Decimal('158.44010296126189')], 'axes': [Decimal('36.609044034999265'), Decimal('47.886440391858265')], 'angle': -73.79803514689466}","[Decimal('164.52494225685882'), Decimal('158.44010296126189')]",47.886440391858265,"{'center': [2.740104016483392, Decimal('-2.1714467210939294'), 84.50452964490482], 'radius': 12.0}","{'center': [180.103827538695, Decimal('104.06834553442886')], 'axes': [176.0852354604779, 176.0852354604779], 'angle': 90.0}",0.5558764734844179,1,244.457167,2.179800007481113,-1.7972698844800745,"[0.5141404445526838, Decimal('0.33983290432807545')]",pupil.1,1,3d c++
"{'center': [0.5427409160751586, 4.692214865733005, 74.90964845614168], 'normal': [-0.1831135917006861, 0.5719717989022446, -0.7995734323969279], 'radius': 2.897436709890342}",0.9119863556317385,370.675567,5.794873419780684,"{'center': [Decimal('164.63037563174296'), Decimal('158.43229324229083')], 'axes': [36.70348962938153, Decimal('47.989119600321786')], 'angle': -73.89778205214766}","[Decimal('164.63037563174296'), Decimal('158.43229324229083')]",47.989119600321786,"{'center': [2.740104016483392, Decimal('-2.1714467210939294'), 84.50452964490482], 'radius': 12.0}","{'center': [180.103827538695, Decimal('104.06834553442886')], 'axes': [176.0852354604779, 176.0852354604779], 'angle': 90.0}",0.5558937866937841,1,244.457167,2.179704004732977,-1.7959281491486687,"[0.5144699238491968, 0.3398654448237882]",pupil.1,1,3d c++
"{'center': [0.5414871119243689, 4.675142751255175, 74.89774577598669], 'normal': [-0.1832180753799186, 0.5705491226957586, -0.8005653224098446], 'radius': Decimal('2.8938292884283894')}",0.8380657654690948,370.683967,5.787658576856779,"{'center': [164.6206395855971, Decimal('158.29838515372865')], 'axes': [Decimal('36.721175763096454'), Decimal('47.936870851619865')], 'angle': -73.85116077800478}","[164.6206395855971, Decimal('158.29838515372865')]",47.936870851619865,"{'center': [2.740104016483392, Decimal('-2.1714467210939294'), 84.50452964490482], 'radius': 12.0}","{'center': [180.103827538695, Decimal('104.06834553442886')], 'axes': [176.0852354604779, 176.0852354604779], 'angle': 90.0}",0.5560120421072678,1,244.457167,2.177970658415445,-1.7957825473646065,"[0.514439498704991, 0.3404233951927973]",pupil.1,1,3d c++
"{'center': [0.5533251942888748, 4.693435451749332, 74.90810368855105], 'normal': [Decimal('-0.18223156851620978'), 0.5720735144036051, -0.7997021630294808], 'radius': Decimal('2.9025343980259755')}",0.9065060495435314,370.692367,5.805068796051951,"{'center': [164.7179764535653, 158.4416079247392], 'axes': [36.77516490336426, 48.0746413675434], 'angle': -73.98511650447918}","[164.7179764535653, 158.4416079247392]",48.0746413675434,"{'center': [2.740104016483392, Decimal('-2.1714467210939294'), 84.50452964490482], 'radius': 12.0}","{'center': [180.103827538695, Decimal('104.06834553442886')], 'axes': [176.0852354604779, 176.0852354604779], 'angle': 90.0}",0.5562468899529494,1,244.457167,2.1798280120624645,-1.7948448769617125,"[0.5147436764173916, 0.33982663364692]",pupil.1,1,3d c++
"{'center': [0.5290928256065972, 4.652657416791811, 74.88460073513068], 'normal': [Decimal('-0.18425093257306624'), 0.5686753448238117, -0.8016607424811785], 'radius': Decimal('2.8865799151571867')}",0.9052181631624558,370.700767,5.773159830314373,"{'center': [Decimal('164.51904735160946'), Decimal('158.12149981091346')], 'axes': [36.70024576373502, 47.82495288134412], 'angle': -73.7030396616247}","[Decimal('164.51904735160946'), Decimal('158.12149981091346')]",47.82495288134412,"{'center': [2.740104016483392, Decimal('-2.1714467210939294'), 84.50452964490482], 'radius': 12.0}","{'center': [180.103827538695, Decimal('104.06834553442886')], 'axes': [176.0852354604779, 176.0852354604779], 'angle': 90.0}",0.5570538326224339,1,244.457167,2.175690882354573,-1.7967094633361134,"[0.5141220229737795, 0.3411604174545272]",pupil.1,1,3d c++
"{'center': [0.5335281539647561, 4.662810729160578, 74.89079217883103], 'normal': [-0.183881321876553, 0.5695214541878756, -0.8011447888394825], 'radius': 2.909696463467231}",0.8526056004283181,370.709167,5.819392926934462,"{'center': [164.5572677281309, Decimal('158.19573858327524')], 'axes': [36.96083853672571, 48.20423732460536], 'angle': -73.76073185327307}","[164.5572677281309, Decimal('158.19573858327524')]",48.20423732460536,"{'center': [2.740104016483392, Decimal('-2.1714467210939294'), 84.50452964490482], 'radius': 12.0}","{'center': [180.103827538695, Decimal('104.06834553442886')], 'axes': [176.0852354604779, 176.0852354604779], 'angle': 90.0}",0.5559997297357899,1,244.457167,2.1767198753179047,-1.7964118305695689,"[0.5142414616504091, 0.3408510892363531]",pupil.1,1,3d c++
"{'center': [0.5273133272498258, 4.678732606531023, 74.90356091539523], 'normal': [-0.1843992241027972, 0.5708482773020793, -0.8000807274591324], 'radius': Decimal('2.9113494337969876')}",0.8115240746950515,370.717567,5.822698867593975,"{'center': [164.5053726908916, Decimal('158.32036465649355')], 'axes': [36.91424315413759, 48.2234616932896], 'angle': -73.74534559718478}","[164.5053726908916, Decimal('158.32036465649355')]",48.2234616932896,"{'center': [2.740104016483392, Decimal('-2.1714467210939294'), 84.50452964490482], 'radius': 12.0}","{'center': [180.103827538695, Decimal('104.06834553442886')], 'axes': [176.0852354604779, 176.0852354604779], 'angle': 90.0}",0.5535391087608144,1,244.457167,2.1783349659525095,-1.7973165368989517,"[0.5140792896590363, Decimal('0.34033181393127687')]",pupil.1,1,3d c++
"{'center': [0.4428778408101799, 4.688984549696915, 74.93075114963155], 'normal': [Decimal('-0.19143551463943437'), 0.571702605899237, -0.797814874606106], 'radius': 2.880177247441477}",0.8866360014045487,370.725967,5.760354494882954,"{'center': [Decimal('163.80645667129255'), Decimal('158.40090506622653')], 'axes': [36.38421811766855, 47.68921322418808], 'angle': -73.09456529514202}","[Decimal('163.80645667129255'), Decimal('158.40090506622653')]",47.68921322418808,"{'center': [2.740104016483392, Decimal('-2.1714467210939294'), 84.50452964490482], 'radius': 12.0}","{'center': [180.103827538695, Decimal('104.06834553442886')], 'axes': [176.0852354604779, 176.0852354604779], 'angle': 90.0}",0.5542559768302313,1,244.457167,2.179375867489372,-1.8062938351366786,"[0.5118951770977892, 0.3399962288907228]",pupil.1,1,3d c++
"{'center': [Decimal('0.33968048793114436'), 4.695746530568638, 74.96096512592698], 'normal': [Decimal('-0.20003529404602063'), 0.5722661043052139, -0.795297043248154], 'radius': Decimal('2.9005229803279065')}",0.9620016987526752,370.734367,5.801045960655813,"{'center': [162.9587916333366, 158.4370591478808], 'axes': [36.49225040287175, 48.00650741714206], 'angle': -72.29443261050534}","[162.9587916333366, 158.4370591478808]",48.00650741714206,"{'center': [2.740104016483392, Decimal('-2.1714467210939294'), 84.50452964490482], 'radius': 12.0}","{'center': [180.103827538695, Decimal('104.06834553442886')], 'axes': [176.0852354604779, 176.0852354604779], 'angle': 90.0}",0.5551861223717425,1,244.457167,2.1800628390861023,-1.81720764578404,"[0.5092462238541768, Decimal('0.33984558688383004')]",pupil.1,1,3d c++
"{'center': [0.3297191481732211, Decimal('4.6939047310611794'), 74.96215078924136], 'normal': [Decimal('-0.20086540569251427'), 0.5721126210129257, -0.7951982379719551], 'radius': Decimal('2.9259597835922784')}",0.8578416260864076,370.742767,5.851919567184557,"{'center': [Decimal('162.87954510937172'), Decimal('158.41431978933866')], 'axes': [36.8073821787517, Decimal('48.426929658250906')], 'angle': -72.21181368161736}","[Decimal('162.87954510937172'), Decimal('158.41431978933866')]",48.426929658250906,"{'center': [2.740104016483392, Decimal('-2.1714467210939294'), 84.50452964490482], 'radius': 12.0}","{'center': [180.103827538695, Decimal('104.06834553442886')], 'axes': [176.0852354604779, 176.0852354604779], 'angle': 90.0}",0.5521123330899158,1,244.457167,2.1798756920765863,-1.8182185745412391,"[0.5089985784667866, Decimal('0.33994033421108893')]",pupil.1,1,3d c++
"{'center': [0.3629807402625498, Decimal('4.6972895083430295'), 74.95624458736337], 'normal': [Decimal('-0.19809360635173687'), 0.5723946857864133, -0.7956904214617871], 'radius': 2.891701899070891}",0.9859118357124971,370.751167,5.783403798141782,"{'center': [Decimal('163.14955675742246'), Decimal('158.45432637751668')], 'axes': [36.40360644119113, 47.86354955475843], 'angle': -72.48145892383748}","[Decimal('163.14955675742246'), Decimal('158.45432637751668')]",47.86354955475843,"{'center': [2.740104016483392, Decimal('-2.1714467210939294'), 84.50452964490482], 'radius': 12.0}","{'center': [180.103827538695, Decimal('104.06834553442886')], 'axes': [176.0852354604779, 176.0852354604779], 'angle': 90.0}",0.5534680961475691,1,244.457167,2.180219641349645,-1.8147941745052705,"[0.5098423648669452, 0.3397736400936805]",pupil.1,1,3d c++
"{'center': [0.3402245128477168, 4.694689587231311, 74.96006787047631], 'normal': [Decimal('-0.19998995863630628'), 0.5721780256937701, -0.7953718145357099], 'radius': Decimal('2.9195917637418454')}",0.8485391732984877,370.759567,5.839183527483691,"{'center': [Decimal('162.96528136740417'), Decimal('158.42348920596635')], 'axes': [36.73716754984359, 48.32286581358119], 'angle': -72.29626374183592}","[Decimal('162.96528136740417'), Decimal('158.42348920596635')]",48.32286581358119,"{'center': [2.740104016483392, Decimal('-2.1714467210939294'), 84.50452964490482], 'radius': 12.0}","{'center': [180.103827538695, Decimal('104.06834553442886')], 'axes': [176.0852354604779, 176.0852354604779], 'angle': 90.0}",0.5491220002883379,1,244.457167,2.1799554390749267,-1.8171317984702087,"[0.509266504273138, Decimal('0.33990212830847355')]",pupil.1,1,3d c++
"{'center': [Decimal('0.34797331220335437'), 4.69327444528675, 74.95710517536929], 'normal': [Decimal('-0.19934422535666982'), 0.5720600971983899, -0.7956187057946276], 'radius': Decimal('2.9452944270996513')}",0.9854094356958352,370.767967,5.890588854199303,"{'center': [163.0317644736332, Decimal('158.40601658189294')], 'axes': [Decimal('37.076076311150175'), Decimal('48.750470184824096')], 'angle': -72.35397927100261}","[163.0317644736332, Decimal('158.40601658189294')]",48.750470184824096,"{'center': [2.740104016483392, Decimal('-2.1714467210939294'), 84.50452964490482], 'radius': 12.0}","{'center': [180.103827538695, Decimal('104.06834553442886')], 'axes': [176.0852354604779, 176.0852354604779], 'angle': 90.0}",0.5533317799684689,1,244.457167,2.1798116537471266,-1.8162948862995414,"[0.5094742639801038, 0.3399749309087794]",pupil.1,1,3d c++
"{'center': [0.3231119886963256, 4.681493194406045, 74.9549032620477], 'normal': [Decimal('-0.20141600231558887'), 0.5710783262916646, -0.7958021985714275], 'radius': Decimal('2.9220105895426425')}",0.9119364753112553,370.776367,5.844021179085285,"{'center': [Decimal('162.82526750422753'), 158.3167718306545], 'axes': [36.79719722214856, 48.36611880961376], 'angle': -72.13054345592143}","[Decimal('162.82526750422753'), 158.3167718306545]",48.36611880961376,"{'center': [2.740104016483392, Decimal('-2.1714467210939294'), 84.50452964490482], 'radius': 12.0}","{'center': [180.103827538695, Decimal('104.06834553442886')], 'axes': [176.0852354604779, 176.0852354604779], 'angle': 90.0}",0.554096241127966,1,244.457167,2.1786151801223013,-1.818688690368865,"[0.5088289609507111, 0.3403467840389396]",pupil.1,1,3d c++
"{'center': [0.3460072140231638, 4.695475106759979, 74.9591807717314], 'normal': [Decimal('-0.19950806687168568'), 0.5722434856544923, -0.7954457394311191], 'radius': 2.944596356368456}",0.8915232982415505,370.784767,5.889192712736912,"{'center': [Decimal('163.01542530441543'), 158.4233440400888], 'axes': [37.05629582223884, Decimal('48.737562113147916')], 'angle': -72.3436403410482}","[Decimal('163.01542530441543'), 158.4233440400888]",48.737562113147916,"{'center': [2.740104016483392, Decimal('-2.1714467210939294'), 84.50452964490482], 'radius': 12.0}","{'center': [180.103827538695, Decimal('104.06834553442886')], 'axes': [176.0852354604779, 176.0852354604779], 'angle': 90.0}",0.5543252660578424,1,244.457167,2.180035257917989,-1.8165399425780995,"[0.5094232040762983, 0.3399027331662966]",pupil.1,1,3d c++
"{'center': [0.3306222494253479, Decimal('4.6991699867041365'), 74.96571296416602], 'normal': [Decimal('-0.20079014725483701'), 0.5725513923165055, -0.7949013900615672], 'radius': Decimal('2.9311428811802815')}",0.9146304695297963,370.793167,5.862285762360563,"{'center': [Decimal('162.88730398732503'), Decimal('158.45449317808584')], 'axes': [36.8534216830568, 48.51048663113788], 'angle': -72.23129606013515}","[Decimal('162.88730398732503'), Decimal('158.45449317808584')]",48.51048663113788,"{'center': [2.740104016483392, Decimal('-2.1714467210939294'), 84.50452964490482], 'radius': 12.0}","{'center': [180.103827538695, Decimal('104.06834553442886')], 'axes': [176.0852354604779, 176.0852354604779], 'angle': 90.0}",0.5550886776547803,1,244.457167,2.1804107646947974,-1.8182182490067775,"[0.5090228249603908, Decimal('0.33977294509130895')]",pupil.1,1,3d c++
"{'center': [0.3143747357086717, 4.678366952361101, 74.95487571948215], 'normal': [Decimal('-0.20214410673122668'), 0.5708178061212525, -0.7958044937852228], 'radius': 2.936752355657143}",0.7930039286970312,370.801567,5.873504711314286,"{'center': [162.7550531896624, Decimal('158.28699009814704')], 'axes': [Decimal('36.984169452005005'), 48.61023250648998], 'angle': -72.05440354991343}","[162.7550531896624, Decimal('158.28699009814704')]",48.61023250648998,"{'center': [2.740104016483392, Decimal('-2.1714467210939294'), 84.50452964490482], 'radius': 12.0}","{'center': [180.103827538695, Decimal('104.06834553442886')], 'axes': [176.0852354604779, 176.0852354604779], 'angle': 90.0}",0.5548702923896531,1,244.457167,2.178297854228352,-1.8195476654099654,"[0.508609541217695, Decimal('0.34047087459105396')]",pupil.1,1,3d c++
"{'center': [Decimal('0.33778134202249444'), 4.680551522025109, 74.95052703636087], 'normal': [Decimal('-0.20019355620507479'), 0.5709998535932532, -0.7961668840453294], 'radius': Decimal('2.9296272459783945')}",0.903850579729544,370.809967,5.859254491956789,"{'center': [Decimal('162.94679787965234'), Decimal('158.30889512585895')], 'axes': [Decimal('36.915098844229576'), 48.49515171864206], 'angle': -72.24384285136539}","[Decimal('162.94679787965234'), Decimal('158.30889512585895')]",48.49515171864206,"{'center': [2.740104016483392, Decimal('-2.1714467210939294'), 84.50452964490482], 'radius': 12.0}","{'center': [180.103827538695, Decimal('104.06834553442886')], 'axes': [176.0852354604779, 176.0852354604779], 'angle': 90.0}",0.5557342001155319,1,244.457167,2.1785195892922795,-1.8171361500414198,"[0.5092087433739135, 0.3403796036422544]",pupil.1,1,3d c++
"{'center': [0.3389114844379004, 4.683256815017, 74.95218365786701], 'normal': [Decimal('-0.20009937767045763'), 0.5712252946759108, -0.7960288322531506], 'radius': Decimal('2.9216347907497067')}",0.9697488844932964,370.818367,5.843269581499413,"{'center': [162.9551552058027, Decimal('158.33259625745902')], 'axes': [36.805276910942, Decimal('48.361724936457996')], 'angle': -72.25910065144421}","[162.9551552058027, Decimal('158.33259625745902')]",48.361724936457996,"{'center': [2.740104016483392, Decimal('-2.1714467210939294'), 84.50452964490482], 'radius': 12.0}","{'center': [180.103827538695, Decimal('104.06834553442886')], 'axes': [176.0852354604779, 176.0852354604779], 'angle': 90.0}",0.5583696297574492,1,244.457167,2.17879422547604,-1.817065887923407,"[0.5092348600181335, 0.3402808489272541]",pupil.1,1,3d c++
"{'center': [Decimal('0.33408569762957985'), 4.667354371699567, 74.94200511094694], 'normal': [-0.200501526571151, 0.5699000910661247, -0.7968770444964899], 'radius': Decimal('2.9278220886470963')}",0.8294783740886454,370.826767,5.8556441772941925,"{'center': [Decimal('162.91673288501332'), 158.2048496822728], 'axes': [36.93849606057171, 48.47068466850384], 'angle': -72.18354562905152}","[Decimal('162.91673288501332'), 158.2048496822728]",48.47068466850384,"{'center': [2.740104016483392, Decimal('-2.1714467210939294'), 84.50452964490482], 'radius': 12.0}","{'center': [180.103827538695, Decimal('104.06834553442886')], 'axes': [176.0852354604779, 176.0852354604779], 'angle': 90.0}",0.5558610276659159,1,244.457167,2.1771805908609463,-1.8172888751573522,"[0.5091147902656666, 0.3408131263238634]",pupil.1,1,3d c++
"{'center': [Decimal('0.33040699980139276'), 4.68458441020249, 74.95527850073188], 'normal': [Decimal('-0.20080808472349995'), 0.571335927608035, -0.7957709286810785], 'radius': 2.934750781571398}",0.8495551360454833,370.835167,5.869501563142796,"{'center': [162.8864964578363, 158.3384330380641], 'axes': [Decimal('36.954985817510256'), 48.57692012121792], 'angle': -72.19527836488678}","[162.8864964578363, 158.3384330380641]",48.57692012121792,"{'center': [2.740104016483392, Decimal('-2.1714467210939294'), 84.50452964490482], 'radius': 12.0}","{'center': [180.103827538695, Decimal('104.06834553442886')], 'axes': [176.0852354604779, 176.0852354604779], 'angle': 90.0}",0.5561681845253297,1,244.457167,2.1789290196076796,-1.8179799653059867,"[0.5090203014307384, Decimal('0.34025652900806624')]",pupil.1,1,3d c++
"{'center': [0.3423826973234618, 4.666880519750308, 74.93958254506293], 'normal': [Decimal('-0.19981010992999418'), 0.5698606034036864, -0.7970789249868234], 'radius': 2.937452797711109}",0.9680415418961208,370.843567,5.874905595422218,"{'center': [Decimal('162.98603398373854'), Decimal('158.19935778014388')], 'axes': [37.07226551317549, 48.63181740614625], 'angle': -72.24793305847933}","[Decimal('162.98603398373854'), Decimal('158.19935778014388')]",48.63181740614625,"{'center': [2.740104016483392, Decimal('-2.1714467210939294'), 84.50452964490482], 'radius': 12.0}","{'center': [180.103827538695, Decimal('104.06834553442886')], 'axes': [176.0852354604779, 176.0852354604779], 'angle': 90.0}",0.55829996510115,1,244.457167,2.177132536422568,-1.8164129575065548,"[0.5093313561991829, 0.3408360092494005]",pupil.1,1,3d c++
"{'center': [Decimal('0.33130992441218954'), 4.643492197087598, 74.92568219004588], 'normal': [Decimal('-0.20073284100593355'), 0.5679115765151272, -0.7982372879049119], 'radius': Decimal('2.9195216578352747')}",0.9167863992222667,370.851967,5.8390433156705495,"{'center': [Decimal('162.89397521697043'), Decimal('158.01847720634515')], 'axes': [36.92140762999726, Decimal('48.343595053326254')], 'angle': -72.1048865985507}","[Decimal('162.89397521697043'), Decimal('158.01847720634515')]",48.343595053326254,"{'center': [2.740104016483392, Decimal('-2.1714467210939294'), 84.50452964490482], 'radius': 12.0}","{'center': [180.103827538695, Decimal('104.06834553442886')], 'axes': [176.0852354604779, 176.0852354604779], 'angle': 90.0}",0.5594618587916322,1,244.457167,2.1747626564324927,-1.817158169941419,"[0.5090436725530326, Decimal('0.34158967830689524')]",pupil.1,1,3d c++
"{'center': [0.3472010350154182, 4.661465973613879, 74.93450773125267], 'normal': [Decimal('-0.19940858178899784'), 0.5694093912256507, -0.79750182613768], 'radius': Decimal('2.9105058681964024')}",0.9631716198808564,370.860367,5.821011736392805,"{'center': [163.0231081344524, 158.1646832283087], 'axes': [36.75837063159374, Decimal('48.188700691935885')], 'angle': -72.27319447492846}","[163.0231081344524, 158.1646832283087]",48.188700691935885,"{'center': [2.740104016483392, Decimal('-2.1714467210939294'), 84.50452964490482], 'radius': 12.0}","{'center': [180.103827538695, Decimal('104.06834553442886')], 'axes': [176.0852354604779, 176.0852354604779], 'angle': 90.0}",0.5613288297340757,1,244.457167,2.1765835482152514,-1.8158140825036944,"[0.5094472129201637, 0.3409804865487138]",pupil.1,1,3d c++
"{'center': [Decimal('0.33373662337589405'), 4.674486928515044, 74.9471979861969], 'normal': [-0.2005306160922915, 0.5704944708007478, -0.7964443048923263], 'radius': 2.913624017779254}",0.8356979811658889,370.868767,5.827248035558508,"{'center': [Decimal('162.91209501080303'), 158.2650469773547], 'axes': [36.73145851467376, Decimal('48.232193370209636')], 'angle': -72.1976392266043}","[Decimal('162.91209501080303'), 158.2650469773547]",48.232193370209636,"{'center': [2.740104016483392, Decimal('-2.1714467210939294'), 84.50452964490482], 'radius': 12.0}","{'center': [180.103827538695, Decimal('104.06834553442886')], 'axes': [176.0852354604779, 176.0852354604779], 'angle': 90.0}",0.5572616923244289,1,244.457167,2.1779041138370765,-1.817451787906685,"[0.5091002969087595, 0.3405623042610221]",pupil.1,1,3d c++
"{'center': [0.3209737308278675, 4.668382125167009, 74.94604911634376], 'normal': [-0.2015941904712937, 0.5699857371884115, -0.7965400440467553], 'radius': Decimal('2.9376914687866704')}",0.9986546289010799,370.877167,5.875382937573341,"{'center': [162.8098359735489, 158.208705920871], 'axes': [Decimal('37.042821156067475'), Decimal('48.631491227879614')], 'angle': -72.0826038944862}","[162.8098359735489, 158.208705920871]",48.631491227879614,"{'center': [2.740104016483392, Decimal('-2.1714467210939294'), 84.50452964490482], 'radius': 12.0}","{'center': [180.103827538695, Decimal('104.06834553442886')], 'axes': [176.0852354604779, 176.0852354604779], 'angle': 90.0}",0.563301961276963,1,244.457167,2.1772848232568727,-1.8186785918744504,"[0.5087807374173403, Decimal('0.34079705866303744')]",pupil.1,1,3d c++
"{'center': [Decimal('0.33727792180896854'), 4.67240224343251, 74.9448142668456], 'normal': [Decimal('-0.20023550788953529'), 0.5703207470438699, -0.7966429481716022], 'radius': 2.949794919547316}",0.9373400321448556,370.885567,5.899589839094632,"{'center': [Decimal('162.94509764515655'), Decimal('158.23888680359187')], 'axes': [37.20047013263459, 48.83286280252034], 'angle': -72.2206924838233}","[Decimal('162.94509764515655'), Decimal('158.23888680359187')]",48.83286280252034,"{'center': [2.740104016483392, Decimal('-2.1714467210939294'), 84.50452964490482], 'radius': 12.0}","{'center': [180.103827538695, Decimal('104.06834553442886')], 'axes': [176.0852354604779, 176.0852354604779], 'angle': 90.0}",0.5607589415955405,1,244.457167,2.1776926068450324,-1.8170443509145762,"[0.5092034301411142, Decimal('0.34067130498503384')]",pupil.1,1,3d c++
"{'center': [Decimal('0.33338199650746514'), 4.652492099964803, 74.9315704323619], 'normal': [Decimal('-0.20056016833132725'), 0.568661568421561, -0.7977466010452442], 'radius': 2.935856171175145}",0.9395250755399869,370.893967,5.87171234235029,"{'center': [Decimal('162.91237967023756'), Decimal('158.08521458807672')], 'axes': [37.09625287112689, Decimal('48.610457387032746')], 'angle': -72.14273769386233}","[Decimal('162.91237967023756'), Decimal('158.08521458807672')]",48.610457387032746,"{'center': [2.740104016483392, Decimal('-2.1714467210939294'), 84.50452964490482], 'radius': 12.0}","{'center': [180.103827538695, Decimal('104.06834553442886')], 'axes': [176.0852354604779, 176.0852354604779], 'angle': 90.0}",0.5623524281643921,1,244.457167,2.1756741342901202,-1.8171000696615476,"[0.5091011864694923, 0.3413116058830137]",pupil.1,1,3d c++
"{'center': [Decimal('0.33725649357888043'), 4.680910583382763, 74.95091655071597], 'normal': [Decimal('-0.20023729357537598'), 0.5710297753730577, -0.7961344245157371], 'radius': 2.938348695363319}",0.8542595763312659,370.902367,5.876697390726638,"{'center': [Decimal('162.94337557106195'), Decimal('158.30922655145548')], 'axes': [37.02307785658197, Decimal('48.639348972932744')], 'angle': -72.24056507416708}","[Decimal('162.94337557106195'), Decimal('158.30922655145548')]",48.639348972932744,"{'center': [2.740104016483392, Decimal('-2.1714467210939294'), 84.50452964490482], 'radius': 12.0}","{'center': [180.103827538695, Decimal('104.06834553442886')], 'axes': [176.0852354604779, 176.0852354604779], 'angle': 90.0}",0.5609900181163807,1,244.457167,2.17855603749645,-1.8171974615927673,"[0.5091980486595686, 0.3403782227022688]",pupil.1,1,3d c++
"{'center': [0.3417559499133227, 4.674587155399408, 74.94525421663698], 'normal': [Decimal('-0.19986233888083912'), 0.5705028230411114, -0.7966062856889863], 'radius': 2.936073154631954}",0.9213993541707999,370.910767,5.872146309263908,"{'center': [Decimal('162.98041750395666'), Decimal('158.26048691225122')], 'axes': [37.02435946635198, 48.60532010494544], 'angle': -72.26114670316672}","[Decimal('162.98041750395666'), Decimal('158.26048691225122')]",48.60532010494544,"{'center': [2.740104016483392, Decimal('-2.1714467210939294'), 84.50452964490482], 'radius': 12.0}","{'center': [180.103827538695, Decimal('104.06834553442886')], 'axes': [176.0852354604779, 176.0852354604779], 'angle': 90.0}",0.5598020492549205,1,244.457167,2.1779142833916834,-1.8166145728519643,"[0.5093138046998645, 0.3405813045322865]",pupil.1,1,3d c++
"{'center': [0.3442165969748645, 4.671986083498187, 74.94277505058098], 'normal': [Decimal('-0.19965728495904397'), 0.570286067049343, -0.7968128828603208], 'radius': Decimal('2.9462875664651693')}",0.8969385321292233,370.919167,5.892575132930339,"{'center': [Decimal('163.00183928696845'), Decimal('158.23737562782603')], 'axes': [37.16643168631434, 48.77612153207377], 'angle': -72.27445451803331}","[Decimal('163.00183928696845'), Decimal('158.23737562782603')]",48.77612153207377,"{'center': [2.740104016483392, Decimal('-2.1714467210939294'), 84.50452964490482], 'radius': 12.0}","{'center': [180.103827538695, Decimal('104.06834553442886')], 'axes': [176.0852354604779, 176.0852354604779], 'angle': 90.0}",0.5581275337808278,1,244.457167,2.1776503880067577,-1.8163112478785615,"[0.5093807477717764, 0.3406776015507249]",pupil.1,1,3d c++
"{'center': [0.3170919706878359, Decimal('4.6677636275425005'), 74.94658978147012], 'normal': [Decimal('-0.20191767048296302'), 0.5699341957197025, -0.7964949886195578], 'radius': 2.944154657967751}",0.9412477503670578,370.927567,5.888309315935502,"{'center': [Decimal('162.77860377228137'), Decimal('158.20157015827627')], 'axes': [37.12192364512747, 48.7381742882413], 'angle': -72.05055376605628}","[Decimal('162.77860377228137'), Decimal('158.20157015827627')]",48.7381742882413,"{'center': [2.740104016483392, Decimal('-2.1714467210939294'), 84.50452964490482], 'radius': 12.0}","{'center': [180.103827538695, Decimal('104.06834553442886')], 'axes': [176.0852354604779, 176.0852354604779], 'angle': 90.0}",0.5567366795802942,1,244.457167,2.1772220957455546,-1.8190736884108036,"[0.5086831367883793, Decimal('0.34082679100718216')]",pupil.1,1,3d c++
"{'center': [0.3267327739768455, Decimal('4.6587249830577715'), 74.93769141392967], 'normal': [Decimal('-0.20111427020887887'), 0.569180975345975, -0.7972365192479297], 'radius': Decimal('2.9320764600902636')}",0.8748860218618428,370.935967,5.864152920180527,"{'center': [Decimal('162.85701557310512'), 158.13471877354], 'axes': [37.01624956677697, 48.54387681447958], 'angle': -72.10503596801645}","[Decimal('162.85701557310512'), 158.13471877354]",48.54387681447958,"{'center': [2.740104016483392, Decimal('-2.1714467210939294'), 84.50452964490482], 'radius': 12.0}","{'center': [180.103827538695, Decimal('104.06834553442886')], 'axes': [176.0852354604779, 176.0852354604779], 'angle': 90.0}",0.5569300508891373,1,244.457167,2.1763057150342218,-1.8179049079554412,"[0.5089281736659534, 0.3411053384435834]",pupil.1,1,3d c++
"{'center': [Decimal('0.34489806926050015'), 4.654066542372794, 74.92980473185233], 'normal': [Decimal('-0.19960049560190765'), 0.5687927719555603, -0.7978937427543737], 'radius': Decimal('2.9351131799165344')}",0.8563439014238502,370.944367,5.870226359833069,"{'center': [Decimal('163.00701409040803'), 158.0991525860921], 'axes': [37.09508256514308, Decimal('48.599350365702136')], 'angle': -72.23754176489881}","[Decimal('163.00701409040803'), 158.0991525860921]",48.599350365702136,"{'center': [2.740104016483392, Decimal('-2.1714467210939294'), 84.50452964490482], 'radius': 12.0}","{'center': [180.103827538695, Decimal('104.06834553442886')], 'axes': [176.0852354604779, 176.0852354604779], 'angle': 90.0}",0.5572223880087601,1,244.457167,2.1758336471772335,-1.815924861155041,"[0.5093969190325252, Decimal('0.34125353089128296')]",pupil.1,1,3d c++
"{'center': [Decimal('0.34705136321326346'), 4.660984601471702, 74.93420147806013], 'normal': [-0.1994210544391774, 0.5693692768804692, -0.7975273472370575], 'radius': 2.94372211032907}",0.9391429215492191,370.952767,5.88744422065814,"{'center': [Decimal('163.02535079525816'), Decimal('158.15159267368693')], 'axes': [37.18001621628726, Decimal('48.739159718592894')], 'angle': -72.27092347048534}","[Decimal('163.02535079525816'), Decimal('158.15159267368693')]",48.739159718592894,"{'center': [2.740104016483392, Decimal('-2.1714467210939294'), 84.50452964490482], 'radius': 12.0}","{'center': [180.103827538695, Decimal('104.06834553442886')], 'axes': [176.0852354604779, 176.0852354604779], 'angle': 90.0}",0.5579741823088402,1,244.457167,2.176534751345043,-1.8158212708217734,"[0.5094542212351818, Decimal('0.34103503052630446')]",pupil.1,1,3d c++
"{'center': [0.3403142975390905, 4.647842779838344, 74.92651836868865], 'normal': [Decimal('-0.19998247657869178'), 0.5682741250776894, -0.7981676063513475], 'radius': Decimal('2.9184038176230875')}",0.8624817580993746,370.961167,5.836807635246175,"{'center': [Decimal('162.96779829973977'), Decimal('158.05415931688404')], 'axes': [36.90178013584372, 48.32459480670012], 'angle': -72.18649750535383}","[Decimal('162.96779829973977'), Decimal('158.05415931688404')]",48.32459480670012,"{'center': [2.740104016483392, Decimal('-2.1714467210939294'), 84.50452964490482], 'radius': 12.0}","{'center': [180.103827538695, Decimal('104.06834553442886')], 'axes': [176.0852354604779, 176.0852354604779], 'angle': 90.0}",0.5582707173376611,1,244.457167,2.1752031961939395,-1.8162944358703532,"[0.5092743696866868, 0.3414410028463165]",pupil.1,1,3d c++
"{'center': [0.3416744982511304, 4.66489082687545, 74.93833788557362], 'normal': [Decimal('-0.19986912651935515'), 0.5696947956641149, -0.7971826466109335], 'radius': 2.935124272600254}",0.807399305040274,370.969567,5.870248545200508,"{'center': [Decimal('162.98004412178534'), Decimal('158.18422692041958')], 'axes': [Decimal('37.049626142095626'), 48.59403955945693], 'angle': -72.23764088279925}","[Decimal('162.98004412178534'), Decimal('158.18422692041958')]",48.59403955945693,"{'center': [2.740104016483392, Decimal('-2.1714467210939294'), 84.50452964490482], 'radius': 12.0}","{'center': [180.103827538695, Decimal('104.06834553442886')], 'axes': [176.0852354604779, 176.0852354604779], 'angle': 90.0}",0.557541272498685,1,244.457167,2.176930774473882,-1.8164519241454558,"[0.5093126378805792, Decimal('0.34089905449825175')]",pupil.1,1,3d c++
"{'center': [Decimal('0.34139067841836157'), 4.660934226044274, 74.93558273759199], 'normal': [Decimal('-0.19989277817208587'), 0.5693650789281836, -0.7974122422760692], 'radius': 2.943573297447806}",0.9616624639973834,370.977967,5.887146594895612,"{'center': [Decimal('162.97875399419962'), Decimal('158.15059816591665')], 'axes': [37.17130732402549, 48.73577170280932], 'angle': -72.22606268645502}","[Decimal('162.97875399419962'), Decimal('158.15059816591665')]",48.73577170280932,"{'center': [2.740104016483392, Decimal('-2.1714467210939294'), 84.50452964490482], 'radius': 12.0}","{'center': [180.103827538695, Decimal('104.06834553442886')], 'axes': [176.0852354604779, 176.0852354604779], 'angle': 90.0}",0.5585077473282518,1,244.457167,2.176529644864854,-1.8164119108630887,"[0.5093086062318738, 0.3410391743086806]",pupil.1,1,3d c++
"{'center': [Decimal('0.33069553694971887'), 4.654971375491993, 74.93401415464227], 'normal': [Decimal('-0.20078403996113942'), 0.5688681747154936, -0.7975429575218794], 'radius': Decimal('2.9637544582562487')}",0.9472646534249216,370.986367,5.9275089165124974,"{'center': [Decimal('162.89311482510408'), Decimal('158.09663931753755')], 'axes': [37.43617515837951, Decimal('49.071046130181664')], 'angle': -72.1274442392493}","[Decimal('162.89311482510408'), Decimal('158.09663931753755')]",49.071046130181664,"{'center': [2.740104016483392, Decimal('-2.1714467210939294'), 84.50452964490482], 'radius': 12.0}","{'center': [180.103827538695, Decimal('104.06834553442886')], 'axes': [176.0852354604779, 176.0852354604779], 'angle': 90.0}",0.5602334830987932,1,244.457167,2.175925327303972,-1.8174244355248899,"[0.5090409838284502, 0.3412640028435935]",pupil.1,1,3d c++
"{'center': [0.389697736770346, 4.647204938202659, 74.91382686202924], 'normal': [Decimal('-0.19586718997608718'), 0.5682209716080491, -0.7992252319062981], 'radius': 2.975252799293993}",0.9828626631840769,370.994767,5.950505598587986,"{'center': [Decimal('163.38022283902237'), 158.0386375856966], 'axes': [37.68515019722392, 49.2750240777221], 'angle': -72.57677649548575}","[Decimal('163.38022283902237'), 158.0386375856966]",49.2750240777221,"{'center': [2.740104016483392, Decimal('-2.1714467210939294'), 84.50452964490482], 'radius': 12.0}","{'center': [180.103827538695, Decimal('104.06834553442886')], 'axes': [176.0852354604779, 176.0852354604779], 'angle': 90.0}",0.5639635464690262,1,244.457167,2.1751386000038138,-1.8111308886514106,"[0.5105631963719449, 0.3415056767262642]",pupil.1,1,3d c++
"{'center': [0.4601515683621775, 4.646267578286173, 74.89616929746082], 'normal': [Decimal('-0.18999603734343454'), 0.5681428582816752, -0.8006966956203333], 'radius': Decimal('2.9414810218422187')}",0.9262283263215173,371.003167,5.882962043684437,"{'center': [Decimal('163.95686814001115'), Decimal('158.04841426967812')], 'axes': [Decimal('37.344359940885006'), 48.72718500635132], 'angle': -73.13631548519679}","[Decimal('163.95686814001115'), Decimal('158.04841426967812')]",48.72718500635132,"{'center': [2.740104016483392, Decimal('-2.1714467210939294'), 84.50452964490482], 'radius': 12.0}","{'center': [180.103827538695, Decimal('104.06834553442886')], 'axes': [176.0852354604779, 176.0852354604779], 'angle': 90.0}",0.5633751016820288,1,244.457167,2.175043675901563,-1.8037758156578874,"[0.5123652129375349, 0.3414649405430078]",pupil.1,1,3d c++
"{'center': [0.4912719853420171, 4.626291581420977, 74.87470573861067], 'normal': [Decimal('-0.18740266926178126'), 0.5664781918762423, -0.8024853255245125], 'radius': 2.912784789386762}",0.8406895823974836,371.011567,5.825569578773524,"{'center': [Decimal('164.21135452061392'), Decimal('157.90188967628663')], 'axes': [37.09108269313329, 48.26543231162405], 'angle': -73.34098500067125}","[Decimal('164.21135452061392'), Decimal('157.90188967628663')]",48.26543231162405,"{'center': [2.740104016483392, Decimal('-2.1714467210939294'), 84.50452964490482], 'radius': 12.0}","{'center': [180.103827538695, Decimal('104.06834553442886')], 'axes': [176.0852354604779, 176.0852354604779], 'angle': 90.0}",0.56246829975094,1,244.457167,2.1730222319521064,-1.8002127211653818,"[0.5131604828769185, Decimal('0.34207545968213904')]",pupil.1,1,3d c++
"{'center': [0.4884733672813888, 4.652863616117687, 74.89417336425628], 'normal': [Decimal('-0.18763588743350026'), 0.568692528100968, -0.8008630233873784], 'radius': Decimal('2.9441056772167737')}",0.9840501888672248,371.019967,5.8882113544335475,"{'center': [Decimal('164.19004583621785'), Decimal('158.10278454938236')], 'axes': [Decimal('37.385285197201135'), 48.77214658432932], 'angle': -73.37772407920478}","[Decimal('164.19004583621785'), Decimal('158.10278454938236')]",48.77214658432932,"{'center': [2.740104016483392, Decimal('-2.1714467210939294'), 84.50452964490482], 'radius': 12.0}","{'center': [180.103827538695, Decimal('104.06834553442886')], 'axes': [176.0852354604779, 176.0852354604779], 'angle': 90.0}",0.5662058963794014,1,244.457167,2.175711772451448,-1.8009373386512082,"[0.5130938932381808, 0.3412383977109068]",pupil.1,1,3d c++
"{'center': [Decimal('0.47198415531344917'), 4.651971178645352, 74.89741767195041], 'normal': [Decimal('-0.18900998843082858'), 0.5686181583116068, -0.8005926644128676], 'radius': 2.971228766256048}",0.9065227276561042,371.028367,5.942457532512096,"{'center': [164.0570197627721, Decimal('158.08630374805057')], 'axes': [37.71427615517248, 49.21951068146418], 'angle': -73.24379889141613}","[164.0570197627721, Decimal('158.08630374805057')]",49.21951068146418,"{'center': [2.740104016483392, Decimal('-2.1714467210939294'), 84.50452964490482], 'radius': 12.0}","{'center': [180.103827538695, Decimal('104.06834553442886')], 'axes': [176.0852354604779, 176.0852354604779], 'angle': 90.0}",0.5655179320349646,1,244.457167,2.1756213615969524,-1.802638703374406,"[0.5126781867586627, 0.3413070677164559]",pupil.1,1,3d c++
"{'center': [0.4465514357106146, 4.643315532216926, 74.89731194204828], 'normal': [Decimal('-0.19112938173106478'), 0.5678968544425713, -0.800601475238045], 'radius': Decimal('2.9586347174471896')}",0.992802522675859,371.036767,5.917269434894379,"{'center': [Decimal('163.84675055499312'), 158.0187961269439], 'axes': [37.55772460154186, Decimal('49.010681087944874')], 'angle': -73.02094652184464}","[Decimal('163.84675055499312'), 158.0187961269439]",49.010681087944874,"{'center': [2.740104016483392, Decimal('-2.1714467210939294'), 84.50452964490482], 'radius': 12.0}","{'center': [180.103827538695, Decimal('104.06834553442886')], 'axes': [176.0852354604779, 176.0852354604779], 'angle': 90.0}",0.5698002193134988,1,244.457167,2.174744770187496,-1.8051422469350054,"[0.5120210954843535, 0.3415883494710671]",pupil.1,1,3d c++
"{'center': [Decimal('0.48359858166211467'), 4.656322333891936, 74.89777405550839], 'normal': [-0.1880421195684398, 0.5689807545821555, -0.8005629657830354], 'radius': Decimal('2.9192689179265052')}",0.9593230524210417,371.045167,5.8385378358530104,"{'center': [164.1472594983734, Decimal('158.13656920552174')], 'axes': [Decimal('37.050787785082996'), 48.35814432240801], 'angle': -73.34634088226643}","[164.1472594983734, Decimal('158.13656920552174')]",48.35814432240801,"{'center': [2.740104016483392, Decimal('-2.1714467210939294'), 84.50452964490482], 'radius': 12.0}","{'center': [180.103827538695, Decimal('104.06834553442886')], 'axes': [176.0852354604779, 176.0852354604779], 'angle': 90.0}",0.5713564877755206,1,244.457167,2.1760622208662963,-1.8015015371715073,"[0.5129601859324169, 0.3410976283103261]",pupil.1,1,3d c++
"{'center': [Decimal('0.49267387347057845'), 4.648234441517149, 74.88990502443185], 'normal': [-0.1872858452510678, 0.5683067635509231, -0.8012187183727476], 'radius': Decimal('2.9421962221088522')}",0.9997134455685204,371.053567,5.8843924442177045,"{'center': [164.2246894368048, Decimal('158.06719597328004')], 'axes': [37.38361598890871, 48.74327124943582], 'angle': -73.4011111329677}","[164.2246894368048, Decimal('158.06719597328004')]",48.74327124943582,"{'center': [2.740104016483392, Decimal('-2.1714467210939294'), 84.50452964490482], 'radius': 12.0}","{'center': [180.103827538695, Decimal('104.06834553442886')], 'axes': [176.0852354604779, 176.0852354604779], 'angle': 90.0}",0.5777588521227006,1,244.457167,2.1752428624084508,-1.8004245241469787,"[0.5132021544900149, 0.3413866834446665]",pupil.1,1,3d c++
"{'center': [Decimal('0.48191642082551356'), 4.643732075575455, 74.88923314649954], 'normal': [Decimal('-0.18818229963815655'), 0.5679315663891153, -0.8012747082004404], 'radius': 2.916310109508142}",0.9663044119232969,371.061967,5.832620219016284,"{'center': [Decimal('164.13374748659774'), Decimal('158.03775598612432')], 'axes': [37.05916926882033, Decimal('48.314546380660886')], 'angle': -73.30483388436812}","[Decimal('164.13374748659774'), Decimal('158.03775598612432')]",48.314546380660886,"{'center': [2.740104016483392, Decimal('-2.1714467210939294'), 84.50452964490482], 'radius': 12.0}","{'center': [180.103827538695, Decimal('104.06834553442886')], 'axes': [176.0852354604779, 176.0852354604779], 'angle': 90.0}",0.5788947091930674,1,244.457167,2.1747869430255826,-1.801469603426822,"[0.5129179608956179, Decimal('0.34150935005781535')]",pupil.1,1,3d c++
"{'center': [Decimal('0.47199469301861807'), 4.616125844849126, 74.87205650666719], 'normal': [Decimal('-0.18900911028873119'), 0.5656310471619213, -0.8027060948531353], 'radius': 2.962430983340546}",0.9298475181823777,371.070367,5.924861966681092,"{'center': [Decimal('164.05801089055453'), Decimal('157.80553711122306')], 'axes': [37.74062444956176, Decimal('49.090134811647964')], 'angle': -73.16327581720977}","[Decimal('164.05801089055453'), Decimal('157.80553711122306')]",49.090134811647964,"{'center': [2.740104016483392, Decimal('-2.1714467210939294'), 84.50452964490482], 'radius': 12.0}","{'center': [180.103827538695, Decimal('104.06834553442886')], 'axes': [176.0852354604779, 176.0852354604779], 'angle': 90.0}",0.5796442116930312,1,244.457167,2.17199460221224,-1.80204881102969,"[0.5126812840329829, 0.3424769287032372]",pupil.1,1,3d c++
"{'center': [0.4537424492320845, 4.611867566852972, 74.87337197540674], 'normal': [Decimal('-0.19053013060427562'), 0.5652761906622418, -0.8025964724581728], 'radius': Decimal('2.9582447275439425')}",0.8157758079539051,371.078767,5.916489455087885,"{'center': [Decimal('163.90745324446223'), Decimal('157.77113103863846')], 'axes': [Decimal('37.682163025085664'), Decimal('49.019761979933364')], 'angle': -73.00698317341272}","[Decimal('163.90745324446223'), Decimal('157.77113103863846')]",49.019761979933364,"{'center': [2.740104016483392, Decimal('-2.1714467210939294'), 84.50452964490482], 'radius': 12.0}","{'center': [180.103827538695, Decimal('104.06834553442886')], 'axes': [176.0852354604779, 176.0852354604779], 'angle': 90.0}",0.5791498491124925,1,244.457167,2.1715643584315134,-1.8038740670869409,"[0.5122107913889444, 0.3426202873390064]",pupil.1,1,3d c++
"{'center': [Decimal('0.46721120302467556'), 4.600967749566552, 74.86251945531696], 'normal': [Decimal('-0.18940773445489303'), 0.5643678725550401, -0.8035008491323221], 'radius': 2.963459808251409}",0.9043319617411303,371.087167,5.926919616502818,"{'center': [Decimal('164.01946226601504'), Decimal('157.68487791162593')], 'axes': [Decimal('37.806300105562094'), 49.1133520033985], 'angle': -73.09042472621732}","[Decimal('164.01946226601504'), Decimal('157.68487791162593')]",49.1133520033985,"{'center': [2.740104016483392, Decimal('-2.1714467210939294'), 84.50452964490482], 'radius': 12.0}","{'center': [180.103827538695, Decimal('104.06834553442886')], 'axes': [176.0852354604779, 176.0852354604779], 'angle': 90.0}",0.5789725845220084,1,244.457167,2.1704636504937476,-1.8022981772532498,"[0.512560819581297, Decimal('0.34297967536822527')]",pupil.1,1,3d c++
"{'center': [0.4509883203394245, 4.604953740413967, 74.86916010788431], 'normal': [Decimal('-0.19075964134533063'), 0.5647000384589913, -0.8029474614183761], 'radius': Decimal('2.9696354763545827')}",0.9804497952651483,371.095567,5.939270952709165,"{'center': [Decimal('163.88626277004852'), 157.7129434106983], 'axes': [37.85074734814033, 49.21134006908367], 'angle': -72.96907373986652}","[Decimal('163.88626277004852'), 157.7129434106983]",49.21134006908367,"{'center': [2.740104016483392, Decimal('-2.1714467210939294'), 84.50452964490482], 'radius': 12.0}","{'center': [180.103827538695, Decimal('104.06834553442886')], 'axes': [176.0852354604779, 176.0852354604779], 'angle': 90.0}",0.5778604835430579,1,244.457167,2.1708660759205114,-1.8040464122117836,"[0.5121445711564017, Decimal('0.34286273578875703')]",pupil.1,1,3d c++
"{'center': [Decimal('0.45622855136678764'), 4.617038571817586, 74.8764259745156], 'normal': [-0.1903229554263837, 0.5657071077426262, -0.8023419725324354], 'radius': 2.957970953038852}",0.933255258866285,371.103967,5.915941906077704,"{'center': [Decimal('163.92765161426192'), Decimal('157.81235407652383')], 'axes': [37.66177052095651, 49.01326039458185], 'angle': -73.03872528065419}","[Decimal('163.92765161426192'), Decimal('157.81235407652383')]",49.01326039458185,"{'center': [2.740104016483392, Decimal('-2.1714467210939294'), 84.50452964490482], 'radius': 12.0}","{'center': [180.103827538695, Decimal('104.06834553442886')], 'axes': [176.0852354604779, 176.0852354604779], 'angle': 90.0}",0.5781466818672754,1,244.457167,2.172086837960411,-1.8037009049945247,"[0.5122739112945685, 0.3424485246811507]",pupil.1,1,3d c++
"{'center': [0.4760714806568158, Decimal('4.5983914233537995'), 74.8586264640358], 'normal': [Decimal('-0.18866937798554803'), 0.5641531787039774, -0.8038252650724189], 'radius': 2.937023606021858}",0.9103897705164817,371.112367,5.874047212043716,"{'center': [Decimal('164.08992359505885'), Decimal('157.67288552213535')], 'axes': [37.48870843726829, Decimal('48.677543484726115')], 'angle': -73.15588901333477}","[Decimal('164.08992359505885'), Decimal('157.67288552213535')]",48.677543484726115,"{'center': [2.740104016483392, Decimal('-2.1714467210939294'), 84.50452964490482], 'radius': 12.0}","{'center': [180.103827538695, Decimal('104.06834553442886')], 'axes': [176.0852354604779, 176.0852354604779], 'angle': 90.0}",0.5776025782696204,1,244.457167,2.1702036036340875,-1.8013376323617076,"[0.5127810112345589, Decimal('0.34302964365776945')]",pupil.1,1,3d c++
"{'center': [0.4779878983078243, Decimal('4.6044475062195325'), 74.86242986901833], 'normal': [Decimal('-0.18850967651463066'), 0.5646578522761218, -0.803508314657208], 'radius': Decimal('2.9414666521842197')}",0.9820668823670868,371.120767,5.882933304368439,"{'center': [Decimal('164.10585665306047'), Decimal('157.71973820567763')], 'axes': [37.52467174249611, 48.74878312707246], 'angle': -73.18505053386573}","[Decimal('164.10585665306047'), Decimal('157.71973820567763')]",48.74878312707246,"{'center': [2.740104016483392, Decimal('-2.1714467210939294'), 84.50452964490482], 'radius': 12.0}","{'center': [180.103827538695, Decimal('104.06834553442886')], 'axes': [176.0852354604779, 176.0852354604779], 'angle': 90.0}",0.5810038486054991,1,244.457167,2.1708149604014375,-1.8012370033898635,"[0.512830802040814, 0.3428344241430099]",pupil.1,1,3d c++
"{'center': [Decimal('0.47120756296221034'), 4.603368975734718, 74.86326514499595], 'normal': [Decimal('-0.18907470446009847'), 0.5645679747357205, -0.8034387083257398], 'radius': 2.957190350789532}",0.8475927862848794,371.129167,5.914380701579064,"{'center': [Decimal('164.05163145970315'), 157.7060627464979], 'axes': [Decimal('37.721713187390726'), 49.0089324912972], 'angle': -73.12804091469995}","[Decimal('164.05163145970315'), 157.7060627464979]",49.0089324912972,"{'center': [2.740104016483392, Decimal('-2.1714467210939294'), 84.50452964490482], 'radius': 12.0}","{'center': [180.103827538695, Decimal('104.06834553442886')], 'axes': [176.0852354604779, 176.0852354604779], 'angle': 90.0}",0.5799027881004171,1,244.457167,2.1707060648966583,-1.8019227311540023,"[0.5126613483115723, 0.3428914052229254]",pupil.1,1,3d c++
"{'center': [Decimal('0.48614998269433585'), 4.593432888985346, 74.85278912442357], 'normal': [-0.1878295028157547, 0.5637399675066063, -0.8043117100401043], 'radius': 2.94497692506122}",0.8218901705287098,371.137567,5.88995385012244,"{'center': [164.1740114197439, Decimal('157.63247177224443')], 'axes': [37.62083388368976, 48.81325978020431], 'angle': -73.22594522254718}","[164.1740114197439, Decimal('157.63247177224443')]",48.81325978020431,"{'center': [2.740104016483392, Decimal('-2.1714467210939294'), 84.50452964490482], 'radius': 12.0}","{'center': [180.103827538695, Decimal('104.06834553442886')], 'axes': [176.0852354604779, 176.0852354604779], 'angle': 90.0}",0.579066348949353,1,244.457167,2.1697032336101003,-1.8002131007009845,"[0.5130437856866996, 0.3431980342823149]",pupil.1,1,3d c++
"{'center': [Decimal('0.49403895000847253'), 4.594929599533691, 74.8519992406631], 'normal': [Decimal('-0.18717208887290998'), 0.5638646933856349, -0.8043775336868102], 'radius': Decimal('2.9402528339022522')}",0.8642568397493493,371.145967,5.8805056678045045,"{'center': [Decimal('164.23846969531837'), Decimal('157.64646083396502')], 'axes': [37.56379517521606, Decimal('48.735472027624894')], 'angle': -73.29299310330639}","[Decimal('164.23846969531837'), Decimal('157.64646083396502')]",48.735472027624894,"{'center': [2.740104016483392, Decimal('-2.1714467210939294'), 84.50452964490482], 'radius': 12.0}","{'center': [180.103827538695, Decimal('104.06834553442886')], 'axes': [176.0852354604779, 176.0852354604779], 'angle': 90.0}",0.5795117282934359,1,244.457167,2.1698542499623774,-1.7994198034529287,"[0.5132452177978699, 0.3431397465251458]",pupil.1,1,3d c++
"{'center': [0.4611033453884712, 4.59630792544896, 74.86068948730443], 'normal': [Decimal('-0.18991672259124343'), 0.5639795538785741, -0.8036533464666997], 'radius': Decimal('2.9562643347567157')}",0.7902840972439,371.154367,5.912528669513431,"{'center': [Decimal('163.96864442435762'), Decimal('157.64941593433147')], 'axes': [37.72505757781475, 48.99518264575982], 'angle': -73.03062069279262}","[Decimal('163.96864442435762'), Decimal('157.64941593433147')]",48.99518264575982,"{'center': [2.740104016483392, Decimal('-2.1714467210939294'), 84.50452964490482], 'radius': 12.0}","{'center': [180.103827538695, Decimal('104.06834553442886')], 'axes': [176.0852354604779, 176.0852354604779], 'angle': 90.0}",0.5772108679888421,1,244.457167,2.1699933352163625,-1.8028557301550716,"[0.5124020138261176, 0.3431274336069522]",pupil.1,1,3d c++
"{'center': [0.4789607987290445, 4.594563046855187, 74.85526318735373], 'normal': [Decimal('-0.18842860147952895'), 0.563834147329093, -0.804105538129258], 'radius': Decimal('2.9240782652653965')}",0.8360442839553692,371.162767,5.848156530530793,"{'center': [164.1126286475101, Decimal('157.64653016206532')], 'axes': [37.34106974263863, 48.46504611921321], 'angle': -73.17047790751023}","[164.1126286475101, Decimal('157.64653016206532')]",48.46504611921321,"{'center': [2.740104016483392, Decimal('-2.1714467210939294'), 84.50452964490482], 'radius': 12.0}","{'center': [180.103827538695, Decimal('104.06834553442886')], 'axes': [176.0852354604779, 176.0852354604779], 'angle': 90.0}",0.5767984483177835,1,244.457167,2.169817263784188,-1.800976263866845,"[0.512851964523469, 0.3431394576580612]",pupil.1,1,3d c++
"{'center': [0.4769891908866457, Decimal('4.5946214261457445'), 74.8557663504161], 'normal': [-0.1885929021330622, 0.5638390122699728, -0.8040636078740604], 'radius': Decimal('2.9488286616971333')}",0.9955504853364519,371.171167,5.897657323394267,"{'center': [164.0988569731768, Decimal('157.63983587592395')], 'axes': [Decimal('37.654976302429944'), 48.87515814997201], 'angle': -73.15474996849294}","[164.0988569731768, Decimal('157.63983587592395')]",48.87515814997201,"{'center': [2.740104016483392, Decimal('-2.1714467210939294'), 84.50452964490482], 'radius': 12.0}","{'center': [180.103827538695, Decimal('104.06834553442886')], 'axes': [176.0852354604779, 176.0852354604779], 'angle': 90.0}",0.5766903119030053,1,244.457167,2.1698231543534026,-1.8011815392299337,"[0.5128089280411775, Decimal('0.34316735051698355')]",pupil.1,1,3d c++
"{'center': [0.4855511599413167, 4.584736656057785, 74.84683956956295], 'normal': [Decimal('-0.18787940471183961'), 0.5630152814293096, -0.804807506278489], 'radius': Decimal('2.9459567044733204')}",0.9660151557091673,371.179567,5.891913408946641,"{'center': [Decimal('164.16961300501814'), Decimal('157.56332577853235')], 'axes': [37.66570716528146, 48.83334479090036], 'angle': -73.2014227665729}","[Decimal('164.16961300501814'), Decimal('157.56332577853235')]",48.83334479090036,"{'center': [2.740104016483392, Decimal('-2.1714467210939294'), 84.50452964490482], 'radius': 12.0}","{'center': [180.103827538695, Decimal('104.06834553442886')], 'axes': [176.0852354604779, 176.0852354604779], 'angle': 90.0}",0.5781685175480278,1,244.457167,2.168826101497912,-1.8001354738880102,"[0.5130300406406817, Decimal('0.34348614258944854')]",pupil.1,1,3d c++
"{'center': [Decimal('0.47775467392451887'), 4.581102961923008, 74.84612148255161], 'normal': [Decimal('-0.18852911187990612'), 0.5627124735847449, -0.8048673468627683], 'radius': Decimal('2.9476146733267314')}",0.7949094571016475,371.187967,5.895229346653463,"{'center': [164.1057151845093, Decimal('157.53329489653862')], 'axes': [37.69171758270463, 48.86125867422017], 'angle': -73.13018599761209}","[164.1057151845093, Decimal('157.53329489653862')]",48.86125867422017,"{'center': [2.740104016483392, Decimal('-2.1714467210939294'), 84.50452964490482], 'radius': 12.0}","{'center': [180.103827538695, Decimal('104.06834553442886')], 'axes': [176.0852354604779, 176.0852354604779], 'angle': 90.0}",0.577914518463829,1,244.457167,2.1684597498047036,-1.8008843882098293,"[0.5128303599515915, Decimal('0.34361127126442237')]",pupil.1,1,3d c++
"{'center': [Decimal('0.48485451596871254'), 4.577905474394605, 74.84222688460578], 'normal': [-0.1879374583762233, 0.5624460162907112, -0.8051918966915864], 'radius': 2.920088541810547}",0.8699433310640231,371.196367,5.840177083621094,"{'center': [Decimal('164.16163261347063'), 157.5164452059378], 'axes': [37.35949957711584, 48.40725985603903], 'angle': -73.18024636565634}","[Decimal('164.16163261347063'), 157.5164452059378]",48.40725985603903,"{'center': [2.740104016483392, Decimal('-2.1714467210939294'), 84.50452964490482], 'radius': 12.0}","{'center': [180.103827538695, Decimal('104.06834553442886')], 'axes': [176.0852354604779, 176.0852354604779], 'angle': 90.0}",0.5782614303595057,1,244.457167,2.1681374523327688,-1.80009816121973,"[0.5130051019170957, 0.3436814783085925]",pupil.1,1,3d c++
"{'center': [0.5145336244021843, 4.565207981853424, 74.82649679503555], 'normal': [Decimal('-0.18546419934010067'), 0.5613878919122794, -0.8065027374891062], 'radius': 2.906847860879122}",0.8923635343074602,371.204767,5.813695721758244,"{'center': [Decimal('164.40562073109166'), 157.4226638290301], 'axes': [37.27081956672097, 48.19785203657615], 'angle': -73.39198662029192}","[Decimal('164.40562073109166'), 157.4226638290301]",48.19785203657615,"{'center': [2.740104016483392, Decimal('-2.1714467210939294'), 84.50452964490482], 'radius': 12.0}","{'center': [180.103827538695, Decimal('104.06834553442886')], 'axes': [176.0852354604779, 176.0852354604779], 'angle': 90.0}",0.5769447631394087,1,244.457167,2.166858278406778,-1.7968277013864034,"[0.5137675647846615, Decimal('0.34407223404570786')]",pupil.1,1,3d c++
"{'center': [0.4843897956747716, 4.582771982614895, 74.84573660143859], 'normal': [Decimal('-0.18797618506738503'), 0.562851558642402, -0.8048994202888525], 'radius': 2.93324709958638}",0.9681924460361184,371.213167,5.86649419917276,"{'center': [Decimal('164.15887001093117'), Decimal('157.55123038237605')], 'axes': [37.5091221207761, 48.62325265286777], 'angle': -73.18756327877989}","[Decimal('164.15887001093117'), Decimal('157.55123038237605')]",48.62325265286777,"{'center': [2.740104016483392, Decimal('-2.1714467210939294'), 84.50452964490482], 'radius': 12.0}","{'center': [180.103827538695, Decimal('104.06834553442886')], 'axes': [176.0852354604779, 176.0852354604779], 'angle': 90.0}",0.5747022288906334,1,244.457167,2.1686280103395337,-1.8002242167938234,"[0.5129964687841599, Decimal('0.34353654007343315')]",pupil.1,1,3d c++
"{'center': [0.4873687215414466, Decimal('4.5858362815980875'), 74.84718476587868], 'normal': [Decimal('-0.18772794124516212'), 0.5631069168910013, -0.8047787399188449], 'radius': 2.919216220524975}",0.8537229273172451,371.221567,5.83843244104995,"{'center': [Decimal('164.18187003317962'), Decimal('157.57971500240473')], 'axes': [Decimal('37.321385296130806'), 48.38963513294006], 'angle': -73.21855800264665}","[Decimal('164.18187003317962'), Decimal('157.57971500240473')]",48.38963513294006,"{'center': [2.740104016483392, Decimal('-2.1714467210939294'), 84.50452964490482], 'radius': 12.0}","{'center': [180.103827538695, Decimal('104.06834553442886')], 'axes': [176.0852354604779, 176.0852354604779], 'angle': 90.0}",0.5733280296540522,1,244.457167,2.1689369845673836,-1.7999649017393973,"[0.5130683438536863, Decimal('0.34341785415664694')]",pupil.1,1,3d c++
"{'center': [0.4872932988878933, 4.550141899021609, 74.82232481890469], 'normal': [Decimal('-0.18773422646629156'), 0.5601323850096283, -0.8068504021666771], 'radius': 2.934131335342396}",0.8427301732193031,371.229967,5.868262670684792,"{'center': [Decimal('164.18452187720726'), 157.2929454401446], 'axes': [37.646687023856, 48.65299181082384], 'angle': -73.13669821640782}","[Decimal('164.18452187720726'), 157.2929454401446]",48.65299181082384,"{'center': [2.740104016483392, Decimal('-2.1714467210939294'), 84.50452964490482], 'radius': 12.0}","{'center': [180.103827538695, Decimal('104.06834553442886')], 'axes': [176.0852354604779, 176.0852354604779], 'angle': 90.0}",0.5688878916592421,1,244.457167,2.165341925639119,-1.7994041912433387,"[0.5130766308662726, Decimal('0.34461272733273085')]",pupil.1,1,3d c++
"{'center': [Decimal('0.46923746511510034'), 4.541785333962228, 74.82074523586084], 'normal': [Decimal('-0.18923887928069097'), 0.559436004588013, -0.806982034086998], 'radius': Decimal('2.9307625914815523')}",0.9092909725011951,371.238367,5.8615251829631045,"{'center': [164.0357551620735, Decimal('157.22583700101012')], 'axes': [37.61400100267144, 48.59800596660371], 'angle': -72.97093115473685}","[164.0357551620735, Decimal('157.22583700101012')]",48.59800596660371,"{'center': [2.740104016483392, Decimal('-2.1714467210939294'), 84.50452964490482], 'radius': 12.0}","{'center': [180.103827538695, Decimal('104.06834553442886')], 'axes': [176.0852354604779, 176.0852354604779], 'angle': 90.0}",0.5690502034092271,1,244.457167,2.1645015344128513,-1.8011362721605337,"[0.5126117348814797, Decimal('0.34489234582912454')]",pupil.1,1,3d c++
"{'center': [Decimal('0.47107108328963854'), 4.551779935955695, 74.8272514704376], 'normal': [-0.1890860777661461, 0.5602688880874687, -0.8064398478722679], 'radius': 2.927997022124493}",0.9045660806237054,371.246767,5.855994044248986,"{'center': [164.0501049793923, 157.3059640924995], 'axes': [37.54314508554242, 48.54795764794246], 'angle': -73.00888122058176}","[164.0501049793923, 157.3059640924995]",48.54795764794246,"{'center': [2.740104016483392, Decimal('-2.1714467210939294'), 84.50452964490482], 'radius': 12.0}","{'center': [180.103827538695, Decimal('104.06834553442886')], 'axes': [176.0852354604779, 176.0852354604779], 'angle': 90.0}",0.5690430697716353,1,244.457167,2.1655067133881594,-1.8011061142465663,"[0.5126565780606009, 0.3445584829479188]",pupil.1,1,3d c++
"{'center': [0.4965692687127219, 4.546983251110632, 74.81797966340321], 'normal': [Decimal('-0.18696122898088918'), 0.55986916435038, -0.8072124984584683], 'radius': Decimal('2.9109553367136445')}",0.8730338155149924,371.255167,5.821910673427289,"{'center': [Decimal('164.25884693803167'), Decimal('157.27534520631522')], 'axes': [37.37128183645043, Decimal('48.271319550696404')], 'angle': -73.20478241049067}","[Decimal('164.25884693803167'), Decimal('157.27534520631522')]",48.271319550696404,"{'center': [2.740104016483392, Decimal('-2.1714467210939294'), 84.50452964490482], 'radius': 12.0}","{'center': [180.103827538695, Decimal('104.06834553442886')], 'axes': [176.0852354604779, 176.0852354604779], 'angle': 90.0}",0.5689534134599494,1,244.457167,2.165024215105576,-1.798396510264343,"[0.5133088966813489, 0.3446860616403532]",pupil.1,1,3d c++
"{'center': [0.4822781110006309, 4.539790620513459, 74.81631435388525], 'normal': [-0.1881521587902301, 0.5592697784672824, -0.8073512742516313], 'radius': Decimal('2.9447407120939153')}",0.8919935604112716,371.263567,5.889481424187831,"{'center': [Decimal('164.14475959368156'), Decimal('157.20745714540382')], 'axes': [Decimal('37.816163509206355'), Decimal('48.832858071141985')], 'angle': -73.07222666730111}","[Decimal('164.14475959368156'), Decimal('157.20745714540382')]",48.832858071141985,"{'center': [2.740104016483392, Decimal('-2.1714467210939294'), 84.50452964490482], 'radius': 12.0}","{'center': [180.103827538695, Decimal('104.06834553442886')], 'axes': [176.0852354604779, 176.0852354604779], 'angle': 90.0}",0.5677056411071524,1,244.457167,2.16430100337377,-1.7997582991129288,"[0.5129523737302548, 0.3449689285608174]",pupil.1,1,3d c++
"{'center': [Decimal('0.47924989960284226'), 4.547745290958909, 74.82253618449856], 'normal': [-0.1884045097400458, 0.5599326676710699, -0.8068327883671884], 'radius': 2.92948680967255}",0.7976676840194699,371.271967,5.8589736193451,"{'center': [Decimal('164.11787125189196'), Decimal('157.27443630490467')], 'axes': [37.58680275993906, Decimal('48.575750940802735')], 'angle': -73.06591658417896}","[Decimal('164.11787125189196'), Decimal('157.27443630490467')]",48.575750940802735,"{'center': [2.740104016483392, Decimal('-2.1714467210939294'), 84.50452964490482], 'radius': 12.0}","{'center': [180.103827538695, Decimal('104.06834553442886')], 'axes': [176.0852354604779, 176.0852354604779], 'angle': 90.0}",0.5667651474818847,1,244.457167,2.165100858141125,-1.8001969563875968,"[0.5128683476621624, 0.3446898487295639]",pupil.1,1,3d c++
"{'center': [0.4804857800055262, 4.54416845551221, 74.81976644567719], 'normal': [-0.1883015197064888, 0.5596345980505116, -0.8070635999356365], 'radius': Decimal('2.9203314177830717')}",0.8431464153095649,371.280367,5.840662835566143,"{'center': [Decimal('164.12732015717367'), 157.2487869465512], 'axes': [37.48398163419353, 48.42563935856222], 'angle': -73.06770687880625}","[Decimal('164.12732015717367'), 157.2487869465512]",48.42563935856222,"{'center': [2.740104016483392, Decimal('-2.1714467210939294'), 84.50452964490482], 'radius': 12.0}","{'center': [180.103827538695, Decimal('104.06834553442886')], 'axes': [176.0852354604779, 176.0852354604779], 'angle': 90.0}",0.5652869619100942,1,244.457167,2.1647411481936047,-1.800012607582152,"[0.5128978754911677, Decimal('0.34479672105603665')]",pupil.1,1,3d c++
"{'center': [Decimal('0.48476718289618637'), 4.552962606890517, 74.82487185359936], 'normal': [Decimal('-0.18794473613226714'), 0.5603674439987039, -0.8066381492754554], 'radius': Decimal('2.9259715700561255')}",0.8676827006786589,371.288767,5.851943140112251,"{'center': [Decimal('164.16274222042767'), Decimal('157.31730987687877')], 'axes': [37.52842879846521, 48.51596689724868], 'angle': -73.12264559375737}","[Decimal('164.16274222042767'), Decimal('157.31730987687877')]",48.51596689724868,"{'center': [2.740104016483392, Decimal('-2.1714467210939294'), 84.50452964490482], 'radius': 12.0}","{'center': [180.103827538695, Decimal('104.06834553442886')], 'axes': [176.0852354604779, 176.0852354604779], 'angle': 90.0}",0.5654045064465429,1,244.457167,2.1656257023936374,-1.7997098184545746,"[0.5130085694388364, Decimal('0.34451120884633846')]",pupil.1,1,3d c++
"{'center': [0.4959612186243967, 4.552845154220336, 74.82218892179452], 'normal': [Decimal('-0.18701189982158295'), 0.5603576562761887, -0.8068617269258587], 'radius': 2.910497977863093}",0.8218963900749741,371.297167,5.820995955726186,"{'center': [164.2534932093865, Decimal('157.32184256878313')], 'axes': [37.34288534711219, 48.26104128517333], 'angle': -73.213205546683}","[164.2534932093865, Decimal('157.32184256878313')]",48.26104128517333,"{'center': [2.740104016483392, Decimal('-2.1714467210939294'), 84.50452964490482], 'radius': 12.0}","{'center': [180.103827538695, Decimal('104.06834553442886')], 'axes': [176.0852354604779, 176.0852354604779], 'angle': 90.0}",0.5644414595298741,1,244.457167,2.1656138850041593,-1.7985516713094656,"[0.5132921662793328, Decimal('0.34449232263007035')]",pupil.1,1,3d c++
"{'center': [Decimal('0.47378353731736045'), 4.545367694989993, 74.82216445939359], 'normal': [Decimal('-0.18886003993050263'), 0.5597345346736602, -0.806863765459269], 'radius': 2.930303202757688}",0.9030849750817547,371.305567,5.860606405515376,"{'center': [164.0730089473525, 157.2548118822658], 'axes': [37.59991676256094, 48.58950051343516], 'angle': -73.0160909177427}","[164.0730089473525, 157.2548118822658]",48.58950051343516,"{'center': [2.740104016483392, Decimal('-2.1714467210939294'), 84.50452964490482], 'radius': 12.0}","{'center': [180.103827538695, Decimal('104.06834553442886')], 'axes': [176.0852354604779, 176.0852354604779], 'angle': 90.0}",0.565356561787711,1,244.457167,2.164861741812943,-1.8007237663108084,"[0.5127281529604766, 0.3447716171572258]",pupil.1,1,3d c++
"{'center': [Decimal('0.49528579744020185'), 4.53936606611323, 74.81299814062189], 'normal': [Decimal('-0.18706818492026583'), 0.5592343989339299, -0.8076276253569113], 'radius': Decimal('2.9188758226618883')}",0.8805431255924504,371.313967,5.8377516453237766,"{'center': [Decimal('164.24943317829522'), 157.2126629427879], 'axes': [37.50003265055784, Decimal('48.405912438385144')], 'angle': -73.17695664517919}","[Decimal('164.24943317829522'), 157.2126629427879]",48.405912438385144,"{'center': [2.740104016483392, Decimal('-2.1714467210939294'), 84.50452964490482], 'radius': 12.0}","{'center': [180.103827538695, Decimal('104.06834553442886')], 'axes': [176.0852354604779, 176.0852354604779], 'angle': 90.0}",0.5643606418222147,1,244.457167,2.1642583258904007,-1.7984092100976126,"[0.5132794786821726, Decimal('0.34494723773838376')]",pupil.1,1,3d c++
"{'center': [0.4971910027313404, 4.552654539981816, 74.82177159548826], 'normal': [Decimal('-0.18690941781267095'), 0.5603417717563122, -0.8068965041180469], 'radius': Decimal('2.9278190528922448')}",0.9492955418752231,371.322367,5.8556381057844895,"{'center': [Decimal('164.26535854651732'), Decimal('157.31562775127983')], 'axes': [Decimal('37.567471324369485'), 48.54868314798463], 'angle': -73.22278406329664}","[Decimal('164.26535854651732'), Decimal('157.31562775127983')]",48.54868314798463,"{'center': [2.740104016483392, Decimal('-2.1714467210939294'), 84.50452964490482], 'radius': 12.0}","{'center': [180.103827538695, Decimal('104.06834553442886')], 'axes': [176.0852354604779, 176.0852354604779], 'angle': 90.0}",0.5655905536860129,1,244.457167,2.16559470673367,-1.7984216545545668,"[0.5133292454578666, Decimal('0.34451821770300073')]",pupil.1,1,3d c++
"{'center': [0.4928644927132373, 4.544495229781866, 74.81711315570234], 'normal': [Decimal('-0.18726996031417956'), 0.5596618292396496, -0.8072847074335391], 'radius': Decimal('2.9158688897796154')}",0.9330600861546577,371.330767,5.831737779559231,"{'center': [Decimal('164.22891392353628'), Decimal('157.25388918996418')], 'axes': [Decimal('37.439507668755354'), 48.35337369132272], 'angle': -73.16899896524286}","[Decimal('164.22891392353628'), Decimal('157.25388918996418')]",48.35337369132272,"{'center': [2.740104016483392, Decimal('-2.1714467210939294'), 84.50452964490482], 'radius': 12.0}","{'center': [180.103827538695, Decimal('104.06834553442886')], 'axes': [176.0852354604779, 176.0852354604779], 'angle': 90.0}",0.5655554636594395,1,244.457167,2.1647740071222557,-1.798739781512514,"[0.5132153560110508, 0.3447754617084826]",pupil.1,1,3d c++
"{'center': [0.4997725433968405, 4.550239531284689, 74.81949743972955], 'normal': [Decimal('-0.18669428942387928'), 0.5601405210315514, -0.8070860170979391], 'radius': Decimal('2.9301422141814317')}",0.8799529160605666,371.339167,5.8602844283628635,"{'center': [164.2869939189701, Decimal('157.29611299003852')], 'axes': [Decimal('37.609303675086196'), 48.58870303781564], 'angle': -73.23826074950583}","[164.2869939189701, Decimal('157.29611299003852')]",48.58870303781564,"{'center': [2.740104016483392, Decimal('-2.1714467210939294'), 84.50452964490482], 'radius': 12.0}","{'center': [180.103827538695, Decimal('104.06834553442886')], 'axes': [176.0852354604779, 176.0852354604779], 'angle': 90.0}",0.5651731627889456,1,244.457167,2.1653517470036796,-1.7981170356659872,"[0.5133968559967815, Decimal('0.34459952920817283')]",pupil.1,1,3d c++
"{'center': [Decimal('0.49797320731386296'), 4.540156892063916, 74.81292366991701], 'normal': [Decimal('-0.18684423409746076'), 0.5593003010964871, -0.8076338312489838], 'radius': Decimal('2.9162476904837593')}",0.9810922051837698,371.347567,5.832495380967519,"{'center': [Decimal('164.27129050847367'), Decimal('157.21993508773045')], 'axes': [37.46632845346512, 48.3623692000657], 'angle': -73.20062137247844}","[Decimal('164.27129050847367'), Decimal('157.21993508773045')]",48.3623692000657,"{'center': [2.740104016483392, Decimal('-2.1714467210939294'), 84.50452964490482], 'radius': 12.0}","{'center': [180.103827538695, Decimal('104.06834553442886')], 'axes': [176.0852354604779, 176.0852354604779], 'angle': 90.0}",0.5678550456055032,1,244.457167,2.164337823077385,-1.7981443316153267,"[0.5133477828389802, 0.3449169371344565]",pupil.1,1,3d c++
"{'center': [Decimal('0.49488200332856547'), 4.554514175699419, 74.82359848481222], 'normal': [Decimal('-0.18710183442956888'), 0.5604967413994457, -0.8067442633410498], 'radius': Decimal('2.9109355738205345')}",0.8886276496387382,371.355967,5.821871147641069,"{'center': [Decimal('164.24455503531553'), Decimal('157.33482929222365')], 'axes': [Decimal('37.341063661773376'), 48.26739496367023], 'angle': -73.20824642715631}","[Decimal('164.24455503531553'), Decimal('157.33482929222365')]",48.26739496367023,"{'center': [2.740104016483392, Decimal('-2.1714467210939294'), 84.50452964490482], 'radius': 12.0}","{'center': [180.103827538695, Decimal('104.06834553442886')], 'axes': [176.0852354604779, 176.0852354604779], 'angle': 90.0}",0.5665703120237175,1,244.457167,2.165781820893667,-1.7986894886877687,"[0.5132642344853611, 0.3444382112824015]",pupil.1,1,3d c++
"{'center': [Decimal('0.47399249162861024'), 4.544406487049573, 74.82144882093206], 'normal': [-0.1888426270712318, 0.5596544340119585, -0.8069234019977298], 'radius': Decimal('2.9281903558444715')}",0.9062733767099912,371.364367,5.856380711688943,"{'center': [Decimal('164.07456633270158'), Decimal('157.24781016744737')], 'axes': [37.57661647723426, Decimal('48.554907785493086')], 'angle': -73.01556540959145}","[Decimal('164.07456633270158'), Decimal('157.24781016744737')]",48.554907785493086,"{'center': [2.740104016483392, Decimal('-2.1714467210939294'), 84.50452964490482], 'radius': 12.0}","{'center': [180.103827538695, Decimal('104.06834553442886')], 'axes': [176.0852354604779, 176.0852354604779], 'angle': 90.0}",0.5672029543476786,1,244.457167,2.1647650834861363,-1.8006869071100473,"[0.5127330197896924, 0.3448007909689693]",pupil.1,1,3d c++
"{'center': [Decimal('0.47282778009115445'), 4.54553052872194, 74.8225011852613], 'normal': [-0.1889396863660198, 0.5597481041513225, -0.8068357049702933], 'radius': Decimal('2.9366467636726385')}",0.8599729976803335,371.372767,5.873293527345277,"{'center': [164.0657605116758, Decimal('157.25422714217842')], 'axes': [37.67968664137252, 48.69452165739252], 'angle': -73.00872274739795}","[164.0657605116758, Decimal('157.25422714217842')]",48.69452165739252,"{'center': [2.740104016483392, Decimal('-2.1714467210939294'), 84.50452964490482], 'radius': 12.0}","{'center': [180.103827538695, Decimal('104.06834553442886')], 'axes': [176.0852354604779, 176.0852354604779], 'angle': 90.0}",0.5675826675474283,1,244.457167,2.1648781168721127,-1.8008250687369072,"[0.5127055015989869, 0.3447740535742566]",pupil.1,1,3d c++
"{'center': [Decimal('0.49153474957956744'), 4.535780580217995, 74.8113857699553], 'normal': [Decimal('-0.18738077224198538'), 0.5589356084426604, -0.8077619895791273], 'radius': 2.880939317587537}",0.9297689334557345,371.381167,5.761878635175074,"{'center': [Decimal('164.21493660524501'), Decimal('157.19437277551825')], 'axes': [Decimal('37.021126982943194'), 47.77745177330368], 'angle': -73.1381709004752}","[Decimal('164.21493660524501'), Decimal('157.19437277551825')]",47.77745177330368,"{'center': [2.740104016483392, Decimal('-2.1714467210939294'), 84.50452964490482], 'radius': 12.0}","{'center': [180.103827538695, Decimal('104.06834553442886')], 'axes': [176.0852354604779, 176.0852354604779], 'angle': 90.0}",0.5638860084462016,1,244.457167,2.163897951064424,-1.798739892350629,"[0.5131716768913906, 0.345023446768674]",pupil.1,1,3d c++
"{'center': [0.4775752054698694, 4.546220484510723, 74.82186933411846], 'normal': [-0.1885440675844602, 0.5598056004670544, -0.8068883592321971], 'radius': Decimal('2.9181897185091716')}",0.8705620179975075,371.389567,5.836379437018343,"{'center': [Decimal('164.10301068893037'), 157.2653389559414], 'axes': [37.4454778719713, Decimal('48.388742980207525')], 'angle': -73.04880227673434}","[Decimal('164.10301068893037'), 157.2653389559414]",48.388742980207525,"{'center': [2.740104016483392, Decimal('-2.1714467210939294'), 84.50452964490482], 'radius': 12.0}","{'center': [180.103827538695, Decimal('104.06834553442886')], 'axes': [176.0852354604779, 176.0852354604779], 'angle': 90.0}",0.5636746188018016,1,244.457167,2.164947502950763,-1.8003457154838167,"[0.5128219084029074, Decimal('0.34472775435024416')]",pupil.1,1,3d c++
"{'center': [0.4751456026577463, 4.536241549272873, 74.81552136483694], 'normal': [-0.1887465344854705, 0.5589740225305668, -0.8074173566723237], 'radius': Decimal('2.9137751711999336')}",0.9958504153003962,371.397967,5.827550342399867,"{'center': [164.0830281767182, Decimal('157.18726221111018')], 'axes': [Decimal('37.423149178101184'), Decimal('48.319543968700486')], 'angle': -73.00604787015602}","[164.0830281767182, Decimal('157.18726221111018')]",48.319543968700486,"{'center': [2.740104016483392, Decimal('-2.1714467210939294'), 84.50452964490482], 'radius': 12.0}","{'center': [180.103827538695, Decimal('104.06834553442886')], 'axes': [176.0852354604779, 176.0852354604779], 'angle': 90.0}",0.5676883002067479,1,244.457167,2.163944277855586,-1.8004383227576732,"[0.5127594630522443, 0.3450530741203742]",pupil.1,1,3d c++
"{'center': [Decimal('0.49914373432423176'), 4.54665211769599, 74.81715409700566], 'normal': [-0.18674669017993, 0.5598415698991599, -0.8072812956582639], 'radius': 2.907016749344743}",0.9452728985219083,371.406367,5.814033498689486,"{'center': [164.2797008481446, Decimal('157.27407974730954')], 'axes': [37.32479900057594, 48.20651497235657], 'angle': -73.22494595711318}","[164.2797008481446, Decimal('157.27407974730954')]",48.20651497235657,"{'center': [2.740104016483392, Decimal('-2.1714467210939294'), 84.50452964490482], 'radius': 12.0}","{'center': [180.103827538695, Decimal('104.06834553442886')], 'axes': [176.0852354604779, 176.0852354604779], 'angle': 90.0}",0.5683311914721823,1,244.457167,2.1649909122180544,-1.7981255357250647,"[0.5133740651504519, Decimal('0.34469133438621025')]",pupil.1,1,3d c++
"{'center': [Decimal('0.48208327486373737'), Decimal('4.5370292987108805'), 74.81444750788869], 'normal': [Decimal('-0.18816839513497124'), 0.5590396683170674, -0.8075068447513448], 'radius': Decimal('2.8966572498963172')}",0.8928607504680873,371.414767,5.7933144997926345,"{'center': [Decimal('164.13848809189005'), 157.1989631001002], 'axes': [Decimal('37.208022929485004'), 48.03625067088489], 'angle': -73.06421209829506}","[Decimal('164.13848809189005'), 157.1989631001002]",48.03625067088489,"{'center': [2.740104016483392, Decimal('-2.1714467210939294'), 84.50452964490482], 'radius': 12.0}","{'center': [180.103827538695, Decimal('104.06834553442886')], 'axes': [176.0852354604779, 176.0852354604779], 'angle': 90.0}",0.5671039174616865,1,244.457167,2.1640234489997163,-1.7997347847657799,"[0.5129327752871564, 0.3450043204162492]",pupil.1,1,3d c++
"{'center': [0.4860529485899834, 4.545153139289274, 74.81915200132123], 'normal': [-0.1878375889911174, 0.5597166550319336, -0.8071148036319663], 'radius': Decimal('2.9241787656210425')}",0.9610706496904742,371.423167,5.848357531242085,"{'center': [Decimal('164.17355127852318'), Decimal('157.25608589067303')], 'axes': [37.5360988359453, Decimal('48.489899198399286')], 'angle': -73.1151805855399}","[Decimal('164.17355127852318'), Decimal('157.25608589067303')]",48.489899198399286,"{'center': [2.740104016483392, Decimal('-2.1714467210939294'), 84.50452964490482], 'radius': 12.0}","{'center': [180.103827538695, Decimal('104.06834553442886')], 'axes': [176.0852354604779, 176.0852354604779], 'angle': 90.0}",0.5692983846242172,1,244.457167,2.164840165710613,-1.7994533706387565,"[0.5130423477453849, 0.3447663087888624]",pupil.1,1,3d c++
"{'center': [Decimal('0.48456150595873115'), 4.553183764148546, 74.82507341946717], 'normal': [Decimal('-0.18796187587705507'), 0.5603858737702062, -0.8066213521198041], 'radius': Decimal('2.8915759431703703')}",0.8594706230757517,371.431567,5.7831518863407405,"{'center': [Decimal('164.15762247371856'), Decimal('157.32859534987963')], 'axes': [Decimal('37.085757175370134'), 47.94521899851883], 'angle': -73.12143189602811}","[Decimal('164.15762247371856'), Decimal('157.32859534987963')]",47.94521899851883,"{'center': [2.740104016483392, Decimal('-2.1714467210939294'), 84.50452964490482], 'radius': 12.0}","{'center': [180.103827538695, Decimal('104.06834553442886')], 'axes': [176.0852354604779, 176.0852354604779], 'angle': 90.0}",0.5692914291156037,1,244.457167,2.1656479541787297,-1.7997345750925466,"[0.5129925702303705, 0.3444641860421682]",pupil.1,1,3d c++
"{'center': [Decimal('0.49439145110227756'), 4.561406543874577, 74.82850453197274], 'normal': [Decimal('-0.18714271378175953'), 0.5610711054140421, -0.8063354260776734], 'radius': Decimal('2.8808069978626296')}",0.9144522012018619,371.439967,5.761613995725259,"{'center': [Decimal('164.23720045090292'), Decimal('157.39770016007654')], 'axes': [Decimal('36.928179487647526'), 47.76445845422696], 'angle': -73.21990754150325}","[Decimal('164.23720045090292'), Decimal('157.39770016007654')]",47.76445845422696,"{'center': [2.740104016483392, Decimal('-2.1714467210939294'), 84.50452964490482], 'radius': 12.0}","{'center': [180.103827538695, Decimal('104.06834553442886')], 'axes': [176.0852354604779, 176.0852354604779], 'angle': 90.0}",0.5678828023013782,1,244.457167,2.1664755289489,-1.7988491823340165,"[0.5132412514090716, 0.3441762493330144]",pupil.1,1,3d c++
"{'center': [Decimal('0.49125678261505046'), 4.54171000327284, 74.81555586473533], 'normal': [Decimal('-0.18740393615569514'), 0.559429727030564, -0.8074144816807912], 'radius': 2.894808500085104}",0.887384981471828,371.448367,5.789617000170208,"{'center': [164.2137140529883, Decimal('157.23750177174907')], 'axes': [37.17730455960019, Decimal('48.004928451823915')], 'angle': -73.14952510911873}","[164.2137140529883, Decimal('157.23750177174907')]",48.004928451823915,"{'center': [2.740104016483392, Decimal('-2.1714467210939294'), 84.50452964490482], 'radius': 12.0}","{'center': [180.103827538695, Decimal('104.06834553442886')], 'axes': [176.0852354604779, 176.0852354604779], 'angle': 90.0}",0.5659523615725082,1,244.457167,2.1644939608312983,-1.7988618557487956,"[0.5131678564155885, 0.3448437426177122]",pupil.1,1,3d c++
"{'center': [0.5018099676411434, Decimal('4.5629915555569465'), 74.82788865492813], 'normal': [-0.1865245040701874, 0.5612031897209063, -0.8063867491647237], 'radius': 2.85867580971811}",0.972972476039669,371.456767,5.71735161943622,"{'center': [Decimal('164.29613506228833'), Decimal('157.41708696170693')], 'axes': [36.64661682610546, Decimal('47.397760328337206')], 'angle': -73.2836455216407}","[Decimal('164.29613506228833'), Decimal('157.41708696170693')]",47.397760328337206,"{'center': [2.740104016483392, Decimal('-2.1714467210939294'), 84.50452964490482], 'radius': 12.0}","{'center': [180.103827538695, Decimal('104.06834553442886')], 'axes': [176.0852354604779, 176.0852354604779], 'angle': 90.0}",0.565957436271336,1,244.457167,2.1666351044742385,-1.7981075817350092,"[0.513425422069651, Decimal('0.34409547099288784')]",pupil.1,1,3d c++
"{'center': [0.4405653851312614, 4.557067691385452, 74.83813342480416], 'normal': [Decimal('-0.19162821927934423'), 0.5607095343732817, -0.805533018341722], 'radius': Decimal('2.8513665339637413')}",0.7918312837416444,371.465167,5.702733067927483,"{'center': [Decimal('163.79074614380238'), Decimal('157.36577279264958')], 'axes': [36.50574600977233, 47.26973774836056], 'angle': -72.77421942974088}","[Decimal('163.79074614380238'), Decimal('157.36577279264958')]",47.26973774836056,"{'center': [2.740104016483392, Decimal('-2.1714467210939294'), 84.50452964490482], 'radius': 12.0}","{'center': [180.103827538695, Decimal('104.06834553442886')], 'axes': [176.0852354604779, 176.0852354604779], 'angle': 90.0}",0.5631198059607989,1,244.457167,2.1660387909817276,-1.804345235434962,"[0.5118460816993824, 0.3443092800306268]",pupil.1,1,3d c++
"{'center': [0.4048720190022581, 4.603153359838865, 74.87896549201666], 'normal': [Decimal('-0.19460266645676116'), 0.5645500067443996, -0.8021303460740137], 'radius': Decimal('2.8974103460278817')}",0.8134952074414722,371.473567,5.7948206920557634,"{'center': [Decimal('163.49912603449468'), Decimal('157.71400129737924')], 'axes': [36.88205486258479, 48.00731632063547], 'angle': -72.59497380585526}","[Decimal('163.49912603449468'), Decimal('157.71400129737924')]",48.00731632063547,"{'center': [2.740104016483392, Decimal('-2.1714467210939294'), 84.50452964490482], 'radius': 12.0}","{'center': [180.103827538695, Decimal('104.06834553442886')], 'axes': [176.0852354604779, 176.0852354604779], 'angle': 90.0}",0.561390338653045,1,244.457167,2.1706842958758794,-1.8088051305220807,"[0.5109347688577959, 0.3428583279275865]",pupil.1,1,3d c++
"{'center': [0.4303796671962923, 4.620308504341876, 74.88490208516657], 'normal': [-0.1924770291072583, 0.5659796021196505, -0.8016356299781876], 'radius': Decimal('2.8638074756722056')}",0.9655218056292931,371.481967,5.727614951344411,"{'center': [163.7051194928412, Decimal('157.86164040546862')], 'axes': [36.41979493714089, Decimal('47.446684459054225')], 'angle': -72.83890298180444}","[163.7051194928412, Decimal('157.86164040546862')]",47.446684459054225,"{'center': [2.740104016483392, Decimal('-2.1714467210939294'), 84.50452964490482], 'radius': 12.0}","{'center': [180.103827538695, Decimal('104.06834553442886')], 'axes': [176.0852354604779, 176.0852354604779], 'angle': 90.0}",0.5639603148465566,1,244.457167,2.1724173293633076,-1.8064409476565422,"[0.5115784984151287, 0.3422431649772141]",pupil.1,1,3d c++
"{'center': [0.4056974932870401, 4.634004363089701, 74.90055225398797], 'normal': [Decimal('-0.19453387693302934'), 0.5671209236819692, -0.8003314492430714], 'radius': Decimal('2.8842511288936925')}",0.9999243531420348,371.490367,5.768502257787385,"{'center': [Decimal('163.50322352513984'), Decimal('157.96158121284446')], 'axes': [36.59981885089092, 47.77554001951851], 'angle': -72.67338108296197}","[Decimal('163.50322352513984'), Decimal('157.96158121284446')]",47.77554001951851,"{'center': [2.740104016483392, Decimal('-2.1714467210939294'), 84.50452964490482], 'radius': 12.0}","{'center': [180.103827538695, Decimal('104.06834553442886')], 'axes': [176.0852354604779, 176.0852354604779], 'angle': 90.0}",0.5700186199809054,1,244.457167,2.1738023829214757,-1.8092389055224407,"[0.510947573516062, Decimal('0.34182674494648135')]",pupil.1,1,3d c++
"{'center': [Decimal('0.43615100546594787'), 4.622838369288834, 74.8853045912102], 'normal': [Decimal('-0.19199608425145367'), 0.5661904241985636, -0.8016020878078844], 'radius': Decimal('2.8724189139552823')}",0.9349070978816068,371.498767,5.7448378279105645,"{'center': [Decimal('163.75340406576652'), Decimal('157.87990166588486')], 'axes': [36.52665968589371, 47.58921232265759], 'angle': -72.8909254781898}","[Decimal('163.75340406576652'), Decimal('157.87990166588486')]",47.58921232265759,"{'center': [2.740104016483392, Decimal('-2.1714467210939294'), 84.50452964490482], 'radius': 12.0}","{'center': [180.103827538695, Decimal('104.06834553442886')], 'axes': [176.0852354604779, 176.0852354604779], 'angle': 90.0}",0.5686983879229168,1,244.457167,2.172673073745466,-1.805883096552642,"[0.5117293877055203, 0.3421670763921464]",pupil.1,1,3d c++
"{'center': [0.4542444103550327, 4.624582384617826, 74.88222044932243], 'normal': [-0.1904883005106966, 0.5663357588093129, -0.8018590996318657], 'radius': Decimal('2.8585711775235936')}",0.7825026617755023,371.507167,5.717142355047187,"{'center': [Decimal('163.90102920435868'), 157.8994270364124], 'axes': [Decimal('36.364600102786426'), 47.36170567167469], 'angle': -73.0398265163522}","[Decimal('163.90102920435868'), 157.8994270364124]",47.36170567167469,"{'center': [2.740104016483392, Decimal('-2.1714467210939294'), 84.50452964490482], 'radius': 12.0}","{'center': [180.103827538695, Decimal('104.06834553442886')], 'axes': [176.0852354604779, 176.0852354604779], 'angle': 90.0}",0.568560006104768,1,244.457167,2.172849402648736,-1.8040313326644273,"[0.5121907162636209, 0.342085720681615]",pupil.1,1,3d c++
"{'center': [0.4092445868799488, 4.627491017079283, 74.89507909079546], 'normal': [Decimal('-0.19423828580028693'), 0.5665781448477677, -0.8007875461757805], 'radius': Decimal('2.9005006935406086')}",0.8992742322862435,371.515567,5.801001387081217,"{'center': [Decimal('163.53436788851863'), Decimal('157.90601228449455')], 'axes': [36.83501942573797, Decimal('48.048342791757555')], 'angle': -72.68660660839757}","[Decimal('163.53436788851863'), Decimal('157.90601228449455')]",48.048342791757555,"{'center': [2.740104016483392, Decimal('-2.1714467210939294'), 84.50452964490482], 'radius': 12.0}","{'center': [180.103827538695, Decimal('104.06834553442886')], 'axes': [176.0852354604779, 176.0852354604779], 'angle': 90.0}",0.5691447439417852,1,244.457167,2.1731435278645557,-1.808759597901938,"[0.5110448996516207, 0.3420582821479393]",pupil.1,1,3d c++
"{'center': [0.4235724515424222, 4.630058599721538, 74.89343153493054], 'normal': [Decimal('-0.19304429707841417'), 0.5667921100679556, -0.8009248424978561], 'radius': Decimal('2.9085642901783673')}",0.9222918868742166,371.523967,5.8171285803567345,"{'center': [Decimal('163.65307074658557'), Decimal('157.92562230832166')], 'axes': [Decimal('36.944741511425846'), 48.18312767541515], 'angle': -72.80697017145798}","[Decimal('163.65307074658557'), Decimal('157.92562230832166')]",48.18312767541515,"{'center': [2.740104016483392, Decimal('-2.1714467210939294'), 84.50452964490482], 'radius': 12.0}","{'center': [180.103827538695, Decimal('104.06834553442886')], 'axes': [176.0852354604779, 176.0852354604779], 'angle': 90.0}",0.5698225228829235,1,244.457167,2.1734032150562577,-1.8073118938927593,"[0.5114158460830799, 0.3419765737153264]",pupil.1,1,3d c++
"{'center': [Decimal('0.44551114238047873'), 4.620845473591798, 74.8816605153714], 'normal': [Decimal('-0.19121607284190945'), 0.5660243495571439, -0.8019057607944526], 'radius': 2.853226947585075}",0.8259651191509925,371.532367,5.70645389517015,"{'center': [Decimal('163.82872262307353'), Decimal('157.87040782366688')], 'axes': [36.30044436537156, 47.27341300676777], 'angle': -72.96130658990234}","[Decimal('163.82872262307353'), Decimal('157.87040782366688')]",47.27341300676777,"{'center': [2.740104016483392, Decimal('-2.1714467210939294'), 84.50452964490482], 'radius': 12.0}","{'center': [180.103827538695, Decimal('104.06834553442886')], 'axes': [176.0852354604779, 176.0852354604779], 'angle': 90.0}",0.567960540777479,1,244.457167,2.172471607901285,-1.8048771504634427,"[0.5119647581971047, 0.3422066340680546]",pupil.1,1,3d c++
"{'center': [Decimal('0.45693731490558154'), 4.634190244282083, 74.88837369211818], 'normal': [Decimal('-0.19026389179815087'), 0.5671364137813344, -0.8013463293988864], 'radius': 2.881250766823636}",0.8388063198085192,371.540767,5.762501533647272,"{'center': [163.9249849564772, Decimal('157.96942807268385')], 'axes': [Decimal('36.620517136813035'), Decimal('47.733800633202286')], 'angle': -73.08323127711675}","[163.9249849564772, Decimal('157.96942807268385')]",47.733800633202286,"{'center': [2.740104016483392, Decimal('-2.1714467210939294'), 84.50452964490482], 'radius': 12.0}","{'center': [180.103827538695, Decimal('104.06834553442886')], 'axes': [176.0852354604779, 176.0852354604779], 'angle': 90.0}",0.566383975796525,1,244.457167,2.1738211900487676,-1.8039101390304273,"[0.5122655779889913, Decimal('0.34179404969715066')]",pupil.1,1,3d c++
"{'center': [Decimal('0.43427083939501454'), 4.631838829132247, 74.89211896487652], 'normal': [Decimal('-0.19215276475736479'), 0.566940462518848, -0.8010342233356922], 'radius': 2.866128818008176}",0.9606891645817371,371.549167,5.732257636016352,"{'center': [Decimal('163.73687306814537'), Decimal('157.95256064345432')], 'axes': [36.41088895783589, 47.48065817399945], 'angle': -72.89649782820521}","[Decimal('163.73687306814537'), Decimal('157.95256064345432')]",47.48065817399945,"{'center': [2.740104016483392, Decimal('-2.1714467210939294'), 84.50452964490482], 'radius': 12.0}","{'center': [180.103827538695, Decimal('104.06834553442886')], 'axes': [176.0852354604779, 176.0852354604779], 'angle': 90.0}",0.5685540745249185,1,244.457167,2.173583296002659,-1.8062286370998093,"[0.5116777283379543, 0.3418643306522736]",pupil.1,1,3d c++
"{'center': [0.4518491507043514, 4.639900516571888, 74.89362758124915], 'normal': [Decimal('-0.19068790548158673'), 0.5676122698054848, -0.800908505304639], 'radius': 2.865303079076193}",0.9582916179441088,371.557567,5.730606158152386,"{'center': [163.8812239691888, Decimal('158.01839022218243')], 'axes': [36.39049908023787, 47.46612944378619], 'angle': -73.05542091674631}","[163.8812239691888, Decimal('158.01839022218243')]",47.46612944378619,"{'center': [2.740104016483392, Decimal('-2.1714467210939294'), 84.50452964490482], 'radius': 12.0}","{'center': [180.103827538695, Decimal('104.06834553442886')], 'axes': [176.0852354604779, 176.0852354604779], 'angle': 90.0}",0.5667495583648985,1,244.457167,2.1743990639534854,-1.8045340772903913,"[0.512128824903715, 0.3415900407409065]",pupil.1,1,3d c++
"{'center': [0.4590905208954732, Decimal('4.6268776109931515'), 74.8826917898639], 'normal': [-0.1900844579656599, 0.5665270276739234, -0.8018198212534103], 'radius': Decimal('2.8541726344316385')}",0.8939182422877681,371.565967,5.708345268863277,"{'center': [163.9404194830165, Decimal('157.91929126940082')], 'axes': [Decimal('36.305578432656475'), 47.28852538258715], 'angle': -73.0838776479556}","[163.9404194830165, Decimal('157.91929126940082')]",47.28852538258715,"{'center': [2.740104016483392, Decimal('-2.1714467210939294'), 84.50452964490482], 'radius': 12.0}","{'center': [180.103827538695, Decimal('104.06834553442886')], 'axes': [176.0852354604779, 176.0852354604779], 'angle': 90.0}",0.5666780693667661,1,244.457167,2.1730814943856087,-1.8035655442278309,"[0.5123138108844266, 0.3420029530441633]",pupil.1,1,3d c++
"{'center': [0.4271156573369437, 4.64337438173313, 74.90201444382777], 'normal': [Decimal('-0.19274902992887072'), 0.5679017585689216, -0.8002096000897551], 'radius': Decimal('2.8825493653336407')}",0.9584948756202064,371.574367,5.765098730667281,"{'center': [163.6790311092662, 158.0384180308381], 'axes': [36.56808508181357, 47.74654123681984], 'angle': -72.86578246314728}","[163.6790311092662, 158.0384180308381]",47.74654123681984,"{'center': [2.740104016483392, Decimal('-2.1714467210939294'), 84.50452964490482], 'radius': 12.0}","{'center': [180.103827538695, Decimal('104.06834553442886')], 'axes': [176.0852354604779, 176.0852354604779], 'angle': 90.0}",0.5667248562802651,1,244.457167,2.17475072831901,-1.8071667665053521,"[0.5114969722164568, Decimal('0.34150659153817453')]",pupil.1,1,3d c++
"{'center': [0.4263005786512397, 4.660817800238787, 74.9146143605233], 'normal': [Decimal('-0.19281695315267935'), 0.5693553767777263, -0.7991596070317935], 'radius': 2.854917635873113}",0.9574040876809493,371.582767,5.709835271746226,"{'center': [Decimal('163.66877401503356'), Decimal('158.18368293052643')], 'axes': [36.15118936680711, 47.2807311976099], 'angle': -72.89907697958945}","[Decimal('163.66877401503356'), Decimal('158.18368293052643')]",47.2807311976099,"{'center': [2.740104016483392, Decimal('-2.1714467210939294'), 84.50452964490482], 'radius': 12.0}","{'center': [180.103827538695, Decimal('104.06834553442886')], 'axes': [176.0852354604779, 176.0852354604779], 'angle': 90.0}",0.5680758102786676,1,244.457167,2.1765178430277583,-1.807546185664727,"[0.5114649187969799, 0.3409013211228066]",pupil.1,1,3d c++
"{'center': [Decimal('0.41987600572815564'), 4.65595182516752, 74.9127012963253], 'normal': [Decimal('-0.19335233422960305'), 0.5689498788551208, -0.7993190290482938], 'radius': Decimal('2.8791434634636355')}",0.9291342399868362,371.591167,5.758286926927271,"{'center': [163.6184891156765, Decimal('158.13790932149038')], 'axes': [36.46910914891909, 47.68331961915982], 'angle': -72.83686471568461}","[163.6184891156765, Decimal('158.13790932149038')]",47.68331961915982,"{'center': [2.740104016483392, Decimal('-2.1714467210939294'), 84.50452964490482], 'radius': 12.0}","{'center': [180.103827538695, Decimal('104.06834553442886')], 'axes': [176.0852354604779, 176.0852354604779], 'angle': 90.0}",0.5692634012242848,1,244.457167,2.176024675667116,-1.8081335782461205,"[0.5113077784864891, Decimal('0.34109204449379005')]",pupil.1,1,3d c++
"{'center': [0.4450141374018015, 4.634931399668293, 74.89173716175267], 'normal': [Decimal('-0.19125748992346586'), 0.5671981767301851, -0.8010660402626797], 'radius': Decimal('2.8579019969791095')}",0.82878088142527,371.599567,5.715803993958219,"{'center': [Decimal('163.82442343693316'), Decimal('157.98041318150905')], 'axes': [36.30708956271587, 47.34460260541122], 'angle': -72.98945697767219}","[Decimal('163.82442343693316'), Decimal('157.98041318150905')]",47.34460260541122,"{'center': [2.740104016483392, Decimal('-2.1714467210939294'), 84.50452964490482], 'radius': 12.0}","{'center': [180.103827538695, Decimal('104.06834553442886')], 'axes': [176.0852354604779, 176.0852354604779], 'angle': 90.0}",0.5667075527619692,1,244.457167,2.1738961812497863,-1.8051625623113008,"[0.5119513232404161, 0.3417482784103789]",pupil.1,1,3d c++
"{'center': [Decimal('0.43376564872363454'), 4.650888092544887, 74.9057510234337], 'normal': [Decimal('-0.19219486397997979'), 0.568527901136568, -0.799898218455927], 'radius': Decimal('2.8951090676140834')}",0.8142333373657359,371.607967,5.790218135228167,"{'center': [Decimal('163.73470329027055'), 158.0950235160247], 'axes': [36.70697150254722, Decimal('47.952364203571086')], 'angle': -72.9359960855079}","[Decimal('163.73470329027055'), 158.0950235160247]",47.952364203571086,"{'center': [2.740104016483392, Decimal('-2.1714467210939294'), 84.50452964490482], 'radius': 12.0}","{'center': [180.103827538695, Decimal('104.06834553442886')], 'axes': [176.0852354604779, 176.0852354604779], 'angle': 90.0}",0.5624960664043277,1,244.457167,2.1755116441433486,-1.8066005097252975,"[0.5116709477820954, Decimal('0.34127073534989705')]",pupil.1,1,3d c++
"{'center': [0.4369368610848978, 4.654903756180465, 74.90784478940867], 'normal': [Decimal('-0.19193059628320785'), 0.5688625397728662, -0.799723737958013], 'radius': 2.885822537140606}",0.8186559150913824,371.616367,5.771645074281212,"{'center': [Decimal('163.75970725720867'), Decimal('158.12965254554288')], 'axes': [36.57764890349989, 47.79716333419885], 'angle': -72.97040008043518}","[Decimal('163.75970725720867'), Decimal('158.12965254554288')]",47.79716333419885,"{'center': [2.740104016483392, Decimal('-2.1714467210939294'), 84.50452964490482], 'radius': 12.0}","{'center': [180.103827538695, Decimal('104.06834553442886')], 'axes': [176.0852354604779, 176.0852354604779], 'angle': 90.0}",0.5620633608684922,1,244.457167,2.1759184757323564,-1.806337641313255,"[0.5117490851787772, 0.3411264477269047]",pupil.1,1,3d c++
"{'center': [Decimal('0.41824471797551066'), 4.642965308785223, 74.90386518430779], 'normal': [Decimal('-0.19348827487565678'), 0.567867669156596, -0.8000553717164187], 'radius': Decimal('2.8572215032709942')}",0.773333544743386,371.624767,5.7144430065419884,"{'center': [Decimal('163.60346580697717'), Decimal('158.04116670891995')], 'axes': [36.23769596742425, 47.32557998976136], 'angle': -72.79405980286975}","[Decimal('163.60346580697717'), Decimal('158.04116670891995')]",47.32557998976136,"{'center': [2.740104016483392, Decimal('-2.1714467210939294'), 84.50452964490482], 'radius': 12.0}","{'center': [180.103827538695, Decimal('104.06834553442886')], 'axes': [176.0852354604779, 176.0852354604779], 'angle': 90.0}",0.5608039434371714,1,244.457167,2.1747093128449753,-1.808083773125818,"[0.5112608306468036, Decimal('0.34149513871283355')]",pupil.1,1,3d c++
"{'center': [Decimal('0.41751939315005915'), 4.648739950823252, 74.9081420731329], 'normal': [-0.1935487186111111, 0.5683488893264318, -0.7996989643143277], 'radius': 2.864828818265292}",0.8961342397285076,371.633167,5.729657636530584,"{'center': [Decimal('163.59798463401003'), Decimal('158.08462282889977')], 'axes': [Decimal('36.311849665455284'), 47.44896431692387], 'angle': -72.80155277166773}","[Decimal('163.59798463401003'), Decimal('158.08462282889977')]",47.44896431692387,"{'center': [2.740104016483392, Decimal('-2.1714467210939294'), 84.50452964490482], 'radius': 12.0}","{'center': [180.103827538695, Decimal('104.06834553442886')], 'axes': [176.0852354604779, 176.0852354604779], 'angle': 90.0}",0.5586118027036346,1,244.457167,2.1752940603450326,-1.808257000873394,"[0.5112437019812813, Decimal('0.34131407154625093')]",pupil.1,1,3d c++
"{'center': [0.4176940726728158, 4.633128110382225, 74.8970235472887], 'normal': [-0.1935341619842147, 0.5670479026230129, -0.800625508134677], 'radius': 2.869719964658413}",0.8687569673838896,371.641567,5.739439929316826,"{'center': [Decimal('163.60061837661345'), 157.9599627776975], 'axes': [36.43251814908664, Decimal('47.537001619986945')], 'angle': -72.76704081871057}","[Decimal('163.60061837661345'), 157.9599627776975]",47.537001619986945,"{'center': [2.740104016483392, Decimal('-2.1714467210939294'), 84.50452964490482], 'radius': 12.0}","{'center': [180.103827538695, Decimal('104.06834553442886')], 'axes': [176.0852354604779, 176.0852354604779], 'angle': 90.0}",0.5589843040432974,1,244.457167,2.1737137285162733,-1.8079752135015121,"[0.511251932426917, 0.3418334884262604]",pupil.1,1,3d c++
"{'center': [0.435911330767774, 4.646415659157531, 74.90205868004132], 'normal': [Decimal('-0.19201605714296818'), 0.5681551983542884, -0.8002059137386249], 'radius': Decimal('2.8552781830477545')}",0.8124959732711834,371.649967,5.710556366095509,"{'center': [163.748638084723, Decimal('158.07088315910698')], 'axes': [36.22055969986414, 47.29460790719301], 'angle': -72.94287156484185}","[163.748638084723, Decimal('158.07088315910698')]",47.29460790719301,"{'center': [2.740104016483392, Decimal('-2.1714467210939294'), 84.50452964490482], 'radius': 12.0}","{'center': [180.103827538695, Decimal('104.06834553442886')], 'axes': [176.0852354604779, 176.0852354604779], 'angle': 90.0}",0.5579222647232984,1,244.457167,2.1750586712685216,-1.8063018858477125,"[0.5117144940147594, 0.3413713201703875]",pupil.1,1,3d c++
"{'center': [0.4287734168598747, 4.650471916429659, 74.90665608029416], 'normal': [Decimal('-0.19261088330195977'), 0.5684932197936323, -0.7998227970508891], 'radius': 2.882513483337719}",0.9527772559815868,371.658367,5.765026966675438,"{'center': [Decimal('163.69235247134267'), Decimal('158.09467373640885')], 'axes': [36.54286330362325, 47.74302832726278], 'angle': -72.89522474289768}","[Decimal('163.69235247134267'), Decimal('158.09467373640885')]",47.74302832726278,"{'center': [2.740104016483392, Decimal('-2.1714467210939294'), 84.50452964490482], 'radius': 12.0}","{'center': [180.103827538695, Decimal('104.06834553442886')], 'axes': [176.0852354604779, 176.0852354604779], 'angle': 90.0}",0.5593168156300621,1,244.457167,2.175469487395812,-1.8071136168783697,"[0.5115386014729458, 0.3412721927649631]",pupil.1,1,3d c++
"{'center': [Decimal('0.44588687123903004'), 4.653434079037217, 74.9046562210274], 'normal': [Decimal('-0.19118476210369684'), 0.5687400666775955, -0.7999894519897853], 'radius': Decimal('2.8752534634373985')}",0.9865165537089859,371.666767,5.750506926874797,"{'center': [Decimal('163.83244460930504'), Decimal('158.12192919723788')], 'axes': [Decimal('36.459394128576335'), Decimal('47.624076538285685')], 'angle': -73.03844250784124}","[Decimal('163.83244460930504'), Decimal('158.12192919723788')]",47.624076538285685,"{'center': [2.740104016483392, Decimal('-2.1714467210939294'), 84.50452964490482], 'radius': 12.0}","{'center': [180.103827538695, Decimal('104.06834553442886')], 'axes': [176.0852354604779, 176.0852354604779], 'angle': 90.0}",0.5588451805263905,1,244.457167,2.175769567741345,-1.8053805186502307,"[0.5119763894040783, Decimal('0.34115862834484223')]",pupil.1,1,3d c++
"{'center': [Decimal('0.41263721276340926'), 4.65508012550073, 74.9138347018726], 'normal': [Decimal('-0.19395556697666524'), 0.5688772372162215, -0.7992245785860187], 'radius': 2.881242867169767}",0.9193911432710717,371.675167,5.762485734339534,"{'center': [Decimal('163.55912648161944'), Decimal('158.12965269216056')], 'axes': [36.49053374998705, 47.7173503892619], 'angle': -72.77726187129305}","[Decimal('163.55912648161944'), Decimal('158.12965269216056')]",47.7173503892619,"{'center': [2.740104016483392, Decimal('-2.1714467210939294'), 84.50452964490482], 'radius': 12.0}","{'center': [180.103827538695, Decimal('104.06834553442886')], 'axes': [176.0852354604779, 176.0852354604779], 'angle': 90.0}",0.5582918963962902,1,244.457167,2.1759363465388826,-1.808873501405206,"[0.5111222702550607, 0.3411264471159977]",pupil.1,1,3d c++
"{'center': [Decimal('0.45104042992702675'), Decimal('4.6555998878127465'), 74.9049659831274], 'normal': [-0.1907552988796971, 0.568920550742223, -0.7999636384814518], 'radius': 2.851545185015565}",0.8596485768943238,371.683567,5.70309037003113,"{'center': [Decimal('163.87246490587646'), Decimal('158.14609237763415')], 'axes': [36.15625792282174, 47.23101683536277], 'angle': -73.08443065575834}","[Decimal('163.87246490587646'), Decimal('158.14609237763415')]",47.23101683536277,"{'center': [2.740104016483392, Decimal('-2.1714467210939294'), 84.50452964490482], 'radius': 12.0}","{'center': [180.103827538695, Decimal('104.06834553442886')], 'axes': [176.0852354604779, 176.0852354604779], 'angle': 90.0}",0.5577480497660714,1,244.457167,2.175989013285646,-1.8048799053115754,"[0.512101452830864, Decimal('0.34105794842652437')]",pupil.1,1,3d c++
"{'center': [0.449353520615289, 4.665787871687716, 74.91262236381885], 'normal': [Decimal('-0.19089587465567526'), 0.5697695493984705, -0.7993256067571642], 'radius': Decimal('2.9037153287138207')}",0.9595060719323076,371.691967,5.807430657427641,"{'center': [Decimal('163.86322226634243'), Decimal('158.21199041121304')], 'axes': [36.77781029445804, 48.090716424448], 'angle': -73.094008451484}","[Decimal('163.86322226634243'), Decimal('158.21199041121304')]",48.090716424448,"{'center': [2.740104016483392, Decimal('-2.1714467210939294'), 84.50452964490482], 'radius': 12.0}","{'center': [180.103827538695, Decimal('104.06834553442886')], 'axes': [176.0852354604779, 176.0852354604779], 'angle': 90.0}",0.5598834900024663,1,244.457167,2.177021734521011,-1.8052263799439228,"[0.5120725695823201, Decimal('0.34078337328661235')]",pupil.1,1,3d c++
"{'center': [Decimal('0.43677971255399983'), 4.641968290082103, 74.89869428110593], 'normal': [-0.191943691994116, 0.5677845842646694, -0.8004862803165739], 'radius': Decimal('2.9044844190602115')}",0.9999464743041315,371.700367,5.808968838120423,"{'center': [Decimal('163.76088240006933'), Decimal('158.02228818394306')], 'axes': [36.86329286255912, 48.11223785992936], 'angle': -72.9397409267906}","[Decimal('163.76088240006933'), Decimal('158.02228818394306')]",48.11223785992936,"{'center': [2.740104016483392, Decimal('-2.1714467210939294'), 84.50452964490482], 'radius': 12.0}","{'center': [180.103827538695, Decimal('104.06834553442886')], 'axes': [176.0852354604779, 176.0852354604779], 'angle': 90.0}",0.5665419367580471,1,244.457167,2.1746083773640046,-1.8061369312661972,"[0.5117527575002166, Decimal('0.34157379923357056')]",pupil.1,1,3d c++
"{'center': [Decimal('0.45832051691776154'), 4.637843262259803, 74.89063168498718], 'normal': [Decimal('-0.19014862496380255'), 0.5674408319461444, -0.8011581633264699], 'radius': 2.869627804010242}",0.9078239681444289,371.708767,5.739255608020484,"{'center': [Decimal('163.93506055991145'), Decimal('158.00164269353147')], 'axes': [36.46056848851917, Decimal('47.539730478118976')], 'angle': -73.10255190231769}","[Decimal('163.93506055991145'), Decimal('158.00164269353147')]",47.539730478118976,"{'center': [2.740104016483392, Decimal('-2.1714467210939294'), 84.50452964490482], 'radius': 12.0}","{'center': [180.103827538695, Decimal('104.06834553442886')], 'axes': [176.0852354604779, 176.0852354604779], 'angle': 90.0}",0.5663441731982188,1,244.457167,2.174190845335623,-1.8038267288039578,"[0.5122970642497233, Decimal('0.34165982211028556')]",pupil.1,1,3d c++
"{'center': [Decimal('0.47661381901228017'), 4.643829201124083, 74.89054887573394], 'normal': [Decimal('-0.18862418312259266'), 0.5679396601848343, -0.8011650640975738], 'radius': 2.935275390635134}",0.9854605150508153,371.717167,5.870550781270268,"{'center': [Decimal('164.09194818106076'), 158.0326462032758], 'axes': [Decimal('37.293939933902195'), 48.62803937593916], 'angle': -73.26259304190816}","[Decimal('164.09194818106076'), 158.0326462032758]",48.62803937593916,"{'center': [2.740104016483392, Decimal('-2.1714467210939294'), 84.50452964490482], 'radius': 12.0}","{'center': [180.103827538695, Decimal('104.06834553442886')], 'axes': [176.0852354604779, 176.0852354604779], 'angle': 90.0}",0.5688866240482482,1,244.457167,2.1747967766562124,-1.8020227123422115,"[0.5127873380658149, 0.3415306408196842]",pupil.1,1,3d c++
"{'center': [0.5195809834555387, 4.641062827651961, 74.87857560865268], 'normal': [Decimal('-0.18504358608565447'), 0.5677091290621575, -0.8021628363543449], 'radius': Decimal('2.8962558867176194')}",0.8558008098024095,371.725567,5.792511773435239,"{'center': [164.442222603934, Decimal('158.02620357140535')], 'axes': [36.85656855470077, 47.9891144743713], 'angle': -73.60126213648462}","[164.442222603934, Decimal('158.02620357140535')]",47.9891144743713,"{'center': [2.740104016483392, Decimal('-2.1714467210939294'), 84.50452964490482], 'radius': 12.0}","{'center': [180.103827538695, Decimal('104.06834553442886')], 'axes': [176.0852354604779, 176.0852354604779], 'angle': 90.0}",0.5652407862348219,1,244.457167,2.1745167168813038,-1.7975112388420251,"[0.5138819456372937, 0.3415574851191444]",pupil.1,1,3d c++
"{'center': [0.5140230424478123, 4.628848006163869, 74.87122516931252], 'normal': [-0.1855067478362983, 0.5666912272714832, -0.8027753729660247], 'radius': Decimal('2.8907765837707844')}",0.9788556367458168,371.733967,5.781553167541569,"{'center': [164.3965359541665, Decimal('157.93059561083288')], 'axes': [Decimal('36.826483441356736'), 47.90289798793366], 'angle': -73.52965439768542}","[164.3965359541665, Decimal('157.93059561083288')]",47.90289798793366,"{'center': [2.740104016483392, Decimal('-2.1714467210939294'), 84.50452964490482], 'radius': 12.0}","{'center': [180.103827538695, Decimal('104.06834553442886')], 'axes': [176.0852354604779, 176.0852354604779], 'angle': 90.0}",0.5670580078820819,1,244.457167,2.17328076895693,-1.7978918838030584,"[0.5137391748567703, Decimal('0.34195585162152964')]",pupil.1,1,3d c++
"{'center': [Decimal('0.48793091572088887'), 4.629193507676419, 74.87753588760799], 'normal': [-0.1876810917302086, 0.5667200190641957, -0.8022494797747362], 'radius': 2.931272938936274}",0.9750037654801991,371.742367,5.862545877872548,"{'center': [Decimal('164.18550954165605'), Decimal('157.91930361427242')], 'axes': [37.31188543273862, 48.57011475118122], 'angle': -73.32064703463384}","[Decimal('164.18550954165605'), Decimal('157.91930361427242')]",48.57011475118122,"{'center': [2.740104016483392, Decimal('-2.1714467210939294'), 84.50452964490482], 'radius': 12.0}","{'center': [180.103827538695, Decimal('104.06834553442886')], 'axes': [176.0852354604779, 176.0852354604779], 'angle': 90.0}",0.5690583650357572,1,244.457167,2.173315713830974,-1.8006068915682254,"[0.5130797173176751, Decimal('0.34200290160719826')]",pupil.1,1,3d c++
"{'center': [0.5093407112240738, 4.611171303403637, 74.85985298834089], 'normal': [-0.1858969421049432, 0.5652181687081305, -0.8037230547136612], 'radius': Decimal('2.9126933375218123')}",0.9465226045132258,371.750767,5.8253866750436245,"{'center': [Decimal('164.36100665689725'), Decimal('157.78424161594648')], 'axes': [Decimal('37.167476343316636'), 48.27350155067718], 'angle': -73.45278425110233}","[Decimal('164.36100665689725'), Decimal('157.78424161594648')]",48.27350155067718,"{'center': [2.740104016483392, Decimal('-2.1714467210939294'), 84.50452964490482], 'radius': 12.0}","{'center': [180.103827538695, Decimal('104.06834553442886')], 'axes': [176.0852354604779, 176.0852354604779], 'angle': 90.0}",0.5685625097606506,1,244.457167,2.1714940221050005,-1.79809408795048,"[0.5136281458028039, Decimal('0.34256565993355637')]",pupil.1,1,3d c++
"{'center': [0.5218428480321542, 4.640043411362472, 74.87733277541106], 'normal': [Decimal('-0.18485509737093647'), 0.5676241777047001, -0.8022664057911466], 'radius': Decimal('2.8979069777823865')}",0.8757057400670051,371.759167,5.795813955564773,"{'center': [164.4610734323234, Decimal('158.01792325151132')], 'axes': [36.88397076586948, 48.01728905053361], 'angle': -73.6172209139138}","[164.4610734323234, Decimal('158.01792325151132')]",48.01728905053361,"{'center': [2.740104016483392, Decimal('-2.1714467210939294'), 84.50452964490482], 'radius': 12.0}","{'center': [180.103827538695, Decimal('104.06834553442886')], 'axes': [176.0852354604779, 176.0852354604779], 'angle': 90.0}",0.5681953464354295,1,244.457167,2.1744135277168484,-1.7972598742447603,"[0.5139408544760106, Decimal('0.34159198645203614')]",pupil.1,1,3d c++
"{'center': [0.5515263808700532, 4.618573327582787, 74.8553972656978], 'normal': [-0.1823814696344449, 0.5658350040563931, -0.8040943649339184], 'radius': Decimal('2.8951694262925387')}",0.9543044575223154,371.767567,5.790338852585077,"{'center': [164.7065937928673, Decimal('157.85199506619608')], 'axes': [Decimal('36.962596157235616'), 47.98599667990335], 'angle': -73.80974526241984}","[164.7065937928673, Decimal('157.85199506619608')]",47.98599667990335,"{'center': [2.740104016483392, Decimal('-2.1714467210939294'), 84.50452964490482], 'radius': 12.0}","{'center': [180.103827538695, Decimal('104.06834553442886')], 'axes': [176.0852354604779, 176.0852354604779], 'angle': 90.0}",0.5649159313848018,1,244.457167,2.1722419460732256,-1.7938385929487637,"[0.5147081056027103, Decimal('0.34228335389084963')]",pupil.1,1,3d c++
"{'center': [0.5365237676283869, 4.645027343536798, 74.87748880085141], 'normal': [Decimal('-0.18363168740458377'), 0.568039505385894, -0.8022534036711182], 'radius': 2.88557700745877}",0.8578505759703822,371.775967,5.77115401491754,"{'center': [164.5805924418, Decimal('158.06225614356651')], 'axes': [36.72438532625247, Decimal('47.812866922479344')], 'angle': -73.74620459493832}","[164.5805924418, Decimal('158.06225614356651')]",47.812866922479344,"{'center': [2.740104016483392, Decimal('-2.1714467210939294'), 84.50452964490482], 'radius': 12.0}","{'center': [180.103827538695, Decimal('104.06834553442886')], 'axes': [176.0852354604779, 176.0852354604779], 'angle': 90.0}",0.5610279804541651,1,244.457167,2.174918089979586,-1.7958148545328976,"[0.514314351380625, 0.3414072660684728]",pupil.1,1,3d c++
"{'center': [0.5278776348669147, Decimal('4.6358296390707565'), 74.87296471531923], 'normal': [Decimal('-0.18435219846803977'), 0.5672730300137238, -0.8026304107987993], 'radius': 2.906684945021624}",0.9089131182402956,371.784367,5.813369890043248,"{'center': [Decimal('164.51187326010682'), Decimal('157.98279970752085')], 'axes': [37.01848554754785, 48.16563222960303], 'angle': -73.65657495475831}","[Decimal('164.51187326010682'), Decimal('157.98279970752085')]",48.16563222960303,"{'center': [2.740104016483392, Decimal('-2.1714467210939294'), 84.50452964490482], 'radius': 12.0}","{'center': [180.103827538695, Decimal('104.06834553442886')], 'axes': [176.0852354604779, 176.0852354604779], 'angle': 90.0}",0.5613274139449453,1,244.457167,2.17398707163617,-1.7965655590376182,"[0.5140996039378338, 0.3417383345519964]",pupil.1,1,3d c++
"{'center': [0.5317357895012194, 4.642044941895227, 74.87647474620213], 'normal': [Decimal('-0.18403068558184774'), 0.567790971915763, -0.8023379082252242], 'radius': 2.903955534709691}",0.9081622301084146,371.792767,5.807911069419382,"{'center': [164.5430668479427, 158.033084036684], 'axes': [36.96449779508761, Decimal('48.118170814315675')], 'angle': -73.70120562646672}","[164.5430668479427, 158.033084036684]",48.118170814315675,"{'center': [2.740104016483392, Decimal('-2.1714467210939294'), 84.50452964490482], 'radius': 12.0}","{'center': [180.103827538695, Decimal('104.06834553442886')], 'axes': [176.0852354604779, 176.0852354604779], 'angle': 90.0}",0.5619926465239677,1,244.457167,2.1746161371371873,-1.7962644374367918,"[0.5141970838998209, 0.3415288165138167]",pupil.1,1,3d c++
"{'center': [0.5287834899409285, 4.625580964578136, 74.86552159588342], 'normal': [-0.1842767105452053, 0.5664189738060054, -0.8032506707517837], 'radius': 2.889145948590842}",0.850587822558738,371.801167,5.778291897181684,"{'center': [Decimal('164.51819095277628'), 157.9067478827342], 'axes': [36.83434477477698, Decimal('47.879561256221635')], 'angle': -73.6413922550959}","[Decimal('164.51819095277628'), 157.9067478827342]",47.879561256221635,"{'center': [2.740104016483392, Decimal('-2.1714467210939294'), 84.50452964490482], 'radius': 12.0}","{'center': [180.103827538695, Decimal('104.06834553442886')], 'axes': [176.0852354604779, 176.0852354604779], 'angle': 90.0}",0.5593583813237601,1,244.457167,2.1729503738282823,-1.7963078030467643,"[0.5141193467274259, 0.3420552171552741]",pupil.1,1,3d c++
"{'center': [0.5043220220989282, 4.632116357197985, 74.8757805925466], 'normal': [-0.1863151661987053, 0.5669635898576595, -0.8023957543631848], 'radius': 2.90627947821729}",0.9137188364737822,371.809567,5.81255895643458,"{'center': [164.3179389330857, Decimal('157.95111293191167')], 'axes': [37.00093337451784, 48.15697481006411], 'angle': -73.45885213535213}","[164.3179389330857, Decimal('157.95111293191167')]",48.15697481006411,"{'center': [2.740104016483392, Decimal('-2.1714467210939294'), 84.50452964490482], 'radius': 12.0}","{'center': [180.103827538695, Decimal('104.06834553442886')], 'axes': [176.0852354604779, 176.0852354604779], 'angle': 90.0}",0.5594179768239393,1,244.457167,2.1736113716518495,-1.798951841439498,"[0.5134935591658929, 0.3418703627837014]",pupil.1,1,3d c++
"{'center': [Decimal('0.49809657667232043'), 4.633851113474124, 74.87845443105701], 'normal': [-0.1868339533175893, 0.5671081528806712, -0.8021729344873174], 'radius': 2.932081616614054}",0.9995273602436311,371.817967,5.864163233228108,"{'center': [Decimal('164.26909595786708'), Decimal('157.95695488845197')], 'axes': [37.31607738548377, 48.58299385630441], 'angle': -73.41269843928073}","[Decimal('164.26909595786708'), Decimal('157.95695488845197')]",48.58299385630441,"{'center': [2.740104016483392, Decimal('-2.1714467210939294'), 84.50452964490482], 'radius': 12.0}","{'center': [180.103827538695, Decimal('104.06834553442886')], 'axes': [176.0852354604779, 176.0852354604779], 'angle': 90.0}",0.5619700042223119,1,244.457167,2.1737868775820526,-1.7996265759585055,"[0.5133409248683346, 0.3418460212981168]",pupil.1,1,3d c++
"{'center': [0.5078718208228343, 4.64050456078537, 74.88088900541919], 'normal': [-0.1860193496383798, 0.567662606823275, -0.8019700532904692], 'radius': Decimal('2.9303388211479344')}",0.8268268909229302,371.826367,5.860677642295869,"{'center': [164.3491071653945, 158.0110483212768], 'axes': [37.27963588404239, 48.55259841921717], 'angle': -73.5059667020123}","[164.3491071653945, 158.0110483212768]",48.55259841921717,"{'center': [2.740104016483392, Decimal('-2.1714467210939294'), 84.50452964490482], 'radius': 12.0}","{'center': [180.103827538695, Decimal('104.06834553442886')], 'axes': [176.0852354604779, 176.0852354604779], 'angle': 90.0}",0.56173742712885,1,244.457167,2.174460206092535,-1.7987187866877852,"[0.5135909598918579, Decimal('0.34162063199467996')]",pupil.1,1,3d c++
"{'center': [0.5253470877515509, 4.64431753637607, 74.87955123800808], 'normal': [-0.1845630773943201, 0.5679803547891665, -0.8020815339080627], 'radius': Decimal('2.9140088649078986')}",0.9296399732190139,371.834767,5.828017729815797,"{'center': [164.4912795881965, Decimal('158.04757554639812')], 'axes': [37.07684309431523, 48.28284109811646], 'angle': -73.65478365257474}","[164.4912795881965, Decimal('158.04757554639812')]",48.28284109811646,"{'center': [2.740104016483392, Decimal('-2.1714467210939294'), 84.50452964490482], 'radius': 12.0}","{'center': [180.103827538695, Decimal('104.06834553442886')], 'axes': [176.0852354604779, 176.0852354604779], 'angle': 90.0}",0.5631901459267508,1,244.457167,2.1748462199465965,-1.7969645626226918,"[0.5140352487131141, Decimal('0.34146843522334114')]",pupil.1,1,3d c++
"{'center': [0.4872257431963587, 4.635293267875298, 74.88201281154369], 'normal': [Decimal('-0.18773985610725277'), 0.5672283324141022, -0.8018764027800948], 'radius': Decimal('2.9292462740361014')}",0.9420101361948954,371.843167,5.858492548072203,"{'center': [164.1791897658731, Decimal('157.96800894840828')], 'axes': [Decimal('37.262021299383576'), 48.53363972201013], 'angle': -73.32860366628685}","[164.1791897658731, Decimal('157.96800894840828')]",48.53363972201013,"{'center': [2.740104016483392, Decimal('-2.1714467210939294'), 84.50452964490482], 'radius': 12.0}","{'center': [180.103827538695, Decimal('104.06834553442886')], 'axes': [176.0852354604779, 176.0852354604779], 'angle': 90.0}",0.5631009353133654,1,244.457167,2.173932797018721,-1.8007795610671862,"[0.5130599680183534, 0.3417999627149655]",pupil.1,1,3d c++
"{'center': [0.4764349619622159, 4.63245635882992, 74.88253893140867], 'normal': [Decimal('-0.18863908787676467'), 0.5669919233269874, -0.8018325594580117], 'radius': Decimal('2.9547055366058785')}",0.9581316058042171,371.851567,5.909411073211757,"{'center': [Decimal('164.09298962367237'), Decimal('157.93727892590715')], 'axes': [37.58461801275712, 48.95529259425514], 'angle': -73.23570294264134}","[Decimal('164.09298962367237'), Decimal('157.93727892590715')]",48.95529259425514,"{'center': [2.740104016483392, Decimal('-2.1714467210939294'), 84.50452964490482], 'radius': 12.0}","{'center': [180.103827538695, Decimal('104.06834553442886')], 'axes': [176.0852354604779, 176.0852354604779], 'angle': 90.0}",0.5654282128090937,1,244.457167,2.173645768071343,-1.801854618534084,"[0.5127905925739762, Decimal('0.34192800447538685')]",pupil.1,1,3d c++
"{'center': [Decimal('0.47416171497021287'), 4.633185003278035, 74.88358932797718], 'normal': [Decimal('-0.18882852512609827'), 0.5670526436976636, -0.801745026410637], 'radius': Decimal('2.9397481562605563')}",0.9602843967025174,371.859967,5.879496312521113,"{'center': [Decimal('164.07273038416483'), Decimal('157.94701873519585')], 'axes': [37.38872714721864, 48.70664310446341], 'angle': -73.21908280701878}","[Decimal('164.07273038416483'), Decimal('157.94701873519585')]",48.70664310446341,"{'center': [2.740104016483392, Decimal('-2.1714467210939294'), 84.50452964490482], 'radius': 12.0}","{'center': [180.103827538695, Decimal('104.06834553442886')], 'axes': [176.0852354604779, 176.0852354604779], 'angle': 90.0}",0.5663815753885637,1,244.457167,2.173719484460722,-1.802102831729195,"[0.5127272824505151, 0.341887421936684]",pupil.1,1,3d c++
"{'center': [0.4776728474427716, 4.647606824380441, 74.89297857604465], 'normal': [Decimal('-0.18853593075338504'), 0.5682544621228641, -0.80096258907168], 'radius': Decimal('2.9373102935960422')}",0.8529475602525712,371.868367,5.8746205871920845,"{'center': [Decimal('164.10068359470105'), Decimal('158.06203104950356')], 'axes': [Decimal('37.306582820831515'), 48.66021413603968], 'angle': -73.27952142947505}","[Decimal('164.10068359470105'), Decimal('158.06203104950356')]",48.66021413603968,"{'center': [2.740104016483392, Decimal('-2.1714467210939294'), 84.50452964490482], 'radius': 12.0}","{'center': [180.103827538695, Decimal('104.06834553442886')], 'axes': [176.0852354604779, 176.0852354604779], 'angle': 90.0}",0.5666403332464487,1,244.457167,2.1751792999209965,-1.8019747060285756,"[0.5128146362334408, Decimal('0.34140820396040183')]",pupil.1,1,3d c++
"{'center': [0.4569987669248121, 4.638093846586468, 74.89112298147104], 'normal': [Decimal('-0.19025877079654832'), 0.5674617139733664, -0.8011172219528149], 'radius': Decimal('2.9512493093568035')}",0.8783960972097746,371.876767,5.902498618713607,"{'center': [Decimal('163.93228801354817'), Decimal('157.98074583266836')], 'axes': [Decimal('37.496248037922925'), 48.89233200775127], 'angle': -73.0926589296514}","[Decimal('163.93228801354817'), Decimal('157.98074583266836')]",48.89233200775127,"{'center': [2.740104016483392, Decimal('-2.1714467210939294'), 84.50452964490482], 'radius': 12.0}","{'center': [180.103827538695, Decimal('104.06834553442886')], 'axes': [176.0852354604779, 176.0852354604779], 'angle': 90.0}",0.5671644015443178,1,244.457167,2.174216205853277,-1.803968364959521,"[0.512288400042338, 0.3417468923638818]",pupil.1,1,3d c++
"{'center': [0.4919657482741746, 4.65286346263145, 74.89335568730134], 'normal': [Decimal('-0.18734485568410147'), 0.5686925153104482, -0.8009311631336234], 'radius': Decimal('2.9450353555065862')}",0.996556173817825,371.885167,5.8900707110131725,"{'center': [Decimal('164.21890112333932'), 158.1028889420071], 'axes': [Decimal('37.401130005255425'), 48.78810457620659], 'angle': -73.40569896451873}","[Decimal('164.21890112333932'), 158.1028889420071]",48.78810457620659,"{'center': [2.740104016483392, Decimal('-2.1714467210939294'), 84.50452964490482], 'radius': 12.0}","{'center': [180.103827538695, Decimal('104.06834553442886')], 'axes': [176.0852354604779, 176.0852354604779], 'angle': 90.0}",0.5716528310798497,1,244.457167,2.1757117569016127,-1.8005739539363461,"[0.5131840660104354, 0.3412379627416371]",pupil.1,1,3d c++
"{'center': [0.4743783697708306, 4.655076766112403, 74.8990591008633], 'normal': [Decimal('-0.18881047055938013'), 0.5688769572671943, -0.8004558786701265], 'radius': Decimal('2.9664060543923467')}",0.9811030248950006,371.893567,5.9328121087846935,"{'center': [Decimal('164.07609176362783'), Decimal('158.11245870102718')], 'axes': [Decimal('37.643768089817605'), 49.13852481955727], 'angle': -73.26987919004762}","[Decimal('164.07609176362783'), Decimal('158.11245870102718')]",49.13852481955727,"{'center': [2.740104016483392, Decimal('-2.1714467210939294'), 84.50452964490482], 'radius': 12.0}","{'center': [180.103827538695, Decimal('104.06834553442886')], 'axes': [176.0852354604779, 176.0852354604779], 'angle': 90.0}",0.5742241925218106,1,244.457167,2.17593600614327,-1.802440812033413,"[0.512737786761337, 0.3411980887457201]",pupil.1,1,3d c++
"{'center': [0.4750862805637426, Decimal('4.6354732754800985'), 74.8849904243283], 'normal': [Decimal('-0.18875147799330413'), 0.5672433330478357, -0.8016282683813772], 'radius': Decimal('2.9397680938635005')}",0.9133325594199126,371.901967,5.879536187727001,"{'center': [Decimal('164.08023346867168'), Decimal('157.96519447243023')], 'axes': [37.38130172890557, 48.70607759396996], 'angle': -73.23163522270777}","[Decimal('164.08023346867168'), Decimal('157.96519447243023')]",48.70607759396996,"{'center': [2.740104016483392, Decimal('-2.1714467210939294'), 84.50452964490482], 'radius': 12.0}","{'center': [180.103827538695, Decimal('104.06834553442886')], 'axes': [176.0852354604779, 176.0852354604779], 'angle': 90.0}",0.5743861608076828,1,244.457167,2.1739510114989953,-1.8020442700564319,"[0.512750729589599, 0.3418116896982074]",pupil.1,1,3d c++
"{'center': [0.4673326223779757, 4.624686484254198, 74.8791941367108], 'normal': [Decimal('-0.18939761617545137'), 0.5663444337790107, -0.8021112923495021], 'radius': 2.952305937280501}",0.9343198225052411,371.910367,5.904611874561002,"{'center': [Decimal('164.01816365781517'), Decimal('157.87558631920763')], 'axes': [37.57326240486603, 48.91761845494861], 'angle': -73.14516891886683}","[Decimal('164.01816365781517'), Decimal('157.87558631920763')]",48.91761845494861,"{'center': [2.740104016483392, Decimal('-2.1714467210939294'), 84.50452964490482], 'radius': 12.0}","{'center': [180.103827538695, Decimal('104.06834553442886')], 'axes': [176.0852354604779, 176.0852354604779], 'angle': 90.0}",0.5751794283869072,1,244.457167,2.1728599283320484,-1.8026730652772693,"[0.5125567614306724, 0.3421850570033016]",pupil.1,1,3d c++
"{'center': [0.4685843908900602, 4.628587643012958, 74.88165423068949], 'normal': [Decimal('-0.18929330213277765'), 0.5666695303422407, -0.8019062845179438], 'radius': Decimal('2.9647805311510074')}",0.9466862273070913,371.918767,5.929561062302015,"{'center': [Decimal('164.02953922787202'), Decimal('157.90302080168462')], 'axes': [37.71864332977061, Decimal('49.122840304494616')], 'angle': -73.16403748735846}","[Decimal('164.02953922787202'), Decimal('157.90302080168462')]",49.122840304494616,"{'center': [2.740104016483392, Decimal('-2.1714467210939294'), 84.50452964490482], 'radius': 12.0}","{'center': [180.103827538695, Decimal('104.06834553442886')], 'axes': [176.0852354604779, 176.0852354604779], 'angle': 90.0}",0.576930256561492,1,244.457167,2.173254435741436,-1.8026070286521423,"[0.5125923100871, Decimal('0.34207074665964743')]",pupil.1,1,3d c++
"{'center': [0.471716595139942, 4.629067388950752, 74.88125440485406], 'normal': [Decimal('-0.18903228511195416'), 0.5667095091703901, -0.8019396033375633], 'radius': 2.955744539321662}",0.9222181804160978,371.927167,5.911489078643324,"{'center': [164.054401221626, 157.9097034311896], 'axes': [Decimal('37.605371878064844'), 48.9733191683471], 'angle': -73.19023155573171}","[164.054401221626, 157.9097034311896]",48.9733191683471,"{'center': [2.740104016483392, Decimal('-2.1714467210939294'), 84.50452964490482], 'radius': 12.0}","{'center': [180.103827538695, Decimal('104.06834553442886')], 'axes': [176.0852354604779, 176.0852354604779], 'angle': 90.0}",0.5776709604163099,1,244.457167,2.1733029577750544,-1.8022894119513144,"[0.5126700038175812, 0.3420429023700433]",pupil.1,1,3d c++
"{'center': [Decimal('0.47953379489885517'), 4.635201526500653, 74.8837520304496], 'normal': [-0.1883808517987114, 0.5672206872995486, -0.8017314678712689], 'radius': 2.944641585070253}",0.9997778969489336,371.935567,5.889283170140506,"{'center': [Decimal('164.11736705610468'), Decimal('157.96214302421558')], 'axes': [37.44953754453068, 48.78769170262795], 'angle': -73.26670169077079}","[Decimal('164.11736705610468'), Decimal('157.96214302421558')]",48.78769170262795,"{'center': [2.740104016483392, Decimal('-2.1714467210939294'), 84.50452964490482], 'radius': 12.0}","{'center': [180.103827538695, Decimal('104.06834553442886')], 'axes': [176.0852354604779, 176.0852354604779], 'angle': 90.0}",0.5833112887954961,1,244.457167,2.173923514046277,-1.8015775033663248,"[0.5128667720503272, 0.3418244040657684]",pupil.1,1,3d c++
"{'center': [Decimal('0.47885963951013055'), 4.621400773569281, 74.87416117937586], 'normal': [Decimal('-0.18843703141443846'), 0.5660706245552676, -0.8025307054607463], 'radius': 2.938335794904297}",0.9860896023027211,371.943967,5.876671589808594,"{'center': [164.1118772304025, 157.8547651387441], 'axes': [Decimal('37.421161332282736'), 48.68932371602864], 'angle': -73.23030167329362}","[164.1118772304025, 157.8547651387441]",48.68932371602864,"{'center': [2.740104016483392, Decimal('-2.1714467210939294'), 84.50452964490482], 'radius': 12.0}","{'center': [180.103827538695, Decimal('104.06834553442886')], 'axes': [176.0852354604779, 176.0852354604779], 'angle': 90.0}",0.585687956946801,1,244.457167,2.1725277414944415,-1.8014220780922832,"[0.5128496163450078, 0.3422718119218995]",pupil.1,1,3d c++
"{'center': [Decimal('0.48566749499884354'), 4.633164387639381, 74.88087214738862], 'normal': [Decimal('-0.18786971012371237'), 0.5670509257277758, -0.8019714581263504], 'radius': Decimal('2.9358282168467054')}",0.9451499377498084,371.952367,5.871656433693411,"{'center': [Decimal('164.16711515319213'), 157.9491710886485], 'axes': [Decimal('37.352176211135834'), 48.643477139076], 'angle': -73.31135137970291}","[Decimal('164.16711515319213'), 157.9491710886485]",48.643477139076,"{'center': [2.740104016483392, Decimal('-2.1714467210939294'), 84.50452964490482], 'radius': 12.0}","{'center': [180.103827538695, Decimal('104.06834553442886')], 'axes': [176.0852354604779, 176.0852354604779], 'angle': 90.0}",0.5857377878129566,1,244.457167,2.173717398741247,-1.8009067533142964,"[0.5130222348537254, Decimal('0.34187845379729787')]",pupil.1,1,3d c++
"{'center': [0.489252898237281, 4.634489206494127, 74.88096973221886], 'normal': [Decimal('-0.18757092652050925'), 0.5671613272990047, -0.801963326057164], 'radius': 2.942429032042554}",0.95789001628383,371.960767,5.884858064085108,"{'center': [164.1972385151428, Decimal('157.95815941264712')], 'axes': [37.43531200045244, 48.75286482630587], 'angle': -73.34310276023568}","[164.1972385151428, Decimal('157.95815941264712')]",48.75286482630587,"{'center': [2.740104016483392, Decimal('-2.1714467210939294'), 84.50452964490482], 'radius': 12.0}","{'center': [180.103827538695, Decimal('104.06834553442886')], 'axes': [176.0852354604779, 176.0852354604779], 'angle': 90.0}",0.5873818586864532,1,244.457167,2.1738514390227017,-1.800555793049029,"[0.5131163703598213, Decimal('0.34184100244730364')]",pupil.1,1,3d c++
"{'center': [0.4635295080748234, 4.615222686808972, 74.87341720368084], 'normal': [Decimal('-0.18971454236738072'), 0.5655557839919084, -0.802592703435331], 'radius': Decimal('2.9675464855163898')}",0.8696526941422952,371.969167,5.9350929710327796,"{'center': [Decimal('163.98884710907262'), Decimal('157.79605528556021')], 'axes': [37.7994115922446, 49.17401441777386], 'angle': -73.09322698828049}","[Decimal('163.98884710907262'), Decimal('157.79605528556021')]",49.17401441777386,"{'center': [2.740104016483392, Decimal('-2.1714467210939294'), 84.50452964490482], 'radius': 12.0}","{'center': [180.103827538695, Decimal('104.06834553442886')], 'axes': [176.0852354604779, 176.0852354604779], 'angle': 90.0}",0.5876380440270834,1,244.457167,2.1719033391968487,-1.8029129239290096,"[0.5124651472158519, 0.3425164363101658]",pupil.1,1,3d c++
"{'center': [Decimal('0.47833048689869617'), 4.615272249783494, 74.86996550784067], 'normal': [-0.1884811274653913, 0.5655599142397854, -0.802880344755345], 'radius': Decimal('2.9632456132810945')}",0.916923113474892,371.977567,5.926491226562189,"{'center': [Decimal('164.11032514112534'), 157.7992214183712], 'axes': [37.76168607119292, Decimal('49.105037203041896')], 'angle': -73.21228414895981}","[Decimal('164.11032514112534'), 157.7992214183712]",49.105037203041896,"{'center': [2.740104016483392, Decimal('-2.1714467210939294'), 84.50452964490482], 'radius': 12.0}","{'center': [180.103827538695, Decimal('104.06834553442886')], 'axes': [176.0852354604779, 176.0852354604779], 'angle': 90.0}",0.5874064933522272,1,244.457167,2.1719083473266805,-1.801377220515835,"[0.5128447660660167, 0.34250324409012]",pupil.1,1,3d c++
"{'center': [Decimal('0.48426636213093577'), 4.622961463620449, 74.87399415113856], 'normal': [-0.187986471196038, 0.5662006820595316, -0.8025446244805222], 'radius': 2.967924605784737}",0.9499441881187889,371.985967,5.935849211569474,"{'center': [Decimal('164.15930261546964'), Decimal('157.85930381084353')], 'axes': [37.79869800278035, 49.1800366633727], 'angle': -73.27730310761329}","[Decimal('164.15930261546964'), Decimal('157.85930381084353')]",49.1800366633727,"{'center': [2.740104016483392, Decimal('-2.1714467210939294'), 84.50452964490482], 'radius': 12.0}","{'center': [180.103827538695, Decimal('104.06834553442886')], 'axes': [176.0852354604779, 176.0852354604779], 'angle': 90.0}",0.5889980666994865,1,244.457167,2.1726855185137715,-1.8008860715810568,"[0.5129978206733427, Decimal('0.34225290078815196')]",pupil.1,1,3d c++
"{'center': [Decimal('0.49386057688355267'), 4.604978326681378, 74.85909269358228], 'normal': [-0.1871869532999866, 0.5647020873146089, -0.803786412610211], 'radius': 2.958484043559649}",0.8679881451098566,371.994367,5.916968087119298,"{'center': [Decimal('164.23830755931846'), Decimal('157.72078502935855')], 'axes': [37.75835347617469, Decimal('49.033227712870136')], 'angle': -73.3141721679576}","[Decimal('164.23830755931846'), Decimal('157.72078502935855')]",49.033227712870136,"{'center': [2.740104016483392, Decimal('-2.1714467210939294'), 84.50452964490482], 'radius': 12.0}","{'center': [180.103827538695, Decimal('104.06834553442886')], 'axes': [176.0852354604779, 176.0852354604779], 'angle': 90.0}",0.5892046248123783,1,244.457167,2.1708685584925678,-1.7995996756236325,"[0.5132447111228702, Decimal('0.34283006237767266')]",pupil.1,1,3d c++
"{'center': [0.5027343441086392, 4.608544139074622, 74.859536079061], 'normal': [Decimal('-0.18644747269789608'), 0.5649992383473793, -0.8037494638203179], 'radius': Decimal('2.9619020038560353')}",0.9611201239844709,372.002767,5.923804007712071,"{'center': [Decimal('164.31157536292957'), Decimal('157.74893635124064')], 'axes': [Decimal('37.798584533655436'), 49.08967486356707], 'angle': -73.39371828308973}","[Decimal('164.31157536292957'), Decimal('157.74893635124064')]",49.08967486356707,"{'center': [2.740104016483392, Decimal('-2.1714467210939294'), 84.50452964490482], 'radius': 12.0}","{'center': [180.103827538695, Decimal('104.06834553442886')], 'axes': [176.0852354604779, 176.0852354604779], 'angle': 90.0}",0.58973952058895,1,244.457167,2.171228657262129,-1.7987369490664336,"[0.5134736730091549, Decimal('0.34271276520316396')]",pupil.1,1,3d c++
"{'center': [0.5041501414958143, Decimal('4.6119868479821235'), 74.86162866631648], 'normal': [Decimal('-0.18632948958229817'), 0.5652861307563377, -0.8035750815490292], 'radius': 2.961729961140358}",0.8382921074895896,372.011167,5.923459922280716,"{'center': [164.3230437894655, Decimal('157.77635765715812')], 'axes': [37.78481573475491, 49.08547325010757], 'angle': -73.41281549371215}","[164.3230437894655, Decimal('157.77635765715812')]",49.08547325010757,"{'center': [2.740104016483392, Decimal('-2.1714467210939294'), 84.50452964490482], 'radius': 12.0}","{'center': [180.103827538695, Decimal('104.06834553442886')], 'axes': [176.0852354604779, 176.0852354604779], 'angle': 90.0}",0.5872509432179318,1,244.457167,2.171576408515829,-1.7986453909158187,"[0.5135095118420796, Decimal('0.34259850976184114')]",pupil.1,1,3d c++
"{'center': [0.4882943073768744, Decimal('4.6161753092642925'), 74.86826791086244], 'normal': [-0.1876508090922098, 0.5656351691965185, -0.8030218111701979], 'radius': 2.993415064905185}",0.9340702961471206,372.019567,5.98683012981037,"{'center': [Decimal('164.19540150562682'), 157.7987989078531], 'axes': [38.15477268589301, 49.6064440905778], 'angle': -73.29451462284408}","[Decimal('164.19540150562682'), 157.7987989078531]",49.6064440905778,"{'center': [2.740104016483392, Decimal('-2.1714467210939294'), 84.50452964490482], 'radius': 12.0}","{'center': [180.103827538695, Decimal('104.06834553442886')], 'axes': [176.0852354604779, 176.0852354604779], 'angle': 90.0}",0.585135004069437,1,244.457167,2.171999600695899,-1.800357795777678,"[0.5131106297050838, Decimal('0.34250500455061206')]",pupil.1,1,3d c++
"{'center': [0.5109638689553906, 4.605633264693969, 74.8555856058448], 'normal': [-0.1857616789606668, 0.5647566654823248, -0.8040786699216687], 'radius': 2.974933440713715}",0.9087860601430635,372.027967,5.94986688142743,"{'center': [Decimal('164.38083176302848'), 157.7230566765074], 'axes': [37.98575243990238, 49.30839987320627], 'angle': -73.45365415621603}","[Decimal('164.38083176302848'), 157.7230566765074]",49.30839987320627,"{'center': [2.740104016483392, Decimal('-2.1714467210939294'), 84.50452964490482], 'radius': 12.0}","{'center': [180.103827538695, Decimal('104.06834553442886')], 'axes': [176.0852354604779, 176.0852354604779], 'angle': 90.0}",0.5854430104617947,1,244.457167,2.1709346917104395,-1.7978372949359864,"[0.513690099259464, Decimal('0.34282059718121916')]",pupil.1,1,3d c++
"{'center': [0.4900400865035448, 4.605757022633243, 74.8605303848979], 'normal': [-0.1875053274983206, 0.564766978643931, -0.8036666050005769], 'radius': 2.981044480684418}",0.8354795622325113,372.036367,5.962088961368836,"{'center': [Decimal('164.20906250357788'), Decimal('157.72013455352842')], 'axes': [38.03916224977715, 49.40638629061026], 'angle': -73.28515821255029}","[Decimal('164.20906250357788'), Decimal('157.72013455352842')]",49.40638629061026,"{'center': [2.740104016483392, Decimal('-2.1714467210939294'), 84.50452964490482], 'radius': 12.0}","{'center': [180.103827538695, Decimal('104.06834553442886')], 'axes': [176.0852354604779, 176.0852354604779], 'angle': 90.0}",0.5847199374906409,1,244.457167,2.170947188665575,-1.8000083403414033,"[0.5131533203236809, Decimal('0.34283277269363155')]",pupil.1,1,3d c++
"{'center': [Decimal('0.49916537193204835'), 4.614436130367535, 74.86450952471847], 'normal': [Decimal('-0.18674488704594533'), 0.5654902376217887, -0.803335010015529], 'radius': 2.987501348786716}",0.8673411128710123,372.044767,5.975002697573432,"{'center': [164.2844372878758, 157.7878677950987], 'axes': [38.09870847691759, 49.51091343814863], 'angle': -73.37814543550667}","[164.2844372878758, 157.7878677950987]",49.51091343814863,"{'center': [2.740104016483392, Decimal('-2.1714467210939294'), 84.50452964490482], 'radius': 12.0}","{'center': [180.103827538695, Decimal('104.06834553442886')], 'axes': [176.0852354604779, 176.0852354604779], 'angle': 90.0}",0.5850930169462809,1,244.457167,2.171823863283353,-1.799201785661741,"[0.5133888665246118, 0.3425505508537554]",pupil.1,1,3d c++
"{'center': [0.4894097653757754, 4.616353459653988, 74.86813280302094], 'normal': [Decimal('-0.18755785425896804'), 0.5656500150623265, -0.8030330701569903], 'radius': Decimal('2.9893278654468487')}",0.9771068795978054,372.053167,5.978655730893697,"{'center': [164.2041657892434, Decimal('157.80149397918024')], 'axes': [38.10323085071212, 49.53876853020328], 'angle': -73.30388464732441}","[164.2041657892434, Decimal('157.80149397918024')]",49.53876853020328,"{'center': [2.740104016483392, Decimal('-2.1714467210939294'), 84.50452964490482], 'radius': 12.0}","{'center': [180.103827538695, Decimal('104.06834553442886')], 'axes': [176.0852354604779, 176.0852354604779], 'angle': 90.0}",0.582598312206839,1,244.457167,2.172017603311177,-1.8002449251200012,"[0.5131380180913856, Decimal('0.34249377508674905')]",pupil.1,1,3d c++
"{'center': [0.5068719176857197, 4.58987493933946, 74.84548187625526], 'normal': [Decimal('-0.18610267489980603'), 0.5634434717027824, -0.8049206473874632], 'radius': Decimal('2.9881893566016235')}",0.9982664522515698,372.061567,5.976378713203247,"{'center': [Decimal('164.34927387228285'), Decimal('157.59419030331546')], 'axes': [38.21127259412708, Decimal('49.534823119772284')], 'angle': -73.38541077658357}","[Decimal('164.34927387228285'), Decimal('157.59419030331546')]",49.534823119772284,"{'center': [2.740104016483392, Decimal('-2.1714467210939294'), 84.50452964490482], 'radius': 12.0}","{'center': [180.103827538695, Decimal('104.06834553442886')], 'axes': [176.0852354604779, 176.0852354604779], 'angle': 90.0}",0.5842249090769469,1,244.457167,2.1693443030927835,-1.7980100466130065,"[0.5135914808508839, Decimal('0.34335754040285227')]",pupil.1,1,3d c++
"{'center': [Decimal('0.47716822751854027'), Decimal('4.6035601432899504'), 74.86199866997022], 'normal': [Decimal('-0.18857798241373766'), 0.5645839053653233, -0.8035442479112173], 'radius': Decimal('3.0006113873222318')}",0.8995431073046622,372.069967,6.0012227746444635,"{'center': [164.1051336608305, Decimal('157.69582410354613')], 'axes': [38.28251594639928, 49.72981773581676], 'angle': -73.17653158828588}","[164.1051336608305, Decimal('157.69582410354613')]",49.72981773581676,"{'center': [2.740104016483392, Decimal('-2.1714467210939294'), 84.50452964490482], 'radius': 12.0}","{'center': [180.103827538695, Decimal('104.06834553442886')], 'axes': [176.0852354604779, 176.0852354604779], 'angle': 90.0}",0.5847821712302248,1,244.457167,2.170725365834184,-1.8013076292876082,"[0.5128285426900953, 0.3429340662352245]",pupil.1,1,3d c++
"{'center': [Decimal('0.48525500425105816'), 4.596778561875434, 74.85534406004797], 'normal': [Decimal('-0.18790408435269448'), 0.5640187735807802, -0.8040987987380704], 'radius': Decimal('2.9867029523775748')}",0.8565233146074427,372.078367,5.9734059047551495,"{'center': [Decimal('164.17067367732463'), 157.6470077823356], 'axes': [Decimal('38.140516137787095'), Decimal('49.503582429815644')], 'angle': -73.22634973478475}","[Decimal('164.17067367732463'), 157.6470077823356]",49.503582429815644,"{'center': [2.740104016483392, Decimal('-2.1714467210939294'), 84.50452964490482], 'radius': 12.0}","{'center': [180.103827538695, Decimal('104.06834553442886')], 'axes': [176.0852354604779, 176.0852354604779], 'angle': 90.0}",0.5833030686196561,1,244.457167,2.1700408296127427,-1.8003596871552234,"[0.5130333552416395, Decimal('0.34313746757360164')]",pupil.1,1,3d c++
"{'center': [0.511968030664137, 4.614612501363592, 74.86166646750794], 'normal': [Decimal('-0.18567799881827127'), 0.5655049352047934, -0.8035719314497393], 'radius': Decimal('3.0006128410973907')}",0.7875647217886825,372.086767,6.001225682194781,"{'center': [Decimal('164.39120919563882'), Decimal('157.78682036439366')], 'axes': [Decimal('38.280309254169445'), 49.73027796920986], 'angle': -73.48175406077225}","[Decimal('164.39120919563882'), Decimal('157.78682036439366')]",49.73027796920986,"{'center': [2.740104016483392, Decimal('-2.1714467210939294'), 84.50452964490482], 'radius': 12.0}","{'center': [180.103827538695, Decimal('104.06834553442886')], 'axes': [176.0852354604779, 176.0852354604779], 'angle': 90.0}",0.5827707594535325,1,244.457167,2.171841683936762,-1.7978767397059003,"[0.5137225287363714, 0.3425549151483598]",pupil.1,1,3d c++
"{'center': [Decimal('0.48430857657565074'), 4.583312908969951, 74.84613385298623], 'normal': [-0.1879829533256451, 0.5628966358386567, -0.8048663159932158], 'radius': Decimal('3.0018827305057068')}",0.9995794383404875,372.095167,6.0037654610114135,"{'center': [Decimal('164.16510543843862'), Decimal('157.53602738197426')], 'axes': [38.38560162390892, Decimal('49.761374436174826')], 'angle': -73.18823944359536}","[Decimal('164.16510543843862'), Decimal('157.53602738197426')]",49.761374436174826,"{'center': [2.740104016483392, Decimal('-2.1714467210939294'), 84.50452964490482], 'radius': 12.0}","{'center': [180.103827538695, Decimal('104.06834553442886')], 'axes': [176.0852354604779, 176.0852354604779], 'angle': 90.0}",0.5881189176371593,1,244.457167,2.168682547387708,-1.8002412997151769,"[0.5130159544951207, 0.3435998859084406]",pupil.1,1,3d c++
"{'center': [0.5123114113828193, 4.59165148096297, 74.84546950335927], 'normal': [Decimal('-0.18564938375838105'), 0.5635915168380748, -0.8049216784621293], 'radius': Decimal('2.9767897037307924')}",0.9996753368040611,372.103567,5.953579407461585,"{'center': [164.3928545886872, 157.6120578029314], 'axes': [38.06477462887852, 49.34578889785049], 'angle': -73.43336567227705}","[164.3928545886872, 157.6120578029314]",49.34578889785049,"{'center': [2.740104016483392, Decimal('-2.1714467210939294'), 84.50452964490482], 'radius': 12.0}","{'center': [180.103827538695, Decimal('104.06834553442886')], 'axes': [176.0852354604779, 176.0852354604779], 'angle': 90.0}",0.5937113028160912,1,244.457167,2.1695235118999854,-1.797475126311633,"[0.5137276705896474, 0.3432830924877859]",pupil.1,1,3d c++
"{'center': [0.5083668368639693, 4.586876120722419, 74.8430379626185], 'normal': [Decimal('-0.18597809830161857'), 0.5631935701513623, -0.8051243068571934], 'radius': Decimal('2.9894495273614297')}",0.9813327438085676,372.111967,5.978899054722859,"{'center': [164.3618747540207, Decimal('157.57025380291313')], 'axes': [38.24068730519733, 49.55733445733552], 'angle': -73.3907848851671}","[164.3618747540207, Decimal('157.57025380291313')]",49.55733445733552,"{'center': [2.740104016483392, Decimal('-2.1714467210939294'), 84.50452964490482], 'radius': 12.0}","{'center': [180.103827538695, Decimal('104.06834553442886')], 'axes': [176.0852354604779, 176.0852354604779], 'angle': 90.0}",0.5967625161688361,1,244.457167,2.169041846654651,-1.7978076422287539,"[0.5136308586063147, Decimal('0.34345727582119534')]",pupil.1,1,3d c++
"{'center': [0.501437976615879, Decimal('4.5973272100531535'), 74.85196139438374], 'normal': [Decimal('-0.18655550332229276'), 0.5640644942622569, -0.8043806875434233], 'radius': Decimal('3.0002090954132767')}",0.882357254739708,372.120367,6.0004181908265535,"{'center': [164.3053316359644, Decimal('157.64914701067153')], 'axes': [38.32998426976582, 49.72989329923897], 'angle': -73.35821738096716}","[164.3053316359644, Decimal('157.64914701067153')]",49.72989329923897,"{'center': [2.740104016483392, Decimal('-2.1714467210939294'), 84.50452964490482], 'radius': 12.0}","{'center': [180.103827538695, Decimal('104.06834553442886')], 'axes': [176.0852354604779, 176.0852354604779], 'angle': 90.0}",0.5971425394488583,1,244.457167,2.170096198530169,-1.798691652780286,"[0.5134541613623888, 0.343128554122202]",pupil.1,1,3d c++
"{'center': [Decimal('0.49791451162722034'), 4.585079617669098, 74.84420159364723], 'normal': [-0.186849125404681, 0.5630438615635857, -0.8050273376047993], 'radius': Decimal('2.9905151870551965')}",0.9566782615253954,372.128767,5.981030374110393,"{'center': [164.2759552430208, Decimal('157.55466349192073')], 'axes': [38.24914132411985, 49.57418245235868], 'angle': -73.30219651340181}","[164.2759552430208, Decimal('157.55466349192073')]",49.57418245235868,"{'center': [2.740104016483392, Decimal('-2.1714467210939294'), 84.50452964490482], 'radius': 12.0}","{'center': [180.103827538695, Decimal('104.06834553442886')], 'axes': [176.0852354604779, 176.0852354604779], 'angle': 90.0}",0.5974608812990834,1,244.457167,2.1688606838592146,-1.7988609768687895,"[0.51336236013444, 0.3435222354503302]",pupil.1,1,3d c++
"{'center': [0.5035052490591712, Decimal('4.5868210971962355'), 74.84412375023248], 'normal': [-0.1863832306186851, 0.5631889848575138, -0.8050338245560276], 'radius': Decimal('3.0164866601369464')}",0.9114477187694677,372.137167,6.032973320273893,"{'center': [Decimal('164.32456334274863'), 157.5615515909437], 'axes': [38.5814749779056, Decimal('50.005047444371904')], 'angle': -73.35137191276027}","[Decimal('164.32456334274863'), 157.5615515909437]",50.005047444371904,"{'center': [2.740104016483392, Decimal('-2.1714467210939294'), 84.50452964490482], 'radius': 12.0}","{'center': [180.103827538695, Decimal('104.06834553442886')], 'axes': [176.0852354604779, 176.0852354604779], 'angle': 90.0}",0.5980913307524149,1,244.457167,2.169036297645256,-1.7983099881392162,"[0.5135142604460895, 0.3434935350377345]",pupil.1,1,3d c++
"{'center': [Decimal('0.49235855364872005'), 4.577330301989496, 74.84007678781005], 'normal': [Decimal('-0.18731212190288932'), 0.5623980852569521, -0.8053710714245647], 'radius': Decimal('3.0147347408603404')}",0.8361072533855258,372.145567,6.029469481720681,"{'center': [164.233044090125, 157.4858131048209], 'axes': [38.58282118586269, Decimal('49.978590975876934')], 'angle': -73.23978204814016}","[164.233044090125, 157.4858131048209]",49.978590975876934,"{'center': [2.740104016483392, Decimal('-2.1714467210939294'), 84.50452964490482], 'radius': 12.0}","{'center': [180.103827538695, Decimal('104.06834553442886')], 'axes': [176.0852354604779, 176.0852354604779], 'angle': 90.0}",0.5950479631563033,1,244.457167,2.1680794841211863,-1.7993124304214647,"[0.5132282627816406, Decimal('0.34380911206324627')]",pupil.1,1,3d c++
"{'center': [0.5170985279999565, Decimal('4.5927614844962505'), 74.84514384923443], 'normal': [Decimal('-0.18525045737361961'), 0.563684017132515, -0.8049488163058663], 'radius': Decimal('2.9843922606115725')}",0.8428460392516144,372.153967,5.968784521223145,"{'center': [164.4330023828667, Decimal('157.61915916495502')], 'axes': [38.16333155475926, 49.4721287796925], 'angle': -73.47458337013457}","[164.4330023828667, Decimal('157.61915916495502')]",49.4721287796925,"{'center': [2.740104016483392, Decimal('-2.1714467210939294'), 84.50452964490482], 'radius': 12.0}","{'center': [180.103827538695, Decimal('104.06834553442886')], 'axes': [176.0852354604779, 176.0852354604779], 'angle': 90.0}",0.5930176644782237,1,244.457167,2.1696354947360463,-1.7969971303068124,"[0.5138531324464585, 0.3432535034793541]",pupil.1,1,3d c++
"{'center': [0.517869586614355, 4.594915595243931, 74.8464752268169], 'normal': [Decimal('-0.18518620248908643'), 0.5638635263614883, -0.8048378681739933], 'radius': 2.988617489393504}",0.9039398005088302,372.162367,5.977234978787008,"{'center': [164.4396651291898, Decimal('157.63507238367256')], 'axes': [38.21000478827066, 49.54134272000761], 'angle': -73.48562552390617}","[164.4396651291898, Decimal('157.63507238367256')]",49.54134272000761,"{'center': [2.740104016483392, Decimal('-2.1714467210939294'), 84.50452964490482], 'radius': 12.0}","{'center': [180.103827538695, Decimal('104.06834553442886')], 'axes': [176.0852354604779, 176.0852354604779], 'angle': 90.0}",0.593461252561378,1,244.457167,2.1698528368736816,-1.796951439059378,"[0.5138739535287181, Decimal('0.34318719840136436')]",pupil.1,1,3d c++
"{'center': [0.5081506998913068, 4.580478086247503, 74.83861552421448], 'normal': [-0.1859961097160071, 0.562660400611786, -0.8054928433908619], 'radius': 2.99633605976301}",0.9055211594010986,372.170767,5.99267211952602,"{'center': [Decimal('164.36112334062744'), Decimal('157.51762754273733')], 'axes': [Decimal('38.353313044859384'), 49.67446148885723], 'angle': -73.3746899399472}","[Decimal('164.36112334062744'), Decimal('157.51762754273733')]",49.67446148885723,"{'center': [2.740104016483392, Decimal('-2.1714467210939294'), 84.50452964490482], 'radius': 12.0}","{'center': [180.103827538695, Decimal('104.06834553442886')], 'axes': [176.0852354604779, 176.0852354604779], 'angle': 90.0}",0.5933291875616198,1,244.457167,2.1683967585906805,-1.797728536296775,"[0.5136285104394608, Decimal('0.34367655190526114')]",pupil.1,1,3d c++
"{'center': [0.5140923545441956, 4.594400961136998, 74.84698455198597], 'normal': [-0.1855009718282664, 0.5638206401859106, -0.8047954244099047], 'radius': 3.003428396156537}",0.8740280042620121,372.179167,6.006856792313074,"{'center': [164.4100623881557, 157.6263663362735], 'axes': [Decimal('38.397204388649776'), 49.78663865032113], 'angle': -73.45394939345987}","[164.4100623881557, 157.6263663362735]",49.78663865032113,"{'center': [2.740104016483392, Decimal('-2.1714467210939294'), 84.50452964490482], 'radius': 12.0}","{'center': [180.103827538695, Decimal('104.06834553442886')], 'axes': [176.0852354604779, 176.0852354604779], 'angle': 90.0}",0.5898711815151114,1,244.457167,2.169800909185106,-1.7973343816525977,"[0.5137814449629865, 0.3432234735988604]",pupil.1,1,3d c++
"{'center': [0.5045158349690668, 4.578439136892923, 74.83803149992892], 'normal': [-0.1862990151261938, 0.562490488165571, -0.8055415120813252], 'radius': Decimal('3.0122276518966284')}",0.8493998321191727,372.187567,6.024455303793257,"{'center': [164.3328926022207, Decimal('157.49655239117436')], 'axes': [38.5606244963978, Decimal('49.938430906955425')], 'angle': -73.34069298625047}","[164.3328926022207, Decimal('157.49655239117436')]",49.938430906955425,"{'center': [2.740104016483392, Decimal('-2.1714467210939294'), 84.50452964490482], 'radius': 12.0}","{'center': [180.103827538695, Decimal('104.06834553442886')], 'axes': [176.0852354604779, 176.0852354604779], 'angle': 90.0}",0.5895712417985588,1,244.457167,2.168191239051709,-1.7980722567267076,"[0.5135402893819397, Decimal('0.34376436503677354')]",pupil.1,1,3d c++
"{'center': [0.504068953900374, 4.582182922637937, 74.84075016510472], 'normal': [-0.1863362552152515, 0.5628024703109888, -0.8053149566500086], 'radius': 2.996766492713202}",0.8901661312251388,372.195967,5.993532985426404,"{'center': [164.3274463245898, Decimal('157.53057994931712')], 'axes': [Decimal('38.347520645672695'), 49.68017425059261], 'angle': -73.34547568006226}","[164.3274463245898, Decimal('157.53057994931712')]",49.68017425059261,"{'center': [2.740104016483392, Decimal('-2.1714467210939294'), 84.50452964490482], 'radius': 12.0}","{'center': [180.103827538695, Decimal('104.06834553442886')], 'axes': [176.0852354604779, 176.0852354604779], 'angle': 90.0}",0.589991598668671,1,244.457167,2.168568622687315,-1.7981779085250138,"[0.5135232697643431, Decimal('0.34362258354451203')]",pupil.1,1,3d c++
"{'center': [Decimal('0.49687785873804513'), 4.590090759277253, 74.84794912658765], 'normal': [Decimal('-0.18693551314544557'), 0.5634614566975985, -0.8047150431930978], 'radius': Decimal('3.0309440008728505')}",0.9704015253436055,372.204367,6.061888001745701,"{'center': [Decimal('164.27127659990373'), Decimal('157.58256096037917')], 'axes': [38.74602863635791, 50.24226719608805], 'angle': -73.30516809176493}","[Decimal('164.27127659990373'), Decimal('157.58256096037917')]",50.24226719608805,"{'center': [2.740104016483392, Decimal('-2.1714467210939294'), 84.50452964490482], 'radius': 12.0}","{'center': [180.103827538695, Decimal('104.06834553442886')], 'axes': [176.0852354604779, 176.0852354604779], 'angle': 90.0}",0.5919167123618951,1,244.457167,2.1693660727808313,-1.7990483032893825,"[0.5133477393746991, Decimal('0.34340599599842014')]",pupil.1,1,3d c++
"{'center': [0.4879301861469112, 4.575464331419905, 74.83980490555429], 'normal': [Decimal('-0.18768115252804007'), 0.5622425877094862, -0.8053937282792107], 'radius': Decimal('3.0338172921838953')}",0.8270937649645521,372.212767,6.067634584367791,"{'center': [164.1986189098424, Decimal('157.46507414981258')], 'axes': [38.82936334662885, Decimal('50.295278507476624')], 'angle': -73.19975045983304}","[164.1986189098424, Decimal('157.46507414981258')]",50.295278507476624,"{'center': [2.740104016483392, Decimal('-2.1714467210939294'), 84.50452964490482], 'radius': 12.0}","{'center': [180.103827538695, Decimal('104.06834553442886')], 'axes': [176.0852354604779, 176.0852354604779], 'angle': 90.0}",0.5916419484101598,1,244.457167,2.1678914397585594,-1.7997408663428456,"[0.5131206840932575, Decimal('0.34389552437578097')]",pupil.1,1,3d c++
"{'center': [0.4922299253900295, 4.591163050921368, 74.84978101316746], 'normal': [Decimal('-0.18732284092444687'), 0.5635508143346082, -0.8045623859781132], 'radius': Decimal('3.0181835079671533')}",0.932952090661479,372.221167,6.036367015934307,"{'center': [Decimal('164.23162684083448'), 157.5942607076111], 'axes': [Decimal('38.573081685859094'), Decimal('50.029381650788295')], 'angle': -73.27001603708331}","[Decimal('164.23162684083448'), 157.5942607076111]",50.029381650788295,"{'center': [2.740104016483392, Decimal('-2.1714467210939294'), 84.50452964490482], 'radius': 12.0}","{'center': [180.103827538695, Decimal('104.06834553442886')], 'axes': [176.0852354604779, 176.0852354604779], 'angle': 90.0}",0.5912901597561415,1,244.457167,2.169474239288875,-1.7995468308878546,"[0.5132238338776077, 0.3433572470516204]",pupil.1,1,3d c++
"{'center': [Decimal('0.48454171522116996'), 4.566574567566649, 74.83439480516853], 'normal': [-0.1879635251051852, 0.5615017740550482, -0.8058445699780237], 'radius': 3.011336366515364}",0.8571976774723432,372.229567,6.022672733030728,"{'center': [Decimal('164.16884190187594'), Decimal('157.40085749130287')], 'axes': [38.57171506455182, 49.92591938071595], 'angle': -73.15205696136731}","[Decimal('164.16884190187594'), Decimal('157.40085749130287')]",49.92591938071595,"{'center': [2.740104016483392, Decimal('-2.1714467210939294'), 84.50452964490482], 'radius': 12.0}","{'center': [180.103827538695, Decimal('104.06834553442886')], 'axes': [176.0852354604779, 176.0852354604779], 'angle': 90.0}",0.5902270032206558,1,244.457167,2.166995897975458,-1.7999495565980979,"[0.5130276309433623, 0.344163093786238]",pupil.1,1,3d c++
"{'center': [0.5198131354414257, 4.587835863482308, 74.84107232645992], 'normal': [Decimal('-0.18502424008683052'), 0.5632735487146865, -0.8052881098704082], 'radius': 3.016990909789585}",0.9546182057238841,372.237967,6.03398181957917,"{'center': [Decimal('164.45891441568727'), Decimal('157.57109390979508')], 'axes': [38.60297149681426, 50.01553108001006], 'angle': -73.48563201609818}","[Decimal('164.45891441568727'), Decimal('157.57109390979508')]",50.01553108001006,"{'center': [2.740104016483392, Decimal('-2.1714467210939294'), 84.50452964490482], 'radius': 12.0}","{'center': [180.103827538695, Decimal('104.06834553442886')], 'axes': [176.0852354604779, 176.0852354604779], 'angle': 90.0}",0.5918413397019484,1,244.457167,2.1691386381129676,-1.7966382282518671,"[0.5139341075490227, Decimal('0.34345377537585386')]",pupil.1,1,3d c++
"{'center': [0.503452856932527, 4.587592682465733, 74.84467571580177], 'normal': [Decimal('-0.18638759662923876'), 0.5632532836299718, -0.804987827425254], 'radius': Decimal('3.0285421872949305')}",0.866721473697007,372.246367,6.057084374589861,"{'center': [Decimal('164.32532218688186'), Decimal('157.56416426756968')], 'axes': [38.73277231150514, 50.2046435945795], 'angle': -73.3527003398049}","[Decimal('164.32532218688186'), Decimal('157.56416426756968')]",50.2046435945795,"{'center': [2.740104016483392, Decimal('-2.1714467210939294'), 84.50452964490482], 'radius': 12.0}","{'center': [180.103827538695, Decimal('104.06834553442886')], 'axes': [176.0852354604779, 176.0852354604779], 'angle': 90.0}",0.5880057061055655,1,244.457167,2.169114112348401,-1.798327692004957,"[0.5135166318340059, Decimal('0.34348264888512636')]",pupil.1,1,3d c++
"{'center': [0.4921300257653587, 4.583239388966788, 74.84425902283589], 'normal': [Decimal('-0.18733116589316945'), 0.5628905091717264, -0.8050225518390777], 'radius': 3.018421522301698}",0.8511553971664231,372.254767,6.036843044603396,"{'center': [Decimal('164.23123559387437'), Decimal('157.53148829048592')], 'axes': [Decimal('38.606833481249666'), Decimal('50.036979188455746')], 'angle': -73.25131290292781}","[Decimal('164.23123559387437'), Decimal('157.53148829048592')]",50.036979188455746,"{'center': [2.740104016483392, Decimal('-2.1714467210939294'), 84.50452964490482], 'radius': 12.0}","{'center': [180.103827538695, Decimal('104.06834553442886')], 'axes': [176.0852354604779, 176.0852354604779], 'angle': 90.0}",0.5867032623480095,1,244.457167,2.1686751348661044,-1.7994303931555635,"[0.5132226112308574, Decimal('0.34361879878964197')]",pupil.1,1,3d c++
"{'center': [Decimal('0.49259039305960073'), 4.585847600184879, 74.84597613166395], 'normal': [-0.1872928019519826, 0.5631078601065673, -0.8048794594367396], 'radius': Decimal('3.0278979816714946')}",0.8665034416348336,372.263167,6.055795963342989,"{'center': [Decimal('164.23586580985176'), 157.5494330474308], 'axes': [38.71855104612223, 50.19302706096702], 'angle': -73.2609441377871}","[Decimal('164.23586580985176'), 157.5494330474308]",50.19302706096702,"{'center': [2.740104016483392, Decimal('-2.1714467210939294'), 84.50452964490482], 'radius': 12.0}","{'center': [180.103827538695, Decimal('104.06834553442886')], 'axes': [176.0852354604779, 176.0852354604779], 'angle': 90.0}",0.5874549124010087,1,244.457167,2.1689381259446057,-1.7994244224662,"[0.5132370806557868, Decimal('0.34354402896903835')]",pupil.1,1,3d c++
"{'center': [Decimal('0.48319711234425666'), 4.572754327738938, 74.83901758195799], 'normal': [Decimal('-0.18807557534492794'), 0.5620167540694057, -0.8054593385789028], 'radius': 3.043355810086}",0.9998273041318919,372.271567,6.086711620172,"{'center': [Decimal('164.16075465118664'), Decimal('157.44037109645728')], 'axes': [Decimal('38.956559650800436'), 50.45399667689985], 'angle': -73.15530998622175}","[Decimal('164.16075465118664'), Decimal('157.44037109645728')]",50.45399667689985,"{'center': [2.740104016483392, Decimal('-2.1714467210939294'), 84.50452964490482], 'radius': 12.0}","{'center': [180.103827538695, Decimal('104.06834553442886')], 'axes': [176.0852354604779, 176.0852354604779], 'angle': 90.0}",0.5898609608003036,1,244.457167,2.1676183802285154,-1.8001872805230168,"[0.5130023582849582, Decimal('0.34399845376476135')]",pupil.1,1,3d c++
"{'center': [0.5089013996641762, 4.587033982602163, 74.84302492460029], 'normal': [Decimal('-0.18593355140160134'), 0.5632067253080077, -0.8051253933587106], 'radius': Decimal('3.0034394591886033')}",0.9345264395849304,372.279967,6.006878918377207,"{'center': [164.367684019818, Decimal('157.56754512810713')], 'axes': [38.41985672048697, Decimal('49.789394589791186')], 'angle': -73.3954859838969}","[164.367684019818, Decimal('157.56754512810713')]",49.789394589791186,"{'center': [2.740104016483392, Decimal('-2.1714467210939294'), 84.50452964490482], 'radius': 12.0}","{'center': [180.103827538695, Decimal('104.06834553442886')], 'axes': [176.0852354604779, 176.0852354604779], 'angle': 90.0}",0.5912061179558115,1,244.457167,2.1690577668168713,-1.7977548192029258,"[0.5136490125619313, Decimal('0.34346856196622033')]",pupil.1,1,3d c++
"{'center': [0.4832675201697745, 4.588677186591809, 74.8501309696044], 'normal': [-0.1880697080261348, 0.5633436589738116, -0.8045332229417019], 'radius': Decimal('3.0435842895174274')}",0.9665781339873416,372.288367,6.087168579034855,"{'center': [164.1605470885521, Decimal('157.56630887714098')], 'axes': [38.89718421341839, 50.45037949382657], 'angle': -73.19206419957995}","[164.1605470885521, Decimal('157.56630887714098')]",50.45037949382657,"{'center': [2.740104016483392, Decimal('-2.1714467210939294'), 84.50452964490482], 'radius': 12.0}","{'center': [180.103827538695, Decimal('104.06834553442886')], 'axes': [176.0852354604779, 176.0852354604779], 'angle': 90.0}",0.5976261330887023,1,244.457167,2.1692234920301527,-1.8004352411491786,"[0.5130017096517253, Decimal('0.34347371301191254')]",pupil.1,1,3d c++
"{'center': [0.5039879544593213, Decimal('4.5770957475620175'), 74.83721566914583], 'normal': [Decimal('-0.18634300516867255'), 0.5623785390546622, -0.8056094979799158], 'radius': Decimal('3.0303218484622922')}",0.8674012866570295,372.296767,6.0606436969245845,"{'center': [Decimal('164.33046103740162'), 157.4806365686714], 'axes': [38.79713754343933, Decimal('50.239117559606015')], 'angle': -73.33342061475447}","[Decimal('164.33046103740162'), 157.4806365686714]",50.239117559606015,"{'center': [2.740104016483392, Decimal('-2.1714467210939294'), 84.50452964490482], 'radius': 12.0}","{'center': [180.103827538695, Decimal('104.06834553442886')], 'axes': [176.0852354604779, 176.0852354604779], 'angle': 90.0}",0.9692699252681458,1,244.457167,2.1680558454291865,-1.798105562540315,"[0.51353269074188, Decimal('0.34383068096386915')]",pupil.1,1,3d c++
"{'center': [0.4959345878761794, 4.575444614039215, 74.83792936933689], 'normal': [Decimal('-0.18701411905060106'), 0.5622409445944286, -0.8055500229639946], 'radius': 3.038583954543827}",0.9830804376235026,372.305167,6.077167909087654,"{'center': [Decimal('164.26505052626885'), Decimal('157.46435133919232')], 'axes': [38.89999566105681, 50.37564636247784], 'angle': -73.26449316029768}","[Decimal('164.26505052626885'), Decimal('157.46435133919232')]",50.37564636247784,"{'center': [2.740104016483392, Decimal('-2.1714467210939294'), 84.50452964490482], 'radius': 12.0}","{'center': [180.103827538695, Decimal('104.06834553442886')], 'axes': [176.0852354604779, 176.0852354604779], 'angle': 90.0}",0.9724718344423899,1,244.457167,2.16788945285544,-1.7989124246071682,"[0.5133282828945902, 0.3438985360866986]",pupil.1,1,3d c++
"{'center': [Decimal('0.49456990340151163'), 4.594360760661351, 74.85147698438287], 'normal': [Decimal('-0.18712784275682337'), 0.5638172901462734, -0.8044210550434956], 'radius': 3.023344976748044}",0.9825764040765907,372.313567,6.046689953496088,"{'center': [Decimal('164.25126547408294'), Decimal('157.61830634659023')], 'axes': [38.62940613569758, 50.11387927151817], 'angle': -73.29612681234869}","[Decimal('164.25126547408294'), Decimal('157.61830634659023')]",50.11387927151817,"{'center': [2.740104016483392, Decimal('-2.1714467210939294'), 84.50452964490482], 'radius': 12.0}","{'center': [180.103827538695, Decimal('104.06834553442886')], 'axes': [176.0852354604779, 176.0852354604779], 'angle': 90.0}",0.972291719353624,1,244.457167,2.1697968529481413,-1.7993556814274148,"[0.5132852046065092, 0.3432570568892074]",pupil.1,1,3d c++
"{'center': [0.4990325529464261, 4.574031530504593, 74.83622463045003], 'normal': [Decimal('-0.18675595529474714'), 0.5621231876332102, -0.8056920845378992], 'radius': 3.001605171936129}",0.9531247759427682,372.321967,6.003210343872258,"{'center': [Decimal('164.28686209309635'), Decimal('157.46416331040763')], 'axes': [Decimal('38.435120550113794'), Decimal('49.763379258380375')], 'angle': -73.28632586412361}","[Decimal('164.28686209309635'), Decimal('157.46416331040763')]",49.763379258380375,"{'center': [2.740104016483392, Decimal('-2.1714467210939294'), 84.50452964490482], 'radius': 12.0}","{'center': [180.103827538695, Decimal('104.06834553442886')], 'axes': [176.0852354604779, 176.0852354604779], 'angle': 90.0}",0.9720944799911035,1,244.457167,2.1677470646575987,-1.7985695181194987,"[0.5133964440409261, 0.3438993195399682]",pupil.1,1,3d c++
"{'center': [Decimal('0.49235533034662726'), 4.587450433291357, 74.84715240776569], 'normal': [-0.1873123905113971, 0.5632414295321072, -0.8047814364282604], 'radius': 3.020216983824745}",0.992275301283254,372.330367,6.04043396764949,"{'center': [Decimal('164.23305908136925'), Decimal('157.56431293750683')], 'axes': [Decimal('38.613704359066716'), 50.06484743393235], 'angle': -73.26265276465243}","[Decimal('164.23305908136925'), Decimal('157.56431293750683')]",50.06484743393235,"{'center': [2.740104016483392, Decimal('-2.1714467210939294'), 84.50452964490482], 'radius': 12.0}","{'center': [180.103827538695, Decimal('104.06834553442886')], 'axes': [176.0852354604779, 176.0852354604779], 'angle': 90.0}",0.9724714238311116,1,244.457167,2.169099766148244,-1.7994743986207362,"[0.5132283096292789, Decimal('0.34348202942705486')]",pupil.1,1,3d c++
"{'center': [0.5092276388678121, 4.594806442230503, 74.84839124916924], 'normal': [Decimal('-0.18590636480129835'), 0.563854430277036, -0.8046781996446316], 'radius': 3.028447775038393}",0.9832128463686065,372.338767,6.056895550076786,"{'center': [Decimal('164.37250416591104'), 157.621853178045], 'axes': [38.71016007440828, 50.20064976379612], 'angle': -73.41555877081804}","[Decimal('164.37250416591104'), 157.621853178045]",50.20064976379612,"{'center': [2.740104016483392, Decimal('-2.1714467210939294'), 84.50452964490482], 'radius': 12.0}","{'center': [180.103827538695, Decimal('104.06834553442886')], 'axes': [176.0852354604779, 176.0852354604779], 'angle': 90.0}",0.9724032072717104,1,244.457167,2.1698418229459704,-1.7978445857962415,"[0.513664075518472, 0.3432422784248125]",pupil.1,1,3d c++
"{'center': [Decimal('0.49958797157102364'), Decimal('4.5739833549118245'), 74.83606229261949], 'normal': [Decimal('-0.18670967040936404'), 0.5621191730004794, -0.805705612690444], 'radius': Decimal('2.9973610001175515')}",0.8051699393225229,372.347167,5.994722000235103,"{'center': [164.2910098967016, 157.4650561650433], 'axes': [Decimal('38.381545101272586'), Decimal('49.693085856265725')], 'angle': -73.29070904756612}","[164.2910098967016, 157.4650561650433]",49.693085856265725,"{'center': [2.740104016483392, Decimal('-2.1714467210939294'), 84.50452964490482], 'radius': 12.0}","{'center': [180.103827538695, Decimal('104.06834553442886')], 'axes': [176.0852354604779, 176.0852354604779], 'angle': 90.0}",0.972443849537441,1,244.457167,2.1677422105266144,-1.7985113066026608,"[0.5134094059271925, 0.3438955993123195]",pupil.1,1,3d c++
"{'center': [0.5004044557086345, 4.581495699519536, 74.84111852142753], 'normal': [Decimal('-0.18664163006456314'), 0.5627452017177887, -0.8052842602897737], 'radius': 3.030140623691643}",0.9938164548823463,372.355567,6.060281247383286,"{'center': [Decimal('164.30069147163158'), 157.5151454320912], 'axes': [Decimal('38.773451319234056'), 50.23349801609644], 'angle': -73.31432308508883}","[Decimal('164.30069147163158'), 157.5151454320912]",50.23349801609644,"{'center': [2.740104016483392, Decimal('-2.1714467210939294'), 84.50452964490482], 'radius': 12.0}","{'center': [180.103827538695, Decimal('104.06834553442886')], 'axes': [176.0852354604779, 176.0852354604779], 'angle': 90.0}",0.9725849638931083,1,244.457167,2.168499341491058,-1.798546191979433,"[0.5134396608488487, Decimal('0.34368689403295327')]",pupil.1,1,3d c++
"{'center': [0.4921715994053697, 4.592416840787404, 74.85067292520446], 'normal': [-0.1873277014231685, 0.5636552968234445, -0.8044880599750296], 'radius': Decimal('3.0337845412848603')}",0.9628638522375507,372.363967,6.067569082569721,"{'center': [Decimal('164.23268256057068'), Decimal('157.59965683947974')], 'axes': [38.76772143624866, 50.28754105141881], 'angle': -73.27239713548775}","[Decimal('164.23268256057068'), Decimal('157.59965683947974')]",50.28754105141881,"{'center': [2.740104016483392, Decimal('-2.1714467210939294'), 84.50452964490482], 'radius': 12.0}","{'center': [180.103827538695, Decimal('104.06834553442886')], 'axes': [176.0852354604779, 176.0852354604779], 'angle': 90.0}",0.9727350328981532,1,244.457167,2.169600724399272,-1.7995729662889466,"[0.5132271330017834, 0.3433347631688345]",pupil.1,1,3d c++
"{'center': [0.4791213300694732, Decimal('4.5802232260400615'), 74.84518648831781], 'normal': [Decimal('-0.18841522386782658'), 0.562639162261166, -0.8049452630489171], 'radius': Decimal('3.0403564926378825')}",0.9284651665507678,372.372367,6.080712985275765,"{'center': [Decimal('164.12649176248513'), 157.499932387924], 'axes': [38.88405652673534, 50.40011011146006], 'angle': -73.13936509266404}","[Decimal('164.12649176248513'), 157.499932387924]",50.40011011146006,"{'center': [2.740104016483392, Decimal('-2.1714467210939294'), 84.50452964490482], 'radius': 12.0}","{'center': [180.103827538695, Decimal('104.06834553442886')], 'axes': [176.0852354604779, 176.0852354604779], 'angle': 90.0}",0.9728412314963353,1,244.457167,2.1683710679293218,-1.800728762153825,"[0.5128952867577661, 0.3437502817169834]",pupil.1,1,3d c++
"{'center': [0.4933988736889985, 4.582152698842275, 74.84320412112815], 'normal': [Decimal('-0.18722542856619948'), 0.5627999516613503, -0.8051104603147228], 'radius': 3.017299286615886}",0.8764744071766624,372.380767,6.034598573231772,"{'center': [Decimal('164.24162944418885'), Decimal('157.52334309804309')], 'axes': [38.59817691885805, 50.01907020535215], 'angle': -73.25911386950894}","[Decimal('164.24162944418885'), Decimal('157.52334309804309')]",50.01907020535215,"{'center': [2.740104016483392, Decimal('-2.1714467210939294'), 84.50452964490482], 'radius': 12.0}","{'center': [180.103827538695, Decimal('104.06834553442886')], 'axes': [176.0852354604779, 176.0852354604779], 'angle': 90.0}",0.9728211379546825,1,244.457167,2.1685655756595357,-1.7992816985553912,"[0.5132550920130902, Decimal('0.34365273709148714')]",pupil.1,1,3d c++
"{'center': [0.4980333984712084, 4.585921822621035, 74.84476309967931], 'normal': [Decimal('-0.18683921816768198'), 0.5631140453095803, -0.8049805454354592], 'radius': Decimal('3.0160603475008188')}",0.9923297178347474,372.389167,6.0321206950016375,"{'center': [Decimal('164.27948829636682'), 157.5539998680743], 'axes': [38.57310656316471, 49.99751936447359], 'angle': -73.3050953731911}","[Decimal('164.27948829636682'), 157.5539998680743]",49.99751936447359,"{'center': [2.740104016483392, Decimal('-2.1714467210939294'), 84.50452964490482], 'radius': 12.0}","{'center': [180.103827538695, Decimal('104.06834553442886')], 'axes': [176.0852354604779, 176.0852354604779], 'angle': 90.0}",0.9726412165555032,1,244.457167,2.168945610628739,-1.798862100652642,"[0.5133734009261464, 0.3435250005496904]",pupil.1,1,3d c++
"{'center': [0.5094892362542023, 4.587321826457929, 74.84309054801832], 'normal': [Decimal('-0.18588456501909914'), 0.5632307122959882, -0.8051199247405407], 'radius': Decimal('3.0007948313702353')}",0.9388676078649569,372.397567,6.001589662740471,"{'center': [Decimal('164.37224454993728'), Decimal('157.57064267677134')], 'axes': [38.38555706663114, 49.7454890860534], 'angle': -73.40088358743247}","[Decimal('164.37224454993728'), Decimal('157.57064267677134')]",49.7454890860534,"{'center': [2.740104016483392, Decimal('-2.1714467210939294'), 84.50452964490482], 'radius': 12.0}","{'center': [180.103827538695, Decimal('104.06834553442886')], 'axes': [176.0852354604779, 176.0852354604779], 'angle': 90.0}",0.9732200218531828,1,244.457167,2.1690867959344997,-1.7976985446813405,"[0.513663264218554, 0.3434556555134527]",pupil.1,1,3d c++
"{'center': [Decimal('0.49412031419761915'), 4.584111491599078, 74.84440591671259], 'normal': [-0.1871653085238144, 0.562963184391084, -0.8050103106826867], 'radius': Decimal('3.0179728013504947')}",0.8656874126698644,372.405967,6.0359456027009895,"{'center': [164.247540866881, Decimal('157.53872262661997')], 'axes': [38.60003774554217, 50.02945185700208], 'angle': -73.26937473114664}","[164.247540866881, Decimal('157.53872262661997')]",50.02945185700208,"{'center': [2.740104016483392, Decimal('-2.1714467210939294'), 84.50452964490482], 'radius': 12.0}","{'center': [180.103827538695, Decimal('104.06834553442886')], 'axes': [176.0852354604779, 176.0852354604779], 'angle': 90.0}",0.9732677978701365,1,244.457167,2.168763065450677,-1.7992382935999007,"[0.5132735652090031, 0.3435886557224168]",pupil.1,1,3d c++
"{'center': [0.4894618193867575, 4.57233318185423, 74.83726310667177], 'normal': [Decimal('-0.18755351642471954'), 0.5619816585790133, -0.8056055448527547], 'radius': Decimal('3.0273513071796576')}",0.9435996512435028,372.414367,6.054702614359315,"{'center': [Decimal('164.21073035425272'), Decimal('157.44232219841174')], 'axes': [Decimal('38.760506529149495'), 50.18971750621408], 'angle': -73.20502324418706}","[Decimal('164.21073035425272'), Decimal('157.44232219841174')]",50.18971750621408,"{'center': [2.740104016483392, Decimal('-2.1714467210939294'), 84.50452964490482], 'radius': 12.0}","{'center': [180.103827538695, Decimal('104.06834553442886')], 'axes': [176.0852354604779, 176.0852354604779], 'angle': 90.0}",0.9733180099902761,1,244.457167,2.167575950186469,-1.7995324671326585,"[0.5131585323570398, Decimal('0.34399032417328435')]",pupil.1,1,3d c++
"{'center': [0.5092415332896421, 4.57434191974154, 74.83408042088975], 'normal': [-0.1859052069328125, 0.5621490534029557, -0.805870768667923], 'radius': 2.994669579635336}",0.9879973676031442,372.422767,5.989339159270672,"{'center': [Decimal('164.37026396307252'), Decimal('157.46964901971256')], 'axes': [38.35685292048254, 49.64980092270807], 'angle': -73.36973406085801}","[Decimal('164.37026396307252'), Decimal('157.46964901971256')]",49.64980092270807,"{'center': [2.740104016483392, Decimal('-2.1714467210939294'), 84.50452964490482], 'radius': 12.0}","{'center': [180.103827538695, Decimal('104.06834553442886')], 'axes': [176.0852354604779, 176.0852354604779], 'angle': 90.0}",0.9732309247290072,1,244.457167,2.167778339592163,-1.7975186284332059,"[0.5136570748846017, 0.3438764624178643]",pupil.1,1,3d c++
"{'center': [0.5020727651640149, Decimal('4.5615241566438645'), 74.82680680956527], 'normal': [Decimal('-0.18650260427661478'), 0.5610809064781495, -0.8064769029449625], 'radius': Decimal('3.0195050434667277')}",0.9725709130094913,372.431167,6.039010086933455,"{'center': [Decimal('164.31438467006024'), Decimal('157.36030565286836')], 'axes': [38.716632394883, 50.06655907878075], 'angle': -73.28269891979443}","[Decimal('164.31438467006024'), Decimal('157.36030565286836')]",50.06655907878075,"{'center': [2.740104016483392, Decimal('-2.1714467210939294'), 84.50452964490482], 'radius': 12.0}","{'center': [180.103827538695, Decimal('104.06834553442886')], 'axes': [176.0852354604779, 176.0852354604779], 'angle': 90.0}",0.9730805659213249,1,244.457167,2.166487369353537,-1.798057261188381,"[0.5134824520939383, Decimal('0.34433205977971515')]",pupil.1,1,3d c++
"{'center': [0.5035820185520605, 4.578663667372945, 74.83840430450701], 'normal': [-0.1863768331609443, 0.5625091990389062, -0.8055104450331514], 'radius': 3.007045728940416}",0.823276531080644,372.439567,6.014091457880832,"{'center': [164.324660024197, Decimal('157.49972632631818')], 'axes': [38.49225757346613, 49.85222170164732], 'angle': -73.3336286029461}","[164.324660024197, Decimal('157.49972632631818')]",49.85222170164732,"{'center': [2.740104016483392, Decimal('-2.1714467210939294'), 84.50452964490482], 'radius': 12.0}","{'center': [180.103827538695, Decimal('104.06834553442886')], 'axes': [176.0852354604779, 176.0852354604779], 'angle': 90.0}",0.9738856106742189,1,244.457167,2.1682138695940125,-1.7981724235295273,"[0.5135145625756156, 0.3437511403070076]",pupil.1,1,3d c++
"{'center': [0.5017328073051046, 4.565069963147268, 74.82935330062759], 'normal': [Decimal('-0.18653093409819063'), 0.5613763903534331, -0.8062646953564359], 'radius': Decimal('2.9880803014657618')}",0.9992731431310647,372.447967,5.9761606029315235,"{'center': [Decimal('164.30820327874932'), Decimal('157.39736963931608')], 'axes': [38.2992627860461, 49.54354162882664], 'angle': -73.28792124289372}","[Decimal('164.30820327874932'), Decimal('157.39736963931608')]",49.54354162882664,"{'center': [2.740104016483392, Decimal('-2.1714467210939294'), 84.50452964490482], 'radius': 12.0}","{'center': [180.103827538695, Decimal('104.06834553442886')], 'axes': [176.0852354604779, 176.0852354604779], 'angle': 90.0}",0.9734913334966788,1,244.457167,2.1668443801943083,-1.7981483890379157,"[0.5134631352460917, Decimal('0.34417762650284967')]",pupil.1,1,3d c++
"{'center': [0.4865622673342407, 4.588746267645568, 74.84940974198082], 'normal': [Decimal('-0.18779514576242928'), 0.5633494157282914, -0.8045933252436667], 'radius': 3.02816030436641}",0.998461137980011,372.456367,6.05632060873282,"{'center': [Decimal('164.18608876546546'), Decimal('157.57167263722476')], 'axes': [38.703471000789, 50.19506275524748], 'angle': -73.21879908228087}","[Decimal('164.18608876546546'), Decimal('157.57167263722476')]",50.19506275524748,"{'center': [2.740104016483392, Decimal('-2.1714467210939294'), 84.50452964490482], 'radius': 12.0}","{'center': [180.103827538695, Decimal('104.06834553442886')], 'axes': [176.0852354604779, 176.0852354604779], 'angle': 90.0}",0.9735572992371377,1,244.457167,2.1692304596047216,-1.8000950945728393,"[0.5130815273920796, 0.3434513640115635]",pupil.1,1,3d c++
"{'center': [0.4931071505599949, Decimal('4.5803289492924915'), 74.84199734838397], 'normal': [Decimal('-0.18724973882694976'), 0.5626479725322017, -0.8052110247100707], 'radius': 3.023075884832033}",0.9671537884074382,372.464767,6.046151769664066,"{'center': [Decimal('164.23991187374705'), Decimal('157.50721252796444')], 'axes': [38.67891140293802, 50.1156836257896], 'angle': -73.25263910315194}","[Decimal('164.23991187374705'), Decimal('157.50721252796444')]",50.1156836257896,"{'center': [2.740104016483392, Decimal('-2.1714467210939294'), 84.50452964490482], 'radius': 12.0}","{'center': [180.103827538695, Decimal('104.06834553442886')], 'axes': [176.0852354604779, 176.0852354604779], 'angle': 90.0}",0.9734962039447681,1,244.457167,2.1683817250907826,-1.7992827876637705,"[0.5132497246054595, Decimal('0.34371994780014814')]",pupil.1,1,3d c++
"{'center': [0.5012462206399917, 4.580612426518847, 74.84030629084631], 'normal': [Decimal('-0.18657148298695003'), 0.5626715956343981, -0.8053519461715422], 'radius': Decimal('2.9992624042232725')}",0.9826916104311136,372.473167,5.998524808446545,"{'center': [Decimal('164.30452330088409'), Decimal('157.51714700018357')], 'axes': [38.38227686738803, 49.72184859254835], 'angle': -73.3190969819184}","[Decimal('164.30452330088409'), Decimal('157.51714700018357')]",49.72184859254835,"{'center': [2.740104016483392, Decimal('-2.1714467210939294'), 84.50452964490482], 'radius': 12.0}","{'center': [180.103827538695, Decimal('104.06834553442886')], 'axes': [176.0852354604779, 176.0852354604779], 'angle': 90.0}",0.9734458413048541,1,244.457167,2.1684103006674595,-1.7984450426346639,"[0.5134516353152627, Decimal('0.34367855416590176')]",pupil.1,1,3d c++
"{'center': [Decimal('0.48800703843224014'), 4.580502944845806, 74.84330638332614], 'normal': [Decimal('-0.18767474817092933'), 0.5626624721616447, -0.8051019384648909], 'radius': Decimal('3.0182973757654175')}",0.9975377887083681,372.481567,6.036594751530835,"{'center': [Decimal('164.19739767163006'), Decimal('157.50944730767566')], 'axes': [38.61102280706711, 50.03552376383907], 'angle': -73.21178210715313}","[Decimal('164.19739767163006'), Decimal('157.50944730767566')]",50.03552376383907,"{'center': [2.740104016483392, Decimal('-2.1714467210939294'), 84.50452964490482], 'radius': 12.0}","{'center': [180.103827538695, Decimal('104.06834553442886')], 'axes': [176.0852354604779, 176.0852354604779], 'angle': 90.0}",0.9733788181697789,1,244.457167,2.1683992644348264,-1.7998134263259955,"[0.5131168677238439, 0.3437106362180181]",pupil.1,1,3d c++
"{'center': [Decimal('0.48090702851577216'), 4.584652469190532, 74.84786600260084], 'normal': [Decimal('-0.18826641566396832'), 0.5630082658570384, -0.8047219701919989], 'radius': Decimal('2.9972050019304204')}",0.8609662273011183,372.489967,5.994410003860841,"{'center': [Decimal('164.13653685759394'), Decimal('157.54761770541546')], 'axes': [38.31655369832738, Decimal('49.682630630926326')], 'angle': -73.16379779835592}","[Decimal('164.13653685759394'), Decimal('157.54761770541546')]",49.682630630926326,"{'center': [2.740104016483392, Decimal('-2.1714467210939294'), 84.50452964490482], 'radius': 12.0}","{'center': [180.103827538695, Decimal('104.06834553442886')], 'axes': [176.0852354604779, 176.0852354604779], 'angle': 90.0}",0.9733887889245119,1,244.457167,2.1688176126821066,-1.8006150219002595,"[0.512926677679981, 0.3435515928941022]",pupil.1,1,3d c++
"{'center': [Decimal('0.49296043794344024'), Decimal('4.5740482157904605'), 74.83764577294826], 'normal': [Decimal('-0.18726196487832933'), 0.5621245780736991, -0.8055736559963794], 'radius': Decimal('3.0169348960238125')}",0.8858908394765996,372.498367,6.033869792047625,"{'center': [Decimal('164.23839644837116'), Decimal('157.45926389416155')], 'axes': [38.62445155303301, 50.01669670887073], 'angle': -73.23721984709191}","[Decimal('164.23839644837116'), Decimal('157.45926389416155')]",50.01669670887073,"{'center': [2.740104016483392, Decimal('-2.1714467210939294'), 84.50452964490482], 'radius': 12.0}","{'center': [180.103827538695, Decimal('104.06834553442886')], 'axes': [176.0852354604779, 176.0852354604779], 'angle': 90.0}",0.9733933333861855,1,244.457167,2.167748745856279,-1.7991978728870697,"[0.5132449889011599, Decimal('0.34391973377432683')]",pupil.1,1,3d c++
"{'center': [0.4887446418226391, 4.576557564475399, 74.84037840808816], 'normal': [Decimal('-0.18761328122172943'), 0.5623336904641107, -0.8053459364013889], 'radius': Decimal('3.0278981688062103')}",0.8587772850305169,372.506767,6.055796337612421,"{'center': [Decimal('164.20466236592137'), Decimal('157.47552479067656')], 'axes': [38.75022369103642, Decimal('50.196718193674684')], 'angle': -73.20881212477782}","[Decimal('164.20466236592137'), Decimal('157.47552479067656')]",50.196718193674684,"{'center': [2.740104016483392, Decimal('-2.1714467210939294'), 84.50452964490482], 'radius': 12.0}","{'center': [180.103827538695, Decimal('104.06834553442886')], 'axes': [176.0852354604779, 176.0852354604779], 'angle': 90.0}",0.9734107788187729,1,244.457167,2.1680016080930495,-1.7996740465877417,"[0.5131395698935043, Decimal('0.34385198003884765')]",pupil.1,1,3d c++
"{'center': [0.4821533609365596, 4.591082646283606, 74.85207630948423], 'normal': [Decimal('-0.18816255462890272'), 0.563544113948128, -0.8043711112850489], 'radius': 3.005170141499853}",0.9450315637757735,372.515167,6.010340282999706,"{'center': [Decimal('164.14729330757768'), Decimal('157.59633553935078')], 'axes': [38.39505310713396, 49.81197507958149], 'angle': -73.18846449432964}","[Decimal('164.14729330757768'), Decimal('157.59633553935078')]",49.81197507958149,"{'center': [2.740104016483392, Decimal('-2.1714467210939294'), 84.50452964490482], 'radius': 12.0}","{'center': [180.103827538695, Decimal('104.06834553442886')], 'axes': [176.0852354604779, 176.0852354604779], 'angle': 90.0}",0.9734025574352767,1,244.457167,2.169466128262599,-1.8005893535249329,"[0.5129602915861803, 0.3433486019193718]",pupil.1,1,3d c++
"{'center': [Decimal('0.48051304986029253'), 4.597012989462293, 74.85661785995714], 'normal': [Decimal('-0.18829924721859162'), 0.5640383092130186, -0.8039926487456405], 'radius': 3.032661979787214}",0.800591391898926,372.523567,6.065323959574428,"{'center': [164.1363067459873, 157.6351394309866], 'axes': [Decimal('38.721540136076136'), Decimal('50.264901188687084')], 'angle': -73.1887110747099}","[164.1363067459873, 157.6351394309866]",50.264901188687084,"{'center': [2.740104016483392, Decimal('-2.1714467210939294'), 84.50452964490482], 'radius': 12.0}","{'center': [180.103827538695, Decimal('104.06834553442886')], 'axes': [176.0852354604779, 176.0852354604779], 'angle': 90.0}",0.97344580602442,1,244.457167,2.1700644875080015,-1.8008549356969255,"[0.5129259585812103, 0.3431869190375558]",pupil.1,1,3d c++
"{'center': [0.4616448075451087, 4.577509543283044, 74.84739689368249], 'normal': [Decimal('-0.18987160074485696'), 0.5624130220314144, -0.8047610626018615], 'radius': 3.048698978698532}",0.9813800561381021,372.531967,6.097397957397064,"{'center': [Decimal('163.98355229413076'), Decimal('157.47422994420788')], 'axes': [Decimal('38.980527490322004'), 50.53689762545324], 'angle': -72.99205066409891}","[Decimal('163.98355229413076'), Decimal('157.47422994420788')]",50.53689762545324,"{'center': [2.740104016483392, Decimal('-2.1714467210939294'), 84.50452964490482], 'radius': 12.0}","{'center': [180.103827538695, Decimal('104.06834553442886')], 'axes': [176.0852354604779, 176.0852354604779], 'angle': 90.0}",0.9734199380059927,1,244.457167,2.1680975485417493,-1.8024945219201634,"[0.5124486009191587, 0.3438573752324672]",pupil.1,1,3d c++
"{'center': [Decimal('0.49190300271135756'), Decimal('4.5906980769469286'), 74.84953146095867], 'normal': [Decimal('-0.18735008448100288'), 0.5635120665034048, -0.8045831819955123], 'radius': 2.992728023974682}",0.8092185419309795,372.540367,5.985456047949364,"{'center': [Decimal('164.22636307456514'), Decimal('157.59786792267914')], 'axes': [38.24879961198208, Decimal('49.607353941713804')], 'angle': -73.26628721577035}","[Decimal('164.22636307456514'), Decimal('157.59786792267914')]",49.607353941713804,"{'center': [2.740104016483392, Decimal('-2.1714467210939294'), 84.50452964490482], 'radius': 12.0}","{'center': [180.103827538695, Decimal('104.06834553442886')], 'axes': [176.0852354604779, 176.0852354604779], 'angle': 90.0}",0.973437736801086,1,244.457167,2.169427334454452,-1.7995732416708932,"[0.5132073846080161, Decimal('0.34334221698883693')]",pupil.1,1,3d c++
"{'center': [Decimal('0.49337253660065095'), 4.58313325141035, 74.8438957603014], 'normal': [Decimal('-0.18722762332356177'), 0.5628816643753567, -0.8050528237169526], 'radius': 2.992229897726309}",0.8574451214585244,372.548767,5.984459795452618,"{'center': [Decimal('164.23880708699355'), Decimal('157.53830474090003')], 'axes': [38.2733110811959, Decimal('49.602795479943936')], 'angle': -73.26107853649457}","[Decimal('164.23880708699355'), Decimal('157.53830474090003')]",49.602795479943936,"{'center': [2.740104016483392, Decimal('-2.1714467210939294'), 84.50452964490482], 'radius': 12.0}","{'center': [180.103827538695, Decimal('104.06834553442886')], 'axes': [176.0852354604779, 176.0852354604779], 'angle': 90.0}",0.9734398574355652,1,244.457167,2.168664433804575,-1.7993000795140366,"[0.5132462721468548, 0.3435903969129165]",pupil.1,1,3d c++
"{'center': [0.4969083851881648, 4.597971386649849, 74.85346484135653], 'normal': [Decimal('-0.18693296927460226'), 0.5641181756453149, -0.8042554002956911], 'radius': 2.978354162774929}",0.843135544394488,372.557167,5.956708325549858,"{'center': [164.265773424017, Decimal('157.66003028801927')], 'axes': [38.04273778148127, Decimal('49.366424793663946')], 'angle': -73.32305651571603}","[164.265773424017, Decimal('157.66003028801927')]",49.366424793663946,"{'center': [2.740104016483392, Decimal('-2.1714467210939294'), 84.50452964490482], 'radius': 12.0}","{'center': [180.103827538695, Decimal('104.06834553442886')], 'axes': [176.0852354604779, 176.0852354604779], 'angle': 90.0}",0.9734512249910066,1,244.457167,2.170161210734354,-1.7991712639533355,"[0.5133305419500531, 0.343083207133253]",pupil.1,1,3d c++
"{'center': [0.4907542826801814, 4.594824462278456, 74.85269043944227], 'normal': [Decimal('-0.18744581115026757'), 0.5638559319476988, -0.8043199337885455], 'radius': 2.976471764989679}",0.8788769267433112,372.565567,5.952943529979358,"{'center': [Decimal('164.21504276531203'), Decimal('157.63503685303027')], 'axes': [38.02362264019624, 49.33567305274913], 'angle': -73.2662953662101}","[Decimal('164.21504276531203'), Decimal('157.63503685303027')]",49.33567305274913,"{'center': [2.740104016483392, Decimal('-2.1714467210939294'), 84.50452964490482], 'radius': 12.0}","{'center': [180.103827538695, Decimal('104.06834553442886')], 'axes': [176.0852354604779, 176.0852354604779], 'angle': 90.0}",0.9734082101364949,1,244.457167,2.1698436412272644,-1.7997584197388408,"[0.5131720086416001, Decimal('0.34318734644570725')]",pupil.1,1,3d c++
"{'center': [0.4969938247494521, 4.578909327000233, 74.84010261110205], 'normal': [Decimal('-0.18692584931116166'), 0.5625296706745134, -0.8053689194835645], 'radius': Decimal('2.9669568699382975')}",0.7466447388042847,372.573967,5.933913739876595,"{'center': [164.2663092709667, Decimal('157.51245115493623')], 'axes': [Decimal('37.969999951453424'), 49.1860946130736], 'angle': -73.28078897048202}","[164.2663092709667, Decimal('157.51245115493623')]",49.1860946130736,"{'center': [2.740104016483392, Decimal('-2.1714467210939294'), 84.50452964490482], 'radius': 12.0}","{'center': [180.103827538695, Decimal('104.06834553442886')], 'axes': [176.0852354604779, 176.0852354604779], 'angle': 90.0}",0.9734009558910794,1,244.457167,2.1682386301530823,-1.7988579627889412,"[0.513332216471771, 0.3436981201877657]",pupil.1,1,3d c++
"{'center': [0.4887762089131815, 4.590145625748708, 74.84987314982536], 'normal': [Decimal('-0.18761065063085086'), 0.563466028903553, -0.8045547079232893], 'radius': 2.980399837706008}",0.8751453980358326,372.582367,5.960799675412016,"{'center': [Decimal('164.19938115857772'), Decimal('157.59669689140557')], 'axes': [Decimal('38.089548396816326'), 49.40264508685513], 'angle': -73.23976868594964}","[Decimal('164.19938115857772'), Decimal('157.59669689140557')]",49.40264508685513,"{'center': [2.740104016483392, Decimal('-2.1714467210939294'), 84.50452964490482], 'radius': 12.0}","{'center': [180.103827538695, Decimal('104.06834553442886')], 'axes': [176.0852354604779, 176.0852354604779], 'angle': 90.0}",0.9733770181770351,1,244.457167,2.169371607195777,-1.7998882424567721,"[0.5131230661205554, Decimal('0.34334709628581017')]",pupil.1,1,3d c++
"{'center': [Decimal('0.48934617506467637'), 4.597352851982963, 74.85479174800803], 'normal': [Decimal('-0.18756315345155963'), 0.564066631089741, -0.8041448247413998], 'radius': 2.974095904230983}",0.8739069601468543,372.590767,5.948191808461966,"{'center': [164.2030731094226, Decimal('157.65556908973815')], 'axes': [Decimal('37.981894498334114'), Decimal('49.294893039156285')], 'angle': -73.26062976507835}","[164.2030731094226, Decimal('157.65556908973815')]",49.294893039156285,"{'center': [2.740104016483392, Decimal('-2.1714467210939294'), 84.50452964490482], 'radius': 12.0}","{'center': [180.103827538695, Decimal('104.06834553442886')], 'axes': [176.0852354604779, 176.0852354604779], 'angle': 90.0}",0.9733516447423485,1,244.457167,2.1700987863342593,-1.7999449504935787,"[0.5131346034669456, 0.3431017954594243]",pupil.1,1,3d c++
"{'center': [0.5085803754519951, 4.58802880115036, 74.8437950504913], 'normal': [Decimal('-0.18596030341928307'), 0.5632896268536908, -0.8050612162011272], 'radius': Decimal('2.9595537067595235')}",0.9774301329892057,372.599167,5.919107413519047,"{'center': [164.3605765037797, Decimal('157.58790830661485')], 'axes': [37.85368900296703, 49.06097499552201], 'angle': -73.39504994453924}","[164.3605765037797, Decimal('157.58790830661485')]",49.06097499552201,"{'center': [2.740104016483392, Decimal('-2.1714467210939294'), 84.50452964490482], 'radius': 12.0}","{'center': [180.103827538695, Decimal('104.06834553442886')], 'axes': [176.0852354604779, 176.0852354604779], 'angle': 90.0}",0.9730757454430417,1,244.457167,2.1691580969294173,-1.7978038435055435,"[0.5136268015743115, Decimal('0.34338371538910484')]",pupil.1,1,3d c++
"{'center': [Decimal('0.45341099628882997'), 4.597128892911039, 74.86308684888664], 'normal': [Decimal('-0.19055775168288017'), 0.5640479678337473, -0.8034535663348479], 'radius': 2.964681823260482}",0.8814634000531462,372.607567,5.929363646520964,"{'center': [163.9060912889688, Decimal('157.65271921520187')], 'axes': [37.82039286964555, 49.13316217879082], 'angle': -72.97061195679183}","[163.9060912889688, Decimal('157.65271921520187')]",49.13316217879082,"{'center': [2.740104016483392, Decimal('-2.1714467210939294'), 84.50452964490482], 'radius': 12.0}","{'center': [180.103827538695, Decimal('104.06834553442886')], 'axes': [176.0852354604779, 176.0852354604779], 'angle': 90.0}",0.9729794373326106,1,244.457167,2.1700761843598806,-1.803666869869617,"[0.5122065352780275, 0.3431136699366589]",pupil.1,1,3d c++
"{'center': [0.4805213877749104, 4.581272487585149, 74.84559235176664], 'normal': [Decimal('-0.18829855239237347'), 0.5627266007232565, -0.8049114410948482], 'radius': Decimal('2.9778949141772015')}",0.9294686344077281,372.615967,5.955789828354403,"{'center': [Decimal('164.13156355399875'), Decimal('157.52634735688835')], 'axes': [38.08192896583199, 49.36384172794685], 'angle': -73.15296822936145}","[Decimal('164.13156355399875'), Decimal('157.52634735688835')]",49.36384172794685,"{'center': [2.740104016483392, Decimal('-2.1714467210939294'), 84.50452964490482], 'radius': 12.0}","{'center': [180.103827538695, Decimal('104.06834553442886')], 'axes': [176.0852354604779, 176.0852354604779], 'angle': 90.0}",0.9728148530477543,1,244.457167,2.1684768394734757,-1.8006006627660966,"[0.5129111361062461, 0.3436402193462985]",pupil.1,1,3d c++
"{'center': [0.4952300986570952, 4.598706195121743, 74.85437054859352], 'normal': [Decimal('-0.18707282648552473'), 0.5641794096846393, -0.804179924692608], 'radius': Decimal('2.9352595049797485')}",0.9224055573975146,372.624367,5.870519009959497,"{'center': [164.2475958506317, Decimal('157.67786516018253')], 'axes': [Decimal('37.486981258656584'), 48.65114365077084], 'angle': -73.31109600770681}","[164.2475958506317, Decimal('157.67786516018253')]",48.65114365077084,"{'center': [2.740104016483392, Decimal('-2.1714467210939294'), 84.50452964490482], 'radius': 12.0}","{'center': [180.103827538695, Decimal('104.06834553442886')], 'axes': [176.0852354604779, 176.0852354604779], 'angle': 90.0}",0.9727323387098918,1,244.457167,2.1702353733007977,-1.7993569513321213,"[0.5132737370332241, Decimal('0.34300889516590616')]",pupil.1,1,3d c++
"{'center': [Decimal('0.47021361362689484'), 4.579254378397575, 74.84659859191298], 'normal': [Decimal('-0.18915753357137477'), 0.5625584249576254, -0.8048275877493204], 'radius': Decimal('2.9485133969749566')}",0.9908691301308794,372.632767,5.897026793949913,"{'center': [Decimal('164.04375719289808'), Decimal('157.51762821452982')], 'axes': [37.70149248143852, Decimal('48.875809881735144')], 'angle': -73.06506706794111}","[Decimal('164.04375719289808'), Decimal('157.51762821452982')]",48.875809881735144,"{'center': [2.740104016483392, Decimal('-2.1714467210939294'), 84.50452964490482], 'radius': 12.0}","{'center': [180.103827538695, Decimal('104.06834553442886')], 'axes': [176.0852354604779, 176.0852354604779], 'angle': 90.0}",0.972421606771734,1,244.457167,2.168273409325614,-1.8016354283770508,"[0.5126367412278066, 0.3436765491061258]",pupil.1,1,3d c++
"{'center': [Decimal('0.48892665275498937'), 4.585434646229535, 74.84654048230199], 'normal': [Decimal('-0.18759811364403356'), 0.5630734472769553, -0.8048324302169031], 'radius': 2.953475714166508}",0.8572975454495656,372.641167,5.906951428333016,"{'center': [Decimal('164.19814683993303'), Decimal('157.56707736357373')], 'axes': [Decimal('37.763187132149554'), 48.95826567269486], 'angle': -73.23028787341988}","[Decimal('164.19814683993303'), Decimal('157.56707736357373')]",48.95826567269486,"{'center': [2.740104016483392, Decimal('-2.1714467210939294'), 84.50452964490482], 'radius': 12.0}","{'center': [180.103827538695, Decimal('104.06834553442886')], 'axes': [176.0852354604779, 176.0852354604779], 'angle': 90.0}",0.9725283405674467,1,244.457167,2.1688964838435734,-1.799797151375842,"[0.5131192088747907, 0.3434705109851095]",pupil.1,1,3d c++
"{'center': [0.4696015201105448, 4.588617510979866, 74.85329397312677], 'normal': [Decimal('-0.18920854136440393'), 0.5633386860061496, -0.804269639314838], 'radius': Decimal('2.9564058782684715')}",0.9620649879066334,372.649567,5.912811756536943,"{'center': [Decimal('164.03904992189538'), Decimal('157.58942687424025')], 'axes': [37.76614255482961, 49.0023709754745], 'angle': -73.08152988749724}","[Decimal('164.03904992189538'), Decimal('157.58942687424025')]",49.0023709754745,"{'center': [2.740104016483392, Decimal('-2.1714467210939294'), 84.50452964490482], 'radius': 12.0}","{'center': [180.103827538695, Decimal('104.06834553442886')], 'axes': [176.0852354604779, 176.0852354604779], 'angle': 90.0}",0.9724954037289568,1,244.457167,2.169217473123192,-1.801850031026453,"[0.5126220310059231, 0.343377388023999]",pupil.1,1,3d c++
"{'center': [0.4836439702083912, 4.59798278909067, 74.85656549871281], 'normal': [-0.1880383371895834, 0.5641191258487166, -0.8039970121826675], 'radius': Decimal('2.9374900886278335')}",0.9625320646031674,372.657967,5.874980177255667,"{'center': [Decimal('164.15238494807932'), Decimal('157.67031210537516')], 'axes': [Decimal('37.504951212971356'), 48.68665161607702], 'angle': -73.21600409031267}","[Decimal('164.15238494807932'), Decimal('157.67031210537516')]",48.68665161607702,"{'center': [2.740104016483392, Decimal('-2.1714467210939294'), 84.50452964490482], 'radius': 12.0}","{'center': [180.103827538695, Decimal('104.06834553442886')], 'axes': [176.0852354604779, 176.0852354604779], 'angle': 90.0}",0.972316034749876,1,244.457167,2.170162361528358,-1.8005460669867455,"[0.5129762029627478, 0.3430403662276035]",pupil.1,1,3d c++
"{'center': [Decimal('0.46891988630275616'), 4.579742922792743, 74.84724425826056], 'normal': [Decimal('-0.18926534418171964'), 0.5625991369905561, -0.8047737822203558], 'radius': Decimal('2.9338359627853814')}",0.8501691352716041,372.666367,5.867671925570763,"{'center': [164.0315946638039, 157.5254844693149], 'axes': [Decimal('37.510272516181956'), Decimal('48.631955265576906')], 'angle': -73.05571769512642}","[164.0315946638039, 157.5254844693149]",48.631955265576906,"{'center': [2.740104016483392, Decimal('-2.1714467210939294'), 84.50452964490482], 'radius': 12.0}","{'center': [180.103827538695, Decimal('104.06834553442886')], 'axes': [176.0852354604779, 176.0852354604779], 'angle': 90.0}",0.97228743572495,1,244.457167,2.1683226531648385,-1.8017772659037814,"[0.5125987333243872, 0.3436438147111879]",pupil.1,1,3d c++
"{'center': [0.4559603670784167, Decimal('4.6038023420379215'), 74.86717067465712], 'normal': [Decimal('-0.19034530411708128'), 0.5646040885943209, -0.8031132475206421], 'radius': Decimal('2.9747659467344127')}",0.9721168041527135,372.674767,5.9495318934688255,"{'center': [Decimal('163.92779634810447'), Decimal('157.70290485110647')], 'axes': [37.92653119599225, 49.29773392191089], 'angle': -73.00640480767431}","[Decimal('163.92779634810447'), Decimal('157.70290485110647')]",49.29773392191089,"{'center': [2.740104016483392, Decimal('-2.1714467210939294'), 84.50452964490482], 'radius': 12.0}","{'center': [180.103827538695, Decimal('104.06834553442886')], 'axes': [176.0852354604779, 176.0852354604779], 'angle': 90.0}",0.972428272717929,1,244.457167,2.170749819423359,-1.8035115715887153,"[0.5122743635878264, Decimal('0.34290456312038975')]",pupil.1,1,3d c++
"{'center': [Decimal('0.48610794069858354'), 4.613123359291523, 74.86662995074504], 'normal': [-0.1878330063154007, 0.565380840032121, -0.8031583078466485], 'radius': 2.930360250379713}",0.9991281289780806,372.683167,5.860720500759426,"{'center': [164.1712139095894, Decimal('157.79231899369586')], 'axes': [37.35925834553994, 48.56197085853669], 'angle': -73.26997009205354}","[164.1712139095894, Decimal('157.79231899369586')]",48.56197085853669,"{'center': [2.740104016483392, Decimal('-2.1714467210939294'), 84.50452964490482], 'radius': 12.0}","{'center': [180.103827538695, Decimal('104.06834553442886')], 'axes': [176.0852354604779, 176.0852354604779], 'angle': 90.0}",0.9725466856013165,1,244.457167,2.1716912267824178,-1.8005352355232793,"[0.5130350434674669, Decimal('0.34253200419293395')]",pupil.1,1,3d c++
"{'center': [Decimal('0.47432126311326295'), 4.596356451055829, 74.85760947639663], 'normal': [Decimal('-0.18881522944751075'), 0.5639835976791465, -0.8039100140423494], 'radius': 2.952476887476088}",0.8675484193542268,372.691567,5.904953774952176,"{'center': [164.0771564428372, Decimal('157.65225340744064')], 'axes': [Decimal('37.691900906732926'), 48.93445033665292], 'angle': -73.13718939508456}","[164.0771564428372, Decimal('157.65225340744064')]",48.93445033665292,"{'center': [2.740104016483392, Decimal('-2.1714467210939294'), 84.50452964490482], 'radius': 12.0}","{'center': [180.103827538695, Decimal('104.06834553442886')], 'axes': [176.0852354604779, 176.0852354604779], 'angle': 90.0}",0.972576889710719,1,244.457167,2.169998232119263,-1.8014861298234262,"[0.5127411138838662, Decimal('0.34311561080233066')]",pupil.1,1,3d c++
"{'center': [0.4916664196402505, 4.613200192911844, 74.86538577081652], 'normal': [Decimal('-0.18736979973692847'), 0.5653872428338145, -0.8032619895073592], 'radius': 2.915271410655102}",0.9308890051376928,372.699967,5.830542821310204,"{'center': [Decimal('164.21551441314884'), Decimal('157.79772942321063')], 'axes': [37.17272795140688, 48.3126114365294], 'angle': -73.31487064822268}","[Decimal('164.21551441314884'), Decimal('157.79772942321063')]",48.3126114365294,"{'center': [2.740104016483392, Decimal('-2.1714467210939294'), 84.50452964490482], 'radius': 12.0}","{'center': [180.103827538695, Decimal('104.06834553442886')], 'axes': [176.0852354604779, 176.0852354604779], 'angle': 90.0}",0.9725539674131478,1,244.457167,2.171698989374512,-1.7999597841875856,"[0.5131734825410901, Decimal('0.34250946073662236')]",pupil.1,1,3d c++
"{'center': [Decimal('0.45952490494592624'), 4.595170928112747, 74.8602647944632], 'normal': [Decimal('-0.19004825929478883'), 0.5638848041005563, -0.8036887375368016], 'radius': Decimal('2.9505152813981392')}",0.9065692983642453,372.708367,5.9010305627962785,"{'center': [Decimal('163.95511355811405'), Decimal('157.64187910294748')], 'axes': [37.65409915523594, Decimal('48.900113781191536')], 'angle': -73.01530556565909}","[Decimal('163.95511355811405'), Decimal('157.64187910294748')]",48.900113781191536,"{'center': [2.740104016483392, Decimal('-2.1714467210939294'), 84.50452964490482], 'radius': 12.0}","{'center': [180.103827538695, Decimal('104.06834553442886')], 'axes': [176.0852354604779, 176.0852354604779], 'angle': 90.0}",0.9725936071687813,1,244.457167,2.1698786011927753,-1.8030008788173644,"[0.5123597298691064, 0.3431588370710521]",pupil.1,1,3d c++
"{'center': [0.4756442329597448, 4.603142040890468, 74.86206268904758], 'normal': [Decimal('-0.18870498196030394'), 0.5645490634986998, -0.8035389129881031], 'radius': 2.956691462154344}",0.9748902619666222,372.716767,5.913382924308688,"{'center': [Decimal('164.08814281352298'), 157.7048730978596], 'axes': [Decimal('37.721377435405905'), Decimal('49.001465864556984')], 'angle': -73.16324538585889}","[Decimal('164.08814281352298'), 157.7048730978596]",49.001465864556984,"{'center': [2.740104016483392, Decimal('-2.1714467210939294'), 84.50452964490482], 'radius': 12.0}","{'center': [180.103827538695, Decimal('104.06834553442886')], 'axes': [176.0852354604779, 176.0852354604779], 'angle': 90.0}",0.9727568432180811,1,244.457167,2.170683153100709,-1.8014589006025183,"[0.5127754462922594, 0.3428963620922516]",pupil.1,1,3d c++
"{'center': [0.4846122109337716, 4.58561080714923, 74.84767041039638], 'normal': [Decimal('-0.18795765046246837'), 0.5630881273535966, -0.80473826954237], 'radius': 2.917748637563304}",0.9758618295317385,372.725167,5.835497275126608,"{'center': [164.159018132496, 157.5780540253668], 'axes': [37.30030506713725, 48.3649677563242], 'angle': -73.19577761165061}","[164.159018132496, 157.5780540253668]",48.3649677563242,"{'center': [2.740104016483392, Decimal('-2.1714467210939294'), 84.50452964490482], 'radius': 12.0}","{'center': [180.103827538695, Decimal('104.06834553442886')], 'axes': [176.0852354604779, 176.0852354604779], 'angle': 90.0}",0.9724133770631305,1,244.457167,2.1689142476912004,-1.8002467241853504,"[0.5129969316640499, 0.343424774894305]",pupil.1,1,3d c++
"{'center': [Decimal('0.46942290469544634'), 4.580676335091599, 74.84777855964342], 'normal': [Decimal('-0.18922342598232883'), 0.5626769213487941, -0.8047292571051167], 'radius': Decimal('2.9441638075794825')}",0.8818812884932751,372.733567,5.888327615158965,"{'center': [164.0367331081689, Decimal('157.53002341342614')], 'axes': [37.63950763483988, 48.80290385208927], 'angle': -73.06192935310347}","[164.0367331081689, Decimal('157.53002341342614')]",48.80290385208927,"{'center': [2.740104016483392, Decimal('-2.1714467210939294'), 84.50452964490482], 'radius': 12.0}","{'center': [180.103827538695, Decimal('104.06834553442886')], 'axes': [176.0852354604779, 176.0852354604779], 'angle': 90.0}",0.972359422052016,1,244.457167,2.168416742970102,-1.8017402360779207,"[0.5126147909630279, Decimal('0.34362490244405774')]",pupil.1,1,3d c++
"{'center': [Decimal('0.48336390407111507'), 4.586530851845781, 74.84860590925564], 'normal': [Decimal('-0.18806167603435642'), 0.5631647977449759, -0.8046603113040989], 'radius': 2.911490418282478}",0.9499192534783008,372.741967,5.822980836564956,"{'center': [164.1480636512351, 157.5869489173294], 'axes': [37.21534008246468, Decimal('48.260570819224746')], 'angle': -73.18777326196393}","[164.1480636512351, 157.5869489173294]",48.260570819224746,"{'center': [2.740104016483392, Decimal('-2.1714467210939294'), 84.50452964490482], 'radius': 12.0}","{'center': [180.103827538695, Decimal('104.06834553442886')], 'axes': [176.0852354604779, 176.0852354604779], 'angle': 90.0}",0.9724097378188246,1,244.457167,2.1690070273462023,-1.8003907684827725,"[0.5129626989101097, 0.3433877128444608]",pupil.1,1,3d c++
"{'center': [0.4901587831374661, 4.602300334360654, 74.85807447859298], 'normal': [-0.1874954361121605, 0.564478921287882, -0.8038712638593196], 'radius': Decimal('2.9255609486448164')}",0.7729075479160638,372.750367,5.851121897289633,"{'center': [Decimal('164.20466182368958'), Decimal('157.70848946489207')], 'axes': [37.34361217960332, 48.48790072748593], 'angle': -73.2782554623135}","[Decimal('164.20466182368958'), Decimal('157.70848946489207')]",48.48790072748593,"{'center': [2.740104016483392, Decimal('-2.1714467210939294'), 84.50452964490482], 'radius': 12.0}","{'center': [180.103827538695, Decimal('104.06834553442886')], 'axes': [176.0852354604779, 176.0852354604779], 'angle': 90.0}",0.972374586173852,1,244.457167,2.1705981758605777,-1.7999403369019225,"[0.51313956819903, 0.3428812938962831]",pupil.1,1,3d c++
"{'center': [Decimal('0.47498392008876644'), 4.603503883491053, 74.86247201935919], 'normal': [Decimal('-0.18876000803288548'), 0.5645792170487485, -0.8035048021288033], 'radius': Decimal('2.9347762097824277')}",0.9105331019411008,372.758767,5.869552419564855,"{'center': [Decimal('164.08048400281382'), Decimal('157.71384099853037')], 'axes': [37.43934187719999, 48.63779671594839], 'angle': -73.15871521987961}","[Decimal('164.08048400281382'), Decimal('157.71384099853037')]",48.63779671594839,"{'center': [2.740104016483392, Decimal('-2.1714467210939294'), 84.50452964490482], 'radius': 12.0}","{'center': [180.103827538695, Decimal('104.06834553442886')], 'axes': [176.0852354604779, 176.0852354604779], 'angle': 90.0}",0.9723235728603341,1,244.457167,2.170719685623853,-1.8015332509747923,"[0.5127515125087931, 0.3428589958394568]",pupil.1,1,3d c++
"{'center': [Decimal('0.49040910994987597'), 4.604171101856988, 74.85933001271331], 'normal': [Decimal('-0.18747457554445968'), 0.5646348185792431, -0.8037666360159582], 'radius': 2.922915886559407}",0.9671817842841967,372.767167,5.845831773118814,"{'center': [Decimal('164.20636766773822'), Decimal('157.72405321078807')], 'axes': [Decimal('37.303028828447275'), Decimal('48.443235686510285')], 'angle': -73.28447855739472}","[Decimal('164.20636766773822'), Decimal('157.72405321078807')]",48.443235686510285,"{'center': [2.740104016483392, Decimal('-2.1714467210939294'), 84.50452964490482], 'radius': 12.0}","{'center': [180.103827538695, Decimal('104.06834553442886')], 'axes': [176.0852354604779, 176.0852354604779], 'angle': 90.0}",0.9724708160800177,1,244.457167,2.1707870520327655,-1.7999445173429884,"[0.5131448989616819, 0.3428164449550497]",pupil.1,1,3d c++
"{'center': [0.5068294727862281, 4.58645345132228, 74.84309755270797], 'normal': [Decimal('-0.18610621197476365'), 0.5631583477013508, -0.8051193410164041], 'radius': Decimal('2.9235134456021137')}",0.9968893289184921,372.775567,5.847026891204227,"{'center': [Decimal('164.34265366760965'), Decimal('157.58540859776758')], 'axes': [37.39617932337287, Decimal('48.463642837966965')], 'angle': -73.37729673345505}","[Decimal('164.34265366760965'), Decimal('157.58540859776758')]",48.463642837966965,"{'center': [2.740104016483392, Decimal('-2.1714467210939294'), 84.50452964490482], 'radius': 12.0}","{'center': [180.103827538695, Decimal('104.06834553442886')], 'axes': [176.0852354604779, 176.0852354604779], 'angle': 90.0}",0.9721115884484655,1,244.457167,2.1689992218539054,-1.7979600528399937,"[0.5135707927112801, Decimal('0.34339413084263504')]",pupil.1,1,3d c++
"{'center': [0.4863264559416334, 4.57634127126202, 74.84079103514227], 'normal': [Decimal('-0.18781479671181323'), 0.5623156660296624, -0.8053115508135453], 'radius': Decimal('2.9212544273367618')}",0.7895690052633546,372.783967,5.8425088546735235,"{'center': [164.1739583279538, Decimal('157.50389139555753')], 'axes': [Decimal('37.381991588782945'), Decimal('48.427525711316065')], 'angle': -73.1885969807536}","[164.1739583279538, Decimal('157.50389139555753')]",48.427525711316065,"{'center': [2.740104016483392, Decimal('-2.1714467210939294'), 84.50452964490482], 'radius': 12.0}","{'center': [180.103827538695, Decimal('104.06834553442886')], 'axes': [176.0852354604779, 176.0852354604779], 'angle': 90.0}",0.9721070726985359,1,244.457167,2.167979810930118,-1.7999208191930762,"[0.5130436197748557, Decimal('0.34373378585184367')]",pupil.1,1,3d c++
"{'center': [0.5030566667646479, 4.608372293514291, 74.85934051849195], 'normal': [Decimal('-0.18642061247656203'), 0.5649849178840184, -0.8037657605344063], 'radius': 2.896136328673848}",0.9362360275864354,372.792367,5.792272657347696,"{'center': [164.3077447512373, Decimal('157.76605786863075')], 'axes': [Decimal('36.959416767796945'), 47.99923514737035], 'angle': -73.39583519614155}","[164.3077447512373, Decimal('157.76605786863075')]",47.99923514737035,"{'center': [2.740104016483392, Decimal('-2.1714467210939294'), 84.50452964490482], 'radius': 12.0}","{'center': [180.103827538695, Decimal('104.06834553442886')], 'axes': [176.0852354604779, 176.0852354604779], 'angle': 90.0}",0.9720385079354688,1,244.457167,2.171211301151257,-1.7987007740514394,"[0.5134617023476166, Decimal('0.34264142554737187')]",pupil.1,1,3d c++
"{'center': [0.483437000080718, 4.606585518995498, 74.86265571244809], 'normal': [Decimal('-0.18805558470022285'), 0.5648360200074523, -0.8034894943713939], 'radius': Decimal('2.9249194884097403')}",0.867262627536872,372.800767,5.8498389768194805,"{'center': [Decimal('164.14899543247583'), Decimal('157.74186135163532')], 'axes': [Decimal('37.311514457151375'), Decimal('48.474287260856144')], 'angle': -73.23373866584134}","[Decimal('164.14899543247583'), Decimal('157.74186135163532')]",48.474287260856144,"{'center': [2.740104016483392, Decimal('-2.1714467210939294'), 84.50452964490482], 'radius': 12.0}","{'center': [180.103827538695, Decimal('104.06834553442886')], 'axes': [176.0852354604779, 176.0852354604779], 'angle': 90.0}",0.9721090208347993,1,244.457167,2.1710308521673265,-1.8007064799541406,"[0.5129656107264869, 0.3427422443681861]",pupil.1,1,3d c++
"{'center': [0.4831693533634782, 4.595384258001248, 74.85485377331382], 'normal': [Decimal('-0.18807788859332614'), 0.5639025815912647, -0.8041396559659171], 'radius': Decimal('2.9177832113451747')}",0.8566063177694208,372.809167,5.835566422690349,"{'center': [Decimal('164.14664234096705'), Decimal('157.65522479672774')], 'axes': [Decimal('37.262317299901326'), 48.36094008782012], 'angle': -73.20627030148499}","[Decimal('164.14664234096705'), Decimal('157.65522479672774')]",48.36094008782012,"{'center': [2.740104016483392, Decimal('-2.1714467210939294'), 84.50452964490482], 'radius': 12.0}","{'center': [180.103827538695, Decimal('104.06834553442886')], 'axes': [176.0852354604779, 176.0852354604779], 'angle': 90.0}",0.9721245509997978,1,244.457167,2.1699001275559193,-1.8005533653750003,"[0.512958257315522, 0.3431032300136344]",pupil.1,1,3d c++
"{'center': [Decimal('0.48737798090412143'), 4.599918909260765, 74.85705158539753], 'normal': [Decimal('-0.18772716963160588'), 0.5642804691962245, -0.8039565049589406], 'radius': Decimal('2.9049095467984816')}",0.8611306280382816,372.817567,5.809819093596963,"{'center': [Decimal('164.17982423728992'), Decimal('157.69512281653397')], 'axes': [37.08550721210879, 48.14607761989358], 'angle': -73.25043646888312}","[Decimal('164.17982423728992'), Decimal('157.69512281653397')]",48.14607761989358,"{'center': [2.740104016483392, Decimal('-2.1714467210939294'), 84.50452964490482], 'radius': 12.0}","{'center': [180.103827538695, Decimal('104.06834553442886')], 'axes': [176.0852354604779, 176.0852354604779], 'angle': 90.0}",0.9721094607619496,1,244.457167,2.1703577780318986,-1.8001902381700479,"[0.513061950741531, Decimal('0.34293698826444186')]",pupil.1,1,3d c++
"{'center': [Decimal('0.47750073712597807'), 4.602374862753219, 74.8610879589481], 'normal': [-0.1885502732797845, 0.5644851319872624, -0.8036201404963925], 'radius': Decimal('2.9288083582772892')}",0.9974037382395093,372.825967,5.8576167165545785,"{'center': [Decimal('164.10068076215208'), 157.7068483099771], 'axes': [37.37030167129438, 48.53974146652382], 'angle': -73.17641778560704}","[Decimal('164.10068076215208'), 157.7068483099771]",48.53974146652382,"{'center': [2.740104016483392, Decimal('-2.1714467210939294'), 84.50452964490482], 'radius': 12.0}","{'center': [180.103827538695, Decimal('104.06834553442886')], 'axes': [176.0852354604779, 176.0852354604779], 'angle': 90.0}",0.9723763612400349,1,244.457167,2.170605699919328,-1.8012539420069107,"[0.5128146273817252, Decimal('0.34288813204176216')]",pupil.1,1,3d c++
"{'center': [0.4887617704318221, 4.597121831304104, 74.8547660290108], 'normal': [Decimal('-0.18761185383763082'), 0.5640473793665028, -0.8041469679911676], 'radius': Decimal('2.9212483376496348')}",0.9895649194467465,372.834367,5.8424966752992695,"{'center': [164.1929838962498, Decimal('157.66858579623363')], 'axes': [37.30645503596818, Decimal('48.418494209115465')], 'angle': -73.25531397307007}","[164.1929838962498, Decimal('157.66858579623363')]",48.418494209115465,"{'center': [2.740104016483392, Decimal('-2.1714467210939294'), 84.50452964490482], 'radius': 12.0}","{'center': [180.103827538695, Decimal('104.06834553442886')], 'axes': [176.0852354604779, 176.0852354604779], 'angle': 90.0}",0.9725963699018569,1,244.457167,2.1700754717074004,-1.8000017969474602,"[0.5131030746757806, Decimal('0.34304755918235985')]",pupil.1,1,3d c++
"{'center': [0.4878697981092035, 4.586151455466291, 74.8472884286084], 'normal': [Decimal('-0.18768618486451571'), 0.5631331813800183, -0.8047701013580352], 'radius': 2.894479148280357}",0.9341258201111977,372.842767,5.788958296560714,"{'center': [164.1835405913583, Decimal('157.58913788884578')], 'axes': [37.00418502393551, 47.97930730626578], 'angle': -73.22328282358527}","[164.1835405913583, Decimal('157.58913788884578')]",47.97930730626578,"{'center': [2.740104016483392, Decimal('-2.1714467210939294'), 84.50452964490482], 'radius': 12.0}","{'center': [180.103827538695, Decimal('104.06834553442886')], 'axes': [176.0852354604779, 176.0852354604779], 'angle': 90.0}",0.972456981087777,1,244.457167,2.168968767336414,-1.7999180674380137,"[0.5130735643479947, Decimal('0.34337859212980926')]",pupil.1,1,3d c++
"{'center': [0.4942419341265176, 4.621448225303666, 74.87059577787845], 'normal': [Decimal('-0.18715517352973954'), 0.5660745788664663, -0.8028278222521975], 'radius': 2.888395062730731}",0.8433551777548667,372.851167,5.776790125461462,"{'center': [Decimal('164.23368053137187'), 157.8706862011898], 'axes': [36.80168282788507, Decimal('47.863692160773574')], 'angle': -73.35401662137777}","[Decimal('164.23368053137187'), 157.8706862011898]",47.863692160773574,"{'center': [2.740104016483392, Decimal('-2.1714467210939294'), 84.50452964490482], 'radius': 12.0}","{'center': [180.103827538695, Decimal('104.06834553442886')], 'axes': [176.0852354604779, 176.0852354604779], 'angle': 90.0}",0.9724347894260688,1,244.457167,2.1725325383469216,-1.7998258751214977,"[0.5132302516605372, 0.3422054741617091]",pupil.1,1,3d c++
"{'center': [Decimal('0.49965141826781645'), Decimal('4.6093110540565725'), 74.86079094303794], 'normal': [-0.1867043831846313, 0.5650631479292085, -0.80364489182224], 'radius': Decimal('2.8899767335768387')}",0.8935289391109233,372.859567,5.779953467153677,"{'center': [164.279031637037, Decimal('157.77483490133554')], 'axes': [Decimal('36.873394564642936'), Decimal('47.896155908112526')], 'angle': -73.37046455713124}","[164.279031637037, Decimal('157.77483490133554')]",47.896155908112526,"{'center': [2.740104016483392, Decimal('-2.1714467210939294'), 84.50452964490482], 'radius': 12.0}","{'center': [180.103827538695, Decimal('104.06834553442886')], 'axes': [176.0852354604779, 176.0852354604779], 'angle': 90.0}",0.9724488935340836,1,244.457167,2.1713061168925445,-1.7990689244729947,"[0.5133719738657406, Decimal('0.34260485457776857')]",pupil.1,1,3d c++
"{'center': [Decimal('0.49709808160207913'), 4.610964349593884, 74.86254725307799], 'normal': [-0.1869171612401094, 0.5652009225573178, -0.8034985326522356], 'radius': Decimal('2.8993500569124606')}",0.965888163655557,372.867967,5.798700113824921,"{'center': [Decimal('164.25882137280593'), Decimal('157.78504652959845')], 'axes': [36.98403164854953, 48.05045338895129], 'angle': -73.35359538160944}","[Decimal('164.25882137280593'), Decimal('157.78504652959845')]",48.05045338895129,"{'center': [2.740104016483392, Decimal('-2.1714467210939294'), 84.50452964490482], 'radius': 12.0}","{'center': [180.103827538695, Decimal('104.06834553442886')], 'axes': [176.0852354604779, 176.0852354604779], 'angle': 90.0}",0.9725085794433874,1,244.457167,2.1714731163462075,-1.799360309117026,"[0.5133088167900185, Decimal('0.34256230612667316')]",pupil.1,1,3d c++
"{'center': [Decimal('0.49664188327494374'), Decimal('4.6017617588124295'), 74.85618654649748], 'normal': [-0.1869551777673707, 0.5644340399921965, -0.8040285915339443], 'radius': Decimal('2.8902560750845883')}",0.9322519805279095,372.876367,5.7805121501691765,"{'center': [Decimal('164.25463993396625'), Decimal('157.71472987338666')], 'axes': [36.90179848663597, 47.90368553883986], 'angle': -73.32928300248344}","[Decimal('164.25463993396625'), Decimal('157.71472987338666')]",47.90368553883986,"{'center': [2.740104016483392, Decimal('-2.1714467210939294'), 84.50452964490482], 'radius': 12.0}","{'center': [180.103827538695, Decimal('104.06834553442886')], 'axes': [176.0852354604779, 176.0852354604779], 'angle': 90.0}",0.9724945222102321,1,244.457167,2.170543804792443,-1.799259673585428,"[0.5132957497936446, 0.3428552921942223]",pupil.1,1,3d c++
"{'center': [0.5016974206855886, 4.611225842930676, 74.86166239490512], 'normal': [-0.1865338829831503, 0.565222713668717, -0.8035722708333084], 'radius': 2.889479651664642}",0.8557275558438798,372.884767,5.778959303329284,"{'center': [164.2957470883806, 157.7903296795606], 'axes': [36.86218069418199, Decimal('47.887373981016644')], 'angle': -73.3912359288669}","[164.2957470883806, 157.7903296795606]",47.887373981016644,"{'center': [2.740104016483392, Decimal('-2.1714467210939294'), 84.50452964490482], 'radius': 12.0}","{'center': [180.103827538695, Decimal('104.06834553442886')], 'axes': [176.0852354604779, 176.0852354604779], 'angle': 90.0}",0.9724956140393815,1,244.457167,2.1714995315494328,-1.798887524944786,"[0.5134242096511894, Decimal('0.34254029300183075')]",pupil.1,1,3d c++
"{'center': [Decimal('0.49228498331544435'), 4.605862724948906, 74.8600811761376], 'normal': [Decimal('-0.18731825276399564'), 0.5647757871702364, -0.8037040390639354], 'radius': Decimal('2.8961375603954087')}",0.8885704686286202,372.893167,5.792275120790817,"{'center': [Decimal('164.21910095612296'), Decimal('157.74508612822115')], 'axes': [36.9566974447517, 47.99872050035354], 'angle': -73.30336217887978}","[Decimal('164.21910095612296'), Decimal('157.74508612822115')]",47.99872050035354,"{'center': [2.740104016483392, Decimal('-2.1714467210939294'), 84.50452964490482], 'radius': 12.0}","{'center': [180.103827538695, Decimal('104.06834553442886')], 'axes': [176.0852354604779, 176.0852354604779], 'angle': 90.0}",0.972470536566894,1,244.457167,2.1709578624662025,-1.7997772726274022,"[0.5131846904878843, Decimal('0.34272880779907855')]",pupil.1,1,3d c++
"{'center': [0.5009732108930924, 4.618560400780407, 74.86699383327992], 'normal': [Decimal('-0.18659423379919163'), 0.5658339268228614, -0.8031279843020747], 'radius': Decimal('2.8973397973081196')}",0.9809217436370884,372.901567,5.794679594616239,"{'center': [Decimal('164.29016991333756'), Decimal('157.84607790693056')], 'axes': [36.93421490627411, 48.01432114991208], 'angle': -73.40177045106495}","[Decimal('164.29016991333756'), Decimal('157.84607790693056')]",48.01432114991208,"{'center': [2.740104016483392, Decimal('-2.1714467210939294'), 84.50452964490482], 'radius': 12.0}","{'center': [180.103827538695, Decimal('104.06834553442886')], 'axes': [176.0852354604779, 176.0852354604779], 'angle': 90.0}",0.9725604588785908,1,244.457167,2.1722406395736678,-1.7990806667756198,"[0.5134067809791799, Decimal('0.34230800872112266')]",pupil.1,1,3d c++
"{'center': [0.500112435507341, 4.618075998549832, 74.86685259301116], 'normal': [-0.1866659650813376, 0.5657935599703134, -0.8031397543244713], 'radius': Decimal('2.8921891292239654')}",0.9045169382266645,372.909967,5.784378258447931,"{'center': [Decimal('164.28259866484385'), Decimal('157.84358597594297')], 'axes': [36.86933509337263, Decimal('47.929003925330264')], 'angle': -73.39375123286278}","[Decimal('164.28259866484385'), Decimal('157.84358597594297')]",47.929003925330264,"{'center': [2.740104016483392, Decimal('-2.1714467210939294'), 84.50452964490482], 'radius': 12.0}","{'center': [180.103827538695, Decimal('104.06834553442886')], 'axes': [176.0852354604779, 176.0852354604779], 'angle': 90.0}",0.9725901607961385,1,244.457167,2.172191682347686,-1.799162174152227,"[0.513383120827637, Decimal('0.34231839176690426')]",pupil.1,1,3d c++
"{'center': [0.4967093073974218, 4.609186312972952, 74.86138721950395], 'normal': [-0.1869495590904975, 0.5650527528389068, -0.8035952021167386], 'radius': Decimal('2.8940888308750146')}",0.8446972623912194,372.918367,5.788177661750029,"{'center': [Decimal('164.25519305064287'), Decimal('157.77240295364683')], 'axes': [36.92307144972793, 47.96394679067565], 'angle': -73.3464746784258}","[Decimal('164.25519305064287'), Decimal('157.77240295364683')]",47.96394679067565,"{'center': [2.740104016483392, Decimal('-2.1714467210939294'), 84.50452964490482], 'radius': 12.0}","{'center': [180.103827538695, Decimal('104.06834553442886')], 'axes': [176.0852354604779, 176.0852354604779], 'angle': 90.0}",0.9724740999241477,1,244.457167,2.171293517565288,-1.7993720077258162,"[0.513297478283259, Decimal('0.34261498769313825')]",pupil.1,1,3d c++
"{'center': [Decimal('0.49910841590682997'), 4.605076216303921, 74.8579408386419], 'normal': [Decimal('-0.18674963338138018'), 0.5647102447831541, -0.8038824005219111], 'radius': Decimal('2.8597529463247815')}",0.9904313135623737,372.926767,5.719505892649563,"{'center': [Decimal('164.27183762445628'), Decimal('157.74960097656646')], 'axes': [36.50243079603016, 47.39677313425061], 'angle': -73.35656566744623}","[Decimal('164.27183762445628'), Decimal('157.74960097656646')]",47.39677313425061,"{'center': [2.740104016483392, Decimal('-2.1714467210939294'), 84.50452964490482], 'radius': 12.0}","{'center': [180.103827538695, Decimal('104.06834553442886')], 'axes': [176.0852354604779, 176.0852354604779], 'angle': 90.0}",0.9722468604891454,1,244.457167,2.1708784428343297,-1.799057206465773,"[0.5133494925764259, Decimal('0.34270999593097307')]",pupil.1,1,3d c++
"{'center': [0.5061374730993844, 4.604407714223768, 74.85584112498532], 'normal': [Decimal('-0.18616387861533396'), 0.5646545362764748, -0.8040573766599586], 'radius': Decimal('2.8743120135610183')}",0.9001801303362373,372.935167,5.748624027122037,"{'center': [Decimal('164.33121784344505'), Decimal('157.74104813774275')], 'axes': [Decimal('36.698783144105704'), 47.63956164868651], 'angle': -73.41180933468779}","[Decimal('164.33121784344505'), Decimal('157.74104813774275')]",47.63956164868651,"{'center': [2.740104016483392, Decimal('-2.1714467210939294'), 84.50452964490482], 'radius': 12.0}","{'center': [180.103827538695, Decimal('104.06834553442886')], 'axes': [176.0852354604779, 176.0852354604779], 'angle': 90.0}",0.9722459847803955,1,244.457167,2.170810942596677,-1.7983179174660715,"[0.5135350557607657, Decimal('0.34274563275940517')]",pupil.1,1,3d c++
"{'center': [0.533469470327558, Decimal('4.6167679486308675'), 74.8582399137468], 'normal': [Decimal('-0.18388621217965284'), 0.5656845558103997, -0.8038574775965018], 'radius': 2.850886402975604}",0.9571492840776228,372.943567,5.701772805951208,"{'center': [164.5536254575394, 157.8480699683633], 'axes': [36.38374854756145, 47.2497636759479], 'angle': -73.65981265460397}","[164.5536254575394, 157.8480699683633]",47.2497636759479,"{'center': [2.740104016483392, Decimal('-2.1714467210939294'), 84.50452964490482], 'radius': 12.0}","{'center': [180.103827538695, Decimal('104.06834553442886')], 'axes': [176.0852354604779, 176.0852354604779], 'angle': 90.0}",0.9722294002411092,1,244.457167,2.172059489488749,-1.795681702728174,"[0.5142300795548106, 0.342299708465153]",pupil.1,1,3d c++
"{'center': [0.4914650744554745, 4.597754013159118, 74.85457916172702], 'normal': [Decimal('-0.18738657850232648'), 0.564100061187754, -0.804162540264817], 'radius': 2.863533952494795}",0.8011208459502044,372.951967,5.72706790498959,"{'center': [164.2095704588488, Decimal('157.68984138554413')], 'axes': [Decimal('36.569315330435046'), Decimal('47.461534761423145')], 'angle': -73.27846440694891}","[164.2095704588488, Decimal('157.68984138554413')]",47.461534761423145,"{'center': [2.740104016483392, Decimal('-2.1714467210939294'), 84.50452964490482], 'radius': 12.0}","{'center': [180.103827538695, Decimal('104.06834553442886')], 'axes': [176.0852354604779, 176.0852354604779], 'angle': 90.0}",0.9722286778542144,1,244.457167,2.170139272437053,-1.7997318198313468,"[0.5131549076839025, Decimal('0.34295899422689946')]",pupil.1,1,3d c++
"{'center': [Decimal('0.48822097336717096'), 4.611038906141644, 74.86466909215467], 'normal': [Decimal('-0.18765692025968508'), 0.5652071356029644, -0.8033217127291795], 'radius': Decimal('2.9062796101830597')}",0.9132655061855015,372.960367,5.812559220366119,"{'center': [164.1863465739482, 157.7827831976401], 'axes': [37.06217260480193, Decimal('48.163952486091866')], 'angle': -73.28226185278098}","[164.1863465739482, 157.7827831976401]",48.163952486091866,"{'center': [2.740104016483392, Decimal('-2.1714467210939294'), 84.50452964490482], 'radius': 12.0}","{'center': [180.103827538695, Decimal('104.06834553442886')], 'axes': [176.0852354604779, 176.0852354604779], 'angle': 90.0}",0.9722676388632223,1,244.457167,2.1714806477565474,-1.8002822857707783,"[0.5130823330435882, Decimal('0.34257173667649954')]",pupil.1,1,3d c++
"{'center': [0.4983373992136757, 4.603835973125548, 74.85724884422812], 'normal': [Decimal('-0.18681388477247635'), 0.5646068911849564, -0.8039400667230577], 'radius': 2.85481606037556}",0.8840640223453801,372.968767,5.70963212075112,"{'center': [Decimal('164.26506850910462'), Decimal('157.74105996434562')], 'axes': [36.44307298898177, 47.31533662310363], 'angle': -73.34756074085472}","[Decimal('164.26506850910462'), Decimal('157.74105996434562')]",47.31533662310363,"{'center': [2.740104016483392, Decimal('-2.1714467210939294'), 84.50452964490482], 'radius': 12.0}","{'center': [180.103827538695, Decimal('104.06834553442886')], 'axes': [176.0852354604779, 176.0852354604779], 'angle': 90.0}",0.9722137183309498,1,244.457167,2.170753215017436,-1.7991172237580615,"[0.513328339090952, 0.3427455834818932]",pupil.1,1,3d c++
"{'center': [0.5247082343323246, 4.613043487909925, 74.85762785560696], 'normal': [Decimal('-0.18461631517925564'), 0.5653741840836546, -0.8039084824414876], 'radius': 2.836962541016797}",0.8675606819612665,372.977167,5.673925082033594,"{'center': [164.4802750114941, Decimal('157.82150265071317')], 'axes': [36.21003612648935, 47.01920441785503], 'angle': -73.58084446820347}","[164.4802750114941, Decimal('157.82150265071317')]",47.01920441785503,"{'center': [2.740104016483392, Decimal('-2.1714467210939294'), 84.50452964490482], 'radius': 12.0}","{'center': [180.103827538695, Decimal('104.06834553442886')], 'axes': [176.0852354604779, 176.0852354604779], 'angle': 90.0}",0.9721539407068991,1,244.457167,2.1716831573254725,-1.796530776093733,"[0.514000859410919, 0.3424104056220284]",pupil.1,1,3d c++
"{'center': [0.5057065276963364, 4.593393876637149, 74.84821567168547], 'normal': [Decimal('-0.18619979073225462'), 0.5637367164775899, -0.8046928311016135], 'radius': Decimal('2.8440437680266415')}",0.9085998914851916,372.985567,5.688087536053283,"{'center': [Decimal('164.32531135525377'), Decimal('157.66214916315985')], 'axes': [Decimal('36.351908317756944'), Decimal('47.142381270250034')], 'angle': -73.38365582818875}","[Decimal('164.32531135525377'), Decimal('157.66214916315985')]",47.142381270250034,"{'center': [2.740104016483392, Decimal('-2.1714467210939294'), 84.50452964490482], 'radius': 12.0}","{'center': [180.103827538695, Decimal('104.06834553442886')], 'axes': [176.0852354604779, 176.0852354604779], 'angle': 90.0}",0.9720235409846567,1,244.457167,2.169699297517741,-1.7981867373193137,"[0.513516597985168, 0.343074378486834]",pupil.1,1,3d c++
"{'center': [0.4821484162518539, 4.592062294272107, 74.85276388384092], 'normal': [-0.1881629666859615, 0.5636257512805031, -0.8043138134219916], 'radius': Decimal('2.8746131257919485')}",0.9617139045209426,372.993967,5.749226251583897,"{'center': [Decimal('164.13413979990608'), Decimal('157.64079344421867')], 'axes': [Decimal('36.721598566679084'), 47.64634935020667], 'angle': -73.19044805101626}","[Decimal('164.13413979990608'), Decimal('157.64079344421867')]",47.64634935020667,"{'center': [2.740104016483392, Decimal('-2.1714467210939294'), 84.50452964490482], 'radius': 12.0}","{'center': [180.103827538695, Decimal('104.06834553442886')], 'axes': [176.0852354604779, 176.0852354604779], 'angle': 90.0}",0.9720885812945723,1,244.457167,2.169564955851255,-1.8006056390096075,"[0.5129191868747065, 0.3431633606490888]",pupil.1,1,3d c++
"{'center': [0.5199258898025043, 4.606800232338621, 74.85433911185885], 'normal': [Decimal('-0.18501484389007397'), 0.5648539127860458, -0.8041825444204976], 'radius': 2.85693528909168}",0.9946882380378814,373.002367,5.71387057818336,"{'center': [Decimal('164.44307966620877'), Decimal('157.76617341025644')], 'axes': [36.48305527237391, 47.35242927655338], 'angle': -73.52844436400767}","[Decimal('164.44307966620877'), Decimal('157.76617341025644')]",47.35242927655338,"{'center': [2.740104016483392, Decimal('-2.1714467210939294'), 84.50452964490482], 'radius': 12.0}","{'center': [180.103827538695, Decimal('104.06834553442886')], 'axes': [176.0852354604779, 176.0852354604779], 'angle': 90.0}",0.9720995265633414,1,244.457167,2.1710525352049617,-1.7969271411836434,"[0.5138846239569024, Decimal('0.34264094412393153')]",pupil.1,1,3d c++
"{'center': [0.5194521344357614, 4.602516719680128, 74.85144078579786], 'normal': [Decimal('-0.18505432350396922'), 0.5644969533978381, -0.8044240715922463], 'radius': 2.821068212418476}",0.9447443734722628,373.010767,5.642136424836952,"{'center': [Decimal('164.43598402332415'), Decimal('157.74199178581574')], 'axes': [36.03967809933068, Decimal('46.759437211124066')], 'angle': -73.51506474486462}","[Decimal('164.43598402332415'), Decimal('157.74199178581574')]",46.759437211124066,"{'center': [2.740104016483392, Decimal('-2.1714467210939294'), 84.50452964490482], 'radius': 12.0}","{'center': [180.103827538695, Decimal('104.06834553442886')], 'axes': [176.0852354604779, 176.0852354604779], 'angle': 90.0}",0.972078842657631,1,244.457167,2.170620021277781,-1.7969081476355413,"[0.513862450072888, 0.3427417008924344]",pupil.1,1,3d c++
"{'center': [0.5031662720298571, 4.608194533384232, 74.8591901491682], 'normal': [Decimal('-0.18641147870446126'), 0.5649701045398468, -0.8037782913113857], 'radius': 2.828808840623606}",0.9941910077602015,373.019167,5.657617681247212,"{'center': [164.3021593877416, Decimal('157.78311865677068')], 'axes': [36.10010060144005, 46.88290230584267], 'angle': -73.39622330758249}","[164.3021593877416, Decimal('157.78311865677068')]",46.88290230584267,"{'center': [2.740104016483392, Decimal('-2.1714467210939294'), 84.50452964490482], 'radius': 12.0}","{'center': [180.103827538695, Decimal('104.06834553442886')], 'axes': [176.0852354604779, 176.0852354604779], 'angle': 90.0}",0.97188589242585,1,244.457167,2.171193347895886,-1.7986865593003432,"[0.5134442480866925, 0.3425703389301221]",pupil.1,1,3d c++
"{'center': [0.5068485464187802, 4.621998631818439, 74.86805361668684], 'normal': [Decimal('-0.18610462250538434'), 0.5661204460760306, -0.8030396690181653], 'radius': Decimal('2.8328506234302666')}",0.989627239198769,373.027567,5.665701246860533,"{'center': [Decimal('164.33219497879065'), 157.891580872295], 'axes': [36.10511286144246, 46.94444179295168], 'angle': -73.45663777414612}","[Decimal('164.33219497879065'), 157.891580872295]",46.94444179295168,"{'center': [2.740104016483392, Decimal('-2.1714467210939294'), 84.50452964490482], 'radius': 12.0}","{'center': [180.103827538695, Decimal('104.06834553442886')], 'axes': [176.0852354604779, 176.0852354604779], 'angle': 90.0}",0.9718201430449991,1,244.457167,2.1725881795933275,-1.7985263660893023,"[0.5135381093087208, 0.3421184130321041]",pupil.1,1,3d c++
"{'center': [0.517250370906484, 4.592283166897365, 74.84477397135703], 'normal': [Decimal('-0.18523780379807567'), 0.5636441573326079, -0.8049796394623159], 'radius': 2.849798040705239}",0.9828873718572209,373.035967,5.699596081410478,"{'center': [Decimal('164.42109372501486'), Decimal('157.65298671490484')], 'axes': [36.44231579268683, Decimal('47.240030812746085')], 'angle': -73.47454309633787}","[Decimal('164.42109372501486'), Decimal('157.65298671490484')]",47.240030812746085,"{'center': [2.740104016483392, Decimal('-2.1714467210939294'), 84.50452964490482], 'radius': 12.0}","{'center': [180.103827538695, Decimal('104.06834553442886')], 'axes': [176.0852354604779, 176.0852354604779], 'angle': 90.0}",0.9719686459592425,1,244.457167,2.1695872385600437,-1.7969738328052767,"[0.5138159178906714, 0.3431125553545632]",pupil.1,1,3d c++
"{'center': [0.5006734566196922, 4.60631661156175, 74.85844883588935], 'normal': [Decimal('-0.18661921332197498'), 0.56481361105464, -0.8038400674179565], 'radius': 2.881268858796358}",0.9936315483212563,373.044367,5.762537717592716,"{'center': [Decimal('164.28675953187712'), Decimal('157.75366265767417')], 'axes': [36.77448084945277, Decimal('47.753247321613934')], 'angle': -73.37199707675443}","[Decimal('164.28675953187712'), Decimal('157.75366265767417')]",47.753247321613934,"{'center': [2.740104016483392, Decimal('-2.1714467210939294'), 84.50452964490482], 'radius': 12.0}","{'center': [180.103827538695, Decimal('104.06834553442886')], 'axes': [176.0852354604779, 176.0852354604779], 'angle': 90.0}",0.9718441483831941,1,244.457167,2.1710036967401654,-1.7989148710148108,"[0.5133961235371161, 0.3426930722596909]",pupil.1,1,3d c++
"{'center': [0.5206559838455536, 4.602686098687718, 74.85128278333657], 'normal': [Decimal('-0.18495400271981988'), 0.5645110683151373, -0.8044372384640204], 'radius': Decimal('2.8265354090664054')}",0.9551735665627543,373.052767,5.653070818132811,"{'center': [Decimal('164.44641844771579'), Decimal('157.74197771695435')], 'axes': [36.11028235825233, 46.85020711229356], 'angle': -73.5251788400899}","[Decimal('164.44641844771579'), Decimal('157.74197771695435')]",46.85020711229356,"{'center': [2.740104016483392, Decimal('-2.1714467210939294'), 84.50452964490482], 'radius': 12.0}","{'center': [180.103827538695, Decimal('104.06834553442886')], 'axes': [176.0852354604779, 176.0852354604779], 'angle': 90.0}",0.9717899294274801,1,244.457167,2.1706371213489426,-1.7967861268772325,"[0.5138950576491118, Decimal('0.34274175951269015')]",pupil.1,1,3d c++
"{'center': [0.514741746197561, 4.609832335870292, 74.85766398202931], 'normal': [-0.1854468558571526, 0.5651065880803517, -0.8039054719062931], 'radius': 2.817262927935863}",0.9281186335787893,373.061167,5.634525855871726,"{'center': [164.3964097860356, Decimal('157.80040409698393')], 'axes': [Decimal('35.959252869430124'), 46.69246180300711], 'angle': -73.4932495241723}","[164.3964097860356, Decimal('157.80040409698393')]",46.69246180300711,"{'center': [2.740104016483392, Decimal('-2.1714467210939294'), 84.50452964490482], 'radius': 12.0}","{'center': [180.103827538695, Decimal('104.06834553442886')], 'axes': [176.0852354604779, 176.0852354604779], 'angle': 90.0}",0.9717548215666283,1,244.457167,2.171358769529003,-1.7975127472693797,"[0.5137387805813612, 0.342498316262567]",pupil.1,1,3d c++
"{'center': [0.5066082326018955, Decimal('4.6029053854449415'), 74.85467730820993], 'normal': [Decimal('-0.18612464865679137'), 0.5645293422115726, -0.8041543613912413], 'radius': Decimal('2.8146174131566633')}",0.8434254484384051,373.069567,5.6292348263133265,"{'center': [164.3294553254113, Decimal('157.74547137364297')], 'axes': [35.9418212375032, 46.65038863111754], 'angle': -73.4121683268471}","[164.3294553254113, Decimal('157.74547137364297')]",46.65038863111754,"{'center': [2.740104016483392, Decimal('-2.1714467210939294'), 84.50452964490482], 'radius': 12.0}","{'center': [180.103827538695, Decimal('104.06834553442886')], 'axes': [176.0852354604779, 176.0852354604779], 'angle': 90.0}",0.9717405077704133,1,244.457167,2.1706592602758477,-1.7982451112783437,"[0.5135295478919103, 0.3427272026098209]",pupil.1,1,3d c++
"{'center': [0.5147533456673647, Decimal('4.6025711623824055'), 74.85256113551559], 'normal': [Decimal('-0.18544588923466895'), 0.5645014902896945, -0.8043307091157696], 'radius': Decimal('2.8111742160757704')}",0.9491242376307689,373.077967,5.622348432151541,"{'center': [Decimal('164.39630377883384'), Decimal('157.74460338615958')], 'axes': [Decimal('35.907870168085964'), 46.59464339770682], 'angle': -73.47720132982266}","[Decimal('164.39630377883384'), Decimal('157.74460338615958')]",46.59464339770682,"{'center': [2.740104016483392, Decimal('-2.1714467210939294'), 84.50452964490482], 'radius': 12.0}","{'center': [180.103827538695, Decimal('104.06834553442886')], 'axes': [176.0852354604779, 176.0852354604779], 'angle': 90.0}",0.9716598141748078,1,244.457167,2.170625517651874,-1.7973958068599702,"[0.5137384493088557, 0.3427308192243351]",pupil.1,1,3d c++
"{'center': [0.5001265616765576, 4.610346711331076, 74.86140884083552], 'normal': [Decimal('-0.18666478790056956'), 0.5651494527020837, -0.8035934003391084], 'radius': Decimal('2.8447232231535144')}",0.7709767332597464,373.086367,5.689446446307029,"{'center': [Decimal('164.27851543961248'), Decimal('157.79550090098436')], 'axes': [Decimal('36.292118977736656'), 47.14539082419326], 'angle': -73.37654332834882}","[Decimal('164.27851543961248'), Decimal('157.79550090098436')]",47.14539082419326,"{'center': [2.740104016483392, Decimal('-2.1714467210939294'), 84.50452964490482], 'radius': 12.0}","{'center': [180.103827538695, Decimal('104.06834553442886')], 'axes': [176.0852354604779, 176.0852354604779], 'angle': 90.0}",0.9716754419135443,1,244.457167,2.17141072644319,-1.7990362987425386,"[0.513370360748789, 0.3425187462458985]",pupil.1,1,3d c++
"{'center': [Decimal('0.49417640288318676'), Decimal('4.6177991261591185'), 74.86803910217998], 'normal': [Decimal('-0.18716063446668377'), 0.5657704872710873, -0.8030408785604036], 'radius': 2.852717612186633}",0.9300710971418565,373.094767,5.705435224373266,"{'center': [164.2298638320306, Decimal('157.85163383229565')], 'axes': [36.36006413331464, Decimal('47.273769807279855')], 'angle': -73.34528238256264}","[164.2298638320306, Decimal('157.85163383229565')]",47.273769807279855,"{'center': [2.740104016483392, Decimal('-2.1714467210939294'), 84.50452964490482], 'radius': 12.0}","{'center': [180.103827538695, Decimal('104.06834553442886')], 'axes': [176.0852354604779, 176.0852354604779], 'angle': 90.0}",0.9716543334210126,1,244.457167,2.172163700341141,-1.7997736627540568,"[0.5132183244750956, 0.3422848590321015]",pupil.1,1,3d c++
"{'center': [0.5109579549201833, 4.602347567592776, 74.85328004856899], 'normal': [Decimal('-0.18576217179693408'), 0.5644828573905588, -0.8042707996946529], 'radius': Decimal('2.8322901118655754')}",0.9434486326558487,373.103167,5.664580223731151,"{'center': [164.367025181722, 157.7367332528525], 'axes': [36.17453051078296, 46.94434288413138], 'angle': -73.44607473860384}","[164.367025181722, 157.7367332528525]",46.94434288413138,"{'center': [2.740104016483392, Decimal('-2.1714467210939294'), 84.50452964490482], 'radius': 12.0}","{'center': [180.103827538695, Decimal('104.06834553442886')], 'axes': [176.0852354604779, 176.0852354604779], 'angle': 90.0}",0.9716137243004019,1,244.457167,2.170602944315476,-1.797785483665394,"[0.5136469536928813, Decimal('0.34276361144644796')]",pupil.1,1,3d c++
"{'center': [Decimal('0.49224084409184554'), 4.606830180531144, 74.86077138356802], 'normal': [Decimal('-0.18732193103262887'), 0.5648564084687562, -0.8036465217780667], 'radius': Decimal('2.8226880541951296')}",0.8468821133214096,373.111567,5.645376108390259,"{'center': [Decimal('164.21157700945625'), Decimal('157.77283673330527')], 'axes': [36.01489439055037, 46.78036647867603], 'angle': -73.3050713253547}","[Decimal('164.21157700945625'), Decimal('157.77283673330527')]",46.78036647867603,"{'center': [2.740104016483392, Decimal('-2.1714467210939294'), 84.50452964490482], 'radius': 12.0}","{'center': [180.103827538695, Decimal('104.06834553442886')], 'axes': [176.0852354604779, 176.0852354604779], 'angle': 90.0}",0.9716273735987602,1,244.457167,2.171055559578144,-1.7997974350711605,"[0.5131611781545508, Decimal('0.34261318027789467')]",pupil.1,1,3d c++
"{'center': [Decimal('0.49065715606150695'), 4.599060098009321, 74.85568379503167], 'normal': [-0.1874539050351571, 0.5642089015919375, -0.80407048748943], 'radius': 2.819436866102257}",0.7480332502863313,373.119967,5.638873732204514,"{'center': [Decimal('164.19859752951348'), Decimal('157.71207942782644')], 'axes': [Decimal('35.999950396853116'), Decimal('46.729591947037676')], 'angle': -73.27482352283741}","[Decimal('164.19859752951348'), Decimal('157.71207942782644')]",46.729591947037676,"{'center': [2.740104016483392, Decimal('-2.1714467210939294'), 84.50452964490482], 'radius': 12.0}","{'center': [180.103827538695, Decimal('104.06834553442886')], 'axes': [176.0852354604779, 176.0852354604779], 'angle': 90.0}",0.9716183503497233,1,244.457167,2.1702710932642377,-1.7998365401168315,"[0.5131206172797296, 0.3428663357173899]",pupil.1,1,3d c++
"{'center': [0.5044684622627633, 4.610524734874762, 74.86052649065759], 'normal': [Decimal('-0.18630296285171907'), 0.5651642879973909, -0.8036669295206026], 'radius': 2.807873655657651}",0.8229015051952,373.128367,5.615747311315302,"{'center': [164.3107880345561, 157.8073371986876], 'axes': [Decimal('35.825617687119134'), Decimal('46.534947152216446')], 'angle': -73.4118943522468}","[164.3107880345561, 157.8073371986876]",46.534947152216446,"{'center': [2.740104016483392, Decimal('-2.1714467210939294'), 84.50452964490482], 'radius': 12.0}","{'center': [180.103827538695, Decimal('104.06834553442886')], 'axes': [176.0852354604779, 176.0852354604779], 'angle': 90.0}",0.9716052369255768,1,244.457167,2.1714287089798083,-1.7985889191300535,"[0.5134712126079879, 0.3424694283388017]",pupil.1,1,3d c++
"{'center': [Decimal('0.49062139474618194'), 4.611906745628847, 74.86471928992364], 'normal': [Decimal('-0.18745688514476752'), 0.5652794555602313, -0.803317529581765], 'radius': Decimal('2.8101149147919364')}",0.8710437552989617,373.136767,5.620229829583873,"{'center': [164.1967745337609, Decimal('157.81620965177265')], 'axes': [Decimal('35.834069544209946'), 46.56944678028044], 'angle': -73.30340030610905}","[164.1967745337609, Decimal('157.81620965177265')]",46.56944678028044,"{'center': [2.740104016483392, Decimal('-2.1714467210939294'), 84.50452964490482], 'radius': 12.0}","{'center': [180.103827538695, Decimal('104.06834553442886')], 'axes': [176.0852354604779, 176.0852354604779], 'angle': 90.0}",0.9715800135181807,1,244.457167,2.1715683163605424,-1.8000473003884412,"[0.5131149204180028, 0.3424324597842806]",pupil.1,1,3d c++
"{'center': [0.50609488794441, 4.610086061025372, 74.85984114093303], 'normal': [-0.1861674273782485, 0.5651277318432751, -0.8037240419976498], 'radius': 2.802125683446004}",0.9584366217199526,373.145167,5.604251366892008,"{'center': [164.3236765206525, 157.8055818254876], 'axes': [35.75556421544488, Decimal('46.440068932420466')], 'angle': -73.42402486729178}","[164.3236765206525, 157.8055818254876]",46.440068932420466,"{'center': [2.740104016483392, Decimal('-2.1714467210939294'), 84.50452964490482], 'radius': 12.0}","{'center': [180.103827538695, Decimal('104.06834553442886')], 'axes': [176.0852354604779, 176.0852354604779], 'angle': 90.0}",0.9714019305581356,1,244.457167,2.1713843980012766,-1.798413244948915,"[0.513511489127039, Decimal('0.34247674239380166')]",pupil.1,1,3d c++
"{'center': [0.5042609187254339, 4.606693398946639, 74.85788141065763], 'normal': [-0.1863202581464965, 0.5648450100033807, -0.803887352853933], 'radius': 2.807996165370745}",0.8572522390700745,373.153567,5.61599233074149,"{'center': [Decimal('164.30928273545027'), 157.7769756059542], 'axes': [35.8408778802602, 46.53860525454524], 'angle': -73.40167174849574}","[Decimal('164.30928273545027'), 157.7769756059542]",46.53860525454524,"{'center': [2.740104016483392, Decimal('-2.1714467210939294'), 84.50452964490482], 'radius': 12.0}","{'center': [180.103827538695, Decimal('104.06834553442886')], 'axes': [176.0852354604779, 176.0852354604779], 'angle': 90.0}",0.9713673865646921,1,244.457167,2.1710417464898195,-1.7985490144989422,"[0.5134665085482821, 0.3425959349751909]",pupil.1,1,3d c++
"{'center': [0.4782583860829446, 4.607826550068662, 74.86474187446407], 'normal': [Decimal('-0.18848713586670396'), 0.5649394392635493, -0.8033156475367283], 'radius': 2.846349007281648}",0.9014603338393359,373.161967,5.692698014563296,"{'center': [Decimal('164.09854740079084'), Decimal('157.77282639584976')], 'axes': [Decimal('36.297838251560904'), 47.1701401097938], 'angle': -73.19472680267191}","[Decimal('164.09854740079084'), Decimal('157.77282639584976')]",47.1701401097938,"{'center': [2.740104016483392, Decimal('-2.1714467210939294'), 84.50452964490482], 'radius': 12.0}","{'center': [180.103827538695, Decimal('104.06834553442886')], 'axes': [176.0852354604779, 176.0852354604779], 'angle': 90.0}",0.971410953118923,1,244.457167,2.1711561833541424,-1.801263740472081,"[0.5128079606274714, Decimal('0.34261322335062594')]",pupil.1,1,3d c++
"{'center': [Decimal('0.49503278190979394'), 4.607940127686451, 74.86090122473672], 'normal': [Decimal('-0.18708926954779984'), 0.5649489040650316, -0.8036357016806747], 'radius': Decimal('2.8163754230626648')}",0.9663416572776351,373.170367,5.6327508461253295,"{'center': [Decimal('164.23393549667145'), 157.7836137167235], 'axes': [35.93329146598899, 46.67563099934688], 'angle': -73.33005568042942}","[Decimal('164.23393549667145'), 157.7836137167235]",46.67563099934688,"{'center': [2.740104016483392, Decimal('-2.1714467210939294'), 84.50452964490482], 'radius': 12.0}","{'center': [180.103827538695, Decimal('104.06834553442886')], 'axes': [176.0852354604779, 176.0852354604779], 'angle': 90.0}",0.971250716077976,1,244.457167,2.171167654045367,-1.7995258021846956,"[0.5132310484270983, 0.3425682761803188]",pupil.1,1,3d c++
"{'center': [0.5048784934716686, Decimal('4.6060119054129665'), 74.85725949074907], 'normal': [-0.1862687935843103, 0.5647882188755746, -0.8039391795129789], 'radius': Decimal('2.8466657359390264')}",0.8771797289871016,373.178767,5.693331471878053,"{'center': [Decimal('164.31809342087448'), Decimal('157.76117984151173')], 'axes': [Decimal('36.338143226024386'), 47.18021717415257], 'angle': -73.40518935776312}","[Decimal('164.31809342087448'), Decimal('157.76117984151173')]",47.18021717415257,"{'center': [2.740104016483392, Decimal('-2.1714467210939294'), 84.50452964490482], 'radius': 12.0}","{'center': [180.103827538695, Decimal('104.06834553442886')], 'axes': [176.0852354604779, 176.0852354604779], 'angle': 90.0}",0.9712828633112514,1,244.457167,2.1709729268150295,-1.7984740814567655,"[0.5134940419402327, Decimal('0.34266175066036775')]",pupil.1,1,3d c++
"{'center': [Decimal('0.48987008591370174'), 4.602776828108553, 74.85847643319468], 'normal': [Decimal('-0.18751949421414088'), 0.5645186291002069, -0.8038377676425112], 'radius': Decimal('2.8074993944492634')}",0.8734385606925118,373.187167,5.614998788898527,"{'center': [Decimal('164.19078542741602'), Decimal('157.74461497389075')], 'axes': [35.83302671430684, 46.52991736361364], 'angle': -73.27682668174458}","[Decimal('164.19078542741602'), Decimal('157.74461497389075')]",46.52991736361364,"{'center': [2.740104016483392, Decimal('-2.1714467210939294'), 84.50452964490482], 'radius': 12.0}","{'center': [180.103827538695, Decimal('104.06834553442886')], 'axes': [176.0852354604779, 176.0852354604779], 'angle': 90.0}",0.971218280616648,1,244.457167,2.170646281241343,-1.7999779392180382,"[0.513096204460675, 0.3427307709421219]",pupil.1,1,3d c++
"{'center': [0.5069550110053611, 4.600153396655481, 74.85266571276048], 'normal': [-0.1860957504565026, 0.5643000098124508, -0.8043219943453611], 'radius': Decimal('2.8151735787715433')}",0.9969538582914533,373.195567,5.630347157543087,"{'center': [Decimal('164.33250716779366'), Decimal('157.72358461763133')], 'axes': [35.95931956525405, 46.660854710218], 'angle': -73.40882300261518}","[Decimal('164.33250716779366'), Decimal('157.72358461763133')]",46.660854710218,"{'center': [2.740104016483392, Decimal('-2.1714467210939294'), 84.50452964490482], 'radius': 12.0}","{'center': [180.103827538695, Decimal('104.06834553442886')], 'axes': [176.0852354604779, 176.0852354604779], 'angle': 90.0}",0.9711721885394153,1,244.457167,2.1703814470882277,-1.7981652222869993,"[0.5135390848993552, 0.3428183974265361]",pupil.1,1,3d c++
"{'center': [0.5051345197264978, 4.624227333256414, 74.8700226260898], 'normal': [Decimal('-0.18624745806307452'), 0.5663061711958619, -0.8028755849012513], 'radius': Decimal('2.8235807469578615')}",0.9181628985881848,373.203967,5.647161493915723,"{'center': [Decimal('164.31707066422206'), Decimal('157.91153578322178')], 'axes': [Decimal('35.976805499131665'), 46.78952032481644], 'angle': -73.4477711024537}","[Decimal('164.31707066422206'), Decimal('157.91153578322178')]",46.78952032481644,"{'center': [2.740104016483392, Decimal('-2.1714467210939294'), 84.50452964490482], 'radius': 12.0}","{'center': [180.103827538695, Decimal('104.06834553442886')], 'axes': [176.0852354604779, 176.0852354604779], 'angle': 90.0}",0.9711214535175539,1,244.457167,2.172813503401517,-1.7987401413383242,"[0.5134908458256939, 0.3420352675699092]",pupil.1,1,3d c++
"{'center': [0.5203342906527024, 4.643325290553028, 74.88000343352388], 'normal': [-0.1849808104858908, 0.5678976676372465, -0.802043850948412], 'radius': Decimal('2.8156707455516385')}",0.9162991557537713,373.212367,5.631341491103277,"{'center': [Decimal('164.44062448683502'), Decimal('158.06624180535263')], 'axes': [35.82254879330115, 46.652309596086], 'angle': -73.61216153810146}","[Decimal('164.44062448683502'), Decimal('158.06624180535263')]",46.652309596086,"{'center': [2.740104016483392, Decimal('-2.1714467210939294'), 84.50452964490482], 'radius': 12.0}","{'center': [180.103827538695, Decimal('104.06834553442886')], 'axes': [176.0852354604779, 176.0852354604779], 'angle': 90.0}",0.9710213067654072,1,244.457167,2.1747457581539895,-1.7974694165325071,"[0.5138769515213595, Decimal('0.34139065914436406')]",pupil.1,1,3d c++
"{'center': [0.5253206455905457, 4.600958859816375, 74.84899976469258], 'normal': [-0.1845652809077372, 0.5643671317425253, -0.8046274900176872], 'radius': 2.803363371748397}",0.9981146772087673,373.220767,5.606726743496794,"{'center': [Decimal('164.48278723558863'), Decimal('157.73504363481337')], 'axes': [Decimal('35.825230498872116'), Decimal('46.467366747477136')], 'angle': -73.55903358442681}","[Decimal('164.48278723558863'), Decimal('157.73504363481337')]",46.467366747477136,"{'center': [2.740104016483392, Decimal('-2.1714467210939294'), 84.50452964490482], 'radius': 12.0}","{'center': [180.103827538695, Decimal('104.06834553442886')], 'axes': [176.0852354604779, 176.0852354604779], 'angle': 90.0}",0.9708375181299966,1,244.457167,2.170462753108796,-1.796275581284621,"[0.5140087101112145, 0.342770651521611]",pupil.1,1,3d c++
"{'center': [Decimal('0.49023598651521016'), 4.60783787195734, 74.86194730125098], 'normal': [Decimal('-0.18748900249734848'), 0.5649403827542724, -0.8035485286378199], 'radius': 2.830336427456311}",0.856054139363078,373.229167,5.660672854912622,"{'center': [164.195731890674, Decimal('157.77852753246086')], 'axes': [36.10667350268107, 46.90644585915031], 'angle': -73.29118942974054}","[164.195731890674, Decimal('157.77852753246086')]",46.90644585915031,"{'center': [2.740104016483392, Decimal('-2.1714467210939294'), 84.50452964490482], 'radius': 12.0}","{'center': [180.103827538695, Decimal('104.06834553442886')], 'axes': [176.0852354604779, 176.0852354604779], 'angle': 90.0}",0.9708557979167032,1,244.457167,2.171157326796244,-1.8000215868608072,"[0.5131116621583562, 0.3425894686147465]",pupil.1,1,3d c++
"{'center': [0.4982933419454305, 4.620757579684225, 74.8691653219527], 'normal': [-0.1868175562114968, 0.5660170250648462, -0.8029470269126759], 'radius': Decimal('2.8218889229825996')}",0.9398755415164135,373.237567,5.643777845965199,"{'center': [164.2606942271426, 157.88383817437], 'axes': [35.9604304189965, 46.76196080706628], 'angle': -73.38498137838512}","[164.2606942271426, 157.88383817437]",46.76196080706628,"{'center': [2.740104016483392, Decimal('-2.1714467210939294'), 84.50452964490482], 'radius': 12.0}","{'center': [180.103827538695, Decimal('104.06834553442886')], 'axes': [176.0852354604779, 176.0852354604779], 'angle': 90.0}",0.970860127134332,1,244.457167,2.1724627231706526,-1.7993942068701079,"[0.5133146694598206, Decimal('0.34215067427345836')]",pupil.1,1,3d c++
"{'center': [0.5227241564424538, 4.638188306436538, 74.87581751149285], 'normal': [Decimal('-0.18478165500341154'), 0.5674695856275389, -0.802392677784331], 'radius': 2.809437543691706}",0.9077634855650492,373.245967,5.618875087383412,"{'center': [Decimal('164.46000700214952'), Decimal('158.02757119097313')], 'axes': [35.76453680982657, Decimal('46.551571382407374')], 'angle': -73.62011526731395}","[Decimal('164.46000700214952'), Decimal('158.02757119097313')]",46.551571382407374,"{'center': [2.740104016483392, Decimal('-2.1714467210939294'), 84.50452964490482], 'radius': 12.0}","{'center': [180.103827538695, Decimal('104.06834553442886')], 'axes': [176.0852354604779, 176.0852354604779], 'angle': 90.0}",0.9708055178803798,1,244.457167,2.174225765826771,-1.7971385237273318,"[0.5139375218817173, Decimal('0.34155178670427866')]",pupil.1,1,3d c++
"{'center': [0.5251787814826403, Decimal('4.6179442440407446'), 74.86096824229507], 'normal': [Decimal('-0.18457710291672932'), 0.5657825804278895, -0.8036301168841458], 'radius': Decimal('2.8090339407895213')}",0.9208379428874299,373.254367,5.618067881579043,"{'center': [164.4812634403677, Decimal('157.86787067187373')], 'axes': [35.83588286988118, Decimal('46.554035729318684')], 'angle': -73.59540716524137}","[164.4812634403677, Decimal('157.86787067187373')]",46.554035729318684,"{'center': [2.740104016483392, Decimal('-2.1714467210939294'), 84.50452964490482], 'radius': 12.0}","{'center': [180.103827538695, Decimal('104.06834553442886')], 'axes': [176.0852354604779, 176.0852354604779], 'angle': 90.0}",0.9707655264121651,1,244.457167,2.1721783665595824,-1.796559988178999,"[0.5140039482511491, 0.3422172055338595]",pupil.1,1,3d c++
"{'center': [0.5305208496657374, 4.633225774792372, 74.87051830732355], 'normal': [-0.1841319305681379, 0.5670560413238585, -0.802834278131773], 'radius': 2.797465593955245}",0.8054640939360013,373.262767,5.59493118791049,"{'center': [Decimal('164.52342250017887'), 157.9923751241103], 'axes': [35.63840209577084, 46.35639454814075], 'angle': -73.67200833456661}","[Decimal('164.52342250017887'), 157.9923751241103]",46.35639454814075,"{'center': [2.740104016483392, Decimal('-2.1714467210939294'), 84.50452964490482], 'radius': 12.0}","{'center': [180.103827538695, Decimal('104.06834553442886')], 'axes': [176.0852354604779, 176.0852354604779], 'angle': 90.0}",0.9707569586425491,1,244.457167,2.173723609393483,-1.7962495198089607,"[0.5141356953130589, 0.3416984369828737]",pupil.1,1,3d c++
"{'center': [0.5054583820017755, 4.628256362464688, 74.87279060858663], 'normal': [Decimal('-0.18622046954013471'), 0.5666419236298847, -0.8026449196931826], 'radius': 2.812281957594834}",0.9106452276389824,373.271167,5.624563915189668,"{'center': [Decimal('164.31846380981145'), Decimal('157.94647650922147')], 'axes': [Decimal('35.818338470693675'), Decimal('46.600490198721076')], 'angle': -73.45929973172018}","[Decimal('164.31846380981145'), Decimal('157.94647650922147')]",46.600490198721076,"{'center': [2.740104016483392, Decimal('-2.1714467210939294'), 84.50452964490482], 'radius': 12.0}","{'center': [180.103827538695, Decimal('104.06834553442886')], 'axes': [176.0852354604779, 176.0852354604779], 'angle': 90.0}",0.9707525275548412,1,244.457167,2.173220930606274,-1.7987714948355367,"[0.5134951994056608, Decimal('0.34188968121157726')]",pupil.1,1,3d c++
"{'center': [0.5145890768954753, 4.622771453778929, 74.86680778515506], 'normal': [Decimal('-0.18545957829899307'), 0.5661848479060716, -0.8031434883124797], 'radius': Decimal('2.8259786099793347')}",0.8597366524503933,373.279567,5.651957219958669,"{'center': [Decimal('164.39530831039107'), Decimal('157.90036506529214')], 'axes': [36.02306528895772, 46.83132186189074], 'angle': -73.52069356932965}","[Decimal('164.39530831039107'), Decimal('157.90036506529214')]",46.83132186189074,"{'center': [2.740104016483392, Decimal('-2.1714467210939294'), 84.50452964490482], 'radius': 12.0}","{'center': [180.103827538695, Decimal('104.06834553442886')], 'axes': [176.0852354604779, 176.0852354604779], 'angle': 90.0}",0.970741335572578,1,244.457167,2.172666308669351,-1.7977355784742433,"[0.5137353384699721, 0.3420818122279494]",pupil.1,1,3d c++
"{'center': [0.5278536165802965, 4.616429472036808, 74.85928807432414], 'normal': [Decimal('-0.18435419999192465'), 0.5656563494275615, -0.8037701308817229], 'radius': 2.801546621636185}",0.8435877943300384,373.296367,5.60309324327237,"{'center': [Decimal('164.50269529305467'), Decimal('157.85818168809072')], 'axes': [35.74864154706969, 46.43093428413486], 'angle': -73.6136503649121}","[Decimal('164.50269529305467'), Decimal('157.85818168809072')]",46.43093428413486,"{'center': [2.740104016483392, Decimal('-2.1714467210939294'), 84.50452964490482], 'radius': 12.0}","{'center': [180.103827538695, Decimal('104.06834553442886')], 'axes': [176.0852354604779, 176.0852354604779], 'angle': 90.0}",0.9707238786221595,1,244.457167,2.172025284651311,-1.7962585374484663,"[0.5140709227907958, Decimal('0.34225757629962195')]",pupil.1,1,3d c++
"{'center': [0.5219694620537139, 4.626761495385706, 74.86792006768141], 'normal': [-0.1848445462024732, 0.566517351373303, -0.8030507981019503], 'radius': Decimal('2.8293591823725435')}",0.8246466921892377,373.304767,5.658718364745087,"{'center': [164.4562594361269, Decimal('157.93176850269452')], 'axes': [36.05959487719441, Decimal('46.886726168433405')], 'angle': -73.58896990356554}","[164.4562594361269, Decimal('157.93176850269452')]",46.886726168433405,"{'center': [2.740104016483392, Decimal('-2.1714467210939294'), 84.50452964490482], 'radius': 12.0}","{'center': [180.103827538695, Decimal('104.06834553442886')], 'axes': [176.0852354604779, 176.0852354604779], 'angle': 90.0}",0.9707248839562643,1,244.457167,2.1730697519647606,-1.7970336700202258,"[0.5139258107378966, Decimal('0.34195096457210616')]",pupil.1,1,3d c++
"{'center': [0.5123583186433547, 4.618556424849995, 74.8643529668648], 'normal': [Decimal('-0.18564547482000313'), 0.5658335954953271, -0.8033480565033353], 'radius': 2.833311874475737}",0.9401850217445054,373.313167,5.666623748951474,"{'center': [Decimal('164.37783321277496'), Decimal('157.86481173151327')], 'axes': [Decimal('36.129684987811316'), 46.95441938321433], 'angle': -73.49339607056477}","[Decimal('164.37783321277496'), Decimal('157.86481173151327')]",46.95441938321433,"{'center': [2.740104016483392, Decimal('-2.1714467210939294'), 84.50452964490482], 'radius': 12.0}","{'center': [180.103827538695, Decimal('104.06834553442886')], 'axes': [176.0852354604779, 176.0852354604779], 'angle': 90.0}",0.9707958260244842,1,244.457167,2.172240237730418,-1.7978994350973643,"[0.5136807287899218, 0.3422299511186947]",pupil.1,1,3d c++
"{'center': [0.5268256248863841, 4.615241598068813, 74.85868803207343], 'normal': [Decimal('-0.18443986596641734'), 0.5655573599302286, -0.803820134402616], 'radius': Decimal('2.8219173406505846')}",0.7973430716985906,373.321567,5.643834681301169,"{'center': [Decimal('164.49619394356858'), 157.8431887003049], 'axes': [Decimal('36.012069541715476'), 46.76907935452209], 'angle': -73.60276492132223}","[Decimal('164.49619394356858'), 157.8431887003049]",46.76907935452209,"{'center': [2.740104016483392, Decimal('-2.1714467210939294'), 84.50452964490482], 'radius': 12.0}","{'center': [180.103827538695, Decimal('104.06834553442886')], 'axes': [176.0852354604779, 176.0852354604779], 'angle': 90.0}",0.9707971709246754,1,244.457167,2.171905250097978,-1.7963462280344549,"[0.5140506060736518, 0.342320047082063]",pupil.1,1,3d c++
"{'center': [0.5383006962464219, Decimal('4.6096468253700245'), 74.85212929819839], 'normal': [Decimal('-0.18348361001974753'), 0.5650911288719961, -0.8043666955588691], 'radius': 2.796491015324013}",0.9189912442685021,373.329967,5.592982030648026,"{'center': [Decimal('164.58872499239047'), Decimal('157.80696748579115')], 'axes': [Decimal('35.719783035827824'), 46.35155447334171], 'angle': -73.68314987813643}","[Decimal('164.58872499239047'), Decimal('157.80696748579115')]",46.35155447334171,"{'center': [2.740104016483392, Decimal('-2.1714467210939294'), 84.50452964490482], 'radius': 12.0}","{'center': [180.103827538695, Decimal('104.06834553442886')], 'axes': [176.0852354604779, 176.0852354604779], 'angle': 90.0}",0.9708506214022972,1,244.457167,2.171340031621559,-1.7950683694789635,"[0.5143397656012202, 0.3424709688092036]",pupil.1,1,3d c++
"{'center': [0.5295281906726581, 4.63346209149787, 74.87091295278697], 'normal': [-0.1842146521508945, 0.5670757343826499, -0.8028013910098208], 'radius': Decimal('2.8117952768362664')}",0.8890269890607051,373.338367,5.623590553672533,"{'center': [Decimal('164.51656477477658'), Decimal('157.99028442369735')], 'axes': [35.8192054719848, 46.59371962020852], 'angle': -73.6645487142309}","[Decimal('164.51656477477658'), Decimal('157.99028442369735')]",46.59371962020852,"{'center': [2.740104016483392, Decimal('-2.1714467210939294'), 84.50452964490482], 'radius': 12.0}","{'center': [180.103827538695, Decimal('104.06834553442886')], 'axes': [176.0852354604779, 176.0852354604779], 'angle': 90.0}",0.9709097480104512,1,244.457167,2.173747518241194,-1.7963563349865288,"[0.5141142649211768, Decimal('0.34170714823459436')]",pupil.1,1,3d c++
"{'center': [0.5161172032401526, 4.629956924738817, 74.87152434536443], 'normal': [-0.1853322344369366, 0.5667836371527288, -0.8027504416283656], 'radius': 2.789135152721883}",0.8633376075699654,373.346767,5.578270305443766,"{'center': [Decimal('164.40406895124767'), 157.9672557269434], 'axes': [35.52857820290237, 46.21758498116562], 'angle': -73.54881247351175}","[Decimal('164.40406895124767'), 157.9672557269434]",46.21758498116562,"{'center': [2.740104016483392, Decimal('-2.1714467210939294'), 84.50452964490482], 'radius': 12.0}","{'center': [180.103827538695, Decimal('104.06834553442886')], 'axes': [176.0852354604779, 176.0852354604779], 'angle': 90.0}",0.9708593685991085,1,244.457167,2.173392930691818,-1.7976923133894396,"[0.513762715472649, 0.3418031011377358]",pupil.1,1,3d c++
"{'center': [0.5164307925128364, 4.639338330896862, 74.87808251376785], 'normal': [-0.1853061019975463, 0.5675654209992326, -0.8022039275947475], 'radius': Decimal('2.8177727239369674')}",0.8243557088713142,373.355167,5.635545447873935,"{'center': [Decimal('164.40885541957604'), Decimal('158.03375228439637')], 'axes': [35.8597039585008, Decimal('46.688317399462235')], 'angle': -73.57202862692768}","[Decimal('164.40885541957604'), Decimal('158.03375228439637')]",46.688317399462235,"{'center': [2.740104016483392, Decimal('-2.1714467210939294'), 84.50452964490482], 'radius': 12.0}","{'center': [180.103827538695, Decimal('104.06834553442886')], 'axes': [176.0852354604779, 176.0852354604779], 'angle': 90.0}",0.9708028142875191,1,244.457167,2.1743421611055775,-1.797810708391208,"[0.5137776731861752, 0.3415260321483484]",pupil.1,1,3d c++
"{'center': [0.5103092758030758, Decimal('4.6343831859197575'), 74.87599420636421], 'normal': [Decimal('-0.18581622839002637'), 0.5671524922511406, -0.8023779532117177], 'radius': 2.831374084699193}",0.8679544390719585,373.363567,5.662748169398386,"{'center': [Decimal('164.35994319536115'), Decimal('157.99025794380304')], 'axes': [36.04452732075299, 46.91505548879563], 'angle': -73.51190383290745}","[Decimal('164.35994319536115'), Decimal('157.99025794380304')]",46.91505548879563,"{'center': [2.740104016483392, Decimal('-2.1714467210939294'), 84.50452964490482], 'radius': 12.0}","{'center': [180.103827538695, Decimal('104.06834553442886')], 'axes': [176.0852354604779, 176.0852354604779], 'angle': 90.0}",0.9707987100831872,1,244.457167,2.173840711796928,-1.7983666372099714,"[0.5136248224855036, 0.3417072585674873]",pupil.1,1,3d c++
"{'center': [0.5288463848477258, 4.643806697946816, 74.878385010588], 'normal': [Decimal('-0.18427146930297217'), 0.5679377849200622, -0.8021787195264013], 'radius': 2.816381594815067}",0.8516793549489636,373.371967,5.632763189630134,"{'center': [164.5108279027056, Decimal('158.07074571459722')], 'axes': [35.83904852041739, 46.66514198941837], 'angle': -73.68166995589922}","[164.5108279027056, Decimal('158.07074571459722')]",46.66514198941837,"{'center': [2.740104016483392, Decimal('-2.1714467210939294'), 84.50452964490482], 'radius': 12.0}","{'center': [180.103827538695, Decimal('104.06834553442886')], 'axes': [176.0852354604779, 176.0852354604779], 'angle': 90.0}",0.9708050168897198,1,244.457167,2.1747944982803045,-1.7965928147843686,"[0.514096337195955, 0.3413718928558449]",pupil.1,1,3d c++
"{'center': [0.5393099680100413, 4.617734510027644, 74.8575858922342], 'normal': [Decimal('-0.18339950403944588'), 0.5657651025934644, -0.8039119793892191], 'radius': Decimal('2.7915626442556842')}",0.8499137034755962,373.380367,5.5831252885113685,"{'center': [Decimal('164.59616063478646'), 157.8723687688884], 'axes': [35.62861358458717, 46.26649342269737], 'angle': -73.70902214425247}","[Decimal('164.59616063478646'), 157.8723687688884]",46.26649342269737,"{'center': [2.740104016483392, Decimal('-2.1714467210939294'), 84.50452964490482], 'radius': 12.0}","{'center': [180.103827538695, Decimal('104.06834553442886')], 'axes': [176.0852354604779, 176.0852354604779], 'angle': 90.0}",0.9707586013720904,1,244.457167,2.172157170012852,-1.79509156678561,"[0.5143630019837077, 0.342198463462965]",pupil.1,1,3d c++
"{'center': [0.536533268017771, Decimal('4.6327708906015115'), 74.86882008882125], 'normal': [Decimal('-0.18363089570546842'), 0.5670181343079533, -0.8029757963402976], 'radius': Decimal('2.7970152820027905')}",0.9388329782216684,373.388767,5.594030564005581,"{'center': [164.5729734292846, 157.989525636792], 'axes': [Decimal('35.640741857567534'), Decimal('46.350004847667805')], 'angle': -73.71946858455857}","[164.5729734292846, 157.989525636792]",46.350004847667805,"{'center': [2.740104016483392, Decimal('-2.1714467210939294'), 84.50452964490482], 'radius': 12.0}","{'center': [180.103827538695, Decimal('104.06834553442886')], 'axes': [176.0852354604779, 176.0852354604779], 'angle': 90.0}",0.9707347271822098,1,244.457167,2.173677588546011,-1.7956182366562365,"[0.5142905419665144, Decimal('0.34171030984670003')]",pupil.1,1,3d c++
"{'center': [0.5412064508895584, 4.607846764322941, 74.85020267019499], 'normal': [Decimal('-0.18324146379948614'), 0.5649411237847392, -0.804527247892486], 'radius': Decimal('2.8143205208445314')}",0.9634571105067149,373.397167,5.628641041689063,"{'center': [Decimal('164.61444445500882'), Decimal('157.78823007156814')], 'axes': [Decimal('35.957411833747464'), 46.6484298456479], 'angle': -73.70273230581783}","[Decimal('164.61444445500882'), Decimal('157.78823007156814')]",46.6484298456479,"{'center': [2.740104016483392, Decimal('-2.1714467210939294'), 84.50452964490482], 'radius': 12.0}","{'center': [180.103827538695, Decimal('104.06834553442886')], 'axes': [176.0852354604779, 176.0852354604779], 'angle': 90.0}",0.9707835497016926,1,244.457167,2.1711582248718746,-1.7947389815212846,"[0.5144201389219025, 0.3425490413684661]",pupil.1,1,3d c++
"{'center': [0.5446563969311642, 4.620641199015381, 74.85841377190663], 'normal': [-0.182953968296019, 0.5660073266757759, -0.8038429894165158], 'radius': 2.790838708068418}",0.9250529841092524,373.405567,5.581677416136836,"{'center': [Decimal('164.64002476845192'), Decimal('157.89610519648687')], 'axes': [35.61452658964038, 46.25401394391976], 'angle': -73.75856500671894}","[Decimal('164.64002476845192'), Decimal('157.89610519648687')]",46.25401394391976,"{'center': [2.740104016483392, Decimal('-2.1714467210939294'), 84.50452964490482], 'radius': 12.0}","{'center': [180.103827538695, Decimal('104.06834553442886')], 'axes': [176.0852354604779, 176.0852354604779], 'angle': 90.0}",0.9707481119610173,1,244.457167,2.1724509589472567,-1.794583281034857,"[0.5145000774014122, Decimal('0.34209956168130473')]",pupil.1,1,3d c++
"{'center': [0.5244679669532242, 4.609054185789619, 74.85487864874057], 'normal': [Decimal('-0.18463633746084732'), 0.5650417422402957, -0.8041375830136875], 'radius': Decimal('2.8251633394932574')}",0.9425213520484899,373.413967,5.650326678986515,"{'center': [Decimal('164.47738617238562'), Decimal('157.79312335261125')], 'axes': [36.07360933809196, 46.82524908420704], 'angle': -73.57007791616441}","[Decimal('164.47738617238562'), Decimal('157.79312335261125')]",46.82524908420704,"{'center': [2.740104016483392, Decimal('-2.1714467210939294'), 84.50452964490482], 'radius': 12.0}","{'center': [180.103827538695, Decimal('104.06834553442886')], 'axes': [176.0852354604779, 176.0852354604779], 'angle': 90.0}",0.9708281283029585,1,244.457167,2.171280172332232,-1.796492277805452,"[0.5139918317887051, Decimal('0.34252865269745314')]",pupil.1,1,3d c++
"{'center': [0.5299362231452052, 4.628365925876324, 74.86722160316444], 'normal': [-0.1841806494448489, 0.5666510539141878, -0.8031090034783658], 'radius': Decimal('2.8304672131858304')}",0.8320730483831166,373.422367,5.660934426371661,"{'center': [164.5219521345663, Decimal('157.94498236061912')], 'axes': [36.07648744612502, Decimal('46.905577515778724')], 'angle': -73.65670599654749}","[164.5219521345663, Decimal('157.94498236061912')]",46.905577515778724,"{'center': [2.740104016483392, Decimal('-2.1714467210939294'), 84.50452964490482], 'radius': 12.0}","{'center': [180.103827538695, Decimal('104.06834553442886')], 'axes': [176.0852354604779, 176.0852354604779], 'angle': 90.0}",0.9708181780815894,1,244.457167,2.1732320115726305,-1.79623261556049,"[0.5141311004205197, Decimal('0.34189590683075366')]",pupil.1,1,3d c++
"{'center': [0.5243610028512067, 4.609708773745227, 74.85536320150916], 'normal': [Decimal('-0.18464525113601546'), 0.5650962912365963, -0.8040972036163052], 'radius': 2.810760318089937}",0.9670924211575553,373.430767,5.621520636179874,"{'center': [164.475112927558, 157.8021800928484], 'axes': [35.88702216477688, Decimal('46.586109696330354')], 'angle': -73.57063910357093}","[164.475112927558, 157.8021800928484]",46.586109696330354,"{'center': [2.740104016483392, Decimal('-2.1714467210939294'), 84.50452964490482], 'radius': 12.0}","{'center': [180.103827538695, Decimal('104.06834553442886')], 'axes': [176.0852354604779, 176.0852354604779], 'angle': 90.0}",0.9708645146756401,1,244.457167,2.1713462888304913,-1.796513760675427,"[0.5139847278986187, Decimal('0.34249091627979833')]",pupil.1,1,3d c++
"{'center': [0.5161409745053263, 4.620567349150056, 74.86489618415936], 'normal': [Decimal('-0.18533025349817217'), 0.5660011725203321, -0.8033027883954547], 'radius': 2.814681657851346}",0.8596462042302782,373.439167,5.629363315702692,"{'center': [164.4071476331813, Decimal('157.88615140813891')], 'axes': [35.88864880948044, 46.64520589985937], 'angle': -73.52831135759237}","[164.4071476331813, Decimal('157.88615140813891')]",46.64520589985937,"{'center': [2.740104016483392, Decimal('-2.1714467210939294'), 84.50452964490482], 'radius': 12.0}","{'center': [180.103827538695, Decimal('104.06834553442886')], 'axes': [176.0852354604779, 176.0852354604779], 'angle': 90.0}",0.9708883750266684,1,244.457167,2.1724434939568322,-1.7975392539658686,"[0.5137723363536916, Decimal('0.34214103579942123')]",pupil.1,1,3d c++
"{'center': [0.534928055194356, 4.624294404357492, 74.8632070418798], 'normal': [-0.183764663440753, 0.5663117604542851, -0.8034435502520854], 'radius': Decimal('2.7975642492384174')}",0.9559411230367165,373.447567,5.595128498476835,"{'center': [Decimal('164.56023933347072'), Decimal('157.92218677970666')], 'axes': [35.67681940549463, 46.36253866489734], 'angle': -73.68800445971533}","[Decimal('164.56023933347072'), Decimal('157.92218677970666')]",46.36253866489734,"{'center': [2.740104016483392, Decimal('-2.1714467210939294'), 84.50452964490482], 'radius': 12.0}","{'center': [180.103827538695, Decimal('104.06834553442886')], 'axes': [176.0852354604779, 176.0852354604779], 'angle': 90.0}",0.9709035683196032,1,244.457167,2.172820284893475,-1.7956499327559412,"[0.514250747917096, Decimal('0.34199088841788894')]",pupil.1,1,3d c++
"{'center': [0.5154056184527605, 4.631091709967329, 74.87248998906169], 'normal': [-0.1853915331692193, 0.5668782025884381, -0.8026699713202606], 'radius': Decimal('2.8030419197555925')}",0.788800944276444,373.455967,5.606083839511185,"{'center': [164.3994462732863, Decimal('157.97242476971525')], 'axes': [35.70099923127809, 46.44754567584546], 'angle': -73.54560584196888}","[164.3994462732863, Decimal('157.97242476971525')]",46.44754567584546,"{'center': [2.740104016483392, Decimal('-2.1714467210939294'), 84.50452964490482], 'radius': 12.0}","{'center': [180.103827538695, Decimal('104.06834553442886')], 'axes': [176.0852354604779, 176.0852354604779], 'angle': 90.0}",0.9709190338487828,1,244.457167,2.173507717673792,-1.7977844241549656,"[0.5137482696040196, 0.3417815634595198]",pupil.1,1,3d c++
"{'center': [0.5213593751741437, 4.629686512842724, 74.8701246839898], 'normal': [Decimal('-0.18489538677577072'), 0.5667611028280545, -0.8028670800762513], 'radius': Decimal('2.7951291726348315')}",0.906020801557858,373.464367,5.590258345269663,"{'center': [164.4478604700353, Decimal('157.96406244455227')], 'axes': [35.6116332950724, 46.31784651536663], 'angle': -73.59043991661575}","[164.4478604700353, Decimal('157.96406244455227')]",46.31784651536663,"{'center': [2.740104016483392, Decimal('-2.1714467210939294'), 84.50452964490482], 'radius': 12.0}","{'center': [180.103827538695, Decimal('104.06834553442886')], 'axes': [176.0852354604779, 176.0852354604779], 'angle': 90.0}",0.9709387081993426,1,244.457167,2.1733655790423607,-1.7971438256245609,"[0.5138995639688603, 0.3418164064810322]",pupil.1,1,3d c++
"{'center': [0.5288204377612309, 4.630605316008507, 74.86905804155171], 'normal': [-0.1842736315601801, 0.5668376697585364, -0.8029559669460932], 'radius': Decimal('2.8206787289621027')}",0.7652531434609967,373.472767,5.641357457924205,"{'center': [Decimal('164.51171444050365'), 157.9652250477738], 'axes': [Decimal('35.942190521700596'), 46.74214222352091], 'angle': -73.65260449749246}","[Decimal('164.51171444050365'), 157.9652250477738]",46.74214222352091,"{'center': [2.740104016483392, Decimal('-2.1714467210939294'), 84.50452964490482], 'radius': 12.0}","{'center': [180.103827538695, Decimal('104.06834553442886')], 'axes': [176.0852354604779, 176.0852354604779], 'angle': 90.0}",0.9709503898943983,1,244.457167,2.173458516333369,-1.7963841491776524,"[0.514099107626574, Decimal('0.34181156230094245')]",pupil.1,1,3d c++
"{'center': [0.5313918393485699, 4.624745237614073, 74.86433434714404], 'normal': [-0.1840593480945685, 0.5663493298923336, -0.8033496081467316], 'radius': Decimal('2.8129270361365855')}",0.8961309606675013,373.481167,5.625854072273171,"{'center': [Decimal('164.53249482475832'), Decimal('157.92125119120294')], 'axes': [35.86748652868059, 46.61654947450623], 'angle': -73.66048436767205}","[Decimal('164.53249482475832'), Decimal('157.92125119120294')]",46.61654947450623,"{'center': [2.740104016483392, Decimal('-2.1714467210939294'), 84.50452964490482], 'radius': 12.0}","{'center': [180.103827538695, Decimal('104.06834553442886')], 'axes': [176.0852354604779, 176.0852354604779], 'angle': 90.0}",0.9709787101160994,1,244.457167,2.1728658690133025,-1.7960239016300568,"[0.5141640463273698, Decimal('0.34199478670332106')]",pupil.1,1,3d c++
"{'center': [0.522016238190075, 4.60713143834827, 74.85409106709298], 'normal': [Decimal('-0.18484064819110976'), 0.56488151328685, -0.8042032148176533], 'radius': Decimal('2.8053865380787473')}",0.887277551743614,373.489567,5.6107730761574945,"{'center': [164.4554087565793, Decimal('157.78299374964814')], 'axes': [35.82517101312979, 46.49776781900403], 'angle': -73.54598969819439}","[164.4554087565793, Decimal('157.78299374964814')]",46.49776781900403,"{'center': [2.740104016483392, Decimal('-2.1714467210939294'), 84.50452964490482], 'radius': 12.0}","{'center': [180.103827538695, Decimal('104.06834553442886')], 'axes': [176.0852354604779, 176.0852354604779], 'angle': 90.0}",0.9710010536707836,1,244.457167,2.171085982999952,-1.7967157969319745,"[0.5139231523643103, Decimal('0.34257085937646603')]",pupil.1,1,3d c++
"{'center': [0.5260137618829717, 4.624465042025987, 74.86537057098288], 'normal': [Decimal('-0.18450752121670172'), 0.566325980259993, -0.8032632561601621], 'radius': 2.820510271337199}",0.7678568350590107,373.497967,5.641020542674398,"{'center': [Decimal('164.48888429078642'), Decimal('157.91642815736532')], 'axes': [35.95949128303251, 46.74161189708241], 'angle': -73.6165069135245}","[Decimal('164.48888429078642'), Decimal('157.91642815736532')]",46.74161189708241,"{'center': [2.740104016483392, Decimal('-2.1714467210939294'), 84.50452964490482], 'radius': 12.0}","{'center': [180.103827538695, Decimal('104.06834553442886')], 'axes': [176.0852354604779, 176.0852354604779], 'angle': 90.0}",0.971003680950211,1,244.457167,2.1728375380399596,-1.7965773461031267,"[0.5140277634087076, Decimal('0.34201488267764446')]",pupil.1,1,3d c++
"{'center': [0.547088752449175, 4.633940684481383, 74.86723820426914], 'normal': [Decimal('-0.18275127200285143'), 0.567115617131276, -0.8031076200529738], 'radius': 2.820030188076385}",0.7563036410365872,373.506367,5.64006037615277,"{'center': [Decimal('164.66207554842438'), 157.9936644902954], 'axes': [35.94134424676884, 46.73262188451502], 'angle': -73.80716609658332}","[Decimal('164.66207554842438'), 157.9936644902954]",46.73262188451502,"{'center': [2.740104016483392, Decimal('-2.1714467210939294'), 84.50452964490482], 'radius': 12.0}","{'center': [180.103827538695, Decimal('104.06834553442886')], 'axes': [176.0852354604779, 176.0852354604779], 'angle': 90.0}",0.9710183536251416,1,244.457167,2.1737959400895455,-1.7945414593304125,"[0.5145689860888262, Decimal('0.34169306462376914')]",pupil.1,1,3d c++
"{'center': [0.5286834308854518, Decimal('4.6171173711957785'), 74.85958192299007], 'normal': [Decimal('-0.18428504879982835'), 0.5657136743574757, -0.8037456434928956], 'radius': 2.813193716393057}",0.8629422397708832,373.514767,5.626387432786114,"{'center': [Decimal('164.51059203366805'), Decimal('157.86057382520283')], 'axes': [35.89579744955162, 46.62388550180103], 'angle': -73.62187992558744}","[Decimal('164.51059203366805'), Decimal('157.86057382520283')]",46.62388550180103,"{'center': [2.740104016483392, Decimal('-2.1714467210939294'), 84.50452964490482], 'radius': 12.0}","{'center': [180.103827538695, Decimal('104.06834553442886')], 'axes': [176.0852354604779, 176.0852354604779], 'angle': 90.0}",0.9710248898894047,1,244.457167,2.172094801315992,-1.7961834385149116,"[0.5140956001052126, Decimal('0.34224760906165486')]",pupil.1,1,3d c++
"{'center': [0.5062522414597406, 4.62534334746778, 74.87055066365701], 'normal': [-0.1861543145853043, 0.5663991723801425, -0.802831581770651], 'radius': Decimal('2.8006589034326312')}",0.8295132142763865,373.523167,5.6013178068652625,"{'center': [Decimal('164.32405954642203'), 157.9266541134034], 'axes': [35.68161088076938, 46.40917518174893], 'angle': -73.45921185349957}","[Decimal('164.32405954642203'), 157.9266541134034]",46.40917518174893,"{'center': [2.740104016483392, Decimal('-2.1714467210939294'), 84.50452964490482], 'radius': 12.0}","{'center': [180.103827538695, Decimal('104.06834553442886')], 'axes': [176.0852354604779, 176.0852354604779], 'angle': 90.0}",0.971025602066089,1,244.457167,2.1729263465943798,-1.798642110160046,"[0.5135126860825688, 0.3419722745274858]",pupil.1,1,3d c++
"{'center': [Decimal('0.49362716632239767'), 4.635356742423989, 74.88056121339325], 'normal': [Decimal('-0.18720640418008289'), 0.5672336219598265, -0.8019973692926305], 'radius': Decimal('2.8035664107119262')}",0.7382064837310917,373.531567,5.6071328214238525,"{'center': [164.2197581484964, Decimal('158.00370208097561')], 'axes': [35.66843885248674, 46.45115616611071], 'angle': -73.37995536765692}","[164.2197581484964, Decimal('158.00370208097561')]",46.45115616611071,"{'center': [2.740104016483392, Decimal('-2.1714467210939294'), 84.50452964490482], 'radius': 12.0}","{'center': [180.103827538695, Decimal('104.06834553442886')], 'axes': [176.0852354604779, 176.0852354604779], 'angle': 90.0}",0.9710091624325901,1,244.457167,2.173939219809699,-1.8001153908746754,"[0.5131867442140512, 0.3416512413292683]",pupil.1,1,3d c++
"{'center': [Decimal('0.48597563809779043'), 4.622287132960748, 74.87311824397152], 'normal': [Decimal('-0.18784403153213347'), 0.5661444878378898, -0.8026176167444421], 'radius': Decimal('2.8203544724372303')}",0.929839549677647,373.539967,5.6407089448744605,"{'center': [Decimal('164.15893978253936'), 157.8950464582174], 'axes': [35.92169419340403, 46.73400530054174], 'angle': -73.2893131361286}","[Decimal('164.15893978253936'), 157.8950464582174]",46.73400530054174,"{'center': [2.740104016483392, Decimal('-2.1714467210939294'), 84.50452964490482], 'radius': 12.0}","{'center': [180.103827538695, Decimal('104.06834553442886')], 'axes': [176.0852354604779, 176.0852354604779], 'angle': 90.0}",0.9710762386499816,1,244.457167,2.172617345364789,-1.8006976309175813,"[0.5129966868204355, 0.3421039730907609]",pupil.1,1,3d c++
"{'center': [Decimal('0.49642582190681805'), 4.621892571230383, 74.87040023854203], 'normal': [Decimal('-0.18697318288138118'), 0.5661116076936927, -0.8028441171968991], 'radius': Decimal('2.8135145796533494')}",0.8525885018441357,373.548367,5.627029159306699,"{'center': [Decimal('164.24444652017442'), Decimal('157.89487629215944')], 'axes': [35.84741689744738, Decimal('46.622346130170946')], 'angle': -73.37247112253543}","[Decimal('164.24444652017442'), Decimal('157.89487629215944')]",46.622346130170946,"{'center': [2.740104016483392, Decimal('-2.1714467210939294'), 84.50452964490482], 'radius': 12.0}","{'center': [180.103827538695, Decimal('104.06834553442886')], 'axes': [176.0852354604779, 176.0852354604779], 'angle': 90.0}",0.9710961271178431,1,244.457167,2.1725774576375034,-1.7996063778945544,"[0.5132638953755451, 0.3421046821160023]",pupil.1,1,3d c++
"{'center': [0.5107299265740637, 4.627742259846498, 74.87120621170176], 'normal': [-0.1857811741591107, 0.5665990817450356, -0.802776952766922], 'radius': Decimal('2.7956378270319306')}",0.9078089736460009,373.556767,5.591275654063861,"{'center': [Decimal('164.36037836956868'), Decimal('157.94743904709802')], 'axes': [35.61371665018096, Decimal('46.325555027218286')], 'angle': -73.50056171988597}","[Decimal('164.36037836956868'), Decimal('157.94743904709802')]",46.325555027218286,"{'center': [2.740104016483392, Decimal('-2.1714467210939294'), 84.50452964490482], 'radius': 12.0}","{'center': [180.103827538695, Decimal('104.06834553442886')], 'axes': [176.0852354604779, 176.0852354604779], 'angle': 90.0}",0.9711217144096285,1,244.457167,2.1731689366953306,-1.798215945277767,"[0.5136261824049021, Decimal('0.34188567063709163')]",pupil.1,1,3d c++
"{'center': [0.4874941589123325, 4.608283281822937, 74.8629006374641], 'normal': [Decimal('-0.18771748813092162'), 0.5649775002430721, -0.8034690839533944], 'radius': 2.837280912391704}",0.9038539316179351,373.565167,5.674561824783408,"{'center': [164.173775680259, 157.7798785733288], 'axes': [36.19067811535294, 47.02098471324488], 'angle': -73.27011202451136}","[164.173775680259, 157.7798785733288]",47.02098471324488,"{'center': [2.740104016483392, Decimal('-2.1714467210939294'), 84.50452964490482], 'radius': 12.0}","{'center': [180.103827538695, Decimal('104.06834553442886')], 'axes': [176.0852354604779, 176.0852354604779], 'angle': 90.0}",0.9711543210015883,1,244.457167,2.171202311202108,-1.8003131380722446,"[0.5130430490008094, 0.3425838392777967]",pupil.1,1,3d c++
"{'center': [0.4921929516809227, 4.624741999555255, 74.87339706778496], 'normal': [Decimal('-0.18732592206687243'), 0.5663490600540987, -0.8025943814266551], 'radius': Decimal('2.8406590184565887')}",0.8904565757590654,373.573567,5.6813180369131775,"{'center': [164.2120065007947, Decimal('157.90960936035887')], 'axes': [36.17842533467711, 47.07049215362231], 'angle': -73.34482262356231}","[164.2120065007947, Decimal('157.90960936035887')]",47.07049215362231,"{'center': [2.740104016483392, Decimal('-2.1714467210939294'), 84.50452964490482], 'radius': 12.0}","{'center': [180.103827538695, Decimal('104.06834553442886')], 'axes': [176.0852354604779, 176.0852354604779], 'angle': 90.0}",0.971181000166299,1,244.457167,2.1728655416054323,-1.8000919484734499,"[0.5131625203149834, 0.342043294331838]",pupil.1,1,3d c++
"{'center': [0.5077178697778302, 4.614732802107863, 74.86273419121085], 'normal': [Decimal('-0.18603217889213017'), 0.565514960266816, -0.8034829544744979], 'radius': Decimal('2.8146402760961875')}",0.9745082619492116,373.581967,5.629280552192375,"{'center': [Decimal('164.33800326756344'), Decimal('157.83913899859107')], 'axes': [Decimal('35.900245154034444'), 46.64580389981822], 'angle': -73.44747373490401}","[Decimal('164.33800326756344'), Decimal('157.83913899859107')]",46.64580389981822,"{'center': [2.740104016483392, Decimal('-2.1714467210939294'), 84.50452964490482], 'radius': 12.0}","{'center': [180.103827538695, Decimal('104.06834553442886')], 'axes': [176.0852354604779, 176.0852354604779], 'angle': 90.0}",0.9712718041476109,1,244.457167,2.171853839336167,-1.7983194490665224,"[0.5135562602111358, Decimal('0.34233692083920386')]",pupil.1,1,3d c++
"{'center': [0.5036664738905015, 4.613043262218811, 74.86248407436274], 'normal': [Decimal('-0.18636979521607422'), 0.5653741652760618, -0.8035037975451734], 'radius': Decimal('2.8133034675669424')}",0.8554921813145534,373.590367,5.626606935133885,"{'center': [Decimal('164.30456265196963'), Decimal('157.82571203824696')], 'axes': [35.8849164446529, 46.62376886977008], 'angle': -73.41105124373249}","[Decimal('164.30456265196963'), Decimal('157.82571203824696')]",46.62376886977008,"{'center': [2.740104016483392, Decimal('-2.1714467210939294'), 84.50452964490482], 'radius': 12.0}","{'center': [180.103827538695, Decimal('104.06834553442886')], 'axes': [176.0852354604779, 176.0852354604779], 'angle': 90.0}",0.9712846639540529,1,244.457167,2.1716831345238177,-1.7987125143621339,"[0.5134517582874051, Decimal('0.34239286650730427')]",pupil.1,1,3d c++
"{'center': [0.5243138637061175, 4.609102843817283, 74.85494822410539], 'normal': [-0.1846491793981062, 0.5650457970759343, -0.8041317850666195], 'radius': Decimal('2.7804954567540636')}",0.8034486954927791,373.598767,5.560990913508127,"{'center': [Decimal('164.47192652812333'), 157.8054901263911], 'axes': [35.50235943945245, Decimal('46.084500049404944')], 'angle': -73.56887583149823}","[Decimal('164.47192652812333'), 157.8054901263911]",46.084500049404944,"{'center': [2.740104016483392, Decimal('-2.1714467210939294'), 84.50452964490482], 'radius': 12.0}","{'center': [180.103827538695, Decimal('104.06834553442886')], 'axes': [176.0852354604779, 176.0852354604779], 'angle': 90.0}",0.9712769156225654,1,244.457167,2.171285086921556,-1.7965090205240049,"[0.5139747704003854, 0.3424771244733704]",pupil.1,1,3d c++
"{'center': [0.5264209523978121, 4.630371585821564, 74.86944401936469], 'normal': [Decimal('-0.18447358867379834'), 0.5668181922429578, -0.8029238021283437], 'radius': Decimal('2.8042750432586834')}",0.84915439654277,373.607167,5.608550086517367,"{'center': [Decimal('164.49040790538797'), 157.9675521884106], 'axes': [35.73123080556246, 46.46992544146148], 'angle': -73.63273358336068}","[Decimal('164.49040790538797'), 157.9675521884106]",46.46992544146148,"{'center': [2.740104016483392, Decimal('-2.1714467210939294'), 84.50452964490482], 'radius': 12.0}","{'center': [180.103827538695, Decimal('104.06834553442886')], 'axes': [176.0852354604779, 176.0852354604779], 'angle': 90.0}",0.9712791633418427,1,244.457167,2.173434873872156,-1.7966294451722338,"[0.5140325247043374, Decimal('0.34180186588162254')]",pupil.1,1,3d c++
"{'center': [0.5186933007598666, 4.616561063090495, 74.86148631025573], 'normal': [Decimal('-0.18511755964362714'), 0.5656673153487021, -0.8035869445540913], 'radius': 2.78690283881653}",0.8538429740069768,373.615567,5.57380567763306,"{'center': [Decimal('164.42579117644482'), 157.8621903697045], 'axes': [35.55131825744305, 46.18672229156754], 'angle': -73.53999613573383}","[Decimal('164.42579117644482'), 157.8621903697045]",46.18672229156754,"{'center': [2.740104016483392, Decimal('-2.1714467210939294'), 84.50452964490482], 'radius': 12.0}","{'center': [180.103827538695, Decimal('104.06834553442886')], 'axes': [176.0852354604779, 176.0852354604779], 'angle': 90.0}",0.9712925679479345,1,244.457167,2.1720385825230193,-1.7972104661919504,"[0.51383059742639, Decimal('0.34224087345956455')]",pupil.1,1,3d c++
"{'center': [0.5206946305626658, 4.641438133348689, 74.8785843958504], 'normal': [Decimal('-0.18495078216006053'), 0.5677404045368849, -0.8021621040878684], 'radius': Decimal('2.7781058023072704')}",0.8398928288529598,373.623967,5.556211604614541,"{'center': [164.4401847780303, Decimal('158.06144292013693')], 'axes': [Decimal('35.351366253993376'), Decimal('46.030460866727324')], 'angle': -73.61086881060774}","[164.4401847780303, Decimal('158.06144292013693')]",46.030460866727324,"{'center': [2.740104016483392, Decimal('-2.1714467210939294'), 84.50452964490482], 'radius': 12.0}","{'center': [180.103827538695, Decimal('104.06834553442886')], 'axes': [176.0852354604779, 176.0852354604779], 'angle': 90.0}",0.9712962544198844,1,244.457167,2.1745547085897754,-1.7974015891292308,"[0.5138755774313447, 0.3414106544994294]",pupil.1,1,3d c++
"{'center': [0.5245532378106148, 4.635467175981002, 74.8734726964214], 'normal': [Decimal('-0.18462923155606475'), 0.5672428247562443, -0.8025880790402843], 'radius': 2.798215866428394}",0.9053355106641574,373.632367,5.596431732856788,"{'center': [Decimal('164.47417748757334'), Decimal('158.00927022317248')], 'axes': [35.63341191393357, 46.36698695365169], 'angle': -73.6288555908986}","[Decimal('164.47417748757334'), Decimal('158.00927022317248')]",46.36698695365169,"{'center': [2.740104016483392, Decimal('-2.1714467210939294'), 84.50452964490482], 'radius': 12.0}","{'center': [180.103827538695, Decimal('104.06834553442886')], 'axes': [176.0852354604779, 176.0852354604779], 'angle': 90.0}",0.9713116014367862,1,244.457167,2.1739503943035197,-1.7969049174562217,"[0.5139818046486667, 0.3416280407367813]",pupil.1,1,3d c++
"{'center': [0.539220529356006, 4.632818658706013, 74.86823966808564], 'normal': [-0.1834069572606155, 0.5670221149833286, -0.8030241647349323], 'radius': Decimal('2.8035314964520013')}",0.8929855086668734,373.640767,5.607062992904003,"{'center': [Decimal('164.59573168357213'), Decimal('157.98843148092652')], 'axes': [35.72655613159398, 46.45841275782154], 'angle': -73.7412470542009}","[Decimal('164.59573168357213'), Decimal('157.98843148092652')]",46.45841275782154,"{'center': [2.740104016483392, Decimal('-2.1714467210939294'), 84.50452964490482], 'radius': 12.0}","{'center': [180.103827538695, Decimal('104.06834553442886')], 'axes': [176.0852354604779, 176.0852354604779], 'angle': 90.0}",0.9713053118569848,1,244.457167,2.173682421199091,-1.7953401196732113,"[0.5143616615111629, 0.3417148688294728]",pupil.1,1,3d c++
"{'center': [0.5299109207814583, 4.636759744759498, 74.8731553297812], 'normal': [Decimal('-0.18418275797516115'), 0.567350538821119, -0.8026145262603019], 'radius': Decimal('2.7983500283858977')}",0.8055116216096108,373.649167,5.5967000567717955,"{'center': [Decimal('164.51829027864682'), 158.0200123065916], 'axes': [Decimal('35.636169728696814'), Decimal('46.369437022004384')], 'angle': -73.67482317884115}","[Decimal('164.51829027864682'), 158.0200123065916]",46.369437022004384,"{'center': [2.740104016483392, Decimal('-2.1714467210939294'), 84.50452964490482], 'radius': 12.0}","{'center': [180.103827538695, Decimal('104.06834553442886')], 'axes': [176.0852354604779, 176.0852354604779], 'angle': 90.0}",0.9713115019448382,1,244.457167,2.174081192482108,-1.796369336514413,"[0.5141196571207713, 0.3415832820558683]",pupil.1,1,3d c++
"{'center': [0.5212847428260314, 4.645798265875801, 74.88153573352346], 'normal': [Decimal('-0.18490160613811338'), 0.5681037489141442, -0.8019161592817798], 'radius': 2.810253918150589}",0.8651589901140765,373.657567,5.620507836301178,"{'center': [Decimal('164.44782068528687'), Decimal('158.08734783180196')], 'axes': [35.74553907046253, 46.56157617457415], 'angle': -73.62520989489293}","[Decimal('164.44782068528687'), Decimal('158.08734783180196')]",46.56157617457415,"{'center': [2.740104016483392, Decimal('-2.1714467210939294'), 84.50452964490482], 'radius': 12.0}","{'center': [180.103827538695, Decimal('104.06834553442886')], 'axes': [176.0852354604779, 176.0852354604779], 'angle': 90.0}",0.9713780965445284,1,244.457167,2.17499615214057,-1.7974105055277452,"[0.5138994396415215, Decimal('0.34130271736749185')]",pupil.1,1,3d c++
"{'center': [0.5134108252214817, 4.618125220703718, 74.8638061098613], 'normal': [Decimal('-0.18555776593849255'), 0.5657976618164706, -0.8033936279202931], 'radius': 2.806612973088199}",0.9111198528857308,373.665967,5.613225946176398,"{'center': [164.3840053154021, Decimal('157.86872631216266')], 'axes': [Decimal('35.791595989493565'), Decimal('46.512078422817844')], 'angle': -73.5008864032787}","[164.3840053154021, Decimal('157.86872631216266')]",46.512078422817844,"{'center': [2.740104016483392, Decimal('-2.1714467210939294'), 84.50452964490482], 'radius': 12.0}","{'center': [180.103827538695, Decimal('104.06834553442886')], 'axes': [176.0852354604779, 176.0852354604779], 'angle': 90.0}",0.971401807661898,1,244.457167,2.172196657022851,-1.7977833498187967,"[0.5137000166106316, 0.3422136403659889]",pupil.1,1,3d c++
"{'center': [0.5007257595778536, Decimal('4.6225530733793985'), 74.86986557109327], 'normal': [Decimal('-0.18661485474212822'), 0.566166649539444, -0.8028886728176297], 'radius': 2.829105009390563}",0.7870875210503305,373.674367,5.658210018781126,"{'center': [Decimal('164.28134095437963'), Decimal('157.89633833400268')], 'axes': [36.04856783927902, 46.88118066787524], 'angle': -73.40856990045575}","[Decimal('164.28134095437963'), Decimal('157.89633833400268')]",46.88118066787524,"{'center': [2.740104016483392, Decimal('-2.1714467210939294'), 84.50452964490482], 'radius': 12.0}","{'center': [180.103827538695, Decimal('104.06834553442886')], 'axes': [176.0852354604779, 176.0852354604779], 'angle': 90.0}",0.971416524908042,1,244.457167,2.1726442308970584,-1.7991707366264869,"[0.5133791904824363, 0.3420985902749888]",pupil.1,1,3d c++
"{'center': [0.5132639782448343, 4.617732200174592, 74.86356325044514], 'normal': [Decimal('-0.18557000318654648'), 0.5657649101057101, -0.8034138662049735], 'radius': Decimal('2.7855242289422666')}",0.7679337112198282,373.682767,5.571048457884533,"{'center': [Decimal('164.38083616753696'), Decimal('157.87125300468168')], 'axes': [35.52365591248594, Decimal('46.162563975567764')], 'angle': -73.49880147330755}","[Decimal('164.38083616753696'), Decimal('157.87125300468168')]",46.162563975567764,"{'center': [2.740104016483392, Decimal('-2.1714467210939294'), 84.50452964490482], 'radius': 12.0}","{'center': [180.103827538695, Decimal('104.06834553442886')], 'axes': [176.0852354604779, 176.0852354604779], 'angle': 90.0}",0.9714096511958203,1,244.457167,2.172156936571707,-1.7977922864739793,"[0.5136901130235529, Decimal('0.34220311248049307')]",pupil.1,1,3d c++
"{'center': [0.5085248519395598, 4.631909834890422, 74.87465975977561], 'normal': [-0.1859649303786527, 0.5669463796653627, -0.8024891570941013], 'radius': Decimal('2.7970350405890674')}",0.9574415200641426,373.691167,5.594070081178135,"{'center': [Decimal('164.34211818205222'), Decimal('157.97978185168654')], 'axes': [35.6140015437622, 46.34658974648225], 'angle': -73.49203670906701}","[Decimal('164.34211818205222'), Decimal('157.97978185168654')]",46.34658974648225,"{'center': [2.740104016483392, Decimal('-2.1714467210939294'), 84.50452964490482], 'radius': 12.0}","{'center': [180.103827538695, Decimal('104.06834553442886')], 'axes': [176.0852354604779, 176.0852354604779], 'angle': 90.0}",0.9715317392275713,1,244.457167,2.1735904791263514,-1.798512043646295,"[0.5135691193189131, 0.3417509089513061]",pupil.1,1,3d c++
"{'center': [Decimal('0.49984132854485885'), 4.614928295392609, 74.86469887747754], 'normal': [-0.1866885573282111, 0.5655312513738782, -0.8033192306189406], 'radius': 2.801607069197437}",0.8387680780373392,373.699567,5.603214138394874,"{'center': [Decimal('164.27182521602364'), Decimal('157.84336407439375')], 'axes': [35.72457197301821, 46.42845020376689], 'angle': -73.38441399836556}","[Decimal('164.27182521602364'), Decimal('157.84336407439375')]",46.42845020376689,"{'center': [2.740104016483392, Decimal('-2.1714467210939294'), 84.50452964490482], 'radius': 12.0}","{'center': [180.103827538695, Decimal('104.06834553442886')], 'axes': [176.0852354604779, 176.0852354604779], 'angle': 90.0}",0.9714967981254818,1,244.457167,2.171873592538591,-1.7991395906276246,"[0.5133494538000739, Decimal('0.34231931635669277')]",pupil.1,1,3d c++
"{'center': [0.5098919229470664, Decimal('4.6212443261022305'), 74.86681713854806], 'normal': [-0.1858510077946938, 0.5660575872663467, -0.8031427088630632], 'radius': Decimal('2.8019829161930585')}",0.8248239701509168,373.707967,5.603965832386117,"{'center': [Decimal('164.35439878186477'), Decimal('157.89426850777667')], 'axes': [35.71734915786736, 46.43343984344748], 'angle': -73.47943347272385}","[Decimal('164.35439878186477'), Decimal('157.89426850777667')]",46.43343984344748,"{'center': [2.740104016483392, Decimal('-2.1714467210939294'), 84.50452964490482], 'radius': 12.0}","{'center': [180.103827538695, Decimal('104.06834553442886')], 'axes': [176.0852354604779, 176.0852354604779], 'angle': 90.0}",0.9715014451565862,1,244.457167,2.1725119264748383,-1.7981984415936603,"[0.5136074961933275, 0.3421072145509305]",pupil.1,1,3d c++
"{'center': [0.4988003408945989, 4.608176357075708, 74.86019095571821], 'normal': [Decimal('-0.18677530629906608'), 0.5649685898474698, -0.8036948907655513], 'radius': 2.813689042230254}",0.8901535479982586,373.716367,5.627378084460508,"{'center': [Decimal('164.26472815494031'), 157.7866019318668], 'axes': [Decimal('35.902248863181185'), 46.6315475539936], 'angle': -73.36095330844206}","[Decimal('164.26472815494031'), 157.7866019318668]",46.6315475539936,"{'center': [2.740104016483392, Decimal('-2.1714467210939294'), 84.50452964490482], 'radius': 12.0}","{'center': [180.103827538695, Decimal('104.06834553442886')], 'axes': [176.0852354604779, 176.0852354604779], 'angle': 90.0}",0.9715212711453813,1,244.457167,2.1711915121541048,-1.7991389376676366,"[0.5133272754841884, 0.3425558252838883]",pupil.1,1,3d c++
"{'center': [Decimal('0.49699875291785567'), 4.614482259145703, 74.86504591123378], 'normal': [Decimal('-0.18692543863046138'), 0.5654940816866361, -0.8032903111392529], 'radius': Decimal('2.8043305422464773')}",0.9233968656756166,373.724767,5.6086610844929545,"{'center': [164.24867082334, 157.8388062061343], 'axes': [35.75785379609332, Decimal('46.473376401575564')], 'angle': -73.36052326819019}","[164.24867082334, 157.8388062061343]",46.473376401575564,"{'center': [2.740104016483392, Decimal('-2.1714467210939294'), 84.50452964490482], 'radius': 12.0}","{'center': [180.103827538695, Decimal('104.06834553442886')], 'axes': [176.0852354604779, 176.0852354604779], 'angle': 90.0}",0.9715127469976603,1,244.457167,2.1718285241475406,-1.7994272877179058,"[0.5132770963229375, 0.3423383074744404]",pupil.1,1,3d c++
"{'center': [Decimal('0.49625042382483553'), 4.60980736747838, 74.86193071925544], 'normal': [Decimal('-0.18698779938821303'), 0.5651045073810258, -0.8035499104707818], 'radius': 2.814101650120686}",0.7847828624752514,373.733167,5.628203300241372,"{'center': [Decimal('164.24366366139273'), Decimal('157.79912416214273')], 'axes': [35.89878613553789, Decimal('46.637301201117864')], 'angle': -73.34404970660344}","[Decimal('164.24366366139273'), Decimal('157.79912416214273')]",46.637301201117864,"{'center': [2.740104016483392, Decimal('-2.1714467210939294'), 84.50452964490482], 'radius': 12.0}","{'center': [180.103827538695, Decimal('104.06834553442886')], 'axes': [176.0852354604779, 176.0852354604779], 'angle': 90.0}",0.9714268587067365,1,244.457167,2.1713562475261283,-1.7994295922287222,"[0.5132614489418523, Decimal('0.34250364932440525')]",pupil.1,1,3d c++
"{'center': [0.5089327355140201, 4.607412301810724, 74.8573049112023], 'normal': [Decimal('-0.18593094008078098'), 0.5649049185753878, -0.80393539447521], 'radius': 2.791253149386077}",0.8454795981957348,373.741567,5.582506298772154,"{'center': [Decimal('164.34618740006013'), Decimal('157.78764048267598')], 'axes': [35.62941605396294, 46.26135603110879], 'angle': -73.44094787730945}","[Decimal('164.34618740006013'), Decimal('157.78764048267598')]",46.26135603110879,"{'center': [2.740104016483392, Decimal('-2.1714467210939294'), 84.50452964490482], 'radius': 12.0}","{'center': [180.103827538695, Decimal('104.06834553442886')], 'axes': [176.0852354604779, 176.0852354604779], 'angle': 90.0}",0.9714014168844431,1,244.457167,2.171114347407589,-1.798076241235458,"[0.5135818356251879, 0.3425514979888501]",pupil.1,1,3d c++
"{'center': [0.495305498093527, 4.612714319053966, 74.86419569876094], 'normal': [Decimal('-0.18706654319915542'), 0.5653467533456579, -0.803361162178657], 'radius': 2.817806222029479}",0.8808105459078992,373.749967,5.635612444058958,"{'center': [Decimal('164.23608063089588'), 157.8210182276221], 'axes': [35.93444841423873, Decimal('46.697322643077676')], 'angle': -73.34294891464673}","[Decimal('164.23608063089588'), 157.8210182276221]",46.697322643077676,"{'center': [2.740104016483392, Decimal('-2.1714467210939294'), 84.50452964490482], 'radius': 12.0}","{'center': [180.103827538695, Decimal('104.06834553442886')], 'axes': [176.0852354604779, 176.0852354604779], 'angle': 90.0}",0.9712735355739133,1,244.457167,2.1716499016556834,-1.799574434726217,"[0.5132377519715496, Decimal('0.34241242405157457')]",pupil.1,1,3d c++
"{'center': [Decimal('0.49031452900633843'), 4.625716952696891, 74.87452376465032], 'normal': [Decimal('-0.18748245728975446'), 0.5664303061492351, -0.8025004900212082], 'radius': 2.829191571564569}",0.8358444606473145,373.758367,5.658383143129138,"{'center': [164.1953763777762, 157.9202327494258], 'axes': [36.0265702994529, 46.87966710904483], 'angle': -73.33188223895185}","[164.1953763777762, 157.9202327494258]",46.87966710904483,"{'center': [2.740104016483392, Decimal('-2.1714467210939294'), 84.50452964490482], 'radius': 12.0}","{'center': [180.103827538695, Decimal('104.06834553442886')], 'axes': [176.0852354604779, 176.0852354604779], 'angle': 90.0}",0.9712693832453656,1,244.457167,2.172964124777243,-1.8003028171589701,"[0.5131105511805506, Decimal('0.34199903021072586')]",pupil.1,1,3d c++
"{'center': [Decimal('0.48718821384079813'), 4.608731429073304, 74.86328726447489], 'normal': [Decimal('-0.18774298355354951'), 0.5650148458472695, -0.8034368650358273], 'radius': 2.816382142006473}",0.8512196606555674,373.766767,5.632764284012946,"{'center': [Decimal('164.16922774272535'), Decimal('157.78904502611618')], 'axes': [35.92186667512359, Decimal('46.674223620238614')], 'angle': -73.26862555769833}","[Decimal('164.16922774272535'), Decimal('157.78904502611618')]",46.674223620238614,"{'center': [2.740104016483392, Decimal('-2.1714467210939294'), 84.50452964490482], 'radius': 12.0}","{'center': [180.103827538695, Decimal('104.06834553442886')], 'axes': [176.0852354604779, 176.0852354604779], 'angle': 90.0}",0.9711368464588643,1,244.457167,2.1712475734700676,-1.8003521122849155,"[0.5130288366960167, Decimal('0.34254564572451585')]",pupil.1,1,3d c++
"{'center': [0.5110803369066659, 4.608737511490768, 74.8577397535422], 'normal': [-0.1857519732980605, 0.5650153527153914, -0.8038991576135519], 'radius': 2.796319905904251}",0.7610367134098068,373.775167,5.592639811808502,"{'center': [164.3643036128773, 157.7969925926872], 'axes': [35.69168262898901, Decimal('46.345118359004665')], 'angle': -73.46123618887356}","[164.3643036128773, 157.7969925926872]",46.345118359004665,"{'center': [2.740104016483392, Decimal('-2.1714467210939294'), 84.50452964490482], 'radius': 12.0}","{'center': [180.103827538695, Decimal('104.06834553442886')], 'axes': [176.0852354604779, 176.0852354604779], 'angle': 90.0}",0.9710781991546735,1,244.457167,2.171248187795679,-1.7978748074198576,"[0.5136384487902416, 0.3425125308638034]",pupil.1,1,3d c++
"{'center': [0.4866226700965406, 4.604364587291402, 74.8603499009015], 'normal': [-0.1877901121989043, 0.5646509423654442, -0.8036816453336101], 'radius': Decimal('2.8199755777700655')}",0.8451593220608564,373.783567,5.639951155540131,"{'center': [Decimal('164.16512543103175'), Decimal('157.75347420400553')], 'axes': [35.98305411691575, 46.73561744079249], 'angle': -73.25424390180912}","[Decimal('164.16512543103175'), Decimal('157.75347420400553')]",46.73561744079249,"{'center': [2.740104016483392, Decimal('-2.1714467210939294'), 84.50452964490482], 'radius': 12.0}","{'center': [180.103827538695, Decimal('104.06834553442886')], 'axes': [176.0852354604779, 176.0852354604779], 'angle': 90.0}",0.9710656989893485,1,244.457167,2.1708065880752567,-1.8003402307530556,"[0.5130160169719742, Decimal('0.34269385748331027')]",pupil.1,1,3d c++
"{'center': [0.5204274023983713, 4.607308118491053, 74.85458049717937], 'normal': [Decimal('-0.18497305117375173'), 0.5648962366320819, -0.8041624289771213], 'radius': 2.829139546134825}",0.9489591266306768,373.791967,5.65827909226965,"{'center': [164.4445403962686, Decimal('157.77781471131425')], 'axes': [Decimal('36.126430975923064'), 46.8913464084136], 'angle': -73.53358000546176}","[164.4445403962686, Decimal('157.77781471131425')]",46.8913464084136,"{'center': [2.740104016483392, Decimal('-2.1714467210939294'), 84.50452964490482], 'radius': 12.0}","{'center': [180.103827538695, Decimal('104.06834553442886')], 'axes': [176.0852354604779, 176.0852354604779], 'angle': 90.0}",0.9711022508533396,1,244.457167,2.1711038258674407,-1.796883248382183,"[0.5138891887383393, Decimal('0.34259243870285727')]",pupil.1,1,3d c++
"{'center': [0.5130859076626111, Decimal('4.5968420131289776'), 74.8489272321511], 'normal': [Decimal('-0.18558484240173173'), 0.5640240611852422, -0.8046335343961439], 'radius': Decimal('2.8287197618529896')}",0.8168878843377524,373.800367,5.657439523705979,"{'center': [Decimal('164.38451230327232'), Decimal('157.69436125872835')], 'axes': [36.15132257322306, 46.88784715951818], 'angle': -73.45099203112883}","[Decimal('164.38451230327232'), Decimal('157.69436125872835')]",46.88784715951818,"{'center': [2.740104016483392, Decimal('-2.1714467210939294'), 84.50452964490482], 'radius': 12.0}","{'center': [180.103827538695, Decimal('104.06834553442886')], 'axes': [176.0852354604779, 176.0852354604779], 'angle': 90.0}",0.9711087582488842,1,244.457167,2.170047232930222,-1.7974773884203619,"[0.513701600947726, Decimal('0.34294016142196526')]",pupil.1,1,3d c++
"{'center': [0.5020798512345612, 4.594921643090855, 74.85012614205071], 'normal': [Decimal('-0.18650201377073589'), 0.563864030348732, -0.8045336252378421], 'radius': Decimal('2.8299186011333797')}",0.9292073209155566,373.808767,5.659837202266759,"{'center': [Decimal('164.29398120565517'), 157.6776964722726], 'axes': [36.16162421943789, Decimal('46.906919801897345')], 'angle': -73.35775240132017}","[Decimal('164.29398120565517'), 157.6776964722726]",46.906919801897345,"{'center': [2.740104016483392, Decimal('-2.1714467210939294'), 84.50452964490482], 'radius': 12.0}","{'center': [180.103827538695, Decimal('104.06834553442886')], 'axes': [176.0852354604779, 176.0852354604779], 'angle': 90.0}",0.9710921302315878,1,244.457167,2.169853447125392,-1.7985867214364093,"[0.5134186912676724, Decimal('0.34300959803219755')]",pupil.1,1,3d c++
"{'center': [0.5109373576138028, 4.586846230339512, 74.84242364312709], 'normal': [Decimal('-0.18576388823913245'), 0.5631910792861201, -0.8051755001481443], 'radius': 2.821728007687978}",0.8945348006693216,373.817167,5.643456015375956,"{'center': [Decimal('164.36664367803516'), 157.6169247749938], 'axes': [Decimal('36.095915083538536'), 46.77590675181302], 'angle': -73.41126846566215}","[Decimal('164.36664367803516'), 157.6169247749938]",46.77590675181302,"{'center': [2.740104016483392, Decimal('-2.1714467210939294'), 84.50452964490482], 'radius': 12.0}","{'center': [180.103827538695, Decimal('104.06834553442886')], 'axes': [176.0852354604779, 176.0852354604779], 'angle': 90.0}",0.9710046218182833,1,244.457167,2.169038832268436,-1.7975411180316956,"[0.5136457614938599, Decimal('0.34326281343752585')]",pupil.1,1,3d c++
"{'center': [Decimal('0.49888545650993477'), 4.585566729043048, 74.84431698673323], 'normal': [Decimal('-0.18676821333112145'), 0.5630844541780815, -0.8050177215142986], 'radius': Decimal('2.8139978193835837')}",0.8034024798431965,373.825567,5.6279956387671675,"{'center': [164.2665950826363, 157.6076292571601], 'axes': [35.98843680796927, Decimal('46.646459950308106')], 'angle': -73.3108819208401}","[164.2665950826363, 157.6076292571601]",46.646459950308106,"{'center': [2.740104016483392, Decimal('-2.1714467210939294'), 84.50452964490482], 'radius': 12.0}","{'center': [180.103827538695, Decimal('104.06834553442886')], 'axes': [176.0852354604779, 176.0852354604779], 'angle': 90.0}",0.970996865420537,1,244.457167,2.1689098028897305,-1.7987682338256115,"[0.5133331096332384, Decimal('0.34330154476183283')]",pupil.1,1,3d c++
"{'center': [0.5272100625033751, 4.586940349324994, 74.83874956490956], 'normal': [Decimal('-0.18440782949833476'), 0.5631989225349103, -0.8054816733329375], 'radius': Decimal('2.8134969207444387')}",0.906184600973293,373.833967,5.626993841488877,"{'center': [164.5000506802545, Decimal('157.62157081291983')], 'axes': [36.0077747832064, Decimal('46.641754340392076')], 'angle': -73.5432566740264}","[164.5000506802545, Decimal('157.62157081291983')]",46.641754340392076,"{'center': [2.740104016483392, Decimal('-2.1714467210939294'), 84.50452964490482], 'radius': 12.0}","{'center': [180.103827538695, Decimal('104.06834553442886')], 'axes': [176.0852354604779, 176.0852354604779], 'angle': 90.0}",0.9709826905883623,1,244.457167,2.1690483240036054,-1.7958587475362642,"[0.5140626583757953, Decimal('0.34324345494616737')]",pupil.1,1,3d c++
"{'center': [Decimal('0.49099622484542316'), 4.587438761248876, 74.84746067040903], 'normal': [Decimal('-0.18742564930316408'), 0.5632404568619004, -0.8047557478746485], 'radius': 2.81554870819776}",0.9307079688992482,373.842367,5.63109741639552,"{'center': [Decimal('164.20159869873217'), Decimal('157.62120371302137')], 'axes': [35.99285150504806, 46.67019420363617], 'angle': -73.25133768616814}","[Decimal('164.20159869873217'), Decimal('157.62120371302137')]",46.67019420363617,"{'center': [2.740104016483392, Decimal('-2.1714467210939294'), 84.50452964490482], 'radius': 12.0}","{'center': [180.103827538695, Decimal('104.06834553442886')], 'axes': [176.0852354604779, 176.0852354604779], 'angle': 90.0}",0.9708995998804704,1,244.457167,2.1690985889985526,-1.7996149464097668,"[0.513129995933538, 0.3432449845290776]",pupil.1,1,3d c++
"{'center': [0.5047945166825487, 4.602964274749887, 74.85513862269568], 'normal': [-0.1862757916500703, 0.5645342496536514, -0.8041159185174289], 'radius': 2.807309381005078}",0.8941710588222302,373.850767,5.614618762010156,"{'center': [Decimal('164.31380612589942'), Decimal('157.74771470868936')], 'axes': [35.84622082982897, 46.52890800419027], 'angle': -73.39764744699548}","[Decimal('164.31380612589942'), Decimal('157.74771470868936')]",46.52890800419027,"{'center': [2.740104016483392, Decimal('-2.1714467210939294'), 84.50452964490482], 'radius': 12.0}","{'center': [180.103827538695, Decimal('104.06834553442886')], 'axes': [176.0852354604779, 176.0852354604779], 'angle': 90.0}",0.970933032435517,1,244.457167,2.170665205726249,-1.798434010055486,"[0.5134806441434356, Decimal('0.34271785538046096')]",pupil.1,1,3d c++
"{'center': [Decimal('0.48659908392778517'), 4.588492481066835, 74.84922346115086], 'normal': [Decimal('-0.18779207771296724'), 0.5633282668467303, -0.8046088486461641], 'radius': 2.84197691148649}",0.8337632228968433,373.859167,5.68395382297298,"{'center': [Decimal('164.16783212868634'), Decimal('157.62193256134304')], 'axes': [36.32229959025613, 47.10736257382613], 'angle': -73.21824135027086}","[Decimal('164.16783212868634'), Decimal('157.62193256134304')]",47.10736257382613,"{'center': [2.740104016483392, Decimal('-2.1714467210939294'), 84.50452964490482], 'radius': 12.0}","{'center': [180.103827538695, Decimal('104.06834553442886')], 'axes': [176.0852354604779, 176.0852354604779], 'angle': 90.0}",0.9708855951007567,1,244.457167,2.169204862634418,-1.800087208017676,"[0.5130244754021448, Decimal('0.34324194766107063')]",pupil.1,1,3d c++
"{'center': [Decimal('0.48125468546520445'), 4.589950034544364, 74.85149314789506], 'normal': [Decimal('-0.18823744425151562'), 0.5634497296365244, -0.8044197080841475], 'radius': 2.819094290249752}",0.8164856556647698,373.867567,5.638188580499504,"{'center': [164.1214960415903, 157.6390998129894], 'axes': [36.01835288580546, 46.72644536099764], 'angle': -73.17836618056225}","[164.1214960415903, 157.6390998129894]",46.72644536099764,"{'center': [2.740104016483392, Decimal('-2.1714467210939294'), 84.50452964490482], 'radius': 12.0}","{'center': [180.103827538695, Decimal('104.06834553442886')], 'axes': [176.0852354604779, 176.0852354604779], 'angle': 90.0}",0.9708680028088112,1,244.457167,2.1693518778853997,-1.8006642210798378,"[0.5128796751299697, 0.3431704174458775]",pupil.1,1,3d c++
"{'center': [0.5147593657028007, 4.597299115804152, 74.84886182850201], 'normal': [Decimal('-0.18544538756504927'), 0.5640621530748401, -0.8046389847002346], 'radius': Decimal('2.8248114095115286')}",0.9049048902104705,373.875967,5.649622819023057,"{'center': [Decimal('164.39791533325678'), Decimal('157.69920973835846')], 'axes': [36.10147918693361, Decimal('46.823081490898545')], 'angle': -73.46553427743262}","[Decimal('164.39791533325678'), Decimal('157.69920973835846')]",46.823081490898545,"{'center': [2.740104016483392, Decimal('-2.1714467210939294'), 84.50452964490482], 'radius': 12.0}","{'center': [180.103827538695, Decimal('104.06834553442886')], 'axes': [176.0852354604779, 176.0852354604779], 'angle': 90.0}",0.9706005752267322,1,244.457167,2.170093363241314,-1.797311339230131,"[0.5137434854164274, 0.3429199594235064]",pupil.1,1,3d c++
"{'center': [Decimal('0.48804111565085817'), 4.575787638549331, 74.8400047633215], 'normal': [Decimal('-0.18767190840271117'), 0.5622695299702717, -0.805377073465277], 'radius': Decimal('2.8295710283244397')}",0.8391818353093183,373.884367,5.6591420566488795,"{'center': [Decimal('164.17915380287752'), Decimal('157.52488846413507')], 'axes': [36.21147263951978, 46.90735113625477], 'angle': -73.20107380274732}","[Decimal('164.17915380287752'), Decimal('157.52488846413507')]",46.90735113625477,"{'center': [2.740104016483392, Decimal('-2.1714467210939294'), 84.50452964490482], 'radius': 12.0}","{'center': [180.103827538695, Decimal('104.06834553442886')], 'axes': [176.0852354604779, 176.0852354604779], 'angle': 90.0}",0.9705749505313221,1,244.457167,2.167924019516622,-1.7997345502626865,"[0.5130598556339923, 0.3436462980661038]",pupil.1,1,3d c++
"{'center': [0.5123687430926886, Decimal('4.5951001010973656'), 74.8478718558567], 'normal': [Decimal('-0.18564460611589195'), 0.5638789018492746, -0.8047214824206766], 'radius': 2.83464806994511}",0.9198297829151764,373.892767,5.66929613989022,"{'center': [Decimal('164.37925326357777'), 157.6788959318134], 'axes': [36.23275230569363, 46.98681395650585], 'angle': -73.4413165929898}","[Decimal('164.37925326357777'), 157.6788959318134]",46.98681395650585,"{'center': [2.740104016483392, Decimal('-2.1714467210939294'), 84.50452964490482], 'radius': 12.0}","{'center': [180.103827538695, Decimal('104.06834553442886')], 'axes': [176.0852354604779, 176.0852354604779], 'angle': 90.0}",0.9705324226621737,1,244.457167,2.1698714543595794,-1.797523969052785,"[0.5136851664486806, Decimal('0.34300460028411084')]",pupil.1,1,3d c++
"{'center': [0.5009216648366079, 4.598648346937409, 74.8530077355948], 'normal': [-0.1865985293038987, 0.5641745890026115, -0.8042934924425016], 'radius': Decimal('2.8773739056470946')}",0.789911987867663,373.901167,5.754747811294189,"{'center': [Decimal('164.28881754196723'), 157.6941005069279], 'axes': [36.75351246512533, 47.69209193945644], 'angle': -73.35682399529787}","[Decimal('164.28881754196723'), 157.6941005069279]",47.69209193945644,"{'center': [2.740104016483392, Decimal('-2.1714467210939294'), 84.50452964490482], 'radius': 12.0}","{'center': [180.103827538695, Decimal('104.06834553442886')], 'axes': [176.0852354604779, 176.0852354604779], 'angle': 90.0}",0.970529649852081,1,244.457167,2.1702295346773726,-1.7987662762736367,"[0.5134025548186476, Decimal('0.34294124788780045')]",pupil.1,1,3d c++
"{'center': [0.5103947198938839, 4.590120294443414, 74.84483979754948], 'normal': [-0.1858091080491257, 0.5634639179614453, -0.8049741539462779], 'radius': 2.836057544174236}",0.7555031180971108,373.909567,5.672115088348472,"{'center': [Decimal('164.36336713550253'), Decimal('157.63890088839835')], 'axes': [36.26684275532872, 47.01206247549888], 'angle': -73.41422609560877}","[Decimal('164.36336713550253'), Decimal('157.63890088839835')]",47.01206247549888,"{'center': [2.740104016483392, Decimal('-2.1714467210939294'), 84.50452964490482], 'radius': 12.0}","{'center': [180.103827538695, Decimal('104.06834553442886')], 'axes': [176.0852354604779, 176.0852354604779], 'angle': 90.0}",0.9704644522778083,1,244.457167,2.1693690520087325,-1.7976492428819373,"[0.5136355222984454, Decimal('0.34317124629834017')]",pupil.1,1,3d c++
"{'center': [0.4933484644334083, 4.601280109220923, 74.85661480431538], 'normal': [Decimal('-0.18722962933749865'), 0.5643939025262377, -0.8039929033824531], 'radius': 2.863824834413122}",0.8850315983073832,373.917967,5.727649668826244,"{'center': [Decimal('164.22494589039468'), 157.7178543501873], 'axes': [Decimal('36.562091396592166'), 47.46509221131784], 'angle': -73.30159333031455}","[Decimal('164.22494589039468'), 157.7178543501873]",47.46509221131784,"{'center': [2.740104016483392, Decimal('-2.1714467210939294'), 84.50452964490482], 'radius': 12.0}","{'center': [180.103827538695, Decimal('104.06834553442886')], 'axes': [176.0852354604779, 176.0852354604779], 'angle': 90.0}",0.97047798334432,1,244.457167,2.1704951823090464,-1.799593290694927,"[0.5132029559074833, Decimal('0.34284227354088626')]",pupil.1,1,3d c++
"{'center': [0.525916751759123, 4.601370717888377, 74.84915193634521], 'normal': [Decimal('-0.18451560539368908'), 0.5644014532485255, -0.804614809046635], 'radius': Decimal('2.8194178432802364')}",0.8718040072062563,373.926367,5.638835686560473,"{'center': [Decimal('164.48919075347345'), Decimal('157.73403969487538')], 'axes': [36.02974545600438, 46.73352134954488], 'angle': -73.56478985165397}","[Decimal('164.48919075347345'), Decimal('157.73403969487538')]",46.73352134954488,"{'center': [2.740104016483392, Decimal('-2.1714467210939294'), 84.50452964490482], 'radius': 12.0}","{'center': [180.103827538695, Decimal('104.06834553442886')], 'axes': [176.0852354604779, 176.0852354604779], 'angle': 90.0}",0.970397369497189,1,244.457167,2.1705043291225232,-1.7962203627177025,"[0.5140287211046045, Decimal('0.34277483460468594')]",pupil.1,1,3d c++
"{'center': [0.5173831951241596, 4.589758853673684, 74.84297638851652], 'normal': [Decimal('-0.18522673511326937'), 0.5634337978973012, -0.8051294380323587], 'radius': 2.833392231934123}",0.8571786387637869,373.934767,5.666784463868246,"{'center': [Decimal('164.42075379434326'), Decimal('157.63748672779877')], 'axes': [36.24167847154672, Decimal('46.969057466726134')], 'angle': -73.46996673396205}","[Decimal('164.42075379434326'), Decimal('157.63748672779877')]",46.969057466726134,"{'center': [2.740104016483392, Decimal('-2.1714467210939294'), 84.50452964490482], 'radius': 12.0}","{'center': [180.103827538695, Decimal('104.06834553442886')], 'axes': [176.0852354604779, 176.0852354604779], 'angle': 90.0}",0.9703744755867327,1,244.457167,2.169332593702514,-1.7969201148310734,"[0.5138148556073227, Decimal('0.34317713863417176')]",pupil.1,1,3d c++
"{'center': [0.5233199262478201, 4.604558699158813, 74.8519849626988], 'normal': [-0.184732007519631, 0.5646671183543952, -0.8043787235171691], 'radius': Decimal('2.8614178694296215')}",0.8595658534904687,373.943167,5.722835738859243,"{'center': [Decimal('164.47160518523117'), Decimal('157.74756353220454')], 'axes': [36.55238101242614, Decimal('47.428261123966834')], 'angle': -73.55091174158451}","[Decimal('164.47160518523117'), Decimal('157.74756353220454')]",47.428261123966834,"{'center': [2.740104016483392, Decimal('-2.1714467210939294'), 84.50452964490482], 'radius': 12.0}","{'center': [180.103827538695, Decimal('104.06834553442886')], 'axes': [176.0852354604779, 176.0852354604779], 'angle': 90.0}",0.9703873187542955,1,244.457167,2.1708261876304835,-1.7965398717473706,"[0.5139737662038474, Decimal('0.34271848528248106')]",pupil.1,1,3d c++
"{'center': [0.5172898649149777, 4.581371029375049, 74.83713342479787], 'normal': [Decimal('-0.18523451263070118'), 0.5627348125390815, -0.8056163516755798], 'radius': Decimal('2.8402831412705325')}",0.8898652814837811,373.951567,5.680566282541065,"{'center': [Decimal('164.42107388160906'), Decimal('157.56921494511153')], 'axes': [Decimal('36.360493289631975'), 47.08698386305151], 'angle': -73.45049219025645}","[Decimal('164.42107388160906'), Decimal('157.56921494511153')]",47.08698386305151,"{'center': [2.740104016483392, Decimal('-2.1714467210939294'), 84.50452964490482], 'radius': 12.0}","{'center': [180.103827538695, Decimal('104.06834553442886')], 'axes': [176.0852354604779, 176.0852354604779], 'angle': 90.0}",0.9703614518587478,1,244.457167,2.168486773438742,-1.796797222587405,"[0.5138158558800283, Decimal('0.34346160439536866')]",pupil.1,1,3d c++
"{'center': [0.5483490096423114, 4.600834367908664, 74.8436591436754], 'normal': [Decimal('-0.18264625057009007'), 0.5643567574168827, -0.8050725417691188], 'radius': 2.84921619904149}",0.9259149076931417,373.959967,5.69843239808298,"{'center': [164.6769953734739, 157.724003572385], 'axes': [36.43725335311468, 47.23126315954035], 'angle': -73.74525389790773}","[164.6769953734739, 157.724003572385]",47.23126315954035,"{'center': [2.740104016483392, Decimal('-2.1714467210939294'), 84.50452964490482], 'radius': 12.0}","{'center': [180.103827538695, Decimal('104.06834553442886')], 'axes': [176.0852354604779, 176.0852354604779], 'angle': 90.0}",0.9703411633015135,1,244.457167,2.1704501862032934,-1.793889289693565,"[0.5146156105421059, Decimal('0.34281665178172926')]",pupil.1,1,3d c++
"{'center': [0.5517767156920366, 4.596009660248077, 74.8395020840934], 'normal': [Decimal('-0.18236060839927962'), 0.5639546984451672, -0.8054189634009526], 'radius': Decimal('2.8355451235899736')}",0.9341254325796904,373.968367,5.671090247179947,"{'center': [Decimal('164.70423281513027'), Decimal('157.68989893836715')], 'axes': [36.28357775216238, 47.00712871119725], 'angle': -73.76245984305291}","[Decimal('164.70423281513027'), Decimal('157.68989893836715')]",47.00712871119725,"{'center': [2.740104016483392, Decimal('-2.1714467210939294'), 84.50452964490482], 'radius': 12.0}","{'center': [180.103827538695, Decimal('104.06834553442886')], 'axes': [176.0852354604779, 176.0852354604779], 'angle': 90.0}",0.9703292099695449,1,244.457167,2.169963236504205,-1.7934591545253178,"[0.5147007275472821, Decimal('0.34295875442347024')]",pupil.1,1,3d c++
"{'center': [0.5492403059311193, 4.603559163905327, 74.84536759739726], 'normal': [Decimal('-0.18257197587935606'), 0.564583823749938, -0.8049301706256307], 'radius': Decimal('2.8406915371077037')}",0.7959562391000234,373.976767,5.6813830742154074,"{'center': [164.6833933487075, 157.7479801915308], 'axes': [36.31908600746543, Decimal('47.088819831855595')], 'angle': -73.75842433521514}","[164.6833933487075, 157.7479801915308]",47.088819831855595,"{'center': [2.740104016483392, Decimal('-2.1714467210939294'), 84.50452964490482], 'radius': 12.0}","{'center': [180.103827538695, Decimal('104.06834553442886')], 'axes': [176.0852354604779, 176.0852354604779], 'angle': 90.0}",0.9702250119135392,1,244.457167,2.1707252669514756,-1.7938396943246155,"[0.514635604214711, Decimal('0.34271674920195505')]",pupil.1,1,3d c++
"{'center': [0.5445123351736014, 4.602869573973152, 74.84595749870475], 'normal': [Decimal('-0.18296597344248255'), 0.5645263579222567, -0.8048810121833394], 'radius': Decimal('2.8604649956770434')}",0.8748370304568566,373.985167,5.720929991354087,"{'center': [Decimal('164.64631764022448'), Decimal('157.73663633450445')], 'axes': [36.56957683529143, Decimal('47.416365260786314')], 'angle': -73.71864905772152}","[Decimal('164.64631764022448'), Decimal('157.73663633450445')]",47.416365260786314,"{'center': [2.740104016483392, Decimal('-2.1714467210939294'), 84.50452964490482], 'radius': 12.0}","{'center': [180.103827538695, Decimal('104.06834553442886')], 'axes': [176.0852354604779, 176.0852354604779], 'angle': 90.0}",0.9702656181997393,1,244.457167,2.1706556447698846,-1.7943183766078565,"[0.5145197426257015, 0.3427640152728981]",pupil.1,1,3d c++
"{'center': [0.5369001390406156, 4.604414615200961, 74.84877510029645], 'normal': [-0.1836003231202314, 0.5646551113579075, -0.8046462120506973], 'radius': Decimal('2.8738321275694116')}",0.8487940262368671,373.993567,5.747664255138823,"{'center': [Decimal('164.58475247142246'), Decimal('157.74440763599188')], 'axes': [Decimal('36.726589349772574'), 47.63623915573569], 'angle': -73.66043955872823}","[Decimal('164.58475247142246'), Decimal('157.74440763599188')]",47.63623915573569,"{'center': [2.740104016483392, Decimal('-2.1714467210939294'), 84.50452964490482], 'radius': 12.0}","{'center': [180.103827538695, Decimal('104.06834553442886')], 'axes': [176.0852354604779, 176.0852354604779], 'angle': 90.0}",0.9701704793412813,1,244.457167,2.1708116393887575,-1.7951309224139225,"[0.5143273514731952, 0.3427316348500339]",pupil.1,1,3d c++
"{'center': [0.556044057395312, 4.603732538266188, 74.84394849785964], 'normal': [Decimal('-0.18200499659067335'), 0.5645982716133431, -0.8050484289204313], 'radius': 2.859437911704429}",0.9216374436242563,374.001967,5.718875823408858,"{'center': [Decimal('164.74125072757494'), Decimal('157.74492046990704')], 'axes': [36.56572046846096, 47.40065966395501], 'angle': -73.81396089974083}","[Decimal('164.74125072757494'), Decimal('157.74492046990704')]",47.40065966395501,"{'center': [2.740104016483392, Decimal('-2.1714467210939294'), 84.50452964490482], 'radius': 12.0}","{'center': [180.103827538695, Decimal('104.06834553442886')], 'axes': [176.0852354604779, 176.0852354604779], 'angle': 90.0}",0.9701297537207942,1,244.457167,2.1707427716457257,-1.7931380743872358,"[0.5148164085236717, 0.342729498042054]",pupil.1,1,3d c++
"{'center': [0.5441132881642821, 4.604670227533946, 74.84731142123117], 'normal': [Decimal('-0.18299922735992585'), 0.5646764123856562, -0.804768185306138], 'radius': Decimal('2.8509275036841206')}",0.8258752237326594,374.010367,5.701855007368241,"{'center': [Decimal('164.64202643754507'), 157.7534538081006], 'axes': [36.44045534906786, 47.25733783231713], 'angle': -73.71935027621461}","[Decimal('164.64202643754507'), 157.7534538081006]",47.25733783231713,"{'center': [2.740104016483392, Decimal('-2.1714467210939294'), 84.50452964490482], 'radius': 12.0}","{'center': [180.103827538695, Decimal('104.06834553442886')], 'axes': [176.0852354604779, 176.0852354604779], 'angle': 90.0}",0.970128346227217,1,244.457167,2.1708374488153552,-1.7943879702189915,"[0.5145063326173284, 0.3426939424662475]",pupil.1,1,3d c++
"{'center': [0.5446771091154972, 4.607467221061592, 74.84914635581399], 'normal': [Decimal('-0.18295224228065793'), 0.5649094951796267, -0.8046152740909028], 'radius': 2.861028917094358}",0.8704166222189419,374.018767,5.722057834188716,"{'center': [Decimal('164.64748175941975'), Decimal('157.77287342904611')], 'axes': [36.5599721690571, 47.42371898936188], 'angle': -73.73005522253904}","[Decimal('164.64748175941975'), Decimal('157.77287342904611')]",47.42371898936188,"{'center': [2.740104016483392, Decimal('-2.1714467210939294'), 84.50452964490482], 'radius': 12.0}","{'center': [180.103827538695, Decimal('104.06834553442886')], 'axes': [176.0852354604779, 176.0852354604779], 'angle': 90.0}",0.9699551263057771,1,244.457167,2.171119893768397,-1.7943735365414921,"[0.5145233804981867, 0.3426130273789745]",pupil.1,1,3d c++
"{'center': [0.5512225083376272, 4.597917130387005, 74.84096349210384], 'normal': [-0.1824067923454804, 0.5641136542900779, -0.8052971794000816], 'radius': Decimal('2.8399659296743773')}",0.8726869642020193,374.027167,5.679931859348755,"{'center': [Decimal('164.69997504488617'), 157.7037349238669], 'axes': [36.33261889287237, Decimal('47.079539772674124')], 'angle': -73.7621466359555}","[Decimal('164.69997504488617'), 157.7037349238669]",47.079539772674124,"{'center': [2.740104016483392, Decimal('-2.1714467210939294'), 84.50452964490482], 'radius': 12.0}","{'center': [180.103827538695, Decimal('104.06834553442886')], 'axes': [176.0852354604779, 176.0852354604779], 'angle': 90.0}",0.96992200499052,1,244.457167,2.170155734920747,-1.7935462773321558,"[0.5146874220152693, 0.3429011044838879]",pupil.1,1,3d c++
"{'center': [0.5574092791306144, 4.606548007640713, 74.8456150505636], 'normal': [Decimal('-0.18189122811273148'), 0.5648328940612202, -0.8049095495284353], 'radius': Decimal('2.8619399542188555')}",0.8444964264448993,374.035567,5.723879908437711,"{'center': [164.7525891307518, Decimal('157.76664851837452')], 'axes': [Decimal('36.588809958738146'), 47.44111979048866], 'angle': -73.83115901478726}","[164.7525891307518, Decimal('157.76664851837452')]",47.44111979048866,"{'center': [2.740104016483392, Decimal('-2.1714467210939294'), 84.50452964490482], 'radius': 12.0}","{'center': [180.103827538695, Decimal('104.06834553442886')], 'axes': [176.0852354604779, 176.0852354604779], 'angle': 90.0}",0.9698797718190821,1,244.457167,2.171027064079379,-1.7930407131288675,"[0.5148518410335994, 0.3426389645067728]",pupil.1,1,3d c++
"{'center': [0.5583967367560372, Decimal('4.5917230195620675'), 74.83500595422285], 'normal': [Decimal('-0.18180893997727957'), 0.5635974783879997, -0.8057936408901638], 'radius': Decimal('2.8378406078294343')}",0.8729824523499854,374.043967,5.6756812156588685,"{'center': [Decimal('164.75927347565474'), Decimal('157.65602020861132')], 'axes': [36.33575285941551, Decimal('47.048039507037096')], 'angle': -73.80681161048592}","[Decimal('164.75927347565474'), Decimal('157.65602020861132')]",47.048039507037096,"{'center': [2.740104016483392, Decimal('-2.1714467210939294'), 84.50452964490482], 'radius': 12.0}","{'center': [180.103827538695, Decimal('104.06834553442886')], 'axes': [176.0852354604779, 176.0852354604779], 'angle': 90.0}",0.9697610584055605,1,244.457167,2.1695307288219556,-1.7927076397315502,"[0.514872729611421, 0.3430999157974528]",pupil.1,1,3d c++
"{'center': [0.5608925915301644, 4.599990161946577, 74.8402303891723], 'normal': [Decimal('-0.18160095207943566'), 0.5642864069200422, -0.8053582713110427], 'radius': Decimal('2.8350917287300694')}",0.8648545763099974,374.052367,5.670183457460139,"{'center': [Decimal('164.77914622292153'), Decimal('157.72244929901854')], 'axes': [Decimal('36.272951482526764'), 46.99921019622778], 'angle': -73.84508968712534}","[Decimal('164.77914622292153'), Decimal('157.72244929901854')]",46.99921019622778,"{'center': [2.740104016483392, Decimal('-2.1714467210939294'), 84.50452964490482], 'radius': 12.0}","{'center': [180.103827538695, Decimal('104.06834553442886')], 'axes': [176.0852354604779, 176.0852354604779], 'angle': 90.0}",0.9697422923934051,1,244.457167,2.1703649702067254,-1.7925779546419993,"[0.5149348319466298, 0.3428231279207561]",pupil.1,1,3d c++
"{'center': [0.5746609665210869, 4.610727632531736, 74.84466590702569], 'normal': [Decimal('-0.18045358749685875'), 0.5651811961354721, -0.8049886448232612], 'radius': Decimal('2.8563207050623176')}",0.7645185484457127,374.060767,5.712641410124635,"{'center': [164.8940703907244, Decimal('157.80300446725082')], 'axes': [36.51995188009253, 47.34862195828222], 'angle': -73.98004614165588}","[164.8940703907244, Decimal('157.80300446725082')]",47.34862195828222,"{'center': [2.740104016483392, Decimal('-2.1714467210939294'), 84.50452964490482], 'radius': 12.0}","{'center': [180.103827538695, Decimal('104.06834553442886')], 'axes': [176.0852354604779, 176.0852354604779], 'angle': 90.0}",0.9697810039899335,1,244.457167,2.1714492043736184,-1.7913197748149476,"[0.5152939699710137, 0.3424874813864549]",pupil.1,1,3d c++
"{'center': [0.5880570911341874, Decimal('4.6027559172399055'), 74.83608237319227], 'normal': [-0.1793372437791004, 0.5645168865278195, -0.8057039393093796], 'radius': Decimal('2.8708570147296255')}",0.862368170615484,374.069167,5.741714029459251,"{'center': [Decimal('165.00634212055394'), Decimal('157.73727773229336')], 'axes': [Decimal('36.749882740232806'), 47.59519566602554], 'angle': -74.07168203610239}","[Decimal('165.00634212055394'), Decimal('157.73727773229336')]",47.59519566602554,"{'center': [2.740104016483392, Decimal('-2.1714467210939294'), 84.50452964490482], 'radius': 12.0}","{'center': [180.103827538695, Decimal('104.06834553442886')], 'axes': [176.0852354604779, 176.0852354604779], 'angle': 90.0}",0.9697329876703242,1,244.457167,2.1706441701095103,-1.7898105173280452,"[0.5156448191267311, 0.342761342782111]",pupil.1,1,3d c++
"{'center': [0.5563740120063869, Decimal('4.5940346654222495'), 74.83707988417423], 'normal': [Decimal('-0.18197750037308377'), 0.563790115543015, -0.805620813394216], 'radius': Decimal('2.8675558144157356')}",0.9241891320634816,374.077567,5.735111628831471,"{'center': [Decimal('164.74527012061054'), Decimal('157.66598279826235')], 'axes': [36.70588593775163, 47.53961914782352], 'angle': -73.79548675884298}","[Decimal('164.74527012061054'), Decimal('157.66598279826235')]",47.53961914782352,"{'center': [2.740104016483392, Decimal('-2.1714467210939294'), 84.50452964490482], 'radius': 12.0}","{'center': [180.103827538695, Decimal('104.06834553442886')], 'axes': [176.0852354604779, 176.0852354604779], 'angle': 90.0}",0.9697531727132391,1,244.457167,2.1697639502808133,-1.7929527795714153,"[0.5148289691269079, Decimal('0.34305840500724016')]",pupil.1,1,3d c++
"{'center': [0.5695583734820104, 4.588449856735208, 74.8302064195468], 'normal': [Decimal('-0.18087880358344846'), 0.5633247148190947, -0.8061936021131685], 'radius': Decimal('2.8579078058099463')}",0.9626230571994048,374.085967,5.715815611619893,"{'center': [Decimal('164.85338544275527'), Decimal('157.62575747739493')], 'axes': [36.61698017401546, Decimal('47.383974945942995')], 'angle': -73.8903953404756}","[Decimal('164.85338544275527'), Decimal('157.62575747739493')]",47.383974945942995,"{'center': [2.740104016483392, Decimal('-2.1714467210939294'), 84.50452964490482], 'radius': 12.0}","{'center': [180.103827538695, Decimal('104.06834553442886')], 'axes': [176.0852354604779, 176.0852354604779], 'angle': 90.0}",0.9698297703146008,1,244.457167,2.169200563578744,-1.791502949923605,"[0.5151668295086103, Decimal('0.34322601051085444')]",pupil.1,1,3d c++
"{'center': [0.5883944690396823, 4.577815595146589, 74.81858084212791], 'normal': [Decimal('-0.17930912895364248'), 0.5624385263533765, -0.8071624002314084], 'radius': 2.859747265025834}",0.9124845367437002,374.094367,5.719494530051668,"{'center': [Decimal('165.00950231367545'), Decimal('157.54294121396583')], 'axes': [36.69974124127983, Decimal('47.421894632891494')], 'angle': -74.0207137760337}","[Decimal('165.00950231367545'), Decimal('157.54294121396583')]",47.421894632891494,"{'center': [2.740104016483392, Decimal('-2.1714467210939294'), 84.50452964490482], 'radius': 12.0}","{'center': [180.103827538695, Decimal('104.06834553442886')], 'axes': [176.0852354604779, 176.0852354604779], 'angle': 90.0}",0.9695777665746474,1,244.457167,2.1681283937863434,-1.7893940888574285,"[0.5156546947302358, 0.3435710782751423]",pupil.1,1,3d c++
"{'center': [0.5834914902834085, 4.586095122450567, 74.82544649387329], 'normal': [-0.1797177105166653, 0.5631284869620414, -0.8065902625859613], 'radius': 2.849161132797461}",0.9106637553578099,374.102767,5.698322265594922,"{'center': [Decimal('164.96760662069877'), Decimal('157.61090685954244')], 'axes': [36.52823447889195, Decimal('47.241939952405836')], 'angle': -73.99863991814367}","[Decimal('164.96760662069877'), Decimal('157.61090685954244')]",47.241939952405836,"{'center': [2.740104016483392, Decimal('-2.1714467210939294'), 84.50452964490482], 'radius': 12.0}","{'center': [180.103827538695, Decimal('104.06834553442886')], 'axes': [176.0852354604779, 176.0852354604779], 'angle': 90.0}",0.969396532843747,1,244.457167,2.1689630865508818,-1.7900268963305375,"[0.5155237706896837, 0.3432878880852398]",pupil.1,1,3d c++
"{'center': [0.6015604409552022, 4.582703832529511, 74.81907241901428], 'normal': [Decimal('-0.17821196462734917'), 0.56284587946862, -0.8071214354908783], 'radius': Decimal('2.8375152357748465')}",0.9867398555358777,374.111167,5.675030471549693,"{'center': [Decimal('165.11575805423166'), Decimal('157.58903093552337')], 'axes': [Decimal('36.410098403483495'), Decimal('47.052818092615865')], 'angle': -74.13857940283539}","[Decimal('165.11575805423166'), Decimal('157.58903093552337')]",47.052818092615865,"{'center': [2.740104016483392, Decimal('-2.1714467210939294'), 84.50452964490482], 'radius': 12.0}","{'center': [180.103827538695, Decimal('104.06834553442886')], 'axes': [176.0852354604779, 176.0852354604779], 'angle': 90.0}",0.9691702835873506,1,244.457167,2.168621139484113,-1.7881090414309677,"[0.515986743919474, Decimal('0.34337903776865264')]",pupil.1,1,3d c++
"{'center': [0.5777348283486785, 4.596691107440057, 74.83413824495761], 'normal': [Decimal('-0.18019743234455946'), 0.5640114857111654, -0.8058659499956006], 'radius': 2.852428715864485}",0.8194763555967711,374.119567,5.70485743172897,"{'center': [Decimal('164.91984018800446'), Decimal('157.69331037720642')], 'axes': [36.52512048132976, 47.29067516359118], 'angle': -73.97471211997399}","[Decimal('164.91984018800446'), Decimal('157.69331037720642')]",47.29067516359118,"{'center': [2.740104016483392, Decimal('-2.1714467210939294'), 84.50452964490482], 'radius': 12.0}","{'center': [180.103827538695, Decimal('104.06834553442886')], 'axes': [176.0852354604779, 176.0852354604779], 'angle': 90.0}",0.9690899250762386,1,244.457167,2.170032004009292,-1.790784691647293,"[0.5153745005875139, 0.3429445400949732]",pupil.1,1,3d c++
"{'center': [0.5647562288515564, 4.595193023218425, 74.83600087504858], 'normal': [Decimal('-0.18127898230265296'), 0.5638866453593628, -0.8057107308213529], 'radius': 2.862891090835576}",0.9847277870232243,374.127967,5.725782181671152,"{'center': [164.8138819528965, Decimal('157.67727919036048')], 'axes': [36.65086342706087, 47.46297328033948], 'angle': -73.86605076484902}","[164.8138819528965, Decimal('157.67727919036048')]",47.46297328033948,"{'center': [2.740104016483392, Decimal('-2.1714467210939294'), 84.50452964490482], 'radius': 12.0}","{'center': [180.103827538695, Decimal('104.06834553442886')], 'axes': [176.0852354604779, 176.0852354604779], 'angle': 90.0}",0.9688226611600959,1,244.457167,2.1698808307169104,-1.7921037612954933,"[0.5150433811028016, Decimal('0.34301133670683137')]",pupil.1,1,3d c++
"{'center': [0.5573520078128755, 4.583239471707824, 74.82931346616141], 'normal': [Decimal('-0.18189600072254303'), 0.5628905160668127, -0.806268014895284], 'radius': Decimal('2.8690027763087085')}",0.8667311762934458,374.136367,5.738005552617417,"{'center': [Decimal('164.75406184742855'), Decimal('157.58023613958636')], 'axes': [36.76537856714962, Decimal('47.568511684465065')], 'angle': -73.77980997647835}","[Decimal('164.75406184742855'), Decimal('157.58023613958636')]",47.568511684465065,"{'center': [2.740104016483392, Decimal('-2.1714467210939294'), 84.50452964490482], 'radius': 12.0}","{'center': [180.103827538695, Decimal('104.06834553442886')], 'axes': [176.0852354604779, 176.0852354604779], 'angle': 90.0}",0.9688228722802061,1,244.457167,2.168675143208299,-1.792684069904118,"[0.5148564432732142, 0.3434156827517235]",pupil.1,1,3d c++
"{'center': [0.575214265123611, Decimal('4.5912833410784994'), 74.83091943616441], 'normal': [Decimal('-0.18040747927998177'), 0.5635608385143691, -0.8061341840617008], 'radius': Decimal('2.8647632918097514')}",0.9230994536990582,374.144767,5.729526583619503,"{'center': [Decimal('164.90051410845558'), Decimal('157.64687222159026')], 'axes': [36.70050382479708, Decimal('47.497283151746835')], 'angle': -73.94254207771054}","[Decimal('164.90051410845558'), Decimal('157.64687222159026')]",47.497283151746835,"{'center': [2.740104016483392, Decimal('-2.1714467210939294'), 84.50452964490482], 'radius': 12.0}","{'center': [180.103827538695, Decimal('104.06834553442886')], 'axes': [176.0852354604779, 176.0852354604779], 'angle': 90.0}",0.9688662105174939,1,244.457167,2.169486373954116,-1.790961977374274,"[0.5153141065889237, 0.3431380324100406]",pupil.1,1,3d c++
"{'center': [0.5791927949781055, Decimal('4.5916934642679035'), 74.8303166264771], 'normal': [Decimal('-0.18007593512544057'), 0.5635950154468194, -0.8061844182023102], 'radius': 2.836015149596836}",0.7950451552557469,374.153167,5.672030299193672,"{'center': [Decimal('164.93061379709326'), Decimal('157.65838003747348')], 'axes': [36.33454542058973, 47.02080124471818], 'angle': -73.9757401376433}","[Decimal('164.93061379709326'), Decimal('157.65838003747348')]",47.02080124471818,"{'center': [2.740104016483392, Decimal('-2.1714467210939294'), 84.50452964490482], 'radius': 12.0}","{'center': [180.103827538695, Decimal('104.06834553442886')], 'axes': [176.0852354604779, 176.0852354604779], 'angle': 90.0}",0.9688353367284464,1,244.457167,2.1695277472349153,-1.7905570245162323,"[0.5154081681159164, 0.3430900831771938]",pupil.1,1,3d c++
"{'center': [0.5759644064898266, Decimal('4.5720982515588595'), 74.81736798886408], 'normal': [-0.1803449674994638, 0.561962081054399, -0.8072634713367293], 'radius': 2.854133424561081}",0.8208785224804531,374.161567,5.708266849122162,"{'center': [164.9067730198326, Decimal('157.49796669111058')], 'axes': [Decimal('36.635405889757116'), 47.32943988883463], 'angle': -73.90695473474543}","[164.9067730198326, Decimal('157.49796669111058')]",47.32943988883463,"{'center': [2.740104016483392, Decimal('-2.1714467210939294'), 84.50452964490482], 'radius': 12.0}","{'center': [180.103827538695, Decimal('104.06834553442886')], 'axes': [176.0852354604779, 176.0852354604779], 'angle': 90.0}",0.9688301251816078,1,244.457167,2.167552281717073,-1.790590068419248,"[0.5153336656869769, 0.3437584721203726]",pupil.1,1,3d c++
"{'center': [0.5745371881335442, 4.587430102636622, 74.82837832355867], 'normal': [Decimal('-0.18046390236248733'), 0.5632397353108792, -0.8063459434455122], 'radius': Decimal('2.8492039865924874')}",0.7330369290235782,374.169967,5.698407973184975,"{'center': [Decimal('164.89368550499626'), Decimal('157.62056735163247')], 'axes': [Decimal('36.514391209020594'), 47.24076482382422], 'angle': -73.9286575918027}","[Decimal('164.89368550499626'), Decimal('157.62056735163247')]",47.24076482382422,"{'center': [2.740104016483392, Decimal('-2.1714467210939294'), 84.50452964490482], 'radius': 12.0}","{'center': [180.103827538695, Decimal('104.06834553442886')], 'axes': [176.0852354604779, 176.0852354604779], 'angle': 90.0}",0.9689997464672806,1,244.457167,2.1690977157601594,-1.7909726451322165,"[0.5152927672031133, Decimal('0.34324763603486474')]",pupil.1,1,3d c++
"{'center': [0.5755297678423994, 4.587122899458729, 74.82794166120607], 'normal': [Decimal('-0.18038118738674938'), 0.5632141350460549, -0.8063823319748955], 'radius': Decimal('2.8402773008764277')}",0.8951617668368143,374.178367,5.680554601752855,"{'center': [Decimal('164.90105474036685'), 157.6206709897196], 'axes': [36.40204960482246, Decimal('47.092960479772906')], 'angle': -73.93605263115447}","[Decimal('164.90105474036685'), 157.6206709897196]",47.092960479772906,"{'center': [2.740104016483392, Decimal('-2.1714467210939294'), 84.50452964490482], 'radius': 12.0}","{'center': [180.103827538695, Decimal('104.06834553442886')], 'axes': [176.0852354604779, 176.0852354604779], 'angle': 90.0}",0.9688801172848094,1,244.457167,2.169066734040555,-1.790865342351177,"[0.5153157960636464, 0.3432472042095017]",pupil.1,1,3d c++
"{'center': [0.5876953253960311, Decimal('4.5716893882632625'), 74.81447019012258], 'normal': [Decimal('-0.17936739092394677'), 0.5619280091130994, -0.807504954565187], 'radius': 2.841259255204075}",0.8165744816568097,374.186767,5.68251851040815,"{'center': [Decimal('165.00235776032093'), 157.4994120127078], 'axes': [36.48385863606705, 47.11771972705758], 'angle': -74.00172929516532}","[Decimal('165.00235776032093'), 157.4994120127078]",47.11771972705758,"{'center': [2.740104016483392, Decimal('-2.1714467210939294'), 84.50452964490482], 'radius': 12.0}","{'center': [180.103827538695, Decimal('104.06834553442886')], 'axes': [176.0852354604779, 176.0852354604779], 'angle': 90.0}",0.968860609609079,1,244.457167,2.167511090966517,-1.7893730401687606,"[0.5156323680010029, 0.3437524499470508]",pupil.1,1,3d c++
"{'center': [0.5838621191432103, Decimal('4.6065924136583565'), 74.8397065028126], 'normal': [-0.1796868247783485, 0.5648365945626904, -0.8054019285076849], 'radius': Decimal('2.8412114768082217')}",0.7967091608803648,374.195167,5.6824229536164435,"{'center': [Decimal('164.96876655823857'), 157.7753458756075], 'axes': [Decimal('36.351501703386624'), 47.10117648938357], 'angle': -74.04579411120207}","[Decimal('164.96876655823857'), 157.7753458756075]",47.10117648938357,"{'center': [2.740104016483392, Decimal('-2.1714467210939294'), 84.50452964490482], 'radius': 12.0}","{'center': [180.103827538695, Decimal('104.06834553442886')], 'axes': [176.0852354604779, 176.0852354604779], 'angle': 90.0}",0.9688552031742903,1,244.457167,2.1710315484266194,-1.7903035444926083,"[0.5155273954944956, Decimal('0.34260272551830206')]",pupil.1,1,3d c++
"{'center': [0.5907174514101601, 4.585110209885622, 74.82315185905662], 'normal': [-0.179115547089436, 0.5630464109149625, -0.8067814821540162], 'radius': Decimal('2.8612548596394953')}",0.7628033009590888,374.203567,5.722509719278991,"{'center': [Decimal('165.02838837762005'), 157.6005155826605], 'axes': [Decimal('36.694730956354235'), Decimal('47.444052242702185')], 'angle': -74.05538767263899}","[Decimal('165.02838837762005'), 157.6005155826605]",47.444052242702185,"{'center': [2.740104016483392, Decimal('-2.1714467210939294'), 84.50452964490482], 'radius': 12.0}","{'center': [180.103827538695, Decimal('104.06834553442886')], 'axes': [176.0852354604779, 176.0852354604779], 'angle': 90.0}",0.968925547157673,1,244.457167,2.168863768649537,-1.789265379293815,"[0.5157137136800627, 0.3433311850722479]",pupil.1,1,3d c++
"{'center': [0.5782369376649794, 4.607341570635876, 74.84148871415077], 'normal': [Decimal('-0.18015558990153438'), 0.5648990243108172, -0.8052534108961705], 'radius': Decimal('2.8668131959732266')}",0.8364992666767869,374.211967,5.733626391946453,"{'center': [Decimal('164.92472973981174'), Decimal('157.77369230012164')], 'axes': [Decimal('36.670618530272996'), 47.5246620388159], 'angle': -74.00177958602515}","[Decimal('164.92472973981174'), Decimal('157.77369230012164')]",47.5246620388159,"{'center': [2.740104016483392, Decimal('-2.1714467210939294'), 84.50452964490482], 'radius': 12.0}","{'center': [180.103827538695, Decimal('104.06834553442886')], 'axes': [176.0852354604779, 176.0852354604779], 'angle': 90.0}",0.9690629421093444,1,244.457167,2.171107204212701,-1.7908971948921926,"[0.5153897804369116, Decimal('0.34260961541615986')]",pupil.1,1,3d c++
"{'center': [0.5761261289341699, 4.598521703798511, 74.83577961048168], 'normal': [Decimal('-0.18033149062910184'), 0.5641640354077033, -0.8057291695352614], 'radius': Decimal('2.8414205356618907')}",0.9459410379240634,374.220367,5.682841071323781,"{'center': [164.9054434451641, Decimal('157.71064417276395')], 'axes': [Decimal('36.375604658556966'), 47.10704452265685], 'angle': -73.96557979820477}","[164.9054434451641, Decimal('157.71064417276395')]",47.10704452265685,"{'center': [2.740104016483392, Decimal('-2.1714467210939294'), 84.50452964490482], 'radius': 12.0}","{'center': [180.103827538695, Decimal('104.06834553442886')], 'axes': [176.0852354604779, 176.0852354604779], 'angle': 90.0}",0.968788724776537,1,244.457167,2.1702167526531495,-1.7909792934732047,"[0.5153295107661379, 0.3428723159468169]",pupil.1,1,3d c++
"{'center': [0.5620728573607412, 4.613704212759339, 74.8495875386713], 'normal': [Decimal('-0.18150259659355422'), 0.5654292444877724, -0.8045785088527933], 'radius': Decimal('2.8767845081145214')}",0.9251679191731391,374.228767,5.753569016229043,"{'center': [Decimal('164.79204790211537'), Decimal('157.81964706725586')], 'axes': [Decimal('36.757214167223566'), 47.68484257133558], 'angle': -73.88449473265376}","[Decimal('164.79204790211537'), Decimal('157.81964706725586')]",47.68484257133558,"{'center': [2.740104016483392, Decimal('-2.1714467210939294'), 84.50452964490482], 'radius': 12.0}","{'center': [180.103827538695, Decimal('104.06834553442886')], 'axes': [176.0852354604779, 176.0852354604779], 'angle': 90.0}",0.9688223802727158,1,244.457167,2.1717499121237376,-1.7926695848275975,"[0.5149751496941105, 0.3424181372197672]",pupil.1,1,3d c++
"{'center': [0.5612835657712982, 4.60029332347073, 74.84035465619533], 'normal': [-0.1815683708926745, 0.5643116703803883, -0.8053479157257912], 'radius': 2.876749159408666}",0.84914360242161,374.237167,5.753498318817332,"{'center': [Decimal('164.78627850423345'), Decimal('157.71347534770572')], 'axes': [Decimal('36.805774759115224'), Decimal('47.690073909267525')], 'angle': -73.8489831974809}","[Decimal('164.78627850423345'), Decimal('157.71347534770572')]",47.690073909267525,"{'center': [2.740104016483392, Decimal('-2.1714467210939294'), 84.50452964490482], 'radius': 12.0}","{'center': [180.103827538695, Decimal('104.06834553442886')], 'axes': [176.0852354604779, 176.0852354604779], 'angle': 90.0}",0.9687929180375199,1,244.457167,2.1703955714229473,-1.7925422150029062,"[0.5149571203257295, 0.3428605193845595]",pupil.1,1,3d c++
"{'center': [0.5793237607984816, 4.602207577138351, 74.83764616910551], 'normal': [Decimal('-0.18006502130707588'), 0.5644711915193567, -0.8055736229832753], 'radius': 2.853743234951804}",0.832886532627964,374.245567,5.707486469903608,"{'center': [Decimal('164.93275619798703'), 157.7367666550092], 'axes': [36.52334475158403, 47.31029416949858], 'angle': -73.99952544618354}","[Decimal('164.93275619798703'), 157.7367666550092]",47.31029416949858,"{'center': [2.740104016483392, Decimal('-2.1714467210939294'), 84.50452964490482], 'radius': 12.0}","{'center': [180.103827538695, Decimal('104.06834553442886')], 'axes': [176.0852354604779, 176.0852354604779], 'angle': 90.0}",0.9687312676217807,1,244.457167,2.1705888115534187,-1.7907054274688419,"[0.5154148631187094, Decimal('0.34276347227079496')]",pupil.1,1,3d c++
"{'center': [0.5862547923337296, 4.604923551565069, 74.83800289288818], 'normal': [Decimal('-0.17948743534580522'), 0.5646975227215831, -0.8055438960013864], 'radius': 2.865793419069258}",0.9948684393760772,374.253967,5.731586838138516,"{'center': [164.9908830332754, Decimal('157.75564483078705')], 'axes': [36.67505937882319, 47.50998659628514], 'angle': -74.06168113185026}","[164.9908830332754, Decimal('157.75564483078705')]",47.50998659628514,"{'center': [2.740104016483392, Decimal('-2.1714467210939294'), 84.50452964490482], 'radius': 12.0}","{'center': [180.103827538695, Decimal('104.06834553442886')], 'axes': [176.0852354604779, 176.0852354604779], 'angle': 90.0}",0.9689019501440299,1,244.457167,2.1708630276395495,-1.7900302876696048,"[0.5155965094789856, Decimal('0.34268481320505395')]",pupil.1,1,3d c++
"{'center': [0.5544260096273801, 4.603401030326168, 74.8440819536524], 'normal': [Decimal('-0.18213983390466768'), 0.5645706459516747, -0.8050373076043674], 'radius': Decimal('2.8704021752980453')}",0.8813967010501867,374.262367,5.740804350596091,"{'center': [Decimal('164.72896676311387'), Decimal('157.73912012071673')], 'axes': [Decimal('36.705550051707654'), 47.5824136774924], 'angle': -73.80014074868267}","[Decimal('164.72896676311387'), Decimal('157.73912012071673')]",47.5824136774924,"{'center': [2.740104016483392, Decimal('-2.1714467210939294'), 84.50452964490482], 'radius': 12.0}","{'center': [180.103827538695, Decimal('104.06834553442886')], 'axes': [176.0852354604779, 176.0852354604779], 'angle': 90.0}",0.9689373052326866,1,244.457167,2.17070930122129,-1.793300387215393,"[0.5147780211347308, 0.3427536661636803]",pupil.1,1,3d c++
"{'center': [0.5610505837292754, 4.607707904408006, 74.84560689437315], 'normal': [Decimal('-0.18158778606284307'), 0.5649295521251613, -0.8049102292109723], 'radius': Decimal('2.8831813889842746')}",0.9219154038830498,374.270767,5.766362777968549,"{'center': [Decimal('164.78455919314172'), 157.7703399095285], 'axes': [36.86028715149645, 47.79344058590083], 'angle': -73.86321900701948}","[Decimal('164.78455919314172'), 157.7703399095285]",47.79344058590083,"{'center': [2.740104016483392, Decimal('-2.1714467210939294'), 84.50452964490482], 'radius': 12.0}","{'center': [180.103827538695, Decimal('104.06834553442886')], 'axes': [176.0852354604779, 176.0852354604779], 'angle': 90.0}",0.968981977090766,1,244.457167,2.1711442009157156,-1.7926818296867257,"[0.5149517474785679, 0.3426235837102979]",pupil.1,1,3d c++
"{'center': [0.559596748176733, 4.604399456746673, 74.84361371383986], 'normal': [Decimal('-0.18170893902555493'), 0.5646538481533836, -0.8050763275887465], 'radius': Decimal('2.8596318272471137')}",0.8210879654703536,374.279167,5.7192636544942275,"{'center': [Decimal('164.77052472186503'), Decimal('157.75050474153173')], 'axes': [36.56956725617773, Decimal('47.404107068514115')], 'angle': -73.84421062514905}","[Decimal('164.77052472186503'), Decimal('157.75050474153173')]",47.404107068514115,"{'center': [2.740104016483392, Decimal('-2.1714467210939294'), 84.50452964490482], 'radius': 12.0}","{'center': [180.103827538695, Decimal('104.06834553442886')], 'axes': [176.0852354604779, 176.0852354604779], 'angle': 90.0}",0.9689701095417891,1,244.457167,2.1708101088391567,-1.7927807354191954,"[0.5149078897558282, 0.3427062302436178]",pupil.1,1,3d c++
"{'center': [0.570007854847062, Decimal('4.6132436762839895'), 74.84747735857133], 'normal': [-0.1808413468030275, 0.5653908664481598, -0.8047543571944586], 'radius': Decimal('2.8543863915725187')}",0.8988360319099707,374.287567,5.708772783145037,"{'center': [Decimal('164.85538255828035'), 157.8229690593087], 'axes': [Decimal('36.480936811393484'), 47.31475356457803], 'angle': -73.94774706332385}","[Decimal('164.85538255828035'), 157.8229690593087]",47.31475356457803,"{'center': [2.740104016483392, Decimal('-2.1714467210939294'), 84.50452964490482], 'radius': 12.0}","{'center': [180.103827538695, Decimal('104.06834553442886')], 'axes': [176.0852354604779, 176.0852354604779], 'angle': 90.0}",0.9689273828629386,1,244.457167,2.171703382569648,-1.79184063457203,"[0.5151730704946261, Decimal('0.34240429558621377')]",pupil.1,1,3d c++
"{'center': [0.5640111746367777, 4.598470861668053, 74.83846344058603], 'normal': [-0.1813410701538845, 0.5641597985634985, -0.8055055170265669], 'radius': 2.854367979426277}",0.9330486712061066,374.295967,5.708735958852554,"{'center': [Decimal('164.80675436580827'), 157.7054818273644], 'axes': [36.52877075745569, 47.32005316554917], 'angle': -73.86711795744475}","[Decimal('164.80675436580827'), 157.7054818273644]",47.32005316554917,"{'center': [2.740104016483392, Decimal('-2.1714467210939294'), 84.50452964490482], 'radius': 12.0}","{'center': [180.103827538695, Decimal('104.06834553442886')], 'axes': [176.0852354604779, 176.0852354604779], 'angle': 90.0}",0.9688671890950129,1,244.457167,2.1702116212155405,-1.7922316812835963,"[0.5150211073931509, Decimal('0.34289382571931504')]",pupil.1,1,3d c++
"{'center': [0.5409282397030797, 4.608486970706714, 74.85071562983238], 'normal': [Decimal('-0.18326464806502601'), 0.5649944743167202, -0.8044845012560372], 'radius': Decimal('2.8820269613957072')}",0.8680641738693526,374.304367,5.7640539227914145,"{'center': [164.618524089959, Decimal('157.77477517913508')], 'axes': [Decimal('36.820672035798154'), 47.77094520685411], 'angle': -73.70198504660615}","[164.618524089959, Decimal('157.77477517913508')]",47.77094520685411,"{'center': [2.740104016483392, Decimal('-2.1714467210939294'), 84.50452964490482], 'radius': 12.0}","{'center': [180.103827538695, Decimal('104.06834553442886')], 'axes': [176.0852354604779, 176.0852354604779], 'angle': 90.0}",0.9688483842679618,1,244.457167,2.1712228833307887,-1.7947778841163178,"[0.514432887781122, 0.3426051034202705]",pupil.1,1,3d c++
"{'center': [0.5790979169301367, 4.611350618288997, 74.84410973216016], 'normal': [Decimal('-0.18008384162943794'), 0.5652331116152438, -0.8050349927287216], 'radius': Decimal('2.8654028607162756')}",0.9275959911301096,374.312767,5.730805721432551,"{'center': [Decimal('164.93147028037163'), 157.8058854316075], 'axes': [Decimal('36.638627496871756'), 47.49962874411959], 'angle': -74.01738671682514}","[Decimal('164.93147028037163'), 157.8058854316075]",47.49962874411959,"{'center': [2.740104016483392, Decimal('-2.1714467210939294'), 84.50452964490482], 'radius': 12.0}","{'center': [180.103827538695, Decimal('104.06834553442886')], 'axes': [176.0852354604779, 176.0852354604779], 'angle': 90.0}",0.9688468017700069,1,244.457167,2.1715121361172853,-1.7908701252883676,"[0.5154108446261614, 0.3424754773683021]",pupil.1,1,3d c++
"{'center': [0.5349610615128926, 4.591516988448259, 74.8401793609199], 'normal': [-0.1837619129142083, 0.5635803091285156, -0.8053625236654097], 'radius': Decimal('2.8771568198052084')}",0.7849427057464412,374.321167,5.754313639610417,"{'center': [Decimal('164.56977325566237'), Decimal('157.64123767821238')], 'axes': [Decimal('36.814894295809786'), 47.69678693915703], 'angle': -73.61630742868279}","[Decimal('164.56977325566237'), Decimal('157.64123767821238')]",47.69678693915703,"{'center': [2.740104016483392, Decimal('-2.1714467210939294'), 84.50452964490482], 'radius': 12.0}","{'center': [180.103827538695, Decimal('104.06834553442886')], 'axes': [176.0852354604779, 176.0852354604779], 'angle': 90.0}",0.9687450663006913,1,244.457167,2.169509944188086,-1.7951287333664985,"[0.5142805414239449, 0.3431615096741151]",pupil.1,1,3d c++
"{'center': [0.5415743555453139, 4.582899565982311, 74.8326490850429], 'normal': [-0.1832108050781732, 0.5628621905896867, -0.8059900466551599], 'radius': Decimal('2.8720261606034176')}",0.9573470721951627,374.329567,5.744052321206835,"{'center': [Decimal('164.62426834672638'), Decimal('157.57511693509733')], 'axes': [36.7882828114052, 47.61646963558768], 'angle': -73.65090382223906}","[Decimal('164.62426834672638'), Decimal('157.57511693509733')]",47.61646963558768,"{'center': [2.740104016483392, Decimal('-2.1714467210939294'), 84.50452964490482], 'radius': 12.0}","{'center': [180.103827538695, Decimal('104.06834553442886')], 'axes': [176.0852354604779, 176.0852354604779], 'angle': 90.0}",0.9686644978063153,1,244.457167,2.1686408733133153,-1.7943097943300355,"[0.5144508385835199, 0.3434370127704278]",pupil.1,1,3d c++
"{'center': [0.5554570209377689, Decimal('4.5936392141135585'), 74.83701032534248], 'normal': [-0.1820539162954686, 0.5637571612672907, -0.8056266099635292], 'radius': Decimal('2.8787068923664543')}",0.9645333810521353,374.337967,5.7574137847329085,"{'center': [Decimal('164.73879070047587'), Decimal('157.65968819606738')], 'axes': [36.84924479908595, 47.72462104788363], 'angle': -73.78719713713622}","[Decimal('164.73879070047587'), Decimal('157.65968819606738')]",47.72462104788363,"{'center': [2.740104016483392, Decimal('-2.1714467210939294'), 84.50452964490482], 'radius': 12.0}","{'center': [180.103827538695, Decimal('104.06834553442886')], 'axes': [176.0852354604779, 176.0852354604779], 'angle': 90.0}",0.9687478491264168,1,244.457167,2.169724050650309,-1.7930414794012672,"[0.5148087209389871, 0.3430846325163859]",pupil.1,1,3d c++
"{'center': [0.5405706220666042, 4.598395101348549, 74.8437173319596], 'normal': [Decimal('-0.18329444953473234'), 0.5641534852035398, -0.8050676927454354], 'radius': 2.884781399308874}",0.8788380099773015,374.346367,5.769562798617748,"{'center': [Decimal('164.61638317907114'), Decimal('157.69413375255155')], 'axes': [36.89312215070094, 47.82104804422627], 'angle': -73.6769343655588}","[Decimal('164.61638317907114'), Decimal('157.69413375255155')]",47.82104804422627,"{'center': [2.740104016483392, Decimal('-2.1714467210939294'), 84.50452964490482], 'radius': 12.0}","{'center': [180.103827538695, Decimal('104.06834553442886')], 'axes': [176.0852354604779, 176.0852354604779], 'angle': 90.0}",0.9687557681127501,1,244.457167,2.1702039748472197,-1.7946561918633583,"[0.5144261974345973, 0.3429411093643685]",pupil.1,1,3d c++
"{'center': [0.5443372346266822, Decimal('4.6067140998983085'), 74.84869492570729], 'normal': [Decimal('-0.18298056515472583'), 0.5648467350826865, -0.804652893266461], 'radius': Decimal('2.8720301261286036')}",0.7485917525345336,374.354767,5.744060252257207,"{'center': [164.6457670163582, 157.7638564707237], 'axes': [Decimal('36.703123955818114'), 47.60644915490934], 'angle': -73.72567183044498}","[164.6457670163582, 157.7638564707237]",47.60644915490934,"{'center': [2.740104016483392, Decimal('-2.1714467210939294'), 84.50452964490482], 'radius': 12.0}","{'center': [180.103827538695, Decimal('104.06834553442886')], 'axes': [176.0852354604779, 176.0852354604779], 'angle': 90.0}",0.9687335851264911,1,244.457167,2.171043836997307,-1.794396897104828,"[0.5145180219261194, Decimal('0.34265059803865117')]",pupil.1,1,3d c++
"{'center': [0.5522653266644975, 4.612770221344938, 74.8511487684835], 'normal': [-0.1823198908182412, 0.5653514118699056, -0.804448406368444], 'radius': 2.863403757210254}",0.8970136326949092,374.363167,5.726807514420508,"{'center': [Decimal('164.70997809280027'), Decimal('157.81494680217776')], 'axes': [36.57893947391179, 47.46189289813466], 'angle': -73.80304913739108}","[Decimal('164.70997809280027'), Decimal('157.81494680217776')]",47.46189289813466,"{'center': [2.740104016483392, Decimal('-2.1714467210939294'), 84.50452964490482], 'radius': 12.0}","{'center': [180.103827538695, Decimal('104.06834553442886')], 'axes': [176.0852354604779, 176.0852354604779], 'angle': 90.0}",0.9686348578086257,1,244.457167,2.1716555493665957,-1.7936708454548256,"[0.5147186815400009, 0.3424377216575927]",pupil.1,1,3d c++
"{'center': [0.5574961375379273, 4.617037980695869, 74.85296509296138], 'normal': [Decimal('-0.18188398991212207'), 0.5657070584824831, -0.8042970459952862], 'radius': 2.864785358216998}",0.7965497418086561,374.371567,5.729570716433996,"{'center': [Decimal('164.75299809210537'), Decimal('157.84885773003955')], 'axes': [36.58643716750256, 47.48369620108305], 'angle': -73.8546544964063}","[Decimal('164.75299809210537'), Decimal('157.84885773003955')]",47.48369620108305,"{'center': [2.740104016483392, Decimal('-2.1714467210939294'), 84.50452964490482], 'radius': 12.0}","{'center': [180.103827538695, Decimal('104.06834553442886')], 'axes': [176.0852354604779, 176.0852354604779], 'angle': 90.0}",0.9686138785881759,1,244.457167,2.1720867782226367,-1.7931958750076358,"[0.5148531190378293, Decimal('0.34229642612483524')]",pupil.1,1,3d c++
"{'center': [0.5436721710499905, 4.593097433455862, 74.83930178781256], 'normal': [Decimal('-0.18303598711945013'), 0.5637120128791492, -0.8054356547576885], 'radius': Decimal('2.8943260557554353')}",0.8994982159350544,374.379967,5.788652111510871,"{'center': [164.6431547269118, Decimal('157.64988409188913')], 'axes': [Decimal('37.038507232181786'), 47.98217342797595], 'angle': -73.69043369953481}","[164.6431547269118, Decimal('157.64988409188913')]",47.98217342797595,"{'center': [2.740104016483392, Decimal('-2.1714467210939294'), 84.50452964490482], 'radius': 12.0}","{'center': [180.103827538695, Decimal('104.06834553442886')], 'axes': [176.0852354604779, 176.0852354604779], 'angle': 90.0}",0.9686706691215519,1,244.457167,2.169669388673026,-1.7942521840638377,"[0.5145098585215994, Decimal('0.34312548295046197')]",pupil.1,1,3d c++
"{'center': [0.5523131080657997, 4.597020863092739, 74.8400887659476], 'normal': [Decimal('-0.18231590903479936'), 0.5640389653488891, -0.8053700732464358], 'radius': Decimal('2.8849413498940124')}",0.8278652356365285,374.388367,5.769882699788025,"{'center': [164.7132799375376, Decimal('157.68440859610195')], 'axes': [36.91312607457771, 47.82606682973069], 'angle': -73.76909652490596}","[164.7132799375376, Decimal('157.68440859610195')]",47.82606682973069,"{'center': [2.740104016483392, Decimal('-2.1714467210939294'), 84.50452964490482], 'radius': 12.0}","{'center': [180.103827538695, Decimal('104.06834553442886')], 'axes': [176.0852354604779, 176.0852354604779], 'angle': 90.0}",0.9686376945896802,1,244.457167,2.1700652821033923,-1.7934194334858784,"[0.514728999804805, 0.3429816308495752]",pupil.1,1,3d c++
"{'center': [0.5334390152584034, 4.589098766980312, 74.83883493236358], 'normal': [-0.1838887501020824, 0.5633787906728535, -0.8054745593784368], 'radius': Decimal('2.8991795931128075')}",0.8846954372265221,374.396767,5.798359186225615,"{'center': [Decimal('164.55947655724168'), Decimal('157.61585059994826')], 'axes': [37.1043379243094, Decimal('48.062912260547954')], 'angle': -73.59865593991186}","[Decimal('164.55947655724168'), Decimal('157.61585059994826')]",48.062912260547954,"{'center': [2.740104016483392, Decimal('-2.1714467210939294'), 84.50452964490482], 'radius': 12.0}","{'center': [180.103827538695, Decimal('104.06834553442886')], 'axes': [176.0852354604779, 176.0852354604779], 'angle': 90.0}",0.9685193716522988,1,244.457167,2.1692660135065776,-1.7952482397740483,"[0.5142483642413802, 0.3432672891668822]",pupil.1,1,3d c++
"{'center': [0.5290724460572678, 4.57979163820594, 74.83332909841128], 'normal': [-0.1842526308688437, 0.5626031966083225, -0.8059333788744619], 'radius': Decimal('2.8870183485861642')}",0.8665815273067098,374.405167,5.7740366971723285,"{'center': [164.5227952403029, Decimal('157.54510754592766')], 'axes': [36.97831396725724, Decimal('47.864654318326835')], 'angle': -73.54257746915059}","[164.5227952403029, Decimal('157.54510754592766')]",47.864654318326835,"{'center': [2.740104016483392, Decimal('-2.1714467210939294'), 84.50452964490482], 'radius': 12.0}","{'center': [180.103827538695, Decimal('104.06834553442886')], 'axes': [176.0852354604779, 176.0852354604779], 'angle': 90.0}",0.9684146564594154,1,244.457167,2.1683275636257946,-1.7955538217308704,"[0.5141337351259466, 0.3435620518919681]",pupil.1,1,3d c++
"{'center': [0.5495006486919403, 4.586999083913902, 74.83371441630115], 'normal': [Decimal('-0.18255028064928766'), 0.5632038170839859, -0.8059012690503065], 'radius': 2.892712757317763}",0.836375399282667,374.413567,5.785425514635526,"{'center': [164.6913822145431, Decimal('157.60265674574825')], 'axes': [Decimal('37.046960115141054'), 47.95899286356159], 'angle': -73.72431504229895}","[164.6913822145431, Decimal('157.60265674574825')]",47.95899286356159,"{'center': [2.740104016483392, Decimal('-2.1714467210939294'), 84.50452964490482], 'radius': 12.0}","{'center': [180.103827538695, Decimal('104.06834553442886')], 'axes': [176.0852354604779, 176.0852354604779], 'angle': 90.0}",0.9683619960390577,1,244.457167,2.1690542473153474,-1.7935541342306618,"[0.5146605694204471, Decimal('0.34332226355938233')]",pupil.1,1,3d c++
"{'center': [0.5654990203055137, 4.58352079465031, 74.8276754571102], 'normal': [-0.1812170830148232, 0.5629139596453533, -0.8064045156495517], 'radius': Decimal('2.8911424339548764')}",0.9468259608410676,374.421967,5.782284867909753,"{'center': [Decimal('164.82333234696264'), Decimal('157.57716929473992')], 'axes': [37.05719016521563, Decimal('47.936870132363566')], 'angle': -73.84669848839917}","[Decimal('164.82333234696264'), Decimal('157.57716929473992')]",47.936870132363566,"{'center': [2.740104016483392, Decimal('-2.1714467210939294'), 84.50452964490482], 'radius': 12.0}","{'center': [180.103827538695, Decimal('104.06834553442886')], 'axes': [176.0852354604779, 176.0852354604779], 'angle': 90.0}",0.968195797430027,1,244.457167,2.1687035072886656,-1.791846441095772,"[0.5150729135842582, Decimal('0.34342846127191706')]",pupil.1,1,3d c++
"{'center': [0.5379329648952402, 4.58277314893493, 74.83338924643813], 'normal': [Decimal('-0.18351425429901266'), 0.5628516558357383, -0.8059283665388909], 'radius': 2.893543848354397}",0.88734503228252,374.430367,5.787087696708794,"{'center': [164.5963184663674, 157.5678041085991], 'axes': [Decimal('37.060659962451325'), 47.97291482460002], 'angle': -73.62109977431051}","[164.5963184663674, 157.5678041085991]",47.97291482460002,"{'center': [2.740104016483392, Decimal('-2.1714467210939294'), 84.50452964490482], 'radius': 12.0}","{'center': [180.103827538695, Decimal('104.06834553442886')], 'axes': [176.0852354604779, 176.0852354604779], 'angle': 90.0}",0.9681345012518161,1,244.457167,2.16862812792758,-1.7946843266576469,"[0.5143634952073981, Decimal('0.34346748288083717')]",pupil.1,1,3d c++
"{'center': [0.5412780032008007, 4.585590032600367, 74.83459590818582], 'normal': [-0.1832355011068826, 0.5630863961411913, -0.8058278113932499], 'radius': 2.887318373123674}",0.8844843461665908,374.438767,5.774636746247348,"{'center': [164.6231466746993, 157.5921646886973], 'axes': [36.97404228170538, 47.86890328385073], 'angle': -73.65446145175862}","[164.6231466746993, 157.5921646886973]",47.86890328385073,"{'center': [2.740104016483392, Decimal('-2.1714467210939294'), 84.50452964490482], 'radius': 12.0}","{'center': [180.103827538695, Decimal('104.06834553442886')], 'axes': [176.0852354604779, 176.0852354604779], 'angle': 90.0}",0.9680789047916916,1,244.457167,2.1689121528003974,-1.794382449751342,"[0.5144473333584354, 0.3433659804637613]",pupil.1,1,3d c++
"{'center': [0.5341702161292963, 4.573865477731399, 74.82803134185978], 'normal': [Decimal('-0.18382781669617465'), 0.5621093499021107, -0.8063748585870867], 'radius': Decimal('2.9064248767760197')}",0.9659600470188219,374.447167,5.812849753552039,"{'center': [Decimal('164.56701838367002'), 157.4933272199109], 'axes': [37.25494195977557, 48.18997713071968], 'angle': -73.57081485436458}","[Decimal('164.56701838367002'), 157.4933272199109]",48.18997713071968,"{'center': [2.740104016483392, Decimal('-2.1714467210939294'), 84.50452964490482], 'radius': 12.0}","{'center': [180.103827538695, Decimal('104.06834553442886')], 'axes': [176.0852354604779, 176.0852354604779], 'angle': 90.0}",0.9681048867987152,1,244.457167,2.167730333391584,-1.794934132575419,"[0.5142719324489688, 0.3437778032503712]",pupil.1,1,3d c++
"{'center': [0.5540781556446222, 4.568904195772696, 74.82005957921514], 'normal': [Decimal('-0.18216882173656415'), 0.5616959097388854, -0.8070391721408063], 'radius': 2.876894975094712}",0.844698223367089,374.455567,5.753789950189424,"{'center': [164.7285963207322, Decimal('157.46422948060504')], 'axes': [36.91606649689039, Decimal('47.705251981877446')], 'angle': -73.72168413128281}","[164.7285963207322, Decimal('157.46422948060504')]",47.705251981877446,"{'center': [2.740104016483392, Decimal('-2.1714467210939294'), 84.50452964490482], 'radius': 12.0}","{'center': [180.103827538695, Decimal('104.06834553442886')], 'axes': [176.0852354604779, 176.0852354604779], 'angle': 90.0}",0.9682976569192481,1,244.457167,2.1672305286486866,-1.7928006148713687,"[0.5147768635022881, 0.3438990438308124]",pupil.1,1,3d c++
"{'center': [0.5467135823090041, 4.571486087020348, 74.82352269580451], 'normal': [-0.182782536181199, 0.5619110673428565, -0.806750579091692], 'radius': Decimal('2.8929868776631205')}",0.9555857292818843,374.463967,5.785973755326241,"{'center': [Decimal('164.66926856269754'), Decimal('157.47948679296246')], 'axes': [Decimal('37.105134928795955'), 47.96998803286497], 'angle': -73.66747759663988}","[Decimal('164.66926856269754'), Decimal('157.47948679296246')]",47.96998803286497,"{'center': [2.740104016483392, Decimal('-2.1714467210939294'), 84.50452964490482], 'radius': 12.0}","{'center': [180.103827538695, Decimal('104.06834553442886')], 'axes': [176.0852354604779, 176.0852354604779], 'angle': 90.0}",0.9683256304689247,1,244.457167,2.167490609902415,-1.7936011450721907,"[0.5145914642584298, 0.3438354716959897]",pupil.1,1,3d c++
"{'center': [0.5282816226288656, Decimal('4.5708895291755685'), 74.82730155074762], 'normal': [Decimal('-0.18431853282121052'), 0.5618613541891249, -0.8064356745131003], 'radius': 2.901788368979711}",0.8459357444394646,374.472367,5.803576737959422,"{'center': [Decimal('164.51817624541903'), 157.4704566129113], 'axes': [Decimal('37.200019121546234'), 48.1134893237181], 'angle': -73.51635055767576}","[Decimal('164.51817624541903'), 157.4704566129113]",48.1134893237181,"{'center': [2.740104016483392, Decimal('-2.1714467210939294'), 84.50452964490482], 'radius': 12.0}","{'center': [180.103827538695, Decimal('104.06834553442886')], 'axes': [176.0852354604779, 176.0852354604779], 'angle': 90.0}",0.9682782978500781,1,244.457167,2.1674305128518028,-1.795496156836961,"[0.5141193007669345, Decimal('0.34387309744620287')]",pupil.1,1,3d c++
"{'center': [0.5526782584137848, 4.568393360266398, 74.82002014619388], 'normal': [Decimal('-0.18228547983913396'), 0.5616533401133607, -0.8070424582259116], 'radius': 2.891808449993246}",0.8354724452002494,374.480767,5.783616899986492,"{'center': [Decimal('164.71850718076118'), 157.4559229406945], 'axes': [37.10800273164692, 47.95269542605426], 'angle': -73.70918320713974}","[Decimal('164.71850718076118'), 157.4559229406945]",47.95269542605426,"{'center': [2.740104016483392, Decimal('-2.1714467210939294'), 84.50452964490482], 'radius': 12.0}","{'center': [180.103827538695, Decimal('104.06834553442886')], 'axes': [176.0852354604779, 176.0852354604779], 'angle': 90.0}",0.968201155916526,1,244.457167,2.1671790761765037,-1.792937278249898,"[0.5147453349398787, 0.3439336544137729]",pupil.1,1,3d c++
"{'center': [0.5551422898463727, 4.564498120146917, 74.8167543920982], 'normal': [-0.1820801438864183, 0.5613287367700706, -0.807314604400551], 'radius': 2.895271626047921}",0.7899660397811024,374.489167,5.790543252095842,"{'center': [Decimal('164.73937079754808'), Decimal('157.42436173313706')], 'axes': [37.1696439704735, 48.01224151112015], 'angle': -73.72066221552605}","[Decimal('164.73937079754808'), Decimal('157.42436173313706')]",48.01224151112015,"{'center': [2.740104016483392, Decimal('-2.1714467210939294'), 84.50452964490482], 'radius': 12.0}","{'center': [180.103827538695, Decimal('104.06834553442886')], 'axes': [176.0852354604779, 176.0852354604779], 'angle': 90.0}",0.9679083040575298,1,244.457167,2.1667867981239994,-1.7926228129350545,"[0.5148105337423378, 0.3440651594452623]",pupil.1,1,3d c++
"{'center': [0.5554394932954869, 4.567633086614295, 74.81886785716603], 'normal': [Decimal('-0.18205537693232543'), 0.5615899839756854, -0.8071384823115662], 'radius': Decimal('2.9048383206097412')}",0.790962123456788,374.497567,5.8096766412194825,"{'center': [Decimal('164.74257063048628'), 157.4465615764545], 'axes': [37.28123592067264, Decimal('48.169624545949084')], 'angle': -73.73000985496691}","[Decimal('164.74257063048628'), 157.4465615764545]",48.169624545949084,"{'center': [2.740104016483392, Decimal('-2.1714467210939294'), 84.50452964490482], 'radius': 12.0}","{'center': [180.103827538695, Decimal('104.06834553442886')], 'axes': [176.0852354604779, 176.0852354604779], 'angle': 90.0}",0.9679020431398233,1,244.457167,2.1671025030748474,-1.7926404447365967,"[0.5148205332202697, Decimal('0.34397266009810623')]",pupil.1,1,3d c++
"{'center': [0.5258781913518531, 4.568706687309167, 74.82633063752165], 'normal': [-0.1845188187609616, 0.561679450700258, -0.8065165839485979], 'radius': 2.910119899619635}",0.8904651744752499,374.505967,5.82023979923927,"{'center': [Decimal('164.49928748857636'), 157.4506117046066], 'axes': [37.31242070229642, 48.25230924768304], 'angle': -73.49196684788825}","[Decimal('164.49928748857636'), 157.4506117046066]",48.25230924768304,"{'center': [2.740104016483392, Decimal('-2.1714467210939294'), 84.50452964490482], 'radius': 12.0}","{'center': [180.103827538695, Decimal('104.06834553442886')], 'axes': [176.0852354604779, 176.0852354604779], 'angle': 90.0}",0.9679326434595459,1,244.457167,2.1672106349501026,-1.7957103614262941,"[0.5140602734018012, 0.3439557845641392]",pupil.1,1,3d c++
"{'center': [0.5350339268060287, 4.579463590654488, 74.83173915496144], 'normal': [Decimal('-0.18375584080644697'), 0.5625758593123681, -0.8060658741619485], 'radius': Decimal('2.9023922460250797')}",0.944914564538472,374.514367,5.8047844920501595,"{'center': [Decimal('164.57344975552962'), 157.5388553775817], 'axes': [37.18326487005532, Decimal('48.120724653748056')], 'angle': -73.5902513107767}","[Decimal('164.57344975552962'), 157.5388553775817]",48.120724653748056,"{'center': [2.740104016483392, Decimal('-2.1714467210939294'), 84.50452964490482], 'radius': 12.0}","{'center': [180.103827538695, Decimal('104.06834553442886')], 'axes': [176.0852354604779, 176.0852354604779], 'angle': 90.0}",0.9677631938607045,1,244.457167,2.1682944971042306,-1.7949323196640845,"[0.5142920304860301, Decimal('0.34358810259340955')]",pupil.1,1,3d c++
"{'center': [0.5474559486332695, 4.562189751683654, 74.81688626258358], 'normal': [Decimal('-0.18272067232084355'), 0.5611363727314652, -0.807303615193437], 'radius': 2.903632749694014}",0.9045100757664915,374.522767,5.807265499388028,"{'center': [Decimal('164.67691837206556'), Decimal('157.40298704172127')], 'axes': [37.27726569663022, Decimal('48.150835541060374')], 'angle': -73.65296049106666}","[Decimal('164.67691837206556'), Decimal('157.40298704172127')]",48.150835541060374,"{'center': [2.740104016483392, Decimal('-2.1714467210939294'), 84.50452964490482], 'radius': 12.0}","{'center': [180.103827538695, Decimal('104.06834553442886')], 'axes': [176.0852354604779, 176.0852354604779], 'angle': 90.0}",0.9676366529400959,1,244.457167,2.1665543784483625,-1.7933806162693198,"[0.5146153699127048, Decimal('0.34415422065949464')]",pupil.1,1,3d c++
"{'center': [0.5416935939774459, Decimal('4.5601156524406825'), 74.81675076502579], 'normal': [-0.1832008685421622, 0.5609635311278843, -0.8073149066565862], 'radius': Decimal('2.9235425564305757')}",0.9046473427705786,374.531167,5.847085112861151,"{'center': [Decimal('164.63144895532392'), Decimal('157.38042785693676')], 'axes': [37.53453169493521, 48.48122576283195], 'angle': -73.60146036352448}","[Decimal('164.63144895532392'), Decimal('157.38042785693676')]",48.48122576283195,"{'center': [2.740104016483392, Decimal('-2.1714467210939294'), 84.50452964490482], 'radius': 12.0}","{'center': [180.103827538695, Decimal('104.06834553442886')], 'axes': [176.0852354604779, 176.0852354604779], 'angle': 90.0}",0.9676684456053963,1,244.457167,2.1663455775618528,-1.7939433542648004,"[0.5144732779853872, Decimal('0.34424821726276345')]",pupil.1,1,3d c++
"{'center': [0.5290883613206421, 4.584786024156969, 74.83681384102309], 'normal': [Decimal('-0.18425130459689584'), 0.5630193954375748, -0.8056429836568116], 'radius': Decimal('2.9312122271196053')}",0.9980631766748556,374.539567,5.8624244542392105,"{'center': [Decimal('164.52696330688562'), Decimal('157.57233029495328')], 'axes': [37.52615124875708, Decimal('48.595509500039235')], 'angle': -73.5538729529888}","[Decimal('164.52696330688562'), Decimal('157.57233029495328')]",48.595509500039235,"{'center': [2.740104016483392, Decimal('-2.1714467210939294'), 84.50452964490482], 'radius': 12.0}","{'center': [180.103827538695, Decimal('104.06834553442886')], 'axes': [176.0852354604779, 176.0852354604779], 'angle': 90.0}",0.9676069740328641,1,244.457167,2.1688310794551238,-1.7956305691959895,"[0.5141467603340175, 0.343448623771028]",pupil.1,1,3d c++
"{'center': [0.5361460121405641, 4.564785601130863, 74.82125833732972], 'normal': [-0.183663167028569, 0.5613526935187327, -0.8069392756312582], 'radius': 2.89872288985931}",0.9902577141151012,374.547967,5.79744577971862,"{'center': [164.5830451269574, 157.4237700223761], 'axes': [37.19208135916131, 48.0665242606756], 'angle': -73.56666487291348}","[164.5830451269574, 157.4237700223761]",48.0665242606756,"{'center': [2.740104016483392, Decimal('-2.1714467210939294'), 84.50452964490482], 'radius': 12.0}","{'center': [180.103827538695, Decimal('104.06834553442886')], 'axes': [176.0852354604779, 176.0852354604779], 'angle': 90.0}",0.9672023767494542,1,244.457167,2.166815745911173,-1.794588567302525,"[0.5143220160217419, Decimal('0.34406762490676635')]",pupil.1,1,3d c++
"{'center': [0.5544332614038985, 4.580784363798996, 74.8282587347558], 'normal': [-0.1821392295899578, 0.5626859237410771, -0.8063559091790842], 'radius': Decimal('2.9177184933684654')}",0.945005137379795,374.556367,5.835436986736931,"{'center': [Decimal('164.73479741449415'), 157.546996738485], 'axes': [37.39632017815143, 48.3773095807968], 'angle': -73.75077329948195}","[Decimal('164.73479741449415'), 157.546996738485]",48.3773095807968,"{'center': [2.740104016483392, Decimal('-2.1714467210939294'), 84.50452964490482], 'radius': 12.0}","{'center': [180.103827538695, Decimal('104.06834553442886')], 'axes': [176.0852354604779, 176.0852354604779], 'angle': 90.0}",0.9672841368859264,1,244.457167,2.1684276328664382,-1.7929476848701007,"[0.5147962419202943, Decimal('0.34355418025631246')]",pupil.1,1,3d c++
"{'center': [0.5473356467046093, Decimal('4.5666082452255345'), 74.81998617877512], 'normal': [Decimal('-0.18273069748156523'), 0.561504580526622, -0.807045288844141], 'radius': Decimal('2.9267474287011543')}",0.7803489146279057,374.564767,5.853494857402309,"{'center': [Decimal('164.67792927189979'), Decimal('157.43151490916682')], 'axes': [37.55761516801238, 48.53235904181378], 'angle': -73.66180141141054}","[Decimal('164.67792927189979'), Decimal('157.43151490916682')]",48.53235904181378,"{'center': [2.740104016483392, Decimal('-2.1714467210939294'), 84.50452964490482], 'radius': 12.0}","{'center': [180.103827538695, Decimal('104.06834553442886')], 'axes': [176.0852354604779, 176.0852354604779], 'angle': 90.0}",0.9673833562083067,1,244.457167,2.1669992895860752,-1.7934613482857942,"[0.5146185289746869, Decimal('0.34403535454513823')]",pupil.1,1,3d c++
"{'center': [0.5497740729921103, 4.567241705412078, 74.81987513226889], 'normal': [Decimal('-0.18252749529094014'), 0.5615573688755006, -0.8070545427196608], 'radius': 2.918783251721008}",0.9658930114375803,374.573167,5.837566503442016,"{'center': [164.6972256565491, Decimal('157.43900509235976')], 'axes': [Decimal('37.455624645818936'), 48.40031002984614], 'angle': -73.68303895677147}","[164.6972256565491, Decimal('157.43900509235976')]",48.40031002984614,"{'center': [2.740104016483392, Decimal('-2.1714467210939294'), 84.50452964490482], 'radius': 12.0}","{'center': [180.103827538695, Decimal('104.06834553442886')], 'axes': [176.0852354604779, 176.0852354604779], 'angle': 90.0}",0.9673286416869153,1,244.457167,2.1670630855666726,-1.793219361339575,"[0.514678830176716, 0.344004145448501]",pupil.1,1,3d c++
"{'center': [0.5539804384543556, 4.572277372524356, 74.82243023151634], 'normal': [Decimal('-0.18217696483575302'), 0.5619770078015238, -0.8068416177823743], 'radius': 2.941193951907962}",0.9031024626774883,374.581567,5.882387903815924,"{'center': [Decimal('164.73381047239786'), Decimal('157.47301071888646')], 'axes': [37.72918085688627, 48.77051051976101], 'angle': -73.72841876231254}","[Decimal('164.73381047239786'), Decimal('157.47301071888646')]",48.77051051976101,"{'center': [2.740104016483392, Decimal('-2.1714467210939294'), 84.50452964490482], 'radius': 12.0}","{'center': [180.103827538695, Decimal('104.06834553442886')], 'axes': [176.0852354604779, 176.0852354604779], 'angle': 90.0}",0.9672475663440983,1,244.457167,2.1675703275420517,-1.7928628062673975,"[0.5147931577262433, 0.3438624553379731]",pupil.1,1,3d c++
"{'center': [0.5440283551388769, 4.574545650583897, 74.82626334298303], 'normal': [Decimal('-0.18300630511204294'), 0.5621660309731522, -0.8065221918268156], 'radius': 2.923588275058103}",0.8361650255860833,374.589967,5.847176550116206,"{'center': [164.649924940112, 157.4949169032193], 'axes': [Decimal('37.483578509816205'), Decimal('48.475900582570766')], 'angle': -73.65245456650237}","[164.649924940112, 157.4949169032193]",48.475900582570766,"{'center': [2.740104016483392, Decimal('-2.1714467210939294'), 84.50452964490482], 'radius': 12.0}","{'center': [180.103827538695, Decimal('104.06834553442886')], 'axes': [176.0852354604779, 176.0852354604779], 'angle': 90.0}",0.9672477385060385,1,244.457167,2.1677988679487656,-1.793926049056726,"[0.51453101543785, Decimal('0.34377117956991965')]",pupil.1,1,3d c++
"{'center': [0.561489558553891, 4.571174100629989, 74.81996958787819], 'normal': [Decimal('-0.18155120482745843'), 0.5618850684769932, -0.8070466714188858], 'radius': Decimal('2.9143636508447543')}",0.9273155411268024,374.598367,5.828727301689509,"{'center': [Decimal('164.79318077390792'), Decimal('157.47255210895582')], 'axes': [37.39700249783243, 48.32699545984499], 'angle': -73.78708254499382}","[Decimal('164.79318077390792'), Decimal('157.47255210895582')]",48.32699545984499,"{'center': [2.740104016483392, Decimal('-2.1714467210939294'), 84.50452964490482], 'radius': 12.0}","{'center': [180.103827538695, Decimal('104.06834553442886')], 'axes': [176.0852354604779, 176.0852354604779], 'angle': 90.0}",0.9672495475708365,1,244.457167,2.1674591801850704,-1.7920703204860013,"[0.5149786899184623, 0.343864366212684]",pupil.1,1,3d c++
"{'center': [0.5563657731839862, 4.559242543379034, 74.81282652781235], 'normal': [Decimal('-0.18197818694161716'), 0.5608907720394136, -0.8076419264243729], 'radius': Decimal('2.9140509504138925')}",0.915728480672569,374.606767,5.828101900827785,"{'center': [Decimal('164.75155619694095'), 157.3776334802643], 'axes': [37.43195641609871, 48.32634093540138], 'angle': -73.71906257149116}","[Decimal('164.75155619694095'), 157.3776334802643]",48.32634093540138,"{'center': [2.740104016483392, Decimal('-2.1714467210939294'), 84.50452964490482], 'radius': 12.0}","{'center': [180.103827538695, Decimal('104.06834553442886')], 'axes': [176.0852354604779, 176.0852354604779], 'angle': 90.0}",0.96713578983737,1,244.457167,2.166257689954492,-1.7924156918936573,"[0.5148486131154405, 0.3442598604988987]",pupil.1,1,3d c++
"{'center': [0.5565168716868016, 4.553187435589331, 74.8085901525272], 'normal': [Decimal('-0.18196559539971588'), 0.560386179723605, -0.8079949576981347], 'radius': 2.922171601159344}",0.9215488877948854,374.615167,5.844343202318688,"{'center': [Decimal('164.75391948569018'), Decimal('157.32741429288825')], 'axes': [Decimal('37.559195690328664'), Decimal('48.463800667245394')], 'angle': -73.70692448614363}","[Decimal('164.75391948569018'), Decimal('157.32741429288825')]",48.463800667245394,"{'center': [2.740104016483392, Decimal('-2.1714467210939294'), 84.50452964490482], 'radius': 12.0}","{'center': [180.103827538695, Decimal('104.06834553442886')], 'axes': [176.0852354604779, 176.0852354604779], 'angle': 90.0}",0.9671706424838056,1,244.457167,2.165648323584361,-1.7923071675479165,"[0.5148559983927818, Decimal('0.34446910711296563')]",pupil.1,1,3d c++
"{'center': [0.5660916212058145, Decimal('4.5720378391440235'), 74.81953681625431], 'normal': [-0.1811676996064648, 0.561957046686496, -0.8070827357208757], 'radius': 2.918484450679244}",0.953592637920814,374.623567,5.836968901358488,"{'center': [Decimal('164.83147609312923'), Decimal('157.47869891528254')], 'axes': [37.45173764884797, 48.39566964464282], 'angle': -73.82646565174424}","[Decimal('164.83147609312923'), Decimal('157.47869891528254')]",48.39566964464282,"{'center': [2.740104016483392, Decimal('-2.1714467210939294'), 84.50452964490482], 'radius': 12.0}","{'center': [180.103827538695, Decimal('104.06834553442886')], 'axes': [176.0852354604779, 176.0852354604779], 'angle': 90.0}",0.9670805147364292,1,244.457167,2.167546195422681,-1.7916084182887724,"[0.5150983627910288, Decimal('0.34383875451965606')]",pupil.1,1,3d c++
"{'center': [0.5698644240058628, 4.584397234331778, 74.82730728716285], 'normal': [Decimal('-0.18085329937312744'), 0.5629869962854755, -0.8064351964784968], 'radius': Decimal('2.9327850224963443')}",0.9281425749501299,374.631967,5.865570044992689,"{'center': [164.8632718473561, Decimal('157.57291522510764')], 'axes': [37.59299975542511, 48.62796190580463], 'angle': -73.88418078697325}","[164.8632718473561, Decimal('157.57291522510764')]",48.62796190580463,"{'center': [2.740104016483392, Decimal('-2.1714467210939294'), 84.50452964490482], 'radius': 12.0}","{'center': [180.103827538695, Decimal('104.06834553442886')], 'axes': [176.0852354604779, 176.0852354604779], 'angle': 90.0}",0.96708791080653,1,244.457167,2.1687918768813037,-1.7914088441605678,"[0.5151977245229877, 0.3434461865620515]",pupil.1,1,3d c++
"{'center': [0.5414426857540011, 4.564851068668862, 74.82009985062203], 'normal': [Decimal('-0.18322177756078256'), 0.5613581491468992, -0.8070358161902326], 'radius': 2.944163163721489}",0.9639566277155751,374.640367,5.888326327442978,"{'center': [Decimal('164.63114310685657'), 157.4121134832103], 'axes': [Decimal('37.781406259324946'), 48.82119869293122], 'angle': -73.60997255935715}","[Decimal('164.63114310685657'), 157.4121134832103]",48.82119869293122,"{'center': [2.740104016483392, Decimal('-2.1714467210939294'), 84.50452964490482], 'radius': 12.0}","{'center': [180.103827538695, Decimal('104.06834553442886')], 'axes': [176.0852354604779, 176.0852354604779], 'angle': 90.0}",0.9671709128122763,1,244.457167,2.166822338219206,-1.7940426243473382,"[0.5144723222089268, Decimal('0.34411619381995706')]",pupil.1,1,3d c++
"{'center': [0.5517874626029675, 4.565482824945308, 74.81819644024391], 'normal': [-0.1823597128233687, 0.5614107955032698, -0.8071944337217424], 'radius': 2.922515960150655}",0.9974104568937344,374.648767,5.84503192030131,"{'center': [Decimal('164.71428430019316'), Decimal('157.42423377225808')], 'axes': [37.51239125880192, Decimal('48.463328362166756')], 'angle': -73.69555144710496}","[Decimal('164.71428430019316'), Decimal('157.42423377225808')]",48.463328362166756,"{'center': [2.740104016483392, Decimal('-2.1714467210939294'), 84.50452964490482], 'radius': 12.0}","{'center': [180.103827538695, Decimal('104.06834553442886')], 'axes': [176.0852354604779, 176.0852354604779], 'angle': 90.0}",0.9669882636363369,1,244.457167,2.166885954956281,-1.7929843165211206,"[0.5147321384381036, 0.3440656926155914]",pupil.1,1,3d c++
"{'center': [0.5669593411921827, 4.558973843931744, 74.8102591082356], 'normal': [Decimal('-0.18109538960760077'), 0.560868380418806, -0.8078558780557685], 'radius': Decimal('2.9376775453750525')}",0.8482732011340472,374.657167,5.875355090750105,"{'center': [Decimal('164.84121250003972'), 157.3699367258933], 'axes': [37.74846111386323, 48.72009172260293], 'angle': -73.80492065072156}","[Decimal('164.84121250003972'), 157.3699367258933]",48.72009172260293,"{'center': [2.740104016483392, Decimal('-2.1714467210939294'), 84.50452964490482], 'radius': 12.0}","{'center': [180.103827538695, Decimal('104.06834553442886')], 'axes': [176.0852354604779, 176.0852354604779], 'angle': 90.0}",0.9669506781848414,1,244.457167,2.1662306435829564,-1.7913186633681553,"[0.5151287890626242, 0.3442919303087779]",pupil.1,1,3d c++
"{'center': [0.5458757450563536, 4.566011334237881, 74.81990155470359], 'normal': [Decimal('-0.18285235595225321'), 0.5614548379443175, -0.8070523408501029], 'radius': Decimal('2.9493150003694426')}",0.913449684063997,374.665567,5.898630000738885,"{'center': [Decimal('164.66813213048738'), Decimal('157.42029224168562')], 'axes': [37.84815590576638, 48.90683049549262], 'angle': -73.64863181222624}","[Decimal('164.66813213048738'), Decimal('157.42029224168562')]",48.90683049549262,"{'center': [2.740104016483392, Decimal('-2.1714467210939294'), 84.50452964490482], 'radius': 12.0}","{'center': [180.103827538695, Decimal('104.06834553442886')], 'axes': [176.0852354604779, 176.0852354604779], 'angle': 90.0}",0.9671004440174102,1,244.457167,2.166939177014375,-1.7936028548463516,"[0.5145879129077731, 0.3440821156596433]",pupil.1,1,3d c++
"{'center': [0.5339601050158231, 4.566945994681056, 74.82325944673944], 'normal': [Decimal('-0.18384532595563075'), 0.5615327263145821, -0.8067725165137819], 'radius': 2.963408501856912}",0.8324648688769543,374.673967,5.926817003713824,"{'center': [164.5712464948965, Decimal('157.42250837573545')], 'axes': [Decimal('38.012249623572785'), 49.13840692314613], 'angle': -73.55379884559773}","[164.5712464948965, Decimal('157.42250837573545')]",49.13840692314613,"{'center': [2.740104016483392, Decimal('-2.1714467210939294'), 84.50452964490482], 'radius': 12.0}","{'center': [180.103827538695, Decimal('104.06834553442886')], 'axes': [176.0852354604779, 176.0852354604779], 'angle': 90.0}",0.9671021059686868,1,244.457167,2.1670333040994314,-1.7948479471995937,"[0.5142851452965516, Decimal('0.34407288176776896')]",pupil.1,1,3d c++
"{'center': [0.5624813742843262, 4.571332636277434, 74.81985690051182], 'normal': [-0.1814685535165888, 0.561898279780947, -0.8070560620327497], 'radius': Decimal('2.9283183146568996')}",0.8773113483223467,374.682367,5.856636629313799,"{'center': [164.8026976206198, 157.4699997495912], 'axes': [37.57675334850187, 48.55859860275913], 'angle': -73.79552930441095}","[164.8026976206198, 157.4699997495912]",48.55859860275913,"{'center': [2.740104016483392, Decimal('-2.1714467210939294'), 84.50452964490482], 'radius': 12.0}","{'center': [180.103827538695, Decimal('104.06834553442886')], 'axes': [176.0852354604779, 176.0852354604779], 'angle': 90.0}",0.9671257876529005,1,244.457167,2.167475151088229,-1.7919703488837468,"[0.5150084300644369, 0.34387500104337]",pupil.1,1,3d c++
"{'center': [0.5713901228940892, 4.568824127372633, 74.81611238835231], 'normal': [Decimal('-0.18072615779910858'), 0.5616892373722135, -0.8073681047127096], 'radius': 2.91973485410025}",0.9280516859055112,374.690767,5.8394697082005,"{'center': [164.875464836821, Decimal('157.45342705579816')], 'axes': [37.4856291026146, 48.41864084820177], 'angle': -73.86261810908879}","[164.875464836821, Decimal('157.45342705579816')]",48.41864084820177,"{'center': [2.740104016483392, Decimal('-2.1714467210939294'), 84.50452964490482], 'radius': 12.0}","{'center': [180.103827538695, Decimal('104.06834553442886')], 'axes': [176.0852354604779, 176.0852354604779], 'angle': 90.0}",0.9669736706438115,1,244.457167,2.1672224638651105,-1.7910121479273582,"[0.5152358276150657, 0.3439440539341744]",pupil.1,1,3d c++
"{'center': [0.565166589687542, 4.561929657958814, 74.81271403958415], 'normal': [Decimal('-0.18124478556632084'), 0.5611146982543952, -0.8076513004433891], 'radius': 2.953521290023303}",0.965823079175866,374.699167,5.907042580046606,"{'center': [Decimal('164.82780852329594'), Decimal('157.38869958364208')], 'axes': [Decimal('37.939104146849175'), 48.98139415431012], 'angle': -73.79681242438483}","[Decimal('164.82780852329594'), Decimal('157.38869958364208')]",48.98139415431012,"{'center': [2.740104016483392, Decimal('-2.1714467210939294'), 84.50452964490482], 'radius': 12.0}","{'center': [180.103827538695, Decimal('104.06834553442886')], 'axes': [176.0852354604779, 176.0852354604779], 'angle': 90.0}",0.9665290004936211,1,244.457167,2.1665281930275144,-1.7915488415713188,"[0.5150869016352998, 0.3442137517348247]",pupil.1,1,3d c++
"{'center': [0.5688306661547626, 4.568353172220483, 74.81635801986474], 'normal': [-0.1809394458607191, 0.5616499911095344, -0.8073476354200066], 'radius': Decimal('2.9458514083526057')}",0.7789060482671812,374.707567,5.8917028167052115,"{'center': [164.8569127281819, Decimal('157.44210208955718')], 'axes': [Decimal('37.820254413171504'), 48.85179631461568], 'angle': -73.8407627978816}","[164.8569127281819, Decimal('157.44210208955718')]",48.85179631461568,"{'center': [2.740104016483392, Decimal('-2.1714467210939294'), 84.50452964490482], 'radius': 12.0}","{'center': [180.103827538695, Decimal('104.06834553442886')], 'axes': [176.0852354604779, 176.0852354604779], 'angle': 90.0}",0.966560140458661,1,244.457167,2.1671750284246625,-1.791269115518113,"[0.5151778522755684, 0.3439912412935118]",pupil.1,1,3d c++
"{'center': [0.5695738188533244, 4.580144537341603, 74.82440494838397], 'normal': [-0.1808775164691723, 0.5626326048696276, -0.8066770580434042], 'radius': 2.939185328543153}",0.8368340339727193,374.715967,5.878370657086306,"{'center': [Decimal('164.86173319157456'), Decimal('157.53741862866218')], 'axes': [37.69088674995129, 48.73600995875262], 'angle': -73.87256171212384}","[Decimal('164.86173319157456'), Decimal('157.53741862866218')]",48.73600995875262,"{'center': [2.740104016483392, Decimal('-2.1714467210939294'), 84.50452964490482], 'radius': 12.0}","{'center': [180.103827538695, Decimal('104.06834553442886')], 'axes': [176.0852354604779, 176.0852354604779], 'angle': 90.0}",0.9664364045091745,1,244.457167,2.1683631359669517,-1.7913734074709495,"[0.5151929162236705, Decimal('0.34359408904724087')]",pupil.1,1,3d c++
"{'center': [0.579784950645672, 4.563961225405851, 74.81085638199743], 'normal': [-0.18002658881981, 0.5612839955416484, -0.8078061052422827], 'radius': Decimal('2.9255870996191646')}",0.8889659716496271,374.724367,5.851174199238329,"{'center': [Decimal('164.94552443921717'), Decimal('157.41410497485467')], 'axes': [37.58823722078598, 48.51916621025571], 'angle': -73.9205018232731}","[Decimal('164.94552443921717'), Decimal('157.41410497485467')]",48.51916621025571,"{'center': [2.740104016483392, Decimal('-2.1714467210939294'), 84.50452964490482], 'radius': 12.0}","{'center': [180.103827538695, Decimal('104.06834553442886')], 'axes': [176.0852354604779, 176.0852354604779], 'angle': 90.0}",0.9664126763912484,1,244.457167,2.16673273723629,-1.7900716817745859,"[0.5154547638725536, Decimal('0.34410789593810553')]",pupil.1,1,3d c++
"{'center': [0.5625172180750813, 4.571623326333757, 74.82005123505324], 'normal': [-0.1814655665340259, 0.5619225039523071, -0.8070398674876318], 'radius': Decimal('2.9386342724683834')}",0.8834221717367439,374.732767,5.877268544936767,"{'center': [164.8039773787168, 157.4694049920876], 'axes': [37.70821477803055, 48.72962915728094], 'angle': -73.7964747376316}","[164.8039773787168, 157.4694049920876]",48.72962915728094,"{'center': [2.740104016483392, Decimal('-2.1714467210939294'), 84.50452964490482], 'radius': 12.0}","{'center': [180.103827538695, Decimal('104.06834553442886')], 'axes': [176.0852354604779, 176.0852354604779], 'angle': 90.0}",0.9664139864874244,1,244.457167,2.167504435695023,-1.7919711207260747,"[0.51501242930849, Decimal('0.34387747919963507')]",pupil.1,1,3d c++
"{'center': [0.5604007186423603, 4.566957176852002, 74.81727996083411], 'normal': [Decimal('-0.18164194148675264'), 0.5615336581621609, -0.8072708070058923], 'radius': Decimal('2.9258411552328756')}",0.8830648274864725,374.741167,5.851682310465751,"{'center': [Decimal('164.78554423214356'), 157.4358385581109], 'axes': [37.55907354634184, Decimal('48.519139895834705')], 'angle': -73.76896721404017}","[Decimal('164.78554423214356'), 157.4358385581109]",48.519139895834705,"{'center': [2.740104016483392, Decimal('-2.1714467210939294'), 84.50452964490482], 'radius': 12.0}","{'center': [180.103827538695, Decimal('104.06834553442886')], 'axes': [176.0852354604779, 176.0852354604779], 'angle': 90.0}",0.9662613785224594,1,244.457167,2.1670344302615376,-1.7921178551293162,"[0.5149548257254486, 0.3440173393412046]",pupil.1,1,3d c++
"{'center': [0.5664476899089195, Decimal('4.5696679363554455'), 74.81780721938524], 'normal': [Decimal('-0.18113802721453937'), 0.5617595547874479, -0.8072268687932985], 'radius': 2.943408366897552}",0.8750580169662651,374.749567,5.886816733795104,"{'center': [Decimal('164.83695505912667'), Decimal('157.45296655198354')], 'axes': [37.78126565477635, Decimal('48.810310656256036')], 'angle': -73.82421565231736}","[Decimal('164.83695505912667'), Decimal('157.45296655198354')]",48.810310656256036,"{'center': [2.740104016483392, Decimal('-2.1714467210939294'), 84.50452964490482], 'radius': 12.0}","{'center': [180.103827538695, Decimal('104.06834553442886')], 'axes': [176.0852354604779, 176.0852354604779], 'angle': 90.0}",0.9661721078345509,1,244.457167,2.167307457627206,-1.7915352643822322,"[0.5151154845597709, Decimal('0.34394597270006855')]",pupil.1,1,3d c++
"{'center': [0.5651369145285576, 4.569023883853559, 74.81765325830563], 'normal': [Decimal('-0.18124725849623619'), 0.561705883745624, -0.8072396988832661], 'radius': 2.95244817890978}",0.8131783724311845,374.757967,5.90489635781956,"{'center': [Decimal('164.82706422179993'), Decimal('157.44518237832142')], 'axes': [37.89841563595759, 48.96039001024931], 'angle': -73.81213724143385}","[Decimal('164.82706422179993'), Decimal('157.44518237832142')]",48.96039001024931,"{'center': [2.740104016483392, Decimal('-2.1714467210939294'), 84.50452964490482], 'radius': 12.0}","{'center': [180.103827538695, Decimal('104.06834553442886')], 'axes': [176.0852354604779, 176.0852354604779], 'angle': 90.0}",0.9661543184802057,1,244.457167,2.167242584154489,-1.7916606929920293,"[0.5150845756931248, 0.3439784067569941]",pupil.1,1,3d c++
"{'center': [0.5682306436653048, 4.565208039537657, 74.8143052569712], 'normal': [-0.1809894477348406, 0.5613878967192988, -0.8075186989944688], 'radius': Decimal('2.9526537155592623')}",0.8805809560633188,374.766367,5.9053074311185245,"{'center': [164.8528033636216, 157.4152127736816], 'axes': [37.91892732891898, 48.96598726739617], 'angle': -73.82899345239635}","[164.8528033636216, 157.4152127736816]",48.96598726739617,"{'center': [2.740104016483392, Decimal('-2.1714467210939294'), 84.50452964490482], 'radius': 12.0}","{'center': [180.103827538695, Decimal('104.06834553442886')], 'axes': [176.0852354604779, 176.0852354604779], 'angle': 90.0}",0.9664560566989278,1,244.457167,2.166858284215494,-1.7912828686879594,"[0.5151650105113175, Decimal('0.34410328010966007')]",pupil.1,1,3d c++
"{'center': [0.5617819048640151, 4.560141621734273, 74.8122321277663], 'normal': [-0.1815268426349481, 0.5609656952356835, -0.8076914597615434], 'radius': Decimal('2.9572305747752567')}",0.9825499768011794,374.774767,5.9144611495505135,"{'center': [Decimal('164.80036471603387'), 157.3731523238485], 'axes': [37.98982456423298, 49.04323399018336], 'angle': -73.76527935829904}","[Decimal('164.80036471603387'), 157.3731523238485]",49.04323399018336,"{'center': [2.740104016483392, Decimal('-2.1714467210939294'), 84.50452964490482], 'radius': 12.0}","{'center': [180.103827538695, Decimal('104.06834553442886')], 'axes': [176.0852354604779, 176.0852354604779], 'angle': 90.0}",0.9664602498441477,1,244.457167,2.166348191724459,-1.7918706661326305,"[0.5150011397376059, Decimal('0.34427853198396463')]",pupil.1,1,3d c++
"{'center': [0.5772460039486176, 4.570123565921795, 74.81570746247002], 'normal': [Decimal('-0.18023816771123122'), 0.5617975239179771, -0.8074018485362342], 'radius': Decimal('2.9311793593316446')}",0.8815431319657757,374.783167,5.862358718663289,"{'center': [Decimal('164.92477916096897'), Decimal('157.46108822602662')], 'axes': [37.63423181883466, 48.60882576124968], 'angle': -73.91322080834337}","[Decimal('164.92477916096897'), Decimal('157.46108822602662')]",48.60882576124968,"{'center': [2.740104016483392, Decimal('-2.1714467210939294'), 84.50452964490482], 'radius': 12.0}","{'center': [180.103827538695, Decimal('104.06834553442886')], 'axes': [176.0852354604779, 176.0852354604779], 'angle': 90.0}",0.9663877106706908,1,244.457167,2.167353353549947,-1.7904276065606046,"[0.515389934878028, 0.3439121323915557]",pupil.1,1,3d c++
"{'center': [0.5739434622295629, 4.575851055930141, 74.82043334419814], 'normal': [Decimal('-0.18051337952115243'), 0.5622748147520058, -0.8070080250588899], 'radius': Decimal('2.9167704704697677')}",0.7894894972469652,374.791567,5.833540940939535,"{'center': [Decimal('164.89584058490186'), Decimal('157.51015347945585')], 'axes': [Decimal('37.423997340585736'), Decimal('48.366707461497576')], 'angle': -73.89875440773163}","[Decimal('164.89584058490186'), Decimal('157.51015347945585')]",48.366707461497576,"{'center': [2.740104016483392, Decimal('-2.1714467210939294'), 84.50452964490482], 'radius': 12.0}","{'center': [180.103827538695, Decimal('104.06834553442886')], 'axes': [176.0852354604779, 176.0852354604779], 'angle': 90.0}",0.9663722814507225,1,244.457167,2.1679304101900976,-1.7908561725975565,"[0.5152995018278184, 0.3437076938356006]",pupil.1,1,3d c++
"{'center': [0.5707167978138785, 4.55968069957008, 74.80990831438044], 'normal': [Decimal('-0.18078226822245946'), 0.5609272850553341, -0.8078851108770322], 'radius': Decimal('2.9393969229282324')}",0.9193672257484992,374.799967,5.878793845856465,"{'center': [Decimal('164.87232251278763'), 157.3754233957008], 'axes': [37.77204617921789, 48.74887169215664], 'angle': -73.83714167489426}","[Decimal('164.87232251278763'), 157.3754233957008]",48.74887169215664,"{'center': [2.740104016483392, Decimal('-2.1714467210939294'), 84.50452964490482], 'radius': 12.0}","{'center': [180.103827538695, Decimal('104.06834553442886')], 'axes': [176.0852354604779, 176.0852354604779], 'angle': 90.0}",0.9664074392972566,1,244.457167,2.1663017943279206,-1.7909418712892309,"[0.5152260078524613, 0.34426906918458]",pupil.1,1,3d c++
"{'center': [0.5708971542133234, 4.56372796458799, 74.81267927761014], 'normal': [Decimal('-0.18076723852250573'), 0.5612645571401599, -0.8076541972745561], 'radius': Decimal('2.9462396204351595')}",0.7729018728946339,374.808367,5.892479240870319,"{'center': [Decimal('164.87424725400317'), 157.4055677450292], 'axes': [Decimal('37.844992604951976'), Decimal('48.860627310143926')], 'angle': -73.84749103171988}","[Decimal('164.87424725400317'), 157.4055677450292]",48.860627310143926,"{'center': [2.740104016483392, Decimal('-2.1714467210939294'), 84.50452964490482], 'radius': 12.0}","{'center': [180.103827538695, Decimal('104.06834553442886')], 'axes': [176.0852354604779, 176.0852354604779], 'angle': 90.0}",0.9664692961822374,1,244.457167,2.1667092504067216,-1.79098507627091,"[0.5152320226687599, 0.344143467729045]",pupil.1,1,3d c++
"{'center': [0.5585867466390306, 4.570643113218869, 74.82025336490192], 'normal': [Decimal('-0.18179310582036345'), 0.5618408195260666, -0.8070230233335751], 'radius': 2.950307443715378}",0.8723662039731408,374.816767,5.900614887430756,"{'center': [Decimal('164.77276476862258'), 157.4579581728508], 'axes': [Decimal('37.857521448719794'), 48.9231481413006], 'angle': -73.76233330999526}","[Decimal('164.77276476862258'), 157.4579581728508]",48.9231481413006,"{'center': [2.740104016483392, Decimal('-2.1714467210939294'), 84.50452964490482], 'radius': 12.0}","{'center': [180.103827538695, Decimal('104.06834553442886')], 'axes': [176.0852354604779, 176.0852354604779], 'angle': 90.0}",0.9666804248106065,1,244.457167,2.1674056897013383,-1.792361882385202,"[0.5149148899019456, 0.3439251742797883]",pupil.1,1,3d c++
"{'center': [0.5771403353956486, 4.572670187307878, 74.81750351506992], 'normal': [Decimal('-0.18024697342397863'), 0.5620097423668173, -0.807252177486242], 'radius': 2.922758723950336}",0.9676715220490766,374.825167,5.845517447900672,"{'center': [164.9229543054533, Decimal('157.48360721853913')], 'axes': [37.5163337867792, 48.46795690874614], 'angle': -73.9178913562691}","[164.9229543054533, Decimal('157.48360721853913')]",48.46795690874614,"{'center': [2.740104016483392, Decimal('-2.1714467210939294'), 84.50452964490482], 'radius': 12.0}","{'center': [180.103827538695, Decimal('104.06834553442886')], 'axes': [176.0852354604779, 176.0852354604779], 'angle': 90.0}",0.9664771827888607,1,244.457167,2.1676099030633864,-1.7904774209164036,"[0.5153842322045415, 0.343818303256087]",pupil.1,1,3d c++
"{'center': [0.5664315062229646, 4.590089563519941, 74.83205452785292], 'normal': [Decimal('-0.18113937585503562'), 0.5634613570511559, -0.8060395930876585], 'radius': Decimal('2.9485055741610933')}",0.7968313689609562,374.833567,5.8970111483221865,"{'center': [164.8361760915571, 157.6131948182103], 'axes': [Decimal('37.769327506450665'), 48.88567311402277], 'angle': -73.86868415024713}","[164.8361760915571, 157.6131948182103]",48.88567311402277,"{'center': [2.740104016483392, Decimal('-2.1714467210939294'), 84.50452964490482], 'radius': 12.0}","{'center': [180.103827538695, Decimal('104.06834553442886')], 'axes': [176.0852354604779, 176.0852354604779], 'angle': 90.0}",0.9665054399286777,1,244.457167,2.1693659521642834,-1.7918515182758399,"[0.5151130502861159, Decimal('0.34327835492412373')]",pupil.1,1,3d c++
"{'center': [0.5781616850856386, 4.576159872733564, 74.81970591854582], 'normal': [-0.1801618609498128, 0.5623005494856245, -0.8070686438632498], 'radius': 2.912773856288519}",0.9107924564832177,374.841967,5.825547712577038,"{'center': [Decimal('164.93022234794776'), Decimal('157.51413467651886')], 'axes': [Decimal('37.376087051570174'), 48.30088999502751], 'angle': -73.93379093138917}","[Decimal('164.93022234794776'), Decimal('157.51413467651886')]",48.30088999502751,"{'center': [2.740104016483392, Decimal('-2.1714467210939294'), 84.50452964490482], 'radius': 12.0}","{'center': [180.103827538695, Decimal('104.06834553442886')], 'axes': [176.0852354604779, 176.0852354604779], 'angle': 90.0}",0.9663020845705916,1,244.457167,2.167961530562742,-1.7904253349354473,"[0.5154069448373367, Decimal('0.34369110551450477')]",pupil.1,1,3d c++
"{'center': [0.5516026554340767, 4.599819482979306, 74.84221026567393], 'normal': [Decimal('-0.18237511342077628'), 0.5642721836727697, -0.8051932816025746], 'radius': 2.923679798922202}",0.8614897165682859,374.850367,5.847359597844404,"{'center': [Decimal('164.71099600704406'), 157.6956927053759], 'axes': [Decimal('37.397971757829865'), Decimal('48.467245197677016')], 'angle': -73.76951543965222}","[Decimal('164.71099600704406'), 157.6956927053759]",48.467245197677016,"{'center': [2.740104016483392, Decimal('-2.1714467210939294'), 84.50452964490482], 'radius': 12.0}","{'center': [180.103827538695, Decimal('104.06834553442886')], 'axes': [176.0852354604779, 176.0852354604779], 'angle': 90.0}",0.9661645008508302,1,244.457167,2.1703477421015993,-1.7935366551872338,"[0.5147218625220127, Decimal('0.34293461372760037')]",pupil.1,1,3d c++
"{'center': [0.5721713921429217, 4.581330142345113, 74.82464985386802], 'normal': [Decimal('-0.18066105202837252'), 0.5627314052865868, -0.8066566492530666], 'radius': 2.942505045114175}",0.8848147034773551,374.858767,5.88501009022835,"{'center': [Decimal('164.88340281523577'), Decimal('157.54612666034876')], 'axes': [37.73187423088087, 48.79094364754403], 'angle': -73.89629263603321}","[Decimal('164.88340281523577'), Decimal('157.54612666034876')]",48.79094364754403,"{'center': [2.740104016483392, Decimal('-2.1714467210939294'), 84.50452964490482], 'radius': 12.0}","{'center': [180.103827538695, Decimal('104.06834553442886')], 'axes': [176.0852354604779, 176.0852354604779], 'angle': 90.0}",0.9660190261549628,1,244.457167,2.1684826516226154,-1.7911232930856769,"[0.5152606337976118, 0.3435578055818802]",pupil.1,1,3d c++
"{'center': [0.5685975581593845, 4.591469151665001, 74.83253250887121], 'normal': [Decimal('-0.18095887152700063'), 0.5635763227299109, -0.8059997613361345], 'radius': 2.933342719528903}",0.8998438292119733,374.867167,5.866685439057806,"{'center': [Decimal('164.85248549246134'), 157.6286072448244], 'axes': [37.57205332687492, 48.63384589980808], 'angle': -73.88926420935842}","[Decimal('164.85248549246134'), 157.6286072448244]",48.63384589980808,"{'center': [2.740104016483392, Decimal('-2.1714467210939294'), 84.50452964490482], 'radius': 12.0}","{'center': [180.103827538695, Decimal('104.06834553442886')], 'axes': [176.0852354604779, 176.0852354604779], 'angle': 90.0}",0.9660079940661537,1,244.457167,2.169505118405607,-1.7916488964801593,"[0.5151640171639417, 0.3432141364798984]",pupil.1,1,3d c++
"{'center': [0.5618225660194556, 4.586238102943231, 74.83039992996184], 'normal': [Decimal('-0.18152345420532803'), 0.5631404020030967, -0.8061774762452477], 'radius': Decimal('2.9521086101746703')}",0.9305542560471189,374.875567,5.904217220349341,"{'center': [Decimal('164.79875020602088'), Decimal('157.58123157447608')], 'axes': [37.82506800442288, Decimal('48.946485421402826')], 'angle': -73.82283345046972}","[Decimal('164.79875020602088'), Decimal('157.58123157447608')]",48.946485421402826,"{'center': [2.740104016483392, Decimal('-2.1714467210939294'), 84.50452964490482], 'radius': 12.0}","{'center': [180.103827538695, Decimal('104.06834553442886')], 'axes': [176.0852354604779, 176.0852354604779], 'angle': 90.0}",0.966029567273563,1,244.457167,2.168977505163518,-1.7922684065173538,"[0.5149960943938152, 0.3434115351063497]",pupil.1,1,3d c++
"{'center': [0.5503044456568369, 4.5902320042116, 74.83579246493358], 'normal': [-0.1824832975688796, 0.5634732271087941, -0.8057280983309376], 'radius': Decimal('2.9540314367949234')}",0.8219989062069377,374.883967,5.908062873589847,"{'center': [Decimal('164.70377787783593'), 157.6111424018], 'axes': [37.82171267762641, 48.97482042555222], 'angle': -73.73803199236279}","[Decimal('164.70377787783593'), 157.6111424018]",48.97482042555222,"{'center': [2.740104016483392, Decimal('-2.1714467210939294'), 84.50452964490482], 'radius': 12.0}","{'center': [180.103827538695, Decimal('104.06834553442886')], 'axes': [176.0852354604779, 176.0852354604779], 'angle': 90.0}",0.9658800670746426,1,244.457167,2.1693803202871447,-1.793521365759623,"[0.5146993058682373, 0.3432869066591666]",pupil.1,1,3d c++
"{'center': [0.5578856666446241, Decimal('4.5933448957415095'), 74.83625588717433], 'normal': [Decimal('-0.18185152915323066'), 0.5637326347362865, -0.8056894798108738], 'radius': 2.952014738470485}",0.7725871103438723,374.892367,5.90402947694097,"{'center': [164.7658955408112, Decimal('157.63710938915114')], 'axes': [Decimal('37.792464957130605'), Decimal('48.941114591195344')], 'angle': -73.80637785333397}","[164.7658955408112, Decimal('157.63710938915114')]",48.941114591195344,"{'center': [2.740104016483392, Decimal('-2.1714467210939294'), 84.50452964490482], 'radius': 12.0}","{'center': [180.103827538695, Decimal('104.06834553442886')], 'axes': [176.0852354604779, 176.0852354604779], 'angle': 90.0}",0.9656571093578981,1,244.457167,2.169694355678711,-1.792785694738733,"[0.514893423565035, 0.3431787108785369]",pupil.1,1,3d c++
"{'center': [0.5548150961628044, 4.584478891005899, 74.83075161052251], 'normal': [Decimal('-0.18210741002671565'), 0.5629938010083191, -0.8061481695318591], 'radius': Decimal('2.9354403416547106')}",0.8977808975373409,374.900767,5.870880683309421,"{'center': [Decimal('164.73946047601703'), 157.5713094409191], 'axes': [37.61017353249145, 48.66970331925798], 'angle': -73.76201156111932}","[Decimal('164.73946047601703'), 157.5713094409191]",48.66970331925798,"{'center': [2.740104016483392, Decimal('-2.1714467210939294'), 84.50452964490482], 'radius': 12.0}","{'center': [180.103827538695, Decimal('104.06834553442886')], 'axes': [176.0852354604779, 176.0852354604779], 'angle': 90.0}",0.9656110119463102,1,244.457167,2.1688001104250363,-1.7929655119280816,"[0.5148108139875532, 0.3434528773295038]",pupil.1,1,3d c++
"{'center': [0.5557267411123519, 4.571815552589056, 74.82171446402037], 'normal': [Decimal('-0.18203143961425336'), 0.5619385228069155, -0.8069012650737041], 'radius': 2.945426779612198}",0.7370779811081405,374.909167,5.890853559224396,"{'center': [164.7486455326542, Decimal('157.46833491030554')], 'axes': [37.78722256822692, 48.84120983595343], 'angle': -73.74162111394138}","[164.7486455326542, Decimal('157.46833491030554')]",48.84120983595343,"{'center': [2.740104016483392, Decimal('-2.1714467210939294'), 84.50452964490482], 'radius': 12.0}","{'center': [180.103827538695, Decimal('104.06834553442886')], 'axes': [176.0852354604779, 176.0852354604779], 'angle': 90.0}",0.9655453679651593,1,244.457167,2.167523801212349,-1.7926753150105634,"[0.5148395172895444, 0.3438819378737269]",pupil.1,1,3d c++
"{'center': [0.5655940307563467, Decimal('4.5651144624208655'), 74.81483152046692], 'normal': [-0.1812091654772538, 0.5613800986262328, -0.8074748437031574], 'radius': Decimal('2.9466653603954627')}",0.9935220873996817,374.917567,5.893330720790925,"{'center': [Decimal('164.83048718887028'), Decimal('157.41590304824427')], 'axes': [37.83938539453385, 48.86626779964589], 'angle': -73.8072799301448}","[Decimal('164.83048718887028'), Decimal('157.41590304824427')]",48.86626779964589,"{'center': [2.740104016483392, Decimal('-2.1714467210939294'), 84.50452964490482], 'radius': 12.0}","{'center': [180.103827538695, Decimal('104.06834553442886')], 'axes': [176.0852354604779, 176.0852354604779], 'angle': 90.0}",0.9648450046461643,1,244.457167,2.166848861169395,-1.7915535324422351,"[0.5150952724652196, 0.3441004039656489]",pupil.1,1,3d c++
"{'center': [0.5659169109996531, 4.588231705749118, 74.83087170201574], 'normal': [Decimal('-0.18118225879031158'), 0.563306535570254, -0.8061381619074233], 'radius': Decimal('2.9452359748093544')}",0.9840042286066565,374.925967,5.890471949618709,"{'center': [164.8317205904757, 157.5993632188729], 'axes': [Decimal('37.733879339082414'), Decimal('48.832194737802006')], 'angle': -73.86045081525279}","[164.8317205904757, 157.5993632188729]",48.832194737802006,"{'center': [2.740104016483392, Decimal('-2.1714467210939294'), 84.50452964490482], 'radius': 12.0}","{'center': [180.103827538695, Decimal('104.06834553442886')], 'axes': [176.0852354604779, 176.0852354604779], 'angle': 90.0}",0.9648530505949049,1,244.457167,2.169178561243693,-1.7918759992097757,"[0.5150991268452365, Decimal('0.34333598658802955')]",pupil.1,1,3d c++
"{'center': [0.5462923909276403, 4.559164649055795, 74.8150476600107], 'normal': [Decimal('-0.18281763546297933'), 0.5608842808458103, -0.8074568320745099], 'radius': Decimal('2.9171604974301513')}",0.9877846149610454,374.934367,5.8343209948603025,"{'center': [164.6687978872578, Decimal('157.37514107759944')], 'axes': [37.46114403237979, Decimal('48.376453508154725')], 'angle': -73.63679461068399}","[164.6687978872578, Decimal('157.37514107759944')]",48.376453508154725,"{'center': [2.740104016483392, Decimal('-2.1714467210939294'), 84.50452964490482], 'radius': 12.0}","{'center': [180.103827538695, Decimal('104.06834553442886')], 'axes': [176.0852354604779, 176.0852354604779], 'angle': 90.0}",0.9642995645885999,1,244.457167,2.166249849326109,-1.7934539931802551,"[0.5145899933976806, 0.3442702455100023]",pupil.1,1,3d c++
"{'center': [0.5440127396517584, 4.575741641886562, 74.82710063207891], 'normal': [Decimal('-0.18300760640263614'), 0.562265696915041, -0.8064524177354924], 'radius': 2.935696204464805}",0.8475856709704821,374.942767,5.87139240892961,"{'center': [Decimal('164.65091217698887'), Decimal('157.50098637693577')], 'axes': [37.63445301832182, Decimal('48.676230701314125')], 'angle': -73.65499057871534}","[Decimal('164.65091217698887'), Decimal('157.50098637693577')]",48.676230701314125,"{'center': [2.740104016483392, Decimal('-2.1714467210939294'), 84.50452964490482], 'radius': 12.0}","{'center': [180.103827538695, Decimal('104.06834553442886')], 'axes': [176.0852354604779, 176.0852354604779], 'angle': 90.0}",0.9645070861581617,1,244.457167,2.167919384374849,-1.7939462542757696,"[0.5145341005530902, 0.3437458900961009]",pupil.1,1,3d c++
"{'center': [0.5698488216682684, 4.585192144008831, 74.82786577578335], 'normal': [Decimal('-0.18085459956792696'), 0.5630532387585634, -0.8063886557601223], 'radius': 2.935330058050212}",0.966923697623111,374.951167,5.870660116100424,"{'center': [164.8633445104594, 157.5784898558898], 'axes': [Decimal('37.622637723436384'), Decimal('48.669823900143236')], 'angle': -73.88578801164971}","[164.8633445104594, 157.5784898558898]",48.669823900143236,"{'center': [2.740104016483392, Decimal('-2.1714467210939294'), 84.50452964490482], 'radius': 12.0}","{'center': [180.103827538695, Decimal('104.06834553442886')], 'axes': [176.0852354604779, 176.0852354604779], 'angle': 90.0}",0.9645493189544108,1,244.457167,2.1688720305735174,-1.7914227027984444,"[0.5151979515951857, 0.3434229589337925]",pupil.1,1,3d c++
"{'center': [0.5532475469820421, 4.577129778709697, 74.82597737671418], 'normal': [-0.1822380391251125, 0.5623813749836355, -0.8065460223492207], 'radius': Decimal('2.9342944417664976')}",0.9642381499925614,374.959567,5.868588883532995,"{'center': [Decimal('164.72683016118987'), Decimal('157.51329774986692')], 'axes': [37.62147693470731, 48.65375551719221], 'angle': -73.73312601683477}","[Decimal('164.72683016118987'), Decimal('157.51329774986692')]",48.65375551719221,"{'center': [2.740104016483392, Decimal('-2.1714467210939294'), 84.50452964490482], 'radius': 12.0}","{'center': [180.103827538695, Decimal('104.06834553442886')], 'axes': [176.0852354604779, 176.0852354604779], 'angle': 90.0}",0.9643031275144653,1,244.457167,2.1680592751077414,-1.7930135881702207,"[0.5147713442537183, 0.3436945927088878]",pupil.1,1,3d c++
"{'center': [0.5291998582981994, 4.570197764119834, 74.82660980444808], 'normal': [-0.1842420131820994, 0.561803707101147, -0.8064933200380617], 'radius': Decimal('2.9485310901310156')}",0.8552977986046006,374.967967,5.897062180262031,"{'center': [Decimal('164.53036262533274'), Decimal('157.45198493308072')], 'axes': [37.8035452778609, 48.88938432940801], 'angle': -73.52233746546706}","[Decimal('164.53036262533274'), Decimal('157.45198493308072')]",48.88938432940801,"{'center': [2.740104016483392, Decimal('-2.1714467210939294'), 84.50452964490482], 'radius': 12.0}","{'center': [180.103827538695, Decimal('104.06834553442886')], 'axes': [176.0852354604779, 176.0852354604779], 'angle': 90.0}",0.9643321577365693,1,244.457167,2.167360827727934,-1.7953904595798285,"[0.5141573832041648, Decimal('0.34395006277883033')]",pupil.1,1,3d c++
"{'center': [0.5399071191499698, 4.572833525596598, 74.82600612284504], 'normal': [Decimal('-0.18334974144445185'), 0.5620233538908773, -0.8065436268383146], 'radius': Decimal('2.9642527806469126')}",0.8940746790040941,374.976367,5.928505561293825,"{'center': [Decimal('164.62003277446357'), 157.4694816320482], 'axes': [Decimal('38.007393289299706'), 49.15066656641403], 'angle': -73.61522739170695}","[Decimal('164.62003277446357'), 157.4694816320482]",49.15066656641403,"{'center': [2.740104016483392, Decimal('-2.1714467210939294'), 84.50452964490482], 'radius': 12.0}","{'center': [180.103827538695, Decimal('104.06834553442886')], 'axes': [176.0852354604779, 176.0852354604779], 'angle': 90.0}",0.964384659453954,1,244.457167,2.1676263594730045,-1.7943252398606422,"[0.5144376024201986, Decimal('0.34387715986646583')]",pupil.1,1,3d c++
"{'center': [0.529472019784023, 4.573185735549625, 74.82862972810332], 'normal': [Decimal('-0.18421933305828075'), 0.5620527047202962, -0.8063249930667917], 'radius': 2.98019216347926}",0.8512594612797928,374.984767,5.96038432695852,"{'center': [Decimal('164.53558927547112'), Decimal('157.46668370124758')], 'axes': [Decimal('38.198797405529994'), Decimal('49.413326789283104')], 'angle': -73.53125774610933}","[Decimal('164.53558927547112'), Decimal('157.46668370124758')]",49.413326789283104,"{'center': [2.740104016483392, Decimal('-2.1714467210939294'), 84.50452964490482], 'radius': 12.0}","{'center': [180.103827538695, Decimal('104.06834553442886')], 'axes': [176.0852354604779, 176.0852354604779], 'angle': 90.0}",0.9643765785544156,1,244.457167,2.167661845418104,-1.7954090518775188,"[0.5141737164858473, 0.3438888179114684]",pupil.1,1,3d c++
"{'center': [0.5314062227457255, 4.570971987264064, 74.82664537110188], 'normal': [-0.1840581494781389, 0.5618682256964995, -0.806490356150246], 'radius': Decimal('2.9576068893672365')}",0.9023452674804529,374.993167,5.915213778734473,"{'center': [Decimal('164.54940534774488'), Decimal('157.45577191381392')], 'axes': [37.91958543835789, 49.03994241262003], 'angle': -73.54200147121263}","[Decimal('164.54940534774488'), Decimal('157.45577191381392')]",49.03994241262003,"{'center': [2.740104016483392, Decimal('-2.1714467210939294'), 84.50452964490482], 'radius': 12.0}","{'center': [180.103827538695, Decimal('104.06834553442886')], 'axes': [176.0852354604779, 176.0852354604779], 'angle': 90.0}",0.9643824006405843,1,244.457167,2.1674388195077285,-1.7951745746350918,"[0.5142168917117027, Decimal('0.34393428369244206')]",pupil.1,1,3d c++
"{'center': [0.5138123352619397, 4.565210535486742, 74.82666446928457], 'normal': [Decimal('-0.18552430676845438'), 0.5613881047150558, -0.8064887646350207], 'radius': 2.950275659626025}",0.7895874662637726,375.001567,5.90055131925205,"{'center': [Decimal('164.40396056391972'), Decimal('157.41044573943776')], 'axes': [37.82741081046685, 48.91819578032626], 'angle': -73.38620233797212}","[Decimal('164.40396056391972'), Decimal('157.41044573943776')]",48.91819578032626,"{'center': [2.740104016483392, Decimal('-2.1714467210939294'), 84.50452964490482], 'radius': 12.0}","{'center': [180.103827538695, Decimal('104.06834553442886')], 'axes': [176.0852354604779, 176.0852354604779], 'angle': 90.0}",0.9646665788569653,1,244.457167,2.166858535553869,-1.7969022706399758,"[0.5137623767622491, 0.3441231427523427]",pupil.1,1,3d c++
"{'center': [0.50520692784076, 4.565364712241518, 74.8287554270524], 'normal': [Decimal('-0.18624142405355265'), 0.5614009527779539, -0.8063145181543679], 'radius': Decimal('2.9737411830317337')}",0.8887608096564776,375.009967,5.9474823660634675,"{'center': [Decimal('164.33537241244122'), Decimal('157.40414399721462')], 'axes': [38.11814455612159, 49.30607282270169], 'angle': -73.316746864041}","[Decimal('164.33537241244122'), Decimal('157.40414399721462')]",49.30607282270169,"{'center': [2.740104016483392, Decimal('-2.1714467210939294'), 84.50452964490482], 'radius': 12.0}","{'center': [180.103827538695, Decimal('104.06834553442886')], 'axes': [176.0852354604779, 176.0852354604779], 'angle': 90.0}",0.9647164790417495,1,244.457167,2.1668740610077335,-1.7977939788863602,"[0.5135480387888788, Decimal('0.34414940001160577')]",pupil.1,1,3d c++
"{'center': [0.5432082798357669, 4.583774581938178, 74.8328889221856], 'normal': [Decimal('-0.18307464472063542'), 0.5629351085860089, -0.8059700602266014], 'radius': Decimal('2.9433689743474893')}",0.9906741940025146,375.018367,5.886737948694979,"{'center': [164.6445957973508, Decimal('157.56233358959315')], 'axes': [Decimal('37.701614651771884'), Decimal('48.799780684356335')], 'angle': -73.66620792584496}","[164.6445957973508, Decimal('157.56233358959315')]",48.799780684356335,"{'center': [2.740104016483392, Decimal('-2.1714467210939294'), 84.50452964490482], 'radius': 12.0}","{'center': [180.103827538695, Decimal('104.06834553442886')], 'axes': [176.0852354604779, 176.0852354604779], 'angle': 90.0}",0.9647912152950466,1,244.457167,2.168729095586658,-1.7941545093657085,"[0.5145143618667213, 0.3434902767100285]",pupil.1,1,3d c++
"{'center': [0.5279404727091048, 4.570012811825235, 74.82676875606234], 'normal': [-0.1843469619811906, 0.5617882944099303, -0.8064800740702073], 'radius': 2.978512715209696}",0.9439001275713036,375.026767,5.957025430419392,"{'center': [Decimal('164.52296862559476'), Decimal('157.44188877236058')], 'axes': [Decimal('38.187641544198094'), 49.38667036461592], 'angle': -73.51174074789876}","[Decimal('164.52296862559476'), Decimal('157.44188877236058')]",49.38667036461592,"{'center': [2.740104016483392, Decimal('-2.1714467210939294'), 84.50452964490482], 'radius': 12.0}","{'center': [180.103827538695, Decimal('104.06834553442886')], 'axes': [176.0852354604779, 176.0852354604779], 'angle': 90.0}",0.9648032559470776,1,244.457167,2.1673421970715445,-1.7955176992726722,"[0.5141342769549836, 0.3439921301151643]",pupil.1,1,3d c++
"{'center': [0.5158564651616402, 4.555383913505427, 74.81936199308512], 'normal': [-0.185353962610146, 0.5605692195499463, -0.8070973043183087], 'radius': Decimal('2.9382008201186713')}",0.8322054477547984,375.035167,5.876401640237343,"{'center': [Decimal('164.42012432778768'), Decimal('157.33623495754458')], 'axes': [Decimal('37.711744318471666'), 48.72259246606504], 'angle': -73.38065657238171}","[Decimal('164.42012432778768'), Decimal('157.33623495754458')]",48.72259246606504,"{'center': [2.740104016483392, Decimal('-2.1714467210939294'), 84.50452964490482], 'radius': 12.0}","{'center': [180.103827538695, Decimal('104.06834553442886')], 'axes': [176.0852354604779, 176.0852354604779], 'angle': 90.0}",0.9648017641267437,1,244.457167,2.1658693409287078,-1.7965370603645492,"[0.5138128885243365, Decimal('0.34443235434356423')]",pupil.1,1,3d c++
"{'center': [0.5180898936680496, Decimal('4.5721638137340115'), 74.83052477656994], 'normal': [-0.1851678435679452, 0.561967544568995, -0.8061670723612393], 'radius': Decimal('2.9667857109015943')}",0.7870240750276317,375.043567,5.9335714218031885,"{'center': [Decimal('164.44049779083434'), Decimal('157.46125806839805')], 'axes': [38.0177264660603, Decimal('49.189613930091284')], 'angle': -73.43656091069239}","[Decimal('164.44049779083434'), Decimal('157.46125806839805')]",49.189613930091284,"{'center': [2.740104016483392, Decimal('-2.1714467210939294'), 84.50452964490482], 'radius': 12.0}","{'center': [180.103827538695, Decimal('104.06834553442886')], 'axes': [176.0852354604779, 176.0852354604779], 'angle': 90.0}",0.9648253888284497,1,244.457167,2.167558886856436,-1.7965694789808417,"[0.5138765555963574, Decimal('0.34391142471500813')]",pupil.1,1,3d c++
"{'center': [0.5257103809615531, Decimal('4.5734217712251475'), 74.8296544597522], 'normal': [Decimal('-0.18453280296015323'), 0.5620723743599231, -0.8062395987627174], 'radius': Decimal('2.9518509634239773')}",0.941912013918281,375.051967,5.903701926847955,"{'center': [Decimal('164.50175658010423'), Decimal('157.47621913756072')], 'axes': [37.8299937538828, Decimal('48.942469176853116')], 'angle': -73.5011988663827}","[Decimal('164.50175658010423'), Decimal('157.47621913756072')]",48.942469176853116,"{'center': [2.740104016483392, Decimal('-2.1714467210939294'), 84.50452964490482], 'radius': 12.0}","{'center': [180.103827538695, Decimal('104.06834553442886')], 'axes': [176.0852354604779, 176.0852354604779], 'angle': 90.0}",0.964734194703265,1,244.457167,2.167685627022292,-1.7958015318029399,"[0.5140679893128257, Decimal('0.34384908692683036')]",pupil.1,1,3d c++
"{'center': [0.5478089453074211, 4.562774015213408, 74.81721250363265], 'normal': [Decimal('-0.18269125593133093'), 0.5611850613589449, -0.8072764284393483], 'radius': 2.959618120044206}",0.9743901891403531,375.060367,5.919236240088412,"{'center': [Decimal('164.68525835358412'), 157.391933993287], 'axes': [37.99496863395105, Decimal('49.079531557430734')], 'angle': -73.65721593710438}","[Decimal('164.68525835358412'), 157.391933993287]",49.079531557430734,"{'center': [2.740104016483392, Decimal('-2.1714467210939294'), 84.50452964490482], 'radius': 12.0}","{'center': [180.103827538695, Decimal('104.06834553442886')], 'axes': [176.0852354604779, 176.0852354604779], 'angle': 90.0}",0.9650284432796363,1,244.457167,2.1666132019639366,-1.7933532036103437,"[0.5146414323549504, 0.3442002750279708]",pupil.1,1,3d c++
"{'center': [0.5340584440889398, 4.559741618237394, 74.81822661056975], 'normal': [Decimal('-0.18383713103287103'), 0.5609323616109436, -0.8071919195279228], 'radius': 2.945642372586004}",0.9987923026838798,375.068767,5.891284745172008,"{'center': [164.5706868791549, Decimal('157.37049118639916')], 'axes': [37.81143357855526, Decimal('48.846904722384096')], 'angle': -73.53850707566089}","[164.5706868791549, Decimal('157.37049118639916')]",48.846904722384096,"{'center': [2.740104016483392, Decimal('-2.1714467210939294'), 84.50452964490482], 'radius': 12.0}","{'center': [180.103827538695, Decimal('104.06834553442886')], 'axes': [176.0852354604779, 176.0852354604779], 'angle': 90.0}",0.9645989181269687,1,244.457167,2.1663079264457195,-1.7947257361923128,"[0.514283396497359, 0.3442896200566702]",pupil.1,1,3d c++
"{'center': [0.5397945513525677, 4.559632133603664, 74.81684593260813], 'normal': [Decimal('-0.18335912209423538'), 0.560923237891466, -0.8073069760247245], 'radius': 2.948676234952227}",0.7857022459015915,375.077167,5.897352469904454,"{'center': [Decimal('164.61828064065892'), Decimal('157.36934418577246')], 'axes': [Decimal('37.857265051961186'), Decimal('48.898170170964484')], 'angle': -73.58496037232048}","[Decimal('164.61828064065892'), Decimal('157.36934418577246')]",48.898170170964484,"{'center': [2.740104016483392, Decimal('-2.1714467210939294'), 84.50452964490482], 'radius': 12.0}","{'center': [180.103827538695, Decimal('104.06834553442886')], 'axes': [176.0852354604779, 176.0852354604779], 'angle': 90.0}",0.9645717603904758,1,244.457167,2.16629690566032,-1.7941318926197465,"[0.5144321270020591, Decimal('0.34429439922594807')]",pupil.1,1,3d c++
"{'center': [0.5300561587365893, 4.559214831753959, 74.81877291001395], 'normal': [Decimal('-0.18417065481223358'), 0.5608884627373241, -0.8071463945742399], 'radius': Decimal('2.9504617920418856')}",0.8935727618732979,375.085567,5.900923584083771,"{'center': [Decimal('164.53819625604748'), Decimal('157.36455696314908')], 'axes': [37.87085397868691, 48.9264890896177], 'angle': -73.50477035808858}","[Decimal('164.53819625604748'), Decimal('157.36455696314908')]",48.9264890896177,"{'center': [2.740104016483392, Decimal('-2.1714467210939294'), 84.50452964490482], 'radius': 12.0}","{'center': [180.103827538695, Decimal('104.06834553442886')], 'axes': [176.0852354604779, 176.0852354604779], 'angle': 90.0}",0.9645758459372988,1,244.457167,2.166254900573741,-1.7951307481319128,"[0.5141818633001484, 0.3443143459868788]",pupil.1,1,3d c++
"{'center': [0.5477962870589503, 4.556283342021558, 74.8127065440967], 'normal': [Decimal('-0.18269231078537015'), 0.5606441719262906, -0.8076519250673435], 'radius': 2.930400932588518}",0.9637122545362181,375.093967,5.860801865177036,"{'center': [Decimal('164.68264306370307'), Decimal('157.34876337336436')], 'axes': [37.6438336609705, 48.59765603567592], 'angle': -73.64267530059304}","[Decimal('164.68264306370307'), Decimal('157.34876337336436')]",48.59765603567592,"{'center': [2.740104016483392, Decimal('-2.1714467210939294'), 84.50452964490482], 'radius': 12.0}","{'center': [180.103827538695, Decimal('104.06834553442886')], 'axes': [176.0852354604779, 176.0852354604779], 'angle': 90.0}",0.9645225962019999,1,244.457167,2.1659598541365215,-1.793254354912593,"[0.5146332595740721, Decimal('0.34438015261098187')]",pupil.1,1,3d c++
"{'center': [0.5332368340185072, 4.55604761735127, 74.81584773428627], 'normal': [-0.1839055985387404, 0.5606245282037666, -0.8073901592182132], 'radius': 2.942694417824028}",0.8293961424578322,375.102367,5.885388835648056,"{'center': [Decimal('164.56381989016197'), Decimal('157.34198206926666')], 'axes': [37.78655441383661, 48.79952291438902], 'angle': -73.52356284805728}","[Decimal('164.56381989016197'), Decimal('157.34198206926666')]",48.79952291438902,"{'center': [2.740104016483392, Decimal('-2.1714467210939294'), 84.50452964490482], 'radius': 12.0}","{'center': [180.103827538695, Decimal('104.06834553442886')], 'axes': [176.0852354604779, 176.0852354604779], 'angle': 90.0}",0.9644814754116826,1,244.457167,2.165936131652655,-1.794753193299193,"[0.5142619371567562, 0.3444084080447223]",pupil.1,1,3d c++
"{'center': [0.5372883474757217, 4.566506933522238, 74.82219605859315], 'normal': [Decimal('-0.18356797241730585'), 0.5614961378846806, -0.8068611321926388], 'radius': Decimal('2.9299714045131546')}",0.8939499480270952,375.110767,5.859942809026309,"{'center': [164.5954139989922, Decimal('157.42879877879972')], 'axes': [37.58824596692102, 48.58436696048036], 'angle': -73.57983419160173}","[164.5954139989922, Decimal('157.42879877879972')]",48.58436696048036,"{'center': [2.740104016483392, Decimal('-2.1714467210939294'), 84.50452964490482], 'radius': 12.0}","{'center': [180.103827538695, Decimal('104.06834553442886')], 'axes': [176.0852354604779, 176.0852354604779], 'angle': 90.0}",0.9643315375554184,1,244.457167,2.1669890867077917,-1.794497352406578,"[0.5143606687468506, Decimal('0.34404667175500114')]",pupil.1,1,3d c++
"{'center': [0.531993533307781, 4.550891377955594, 74.81255262387566], 'normal': [-0.1840092069313009, 0.5601948415874602, -0.8076647517524298], 'radius': Decimal('2.9591738111057007')}",0.8905178830187389,375.119167,5.918347622211401,"{'center': [Decimal('164.55547338874777'), 157.2963625929652], 'axes': [Decimal('38.016518561052955'), Decimal('49.075084265886574')], 'angle': -73.50192336803114}","[Decimal('164.55547338874777'), 157.2963625929652]",49.075084265886574,"{'center': [2.740104016483392, Decimal('-2.1714467210939294'), 84.50452964490482], 'radius': 12.0}","{'center': [180.103827538695, Decimal('104.06834553442886')], 'axes': [176.0852354604779, 176.0852354604779], 'angle': 90.0}",0.9643183869082805,1,244.457167,2.1654173215052706,-1.794801525877672,"[0.5142358543398368, Decimal('0.34459848919597824')]",pupil.1,1,3d c++
"{'center': [0.5457038855275007, Decimal('4.5724247747397335'), 74.8244054043311], 'normal': [-0.1828666775796576, 0.5619892913194718, -0.8066770200478103], 'radius': Decimal('2.9544375515071666')}",0.9997206161299493,375.127567,5.908875103014333,"{'center': [Decimal('164.66686996072065'), Decimal('157.46960917111383')], 'axes': [37.88945294403879, 48.98890279402949], 'angle': -73.66143502333011}","[Decimal('164.66686996072065'), Decimal('157.46960917111383')]",48.98890279402949,"{'center': [2.740104016483392, Decimal('-2.1714467210939294'), 84.50452964490482], 'radius': 12.0}","{'center': [180.103827538695, Decimal('104.06834553442886')], 'axes': [176.0852354604779, 176.0852354604779], 'angle': 90.0}",0.9643474544674069,1,244.457167,2.167585177977334,-1.793720006523838,"[0.514583968627252, 0.3438766284536924]",pupil.1,1,3d c++
"{'center': [0.5065616761013212, 4.571144103655811, 74.83246897596146], 'normal': [Decimal('-0.18612852836517257'), 0.5618825687291451, -0.8060050557452805], 'radius': Decimal('2.9803620855021045')}",0.8931216274350273,375.135967,5.960724171004209,"{'center': [Decimal('164.34690395742547'), 157.4481516251799], 'axes': [38.18255359178199, 49.41349456821204], 'angle': -73.34078711208362}","[Decimal('164.34690395742547'), 157.4481516251799]",49.41349456821204,"{'center': [2.740104016483392, Decimal('-2.1714467210939294'), 84.50452964490482], 'radius': 12.0}","{'center': [180.103827538695, Decimal('104.06834553442886')], 'axes': [176.0852354604779, 176.0852354604779], 'angle': 90.0}",0.9643580892475523,1,244.457167,2.167456158305215,-1.797745196033356,"[0.5135840748669546, 0.3439660348950838]",pupil.1,1,3d c++
"{'center': [0.5070126500420105, 4.565881378410998, 74.82869825795174], 'normal': [Decimal('-0.18609094720344846'), 0.5614440082920773, -0.8063192822460896], 'radius': Decimal('2.9706245055281135')}",0.7903201809644284,375.144367,5.941249011056227,"{'center': [Decimal('164.34991451289778'), 157.4093042974645], 'axes': [Decimal('38.078254403971435'), 49.25441672572381], 'angle': -73.33255885677826}","[Decimal('164.34991451289778'), 157.4093042974645]",49.25441672572381,"{'center': [2.740104016483392, Decimal('-2.1714467210939294'), 84.50452964490482], 'radius': 12.0}","{'center': [180.103827538695, Decimal('104.06834553442886')], 'axes': [176.0852354604779, 176.0852354604779], 'angle': 90.0}",0.9643615979702647,1,244.457167,2.166926089996163,-1.7976155062161716,"[0.5135934828528056, 0.3441278987605646]",pupil.1,1,3d c++
"{'center': [0.5256127529408561, 4.560564120182322, 74.82072571893478], 'normal': [Decimal('-0.18454093862854465'), 0.5610009034396876, -0.8069836604975036], 'radius': Decimal('2.9537849866650854')}",0.8743434677116403,375.152767,5.907569973330171,"{'center': [Decimal('164.50182427547847'), Decimal('157.37385619597597')], 'axes': [37.9034328761329, Decimal('48.980334160350885')], 'angle': -73.47165430957328}","[Decimal('164.50182427547847'), Decimal('157.37385619597597')]",48.980334160350885,"{'center': [2.740104016483392, Decimal('-2.1714467210939294'), 84.50452964490482], 'radius': 12.0}","{'center': [180.103827538695, Decimal('104.06834553442886')], 'axes': [176.0852354604779, 176.0852354604779], 'angle': 90.0}",0.9643232102815702,1,244.457167,2.16639072259018,-1.7956105736119423,"[0.5140682008608702, 0.3442755991834334]",pupil.1,1,3d c++
"{'center': [0.541257336551658, Decimal('4.5541780176687805'), 74.81272665725096], 'normal': [-0.1832372233276445, 0.5604687282302259, -0.8076502489711547], 'radius': 2.955587138586806}",0.9338134926021165,375.161167,5.911174277173612,"{'center': [Decimal('164.63131507191252'), Decimal('157.32433883771984')], 'axes': [Decimal('37.968371418238966'), 49.01551538598457], 'angle': -73.58473961980023}","[Decimal('164.63131507191252'), Decimal('157.32433883771984')]",49.01551538598457,"{'center': [2.740104016483392, Decimal('-2.1714467210939294'), 84.50452964490482], 'radius': 12.0}","{'center': [180.103827538695, Decimal('104.06834553442886')], 'axes': [176.0852354604779, 176.0852354604779], 'angle': 90.0}",0.964274058653436,1,244.457167,2.1657479953495873,-1.7938965553015644,"[0.5144728595997267, Decimal('0.34448192150950063')]",pupil.1,1,3d c++
