SaveFileName,FrameCount,UTC,TimeSinceStart,HeadPositionX,HeadPositionY,HeadPositionZ,HeadForwardVectorX,HeadForwardVectorY,HeadForwardVectorZ,HeadAngleX,HeadAngleY,HeadAngleZ,HeadQuaternionX,HeadQuaternionY,HeadQuaternionZ,HeadQuaternionW,TargetPositionX,TargetPositionY,TargetPositionZ,AngleDifference,OverTarget
T0_EU_PS_B3_C0_P2420705_S5_0814131305.csv,73270,1565758417274,2440.198,-0.0122978,0.0119588,-0.1572242,0.004126939,0.003870838,0.999984,359.7782,0.2364586,359.1495,-0.001950681,0.002049064,-0.007418002,0.9999685,0,1.5,10,8.1145,0
T0_EU_PS_B3_C0_P2420705_S5_0814131305.csv,73271,1565758417308,2440.231,-0.01204892,0.01210791,-0.1576236,0.004720435,0.005492809,0.9999738,359.6853,0.2704661,359.232,-0.002762164,0.002341792,-0.006695448,0.999971,0,0.3,1.842776,7.875119,0
T0_EU_PS_B3_C0_P2420705_S5_0814131305.csv,73272,1565758417343,2440.266,-0.01187302,0.01187292,-0.1581851,0.004768278,0.003934009,0.9999809,359.7746,0.2732054,359.299,-0.001981552,0.002372081,-0.006113178,0.9999766,0,0.3,1.842376,7.97031,0
T0_EU_PS_B3_C0_P2420705_S5_0814131305.csv,73273,1565758417373,2440.297,-0.01174944,0.01172608,-0.158791,0.00473562,0.002929992,0.9999845,359.8321,0.2713332,359.3161,-0.001479099,0.002359039,-0.005964649,0.9999784,0,0.3,1.841815,8.031747,0
T0_EU_PS_B3_C0_P2420705_S5_0814131305.csv,73274,1565758417409,2440.333,-0.01161771,0.01177712,-0.1592793,0.003167647,0.003866242,0.9999875,359.7785,0.1814945,359.3458,-0.001942133,0.001572773,-0.005705774,0.9999806,0,0.3,1.841209,7.978311,0
T0_EU_PS_B3_C0_P2420705_S5_0814131305.csv,73275,1565758417442,2440.366,-0.01153919,0.01167104,-0.1598154,0.002436938,0.003536386,0.9999908,359.7974,0.1396272,359.3354,-0.001775231,0.0012082,-0.005797664,0.9999809,0,0.3,1.840721,8.000841,0
T0_EU_PS_B3_C0_P2420705_S5_0814131305.csv,73276,1565758417474,2440.398,-0.01137874,0.01138328,-0.1603256,0.0030437,0.001842923,0.9999937,359.8944,0.1743917,359.3427,-0.0009301747,0.001516543,-0.005734368,0.999982,0,0.3,1.840185,8.105179,0
T0_EU_PS_B3_C0_P2420705_S5_0814131305.csv,73277,1565758417508,2440.432,-0.01118402,0.01117234,-0.1606832,0.004155875,0.001441698,0.9999903,359.9174,0.238115,359.3853,-0.0007319829,0.002074047,-0.005362352,0.9999832,0,0.3,1.839674,8.133736,0
T0_EU_PS_B3_C0_P2420705_S5_0814131305.csv,73278,1565758417543,2440.467,-0.01121802,0.01115277,-0.1609513,0.004046842,0.00200832,0.9999898,359.8849,0.2318681,359.2535,-0.001017319,0.002016844,-0.006512498,0.9999763,0,0.3,1.839317,8.102248,0
T0_EU_PS_B3_C0_P2420705_S5_0814131305.csv,73279,1565758417575,2440.499,-0.01145733,0.01111434,-0.1613628,0.002538277,-0.0004123148,0.9999967,0.0236239,0.1454327,359.2187,0.0001974995,0.001270515,-0.006818233,0.9999759,0,0.3,1.839049,8.242907,0
T0_EU_PS_B3_C0_P2420705_S5_0814131305.csv,73280,1565758417608,2440.531,-0.01179046,0.01158508,-0.1616343,0.0002495631,0.004701263,0.9999889,359.7306,0.01429907,359.3994,-0.00235126,0.0001124617,-0.005240461,0.9999835,0,0.3,1.838637,7.941813,0
T0_EU_PS_B3_C0_P2420705_S5_0814131305.csv,73281,1565758417641,2440.565,-0.01221655,0.01274473,-0.1618953,-0.003453493,0.0171283,0.9998474,359.0186,359.8021,359.5323,-0.008557333,-0.001761878,-0.004095863,0.9999534,0,0.3,1.838366,7.211398,0
T0_EU_PS_B3_C0_P2420705_S5_0814131305.csv,73282,1565758417675,2440.599,-0.01271596,0.01430216,-0.1619467,-0.01038109,0.03399477,0.9993681,358.0519,359.4048,359.5427,-0.01697875,-0.005260673,-0.004078773,0.9998337,0,0.3,1.838105,6.254481,0
T0_EU_PS_B3_C0_P2420705_S5_0814131305.csv,73283,1565758417708,2440.632,-0.01291029,0.01637501,-0.1622361,-0.0151017,0.05483713,0.9983811,356.8565,359.1334,359.5434,-0.02739776,-0.007668829,-0.00419047,0.9995864,0,0.3,1.838053,5.077866,0
T0_EU_PS_B3_C0_P2420705_S5_0814131305.csv,73284,1565758417741,2440.665,-0.01277186,0.01823359,-0.1626379,-0.01542757,0.07311384,0.9972042,355.8072,359.1136,359.6,-0.03655311,-0.007857171,-0.003770937,0.9992937,0,0.3,1.837764,4.022143,0
T0_EU_PS_B3_C0_P2420705_S5_0814131305.csv,73285,1565758417775,2440.699,-0.01238273,0.02002246,-0.1631087,-0.01320643,0.09316866,0.9955627,354.6541,359.24,359.6488,-0.04661352,-0.006767883,-0.003370641,0.9988844,0,0.3,1.837362,2.845169,0
T0_EU_PS_B3_C0_P2420705_S5_0814131305.csv,73286,1565758417807,2440.731,-0.01176528,0.02093332,-0.1636714,-0.009643325,0.1027782,0.9946576,354.1008,359.4445,359.6694,-0.05144248,-0.00498938,-0.003130179,0.9986586,0,0.3,1.836891,2.225631,0
T0_EU_PS_B3_C0_P2420705_S5_0814131305.csv,73287,1565758417842,2440.765,-0.01114564,0.02167181,-0.1639866,-0.007194175,0.1108827,0.9938074,353.6338,359.5852,359.7011,-0.05551704,-0.003758651,-0.002805001,0.9984468,0,0.3,1.836329,1.717144,0
T0_EU_PS_B3_C0_P2420705_S5_0814131305.csv,73288,1565758417875,2440.799,-0.01053729,0.02196517,-0.164191,-0.004570249,0.1139391,0.9934772,353.4576,359.7364,359.6152,-0.05705436,-0.002487981,-0.00348405,0.9983619,0,0.3,1.836013,1.481341,0
T0_EU_PS_B3_C0_P2420705_S5_0814131305.csv,73289,1565758417907,2440.831,-0.009901792,0.02201549,-0.1641104,-0.001714055,0.1153772,0.9933203,353.3746,359.9011,359.534,-0.05778114,-0.001096344,-0.004109892,0.9983202,0,0.3,1.835809,1.342609,0
T0_EU_PS_B3_C0_P2420705_S5_0814131305.csv,73290,1565758417943,2440.867,-0.009259986,0.02187172,-0.1637889,0.0003699262,0.1136136,0.993525,353.4763,0.02133334,359.4634,-0.05689921,-8.058305E-05,-0.004664647,0.998369,0,0.3,1.83589,1.415269,0
T0_EU_PS_B3_C0_P2420705_S5_0814131305.csv,73291,1565758417973,2440.897,-0.008763729,0.0216975,-0.1635402,0.001657731,0.1111176,0.9938059,353.6203,0.09557287,359.4398,-0.05564839,0.0005607007,-0.004834643,0.9984386,0,0.3,1.836211,1.55066,0
T0_EU_PS_B3_C0_P2420705_S5_0814131305.csv,73292,1565758418010,2440.933,-0.00835388,0.02142629,-0.1632833,0.001746525,0.1059219,0.9943729,353.9197,0.1006347,359.4363,-0.05303925,0.0006160543,-0.004865882,0.9985804,0,0.3,1.83646,1.855302,0
T0_EU_PS_B3_C0_P2420705_S5_0814131305.csv,73293,1565758418040,2440.963,-0.007951485,0.02113857,-0.1631396,0.002567691,0.1035412,0.9946219,354.0569,0.147913,359.4269,-0.05184605,0.001029756,-0.004927814,0.9986424,0,0.3,1.836717,1.99655,0
T0_EU_PS_B3_C0_P2420705_S5_0814131305.csv,73294,1565758418074,2440.998,-0.007681143,0.0209123,-0.1629805,0.002694383,0.1021407,0.9947663,354.1375,0.1551886,359.4364,-0.05114324,0.001100988,-0.004842445,0.998679,0,0.3,1.83686,2.083187,0
T0_EU_PS_B3_C0_P2420705_S5_0814131305.csv,73295,1565758418107,2441.031,-0.007369705,0.02131173,-0.162679,0.003474554,0.1061212,0.9943472,353.9082,0.2002082,359.4333,-0.05314356,0.001481892,-0.004845331,0.9985741,0,0.3,1.837019,1.842069,0
T0_EU_PS_B3_C0_P2420705_S5_0814131305.csv,73296,1565758418141,2441.065,-0.007125391,0.02137411,-0.1625517,0.004753941,0.1068852,0.99426,353.8642,0.2739511,359.4466,-0.05353006,0.00212876,-0.004694377,0.998553,0,0.3,1.837321,1.796894,0
T0_EU_PS_B3_C0_P2420705_S5_0814131305.csv,73297,1565758418174,2441.098,-0.006837972,0.02187516,-0.162261,0.005973351,0.1102653,0.9938843,353.6694,0.3443497,359.4027,-0.05523152,0.002712593,-0.005038198,0.9984572,0,0.3,1.837448,1.594096,0
T0_EU_PS_B3_C0_P2420705_S5_0814131305.csv,73298,1565758418209,2441.133,-0.006764317,0.02230951,-0.1619985,0.007763837,0.1145948,0.993382,353.4197,0.4477895,359.2408,-0.05741617,0.003520947,-0.006389718,0.9983237,0,0.3,1.837739,1.349152,0
T0_EU_PS_B3_C0_P2420705_S5_0814131305.csv,73299,1565758418241,2441.164,-0.006821347,0.02249549,-0.1620195,0.007884437,0.115984,0.9932198,353.3396,0.4548193,359.3353,-0.05811163,0.003625319,-0.005560096,0.998288,0,0.3,1.838001,1.265323,0
T0_EU_PS_B3_C0_P2420705_S5_0814131305.csv,73300,1565758418274,2441.198,-0.006972447,0.02266356,-0.1620268,0.007000663,0.1174669,0.9930521,353.2541,0.4039081,359.4996,-0.05884982,0.003261707,-0.004151648,0.9982529,0,0.3,1.837981,1.166507,0
T0_EU_PS_B3_C0_P2420705_S5_0814131305.csv,73301,1565758418306,2441.23,-0.007132296,0.02310123,-0.1618906,0.006057817,0.1220837,0.9925013,352.9876,0.3497053,359.6352,-0.0611654,0.002851351,-0.002990587,0.9981191,0,0.3,1.837973,0.8824874,0
T0_EU_PS_B3_C0_P2420705_S5_0814131305.csv,73302,1565758418343,2441.266,-0.007365206,0.02346711,-0.1619849,0.004046234,0.1250412,0.9921433,352.8169,0.2336667,359.5544,-0.06265094,0.001791494,-0.003753464,0.9980268,0,0.3,1.838109,0.6889865,1
T0_EU_PS_B3_C0_P2420705_S5_0814131305.csv,73303,1565758418373,2441.297,-0.007513447,0.02364805,-0.1620477,0.002777199,0.1267804,0.9919269,352.7164,0.1604164,359.5732,-0.06352316,0.001160511,-0.003627667,0.9979731,0,0.3,1.838015,0.5858405,1
T0_EU_PS_B3_C0_P2420705_S5_0814131305.csv,73304,1565758418407,2441.331,-0.007586222,0.02396772,-0.1620198,0.00313996,0.1299504,0.9915155,352.5333,0.1814453,359.5286,-0.06511924,0.001312177,-0.004001884,0.9978687,0,0.3,1.837952,0.393167,1
T0_EU_PS_B3_C0_P2420705_S5_0814131305.csv,73305,1565758418440,2441.365,-0.007530583,0.02439153,-0.1621003,0.003869334,0.131524,0.9913054,352.4423,0.2236398,359.4867,-0.06591322,0.001652162,-0.004340798,0.9978146,0,0.3,1.83798,0.2887141,1
T0_EU_PS_B3_C0_P2420705_S5_0814131305.csv,73306,1565758418475,2441.399,-0.007631669,0.02423571,-0.1624407,0.004488015,0.1305913,0.9914261,352.4962,0.2593663,359.4978,-0.06544498,0.001971758,-0.004224893,0.9978453,0,0.3,1.8379,0.3471792,1
T0_EU_PS_B3_C0_P2420705_S5_0814131305.csv,73307,1565758418509,2441.432,-0.007716088,0.02430416,-0.1626495,0.005705664,0.1321146,0.991218,352.4082,0.3298032,359.5499,-0.06621302,0.002611678,-0.003729064,0.9977951,0,0.3,1.837559,0.2776587,1
T0_EU_PS_B3_C0_P2420705_S5_0814131305.csv,73308,1565758418541,2441.465,-0.007815067,0.02445126,-0.1628145,0.008229484,0.1354347,0.9907521,352.2162,0.475905,359.5378,-0.06788944,0.003869702,-0.003741737,0.9976783,0,0.3,1.837351,0.2564087,1
T0_EU_PS_B3_C0_P2420705_S5_0814131305.csv,73309,1565758418574,2441.498,-0.008053849,0.02453316,-0.1631364,0.008993782,0.1362842,0.990629,352.1671,0.5201661,359.4842,-0.06832059,0.004221186,-0.004180919,0.9976457,0,0.3,1.837186,0.2866737,1
T0_EU_PS_B3_C0_P2420705_S5_0814131305.csv,73310,1565758418608,2441.531,-0.008388188,0.02476138,-0.1634361,0.008743033,0.1377992,0.9904216,352.0795,0.5057703,359.5724,-0.06907981,0.004145381,-0.003417762,0.9975967,0,0.3,1.836864,0.276953,1
T0_EU_PS_B3_C0_P2420705_S5_0814131305.csv,73311,1565758418641,2441.564,-0.008641955,0.0250091,-0.1637473,0.009512347,0.1409888,0.9899655,351.8949,0.5505248,359.5931,-0.07068688,0.004541228,-0.003202515,0.9974831,0,0.3,1.836564,0.4083038,1
T0_EU_PS_B3_C0_P2420705_S5_0814131305.csv,73312,1565758418675,2441.599,-0.008906294,0.02493318,-0.16406,0.008982565,0.1411703,0.9899446,351.8844,0.5198765,359.6398,-0.0707757,0.004302945,-0.002814307,0.997479,0,0.3,1.836253,0.3881583,1
T0_EU_PS_B3_C0_P2420705_S5_0814131305.csv,73313,1565758418709,2441.632,-0.009208623,0.02491655,-0.1644236,0.008928689,0.1425359,0.9897494,351.8054,0.5168604,359.6292,-0.07146399,0.004267711,-0.002904992,0.9974298,0,0.3,1.83594,0.4427898,1
T0_EU_PS_B3_C0_P2420705_S5_0814131305.csv,73314,1565758418741,2441.665,-0.009477813,0.02508006,-0.1647908,0.007896445,0.1437992,0.9895754,351.7322,0.4571893,359.6282,-0.07209911,0.003745427,-0.002948516,0.9973861,0,0.3,1.835576,0.4788812,1
T0_EU_PS_B3_C0_P2420705_S5_0814131305.csv,73315,1565758418773,2441.698,-0.009659268,0.02519254,-0.1651703,0.006447932,0.144775,0.9894436,351.6758,0.3733755,359.7506,-0.07258542,0.003091772,-0.001933859,0.9973556,0,0.3,1.835209,0.5109072,1
T0_EU_PS_B3_C0_P2420705_S5_0814131305.csv,73316,1565758418807,2441.731,-0.009623757,0.02539685,-0.1654313,0.006512108,0.1475994,0.9890258,351.5122,0.3772509,359.7342,-0.07400963,0.003111419,-0.002069857,0.9972506,0,0.3,1.83483,0.6786853,1
T0_EU_PS_B3_C0_P2420705_S5_0814131305.csv,73317,1565758418843,2441.765,-0.00951973,0.02558188,-0.1656179,0.007891179,0.1494395,0.9887394,351.4055,0.4572708,359.5056,-0.07494628,0.003655857,-0.004003774,0.9971728,0,0.3,1.834569,0.8035691,1
T0_EU_PS_B3_C0_P2420705_S5_0814131305.csv,73318,1565758418873,2441.797,-0.009512139,0.02565702,-0.1659362,0.008200381,0.1483776,0.9888968,351.4671,0.4751116,359.4958,-0.07441179,0.003807271,-0.004079112,0.9972121,0,0.3,1.834382,0.7509531,1
T0_EU_PS_B3_C0_P2420705_S5_0814131305.csv,73319,1565758418906,2441.83,-0.009535188,0.02565957,-0.1662242,0.008346706,0.1485665,0.9888672,351.4561,0.4836035,359.5663,-0.07450495,0.003926582,-0.00345934,0.9972069,0,0.3,1.834064,0.7636142,1
T0_EU_PS_B3_C0_P2420705_S5_0814131305.csv,73320,1565758418941,2441.865,-0.009377291,0.02566744,-0.1664205,0.009379522,0.1511221,0.9884706,351.308,0.543659,359.563,-0.07579556,0.004441683,-0.003442491,0.9971076,0,0.3,1.833776,0.9234449,1
T0_EU_PS_B3_C0_P2420705_S5_0814131305.csv,73321,1565758418973,2441.897,-0.009237399,0.02571896,-0.1666254,0.00996883,0.1512432,0.9884463,351.301,0.5778286,359.4865,-0.07586083,0.004688081,-0.004085558,0.997099,0,0.3,1.83358,0.9435682,1
T0_EU_PS_B3_C0_P2420705_S5_0814131305.csv,73322,1565758419008,2441.932,-0.009186737,0.02560864,-0.1668477,0.009223916,0.1486971,0.9888397,351.4486,0.5344405,359.4656,-0.07457611,0.004303135,-0.004302784,0.9971968,0,0.3,1.833375,0.7878303,1
T0_EU_PS_B3_C0_P2420705_S5_0814131305.csv,73323,1565758419040,2441.964,-0.009092627,0.02554749,-0.1669715,0.008815345,0.1481633,0.9889236,351.4795,0.5107256,359.4121,-0.07430799,0.004063397,-0.004785354,0.9972156,0,0.3,1.833152,0.749649,1
T0_EU_PS_B3_C0_P2420705_S5_0814131305.csv,73324,1565758419074,2441.998,-0.00889973,0.02548539,-0.1670515,0.008813776,0.1485534,0.9888651,351.4569,0.5106649,359.4468,-0.07450342,0.004084382,-0.004482113,0.9972023,0,0.3,1.833029,0.770502,1
T0_EU_PS_B3_C0_P2420705_S5_0814131305.csv,73325,1565758419107,2442.031,-0.008835956,0.02533107,-0.1671742,0.00777139,0.1477628,0.9889923,351.5027,0.4502145,359.4654,-0.07410187,0.003572405,-0.004361142,0.9972348,0,0.3,1.832949,0.7058211,1
T0_EU_PS_B3_C0_P2420705_S5_0814131305.csv,73326,1565758419141,2442.064,-0.008708606,0.02504275,-0.1671979,0.007367788,0.1451007,0.9893895,351.6569,0.4266625,359.3829,-0.0727615,0.003321704,-0.005099636,0.9973308,0,0.3,1.832826,0.5446455,1
T0_EU_PS_B3_C0_P2420705_S5_0814131305.csv,73327,1565758419172,2442.097,-0.008658433,0.02479194,-0.1670746,0.00695237,0.1427599,0.9897329,351.7924,0.4024671,359.2853,-0.07158344,0.003056801,-0.005969187,0.9974121,0,0.3,1.832802,0.4020255,1
T0_EU_PS_B3_C0_P2420705_S5_0814131305.csv,73328,1565758419208,2442.131,-0.008628815,0.02455747,-0.16685,0.006716982,0.1411775,0.9899615,351.884,0.3887513,359.2197,-0.07078718,0.002902016,-0.006552447,0.9974657,0,0.3,1.832925,0.3071049,1
T0_EU_PS_B3_C0_P2420705_S5_0814131305.csv,73329,1565758419240,2442.164,-0.008584792,0.02423458,-0.1665758,0.006106931,0.1381934,0.9903864,352.0567,0.3532934,359.2678,-0.06928092,0.002633018,-0.006160913,0.9975747,0,0.3,1.83315,0.1412742,1
T0_EU_PS_B3_C0_P2420705_S5_0814131305.csv,73330,1565758419276,2442.199,-0.008634755,0.02394567,-0.1663347,0.005175325,0.1343175,0.9909248,352.2809,0.2992372,359.3339,-0.0673252,0.002214076,-0.005624192,0.9977128,0,0.3,1.833424,0.1506579,1
T0_EU_PS_B3_C0_P2420705_S5_0814131305.csv,73331,1565758419306,2442.229,-0.008724762,0.02382711,-0.1661053,0.003642644,0.1318858,0.9912582,352.4214,0.2105477,359.403,-0.06609593,0.001489013,-0.005077252,0.9977993,0,0.3,1.833665,0.2873554,1
T0_EU_PS_B3_C0_P2420705_S5_0814131305.csv,73332,1565758419341,2442.265,-0.008877723,0.02355248,-0.1659343,0.001430592,0.1295819,0.9915677,352.5546,0.08266389,359.4312,-0.0649307,0.0003975515,-0.004906592,0.9978777,0,0.3,1.833895,0.4579955,1
T0_EU_PS_B3_C0_P2420705_S5_0814131305.csv,73333,1565758419374,2442.297,-0.008916249,0.02327808,-0.1658482,-2.834649E-05,0.1267256,0.9919378,352.7196,-0.001637335,359.4355,-0.06349003,-0.0003270546,-0.004917584,0.9979703,0,0.3,1.834066,0.6495153,1
T0_EU_PS_B3_C0_P2420705_S5_0814131305.csv,73334,1565758419409,2442.332,-0.008748975,0.02345917,-0.1656312,-0.0002320544,0.1283556,0.9917282,352.6254,359.9866,359.5245,-0.0643099,-0.0003835945,-0.004148194,0.9979213,0,0.3,1.834152,0.563365,1
T0_EU_PS_B3_C0_P2420705_S5_0814131305.csv,73335,1565758419438,2442.362,-0.008548841,0.02350875,-0.1654829,0.0003161198,0.1277894,0.9918013,352.6581,0.01826206,359.4213,-0.06402607,-0.0001643279,-0.00502996,0.9979355,0,0.3,1.834369,0.575053,1
T0_EU_PS_B3_C0_P2420705_S5_0814131305.csv,73336,1565758419475,2442.398,-0.008318271,0.02313571,-0.1654662,0.002369475,0.1239607,0.9922843,352.8793,0.1368163,359.1866,-0.06210706,0.0007507806,-0.007010872,0.9980446,0,0.3,1.834517,0.7677034,1
T0_EU_PS_B3_C0_P2420705_S5_0814131305.csv,73337,1565758419507,2442.431,-0.008178106,0.02319242,-0.1654121,0.004335969,0.12368,0.9923127,352.8955,0.2503557,359.2739,-0.06197146,0.001787922,-0.006188921,0.9980572,0,0.3,1.834534,0.7755645,1
T0_EU_PS_B3_C0_P2420705_S5_0814131305.csv,73338,1565758419541,2442.464,-0.008111101,0.02321359,-0.1654549,0.005711974,0.1244699,0.9922069,352.8499,0.3298388,359.4059,-0.06237011,0.00254944,-0.004995199,0.9980373,0,0.3,1.834588,0.7354187,1
T0_EU_PS_B3_C0_P2420705_S5_0814131305.csv,73339,1565758419572,2442.497,-0.008183978,0.0229477,-0.1656339,0.005022834,0.1218173,0.9925398,353.003,0.2899478,359.4778,-0.06103306,0.002247464,-0.004393849,0.9981236,0,0.3,1.834545,0.8908735,1
T0_EU_PS_B3_C0_P2420705_S5_0814131305.csv,73340,1565758419608,2442.531,-0.008264976,0.02284392,-0.1657305,0.00232714,0.1214961,0.9925892,353.0215,0.1343306,359.4694,-0.06086558,0.0008882653,-0.004550377,0.9981352,0,0.3,1.834366,0.9164255,1
T0_EU_PS_B3_C0_P2420705_S5_0814131305.csv,73341,1565758419640,2442.563,-0.008333843,0.02280695,-0.1658947,0.0002888204,0.1216588,0.9925719,353.0121,0.01667203,359.46,-0.06094271,-0.0001419686,-0.004694793,0.9981302,0,0.3,1.83427,0.9287274,1
T0_EU_PS_B3_C0_P2420705_S5_0814131305.csv,73342,1565758419672,2442.596,-0.008268928,0.02268965,-0.1662165,-0.001097667,0.1208074,0.9926754,353.0613,359.9366,359.4402,-0.0605112,-0.0008475066,-0.004909995,0.9981551,0,0.3,1.834105,0.9993636,1
T0_EU_PS_B3_C0_P2420705_S5_0814131305.csv,73343,1565758419706,2442.63,-0.008058282,0.02259753,-0.1666033,-3.440841E-05,0.1198703,0.9927896,353.1154,-0.001985775,359.4701,-0.06004277,-0.0002949643,-0.004617121,0.9981851,0,0.3,1.833784,1.036465,1
T0_EU_PS_B3_C0_P2420705_S5_0814131305.csv,73344,1565758419740,2442.664,-0.0078374,0.0227158,-0.1669988,0.000800414,0.1216846,0.9925685,353.0107,0.04620369,359.5023,-0.06095679,0.0001376985,-0.00431069,0.9981311,0,0.3,1.833397,0.9196228,1
T0_EU_PS_B3_C0_P2420705_S5_0814131305.csv,73345,1565758419772,2442.697,-0.007640233,0.02274477,-0.167469,0.001151548,0.1223991,0.9924803,352.9694,0.06647873,359.4544,-0.06131696,0.0002870852,-0.004717003,0.9981072,0,0.3,1.833001,0.873349,1
T0_EU_PS_B3_C0_P2420705_S5_0814131305.csv,73346,1565758419808,2442.731,-0.007467849,0.02286356,-0.1679471,0.002167722,0.1245168,0.9922152,352.8471,0.1251756,359.3866,-0.06238478,0.0007563157,-0.005274191,0.9980379,0,0.3,1.832531,0.7391344,1
T0_EU_PS_B3_C0_P2420705_S5_0814131305.csv,73347,1565758419840,2442.763,-0.0072191,0.02302482,-0.1683094,0.003131064,0.1276249,0.9918176,352.6676,0.1808761,359.3253,-0.06395137,0.001198686,-0.00577502,0.9979356,0,0.3,1.832053,0.5507192,1
T0_EU_PS_B3_C0_P2420705_S5_0814131305.csv,73348,1565758419875,2442.798,-0.006978445,0.0231059,-0.1687325,0.003612224,0.1287837,0.9916661,352.6007,0.2087035,359.3055,-0.06453605,0.00142637,-0.005930659,0.9978968,0,0.3,1.831691,0.4813265,1
T0_EU_PS_B3_C0_P2420705_S5_0814131305.csv,73349,1565758419905,2442.829,-0.006829686,0.02307604,-0.1690729,0.003928881,0.1272213,0.9918666,352.6909,0.226953,359.3356,-0.06375054,0.001606902,-0.005660115,0.9979485,0,0.3,1.831267,0.5733491,1
T0_EU_PS_B3_C0_P2420705_S5_0814131305.csv,73350,1565758419941,2442.864,-0.006533394,0.02300846,-0.1694572,0.004367159,0.1274879,0.9918305,352.6755,0.2522791,359.3622,-0.06388549,0.001841535,-0.005413381,0.9979409,0,0.3,1.830927,0.5626699,1
T0_EU_PS_B3_C0_P2420705_S5_0814131305.csv,73351,1565758419971,2442.896,-0.006367018,0.0229265,-0.1697182,0.004670381,0.128347,0.9917184,352.6259,0.2698258,359.362,-0.06431851,0.001991746,-0.005404383,0.9979128,0,0.3,1.830543,0.5192646,1
T0_EU_PS_B3_C0_P2420705_S5_0814131305.csv,73352,1565758420007,2442.93,-0.006171189,0.02284873,-0.1699694,0.004367495,0.1272151,0.9918655,352.6913,0.2522896,359.3181,-0.06374893,0.001817842,-0.00579832,0.9979475,0,0.3,1.830282,0.5851721,1
T0_EU_PS_B3_C0_P2420705_S5_0814131305.csv,73353,1565758420038,2442.962,-0.005999403,0.02261598,-0.1701506,0.004281416,0.1253188,0.9921073,352.8008,0.247257,359.3575,-0.0627942,0.001801388,-0.005460763,0.99801,0,0.3,1.830031,0.699975,1
T0_EU_PS_B3_C0_P2420705_S5_0814131305.csv,73354,1565758420075,2442.999,-0.005706653,0.02283476,-0.1702082,0.005114678,0.1279946,0.9917617,352.6463,0.2954811,359.2467,-0.0641446,0.002151611,-0.006395044,0.9979178,0,0.3,1.829849,0.5517841,1
T0_EU_PS_B3_C0_P2420705_S5_0814131305.csv,73355,1565758420106,2443.029,-0.005565444,0.02295423,-0.1704014,0.005843215,0.1284687,0.9916964,352.6189,0.3375909,359.1133,-0.06438839,0.002441744,-0.007532516,0.9978935,0,0.3,1.829792,0.5348573,1
T0_EU_PS_B3_C0_P2420705_S5_0814131305.csv,73356,1565758420139,2443.063,-0.005474048,0.02310291,-0.1706247,0.007206897,0.128257,0.9917148,352.6311,0.4163672,359.2177,-0.06428415,0.003187187,-0.006579215,0.9979049,0,0.3,1.829599,0.5736903,1
T0_EU_PS_B3_C0_P2420705_S5_0814131305.csv,73357,1565758420172,2443.096,-0.005338572,0.02310632,-0.1708228,0.008433409,0.1286343,0.9916562,352.6093,0.4872526,359.3686,-0.06447296,0.003888041,-0.005224447,0.9978982,0,0.3,1.829375,0.5924829,1
T0_EU_PS_B3_C0_P2420705_S5_0814131305.csv,73358,1565758420205,2443.129,-0.00529041,0.02308959,-0.1709411,0.007207843,0.1298247,0.9915107,352.5405,0.4165075,359.4345,-0.06506678,0.00330595,-0.004687972,0.9978644,0,0.3,1.829177,0.4981082,1
T0_EU_PS_B3_C0_P2420705_S5_0814131305.csv,73359,1565758420239,2443.163,-0.005290197,0.02305999,-0.1711031,0.004178144,0.1290871,0.9916245,352.5832,0.2414106,359.3625,-0.06468954,0.001742471,-0.005414769,0.9978892,0,0.3,1.829059,0.4743652,1
T0_EU_PS_B3_C0_P2420705_S5_0814131305.csv,73360,1565758420272,2443.196,-0.005233832,0.02315431,-0.1712126,0.001962064,0.1282704,0.9917373,352.6303,0.1133545,359.355,-0.06427259,0.0006253956,-0.005553524,0.9979168,0,0.3,1.828897,0.5124369,1
T0_EU_PS_B3_C0_P2420705_S5_0814131305.csv,73361,1565758420306,2443.229,-0.004916314,0.02309898,-0.1712316,0.00245039,0.1288497,0.9916611,352.5969,0.1415773,359.3294,-0.06456559,0.0008550776,-0.005760279,0.9978965,0,0.3,1.828787,0.4788812,1
T0_EU_PS_B3_C0_P2420705_S5_0814131305.csv,73362,1565758420338,2443.262,-0.004500151,0.02313061,-0.1713708,0.003572477,0.1285901,0.9916914,352.6119,0.2064019,359.3539,-0.06443793,0.001434165,-0.005510376,0.9979055,0,0.3,1.828768,0.4985009,1
T0_EU_PS_B3_C0_P2420705_S5_0814131305.csv,73363,1565758420371,2443.296,-0.004144983,0.02300823,-0.1714953,0.004514582,0.1285067,0.9916984,352.6167,0.26083,359.3279,-0.06439902,0.001893764,-0.005706498,0.9979061,0,0.3,1.828629,0.5203939,1
T0_EU_PS_B3_C0_P2420705_S5_0814131305.csv,73364,1565758420407,2443.331,-0.00367713,0.02303237,-0.1716243,0.005638046,0.1290974,0.9916159,352.5826,0.325764,359.2568,-0.06470092,0.002417294,-0.006288145,0.997882,0,0.3,1.828505,0.5147229,1
T0_EU_PS_B3_C0_P2420705_S5_0814131305.csv,73365,1565758420439,2443.363,-0.003266327,0.02305458,-0.1717884,0.005934459,0.1290754,0.991617,352.5838,0.3428898,359.1623,-0.06469291,0.002513134,-0.007101725,0.9978768,0,0.3,1.828376,0.5282311,1
T0_EU_PS_B3_C0_P2420705_S5_0814131305.csv,73366,1565758420473,2443.396,-0.002957216,0.02308252,-0.1719453,0.006423893,0.1291312,0.9916067,352.5806,0.3711722,359.0959,-0.06472431,0.002721748,-0.007663209,0.9978701,0,0.3,1.828212,0.5428462,1
T0_EU_PS_B3_C0_P2420705_S5_0814131305.csv,73367,1565758420505,2443.429,-0.002670871,0.02306293,-0.1720594,0.006559987,0.130015,0.9914903,352.5295,0.3790799,359.1045,-0.06516935,0.002791861,-0.007582679,0.9978415,0,0.3,1.828055,0.5105241,1
T0_EU_PS_B3_C0_P2420705_S5_0814131305.csv,73368,1565758420541,2443.464,-0.002396587,0.02303291,-0.1722532,0.007131689,0.1293284,0.9915762,352.5692,0.4120799,359.1095,-0.06482588,0.003084818,-0.007521958,0.9978635,0,0.3,1.827941,0.5661368,1
T0_EU_PS_B3_C0_P2420705_S5_0814131305.csv,73369,1565758420571,2443.496,-0.002181742,0.02288897,-0.1725306,0.006837254,0.1274852,0.9918169,352.6757,0.3949717,359.1346,-0.06389682,0.002957254,-0.007316618,0.9979253,0,0.3,1.827747,0.652521,1
T0_EU_PS_B3_C0_P2420705_S5_0814131305.csv,73370,1565758420606,2443.529,-0.002065992,0.02291639,-0.1727271,0.005887144,0.128126,0.9917404,352.6387,0.3401137,359.1554,-0.06421523,0.002488704,-0.007164596,0.9979073,0,0.3,1.827469,0.5951191,1
T0_EU_PS_B3_C0_P2420705_S5_0814131305.csv,73371,1565758420640,2443.563,-0.001947142,0.02312518,-0.172857,0.004825979,0.1310202,0.9913679,352.4714,0.2789136,359.1051,-0.06566852,0.001915945,-0.00763288,0.9978105,0,0.3,1.827273,0.416371,1
T0_EU_PS_B3_C0_P2420705_S5_0814131305.csv,73372,1565758420673,2443.597,-0.00180657,0.02309833,-0.1730132,0.003421788,0.1318854,0.991259,352.4214,0.197782,359.1524,-0.066098,0.001233346,-0.007266163,0.9977859,0,0.3,1.827143,0.3368816,1
T0_EU_PS_B3_C0_P2420705_S5_0814131305.csv,73373,1565758420704,2443.628,-0.00156478,0.02316247,-0.173149,0.003322007,0.1326685,0.9911549,352.3762,0.1920348,359.0113,-0.06649319,0.00109844,-0.008497633,0.9977501,0,0.3,1.826987,0.2954137,1
T0_EU_PS_B3_C0_P2420705_S5_0814131305.csv,73374,1565758420739,2443.663,-0.001388906,0.02326932,-0.1733115,0.004153163,0.1321623,0.9912194,352.4054,0.2400652,358.8705,-0.06624377,0.001437498,-0.009696155,0.9977553,0,0.3,1.826851,0.3454843,1
T0_EU_PS_B3_C0_P2420705_S5_0814131305.csv,73375,1565758420771,2443.695,-0.001238894,0.02333649,-0.1735175,0.005396909,0.1325154,0.9911662,352.385,0.3119729,358.9999,-0.0664252,0.002136853,-0.008526938,0.9977527,0,0.3,1.826689,0.3779418,1
T0_EU_PS_B3_C0_P2420705_S5_0814131305.csv,73376,1565758420807,2443.73,-0.001081569,0.02338844,-0.1737795,0.005659196,0.132673,0.9911437,352.3759,0.3271418,359.1389,-0.06650286,0.002348854,-0.007308154,0.9977567,0,0.3,1.826483,0.3856296,1
T0_EU_PS_B3_C0_P2420705_S5_0814131305.csv,73377,1565758420838,2443.761,-0.001026616,0.02333741,-0.1740835,0.00449893,0.1324164,0.991184,352.3907,0.2600606,359.1558,-0.06636913,0.001775548,-0.007200351,0.9977676,0,0.3,1.826221,0.3499859,1
T0_EU_PS_B3_C0_P2420705_S5_0814131305.csv,73378,1565758420874,2443.798,-0.001015475,0.02318649,-0.1744008,0.001769238,0.1315253,0.9913113,352.4423,0.1022583,359.0441,-0.06591103,0.0003406551,-0.00826442,0.9977912,0,0.3,1.825917,0.3286494,1
T0_EU_PS_B3_C0_P2420705_S5_0814131305.csv,73379,1565758420904,2443.828,-0.0008250605,0.02331901,-0.1747358,5.340937E-05,0.1314696,0.9913202,352.4455,0.003086925,359.1179,-0.06587617,-0.0004802515,-0.007679541,0.9977981,0,0.3,1.825599,0.3214254,1
T0_EU_PS_B3_C0_P2420705_S5_0814131305.csv,73380,1565758420939,2443.863,-0.0005054884,0.02334216,-0.1751237,0.001212903,0.1316957,0.9912894,352.4324,0.07010483,359.0231,-0.06599451,4.785653E-05,-0.008465871,0.9977841,0,0.3,1.825264,0.311533,1
T0_EU_PS_B3_C0_P2420705_S5_0814131305.csv,73381,1565758420970,2443.895,-3.874674E-05,0.02333439,-0.1756794,0.003062191,0.1316229,0.9912951,352.4366,0.1769907,359.0931,-0.06596513,0.001019162,-0.007794794,0.997791,0,0.3,1.824876,0.3566318,1
T0_EU_PS_B3_C0_P2420705_S5_0814131305.csv,73382,1565758421006,2443.929,0.0003246497,0.02333847,-0.1763282,0.004942311,0.1323819,0.9911864,352.3927,0.2856891,359.0706,-0.06635487,0.001949493,-0.007927434,0.9977627,0,0.3,1.824321,0.3956476,1
T0_EU_PS_B3_C0_P2420705_S5_0814131305.csv,73383,1565758421039,2443.962,0.0006094035,0.02338232,-0.1769687,0.005784871,0.1343149,0.9909218,352.281,0.3344814,358.9963,-0.06733274,0.002322603,-0.008542562,0.9976913,0,0.3,1.823672,0.3805216,1
T0_EU_PS_B3_C0_P2420705_S5_0814131305.csv,73384,1565758421073,2443.997,0.0007780548,0.02336727,-0.1777096,0.005910634,0.1357215,0.9907294,352.1996,0.3418192,358.9196,-0.068043,0.002334609,-0.009203363,0.9976372,0,0.3,1.823031,0.3674413,1
T0_EU_PS_B3_C0_P2420705_S5_0814131305.csv,73385,1565758421106,2444.029,0.0008855984,0.02336025,-0.1784382,0.00573745,0.1359323,0.9907015,352.1875,0.3318133,358.8877,-0.06814896,0.00222752,-0.009486424,0.9976276,0,0.3,1.82229,0.3593647,1
T0_EU_PS_B3_C0_P2420705_S5_0814131305.csv,73386,1565758421139,2444.061,0.0009891316,0.02339907,-0.1791836,0.004778711,0.1364228,0.9906392,352.1591,0.276385,358.9492,-0.06839038,0.00177925,-0.008982933,0.9976166,0,0.3,1.821562,0.302612,1
T0_EU_PS_B3_C0_P2420705_S5_0814131305.csv,73387,1565758421172,2444.096,0.000994076,0.02329731,-0.1801162,0.004378568,0.1362349,0.9906669,352.17,0.2532353,359.0281,-0.06829287,0.001625591,-0.008310477,0.9976294,0,0.3,1.820816,0.2825486,1
T0_EU_PS_B3_C0_P2420705_S5_0814131305.csv,73388,1565758421205,2444.129,0.00103999,0.02324604,-0.1810638,0.004061045,0.1379412,0.9904321,352.0713,0.2349272,359.0334,-0.06915068,0.001461959,-0.008273459,0.9975709,0,0.3,1.819884,0.2676108,1
T0_EU_PS_B3_C0_P2420705_S5_0814131305.csv,73389,1565758421239,2444.162,0.001180987,0.0234478,-0.1820112,0.004039068,0.1407542,0.9900363,351.9085,0.2337493,359.093,-0.07056668,0.001476251,-0.007751667,0.9974759,0,0.3,1.818936,0.3454843,1
T0_EU_PS_B3_C0_P2420705_S5_0814131305.csv,73390,1565758421270,2444.194,0.001299641,0.0235524,-0.183015,0.003827558,0.1409554,0.9900085,351.8969,0.2215151,359.1405,-0.07066663,0.001398232,-0.007345502,0.997472,0,0.3,1.817989,0.3499859,1
T0_EU_PS_B3_C0_P2420705_S5_0814131305.csv,73391,1565758421305,2444.228,0.001418543,0.0234854,-0.1839759,0.003543173,0.142319,0.9898145,351.8179,0.205097,359.1445,-0.0713525,0.001252587,-0.007318964,0.9974235,0,0.3,1.816985,0.3971285,1
T0_EU_PS_B3_C0_P2420705_S5_0814131305.csv,73392,1565758421338,2444.262,0.001648054,0.02356537,-0.1848487,0.003787025,0.1467127,0.9891719,351.5635,0.2193547,358.9936,-0.07356942,0.001262985,-0.00861769,0.9972521,0,0.3,1.816024,0.6283845,1
T0_EU_PS_B3_C0_P2420705_S5_0814131305.csv,73393,1565758421371,2444.295,0.001914348,0.02365274,-0.1858192,0.004383503,0.1450724,0.9894114,351.6585,0.2538425,358.9274,-0.07274611,0.001528496,-0.009173982,0.9973071,0,0.3,1.815151,0.5678623,1
T0_EU_PS_B3_C0_P2420705_S5_0814131305.csv,73394,1565758421405,2444.329,0.002151534,0.02334997,-0.1867302,0.005101111,0.1431987,0.9896808,351.767,0.2953169,359.0476,-0.07180317,0.001973756,-0.008104981,0.997384,0,0.3,1.814181,0.5047422,1
T0_EU_PS_B3_C0_P2420705_S5_0814131305.csv,73395,1565758421439,2444.363,0.002366909,0.02316289,-0.1875808,0.005384858,0.1439609,0.9895687,351.7229,0.3117789,359.1728,-0.07218606,0.002192635,-0.007003753,0.9973642,0,0.3,1.81327,0.5485832,1
T0_EU_PS_B3_C0_P2420705_S5_0814131305.csv,73396,1565758421472,2444.396,0.00258948,0.02297508,-0.1883415,0.003848013,0.1453846,0.9893677,351.6404,0.2228431,359.1774,-0.07289805,0.001416241,-0.007017608,0.9973137,0,0.3,1.812419,0.5598809,1
T0_EU_PS_B3_C0_P2420705_S5_0814131305.csv,73397,1565758421505,2444.428,0.002707153,0.0224756,-0.189192,0.0006654313,0.143303,0.9896786,351.761,0.03852402,359.0723,-0.07183748,-0.000246279,-0.008050816,0.9973838,0,0.3,1.811659,0.3615361,1
T0_EU_PS_B3_C0_P2420705_S5_0814131305.csv,73398,1565758421538,2444.461,0.002852877,0.02255102,-0.1898999,-0.003309148,0.1435501,0.9896375,351.7467,359.8084,359.2336,-0.07194877,-0.002148801,-0.006790993,0.9973829,0,0.3,1.810808,0.3748225,1
T0_EU_PS_B3_C0_P2420705_S5_0814131305.csv,73399,1565758421572,2444.496,0.003109917,0.02246386,-0.1905099,-0.004345761,0.1441516,0.9895461,351.7119,359.7484,359.3578,-0.07225118,-0.002595041,-0.005748373,0.9973665,0,0.3,1.8101,0.4224361,1
T0_EU_PS_B3_C0_P2420705_S5_0814131305.csv,73400,1565758421604,2444.528,0.003575446,0.02218865,-0.1911933,-0.005144013,0.1414606,0.9899305,351.8676,359.7023,359.4871,-0.07089626,-0.002908987,-0.004649274,0.9974687,0,0.3,1.80949,0.2973941,1
T0_EU_PS_B3_C0_P2420705_S5_0814131305.csv,73401,1565758421638,2444.562,0.004126459,0.02183339,-0.1918756,-0.004606577,0.1384895,0.9903532,352.0396,359.7335,359.5101,-0.06940144,-0.002616822,-0.004426265,0.9975756,0,0.3,1.808807,0.1532334,1
T0_EU_PS_B3_C0_P2420705_S5_0814131305.csv,73402,1565758421671,2444.595,0.00475705,0.02157677,-0.1924613,-0.003029411,0.1388595,0.9903075,352.0182,359.8247,359.5056,-0.06959119,-0.001826045,-0.004409924,0.9975642,0,0.3,1.808124,0.07132626,1
T0_EU_PS_B3_C0_P2420705_S5_0814131305.csv,73403,1565758421704,2444.628,0.005295797,0.02160557,-0.1931285,-0.0009958916,0.1395901,0.9902089,351.9759,359.9424,359.3819,-0.06996278,-0.0008790491,-0.005416252,0.9975345,0,0.3,1.807539,0.1384764,1
T0_EU_PS_B3_C0_P2420705_S5_0814131305.csv,73404,1565758421739,2444.662,0.005760709,0.02139949,-0.1937814,0.0005475701,0.1378344,0.9904552,352.0775,0.03167579,359.2991,-0.06908263,-0.000146798,-0.006083,0.9975924,0,0.3,1.806872,0.1948336,1
T0_EU_PS_B3_C0_P2420705_S5_0814131305.csv,73405,1565758421771,2444.696,0.006099842,0.02133672,-0.1943997,0.0009160599,0.1381516,0.9904107,352.0591,0.05299453,359.3824,-0.06924348,8.815747E-05,-0.005344696,0.9975855,0,0.3,1.806219,0.2255535,1
T0_EU_PS_B3_C0_P2420705_S5_0814131305.csv,73406,1565758421806,2444.729,0.006426357,0.02137912,-0.1949652,0.0007530508,0.1403551,0.990101,351.9316,0.04357801,359.3784,-0.07035285,-2.288642E-06,-0.005384407,0.9975077,0,0.3,1.8056,0.2639296,1
T0_EU_PS_B3_C0_P2420705_S5_0814131305.csv,73407,1565758421839,2444.762,0.00674144,0.02137319,-0.1954673,-0.0002305906,0.1414259,0.9899488,351.8696,359.9867,359.3558,-0.07088953,-0.0005146702,-0.005615384,0.9974682,0,0.3,1.805035,0.2690692,1
T0_EU_PS_B3_C0_P2420705_S5_0814131305.csv,73408,1565758421871,2444.795,0.007007613,0.02128235,-0.1958678,-0.0009937739,0.141639,0.9899179,351.8573,359.9425,359.3704,-0.07099485,-0.0008907529,-0.005515954,0.9974611,0,0.3,1.804533,0.2548778,1
T0_EU_PS_B3_C0_P2420705_S5_0814131305.csv,73409,1565758421906,2444.829,0.007310851,0.02111449,-0.1962465,-0.002767109,0.1402568,0.9901113,351.9373,359.8399,359.5171,-0.07029577,-0.001690174,-0.004302106,0.9975155,0,0.3,1.804132,0.1356209,1
T0_EU_PS_B3_C0_P2420705_S5_0814131305.csv,73410,1565758421938,2444.861,0.007569272,0.02127838,-0.1964936,-0.003893706,0.1416118,0.9899146,351.8589,359.7746,359.4728,-0.07097506,-0.00228826,-0.00472849,0.9974643,0,0.3,1.803753,0.20842,1
T0_EU_PS_B3_C0_P2420705_S5_0814131305.csv,73411,1565758421970,2444.895,0.007922664,0.02130655,-0.1967526,-0.004746487,0.1402571,0.9901037,351.9373,359.7253,359.3226,-0.07028695,-0.002806549,-0.00606516,0.9975045,0,0.3,1.803506,0.1384764,1
T0_EU_PS_B3_C0_P2420705_S5_0814131305.csv,73412,1565758422005,2444.928,0.008318614,0.02111424,-0.1970022,-0.004159154,0.1381012,0.9904094,352.062,359.7594,359.3712,-0.06920391,-0.002474472,-0.005619846,0.9975837,0,0.3,1.803247,0.01978234,1
T0_EU_PS_B3_C0_P2420705_S5_0814131305.csv,73413,1565758422038,2444.962,0.008737955,0.02100787,-0.1972213,-0.00365027,0.1366622,0.990611,352.1453,359.7889,359.4932,-0.06848301,-0.002140993,-0.004538422,0.9976397,0,0.3,1.802998,0.09487279,1
T0_EU_PS_B3_C0_P2420705_S5_0814131305.csv,73414,1565758422070,2444.994,0.009059288,0.02077373,-0.1974106,-0.004479281,0.1356597,0.9907454,352.2032,359.741,359.5494,-0.06797758,-0.002522653,-0.004077058,0.9976754,0,0.3,1.802779,0.1480375,1
T0_EU_PS_B3_C0_P2420705_S5_0814131305.csv,73415,1565758422104,2445.028,0.009408157,0.02051554,-0.1976827,-0.006383377,0.1330151,0.9910935,352.3561,359.631,359.4677,-0.06663981,-0.003522738,-0.004849284,0.9977591,0,0.3,1.802589,0.3256589,1
T0_EU_PS_B3_C0_P2420705_S5_0814131305.csv,73416,1565758422138,2445.062,0.009810345,0.02045863,-0.1978633,-0.008548172,0.1305542,0.9914043,352.4984,359.506,359.5643,-0.06539979,-0.004550496,-0.004076211,0.9978405,0,0.3,1.802317,0.5004597,1
T0_EU_PS_B3_C0_P2420705_S5_0814131305.csv,73417,1565758422171,2445.095,0.01018533,0.02061469,-0.1979509,-0.008688586,0.1314021,0.991291,352.4494,359.4978,359.5265,-0.06582468,-0.004644849,-0.004411525,0.9978107,0,0.3,1.802137,0.4519747,1
T0_EU_PS_B3_C0_P2420705_S5_0814131305.csv,73418,1565758422204,2445.128,0.01063847,0.02056907,-0.198188,-0.008637442,0.1293178,0.9915656,352.5698,359.5009,359.5808,-0.06477809,-0.004583157,-0.003932284,0.9978815,0,0.3,1.802049,0.5570779,1
T0_EU_PS_B3_C0_P2420705_S5_0814131305.csv,73419,1565758422239,2445.162,0.01099879,0.02049831,-0.1983887,-0.01006427,0.1279301,0.9917321,352.65,359.4186,359.593,-0.06407763,-0.005291077,-0.003869587,0.9979234,0,0.3,1.801812,0.6602717,1
T0_EU_PS_B3_C0_P2420705_S5_0814131305.csv,73420,1565758422272,2445.196,0.01135385,0.02062044,-0.1985221,-0.01019729,0.12916,0.9915713,352.5789,359.4108,359.5402,-0.06469369,-0.005390642,-0.004337008,0.9978812,0,0.3,1.801611,0.5911604,1
T0_EU_PS_B3_C0_P2420705_S5_0814131305.csv,73421,1565758422304,2445.228,0.01173312,0.02047348,-0.1987464,-0.01038508,0.1286358,0.9916375,352.6092,359.4,359.4673,-0.06442602,-0.005524787,-0.004976476,0.9978948,0,0.3,1.801478,0.6221254,1
T0_EU_PS_B3_C0_P2420705_S5_0814131305.csv,73422,1565758422338,2445.261,0.01219417,0.020292,-0.1989151,-0.00954209,0.1271909,0.9918324,352.6927,359.4488,359.4771,-0.06370167,-0.005091107,-0.004860079,0.9979442,0,0.3,1.801254,0.6829963,1
T0_EU_PS_B3_C0_P2420705_S5_0814131305.csv,73423,1565758422370,2445.295,0.01266081,0.02028731,-0.1990819,-0.007676817,0.1260734,0.9919912,352.7573,359.5566,359.4588,-0.0631434,-0.004159836,-0.004957591,0.9979835,0,0.3,1.801085,0.7222635,1
T0_EU_PS_B3_C0_P2420705_S5_0814131305.csv,73424,1565758422405,2445.328,0.01305498,0.0203011,-0.1993575,-0.006939278,0.1247639,0.9921622,352.8329,359.5993,359.4965,-0.06248786,-0.003764747,-0.004603829,0.998028,0,0.3,1.800918,0.7932757,1
T0_EU_PS_B3_C0_P2420705_S5_0814131305.csv,73425,1565758422437,2445.36,0.01332372,0.02030645,-0.199767,-0.007102628,0.1236742,0.9922975,352.8958,359.5899,359.5005,-0.06193958,-0.003841932,-0.004571756,0.9980621,0,0.3,1.800642,0.8554656,1
T0_EU_PS_B3_C0_P2420705_S5_0814131305.csv,73426,1565758422469,2445.394,0.01364699,0.02061268,-0.2000757,-0.00645791,0.126812,0.9919057,352.7146,359.627,359.4868,-0.06351881,-0.003533192,-0.004676422,0.9979634,0,0.3,1.800233,0.6661724,1
T0_EU_PS_B3_C0_P2420705_S5_0814131305.csv,73427,1565758422505,2445.428,0.01396987,0.0207785,-0.2004937,-0.006803168,0.12785,0.9917702,352.6546,359.607,359.5799,-0.06404319,-0.003657537,-0.003878518,0.9979329,0,0.3,1.799924,0.6003569,1
T0_EU_PS_B3_C0_P2420705_S5_0814131305.csv,73428,1565758422537,2445.46,0.01422345,0.02106332,-0.2009095,-0.007248122,0.1290734,0.9916086,352.584,359.5812,359.5477,-0.06465674,-0.003902216,-0.004174756,0.9978912,0,0.3,1.799506,0.5222706,1
T0_EU_PS_B3_C0_P2420705_S5_0814131305.csv,73429,1565758422570,2445.494,0.01449378,0.02145547,-0.201388,-0.006393516,0.1305542,0.9914206,352.4984,359.6305,359.3775,-0.06539841,-0.003572796,-0.005631796,0.997837,0,0.3,1.799091,0.427501,1
T0_EU_PS_B3_C0_P2420705_S5_0814131305.csv,73430,1565758422606,2445.529,0.01482986,0.02169469,-0.2019164,-0.005276249,0.1303324,0.9914563,352.5112,359.6951,359.4302,-0.06529136,-0.002979829,-0.005135348,0.9978486,0,0.3,1.798612,0.4467493,1
T0_EU_PS_B3_C0_P2420705_S5_0814131305.csv,73431,1565758422635,2445.56,0.01511943,0.0216536,-0.2024445,-0.003719009,0.1296722,0.99155,352.5493,359.7851,359.5074,-0.06496462,-0.002150652,-0.0044113,0.9978755,0,0.3,1.798084,0.5173771,1
T0_EU_PS_B3_C0_P2420705_S5_0814131305.csv,73432,1565758422670,2445.594,0.01537414,0.02164318,-0.2028965,-0.002542487,0.1308697,0.9913963,352.4802,359.8531,359.5097,-0.06556986,-0.001560092,-0.004353753,0.9978373,0,0.3,1.797555,0.4957456,1
T0_EU_PS_B3_C0_P2420705_S5_0814131305.csv,73433,1565758422704,2445.626,0.0155273,0.02166202,-0.2034273,-0.002629704,0.131005,0.9913782,352.4723,359.848,359.4851,-0.06563741,-0.001618347,-0.00457035,0.9978318,0,0.3,1.797103,0.4881886,1
T0_EU_PS_B3_C0_P2420705_S5_0814131305.csv,73434,1565758422739,2445.662,0.01564653,0.02163844,-0.2039302,-0.003947206,0.1290187,0.9916343,352.5871,359.7719,359.571,-0.06463653,-0.002228079,-0.003864613,0.9978989,0,0.3,1.796573,0.5528469,1
T0_EU_PS_B3_C0_P2420705_S5_0814131305.csv,73435,1565758422770,2445.694,0.01571848,0.02167613,-0.20439,-0.004503866,0.1301841,0.9914796,352.5198,359.7397,359.5305,-0.065221,-0.002533651,-0.004236259,0.9978586,0,0.3,1.79607,0.4792896,1
T0_EU_PS_B3_C0_P2420705_S5_0814131305.csv,73436,1565758422802,2445.726,0.01595199,0.02184219,-0.2048669,-0.00393353,0.1302575,0.9914724,352.5155,359.7727,359.6031,-0.06526054,-0.002205501,-0.003585846,0.9978594,0,0.3,1.79561,0.4873863,1
T0_EU_PS_B3_C0_P2420705_S5_0814131305.csv,73437,1565758422841,2445.763,0.01624336,0.02177147,-0.2053959,-0.003453134,0.1291464,0.9916195,352.5797,359.8005,359.592,-0.06470209,-0.001967888,-0.003665733,0.997896,0,0.3,1.795133,0.5623221,1
T0_EU_PS_B3_C0_P2420705_S5_0814131305.csv,73438,1565758422869,2445.793,0.01653191,0.02176802,-0.205851,-0.003279069,0.1295521,0.9915672,352.5563,359.8105,359.6125,-0.06490692,-0.001869499,-0.003482018,0.9978835,0,0.3,1.794604,0.5514293,1
T0_EU_PS_B3_C0_P2420705_S5_0814131305.csv,73439,1565758422904,2445.829,0.01689793,0.02180621,-0.2062124,-0.002419004,0.1305951,0.9914328,352.496,359.8602,359.5542,-0.06543253,-0.001471881,-0.003961511,0.997848,0,0.3,1.794149,0.5352231,1
T0_EU_PS_B3_C0_P2420705_S5_0814131305.csv,73440,1565758422939,2445.861,0.01733888,0.02197986,-0.2065881,-0.001667859,0.1307796,0.9914101,352.4854,359.9036,359.4463,-0.06552579,-0.001155994,-0.004876942,0.9978383,0,0.3,1.793788,0.5612772,1
T0_EU_PS_B3_C0_P2420705_S5_0814131305.csv,73441,1565758422969,2445.893,0.01772309,0.02206926,-0.20703,-0.0005108489,0.130346,0.9914684,352.5104,359.9705,359.4346,-0.0653104,-0.0005793032,-0.004940022,0.9978526,0,0.3,1.793412,0.6330382,1
T0_EU_PS_B3_C0_P2420705_S5_0814131305.csv,73442,1565758423004,2445.927,0.01803496,0.02220371,-0.207343,-7.411459E-05,0.130844,0.991403,352.4816,-0.004283277,359.4949,-0.06556225,-0.0003262946,-0.004400887,0.9978387,0,0.3,1.79297,0.6385778,1
T0_EU_PS_B3_C0_P2420705_S5_0814131305.csv,73443,1565758423037,2445.96,0.0182159,0.02241023,-0.2076817,0.0002807933,0.1312329,0.9913515,352.4592,0.01622862,359.4654,-0.06575872,-0.0001654617,-0.004645748,0.9978247,0,0.3,1.792657,0.6428534,1
T0_EU_PS_B3_C0_P2420705_S5_0814131305.csv,73444,1565758423071,2445.995,0.0183836,0.02243036,-0.207918,-0.0006423257,0.1314745,0.9913194,352.4452,359.9629,359.5165,-0.06587842,-0.0006012493,-0.004231657,0.9978185,0,0.3,1.792318,0.5954478,1
T0_EU_PS_B3_C0_P2420705_S5_0814131305.csv,73445,1565758423104,2446.027,0.01855939,0.02250888,-0.2079821,-0.001817469,0.1309852,0.9913827,352.4735,359.895,359.5206,-0.06562968,-0.001189224,-0.004234583,0.9978344,0,0.3,1.792082,0.5630175,1
T0_EU_PS_B3_C0_P2420705_S5_0814131305.csv,73446,1565758423139,2446.062,0.01865932,0.02264345,-0.2079957,-0.00193696,0.1283004,0.9917334,352.6286,359.8881,359.4017,-0.06427716,-0.001310153,-0.00527317,0.9979173,0,0.3,1.792018,0.6702721,1
T0_EU_PS_B3_C0_P2420705_S5_0814131305.csv,73447,1565758423169,2446.093,0.01874153,0.02244263,-0.208102,-0.003054457,0.1235862,0.9923291,352.9009,359.8236,359.4086,-0.06190304,-0.001855562,-0.005246045,0.9980667,0,0.3,1.792004,0.8769265,1
T0_EU_PS_B3_C0_P2420705_S5_0814131305.csv,73448,1565758423203,2446.127,0.01900958,0.02275937,-0.2081088,-0.004316676,0.1203543,0.9927216,353.0874,359.7509,359.4592,-0.06027577,-0.002454672,-0.004841658,0.998167,0,0.3,1.791898,1.022207,1
T0_EU_PS_B3_C0_P2420705_S5_0814131305.csv,73449,1565758423238,2446.161,0.01939538,0.02253786,-0.2082866,-0.005709925,0.1140577,0.9934577,353.4507,359.6707,359.3359,-0.05710427,-0.003200021,-0.005949881,0.9983454,0,0.3,1.791891,1.36659,1
T0_EU_PS_B3_C0_P2420705_S5_0814131305.csv,73450,1565758423268,2446.192,0.0196874,0.02251862,-0.2087531,-0.00964944,0.1101301,0.9938703,353.6772,359.4437,359.1293,-0.05510991,-0.005265818,-0.007854486,0.9984356,0,0.3,1.791713,1.573834,0
T0_EU_PS_B3_C0_P2420705_S5_0814131305.csv,73451,1565758423305,2446.228,0.0199599,0.02280601,-0.209308,-0.0123467,0.1119019,0.9936426,353.575,359.2881,358.9854,-0.05598083,-0.006698618,-0.009187629,0.9983671,0,0.3,1.791247,1.46967,0
T0_EU_PS_B3_C0_P2420705_S5_0814131305.csv,73452,1565758423335,2446.26,0.02046437,0.02323482,-0.209837,-0.01364352,0.1158295,0.9931754,353.3485,359.213,359.0136,-0.0579499,-0.007355684,-0.008991702,0.9982519,0,0.3,1.790692,1.240962,0
T0_EU_PS_B3_C0_P2420705_S5_0814131305.csv,73453,1565758423371,2446.294,0.02097593,0.02338521,-0.2103717,-0.01356279,0.1184064,0.9928726,353.1999,359.2174,358.9007,-0.05923808,-0.007386173,-0.009980645,0.9981667,0,0.3,1.790163,1.086785,0
T0_EU_PS_B3_C0_P2420705_S5_0814131305.csv,73454,1565758423402,2446.326,0.02161667,0.02358366,-0.2110592,-0.01322805,0.1180264,0.9929224,353.2218,359.2367,358.8831,-0.05904767,-0.007224919,-0.0101228,0.9981777,0,0.3,1.789628,1.097001,1
T0_EU_PS_B3_C0_P2420705_S5_0814131305.csv,73455,1565758423438,2446.36,0.0222564,0.02364917,-0.2117622,-0.01055569,0.115867,0.9932086,353.3464,359.3911,358.8468,-0.05797416,-0.005888466,-0.01035462,0.998247,0,0.3,1.788941,1.210631,1
T0_EU_PS_B3_C0_P2420705_S5_0814131305.csv,73456,1565758423469,2446.393,0.0228473,0.02378406,-0.2124344,-0.009317051,0.1172631,0.9930572,353.2658,359.4625,358.8518,-0.05868244,-0.005271078,-0.01027763,0.9982099,0,0.3,1.788238,1.131942,0
T0_EU_PS_B3_C0_P2420705_S5_0814131305.csv,73457,1565758423502,2446.425,0.02335708,0.02409441,-0.2130609,-0.008300658,0.1194072,0.9928107,353.1421,359.521,358.7673,-0.05976178,-0.004815927,-0.01098767,0.9981406,0,0.3,1.787566,1.011237,1
T0_EU_PS_B3_C0_P2420705_S5_0814131305.csv,73458,1565758423536,2446.46,0.02374868,0.02423409,-0.2136568,-0.008480115,0.1210578,0.9926093,353.0468,359.5105,358.6616,-0.06058599,-0.00497162,-0.01191719,0.9980795,0,0.3,1.786939,0.9145018,1
T0_EU_PS_B3_C0_P2420705_S5_0814131305.csv,73459,1565758423569,2446.493,0.02419942,0.02465775,-0.2142727,-0.008377048,0.1216495,0.9925378,353.0127,359.5164,358.5909,-0.06088104,-0.004961086,-0.01253113,0.998054,0,0.3,1.786343,0.873349,1
T0_EU_PS_B3_C0_P2420705_S5_0814131305.csv,73460,1565758423603,2446.526,0.02465811,0.02511499,-0.2148781,-0.007447567,0.1236584,0.9922969,352.8967,359.57,358.586,-0.06189682,-0.004509501,-0.0125478,0.9979935,0,0.3,1.785727,0.7699938,1
T0_EU_PS_B3_C0_P2420705_S5_0814131305.csv,73461,1565758423635,2446.56,0.02512262,0.02544363,-0.2153682,-0.006912167,0.1275013,0.9918143,352.6748,359.6007,358.6384,-0.06383489,-0.004236234,-0.01208058,0.9978784,0,0.3,1.785122,0.5828267,1
T0_EU_PS_B3_C0_P2420705_S5_0814131305.csv,73462,1565758423670,2446.593,0.02547073,0.02565788,-0.2159051,-0.006239705,0.1286761,0.991667,352.6069,359.6395,358.6571,-0.06443064,-0.003894791,-0.01189713,0.9978437,0,0.3,1.784632,0.5532007,1
T0_EU_PS_B3_C0_P2420705_S5_0814131305.csv,73463,1565758423705,2446.627,0.02594794,0.0261771,-0.2162524,-0.00558055,0.1304153,0.9914438,352.5064,359.6775,358.5756,-0.06530711,-0.003620364,-0.01258743,0.9977793,0,0.3,1.784095,0.513962,1
T0_EU_PS_B3_C0_P2420705_S5_0814131305.csv,73464,1565758423734,2446.659,0.02633382,0.02640642,-0.216589,-0.006127879,0.1293714,0.9915773,352.5667,359.6459,358.4742,-0.06477494,-0.003946244,-0.01348711,0.9978009,0,0.3,1.783748,0.5319225,1
T0_EU_PS_B3_C0_P2420705_S5_0814131305.csv,73465,1565758423772,2446.695,0.02674573,0.026624,-0.2167214,-0.006499854,0.1289357,0.9916316,352.5919,359.6245,358.5793,-0.06455694,-0.004071146,-0.01258378,0.9978264,0,0.3,1.783411,0.5385033,1
