imu_packets,1167
IMUtimestamp,quatI,quatJ,quatK,quatReal,quatRadianAccuracy
1581494970.872201,0.02466,-0.00806,-0.99725,0.06970,0.0150
1581494970.877995,0.02466,-0.00793,-0.99725,0.06970,0.0150
1581494970.883842,0.02466,-0.00787,-0.99725,0.06970,0.0150
1581494970.889447,0.02466,-0.00775,-0.99725,0.06970,0.0150
1581494970.8958879,0.02466,-0.00769,-0.99725,0.06970,0.0150
1581494970.901504,0.02472,-0.00763,-0.99725,0.06970,0.0150
1581494970.906121,0.02472,-0.00757,-0.99725,0.06964,0.0150
1581494970.911825,0.02484,-0.00751,-0.99725,0.06964,0.0150
1581494970.9177852,0.02484,-0.00745,-0.99725,0.06958,0.0150
1581494970.9226549,0.02490,-0.00739,-0.99725,0.06958,0.0150
1581494970.928142,0.02490,-0.00732,-0.99725,0.06952,0.0150
1581494970.934405,0.02490,-0.00720,-0.99725,0.06952,0.0150
1581494970.9423869,0.02496,-0.00714,-0.99725,0.06946,0.0150
1581494970.945503,0.02496,-0.00708,-0.99725,0.06940,0.0150
1581494970.950476,0.02502,-0.00696,-0.99725,0.06934,0.0150
1581494970.9572082,0.02502,-0.00684,-0.99725,0.06934,0.0150
1581494970.962374,0.02502,-0.00677,-0.99725,0.06927,0.0150
1581494970.967836,0.02509,-0.00659,-0.99725,0.06915,0.0150
1581494970.973186,0.02509,-0.00653,-0.99725,0.06915,0.0150
1581494970.979191,0.02515,-0.00647,-0.99725,0.06909,0.0150
1581494970.985304,0.02515,-0.00641,-0.99725,0.06903,0.0150
1581494970.990966,0.02521,-0.00641,-0.99725,0.06903,0.0150
1581494970.9952378,0.02521,-0.00641,-0.99725,0.06897,0.0150
1581494971.0005162,0.02527,-0.00641,-0.99725,0.06897,0.0150
1581494971.0063841,0.02533,-0.00641,-0.99725,0.06897,0.0150
1581494971.011873,0.02539,-0.00653,-0.99725,0.06891,0.0150
1581494971.01794,0.02539,-0.00665,-0.99725,0.06891,0.0150
1581494971.0236669,0.02545,-0.00671,-0.99725,0.06885,0.0150
1581494971.029425,0.02551,-0.00677,-0.99725,0.06885,0.0150
1581494971.035599,0.02557,-0.00690,-0.99725,0.06879,0.0150
1581494971.0413802,0.02557,-0.00696,-0.99725,0.06879,0.0150
1581494971.0458071,0.02563,-0.00702,-0.99725,0.06873,0.0150
1581494971.0517251,0.02570,-0.00714,-0.99725,0.06873,0.0150
1581494971.056849,0.02570,-0.00726,-0.99725,0.06866,0.0150
1581494971.063753,0.02576,-0.00739,-0.99725,0.06866,0.0150
1581494971.069657,0.02582,-0.00745,-0.99725,0.06860,0.0150
1581494971.074579,0.02588,-0.00751,-0.99725,0.06860,0.0150
1581494971.0806952,0.02588,-0.00757,-0.99725,0.06854,0.0150
1581494971.08572,0.02594,-0.00763,-0.99725,0.06854,0.0150
1581494971.0904891,0.02594,-0.00769,-0.99725,0.06848,0.0150
1581494971.096214,0.02600,-0.00769,-0.99731,0.06848,0.0150
1581494971.102057,0.02606,-0.00775,-0.99731,0.06842,0.0150
1581494971.107439,0.02618,-0.00781,-0.99731,0.06830,0.0150
1581494971.1149812,0.02625,-0.00781,-0.99731,0.06824,0.0150
1581494971.119136,0.02631,-0.00787,-0.99731,0.06818,0.0150
1581494971.125637,0.02637,-0.00787,-0.99731,0.06812,0.0150
1581494971.131488,0.02643,-0.00787,-0.99731,0.06799,0.0150
1581494971.135623,0.02649,-0.00787,-0.99731,0.06787,0.0150
1581494971.141265,0.02655,-0.00781,-0.99731,0.06775,0.0150
1581494971.1480792,0.02655,-0.00781,-0.99731,0.06769,0.0150
1581494971.152637,0.02667,-0.00775,-0.99731,0.06738,0.0150
1581494971.158607,0.02667,-0.00775,-0.99738,0.06726,0.0150
1581494971.1650271,0.02673,-0.00775,-0.99738,0.06708,0.0150
1581494971.169736,0.02673,-0.00781,-0.99738,0.06696,0.0150
1581494971.175125,0.02679,-0.00787,-0.99738,0.06683,0.0150
1581494971.180133,0.02686,-0.00793,-0.99738,0.06665,0.0150
1581494971.185465,0.02698,-0.00806,-0.99738,0.06653,0.0150
1581494971.19344,0.02704,-0.00818,-0.99738,0.06635,0.0150
1581494971.196922,0.02716,-0.00836,-0.99744,0.06610,0.0150
1581494971.202545,0.02722,-0.00848,-0.99744,0.06598,0.0151
1581494971.207466,0.02728,-0.00854,-0.99744,0.06580,0.0150
1581494971.213598,0.02734,-0.00861,-0.99744,0.06573,0.0150
1581494971.2195919,0.02734,-0.00867,-0.99744,0.06561,0.0150
1581494971.224616,0.02740,-0.00867,-0.99744,0.06549,0.0150
1581494971.2299871,0.02740,-0.00867,-0.99744,0.06537,0.0150
1581494971.23617,0.02747,-0.00867,-0.99744,0.06525,0.0150
1581494971.240841,0.02747,-0.00861,-0.99744,0.06512,0.0150
1581494971.24703,0.02747,-0.00861,-0.99750,0.06506,0.0150
1581494971.253359,0.02753,-0.00861,-0.99750,0.06482,0.0150
1581494971.257656,0.02753,-0.00854,-0.99750,0.06470,0.0150
1581494971.263264,0.02753,-0.00854,-0.99750,0.06458,0.0150
1581494971.269842,0.02753,-0.00854,-0.99750,0.06445,0.0150
1581494971.2744472,0.02753,-0.00854,-0.99750,0.06427,0.0150
1581494971.280601,0.02759,-0.00854,-0.99750,0.06409,0.0150
1581494971.2859142,0.02759,-0.00854,-0.99756,0.06390,0.0150
1581494971.290977,0.02759,-0.00854,-0.99756,0.06372,0.0150
1581494971.296639,0.02765,-0.00854,-0.99756,0.06348,0.0150
1581494971.302311,0.02771,-0.00848,-0.99762,0.06293,0.0150
1581494971.308268,0.02777,-0.00842,-0.99762,0.06256,0.0150
1581494971.313764,0.02783,-0.00842,-0.99762,0.06219,0.0150
1581494971.319795,0.02789,-0.00836,-0.99768,0.06183,0.0150
1581494971.3249018,0.02802,-0.00830,-0.99768,0.06140,0.0150
1581494971.3305101,0.02808,-0.00824,-0.99774,0.06091,0.0150
1581494971.3365738,0.02814,-0.00818,-0.99774,0.06042,0.0150
1581494971.3411891,0.02820,-0.00818,-0.99774,0.05994,0.0150
1581494971.346349,0.02838,-0.00806,-0.99786,0.05865,0.0150
1581494971.351687,0.02850,-0.00806,-0.99786,0.05798,0.0150
1581494971.357413,0.02863,-0.00800,-0.99792,0.05725,0.0150
1581494971.362922,0.02875,-0.00793,-0.99792,0.05658,0.0150
1581494971.3682702,0.02893,-0.00787,-0.99799,0.05573,0.0150
1581494971.373612,0.02905,-0.00775,-0.99805,0.05493,0.0151
1581494971.379136,0.02924,-0.00769,-0.99811,0.05408,0.0151
1581494971.384873,0.02942,-0.00757,-0.99811,0.05310,0.0151
1581494971.39008,0.02954,-0.00745,-0.99817,0.05206,0.0151
1581494971.3955698,0.02972,-0.00732,-0.99823,0.05096,0.0151
1581494971.40082,0.02991,-0.00720,-0.99829,0.04999,0.0151
1581494971.40699,0.03003,-0.00702,-0.99835,0.04889,0.0151
1581494971.413721,0.03040,-0.00665,-0.99841,0.04657,0.0151
1581494971.418022,0.03052,-0.00647,-0.99847,0.04541,0.0151
1581494971.424979,0.03064,-0.00635,-0.99854,0.04431,0.0151
1581494971.4298098,0.03076,-0.00616,-0.99860,0.04309,0.0151
1581494971.435561,0.03088,-0.00598,-0.99866,0.04187,0.0151
1581494971.4400399,0.03094,-0.00580,-0.99866,0.04053,0.0151
1581494971.445281,0.03107,-0.00562,-0.99872,0.03937,0.0151
1581494971.450699,0.03113,-0.00543,-0.99878,0.03802,0.0151
1581494971.456864,0.03113,-0.00531,-0.99884,0.03680,0.0152
1581494971.4625301,0.03125,-0.00500,-0.99890,0.03442,0.0152
1581494971.468566,0.03125,-0.00488,-0.99896,0.03308,0.0152
1581494971.473857,0.03131,-0.00476,-0.99896,0.03192,0.0152
1581494971.4801679,0.03131,-0.00464,-0.99902,0.03082,0.0152
1581494971.485966,0.03131,-0.00452,-0.99908,0.02966,0.0152
1581494971.4899352,0.03131,-0.00439,-0.99908,0.02844,0.0152
1581494971.495229,0.03137,-0.00427,-0.99915,0.02734,0.0152
1581494971.501201,0.03131,-0.00421,-0.99915,0.02637,0.0152
1581494971.506624,0.03131,-0.00397,-0.99921,0.02429,0.0152
1581494971.512733,0.03131,-0.00391,-0.99921,0.02338,0.0152
1581494971.5180101,0.03131,-0.00378,-0.99927,0.02252,0.0152
1581494971.524176,0.03125,-0.00372,-0.99927,0.02167,0.0152
1581494971.530526,0.03125,-0.00366,-0.99927,0.02087,0.0152
1581494971.536185,0.03125,-0.00360,-0.99933,0.02008,0.0152
1581494971.540274,0.03125,-0.00354,-0.99933,0.01923,0.0152
1581494971.54598,0.03125,-0.00348,-0.99933,0.01862,0.0152
1581494971.551581,0.03125,-0.00348,-0.99933,0.01788,0.0152
1581494971.558382,0.03131,-0.00336,-0.99939,0.01672,0.0152
1581494971.5626318,0.03131,-0.00336,-0.99939,0.01624,0.0152
1581494971.570035,0.03131,-0.00330,-0.99939,0.01569,0.0152
1581494971.574223,0.03137,-0.00330,-0.99939,0.01526,0.0152
1581494971.580808,0.03137,-0.00323,-0.99939,0.01489,0.0152
1581494971.58494,0.03143,-0.00323,-0.99939,0.01459,0.0152
1581494971.5905,0.03149,-0.00323,-0.99939,0.01428,0.0152
1581494971.5973198,0.03156,-0.00323,-0.99939,0.01398,0.0152
1581494971.602978,0.03162,-0.00323,-0.99939,0.01379,0.0152
1581494971.608396,0.03174,-0.00317,-0.99939,0.01343,0.0152
1581494971.614495,0.03180,-0.00317,-0.99939,0.01331,0.0152
1581494971.621248,0.03192,-0.00317,-0.99939,0.01324,0.0152
1581494971.62582,0.03198,-0.00317,-0.99939,0.01324,0.0152
1581494971.63119,0.03204,-0.00317,-0.99939,0.01318,0.0152
1581494971.637611,0.03210,-0.00317,-0.99939,0.01324,0.0152
1581494971.641472,0.03217,-0.00317,-0.99939,0.01337,0.0152
1581494971.6475341,0.03223,-0.00323,-0.99939,0.01349,0.0152
1581494971.6540911,0.03229,-0.00323,-0.99939,0.01361,0.0152
1581494971.659374,0.03235,-0.00330,-0.99939,0.01379,0.0152
1581494971.66567,0.03235,-0.00330,-0.99939,0.01392,0.0152
1581494971.67036,0.03235,-0.00336,-0.99939,0.01416,0.0152
1581494971.676393,0.03241,-0.00342,-0.99939,0.01434,0.0152
1581494971.6823921,0.03241,-0.00360,-0.99939,0.01477,0.0152
1581494971.686193,0.03241,-0.00366,-0.99933,0.01501,0.0152
1581494971.691987,0.03235,-0.00372,-0.99933,0.01520,0.0152
1581494971.69724,0.03235,-0.00385,-0.99933,0.01544,0.0152
1581494971.703329,0.03235,-0.00397,-0.99933,0.01563,0.0152
1581494971.7093709,0.03235,-0.00403,-0.99933,0.01587,0.0152
1581494971.714653,0.03229,-0.00409,-0.99933,0.01611,0.0152
1581494971.7206342,0.03229,-0.00421,-0.99933,0.01630,0.0152
1581494971.725523,0.03229,-0.00421,-0.99933,0.01654,0.0152
1581494971.731693,0.03223,-0.00427,-0.99933,0.01678,0.0152
1581494971.73747,0.03217,-0.00433,-0.99933,0.01721,0.0152
1581494971.742561,0.03217,-0.00433,-0.99933,0.01740,0.0152
1581494971.7486222,0.03210,-0.00433,-0.99933,0.01758,0.0152
1581494971.753935,0.03210,-0.00433,-0.99933,0.01782,0.0152
1581494971.759767,0.03210,-0.00427,-0.99933,0.01801,0.0152
1581494971.7654011,0.03210,-0.00427,-0.99933,0.01819,0.0152
1581494971.7705028,0.03210,-0.00427,-0.99933,0.01837,0.0152
1581494971.77597,0.03210,-0.00421,-0.99933,0.01855,0.0152
1581494971.782091,0.03217,-0.00421,-0.99927,0.01886,0.0152
1581494971.7868621,0.03223,-0.00421,-0.99927,0.01904,0.0152
1581494971.79273,0.03229,-0.00415,-0.99927,0.01917,0.0152
1581494971.800417,0.03229,-0.00415,-0.99927,0.01929,0.0152
1581494971.805898,0.03235,-0.00421,-0.99927,0.01941,0.0152
1581494971.809878,0.03241,-0.00421,-0.99927,0.01953,0.0152
1581494971.8151538,0.03241,-0.00421,-0.99927,0.01965,0.0152
1581494971.820234,0.03247,-0.00421,-0.99927,0.01978,0.0152
1581494971.825988,0.03247,-0.00415,-0.99927,0.01990,0.0152
1581494971.8315232,0.03253,-0.00415,-0.99927,0.01996,0.0152
1581494971.8368719,0.03259,-0.00409,-0.99927,0.02014,0.0152
1581494971.8427,0.03265,-0.00409,-0.99927,0.02020,0.0152
1581494971.8490481,0.03271,-0.00409,-0.99927,0.02032,0.0152
1581494971.854021,0.03271,-0.00403,-0.99927,0.02039,0.0152
1581494971.8595011,0.03278,-0.00403,-0.99927,0.02045,0.0152
1581494971.865922,0.03284,-0.00403,-0.99927,0.02051,0.0152
1581494971.8708491,0.03290,-0.00403,-0.99927,0.02057,0.0152
1581494971.8760278,0.03296,-0.00403,-0.99921,0.02063,0.0152
1581494971.881928,0.03308,-0.00403,-0.99921,0.02069,0.0152
1581494971.888881,0.03314,-0.00403,-0.99921,0.02075,0.0152
1581494971.8938618,0.03314,-0.00409,-0.99921,0.02081,0.0152
1581494971.898931,0.03314,-0.00409,-0.99921,0.02087,0.0152
1581494971.904381,0.03320,-0.00415,-0.99921,0.02087,0.0152
1581494971.9102788,0.03320,-0.00421,-0.99921,0.02087,0.0152
1581494971.915088,0.03320,-0.00433,-0.99921,0.02094,0.0152
1581494971.920743,0.03320,-0.00439,-0.99921,0.02094,0.0152
1581494971.926643,0.03320,-0.00446,-0.99921,0.02094,0.0152
1581494971.933305,0.03320,-0.00458,-0.99921,0.02094,0.0152
1581494971.937856,0.03320,-0.00464,-0.99921,0.02094,0.0152
1581494971.9442098,0.03314,-0.00464,-0.99921,0.02087,0.0152
1581494971.949385,0.03314,-0.00470,-0.99921,0.02087,0.0151
1581494971.955713,0.03314,-0.00470,-0.99921,0.02081,0.0151
1581494971.96019,0.03314,-0.00470,-0.99921,0.02081,0.0151
1581494971.965984,0.03314,-0.00470,-0.99921,0.02075,0.0151
1581494971.973147,0.03314,-0.00470,-0.99921,0.02069,0.0151
1581494971.976608,0.03308,-0.00470,-0.99921,0.02051,0.0152
1581494971.9826062,0.03308,-0.00470,-0.99921,0.02045,0.0152
1581494971.9874501,0.03302,-0.00464,-0.99927,0.02032,0.0151
1581494971.993618,0.03296,-0.00464,-0.99927,0.02020,0.0152
1581494971.998869,0.03290,-0.00458,-0.99927,0.02008,0.0152
1581494972.004332,0.03278,-0.00452,-0.99927,0.01996,0.0152
1581494972.009857,0.03265,-0.00439,-0.99927,0.01984,0.0152
1581494972.015502,0.03247,-0.00433,-0.99927,0.01971,0.0152
1581494972.020994,0.03235,-0.00421,-0.99927,0.01965,0.0152
1581494972.026601,0.03198,-0.00385,-0.99927,0.01947,0.0151
1581494972.032359,0.03180,-0.00372,-0.99933,0.01935,0.0151
1581494972.03866,0.03162,-0.00354,-0.99933,0.01929,0.0151
1581494972.0439098,0.03143,-0.00336,-0.99933,0.01923,0.0151
1581494972.04983,0.03125,-0.00317,-0.99933,0.01917,0.0151
1581494972.054604,0.03107,-0.00305,-0.99933,0.01904,0.0151
1581494972.06084,0.03094,-0.00287,-0.99933,0.01898,0.0151
1581494972.065394,0.03076,-0.00275,-0.99933,0.01886,0.0151
1581494972.0713658,0.03064,-0.00262,-0.99933,0.01874,0.0151
1581494972.0778508,0.03040,-0.00244,-0.99939,0.01843,0.0151
1581494972.083345,0.03027,-0.00238,-0.99939,0.01831,0.0151
1581494972.0906188,0.03009,-0.00232,-0.99939,0.01819,0.0151
1581494972.095295,0.02997,-0.00220,-0.99939,0.01807,0.0151
1581494972.101829,0.02979,-0.00214,-0.99939,0.01794,0.0151
1581494972.105702,0.02960,-0.00208,-0.99939,0.01776,0.0151
1581494972.110175,0.02942,-0.00208,-0.99939,0.01770,0.0151
1581494972.11656,0.02924,-0.00201,-0.99939,0.01758,0.0151
1581494972.1215749,0.02905,-0.00201,-0.99945,0.01746,0.0151
1581494972.1271958,0.02869,-0.00208,-0.99945,0.01727,0.0151
1581494972.1333928,0.02856,-0.00214,-0.99945,0.01715,0.0151
1581494972.137949,0.02844,-0.00220,-0.99945,0.01709,0.0151
1581494972.144096,0.02832,-0.00226,-0.99945,0.01703,0.0151
1581494972.149437,0.02820,-0.00232,-0.99945,0.01697,0.0151
1581494972.1549802,0.02814,-0.00238,-0.99945,0.01691,0.0151
1581494972.1601532,0.02802,-0.00244,-0.99945,0.01678,0.0151
1581494972.165372,0.02789,-0.00250,-0.99945,0.01678,0.0151
1581494972.1716511,0.02783,-0.00250,-0.99945,0.01672,0.0151
1581494972.1764421,0.02765,-0.00256,-0.99945,0.01666,0.0151
1581494972.182678,0.02759,-0.00262,-0.99945,0.01660,0.0151
1581494972.1878421,0.02753,-0.00262,-0.99945,0.01660,0.0151
1581494972.194357,0.02747,-0.00269,-0.99951,0.01660,0.0151
1581494972.200404,0.02740,-0.00269,-0.99951,0.01654,0.0151
1581494972.2066188,0.02734,-0.00275,-0.99951,0.01654,0.0151
1581494972.210342,0.02728,-0.00281,-0.99951,0.01660,0.0151
1581494972.215474,0.02722,-0.00287,-0.99951,0.01660,0.0151
1581494972.2210932,0.02722,-0.00287,-0.99951,0.01660,0.0151
1581494972.227605,0.02716,-0.00299,-0.99951,0.01660,0.0151
1581494972.233558,0.02716,-0.00305,-0.99951,0.01666,0.0151
1581494972.2386339,0.02716,-0.00305,-0.99951,0.01666,0.0151
1581494972.244257,0.02722,-0.00305,-0.99951,0.01666,0.0151
1581494972.2495072,0.02722,-0.00311,-0.99951,0.01672,0.0151
1581494972.2548962,0.02728,-0.00311,-0.99951,0.01672,0.0151
1581494972.26076,0.02734,-0.00305,-0.99945,0.01678,0.0150
1581494972.266212,0.02740,-0.00305,-0.99945,0.01678,0.0150
1581494972.2717419,0.02753,-0.00293,-0.99945,0.01685,0.0150
1581494972.2768488,0.02765,-0.00287,-0.99945,0.01685,0.0150
1581494972.282298,0.02771,-0.00281,-0.99945,0.01691,0.0150
1581494972.288449,0.02777,-0.00269,-0.99945,0.01691,0.0150
1581494972.296035,0.02783,-0.00250,-0.99945,0.01697,0.0151
1581494972.300277,0.02783,-0.00244,-0.99945,0.01703,0.0151
1581494972.305174,0.02789,-0.00232,-0.99945,0.01709,0.0150
1581494972.310465,0.02795,-0.00220,-0.99945,0.01715,0.0151
1581494972.316133,0.02795,-0.00208,-0.99945,0.01721,0.0150
1581494972.321666,0.02802,-0.00195,-0.99945,0.01733,0.0150
1581494972.326766,0.02802,-0.00195,-0.99945,0.01746,0.0150
1581494972.3325472,0.02802,-0.00195,-0.99945,0.01764,0.0150
1581494972.3383338,0.02802,-0.00201,-0.99945,0.01776,0.0150
1581494972.346187,0.02802,-0.00208,-0.99945,0.01788,0.0150
1581494972.350595,0.02802,-0.00220,-0.99945,0.01807,0.0150
1581494972.354866,0.02802,-0.00232,-0.99945,0.01825,0.0150
1581494972.360113,0.02808,-0.00244,-0.99945,0.01843,0.0150
1581494972.3661351,0.02808,-0.00262,-0.99945,0.01862,0.0150
1581494972.37202,0.02814,-0.00293,-0.99939,0.01898,0.0150
1581494972.378416,0.02820,-0.00311,-0.99939,0.01917,0.0150
1581494972.384427,0.02820,-0.00330,-0.99939,0.01935,0.0150
1581494972.389516,0.02826,-0.00342,-0.99939,0.01953,0.0150
1581494972.3952682,0.02826,-0.00360,-0.99939,0.01971,0.0150
1581494972.400502,0.02832,-0.00372,-0.99939,0.01990,0.0150
1581494972.406464,0.02832,-0.00378,-0.99939,0.02008,0.0150
1581494972.411484,0.02832,-0.00397,-0.99939,0.02039,0.0150
1581494972.4177458,0.02838,-0.00403,-0.99939,0.02057,0.0150
1581494972.423438,0.02838,-0.00403,-0.99939,0.02075,0.0150
1581494972.4297118,0.02838,-0.00403,-0.99939,0.02094,0.0150
1581494972.434101,0.02838,-0.00403,-0.99939,0.02112,0.0150
1581494972.4400818,0.02838,-0.00403,-0.99939,0.02124,0.0150
1581494972.445566,0.02838,-0.00397,-0.99939,0.02142,0.0150
1581494972.4505239,0.02838,-0.00397,-0.99933,0.02155,0.0150
1581494972.4577222,0.02838,-0.00391,-0.99933,0.02173,0.0150
1581494972.461998,0.02844,-0.00378,-0.99933,0.02197,0.0150
1581494972.4676101,0.02844,-0.00372,-0.99933,0.02209,0.0150
1581494972.474389,0.02844,-0.00366,-0.99933,0.02222,0.0150
1581494972.479531,0.02844,-0.00360,-0.99933,0.02234,0.0150
1581494972.484976,0.02844,-0.00354,-0.99933,0.02240,0.0150
1581494972.490644,0.02844,-0.00342,-0.99933,0.02252,0.0150
1581494972.497229,0.02844,-0.00336,-0.99933,0.02258,0.0150
1581494972.501648,0.02844,-0.00317,-0.99933,0.02271,0.0150
1581494972.507675,0.02844,-0.00305,-0.99933,0.02277,0.0150
1581494972.513085,0.02838,-0.00293,-0.99933,0.02283,0.0150
1581494972.519733,0.02838,-0.00281,-0.99933,0.02289,0.0150
1581494972.524512,0.02838,-0.00269,-0.99933,0.02289,0.0150
1581494972.531422,0.02838,-0.00256,-0.99933,0.02295,0.0150
1581494972.537332,0.02838,-0.00244,-0.99933,0.02295,0.0150
1581494972.543106,0.02838,-0.00220,-0.99933,0.02295,0.0150
1581494972.54778,0.02838,-0.00208,-0.99933,0.02301,0.0150
1581494972.553399,0.02838,-0.00195,-0.99933,0.02301,0.0150
1581494972.559058,0.02838,-0.00183,-0.99933,0.02301,0.0150
1581494972.564439,0.02838,-0.00171,-0.99933,0.02301,0.0150
1581494972.5709069,0.02838,-0.00165,-0.99933,0.02301,0.0150
1581494972.575361,0.02838,-0.00159,-0.99933,0.02301,0.0150
1581494972.5815098,0.02838,-0.00153,-0.99933,0.02307,0.0150
1581494972.586565,0.02838,-0.00146,-0.99933,0.02307,0.0150
1581494972.591848,0.02838,-0.00134,-0.99933,0.02307,0.0150
1581494972.598189,0.02832,-0.00134,-0.99933,0.02307,0.0150
1581494972.604108,0.02832,-0.00128,-0.99933,0.02307,0.0150
1581494972.609308,0.02832,-0.00128,-0.99933,0.02307,0.0150
1581494972.614308,0.02832,-0.00134,-0.99933,0.02307,0.0150
1581494972.619334,0.02832,-0.00140,-0.99933,0.02307,0.0150
1581494972.6247108,0.02832,-0.00153,-0.99933,0.02313,0.0150
1581494972.630427,0.02832,-0.00165,-0.99933,0.02307,0.0150
1581494972.637187,0.02838,-0.00177,-0.99933,0.02307,0.0150
1581494972.642674,0.02838,-0.00220,-0.99933,0.02307,0.0150
1581494972.647296,0.02838,-0.00244,-0.99933,0.02301,0.0150
1581494972.652792,0.02844,-0.00275,-0.99933,0.02301,0.0150
1581494972.657641,0.02844,-0.00305,-0.99933,0.02301,0.0150
1581494972.66369,0.02844,-0.00336,-0.99933,0.02301,0.0150
1581494972.668979,0.02844,-0.00372,-0.99933,0.02301,0.0150
1581494972.674429,0.02850,-0.00409,-0.99933,0.02301,0.0150
1581494972.6812851,0.02850,-0.00446,-0.99933,0.02295,0.0150
1581494972.6852648,0.02856,-0.00482,-0.99933,0.02295,0.0150
1581494972.691746,0.02856,-0.00525,-0.99933,0.02295,0.0150
1581494972.6966321,0.02863,-0.00598,-0.99933,0.02283,0.0150
1581494972.701581,0.02869,-0.00635,-0.99933,0.02277,0.0150
1581494972.7073421,0.02875,-0.00671,-0.99933,0.02271,0.0150
1581494972.713728,0.02875,-0.00702,-0.99933,0.02264,0.0150
1581494972.7202911,0.02881,-0.00726,-0.99933,0.02258,0.0150
1581494972.724524,0.02887,-0.00757,-0.99933,0.02252,0.0150
1581494972.729952,0.02887,-0.00781,-0.99933,0.02246,0.0150
1581494972.735732,0.02893,-0.00806,-0.99933,0.02240,0.0150
1581494972.7420192,0.02893,-0.00836,-0.99927,0.02234,0.0150
1581494972.749697,0.02893,-0.00879,-0.99927,0.02216,0.0150
1581494972.7529001,0.02893,-0.00897,-0.99927,0.02209,0.0150
1581494972.758711,0.02893,-0.00916,-0.99927,0.02203,0.0150
1581494972.764052,0.02893,-0.00934,-0.99927,0.02197,0.0150
1581494972.769918,0.02893,-0.00952,-0.99927,0.02191,0.0150
1581494972.775129,0.02893,-0.00970,-0.99927,0.02179,0.0150
1581494972.7816,0.02893,-0.00983,-0.99927,0.02173,0.0150
1581494972.786013,0.02893,-0.00995,-0.99927,0.02167,0.0150
1581494972.791657,0.02893,-0.01019,-0.99933,0.02148,0.0150
1581494972.797042,0.02899,-0.01031,-0.99933,0.02136,0.0150
1581494972.802894,0.02899,-0.01038,-0.99933,0.02130,0.0150
1581494972.8102882,0.02899,-0.01050,-0.99933,0.02118,0.0150
1581494972.814084,0.02899,-0.01056,-0.99933,0.02112,0.0150
1581494972.819713,0.02899,-0.01068,-0.99933,0.02106,0.0150
1581494972.825727,0.02899,-0.01080,-0.99933,0.02100,0.0150
1581494972.830633,0.02899,-0.01093,-0.99933,0.02094,0.0150
1581494972.8372328,0.02899,-0.01099,-0.99933,0.02087,0.0150
1581494972.841998,0.02899,-0.01117,-0.99933,0.02075,0.0150
1581494972.8494878,0.02899,-0.01129,-0.99933,0.02069,0.0150
1581494972.852802,0.02899,-0.01135,-0.99933,0.02063,0.0150
1581494972.8593102,0.02899,-0.01135,-0.99933,0.02057,0.0150
1581494972.864584,0.02899,-0.01141,-0.99933,0.02051,0.0150
1581494972.8699908,0.02899,-0.01147,-0.99933,0.02045,0.0150
1581494972.876631,0.02899,-0.01147,-0.99933,0.02039,0.0150
1581494972.882113,0.02899,-0.01147,-0.99933,0.02026,0.0150
1581494972.887359,0.02899,-0.01141,-0.99933,0.02020,0.0150
1581494972.8931231,0.02899,-0.01141,-0.99933,0.02014,0.0150
1581494972.8986812,0.02899,-0.01135,-0.99933,0.02014,0.0150
1581494972.9044218,0.02899,-0.01129,-0.99933,0.02008,0.0150
1581494972.909651,0.02899,-0.01123,-0.99933,0.02002,0.0150
1581494972.9152262,0.02899,-0.01117,-0.99933,0.01996,0.0150
1581494972.920831,0.02899,-0.01105,-0.99933,0.01990,0.0150
1581494972.926613,0.02899,-0.01093,-0.99933,0.01978,0.0150
1581494972.932199,0.02899,-0.01086,-0.99933,0.01978,0.0150
1581494972.938198,0.02899,-0.01074,-0.99933,0.01971,0.0150
1581494972.944025,0.02899,-0.01068,-0.99933,0.01965,0.0150
1581494972.9493408,0.02899,-0.01068,-0.99933,0.01959,0.0150
1581494972.954797,0.02899,-0.01062,-0.99933,0.01953,0.0150
1581494972.960597,0.02899,-0.01056,-0.99933,0.01947,0.0150
1581494972.966568,0.02899,-0.01056,-0.99933,0.01947,0.0150
1581494972.9723141,0.02905,-0.01050,-0.99933,0.01941,0.0150
1581494972.976792,0.02905,-0.01050,-0.99933,0.01935,0.0150
1581494972.98268,0.02905,-0.01044,-0.99933,0.01929,0.0150
1581494972.9883788,0.02911,-0.01044,-0.99933,0.01929,0.0150
1581494972.993891,0.02917,-0.01038,-0.99933,0.01923,0.0150
1581494972.999321,0.02917,-0.01038,-0.99933,0.01917,0.0150
1581494973.0046248,0.02924,-0.01031,-0.99933,0.01917,0.0150
1581494973.010002,0.02924,-0.01031,-0.99933,0.01910,0.0150
1581494973.0167959,0.02930,-0.01025,-0.99933,0.01910,0.0150
1581494973.0213602,0.02930,-0.01019,-0.99933,0.01904,0.0150
1581494973.0274282,0.02936,-0.01013,-0.99933,0.01898,0.0150
1581494973.032994,0.02936,-0.01013,-0.99933,0.01898,0.0150
1581494973.038313,0.02936,-0.01007,-0.99933,0.01892,0.0150
1581494973.0446038,0.02936,-0.01007,-0.99933,0.01892,0.0150
1581494973.049737,0.02936,-0.01007,-0.99933,0.01892,0.0150
1581494973.054411,0.02942,-0.01001,-0.99933,0.01886,0.0150
1581494973.0599492,0.02942,-0.01001,-0.99933,0.01886,0.0150
1581494973.0659158,0.02942,-0.00995,-0.99933,0.01880,0.0150
1581494973.072336,0.02942,-0.00989,-0.99933,0.01880,0.0150
1581494973.076467,0.02948,-0.00983,-0.99933,0.01874,0.0150
1581494973.082129,0.02948,-0.00977,-0.99933,0.01874,0.0150
1581494973.088644,0.02948,-0.00977,-0.99933,0.01874,0.0150
1581494973.093911,0.02954,-0.00970,-0.99933,0.01868,0.0150
1581494973.098434,0.02954,-0.00970,-0.99933,0.01868,0.0150
1581494973.104091,0.02960,-0.00964,-0.99933,0.01868,0.0150
1581494973.110251,0.02960,-0.00964,-0.99933,0.01862,0.0150
1581494973.1148858,0.02966,-0.00964,-0.99933,0.01862,0.0150
1581494973.120576,0.02966,-0.00970,-0.99933,0.01862,0.0150
1581494973.126509,0.02972,-0.00977,-0.99933,0.01855,0.0150
1581494973.131542,0.02979,-0.00977,-0.99933,0.01855,0.0150
1581494973.138918,0.02979,-0.00977,-0.99933,0.01855,0.0150
1581494973.143451,0.02979,-0.00983,-0.99933,0.01849,0.0150
1581494973.149766,0.02985,-0.00983,-0.99933,0.01849,0.0150
1581494973.154635,0.02985,-0.00989,-0.99933,0.01849,0.0150
1581494973.159532,0.02991,-0.00989,-0.99933,0.01849,0.0150
1581494973.165039,0.02991,-0.00989,-0.99933,0.01849,0.0150
1581494973.171851,0.02991,-0.00989,-0.99933,0.01843,0.0150
1581494973.1776059,0.02997,-0.00989,-0.99933,0.01843,0.0150
1581494973.1838,0.02997,-0.00989,-0.99933,0.01843,0.0150
1581494973.188271,0.02997,-0.00989,-0.99933,0.01843,0.0150
1581494973.194838,0.02997,-0.00989,-0.99933,0.01843,0.0150
1581494973.198912,0.02997,-0.00989,-0.99933,0.01843,0.0150
1581494973.204291,0.02997,-0.00989,-0.99933,0.01843,0.0150
1581494973.210643,0.02997,-0.00989,-0.99933,0.01843,0.0150
1581494973.2154481,0.02997,-0.00989,-0.99933,0.01843,0.0150
1581494973.221787,0.02991,-0.00989,-0.99933,0.01843,0.0150
1581494973.2269518,0.02991,-0.00989,-0.99933,0.01843,0.0150
1581494973.233679,0.02985,-0.00989,-0.99933,0.01843,0.0150
1581494973.238789,0.02985,-0.00989,-0.99933,0.01843,0.0150
1581494973.2455199,0.02979,-0.00989,-0.99933,0.01849,0.0150
1581494973.249439,0.02979,-0.00989,-0.99933,0.01849,0.0150
1581494973.254977,0.02972,-0.00995,-0.99933,0.01849,0.0150
1581494973.261813,0.02972,-0.00995,-0.99933,0.01849,0.0150
1581494973.266562,0.02966,-0.01007,-0.99933,0.01855,0.0150
1581494973.27229,0.02960,-0.01007,-0.99933,0.01855,0.0150
1581494973.27806,0.02960,-0.01013,-0.99933,0.01855,0.0150
1581494973.285603,0.02954,-0.01019,-0.99933,0.01855,0.0150
1581494973.2891562,0.02948,-0.01025,-0.99933,0.01862,0.0150
1581494973.295184,0.02942,-0.01031,-0.99933,0.01862,0.0150
1581494973.3013701,0.02942,-0.01038,-0.99933,0.01862,0.0150
1581494973.306064,0.02936,-0.01044,-0.99933,0.01862,0.0150
1581494973.3112772,0.02924,-0.01050,-0.99933,0.01862,0.0150
1581494973.317583,0.02917,-0.01056,-0.99933,0.01862,0.0150
1581494973.322736,0.02911,-0.01056,-0.99933,0.01862,0.0150
1581494973.329597,0.02905,-0.01062,-0.99933,0.01868,0.0150
1581494973.3339891,0.02899,-0.01068,-0.99933,0.01868,0.0150
1581494973.339554,0.02893,-0.01068,-0.99933,0.01868,0.0150
1581494973.3461308,0.02887,-0.01074,-0.99933,0.01874,0.0150
1581494973.350255,0.02881,-0.01080,-0.99933,0.01874,0.0150
1581494973.3573859,0.02875,-0.01086,-0.99933,0.01874,0.0150
1581494973.361975,0.02863,-0.01099,-0.99933,0.01880,0.0150
1581494973.3684359,0.02856,-0.01105,-0.99933,0.01880,0.0150
1581494973.3724852,0.02850,-0.01111,-0.99933,0.01886,0.0150
1581494973.379627,0.02844,-0.01117,-0.99933,0.01886,0.0150
1581494973.385824,0.02838,-0.01129,-0.99933,0.01886,0.0150
1581494973.389251,0.02832,-0.01135,-0.99933,0.01892,0.0150
1581494973.394602,0.02826,-0.01141,-0.99933,0.01892,0.0150
1581494973.4008052,0.02826,-0.01147,-0.99933,0.01892,0.0150
1581494973.4056761,0.02820,-0.01166,-0.99933,0.01898,0.0150
1581494973.4113019,0.02814,-0.01178,-0.99933,0.01898,0.0150
1581494973.417002,0.02814,-0.01184,-0.99933,0.01892,0.0150
1581494973.422403,0.02814,-0.01196,-0.99933,0.01892,0.0150
1581494973.427573,0.02814,-0.01202,-0.99933,0.01892,0.0150
1581494973.433268,0.02808,-0.01208,-0.99933,0.01892,0.0150
1581494973.438619,0.02808,-0.01221,-0.99933,0.01886,0.0150
1581494973.445311,0.02802,-0.01227,-0.99933,0.01886,0.0150
1581494973.4497411,0.02802,-0.01239,-0.99933,0.01886,0.0150
1581494973.4550688,0.02795,-0.01245,-0.99933,0.01880,0.0150
1581494973.461697,0.02789,-0.01257,-0.99933,0.01880,0.0150
1581494973.46601,0.02783,-0.01276,-0.99933,0.01874,0.0150
1581494973.471167,0.02783,-0.01282,-0.99933,0.01874,0.0150
1581494973.4774451,0.02783,-0.01294,-0.99933,0.01874,0.0150
1581494973.482076,0.02777,-0.01300,-0.99933,0.01874,0.0150
1581494973.488083,0.02777,-0.01312,-0.99933,0.01874,0.0150
1581494973.493966,0.02783,-0.01324,-0.99933,0.01880,0.0150
1581494973.499163,0.02783,-0.01337,-0.99933,0.01880,0.0150
1581494973.504676,0.02783,-0.01349,-0.99933,0.01886,0.0150
1581494973.50994,0.02783,-0.01361,-0.99933,0.01892,0.0150
1581494973.5161102,0.02783,-0.01367,-0.99933,0.01898,0.0150
1581494973.521565,0.02783,-0.01392,-0.99933,0.01910,0.0150
1581494973.527232,0.02789,-0.01398,-0.99933,0.01917,0.0150
1581494973.533781,0.02789,-0.01404,-0.99933,0.01923,0.0150
1581494973.538786,0.02789,-0.01416,-0.99933,0.01929,0.0150
1581494973.54458,0.02789,-0.01422,-0.99933,0.01935,0.0150
1581494973.5497742,0.02795,-0.01428,-0.99933,0.01941,0.0150
1581494973.5555358,0.02795,-0.01434,-0.99933,0.01947,0.0150
1581494973.561731,0.02795,-0.01447,-0.99933,0.01959,0.0150
1581494973.565983,0.02795,-0.01453,-0.99933,0.01965,0.0150
1581494973.5716438,0.02795,-0.01465,-0.99933,0.01978,0.0150
1581494973.577572,0.02795,-0.01471,-0.99933,0.01978,0.0150
1581494973.583206,0.02795,-0.01477,-0.99933,0.01984,0.0150
1581494973.58945,0.02795,-0.01483,-0.99933,0.01990,0.0150
1581494973.5939252,0.02789,-0.01489,-0.99933,0.01996,0.0150
1581494973.59937,0.02789,-0.01495,-0.99927,0.02002,0.0150
1581494973.605601,0.02783,-0.01501,-0.99927,0.02008,0.0150
1581494973.611413,0.02783,-0.01508,-0.99927,0.02014,0.0150
1581494973.6159492,0.02771,-0.01526,-0.99927,0.02026,0.0150
1581494973.622355,0.02771,-0.01532,-0.99927,0.02032,0.0150
1581494973.627926,0.02765,-0.01538,-0.99927,0.02039,0.0150
1581494973.633794,0.02765,-0.01544,-0.99927,0.02045,0.0150
1581494973.638897,0.02759,-0.01550,-0.99927,0.02051,0.0150
1581494973.645546,0.02759,-0.01556,-0.99927,0.02057,0.0150
1581494973.6494982,0.02759,-0.01556,-0.99927,0.02063,0.0150
1581494973.655927,0.02759,-0.01563,-0.99927,0.02069,0.0150
1581494973.6607842,0.02759,-0.01563,-0.99927,0.02069,0.0150
1581494973.666187,0.02765,-0.01563,-0.99927,0.02081,0.0150
1581494973.6719701,0.02765,-0.01563,-0.99927,0.02081,0.0150
1581494973.6774201,0.02765,-0.01563,-0.99927,0.02087,0.0150
1581494973.6834931,0.02765,-0.01556,-0.99927,0.02094,0.0150
1581494973.689589,0.02765,-0.01556,-0.99927,0.02100,0.0150
1581494973.694089,0.02759,-0.01550,-0.99927,0.02106,0.0150
1581494973.6998909,0.02759,-0.01544,-0.99927,0.02112,0.0150
1581494973.705415,0.02753,-0.01544,-0.99927,0.02118,0.0150
1581494973.710504,0.02747,-0.01538,-0.99927,0.02130,0.0150
1581494973.7159832,0.02734,-0.01526,-0.99927,0.02161,0.0150
1581494973.721996,0.02734,-0.01520,-0.99927,0.02173,0.0150
1581494973.7286348,0.02728,-0.01514,-0.99927,0.02197,0.0150
1581494973.733494,0.02722,-0.01508,-0.99927,0.02216,0.0150
1581494973.7389598,0.02716,-0.01495,-0.99927,0.02240,0.0150
1581494973.744395,0.02716,-0.01489,-0.99927,0.02264,0.0150
1581494973.749671,0.02710,-0.01477,-0.99927,0.02295,0.0150
1581494973.756595,0.02710,-0.01471,-0.99927,0.02319,0.0150
1581494973.761316,0.02716,-0.01459,-0.99927,0.02374,0.0150
1581494973.767091,0.02722,-0.01453,-0.99921,0.02399,0.0150
1581494973.7725382,0.02728,-0.01447,-0.99921,0.02423,0.0150
1581494973.7783449,0.02734,-0.01440,-0.99921,0.02448,0.0150
1581494973.786591,0.02740,-0.01440,-0.99921,0.02472,0.0150
1581494973.789551,0.02747,-0.01434,-0.99921,0.02496,0.0150
1581494973.795081,0.02753,-0.01428,-0.99921,0.02515,0.0150
1581494973.800396,0.02765,-0.01422,-0.99921,0.02539,0.0150
1581494973.805867,0.02777,-0.01410,-0.99921,0.02570,0.0150
1581494973.8109188,0.02783,-0.01404,-0.99921,0.02588,0.0150
1581494973.817035,0.02789,-0.01398,-0.99915,0.02600,0.0150
1581494973.821751,0.02795,-0.01385,-0.99915,0.02612,0.0150
1581494973.828022,0.02802,-0.01379,-0.99915,0.02618,0.0150
1581494973.833576,0.02802,-0.01367,-0.99915,0.02625,0.0150
1581494973.838989,0.02808,-0.01355,-0.99915,0.02631,0.0150
1581494973.8446379,0.02808,-0.01343,-0.99915,0.02631,0.0150
1581494973.84964,0.02814,-0.01337,-0.99915,0.02631,0.0150
1581494973.855399,0.02814,-0.01324,-0.99915,0.02631,0.0150
1581494973.861312,0.02820,-0.01306,-0.99915,0.02618,0.0150
1581494973.867009,0.02820,-0.01294,-0.99921,0.02612,0.0150
1581494973.8732002,0.02820,-0.01288,-0.99921,0.02600,0.0150
1581494973.878576,0.02820,-0.01288,-0.99921,0.02594,0.0150
1581494973.884317,0.02820,-0.01282,-0.99921,0.02582,0.0150
1581494973.889786,0.02814,-0.01276,-0.99921,0.02570,0.0150
1581494973.8949409,0.02814,-0.01270,-0.99921,0.02557,0.0150
1581494973.900907,0.02814,-0.01263,-0.99921,0.02545,0.0150
1581494973.908192,0.02814,-0.01257,-0.99921,0.02515,0.0150
1581494973.91295,0.02814,-0.01257,-0.99921,0.02496,0.0150
1581494973.918661,0.02814,-0.01251,-0.99921,0.02484,0.0150
1581494973.925245,0.02820,-0.01251,-0.99921,0.02466,0.0150
1581494973.929377,0.02820,-0.01245,-0.99921,0.02454,0.0150
1581494973.935361,0.02826,-0.01245,-0.99921,0.02435,0.0150
1581494973.941579,0.02826,-0.01245,-0.99921,0.02417,0.0150
1581494973.9465458,0.02832,-0.01239,-0.99927,0.02380,0.0150
1581494973.952843,0.02832,-0.01233,-0.99927,0.02362,0.0150
1581494973.958633,0.02838,-0.01233,-0.99927,0.02344,0.0150
1581494973.9634829,0.02838,-0.01227,-0.99927,0.02325,0.0150
1581494973.969701,0.02844,-0.01221,-0.99927,0.02307,0.0150
1581494973.9757922,0.02844,-0.01215,-0.99927,0.02289,0.0150
1581494973.980366,0.02844,-0.01208,-0.99927,0.02277,0.0150
1581494973.9854798,0.02850,-0.01202,-0.99927,0.02258,0.0150
1581494973.991307,0.02850,-0.01196,-0.99927,0.02228,0.0150
1581494973.996972,0.02850,-0.01190,-0.99927,0.02209,0.0150
1581494974.0035682,0.02856,-0.01190,-0.99927,0.02197,0.0150
1581494974.009058,0.02856,-0.01184,-0.99927,0.02179,0.0150
1581494974.0139809,0.02863,-0.01178,-0.99927,0.02167,0.0150
1581494974.0193799,0.02863,-0.01178,-0.99927,0.02148,0.0150
1581494974.024704,0.02863,-0.01172,-0.99927,0.02136,0.0150
1581494974.030606,0.02869,-0.01166,-0.99927,0.02124,0.0150
1581494974.0368378,0.02869,-0.01160,-0.99933,0.02100,0.0150
1581494974.04219,0.02875,-0.01154,-0.99933,0.02087,0.0150
1581494974.048658,0.02875,-0.01154,-0.99933,0.02075,0.0150
1581494974.054388,0.02875,-0.01147,-0.99933,0.02063,0.0150
1581494974.059459,0.02881,-0.01147,-0.99933,0.02057,0.0150
1581494974.066357,0.02881,-0.01141,-0.99933,0.02051,0.0150
1581494974.0711832,0.02887,-0.01141,-0.99933,0.02039,0.0150
1581494974.0762272,0.02893,-0.01141,-0.99933,0.02032,0.0150
1581494974.082068,0.02899,-0.01135,-0.99933,0.02020,0.0150
1581494974.0871308,0.02905,-0.01135,-0.99933,0.02008,0.0150
1581494974.09355,0.02911,-0.01135,-0.99933,0.02002,0.0150
1581494974.099008,0.02911,-0.01135,-0.99933,0.01996,0.0150
1581494974.104537,0.02917,-0.01135,-0.99933,0.01984,0.0150
1581494974.109287,0.02917,-0.01141,-0.99933,0.01978,0.0150
1581494974.1156428,0.02924,-0.01141,-0.99933,0.01971,0.0150
1581494974.12078,0.02924,-0.01141,-0.99933,0.01953,0.0150
1581494974.1268969,0.02924,-0.01141,-0.99933,0.01941,0.0150
1581494974.132663,0.02924,-0.01141,-0.99933,0.01935,0.0150
1581494974.138405,0.02924,-0.01141,-0.99933,0.01923,0.0150
1581494974.1437619,0.02924,-0.01147,-0.99933,0.01917,0.0150
1581494974.149874,0.02930,-0.01147,-0.99933,0.01910,0.0150
1581494974.154142,0.02930,-0.01147,-0.99933,0.01898,0.0150
1581494974.159729,0.02930,-0.01147,-0.99933,0.01886,0.0150
1581494974.166899,0.02930,-0.01147,-0.99933,0.01880,0.0150
1581494974.170881,0.02936,-0.01154,-0.99933,0.01855,0.0150
1581494974.17696,0.02936,-0.01154,-0.99933,0.01849,0.0150
1581494974.1814961,0.02936,-0.01154,-0.99933,0.01837,0.0150
1581494974.187745,0.02936,-0.01154,-0.99933,0.01831,0.0150
1581494974.193919,0.02936,-0.01154,-0.99933,0.01819,0.0150
1581494974.1984372,0.02936,-0.01154,-0.99933,0.01813,0.0150
1581494974.206271,0.02936,-0.01160,-0.99933,0.01801,0.0150
1581494974.210796,0.02936,-0.01160,-0.99933,0.01788,0.0150
1581494974.2146099,0.02942,-0.01160,-0.99933,0.01782,0.0150
1581494974.222383,0.02942,-0.01166,-0.99933,0.01770,0.0150
1581494974.226481,0.02942,-0.01172,-0.99933,0.01752,0.0150
1581494974.232094,0.02942,-0.01172,-0.99933,0.01740,0.0150
1581494974.237431,0.02942,-0.01178,-0.99933,0.01727,0.0150
1581494974.243395,0.02942,-0.01178,-0.99933,0.01721,0.0150
1581494974.251634,0.02948,-0.01184,-0.99933,0.01715,0.0150
1581494974.254863,0.02948,-0.01190,-0.99933,0.01703,0.0150
1581494974.25942,0.02948,-0.01190,-0.99933,0.01697,0.0150
1581494974.26466,0.02948,-0.01190,-0.99933,0.01685,0.0150
1581494974.270529,0.02954,-0.01196,-0.99933,0.01672,0.0150
1581494974.276573,0.02954,-0.01196,-0.99933,0.01660,0.0150
1581494974.2818549,0.02954,-0.01196,-0.99933,0.01654,0.0150
1581494974.286945,0.02954,-0.01202,-0.99933,0.01642,0.0150
1581494974.2923388,0.02954,-0.01202,-0.99933,0.01636,0.0150
1581494974.298398,0.02954,-0.01202,-0.99933,0.01624,0.0150
1581494974.30366,0.02954,-0.01202,-0.99939,0.01611,0.0150
1581494974.310229,0.02954,-0.01202,-0.99939,0.01599,0.0150
1581494974.314661,0.02954,-0.01202,-0.99939,0.01587,0.0150
1581494974.320253,0.02948,-0.01208,-0.99939,0.01569,0.0150
1581494974.3257651,0.02936,-0.01208,-0.99939,0.01544,0.0150
1581494974.3315,0.02930,-0.01215,-0.99939,0.01526,0.0150
1581494974.337572,0.02917,-0.01215,-0.99939,0.01514,0.0150
1581494974.342967,0.02911,-0.01208,-0.99939,0.01501,0.0150
1581494974.348338,0.02899,-0.01208,-0.99939,0.01489,0.0150
1581494974.354032,0.02887,-0.01208,-0.99939,0.01477,0.0150
1581494974.360176,0.02875,-0.01202,-0.99939,0.01459,0.0150
1581494974.36478,0.02863,-0.01196,-0.99939,0.01453,0.0150
1581494974.3700259,0.02850,-0.01196,-0.99939,0.01440,0.0150
1581494974.375649,0.02832,-0.01184,-0.99945,0.01422,0.0150
1581494974.381616,0.02820,-0.01184,-0.99945,0.01416,0.0150
1581494974.387702,0.02814,-0.01178,-0.99945,0.01404,0.0150
1581494974.3933802,0.02808,-0.01178,-0.99945,0.01398,0.0150
1581494974.39872,0.02802,-0.01178,-0.99945,0.01392,0.0150
1581494974.4039428,0.02795,-0.01178,-0.99945,0.01385,0.0150
1581494974.4097972,0.02783,-0.01178,-0.99945,0.01379,0.0150
1581494974.41629,0.02777,-0.01178,-0.99945,0.01373,0.0150
1581494974.42189,0.02771,-0.01178,-0.99945,0.01361,0.0150
1581494974.4274628,0.02765,-0.01178,-0.99945,0.01361,0.0150
1581494974.4326952,0.02759,-0.01184,-0.99945,0.01355,0.0150
1581494974.43787,0.02759,-0.01184,-0.99945,0.01355,0.0150
1581494974.443291,0.02753,-0.01184,-0.99945,0.01349,0.0150
1581494974.4499211,0.02753,-0.01184,-0.99945,0.01349,0.0150
1581494974.454093,0.02747,-0.01184,-0.99945,0.01349,0.0150
1581494974.459796,0.02747,-0.01184,-0.99945,0.01349,0.0150
1581494974.465021,0.02747,-0.01184,-0.99945,0.01355,0.0150
1581494974.471135,0.02753,-0.01184,-0.99945,0.01361,0.0150
1581494974.477244,0.02753,-0.01178,-0.99945,0.01361,0.0150
1581494974.48234,0.02753,-0.01178,-0.99945,0.01367,0.0150
1581494974.487467,0.02759,-0.01178,-0.99945,0.01373,0.0150
1581494974.49414,0.02759,-0.01178,-0.99945,0.01373,0.0150
1581494974.498583,0.02765,-0.01178,-0.99945,0.01379,0.0150
1581494974.505395,0.02771,-0.01178,-0.99945,0.01385,0.0150
1581494974.50982,0.02771,-0.01178,-0.99945,0.01385,0.0150
1581494974.51456,0.02771,-0.01172,-0.99945,0.01392,0.0150
1581494974.521524,0.02777,-0.01166,-0.99945,0.01392,0.0150
1581494974.525394,0.02783,-0.01160,-0.99945,0.01398,0.0150
1581494974.532269,0.02783,-0.01147,-0.99945,0.01404,0.0150
1581494974.537549,0.02783,-0.01141,-0.99945,0.01404,0.0150
1581494974.542628,0.02783,-0.01135,-0.99945,0.01410,0.0150
1581494974.548068,0.02783,-0.01123,-0.99945,0.01410,0.0150
1581494974.553716,0.02777,-0.01117,-0.99945,0.01416,0.0150
1581494974.558681,0.02777,-0.01111,-0.99945,0.01416,0.0150
1581494974.5646641,0.02771,-0.01105,-0.99945,0.01422,0.0150
1581494974.569685,0.02765,-0.01099,-0.99945,0.01428,0.0150
1581494974.576465,0.02759,-0.01093,-0.99945,0.01434,0.0150
1581494974.581066,0.02747,-0.01086,-0.99945,0.01453,0.0150
1581494974.586845,0.02740,-0.01086,-0.99945,0.01459,0.0150
1581494974.592111,0.02728,-0.01086,-0.99945,0.01465,0.0150
1581494974.598259,0.02716,-0.01086,-0.99945,0.01471,0.0150
1581494974.603447,0.02704,-0.01093,-0.99945,0.01483,0.0150
1581494974.608899,0.02692,-0.01093,-0.99945,0.01495,0.0150
1581494974.614541,0.02673,-0.01099,-0.99945,0.01501,0.0150
1581494974.621411,0.02649,-0.01111,-0.99945,0.01514,0.0150
1581494974.6263292,0.02600,-0.01135,-0.99945,0.01538,0.0150
1581494974.632192,0.02576,-0.01154,-0.99945,0.01550,0.0150
1581494974.6379788,0.02551,-0.01172,-0.99951,0.01563,0.0150
1581494974.643837,0.02527,-0.01190,-0.99951,0.01569,0.0150
1581494974.649604,0.02502,-0.01215,-0.99951,0.01587,0.0150
1581494974.654227,0.02484,-0.01233,-0.99951,0.01593,0.0150
1581494974.659401,0.02466,-0.01257,-0.99951,0.01605,0.0150
1581494974.665225,0.02448,-0.01282,-0.99951,0.01617,0.0150
1581494974.6705,0.02417,-0.01318,-0.99951,0.01642,0.0150
1581494974.675903,0.02405,-0.01337,-0.99951,0.01654,0.0150
1581494974.681659,0.02393,-0.01355,-0.99951,0.01666,0.0150
1581494974.6870348,0.02386,-0.01373,-0.99945,0.01678,0.0150
1581494974.69344,0.02374,-0.01392,-0.99945,0.01691,0.0150
1581494974.698435,0.02362,-0.01404,-0.99945,0.01703,0.0150
1581494974.704276,0.02356,-0.01422,-0.99945,0.01715,0.0150
1581494974.7092211,0.02350,-0.01434,-0.99945,0.01727,0.0150
1581494974.714854,0.02350,-0.01453,-0.99945,0.01740,0.0150
1581494974.72108,0.02344,-0.01465,-0.99945,0.01752,0.0150
1581494974.7259111,0.02344,-0.01489,-0.99945,0.01776,0.0150
1581494974.73199,0.02344,-0.01495,-0.99945,0.01788,0.0150
1581494974.738954,0.02344,-0.01501,-0.99945,0.01801,0.0150
1581494974.743468,0.02344,-0.01508,-0.99945,0.01807,0.0150
1581494974.748883,0.02344,-0.01514,-0.99945,0.01819,0.0150
1581494974.753931,0.02338,-0.01514,-0.99945,0.01825,0.0150
1581494974.759422,0.02338,-0.01514,-0.99945,0.01831,0.0150
1581494974.76595,0.02338,-0.01514,-0.99945,0.01837,0.0150
1581494974.77092,0.02338,-0.01508,-0.99945,0.01849,0.0150
1581494974.777078,0.02338,-0.01501,-0.99945,0.01855,0.0150
1581494974.7829828,0.02344,-0.01495,-0.99945,0.01855,0.0150
1581494974.789192,0.02344,-0.01489,-0.99945,0.01862,0.0150
1581494974.793364,0.02350,-0.01483,-0.99945,0.01862,0.0150
1581494974.799123,0.02350,-0.01471,-0.99945,0.01862,0.0150
1581494974.8056178,0.02356,-0.01465,-0.99945,0.01862,0.0150
1581494974.810113,0.02356,-0.01453,-0.99945,0.01862,0.0150
1581494974.815576,0.02362,-0.01434,-0.99945,0.01862,0.0150
1581494974.821312,0.02362,-0.01428,-0.99945,0.01855,0.0150
1581494974.8277361,0.02362,-0.01416,-0.99945,0.01855,0.0150
1581494974.833191,0.02362,-0.01410,-0.99945,0.01855,0.0150
1581494974.8383482,0.02362,-0.01404,-0.99945,0.01855,0.0150
1581494974.8443232,0.02362,-0.01398,-0.99945,0.01855,0.0150
1581494974.849706,0.02362,-0.01398,-0.99945,0.01855,0.0150
1581494974.854948,0.02362,-0.01392,-0.99945,0.01855,0.0150
1581494974.861036,0.02374,-0.01385,-0.99945,0.01855,0.0150
1581494974.866942,0.02374,-0.01385,-0.99945,0.01855,0.0150
1581494974.873343,0.02386,-0.01385,-0.99945,0.01855,0.0150
1581494974.8783748,0.02393,-0.01385,-0.99945,0.01855,0.0150
1581494974.883735,0.02399,-0.01379,-0.99945,0.01849,0.0150
1581494974.8890119,0.02405,-0.01379,-0.99945,0.01849,0.0150
1581494974.894589,0.02411,-0.01373,-0.99945,0.01849,0.0150
1581494974.9001431,0.02417,-0.01373,-0.99945,0.01843,0.0150
1581494974.906819,0.02429,-0.01367,-0.99945,0.01843,0.0150
1581494974.911606,0.02435,-0.01367,-0.99945,0.01837,0.0150
1581494974.917351,0.02441,-0.01367,-0.99945,0.01837,0.0150
1581494974.9229262,0.02448,-0.01367,-0.99945,0.01831,0.0150
1581494974.929117,0.02454,-0.01367,-0.99945,0.01825,0.0150
1581494974.934144,0.02460,-0.01367,-0.99945,0.01819,0.0150
1581494974.938966,0.02460,-0.01367,-0.99945,0.01813,0.0150
1581494974.9444969,0.02466,-0.01367,-0.99945,0.01807,0.0150
1581494974.951489,0.02472,-0.01361,-0.99945,0.01801,0.0150
1581494974.955968,0.02472,-0.01361,-0.99945,0.01788,0.0150
1581494974.961427,0.02472,-0.01355,-0.99945,0.01782,0.0150
1581494974.9673312,0.02472,-0.01349,-0.99945,0.01776,0.0150
1581494974.97263,0.02472,-0.01349,-0.99945,0.01770,0.0150
1581494974.977921,0.02472,-0.01343,-0.99945,0.01764,0.0150
1581494974.984343,0.02472,-0.01337,-0.99945,0.01764,0.0150
1581494974.989141,0.02472,-0.01337,-0.99945,0.01758,0.0150
1581494974.994155,0.02472,-0.01331,-0.99945,0.01758,0.0150
1581494974.999837,0.02478,-0.01331,-0.99945,0.01752,0.0150
1581494975.005894,0.02478,-0.01331,-0.99945,0.01752,0.0150
1581494975.010493,0.02484,-0.01331,-0.99945,0.01746,0.0150
1581494975.016345,0.02484,-0.01324,-0.99945,0.01746,0.0150
1581494975.021467,0.02490,-0.01324,-0.99945,0.01740,0.0150
1581494975.0272949,0.02490,-0.01324,-0.99945,0.01740,0.0150
1581494975.033834,0.02496,-0.01318,-0.99945,0.01740,0.0150
1581494975.038079,0.02502,-0.01318,-0.99945,0.01733,0.0150
1581494975.044241,0.02502,-0.01312,-0.99945,0.01733,0.0150
1581494975.049083,0.02509,-0.01306,-0.99945,0.01727,0.0150
1581494975.054472,0.02515,-0.01300,-0.99945,0.01727,0.0150
1581494975.0600362,0.02515,-0.01294,-0.99945,0.01721,0.0150
1581494975.065436,0.02521,-0.01282,-0.99945,0.01715,0.0150
1581494975.0713642,0.02527,-0.01276,-0.99945,0.01709,0.0150
1581494975.077512,0.02527,-0.01270,-0.99945,0.01709,0.0150
1581494975.083884,0.02533,-0.01263,-0.99945,0.01703,0.0150
1581494975.088363,0.02533,-0.01263,-0.99945,0.01697,0.0150
1581494975.0947578,0.02539,-0.01257,-0.99945,0.01691,0.0150
1581494975.099332,0.02539,-0.01257,-0.99945,0.01685,0.0150
1581494975.104976,0.02545,-0.01251,-0.99945,0.01678,0.0150
1581494975.110892,0.02551,-0.01239,-0.99945,0.01666,0.0150
1581494975.1173959,0.02551,-0.01233,-0.99945,0.01660,0.0150
1581494975.123038,0.02551,-0.01227,-0.99945,0.01660,0.0150
1581494975.1283882,0.02551,-0.01221,-0.99945,0.01654,0.0150
1581494975.134161,0.02551,-0.01208,-0.99945,0.01648,0.0150
1581494975.140199,0.02551,-0.01196,-0.99945,0.01648,0.0150
1581494975.145257,0.02551,-0.01184,-0.99945,0.01648,0.0150
1581494975.151226,0.02545,-0.01160,-0.99945,0.01648,0.0150
1581494975.157554,0.02545,-0.01147,-0.99945,0.01648,0.0150
1581494975.162409,0.02545,-0.01141,-0.99945,0.01648,0.0150
1581494975.168097,0.02539,-0.01129,-0.99945,0.01654,0.0150
1581494975.173481,0.02539,-0.01117,-0.99945,0.01654,0.0150
1581494975.178881,0.02533,-0.01111,-0.99945,0.01654,0.0150
1581494975.1842802,0.02533,-0.01105,-0.99945,0.01660,0.0150
1581494975.190173,0.02533,-0.01099,-0.99945,0.01660,0.0150
1581494975.1957781,0.02527,-0.01093,-0.99945,0.01672,0.0150
1581494975.201622,0.02527,-0.01086,-0.99945,0.01678,0.0150
1581494975.207223,0.02527,-0.01080,-0.99945,0.01678,0.0150
1581494975.212703,0.02527,-0.01080,-0.99945,0.01691,0.0150
1581494975.218125,0.02527,-0.01074,-0.99945,0.01697,0.0150
1581494975.2248309,0.02527,-0.01068,-0.99945,0.01703,0.0150
1581494975.229367,0.02533,-0.01062,-0.99945,0.01709,0.0150
1581494975.234925,0.02533,-0.01056,-0.99945,0.01715,0.0150
1581494975.2400188,0.02533,-0.01050,-0.99945,0.01721,0.0150
1581494975.24562,0.02539,-0.01038,-0.99945,0.01733,0.0150
1581494975.2518551,0.02539,-0.01031,-0.99945,0.01740,0.0150
1581494975.2570329,0.02539,-0.01025,-0.99945,0.01746,0.0150
1581494975.262763,0.02539,-0.01019,-0.99945,0.01752,0.0150
1581494975.268781,0.02539,-0.01019,-0.99945,0.01758,0.0150
1581494975.274015,0.02539,-0.01013,-0.99945,0.01764,0.0150
1581494975.279026,0.02539,-0.01013,-0.99945,0.01764,0.0150
1581494975.2841442,0.02533,-0.01007,-0.99945,0.01770,0.0150
1581494975.290014,0.02533,-0.01007,-0.99945,0.01776,0.0150
1581494975.2959108,0.02527,-0.01001,-0.99945,0.01788,0.0150
1581494975.301518,0.02527,-0.00995,-0.99945,0.01794,0.0150
1581494975.306974,0.02521,-0.00995,-0.99945,0.01801,0.0150
1581494975.312364,0.02521,-0.00989,-0.99945,0.01807,0.0150
1581494975.3179321,0.02521,-0.00989,-0.99945,0.01813,0.0150
1581494975.3231869,0.02515,-0.00989,-0.99945,0.01819,0.0150
1581494975.3292422,0.02515,-0.00983,-0.99945,0.01825,0.0150
1581494975.333965,0.02509,-0.00983,-0.99945,0.01831,0.0150
1581494975.340586,0.02509,-0.00983,-0.99945,0.01837,0.0150
1581494975.345063,0.02502,-0.00983,-0.99945,0.01849,0.0150
1581494975.351125,0.02502,-0.00983,-0.99945,0.01855,0.0150
1581494975.355967,0.02496,-0.00983,-0.99945,0.01862,0.0150
1581494975.362078,0.02496,-0.00989,-0.99945,0.01868,0.0150
1581494975.3668852,0.02496,-0.00989,-0.99945,0.01874,0.0150
1581494975.372552,0.02496,-0.00989,-0.99945,0.01880,0.0150
1581494975.378418,0.02496,-0.00989,-0.99945,0.01886,0.0150
1581494975.383643,0.02502,-0.00995,-0.99945,0.01892,0.0150
1581494975.388643,0.02502,-0.00995,-0.99945,0.01898,0.0150
1581494975.394009,0.02509,-0.01001,-0.99945,0.01904,0.0150
1581494975.401582,0.02509,-0.01001,-0.99945,0.01917,0.0150
1581494975.405345,0.02515,-0.01007,-0.99945,0.01929,0.0150
1581494975.411127,0.02521,-0.01007,-0.99945,0.01941,0.0150
1581494975.417726,0.02527,-0.01013,-0.99945,0.01947,0.0150
1581494975.422632,0.02527,-0.01013,-0.99945,0.01953,0.0150
1581494975.429339,0.02533,-0.01019,-0.99945,0.01965,0.0150
1581494975.433836,0.02533,-0.01025,-0.99945,0.01978,0.0150
1581494975.439648,0.02539,-0.01025,-0.99945,0.01984,0.0150
1581494975.445733,0.02545,-0.01031,-0.99945,0.01996,0.0150
1581494975.450052,0.02545,-0.01038,-0.99945,0.02002,0.0150
1581494975.455443,0.02557,-0.01044,-0.99939,0.02026,0.0150
1581494975.461984,0.02563,-0.01044,-0.99939,0.02039,0.0150
1581494975.4670541,0.02570,-0.01050,-0.99939,0.02051,0.0150
1581494975.472367,0.02570,-0.01050,-0.99939,0.02057,0.0150
1581494975.478081,0.02576,-0.01050,-0.99939,0.02069,0.0150
1581494975.484545,0.02576,-0.01050,-0.99939,0.02081,0.0150
1581494975.489418,0.02582,-0.01050,-0.99939,0.02094,0.0150
1581494975.494673,0.02582,-0.01050,-0.99939,0.02106,0.0150
1581494975.500514,0.02588,-0.01056,-0.99939,0.02130,0.0150
1581494975.506303,0.02588,-0.01062,-0.99939,0.02142,0.0150
1581494975.511641,0.02594,-0.01062,-0.99939,0.02155,0.0150
1581494975.517452,0.02594,-0.01068,-0.99939,0.02167,0.0150
1581494975.523125,0.02600,-0.01074,-0.99939,0.02179,0.0150
1581494975.528794,0.02600,-0.01080,-0.99939,0.02191,0.0150
1581494975.53353,0.02606,-0.01086,-0.99933,0.02203,0.0150
1581494975.5404701,0.02606,-0.01093,-0.99933,0.02216,0.0150
1581494975.5452852,0.02606,-0.01099,-0.99933,0.02228,0.0150
1581494975.5504918,0.02612,-0.01111,-0.99933,0.02258,0.0150
1581494975.556496,0.02612,-0.01117,-0.99933,0.02271,0.0150
1581494975.562853,0.02612,-0.01123,-0.99933,0.02283,0.0150
1581494975.5690181,0.02612,-0.01129,-0.99933,0.02301,0.0150
1581494975.573549,0.02612,-0.01135,-0.99933,0.02319,0.0150
1581494975.578994,0.02606,-0.01135,-0.99933,0.02332,0.0150
1581494975.5854878,0.02606,-0.01141,-0.99933,0.02350,0.0150
1581494975.589346,0.02606,-0.01147,-0.99933,0.02368,0.0150
1581494975.5956,0.02606,-0.01154,-0.99933,0.02380,0.0150
1581494975.601113,0.02606,-0.01166,-0.99933,0.02411,0.0150
1581494975.606501,0.02612,-0.01172,-0.99927,0.02429,0.0150
1581494975.61157,0.02612,-0.01178,-0.99927,0.02441,0.0150
1581494975.6174688,0.02618,-0.01184,-0.99927,0.02454,0.0150
1581494975.6230369,0.02618,-0.01190,-0.99927,0.02466,0.0150
1581494975.62863,0.02625,-0.01196,-0.99927,0.02478,0.0150
1581494975.635137,0.02631,-0.01196,-0.99927,0.02490,0.0150
1581494975.639575,0.02637,-0.01202,-0.99927,0.02515,0.0150
1581494975.6453152,0.02637,-0.01202,-0.99927,0.02527,0.0150
1581494975.65087,0.02637,-0.01202,-0.99927,0.02539,0.0150
1581494975.65585,0.02643,-0.01202,-0.99927,0.02545,0.0150
1581494975.6620631,0.02643,-0.01202,-0.99927,0.02557,0.0150
1581494975.667309,0.02643,-0.01202,-0.99927,0.02570,0.0150
1581494975.673472,0.02649,-0.01202,-0.99927,0.02576,0.0150
1581494975.6782951,0.02649,-0.01202,-0.99927,0.02588,0.0150
1581494975.6839528,0.02649,-0.01202,-0.99927,0.02594,0.0150
1581494975.689108,0.02655,-0.01202,-0.99921,0.02600,0.0150
1581494975.694827,0.02655,-0.01208,-0.99921,0.02612,0.0150
1581494975.7006269,0.02655,-0.01208,-0.99921,0.02625,0.0150
1581494975.706568,0.02655,-0.01215,-0.99921,0.02631,0.0150
1581494975.713245,0.02655,-0.01215,-0.99921,0.02637,0.0150
1581494975.7183301,0.02661,-0.01215,-0.99921,0.02637,0.0150
1581494975.723296,0.02661,-0.01215,-0.99921,0.02643,0.0150
1581494975.7295702,0.02661,-0.01215,-0.99921,0.02649,0.0150
1581494975.73407,0.02661,-0.01215,-0.99921,0.02649,0.0150
1581494975.740839,0.02667,-0.01215,-0.99921,0.02649,0.0150
1581494975.746333,0.02667,-0.01221,-0.99921,0.02643,0.0150
1581494975.751262,0.02673,-0.01227,-0.99921,0.02643,0.0150
1581494975.757308,0.02673,-0.01227,-0.99921,0.02637,0.0150
1581494975.7624478,0.02667,-0.01227,-0.99921,0.02631,0.0150
1581494975.7688892,0.02667,-0.01221,-0.99921,0.02618,0.0150
1581494975.774094,0.02661,-0.01221,-0.99921,0.02612,0.0150
1581494975.779698,0.02661,-0.01221,-0.99921,0.02600,0.0150
1581494975.78469,0.02655,-0.01215,-0.99927,0.02594,0.0150
1581494975.790493,0.02643,-0.01208,-0.99927,0.02576,0.0150
1581494975.7970612,0.02637,-0.01208,-0.99927,0.02570,0.0150
1581494975.802398,0.02637,-0.01202,-0.99927,0.02563,0.0150
1581494975.808131,0.02631,-0.01196,-0.99927,0.02557,0.0150
1581494975.813658,0.02631,-0.01196,-0.99927,0.02551,0.0150
1581494975.818479,0.02625,-0.01190,-0.99927,0.02545,0.0150
1581494975.8247821,0.02625,-0.01190,-0.99927,0.02539,0.0150
1581494975.83149,0.02618,-0.01190,-0.99927,0.02533,0.0150
1581494975.835131,0.02618,-0.01184,-0.99927,0.02527,0.0150
1581494975.8409102,0.02612,-0.01184,-0.99927,0.02521,0.0150
1581494975.846893,0.02612,-0.01184,-0.99927,0.02521,0.0150
1581494975.853615,0.02606,-0.01184,-0.99927,0.02515,0.0150
1581494975.859122,0.02606,-0.01184,-0.99927,0.02515,0.0150
1581494975.8634639,0.02600,-0.01184,-0.99927,0.02515,0.0150
1581494975.868845,0.02600,-0.01184,-0.99927,0.02515,0.0150
1581494975.87463,0.02600,-0.01184,-0.99927,0.02515,0.0150
1581494975.8816729,0.02594,-0.01184,-0.99927,0.02515,0.0150
1581494975.888509,0.02594,-0.01184,-0.99927,0.02515,0.0150
1581494975.8921258,0.02594,-0.01184,-0.99927,0.02515,0.0150
1581494975.898116,0.02594,-0.01184,-0.99927,0.02515,0.0150
1581494975.903606,0.02594,-0.01184,-0.99927,0.02515,0.0150
1581494975.9086561,0.02594,-0.01178,-0.99927,0.02521,0.0150
1581494975.9139462,0.02594,-0.01178,-0.99927,0.02521,0.0150
1581494975.920428,0.02594,-0.01178,-0.99927,0.02521,0.0150
1581494975.925707,0.02588,-0.01172,-0.99927,0.02521,0.0150
1581494975.931186,0.02588,-0.01166,-0.99927,0.02521,0.0150
1581494975.9371421,0.02588,-0.01166,-0.99927,0.02527,0.0150
1581494975.943391,0.02582,-0.01160,-0.99927,0.02527,0.0150
1581494975.949315,0.02582,-0.01160,-0.99927,0.02527,0.0150
1581494975.9536462,0.02576,-0.01147,-0.99927,0.02527,0.0150
1581494975.9596002,0.02576,-0.01141,-0.99927,0.02527,0.0150
1581494975.965491,0.02570,-0.01135,-0.99927,0.02527,0.0150
1581494975.970165,0.02570,-0.01129,-0.99927,0.02527,0.0150
1581494975.9754062,0.02563,-0.01117,-0.99927,0.02521,0.0150
1581494975.9814231,0.02563,-0.01105,-0.99927,0.02521,0.0150
1581494975.986454,0.02563,-0.01093,-0.99927,0.02521,0.0150
1581494975.993427,0.02563,-0.01086,-0.99927,0.02515,0.0150
1581494975.998276,0.02570,-0.01074,-0.99927,0.02515,0.0150
1581494976.005503,0.02570,-0.01068,-0.99927,0.02515,0.0150
1581494976.0084128,0.02570,-0.01056,-0.99933,0.02509,0.0150
1581494976.013512,0.02576,-0.01044,-0.99933,0.02502,0.0150
1581494976.020073,0.02576,-0.01038,-0.99933,0.02496,0.0150
1581494976.024951,0.02576,-0.01025,-0.99933,0.02490,0.0150
1581494976.0303302,0.02582,-0.01007,-0.99933,0.02478,0.0150
1581494976.035917,0.02582,-0.01001,-0.99933,0.02472,0.0150
1581494976.041557,0.02588,-0.00989,-0.99933,0.02466,0.0150
1581494976.047275,0.02588,-0.00983,-0.99933,0.02454,0.0150
1581494976.0528471,0.02588,-0.00977,-0.99933,0.02448,0.0150
1581494976.058539,0.02594,-0.00970,-0.99933,0.02441,0.0150
1581494976.0641868,0.02594,-0.00964,-0.99933,0.02429,0.0150
1581494976.070324,0.02606,-0.00958,-0.99933,0.02411,0.0150
1581494976.075114,0.02606,-0.00952,-0.99933,0.02399,0.0150
1581494976.082495,0.02612,-0.00946,-0.99933,0.02393,0.0150
1581494976.089634,0.02612,-0.00940,-0.99933,0.02380,0.0150
1581494976.09297,0.02618,-0.00940,-0.99933,0.02374,0.0150
1581494976.097641,0.02618,-0.00934,-0.99933,0.02362,0.0150
1581494976.1031559,0.02625,-0.00928,-0.99933,0.02350,0.0150
1581494976.108487,0.02625,-0.00922,-0.99933,0.02338,0.0150
1581494976.1146061,0.02631,-0.00922,-0.99933,0.02325,0.0150
1581494976.1204648,0.02631,-0.00916,-0.99933,0.02319,0.0150
1581494976.1262138,0.02637,-0.00903,-0.99933,0.02295,0.0150
1581494976.131794,0.02643,-0.00903,-0.99933,0.02283,0.0150
1581494976.137475,0.02643,-0.00897,-0.99933,0.02277,0.0150
1581494976.142828,0.02643,-0.00897,-0.99933,0.02264,0.0150
1581494976.148042,0.02643,-0.00891,-0.99933,0.02252,0.0150
1581494976.153975,0.02649,-0.00885,-0.99933,0.02240,0.0150
1581494976.159473,0.02649,-0.00879,-0.99939,0.02222,0.0150
1581494976.1654882,0.02649,-0.00873,-0.99939,0.02209,0.0150
1581494976.1703758,0.02649,-0.00873,-0.99939,0.02203,0.0150
1581494976.175769,0.02655,-0.00873,-0.99939,0.02191,0.0150
1581494976.181665,0.02655,-0.00867,-0.99939,0.02179,0.0150
1581494976.1871848,0.02655,-0.00867,-0.99939,0.02173,0.0150
1581494976.192447,0.02655,-0.00867,-0.99939,0.02161,0.0150
1581494976.1988192,0.02655,-0.00867,-0.99939,0.02155,0.0150
1581494976.2033951,0.02655,-0.00867,-0.99939,0.02142,0.0150
1581494976.209996,0.02655,-0.00867,-0.99939,0.02136,0.0150
1581494976.214682,0.02655,-0.00867,-0.99939,0.02124,0.0150
1581494976.221379,0.02655,-0.00873,-0.99939,0.02112,0.0150
1581494976.226615,0.02655,-0.00873,-0.99939,0.02106,0.0150
1581494976.234123,0.02655,-0.00879,-0.99939,0.02100,0.0150
1581494976.237825,0.02655,-0.00879,-0.99939,0.02094,0.0150
1581494976.2436821,0.02655,-0.00879,-0.99939,0.02087,0.0150
1581494976.2495182,0.02655,-0.00885,-0.99939,0.02081,0.0150
1581494976.253918,0.02661,-0.00891,-0.99939,0.02075,0.0150
1581494976.259864,0.02661,-0.00891,-0.99939,0.02075,0.0150
1581494976.265013,0.02661,-0.00903,-0.99939,0.02063,0.0150
1581494976.2715678,0.02667,-0.00909,-0.99939,0.02057,0.0150
1581494976.277678,0.02667,-0.00916,-0.99939,0.02057,0.0150
1581494976.282342,0.02673,-0.00916,-0.99939,0.02051,0.0150
1581494976.287981,0.02673,-0.00922,-0.99939,0.02045,0.0150
1581494976.293758,0.02679,-0.00928,-0.99939,0.02039,0.0150
1581494976.29916,0.02679,-0.00934,-0.99939,0.02039,0.0150
1581494976.3046021,0.02686,-0.00940,-0.99939,0.02032,0.0150
1581494976.311133,0.02692,-0.00946,-0.99939,0.02020,0.0150
1581494976.3166442,0.02698,-0.00952,-0.99939,0.02014,0.0150
1581494976.322335,0.02698,-0.00964,-0.99939,0.02008,0.0150
1581494976.32746,0.02704,-0.00970,-0.99939,0.02002,0.0150
1581494976.3340108,0.02704,-0.00977,-0.99939,0.01996,0.0150
1581494976.33817,0.02704,-0.00983,-0.99939,0.01990,0.0150
1581494976.3436081,0.02704,-0.00989,-0.99939,0.01978,0.0150
1581494976.349673,0.02704,-0.01001,-0.99939,0.01971,0.0150
1581494976.356176,0.02710,-0.01019,-0.99939,0.01959,0.0150
1581494976.362174,0.02710,-0.01025,-0.99939,0.01947,0.0150
1581494976.366932,0.02710,-0.01031,-0.99939,0.01941,0.0150
1581494976.3722959,0.02710,-0.01038,-0.99939,0.01935,0.0150
1581494976.378059,0.02710,-0.01044,-0.99939,0.01929,0.0150
1581494976.384651,0.02710,-0.01050,-0.99939,0.01923,0.0150
1581494976.388528,0.02710,-0.01056,-0.99939,0.01917,0.0150
1581494976.394628,0.02710,-0.01062,-0.99939,0.01910,0.0150
1581494976.399476,0.02710,-0.01074,-0.99939,0.01910,0.0150
1581494976.404991,0.02716,-0.01080,-0.99939,0.01898,0.0150
1581494976.4116218,0.02716,-0.01086,-0.99939,0.01898,0.0150
1581494976.417469,0.02716,-0.01093,-0.99939,0.01892,0.0150
1581494976.423412,0.02716,-0.01099,-0.99939,0.01892,0.0150
1581494976.428084,0.02716,-0.01099,-0.99939,0.01892,0.0150
1581494976.433425,0.02716,-0.01105,-0.99939,0.01886,0.0150
1581494976.439169,0.02716,-0.01111,-0.99939,0.01886,0.0150
1581494976.4455922,0.02710,-0.01117,-0.99939,0.01886,0.0150
1581494976.451339,0.02710,-0.01129,-0.99939,0.01886,0.0150
1581494976.457342,0.02710,-0.01135,-0.99939,0.01886,0.0150
1581494976.463455,0.02710,-0.01135,-0.99939,0.01886,0.0150
1581494976.469592,0.02710,-0.01141,-0.99939,0.01886,0.0150
1581494976.4733849,0.02710,-0.01141,-0.99939,0.01886,0.0150
1581494976.47962,0.02710,-0.01141,-0.99939,0.01892,0.0150
1581494976.4865751,0.02710,-0.01141,-0.99939,0.01892,0.0150
1581494976.4900632,0.02710,-0.01141,-0.99939,0.01892,0.0150
1581494976.495832,0.02710,-0.01141,-0.99939,0.01892,0.0150
1581494976.501636,0.02710,-0.01141,-0.99939,0.01892,0.0150
1581494976.507227,0.02710,-0.01141,-0.99939,0.01892,0.0150
1581494976.51504,0.02710,-0.01141,-0.99939,0.01892,0.0150
1581494976.517984,0.02704,-0.01141,-0.99939,0.01892,0.0150
1581494976.524899,0.02704,-0.01141,-0.99939,0.01892,0.0150
1581494976.5293381,0.02704,-0.01147,-0.99939,0.01892,0.0150
1581494976.5348449,0.02698,-0.01154,-0.99939,0.01886,0.0150
1581494976.540606,0.02698,-0.01154,-0.99939,0.01886,0.0150
1581494976.5465229,0.02698,-0.01160,-0.99939,0.01892,0.0150
1581494976.553875,0.02692,-0.01166,-0.99939,0.01892,0.0150
1581494976.557238,0.02692,-0.01172,-0.99939,0.01892,0.0150
1581494976.563062,0.02692,-0.01172,-0.99939,0.01892,0.0150
1581494976.569221,0.02686,-0.01178,-0.99939,0.01892,0.0150
1581494976.573964,0.02686,-0.01184,-0.99939,0.01892,0.0150
1581494976.579786,0.02686,-0.01184,-0.99939,0.01892,0.0150
1581494976.586037,0.02679,-0.01190,-0.99939,0.01898,0.0150
1581494976.5925398,0.02679,-0.01190,-0.99939,0.01898,0.0150
1581494976.597963,0.02679,-0.01196,-0.99939,0.01898,0.0150
1581494976.602956,0.02679,-0.01196,-0.99939,0.01898,0.0150
1581494976.607902,0.02686,-0.01202,-0.99939,0.01904,0.0150
1581494976.613795,0.02686,-0.01202,-0.99939,0.01904,0.0150
1581494976.6194031,0.02692,-0.01208,-0.99939,0.01904,0.0150
1581494976.624694,0.02698,-0.01215,-0.99939,0.01904,0.0150
1581494976.631365,0.02704,-0.01221,-0.99939,0.01904,0.0150
1581494976.637416,0.02704,-0.01227,-0.99939,0.01904,0.0150
1581494976.642577,0.02704,-0.01227,-0.99939,0.01910,0.0150
1581494976.647876,0.02710,-0.01227,-0.99939,0.01910,0.0150
1581494976.652976,0.02710,-0.01227,-0.99939,0.01910,0.0150
1581494976.658783,0.02710,-0.01227,-0.99939,0.01910,0.0150
1581494976.663778,0.02710,-0.01227,-0.99939,0.01904,0.0150
1581494976.669537,0.02710,-0.01221,-0.99939,0.01904,0.0150
1581494976.67529,0.02710,-0.01215,-0.99939,0.01904,0.0150
1581494976.680995,0.02710,-0.01208,-0.99939,0.01904,0.0150
1581494976.687318,0.02704,-0.01202,-0.99939,0.01898,0.0150
1581494976.692608,0.02704,-0.01202,-0.99939,0.01898,0.0150
1581494976.69795,0.02704,-0.01202,-0.99939,0.01898,0.0150
1581494976.70574,0.02704,-0.01202,-0.99939,0.01898,0.0150
1581494976.7091389,0.02704,-0.01202,-0.99939,0.01898,0.0150
1581494976.715295,0.02704,-0.01202,-0.99939,0.01892,0.0150
1581494976.7206972,0.02704,-0.01202,-0.99939,0.01892,0.0150
1581494976.726154,0.02704,-0.01208,-0.99939,0.01892,0.0150
1581494976.732414,0.02704,-0.01208,-0.99939,0.01892,0.0150
1581494976.737806,0.02704,-0.01208,-0.99939,0.01892,0.0150
1581494976.745374,0.02704,-0.01215,-0.99939,0.01898,0.0150
1581494976.7484539,0.02704,-0.01215,-0.99939,0.01898,0.0150
1581494976.753872,0.02704,-0.01215,-0.99939,0.01898,0.0150
1581494976.762351,0.02704,-0.01215,-0.99939,0.01898,0.0150
1581494976.76651,0.02704,-0.01208,-0.99939,0.01904,0.0150
1581494976.773542,0.02704,-0.01208,-0.99939,0.01910,0.0150
1581494976.7774222,0.02698,-0.01202,-0.99939,0.01910,0.0150
1581494976.782909,0.02698,-0.01196,-0.99939,0.01910,0.0150
1581494976.788289,0.02698,-0.01190,-0.99939,0.01910,0.0150
1581494976.793623,0.02698,-0.01190,-0.99939,0.01917,0.0150
1581494976.799648,0.02698,-0.01184,-0.99939,0.01917,0.0150
1581494976.804951,0.02698,-0.01178,-0.99939,0.01917,0.0150
1581494976.8108768,0.02698,-0.01172,-0.99939,0.01917,0.0150
1581494976.8169332,0.02698,-0.01166,-0.99939,0.01917,0.0150
1581494976.8220851,0.02698,-0.01160,-0.99939,0.01910,0.0150
1581494976.8274,0.02698,-0.01160,-0.99939,0.01910,0.0150
1581494976.83266,0.02698,-0.01154,-0.99939,0.01910,0.0150
1581494976.838103,0.02698,-0.01147,-0.99939,0.01910,0.0150
1581494976.843445,0.02698,-0.01141,-0.99939,0.01910,0.0150
1581494976.848906,0.02698,-0.01135,-0.99939,0.01910,0.0150
1581494976.855052,0.02692,-0.01135,-0.99939,0.01910,0.0150
1581494976.860594,0.02692,-0.01123,-0.99939,0.01904,0.0150
1581494976.8662689,0.02698,-0.01123,-0.99939,0.01904,0.0150
1581494976.8718662,0.02698,-0.01123,-0.99939,0.01904,0.0150
1581494976.877017,0.02698,-0.01123,-0.99939,0.01904,0.0150
1581494976.8828192,0.02698,-0.01123,-0.99939,0.01904,0.0150
1581494976.887947,0.02704,-0.01123,-0.99939,0.01904,0.0150
1581494976.8936079,0.02710,-0.01123,-0.99939,0.01904,0.0150
1581494976.898559,0.02716,-0.01123,-0.99939,0.01904,0.0150
1581494976.9046159,0.02716,-0.01123,-0.99939,0.01904,0.0150
1581494976.909868,0.02728,-0.01123,-0.99939,0.01904,0.0150
1581494976.916864,0.02728,-0.01123,-0.99939,0.01904,0.0150
1581494976.920646,0.02734,-0.01123,-0.99939,0.01898,0.0150
1581494976.92826,0.02734,-0.01123,-0.99939,0.01898,0.0150
1581494976.931745,0.02734,-0.01123,-0.99939,0.01898,0.0150
1581494976.9373708,0.02734,-0.01123,-0.99939,0.01898,0.0150
1581494976.943098,0.02740,-0.01123,-0.99939,0.01898,0.0151
1581494976.948642,0.02740,-0.01123,-0.99939,0.01898,0.0151
1581494976.955601,0.02740,-0.01123,-0.99939,0.01898,0.0151
1581494976.95956,0.02734,-0.01117,-0.99939,0.01898,0.0151
1581494976.9659278,0.02734,-0.01111,-0.99939,0.01898,0.0151
1581494976.970995,0.02734,-0.01111,-0.99939,0.01892,0.0151
1581494976.977034,0.02734,-0.01105,-0.99939,0.01892,0.0151
1581494976.98327,0.02734,-0.01105,-0.99939,0.01892,0.0151
1581494976.988582,0.02734,-0.01099,-0.99939,0.01892,0.0151
1581494976.9944599,0.02734,-0.01099,-0.99939,0.01892,0.0151
1581494976.99963,0.02734,-0.01093,-0.99939,0.01892,0.0151
1581494977.006171,0.02734,-0.01086,-0.99939,0.01892,0.0151
1581494977.011091,0.02734,-0.01086,-0.99939,0.01886,0.0151
1581494977.017159,0.02734,-0.01086,-0.99939,0.01886,0.0151
1581494977.022735,0.02734,-0.01086,-0.99939,0.01886,0.0151
1581494977.0288808,0.02740,-0.01086,-0.99939,0.01892,0.0151
1581494977.0342798,0.02740,-0.01093,-0.99939,0.01892,0.0151
1581494977.039708,0.02740,-0.01099,-0.99939,0.01892,0.0150
1581494977.0459032,0.02740,-0.01099,-0.99939,0.01892,0.0150
1581494977.051129,0.02740,-0.01099,-0.99939,0.01892,0.0150
1581494977.056878,0.02747,-0.01105,-0.99939,0.01892,0.0150
1581494977.0631711,0.02740,-0.01105,-0.99939,0.01892,0.0150
1581494977.067807,0.02740,-0.01111,-0.99939,0.01898,0.0150
1581494977.074413,0.02740,-0.01111,-0.99939,0.01898,0.0150
1581494977.0787,0.02740,-0.01111,-0.99939,0.01898,0.0150
1581494977.084967,0.02740,-0.01111,-0.99939,0.01898,0.0150
1581494977.089847,0.02740,-0.01117,-0.99939,0.01904,0.0150
1581494977.095114,0.02740,-0.01117,-0.99939,0.01904,0.0150
1581494977.10071,0.02734,-0.01117,-0.99939,0.01904,0.0150
1581494977.1065202,0.02734,-0.01117,-0.99939,0.01904,0.0150
1581494977.112118,0.02734,-0.01117,-0.99939,0.01910,0.0150
1581494977.1182652,0.02734,-0.01123,-0.99939,0.01910,0.0150
1581494977.12335,0.02734,-0.01123,-0.99939,0.01917,0.0150
1581494977.1285172,0.02734,-0.01123,-0.99939,0.01917,0.0150
1581494977.1344671,0.02734,-0.01123,-0.99939,0.01917,0.0150
1581494977.14038,0.02734,-0.01117,-0.99939,0.01923,0.0150
1581494977.146355,0.02734,-0.01117,-0.99939,0.01923,0.0150
1581494977.15262,0.02728,-0.01117,-0.99939,0.01929,0.0150
1581494977.1582239,0.02728,-0.01117,-0.99939,0.01929,0.0150
1581494977.163233,0.02728,-0.01117,-0.99939,0.01929,0.0150
1581494977.169526,0.02728,-0.01123,-0.99939,0.01935,0.0150
1581494977.1745028,0.02722,-0.01123,-0.99939,0.01935,0.0150
1581494977.180403,0.02722,-0.01129,-0.99939,0.01941,0.0150
1581494977.1856298,0.02716,-0.01129,-0.99939,0.01941,0.0150
1581494977.1915221,0.02716,-0.01135,-0.99939,0.01941,0.0150
1581494977.196939,0.02716,-0.01135,-0.99939,0.01947,0.0150
1581494977.202421,0.02710,-0.01135,-0.99939,0.01947,0.0150
1581494977.2090082,0.02710,-0.01141,-0.99939,0.01947,0.0150
1581494977.213088,0.02710,-0.01141,-0.99939,0.01947,0.0150
1581494977.219114,0.02704,-0.01141,-0.99939,0.01953,0.0150
1581494977.2257202,0.02704,-0.01141,-0.99939,0.01959,0.0150
1581494977.2304971,0.02698,-0.01141,-0.99939,0.01959,0.0150
1581494977.2363,0.02698,-0.01141,-0.99939,0.01959,0.0150
1581494977.242614,0.02698,-0.01141,-0.99939,0.01959,0.0150
1581494977.2474508,0.02692,-0.01141,-0.99939,0.01959,0.0150
1581494977.25297,0.02692,-0.01141,-0.99939,0.01959,0.0150
1581494977.259866,0.02692,-0.01141,-0.99939,0.01965,0.0150
1581494977.265495,0.02692,-0.01141,-0.99939,0.01965,0.0150
1581494977.270893,0.02686,-0.01147,-0.99939,0.01965,0.0150
1581494977.275755,0.02686,-0.01147,-0.99939,0.01965,0.0150
1581494977.281402,0.02686,-0.01147,-0.99939,0.01965,0.0150
1581494977.2870378,0.02686,-0.01147,-0.99939,0.01965,0.0150
1581494977.294208,0.02686,-0.01154,-0.99939,0.01959,0.0150
1581494977.2989,0.02692,-0.01154,-0.99939,0.01959,0.0150
1581494977.3033159,0.02692,-0.01154,-0.99939,0.01959,0.0150
1581494977.309288,0.02692,-0.01154,-0.99939,0.01959,0.0150
1581494977.3145118,0.02692,-0.01147,-0.99939,0.01959,0.0150
1581494977.3198028,0.02686,-0.01147,-0.99939,0.01959,0.0150
1581494977.3262012,0.02686,-0.01147,-0.99939,0.01959,0.0150
1581494977.3309162,0.02692,-0.01141,-0.99939,0.01953,0.0150
1581494977.337057,0.02692,-0.01141,-0.99939,0.01953,0.0150
1581494977.3422809,0.02692,-0.01141,-0.99939,0.01953,0.0150
1581494977.3475049,0.02692,-0.01135,-0.99939,0.01953,0.0150
1581494977.3536232,0.02692,-0.01135,-0.99939,0.01953,0.0150
1581494977.358857,0.02692,-0.01129,-0.99939,0.01953,0.0150
1581494977.364198,0.02698,-0.01129,-0.99939,0.01947,0.0150
1581494977.369974,0.02698,-0.01123,-0.99939,0.01947,0.0150
1581494977.3763158,0.02698,-0.01123,-0.99939,0.01947,0.0150
1581494977.380932,0.02698,-0.01123,-0.99939,0.01947,0.0150
