T4_EW_PW_B4_C3_P715028_S1_0813104901.csv
SaveFileName,FrameCount,UTC,TimeSinceStart,HeadPositionX,HeadPositionY,HeadPositionZ,HeadForwardVectorX,HeadForwardVectorY,HeadForwardVectorZ,HeadAngleX,HeadAngleY,HeadAngleZ,HeadQuaternionX,HeadQuaternionY,HeadQuaternionZ,HeadQuaternionW,TargetPositionX,TargetPositionY,TargetPositionZ,AngleDifference,OverTarget
T4_EW_PW_B4_C3_P715028_S1_0813104901.csv,20481,1565661681763,759.0391,0.03105743,0.1150424,0.1298526,-0.01008737,-0.02981827,0.9995044,1.708714,359.4218,359.8662,0.01491648,-0.00502802,-0.001092121,0.9998755,-1.311342E-07,-1.5,10,7.594452,0
T4_EW_PW_B4_C3_P715028_S1_0813104901.csv,20482,1565661681798,759.0788,0.03063134,0.1149244,0.1303231,-0.009548761,-0.02935505,0.9995235,1.682162,359.4527,359.8733,0.01468421,-0.00475975,-0.001035117,0.9998803,-1.311342E-07,-1.5,10,7.619322,0
T4_EW_PW_B4_C3_P715028_S1_0813104901.csv,20483,1565661681857,759.1252,0.03004056,0.1149544,0.1311601,-0.008828618,-0.0284895,0.9995551,1.632549,359.494,359.8642,0.01425128,-0.004398809,-0.001122132,0.9998882,-1.311342E-07,-1.5,10,7.668129,0
T4_EW_PW_B4_C3_P715028_S1_0813104901.csv,20484,1565661681903,759.1783,0.02905462,0.1147797,0.1324127,-0.007443211,-0.02941577,0.9995396,1.685642,359.5733,359.9422,0.01471125,-0.00371542,-0.0004495356,0.9998848,-1.311342E-07,-1.5,10,7.612416,0
T4_EW_PW_B4_C3_P715028_S1_0813104901.csv,20485,1565661681943,759.2169,0.02786788,0.1146468,0.1341693,-0.005570692,-0.02707529,0.9996179,1.551489,359.6807,0.0493709,0.01353763,-0.002791956,0.0004685257,0.9999044,-1.311342E-07,-1.5,10,7.744735,0
T4_EW_PW_B4_C3_P715028_S1_0813104901.csv,20486,1565661682008,759.2748,0.0259966,0.1143873,0.136925,-0.004407875,-0.02149125,0.9997593,1.231453,359.7474,0.09898823,0.01074431,-0.002213607,0.0008874727,0.9999394,-1.311342E-07,-1.5,10,8.064896,0
T4_EW_PW_B4_C3_P715028_S1_0813104901.csv,20487,1565661682038,759.3198,0.02381628,0.1147035,0.1396764,-0.002758002,-0.01771966,0.9998392,1.015315,359.8419,0.1712472,0.008858098,-0.001392404,0.001506573,0.9999587,-1.311342E-07,-1.5,10,8.284772,0
T4_EW_PW_B4_C3_P715028_S1_0813104901.csv,20488,1565661682098,759.3704,0.02177262,0.1151457,0.1422677,-8.811848E-05,-0.008811349,0.9999612,0.5048596,-0.005049013,0.1912667,0.004405638,-5.141411E-05,0.001669294,0.9999889,-1.311342E-07,-1.5,10,8.800938,0
T4_EW_PW_B4_C3_P715028_S1_0813104901.csv,20489,1565661682138,759.416,0.01860422,0.1152648,0.1460821,0.001465697,-0.006018611,0.9999808,0.3448431,0.08397979,0.1390153,0.003010205,0.0007292072,0.001210926,0.9999945,-1.311342E-07,-1.5,10,8.966376,0
T4_EW_PW_B4_C3_P715028_S1_0813104901.csv,20490,1565661682213,759.4827,0.01447183,0.1129005,0.1508677,0.003438255,-0.03268972,0.9994596,1.873317,0.1971032,359.8157,0.01634423,0.001746112,-0.001636408,0.9998636,-1.311342E-07,-1.5,10,7.432207,0
T4_EW_PW_B4_C3_P715028_S1_0813104901.csv,20491,1565661682257,759.5263,0.01049185,0.1099924,0.1559127,0.005037678,-0.05996896,0.9981875,3.438031,0.2891594,359.6717,0.02999054,0.002608178,-0.002939119,0.9995425,-1.311342E-07,-1.5,10,5.860767,0
T4_EW_PW_B4_C3_P715028_S1_0813104901.csv,20492,1565661682299,759.5744,0.006058141,0.1066269,0.1619071,0.01135574,-0.09125906,0.9957624,5.236044,0.6533763,359.3195,0.04564184,0.005966937,-0.006192333,0.9989209,-1.311342E-07,-1.5,10,4.096151,0
T4_EW_PW_B4_C3_P715028_S1_0813104901.csv,20493,1565661682343,759.6165,0.001116103,0.1030691,0.1690501,0.01932383,-0.1175284,0.9928815,6.749479,1.114971,359.0166,0.05877795,0.01021773,-0.009139271,0.998177,-1.311342E-07,-1.5,10,2.746377,0
T4_EW_PW_B4_C3_P715028_S1_0813104901.csv,20494,1565661682392,759.6699,-0.004950969,0.09861797,0.1779716,0.02421718,-0.1427874,0.9894571,8.209174,1.402047,358.6011,0.07141764,0.0130763,-0.01305105,0.9972754,-1.311342E-07,-1.5,10,1.706856,0
T4_EW_PW_B4_C3_P715028_S1_0813104901.csv,20495,1565661682438,759.7153,-0.01129107,0.09324136,0.187612,0.02646258,-0.1570006,0.9872439,9.032845,1.535417,358.3522,0.07853755,0.01448787,-0.01538859,0.9966871,-1.311342E-07,-1.5,10,1.463265,0
T4_EW_PW_B4_C3_P715028_S1_0813104901.csv,20496,1565661682491,759.7665,-0.0176027,0.08824437,0.1997245,0.02483332,-0.1594348,0.986896,9.174094,1.441433,358.4835,0.07979432,0.01359542,-0.01419621,0.9966176,-1.311342E-07,-1.5,10,1.321602,0
T4_EW_PW_B4_C3_P715028_S1_0813104901.csv,20497,1565661682538,759.813,-0.0225101,0.08579646,0.2139793,0.02202158,-0.1620274,0.9865405,9.324596,1.278745,359.0087,0.08117837,0.01182469,-0.009528414,0.9965839,-1.311342E-07,-1.5,10,1.13832,0
T4_EW_PW_B4_C3_P715028_S1_0813104901.csv,20498,1565661682583,759.8564,-0.02419873,0.0855739,0.2272004,0.01689948,-0.1556609,0.987666,8.95513,0.9802649,359.4659,0.07802527,0.008891938,-0.005313822,0.9968976,-1.311342E-07,-1.5,10,0.8677295,1
T4_EW_PW_B4_C3_P715028_S1_0813104901.csv,20499,1565661682638,759.9108,-0.02576657,0.08594476,0.2483847,0.01141221,-0.158331,0.9873201,9.110037,0.6622394,359.531,0.07939077,0.006085848,-0.004539039,0.9968147,-1.311342E-07,-1.5,10,0.5203939,1
T4_EW_PW_B4_C3_P715028_S1_0813104901.csv,20500,1565661682678,759.9557,-0.02701906,0.08339917,0.2703348,0.007686046,-0.1713249,0.9851846,9.864862,0.4469914,359.1285,0.08594817,0.00454008,-0.00791253,0.9962578,-1.311342E-07,-1.5,10,0.6832828,1
T4_EW_PW_B4_C3_P715028_S1_0813104901.csv,20501,1565661682728,760.0039,-0.02706933,0.07979941,0.2940539,0.00974724,-0.1681337,0.985716,9.679325,0.5665501,358.8774,0.08431429,0.005752663,-0.01017817,0.9963707,-1.311342E-07,-1.5,10,0.591822,1
T4_EW_PW_B4_C3_P715028_S1_0813104901.csv,20502,1565661682768,760.0492,-0.02632786,0.0751444,0.3226909,0.01422972,-0.1588799,0.9871954,9.141889,0.8258206,359.1212,0.07963393,0.007794604,-0.008218728,0.9967598,-1.311342E-07,-1.5,10,0.6693957,1
T4_EW_PW_B4_C3_P715028_S1_0813104901.csv,20503,1565661682824,760.0962,-0.02465745,0.0692493,0.3533948,0.01455281,-0.1706412,0.9852257,9.825103,0.8462567,359.5605,0.085604,0.007686144,-0.004453322,0.9962897,-1.311342E-07,-1.5,10,0.9052542,1
T4_EW_PW_B4_C3_P715028_S1_0813104901.csv,20504,1565661682868,760.1436,-0.02148628,0.06476019,0.3872852,0.01246629,-0.1776301,0.9840184,10.23175,0.7258275,359.7524,0.08915465,0.006501417,-0.00271685,0.9959929,-1.311342E-07,-1.5,10,1.148759,1
T4_EW_PW_B4_C3_P715028_S1_0813104901.csv,20505,1565661682918,760.1893,-0.01719153,0.06161767,0.4242768,0.007907362,-0.1671382,0.9859018,9.62147,0.4595272,359.7203,0.08385387,0.004200703,-0.002768793,0.9964654,-1.311342E-07,-1.5,10,0.5024107,1
T4_EW_PW_B4_C3_P715028_S1_0813104901.csv,20506,1565661682958,760.2297,-0.01304226,0.05875026,0.4513122,0.001403573,-0.1634732,0.9865468,9.408553,0.08151541,359.6811,0.08201058,0.0009371878,-0.002831831,0.996627,-1.311342E-07,-1.5,10,0.1370561,1
T4_EW_PW_B4_C3_P715028_S1_0813104901.csv,20507,1565661682998,760.2735,-0.006572895,0.05610128,0.4884913,-0.007173074,-0.1624433,0.9866918,9.348742,359.5835,359.4046,0.08150987,-0.003199273,-0.004882399,0.9966555,-1.311342E-07,-1.5,10,0.453703,1
T4_EW_PW_B4_C3_P715028_S1_0813104901.csv,20508,1565661683048,760.3195,-0.0008331928,0.05963129,0.5152704,-0.01166911,-0.1632755,0.9865115,9.397067,359.3223,358.7946,0.08196905,-0.005032158,-0.009999448,0.996572,-1.311342E-07,-1.5,10,0.6760855,1
T4_EW_PW_B4_C3_P715028_S1_0813104901.csv,20509,1565661683098,760.3722,0.006531689,0.06967345,0.5564837,-0.01195788,-0.1852151,0.9826252,10.67367,359.3028,358.3496,0.09308662,-0.004717847,-0.01377297,0.9955516,-1.311342E-07,-1.5,10,1.395636,1
T4_EW_PW_B4_C3_P715028_S1_0813104901.csv,20510,1565661683138,760.4127,0.0123814,0.0797154,0.5956815,-0.009563349,-0.1803768,0.9835511,10.39171,359.4429,358.9771,0.09059907,-0.00403289,-0.008449836,0.9958435,-1.311342E-07,-1.5,10,0.978988,0
T4_EW_PW_B4_C3_P715028_S1_0813104901.csv,20511,1565661683198,760.4698,0.01461736,0.08029484,0.6207064,-0.01087895,-0.1997112,0.9797944,11.52007,359.3639,359.597,0.1003796,-0.005170365,-0.002942007,0.9949315,-1.311342E-07,-1.5,10,2.028737,1
T4_EW_PW_B4_C3_P715028_S1_0813104901.csv,20512,1565661683238,760.5132,0.01771736,0.08568402,0.6646072,-0.01510403,-0.1773163,0.984038,10.21348,359.1206,359.2578,0.08905648,-0.007066712,-0.005767997,0.9959849,-1.311342E-07,-1.5,10,0.9514161,0
T4_EW_PW_B4_C3_P715028_S1_0813104901.csv,20513,1565661683289,760.5547,0.01882814,0.08681998,0.7109283,-0.02106807,-0.1840157,0.9826975,10.60375,358.7718,358.727,0.09251071,-0.009644713,-0.01007045,0.9956141,-1.311342E-07,-1.5,10,1.423266,1
T4_EW_PW_B4_C3_P715028_S1_0813104901.csv,20514,1565661683328,760.6027,0.01780495,0.08581975,0.7544628,-0.026214,-0.2226826,0.9745385,12.86664,358.4592,358.9591,0.1121535,-0.0123429,-0.007518851,0.9935858,-1.311342E-07,-1.5,10,3.43342,0
T4_EW_PW_B4_C3_P715028_S1_0813104901.csv,20515,1565661683368,760.6464,0.01669836,0.08347487,0.8037298,-0.03063249,-0.2422439,0.9697317,14.01901,358.1907,359.6692,0.1220635,-0.01531811,-0.0009380367,0.9924037,-1.311342E-07,-1.5,10,4.565058,0
T4_EW_PW_B4_C3_P715028_S1_0813104901.csv,20516,1565661683408,760.6831,0.0159065,0.08149641,0.8403879,-0.02831774,-0.2284077,0.9731537,13.20335,358.3332,359.8477,0.1149731,-0.01429567,0.0003525266,0.9932657,-1.311342E-07,-1.5,10,3.737274,0
T4_EW_PW_B4_C3_P715028_S1_0813104901.csv,20517,1565661683458,760.7319,0.01407177,0.07509415,0.8929614,-0.02359351,-0.2071132,0.9780325,11.95323,358.6181,359.8712,0.1041284,-0.01187653,0.0001379927,0.9944929,-1.311342E-07,-1.5,10,2.489236,0
T4_EW_PW_B4_C3_P715028_S1_0813104901.csv,20518,1565661683498,760.7762,0.01159814,0.06789182,0.9260889,-0.01533883,-0.2042837,0.9787915,11.78757,359.1022,0.08992381,0.1026753,-0.007874034,0.001585082,0.9946826,-1.311342E-07,-1.5,10,2.143111,0
T4_EW_PW_B4_C3_P715028_S1_0813104901.csv,20519,1565661683539,760.8151,0.007893559,0.06136615,0.9759179,-0.006318774,-0.1919079,0.9813926,11.06415,359.6311,0.2984408,0.09639377,-0.003455303,0.002902583,0.9953331,-1.311342E-07,-1.5,10,1.28664,0
T4_EW_PW_B4_C3_P715028_S1_0813104901.csv,20520,1565661683589,760.8647,0.001744657,0.0541662,1.02948,0.004150465,-0.1736097,0.9848058,9.99776,0.2414717,0.1406541,0.08713858,0.001992265,0.001039151,0.9961937,-1.311342E-07,-1.5,10,0.3006659,0
T4_EW_PW_B4_C3_P715028_S1_0813104901.csv,20521,1565661683628,760.9099,-0.00657432,0.0492945,1.079368,0.009576847,-0.1858893,0.982524,10.71299,0.558455,359.8675,0.09334554,0.004960108,-0.001606499,0.9956201,-1.311342E-07,-1.5,10,0.9991678,1
T4_EW_PW_B4_C3_P715028_S1_0813104901.csv,20522,1565661683668,760.945,-0.01226281,0.05346207,1.115454,0.01443038,-0.1933279,0.9810281,11.14706,0.8427282,359.6219,0.09709582,0.007639796,-0.003998371,0.9952377,-1.311342E-07,-1.5,10,1.440214,1
T4_EW_PW_B4_C3_P715028_S1_0813104901.csv,20523,1565661683728,760.9999,-0.02197239,0.06974546,1.172009,0.01540543,-0.2226174,0.9747842,12.86281,0.9054235,359.0338,0.1119399,0.008795679,-0.009263551,0.9936329,-1.311342E-07,-1.5,10,2.878956,0
T4_EW_PW_B4_C3_P715028_S1_0813104901.csv,20524,1565661683768,761.0447,-0.02984816,0.08048788,1.22132,0.009749417,-0.1982385,0.9801053,11.43397,0.5699204,359.1879,0.09957594,0.0056546,-0.007547351,0.9949853,-1.311342E-07,-1.5,10,1.282069,0
T4_EW_PW_B4_C3_P715028_S1_0813104901.csv,20525,1565661683813,761.0851,-0.03319173,0.08520107,1.253681,0.002008392,-0.1951709,0.9807672,11.25471,0.1173288,359.715,0.09805513,0.001262863,-0.002575855,0.9951769,-1.311342E-07,-1.5,10,0.9865541,1
T4_EW_PW_B4_C3_P715028_S1_0813104901.csv,20526,1565661683858,761.1337,-0.03574181,0.091681,1.304797,-2.16045E-05,-0.1787269,0.9838987,10.29561,-0.001258104,0.2103104,0.08972517,-0.000175608,0.001828886,0.9959649,-1.311342E-07,-1.5,10,0.2454926,1
T4_EW_PW_B4_C3_P715028_S1_0813104901.csv,20527,1565661683899,761.176,-0.0372339,0.09400203,1.354693,-0.001873918,-0.2098674,0.9777281,12.11458,359.8902,0.06237391,0.1055222,-0.001010388,0.0006423984,0.9944162,-1.311342E-07,-1.5,10,1.704102,1
T4_EW_PW_B4_C3_P715028_S1_0813104901.csv,20528,1565661683938,761.2117,-0.03712278,0.0932299,1.387502,-0.0004366571,-0.2193691,0.9756418,12.67198,359.9744,359.6538,0.1103588,0.0001110339,-0.002978319,0.9938874,-1.311342E-07,-1.5,10,2.20753,0
T4_EW_PW_B4_C3_P715028_S1_0813104901.csv,20529,1565661683968,761.2511,-0.03601717,0.09099844,1.424214,0.004025026,-0.204448,0.9788691,11.79719,0.235594,359.2186,0.1027516,0.002745817,-0.00699447,0.9946787,-1.311342E-07,-1.5,10,1.287248,0
T4_EW_PW_B4_C3_P715028_S1_0813104901.csv,20530,1565661684028,761.2972,-0.03424342,0.08563051,1.478092,0.01475713,-0.1759424,0.9842898,10.1335,0.8589522,358.9819,0.08824398,0.008250703,-0.009511068,0.9960194,-1.311342E-07,-1.5,10,0.7399282,1
T4_EW_PW_B4_C3_P715028_S1_0813104901.csv,20531,1565661684068,761.3412,-0.03203011,0.07917872,1.529438,0.02501965,-0.1473967,0.9887609,8.476089,1.449505,358.9886,0.07378027,0.01326609,-0.009735729,0.9971388,-1.311342E-07,-1.5,10,2.413056,1
T4_EW_PW_B4_C3_P715028_S1_0813104901.csv,20532,1565661684118,761.3843,-0.02978898,0.06837964,1.566062,0.02969125,-0.1451107,0.9889698,8.343687,1.71964,359.1437,0.07262602,0.01550952,-0.008543721,0.9972021,-1.311342E-07,-1.5,10,2.653063,0
T4_EW_PW_B4_C3_P715028_S1_0813104901.csv,20533,1565661684163,761.4395,-0.02654248,0.05657015,1.623569,0.02253581,-0.1462251,0.9889946,8.408229,1.305349,359.5414,0.073259,0.01165369,-0.004825816,0.9972332,-1.311342E-07,-1.5,10,2.391138,0
T4_EW_PW_B4_C3_P715028_S1_0813104901.csv,20534,1565661684208,761.4813,-0.02258851,0.05136445,1.685369,0.01206558,-0.1445059,0.9894304,8.308669,0.6986573,359.484,0.07241383,0.006407021,-0.004932732,0.9973419,-1.311342E-07,-1.5,10,2.322711,0
T4_EW_PW_B4_C3_P715028_S1_0813104901.csv,20535,1565661684258,761.5305,-0.01717752,0.05604813,1.746673,-0.000164589,-0.1816982,0.9833543,10.46869,359.9904,359.2617,0.09122819,0.0005044261,-0.00640818,0.9958093,-1.311342E-07,-1.5,10,0.2430897,0
T4_EW_PW_B4_C3_P715028_S1_0813104901.csv,20536,1565661684303,761.5778,-0.01148508,0.07247837,1.813764,-0.004252381,-0.1855545,0.9826248,10.69346,359.752,359.1659,0.09319568,-0.001476009,-0.007045861,0.9956218,-1.311342E-07,-1.5,10,0.3690354,1
T4_EW_PW_B4_C3_P715028_S1_0813104901.csv,20537,1565661684338,761.6145,-0.006673677,0.08928178,1.879798,-0.002173186,-0.1180274,0.993008,6.778271,359.8746,0.02790238,0.05911678,-0.001106723,0.0003077566,0.9982504,-1.311342E-07,-1.5,10,4.299015,1
T4_EW_PW_B4_C3_P715028_S1_0813104901.csv,20538,1565661684390,761.6667,-0.005227812,0.09618755,1.925843,0.005247143,-0.123791,0.9922944,7.110945,0.3029709,358.6998,0.06198073,0.003342306,-0.01148856,0.9980056,-1.311342E-07,-1.5,10,4.080152,0
T4_EW_PW_B4_C3_P715028_S1_0813104901.csv,20539,1565661684438,761.7123,-0.006583299,0.1023527,1.985471,0.01077248,-0.1428597,0.9896843,8.213361,0.6236263,358.0787,0.0715116,0.006628039,-0.01711208,0.9972709,-1.311342E-07,-1.5,10,3.14448,0
T4_EW_PW_B4_C3_P715028_S1_0813104901.csv,20540,1565661684478,761.756,-0.01057076,0.1021209,2.04156,0.006420345,-0.1769772,0.984194,10.19374,0.3737611,359.3026,0.08881801,0.003789396,-0.00635168,0.9960204,-1.311342E-07,-1.5,10,1.223973,0
T4_EW_PW_B4_C3_P715028_S1_0813104901.csv,20541,1565661684538,761.808,-0.01449579,0.09557286,2.096017,0.000828478,-0.1767344,0.9842582,10.17961,0.04822747,0.03026079,0.08871714,0.0003957765,0.0002256961,0.9960568,-1.311342E-07,-1.5,10,1.234639,1
T4_EW_PW_B4_C3_P715028_S1_0813104901.csv,20542,1565661684569,761.8467,-0.01713666,0.08975324,2.133719,-0.003521616,-0.1584607,0.987359,9.117561,359.7957,0.2568974,0.07947749,-0.001955882,0.002376498,0.996832,-1.311342E-07,-1.5,10,2.330366,1
T4_EW_PW_B4_C3_P715028_S1_0813104901.csv,20543,1565661684622,761.8948,-0.02088159,0.07976752,2.187288,-0.004772149,-0.1491144,0.9888085,8.575608,359.7235,0.3625295,0.07475826,-0.002642829,0.003335212,0.9971926,-1.311342E-07,-1.5,10,2.886901,0
T4_EW_PW_B4_C3_P715028_S1_0813104901.csv,20544,1565661684673,761.9432,-0.02676053,0.06719659,2.241367,-0.008274306,-0.1402687,0.9900789,8.063393,359.5212,0.5550978,0.07028669,-0.00450869,0.005125872,0.9975035,-1.311342E-07,-1.5,10,3.421824,0
T4_EW_PW_B4_C3_P715028_S1_0813104901.csv,20545,1565661684722,761.9941,-0.0329666,0.05725892,2.297292,-0.002518958,-0.1443522,0.9895232,8.299771,359.8542,0.1433094,0.07236415,-0.001359974,0.001339438,0.9973765,-1.311342E-07,-1.5,10,3.153184,0
T4_EW_PW_B4_C3_P715028_S1_0813104901.csv,20546,1565661684763,762.0397,-0.0397202,0.0522746,2.356507,0.005417309,-0.1736154,0.9847986,9.998092,0.3151769,359.9906,0.08713859,0.002747144,-0.0003216635,0.9961924,-1.311342E-07,-1.5,10,1.481605,0
T4_EW_PW_B4_C3_P715028_S1_0813104901.csv,20547,1565661684808,762.0821,-0.04739063,0.05628015,2.416997,0.007444776,-0.2293094,0.9733251,13.25641,0.4382358,359.709,0.1154153,0.0040919,-0.002964211,0.9933045,-1.311342E-07,-1.5,10,1.660597,0
T4_EW_PW_B4_C3_P715028_S1_0813104901.csv,20548,1565661684858,762.1346,-0.05199751,0.07530394,2.459422,-0.001547553,-0.2321672,0.9726747,13.4247,359.9088,358.6226,0.1168858,0.0006149214,-0.01184438,0.9930746,-1.311342E-07,-1.5,10,1.692811,0
T4_EW_PW_B4_C3_P715028_S1_0813104901.csv,20549,1565661684898,762.1775,-0.05479554,0.08725304,2.518223,-0.009453889,-0.1945893,0.9808393,11.22073,359.4478,359.1335,0.0977953,-0.004056674,-0.007054019,0.9951733,-1.311342E-07,-1.5,10,1.216114,0
T4_EW_PW_B4_C3_P715028_S1_0813104901.csv,20550,1565661684939,762.2162,-0.0533702,0.09739451,2.559787,-0.01070621,-0.1654101,0.9861668,9.521058,359.378,359.7591,0.08300131,-0.005234734,-0.001644689,0.9965343,-1.311342E-07,-1.5,10,2.787128,1
T4_EW_PW_B4_C3_P715028_S1_0813104901.csv,20551,1565661684989,762.265,-0.04952487,0.100085,2.61346,-0.005070949,-0.1856636,0.9826003,10.69983,359.7043,359.3576,0.0932506,-0.002046383,-0.005340904,0.9956263,-1.311342E-07,-1.5,10,1.66201,0
T4_EW_PW_B4_C3_P715028_S1_0813104901.csv,20552,1565661685033,762.308,-0.04635704,0.09276076,2.647711,-0.001119475,-0.2268264,0.9739346,13.1103,359.9341,358.7628,0.114159,0.0006616117,-0.01066045,0.9934051,-1.311342E-07,-1.5,10,0.9801866,0
T4_EW_PW_B4_C3_P715028_S1_0813104901.csv,20553,1565661685073,762.3449,-0.04290721,0.0889018,2.704981,0.003361855,-0.2309644,0.9729564,13.35386,0.1979732,358.3347,0.1162334,0.003405368,-0.0146341,0.9931083,-1.311342E-07,-1.5,10,1.0752,1
T4_EW_PW_B4_C3_P715028_S1_0813104901.csv,20554,1565661685123,762.393,-0.0380579,0.08023168,2.76686,0.005170331,-0.2088985,0.9779236,12.05781,0.3029228,357.7193,0.1049567,0.004718594,-0.02006884,0.9942631,-1.311342E-07,-1.5,10,0.2654082,1
T4_EW_PW_B4_C3_P715028_S1_0813104901.csv,20555,1565661685173,762.4449,-0.03233861,0.06765978,2.826679,0.004532994,-0.2046299,0.9788289,11.80783,0.2653371,357.7743,0.1027961,0.00430048,-0.01955651,0.9945009,-1.311342E-07,-1.5,10,0.5196414,1
T4_EW_PW_B4_C3_P715028_S1_0813104901.csv,20556,1565661685228,762.4905,-0.02508366,0.05348169,2.89122,-0.0002772801,-0.1923796,0.9813206,11.09169,359.9838,358.0035,0.09662996,0.001543083,-0.01732658,0.9951684,-1.311342E-07,-1.5,10,1.25367,1
T4_EW_PW_B4_C3_P715028_S1_0813104901.csv,20557,1565661685268,762.5401,-0.01789443,0.04861908,2.940094,-0.01052616,-0.1913545,0.9814646,11.03184,359.3855,358.1972,0.09619304,-0.00382459,-0.01514344,0.9952402,-1.311342E-07,-1.5,10,1.532762,1
T4_EW_PW_B4_C3_P715028_S1_0813104901.csv,20558,1565661685308,762.5819,-0.008896425,0.0465111,3.003564,-0.01907877,-0.1929798,0.9810172,11.12673,358.8859,358.11,0.09708837,-0.008076696,-0.01547127,0.9951228,-1.311342E-07,-1.5,10,1.771778,1
T4_EW_PW_B4_C3_P715028_S1_0813104901.csv,20559,1565661685348,762.6227,1.806766E-06,0.05336022,3.066174,-0.02846256,-0.225426,0.9738445,13.02793,358.3259,358.1987,0.1136474,-0.01272966,-0.01395875,0.9933416,-1.311342E-07,-1.5,10,1.680861,0
T4_EW_PW_B4_C3_P715028_S1_0813104901.csv,20560,1565661685398,762.6713,0.007015541,0.0647944,3.124393,-0.03138683,-0.2458387,0.9688025,14.2314,358.1444,358.9385,0.1240007,-0.01491972,-0.007184693,0.992144,-1.311342E-07,-1.5,10,2.245243,0
T4_EW_PW_B4_C3_P715028_S1_0813104901.csv,20561,1565661685438,762.7153,0.01068589,0.0773018,3.166857,-0.02772905,-0.2177559,0.9756093,12.57726,358.3719,358.9698,0.1096485,-0.01313616,-0.007378806,0.9938563,-1.311342E-07,-1.5,10,1.558088,0
T4_EW_PW_B4_C3_P715028_S1_0813104901.csv,20562,1565661685508,762.7787,0.01114442,0.09055761,3.224401,-0.0111641,-0.2310549,0.9728767,13.35919,359.3425,357.0721,0.1164227,-0.002724975,-0.02470696,0.9928887,-1.311342E-07,-1.5,10,0.5678623,1
T4_EW_PW_B4_C3_P715028_S1_0813104901.csv,20563,1565661685563,762.8224,0.01008873,0.09222457,3.27798,-0.007760064,-0.2624753,0.9649075,15.21699,359.5392,357.9751,0.132452,-0.00164554,-0.01698148,0.9910426,-1.311342E-07,-1.5,10,1.925696,1
T4_EW_PW_B4_C3_P715028_S1_0813104901.csv,20564,1565661685598,762.8754,0.009310685,0.08860181,3.331542,0.002015401,-0.2530695,0.967446,14.65923,0.1193594,359.2532,0.1275677,0.001864452,-0.006596296,0.9918062,-1.311342E-07,-1.5,10,1.274568,0
T4_EW_PW_B4_C3_P715028_S1_0813104901.csv,20565,1565661685648,762.918,0.007865725,0.08347441,3.391464,0.006304374,-0.224059,0.9745552,12.94755,0.3706399,0.09557275,0.1127505,0.003119777,0.0004640294,0.9936184,-1.311342E-07,-1.5,10,0.6783969,1
T4_EW_PW_B4_C3_P715028_S1_0813104901.csv,20566,1565661685686,762.9576,0.004583117,0.0723989,3.454099,0.005214967,-0.2176172,0.9760203,12.56912,0.3061337,0.4584594,0.1094758,0.00221749,0.003684306,0.9939802,-1.311342E-07,-1.5,10,0.9968149,1
T4_EW_PW_B4_C3_P715028_S1_0813104901.csv,20567,1565661685723,763.0003,-0.001220694,0.05797059,3.516704,0.0001545604,-0.2244738,0.9744801,12.97194,0.00908757,0.3925372,0.1129595,-0.0003081511,0.003394643,0.9935938,-1.311342E-07,-1.5,10,0.5406791,1
T4_EW_PW_B4_C3_P715028_S1_0813104901.csv,20568,1565661685768,763.0439,-0.007446565,0.0465808,3.561029,-0.002224154,-0.2287525,0.9734821,13.22364,359.8691,359.836,0.1151435,-0.0009699792,-0.001290133,0.9933476,-1.311342E-07,-1.5,10,0.3409232,1
T4_EW_PW_B4_C3_P715028_S1_0813104901.csv,20569,1565661685813,763.0867,-0.01474963,0.04173714,3.621904,0.00615294,-0.2299882,0.973174,13.29638,0.3622505,359.6501,0.1157619,0.003493495,-0.003399189,0.9932651,-1.311342E-07,-1.5,10,0.3685048,1
T4_EW_PW_B4_C3_P715028_S1_0813104901.csv,20570,1565661685858,763.1374,-0.02306397,0.04452497,3.682372,0.01396088,-0.2542561,0.9670362,14.72951,0.8271088,359.5556,0.1281535,0.007655351,-0.004771408,0.9917133,-1.311342E-07,-1.5,10,1.158427,1
T4_EW_PW_B4_C3_P715028_S1_0813104901.csv,20571,1565661685898,763.1777,-0.02826561,0.05419271,3.717648,0.01703092,-0.296917,0.9547514,17.27253,1.021938,358.9172,0.1500651,0.01023532,-0.01068086,0.9885654,-1.311342E-07,-1.5,10,3.456437,1
T4_EW_PW_B4_C3_P715028_S1_0813104901.csv,20572,1565661685953,763.222,-0.03162696,0.07003555,3.753445,0.02295289,-0.2389931,0.97075,13.82712,1.354477,358.5307,0.120203,0.01327616,-0.01415053,0.9925597,-1.311342E-07,-1.5,10,1.070641,0
T4_EW_PW_B4_C3_P715028_S1_0813104901.csv,20573,1565661685994,763.2706,-0.03495566,0.08082671,3.811315,0.02822881,-0.1983131,0.9797322,11.43833,1.650394,359.8757,0.09962665,0.01443828,-0.002514263,0.994917,-1.311342E-07,-1.5,10,3.166628,1
T4_EW_PW_B4_C3_P715028_S1_0813104901.csv,20574,1565661686038,763.3167,-0.03719531,0.08432087,3.867912,0.03310299,-0.2281931,0.973053,13.19072,1.948435,0.167931,0.1148647,0.01672165,-0.0004972819,0.9932403,-1.311342E-07,-1.5,10,2.023424,0
T4_EW_PW_B4_C3_P715028_S1_0813104901.csv,20575,1565661686084,763.3547,-0.03898106,0.08344294,3.921072,0.03210507,-0.2858706,0.9577303,16.61089,1.919952,-0.004659554,0.1444293,0.01658412,-0.002460344,0.9893731,-1.311342E-07,-1.5,10,2.506084,0
T4_EW_PW_B4_C3_P715028_S1_0813104901.csv,20576,1565661686133,763.4099,-0.04012546,0.08072941,3.978098,0.02814429,-0.3146994,0.948774,18.34267,1.699115,358.7924,0.1592067,0.01631609,-0.01276514,0.9870279,-1.311342E-07,-1.5,10,3.847918,0
T4_EW_PW_B4_C3_P715028_S1_0813104901.csv,20577,1565661686188,763.4538,-0.04192164,0.07932001,4.04228,0.0267033,-0.2756157,0.960897,15.99871,1.591838,357.7937,0.1388579,0.01643224,-0.02099632,0.9899534,-1.311342E-07,-1.5,10,1.624858,0
T4_EW_PW_B4_C3_P715028_S1_0813104901.csv,20578,1565661686238,763.5049,-0.04341827,0.06811215,4.085764,0.02131305,-0.2650406,0.9640017,15.36936,1.266542,357.6195,0.1334567,0.01372831,-0.02206183,0.990714,-1.311342E-07,-1.5,10,0.9679322,1
T4_EW_PW_B4_C3_P715028_S1_0813104901.csv,20579,1565661686273,763.5485,-0.04511691,0.05448328,4.145444,0.01253522,-0.2551125,0.9668301,14.78025,0.7428138,357.8851,0.1284814,0.008801001,-0.01913492,0.9914883,-1.311342E-07,-1.5,10,0.3045456,1
T4_EW_PW_B4_C3_P715028_S1_0813104901.csv,20580,1565661686324,763.596,-0.04453363,0.03952868,4.206382,-0.005685635,-0.2567565,0.9664594,14.87769,359.6629,357.979,0.1294986,-0.0006330368,-0.01710601,0.9914319,-1.311342E-07,-1.5,10,0.751474,1
T4_EW_PW_B4_C3_P715028_S1_0813104901.csv,20581,1565661686368,763.641,-0.03878395,0.03197189,4.263811,-0.01487474,-0.2538311,0.9671342,14.70434,359.1188,357.519,0.128099,-0.004854103,-0.02048682,0.9915379,-1.311342E-07,-1.5,10,1.25117,1
T4_EW_PW_B4_C3_P715028_S1_0813104901.csv,20582,1565661686408,763.6837,-0.03260625,0.02944038,4.322823,-0.01924443,-0.2844361,0.9585018,16.52514,358.8498,356.4005,0.1439436,-0.005414996,-0.02963726,0.9891272,-1.311342E-07,-1.5,10,2.03028,1
T4_EW_PW_B4_C3_P715028_S1_0813104901.csv,20583,1565661686455,763.7292,-0.02838118,0.04341683,4.363331,-0.0231827,-0.3062977,0.9516535,17.83625,358.6045,356.3036,0.1553188,-0.007024736,-0.02997211,0.9873847,-1.311342E-07,-1.5,10,2.995194,0
T4_EW_PW_B4_C3_P715028_S1_0813104901.csv,20584,1565661686498,763.7728,-0.02649059,0.06120273,4.397423,-0.01633942,-0.2449317,0.9694027,14.1778,359.0344,356.929,0.1235846,-0.005052449,-0.02555109,0.9919922,-1.311342E-07,-1.5,10,1.835257,0
T4_EW_PW_B4_C3_P715028_S1_0813104901.csv,20585,1565661686538,763.8177,-0.02723489,0.07212491,4.452887,-0.009351308,-0.2241514,0.9745095,12.95298,359.4502,356.0902,0.1128912,-0.0009166638,-0.03335391,0.993047,-1.311342E-07,-1.5,10,2.980912,1
T4_EW_PW_B4_C3_P715028_S1_0813104901.csv,20586,1565661686588,763.8594,-0.03109223,0.07586789,4.482409,-0.004422941,-0.2482972,0.9686738,14.37677,359.7384,355.5491,0.1251253,0.002595706,-0.03824048,0.9914004,-1.311342E-07,-1.5,10,1.661304,0
T4_EW_PW_B4_C3_P715028_S1_0813104901.csv,20587,1565661686629,763.9014,-0.03601627,0.07985725,4.534444,-0.004435305,-0.2841578,0.9587673,16.50851,359.735,355.8963,0.1435557,0.002852598,-0.03510078,0.9890155,-1.311342E-07,-1.5,10,0.7279305,1
T4_EW_PW_B4_C3_P715028_S1_0813104901.csv,20588,1565661686658,763.9373,-0.04235172,0.07871356,4.589058,-0.004733793,-0.3146854,0.9491842,18.34182,359.7143,357.4701,0.159395,0.001057315,-0.0213962,0.9869825,-1.311342E-07,-1.5,10,2.192139,1
T4_EW_PW_B4_C3_P715028_S1_0813104901.csv,20589,1565661686713,763.9831,-0.04669509,0.07576032,4.643163,-0.002780912,-0.3020903,0.9532753,17.5832,359.8329,358.3933,0.1528459,0.0007015804,-0.01363285,0.9881558,-1.311342E-07,-1.5,10,1.35176,0
T4_EW_PW_B4_C3_P715028_S1_0813104901.csv,20590,1565661686753,764.0261,-0.05019745,0.06970601,4.68352,-0.003674217,-0.2815745,0.9595323,16.3542,359.7806,358.7298,0.1422453,-0.0003184782,-0.01069903,0.9897736,-1.311342E-07,-1.5,10,0.7356848,1
T4_EW_PW_B4_C3_P715028_S1_0813104901.csv,20591,1565661686799,764.074,-0.05602442,0.05892093,4.74395,-0.004874227,-0.2723303,0.9621915,15.80298,359.7097,358.9046,0.1374875,-0.001194616,-0.009120047,0.9904608,-1.311342E-07,-1.5,10,1.123265,1
T4_EW_PW_B4_C3_P715028_S1_0813104901.csv,20592,1565661686843,764.1188,-0.06297648,0.04735729,4.804521,-0.003581852,-0.2591748,0.9658238,15.0211,359.7875,358.8284,0.1307205,-0.0005019406,-0.009893757,0.9913698,-1.311342E-07,-1.5,10,1.789801,1
T4_EW_PW_B4_C3_P715028_S1_0813104901.csv,20593,1565661686903,764.1706,-0.06863026,0.04112577,4.849197,0.007321794,-0.2551246,0.9668804,14.78097,0.4338694,358.1992,0.1285551,0.005775569,-0.01607015,0.9915554,-1.311342E-07,-1.5,10,1.901457,1
T4_EW_PW_B4_C3_P715028_S1_0813104901.csv,20594,1565661686938,764.2129,-0.0761613,0.03856383,4.911276,0.01834241,-0.2606122,0.9652693,15.10639,1.088625,358.0903,0.1312655,0.01160656,-0.01776775,0.9911201,-1.311342E-07,-1.5,10,1.72873,1
T4_EW_PW_B4_C3_P715028_S1_0813104901.csv,20595,1565661686988,764.2662,-0.08479934,0.04852626,4.973587,0.02910984,-0.3063927,0.95146,17.84197,1.752413,357.486,0.1546854,0.01850489,-0.02403992,0.9874979,-1.311342E-07,-1.5,10,1.040234,1
T4_EW_PW_B4_C3_P715028_S1_0813104901.csv,20596,1565661687033,764.3079,-0.0910944,0.067711,5.029648,0.03684534,-0.2860741,0.9574988,16.62306,2.203701,357.274,0.1440351,0.02246029,-0.02631186,0.9889677,-1.311342E-07,-1.5,10,1.410976,1
T4_EW_PW_B4_C3_P715028_S1_0813104901.csv,20597,1565661687079,764.3533,-0.09488496,0.08240025,5.094058,0.04234295,-0.2312133,0.9719812,13.36851,2.49443,358.7725,0.116132,0.02286367,-0.01317018,0.9928833,-1.311342E-07,-1.5,10,4.698904,1
T4_EW_PW_B4_C3_P715028_S1_0813104901.csv,20598,1565661687124,764.3981,-0.09253133,0.08642732,5.141852,0.05091055,-0.2367243,0.9702421,13.69328,3.003669,359.4847,0.1190531,0.02655766,-0.007587397,0.9925037,-1.311342E-07,-1.5,10,4.757858,0
T4_EW_PW_B4_C3_P715028_S1_0813104901.csv,20599,1565661687168,764.443,-0.08936533,0.08616812,5.198863,0.05757048,-0.2903539,0.955186,16.87914,3.449129,359.2139,0.1464921,0.03077455,-0.01119944,0.9886696,-1.311342E-07,-1.5,10,2.668218,0
T4_EW_PW_B4_C3_P715028_S1_0813104901.csv,20600,1565661687213,764.4852,-0.08605053,0.07978584,5.254088,0.0554997,-0.3324298,0.9414936,19.41632,3.3736,357.9366,0.168007,0.03204465,-0.02270285,0.9850033,-1.311342E-07,-1.5,10,2.427855,0
T4_EW_PW_B4_C3_P715028_S1_0813104901.csv,20601,1565661687258,764.5341,-0.08296651,0.07543572,5.314428,0.05231958,-0.3031307,0.9515117,17.64574,3.147281,356.9588,0.1525483,0.03119587,-0.03042305,0.987335,-1.311342E-07,-1.5,10,2.232656,0
T4_EW_PW_B4_C3_P715028_S1_0813104901.csv,20602,1565661687324,764.5849,-0.08080245,0.06382967,5.352384,0.04557848,-0.2929277,0.9550476,17.03331,2.732298,356.8239,0.1473445,0.02767272,-0.03092978,0.9882141,-1.311342E-07,-1.5,10,2.27357,1
T4_EW_PW_B4_C3_P715028_S1_0813104901.csv,20603,1565661687358,764.6406,-0.07677264,0.04791752,5.411515,0.03665878,-0.2879409,0.9569463,16.73472,2.193819,357.2274,0.144992,0.02245407,-0.0267158,0.9888172,-1.311342E-07,-1.5,10,2.238783,1
T4_EW_PW_B4_C3_P715028_S1_0813104901.csv,20604,1565661687419,764.6857,-0.07090235,0.02375969,5.488687,0.01327268,-0.3083715,0.9511734,17.96112,0.7994541,356.9024,0.1558522,0.01110743,-0.0277848,0.9873271,-1.311342E-07,-1.5,10,0.7063754,1
T4_EW_PW_B4_C3_P715028_S1_0813104901.csv,20605,1565661687473,764.7413,-0.06295744,0.01897688,5.528744,-0.0009102225,-0.3324414,0.9431235,19.41703,359.9447,356.0256,0.1685509,0.005372283,-0.03409822,0.9850884,-1.311342E-07,-1.5,10,1.045488,1
T4_EW_PW_B4_C3_P715028_S1_0813104901.csv,20606,1565661687508,764.7835,-0.0534079,0.0212035,5.59256,-0.007754695,-0.3586966,0.933422,21.02017,359.524,355.4499,0.1824254,0.003160017,-0.03827301,0.9824694,-1.311342E-07,-1.5,10,2.264426,1
T4_EW_PW_B4_C3_P715028_S1_0813104901.csv,20607,1565661687552,764.8242,-0.04378973,0.03579672,5.659683,-0.008509774,-0.3707149,0.9287077,21.75971,359.475,356.2581,0.1887945,0.001665779,-0.03119732,0.9815196,-1.311342E-07,-1.5,10,2.497792,1
T4_EW_PW_B4_C3_P715028_S1_0813104901.csv,20608,1565661687588,764.8688,-0.03842757,0.04759739,5.700517,-0.002400549,-0.3217607,0.946818,18.76944,359.8547,357.2961,0.1630468,0.002596933,-0.02307157,0.9863452,-1.311342E-07,-1.5,10,1.199262,0
T4_EW_PW_B4_C3_P715028_S1_0813104901.csv,20609,1565661687633,764.908,-0.03200368,0.05616872,5.762047,0.006465939,-0.3264222,0.945202,19.05176,0.3919429,356.2972,0.1652967,0.00871801,-0.03242732,0.9856721,-1.311342E-07,-1.5,10,1.111531,1
T4_EW_PW_B4_C3_P715028_S1_0813104901.csv,20610,1565661687668,764.9446,-0.02966234,0.06091118,5.819582,0.01295551,-0.3596722,0.9329888,21.08007,0.7955595,354.9881,0.1824448,0.01481666,-0.04425344,0.982108,-1.311342E-07,-1.5,10,0.7063754,1
T4_EW_PW_B4_C3_P715028_S1_0813104901.csv,20611,1565661687713,764.9872,-0.03381882,0.06149224,5.852867,0.01402774,-0.4025769,0.9152787,23.73937,0.8780573,355.516,0.2052296,0.01553921,-0.03985796,0.9777784,-1.311342E-07,-1.5,10,3.130629,1
T4_EW_PW_B4_C3_P715028_S1_0813104901.csv,20612,1565661687773,765.0405,-0.03930701,0.06097949,5.902416,0.004693503,-0.4053654,0.9141427,23.91403,0.2941723,357.651,0.2070821,0.006757493,-0.02058431,0.9780837,-1.311342E-07,-1.5,10,3.069691,0
T4_EW_PW_B4_C3_P715028_S1_0813104901.csv,20613,1565661687798,765.08,-0.04206341,0.05844865,5.936626,-0.000934131,-0.3826208,0.923905,22.49612,359.9421,358.3982,0.1950449,0.002230781,-0.01361115,0.9806973,-1.311342E-07,-1.5,10,1.629909,0
T4_EW_PW_B4_C3_P715028_S1_0813104901.csv,20614,1565661687858,765.1293,-0.04518464,0.05105136,5.984109,-0.008328635,-0.3688746,0.9294419,21.64623,359.4866,358.5744,0.1878159,-0.002064253,-0.01137784,0.9821362,-1.311342E-07,-1.5,10,1.201219,1
T4_EW_PW_B4_C3_P715028_S1_0813104901.csv,20615,1565661687888,765.1724,-0.04868383,0.04052099,6.036082,-0.01112711,-0.3677793,0.9298465,21.57873,359.3144,358.4142,0.187259,-0.003286096,-0.01247399,0.9822259,-1.311342E-07,-1.5,10,1.337937,1
T4_EW_PW_B4_C3_P715028_S1_0813104901.csv,20616,1565661687929,765.2106,-0.05187642,0.03202692,6.071876,-0.007737329,-0.359925,0.9329492,21.09559,359.5248,358.3493,0.1830938,-0.001439335,-0.01340184,0.9830031,-1.311342E-07,-1.5,10,1.167346,1
T4_EW_PW_B4_C3_P715028_S1_0813104901.csv,20617,1565661687978,765.2518,-0.05684732,0.02338465,6.130461,0.001719673,-0.3666417,0.9303607,21.50865,0.105905,358.1826,0.1865602,0.003867089,-0.01575278,0.9823097,-1.311342E-07,-1.5,10,0.6849989,1
T4_EW_PW_B4_C3_P715028_S1_0813104901.csv,20618,1565661688023,765.2941,-0.06123726,0.02169072,6.170021,0.01057011,-0.3669004,0.9302002,21.52459,0.6510391,358.4109,0.1866364,0.008170256,-0.01468345,0.9822854,-1.311342E-07,-1.5,10,0.2846186,1
T4_EW_PW_B4_C3_P715028_S1_0813104901.csv,20619,1565661688058,765.3356,-0.0660323,0.0274542,6.210659,0.01476188,-0.3828661,0.9236859,22.51133,0.9155946,358.2309,0.1950368,0.01084847,-0.01669941,0.9805937,-1.311342E-07,-1.5,10,0.5650989,1
T4_EW_PW_B4_C3_P715028_S1_0813104901.csv,20620,1565661688109,765.377,-0.07176795,0.04056,6.266227,0.0138118,-0.4152585,0.9095986,24.5356,0.8699411,357.7492,0.2122884,0.01158993,-0.02080422,0.9769168,-1.311342E-07,-1.5,10,2.128816,1
T4_EW_PW_B4_C3_P715028_S1_0813104901.csv,20621,1565661688152,765.4173,-0.07308335,0.05579973,6.301336,0.01920393,-0.3422525,0.9394118,20.01417,1.171106,357.9753,0.1735559,0.01313267,-0.01917422,0.9845498,-1.311342E-07,-1.5,10,2.795544,1
T4_EW_PW_B4_C3_P715028_S1_0813104901.csv,20622,1565661688193,765.4654,-0.0729249,0.06766486,6.360355,0.02418668,-0.2930593,0.9557883,17.0412,1.449588,358.9185,0.1480285,0.01390782,-0.01120739,0.9888218,-1.311342E-07,-1.5,10,6.263472,1
T4_EW_PW_B4_C3_P715028_S1_0813104901.csv,20623,1565661688238,765.5129,-0.06986542,0.06801055,6.416489,0.03305922,-0.3266448,0.9445689,19.06525,2.004493,358.8734,0.1654063,0.01887719,-0.01259095,0.9859645,-1.311342E-07,-1.5,10,4.637345,0
SUMMARY:
dwellCount,eachTime,totalTime
20
0,0.5591431
1,0.05718994
2,0.04150391
3,0.08026123
4,0.1312866
5,0.09008789
6,0.08398438
7,0.09063721
8,0.03875732
9,0.2738647
10,0.1071167
11,0.3023071
12,0.04852295
13,0.2299194
14,0.04492188
15,0.07788086
16,0.3702393
17,0.2901611
18,0.1184082
19,0.385437
3.421631