circle_3d,confidence,timestamp,diameter_3d,ellipse,location,diameter,sphere,projected_sphere,model_confidence,model_id,model_birth_timestamp,theta,phi,norm_pos,topic,id,method,python_timestamp,norm_x,norm_y
"{'center': [0.0, -0.0, 0.0], 'normal': [0.0, -0.0, 0.0], 'radius': 0.0}",0.0,8424.373416,0.0,"{'center': [160.0, 120.0], 'axes': [0.0, 0.0], 'angle': 90.0}","[160.0, 120.0]",0.0,"{'center': [Decimal('0.044386730663660674'), Decimal('-1.3589258109710656'), 90.61269998292146], 'radius': 12.0}","{'center': [Decimal('160.30370768133668'), Decimal('110.70181108210151')], 'axes': [Decimal('164.21539147166524'), Decimal('164.21539147166524')], 'angle': 90.0}",0.5893602039660939,120,8281.920388,0.0,0.0,"[0.5, 0.5]",pupil.1,1,3d c++,1581666464.833542,0.5,0.5
"{'center': [0.0, -0.0, 0.0], 'normal': [0.0, -0.0, 0.0], 'radius': 0.0}",0.0,8424.381816,0.0,"{'center': [160.0, 120.0], 'axes': [0.0, 0.0], 'angle': 90.0}","[160.0, 120.0]",0.0,"{'center': [Decimal('0.044386730663660674'), Decimal('-1.3589258109710656'), 90.61269998292146], 'radius': 12.0}","{'center': [Decimal('160.30370768133668'), Decimal('110.70181108210151')], 'axes': [Decimal('164.21539147166524'), Decimal('164.21539147166524')], 'angle': 90.0}",0.5893602039660939,120,8281.920388,0.0,0.0,"[0.5, 0.5]",pupil.1,1,3d c++,1581666464.8375,0.5,0.5
"{'center': [Decimal('-1.5429898665888517'), Decimal('6.0156684292373015'), 81.2801978891215], 'normal': [Decimal('-0.13228138310437604'), 0.614549520017364, -0.7777085078166633], 'radius': Decimal('2.3643562688868043')}",0.23320398171355194,8424.390216,4.728712537773609,"{'center': [148.280227387282, Decimal('165.65164890998645')], 'axes': [26.32969956575823, 36.07647600036121], 'angle': -77.68457894939664}","[148.280227387282, Decimal('165.65164890998645')]",36.07647600036121,"{'center': [Decimal('0.044386730663660674'), Decimal('-1.3589258109710656'), 90.61269998292146], 'radius': 12.0}","{'center': [Decimal('160.30370768133668'), Decimal('110.70181108210151')], 'axes': [Decimal('164.21539147166524'), Decimal('164.21539147166524')], 'angle': 90.0}",0.5893602039660939,120,8281.920388,2.2326111275285747,-1.7392751331545642,"[Decimal('0.46337571058525623'), Decimal('0.30978479620838983')]",pupil.1,1,3d c++,1581666464.8491051,0.46337571058525623,0.30978479620838983
"{'center': [-0.989918068730703, 5.921562288049256, 81.12983614218362], 'normal': [-0.08619206661619701, 0.606707341585027, -0.7902386533948199], 'radius': Decimal('2.3217392797089116')}",0.18404160266225955,8424.398616,4.643478559417823,"{'center': [Decimal('152.46724343335183'), Decimal('165.02340662000128')], 'axes': [Decimal('26.441611914421078'), 35.49130189659332], 'angle': -81.80768815356413}","[Decimal('152.46724343335183'), Decimal('165.02340662000128')]",35.49130189659332,"{'center': [Decimal('0.044386730663660674'), Decimal('-1.3589258109710656'), 90.61269998292146], 'radius': 12.0}","{'center': [Decimal('160.30370768133668'), Decimal('110.70181108210151')], 'axes': [Decimal('164.21539147166524'), Decimal('164.21539147166524')], 'angle': 90.0}",0.5893602039660939,120,8281.920388,2.222708239687989,-1.6794378006849826,"[Decimal('0.47646013572922447'), 0.3124024724166613]",pupil.1,1,3d c++,1581666464.8542678,0.47646013572922447,0.3124024724166613
"{'center': [-0.9410762421645131, 5.934272030607483, 81.13440224689424], 'normal': [-0.08212191440234784, 0.6077664867982124, -0.7898581446689348], 'radius': Decimal('2.3166258253558403')}",0.39975450354858894,8424.407016,4.6332516507116805,"{'center': [Decimal('152.83922410053603'), 165.1187642383375], 'axes': [Decimal('26.365886312250456'), 35.41112014802969], 'angle': -82.20489158634446}","[Decimal('152.83922410053603'), 165.1187642383375]",35.41112014802969,"{'center': [Decimal('0.044386730663660674'), Decimal('-1.3589258109710656'), 90.61269998292146], 'radius': 12.0}","{'center': [Decimal('160.30370768133668'), Decimal('110.70181108210151')], 'axes': [Decimal('164.21539147166524'), Decimal('164.21539147166524')], 'angle': 90.0}",0.5893602039660939,120,8281.920388,2.2240413015854266,-1.6743945624961905,"[Decimal('0.47762257531417507'), 0.3120051490069271]",pupil.1,1,3d c++,1581666464.86241,0.47762257531417507,0.3120051490069271
"{'center': [-0.947497333000207, 5.939158527214968, 81.13883429900059], 'normal': [-0.08265700530532233, 0.6081736948488362, -0.7894888069934054], 'radius': 2.327422907498449}",0.449041520661641,8424.415416,4.654845814996898,"{'center': [Decimal('152.79101601964933'), Decimal('165.15149573358318')], 'axes': [26.47154092832749, 35.57427680893518], 'angle': -82.15985817625996}","[Decimal('152.79101601964933'), Decimal('165.15149573358318')]",35.57427680893518,"{'center': [Decimal('0.044386730663660674'), Decimal('-1.3589258109710656'), 90.61269998292146], 'radius': 12.0}","{'center': [Decimal('160.30370768133668'), Decimal('110.70181108210151')], 'axes': [Decimal('164.21539147166524'), Decimal('164.21539147166524')], 'angle': 90.0}",0.5893602039660939,120,8281.920388,2.2245541839717125,-1.6751131484480055,"[0.4774719250614042, 0.3118687677767368]",pupil.1,1,3d c++,1581666464.870137,0.4774719250614042,0.3118687677767368
"{'center': [-0.8513264552108124, 5.94406169460519, 81.13303377666463], 'normal': [-0.07464276548953945, 0.6085822921313548, -0.7899721838547354], 'radius': Decimal('2.3409354473980843')}",0.4057064276949133,8424.423816,4.681870894796169,"{'center': [153.5227667584188, Decimal('165.18915110735873')], 'axes': [Decimal('26.648533605292975'), Decimal('35.783415358019056')], 'angle': -82.91969275250271}","[153.5227667584188, Decimal('165.18915110735873')]",35.783415358019056,"{'center': [Decimal('0.044386730663660674'), Decimal('-1.3589258109710656'), 90.61269998292146], 'radius': 12.0}","{'center': [Decimal('160.30370768133668'), Decimal('110.70181108210151')], 'axes': [Decimal('164.21539147166524'), Decimal('164.21539147166524')], 'angle': 90.0}",0.5893602039660939,120,8281.920388,2.2250690187560376,-1.6650044694737867,"[0.4797586461200588, Decimal('0.31171187038600534')]",pupil.1,1,3d c++,1581666464.883883,0.4797586461200588,0.31171187038600534
"{'center': [-0.856517320577203, 5.948981509462777, 81.13731806521454], 'normal': [-0.07507533760340535, 0.6089922767028204, -0.7896151598089096], 'radius': 2.332455405583856}",0.417478044035272,8424.432216,4.664910811167712,"{'center': [153.4833826272886, Decimal('165.22604154773424')], 'axes': [Decimal('26.535182385897095'), Decimal('35.651875093216006')], 'angle': -82.8837726725964}","[153.4833826272886, Decimal('165.22604154773424')]",35.651875093216006,"{'center': [Decimal('0.044386730663660674'), Decimal('-1.3589258109710656'), 90.61269998292146], 'radius': 12.0}","{'center': [Decimal('160.30370768133668'), Decimal('110.70181108210151')], 'axes': [Decimal('164.21539147166524'), Decimal('164.21539147166524')], 'angle': 90.0}",0.5893602039660939,120,8281.920388,2.22558580593829,-1.665589760426773,"[Decimal('0.47963557071027685'), Decimal('0.31155816021777405')]",pupil.1,1,3d c++,1581666464.8873901,0.47963557071027685,0.31155816021777405
"{'center': [-0.867487674037969, 5.762181681194959, 80.9971753921845], 'normal': [-0.07598953372513578, 0.5934256243471685, -0.8012937158947457], 'radius': Decimal('2.3136366028166577')}",0.539121319044501,8424.440616,4.6272732056333155,"{'center': [Decimal('153.38861115016152'), 163.8793937557269], 'axes': [26.8654027222845, 35.4250803714195], 'angle': -82.605712564079}","[Decimal('153.38861115016152'), 163.8793937557269]",35.4250803714195,"{'center': [Decimal('0.044386730663660674'), Decimal('-1.3589258109710656'), 90.61269998292146], 'radius': 12.0}","{'center': [Decimal('160.30370768133668'), Decimal('110.70181108210151')], 'axes': [Decimal('164.21539147166524'), Decimal('164.21539147166524')], 'angle': 90.0}",0.5893602039660939,120,8281.920388,2.206104545518697,-1.665347116462844,"[Decimal('0.47933940984425477'), 0.3171691926844712]",pupil.1,1,3d c++,1581666464.8949099,0.47933940984425477,0.3171691926844712
"{'center': [-0.9523558885831448, 5.876699329588082, 81.09155336204194], 'normal': [-0.08306188493723378, 0.6029687617132622, -0.7934288850732932], 'radius': Decimal('2.3563328739536327')}",0.7034499629372262,8424.449016,4.712665747907265,"{'center': [Decimal('152.75082518765265'), 164.6948910610323], 'axes': [Decimal('26.987241898935867'), 36.03721336943024], 'angle': -82.0528321615905}","[Decimal('152.75082518765265'), 164.6948910610323]",36.03721336943024,"{'center': [Decimal('0.044386730663660674'), Decimal('-1.3589258109710656'), 90.61269998292146], 'radius': 12.0}","{'center': [Decimal('160.30370768133668'), Decimal('110.70181108210151')], 'axes': [Decimal('164.21539147166524'), Decimal('164.21539147166524')], 'angle': 90.0}",0.5893602039660939,120,8281.920388,2.218013574911217,-1.6751036309784775,"[0.4773463287114145, 0.3137712872456987]",pupil.1,1,3d c++,1581666464.9073126,0.4773463287114145,0.3137712872456987
"{'center': [-0.875731230491716, Decimal('5.6501027342996615'), 80.915953013492], 'normal': [-0.07667649676294806, 0.5840857121058939, -0.8080622474524549], 'radius': 2.363726180785879}",0.9932027841027259,8424.457416,4.727452361571758,"{'center': [Decimal('153.32071273749295'), Decimal('163.05565986210854')], 'axes': [Decimal('27.771240581762157'), Decimal('36.228429340852834')], 'angle': -82.41816045574495}","[Decimal('153.32071273749295'), Decimal('163.05565986210854')]",36.228429340852834,"{'center': [Decimal('0.044386730663660674'), Decimal('-1.3589258109710656'), 90.61269998292146], 'radius': 12.0}","{'center': [Decimal('160.30370768133668'), Decimal('110.70181108210151')], 'axes': [Decimal('164.21539147166524'), Decimal('164.21539147166524')], 'angle': 90.0}",0.5895312795435648,120,8281.920388,2.1945495298633757,-1.665402405613561,"[0.4791272273046655, 0.3206014172412144]",pupil.1,1,3d c++,1581666464.915232,0.4791272273046655,0.3206014172412144
"{'center': [-0.8849412670558786, 5.62809192735234, 80.90095798691432], 'normal': [-0.07744399980996161, 0.5822514781936171, -0.8093118330005947], 'radius': 2.390311117083655}",0.9325447011072037,8424.465815,4.78062223416731,"{'center': [Decimal('153.24997313337667'), Decimal('162.88983260420142')], 'axes': [Decimal('28.144316097559894'), 36.64277657276192], 'angle': -82.31834381846338}","[Decimal('153.24997313337667'), Decimal('162.88983260420142')]",36.64277657276192,"{'center': [Decimal('0.044386730663660674'), Decimal('-1.3589258109710656'), 90.61269998292146], 'radius': 12.0}","{'center': [Decimal('160.30370768133668'), Decimal('110.70181108210151')], 'axes': [Decimal('164.21539147166524'), Decimal('164.21539147166524')], 'angle': 90.0}",0.5897089527710175,120,8281.920388,2.192291596325526,-1.666197020514381,"[0.4789061660418021, Decimal('0.32129236414916074')]",pupil.1,1,3d c++,1581666464.92158,0.4789061660418021,0.32129236414916074
"{'center': [-0.8938245468021666, 5.617615347599283, 80.89428277323088], 'normal': [-0.07818427312215227, 0.5813784298808624, -0.8098681008075475], 'radius': 2.388239870910683}",0.9930965167244393,8424.474215,4.776479741821366,"{'center': [Decimal('153.18161123658024'), 162.8136259310893], 'axes': [Decimal('28.146828439133856'), Decimal('36.614024264520154')], 'angle': -82.23367002692179}","[Decimal('153.18161123658024'), 162.8136259310893]",36.614024264520154,"{'center': [Decimal('0.044386730663660674'), Decimal('-1.3589258109710656'), 90.61269998292146], 'radius': 12.0}","{'center': [Decimal('160.30370768133668'), Decimal('110.70181108210151')], 'axes': [Decimal('164.21539147166524'), Decimal('164.21539147166524')], 'angle': 90.0}",0.5889028234652649,120,8281.920388,2.191218160112389,-1.6670375949664564,"[Decimal('0.47869253511431326'), Decimal('0.32160989195379464')]",pupil.1,1,3d c++,1581666464.929569,0.47869253511431326,0.32160989195379464
"{'center': [-0.9033445983128774, 5.635274333609127, 80.90790891532856], 'normal': [-0.07897761074804484, 0.5828500120483494, -0.8087325889660743], 'radius': 2.384559686181885}",0.9943586007379549,8424.482615,4.76911937236377,"{'center': [153.1099679330173, 162.9423429232843], 'axes': [Decimal('28.048434932710364'), Decimal('36.551457943143376')], 'angle': -82.17560474901389}","[153.1099679330173, 162.9423429232843]",36.551457943143376,"{'center': [Decimal('0.044386730663660674'), Decimal('-1.3589258109710656'), 90.61269998292146], 'radius': 12.0}","{'center': [Decimal('160.30370768133668'), Decimal('110.70181108210151')], 'axes': [Decimal('164.21539147166524'), Decimal('164.21539147166524')], 'angle': 90.0}",0.5888520162727007,120,8281.920388,2.19302798665709,-1.6681436784139985,"[Decimal('0.47846864979067905'), 0.3210735711529822]",pupil.1,1,3d c++,1581666464.937204,0.47846864979067905,0.3210735711529822
"{'center': [-0.911073108238844, Decimal('5.6328952693251235'), 80.90695248582622], 'normal': [-0.0796216532418754, 0.582651756691349, -0.8088122914246021], 'radius': 2.377264707231582}",0.9947889510067544,8424.491015,4.754529414463164,"{'center': [Decimal('153.05073011597665'), Decimal('162.92614004274031')], 'axes': [Decimal('27.966378435425217'), Decimal('36.440034074474845')], 'angle': -82.1096081435931}","[Decimal('153.05073011597665'), Decimal('162.92614004274031')]",36.440034074474845,"{'center': [Decimal('0.044386730663660674'), Decimal('-1.3589258109710656'), 90.61269998292146], 'radius': 12.0}","{'center': [Decimal('160.30370768133668'), Decimal('110.70181108210151')], 'axes': [Decimal('164.21539147166524'), Decimal('164.21539147166524')], 'angle': 90.0}",0.5888254405503557,120,8281.920388,2.1927840253570605,-1.6689228462140948,"[Decimal('0.47828353161242704'), 0.3211410831552487]",pupil.1,1,3d c++,1581666464.9452481,0.47828353161242704,0.3211410831552487
"{'center': [-0.9062424982351782, 5.631459459972395, 80.90544404558571], 'normal': [-0.07921910240823658, 0.582532105911955, -0.8089379947779782], 'radius': Decimal('2.3912649035265545')}",0.9942363667535516,8424.499415,4.782529807053109,"{'center': [Decimal('153.08784361087487'), 162.9131055537469], 'axes': [Decimal('28.137301679249386'), 36.6553812998794], 'angle': -82.14753055550844}","[Decimal('153.08784361087487'), 162.9131055537469]",36.6553812998794,"{'center': [Decimal('0.044386730663660674'), Decimal('-1.3589258109710656'), 90.61269998292146], 'radius': 12.0}","{'center': [Decimal('160.30370768133668'), Decimal('110.70181108210151')], 'axes': [Decimal('164.21539147166524'), Decimal('164.21539147166524')], 'angle': 90.0}",0.5890872744478859,120,8281.920388,2.1926368108397427,-1.6684148177921108,"[Decimal('0.47839951128398395'), Decimal('0.32119539352605453')]",pupil.1,1,3d c++,1581666464.953509,0.47839951128398395,0.32119539352605453
"{'center': [-0.9001300430964594, 5.640846580434843, 80.91161372763038], 'normal': [-0.07870973114667668, 0.5833143659504924, -0.8084238546075894], 'radius': 2.396735224128392}",0.9950575449051376,8424.507815,4.793470448256784,"{'center': [153.1351185446515, Decimal('162.98054349834626')], 'axes': [Decimal('28.176744603788624'), 36.73647071830543], 'angle': -82.20822764751652}","[153.1351185446515, Decimal('162.98054349834626')]",36.73647071830543,"{'center': [Decimal('0.044386730663660674'), Decimal('-1.3589258109710656'), 90.61269998292146], 'radius': 12.0}","{'center': [Decimal('160.30370768133668'), Decimal('110.70181108210151')], 'axes': [Decimal('164.21539147166524'), Decimal('164.21539147166524')], 'angle': 90.0}",0.5891253569649701,120,8281.920388,2.193599560253687,-1.667852382232405,"[0.478547245452036, 0.3209144020902239]",pupil.1,1,3d c++,1581666464.9609551,0.478547245452036,0.3209144020902239
"{'center': [-0.9122017804763287, 5.651716806210102, 80.92065022476822], 'normal': [-0.07971570926166578, 0.5842202180984306, -0.8076708131794362], 'radius': Decimal('2.4037125097956364')}",0.9950501401129376,8424.516215,4.807425019591273,"{'center': [Decimal('153.04395631632474'), Decimal('163.05754729487646')], 'axes': [Decimal('28.222050071948317'), Decimal('36.839354710782764')], 'angle': -82.12188180867884}","[Decimal('153.04395631632474'), Decimal('163.05754729487646')]",36.839354710782764,"{'center': [Decimal('0.044386730663660674'), Decimal('-1.3589258109710656'), 90.61269998292146], 'radius': 12.0}","{'center': [Decimal('160.30370768133668'), Decimal('110.70181108210151')], 'axes': [Decimal('164.21539147166524'), Decimal('164.21539147166524')], 'angle': 90.0}",0.5899738332613036,120,8281.920388,2.1947152503778695,-1.6691759689373271,"[0.4782623634885148, 0.3205935529380147]",pupil.1,1,3d c++,1581666464.969266,0.4782623634885148,0.3205935529380147
"{'center': [-0.9137054921541751, Decimal('5.6474117268096915'), 80.91768613046821], 'normal': [-0.07984101856815298, 0.5838614614817298, -0.8079178210377702], 'radius': 2.409971825022891}",0.9950782592592641,8424.524615,4.819943650045782,"{'center': [Decimal('153.03241909824177'), Decimal('163.02490697961917')], 'axes': [28.30764786898697, 36.93666179621644], 'angle': -82.1046828814819}","[Decimal('153.03241909824177'), Decimal('163.02490697961917')]",36.93666179621644,"{'center': [Decimal('0.044386730663660674'), Decimal('-1.3589258109710656'), 90.61269998292146], 'radius': 12.0}","{'center': [Decimal('160.30370768133668'), Decimal('110.70181108210151')], 'axes': [Decimal('164.21539147166524'), Decimal('164.21539147166524')], 'angle': 90.0}",0.5906287517534303,120,8281.920388,2.194273281798732,-1.6692996883624844,"[0.4782263096820055, 0.3207295542515868]",pupil.1,1,3d c++,1581666464.97714,0.4782263096820055,0.3207295542515868
"{'center': [-0.9139428007082022, Decimal('5.6557156607492765'), 80.92371605618685], 'normal': [-0.07986079428098858, 0.5845534559766952, -0.8074153272278843], 'radius': Decimal('2.3942682741436863')}",0.9947701953203718,8424.533015,4.7885365482873725,"{'center': [153.0306661892561, Decimal('163.08844335975337')], 'axes': [Decimal('28.098686539336125'), Decimal('36.693184140318564')], 'angle': -82.11222977116189}","[153.0306661892561, Decimal('163.08844335975337')]",36.693184140318564,"{'center': [Decimal('0.044386730663660674'), Decimal('-1.3589258109710656'), 90.61269998292146], 'radius': 12.0}","{'center': [Decimal('160.30370768133668'), Decimal('110.70181108210151')], 'axes': [Decimal('164.21539147166524'), Decimal('164.21539147166524')], 'angle': 90.0}",0.5913735766676531,120,8281.920388,2.195125907263076,-1.669384851030088,"[0.4782208318414253, 0.320464819334361]",pupil.1,1,3d c++,1581666464.989034,0.4782208318414253,0.320464819334361
"{'center': [-0.9096639516235396, 5.651421436383281, 80.9201864406488], 'normal': [-0.07950422352393337, 0.5841956039461955, -0.8077094618560539], 'radius': Decimal('2.3994046491781638')}",0.9852235413101745,8424.541415,4.7988092983563275,"{'center': [Decimal('153.06315747402954'), Decimal('163.05640252733508')], 'axes': [Decimal('28.173334379269182'), 36.77352163661497], 'angle': -82.14227218585152}","[Decimal('153.06315747402954'), Decimal('163.05640252733508')]",36.77352163661497,"{'center': [Decimal('0.044386730663660674'), Decimal('-1.3589258109710656'), 90.61269998292146], 'radius': 12.0}","{'center': [Decimal('160.30370768133668'), Decimal('110.70181108210151')], 'axes': [Decimal('164.21539147166524'), Decimal('164.21539147166524')], 'angle': 90.0}",0.5917087171318447,120,8281.920388,2.194684922593576,-1.6689119770263805,"[0.4783223671063423, Decimal('0.32059832280277045')]",pupil.1,1,3d c++,1581666464.9975538,0.4783223671063423,0.32059832280277045
"{'center': [-0.9288330940892091, Decimal('5.6573898553341575'), 80.92641289015634], 'normal': [-0.08110165206273916, 0.5846929721921019, -0.8071905910637588], 'radius': Decimal('2.4036608763537246')}",0.9951140025326939,8424.549815,4.807321752707449,"{'center': [Decimal('152.91757805311696'), 163.0979586178053], 'axes': [28.19795167881635, 36.83595370819949], 'angle': -81.99268086999092}","[Decimal('152.91757805311696'), 163.0979586178053]",36.83595370819949,"{'center': [Decimal('0.044386730663660674'), Decimal('-1.3589258109710656'), 90.61269998292146], 'radius': 12.0}","{'center': [Decimal('160.30370768133668'), Decimal('110.70181108210151')], 'axes': [Decimal('164.21539147166524'), Decimal('164.21539147166524')], 'angle': 90.0}",0.5919141436471986,120,8281.920388,2.1952978724636165,-1.6709342452904592,"[0.4778674314159905, Decimal('0.32042517242581126')]",pupil.1,1,3d c++,1581666465.004897,0.4778674314159905,0.32042517242581126
"{'center': [-0.9233738393381674, 5.6466375413424, 80.91808696352392], 'normal': [-0.08064671416681901, 0.5837969460261222, -0.8078844182831282], 'radius': 2.408250854802347}",0.9955917573609646,8424.558215,4.816501709604694,"{'center': [Decimal('152.95865928534514'), Decimal('163.01915428003463')], 'axes': [Decimal('28.285736393932638'), 36.91009629194695], 'angle': -82.02480551160814}","[Decimal('152.95865928534514'), Decimal('163.01915428003463')]",36.91009629194695,"{'center': [Decimal('0.044386730663660674'), Decimal('-1.3589258109710656'), 90.61269998292146], 'radius': 12.0}","{'center': [Decimal('160.30370768133668'), Decimal('110.70181108210151')], 'axes': [Decimal('164.21539147166524'), Decimal('164.21539147166524')], 'angle': 90.0}",0.5928071365378096,120,8281.920388,2.194193817181661,-1.670291282591182,"[Decimal('0.47799581026670357'), 0.320753523833189]",pupil.1,1,3d c++,1581666465.012812,0.47799581026670357,0.320753523833189
"{'center': [-0.9307828871819551, 5.663474489432319, 80.93101943472502], 'normal': [-0.08126413482046799, 0.5852000250336153, -0.8068067123497031], 'radius': 2.423627655108989}",0.9944657741000478,8424.566615,4.847255310217978,"{'center': [152.9036504530195, 163.1379816565356], 'axes': [28.41346522244861, Decimal('37.139934316773434')], 'angle': -81.9838309850961}","[152.9036504530195, 163.1379816565356]",37.139934316773434,"{'center': [Decimal('0.044386730663660674'), Decimal('-1.3589258109710656'), 90.61269998292146], 'radius': 12.0}","{'center': [Decimal('160.30370768133668'), Decimal('110.70181108210151')], 'axes': [Decimal('164.21539147166524'), Decimal('164.21539147166524')], 'angle': 90.0}",0.5929238406651494,120,8281.920388,2.195923036367647,-1.6711809441515273,"[Decimal('0.47782390766568594'), 0.320258409764435]",pupil.1,1,3d c++,1581666465.021058,0.47782390766568594,0.320258409764435
"{'center': [-0.9247487860460675, 5.654147175840786, 80.92365546697967], 'normal': [-0.08076129305914402, 0.5844227489009877, -0.8074203763284824], 'radius': 2.423521458897083}",0.9953692913395084,8424.575015,4.847042917794166,"{'center': [Decimal('152.94905776964754'), Decimal('163.07053463340935')], 'axes': [28.44239774730028, 37.14166993976262], 'angle': -82.02224755066969}","[Decimal('152.94905776964754'), Decimal('163.07053463340935')]",37.14166993976262,"{'center': [Decimal('0.044386730663660674'), Decimal('-1.3589258109710656'), 90.61269998292146], 'radius': 12.0}","{'center': [Decimal('160.30370768133668'), Decimal('110.70181108210151')], 'axes': [Decimal('164.21539147166524'), Decimal('164.21539147166524')], 'angle': 90.0}",0.5934305283846641,120,8281.920388,2.1949648193792024,-1.6704885911913938,"[Decimal('0.47796580553014856'), Decimal('0.32053943902746107')]",pupil.1,1,3d c++,1581666465.032842,0.47796580553014856,0.32053943902746107
"{'center': [-0.9380354542198268, 5.657097005077545, 80.92712976246804], 'normal': [-0.08186851540695729, 0.5846685680040509, -0.8071308517044515], 'radius': Decimal('2.4121408087339145')}",0.9953381521927852,8424.583415,4.824281617467829,"{'center': [152.847692967528, Decimal('163.09363690738428')], 'axes': [28.29452085878573, 36.96562353825582], 'angle': -81.91731271003994}","[152.847692967528, Decimal('163.09363690738428')]",36.96562353825582,"{'center': [Decimal('0.044386730663660674'), Decimal('-1.3589258109710656'), 90.61269998292146], 'radius': 12.0}","{'center': [Decimal('160.30370768133668'), Decimal('110.70181108210151')], 'axes': [Decimal('164.21539147166524'), Decimal('164.21539147166524')], 'angle': 90.0}",0.5939579565863551,120,8281.920388,2.1952677907585487,-1.6718821317143961,"[Decimal('0.47764904052352497'), 0.3204431795525655]",pupil.1,1,3d c++,1581666465.038155,0.47764904052352497,0.3204431795525655
"{'center': [-0.9505485526040773, 5.640692496162076, 80.91654366525849], 'normal': [-0.08291127360564483, 0.5833015255944285, -0.8080130264719141], 'radius': Decimal('2.4335687504801906')}",0.9948028580133377,8424.591814,4.867137500960381,"{'center': [Decimal('152.75198601227387'), Decimal('162.96938152917096')], 'axes': [28.58948075965655, 37.29896451386061], 'angle': -81.79589088303753}","[Decimal('152.75198601227387'), Decimal('162.96938152917096')]",37.29896451386061,"{'center': [Decimal('0.044386730663660674'), Decimal('-1.3589258109710656'), 90.61269998292146], 'radius': 12.0}","{'center': [Decimal('160.30370768133668'), Decimal('110.70181108210151')], 'axes': [Decimal('164.21539147166524'), Decimal('164.21539147166524')], 'angle': 90.0}",0.5942863491333439,120,8281.920388,2.1935837518957144,-1.6730497588067557,"[Decimal('0.47734995628835586'), Decimal('0.32096091029512097')]",pupil.1,1,3d c++,1581666465.0504632,0.47734995628835586,0.32096091029512097
"{'center': [-0.9291382873687867, 5.651282172515479, 80.92202234575251], 'normal': [-0.08112708483603728, 0.5841839986238787, -0.8075564697640794], 'radius': 2.420707406853771}",0.9952982110408144,8424.600214,4.841414813707542,"{'center': [Decimal('152.91536696392743'), Decimal('163.05007387484739')], 'axes': [28.41600563148825, Decimal('37.099275651432286')], 'angle': -81.98311333710552}","[Decimal('152.91536696392743'), Decimal('163.05007387484739')]",37.099275651432286,"{'center': [Decimal('0.044386730663660674'), Decimal('-1.3589258109710656'), 90.61269998292146], 'radius': 12.0}","{'center': [Decimal('160.30370768133668'), Decimal('110.70181108210151')], 'axes': [Decimal('164.21539147166524'), Decimal('164.21539147166524')], 'angle': 90.0}",0.5943447438831129,120,8281.920388,2.1946706235815445,-1.6709203573288485,"[0.4778605217622732, Decimal('0.32062469218813594')]",pupil.1,1,3d c++,1581666465.053657,0.4778605217622732,0.32062469218813594
"{'center': [-0.9459693218718909, 5.651817073864484, 80.92411499377397], 'normal': [-0.0825296710446293, 0.5842285737362958, -0.8073820824289568], 'radius': Decimal('2.4296731020807973')}",0.994960344347703,8424.608614,4.859346204161595,"{'center': [Decimal('152.78743475839624'), Decimal('163.05127045622203')], 'axes': [28.51263188922649, Decimal('37.235768817486964')], 'angle': -81.84642736470875}","[Decimal('152.78743475839624'), Decimal('163.05127045622203')]",37.235768817486964,"{'center': [Decimal('0.044386730663660674'), Decimal('-1.3589258109710656'), 90.61269998292146], 'radius': 12.0}","{'center': [Decimal('160.30370768133668'), Decimal('110.70181108210151')], 'axes': [Decimal('164.21539147166524'), Decimal('164.21539147166524')], 'angle': 90.0}",0.5946907955629022,120,8281.920388,2.1947255457431325,-1.672661378180374,"[Decimal('0.47746073361998825'), 0.3206197064324082]",pupil.1,1,3d c++,1581666465.061426,0.47746073361998825,0.3206197064324082
"{'center': [-0.936498199441612, 5.644086209023897, 80.91756267591552], 'normal': [-0.08174041084210605, 0.5835843349995802, -0.8079281089171619], 'radius': 2.416230546719868}",0.9960580467227269,8424.617014,4.832461093439736,"{'center': [152.8587365382954, Decimal('162.99832305267296')], 'axes': [Decimal('28.381585437053126'), 37.03267558828457], 'angle': -81.9146402552485}","[152.8587365382954, Decimal('162.99832305267296')]",37.03267558828457,"{'center': [Decimal('0.044386730663660674'), Decimal('-1.3589258109710656'), 90.61269998292146], 'radius': 12.0}","{'center': [Decimal('160.30370768133668'), Decimal('110.70181108210151')], 'axes': [Decimal('164.21539147166524'), Decimal('164.21539147166524')], 'angle': 90.0}",0.5952074090838755,120,8281.920388,2.1939319732429574,-1.6716261078586652,"[Decimal('0.47768355168217314'), 0.3208403206138627]",pupil.1,1,3d c++,1581666465.0760794,0.47768355168217314,0.3208403206138627
"{'center': [-0.9313089312644085, 5.658064978397976, 80.92715104456981], 'normal': [-0.0813079718273391, 0.5847492324474202, -0.8071290781959708], 'radius': 2.42285266415545}",0.9965231120396956,8424.625414,4.8457053283109,"{'center': [Decimal('152.89929702058117'), Decimal('163.09881263310726')], 'axes': [28.42020070896597, 37.12982137020943], 'angle': -81.97327491281354}","[Decimal('152.89929702058117'), Decimal('163.09881263310726')]",37.12982137020943,"{'center': [Decimal('0.044386730663660674'), Decimal('-1.3589258109710656'), 90.61269998292146], 'radius': 12.0}","{'center': [Decimal('160.30370768133668'), Decimal('110.70181108210151')], 'axes': [Decimal('164.21539147166524'), Decimal('164.21539147166524')], 'angle': 90.0}",0.5958391176256739,120,8281.920388,2.195367223881862,-1.6711948863010326,"[Decimal('0.47781030318931617'), 0.3204216140287197]",pupil.1,1,3d c++,1581666465.080791,0.47781030318931617,0.3204216140287197
"{'center': [-0.9641804914020358, 5.661312928059559, 80.9328735275769], 'normal': [-0.08404726850547471, 0.5850198949192187, -0.8066522046120466], 'radius': Decimal('2.4586099977734173')}",0.994223127474429,8424.633814,4.9172199955468345,"{'center': [152.650153560125, Decimal('163.11333679180896')], 'axes': [Decimal('28.815951403092157'), 37.67532450232427], 'angle': -81.70934769438591}","[152.650153560125, Decimal('163.11333679180896')]",37.67532450232427,"{'center': [Decimal('0.044386730663660674'), Decimal('-1.3589258109710656'), 90.61269998292146], 'radius': 12.0}","{'center': [Decimal('160.30370768133668'), Decimal('110.70181108210151')], 'axes': [Decimal('164.21539147166524'), Decimal('164.21539147166524')], 'angle': 90.0}",0.5956683630759518,120,8281.920388,2.195700915109315,-1.6746144178138165,"[Decimal('0.47703172987539066'), Decimal('0.32036109670079604')]",pupil.1,1,3d c++,1581666465.089138,0.47703172987539066,0.32036109670079604
"{'center': [-0.9627897647753534, 5.646521474355966, 80.9220186942019], 'normal': [-0.08393137461991784, 0.5837872737772526, -0.8075567740599631], 'radius': Decimal('2.4473428480242356')}",0.8704286833010684,8424.642214,4.894685696048471,"{'center': [Decimal('152.65949755076218'), Decimal('163.00827399549928')], 'axes': [Decimal('28.728689184806118'), 37.50762054707041], 'angle': -81.70295164014671}","[Decimal('152.65949755076218'), Decimal('163.00827399549928')]",37.50762054707041,"{'center': [Decimal('0.044386730663660674'), Decimal('-1.3589258109710656'), 90.61269998292146], 'radius': 12.0}","{'center': [Decimal('160.30370768133668'), Decimal('110.70181108210151')], 'axes': [Decimal('164.21539147166524'), Decimal('164.21539147166524')], 'angle': 90.0}",0.5964311856700766,120,8281.920388,2.1941819041246395,-1.6743569843395822,"[0.4770609298461318, 0.3207988583520863]",pupil.1,1,3d c++,1581666465.096771,0.4770609298461318,0.3207988583520863
"{'center': [-0.9632275647629849, 5.664702360146194, 80.93523333376477], 'normal': [-0.08396785795222048, 0.585302347593105, -0.8064555540963904], 'radius': Decimal('2.4536957934374333')}",0.9947171984498308,8424.650614,4.9073915868748665,"{'center': [Decimal('152.65747549346582'), Decimal('163.13903109117592')], 'axes': [Decimal('28.748546303149826'), 37.59890449533134], 'angle': -81.72115358524368}","[Decimal('152.65747549346582'), Decimal('163.13903109117592')]",37.59890449533134,"{'center': [Decimal('0.044386730663660674'), Decimal('-1.3589258109710656'), 90.61269998292146], 'radius': 12.0}","{'center': [Decimal('160.30370768133668'), Decimal('110.70181108210151')], 'axes': [Decimal('164.21539147166524'), Decimal('164.21539147166524')], 'angle': 90.0}",0.596868929923311,120,8281.920388,2.196049227772742,-1.6745421402277052,"[0.4770546109170807, Decimal('0.32025403712010037')]",pupil.1,1,3d c++,1581666465.1051712,0.4770546109170807,0.32025403712010037
"{'center': [-0.9733384046402265, 5.658494660972026, 80.93178858631603], 'normal': [-0.0848104279419906, 0.5847850393285909, -0.8067426163837849], 'radius': Decimal('2.4620722616542734')}",0.994972885989569,8424.659014,4.924144523308547,"{'center': [Decimal('152.58033754659067'), 163.0916649120411], 'axes': [28.86101262757772, 37.72890149757265], 'angle': -81.63143151840119}","[Decimal('152.58033754659067'), 163.0916649120411]",37.72890149757265,"{'center': [Decimal('0.044386730663660674'), Decimal('-1.3589258109710656'), 90.61269998292146], 'radius': 12.0}","{'center': [Decimal('160.30370768133668'), Decimal('110.70181108210151')], 'axes': [Decimal('164.21539147166524'), Decimal('164.21539147166524')], 'angle': 90.0}",0.5972416208663844,120,8281.920388,2.1954113644488493,-1.6755385940744891,"[Decimal('0.47681355483309584'), Decimal('0.32045139619982876')]",pupil.1,1,3d c++,1581666465.113662,0.47681355483309584,0.32045139619982876
"{'center': [-0.967127123441871, 5.64466778597845, 80.9211306336509], 'normal': [-0.08429282117546098, 0.583632799745793, -0.8076307791058789], 'radius': 2.427065464214296}",0.9956858275266312,8424.667414,4.854130928428592,"{'center': [Decimal('152.62574623975968'), 162.9987646539201], 'axes': [Decimal('28.494124675761036'), 37.19716159416276], 'angle': -81.66534884068415}","[Decimal('152.62574623975968'), 162.9987646539201]",37.19716159416276,"{'center': [Decimal('0.044386730663660674'), Decimal('-1.3589258109710656'), 90.61269998292146], 'radius': 12.0}","{'center': [Decimal('160.30370768133668'), Decimal('110.70181108210151')], 'axes': [Decimal('164.21539147166524'), Decimal('164.21539147166524')], 'angle': 90.0}",0.5976723317305144,120,8281.920388,2.1939916563094792,-1.674790299713587,"[0.476955456999249, Decimal('0.32083848060866627')]",pupil.1,1,3d c++,1581666465.1213682,0.476955456999249,0.32083848060866627
"{'center': [-0.9750344625135059, 5.661813062010381, 80.93437336576761], 'normal': [-0.08495176609809722, 0.5850615727484539, -0.8065272180961531], 'radius': 2.44442025841359}",0.9947147710918369,8424.675814,4.88884051682718,"{'center': [Decimal('152.56710156504516'), Decimal('163.11935368161252')], 'axes': [28.64327979267925, Decimal('37.457124364168756')], 'angle': -81.62164439773396}","[Decimal('152.56710156504516'), Decimal('163.11935368161252')]",37.457124364168756,"{'center': [Decimal('0.044386730663660674'), Decimal('-1.3589258109710656'), 90.61269998292146], 'radius': 12.0}","{'center': [Decimal('160.30370768133668'), Decimal('110.70181108210151')], 'axes': [Decimal('164.21539147166524'), Decimal('164.21539147166524')], 'angle': 90.0}",0.5979228717177931,120,8281.920388,2.195752305526556,-1.6757396863937761,"[0.4767721923907661, 0.3203360263266145]",pupil.1,1,3d c++,1581666465.129266,0.4767721923907661,0.3203360263266145
"{'center': [-0.9576310967904222, 5.664395424357446, 80.93442952282128], 'normal': [-0.08350148562117357, 0.5852767696107093, -0.8065225383416819], 'radius': Decimal('2.4511967532577255')}",0.99471386990669,8424.684214,4.902393506515451,"{'center': [Decimal('152.70000468921873'), 163.1376098223268], 'axes': [Decimal('28.722607618898298'), Decimal('37.560969016682606')], 'angle': -81.76631842870843}","[Decimal('152.70000468921873'), 163.1376098223268]",37.560969016682606,"{'center': [Decimal('0.044386730663660674'), Decimal('-1.3589258109710656'), 90.61269998292146], 'radius': 12.0}","{'center': [Decimal('160.30370768133668'), Decimal('110.70181108210151')], 'axes': [Decimal('164.21539147166524'), Decimal('164.21539147166524')], 'angle': 90.0}",0.5981197940794325,120,8281.920388,2.1960176821213553,-1.6739615011618507,"[Decimal('0.47718751465380854'), Decimal('0.32025995907363836')]",pupil.1,1,3d c++,1581666465.1381178,0.47718751465380854,0.32025995907363836
"{'center': [-0.9637186517657013, 5.668944900869951, 80.93836502926371], 'normal': [-0.0840087818691135, 0.585655892653418, -0.8061945794714795], 'radius': Decimal('2.4640888629885276')}",0.994724785348412,8424.692614,4.928177725977055,"{'center': [152.6543063957023, Decimal('163.16765481780112')], 'axes': [Decimal('28.857363113251388'), 37.75675885335978], 'angle': -81.7222250151264}","[152.6543063957023, Decimal('163.16765481780112')]",37.75675885335978,"{'center': [Decimal('0.044386730663660674'), Decimal('-1.3589258109710656'), 90.61269998292146], 'radius': 12.0}","{'center': [Decimal('160.30370768133668'), Decimal('110.70181108210151')], 'axes': [Decimal('164.21539147166524'), Decimal('164.21539147166524')], 'angle': 90.0}",0.5983581184065612,120,8281.920388,2.1964853330212124,-1.6746257002081721,"[0.4770447074865697, Decimal('0.32013477159249537')]",pupil.1,1,3d c++,1581666465.1449358,0.4770447074865697,0.32013477159249537
"{'center': [-0.9663239343109935, 5.659281817471847, 80.93162433835735], 'normal': [-0.08422588874788785, 0.584850635703576, -0.806756303713675], 'radius': Decimal('2.4461463204653637')}",0.9951299670296817,8424.701014,4.8922926409307275,"{'center': [Decimal('152.63333420556614'), Decimal('163.10106086289437')], 'axes': [Decimal('28.674925725785233'), 37.48484830871661], 'angle': -81.68946979220797}","[Decimal('152.63333420556614'), Decimal('163.10106086289437')]",37.48484830871661,"{'center': [Decimal('0.044386730663660674'), Decimal('-1.3589258109710656'), 90.61269998292146], 'radius': 12.0}","{'center': [Decimal('160.30370768133668'), Decimal('110.70181108210151')], 'axes': [Decimal('164.21539147166524'), Decimal('164.21539147166524')], 'angle': 90.0}",0.5987976854679,120,8281.920388,2.1954922313538066,-1.6748201410331796,"[0.4769791693923942, Decimal('0.32041224640460675')]",pupil.1,1,3d c++,1581666465.1569881,0.4769791693923942,0.32041224640460675
"{'center': [-0.9784231639265699, 5.662537155128787, 80.93525622254668], 'normal': [-0.08523415788251922, 0.5851219138416544, -0.8064536466978975], 'radius': 2.463045930979231}",0.9956978099370853,8424.709414,4.926091861958462,"{'center': [Decimal('152.54189799547257'), Decimal('163.12056285268926')], 'axes': [Decimal('28.857980703316574'), 37.74221800382057], 'angle': -81.5949605724961}","[Decimal('152.54189799547257'), Decimal('163.12056285268926')]",37.74221800382057,"{'center': [Decimal('0.044386730663660674'), Decimal('-1.3589258109710656'), 90.61269998292146], 'radius': 12.0}","{'center': [Decimal('160.30370768133668'), Decimal('110.70181108210151')], 'axes': [Decimal('164.21539147166524'), Decimal('164.21539147166524')], 'angle': 90.0}",0.5993177509176162,120,8281.920388,2.1958267118650676,-1.67609549937231,"[0.4766934312358518, 0.3203309881137948]",pupil.1,1,3d c++,1581666465.1670609,0.4766934312358518,0.3203309881137948
"{'center': [-0.9766866580750388, 5.652320679529107, 80.92766865699078], 'normal': [-0.0850894490615583, 0.5842705408750144, -0.8070859438275572], 'radius': Decimal('2.4513837298044074')}",0.9963535186522738,8424.717813,4.902767459608815,"{'center': [Decimal('152.55413085794797'), Decimal('163.04885695816998')], 'axes': [28.75267503322751, 37.56696141379263], 'angle': -81.59669666860941}","[Decimal('152.55413085794797'), Decimal('163.04885695816998')]",37.56696141379263,"{'center': [Decimal('0.044386730663660674'), Decimal('-1.3589258109710656'), 90.61269998292146], 'radius': 12.0}","{'center': [Decimal('160.30370768133668'), Decimal('110.70181108210151')], 'axes': [Decimal('164.21539147166524'), Decimal('164.21539147166524')], 'angle': 90.0}",0.6001449301253681,120,8281.920388,2.1947772565367636,-1.6758362887542853,"[0.4767316589310874, 0.3206297626742918]",pupil.1,1,3d c++,1581666465.172693,0.4767316589310874,0.3206297626742918
"{'center': [-0.9724914005170877, 5.65360854094947, 80.928159682553], 'normal': [-0.08473984426506237, 0.5843778626600447, -0.8070450250307047], 'radius': Decimal('2.4689404245664823')}",0.9955933121719439,8424.726213,4.937880849132965,"{'center': [Decimal('152.58668881199014'), Decimal('163.05477386049049')], 'axes': [Decimal('28.956711455292837'), 37.8358721497431], 'angle': -81.63242152486363}","[Decimal('152.58668881199014'), Decimal('163.05477386049049')]",37.8358721497431,"{'center': [Decimal('0.044386730663660674'), Decimal('-1.3589258109710656'), 90.61269998292146], 'radius': 12.0}","{'center': [Decimal('160.30370768133668'), Decimal('110.70181108210151')], 'axes': [Decimal('164.21539147166524'), Decimal('164.21539147166524')], 'angle': 90.0}",0.6004741980725758,120,8281.920388,2.194909504347191,-1.6754131273747546,"[0.4768334025374692, 0.320605108914623]",pupil.1,1,3d c++,1581666465.180992,0.4768334025374692,0.320605108914623
"{'center': [-0.9733656619501905, 5.660029606427139, 80.93290427661105], 'normal': [-0.0848126993844876, 0.5849129514498504, -0.806649642192533], 'radius': Decimal('2.4527951885210886')}",0.9923617334312399,8424.734613,4.905590377042177,"{'center': [Decimal('152.57994866222336'), Decimal('163.10474680760154')], 'axes': [Decimal('28.747573284079344'), Decimal('37.586177784003794')], 'angle': -81.63306447003794}","[Decimal('152.57994866222336'), Decimal('163.10474680760154')]",37.586177784003794,"{'center': [Decimal('0.044386730663660674'), Decimal('-1.3589258109710656'), 90.61269998292146], 'radius': 12.0}","{'center': [Decimal('160.30370768133668'), Decimal('110.70181108210151')], 'axes': [Decimal('164.21539147166524'), Decimal('164.21539147166524')], 'angle': 90.0}",0.6007556025241167,120,8281.920388,2.1955690582825036,-1.6755533636255586,"[0.476812339569448, Decimal('0.32039688830166024')]",pupil.1,1,3d c++,1581666465.1891909,0.476812339569448,0.32039688830166024
"{'center': [-0.9574767301330156, 5.674284077684611, 80.9415972397987], 'normal': [-0.08348862173305636, 0.5861008240546397, -0.805925228593563], 'radius': Decimal('2.4624673535845414')}",0.9956937180551776,8424.743013,4.924934707169083,"{'center': [Decimal('152.70212136476601'), Decimal('163.20709196465083')], 'axes': [28.82496179042563, Decimal('37.730404132134744')], 'angle': -81.7793046358041}","[Decimal('152.70212136476601'), Decimal('163.20709196465083')]",37.730404132134744,"{'center': [Decimal('0.044386730663660674'), Decimal('-1.3589258109710656'), 90.61269998292146], 'radius': 12.0}","{'center': [Decimal('160.30370768133668'), Decimal('110.70181108210151')], 'axes': [Decimal('164.21539147166524'), Decimal('164.21539147166524')], 'angle': 90.0}",0.6013490262371635,120,8281.920388,2.1970343606140164,-1.6740216277105737,"[0.4771941292648938, 0.3199704501472882]",pupil.1,1,3d c++,1581666465.197386,0.4771941292648938,0.3199704501472882
"{'center': [-0.8562277673899973, 5.616285135671134, 80.88977214323559], 'normal': [-0.07505120817113817, 0.58126757888685, -0.8102439866404885], 'radius': Decimal('2.4798173394228025')}",0.9947144718172283,8424.751413,4.959634678845605,"{'center': [Decimal('153.47055277551345'), Decimal('162.78681032524204')], 'axes': [Decimal('29.245931863099663'), 38.02054624575283], 'angle': -82.54119314209845}","[Decimal('153.47055277551345'), Decimal('162.78681032524204')]",38.02054624575283,"{'center': [Decimal('0.044386730663660674'), Decimal('-1.3589258109710656'), 90.61269998292146], 'radius': 12.0}","{'center': [Decimal('160.30370768133668'), Decimal('110.70181108210151')], 'axes': [Decimal('164.21539147166524'), Decimal('164.21539147166524')], 'angle': 90.0}",0.6013750154989506,120,8281.920388,2.191081924782188,-1.6631606799486824,"[0.4795954774234795, 0.3217216236448248]",pupil.1,1,3d c++,1581666465.2062461,0.4795954774234795,0.3217216236448248
"{'center': [-0.6512037623128739, 5.499204324051378, 80.79016441835475], 'normal': [Decimal('-0.057965874414711224'), 0.5715108445852036, -0.8185446303805586], 'radius': 2.486073880632342}",0.9963031005325722,8424.759813,4.972147761264684,"{'center': [Decimal('155.02883371130767'), 161.9404633608074], 'axes': [29.7404984624149, 38.1632478367936], 'angle': -84.1333707263457}","[Decimal('155.02883371130767'), 161.9404633608074]",38.1632478367936,"{'center': [Decimal('0.044386730663660674'), Decimal('-1.3589258109710656'), 90.61269998292146], 'radius': 12.0}","{'center': [Decimal('160.30370768133668'), Decimal('110.70181108210151')], 'axes': [Decimal('164.21539147166524'), Decimal('164.21539147166524')], 'angle': 90.0}",0.6023140533850446,120,8281.920388,2.1791421626325227,-1.64149408179908,"[0.4844651053478365, 0.3252480693299692]",pupil.1,1,3d c++,1581666465.214781,0.4844651053478365,0.3252480693299692
"{'center': [-0.4613643775862322, 5.375373108324485, 80.69335353861986], 'normal': [-0.04214592568749107, 0.5611915766079626, -0.8266122036918], 'radius': Decimal('2.5212260994473517')}",0.9953181644861144,8424.768213,5.042452198894703,"{'center': [156.4751453360004, Decimal('161.03310289798947')], 'axes': [Decimal('30.577366152812647'), 38.74921916881924], 'angle': -85.65703697927728}","[156.4751453360004, Decimal('161.03310289798947')]",38.74921916881924,"{'center': [Decimal('0.044386730663660674'), Decimal('-1.3589258109710656'), 90.61269998292146], 'radius': 12.0}","{'center': [Decimal('160.30370768133668'), Decimal('110.70181108210151')], 'axes': [Decimal('164.21539147166524'), Decimal('164.21539147166524')], 'angle': 90.0}",0.602941543687685,120,8281.920388,2.1666210735868807,-1.621738547852038,"[Decimal('0.48898482917500125'), Decimal('0.32902873792504395')]",pupil.1,1,3d c++,1581666465.221513,0.48898482917500125,0.32902873792504395
"{'center': [-0.3420178035616381, Decimal('5.2587318703375105'), 80.60983547574413], 'normal': [Decimal('-0.032200377852108227'), 0.5514714734423813, -0.8335720422647765], 'radius': Decimal('2.4931073533322063')}",0.997636565696546,8424.776613,4.986214706664413,"{'center': [Decimal('157.38456987064095'), Decimal('160.18595433122664')], 'axes': [30.59213825257644, 38.35641935358649], 'angle': -86.62825631193773}","[Decimal('157.38456987064095'), Decimal('160.18595433122664')]",38.35641935358649,"{'center': [Decimal('0.044386730663660674'), Decimal('-1.3589258109710656'), 90.61269998292146], 'radius': 12.0}","{'center': [Decimal('160.30370768133668'), Decimal('110.70181108210151')], 'axes': [Decimal('164.21539147166524'), Decimal('164.21539147166524')], 'angle': 90.0}",0.6044676001722871,120,8281.920388,2.1549234851444936,-1.6094065173478163,"[Decimal('0.49182678084575293'), 0.332558523619889]",pupil.1,1,3d c++,1581666465.229595,0.49182678084575293,0.332558523619889
"{'center': [-0.3106194829119719, 5.179448658002406, 80.55667542588111], 'normal': [Decimal('-0.029583851131302713'), 0.5448645390811226, -0.8380020464200293], 'radius': 2.480105810896745}",0.9977539704294516,8424.785013,4.96021162179349,"{'center': [Decimal('157.62323250800654'), 159.6061921730553], 'axes': [Decimal('30.658458861176452'), 38.18138493670547], 'angle': -86.86637749727662}","[Decimal('157.62323250800654'), 159.6061921730553]",38.18138493670547,"{'center': [Decimal('0.044386730663660674'), Decimal('-1.3589258109710656'), 90.61269998292146], 'radius': 12.0}","{'center': [Decimal('160.30370768133668'), Decimal('110.70181108210151')], 'axes': [Decimal('164.21539147166524'), Decimal('164.21539147166524')], 'angle': 90.0}",0.6052824540895951,120,8281.920388,2.1470238862065814,-1.6060845106557315,"[0.4925726015875204, Decimal('0.33497419927893624')]",pupil.1,1,3d c++,1581666465.2408369,0.4925726015875204,0.33497419927893624
"{'center': [-0.3066241177522233, 5.181391798645495, 80.55779884220237], 'normal': [Decimal('-0.029250904034656997'), 0.5450264674680467, -0.8379084283932567], 'radius': Decimal('2.4711203943528717')}",0.9975724779021624,8424.793413,4.942240788705743,"{'center': [Decimal('157.65375845142609'), Decimal('159.62241936358078')], 'axes': [Decimal('30.542563756079822'), 38.0424870563493], 'angle': -86.90295431730213}","[Decimal('157.65375845142609'), Decimal('159.62241936358078')]",38.0424870563493,"{'center': [Decimal('0.044386730663660674'), Decimal('-1.3589258109710656'), 90.61269998292146], 'radius': 12.0}","{'center': [Decimal('160.30370768133668'), Decimal('110.70181108210151')], 'axes': [Decimal('164.21539147166524'), Decimal('164.21539147166524')], 'angle': 90.0}",0.6065791808333776,120,8281.920388,2.147217009519845,-1.6056915842512254,"[Decimal('0.49266799516070653'), Decimal('0.33490658598508005')]",pupil.1,1,3d c++,1581666465.249086,0.49266799516070653,0.33490658598508005
"{'center': [-0.2939971330102393, Decimal('5.1904397481449305'), 80.5632568573612], 'normal': [-0.02819865530615833, 0.5457804632596663, -0.8374535937966883], 'radius': 2.475228984054221}",0.9961700567304809,8424.801813,4.950457968108442,"{'center': [157.7506389279057, Decimal('159.68835668505017')], 'axes': [Decimal('30.570217018164723'), Decimal('38.103186913411136')], 'angle': -87.01977456420731}","[157.7506389279057, Decimal('159.68835668505017')]",38.103186913411136,"{'center': [Decimal('0.044386730663660674'), Decimal('-1.3589258109710656'), 90.61269998292146], 'radius': 12.0}","{'center': [Decimal('160.30370768133668'), Decimal('110.70181108210151')], 'axes': [Decimal('164.21539147166524'), Decimal('164.21539147166524')], 'angle': 90.0}",0.6071664990890291,120,8281.920388,2.1481165794996535,-1.6044555117043846,"[0.4929707466497053, Decimal('0.33463184714562433')]",pupil.1,1,3d c++,1581666465.2571619,0.4929707466497053,0.33463184714562433
"{'center': [-0.2921649507455964, 5.187664061614142, 80.56138693407527], 'normal': [Decimal('-0.028045973450771422'), 0.5455491560487673, -0.8376094207371814], 'radius': 2.479528781619362}",0.9967186382308716,8424.810213,4.959057563238724,"{'center': [Decimal('157.76466533543828'), 159.6670669770187], 'axes': [30.63130485638244, 38.17027730685063], 'angle': -87.03480651383819}","[Decimal('157.76466533543828'), 159.6670669770187]",38.17027730685063,"{'center': [Decimal('0.044386730663660674'), Decimal('-1.3589258109710656'), 90.61269998292146], 'radius': 12.0}","{'center': [Decimal('160.30370768133668'), Decimal('110.70181108210151')], 'axes': [Decimal('164.21539147166524'), Decimal('164.21539147166524')], 'angle': 90.0}",0.6079278994445936,120,8281.920388,2.1478405577355244,-1.604267176923275,"[Decimal('0.49301457917324465'), 0.3347205542624221]",pupil.1,1,3d c++,1581666465.265675,0.49301457917324465,0.3347205542624221
"{'center': [Decimal('-0.27571585426250306'), 5.21839441367524, 80.58093079710073], 'normal': [Decimal('-0.026675215410513643'), 0.5481100187205254, -0.8359807654850606], 'radius': Decimal('2.4847644577095696')}",0.9965400763581739,8424.818613,4.969528915419139,"{'center': [Decimal('157.89114932922698'), Decimal('159.89229422253754')], 'axes': [30.61278566649584, 38.24166827719103], 'angle': -87.19485540799963}","[Decimal('157.89114932922698'), Decimal('159.89229422253754')]",38.24166827719103,"{'center': [Decimal('0.044386730663660674'), Decimal('-1.3589258109710656'), 90.61269998292146], 'radius': 12.0}","{'center': [Decimal('160.30370768133668'), Decimal('110.70181108210151')], 'axes': [Decimal('164.21539147166524'), Decimal('164.21539147166524')], 'angle': 90.0}",0.6086985243657694,120,8281.920388,2.1508992421265356,-1.6026943903320525,"[0.4934098416538343, 0.3337821074060936]",pupil.1,1,3d c++,1581666465.2735202,0.4934098416538343,0.3337821074060936
"{'center': [-0.2926840031511331, 5.230906103289282, 80.58970149633066], 'normal': [-0.02808922781789948, 0.5491526595216957, -0.8352498738825662], 'radius': Decimal('2.4886115042306725')}",0.995948663740513,8424.827013,4.977223008461345,"{'center': [Decimal('157.76152233280635'), Decimal('159.98323004737847')], 'axes': [30.62279619871662, Decimal('38.296746248624125')], 'angle': -87.05011314024495}","[Decimal('157.76152233280635'), Decimal('159.98323004737847')]",38.296746248624125,"{'center': [Decimal('0.044386730663660674'), Decimal('-1.3589258109710656'), 90.61269998292146], 'radius': 12.0}","{'center': [Decimal('160.30370768133668'), Decimal('110.70181108210151')], 'axes': [Decimal('164.21539147166524'), Decimal('164.21539147166524')], 'angle': 90.0}",0.6090237061647574,120,8281.920388,2.152146324260771,-1.6044133875369242,"[Decimal('0.49300475729001986'), Decimal('0.33340320813592306')]",pupil.1,1,3d c++,1581666465.281386,0.49300475729001986,0.33340320813592306
"{'center': [-0.2844608996576075, 5.247853856135912, 80.60059123069878], 'normal': [Decimal('-0.027403969193439015'), 0.5505649722589148, -0.8343423960185563], 'radius': 2.506833833798842}",0.9944184910739653,8424.835413,5.013667667597684,"{'center': [Decimal('157.82492866832706'), Decimal('160.10410039416348')], 'axes': [30.80041094233295, Decimal('38.572062263887744')], 'angle': -87.13043930515892}","[Decimal('157.82492866832706'), Decimal('160.10410039416348')]",38.572062263887744,"{'center': [Decimal('0.044386730663660674'), Decimal('-1.3589258109710656'), 90.61269998292146], 'radius': 12.0}","{'center': [Decimal('160.30370768133668'), Decimal('110.70181108210151')], 'axes': [Decimal('164.21539147166524'), Decimal('164.21539147166524')], 'angle': 90.0}",0.609369072948962,120,8281.920388,2.1538371955556577,-1.6036295152915199,"[0.4932029020885221, Decimal('0.33289958169098555')]",pupil.1,1,3d c++,1581666465.289278,0.4932029020885221,0.33289958169098555
"{'center': [-0.2878567429265251, 5.247864890035192, 80.60071062478917], 'normal': [-0.02768695613251548, 0.5505658917505215, -0.8343324465110231], 'radius': Decimal('2.4774231091321934')}",0.9965546668387193,8424.843813,4.954846218264387,"{'center': [Decimal('157.79863582734447'), Decimal('160.11028290967315')], 'axes': [30.43833528734536, 38.11933953525599], 'angle': -87.10046740271471}","[Decimal('157.79863582734447'), Decimal('160.11028290967315')]",38.11933953525599,"{'center': [Decimal('0.044386730663660674'), Decimal('-1.3589258109710656'), 90.61269998292146], 'radius': 12.0}","{'center': [Decimal('160.30370768133668'), Decimal('110.70181108210151')], 'axes': [Decimal('164.21539147166524'), Decimal('164.21539147166524')], 'angle': 90.0}",0.6097753204861278,120,8281.920388,2.1538382970175696,-1.6039687149238202,"[Decimal('0.49312073696045144'), 0.3328738212096952]",pupil.1,1,3d c++,1581666465.2967892,0.49312073696045144,0.3328738212096952
"{'center': [Decimal('-0.30172989676373546'), 5.26292267276646, 80.61113380863449], 'normal': [Decimal('-0.028843052285616344'), 0.5518207069781271, -0.8334638478572476], 'radius': Decimal('2.4942865484160124')}",0.994498709643012,8424.852212,4.988573096832025,"{'center': [Decimal('157.69291686455045'), Decimal('160.21717563908408')], 'axes': [Decimal('30.601123694435156'), 38.37395035749463], 'angle': -86.98504502745486}","[Decimal('157.69291686455045'), Decimal('160.21717563908408')]",38.37395035749463,"{'center': [Decimal('0.044386730663660674'), Decimal('-1.3589258109710656'), 90.61269998292146], 'radius': 12.0}","{'center': [Decimal('160.30370768133668'), Decimal('110.70181108210151')], 'axes': [Decimal('164.21539147166524'), Decimal('164.21539147166524')], 'angle': 90.0}",0.6096019447012657,120,8281.920388,2.1553421910939323,-1.605388764794713,"[Decimal('0.49279036520172015'), 0.3324284348371497]",pupil.1,1,3d c++,1581666465.3068151,0.49279036520172015,0.3324284348371497
"{'center': [Decimal('-0.29500931314518003'), 5.266030538859894, 80.61296180193484], 'normal': [Decimal('-0.028283003650736726'), 0.5520796958192467, -0.8333115150822173], 'radius': Decimal('2.4801775886135915')}",0.9958111127429827,8424.860612,4.960355177227183,"{'center': [157.7442418132476, 160.2430593096348], 'axes': [Decimal('30.420175301247713'), Decimal('38.155963647077726')], 'angle': -87.04563992730888}","[157.7442418132476, 160.2430593096348]",38.155963647077726,"{'center': [Decimal('0.044386730663660674'), Decimal('-1.3589258109710656'), 90.61269998292146], 'radius': 12.0}","{'center': [Decimal('160.30370768133668'), Decimal('110.70181108210151')], 'axes': [Decimal('164.21539147166524'), Decimal('164.21539147166524')], 'angle': 90.0}",0.6100473623773528,120,8281.920388,2.15565277505347,-1.6047237961392795,"[0.4929507556663988, Decimal('0.33232058620985505')]",pupil.1,1,3d c++,1581666465.313473,0.4929507556663988,0.33232058620985505
"{'center': [Decimal('-0.31177666197893905'), 5.265530667083787, 80.61321379571672], 'normal': [Decimal('-0.029680282720216642'), 0.5520380398379044, -0.8332905156003951], 'radius': Decimal('2.4699868372277534')}",0.9959348791623935,8424.869012,4.939973674455507,"{'center': [Decimal('157.61582272748834'), Decimal('160.24123625431534')], 'axes': [Decimal('30.294027231736738'), Decimal('37.999022557749186')], 'angle': -86.89784241879244}","[Decimal('157.61582272748834'), Decimal('160.24123625431534')]",37.999022557749186,"{'center': [Decimal('0.044386730663660674'), Decimal('-1.3589258109710656'), 90.61269998292146], 'radius': 12.0}","{'center': [Decimal('160.30370768133668'), Decimal('110.70181108210151')], 'axes': [Decimal('164.21539147166524'), Decimal('164.21539147166524')], 'angle': 90.0}",0.6104939844576385,120,8281.920388,2.1556028161607927,-1.6063994452437054,"[Decimal('0.49254944602340106'), 0.3323281822736861]",pupil.1,1,3d c++,1581666465.3256528,0.49254944602340106,0.3323281822736861
"{'center': [Decimal('-0.30735600775986155'), 5.257223831695972, 80.60755925668461], 'normal': [-0.02931189486862685, 0.5513458035555865, -0.8337617271864037], 'radius': Decimal('2.4375402508863466')}",0.9974848590509093,8424.877412,4.875080501772693,"{'center': [Decimal('157.64914515371234'), Decimal('160.18697208873914')], 'axes': [Decimal('29.919447295963202'), 37.50233175094044], 'angle': -86.93281164279817}","[Decimal('157.64914515371234'), Decimal('160.18697208873914')]",37.50233175094044,"{'center': [Decimal('0.044386730663660674'), Decimal('-1.3589258109710656'), 90.61269998292146], 'radius': 12.0}","{'center': [Decimal('160.30370768133668'), Decimal('110.70181108210151')], 'axes': [Decimal('164.21539147166524'), Decimal('164.21539147166524')], 'angle': 90.0}",0.6113203420879287,120,8281.920388,2.154772844325183,-1.6059380546600428,"[0.4926535786053511, 0.3325542829635869]",pupil.1,1,3d c++,1581666465.334605,0.4926535786053511,0.3325542829635869
"{'center': [Decimal('-0.31167391403830835'), 5.292565510127737, 80.63117284411942], 'normal': [-0.02967172039183075, 0.5542909434249003, -0.8317939282335036], 'radius': 2.451830132525972}",0.9961118357304154,8424.885812,4.903660265051944,"{'center': [Decimal('157.61690527845093'), 160.4435111521417], 'axes': [Decimal('29.995880999411728'), 37.71125476640129], 'angle': -86.91163726315541}","[Decimal('157.61690527845093'), 160.4435111521417]",37.71125476640129,"{'center': [Decimal('0.044386730663660674'), Decimal('-1.3589258109710656'), 90.61269998292146], 'radius': 12.0}","{'center': [Decimal('160.30370768133668'), Decimal('110.70181108210151')], 'axes': [Decimal('164.21539147166524'), Decimal('164.21539147166524')], 'angle': 90.0}",0.6121387417402091,120,8281.920388,2.1583071502864435,-1.6064531684014745,"[0.4925528289951592, 0.3314853701994096]",pupil.1,1,3d c++,1581666465.341523,0.4925528289951592,0.3314853701994096
"{'center': [Decimal('-0.31991554170926045'), 5.29420266122, 80.63256143744702], 'normal': [Decimal('-0.030358522697743428'), 0.5544273726825888, -0.8316782121228693], 'radius': 2.439236574553442}",0.9338254924675962,8424.894212,4.878473149106884,"{'center': [Decimal('157.55374043753247'), Decimal('160.45798073659896')], 'axes': [29.83592138856749, 37.51685750384194], 'angle': -86.84021536656843}","[Decimal('157.55374043753247'), Decimal('160.45798073659896')]",37.51685750384194,"{'center': [Decimal('0.044386730663660674'), Decimal('-1.3589258109710656'), 90.61269998292146], 'radius': 12.0}","{'center': [Decimal('160.30370768133668'), Decimal('110.70181108210151')], 'axes': [Decimal('164.21539147166524'), Decimal('164.21539147166524')], 'angle': 90.0}",0.6125474718896795,120,8281.920388,2.158471073076005,-1.6072828540316322,"[Decimal('0.49235543886728894'), Decimal('0.33142508026417106')]",pupil.1,1,3d c++,1581666465.3495302,0.49235543886728894,0.33142508026417106
"{'center': [Decimal('-0.32410512482515647'), 5.316424101104701, 80.64756489583968], 'normal': [Decimal('-0.030707654624068093'), 0.5562791593396472, -0.830427923923482], 'radius': Decimal('2.4323089594739216')}",0.9964004588123822,8424.902612,4.864617918947843,"{'center': [Decimal('157.52203565542175'), Decimal('160.62239918968788')], 'axes': [29.68874554792466, 37.40335065519971], 'angle': -86.81439871181185}","[Decimal('157.52203565542175'), Decimal('160.62239918968788')]",37.40335065519971,"{'center': [Decimal('0.044386730663660674'), Decimal('-1.3589258109710656'), 90.61269998292146], 'radius': 12.0}","{'center': [Decimal('160.30370768133668'), Decimal('110.70181108210151')], 'axes': [Decimal('164.21539147166524'), Decimal('164.21539147166524')], 'angle': 90.0}",0.61298548031814,120,8281.920388,2.160697810889394,-1.607757595631694,"[Decimal('0.49225636142319296'), 0.3307400033763005]",pupil.1,1,3d c++,1581666465.357422,0.49225636142319296,0.3307400033763005
"{'center': [Decimal('-0.34335860440126814'), 5.334058695975999, 80.66013187489517], 'normal': [-0.03231211125541073, 0.5577487089122554, -0.8293806756688573], 'radius': 2.432490415115599}",0.9966481907349679,8424.911012,4.864980830231198,"{'center': [157.3751149408783, Decimal('160.75136346896005')], 'axes': [Decimal('29.638707045277837'), 37.40034238235491], 'angle': -86.65539591841325}","[157.3751149408783, Decimal('160.75136346896005')]",37.40034238235491,"{'center': [Decimal('0.044386730663660674'), Decimal('-1.3589258109710656'), 90.61269998292146], 'radius': 12.0}","{'center': [Decimal('160.30370768133668'), Decimal('110.70181108210151')], 'axes': [Decimal('164.21539147166524'), Decimal('164.21539147166524')], 'angle': 90.0}",0.61370975026247,120,8281.920388,2.1624672804312493,-1.609735958484395,"[0.4917972341902447, 0.3302026522126664]",pupil.1,1,3d c++,1581666465.3656151,0.4917972341902447,0.3302026522126664
"{'center': [Decimal('-0.33019657801597596'), 5.341554809095837, 80.66467270084354], 'normal': [-0.03121527572330305, 0.5583733850055752, -0.8290022735064928], 'radius': 2.435312188444442}",0.9968190149789586,8424.919412,4.870624376888884,"{'center': [157.4759669166714, 160.8059865875603], 'axes': [Decimal('29.654238179742705'), Decimal('37.441642286379505')], 'angle': -86.77364922249781}","[157.4759669166714, 160.8059865875603]",37.441642286379505,"{'center': [Decimal('0.044386730663660674'), Decimal('-1.3589258109710656'), 90.61269998292146], 'radius': 12.0}","{'center': [Decimal('160.30370768133668'), Decimal('110.70181108210151')], 'axes': [Decimal('164.21539147166524'), Decimal('164.21539147166524')], 'angle': 90.0}",0.6145221980063731,120,8281.920388,2.1632200837647817,-1.608432575390145,"[Decimal('0.49211239661459816'), 0.3299750558851654]",pupil.1,1,3d c++,1581666465.3735292,0.49211239661459816,0.3299750558851654
"{'center': [Decimal('-0.34715287698069436'), 5.352555983196776, 80.67274480886763], 'normal': [-0.03262830063702959, 0.5592901495139868, -0.8283295978378183], 'radius': Decimal('2.4179260275223133')}",0.9962586224370681,8424.927812,4.835852055044627,"{'center': [Decimal('157.34630595789002'), Decimal('160.88988291512072')], 'axes': [Decimal('29.409061661436507'), 37.17056225613419], 'angle': -86.63189611053849}","[Decimal('157.34630595789002'), Decimal('160.88988291512072')]",37.17056225613419,"{'center': [Decimal('0.044386730663660674'), Decimal('-1.3589258109710656'), 90.61269998292146], 'radius': 12.0}","{'center': [Decimal('160.30370768133668'), Decimal('110.70181108210151')], 'axes': [Decimal('164.21539147166524'), Decimal('164.21539147166524')], 'angle': 90.0}",0.6152587692024092,120,8281.920388,2.164325577036755,-1.6101664530708857,"[Decimal('0.49170720611840635'), Decimal('0.32962548785366363')]",pupil.1,1,3d c++,1581666465.3832068,0.49170720611840635,0.32962548785366363
"{'center': [-0.3445521209244809, 5.358224765748147, 80.67647259525535], 'normal': [-0.03241157096567846, 0.5597625480599344, -0.8280189489721755], 'radius': Decimal('2.4095423662227384')}",0.9971060475440772,8424.936212,4.819084732445477,"{'center': [Decimal('157.36621526206434'), Decimal('160.93318651537717')], 'axes': [Decimal('29.291704029676797'), 37.03994117146281], 'angle': -86.65735193860776}","[Decimal('157.36621526206434'), Decimal('160.93318651537717')]",37.03994117146281,"{'center': [Decimal('0.044386730663660674'), Decimal('-1.3589258109710656'), 90.61269998292146], 'radius': 12.0}","{'center': [Decimal('160.30370768133668'), Decimal('110.70181108210151')], 'axes': [Decimal('164.21539147166524'), Decimal('164.21539147166524')], 'angle': 90.0}",0.6163237276753719,120,8281.920388,2.164895547355772,-1.609919866636178,"[0.4917694226939511, Decimal('0.32944505618592845')]",pupil.1,1,3d c++,1581666465.3892481,0.4917694226939511,0.32944505618592845
"{'center': [-0.3549317102109579, 5.373796448959386, 80.6874294196867], 'normal': [-0.03327653673955155, 0.5610601883275376, -0.8271058802695634], 'radius': 2.427649576793135}",0.9965437632358923,8424.944612,4.85529915358627,"{'center': [Decimal('157.28738600207612'), 161.043392745684], 'axes': [Decimal('29.466540699951008'), 37.3133244221642], 'angle': -86.57548244193165}","[Decimal('157.28738600207612'), 161.043392745684]",37.3133244221642,"{'center': [Decimal('0.044386730663660674'), Decimal('-1.3589258109710656'), 90.61269998292146], 'radius': 12.0}","{'center': [Decimal('160.30370768133668'), Decimal('110.70181108210151')], 'axes': [Decimal('164.21539147166524'), Decimal('164.21539147166524')], 'angle': 90.0}",0.6169110367998831,120,8281.920388,2.1664623404191854,-1.6110071396427004,"[Decimal('0.49152308125648786'), 0.32898586355965]",pupil.1,1,3d c++,1581666465.397752,0.49152308125648786,0.32898586355965
"{'center': [Decimal('-0.36332186717348197'), Decimal('5.3769303709359075'), 80.68989719359246], 'normal': [-0.03397571648642855, 0.5613213484922478, -0.8269002324440828], 'radius': 2.41359519547946}",0.9969455923247682,8424.953012,4.82719039095892,"{'center': [Decimal('157.22312929159173'), Decimal('161.06906052596347')], 'axes': [Decimal('29.285679074554963'), 37.09611635456884], 'angle': -86.50459165959177}","[Decimal('157.22312929159173'), Decimal('161.06906052596347')]",37.09611635456884,"{'center': [Decimal('0.044386730663660674'), Decimal('-1.3589258109710656'), 90.61269998292146], 'radius': 12.0}","{'center': [Decimal('160.30370768133668'), Decimal('110.70181108210151')], 'axes': [Decimal('164.21539147166524'), Decimal('164.21539147166524')], 'angle': 90.0}",0.6181147224831873,120,8281.920388,2.1667778707211274,-1.6118612762481628,"[Decimal('0.49132227903622416'), 0.3288789144751523]",pupil.1,1,3d c++,1581666465.409707,0.49132227903622416,0.3288789144751523
"{'center': [-0.3699369359228424, 5.384893987587693, 80.69558193260698], 'normal': [-0.03452697221554192, 0.5619849832132299, -0.8264265041928731], 'radius': Decimal('2.4116664781908717')}",0.9748363474937596,8424.961412,4.823332956381743,"{'center': [Decimal('157.17270250568606'), Decimal('161.12765228531444')], 'axes': [29.23886661282444, 37.06386550770641], 'angle': -86.45171202243982}","[Decimal('157.17270250568606'), Decimal('161.12765228531444')]",37.06386550770641,"{'center': [Decimal('0.044386730663660674'), Decimal('-1.3589258109710656'), 90.61269998292146], 'radius': 12.0}","{'center': [Decimal('160.30370768133668'), Decimal('110.70181108210151')], 'axes': [Decimal('164.21539147166524'), Decimal('164.21539147166524')], 'angle': 90.0}",0.6196333685949962,120,8281.920388,2.1675799695783424,-1.6125506807917382,"[Decimal('0.49116469533026896'), Decimal('0.32863478214452313')]",pupil.1,1,3d c++,1581666465.417494,0.49116469533026896,0.32863478214452313
"{'center': [-0.3770497004184937, 5.391838885682807, 80.70060800670531], 'normal': [-0.03511970259017953, 0.562563724721156, -0.8260076646846789], 'radius': Decimal('2.4006796539797963')}",0.9970947198132707,8424.969812,4.801359307959593,"{'center': [Decimal('157.11833962147182'), Decimal('161.18060064260587')], 'axes': [29.08499868588877, 36.89267930311598], 'angle': -86.39412103017487}","[Decimal('157.11833962147182'), Decimal('161.18060064260587')]",36.89267930311598,"{'center': [Decimal('0.044386730663660674'), Decimal('-1.3589258109710656'), 90.61269998292146], 'radius': 12.0}","{'center': [Decimal('160.30370768133668'), Decimal('110.70181108210151')], 'axes': [Decimal('164.21539147166524'), Decimal('164.21539147166524')], 'angle': 90.0}",0.6199170114537744,120,8281.920388,2.168279819639251,-1.6132881397698693,"[Decimal('0.49099481131709943'), Decimal('0.32841416398914225')]",pupil.1,1,3d c++,1581666465.429379,0.49099481131709943,0.32841416398914225
"{'center': [-0.3816326878753706, 5.422292359567116, 80.72161371403317], 'normal': [Decimal('-0.035501618211585935'), 0.5651015142115151, -0.8242571890740241], 'radius': Decimal('2.3927196798893644')}",0.9968136456488089,8424.978211,4.785439359778729,"{'center': [Decimal('157.08390595738285'), Decimal('161.40502744000176')], 'axes': [Decimal('28.902825861966893'), 36.76079496405507], 'angle': -86.37135011297079}","[Decimal('157.08390595738285'), Decimal('161.40502744000176')]",36.76079496405507,"{'center': [Decimal('0.044386730663660674'), Decimal('-1.3589258109710656'), 90.61269998292146], 'radius': 12.0}","{'center': [Decimal('160.30370768133668'), Decimal('110.70181108210151')], 'axes': [Decimal('164.21539147166524'), Decimal('164.21539147166524')], 'angle': 90.0}",0.6201800954809267,120,8281.920388,2.171352619531388,-1.6138407671606747,"[0.4908872061168214, Decimal('0.32747905233332597')]",pupil.1,1,3d c++,1581666465.433273,0.4908872061168214,0.32747905233332597
"{'center': [-0.383363426327684, 5.428116066712905, 80.72568363046416], 'normal': [-0.03564584641594539, 0.5655868231403308, -0.8239180293714411], 'radius': Decimal('2.3730381512832146')}",0.9978454200901545,8424.986611,4.746076302566429,"{'center': [Decimal('157.07056399276135'), Decimal('161.45156714469647')], 'axes': [28.64849336586735, Decimal('36.456501867175035')], 'angle': -86.35969608900243}","[Decimal('157.07056399276135'), Decimal('161.45156714469647')]",36.456501867175035,"{'center': [Decimal('0.044386730663660674'), Decimal('-1.3589258109710656'), 90.61269998292146], 'radius': 12.0}","{'center': [Decimal('160.30370768133668'), Decimal('110.70181108210151')], 'axes': [Decimal('164.21539147166524'), Decimal('164.21539147166524')], 'angle': 90.0}",0.6401860585228514,120,8281.920388,2.1719409761205832,-1.614033190110233,"[Decimal('0.49084551247737923'), Decimal('0.32728513689709804')]",pupil.1,1,3d c++,1581666465.4426188,0.49084551247737923,0.32728513689709804
"{'center': [-0.3881025774328989, 5.430806184067237, 80.72773703742007], 'normal': [Decimal('-0.036040775674713296'), 0.5658109995865251, -0.8237469121251152], 'radius': Decimal('2.3918189013142825')}",0.996992306420949,8424.995011,4.783637802628565,"{'center': [157.0346407955694, 161.4673617110867], 'axes': [Decimal('28.866977130973844'), 36.74417756318242], 'angle': -86.32056041304257}","[157.0346407955694, 161.4673617110867]",36.74417756318242,"{'center': [Decimal('0.044386730663660674'), Decimal('-1.3589258109710656'), 90.61269998292146], 'radius': 12.0}","{'center': [Decimal('160.30370768133668'), Decimal('110.70181108210151')], 'axes': [Decimal('164.21539147166524'), Decimal('164.21539147166524')], 'angle': 90.0}",0.6403580742504245,120,8281.920388,2.1722128330451587,-1.614520684844168,"[0.4907332524861544, Decimal('0.32721932620380534')]",pupil.1,1,3d c++,1581666465.451091,0.4907332524861544,0.32721932620380534
"{'center': [-0.3976242821822577, 5.449448071106876, 80.7409893233467], 'normal': [-0.0368342510704932, 0.5673644901731618, -0.822642554964563], 'radius': Decimal('2.3881869536138036')}",0.9967497504376065,8425.003411,4.776373907227607,"{'center': [Decimal('156.96226982310793'), Decimal('161.60422843256805')], 'axes': [Decimal('28.769205744941928'), Decimal('36.682372309152775')], 'angle': -86.2495077467927}","[Decimal('156.96226982310793'), Decimal('161.60422843256805')]",36.682372309152775,"{'center': [Decimal('0.044386730663660674'), Decimal('-1.3589258109710656'), 90.61269998292146], 'radius': 12.0}","{'center': [Decimal('160.30370768133668'), Decimal('110.70181108210151')], 'axes': [Decimal('164.21539147166524'), Decimal('164.21539147166524')], 'angle': 90.0}",0.6408052444929146,120,8281.920388,2.1740981345992414,-1.6155419635613846,"[0.4905070931972123, 0.3266490481976331]",pupil.1,1,3d c++,1581666465.457724,0.4905070931972123,0.3266490481976331
"{'center': [Decimal('-0.38557903805328536'), Decimal('5.4585672460712935'), 80.74675259532046], 'normal': [-0.03583048072641217, 0.5681244214201966, -0.8221622823000827], 'radius': 2.370872032674946}",0.996948415272462,8425.011811,4.741744065349892,"{'center': [Decimal('157.05432090944592'), Decimal('161.67464317530772')], 'axes': [Decimal('28.537264910563632'), 36.41375397671076], 'angle': -86.35741075115396}","[Decimal('157.05432090944592'), Decimal('161.67464317530772')]",36.41375397671076,"{'center': [Decimal('0.044386730663660674'), Decimal('-1.3589258109710656'), 90.61269998292146], 'radius': 12.0}","{'center': [Decimal('160.30370768133668'), Decimal('110.70181108210151')], 'axes': [Decimal('164.21539147166524'), Decimal('164.21539147166524')], 'angle': 90.0}",0.6421620695140962,120,8281.920388,2.175021272148931,-1.6143495561420522,"[0.4907947528420185, Decimal('0.32635565343621786')]",pupil.1,1,3d c++,1581666465.465322,0.4907947528420185,0.32635565343621786
"{'center': [-0.4020864185421296, 5.486629935919416, 80.76693803966623], 'normal': [-0.03720609576714919, 0.5704629789075402, -0.8204801619379356], 'radius': Decimal('2.3695907278633928')}",0.9963720209634612,8425.028611,4.7391814557267855,"{'center': [Decimal('156.92884772510786'), Decimal('161.87960778152183')], 'axes': [28.44042718518846, 36.3850148167034], 'angle': -86.23242340051439}","[Decimal('156.92884772510786'), Decimal('161.87960778152183')]",36.3850148167034,"{'center': [Decimal('0.044386730663660674'), Decimal('-1.3589258109710656'), 90.61269998292146], 'radius': 12.0}","{'center': [Decimal('160.30370768133668'), Decimal('110.70181108210151')], 'axes': [Decimal('164.21539147166524'), Decimal('164.21539147166524')], 'angle': 90.0}",0.6429588673880215,120,8281.920388,2.1778657704564046,-1.6161120166634277,"[Decimal('0.49040264914096204'), 0.3255016342436591]",pupil.1,1,3d c++,1581666465.483358,0.49040264914096204,0.3255016342436591
"{'center': [Decimal('-0.39796169999476366'), 5.50444522453877, 80.77916217118663], 'normal': [-0.03686236922153536, 0.5719475862924863, -0.819461484311236], 'radius': 2.346772828992943}",0.9976231625945016,8425.037011,4.693545657985886,"{'center': [Decimal('156.96051000310538'), 162.0143671237671], 'axes': [28.11764006064858, 36.02911996251496], 'angle': -86.27736676824223}","[Decimal('156.96051000310538'), 162.0143671237671]",36.02911996251496,"{'center': [Decimal('0.044386730663660674'), Decimal('-1.3589258109710656'), 90.61269998292146], 'radius': 12.0}","{'center': [Decimal('160.30370768133668'), Decimal('110.70181108210151')], 'axes': [Decimal('164.21539147166524'), Decimal('164.21539147166524')], 'angle': 90.0}",0.6440937276861569,120,8281.920388,2.179674487301353,-1.6157496724355593,"[0.4905015937597043, 0.3249401369843038]",pupil.1,1,3d c++,1581666465.493771,0.4905015937597043,0.3249401369843038
"{'center': [-0.3805072961069185, 5.536582737266835, 80.80089959118943], 'normal': [-0.03540783556421493, 0.5746257123531584, -0.8176500326443354], 'radius': 2.356340858979915}",0.9967755408619218,8425.045411,4.71268171795983,"{'center': [157.0947445741363, 162.2473796166062], 'axes': [Decimal('28.145342571048463'), 36.16636522973151], 'angle': -86.44230922536838}","[157.0947445741363, 162.2473796166062]",36.16636522973151,"{'center': [Decimal('0.044386730663660674'), Decimal('-1.3589258109710656'), 90.61269998292146], 'radius': 12.0}","{'center': [Decimal('160.30370768133668'), Decimal('110.70181108210151')], 'axes': [Decimal('164.21539147166524'), Decimal('164.21539147166524')], 'angle': 90.0}",0.644888268298538,120,8281.920388,2.1829430697830685,-1.614073677660985,"[Decimal('0.49092107679417596'), Decimal('0.32396925159747414')]",pupil.1,1,3d c++,1581666465.5011818,0.49092107679417596,0.32396925159747414
"{'center': [Decimal('-0.39412698567106225'), 5.536138171258283, 80.80118641968618], 'normal': [Decimal('-0.036542809694560245'), 0.5745886651857791, -0.8176261302696066], 'radius': Decimal('2.3654691244961534')}",0.9965150533776432,8425.053811,4.730938248992307,"{'center': [156.990824020291, Decimal('162.24201187144408')], 'axes': [Decimal('28.253263685163787'), Decimal('36.306382607625665')], 'angle': -86.32719355800532}","[156.990824020291, Decimal('162.24201187144408')]",36.306382607625665,"{'center': [Decimal('0.044386730663660674'), Decimal('-1.3589258109710656'), 90.61269998292146], 'radius': 12.0}","{'center': [Decimal('160.30370768133668'), Decimal('110.70181108210151')], 'axes': [Decimal('164.21539147166524'), Decimal('164.21539147166524')], 'angle': 90.0}",0.6457958375961192,120,8281.920388,2.182897803605842,-1.61546039221424,"[0.4905963250634094, 0.3239916172023164]",pupil.1,1,3d c++,1581666465.5106971,0.4905963250634094,0.3239916172023164
"{'center': [-0.4001724311515796, 5.56311835394566, 80.82047491756535], 'normal': [Decimal('-0.037046596817936685'), 0.5768370137430604, -0.8160187554463425], 'radius': Decimal('2.3443049836452725')}",0.9966746460372877,8425.062211,4.688609967290545,"{'center': [Decimal('156.94505886437926'), Decimal('162.44286657954046')], 'axes': [27.9235643962639, 35.97290413333491], 'angle': -86.29104258945901}","[Decimal('156.94505886437926'), Decimal('162.44286657954046')]",35.97290413333491,"{'center': [Decimal('0.044386730663660674'), Decimal('-1.3589258109710656'), 90.61269998292146], 'radius': 12.0}","{'center': [Decimal('160.30370768133668'), Decimal('110.70181108210151')], 'axes': [Decimal('164.21539147166524'), Decimal('164.21539147166524')], 'angle': 90.0}",0.6464370411370157,120,8281.920388,2.1856475680914347,-1.6161643724577064,"[0.4904533089511852, 0.323154722585248]",pupil.1,1,3d c++,1581666465.5167658,0.4904533089511852,0.323154722585248
"{'center': [-0.3787097787816492, 5.552401159092979, 80.81195772243116], 'normal': [-0.03525804245377582, 0.5759439141720037, -0.8167285217075251], 'radius': Decimal('2.3184853966335033')}",0.9969672408481504,8425.070611,4.636970793267007,"{'center': [Decimal('157.10839167543602'), Decimal('162.37031309392503')], 'axes': [27.6493993921761, 35.58033092003849], 'angle': -86.46575863385551}","[Decimal('157.10839167543602'), Decimal('162.37031309392503')]",35.58033092003849,"{'center': [Decimal('0.044386730663660674'), Decimal('-1.3589258109710656'), 90.61269998292146], 'radius': 12.0}","{'center': [Decimal('160.30370768133668'), Decimal('110.70181108210151')], 'axes': [Decimal('164.21539147166524'), Decimal('164.21539147166524')], 'angle': 90.0}",0.6471279042704836,120,8281.920388,2.1845546561502993,-1.613939382613363,"[Decimal('0.49096372398573757'), Decimal('0.32345702877531235')]",pupil.1,1,3d c++,1581666465.5259962,0.49096372398573757,0.32345702877531235
"{'center': [Decimal('-0.40408601977120445'), 5.565037415772153, 80.82201025099629], 'normal': [-0.03737272920290543, 0.5769969355619349, -0.8158908109937645], 'radius': 2.326217042183377}",0.9973954354510581,8425.079011,4.652434084366754,"{'center': [156.9149909548318, Decimal('162.46036022888669')], 'axes': [Decimal('27.701928143783693'), 35.69459600621121], 'angle': -86.25923273588192}","[156.9149909548318, Decimal('162.46036022888669')]",35.69459600621121,"{'center': [Decimal('0.044386730663660674'), Decimal('-1.3589258109710656'), 90.61269998292146], 'radius': 12.0}","{'center': [Decimal('160.30370768133668'), Decimal('110.70181108210151')], 'axes': [Decimal('164.21539147166524'), Decimal('164.21539147166524')], 'angle': 90.0}",0.6479974942227851,120,8281.920388,2.1858433580920056,-1.616570372966576,"[0.4903593467338494, Decimal('0.32308183237963883')]",pupil.1,1,3d c++,1581666465.534539,0.4903593467338494,0.32308183237963883
"{'center': [-0.3984838880169969, 5.588064430960362, 80.8380801850153], 'normal': [-0.0369058848900548, 0.5789158534942856, -0.8145516498255128], 'radius': 2.329287070496428}",0.997626385486871,8425.087411,4.658574140992856,"{'center': [Decimal('156.95839180591688'), Decimal('162.62768393851502')], 'axes': [27.6750236853966, 35.73464207581364], 'angle': -86.31878248369182}","[Decimal('156.95839180591688'), Decimal('162.62768393851502')]",35.73464207581364,"{'center': [Decimal('0.044386730663660674'), Decimal('-1.3589258109710656'), 90.61269998292146], 'radius': 12.0}","{'center': [Decimal('160.30370768133668'), Decimal('110.70181108210151')], 'axes': [Decimal('164.21539147166524'), Decimal('164.21539147166524')], 'angle': 90.0}",0.6488790510428943,120,8281.920388,2.1881947796248737,-1.6160735809301692,"[0.4904949743934902, Decimal('0.32238465025618745')]",pupil.1,1,3d c++,1581666465.5410502,0.4904949743934902,0.32238465025618745
"{'center': [-0.3871063424214804, 5.594717106281717, 80.84230265695668], 'normal': [-0.03595775609042842, 0.5794702431043985, -0.8141997771637318], 'radius': Decimal('2.3274692473527225')}",0.9966140048962896,8425.095811,4.654938494705445,"{'center': [Decimal('157.04540383362286'), Decimal('162.67675734059986')], 'axes': [Decimal('27.636767741014225'), Decimal('35.704888779091746')], 'angle': -86.4175135703284}","[Decimal('157.04540383362286'), Decimal('162.67675734059986')]",35.704888779091746,"{'center': [Decimal('0.044386730663660674'), Decimal('-1.3589258109710656'), 90.61269998292146], 'radius': 12.0}","{'center': [Decimal('160.30370768133668'), Decimal('110.70181108210151')], 'axes': [Decimal('164.21539147166524'), Decimal('164.21539147166524')], 'angle': 90.0}",0.6491629023681167,120,8281.920388,2.188874853417126,-1.614930957026213,"[0.4907668869800714, 0.3221801777475005]",pupil.1,1,3d c++,1581666465.551317,0.4907668869800714,0.3221801777475005
"{'center': [-0.3893449135618023, 5.625430271021738, 80.86433360794726], 'normal': [Decimal('-0.036144303685455244'), 0.5820296734994003, -0.8123638645811834], 'radius': 2.353971438066472}",0.9963992863248737,8425.104211,4.707942876132944,"{'center': [Decimal('157.02939978221318'), 162.8950362546523], 'axes': [27.86375231512843, Decimal('36.101769691547304')], 'angle': -86.41497287543699}","[Decimal('157.02939978221318'), 162.8950362546523]",36.101769691547304,"{'center': [Decimal('0.044386730663660674'), Decimal('-1.3589258109710656'), 90.61269998292146], 'radius': 12.0}","{'center': [Decimal('160.30370768133668'), Decimal('110.70181108210151')], 'axes': [Decimal('164.21539147166524'), Decimal('164.21539147166524')], 'angle': 90.0}",0.6492541267899998,120,8281.920388,2.192018803401121,-1.6152597539218099,"[0.4907168743194162, Decimal('0.32127068227228206')]",pupil.1,1,3d c++,1581666465.556792,0.4907168743194162,0.32127068227228206
"{'center': [-0.4020454601916107, 5.633810507671232, 80.87091692862852], 'normal': [-0.03720268257127261, 0.5827280265535247, -0.8118152545244119], 'radius': Decimal('2.3295849086899745')}",0.9966546581100947,8425.11261,4.659169817379949,"{'center': [Decimal('156.93237309848462'), Decimal('162.96059862361446')], 'axes': [Decimal('27.548933818108797'), 35.72476306130781], 'angle': -86.31378053279356}","[Decimal('156.93237309848462'), Decimal('162.96059862361446')]",35.72476306130781,"{'center': [Decimal('0.044386730663660674'), Decimal('-1.3589258109710656'), 90.61269998292146], 'radius': 12.0}","{'center': [Decimal('160.30370768133668'), Decimal('110.70181108210151')], 'axes': [Decimal('164.21539147166524'), Decimal('164.21539147166524')], 'angle': 90.0}",0.6497455180625944,120,8281.920388,2.192877873481012,-1.6165908254378756,"[0.4904136659327644, 0.3209975057349398]",pupil.1,1,3d c++,1581666465.5651062,0.4904136659327644,0.3209975057349398
"{'center': [Decimal('-0.41334783899647837'), 5.629314066381045, 80.86821526179207], 'normal': [-0.03814454747167825, 0.5823533231126758, -0.8120403934274479], 'radius': Decimal('2.3261985265990193')}",0.9965597461923712,8425.12101,4.6523970531980385,"{'center': [Decimal('156.84594870397586'), Decimal('162.92829133495522')], 'axes': [Decimal('27.519489301179544'), Decimal('35.674004539527765')], 'angle': -86.21735816746366}","[Decimal('156.84594870397586'), Decimal('162.92829133495522')]",35.674004539527765,"{'center': [Decimal('0.044386730663660674'), Decimal('-1.3589258109710656'), 90.61269998292146], 'radius': 12.0}","{'center': [Decimal('160.30370768133668'), Decimal('110.70181108210151')], 'axes': [Decimal('164.21539147166524'), Decimal('164.21539147166524')], 'angle': 90.0}",0.6501758282705494,120,8281.920388,2.1924168711015555,-1.6177355297950502,"[Decimal('0.49014358969992455'), 0.3211321194376866]",pupil.1,1,3d c++,1581666465.577286,0.49014358969992455,0.3211321194376866
"{'center': [Decimal('-0.43195916698784026'), 5.625176284148707, 80.86614097418745], 'normal': [-0.03969549147095841, 0.5820085079266477, -0.8122132507278345], 'radius': Decimal('2.3143656661678484')}",0.9967322671063291,8425.12941,4.628731332335697,"{'center': [Decimal('156.70362717459693'), Decimal('162.90007479613718')], 'axes': [Decimal('27.387523757199656'), 35.49339531663415], 'angle': -86.06023445962617}","[Decimal('156.70362717459693'), Decimal('162.90007479613718')]",35.49339531663415,"{'center': [Decimal('0.044386730663660674'), Decimal('-1.3589258109710656'), 90.61269998292146], 'radius': 12.0}","{'center': [Decimal('160.30370768133668'), Decimal('110.70181108210151')], 'axes': [Decimal('164.21539147166524'), Decimal('164.21539147166524')], 'angle': 90.0}",0.6501602299774034,120,8281.920388,2.1919927750928303,-1.6196307076561025,"[0.4896988349206154, Decimal('0.32124968834942846')]",pupil.1,1,3d c++,1581666465.585692,0.4896988349206154,0.32124968834942846
"{'center': [Decimal('-0.45556184755550033'), 5.631017832200709, 80.8715122070689], 'normal': [-0.04166238151826342, 0.5824953035976479, -0.8117656479877124], 'radius': 2.308512343224396}",0.9972686569375473,8425.13781,4.617024686448792,"{'center': [Decimal('156.52356315790954'), Decimal('162.94314632061557')], 'axes': [Decimal('27.297175513831966'), 35.40126257376369], 'angle': -85.86749082147907}","[Decimal('156.52356315790954'), Decimal('162.94314632061557')]",35.40126257376369,"{'center': [Decimal('0.044386730663660674'), Decimal('-1.3589258109710656'), 90.61269998292146], 'radius': 12.0}","{'center': [Decimal('160.30370768133668'), Decimal('110.70181108210151')], 'axes': [Decimal('164.21539147166524'), Decimal('164.21539147166524')], 'angle': 90.0}",0.6506773918290021,120,8281.920388,2.1925915335650097,-1.6220744990388676,"[0.4891361348684673, Decimal('0.32107022366410176')]",pupil.1,1,3d c++,1581666465.5935712,0.4891361348684673,0.32107022366410176
"{'center': [-0.4736490721545033, 5.625911128979924, 80.86879461447218], 'normal': [-0.043169650234847, 0.5820697449959158, -0.8119921140374398], 'radius': Decimal('2.2875633570044425')}",0.9971954725155948,8425.14621,4.575126714008885,"{'center': [Decimal('156.38506070336786'), 162.9096148391723], 'axes': [Decimal('27.059817966696375'), 35.08109463077429], 'angle': -85.71407803435781}","[Decimal('156.38506070336786'), 162.9096148391723]",35.08109463077429,"{'center': [Decimal('0.044386730663660674'), Decimal('-1.3589258109710656'), 90.61269998292146], 'radius': 12.0}","{'center': [Decimal('160.30370768133668'), Decimal('110.70181108210151')], 'axes': [Decimal('164.21539147166524'), Decimal('164.21539147166524')], 'angle': 90.0}",0.6508690944409756,120,8281.920388,2.1920680825483276,-1.623911430879145,"[0.4887033146980245, Decimal('0.32120993817011545')]",pupil.1,1,3d c++,1581666465.6010306,0.4887033146980245,0.32120993817011545
"{'center': [Decimal('-0.47394687436889243'), 5.637268888635729, 80.87696220917837], 'normal': [Decimal('-0.043194467086046094'), 0.5830162249672329, -0.8113114811452562], 'radius': Decimal('2.2872936188931576')}",0.9964522461004676,8425.15461,4.574587237786315,"{'center': [Decimal('156.38312899390948'), Decimal('162.99230089417887')], 'axes': [Decimal('27.024992300386742'), 35.07342907494316], 'angle': -85.7187146971084}","[Decimal('156.38312899390948'), Decimal('162.99230089417887')]",35.07342907494316,"{'center': [Decimal('0.044386730663660674'), Decimal('-1.3589258109710656'), 90.61269998292146], 'radius': 12.0}","{'center': [Decimal('160.30370768133668'), Decimal('110.70181108210151')], 'axes': [Decimal('164.21539147166524'), Decimal('164.21539147166524')], 'angle': 90.0}",0.6508910027683057,120,8281.920388,2.193232551333406,-1.6239864089764957,"[Decimal('0.48869727810596714'), 0.3208654129409214]",pupil.1,1,3d c++,1581666465.609308,0.48869727810596714,0.3208654129409214
"{'center': [-0.4973101092288142, 5.639534075568781, 80.87986258829993], 'normal': [-0.0451414033243729, 0.5832049905449872, -0.8110697828851274], 'radius': 2.305179216394397}",0.9909894663990015,8425.16301,4.610358432788794,"{'center': [156.2051594998294, Decimal('163.00464449048812')], 'axes': [Decimal('27.225063550635046'), Decimal('35.346502122285365')], 'angle': -85.52642792033305}","[156.2051594998294, Decimal('163.00464449048812')]",35.346502122285365,"{'center': [Decimal('0.044386730663660674'), Decimal('-1.3589258109710656'), 90.61269998292146], 'radius': 12.0}","{'center': [Decimal('160.30370768133668'), Decimal('110.70181108210151')], 'axes': [Decimal('164.21539147166524'), Decimal('164.21539147166524')], 'angle': 90.0}",0.6511968855695383,120,8281.920388,2.1934649088640175,-1.6263955857212664,"[Decimal('0.48814112343696686'), 0.3208139812896328]",pupil.1,1,3d c++,1581666465.6173599,0.48814112343696686,0.3208139812896328
"{'center': [-0.5201198006784383, Decimal('5.6597165678761705'), 80.89570499815781], 'normal': [-0.04704221094517492, 0.5848868649039364, -0.8097495820636367], 'radius': 2.302421392173221}",0.9963183691955697,8425.17141,4.604842784346442,"{'center': [Decimal('156.03172807209052'), 163.1513083524568], 'axes': [27.13069819409279, 35.29731920318062], 'angle': -85.35110630717894}","[Decimal('156.03172807209052'), 163.1513083524568]",35.29731920318062,"{'center': [Decimal('0.044386730663660674'), Decimal('-1.3589258109710656'), 90.61269998292146], 'radius': 12.0}","{'center': [Decimal('160.30370768133668'), Decimal('110.70181108210151')], 'axes': [Decimal('164.21539147166524'), Decimal('164.21539147166524')], 'angle': 90.0}",0.6513239415806171,120,8281.920388,2.1955368965642004,-1.6288258662770252,"[0.4875991502252829, 0.3202028818647633]",pupil.1,1,3d c++,1581666465.625083,0.4875991502252829,0.3202028818647633
"{'center': [-0.5222733677743039, Decimal('5.6448610392426755'), 80.88511723644166], 'normal': [Decimal('-0.047221674869830386'), 0.5836489041844785, -0.8106318955399826], 'radius': 2.303598240103584}",0.9960656076996132,8425.17981,4.607196480207168,"{'center': [Decimal('156.01481584920376'), Decimal('163.04299075415796')], 'axes': [Decimal('27.185835295179228'), 35.31996966826215], 'angle': -85.32321066862227}","[Decimal('156.01481584920376'), Decimal('163.04299075415796')]",35.31996966826215,"{'center': [Decimal('0.044386730663660674'), Decimal('-1.3589258109710656'), 90.61269998292146], 'radius': 12.0}","{'center': [Decimal('160.30370768133668'), Decimal('110.70181108210151')], 'axes': [Decimal('164.21539147166524'), Decimal('164.21539147166524')], 'angle': 90.0}",0.6515586790574068,120,8281.920388,2.194011489070942,-1.6289834886461088,"[0.4875462995287617, 0.3206542051910085]",pupil.1,1,3d c++,1581666465.633043,0.4875462995287617,0.3206542051910085
"{'center': [-0.5689148264201258, 5.677904194984205, 80.91182967828559], 'normal': [-0.05110846309031554, 0.5864025004962725, -0.8084058587196563], 'radius': Decimal('2.3129604139705284')}",0.9955574226309811,8425.18821,4.625920827941057,"{'center': [Decimal('155.66030203667523'), Decimal('163.27993867301205')], 'axes': [27.19176131211568, Decimal('35.451899152561055')], 'angle': -84.96162431849012}","[Decimal('155.66030203667523'), Decimal('163.27993867301205')]",35.451899152561055,"{'center': [Decimal('0.044386730663660674'), Decimal('-1.3589258109710656'), 90.61269998292146], 'radius': 12.0}","{'center': [Decimal('160.30370768133668'), Decimal('110.70181108210151')], 'axes': [Decimal('164.21539147166524'), Decimal('164.21539147166524')], 'angle': 90.0}",0.6512823170224946,120,8281.920388,2.19740674136818,-1.6339335901189787,"[0.4864384438646101, 0.3196669221957831]",pupil.1,1,3d c++,1581666465.640875,0.4864384438646101,0.3196669221957831
"{'center': [-0.5958970210622274, 5.648459782245496, 80.89227901131447], 'normal': [-0.05335697931049068, 0.5839487994347135, -0.8100350809672484], 'radius': Decimal('2.2862324925429705')}",0.9973302627246845,8425.19661,4.572464985085941,"{'center': [Decimal('155.45289500184472'), Decimal('163.07026883602202')], 'axes': [Decimal('26.952879075911202'), Decimal('35.050549567278395')], 'angle': -84.7171287441104}","[Decimal('155.45289500184472'), Decimal('163.07026883602202')]",35.050549567278395,"{'center': [Decimal('0.044386730663660674'), Decimal('-1.3589258109710656'), 90.61269998292146], 'radius': 12.0}","{'center': [Decimal('160.30370768133668'), Decimal('110.70181108210151')], 'axes': [Decimal('164.21539147166524'), Decimal('164.21539147166524')], 'angle': 90.0}",0.6515030601128124,120,8281.920388,2.1943808644507947,-1.6365712685178835,"[Decimal('0.48579029688076475'), Decimal('0.32054054651657493')]",pupil.1,1,3d c++,1581666465.65029,0.48579029688076475,0.32054054651657493
"{'center': [-0.6031220159100392, 5.658357895459682, 80.8999011171685], 'normal': [Decimal('-0.053959062214474995'), 0.5847736422025623, -0.8093999054794139], 'radius': 2.282145388309215}",0.997087511768706,8425.20501,4.56429077661843,"{'center': [Decimal('155.39808362251264'), 163.1427921198914], 'axes': [26.87522346500245, 34.98458985352195], 'angle': -84.66516253905179}","[Decimal('155.39808362251264'), 163.1427921198914]",34.98458985352195,"{'center': [Decimal('0.044386730663660674'), Decimal('-1.3589258109710656'), 90.61269998292146], 'radius': 12.0}","{'center': [Decimal('160.30370768133668'), Decimal('110.70181108210151')], 'axes': [Decimal('164.21539147166524'), Decimal('164.21539147166524')], 'angle': 90.0}",0.6522058177941492,120,8281.920388,2.1953973146057812,-1.637363344829776,"[0.485619011320352, 0.3202383661671192]",pupil.1,1,3d c++,1581666465.661325,0.485619011320352,0.3202383661671192
"{'center': [-0.6514649750952984, 5.660337857433352, 80.90467608734878], 'normal': [-0.05798764214657993, 0.5849386390337015, -0.8090019912977231], 'radius': 2.291867042863068}",0.9942974685720456,8425.21341,4.583734085726136,"{'center': [155.0295649832231, Decimal('163.15361420511726')], 'axes': [Decimal('26.971112485646465'), 35.1315994944233], 'angle': -84.2685339399258}","[155.0295649832231, Decimal('163.15361420511726')]",35.1315994944233,"{'center': [Decimal('0.044386730663660674'), Decimal('-1.3589258109710656'), 90.61269998292146], 'radius': 12.0}","{'center': [Decimal('160.30370768133668'), Decimal('110.70181108210151')], 'axes': [Decimal('164.21539147166524'), Decimal('164.21539147166524')], 'angle': 90.0}",0.6511914707599042,120,8281.920388,2.195600728855275,-1.6423519464330476,"[0.4844673905725722, 0.3201932741453447]",pupil.1,1,3d c++,1581666465.6695962,0.4844673905725722,0.3201932741453447
"{'center': [-0.664355216284552, 5.679927313938194, 80.91980405143683], 'normal': [-0.05906182891235106, 0.5865710937424383, -0.8077413276237188], 'radius': Decimal('2.2882047666414014')}",0.9883798799246795,8425.22181,4.576409533282803,"{'center': [Decimal('154.93201486945725'), 163.2962161925868], 'axes': [Decimal('26.869432904648328'), 35.06891588576787], 'angle': -84.17902231816035}","[Decimal('154.93201486945725'), 163.2962161925868]",35.06891588576787,"{'center': [Decimal('0.044386730663660674'), Decimal('-1.3589258109710656'), 90.61269998292146], 'radius': 12.0}","{'center': [Decimal('160.30370768133668'), Decimal('110.70181108210151')], 'axes': [Decimal('164.21539147166524'), Decimal('164.21539147166524')], 'angle': 90.0}",0.6511063162288999,120,8281.920388,2.1976148917699456,-1.643786163196573,"[0.4841625464670539, 0.319599099197555]",pupil.1,1,3d c++,1581666465.678724,0.4841625464670539,0.319599099197555
"{'center': [-0.7155173233914088, 5.66008509408109, 80.90929688177238], 'normal': [-0.06332533783792246, 0.584917575421013, -0.8086169250957566], 'radius': Decimal('2.2572364528860156')}",0.996644972812623,8425.23021,4.514472905772031,"{'center': [154.54029991255, Decimal('163.15606578460032')], 'axes': [Decimal('26.545492942253485'), 34.59864679749638], 'angle': -83.74163049237853}","[154.54029991255, Decimal('163.15606578460032')]",34.59864679749638,"{'center': [Decimal('0.044386730663660674'), Decimal('-1.3589258109710656'), 90.61269998292146], 'radius': 12.0}","{'center': [Decimal('160.30370768133668'), Decimal('110.70181108210151')], 'axes': [Decimal('164.21539147166524'), Decimal('164.21539147166524')], 'angle': 90.0}",0.650831982735256,120,8281.920388,2.195574759186284,-1.6489499656099946,"[0.4829384372267188, 0.320183059230832]",pupil.1,1,3d c++,1581666465.685179,0.4829384372267188,0.320183059230832
"{'center': [-0.7251953194417984, Decimal('5.6679463767123135'), 80.91575145639429], 'normal': [-0.06413183750878826, 0.5855726823069483, -0.8080790438772635], 'radius': 2.286402053020867}",0.9960138339796115,8425.238609,4.572804106041734,"{'center': [154.467464062611, Decimal('163.20718089781667')], 'axes': [26.86369157123613, 35.04303299998558], 'angle': -83.66936106108568}","[154.467464062611, Decimal('163.20718089781667')]",35.04303299998558,"{'center': [Decimal('0.044386730663660674'), Decimal('-1.3589258109710656'), 90.61269998292146], 'radius': 12.0}","{'center': [Decimal('160.30370768133668'), Decimal('110.70181108210151')], 'axes': [Decimal('164.21539147166524'), Decimal('164.21539147166524')], 'angle': 90.0}",0.650402304005715,120,8281.920388,2.196382678952109,-1.6499936515811915,"[Decimal('0.48271082519565933'), 0.3199700795924305]",pupil.1,1,3d c++,1581666465.693786,0.48271082519565933,0.3199700795924305
"{'center': [-0.7687042424665445, 5.675355277226293, 80.92467786064886], 'normal': [-0.06775758109418377, 0.5861900906831132, -0.8073351768560495], 'radius': Decimal('2.2756949459508995')}",0.9958059146971255,8425.247009,4.551389891901799,"{'center': [Decimal('154.13582031019703'), Decimal('163.26130390314194')], 'axes': [26.70332237180926, Decimal('34.875055185425495')], 'angle': -83.31988504514678}","[Decimal('154.13582031019703'), Decimal('163.26130390314194')]",34.875055185425495,"{'center': [Decimal('0.044386730663660674'), Decimal('-1.3589258109710656'), 90.61269998292146], 'radius': 12.0}","{'center': [Decimal('160.30370768133668'), Decimal('110.70181108210151')], 'axes': [Decimal('164.21539147166524'), Decimal('164.21539147166524')], 'angle': 90.0}",0.6500768460683259,120,8281.920388,2.197144538329613,-1.6545275469550422,"[Decimal('0.48167443846936575'), 0.3197445670702419]",pupil.1,1,3d c++,1581666465.701492,0.48167443846936575,0.3197445670702419
"{'center': [-0.793809773607288, 5.671832704160167, 80.92426041185854], 'normal': [-0.06984970868924573, 0.5858965429276027, -0.8073699642552424], 'radius': Decimal('2.2694533382801865')}",0.9952174385203197,8425.255409,4.538906676560373,"{'center': [Decimal('153.94407901133098'), Decimal('163.23584034739991')], 'axes': [26.63153741253246, 34.77955739699773], 'angle': -83.11104062494735}","[Decimal('153.94407901133098'), Decimal('163.23584034739991')]",34.77955739699773,"{'center': [Decimal('0.044386730663660674'), Decimal('-1.3589258109710656'), 90.61269998292146], 'radius': 12.0}","{'center': [Decimal('160.30370768133668'), Decimal('110.70181108210151')], 'axes': [Decimal('164.21539147166524'), Decimal('164.21539147166524')], 'angle': 90.0}",0.6495868659288306,120,8281.920388,2.196782258796994,-1.6570965588512623,"[0.4810752469104093, Decimal('0.31985066521916705')]",pupil.1,1,3d c++,1581666465.709485,0.4810752469104093,0.31985066521916705
"{'center': [-0.8470142981572638, 5.657718267380209, 80.91877868741079], 'normal': [-0.07428341906841038, 0.5847203398626062, -0.807826774625888], 'radius': Decimal('2.2517398690619452')}",0.9956797942007946,8425.263809,4.5034797381238905,"{'center': [Decimal('153.53724425804594'), Decimal('163.13428824770133')], 'axes': [26.44418069359093, 34.5103576695779], 'angle': -82.6613030316446}","[Decimal('153.53724425804594'), Decimal('163.13428824770133')]",34.5103576695779,"{'center': [Decimal('0.044386730663660674'), Decimal('-1.3589258109710656'), 90.61269998292146], 'radius': 12.0}","{'center': [Decimal('160.30370768133668'), Decimal('110.70181108210151')], 'axes': [Decimal('164.21539147166524'), Decimal('164.21539147166524')], 'angle': 90.0}",0.6496036675087469,120,8281.920388,2.1953316078669,-1.6624930934508726,"[0.4798038883063936, 0.3202737989679111]",pupil.1,1,3d c++,1581666465.717271,0.4798038883063936,0.3202737989679111
"{'center': [-0.8906617399066461, 5.678853566481224, 80.93823122272633], 'normal': [-0.0779207058808589, 0.5864816147876908, -0.8062057300162604], 'radius': 2.283323975094623}",0.9851543383943147,8425.272209,4.566647950189246,"{'center': [Decimal('153.20649079414358'), 163.2796947173433], 'axes': [Decimal('26.740068262996836'), 34.98617953551144], 'angle': -82.32801624234557}","[Decimal('153.20649079414358'), 163.2796947173433]",34.98617953551144,"{'center': [Decimal('0.044386730663660674'), Decimal('-1.3589258109710656'), 90.61269998292146], 'radius': 12.0}","{'center': [Decimal('160.30370768133668'), Decimal('110.70181108210151')], 'axes': [Decimal('164.21539147166524'), Decimal('164.21539147166524')], 'angle': 90.0}",0.6496131749109901,120,8281.920388,2.197504414396444,-1.667148192412341,"[Decimal('0.47877028373169866'), Decimal('0.31966793867773624')]",pupil.1,1,3d c++,1581666465.725167,0.47877028373169866,0.31966793867773624
"{'center': [-0.9230807770850709, 5.679068297628431, 80.9415756662368], 'normal': [-0.0806222923123943, 0.5864995090499581, -0.8059270263903879], 'radius': Decimal('2.2617617782086223')}",0.9963337550697647,8425.280609,4.523523556417245,"{'center': [152.9588717971608, 163.2838073701328], 'axes': [26.47447908750992, 34.65428000174924], 'angle': -82.06447331706971}","[152.9588717971608, 163.2838073701328]",34.65428000174924,"{'center': [Decimal('0.044386730663660674'), Decimal('-1.3589258109710656'), 90.61269998292146], 'radius': 12.0}","{'center': [Decimal('160.30370768133668'), Decimal('110.70181108210151')], 'axes': [Decimal('164.21539147166524'), Decimal('164.21539147166524')], 'angle': 90.0}",0.6493509646971263,120,8281.920388,2.1975265072766996,-1.6705013307159309,"[0.4779964743661275, 0.3196508026244467]",pupil.1,1,3d c++,1581666465.7338321,0.4779964743661275,0.3196508026244467
"{'center': [-0.9595947336953088, 5.672199158687022, 80.9403009588802], 'normal': [-0.08366512202991414, 0.5859270808048406, -0.8060332520034378], 'radius': 2.271735980003858}",0.9955892565550307,8425.289009,4.543471960007716,"{'center': [Decimal('152.68045287188014'), Decimal('163.23012449040897')], 'axes': [Decimal('26.595988034757028'), 34.80769546003251], 'angle': -81.75963330243404}","[Decimal('152.68045287188014'), Decimal('163.23012449040897')]",34.80769546003251,"{'center': [Decimal('0.044386730663660674'), Decimal('-1.3589258109710656'), 90.61269998292146], 'radius': 12.0}","{'center': [Decimal('160.30370768133668'), Decimal('110.70181108210151')], 'axes': [Decimal('164.21539147166524'), Decimal('164.21539147166524')], 'angle': 90.0}",0.649157109159304,120,8281.920388,2.1968199424422563,-1.6742245363717851,"[0.4771264152246254, Decimal('0.31987448128996265')]",pupil.1,1,3d c++,1581666465.745891,0.4771264152246254,0.31987448128996265
"{'center': [-0.9987299759890134, 5.668658797394311, 80.94186950624737], 'normal': [-0.08692639222105616, 0.5856320506971148, -0.8059025397228397], 'radius': 2.243959997237168}",0.9960561107007029,8425.297409,4.487919994474336,"{'center': [152.381239311901, 163.2076390508438], 'axes': [Decimal('26.264470378780253'), Decimal('34.381335939243826')], 'angle': -81.43747838229235}","[152.381239311901, 163.2076390508438]",34.381335939243826,"{'center': [Decimal('0.044386730663660674'), Decimal('-1.3589258109710656'), 90.61269998292146], 'radius': 12.0}","{'center': [Decimal('160.30370768133668'), Decimal('110.70181108210151')], 'axes': [Decimal('164.21539147166524'), Decimal('164.21539147166524')], 'angle': 90.0}",0.649174279326481,120,8281.920388,2.19645591914797,-1.678243088751198,"[0.4761913728496906, 0.3199681706214842]",pupil.1,1,3d c++,1581666465.753441,0.4761913728496906,0.3199681706214842
"{'center': [-1.024359805060072, 5.671433125697547, 80.9466855993204], 'normal': [-0.08906221131031106, 0.5858632447223844, -0.8055011986334204], 'radius': 2.252806481685237}",0.9969900737682565,8425.305809,4.505612963370474,"{'center': [Decimal('152.18638267739888'), 163.2246957394432], 'axes': [Decimal('26.349608609521397'), Decimal('34.514873823353184')], 'angle': -81.23304408447513}","[Decimal('152.18638267739888'), 163.2246957394432]",34.514873823353184,"{'center': [Decimal('0.044386730663660674'), Decimal('-1.3589258109710656'), 90.61269998292146], 'radius': 12.0}","{'center': [Decimal('160.30370768133668'), Decimal('110.70181108210151')], 'axes': [Decimal('164.21539147166524'), Decimal('164.21539147166524')], 'angle': 90.0}",0.6494418735864871,120,8281.920388,2.196741170085653,-1.680916482184721,"[0.4755824458668715, 0.3198971010856533]",pupil.1,1,3d c++,1581666465.761684,0.4755824458668715,0.3198971010856533
"{'center': [Decimal('-1.0555283218145035'), 5.693999213072808, 80.96664195476572], 'normal': [-0.0916595877065137, 0.5877437520036561, -0.8038381690129779], 'radius': 2.264117538728276}",0.9971666961958991,8425.314209,4.528235077456552,"{'center': [Decimal('151.95081261303386'), Decimal('163.38460629286072')], 'axes': [Decimal('26.405566443433802'), 34.67970403348358], 'angle': -81.00976154225845}","[Decimal('151.95081261303386'), Decimal('163.38460629286072')]",34.67970403348358,"{'center': [Decimal('0.044386730663660674'), Decimal('-1.3589258109710656'), 90.61269998292146], 'radius': 12.0}","{'center': [Decimal('160.30370768133668'), Decimal('110.70181108210151')], 'axes': [Decimal('164.21539147166524'), Decimal('164.21539147166524')], 'angle': 90.0}",0.6501370409622176,120,8281.920388,2.1990635612906457,-1.6843333564736749,"[0.4748462894157308, 0.3192308071130803]",pupil.1,1,3d c++,1581666465.768963,0.4748462894157308,0.3192308071130803
"{'center': [Decimal('-1.0850836295312853'), 5.679930360894848, 80.95978329949223], 'normal': [-0.0941225300162455, 0.5865713476554928, -0.8044097236191019], 'radius': Decimal('2.2540948203464253')}",0.9969087022596681,8425.322609,4.5081896406928506,"{'center': [Decimal('151.72442060568474'), Decimal('163.28267302825992')], 'axes': [26.3145026484888, 34.52906077708287], 'angle': -80.75282276055371}","[Decimal('151.72442060568474'), Decimal('163.28267302825992')]",34.52906077708287,"{'center': [Decimal('0.044386730663660674'), Decimal('-1.3589258109710656'), 90.61269998292146], 'radius': 12.0}","{'center': [Decimal('160.30370768133668'), Decimal('110.70181108210151')], 'axes': [Decimal('164.21539147166524'), Decimal('164.21539147166524')], 'angle': 90.0}",0.6500440695840659,120,8281.920388,2.1976152052824673,-1.6872748828572472,"[Decimal('0.47413881439276484'), Decimal('0.31965552904891703')]",pupil.1,1,3d c++,1581666465.777621,0.47413881439276484,0.31965552904891703
"{'center': [Decimal('-1.1039301179679948'), 5.715898446370385, 80.98834389314165], 'normal': [-0.09569307071930463, 0.5895686881117875, -0.8020296741483173], 'radius': 2.257824810128422}",0.9962221145163414,8425.331009,4.515649620256844,"{'center': [Decimal('151.58359746733237'), Decimal('163.54183942283578')], 'axes': [Decimal('26.249245094677352'), Decimal('34.574066846400804')], 'angle': -80.64897565097033}","[Decimal('151.58359746733237'), Decimal('163.54183942283578')]",34.574066846400804,"{'center': [Decimal('0.044386730663660674'), Decimal('-1.3589258109710656'), 90.61269998292146], 'radius': 12.0}","{'center': [Decimal('160.30370768133668'), Decimal('110.70181108210151')], 'axes': [Decimal('164.21539147166524'), Decimal('164.21539147166524')], 'angle': 90.0}",0.6502449876424454,120,8281.920388,2.201321075393658,-1.6895485700792692,"[0.4736987420854136, 0.3185756690715176]",pupil.1,1,3d c++,1581666465.7850618,0.4736987420854136,0.3185756690715176
"{'center': [Decimal('-1.1473046966251188'), 5.700032754839675, 80.98196919505838], 'normal': [-0.09930761894073163, 0.5882465471508951, -0.8025608989885891], 'radius': Decimal('2.2596538059648617')}",0.9965578090881971,8425.339409,4.519307611929723,"{'center': [Decimal('151.25225561861544'), Decimal('163.42373142449497')], 'axes': [Decimal('26.294507839762627'), 34.60480185902407], 'angle': -80.27922067759361}","[Decimal('151.25225561861544'), Decimal('163.42373142449497')]",34.60480185902407,"{'center': [Decimal('0.044386730663660674'), Decimal('-1.3589258109710656'), 90.61269998292146], 'radius': 12.0}","{'center': [Decimal('160.30370768133668'), Decimal('110.70181108210151')], 'axes': [Decimal('164.21539147166524'), Decimal('164.21539147166524')], 'angle': 90.0}",0.6502601863775048,120,8281.920388,2.1996851675016926,-1.6939089596523094,"[Decimal('0.47266329880817326'), 0.3190677857312709]",pupil.1,1,3d c++,1581666465.793324,0.47266329880817326,0.3190677857312709
"{'center': [-1.18265711028057, 5.716957476950673, 80.99884336301544], 'normal': [Decimal('-0.10225365341201924'), 0.5896569406601448, -0.8011547183255011], 'radius': 2.258802315881613}",0.9596010339387802,8425.347809,4.517604631763226,"{'center': [Decimal('150.98442149076763'), Decimal('163.54440556830875')], 'axes': [Decimal('26.220145470946765'), 34.58458526296813], 'angle': -80.01979188712514}","[Decimal('150.98442149076763'), Decimal('163.54440556830875')]",34.58458526296813,"{'center': [Decimal('0.044386730663660674'), Decimal('-1.3589258109710656'), 90.61269998292146], 'radius': 12.0}","{'center': [Decimal('160.30370768133668'), Decimal('110.70181108210151')], 'axes': [Decimal('164.21539147166524'), Decimal('164.21539147166524')], 'angle': 90.0}",0.6500168385707772,120,8281.920388,2.2014303413024194,-1.6977428123163947,"[Decimal('0.47182631715864887'), Decimal('0.31856497679871354')]",pupil.1,1,3d c++,1581666465.80146,0.47182631715864887,0.31856497679871354
"{'center': [Decimal('-1.2169978559345265'), 5.732807548989281, 81.01498010391279], 'normal': [-0.1051153822165156, 0.5909777799966955, -0.7998099899173886], 'radius': 2.263253163517154}",0.9965883616743472,8425.356209,4.526506327034308,"{'center': [150.7245019597751, Decimal('163.65620111181858')], 'axes': [26.21011875529118, 34.64588126659998], 'angle': -79.76855163141144}","[150.7245019597751, Decimal('163.65620111181858')]",34.64588126659998,"{'center': [Decimal('0.044386730663660674'), Decimal('-1.3589258109710656'), 90.61269998292146], 'radius': 12.0}","{'center': [Decimal('160.30370768133668'), Decimal('110.70181108210151')], 'axes': [Decimal('164.21539147166524'), Decimal('164.21539147166524')], 'angle': 90.0}",0.6497255811699909,120,8281.920388,2.203066722347076,-1.7014728278716815,"[0.4710140686242972, 0.3180991620340893]",pupil.1,1,3d c++,1581666465.810237,0.4710140686242972,0.3180991620340893
"{'center': [Decimal('-1.2421847858929194'), 5.72732820802913, 81.01427627321844], 'normal': [Decimal('-0.10721429304638168'), 0.5905211682500163, -0.7998686424752507], 'radius': 2.258516011321914}",0.9961808959723418,8425.364608,4.517032022643828,"{'center': [150.5322664161152, Decimal('163.61569511566557')], 'axes': [Decimal('26.157721141065558'), 34.57364799087386], 'angle': -79.55999875366177}","[150.5322664161152, Decimal('163.61569511566557')]",34.57364799087386,"{'center': [Decimal('0.044386730663660674'), Decimal('-1.3589258109710656'), 90.61269998292146], 'radius': 12.0}","{'center': [Decimal('160.30370768133668'), Decimal('110.70181108210151')], 'axes': [Decimal('164.21539147166524'), Decimal('164.21539147166524')], 'angle': 90.0}",0.6496036481963174,120,8281.920388,2.202500806861896,-1.7040419952948462,"[0.47041333255036, 0.3182679370180601]",pupil.1,1,3d c++,1581666465.8177269,0.47041333255036,0.3182679370180601
"{'center': [Decimal('-1.2811666144126357'), 5.73973873838945, 81.02876185994668], 'normal': [Decimal('-0.11046277875635803'), 0.5915553791133763, -0.7986615102478981], 'radius': Decimal('2.2430664956651496')}",0.9963573079809537,8425.373008,4.486132991330299,"{'center': [150.2362264750797, 163.7058682435929], 'axes': [Decimal('25.923738907621882'), 34.33097051641947], 'angle': -79.26893219029195}","[150.2362264750797, 163.7058682435929]",34.33097051641947,"{'center': [Decimal('0.044386730663660674'), Decimal('-1.3589258109710656'), 90.61269998292146], 'radius': 12.0}","{'center': [Decimal('160.30370768133668'), Decimal('110.70181108210151')], 'axes': [Decimal('164.21539147166524'), Decimal('164.21539147166524')], 'angle': 90.0}",0.6497201808085995,120,8281.920388,2.203782923472325,-1.7082342559481036,"[0.469488207734624, Decimal('0.31789221565169623')]",pupil.1,1,3d c++,1581666465.8307052,0.469488207734624,0.31789221565169623
"{'center': [Decimal('-1.3054191387737029'), 5.746740635106319, 81.03733949509007], 'normal': [Decimal('-0.11248382245311363'), 0.5921388705064486, -0.7979467073192819], 'radius': 2.258139303546801}",0.9954740403675151,8425.381408,4.516278607093602,"{'center': [Decimal('150.05291129972838'), Decimal('163.75200306019522')], 'axes': [26.06528298021355, Decimal('34.558090010763614')], 'angle': -79.08754920120877}","[Decimal('150.05291129972838'), Decimal('163.75200306019522')]",34.558090010763614,"{'center': [Decimal('0.044386730663660674'), Decimal('-1.3589258109710656'), 90.61269998292146], 'radius': 12.0}","{'center': [Decimal('160.30370768133668'), Decimal('110.70181108210151')], 'axes': [Decimal('164.21539147166524'), Decimal('164.21539147166524')], 'angle': 90.0}",0.6493761851245283,120,8281.920388,2.2045068131274626,-1.7108401464449536,"[0.4689153478116512, 0.3176999872491866]",pupil.1,1,3d c++,1581666465.8391109,0.4689153478116512,0.3176999872491866
"{'center': [Decimal('-1.3490668308453306'), 5.76473682607401, 81.05698348411897], 'normal': [Decimal('-0.11612113012574928'), 0.5936385530870897, -0.7963097082335399], 'radius': Decimal('2.2529110678841855')}",0.9969584522020808,8425.389808,4.505822135768371,"{'center': [Decimal('149.72245241756858'), 163.8801149952157], 'axes': [Decimal('25.930189095055255'), 34.46973930456127], 'angle': -78.77113336142656}","[Decimal('149.72245241756858'), 163.8801149952157]",34.46973930456127,"{'center': [Decimal('0.044386730663660674'), Decimal('-1.3589258109710656'), 90.61269998292146], 'radius': 12.0}","{'center': [Decimal('160.30370768133668'), Decimal('110.70181108210151')], 'axes': [Decimal('164.21539147166524'), Decimal('164.21539147166524')], 'angle': 90.0}",0.649172188582392,120,8281.920388,2.2063691156103937,-1.715599763803403,"[0.4678826638049018, Decimal('0.31716618751993453')]",pupil.1,1,3d c++,1581666465.8481538,0.4678826638049018,0.31716618751993453
"{'center': [Decimal('-1.3568800757428932'), 5.763154596220357, 81.05694663686008], 'normal': [Decimal('-0.11677223386721282'), 0.5935067005992852, -0.7963127788384482], 'radius': 2.247385302976246}",0.9964916703056981,8425.398208,4.494770605952492,"{'center': [Decimal('149.66271246110608'), Decimal('163.86912690850104')], 'axes': [Decimal('25.866630363025145'), 34.38518778287141], 'angle': -78.70711702295063}","[Decimal('149.66271246110608'), Decimal('163.86912690850104')]",34.38518778287141,"{'center': [Decimal('0.044386730663660674'), Decimal('-1.3589258109710656'), 90.61269998292146], 'radius': 12.0}","{'center': [Decimal('160.30370768133668'), Decimal('110.70181108210151')], 'axes': [Decimal('164.21539147166524'), Decimal('164.21539147166524')], 'angle': 90.0}",0.6491449003767191,120,8281.920388,2.2062052790114044,-1.716399742961783,"[0.4676959764409565, 0.317211971214579]",pupil.1,1,3d c++,1581666465.8545768,0.4676959764409565,0.317211971214579
"{'center': [Decimal('-1.3739608518243325'), 5.774750383038005, 81.06812277414585], 'normal': [Decimal('-0.11819563187399944'), 0.5944730161674225, -0.7953814340646338], 'radius': 2.241667115567273}",0.9964531266594487,8425.406608,4.483334231134546,"{'center': [Decimal('149.53372677744773'), Decimal('163.95284442879603')], 'axes': [Decimal('25.758569685734095'), Decimal('34.292966888591295')], 'angle': -78.59131888015541}","[Decimal('149.53372677744773'), Decimal('163.95284442879603')]",34.292966888591295,"{'center': [Decimal('0.044386730663660674'), Decimal('-1.3589258109710656'), 90.61269998292146], 'radius': 12.0}","{'center': [Decimal('160.30370768133668'), Decimal('110.70181108210151')], 'axes': [Decimal('164.21539147166524'), Decimal('164.21539147166524')], 'angle': 90.0}",0.648989314502002,120,8281.920388,2.2074064582782356,-1.7183192004802263,"[Decimal('0.46729289617952413'), Decimal('0.31686314821334993')]",pupil.1,1,3d c++,1581666465.862067,0.46729289617952413,0.31686314821334993
"{'center': [Decimal('-1.4026993202796152'), 5.783604712716192, 81.07906480638144], 'normal': [Decimal('-0.12059050424527298'), 0.5952108769739382, -0.7944695980450016], 'radius': Decimal('2.2299714925237466')}",0.9966503750250882,8425.415008,4.459942985047493,"{'center': [Decimal('149.31571106396814'), 164.0168982806034], 'axes': [Decimal('25.582912106953565'), 34.10941598963128], 'angle': -78.38026831003523}","[Decimal('149.31571106396814'), 164.0168982806034]",34.10941598963128,"{'center': [Decimal('0.044386730663660674'), Decimal('-1.3589258109710656'), 90.61269998292146], 'radius': 12.0}","{'center': [Decimal('160.30370768133668'), Decimal('110.70181108210151')], 'axes': [Decimal('164.21539147166524'), Decimal('164.21539147166524')], 'angle': 90.0}",0.6489697077182943,120,8281.920388,2.208324375292118,-1.7214339192361947,"[0.4666115970749004, 0.3165962571641524]",pupil.1,1,3d c++,1581666465.8691778,0.4666115970749004,0.3165962571641524
"{'center': [Decimal('-1.4080132094479612'), 5.797091532196591, 81.08999289941588], 'normal': [Decimal('-0.12103332834263515'), 0.5963347785973047, -0.7935589236254655], 'radius': Decimal('2.2397141895763992')}",0.9949251425271807,8425.423408,4.4794283791527985,"{'center': [149.2769750191237, Decimal('164.11218836574162')], 'axes': [25.65363858657272, 34.25388235580376], 'angle': -78.36064039001762}","[149.2769750191237, Decimal('164.11218836574162')]",34.25388235580376,"{'center': [Decimal('0.044386730663660674'), Decimal('-1.3589258109710656'), 90.61269998292146], 'radius': 12.0}","{'center': [Decimal('160.30370768133668'), Decimal('110.70181108210151')], 'axes': [Decimal('164.21539147166524'), Decimal('164.21539147166524')], 'angle': 90.0}",0.6483233626674134,120,8281.920388,2.2097237373933636,-1.7221495631300139,"[0.4664905469347616, 0.3161992151427433]",pupil.1,1,3d c++,1581666465.882187,0.4664905469347616,0.3161992151427433
"{'center': [Decimal('-1.4420861870369628'), 5.815738842279476, 81.10930136041067], 'normal': [Decimal('-0.12387274314171862'), 0.5978887211042118, -0.791949885209232], 'radius': Decimal('2.2318407938622395')}",0.997431441042364,8425.431808,4.463681587724479,"{'center': [Decimal('149.01963694659295'), Decimal('164.24575608170085')], 'axes': [25.49086936391213, Decimal('34.125344363592426')], 'angle': -78.12556639168311}","[Decimal('149.01963694659295'), Decimal('164.24575608170085')]",34.125344363592426,"{'center': [Decimal('0.044386730663660674'), Decimal('-1.3589258109710656'), 90.61269998292146], 'radius': 12.0}","{'center': [Decimal('160.30370768133668'), Decimal('110.70181108210151')], 'axes': [Decimal('164.21539147166524'), Decimal('164.21539147166524')], 'angle': 90.0}",0.6483497595803578,120,8281.920388,2.2116609405772394,-1.725954011368563,"[0.465686365458103, 0.3156426829929131]",pupil.1,1,3d c++,1581666465.886184,0.465686365458103,0.3156426829929131
"{'center': [Decimal('-1.4308782813266823'), 5.842776719450094, 81.12802424741406], 'normal': [Decimal('-0.12293875099919525'), 0.6001418775350966, -0.7903896446256156], 'radius': Decimal('2.2376446846335822')}",0.9971395576389439,8425.440208,4.4752893692671645,"{'center': [149.1076033603813, Decimal('164.44087017145756')], 'axes': [Decimal('25.487103950587876'), Decimal('34.206243138876914')], 'angle': -78.2570040038186}","[149.1076033603813, Decimal('164.44087017145756')]",34.206243138876914,"{'center': [Decimal('0.044386730663660674'), Decimal('-1.3589258109710656'), 90.61269998292146], 'radius': 12.0}","{'center': [Decimal('160.30370768133668'), Decimal('110.70181108210151')], 'axes': [Decimal('164.21539147166524'), Decimal('164.21539147166524')], 'angle': 90.0}",0.6486301905362035,120,8281.920388,2.2144747943040244,-1.725101824033805,"[0.4659612605011915, 0.3148297076189268]",pupil.1,1,3d c++,1581666465.895518,0.4659612605011915,0.3148297076189268
"{'center': [-1.431876936781303, 5.841895847434165, 81.12751084258144], 'normal': [-0.1230219722870803, 0.6000684715337692, -0.7904324283616676], 'radius': Decimal('2.2133259545571162')}",0.9979930351512943,8425.448608,4.4266519091142325,"{'center': [Decimal('149.09901005450425'), Decimal('164.43899274160538')], 'axes': [Decimal('25.211849086728456'), 33.83459866473003], 'angle': -78.24782377927245}","[Decimal('149.09901005450425'), Decimal('164.43899274160538')]",33.83459866473003,"{'center': [Decimal('0.044386730663660674'), Decimal('-1.3589258109710656'), 90.61269998292146], 'radius': 12.0}","{'center': [Decimal('160.30370768133668'), Decimal('110.70181108210151')], 'axes': [Decimal('164.21539147166524'), Decimal('164.21539147166524')], 'angle': 90.0}",0.6493522571888177,120,8281.920388,2.214383027752754,-1.725196401226032,"[0.4659344064203258, Decimal('0.31483753024331096')]",pupil.1,1,3d c++,1581666465.901439,0.4659344064203258,0.31483753024331096
"{'center': [Decimal('-1.4345179435232254'), 5.845693560692718, 81.13080667651292], 'normal': [-0.1232420561822405, 0.6003849476386486, -0.7901577755340454], 'radius': 2.21324089159019}",0.998093361418812,8425.457008,4.42648178318038,"{'center': [Decimal('149.07932108045193'), 164.4662164001413], 'axes': [25.19864269916058, 33.83192893950602], 'angle': -78.23353911138508}","[Decimal('149.07932108045193'), 164.4662164001413]",33.83192893950602,"{'center': [Decimal('0.044386730663660674'), Decimal('-1.3589258109710656'), 90.61269998292146], 'radius': 12.0}","{'center': [Decimal('160.30370768133668'), Decimal('110.70181108210151')], 'axes': [Decimal('164.21539147166524'), Decimal('164.21539147166524')], 'angle': 90.0}",0.6495490199893927,120,8281.920388,2.214778707013388,-1.7255211483601287,"[0.4658728783764123, 0.3147240983327446]",pupil.1,1,3d c++,1581666465.9141262,0.4658728783764123,0.3147240983327446
"{'center': [Decimal('-1.4142246351504408'), 5.8452788091362, 81.12734871503775], 'normal': [Decimal('-0.12155094715117512'), 0.6003503850089388, -0.790445938990309], 'radius': 2.232072512800337}",0.9968915282562774,8425.465408,4.464145025600674,"{'center': [Decimal('149.23409782969605'), Decimal('164.46131959587044')], 'axes': [Decimal('25.426263041846482'), 34.12131868247329], 'angle': -78.39027756954708}","[Decimal('149.23409782969605'), Decimal('164.46131959587044')]",34.12131868247329,"{'center': [Decimal('0.044386730663660674'), Decimal('-1.3589258109710656'), 90.61269998292146], 'radius': 12.0}","{'center': [Decimal('160.30370768133668'), Decimal('110.70181108210151')], 'axes': [Decimal('164.21539147166524'), Decimal('164.21539147166524')], 'angle': 90.0}",0.6494976781916684,120,8281.920388,2.2147354888223516,-1.723376297645503,"[Decimal('0.46635655571780016'), Decimal('0.31474450168387313')]",pupil.1,1,3d c++,1581666465.92388,0.46635655571780016,0.31474450168387313
"{'center': [Decimal('-1.4157043975191883'), 5.857755801234062, 81.1370659457996], 'normal': [Decimal('-0.12167426068190408'), 0.6013901343504273, -0.7896361697601542], 'radius': 2.220828277905169}",0.9973771522581687,8425.473808,4.441656555810338,"{'center': [Decimal('149.22363861272726'), Decimal('164.55338536267553')], 'axes': [Decimal('25.261958878936017'), Decimal('33.945330533539604')], 'angle': -78.39888411093554}","[Decimal('149.22363861272726'), Decimal('164.55338536267553')]",33.945330533539604,"{'center': [Decimal('0.044386730663660674'), Decimal('-1.3589258109710656'), 90.61269998292146], 'radius': 12.0}","{'center': [Decimal('160.30370768133668'), Decimal('110.70181108210151')], 'axes': [Decimal('164.21539147166524'), Decimal('164.21539147166524')], 'angle': 90.0}",0.6495450760563459,120,8281.920388,2.216036238190055,-1.723682893723802,"[Decimal('0.46632387066477266'), 0.3143608943221853]",pupil.1,1,3d c++,1581666465.9311922,0.46632387066477266,0.3143608943221853
"{'center': [Decimal('-1.4021411290647068'), 5.852955505490462, 81.13133272770436], 'normal': [Decimal('-0.12054398831069729'), 0.6009901097051272, -0.7901139379347574], 'radius': 2.226697074398893}",0.9971774067405499,8425.482208,4.453394148797786,"{'center': [Decimal('149.32639499832408'), Decimal('164.51871281086306')], 'axes': [25.35023826191233, Decimal('34.037454340091564')], 'angle': -78.4963600128846}","[Decimal('149.32639499832408'), Decimal('164.51871281086306')]",34.037454340091564,"{'center': [Decimal('0.044386730663660674'), Decimal('-1.3589258109710656'), 90.61269998292146], 'radius': 12.0}","{'center': [Decimal('160.30370768133668'), Decimal('110.70181108210151')], 'axes': [Decimal('164.21539147166524'), Decimal('164.21539147166524')], 'angle': 90.0}",0.6500022205311762,120,8281.920388,2.2155356479746326,-1.7221941988858167,"[Decimal('0.46664498436976276'), Decimal('0.31450536328807055')]",pupil.1,1,3d c++,1581666465.937242,0.46664498436976276,0.31450536328807055
"{'center': [Decimal('-1.4011845321139431'), Decimal('5.8638984580898175'), 81.13952030012769], 'normal': [Decimal('-0.12046427189813366'), 0.6019020224217403, -0.7894316402328142], 'radius': 2.23432309600987}",0.9958117919728212,8425.490608,4.46864619201974,"{'center': [Decimal('149.33498726383104'), Decimal('164.59633651707722')], 'axes': [Decimal('25.406489212931938'), 34.15062545711304], 'angle': -78.52120730731703}","[Decimal('149.33498726383104'), Decimal('164.59633651707722')]",34.15062545711304,"{'center': [Decimal('0.044386730663660674'), Decimal('-1.3589258109710656'), 90.61269998292146], 'radius': 12.0}","{'center': [Decimal('160.30370768133668'), Decimal('110.70181108210151')], 'axes': [Decimal('164.21539147166524'), Decimal('164.21539147166524')], 'angle': 90.0}",0.6495336764111181,120,8281.920388,2.2166770893923373,-1.7222243774519015,"[0.466671835199472, Decimal('0.31418193117884496')]",pupil.1,1,3d c++,1581666465.9454432,0.466671835199472,0.31418193117884496
"{'center': [Decimal('-1.3642485731283422'), 5.858338493693652, 81.12972352310024], 'normal': [Decimal('-0.11738627531600025'), 0.6014386920553931, -0.7902480383184346], 'radius': Decimal('2.2109573079842337')}",0.9965200034309768,8425.499007,4.4219146159684675,"{'center': [149.6141183873591, Decimal('164.56348077679746')], 'axes': [25.17720371928206, 33.79744896194584], 'angle': -78.7990566493808}","[149.6141183873591, Decimal('164.56348077679746')]",33.79744896194584,"{'center': [Decimal('0.044386730663660674'), Decimal('-1.3589258109710656'), 90.61269998292146], 'radius': 12.0}","{'center': [Decimal('160.30370768133668'), Decimal('110.70181108210151')], 'axes': [Decimal('164.21539147166524'), Decimal('164.21539147166524')], 'angle': 90.0}",0.6495487343956996,120,8281.920388,2.216097016062121,-1.7182616025790582,"[Decimal('0.46754411996049716'), Decimal('0.31431883009667727')]",pupil.1,1,3d c++,1581666465.95347,0.46754411996049716,0.31431883009667727
"{'center': [Decimal('-1.3707569435514768'), 5.883848411629581, 81.15016385660941], 'normal': [Decimal('-0.11792863951792813'), 0.6035645185500539, -0.7885446771926701], 'radius': Decimal('2.2351444375423637')}",0.9969687908014591,8425.507407,4.470288875084727,"{'center': [Decimal('149.56794760157396'), Decimal('164.74250464794585')], 'axes': [Decimal('25.376265640529255'), 34.15871301774072], 'angle': -78.78818693244685}","[Decimal('149.56794760157396'), Decimal('164.74250464794585')]",34.15871301774072,"{'center': [Decimal('0.044386730663660674'), Decimal('-1.3589258109710656'), 90.61269998292146], 'radius': 12.0}","{'center': [Decimal('160.30370768133668'), Decimal('110.70181108210151')], 'axes': [Decimal('164.21539147166524'), Decimal('164.21539147166524')], 'angle': 90.0}",0.6496624313110044,120,8281.920388,2.218760568413585,-1.7192483592951644,"[Decimal('0.46739983625491865'), Decimal('0.31357289730022564')]",pupil.1,1,3d c++,1581666465.961326,0.46739983625491865,0.31357289730022564
"{'center': [Decimal('-1.3561705673504276'), 5.872968666846729, 81.13967820965988], 'normal': [-0.1167131081678407, 0.6026578731514829, -0.7894184811051316], 'radius': 2.22865969040018}",0.9959648842147746,8425.515807,4.45731938080036,"{'center': [149.6774665492178, Decimal('164.66636862901157')], 'axes': [25.34182234430261, 34.0639641573592], 'angle': -78.88441304416897}","[149.6774665492178, Decimal('164.66636862901157')]",34.0639641573592,"{'center': [Decimal('0.044386730663660674'), Decimal('-1.3589258109710656'), 90.61269998292146], 'radius': 12.0}","{'center': [Decimal('160.30370768133668'), Decimal('110.70181108210151')], 'axes': [Decimal('164.21539147166524'), Decimal('164.21539147166524')], 'angle': 90.0}",0.649245596821213,120,8281.920388,2.2176239327524123,-1.7175799317553546,"[0.4677420829663056, Decimal('0.31389013071245175')]",pupil.1,1,3d c++,1581666465.969746,0.4677420829663056,0.31389013071245175
"{'center': [Decimal('-1.3393602576483066'), 5.873878426546397, 81.13790251099167], 'normal': [Decimal('-0.11531224902599728'), 0.6027336864597885, -0.7895664559941485], 'radius': Decimal('2.2300266460431533')}",0.9960855366708441,8425.524207,4.4600532920863065,"{'center': [Decimal('149.80527186553707'), Decimal('164.67396029650442')], 'axes': [Decimal('25.364133258324717'), 34.08560366454062], 'angle': -79.01627659829717}","[Decimal('149.80527186553707'), Decimal('164.67396029650442')]",34.08560366454062,"{'center': [Decimal('0.044386730663660674'), Decimal('-1.3589258109710656'), 90.61269998292146], 'radius': 12.0}","{'center': [Decimal('160.30370768133668'), Decimal('110.70181108210151')], 'axes': [Decimal('164.21539147166524'), Decimal('164.21539147166524')], 'angle': 90.0}",0.6488888092174849,120,8281.920388,2.217718940344932,-1.7158160973770393,"[0.4681414745798033, Decimal('0.31385849876456495')]",pupil.1,1,3d c++,1581666465.978218,0.4681414745798033,0.31385849876456495
"{'center': [Decimal('-1.3319956766710122'), 5.868725413559394, 81.13289886447372], 'normal': [Decimal('-0.11469853394455608'), 0.6023042687108716, -0.7899834265373115], 'radius': Decimal('2.2215389990879943')}",0.9967114842296626,8425.532607,4.443077998175989,"{'center': [Decimal('149.86043970466613'), 164.6389302395759], 'axes': [Decimal('25.286207086768858'), Decimal('33.957919911868544')], 'angle': -79.06565700452416}","[Decimal('149.86043970466613'), 164.6389302395759]",33.957919911868544,"{'center': [Decimal('0.044386730663660674'), Decimal('-1.3589258109710656'), 90.61269998292146], 'radius': 12.0}","{'center': [Decimal('160.30370768133668'), Decimal('110.70181108210151')], 'axes': [Decimal('164.21539147166524'), Decimal('164.21539147166524')], 'angle': 90.0}",0.6486386978385661,120,8281.920388,2.217180893343513,-1.714979872656463,"[0.4683138740770817, 0.3140044573351004]",pupil.1,1,3d c++,1581666465.987402,0.4683138740770817,0.3140044573351004
"{'center': [-1.329916995599496, 5.877959405380198, 81.13964442342346], 'normal': [Decimal('-0.11452531052192973'), 0.6030737680292719, -0.7894212966248324], 'radius': Decimal('2.2471652506816344')}",0.9953272137938719,8425.541007,4.494330501363269,"{'center': [Decimal('149.87797624073434'), Decimal('164.70087584584667')], 'axes': [Decimal('25.552698779864812'), 34.34690365036145], 'angle': -79.0957856980332}","[Decimal('149.87797624073434'), Decimal('164.70087584584667')]",34.34690365036145,"{'center': [Decimal('0.044386730663660674'), Decimal('-1.3589258109710656'), 90.61269998292146], 'radius': 12.0}","{'center': [Decimal('160.30370768133668'), Decimal('110.70181108210151')], 'axes': [Decimal('164.21539147166524'), Decimal('164.21539147166524')], 'angle': 90.0}",0.6482584861682961,120,8281.920388,2.218145207117164,-1.7148662230610126,"[0.4683686757522948, 0.3137463506423056]",pupil.1,1,3d c++,1581666465.997247,0.4683686757522948,0.3137463506423056
"{'center': [Decimal('-1.3334750755026454'), 5.878108560800527, 81.14027524873092], 'normal': [Decimal('-0.11482181718052552'), 0.6030861976476327, -0.7893687278492114], 'radius': Decimal('2.2498639934008664')}",0.9956955090806404,8425.549407,4.499727986801733,"{'center': [Decimal('149.85106357241474'), Decimal('164.70117000260703')], 'axes': [Decimal('25.581001156231203'), 34.38789891255948], 'angle': -79.06838873338921}","[Decimal('149.85106357241474'), Decimal('164.70117000260703')]",34.38789891255948,"{'center': [Decimal('0.044386730663660674'), Decimal('-1.3589258109710656'), 90.61269998292146], 'radius': 12.0}","{'center': [Decimal('160.30370768133668'), Decimal('110.70181108210151')], 'axes': [Decimal('164.21539147166524'), Decimal('164.21539147166524')], 'angle': 90.0}",0.6479912932218723,120,8281.920388,2.218160789314424,-1.7152435469558829,"[Decimal('0.46828457366379606'), 0.3137451249891374]",pupil.1,1,3d c++,1581666466.0052466,0.46828457366379606,0.3137451249891374
"{'center': [Decimal('-1.3201198155857832'), 5.872809587330474, 81.13429689937438], 'normal': [Decimal('-0.11370887885412032'), 0.6026446165251284, -0.7898669236289236], 'radius': Decimal('2.2381443599445108')}",0.9961179681901824,8425.557807,4.4762887198890216,"{'center': [149.9516036049297, Decimal('164.66616487986397')], 'axes': [25.47017345487317, 34.21122853243798], 'angle': -79.16413593849458}","[149.9516036049297, Decimal('164.66616487986397')]",34.21122853243798,"{'center': [Decimal('0.044386730663660674'), Decimal('-1.3589258109710656'), 90.61269998292146], 'radius': 12.0}","{'center': [Decimal('160.30370768133668'), Decimal('110.70181108210151')], 'axes': [Decimal('164.21539147166524'), Decimal('164.21539147166524')], 'angle': 90.0}",0.647831770254037,120,8281.920388,2.217607320536211,-1.7137735633037212,"[0.4685987612654053, Decimal('0.31389097966723345')]",pupil.1,1,3d c++,1581666466.014542,0.4685987612654053,0.31389097966723345
"{'center': [Decimal('-1.3218378896578495'), 5.871531591942443, 81.13356943041398], 'normal': [Decimal('-0.11385205169345919'), 0.602538116909459, -0.7899275460422892], 'radius': Decimal('2.2357963125412184')}",0.9953894808432984,8425.566207,4.471592625082437,"{'center': [149.9383554280133, 164.6572581759897], 'axes': [25.44614750479264, 34.17563271098168], 'angle': -79.14885753499529}","[149.9383554280133, 164.6572581759897]",34.17563271098168,"{'center': [Decimal('0.044386730663660674'), Decimal('-1.3589258109710656'), 90.61269998292146], 'radius': 12.0}","{'center': [Decimal('160.30370768133668'), Decimal('110.70181108210151')], 'axes': [Decimal('164.21539147166524'), Decimal('164.21539147166524')], 'angle': 90.0}",0.6471808395318357,120,8281.920388,2.2174738707159336,-1.71394030362729,"[Decimal('0.46855736071254156'), Decimal('0.31392809093337626')]",pupil.1,1,3d c++,1581666466.021427,0.46855736071254156,0.31392809093337626
"{'center': [Decimal('-1.3173094718648664'), 5.8883934354832, 81.14580254014787], 'normal': [Decimal('-0.11347468354404393'), 0.6039432705378555, -0.7889081202311318], 'radius': Decimal('2.2505186516059115')}",0.9953516285184462,8425.574607,4.501037303211823,"{'center': [149.9747881629537, 164.7764543717016], 'axes': [25.56775341155147, 34.3955708091361], 'angle': -79.20931609464253}","[149.9747881629537, 164.7764543717016]",34.3955708091361,"{'center': [Decimal('0.044386730663660674'), Decimal('-1.3589258109710656'), 90.61269998292146], 'radius': 12.0}","{'center': [Decimal('160.30370768133668'), Decimal('110.70181108210151')], 'axes': [Decimal('164.21539147166524'), Decimal('164.21539147166524')], 'angle': 90.0}",0.6466122639126382,120,8281.920388,2.2192356886917746,-1.7136541381014199,"[0.4686712130092303, 0.31343144011791]",pupil.1,1,3d c++,1581666466.030303,0.4686712130092303,0.31343144011791
"{'center': [Decimal('-1.3065499347003948'), Decimal('5.8778270025884325'), 81.13618275127914], 'normal': [Decimal('-0.11257805544700462'), 0.6030627344632915, -0.7897097693035262], 'radius': 2.252067522167109}",0.996519103719314,8425.583007,4.504135044334218,"{'center': [150.0556162015234, 164.7007349568403], 'axes': [25.62170347556359, 34.42331354120664], 'angle': -79.27712477756816}","[150.0556162015234, 164.7007349568403]",34.42331354120664,"{'center': [Decimal('0.044386730663660674'), Decimal('-1.3589258109710656'), 90.61269998292146], 'radius': 12.0}","{'center': [Decimal('160.30370768133668'), Decimal('110.70181108210151')], 'axes': [Decimal('164.21539147166524'), Decimal('164.21539147166524')], 'angle': 90.0}",0.6470198380816861,120,8281.920388,2.2181313752130016,-1.7123984842390423,"[Decimal('0.46892380062976063'), 0.3137469376798321]",pupil.1,1,3d c++,1581666466.037334,0.46892380062976063,0.3137469376798321
"{'center': [-1.313735901817597, 5.875586440944652, 81.13549916242474], 'normal': [-0.1131768860401048, 0.6028760209929764, -0.7897667350413927], 'radius': Decimal('2.2371226685030856')}",0.9955379464483153,8425.591407,4.474245337006171,"{'center': [150.000308096699, 164.6868725207359], 'axes': [25.45408505432828, Decimal('34.195101040820056')], 'angle': -79.21792409903892}","[150.000308096699, 164.6868725207359]",34.195101040820056,"{'center': [Decimal('0.044386730663660674'), Decimal('-1.3589258109710656'), 90.61269998292146], 'radius': 12.0}","{'center': [Decimal('160.30370768133668'), Decimal('110.70181108210151')], 'axes': [Decimal('164.21539147166524'), Decimal('164.21539147166524')], 'angle': 90.0}",0.6464887224812421,120,8281.920388,2.2178973293125197,-1.7131314648505962,"[Decimal('0.46875096280218437'), 0.3138046978302671]",pupil.1,1,3d c++,1581666466.0476649,0.46875096280218437,0.3138046978302671
"{'center': [Decimal('-1.3168546920705266'), 5.870850129650043, 81.13233281506088], 'normal': [Decimal('-0.11343678522784895'), 0.6024813283850924, -0.7900305973217148], 'radius': Decimal('2.2474883989122443')}",0.9965981839448751,8425.599807,4.494976797824489,"{'center': [Decimal('149.97655913000497'), Decimal('164.65049601081535')], 'axes': [Decimal('25.583986079916215'), 34.35492630616868], 'angle': -79.18657853273139}","[Decimal('149.97655913000497'), Decimal('164.65049601081535')]",34.35492630616868,"{'center': [Decimal('0.044386730663660674'), Decimal('-1.3589258109710656'), 90.61269998292146], 'radius': 12.0}","{'center': [Decimal('160.30370768133668'), Decimal('110.70181108210151')], 'axes': [Decimal('164.21539147166524'), Decimal('164.21539147166524')], 'angle': 90.0}",0.6468162614981066,120,8281.920388,2.217402717097195,-1.7134069086199593,"[0.4686767472812655, 0.3139562666216027]",pupil.1,1,3d c++,1581666466.053757,0.4686767472812655,0.3139562666216027
"{'center': [Decimal('-1.3226560395865599'), 5.853039783913502, 81.11961058470615], 'normal': [Decimal('-0.11392023085418505'), 0.6009971329070473, -0.791090783184609], 'radius': 2.24563107049923}",0.9966928255067204,8425.608207,4.49126214099846,"{'center': [149.9308263896718, Decimal('164.52185319444405')], 'axes': [Decimal('25.610637052519827'), 34.33189170207216], 'angle': -79.11456814962993}","[149.9308263896718, Decimal('164.52185319444405')]",34.33189170207216,"{'center': [Decimal('0.044386730663660674'), Decimal('-1.3589258109710656'), 90.61269998292146], 'radius': 12.0}","{'center': [Decimal('160.30370768133668'), Decimal('110.70181108210151')], 'axes': [Decimal('164.21539147166524'), Decimal('164.21539147166524')], 'angle': 90.0}",0.6465779375050329,120,8281.920388,2.2155444351730837,-1.7138171127119617,"[0.4685338324677244, 0.3144922783564831]",pupil.1,1,3d c++,1581666466.06134,0.4685338324677244,0.3144922783564831
"{'center': [Decimal('-1.3138026006550494'), 5.86129216642675, 81.12461408010874], 'normal': [Decimal('-0.11318244427655917'), 0.601684831449818, -0.7906738252343932], 'radius': Decimal('2.2610642796497262')}",0.9953929863655396,8425.616607,4.5221285592994525,"{'center': [149.9993695856745, 164.5791487982751], 'axes': [25.76786613439138, Decimal('34.565782150612854')], 'angle': -79.19598137501396}","[149.9993695856745, 164.5791487982751]",34.565782150612854,"{'center': [Decimal('0.044386730663660674'), Decimal('-1.3589258109710656'), 90.61269998292146], 'radius': 12.0}","{'center': [Decimal('160.30370768133668'), Decimal('110.70181108210151')], 'axes': [Decimal('164.21539147166524'), Decimal('164.21539147166524')], 'angle': 90.0}",0.6465425471191444,120,8281.920388,2.216405142370848,-1.7129772541446147,"[0.4687480299552328, Decimal('0.31425354667385375')]",pupil.1,1,3d c++,1581666466.0693312,0.4687480299552328,0.31425354667385375
"{'center': [Decimal('-1.3188223394853866'), 5.851091545625627, 81.117579617774], 'normal': [Decimal('-0.11360075584575395'), 0.600834779716391, -0.7912600304289541], 'radius': 2.259570718486096}",0.9963236907614986,8425.625006,4.519141436972192,"{'center': [Decimal('149.96027274261584'), 164.5054162145949], 'axes': [Decimal('25.777423877148163'), Decimal('34.545927985976256')], 'angle': -79.1415021296296}","[Decimal('149.96027274261584'), 164.5054162145949]",34.545927985976256,"{'center': [Decimal('0.044386730663660674'), Decimal('-1.3589258109710656'), 90.61269998292146], 'radius': 12.0}","{'center': [Decimal('160.30370768133668'), Decimal('110.70181108210151')], 'axes': [Decimal('164.21539147166524'), Decimal('164.21539147166524')], 'angle': 90.0}",0.6461350434178059,120,8281.920388,2.21534131905798,-1.7133913584026124,"[0.4686258523206745, Decimal('0.31456076577252123')]",pupil.1,1,3d c++,1581666466.0814571,0.4686258523206745,0.31456076577252123
"{'center': [Decimal('-1.3244259973582901'), 5.848462684365487, 81.11639002626485], 'normal': [Decimal('-0.11406772733516257'), 0.6006157079447128, -0.7913591630547172], 'radius': 2.237105941867107}",0.9976811181979253,8425.633406,4.474211883734214,"{'center': [149.9166658608434, Decimal('164.49028628215478')], 'axes': [Decimal('25.525413008318232'), Decimal('34.202872968344764')], 'angle': -79.09383367003923}","[149.9166658608434, Decimal('164.49028628215478')]",34.202872968344764,"{'center': [Decimal('0.044386730663660674'), Decimal('-1.3589258109710656'), 90.61269998292146], 'radius': 12.0}","{'center': [Decimal('160.30370768133668'), Decimal('110.70181108210151')], 'axes': [Decimal('164.21539147166524'), Decimal('164.21539147166524')], 'angle': 90.0}",0.6462833286935754,120,8281.920388,2.215067292850184,-1.7139518622525247,"[Decimal('0.46848958081513564'), Decimal('0.31462380715768845')]",pupil.1,1,3d c++,1581666466.0905778,0.46848958081513564,0.31462380715768845
"{'center': [Decimal('-1.3139175540350838'), 5.835148277310782, 81.10479235387496], 'normal': [Decimal('-0.11319202372489537'), 0.5995061740234873, -0.7923256357538755], 'radius': Decimal('2.2448226145787706')}",0.9976187723158053,8425.641806,4.489645229157541,"{'center': [Decimal('149.99559231585917'), Decimal('164.39343699047615')], 'axes': [25.65722393636932, Decimal('34.325773789352226')], 'angle': -79.15568651551202}","[Decimal('149.99559231585917'), Decimal('164.39343699047615')]",34.325773789352226,"{'center': [Decimal('0.044386730663660674'), Decimal('-1.3589258109710656'), 90.61269998292146], 'radius': 12.0}","{'center': [Decimal('160.30370768133668'), Decimal('110.70181108210151')], 'axes': [Decimal('164.21539147166524'), Decimal('164.21539147166524')], 'angle': 90.0}",0.6466596954568193,120,8281.920388,2.213680295901384,-1.7126966556130003,"[0.4687362259870599, Decimal('0.31502734587301606')]",pupil.1,1,3d c++,1581666466.0993102,0.4687362259870599,0.31502734587301606
"{'center': [Decimal('-1.3246323469295247'), 5.836097042642883, 81.1070473014293], 'normal': [Decimal('-0.11408492313276546'), 0.5995852378011624, -0.7921377234576791], 'radius': Decimal('2.2601168372673928')}",0.9962774084995735,8425.650206,4.5202336745347855,"{'center': [Decimal('149.91481111586342'), Decimal('164.39658505074163')], 'axes': [25.82350460673564, 34.55875108603764], 'angle': -79.07341910183466}","[Decimal('149.91481111586342'), Decimal('164.39658505074163')]",34.55875108603764,"{'center': [Decimal('0.044386730663660674'), Decimal('-1.3589258109710656'), 90.61269998292146], 'radius': 12.0}","{'center': [Decimal('160.30370768133668'), Decimal('110.70181108210151')], 'axes': [Decimal('164.21539147166524'), Decimal('164.21539147166524')], 'angle': 90.0}",0.6463630541398868,120,8281.920388,2.213779083574723,-1.7138343391261215,"[0.4684837847370732, 0.3150142289552432]",pupil.1,1,3d c++,1581666466.1054919,0.4684837847370732,0.3150142289552432
"{'center': [Decimal('-1.3259299935377518'), 5.849832100806366, 81.11764645780849], 'normal': [Decimal('-0.11419306035011771'), 0.6007298259814526, -0.7912544604260807], 'radius': Decimal('2.2659127220922834')}",0.9964432798185597,8425.658606,4.531825444184567,"{'center': [Decimal('149.90639296280935'), Decimal('164.49457936738833')], 'axes': [Decimal('25.849507681959075'), 34.64289011123412], 'angle': -79.08418562481168}","[Decimal('149.90639296280935'), Decimal('164.49457936738833')]",34.64289011123412,"{'center': [Decimal('0.044386730663660674'), Decimal('-1.3589258109710656'), 90.61269998292146], 'radius': 12.0}","{'center': [Decimal('160.30370768133668'), Decimal('110.70181108210151')], 'axes': [Decimal('164.21539147166524'), Decimal('164.21539147166524')], 'angle': 90.0}",0.6464029839565288,120,8281.920388,2.215210030502702,-1.7141257170301305,"[Decimal('0.46845747800877924'), Decimal('0.31460591930254866')]",pupil.1,1,3d c++,1581666466.114381,0.46845747800877924,0.31460591930254866
"{'center': [Decimal('-1.3279810624681918'), 5.829436362064741, 81.10249199835864], 'normal': [-0.1143639827609877, 0.5990301810863172, -0.7925173320469013], 'radius': 2.286748426738664}",0.9958723251226216,8425.667006,4.573496853477328,"{'center': [149.8897372715916, Decimal('164.34309899912205')], 'axes': [Decimal('26.145405244202102'), 34.96804340246682], 'angle': -79.0370892661528}","[149.8897372715916, Decimal('164.34309899912205')]",34.96804340246682,"{'center': [Decimal('0.044386730663660674'), Decimal('-1.3589258109710656'), 90.61269998292146], 'radius': 12.0}","{'center': [Decimal('160.30370768133668'), Decimal('110.70181108210151')], 'axes': [Decimal('164.21539147166524'), Decimal('164.21539147166524')], 'angle': 90.0}",0.646010031861266,120,8281.920388,2.213085712252028,-1.7141117075619836,"[0.4684054289737237, 0.3152370875036581]",pupil.1,1,3d c++,1581666466.121889,0.4684054289737237,0.3152370875036581
"{'center': [Decimal('-1.3111160280720504'), 5.848211078383955, 81.1142901092027], 'normal': [Decimal('-0.11295856322797593'), 0.6005947407795851, -0.7915341561432294], 'radius': 2.272497874976684}",0.9957630405550453,8425.675406,4.544995749953368,"{'center': [150.0190219451537, 164.4827094080422], 'axes': [25.93756939317718, Decimal('34.745027717144495')], 'angle': -79.19726345074852}","[150.0190219451537, 164.4827094080422]",34.745027717144495,"{'center': [Decimal('0.044386730663660674'), Decimal('-1.3589258109710656'), 90.61269998292146], 'radius': 12.0}","{'center': [Decimal('160.30370768133668'), Decimal('110.70181108210151')], 'axes': [Decimal('164.21539147166524'), Decimal('164.21539147166524')], 'angle': 90.0}",0.6454653717834158,120,8281.920388,2.2150410690026856,-1.7125475983042304,"[0.4688094435786053, Decimal('0.31465537746649075')]",pupil.1,1,3d c++,1581666466.1294868,0.4688094435786053,0.31465537746649075
"{'center': [Decimal('-1.3336057976221125'), 5.826798363278529, 81.10131182537087], 'normal': [Decimal('-0.11483271069048111'), 0.5988103478541329, -0.7926156797958823], 'radius': 2.252888425690536}",0.9966647832065056,8425.683806,4.505776851381072,"{'center': [Decimal('149.84553731277308'), Decimal('164.33011352230466')], 'axes': [Decimal('25.762458893845654'), 34.4506204576692], 'angle': -78.98909012970961}","[Decimal('149.84553731277308'), Decimal('164.33011352230466')]",34.4506204576692,"{'center': [Decimal('0.044386730663660674'), Decimal('-1.3589258109710656'), 90.61269998292146], 'radius': 12.0}","{'center': [Decimal('160.30370768133668'), Decimal('110.70181108210151')], 'axes': [Decimal('164.21539147166524'), Decimal('164.21539147166524')], 'angle': 90.0}",0.6454133432087783,120,8281.920388,2.21281119819663,-1.7146734270087438,"[Decimal('0.46826730410241585'), Decimal('0.31529119365706393')]",pupil.1,1,3d c++,1581666466.1378188,0.46826730410241585,0.31529119365706393
"{'center': [-1.320485191815205, 5.839872181078495, 81.10930942455272], 'normal': [Decimal('-0.11373932687323882'), 0.5998998326707967, -0.7919492131973948], 'radius': Decimal('2.2794559184102714')}",0.9956577305018092,8425.692206,4.558911836820543,"{'center': [149.9473523528232, 164.4204519439153], 'axes': [Decimal('26.035987028191645'), 34.85357660365778], 'angle': -79.11153922691095}","[149.9473523528232, 164.4204519439153]",34.85357660365778,"{'center': [Decimal('0.044386730663660674'), Decimal('-1.3589258109710656'), 90.61269998292146], 'radius': 12.0}","{'center': [Decimal('160.30370768133668'), Decimal('110.70181108210151')], 'axes': [Decimal('164.21539147166524'), Decimal('164.21539147166524')], 'angle': 90.0}",0.6453888717158796,120,8281.920388,2.214172232304798,-1.7134403828867142,"[0.4685854761025725, 0.3149147835670195]",pupil.1,1,3d c++,1581666466.1458614,0.4685854761025725,0.3149147835670195
"{'center': [Decimal('-1.3328483155454494'), 5.838632587848737, 81.11015418071287], 'normal': [Decimal('-0.11476958718409251'), 0.5997965332349836, -0.791878816850715], 'radius': 2.282464529538753}",0.9957759944491885,8425.700606,4.564929059077506,"{'center': [149.8534305060257, 164.4099980023877], 'axes': [26.06704350506942, 34.89923285724399], 'angle': -79.01315126158163}","[149.8534305060257, 164.4099980023877]",34.89923285724399,"{'center': [Decimal('0.044386730663660674'), Decimal('-1.3589258109710656'), 90.61269998292146], 'radius': 12.0}","{'center': [Decimal('160.30370768133668'), Decimal('110.70181108210151')], 'axes': [Decimal('164.21539147166524'), Decimal('164.21539147166524')], 'angle': 90.0}",0.6454063283778289,120,8281.920388,2.214043126381609,-1.7147273929991793,"[0.4682919703313303, 0.3149583416567179]",pupil.1,1,3d c++,1581666466.154165,0.4682919703313303,0.3149583416567179
"{'center': [Decimal('-1.3245682984991907'), 5.82928922806691, 81.10188894070859], 'normal': [Decimal('-0.11407958576357095'), 0.5990179199198313, -0.7925675868510714], 'radius': 2.280507438508199}",0.9961360857055812,8425.709006,4.561014877016398,"{'center': [Decimal('149.91542525942378'), Decimal('164.34349369285005')], 'axes': [Decimal('26.076339626171723'), Decimal('34.872838301297456')], 'angle': -79.0635384548981}","[Decimal('149.91542525942378'), Decimal('164.34349369285005')]",34.872838301297456,"{'center': [Decimal('0.044386730663660674'), Decimal('-1.3589258109710656'), 90.61269998292146], 'radius': 12.0}","{'center': [Decimal('160.30370768133668'), Decimal('110.70181108210151')], 'axes': [Decimal('164.21539147166524'), Decimal('164.21539147166524')], 'angle': 90.0}",0.6459157736692922,120,8281.920388,2.213070399786314,-1.7137512152949643,"[0.4684857039356993, 0.3152354429464581]",pupil.1,1,3d c++,1581666466.1653726,0.4684857039356993,0.3152354429464581
"{'center': [Decimal('-1.3513370850702893'), Decimal('5.8292624600761105'), 81.10576018032604], 'normal': [Decimal('-0.11631031797782916'), 0.5990156892539313, -0.7922449835496177], 'radius': 2.287867469565781}",0.995968192424107,8425.717406,4.575734939131562,"{'center': [Decimal('149.71233174029803'), Decimal('164.33987591485368')], 'axes': [26.14548728704142, 34.98376030501294], 'angle': -78.85440721699308}","[Decimal('149.71233174029803'), Decimal('164.33987591485368')]",34.98376030501294,"{'center': [Decimal('0.044386730663660674'), Decimal('-1.3589258109710656'), 90.61269998292146], 'radius': 12.0}","{'center': [Decimal('160.30370768133668'), Decimal('110.70181108210151')], 'axes': [Decimal('164.21539147166524'), Decimal('164.21539147166524')], 'angle': 90.0}",0.645970205209967,120,8281.920388,2.2130676140184242,-1.7165660474313291,"[0.4678510366884313, 0.315250517021443]",pupil.1,1,3d c++,1581666466.173179,0.4678510366884313,0.315250517021443
"{'center': [Decimal('-1.3474274382162756'), 5.835252008506027, 81.10971840759211], 'normal': [Decimal('-0.11598451407332803'), 0.5995148182897577, -0.7919151312774448], 'radius': Decimal('2.2877583862559296')}",0.9966272451847825,8425.725806,4.575516772511859,"{'center': [149.7425713926599, Decimal('164.38346170900672')], 'axes': [26.12909334061987, 34.9803905445934], 'angle': -78.89420083263954}","[149.7425713926599, Decimal('164.38346170900672')]",34.9803905445934,"{'center': [Decimal('0.044386730663660674'), Decimal('-1.3589258109710656'), 90.61269998292146], 'radius': 12.0}","{'center': [Decimal('160.30370768133668'), Decimal('110.70181108210151')], 'axes': [Decimal('164.21539147166524'), Decimal('164.21539147166524')], 'angle': 90.0}",0.6460057703477018,120,8281.920388,2.213691096280979,-1.7162231580610177,"[0.4679455356020622, Decimal('0.31506890954580535')]",pupil.1,1,3d c++,1581666466.181998,0.4679455356020622,0.31506890954580535
"{'center': [Decimal('-1.3436391391519096'), 5.833310001514194, 81.10769455407886], 'normal': [Decimal('-0.11566882248463085'), 0.5993529843737716, -0.792083785736883], 'radius': 2.293273803881}",0.9962111328906323,8425.734206,4.586547607762,"{'center': [Decimal('149.77137540785898'), Decimal('164.36865121847973')], 'axes': [Decimal('26.199933104603854'), 35.06561864157536], 'angle': -78.92075711122668}","[Decimal('149.77137540785898'), Decimal('164.36865121847973')]",35.06561864157536,"{'center': [Decimal('0.044386730663660674'), Decimal('-1.3589258109710656'), 90.61269998292146], 'radius': 12.0}","{'center': [Decimal('160.30370768133668'), Decimal('110.70181108210151')], 'axes': [Decimal('164.21539147166524'), Decimal('164.21539147166524')], 'angle': 90.0}",0.6461133961846333,120,8281.920388,2.2134889111092293,-1.7158024134040242,"[Decimal('0.46803554814955933'), 0.3151306199230012]",pupil.1,1,3d c++,1581666466.189908,0.46803554814955933,0.3151306199230012
"{'center': [-1.343714717107482, 5.828576405933582, 81.104125628546], 'normal': [Decimal('-0.11567512064759522'), 0.5989585180753872, -0.7923811961979539], 'radius': Decimal('2.2892287150722765')}",0.996792443594647,8425.742606,4.578457430144553,"{'center': [Decimal('149.77022303507258'), Decimal('164.33523055271323')], 'axes': [Decimal('26.167386181374237'), Decimal('35.005282646022856')], 'angle': -78.9128534897029}","[Decimal('149.77022303507258'), Decimal('164.33523055271323')]",35.005282646022856,"{'center': [Decimal('0.044386730663660674'), Decimal('-1.3589258109710656'), 90.61269998292146], 'radius': 12.0}","{'center': [Decimal('160.30370768133668'), Decimal('110.70181108210151')], 'axes': [Decimal('164.21539147166524'), Decimal('164.21539147166524')], 'angle': 90.0}",0.6464334260389615,120,8281.920388,2.212996217753074,-1.7157565290350012,"[0.4680319469846018, 0.3152698726970282]",pupil.1,1,3d c++,1581666466.198142,0.4680319469846018,0.3152698726970282
"{'center': [Decimal('-1.3586640488715984'), 5.827883271162804, 81.10579597967184], 'normal': [Decimal('-0.11692089829460493'), 0.5989007568444892, -0.7922420002708015], 'radius': 2.303909376486136}",0.9965715630380526,8425.751006,4.607818752972272,"{'center': [Decimal('149.65714853874218'), Decimal('164.32624610314065')], 'axes': [Decimal('26.328724513695636'), 35.22911626861188], 'angle': -78.79507444208514}","[Decimal('149.65714853874218'), Decimal('164.32624610314065')]",35.22911626861188,"{'center': [Decimal('0.044386730663660674'), Decimal('-1.3589258109710656'), 90.61269998292146], 'radius': 12.0}","{'center': [Decimal('160.30370768133668'), Decimal('110.70181108210151')], 'axes': [Decimal('164.21539147166524'), Decimal('164.21539147166524')], 'angle': 90.0}",0.6467961684674339,120,8281.920388,2.2129240884928154,-1.7173209432594314,"[0.4676785891835693, Decimal('0.31530730790358064')]",pupil.1,1,3d c++,1581666466.205487,0.4676785891835693,0.31530730790358064
"{'center': [Decimal('-1.3505442914564314'), 5.837970493355609, 81.11223415074795], 'normal': [-0.116244251843341, 0.5997413586938896, -0.791705486014458], 'radius': Decimal('2.3033922304417827')}",0.9956979936111447,8425.759405,4.606784460883565,"{'center': [149.7197244228714, Decimal('164.39983054361858')], 'axes': [Decimal('26.298022336964973'), Decimal('35.218420026737355')], 'angle': -78.87410083576906}","[149.7197244228714, Decimal('164.39983054361858')]",35.218420026737355,"{'center': [Decimal('0.044386730663660674'), Decimal('-1.3589258109710656'), 90.61269998292146], 'radius': 12.0}","{'center': [Decimal('160.30370768133668'), Decimal('110.70181108210151')], 'axes': [Decimal('164.21539147166524'), Decimal('164.21539147166524')], 'angle': 90.0}",0.6468759147640002,120,8281.920388,2.2139741731368923,-1.7165822919038025,"[0.4678741388214731, 0.3150007060682559]",pupil.1,1,3d c++,1581666466.214598,0.4678741388214731,0.3150007060682559
"{'center': [Decimal('-1.3487499694241254'), Decimal('5.8324626775148785'), 81.10780115428891], 'normal': [-0.1160947250073155, 0.5992823740404953, -0.7920749023860456], 'radius': 2.294787946177326}",0.9969075984303439,8425.767805,4.589575892354652,"{'center': [Decimal('149.73253203283662'), 164.3618516316324], 'axes': [Decimal('26.216791078293575'), Decimal('35.088732730196234')], 'angle': -78.87956278312568}","[Decimal('149.73253203283662'), 164.3618516316324]",35.088732730196234,"{'center': [Decimal('0.044386730663660674'), Decimal('-1.3589258109710656'), 90.61269998292146], 'radius': 12.0}","{'center': [Decimal('160.30370768133668'), Decimal('110.70181108210151')], 'axes': [Decimal('164.21539147166524'), Decimal('164.21539147166524')], 'angle': 90.0}",0.6470374451270633,120,8281.920388,2.2134007045660464,-1.7163304539049529,"[0.4679141626026144, Decimal('0.31515895153486506')]",pupil.1,1,3d c++,1581666466.222086,0.4679141626026144,0.31515895153486506
"{'center': [Decimal('-1.3459909396687555'), 5.837220284326445, 81.11099848745364], 'normal': [Decimal('-0.11586480586103468'), 0.5996788412747925, -0.7918084579556516], 'radius': 2.29909214932162}",0.9961282278881247,8425.776205,4.59818429864324,"{'center': [Decimal('149.75408142342852'), Decimal('164.39559158899857')], 'axes': [Decimal('26.253695901107093'), 35.15318549851738], 'angle': -78.90844751364028}","[Decimal('149.75408142342852'), Decimal('164.39559158899857')]",35.15318549851738,"{'center': [Decimal('0.044386730663660674'), Decimal('-1.3589258109710656'), 90.61269998292146], 'radius': 12.0}","{'center': [Decimal('160.30370768133668'), Decimal('110.70181108210151')], 'axes': [Decimal('164.21539147166524'), Decimal('164.21539147166524')], 'angle': 90.0}",0.6469664448863099,120,8281.920388,2.2138960475880154,-1.7160944642303608,"[0.4679815044482141, Decimal('0.31501836837917263')]",pupil.1,1,3d c++,1581666466.235134,0.4679815044482141,0.31501836837917263
"{'center': [-1.354420313965856, 5.834211247610609, 81.10995732049216], 'normal': [Decimal('-0.11656725371912638'), 0.5994280882151396, -0.7918952218691079], 'radius': Decimal('2.3097131691590875')}",0.9960149760642817,8425.784605,4.619426338318175,"{'center': [Decimal('149.69017810484254'), Decimal('164.37115179303814')], 'axes': [Decimal('26.379014285397897'), 35.31608330155417], 'angle': -78.83804156127549}","[Decimal('149.69017810484254'), Decimal('164.37115179303814')]",35.31608330155417,"{'center': [Decimal('0.044386730663660674'), Decimal('-1.3589258109710656'), 90.61269998292146], 'radius': 12.0}","{'center': [Decimal('160.30370768133668'), Decimal('110.70181108210151')], 'axes': [Decimal('164.21539147166524'), Decimal('164.21539147166524')], 'angle': 90.0}",0.646962711494059,120,8281.920388,2.213582737343846,-1.7169471121227728,"[Decimal('0.46778180657763296'), Decimal('0.31512020086234105')]",pupil.1,1,3d c++,1581666466.23959,0.46778180657763296,0.31512020086234105
"{'center': [-1.340380538774841, 5.836571393446299, 81.10968785040717], 'normal': [Decimal('-0.11539727245320848'), 0.5996247670347804, -0.7919176777095238], 'radius': Decimal('2.3082253913032473')}",0.9968778000103931,8425.793005,4.616450782606495,"{'center': [Decimal('149.79697649691354'), 164.3895487276718], 'axes': [Decimal('26.363167839540818'), 35.29344218807293], 'angle': -78.95121188617897}","[Decimal('149.79697649691354'), 164.3895487276718]",35.29344218807293,"{'center': [Decimal('0.044386730663660674'), Decimal('-1.3589258109710656'), 90.61269998292146], 'radius': 12.0}","{'center': [Decimal('160.30370768133668'), Decimal('110.70181108210151')], 'axes': [Decimal('164.21539147166524'), Decimal('164.21539147166524')], 'angle': 90.0}",0.6471771071831722,120,8281.920388,2.213828476835333,-1.7154966486987635,"[Decimal('0.46811555155285484'), Decimal('0.31504354696803416')]",pupil.1,1,3d c++,1581666466.2522118,0.46811555155285484,0.31504354696803416
"{'center': [Decimal('-1.3451649289483183'), 5.838231520381916, 81.11164359254983], 'normal': [Decimal('-0.11579597163433158'), 0.5997631109460818, -0.791754699197636], 'radius': 2.298787966305616}",0.9972960767574967,8425.801405,4.597575932611232,"{'center': [Decimal('149.76043610420626'), Decimal('164.40301709566168')], 'axes': [26.24774170341078, 35.14825453084589], 'angle': -78.91645114597031}","[Decimal('149.76043610420626'), Decimal('164.40301709566168')]",35.14825453084589,"{'center': [Decimal('0.044386730663660674'), Decimal('-1.3589258109710656'), 90.61269998292146], 'radius': 12.0}","{'center': [Decimal('160.30370768133668'), Decimal('110.70181108210151')], 'axes': [Decimal('164.21539147166524'), Decimal('164.21539147166524')], 'angle': 90.0}",0.6473487675813794,120,8281.920388,2.214001357139875,-1.7160190743267079,"[0.4680013628256446, 0.3149874287680763]",pupil.1,1,3d c++,1581666466.25833,0.4680013628256446,0.3149874287680763
"{'center': [Decimal('-1.3398417244893104'), 5.82724344629928, 81.10255366491944], 'normal': [-0.1153523712627476, 0.5988474381058622, -0.792512193166835], 'radius': Decimal('2.2986082800823313')}",0.996310750217702,8425.809805,4.597216560164663,"{'center': [149.799870818386, Decimal('164.32407250369062')], 'axes': [26.28075316940554, Decimal('35.149429097969346')], 'angle': -78.94104490310997}","[149.799870818386, Decimal('164.32407250369062')]",35.149429097969346,"{'center': [Decimal('0.044386730663660674'), Decimal('-1.3589258109710656'), 90.61269998292146], 'radius': 12.0}","{'center': [Decimal('160.30370768133668'), Decimal('110.70181108210151')], 'axes': [Decimal('164.21539147166524'), Decimal('164.21539147166524')], 'angle': 90.0}",0.6470814808820835,120,8281.920388,2.2128575102421637,-1.7153341257690433,"[0.4681245963074563, Decimal('0.31531636456795575')]",pupil.1,1,3d c++,1581666466.2675068,0.4681245963074563,0.31531636456795575
"{'center': [Decimal('-1.3523886502136466'), Decimal('5.8330340566328935'), 81.10876754428591], 'normal': [Decimal('-0.11639794840644228'), 0.5993299889669966, -0.7919943698862958], 'radius': Decimal('2.3096231399740774')}",0.9962296807097729,8425.818205,4.619246279948155,"{'center': [149.7054986263542, Decimal('164.36281942177106')], 'axes': [Decimal('26.382607394453288'), 35.31522193677787], 'angle': -78.85205891312073}","[149.7054986263542, Decimal('164.36281942177106')]",35.31522193677787,"{'center': [Decimal('0.044386730663660674'), Decimal('-1.3589258109710656'), 90.61269998292146], 'radius': 12.0}","{'center': [Decimal('160.30370768133668'), Decimal('110.70181108210151')], 'axes': [Decimal('164.21539147166524'), Decimal('164.21539147166524')], 'angle': 90.0}",0.6470263248111285,120,8281.920388,2.2134601845700694,-1.716719830543755,"[Decimal('0.46782968320735685'), Decimal('0.31515491907595394')]",pupil.1,1,3d c++,1581666466.282264,0.46782968320735685,0.31515491907595394
"{'center': [-1.337052464330434, 5.827345232933034, 81.10222500876378], 'normal': [Decimal('-0.11511993291617456'), 0.5988559203253416, -0.7925395811798068], 'radius': 2.313337147290901}",0.9974359074611734,8425.826605,4.626674294581802,"{'center': [Decimal('149.82161441246382'), Decimal('164.32214698038186')], 'axes': [26.45055183370326, 35.374867479139], 'angle': -78.96299233701447}","[Decimal('149.82161441246382'), Decimal('164.32214698038186')]",35.374867479139,"{'center': [Decimal('0.044386730663660674'), Decimal('-1.3589258109710656'), 90.61269998292146], 'radius': 12.0}","{'center': [Decimal('160.30370768133668'), Decimal('110.70181108210151')], 'axes': [Decimal('164.21539147166524'), Decimal('164.21539147166524')], 'angle': 90.0}",0.6472642741405799,120,8281.920388,2.2128681016313756,-1.7150419893247661,"[0.4681925450389494, 0.3153243875817423]",pupil.1,1,3d c++,1581666466.2850866,0.4681925450389494,0.3153243875817423
"{'center': [Decimal('-1.3268872335432205'), 5.833314133297973, 81.10526645440551], 'normal': [Decimal('-0.11427283035057344'), 0.5993533286890865, -0.7922861273763291], 'radius': Decimal('2.3213633800543887')}",0.9971968300516926,8425.835005,4.642726760108777,"{'center': [Decimal('149.89966468458888'), Decimal('164.36445552007422')], 'axes': [26.53062472025644, Decimal('35.496311904145024')], 'angle': -79.05155804261855}","[Decimal('149.89966468458888'), Decimal('164.36445552007422')]",35.496311904145024,"{'center': [Decimal('0.044386730663660674'), Decimal('-1.3589258109710656'), 90.61269998292146], 'radius': 12.0}","{'center': [Decimal('160.30370768133668'), Decimal('110.70181108210151')], 'axes': [Decimal('164.21539147166524'), Decimal('164.21539147166524')], 'angle': 90.0}",0.6472304169705789,120,8281.920388,2.2134893412427528,-1.7140402557992078,"[Decimal('0.46843645213934026'), 0.3151481019996908]",pupil.1,1,3d c++,1581666466.289675,0.46843645213934026,0.3151481019996908
"{'center': [Decimal('-1.3337445685049152'), 5.828286158989254, 81.10245612584234], 'normal': [Decimal('-0.11484427493071465'), 0.5989343308300267, -0.7925203214232595], 'radius': 2.295262954747714}",0.9967031683222966,8425.843405,4.590525909495428,"{'center': [149.8461600698428, 164.3327111879489], 'axes': [Decimal('26.242905958173164'), 35.09829937787392], 'angle': -78.99028739383787}","[149.8461600698428, 164.3327111879489]",35.09829937787392,"{'center': [Decimal('0.044386730663660674'), Decimal('-1.3589258109710656'), 90.61269998292146], 'radius': 12.0}","{'center': [Decimal('160.30370768133668'), Decimal('110.70181108210151')], 'axes': [Decimal('164.21539147166524'), Decimal('164.21539147166524')], 'angle': 90.0}",0.6470334672287636,120,8281.920388,2.212966013489053,-1.7147047924075896,"[0.4682692502182587, 0.3152803700502129]",pupil.1,1,3d c++,1581666466.2973828,0.4682692502182587,0.3152803700502129
"{'center': [-1.329533219980137, 5.827495260252015, 81.1012491915698], 'normal': [Decimal('-0.11449332922031648'), 0.5988684226019234, -0.7926208992793038], 'radius': 2.323143054808218}",0.9966167354789358,8425.851805,4.646286109616436,"{'center': [Decimal('149.87911087291025'), Decimal('164.32186979255266')], 'axes': [26.56660122759256, 35.52528656418008], 'angle': -79.02198356109069}","[Decimal('149.87911087291025'), Decimal('164.32186979255266')]",35.52528656418008,"{'center': [Decimal('0.044386730663660674'), Decimal('-1.3589258109710656'), 90.61269998292146], 'radius': 12.0}","{'center': [Decimal('160.30370768133668'), Decimal('110.70181108210151')], 'axes': [Decimal('164.21539147166524'), Decimal('164.21539147166524')], 'angle': 90.0}",0.6471650990356514,120,8281.920388,2.2128837128490404,-1.7142530932551059,"[0.4683722214778445, 0.3153255425310306]",pupil.1,1,3d c++,1581666466.3055801,0.4683722214778445,0.3153255425310306
"{'center': [-1.329829871329795, 5.819239983126082, 81.09506032997918], 'normal': [-0.1145180501661213, 0.598180482841429, -0.7931366377451899], 'radius': Decimal('2.3296540683735185')}",0.9963594899739314,8425.860205,4.659308136747037,"{'center': [Decimal('149.87636185949378'), Decimal('164.26091317397464')], 'axes': [Decimal('26.665277605974854'), Decimal('35.627590778786306')], 'angle': -79.00700104387982}","[Decimal('149.87636185949378'), Decimal('164.26091317397464')]",35.627590778786306,"{'center': [Decimal('0.044386730663660674'), Decimal('-1.3589258109710656'), 90.61269998292146], 'radius': 12.0}","{'center': [Decimal('160.30370768133668'), Decimal('110.70181108210151')], 'axes': [Decimal('164.21539147166524'), Decimal('164.21539147166524')], 'angle': 90.0}",0.647718638319994,120,8281.920388,2.212024973714384,-1.7141916158027988,"[0.4683636308109181, 0.3155795284417723]",pupil.1,1,3d c++,1581666466.313144,0.4683636308109181,0.3155795284417723
"{'center': [Decimal('-1.3257315435515575'), 5.803405702950739, 81.08254871448169], 'normal': [-0.1141765228512682, 0.5968609594934837, -0.7941792723699805], 'radius': 2.34098547324491}",0.9961056522509468,8425.868605,4.68197094648982,"{'center': [149.9065122651641, 164.1445168666271], 'axes': [Decimal('26.844221366176352'), 35.80643750385083], 'angle': -79.0147703320695}","[149.9065122651641, 164.1445168666271]",35.80643750385083,"{'center': [Decimal('0.044386730663660674'), Decimal('-1.3589258109710656'), 90.61269998292146], 'radius': 12.0}","{'center': [Decimal('160.30370768133668'), Decimal('110.70181108210151')], 'axes': [Decimal('164.21539147166524'), Decimal('164.21539147166524')], 'angle': 90.0}",0.6475213414815939,120,8281.920388,2.2103793816033774,-1.7135846209095764,"[Decimal('0.46845785082863783'), Decimal('0.31606451305572036')]",pupil.1,1,3d c++,1581666466.321236,0.46845785082863783,0.31606451305572036
"{'center': [Decimal('-1.3162496100161403'), 5.817455681262629, 81.09176423971076], 'normal': [Decimal('-0.11338636172331674'), 0.5980317910194746, -0.7934113119342253], 'radius': Decimal('2.3280114923517505')}",0.9972258473354922,8425.877005,4.656022984703501,"{'center': [Decimal('149.97931337068002'), Decimal('164.24934076045764')], 'axes': [26.6594426521331, Decimal('35.603901907606726')], 'angle': -79.11058745753157}","[Decimal('149.97931337068002'), Decimal('164.24934076045764')]",35.603901907606726,"{'center': [Decimal('0.044386730663660674'), Decimal('-1.3589258109710656'), 90.61269998292146], 'radius': 12.0}","{'center': [Decimal('160.30370768133668'), Decimal('110.70181108210151')], 'axes': [Decimal('164.21539147166524'), Decimal('164.21539147166524')], 'angle': 90.0}",0.6484339305061204,120,8281.920388,2.211839437544175,-1.7127451206596243,"[Decimal('0.46868535428337504'), Decimal('0.31562774683142647')]",pupil.1,1,3d c++,1581666466.334222,0.46868535428337504,0.31562774683142647
"{'center': [Decimal('-1.3193365823423344'), Decimal('5.8087259198485555'), 81.08563184045273], 'normal': [Decimal('-0.11364360941716627'), 0.597304310901635, -0.7939223452057269], 'radius': 2.338401178936246}",0.9965143715793607,8425.885404,4.676802357872492,"{'center': [Decimal('149.95547357400483'), 164.1839620348731], 'axes': [Decimal('26.802524253230466'), 35.76554177967344], 'angle': -79.07307682311169}","[Decimal('149.95547357400483'), 164.1839620348731]",35.76554177967344,"{'center': [Decimal('0.044386730663660674'), Decimal('-1.3589258109710656'), 90.61269998292146], 'radius': 12.0}","{'center': [Decimal('160.30370768133668'), Decimal('110.70181108210151')], 'axes': [Decimal('164.21539147166524'), Decimal('164.21539147166524')], 'angle': 90.0}",0.6487703810458378,120,8281.920388,2.2109320650033695,-1.71297250196934,"[0.4686108549187651, Decimal('0.31590015818802875')]",pupil.1,1,3d c++,1581666466.3415098,0.4686108549187651,0.31590015818802875
"{'center': [Decimal('-1.3157694380141365'), 5.809403192027983, 81.08563146728821], 'normal': [Decimal('-0.11334634738981643'), 0.5973607502499207, -0.7939223763027711], 'radius': 2.329390865982671}",0.9975333974673316,8425.893804,4.658781731965342,"{'center': [Decimal('149.98230211523202'), Decimal('164.19089625193646')], 'axes': [Decimal('26.699215644627582'), 35.62768759712103], 'angle': -79.10208052796864}","[Decimal('149.98230211523202'), Decimal('164.19089625193646')]",35.62768759712103,"{'center': [Decimal('0.044386730663660674'), Decimal('-1.3589258109710656'), 90.61269998292146], 'radius': 12.0}","{'center': [Decimal('160.30370768133668'), Decimal('110.70181108210151')], 'axes': [Decimal('164.21539147166524'), Decimal('164.21539147166524')], 'angle': 90.0}",0.6490989848046858,120,8281.920388,2.2110024388110134,-1.7126055729221306,"[Decimal('0.46869469411010006'), Decimal('0.31587126561693135')]",pupil.1,1,3d c++,1581666466.3495748,0.46869469411010006,0.31587126561693135
"{'center': [Decimal('-1.3170897643262198'), 5.811889274635788, 81.0876911765411], 'normal': [Decimal('-0.11345637458249004'), 0.5975679238005711, -0.7937507338650293], 'radius': 2.336084557770132}",0.9973795330566344,8425.902204,4.672169115540264,"{'center': [Decimal('149.97273733794165'), Decimal('164.20745253199044')], 'axes': [Decimal('26.767902477890473'), 35.72919432752025], 'angle': -79.09552140723456}","[Decimal('149.97273733794165'), Decimal('164.20745253199044')]",35.72919432752025,"{'center': [Decimal('0.044386730663660674'), Decimal('-1.3589258109710656'), 90.61269998292146], 'radius': 12.0}","{'center': [Decimal('160.30370768133668'), Decimal('110.70181108210151')], 'axes': [Decimal('164.21539147166524'), Decimal('164.21539147166524')], 'angle': 90.0}",0.6495064136735174,120,8281.920388,2.2112607936172513,-1.712771672545018,"[Decimal('0.46866480418106765'), 0.3158022811167065]",pupil.1,1,3d c++,1581666466.357808,0.46866480418106765,0.3158022811167065
"{'center': [-1.303945073471036, 5.807230527328246, 81.08231674398445], 'normal': [-0.1123609836778914, 0.5971796948582759, -0.7941986032447508], 'radius': 2.320906636294069}",0.9967619143238026,8425.910604,4.641813272588138,"{'center': [Decimal('150.07164633168884'), Decimal('164.17771597518862')], 'axes': [Decimal('26.614912116096164'), 35.49932646288541], 'angle': -79.19153772172635}","[Decimal('150.07164633168884'), Decimal('164.17771597518862')]",35.49932646288541,"{'center': [Decimal('0.044386730663660674'), Decimal('-1.3589258109710656'), 90.61269998292146], 'radius': 12.0}","{'center': [Decimal('160.30370768133668'), Decimal('110.70181108210151')], 'axes': [Decimal('164.21539147166524'), Decimal('164.21539147166524')], 'angle': 90.0}",0.6493709548106574,120,8281.920388,2.2107766952373384,-1.7113407633906748,"[0.4689738947865276, 0.3159261834367141]",pupil.1,1,3d c++,1581666466.365773,0.4689738947865276,0.3159261834367141
"{'center': [-1.304331038266953, 5.803636452439433, 81.07966991884746], 'normal': [Decimal('-0.11239314741088448'), 0.5968801886175416, -0.7944191720061664], 'radius': 2.321116389603751}",0.996836985158544,8425.919004,4.642232779207502,"{'center': [150.0684073087517, Decimal('164.15165981380443')], 'axes': [Decimal('26.627624906343552'), Decimal('35.503690114089935')], 'angle': -79.183064138463}","[150.0684073087517, Decimal('164.15165981380443')]",35.503690114089935,"{'center': [Decimal('0.044386730663660674'), Decimal('-1.3589258109710656'), 90.61269998292146], 'radius': 12.0}","{'center': [Decimal('160.30370768133668'), Decimal('110.70181108210151')], 'axes': [Decimal('164.21539147166524'), Decimal('164.21539147166524')], 'angle': 90.0}",0.6496778267364722,120,8281.920388,2.210403347980686,-1.711341945991352,"[0.468963772839849, 0.3160347507758149]",pupil.1,1,3d c++,1581666466.3733966,0.468963772839849,0.3160347507758149
"{'center': [Decimal('-1.3126670293662208'), 5.813447958308327, 81.08823361434511], 'normal': [Decimal('-0.11308781333582346'), 0.597697814106616, -0.7937055307146946], 'radius': Decimal('2.3348927825542822')}",0.9969201726632827,8425.927404,4.6697855651085645,"{'center': [150.0064329213875, Decimal('164.21927830507514')], 'axes': [Decimal('26.752148786389817'), 35.71072243585439], 'angle': -79.13256039713323}","[150.0064329213875, Decimal('164.21927830507514')]",35.71072243585439,"{'center': [Decimal('0.044386730663660674'), Decimal('-1.3589258109710656'), 90.61269998292146], 'radius': 12.0}","{'center': [Decimal('160.30370768133668'), Decimal('110.70181108210151')], 'axes': [Decimal('164.21539147166524'), Decimal('164.21539147166524')], 'angle': 90.0}",0.649905762594094,120,8281.920388,2.211422798087989,-1.7123245637089906,"[Decimal('0.46877010287933596'), 0.3157530070621869]",pupil.1,1,3d c++,1581666466.381816,0.46877010287933596,0.3157530070621869
"{'center': [Decimal('-1.2995497117952686'), Decimal('5.7973404294067965'), 81.07426780905458], 'normal': [-0.1119947035382441, 0.5963555200314885, -0.7948693478222404], 'radius': Decimal('2.3318798861026724')}",0.9968327006930687,8425.935804,4.663759772205345,"{'center': [Decimal('150.10458694178482'), Decimal('164.10435855316274')], 'axes': [Decimal('26.772357148068657'), 35.67074439542642], 'angle': -79.2110912847215}","[Decimal('150.10458694178482'), Decimal('164.10435855316274')]",35.67074439542642,"{'center': [Decimal('0.044386730663660674'), Decimal('-1.3589258109710656'), 90.61269998292146], 'radius': 12.0}","{'center': [Decimal('160.30370768133668'), Decimal('110.70181108210151')], 'axes': [Decimal('164.21539147166524'), Decimal('164.21539147166524')], 'angle': 90.0}",0.6499331275841014,120,8281.920388,2.209749576071758,-1.710771912821014,"[Decimal('0.46907683419307755'), Decimal('0.31623183936182186')]",pupil.1,1,3d c++,1581666466.3906882,0.46907683419307755,0.31623183936182186
"{'center': [-1.284484756619106, 5.802622106075322, 81.07612135103594], 'normal': [Decimal('-0.11073929060689723'), 0.5967956597538656, -0.7947148859904597], 'radius': Decimal('2.3204408314348206')}",0.9969855923708386,8425.944204,4.640881662869641,"{'center': [Decimal('150.21911567596862'), Decimal('164.14588366089572')], 'axes': [26.63384374462436, Decimal('35.494897465192004')], 'angle': -79.33745970579822}","[Decimal('150.21911567596862'), Decimal('164.14588366089572')]",35.494897465192004,"{'center': [Decimal('0.044386730663660674'), Decimal('-1.3589258109710656'), 90.61269998292146], 'radius': 12.0}","{'center': [Decimal('160.30370768133668'), Decimal('110.70181108210151')], 'axes': [Decimal('164.21539147166524'), Decimal('164.21539147166524')], 'angle': 90.0}",0.6501877094547304,120,8281.920388,2.2102979979234703,-1.709249486813838,"[Decimal('0.46943473648740197'), 0.3160588180796011]",pupil.1,1,3d c++,1581666466.397584,0.46943473648740197,0.3160588180796011
"{'center': [Decimal('-1.3004938432728619'), 5.808981722347594, 81.0831460670426], 'normal': [Decimal('-0.11207338116137688'), 0.597325627776555, -0.7941294929899035], 'radius': 2.338523558353092}",0.9970305200279166,8425.952604,4.677047116706184,"{'center': [Decimal('150.09866779029105'), 164.1871576703708], 'axes': [Decimal('26.813830354528307'), 35.76850282953406], 'angle': -79.22126844554012}","[Decimal('150.09866779029105'), 164.1871576703708]",35.76850282953406,"{'center': [Decimal('0.044386730663660674'), Decimal('-1.3589258109710656'), 90.61269998292146], 'radius': 12.0}","{'center': [Decimal('160.30370768133668'), Decimal('110.70181108210151')], 'axes': [Decimal('164.21539147166524'), Decimal('164.21539147166524')], 'angle': 90.0}",0.650492560970628,120,8281.920388,2.210958644424198,-1.7109977633701798,"[Decimal('0.46905833684465953'), 0.3158868430401217]",pupil.1,1,3d c++,1581666466.405471,0.46905833684465953,0.3158868430401217
"{'center': [Decimal('-1.3004236488553522'), 5.80008087108048, 81.07644765983986], 'normal': [Decimal('-0.11206753162658442'), 0.5965838901709621, -0.7946876935901335], 'radius': Decimal('2.3407411811968006')}",0.9974516528688795,8425.961004,4.681482362393601,"{'center': [Decimal('150.09850861643903'), 164.1223647582945], 'axes': [Decimal('26.865585295555025'), Decimal('35.805378450056914')], 'angle': -79.20836887156919}","[Decimal('150.09850861643903'), 164.1223647582945]",35.805378450056914,"{'center': [Decimal('0.044386730663660674'), Decimal('-1.3589258109710656'), 90.61269998292146], 'radius': 12.0}","{'center': [Decimal('160.30370768133668'), Decimal('110.70181108210151')], 'axes': [Decimal('164.21539147166524'), Decimal('164.21539147166524')], 'angle': 90.0}",0.6513698868766737,120,8281.920388,2.210034101383451,-1.7108933506186235,"[Decimal('0.46905783942637197'), 0.3161568135071062]",pupil.1,1,3d c++,1581666466.417744,0.46905783942637197,0.3161568135071062
"{'center': [-1.292685105582042, 5.790561195828952, 81.06822124155919], 'normal': [Decimal('-0.11142265302047523'), 0.5957905839000014, -0.7953732284468559], 'radius': Decimal('2.3429685611109097')}",0.9955528265875142,8425.969404,4.685937122221819,"{'center': [Decimal('150.15657452112828'), Decimal('164.05362617511037')], 'axes': [Decimal('26.923580618429956'), 35.84308086645027], 'angle': -79.25484013725354}","[Decimal('150.15657452112828'), Decimal('164.05362617511037')]",35.84308086645027,"{'center': [Decimal('0.044386730663660674'), Decimal('-1.3589258109710656'), 90.61269998292146], 'radius': 12.0}","{'center': [Decimal('160.30370768133668'), Decimal('110.70181108210151')], 'axes': [Decimal('164.21539147166524'), Decimal('164.21539147166524')], 'angle': 90.0}",0.6514760538859687,120,8281.920388,2.209045982960251,-1.7099790789227431,"[0.4692392953785259, 0.3164432242703735]",pupil.1,1,3d c++,1581666466.426209,0.4692392953785259,0.3164432242703735
"{'center': [-1.293322552369518, 5.793254941637312, 81.07032898006764], 'normal': [Decimal('-0.11147577358609823'), 0.5960150627173648, -0.7951975835711504], 'radius': Decimal('2.3426491653963604')}",0.9972517216478943,8425.977804,4.685298330792721,"{'center': [Decimal('150.15195066784338'), Decimal('164.07312900953838')], 'axes': [Decimal('26.911613524202135'), 35.83726536688332], 'angle': -79.2538878579294}","[Decimal('150.15195066784338'), Decimal('164.07312900953838')]",35.83726536688332,"{'center': [Decimal('0.044386730663660674'), Decimal('-1.3589258109710656'), 90.61269998292146], 'radius': 12.0}","{'center': [Decimal('160.30370768133668'), Decimal('110.70181108210151')], 'axes': [Decimal('164.21539147166524'), Decimal('164.21539147166524')], 'angle': 90.0}",0.6520674445588903,120,8281.920388,2.2093255134850143,-1.7100749410923952,"[0.4692248458370106, 0.3163619624602567]",pupil.1,1,3d c++,1581666466.434692,0.4692248458370106,0.3163619624602567
"{'center': [Decimal('-1.2989648537209377'), 5.791171754496485, 81.06956049295138], 'normal': [-0.1119459653653832, 0.5958414637889625, -0.7952616241641732], 'radius': Decimal('2.3478512712952293')}",0.996883551673514,8425.986204,4.695702542590459,"{'center': [Decimal('150.10908318232003'), 164.056625190231], 'axes': [Decimal('26.974394934964128'), 35.91721049505721], 'angle': -79.20634856504914}","[Decimal('150.10908318232003'), 164.056625190231]",35.91721049505721,"{'center': [Decimal('0.044386730663660674'), Decimal('-1.3589258109710656'), 90.61269998292146], 'radius': 12.0}","{'center': [Decimal('160.30370768133668'), Decimal('110.70181108210151')], 'axes': [Decimal('164.21539147166524'), Decimal('164.21539147166524')], 'angle': 90.0}",0.6521204697066074,120,8281.920388,2.2091093356704135,-1.7106436707624362,"[0.4690908849447501, 0.3164307283740375]",pupil.1,1,3d c++,1581666466.441374,0.4690908849447501,0.3164307283740375
"{'center': [Decimal('-1.2936488480417878'), 5.781496797281408, 81.06157304597441], 'normal': [-0.1115029648921207, 0.5950352173543728, -0.7959272447455865], 'radius': 2.342010884104403}",0.9954650984202391,8425.994604,4.684021768208806,"{'center': [Decimal('150.14843428154762'), Decimal('163.98816849955523')], 'axes': [Decimal('26.938705952535617'), 35.83135230323026], 'angle': -79.23355263486977}","[Decimal('150.14843428154762'), Decimal('163.98816849955523')]",35.83135230323026,"{'center': [Decimal('0.044386730663660674'), Decimal('-1.3589258109710656'), 90.61269998292146], 'radius': 12.0}","{'center': [Decimal('160.30370768133668'), Decimal('110.70181108210151')], 'axes': [Decimal('164.21539147166524'), Decimal('164.21539147166524')], 'angle': 90.0}",0.6518833289104298,120,8281.920388,2.208105793834742,-1.7099824065800453,"[0.4692138571298363, 0.3167159645851866]",pupil.1,1,3d c++,1581666466.450161,0.4692138571298363,0.3167159645851866
"{'center': [Decimal('-1.2830009918812433'), 5.786533235735227, 81.06385414450307], 'normal': [Decimal('-0.11061564354540866'), 0.5954549205588577, -0.7957371532015326], 'radius': Decimal('2.3456409258305086')}",0.9972733347934618,8426.003004,4.691281851661017,"{'center': [Decimal('150.22992633327442'), Decimal('164.02464644122722')], 'axes': [26.97158395646384, 35.88589918492065], 'angle': -79.32503836728957}","[Decimal('150.22992633327442'), Decimal('164.02464644122722')]",35.88589918492065,"{'center': [Decimal('0.044386730663660674'), Decimal('-1.3589258109710656'), 90.61269998292146], 'radius': 12.0}","{'center': [Decimal('160.30370768133668'), Decimal('110.70181108210151')], 'axes': [Decimal('164.21539147166524'), Decimal('164.21539147166524')], 'angle': 90.0}",0.6520621349671019,120,8281.920388,2.2086281088592146,-1.7089214411158826,"[0.4694685197914826, Decimal('0.31656397316155327')]",pupil.1,1,3d c++,1581666466.4594948,0.4694685197914826,0.31656397316155327
"{'center': [-1.276370785717322, 5.784261170424578, 81.06123520877593], 'normal': [Decimal('-0.11006312636508189'), 0.5952655817829703, -0.7959553978454609], 'radius': Decimal('2.3349840081817725')}",0.9969951956112844,8426.011403,4.669968016363545,"{'center': [150.2797405227568, Decimal('164.01078456418625')], 'axes': [26.85929033794315, 35.72395781826274], 'angle': -79.3738924489798}","[150.2797405227568, Decimal('164.01078456418625')]",35.72395781826274,"{'center': [Decimal('0.044386730663660674'), Decimal('-1.3589258109710656'), 90.61269998292146], 'radius': 12.0}","{'center': [Decimal('160.30370768133668'), Decimal('110.70181108210151')], 'axes': [Decimal('164.21539147166524'), Decimal('164.21539147166524')], 'angle': 90.0}",0.6524605896974345,120,8281.920388,2.208392454264017,-1.7082029800763485,"[Decimal('0.46962418913361503'), 0.3166217309825573]",pupil.1,1,3d c++,1581666466.465311,0.46962418913361503,0.3166217309825573
"{'center': [-1.271927492642375, 5.78791303461764, 81.0633538597198], 'normal': [Decimal('-0.10969285194216964'), 0.5955699037990588, -0.7957788436001381], 'radius': 2.333532087722526}",0.9966058056961132,8426.019803,4.667064175445052,"{'center': [150.3137716356959, Decimal('164.03780543844272')], 'axes': [Decimal('26.834310401473033'), 35.70080740768228], 'angle': -79.41436373917173}","[150.3137716356959, Decimal('164.03780543844272')]",35.70080740768228,"{'center': [Decimal('0.044386730663660674'), Decimal('-1.3589258109710656'), 90.61269998292146], 'radius': 12.0}","{'center': [Decimal('160.30370768133668'), Decimal('110.70181108210151')], 'axes': [Decimal('164.21539147166524'), Decimal('164.21539147166524')], 'angle': 90.0}",0.6525443498193506,120,8281.920388,2.2087712392478736,-1.7077764899938552,"[0.4697305363615497, Decimal('0.31650914400648866')]",pupil.1,1,3d c++,1581666466.4731991,0.4697305363615497,0.31650914400648866
"{'center': [Decimal('-1.2837734756747505'), 5.789268508589296, 81.06600901504656], 'normal': [-0.1106800171948676, 0.5956828599633635, -0.7955575806562413], 'radius': Decimal('2.3323260804284027')}",0.9976752833729536,8426.028203,4.6646521608568055,"{'center': [150.2238055214036, Decimal('164.04701230990918')], 'axes': [Decimal('26.809943410238102'), 35.68118914990721], 'angle': -79.32305774372024}","[150.2238055214036, Decimal('164.04701230990918')]",35.68118914990721,"{'center': [Decimal('0.044386730663660674'), Decimal('-1.3589258109710656'), 90.61269998292146], 'radius': 12.0}","{'center': [Decimal('160.30370768133668'), Decimal('110.70181108210151')], 'axes': [Decimal('164.21539147166524'), Decimal('164.21539147166524')], 'angle': 90.0}",0.6530955145032991,120,8281.920388,2.2089118611364627,-1.7090316042866263,"[0.4694493922543862, Decimal('0.31647078204204504')]",pupil.1,1,3d c++,1581666466.482749,0.4694493922543862,0.31647078204204504
"{'center': [Decimal('-1.2725626261902434'), 5.767970748411981, 81.04854869682522], 'normal': [Decimal('-0.10974577973782534'), 0.5939080466152539, -0.7970126071746859], 'radius': Decimal('2.3388921125405755')}",0.9967214714597253,8426.036603,4.677784225081151,"{'center': [Decimal('150.30744968546986'), Decimal('163.89238408837087')], 'axes': [26.95414784734836, 35.78934558289473], 'angle': -79.37958859485747}","[Decimal('150.30744968546986'), Decimal('163.89238408837087')]",35.78934558289473,"{'center': [Decimal('0.044386730663660674'), Decimal('-1.3589258109710656'), 90.61269998292146], 'radius': 12.0}","{'center': [Decimal('160.30370768133668'), Decimal('110.70181108210151')], 'axes': [Decimal('164.21539147166524'), Decimal('164.21539147166524')], 'angle': 90.0}",0.6534822640391069,120,8281.920388,2.2067040431349136,-1.7076322558642025,"[Decimal('0.46971078026709334'), Decimal('0.31711506629845465')]",pupil.1,1,3d c++,1581666466.4900842,0.46971078026709334,0.31711506629845465
"{'center': [Decimal('-1.2725560214652494'), 5.783097327744505, 81.05983825076672], 'normal': [Decimal('-0.10974522934407584'), 0.5951685948929643, -0.7960718110128953], 'radius': 2.330953068666233}",0.9964883797374909,8426.045003,4.661906137332466,"{'center': [Decimal('150.30849335393225'), 164.0034269922567], 'axes': [Decimal('26.818392535753713'), 35.66287941125372], 'angle': -79.40223653429973}","[Decimal('150.30849335393225'), 164.0034269922567]",35.66287941125372,"{'center': [Decimal('0.044386730663660674'), Decimal('-1.3589258109710656'), 90.61269998292146], 'radius': 12.0}","{'center': [Decimal('160.30370768133668'), Decimal('110.70181108210151')], 'axes': [Decimal('164.21539147166524'), Decimal('164.21539147166524')], 'angle': 90.0}",0.6538714286044023,120,8281.920388,2.208271758493256,-1.707791275236765,"[Decimal('0.46971404173103826'), Decimal('0.31665238753226377')]",pupil.1,1,3d c++,1581666466.5016391,0.46971404173103826,0.31665238753226377
"{'center': [Decimal('-1.2630880919051137'), 5.784758635753498, 81.05977989982779], 'normal': [Decimal('-0.10895623521406453'), 0.5953070372270469, -0.7960766735911389], 'radius': Decimal('2.3324643713470734')}",0.9967115417166752,8426.053403,4.664928742694147,"{'center': [Decimal('150.38065761367136'), Decimal('164.01581292350397')], 'axes': [Decimal('26.836092256232067'), Decimal('35.686032836224676')], 'angle': -79.47938492247367}","[Decimal('150.38065761367136'), Decimal('164.01581292350397')]",35.686032836224676,"{'center': [Decimal('0.044386730663660674'), Decimal('-1.3589258109710656'), 90.61269998292146], 'radius': 12.0}","{'center': [Decimal('160.30370768133668'), Decimal('110.70181108210151')], 'axes': [Decimal('164.21539147166524'), Decimal('164.21539147166524')], 'angle': 90.0}",0.6538712005260461,120,8281.920388,2.2084440469697775,-1.7068176999160898,"[0.469939555042723, 0.3166007794854001]",pupil.1,1,3d c++,1581666466.509324,0.469939555042723,0.3166007794854001
"{'center': [-1.26444303319887, 5.778791719540873, 81.05550619479253], 'normal': [Decimal('-0.10906914698854424'), 0.5948097942093282, -0.7964328156774103], 'radius': Decimal('2.3276759533753295')}",0.9973967500557585,8426.061803,4.655351906750659,"{'center': [Decimal('150.36968489161706'), Decimal('163.97348408167312')], 'axes': [26.79766485589204, 35.6146196211555], 'angle': -79.45985059320968}","[Decimal('150.36968489161706'), Decimal('163.97348408167312')]",35.6146196211555,"{'center': [Decimal('0.044386730663660674'), Decimal('-1.3589258109710656'), 90.61269998292146], 'radius': 12.0}","{'center': [Decimal('160.30370768133668'), Decimal('110.70181108210151')], 'axes': [Decimal('164.21539147166524'), Decimal('164.21539147166524')], 'angle': 90.0}",0.6540469454435094,120,8281.920388,2.20782534111383,-1.706896786625601,"[0.4699052652863033, 0.3167771496596953]",pupil.1,1,3d c++,1581666466.517113,0.4699052652863033,0.3167771496596953
"{'center': [Decimal('-1.2632149337840979'), 5.767722441860379, 81.04708120693273], 'normal': [Decimal('-0.10896680537064656'), 0.5938873544026204, -0.7971348979990602], 'radius': Decimal('2.3282805255453036')}",0.9970347317836196,8426.070203,4.656561051090607,"{'center': [150.3781133625558, Decimal('163.89333168393935')], 'axes': [Decimal('26.837595804373894'), 35.62756064564551], 'angle': -79.45311129679868}","[150.3781133625558, Decimal('163.89333168393935')]",35.62756064564551,"{'center': [Decimal('0.044386730663660674'), Decimal('-1.3589258109710656'), 90.61269998292146], 'radius': 12.0}","{'center': [Decimal('160.30370768133668'), Decimal('110.70181108210151')], 'axes': [Decimal('164.21539147166524'), Decimal('164.21539147166524')], 'angle': 90.0}",0.6543276916361251,120,8281.920388,2.2066783238442707,-1.7066523584711577,"[0.4699316042579869, Decimal('0.31711111798358604')]",pupil.1,1,3d c++,1581666466.525525,0.4699316042579869,0.31711111798358604
"{'center': [Decimal('-1.2640581900452295'), 5.786186517775143, 81.06098067700223], 'normal': [Decimal('-0.10903707672574084'), 0.5954260273955173, -0.795976608826602], 'radius': 2.318889310009437}",0.9977869014639722,8426.078603,4.637778620018874,"{'center': [Decimal('150.37292026442586'), Decimal('164.02874590803341')], 'axes': [Decimal('26.675127017222124'), 35.4777525773566], 'angle': -79.47384749491313}","[Decimal('150.37292026442586'), Decimal('164.02874590803341')]",35.4777525773566,"{'center': [Decimal('0.044386730663660674'), Decimal('-1.3589258109710656'), 90.61269998292146], 'radius': 12.0}","{'center': [Decimal('160.30370768133668'), Decimal('110.70181108210151')], 'axes': [Decimal('164.21539147166524'), Decimal('164.21539147166524')], 'angle': 90.0}",0.6553555755516638,120,8281.920388,2.208592145224795,-1.706934282738576,"[0.4699153758263308, Decimal('0.31654689204986075')]",pupil.1,1,3d c++,1581666466.534709,0.4699153758263308,0.31654689204986075
"{'center': [Decimal('-1.2641121906325914'), 5.77621081700404, 81.05353391714488], 'normal': [Decimal('-0.10904157677468768'), 0.5945947189979255, -0.7965971721480487], 'radius': Decimal('2.3267803670349503')}",0.9971675521934773,8426.087003,4.653560734069901,"{'center': [Decimal('150.37195102994576'), 163.9550052006331], 'axes': [26.79505982108603, 35.60177528859015], 'angle': -79.45863266483566}","[Decimal('150.37195102994576'), 163.9550052006331]",35.60177528859015,"{'center': [Decimal('0.044386730663660674'), Decimal('-1.3589258109710656'), 90.61269998292146], 'radius': 12.0}","{'center': [Decimal('160.30370768133668'), Decimal('110.70181108210151')], 'axes': [Decimal('164.21539147166524'), Decimal('164.21539147166524')], 'angle': 90.0}",0.6554502781039528,120,8281.920388,2.2075578166732166,-1.7068350780674526,"[Decimal('0.46991234696858053'), 0.3168541449973621]",pupil.1,1,3d c++,1581666466.541582,0.46991234696858053,0.3168541449973621
"{'center': [-1.25166955665582, 5.781497619644609, 81.05578670866736], 'normal': [Decimal('-0.10800469060995672'), 0.5950352858846396, -0.7964094395211754], 'radius': Decimal('2.3242279006144835')}",0.9974933548995037,8426.095403,4.648455801228967,"{'center': [Decimal('150.46689566306196'), Decimal('163.99463131202202')], 'axes': [Decimal('26.756946316232913'), 35.56172201680973], 'angle': -79.56470307968945}","[Decimal('150.46689566306196'), Decimal('163.99463131202202')]",35.56172201680973,"{'center': [Decimal('0.044386730663660674'), Decimal('-1.3589258109710656'), 90.61269998292146], 'radius': 12.0}","{'center': [Decimal('160.30370768133668'), Decimal('110.70181108210151')], 'axes': [Decimal('164.21539147166524'), Decimal('164.21539147166524')], 'angle': 90.0}",0.6563327264666574,120,8281.920388,2.2081058791032513,-1.7055885346561688,"[0.4702090489470686, 0.3166890361999083]",pupil.1,1,3d c++,1581666466.5500998,0.4702090489470686,0.3166890361999083
"{'center': [-1.253861405321053, Decimal('5.7904707416715775'), 81.06279523415701], 'normal': [Decimal('-0.10818734466539282'), 0.5957830460535536, -0.7958253957303705], 'radius': 2.32691493084365}",0.9976867733667751,8426.103803,4.6538298616873,"{'center': [Decimal('150.45107696455236'), 164.0588757645276], 'axes': [Decimal('26.760490963216814'), 35.59978181617204], 'angle': -79.56058150821052}","[Decimal('150.45107696455236'), 164.0588757645276]",35.59978181617204,"{'center': [Decimal('0.044386730663660674'), Decimal('-1.3589258109710656'), 90.61269998292146], 'radius': 12.0}","{'center': [Decimal('160.30370768133668'), Decimal('110.70181108210151')], 'axes': [Decimal('164.21539147166524'), Decimal('164.21539147166524')], 'angle': 90.0}",0.6571488786794699,120,8281.920388,2.2090365975208006,-1.7059116189047516,"[Decimal('0.47015961551422614'), 0.316421350981135]",pupil.1,1,3d c++,1581666466.557892,0.47015961551422614,0.316421350981135
"{'center': [-1.267510012361264, 5.774568288526291, 81.05277378717722], 'normal': [-0.1093247285854104, 0.5944578416247798, -0.7966605163120202], 'radius': 2.334882152564883}",0.9970932222814818,8426.112203,4.669764305129766,"{'center': [150.3462720531097, Decimal('163.94128399502182')], 'axes': [Decimal('26.891371623935804'), 35.72611150712885], 'angle': -79.42935517051875}","[150.3462720531097, Decimal('163.94128399502182')]",35.72611150712885,"{'center': [Decimal('0.044386730663660674'), Decimal('-1.3589258109710656'), 90.61269998292146], 'radius': 12.0}","{'center': [Decimal('160.30370768133668'), Decimal('110.70181108210151')], 'axes': [Decimal('164.21539147166524'), Decimal('164.21539147166524')], 'angle': 90.0}",0.6576786016299963,120,8281.920388,2.207387587312969,-1.7071732648745683,"[Decimal('0.46983210016596777'), Decimal('0.31691131668740913')]",pupil.1,1,3d c++,1581666466.566043,0.46983210016596777,0.31691131668740913
"{'center': [Decimal('-1.2466155676896118'), 5.785341169884182, 81.05797537297545], 'normal': [-0.1075835248627727, 0.5953555817379373, -0.7962270508288345], 'radius': 2.313538911957347}",0.9976857052768694,8426.120603,4.627077823914694,"{'center': [Decimal('150.50526294577546'), Decimal('164.02488912536757')], 'axes': [Decimal('26.625351320018503'), 35.39717403758294], 'angle': -79.61024335582427}","[Decimal('150.50526294577546'), Decimal('164.02488912536757')]",35.39717403758294,"{'center': [Decimal('0.044386730663660674'), Decimal('-1.3589258109710656'), 90.61269998292146], 'radius': 12.0}","{'center': [Decimal('160.30370768133668'), Decimal('110.70181108210151')], 'axes': [Decimal('164.21539147166524'), Decimal('164.21539147166524')], 'angle': 90.0}",0.6585281828725975,120,8281.920388,2.208504464766488,-1.7050996065891617,"[0.4703289467055483, 0.3165629619776351]",pupil.1,1,3d c++,1581666466.573421,0.4703289467055483,0.3165629619776351
"{'center': [Decimal('-1.2563495265458917'), 5.780605461654034, 81.05575599457515], 'normal': [Decimal('-0.10839468810079603'), 0.5949609393854249, -0.7964119990288594], 'radius': 2.321770314141926}",0.9976709926472932,8426.129003,4.643540628283852,"{'center': [150.4311555432941, Decimal('163.98833368763763')], 'axes': [Decimal('26.728721658599465'), 35.52412276439002], 'angle': -79.52643479651499}","[150.4311555432941, Decimal('163.98833368763763')]",35.52412276439002,"{'center': [Decimal('0.044386730663660674'), Decimal('-1.3589258109710656'), 90.61269998292146], 'radius': 12.0}","{'center': [Decimal('160.30370768133668'), Decimal('110.70181108210151')], 'axes': [Decimal('164.21539147166524'), Decimal('164.21539147166524')], 'angle': 90.0}",0.6590580619039388,120,8281.920388,2.208013376934803,-1.7060689250407002,"[Decimal('0.47009736107279404'), Decimal('0.31671527630150986')]",pupil.1,1,3d c++,1581666466.5853698,0.47009736107279404,0.31671527630150986
"{'center': [Decimal('-1.2401343800231681'), 5.785290652225958, 81.05706412531447], 'normal': [Decimal('-0.10704342589056907'), 0.5953513719330853, -0.7963029881339159], 'radius': Decimal('2.3257328994466446')}",0.9975043117412293,8426.137403,4.651465798893289,"{'center': [Decimal('150.55495875098006'), 164.0225768334285], 'axes': [Decimal('26.769378387357538'), 35.58419560612403], 'angle': -79.66134605781096}","[Decimal('150.55495875098006'), 164.0225768334285]",35.58419560612403,"{'center': [Decimal('0.044386730663660674'), Decimal('-1.3589258109710656'), 90.61269998292146], 'radius': 12.0}","{'center': [Decimal('160.30370768133668'), Decimal('110.70181108210151')], 'axes': [Decimal('164.21539147166524'), Decimal('164.21539147166524')], 'angle': 90.0}",0.6596732646012016,120,8281.920388,2.2084992251970994,-1.7044207929080397,"[0.4704842460968127, Decimal('0.31657259652738123')]",pupil.1,1,3d c++,1581666466.5935562,0.4704842460968127,0.31657259652738123
"{'center': [Decimal('-1.2364655564247613'), 5.790325531260368, 81.06033783190026], 'normal': [Decimal('-0.10673769059070183'), 0.5957709451859529, -0.7960301792517667], 'radius': Decimal('2.3263631984689863')}",0.9973983641274741,8426.145802,4.652726396937973,"{'center': [Decimal('150.58328802308614'), Decimal('164.05913325264729')], 'axes': [26.76387296603897, 35.59240990950135], 'angle': -79.69762606521567}","[Decimal('150.58328802308614'), Decimal('164.05913325264729')]",35.59240990950135,"{'center': [Decimal('0.044386730663660674'), Decimal('-1.3589258109710656'), 90.61269998292146], 'radius': 12.0}","{'center': [Decimal('160.30370768133668'), Decimal('110.70181108210151')], 'axes': [Decimal('164.21539147166524'), Decimal('164.21539147166524')], 'angle': 90.0}",0.6602311804734029,120,8281.920388,2.2090215307599,-1.704088771713185,"[0.4705727750721442, Decimal('0.31642027811396967')]",pupil.1,1,3d c++,1581666466.6020222,0.4705727750721442,0.31642027811396967
"{'center': [Decimal('-1.2380901642210078'), 5.789405864120786, 81.05986756122759], 'normal': [Decimal('-0.10687307457372239'), 0.5956943062576543, -0.7960693684744888], 'radius': 2.315299165854959}",0.9972634427233698,8426.154202,4.630598331709918,"{'center': [150.5704760534116, Decimal('164.05454072663483')], 'axes': [Decimal('26.638326157823823'), 35.42328894587925], 'angle': -79.68346862285188}","[150.5704760534116, Decimal('164.05454072663483')]",35.42328894587925,"{'center': [Decimal('0.044386730663660674'), Decimal('-1.3589258109710656'), 90.61269998292146], 'radius': 12.0}","{'center': [Decimal('160.30370768133668'), Decimal('110.70181108210151')], 'axes': [Decimal('164.21539147166524'), Decimal('164.21539147166524')], 'angle': 90.0}",0.6605265554714079,120,8281.920388,2.2089261117261674,-1.7042493458046184,"[0.4705327376669112, 0.3164394136390215]",pupil.1,1,3d c++,1581666466.610707,0.4705327376669112,0.3164394136390215
"{'center': [Decimal('-1.2424740899655449'), 5.784208824735207, 81.05657018030246], 'normal': [Decimal('-0.10723840171910047'), 0.5952612196421894, -0.7963441502182497], 'radius': 2.320963955197079}",0.99712963623355,8426.162602,4.641927910394158,"{'center': [150.536914723889, Decimal('164.01552542232133')], 'axes': [Decimal('26.716362804743685'), 35.51142377627251], 'angle': -79.64129210814777}","[150.536914723889, Decimal('164.01552542232133')]",35.51142377627251,"{'center': [Decimal('0.044386730663660674'), Decimal('-1.3589258109710656'), 90.61269998292146], 'radius': 12.0}","{'center': [Decimal('160.30370768133668'), Decimal('110.70181108210151')], 'axes': [Decimal('164.21539147166524'), Decimal('164.21539147166524')], 'angle': 90.0}",0.6609920306132722,120,8281.920388,2.2083870255465756,-1.7046544534925057,"[Decimal('0.47042785851215313'), 0.3166019774069945]",pupil.1,1,3d c++,1581666466.6185546,0.47042785851215313,0.3166019774069945
"{'center': [Decimal('-1.2299009844309245'), 5.788170430144527, 81.05784749115632], 'normal': [Decimal('-0.10619064292454877'), 0.5955913534262994, -0.7962377076470945], 'radius': 2.322561611575396}",0.9968746193250513,8426.171002,4.645123223150792,"{'center': [Decimal('150.63288603555537'), Decimal('164.04473685707143')], 'axes': [Decimal('26.729874193721034'), 35.5353158890736], 'angle': -79.74634494234434}","[Decimal('150.63288603555537'), Decimal('164.04473685707143')]",35.5353158890736,"{'center': [Decimal('0.044386730663660674'), Decimal('-1.3589258109710656'), 90.61269998292146], 'radius': 12.0}","{'center': [Decimal('160.30370768133668'), Decimal('110.70181108210151')], 'axes': [Decimal('164.21539147166524'), Decimal('164.21539147166524')], 'angle': 90.0}",0.6613731617471474,120,8281.920388,2.2087979412850895,-1.7033794673716214,"[Decimal('0.47072776886111056'), 0.3164802630955357]",pupil.1,1,3d c++,1581666466.625273,0.47072776886111056,0.3164802630955357
"{'center': [-1.235795364151719, Decimal('5.7881509053846365'), 81.05862084285566], 'normal': [Decimal('-0.10668184123461498'), 0.5955897263629751, -0.7961732616721494], 'radius': Decimal('2.3160690428070008')}",0.9964322828962999,8426.179402,4.6321380856140015,"{'center': [150.5878458441301, Decimal('164.04546727224695')], 'axes': [26.65205594789504, 35.43561376532392], 'angle': -79.69976624886263}","[150.5878458441301, Decimal('164.04546727224695')]",35.43561376532392,"{'center': [Decimal('0.044386730663660674'), Decimal('-1.3589258109710656'), 90.61269998292146], 'radius': 12.0}","{'center': [Decimal('160.30370768133668'), Decimal('110.70181108210151')], 'axes': [Decimal('164.21539147166524'), Decimal('164.21539147166524')], 'angle': 90.0}",0.6616140075546895,120,8281.920388,2.2087959157812245,-1.7039961906408796,"[Decimal('0.47058701826290655'), 0.316477219698971]",pupil.1,1,3d c++,1581666466.635369,0.47058701826290655,0.316477219698971
"{'center': [Decimal('-1.2245157792780306'), 5.785359670005248, 81.05502916903721], 'normal': [Decimal('-0.10574187582847427'), 0.5953571234146928, -0.796472567823687], 'radius': 2.302784949122927}",0.9971234817229004,8426.187802,4.605569898245854,"{'center': [Decimal('150.67291993875295'), Decimal('164.02863512413185')], 'axes': [Decimal('26.513074861592138'), 35.23386142710994], 'angle': -79.78484663469592}","[Decimal('150.67291993875295'), Decimal('164.02863512413185')]",35.23386142710994,"{'center': [Decimal('0.044386730663660674'), Decimal('-1.3589258109710656'), 90.61269998292146], 'radius': 12.0}","{'center': [Decimal('160.30370768133668'), Decimal('110.70181108210151')], 'axes': [Decimal('164.21539147166524'), Decimal('164.21539147166524')], 'angle': 90.0}",0.6619125107064971,120,8281.920388,2.208506383559411,-1.702787184914117,"[0.470852874808603, Decimal('0.31654735364945064')]",pupil.1,1,3d c++,1581666466.6410394,0.470852874808603,0.31654735364945064
"{'center': [-1.218519634104437, 5.788381399195243, 81.05649429460912], 'normal': [Decimal('-0.10524219706400816'), 0.5956089341805257, -0.7963504740260274], 'radius': 2.295347581382933}",0.9981324860912016,8426.196202,4.590695162765866,"{'center': [Decimal('150.71850587054237'), Decimal('164.05235324159017')], 'axes': [26.421788419851, 35.11939893301406], 'angle': -79.83657290067555}","[Decimal('150.71850587054237'), Decimal('164.05235324159017')]",35.11939893301406,"{'center': [Decimal('0.044386730663660674'), Decimal('-1.3589258109710656'), 90.61269998292146], 'radius': 12.0}","{'center': [Decimal('160.30370768133668'), Decimal('110.70181108210151')], 'axes': [Decimal('164.21539147166524'), Decimal('164.21539147166524')], 'angle': 90.0}",0.6625351218726094,120,8281.920388,2.20881982746541,-1.702190547066965,"[0.4709953308454449, 0.316448528160041]",pupil.1,1,3d c++,1581666466.6506932,0.4709953308454449,0.316448528160041
"{'center': [Decimal('-1.2403166168498623'), 5.796557320239249, 81.0655224697581], 'normal': [Decimal('-0.10705861229279358'), 0.5962902609341929, -0.7955981260969469], 'radius': Decimal('2.3073102664051177')}",0.9974763662941115,8426.204602,4.614620532810235,"{'center': [Decimal('150.55386397892988'), Decimal('164.10768567523272')], 'axes': [Decimal('26.524428256599453'), 35.29857279936417], 'angle': -79.67628093749086}","[Decimal('150.55386397892988'), Decimal('164.10768567523272')]",35.29857279936417,"{'center': [Decimal('0.044386730663660674'), Decimal('-1.3589258109710656'), 90.61269998292146], 'radius': 12.0}","{'center': [Decimal('160.30370768133668'), Decimal('110.70181108210151')], 'axes': [Decimal('164.21539147166524'), Decimal('164.21539147166524')], 'angle': 90.0}",0.6630896110881745,120,8281.920388,2.2096682811102024,-1.7045565203804238,"[0.4704808249341559, Decimal('0.31621797635319704')]",pupil.1,1,3d c++,1581666466.6592631,0.4704808249341559,0.31621797635319704
"{'center': [Decimal('-1.2391781180652908'), 5.797827928903253, 81.0663217594326], 'normal': [Decimal('-0.10696373739407929'), 0.5963961449895265, -0.7955315186240719], 'radius': Decimal('2.3031272480929266')}",0.9970764875401277,8426.213002,4.606254496185853,"{'center': [Decimal('150.56247963282416'), Decimal('164.11777083889237')], 'axes': [26.47322979234148, 35.23421335466098], 'angle': -79.68710097957177}","[Decimal('150.56247963282416'), Decimal('164.11777083889237')]",35.23421335466098,"{'center': [Decimal('0.044386730663660674'), Decimal('-1.3589258109710656'), 90.61269998292146], 'radius': 12.0}","{'center': [Decimal('160.30370768133668'), Decimal('110.70181108210151')], 'axes': [Decimal('164.21539147166524'), Decimal('164.21539147166524')], 'angle': 90.0}",0.6631002649928552,120,8281.920388,2.2098001861224374,-1.7044504464147172,"[0.4705077488525755, Decimal('0.31617595483794847')]",pupil.1,1,3d c++,1581666466.66957,0.4705077488525755,0.31617595483794847
"{'center': [Decimal('-1.2251126333902016'), 5.792558702760531, 81.06049392282603], 'normal': [-0.1057916136711552, 0.5959570428109664, -0.7960171716746196], 'radius': Decimal('2.2869205071551586')}",0.998120853381803,8426.221402,4.573841014310317,"{'center': [150.6684292136686, 164.083763690169], 'axes': [Decimal('26.309316393983746'), 34.98870627750903], 'angle': -79.79048119905002}","[150.6684292136686, 164.083763690169]",34.98870627750903,"{'center': [Decimal('0.044386730663660674'), Decimal('-1.3589258109710656'), 90.61269998292146], 'radius': 12.0}","{'center': [Decimal('160.30370768133668'), Decimal('110.70181108210151')], 'axes': [Decimal('164.21539147166524'), Decimal('164.21539147166524')], 'angle': 90.0}",0.6637720756585641,120,8281.920388,2.209253259084976,-1.7029232207132674,"[Decimal('0.47083884129271436'), Decimal('0.31631765129096245')]",pupil.1,1,3d c++,1581666466.6787796,0.47083884129271436,0.31631765129096245
"{'center': [Decimal('-1.2074513179629218'), 5.80797424516857, 81.06972114582261], 'normal': [Decimal('-0.10431983738554855'), 0.5972416713449696, -0.7952482364249039], 'radius': 2.287819971759935}",0.9772965671977913,8426.229802,4.57563994351987,"{'center': [Decimal('150.80399907644025'), Decimal('164.19628906393228')], 'axes': [26.28434728227787, 34.99850039926607], 'angle': -79.95180055913059}","[Decimal('150.80399907644025'), Decimal('164.19628906393228')]",34.99850039926607,"{'center': [Decimal('0.044386730663660674'), Decimal('-1.3589258109710656'), 90.61269998292146], 'radius': 12.0}","{'center': [Decimal('160.30370768133668'), Decimal('110.70181108210151')], 'axes': [Decimal('164.21539147166524'), Decimal('164.21539147166524')], 'angle': 90.0}",0.6642283678169991,120,8281.920388,2.2108539645197225,-1.701230523291806,"[0.4712624971138758, 0.3158487955669488]",pupil.1,1,3d c++,1581666466.685239,0.4712624971138758,0.3158487955669488
"{'center': [-1.211921720996085, 5.80447970245896, 81.0676850261784], 'normal': [Decimal('-0.10469237097164548'), 0.5969504594525021, -0.7954179130619211], 'radius': 2.284185554034362}",0.9971486166674604,8426.238202,4.568371108068724,"{'center': [Decimal('150.76960474309172'), Decimal('164.17141840757435')], 'axes': [26.25034484071328, Decimal('34.943760679895945')], 'angle': -79.91159753596406}","[Decimal('150.76960474309172'), Decimal('164.17141840757435')]",34.943760679895945,"{'center': [Decimal('0.044386730663660674'), Decimal('-1.3589258109710656'), 90.61269998292146], 'radius': 12.0}","{'center': [Decimal('160.30370768133668'), Decimal('110.70181108210151')], 'axes': [Decimal('164.21539147166524'), Decimal('164.21539147166524')], 'angle': 90.0}",0.6644080679251929,120,8281.920388,2.2104909342495667,-1.7016634158025585,"[0.4711550148221616, Decimal('0.31595242330177353')]",pupil.1,1,3d c++,1581666466.6936538,0.4711550148221616,0.31595242330177353
"{'center': [Decimal('-1.2107549557754056'), 5.801229850917078, 81.06509346377258], 'normal': [Decimal('-0.10459514053658886'), 0.5966796384906786, -0.7956338765957394], 'radius': 2.275689635159138}",0.9979200143529944,8426.246602,4.551379270318276,"{'center': [Decimal('150.77792828197707'), Decimal('164.14963189422653')], 'axes': [Decimal('26.162562455095156'), 34.81485980720132], 'angle': -79.91619752085428}","[Decimal('150.77792828197707'), Decimal('164.14963189422653')]",34.81485980720132,"{'center': [Decimal('0.044386730663660674'), Decimal('-1.3589258109710656'), 90.61269998292146], 'radius': 12.0}","{'center': [Decimal('160.30370768133668'), Decimal('110.70181108210151')], 'axes': [Decimal('164.21539147166524'), Decimal('164.21539147166524')], 'angle': 90.0}",0.6647751936014634,120,8281.920388,2.2101534116817834,-1.7015081707900388,"[Decimal('0.47118102588117833'), Decimal('0.31604320044072276')]",pupil.1,1,3d c++,1581666466.7012382,0.47118102588117833,0.31604320044072276
"{'center': [-1.20424962143574, Decimal('5.7946493792367875'), 81.05930952412315], 'normal': [Decimal('-0.10405302934161674'), 0.5961312658506545, -0.7961158715665259], 'radius': 2.282244270782458}",0.9976125248041426,8426.255002,4.564488541564916,"{'center': [Decimal('150.82708219270273'), Decimal('164.10120199798538')], 'axes': [Decimal('26.260177058468976'), Decimal('34.917646299019566')], 'angle': -79.95825646754433}","[Decimal('150.82708219270273'), Decimal('164.10120199798538')]",34.917646299019566,"{'center': [Decimal('0.044386730663660674'), Decimal('-1.3589258109710656'), 90.61269998292146], 'radius': 12.0}","{'center': [Decimal('160.30370768133668'), Decimal('110.70181108210151')], 'axes': [Decimal('164.21539147166524'), Decimal('164.21539147166524')], 'angle': 90.0}",0.665013627641875,120,8281.920388,2.2094702373285893,-1.7007604816308868,"[Decimal('0.47133463185219604'), 0.3162449916750609]",pupil.1,1,3d c++,1581666466.7102342,0.47133463185219604,0.3162449916750609
"{'center': [Decimal('-1.2102404800742115'), 5.789816144226891, 81.0564769308957], 'normal': [Decimal('-0.10455226756148935'), 0.5957284962664964, -0.7963519210021469], 'radius': Decimal('2.2765666903971034')}",0.9983506383651253,8426.263402,4.553133380794207,"{'center': [Decimal('150.78094572498327'), Decimal('164.06692672970144')], 'axes': [26.20560112152845, 34.83196935300716], 'angle': -79.90405833930187}","[Decimal('150.78094572498327'), Decimal('164.06692672970144')]",34.83196935300716,"{'center': [Decimal('0.044386730663660674'), Decimal('-1.3589258109710656'), 90.61269998292146], 'radius': 12.0}","{'center': [Decimal('160.30370768133668'), Decimal('110.70181108210151')], 'axes': [Decimal('164.21539147166524'), Decimal('164.21539147166524')], 'angle': 90.0}",0.6656092289271665,120,8281.920388,2.2089686790445886,-1.7013387241959075,"[0.4711904553905727, Decimal('0.31638780529291066')]",pupil.1,1,3d c++,1581666466.718018,0.4711904553905727,0.31638780529291066
"{'center': [-1.178680506045464, 5.778217537944708, 81.04372452305554], 'normal': [Decimal('-0.10192226972576038'), 0.5947619457429811, -0.7974146216554927], 'radius': 2.290771982007153}",0.9963575238626389,8426.271801,4.581543964014306,"{'center': [Decimal('151.02051587722536'), Decimal('163.98233238571805')], 'axes': [Decimal('26.418521602410195'), 35.05486516572066], 'angle': -80.13760480404613}","[Decimal('151.02051587722536'), Decimal('163.98233238571805')]",35.05486516572066,"{'center': [Decimal('0.044386730663660674'), Decimal('-1.3589258109710656'), 90.61269998292146], 'radius': 12.0}","{'center': [Decimal('160.30370768133668'), Decimal('110.70181108210151')], 'axes': [Decimal('164.21539147166524'), Decimal('164.21539147166524')], 'angle': 90.0}",0.6658415181553412,120,8281.920388,2.2077658195213203,-1.6979229348370823,"[0.4719391121163293, Decimal('0.31674028172617474')]",pupil.1,1,3d c++,1581666466.72526,0.4719391121163293,0.31674028172617474
"{'center': [Decimal('-1.0935766904218225'), 5.745716518677883, 81.00910187491883], 'normal': [-0.09483028509045693, 0.5920535274707457, -0.8002998423335529], 'radius': 2.299273001162322}",0.9627450111583031,8426.280201,4.598546002324644,"{'center': [Decimal('151.66584542610076'), 163.750631738857], 'axes': [Decimal('26.651084740798556'), 35.19995630122706], 'angle': -80.7713739641175}","[Decimal('151.66584542610076'), 163.750631738857]",35.19995630122706,"{'center': [Decimal('0.044386730663660674'), Decimal('-1.3589258109710656'), 90.61269998292146], 'radius': 12.0}","{'center': [Decimal('160.30370768133668'), Decimal('110.70181108210151')], 'axes': [Decimal('164.21539147166524'), Decimal('164.21539147166524')], 'angle': 90.0}",0.6658098324279105,120,8281.920388,2.204400911030763,-1.6887398202778345,"[0.4739557669565649, 0.3177057010880958]",pupil.1,1,3d c++,1581666466.733641,0.4739557669565649,0.3177057010880958
"{'center': [Decimal('-1.0805402694007926'), 5.713408870234688, 80.98375292721799], 'normal': [-0.09374391667203778, 0.5893612234338128, -0.802412254641955], 'radius': Decimal('2.2754946561762788')}",0.9953475744483165,8426.288601,4.5509893123525575,"{'center': [Decimal('151.76204273897733'), Decimal('163.52178908452066')], 'axes': [Decimal('26.472538556284714'), 34.84668526657315], 'angle': -80.83354992009313}","[Decimal('151.76204273897733'), Decimal('163.52178908452066')]",34.84668526657315,"{'center': [Decimal('0.044386730663660674'), Decimal('-1.3589258109710656'), 90.61269998292146], 'radius': 12.0}","{'center': [Decimal('160.30370768133668'), Decimal('110.70181108210151')], 'axes': [Decimal('164.21539147166524'), Decimal('164.21539147166524')], 'angle': 90.0}",0.6662491558727224,120,8281.920388,2.2010642466820607,-1.6870967460533834,"[Decimal('0.47425638355930416'), Decimal('0.31865921214783055')]",pupil.1,1,3d c++,1581666466.7416801,0.47425638355930416,0.31865921214783055
"{'center': [Decimal('-1.0598582764255202'), 5.704535170256422, 80.97484950000799], 'normal': [-0.09202041725743175, 0.588621748435624, -0.8031542069094559], 'radius': 2.281268978017928}",0.9978840491082956,8426.297001,4.562537956035856,"{'center': [151.9190769905006, Decimal('163.45751050246423')], 'axes': [Decimal('26.574114471989958'), Decimal('34.938960676247646')], 'angle': -80.98843474509059}","[151.9190769905006, Decimal('163.45751050246423')]",34.938960676247646,"{'center': [Decimal('0.044386730663660674'), Decimal('-1.3589258109710656'), 90.61269998292146], 'radius': 12.0}","{'center': [Decimal('160.30370768133668'), Decimal('110.70181108210151')], 'axes': [Decimal('164.21539147166524'), Decimal('164.21539147166524')], 'angle': 90.0}",0.666700100908324,120,8281.920388,2.200149212453457,-1.684872681153194,"[Decimal('0.47474711559531435'), 0.3189270395730657]",pupil.1,1,3d c++,1581666466.754828,0.47474711559531435,0.3189270395730657
"{'center': [Decimal('-1.0423667998452883'), 5.723021634656255, 80.9864345003317], 'normal': [-0.09056279420907909, 0.59016228713561, -0.802188790215813], 'radius': 2.283096484417376}",0.9975983133456903,8426.305401,4.566192968834752,"{'center': [Decimal('152.05359874303292'), Decimal('163.59226015090155')], 'axes': [Decimal('26.550945101125315'), Decimal('34.961973242473384')], 'angle': -81.1528051428982}","[Decimal('152.05359874303292'), Decimal('163.59226015090155')]",34.961973242473384,"{'center': [Decimal('0.044386730663660674'), Decimal('-1.3589258109710656'), 90.61269998292146], 'radius': 12.0}","{'center': [Decimal('160.30370768133668'), Decimal('110.70181108210151')], 'axes': [Decimal('164.21539147166524'), Decimal('164.21539147166524')], 'angle': 90.0}",0.6669380601049935,120,8281.920388,2.2020561812022588,-1.683214954675511,"[0.4751674960719779, 0.3183655827045768]",pupil.1,1,3d c++,1581666466.762536,0.4751674960719779,0.3183655827045768
"{'center': [-1.042579425080011, 5.719930015661687, 80.98418479302767], 'normal': [-0.09058051297863931, 0.589904652219396, -0.8023762658244822], 'radius': Decimal('2.2807159406663695')}",0.9974140181967858,8426.313801,4.561431881332739,"{'center': [152.0516978849246, Decimal('163.57028724933946')], 'axes': [26.53188958354135, 34.92647512272733], 'angle': -81.14718712632012}","[152.0516978849246, Decimal('163.57028724933946')]",34.92647512272733,"{'center': [Decimal('0.044386730663660674'), Decimal('-1.3589258109710656'), 90.61269998292146], 'radius': 12.0}","{'center': [Decimal('160.30370768133668'), Decimal('110.70181108210151')], 'axes': [Decimal('164.21539147166524'), Decimal('164.21539147166524')], 'angle': 90.0}",0.6670152289377396,120,8281.920388,2.2017370807708234,-1.6832107137117231,"[0.4751615558903894, Decimal('0.31845713646108564')]",pupil.1,1,3d c++,1581666466.769351,0.4751615558903894,0.31845713646108564
"{'center': [Decimal('-1.0599614458912179'), 5.704669829235826, 80.9749600125451], 'normal': [-0.09202901471290656, 0.5886329700172409, -0.8031449975313633], 'radius': Decimal('2.2804827755205936')}",0.9966119325977965,8426.322201,4.560965551041187,"{'center': [Decimal('151.91827720051535'), 163.4586334795638], 'axes': [Decimal('26.564525501472406'), 34.92686867201521], 'angle': -80.98777742478725}","[Decimal('151.91827720051535'), 163.4586334795638]",34.92686867201521,"{'center': [Decimal('0.044386730663660674'), Decimal('-1.3589258109710656'), 90.61269998292146], 'radius': 12.0}","{'center': [Decimal('160.30370768133668'), Decimal('110.70181108210151')], 'axes': [Decimal('164.21539147166524'), Decimal('164.21539147166524')], 'angle': 90.0}",0.6668506240283922,120,8281.920388,2.2001630936003935,-1.684884543925669,"[Decimal('0.47474461625161046'), Decimal('0.31892236050181755')]",pupil.1,1,3d c++,1581666466.777524,0.47474461625161046,0.31892236050181755
"{'center': [Decimal('-1.0622319252346097'), 5.702274585212946, 80.97346536001966], 'normal': [-0.09221822132485588, 0.5884333663486676, -0.8032695519084827], 'radius': Decimal('2.2630600157923833')}",0.9973656014929526,8426.330601,4.5261200315847665,"{'center': [Decimal('151.90030078096882'), Decimal('163.44447560920716')], 'axes': [Decimal('26.367149266360737'), Decimal('34.660592686324996')], 'angle': -80.96639469481033}","[Decimal('151.90030078096882'), Decimal('163.44447560920716')]",34.660592686324996,"{'center': [Decimal('0.044386730663660674'), Decimal('-1.3589258109710656'), 90.61269998292146], 'radius': 12.0}","{'center': [Decimal('160.30370768133668'), Decimal('110.70181108210151')], 'axes': [Decimal('164.21539147166524'), Decimal('164.21539147166524')], 'angle': 90.0}",0.6665624770844092,120,8281.920388,2.1999162039060742,-1.6850994942952535,"[Decimal('0.47468843994052756'), Decimal('0.31898135162830354')]",pupil.1,1,3d c++,1581666466.785641,0.47468843994052756,0.31898135162830354
"{'center': [Decimal('-1.0545444557098602'), 5.705010755819801, 80.97459070630654], 'normal': [-0.09157759886446008, 0.5886613805659056, -0.8031757730512432], 'radius': Decimal('2.2664126109386373')}",0.9977269936009392,8426.339001,4.532825221877275,"{'center': [151.9591347045601, Decimal('163.46413038566436')], 'axes': [26.40197971481486, 34.71147303919652], 'angle': -81.03185533750273}","[151.9591347045601, Decimal('163.46413038566436')]",34.71147303919652,"{'center': [Decimal('0.044386730663660674'), Decimal('-1.3589258109710656'), 90.61269998292146], 'radius': 12.0}","{'center': [Decimal('160.30370768133668'), Decimal('110.70181108210151')], 'axes': [Decimal('164.21539147166524'), Decimal('164.21539147166524')], 'angle': 90.0}",0.6665515017335477,120,8281.920388,2.200198238204183,-1.6843254196501947,"[Decimal('0.47487229595175035'), 0.3188994567263985]",pupil.1,1,3d c++,1581666466.795449,0.47487229595175035,0.3188994567263985
"{'center': [Decimal('-1.0687334761075913'), 5.700465642450974, 80.97288900382911], 'normal': [-0.09276001723093766, 0.5882826211185033, -0.8033175815910292], 'radius': 2.241914905202984}",0.997623118771765,8426.347401,4.483829810405968,"{'center': [Decimal('151.85003201377418'), Decimal('163.43500517646578')], 'axes': [26.12278948873097, 34.33689410942401], 'angle': -80.91166908945047}","[Decimal('151.85003201377418'), Decimal('163.43500517646578')]",34.33689410942401,"{'center': [Decimal('0.044386730663660674'), Decimal('-1.3589258109710656'), 90.61269998292146], 'radius': 12.0}","{'center': [Decimal('160.30370768133668'), Decimal('110.70181108210151')], 'axes': [Decimal('164.21539147166524'), Decimal('164.21539147166524')], 'angle': 90.0}",0.666472184377398,120,8281.920388,2.1997297765925854,-1.6857583441068027,"[0.4745313500430443, Decimal('0.31902081176472596')]",pupil.1,1,3d c++,1581666466.8013618,0.4745313500430443,0.31902081176472596
"{'center': [Decimal('-1.0650860529047463'), 5.713474352847439, 80.98200810407178], 'normal': [-0.09245606529736726, 0.5893666803182087, -0.8025576565708057], 'radius': Decimal('2.2663512434098703')}",0.9977431199949348,8426.355801,4.5327024868197405,"{'center': [Decimal('151.87944601663742'), Decimal('163.52493111153825')], 'axes': [26.37286631166336, Decimal('34.707367525169154')], 'angle': -80.95789572191478}","[Decimal('151.87944601663742'), Decimal('163.52493111153825')]",34.707367525169154,"{'center': [Decimal('0.044386730663660674'), Decimal('-1.3589258109710656'), 90.61269998292146], 'radius': 12.0}","{'center': [Decimal('160.30370768133668'), Decimal('110.70181108210151')], 'axes': [Decimal('164.21539147166524'), Decimal('164.21539147166524')], 'angle': 90.0}",0.6671916985624415,120,8281.920388,2.20107100135831,-1.6854924887814937,"[0.4746232688019919, Decimal('0.31864612036859064')]",pupil.1,1,3d c++,1581666466.810216,0.4746232688019919,0.31864612036859064
"{'center': [Decimal('-1.0713307178491573'), 5.683546330161642, 80.9608213721818], 'normal': [-0.09297645404273483, 0.5868726784277256, -0.8043232175616384], 'radius': Decimal('2.2353975712887646')}",0.9983787452617816,8426.364201,4.470795142577529,"{'center': [Decimal('151.82887034508184'), Decimal('163.31328504161294')], 'axes': [Decimal('26.092282213612858'), 34.24213261172618], 'angle': -80.86863191135255}","[Decimal('151.82887034508184'), Decimal('163.31328504161294')]",34.24213261172618,"{'center': [Decimal('0.044386730663660674'), Decimal('-1.3589258109710656'), 90.61269998292146], 'radius': 12.0}","{'center': [Decimal('160.30370768133668'), Decimal('110.70181108210151')], 'axes': [Decimal('164.21539147166524'), Decimal('164.21539147166524')], 'angle': 90.0}",0.6673359859155181,120,8281.920388,2.1979873157876177,-1.685881420859408,"[Decimal('0.47446521982838075'), Decimal('0.31952797899327945')]",pupil.1,1,3d c++,1581666466.817149,0.47446521982838075,0.31952797899327945
"{'center': [Decimal('-1.0627142850136537'), 5.695165923117005, 80.96831730966774], 'normal': [-0.09225841797310953, 0.5878409778406726, -0.8036985561044768], 'radius': 2.252071319799638}",0.9943697116959898,8426.372601,4.504142639599276,"{'center': [Decimal('151.89580607629776'), Decimal('163.39496256966524')], 'axes': [Decimal('26.258592715011737'), 34.49443029556714], 'angle': -80.95330401565336}","[Decimal('151.89580607629776'), Decimal('163.39496256966524')]",34.49443029556714,"{'center': [Decimal('0.044386730663660674'), Decimal('-1.3589258109710656'), 90.61269998292146], 'radius': 12.0}","{'center': [Decimal('160.30370768133668'), Decimal('110.70181108210151')], 'axes': [Decimal('164.21539147166524'), Decimal('164.21539147166524')], 'angle': 90.0}",0.6672047700270856,120,8281.920388,2.1991837398022063,-1.6850883747086842,"[0.4746743939884305, 0.3191876559597282]",pupil.1,1,3d c++,1581666466.826362,0.4746743939884305,0.3191876559597282
"{'center': [Decimal('-1.0741328086624473'), 5.683222905776136, 80.9609097090209], 'normal': [-0.093209961610509, 0.5868457263956001, -0.8043158561583801], 'radius': 2.252682777476273}",0.9974790111763433,8426.381001,4.505365554952546,"{'center': [Decimal('151.80801942583503'), Decimal('163.30748972510915')], 'axes': [Decimal('26.293797632023526'), 34.50694483098449], 'angle': -80.84558193718759}","[Decimal('151.80801942583503'), Decimal('163.30748972510915')]",34.50694483098449,"{'center': [Decimal('0.044386730663660674'), Decimal('-1.3589258109710656'), 90.61269998292146], 'radius': 12.0}","{'center': [Decimal('160.30370768133668'), Decimal('110.70181108210151')], 'axes': [Decimal('164.21539147166524'), Decimal('164.21539147166524')], 'angle': 90.0}",0.6673385391213538,120,8281.920388,2.1979540288933506,-1.6861689453693192,"[0.4744000607057345, Decimal('0.31955212614537853')]",pupil.1,1,3d c++,1581666466.839741,0.4744000607057345,0.31955212614537853
"{'center': [Decimal('-1.0611374989255538'), 5.692947067830021, 80.96651394495697], 'normal': [-0.09212701913243454, 0.5876560732334238, -0.80384883649704], 'radius': Decimal('2.2471325085284923')}",0.9979567369451852,8426.389401,4.494265017056985,"{'center': [Decimal('151.90751531119824'), 163.3798908675923], 'axes': [Decimal('26.207818965682012'), 34.41952650819913], 'angle': -80.96314788836308}","[Decimal('151.90751531119824'), 163.3798908675923]",34.41952650819913,"{'center': [Decimal('0.044386730663660674'), Decimal('-1.3589258109710656'), 90.61269998292146], 'radius': 12.0}","{'center': [Decimal('160.30370768133668'), Decimal('110.70181108210151')], 'axes': [Decimal('164.21539147166524'), Decimal('164.21539147166524')], 'angle': 90.0}",0.6676691610133623,120,8281.920388,2.198955192674746,-1.6849058532989816,"[0.4747109853474945, Decimal('0.31925045471836533')]",pupil.1,1,3d c++,1581666466.8454359,0.4747109853474945,0.31925045471836533
"{'center': [Decimal('-1.0675676719321834'), 5.691848105295401, 80.96644969650217], 'normal': [-0.09266286688298701, 0.5875644930222056, -0.8038541905349404], 'radius': 2.251245654970697}",0.9973324660298288,8426.397801,4.502491309941394,"{'center': [Decimal('151.85858479260307'), Decimal('163.37075750907695')], 'axes': [26.25602050373164, 34.4825733257446], 'angle': -80.90984693608462}","[Decimal('151.85858479260307'), Decimal('163.37075750907695')]",34.4825733257446,"{'center': [Decimal('0.044386730663660674'), Decimal('-1.3589258109710656'), 90.61269998292146], 'radius': 12.0}","{'center': [Decimal('160.30370768133668'), Decimal('110.70181108210151')], 'axes': [Decimal('164.21539147166524'), Decimal('164.21539147166524')], 'angle': 90.0}",0.6678339736552186,120,8281.920388,2.1988420110885474,-1.6855630063018223,"[0.4745580774768846, 0.319288510378846]",pupil.1,1,3d c++,1581666466.854128,0.4745580774768846,0.319288510378846
"{'center': [-1.067946478618639, 5.685526250902063, 80.96187566685917], 'normal': [-0.0926944341068583, 0.5870376718227607, -0.8042353596718574], 'radius': Decimal('2.2345633922082984')}",0.998439736627054,8426.4062,4.469126784416597,"{'center': [151.8547629429224, Decimal('163.32801394050642')], 'axes': [Decimal('26.078587205204027'), 34.22890657367628], 'angle': -80.89854580590837}","[151.8547629429224, Decimal('163.32801394050642')]",34.22890657367628,"{'center': [Decimal('0.044386730663660674'), Decimal('-1.3589258109710656'), 90.61269998292146], 'radius': 12.0}","{'center': [Decimal('160.30370768133668'), Decimal('110.70181108210151')], 'axes': [Decimal('164.21539147166524'), Decimal('164.21539147166524')], 'angle': 90.0}",0.6682249480164826,120,8281.920388,2.1981911070870064,-1.685547825223405,"[0.4745461341966325, 0.3194666085812232]",pupil.1,1,3d c++,1581666466.861591,0.4745461341966325,0.3194666085812232
"{'center': [-1.054977548606301, 5.724645061318405, 80.98906128029357], 'normal': [-0.0916136899391635, 0.5902975726907892, -0.8019698918856576], 'radius': 2.26627782881042}",0.9978962824880876,8426.4146,4.53255565762084,"{'center': [151.9571936581745, Decimal('163.60655007526302')], 'axes': [26.34513971079771, 34.70323076908327], 'angle': -81.05350653407017}","[151.9571936581745, Decimal('163.60655007526302')]",34.70323076908327,"{'center': [Decimal('0.044386730663660674'), Decimal('-1.3589258109710656'), 90.61269998292146], 'radius': 12.0}","{'center': [Decimal('160.30370768133668'), Decimal('110.70181108210151')], 'axes': [Decimal('164.21539147166524'), Decimal('164.21539147166524')], 'angle': 90.0}",0.6683705165386966,120,8281.920388,2.202223772456413,-1.684539084776549,"[0.4748662301817953, 0.3183060413530707]",pupil.1,1,3d c++,1581666466.871396,0.4748662301817953,0.3183060413530707
"{'center': [Decimal('-1.0676257750203166'), 5.706750139292977, 80.97736648827464], 'normal': [-0.09266770880699812, 0.5888063291886702, -0.8029444578872345], 'radius': Decimal('2.2436482748264353')}",0.9983170884424092,8426.423,4.4872965496528705,"{'center': [Decimal('151.85896017046883'), Decimal('163.48033982114978')], 'axes': [Decimal('26.126069919526792'), Decimal('34.361556452636954')], 'angle': -80.92875457248111}","[Decimal('151.85896017046883'), Decimal('163.48033982114978')]",34.361556452636954,"{'center': [Decimal('0.044386730663660674'), Decimal('-1.3589258109710656'), 90.61269998292146], 'radius': 12.0}","{'center': [Decimal('160.30370768133668'), Decimal('110.70181108210151')], 'axes': [Decimal('164.21539147166524'), Decimal('164.21539147166524')], 'angle': 90.0}",0.6689905752455316,120,8281.920388,2.2003775575060747,-1.6856978467145918,"[0.4745592505327151, 0.3188319174118759]",pupil.1,1,3d c++,1581666466.878218,0.4745592505327151,0.3188319174118759
"{'center': [-1.057519602117047, 5.698413034683773, 80.97009811146637], 'normal': [-0.09182552773172564, 0.5881115704712365, -0.80355015595459], 'radius': Decimal('2.2434314061510174')}",0.9984339426477572,8426.4314,4.486862812302035,"{'center': [Decimal('151.93534187546297'), Decimal('163.42047372871875')], 'axes': [Decimal('26.151093747555866'), 34.36130520500964], 'angle': -80.99939098985531}","[Decimal('151.93534187546297'), Decimal('163.42047372871875')]",34.36130520500964,"{'center': [Decimal('0.044386730663660674'), Decimal('-1.3589258109710656'), 90.61269998292146], 'radius': 12.0}","{'center': [Decimal('160.30370768133668'), Decimal('110.70181108210151')], 'axes': [Decimal('164.21539147166524'), Decimal('164.21539147166524')], 'angle': 90.0}",0.6696092760670735,120,8281.920388,2.1995182680938425,-1.6845775534396024,"[Decimal('0.47479794336082176'), 0.3190813594636719]",pupil.1,1,3d c++,1581666466.88549,0.47479794336082176,0.3190813594636719
"{'center': [Decimal('-1.0598890593293862'), 5.702702753278384, 80.97351033854721], 'normal': [-0.09202298249942058, 0.5884690470207875, -0.8032658036978529], 'radius': Decimal('2.2471002188761493')}",0.9985971687585984,8426.4398,4.494200437752299,"{'center': [Decimal('151.91770119029394'), 163.4507673357623], 'axes': [Decimal('26.180941840029394'), Decimal('34.416069089990586')], 'angle': -80.98582550917212}","[Decimal('151.91770119029394'), 163.4507673357623]",34.416069089990586,"{'center': [Decimal('0.044386730663660674'), Decimal('-1.3589258109710656'), 90.61269998292146], 'radius': 12.0}","{'center': [Decimal('160.30370768133668'), Decimal('110.70181108210151')], 'axes': [Decimal('164.21539147166524'), Decimal('164.21539147166524')], 'angle': 90.0}",0.6697000036576473,120,8281.920388,2.1999603340578324,-1.6848601219143542,"[0.4747428162196686, Decimal('0.31895513610099047')]",pupil.1,1,3d c++,1581666466.893646,0.4747428162196686,0.31895513610099047
"{'center': [Decimal('-1.0693370077795519'), 5.736395884458587, 80.99937436309595], 'normal': [-0.09281031153693439, 0.5912768079524711, -0.8011104683187917], 'radius': 2.246766111340278}",0.9975020966551915,8426.4482,4.493532222680556,"{'center': [Decimal('151.84810896006653'), Decimal('163.69463970449027')], 'axes': [Decimal('26.079078239946718'), 34.40000609547429], 'angle': -80.9533401122733}","[Decimal('151.84810896006653'), Decimal('163.69463970449027')]",34.40000609547429,"{'center': [Decimal('0.044386730663660674'), Decimal('-1.3589258109710656'), 90.61269998292146], 'radius': 12.0}","{'center': [Decimal('160.30370768133668'), Decimal('110.70181108210151')], 'axes': [Decimal('164.21539147166524'), Decimal('164.21539147166524')], 'angle': 90.0}",0.6698180451480185,120,8281.920388,2.2034374587870915,-1.6861342272556072,"[0.4745253405002079, 0.3179390012312905]",pupil.1,1,3d c++,1581666466.901715,0.4745253405002079,0.3179390012312905
"{'center': [Decimal('-1.0544060927910632'), 5.728014596277384, 80.99147708792346], 'normal': [-0.091566068621227, 0.5905783672707041, -0.8017685745831662], 'radius': Decimal('2.2477008771816887')}",0.9980601036088269,8426.4566,4.495401754363377,"{'center': [151.9612335645872, Decimal('163.63457107488622')], 'axes': [Decimal('26.119921920745206'), 34.41766289563105], 'angle': -81.06239766576373}","[151.9612335645872, Decimal('163.63457107488622')]",34.41766289563105,"{'center': [Decimal('0.044386730663660674'), Decimal('-1.3589258109710656'), 90.61269998292146], 'radius': 12.0}","{'center': [Decimal('160.30370768133668'), Decimal('110.70181108210151')], 'axes': [Decimal('164.21539147166524'), Decimal('164.21539147166524')], 'angle': 90.0}",0.6698466134769432,120,8281.920388,2.2025716853428476,-1.684508768597898,"[Decimal('0.47487885488933496'), 0.318189287187974]",pupil.1,1,3d c++,1581666466.909617,0.47487885488933496,0.318189287187974
"{'center': [Decimal('-1.0606675845394178'), 5.706414421478934, 80.97631983474473], 'normal': [-0.09208785960025655, 0.5887783527041667, -0.8030316790147268], 'radius': Decimal('2.2425237175441315')}",0.9978869053504222,8426.465,4.485047435088263,"{'center': [Decimal('151.91189562927408'), Decimal('163.47852335930003')], 'axes': [Decimal('26.116966535434454'), Decimal('34.344770365765676')], 'angle': -80.98434313332172}","[Decimal('151.91189562927408'), Decimal('163.47852335930003')]",34.344770365765676,"{'center': [Decimal('0.044386730663660674'), Decimal('-1.3589258109710656'), 90.61269998292146], 'radius': 12.0}","{'center': [Decimal('160.30370768133668'), Decimal('110.70181108210151')], 'axes': [Decimal('164.21539147166524'), Decimal('164.21539147166524')], 'angle': 90.0}",0.670324437449521,120,8281.920388,2.2003429453244245,-1.6849728318125639,"[Decimal('0.47472467384148154'), Decimal('0.31883948600291656')]",pupil.1,1,3d c++,1581666466.922009,0.47472467384148154,0.31883948600291656
"{'center': [Decimal('-1.0592673928108447'), Decimal('5.7115687697442645'), 80.97994056727046], 'normal': [-0.0919711769562088, 0.5892078817262775, -0.8027299513042495], 'radius': 2.233202756014308}",0.9974553901500068,8426.4734,4.466405512028616,"{'center': [Decimal('151.92264522066668'), Decimal('163.51776615137672')], 'axes': [Decimal('25.994733222610357'), 34.20045539650141], 'angle': -81.00225498569247}","[Decimal('151.92264522066668'), Decimal('163.51776615137672')]",34.20045539650141,"{'center': [Decimal('0.044386730663660674'), Decimal('-1.3589258109710656'), 90.61269998292146], 'radius': 12.0}","{'center': [Decimal('160.30370768133668'), Decimal('110.70181108210151')], 'axes': [Decimal('164.21539147166524'), Decimal('164.21539147166524')], 'angle': 90.0}",0.6704004653252937,120,8281.920388,2.2008744498553874,-1.684871904372044,"[0.4747582663145834, Decimal('0.31867597436926365')]",pupil.1,1,3d c++,1581666466.9297411,0.4747582663145834,0.31867597436926365
"{'center': [Decimal('-1.0660544575802193'), 5.729936900689243, 80.99423098714652], 'normal': [-0.09253676568699, 0.5907385593050257, -0.8015390829812442], 'radius': Decimal('2.2442251906953463')}",0.9973475664677043,8426.4818,4.488450381390693,"{'center': [Decimal('151.87257135612995'), Decimal('163.64849085046512')], 'axes': [Decimal('26.069028894280002'), 34.36326487403531], 'angle': -80.97134934885658}","[Decimal('151.87257135612995'), Decimal('163.64849085046512')]",34.36326487403531,"{'center': [Decimal('0.044386730663660674'), Decimal('-1.3589258109710656'), 90.61269998292146], 'radius': 12.0}","{'center': [Decimal('160.30370768133668'), Decimal('110.70181108210151')], 'axes': [Decimal('164.21539147166524'), Decimal('164.21539147166524')], 'angle': 90.0}",0.6702863248058355,120,8281.920388,2.2027702077536104,-1.6857363228072821,"[0.4746017854879061, 0.318131288123062]",pupil.1,1,3d c++,1581666466.938094,0.4746017854879061,0.318131288123062
"{'center': [Decimal('-1.0582914315366263'), 5.704950022631273, 80.97497415791193], 'normal': [-0.09188984685002391, 0.5886563194668616, -0.8031438187507935], 'radius': 2.23225776593739}",0.9985348993737596,8426.4902,4.46451553187478,"{'center': [Decimal('151.92958994734025'), Decimal('163.46998229805078')], 'axes': [Decimal('26.002420060704043'), 34.1880680611804], 'angle': -81.00159426908304}","[Decimal('151.92958994734025'), Decimal('163.46998229805078')]",34.1880680611804,"{'center': [Decimal('0.044386730663660674'), Decimal('-1.3589258109710656'), 90.61269998292146], 'radius': 12.0}","{'center': [Decimal('160.30370768133668'), Decimal('110.70181108210151')], 'axes': [Decimal('164.21539147166524'), Decimal('164.21539147166524')], 'angle': 90.0}",0.6704909682865079,120,8281.920388,2.2001919774243124,-1.6847136733492598,"[Decimal('0.47477996858543825'), Decimal('0.31887507375812174')]",pupil.1,1,3d c++,1581666466.946296,0.47477996858543825,0.31887507375812174
"{'center': [Decimal('-1.0623250568504803'), 5.734621476607492, 80.99725532870686], 'normal': [-0.09222598229284508, 0.5911289406315464, -0.8012870545178834], 'radius': 2.248072405398384}",0.9975263828977615,8426.4986,4.496144810796768,"{'center': [Decimal('151.90140942377104'), 163.6819397561158], 'axes': [Decimal('26.102314323748836'), 34.42090821750826], 'angle': -81.00728581400128}","[Decimal('151.90140942377104'), 163.6819397561158]",34.42090821750826,"{'center': [Decimal('0.044386730663660674'), Decimal('-1.3589258109710656'), 90.61269998292146], 'radius': 12.0}","{'center': [Decimal('160.30370768133668'), Decimal('110.70181108210151')], 'axes': [Decimal('164.21539147166524'), Decimal('164.21539147166524')], 'angle': 90.0}",0.6701893095193867,120,8281.920388,2.2032541195111564,-1.6853893896397227,"[0.4746919044492845, Decimal('0.31799191768285084')]",pupil.1,1,3d c++,1581666466.953728,0.4746919044492845,0.31799191768285084
"{'center': [Decimal('-1.0267679493360595'), 5.731926478746373, 80.99124263712795], 'normal': [-0.08926288999997668, 0.5909043574764532, -0.8017881121494581], 'radius': 2.246944249101989}",0.9977537982086713,8426.507,4.493888498203978,"{'center': [Decimal('152.17194011593463'), Decimal('163.66466391620384')], 'axes': [Decimal('26.112174898395466'), 34.40616938443275], 'angle': -81.28936157841882}","[Decimal('152.17194011593463'), Decimal('163.66466391620384')]",34.40616938443275,"{'center': [Decimal('0.044386730663660674'), Decimal('-1.3589258109710656'), 90.61269998292146], 'radius': 12.0}","{'center': [Decimal('160.30370768133668'), Decimal('110.70181108210151')], 'axes': [Decimal('164.21539147166524'), Decimal('164.21539147166524')], 'angle': 90.0}",0.6700941280678219,120,8281.920388,2.2029757081165076,-1.6816695398858919,"[0.4755373128622957, Decimal('0.31806390034915066')]",pupil.1,1,3d c++,1581666466.9618182,0.4755373128622957,0.31806390034915066
"{'center': [-1.045525197587049, 5.722383979990187, 80.98632249016266], 'normal': [-0.09082599402089248, 0.590109149246771, -0.8021981243965663], 'radius': Decimal('2.2301807508510816')}",0.9983586274690169,8426.5154,4.460361501702163,"{'center': [Decimal('152.02796420009716'), Decimal('163.59757894714159')], 'axes': [Decimal('25.935634689069886'), Decimal('34.151479129885075')], 'angle': -81.12660640502152}","[Decimal('152.02796420009716'), Decimal('163.59757894714159')]",34.151479129885075,"{'center': [Decimal('0.044386730663660674'), Decimal('-1.3589258109710656'), 90.61269998292146], 'radius': 12.0}","{'center': [Decimal('160.30370768133668'), Decimal('110.70181108210151')], 'axes': [Decimal('164.21539147166524'), Decimal('164.21539147166524')], 'angle': 90.0}",0.6703957802964067,120,8281.920388,2.201990359794994,-1.6835376150412666,"[0.4750873881253036, 0.3183434210535767]",pupil.1,1,3d c++,1581666466.971135,0.4750873881253036,0.3183434210535767
"{'center': [Decimal('-1.0555826782309918'), 5.717413447767627, 80.98381167768447], 'normal': [-0.09166411740788771, 0.5896949382282244, -0.8024073587697483], 'radius': 2.247847446731943}",0.997269694204104,8426.5238,4.495694893463886,"{'center': [Decimal('151.95154150461565'), 163.5575950680403], 'axes': [Decimal('26.150649994178902'), Decimal('34.423153503239696')], 'angle': -81.03939772901575}","[Decimal('151.95154150461565'), 163.5575950680403]",34.423153503239696,"{'center': [Decimal('0.044386730663660674'), Decimal('-1.3589258109710656'), 90.61269998292146], 'radius': 12.0}","{'center': [Decimal('160.30370768133668'), Decimal('110.70181108210151')], 'axes': [Decimal('164.21539147166524'), Decimal('164.21539147166524')], 'angle': 90.0}",0.6701897649445843,120,8281.920388,2.201477388960424,-1.684539642153148,"[0.4748485672019239, 0.318510020549832]",pupil.1,1,3d c++,1581666466.979063,0.4748485672019239,0.318510020549832
"{'center': [Decimal('-1.0449215864496504'), Decimal('5.7243452509263415'), 80.98769720609305], 'normal': [-0.09077569309277592, 0.5902725884914506, -0.8020835647357006], 'radius': 2.224749724744121}",0.9987130922780785,8426.532199,4.449499449488242,"{'center': [152.0325401399032, 163.6128627428005], 'axes': [Decimal('25.867291582934158'), Decimal('34.067713462534606')], 'angle': -81.13394345071968}","[152.0325401399032, 163.6128627428005]",34.067713462534606,"{'center': [Decimal('0.044386730663660674'), Decimal('-1.3589258109710656'), 90.61269998292146], 'radius': 12.0}","{'center': [Decimal('160.30370768133668'), Decimal('110.70181108210151')], 'axes': [Decimal('164.21539147166524'), Decimal('164.21539147166524')], 'angle': 90.0}",0.6705020027351294,120,8281.920388,2.202192820574864,-1.6834916621847218,"[Decimal('0.47510168793719754'), 0.3182797385716646]",pupil.1,1,3d c++,1581666466.9853408,0.47510168793719754,0.3182797385716646
"{'center': [Decimal('-1.0302065970768102'), 5.723553716629423, 80.98546087084495], 'normal': [-0.08954944397837257, 0.5902066273000407, -0.8022699260063755], 'radius': Decimal('2.2378438866730384')}",0.9984484896568536,8426.540599,4.475687773346077,"{'center': [Decimal('152.14492602927012'), Decimal('163.60548587018104')], 'axes': [Decimal('26.028139425764216'), 34.26922023649867], 'angle': -81.25127860639621}","[Decimal('152.14492602927012'), Decimal('163.60548587018104')]",34.26922023649867,"{'center': [Decimal('0.044386730663660674'), Decimal('-1.3589258109710656'), 90.61269998292146], 'radius': 12.0}","{'center': [Decimal('160.30370768133668'), Decimal('110.70181108210151')], 'axes': [Decimal('164.21539147166524'), Decimal('164.21539147166524')], 'angle': 90.0}",0.6707937177770851,120,8281.920388,2.2021111073745114,-1.6819562949125166,"[Decimal('0.47545289384146916'), 0.3183104755409123]",pupil.1,1,3d c++,1581666466.994117,0.47545289384146916,0.3183104755409123
"{'center': [Decimal('-1.0286147525923799'), Decimal('5.7365496206173106'), 80.99485738613001], 'normal': [-0.08941679027133671, 0.5912896192990313, -0.8014868830659541], 'radius': Decimal('2.2450640185583204')}",0.9983880004079988,8426.548999,4.490128037116641,"{'center': [Decimal('152.15813684913877'), Decimal('163.69843529261203')], 'axes': [26.0766315242153, 34.37584245167285], 'angle': -81.28027237132969}","[Decimal('152.15813684913877'), Decimal('163.69843529261203')]",34.37584245167285,"{'center': [Decimal('0.044386730663660674'), Decimal('-1.3589258109710656'), 90.61269998292146], 'radius': 12.0}","{'center': [Decimal('160.30370768133668'), Decimal('110.70181108210151')], 'axes': [Decimal('164.21539147166524'), Decimal('164.21539147166524')], 'angle': 90.0}",0.6713548040809925,120,8281.920388,2.2034533446130893,-1.681900531279692,"[Decimal('0.47549417765355867'), 0.3179231862807832]",pupil.1,1,3d c++,1581666467.005798,0.47549417765355867,0.3179231862807832
"{'center': [Decimal('-1.0336427656343088'), 5.739357223225778, 80.99749169752562], 'normal': [-0.08983579135816412, 0.5915235861830703, -0.8012673571163199], 'radius': Decimal('2.2387356231222064')}",0.9976037857289342,8426.557399,4.477471246244413,"{'center': [Decimal('152.11986073204187'), Decimal('163.71970546254713')], 'axes': [25.99312423598357, 34.27780720763443], 'angle': -81.24340387043873}","[Decimal('152.11986073204187'), Decimal('163.71970546254713')]",34.27780720763443,"{'center': [Decimal('0.044386730663660674'), Decimal('-1.3589258109710656'), 90.61269998292146], 'radius': 12.0}","{'center': [Decimal('160.30370768133668'), Decimal('110.70181108210151')], 'axes': [Decimal('164.21539147166524'), Decimal('164.21539147166524')], 'angle': 90.0}",0.6713851776833368,120,8281.920388,2.203743491653652,-1.6824471820264255,"[Decimal('0.47537456478763085'), 0.3178345605727203]",pupil.1,1,3d c++,1581666467.013966,0.47537456478763085,0.3178345605727203
"{'center': [Decimal('-1.0366762056850414'), 5.728518948851843, 80.98984023624989], 'normal': [-0.09008857802905851, 0.590620396651909, -0.801904978889297], 'radius': 2.228042118171906}",0.9982125061348078,8426.565799,4.456084236343812,"{'center': [Decimal('152.09571455966005'), Decimal('163.64297999120038')], 'axes': [Decimal('25.897596892253397'), Decimal('34.117243163842126')], 'angle': -81.20547757745956}","[Decimal('152.09571455966005'), Decimal('163.64297999120038')]",34.117243163842126,"{'center': [Decimal('0.044386730663660674'), Decimal('-1.3589258109710656'), 90.61269998292146], 'radius': 12.0}","{'center': [Decimal('160.30370768133668'), Decimal('110.70181108210151')], 'axes': [Decimal('164.21539147166524'), Decimal('164.21539147166524')], 'angle': 90.0}",0.6717701093052475,120,8281.920388,2.20262376862499,-1.682670454356018,"[Decimal('0.47529910799893765'), 0.3181542500366651]",pupil.1,1,3d c++,1581666467.021636,0.47529910799893765,0.3181542500366651
"{'center': [Decimal('-1.0319555137307033'), 5.744769167831095, 81.00130023985213], 'normal': [-0.08969518703286367, 0.5919745815668467, -0.8009499785891104], 'radius': Decimal('2.2334093201901974')}",0.9837084078107693,8426.574199,4.466818640380395,"{'center': [Decimal('152.13292651260824'), Decimal('163.76004006789572')], 'axes': [25.91693411119162, 34.19463069884913], 'angle': -81.26368485592101}","[Decimal('152.13292651260824'), Decimal('163.76004006789572')]",34.19463069884913,"{'center': [Decimal('0.044386730663660674'), Decimal('-1.3589258109710656'), 90.61269998292146], 'radius': 12.0}","{'center': [Decimal('160.30370768133668'), Decimal('110.70181108210151')], 'axes': [Decimal('164.21539147166524'), Decimal('164.21539147166524')], 'angle': 90.0}",0.672038009003717,120,8281.920388,2.2043029544647332,-1.6823176876546675,"[Decimal('0.47541539535190075'), Decimal('0.31766649971710115')]",pupil.1,1,3d c++,1581666467.0296054,0.47541539535190075,0.31766649971710115
"{'center': [Decimal('-1.0272469863016662'), 5.745307265094042, 81.00117182255042], 'normal': [-0.08930280974711058, 0.5920194230054256, -0.8009606800309202], 'radius': Decimal('2.2562206861518908')}",0.9969735425980886,8426.582599,4.5124413723037815,"{'center': [152.1694649367484, Decimal('163.75986313317824')], 'axes': [Decimal('26.182303683957436'), 34.54403488944475], 'angle': -81.30211809347996}","[152.1694649367484, Decimal('163.75986313317824')]",34.54403488944475,"{'center': [Decimal('0.044386730663660674'), Decimal('-1.3589258109710656'), 90.61269998292146], 'radius': 12.0}","{'center': [Decimal('160.30370768133668'), Decimal('110.70181108210151')], 'axes': [Decimal('164.21539147166524'), Decimal('164.21539147166524')], 'angle': 90.0}",0.6715948328753107,120,8281.920388,2.20435859313439,-1.681832367769717,"[Decimal('0.47552957792733874'), 0.3176672369450907]",pupil.1,1,3d c++,1581666467.0380852,0.47552957792733874,0.3176672369450907
"{'center': [Decimal('-1.0307496237025169'), 5.75409858419328, 81.00806746661365], 'normal': [-0.08959469619718147, 0.5927520329303622, -0.8003860430256501], 'radius': Decimal('2.2413523298149944')}",0.9972517113827822,8426.590999,4.482704659629989,"{'center': [Decimal('152.14297152598874'), Decimal('163.82620968526783')], 'axes': [25.98362660841259, Decimal('34.313419567622425')], 'angle': -81.28493602315248}","[Decimal('152.14297152598874'), Decimal('163.82620968526783')]",34.313419567622425,"{'center': [Decimal('0.044386730663660674'), Decimal('-1.3589258109710656'), 90.61269998292146], 'radius': 12.0}","{'center': [Decimal('160.30370768133668'), Decimal('110.70181108210151')], 'axes': [Decimal('164.21539147166524'), Decimal('164.21539147166524')], 'angle': 90.0}",0.6714400336810811,120,8281.920388,2.2052679283453287,-1.6822716152803452,"[0.4754467860187148, Decimal('0.31739079297805073')]",pupil.1,1,3d c++,1581666467.050504,0.4754467860187148,0.31739079297805073
"{'center': [-1.026196242210349, 5.739928742202512, 80.99708163925374], 'normal': [-0.0892152477395008, 0.5915712127644648, -0.8013015286389761], 'radius': Decimal('2.2383458678313413')}",0.9968586278208778,8426.599399,4.4766917356626825,"{'center': [Decimal('152.17659186579306'), Decimal('163.72434626838313')], 'axes': [25.99018539488431, 34.27200979433288], 'angle': -81.30388653940902}","[Decimal('152.17659186579306'), Decimal('163.72434626838313')]",34.27200979433288,"{'center': [Decimal('0.044386730663660674'), Decimal('-1.3589258109710656'), 90.61269998292146], 'radius': 12.0}","{'center': [Decimal('160.30370768133668'), Decimal('110.70181108210151')], 'axes': [Decimal('164.21539147166524'), Decimal('164.21539147166524')], 'angle': 90.0}",0.6713782816876956,120,8281.920388,2.2038025619008126,-1.6816775880858696,"[0.4755518495806033, 0.317815223881737]",pupil.1,1,3d c++,1581666467.054278,0.4755518495806033,0.317815223881737
"{'center': [Decimal('-1.0060960285131488'), 5.741418737138837, 80.99596491998048], 'normal': [-0.0875402299314008, 0.5916953790091586, -0.8013945885784141], 'radius': Decimal('2.2283006355349677')}",0.9983562788420944,8426.607799,4.456601271069935,"{'center': [Decimal('152.32947787167853'), Decimal('163.73818096057303')], 'axes': [Decimal('25.877788470225674'), 34.11862835042734], 'angle': -81.46713109392138}","[Decimal('152.32947787167853'), Decimal('163.73818096057303')]",34.11862835042734,"{'center': [Decimal('0.044386730663660674'), Decimal('-1.3589258109710656'), 90.61269998292146], 'radius': 12.0}","{'center': [Decimal('160.30370768133668'), Decimal('110.70181108210151')], 'axes': [Decimal('164.21539147166524'), Decimal('164.21539147166524')], 'angle': 90.0}",0.6718724517849939,120,8281.920388,2.2039565747223313,-1.6795998035815347,"[Decimal('0.47602961834899543'), 0.3177575793309457]",pupil.1,1,3d c++,1581666467.06171,0.47602961834899543,0.3177575793309457
"{'center': [-1.013462934943421, 5.762208754473805, 81.01215850934814], 'normal': [-0.08815413880059014, 0.5934278804537393, -0.8000451227977762], 'radius': Decimal('2.2379639940734126')}",0.9975287487352951,8426.616199,4.475927988146825,"{'center': [Decimal('152.27504165095064'), 163.8865942214152], 'axes': [Decimal('25.929011889008994'), 34.25980655296243], 'angle': -81.43334967105629}","[Decimal('152.27504165095064'), 163.8865942214152]",34.25980655296243,"{'center': [Decimal('0.044386730663660674'), Decimal('-1.3589258109710656'), 90.61269998292146], 'radius': 12.0}","{'center': [Decimal('160.30370768133668'), Decimal('110.70181108210151')], 'axes': [Decimal('164.21539147166524'), Decimal('164.21539147166524')], 'angle': 90.0}",0.6718063076597613,120,8281.920388,2.206107348525545,-1.6805400792564864,"[Decimal('0.47585950515922076'), Decimal('0.31713919074410335')]",pupil.1,1,3d c++,1581666467.070781,0.47585950515922076,0.31713919074410335
"{'center': [-1.03664110479854, 5.747069017774838, 81.00352643298531], 'normal': [-0.09008565295518339, 0.5921662357288253, -0.8007644624946786], 'radius': Decimal('2.2242971260960043')}",0.9978416055663456,8426.624599,4.4485942521920085,"{'center': [Decimal('152.09714706425774'), Decimal('163.77816326627425')], 'axes': [Decimal('25.802772176524464'), 34.05414878178213], 'angle': -81.22898143463578}","[Decimal('152.09714706425774'), Decimal('163.77816326627425')]",34.05414878178213,"{'center': [Decimal('0.044386730663660674'), Decimal('-1.3589258109710656'), 90.61269998292146], 'radius': 12.0}","{'center': [Decimal('160.30370768133668'), Decimal('110.70181108210151')], 'axes': [Decimal('164.21539147166524'), Decimal('164.21539147166524')], 'angle': 90.0}",0.6720051799665172,120,8281.920388,2.204540772352346,-1.6828248587413481,"[Decimal('0.47530358457580546'), Decimal('0.31759098639052397')]",pupil.1,1,3d c++,1581666467.077918,0.47530358457580546,0.31759098639052397
"{'center': [Decimal('-1.0168068828947643'), 5.76239765550365, 81.01266768087271], 'normal': [-0.08843280112986875, 0.5934436222062263, -0.8000026918373955], 'radius': Decimal('2.2333831731779656')}",0.9966763759537159,8426.632999,4.466766346355931,"{'center': [152.2494664572439, Decimal('163.88864351789206')], 'axes': [Decimal('25.873976601950027'), 34.18944834155769], 'angle': -81.4068059420474}","[152.2494664572439, Decimal('163.88864351789206')]",34.18944834155769,"{'center': [Decimal('0.044386730663660674'), Decimal('-1.3589258109710656'), 90.61269998292146], 'radius': 12.0}","{'center': [Decimal('160.30370768133668'), Decimal('110.70181108210151')], 'axes': [Decimal('164.21539147166524'), Decimal('164.21539147166524')], 'angle': 90.0}",0.6720033552019555,120,8281.920388,2.206126906379913,-1.680889988189522,"[0.4757795826788872, 0.3171306520087831]",pupil.1,1,3d c++,1581666467.0891788,0.4757795826788872,0.3171306520087831
"{'center': [Decimal('-1.0287282062067444'), 5.756603694885291, 81.00969710967638], 'normal': [-0.08942624473920044, 0.5929607921546963, -0.8002502394370898], 'radius': 2.220817810816127}",0.9977712791533635,8426.641399,4.441635621632254,"{'center': [Decimal('152.15795260740052'), Decimal('163.84836482851514')], 'axes': [25.73936330048154, Decimal('33.998284526085484')], 'angle': -81.30422927826059}","[Decimal('152.15795260740052'), Decimal('163.84836482851514')]",33.998284526085484,"{'center': [Decimal('0.044386730663660674'), Decimal('-1.3589258109710656'), 90.61269998292146], 'radius': 12.0}","{'center': [Decimal('160.30370768133668'), Decimal('110.70181108210151')], 'axes': [Decimal('164.21539147166524'), Decimal('164.21539147166524')], 'angle': 90.0}",0.6719924233363539,120,8281.920388,2.205527157333127,-1.6820824789720101,"[0.4754936018981266, Decimal('0.31729847988118687')]",pupil.1,1,3d c++,1581666467.098073,0.4754936018981266,0.31729847988118687
"{'center': [Decimal('-1.0216998132102115'), 5.742958400212705, 80.99881938599756], 'normal': [-0.08884054532282269, 0.5918236842653143, -0.8011567164103246], 'radius': 2.20251235579346}",0.9982815768491412,8426.649799,4.40502471158692,"{'center': [Decimal('152.21003348817442'), Decimal('163.75331364375475')], 'axes': [Decimal('25.567467817546216'), 33.7224838930375], 'angle': -81.34372737554874}","[Decimal('152.21003348817442'), Decimal('163.75331364375475')]",33.7224838930375,"{'center': [Decimal('0.044386730663660674'), Decimal('-1.3589258109710656'), 90.61269998292146], 'radius': 12.0}","{'center': [Decimal('160.30370768133668'), Decimal('110.70181108210151')], 'axes': [Decimal('164.21539147166524'), Decimal('164.21539147166524')], 'angle': 90.0}",0.6722987179627271,120,8281.920388,2.2041157397660545,-1.681235469637028,"[Decimal('0.47565635465054507'), Decimal('0.31769452648435526')]",pupil.1,1,3d c++,1581666467.1049368,0.47565635465054507,0.31769452648435526
"{'center': [Decimal('-1.0206301172172372'), 5.75140350882692, 81.00494498616227], 'normal': [-0.08875140399007483, 0.5925274433164988, -0.8006462497299315], 'radius': 2.222848156479182}",0.9978222353033886,8426.658198,4.445696312958364,"{'center': [Decimal('152.21931772033352'), Decimal('163.81076186107046')], 'axes': [25.78073705839978, Decimal('34.031363105107914')], 'angle': -81.36270553585506}","[Decimal('152.21931772033352'), Decimal('163.81076186107046')]",34.031363105107914,"{'center': [Decimal('0.044386730663660674'), Decimal('-1.3589258109710656'), 90.61269998292146], 'radius': 12.0}","{'center': [Decimal('160.30370768133668'), Decimal('110.70181108210151')], 'axes': [Decimal('164.21539147166524'), Decimal('164.21539147166524')], 'angle': 90.0}",0.6727656617499522,120,8281.920388,2.2049890970169654,-1.6811953265268416,"[Decimal('0.47568536787604226'), Decimal('0.31745515891220644')]",pupil.1,1,3d c++,1581666467.114284,0.47568536787604226,0.31745515891220644
"{'center': [Decimal('-1.0069429243021448'), 5.754159617022818, 81.00547761375302], 'normal': [-0.08761080458048379, 0.5927571189994904, -0.8006018640973703], 'radius': Decimal('2.2149079875981292')}",0.9975903632438926,8426.666598,4.4298159751962585,"{'center': [Decimal('152.32350863219858'), 163.8330001381542], 'axes': [Decimal('25.686687395131784'), Decimal('33.909544104526326')], 'angle': -81.47581353642143}","[Decimal('152.32350863219858'), 163.8330001381542]",33.909544104526326,"{'center': [Decimal('0.044386730663660674'), Decimal('-1.3589258109710656'), 90.61269998292146], 'radius': 12.0}","{'center': [Decimal('160.30370768133668'), Decimal('110.70181108210151')], 'axes': [Decimal('164.21539147166524'), Decimal('164.21539147166524')], 'angle': 90.0}",0.6732757429437797,120,8281.920388,2.2052742434379033,-1.6797937967032652,"[0.4760109644756206, Decimal('0.31736249942435746')]",pupil.1,1,3d c++,1581666467.1222851,0.4760109644756206,0.31736249942435746
"{'center': [-1.034102831049455, 5.753481942899008, 81.00798675409652], 'normal': [-0.08987413014275966, 0.5927006461558394, -0.8003927690687447], 'radius': 2.218414463762294}",0.9979695378707534,8426.674998,4.436828927524588,"{'center': [Decimal('152.11674794158696'), Decimal('163.82589030011076')], 'axes': [Decimal('25.717849793383543'), Decimal('33.962197074062125')], 'angle': -81.25731199597949}","[Decimal('152.11674794158696'), Decimal('163.82589030011076')]",33.962197074062125,"{'center': [Decimal('0.044386730663660674'), Decimal('-1.3589258109710656'), 90.61269998292146], 'radius': 12.0}","{'center': [Decimal('160.30370768133668'), Decimal('110.70181108210151')], 'axes': [Decimal('164.21539147166524'), Decimal('164.21539147166524')], 'angle': 90.0}",0.673510497089369,120,8281.920388,2.205204125857171,-1.6826154735295646,"[Decimal('0.47536483731745927'), 0.3173921237495385]",pupil.1,1,3d c++,1581666467.129208,0.47536483731745927,0.3173921237495385
"{'center': [Decimal('-1.0044436143206628'), 5.780201372166869, 81.02453968125664], 'normal': [-0.08740252874869363, 0.5949272652614945, -0.7990133584720678], 'radius': Decimal('2.2153022150061794')}",0.99758497673218,8426.683398,4.430604430012359,"{'center': [152.3442924317567, 164.0217013442145], 'axes': [Decimal('25.620207068271156'), 33.90763141537639], 'angle': -81.52726140837576}","[152.3442924317567, 164.0217013442145]",33.90763141537639,"{'center': [Decimal('0.044386730663660674'), Decimal('-1.3589258109710656'), 90.61269998292146], 'radius': 12.0}","{'center': [Decimal('160.30370768133668'), Decimal('110.70181108210151')], 'axes': [Decimal('164.21539147166524'), Decimal('164.21539147166524')], 'angle': 90.0}",0.6740405142865225,120,8281.920388,2.2079714815588,-1.6797511987172185,"[Decimal('0.47607591384923975'), Decimal('0.31657624439910625')]",pupil.1,1,3d c++,1581666467.139987,0.47607591384923975,0.31657624439910625
"{'center': [-1.005960588595581, Decimal('5.7561833679199825'), 81.00686884337995], 'normal': [-0.08752894327160346, 0.5929257649075873, -0.8004859282951255], 'radius': Decimal('2.2078036910462524')}",0.9977404678018456,8426.691798,4.415607382092505,"{'center': [Decimal('152.33092945949073'), Decimal('163.84905329761338')], 'axes': [Decimal('25.599087740363448'), 33.80017201180382], 'angle': -81.48614343184316}","[Decimal('152.33092945949073'), Decimal('163.84905329761338')]",33.80017201180382,"{'center': [Decimal('0.044386730663660674'), Decimal('-1.3589258109710656'), 90.61269998292146], 'radius': 12.0}","{'center': [Decimal('160.30370768133668'), Decimal('110.70181108210151')], 'axes': [Decimal('164.21539147166524'), Decimal('164.21539147166524')], 'angle': 90.0}",0.6741902771561614,120,8281.920388,2.205483658422049,-1.67970840309271,"[Decimal('0.47603415456090853'), 0.3172956112599442]",pupil.1,1,3d c++,1581666467.1458292,0.47603415456090853,0.3172956112599442
"{'center': [-0.9968164766735752, 5.776214230140473, 81.02074124266629], 'normal': [-0.08676693394476966, 0.5945950034259616, -0.799329895021264], 'radius': 2.207969088832261}",0.9974365895834088,8426.700198,4.415938177664522,"{'center': [Decimal('152.40189740824326'), Decimal('163.99463378471344')], 'axes': [25.54950502948225, Decimal('33.796937290672886')], 'angle': -81.58345784473961}","[Decimal('152.40189740824326'), Decimal('163.99463378471344')]",33.796937290672886,"{'center': [Decimal('0.044386730663660674'), Decimal('-1.3589258109710656'), 90.61269998292146], 'radius': 12.0}","{'center': [Decimal('160.30370768133668'), Decimal('110.70181108210151')], 'axes': [Decimal('164.21539147166524'), Decimal('164.21539147166524')], 'angle': 90.0}",0.6741794736523476,120,8281.920388,2.2075581704282254,-1.6789225606898113,"[Decimal('0.47625592940076017'), 0.3166890258970273]",pupil.1,1,3d c++,1581666467.153441,0.47625592940076017,0.3166890258970273
"{'center': [Decimal('-1.0088301966506645'), 5.760081936308493, 81.01007207186544], 'normal': [-0.08776807727619378, 0.5932506456066299, -0.8002189925880021], 'radius': 2.203654000100801}",0.9971171698886699,8426.708598,4.407308000201602,"{'center': [152.3092247175291, 163.8779166225965], 'axes': [25.53904834196255, Decimal('33.735297062748444')], 'angle': -81.46787270590731}","[152.3092247175291, 163.8779166225965]",33.735297062748444,"{'center': [Decimal('0.044386730663660674'), Decimal('-1.3589258109710656'), 90.61269998292146], 'radius': 12.0}","{'center': [Decimal('160.30370768133668'), Decimal('110.70181108210151')], 'axes': [Decimal('164.21539147166524'), Decimal('164.21539147166524')], 'angle': 90.0}",0.674098903438114,120,8281.920388,2.205887168019009,-1.680039740119102,"[Decimal('0.47596632724227844'), Decimal('0.31717534740584796')]",pupil.1,1,3d c++,1581666467.160897,0.47596632724227844,0.31717534740584796
"{'center': [Decimal('-1.0100599728213793'), 5.768345181607838, 81.01633867522504], 'normal': [-0.08787055862375334, 0.5939392493815753, -0.799696775641368], 'radius': 2.192448036896636}",0.9978447669255972,8426.716998,4.384896073793272,"{'center': [152.3001092886247, Decimal('163.93979984312548')], 'axes': [25.38597800905404, 33.56111533684933], 'angle': -81.46804635401327}","[152.3001092886247, Decimal('163.93979984312548')]",33.56111533684933,"{'center': [Decimal('0.044386730663660674'), Decimal('-1.3589258109710656'), 90.61269998292146], 'radius': 12.0}","{'center': [Decimal('160.30370768133668'), Decimal('110.70181108210151')], 'axes': [Decimal('164.21539147166524'), Decimal('164.21539147166524')], 'angle': 90.0}",0.6742616541692725,120,8281.920388,2.2067428273933682,-1.6802371345869973,"[0.4759378415269522, Decimal('0.31691750065364377')]",pupil.1,1,3d c++,1581666467.175039,0.4759378415269522,0.31691750065364377
"{'center': [-1.004296776496294, 5.770305022776416, 81.01716296715445], 'normal': [-0.08739029226332956, 0.5941025694789568, -0.7996280846472509], 'radius': Decimal('2.1971139923855993')}",0.9970473236442844,8426.725398,4.394227984771199,"{'center': [152.3442518416933, Decimal('163.95344969210407')], 'axes': [25.43701685618216, Decimal('33.632217165819895')], 'angle': -81.51652984471986}","[152.3442518416933, Decimal('163.95344969210407')]",33.632217165819895,"{'center': [Decimal('0.044386730663660674'), Decimal('-1.3589258109710656'), 90.61269998292146], 'radius': 12.0}","{'center': [Decimal('160.30370768133668'), Decimal('110.70181108210151')], 'axes': [Decimal('164.21539147166524'), Decimal('164.21539147166524')], 'angle': 90.0}",0.6741252775099627,120,8281.920388,2.206945848313626,-1.679652976499595,"[0.4760757870052916, 0.3168606262828997]",pupil.1,1,3d c++,1581666467.181849,0.4760757870052916,0.3168606262828997
"{'center': [-1.003243505385443, 5.783313395387848, 81.02672637521393], 'normal': [-0.08730251967075864, 0.5951866005299095, -0.7988311339756273], 'radius': 2.205902154777453}",0.9974750879909474,8426.733798,4.411804309554906,"{'center': [Decimal('152.35338140377854'), Decimal('164.04606702920088')], 'axes': [Decimal('25.503328132253134'), Decimal('33.762806527895464')], 'angle': -81.54058553460035}","[Decimal('152.35338140377854'), Decimal('164.04606702920088')]",33.762806527895464,"{'center': [Decimal('0.044386730663660674'), Decimal('-1.3589258109710656'), 90.61269998292146], 'radius': 12.0}","{'center': [Decimal('160.30370768133668'), Decimal('110.70181108210151')], 'axes': [Decimal('164.21539147166524'), Decimal('164.21539147166524')], 'angle': 90.0}",0.6740557718343476,120,8281.920388,2.208294164873368,-1.679652141598133,"[Decimal('0.47610431688680793'), Decimal('0.31647472071166294')]",pupil.1,1,3d c++,1581666467.189334,0.47610431688680793,0.31647472071166294
"{'center': [Decimal('-1.0182898696064784'), 5.778962515204403, 81.02514196816679], 'normal': [-0.08855638335584493, 0.594824027181289, -0.7989631678962213], 'radius': Decimal('2.2094632761319004')}",0.9978078291965649,8426.742198,4.418926552263801,"{'center': [Decimal('152.23863293844357'), 164.0130452791446], 'axes': [Decimal('25.550327345962117'), Decimal('33.817987286219974')], 'angle': -81.41514540536667}","[Decimal('152.23863293844357'), 164.0130452791446]",33.817987286219974,"{'center': [Decimal('0.044386730663660674'), Decimal('-1.3589258109710656'), 90.61269998292146], 'radius': 12.0}","{'center': [Decimal('160.30370768133668'), Decimal('110.70181108210151')], 'axes': [Decimal('164.21539147166524'), Decimal('164.21539147166524')], 'angle': 90.0}",0.6740830103395767,120,8281.920388,2.20784304687175,-1.6811848768293611,"[Decimal('0.47574572793263614'), 0.3166123113368975]",pupil.1,1,3d c++,1581666467.1974242,0.47574572793263614,0.3166123113368975
"{'center': [-0.9974446146722296, 5.789387313931067, 81.03062260292563], 'normal': [-0.08681927877799085, 0.595692760408511, -0.7985064483329848], 'radius': 2.209883518584272}",0.9970645465501301,8426.750598,4.419767037168544,"{'center': [Decimal('152.39804387627973'), 164.0896180767672], 'axes': [25.53493233545667, Decimal('33.822139257189114')], 'angle': -81.59414938917583}","[Decimal('152.39804387627973'), 164.0896180767672]",33.822139257189114,"{'center': [Decimal('0.044386730663660674'), Decimal('-1.3589258109710656'), 90.61269998292146], 'radius': 12.0}","{'center': [Decimal('160.30370768133668'), Decimal('110.70181108210151')], 'axes': [Decimal('164.21539147166524'), Decimal('164.21539147166524')], 'angle': 90.0}",0.6741991673739789,120,8281.920388,2.2089241871414926,-1.67909798370978,"[0.4762438871133742, Decimal('0.31629325801346997')]",pupil.1,1,3d c++,1581666467.204916,0.4762438871133742,0.31629325801346997
"{'center': [Decimal('-1.0059610741689302'), 5.803506163866389, 81.04210242087187], 'normal': [-0.08752898373604924, 0.5968693312364546, -0.7975497968374652], 'radius': 2.214531446325589}",0.9968354248160142,8426.758998,4.429062892651178,"{'center': [Decimal('152.33428617881813'), Decimal('164.19044982232566')], 'axes': [25.54587433403034, 33.88851250065059], 'angle': -81.54308630992516}","[Decimal('152.33428617881813'), Decimal('164.19044982232566')]",33.88851250065059,"{'center': [Decimal('0.044386730663660674'), Decimal('-1.3589258109710656'), 90.61269998292146], 'radius': 12.0}","{'center': [Decimal('160.30370768133668'), Decimal('110.70181108210151')], 'axes': [Decimal('164.21539147166524'), Decimal('164.21539147166524')], 'angle': 90.0}",0.6740509080298551,120,8281.920388,2.2103898157417325,-1.680106225958055,"[Decimal('0.47604464430880666'), 0.3158731257403098]",pupil.1,1,3d c++,1581666467.213381,0.47604464430880666,0.3158731257403098
"{'center': [Decimal('-1.0253907626476975'), 5.792185953162106, 81.03579147068847], 'normal': [-0.08914812444261318, 0.5959259803444309, -0.798075709352749], 'radius': 2.198284562056269}",0.9980828713140578,8426.767398,4.396569124112538,"{'center': [Decimal('152.18516953871386'), Decimal('164.11046313313994')], 'axes': [Decimal('25.381573979924113'), 33.64243573398328], 'angle': -81.37460705153798}","[Decimal('152.18516953871386'), Decimal('164.11046313313994')]",33.64243573398328,"{'center': [Decimal('0.044386730663660674'), Decimal('-1.3589258109710656'), 90.61269998292146], 'radius': 12.0}","{'center': [Decimal('160.30370768133668'), Decimal('110.70181108210151')], 'axes': [Decimal('164.21539147166524'), Decimal('164.21539147166524')], 'angle': 90.0}",0.6741089614970996,120,8281.920388,2.2092145774043144,-1.6820390141350832,"[0.4755786548084808, 0.3162064036119169]",pupil.1,1,3d c++,1581666467.220945,0.4755786548084808,0.3162064036119169
"{'center': [Decimal('-1.0242898504423192'), 5.80155674511845, 81.04267281843893], 'normal': [-0.08905638175883167, 0.5967068796741263, -0.7975022637068769], 'radius': Decimal('2.2075044076201653')}",0.9970535128922646,8426.775798,4.415008815240331,"{'center': [152.1944481107837, 164.1766183151226], 'axes': [25.46255143106385, 33.78071554089242], 'angle': -81.39479246817223}","[152.1944481107837, 164.1766183151226]",33.78071554089242,"{'center': [Decimal('0.044386730663660674'), Decimal('-1.3589258109710656'), 90.61269998292146], 'radius': 12.0}","{'center': [Decimal('160.30370768133668'), Decimal('110.70181108210151')], 'axes': [Decimal('164.21539147166524'), Decimal('164.21539147166524')], 'angle': 90.0}",0.6744343231464001,120,8281.920388,2.2101873583757,-1.6820047252083639,"[Decimal('0.47560765034619906'), 0.3159307570203225]",pupil.1,1,3d c++,1581666467.2289288,0.47560765034619906,0.3159307570203225
"{'center': [-1.017501865941917, 5.797676236126389, 81.03901523002304], 'normal': [-0.08849071638379814, 0.5963835039247879, -0.7978070627415345], 'radius': Decimal('2.2192207565705564')}",0.9966246937675987,8426.784198,4.438441513141113,"{'center': [Decimal('152.24617465394022'), 164.1467225039509], 'axes': [Decimal('25.611451494042704'), Decimal('33.961581992764714')], 'angle': -81.44414237836989}","[Decimal('152.24617465394022'), 164.1467225039509]",33.961581992764714,"{'center': [Decimal('0.044386730663660674'), Decimal('-1.3589258109710656'), 90.61269998292146], 'radius': 12.0}","{'center': [Decimal('160.30370768133668'), Decimal('110.70181108210151')], 'axes': [Decimal('164.21539147166524'), Decimal('164.21539147166524')], 'angle': 90.0}",0.6744287932571646,120,8281.920388,2.2097844378424805,-1.6812622338568255,"[0.4757692957935632, Decimal('0.31605532290020455')]",pupil.1,1,3d c++,1581666467.237901,0.4757692957935632,0.31605532290020455
"{'center': [Decimal('-1.0113656252622485'), 5.811905036922775, 81.04898878308637], 'normal': [-0.08797936299382578, 0.5975692373244867, -0.7969759333195902], 'radius': Decimal('2.1911590841855704')}",0.9980572158026008,8426.792597,4.382318168371141,"{'center': [Decimal('152.29308081717636'), Decimal('164.25528535046092')], 'axes': [Decimal('25.250725191192053'), 33.52791644627973], 'angle': -81.510125868671}","[Decimal('152.29308081717636'), Decimal('164.25528535046092')]",33.52791644627973,"{'center': [Decimal('0.044386730663660674'), Decimal('-1.3589258109710656'), 90.61269998292146], 'radius': 12.0}","{'center': [Decimal('160.30370768133668'), Decimal('110.70181108210151')], 'axes': [Decimal('164.21539147166524'), Decimal('164.21539147166524')], 'angle': 90.0}",0.6746677292443604,120,8281.920388,2.2112624317997764,-1.6807426494483193,"[Decimal('0.47591587755367615'), Decimal('0.31560297770641277')]",pupil.1,1,3d c++,1581666467.245166,0.47591587755367615,0.31560297770641277
"{'center': [Decimal('-1.0240753193874321'), 5.805636091546887, 81.0457024605747], 'normal': [-0.0890385041709244, 0.5970468252098294, -0.7972497935288962], 'radius': 2.190971473704847}",0.9972039872958781,8426.800997,4.381942947409694,"{'center': [Decimal('152.19590531127508'), Decimal('164.20923724338445')], 'axes': [Decimal('25.260593351732105'), 33.52640106947705], 'angle': -81.40145860590128}","[Decimal('152.19590531127508'), Decimal('164.20923724338445')]",33.52640106947705,"{'center': [Decimal('0.044386730663660674'), Decimal('-1.3589258109710656'), 90.61269998292146], 'radius': 12.0}","{'center': [Decimal('160.30370768133668'), Decimal('110.70181108210151')], 'axes': [Decimal('164.21539147166524'), Decimal('164.21539147166524')], 'angle': 90.0}",0.6742890900264809,120,8281.920388,2.210611054771738,-1.6820175047307957,"[Decimal('0.47561220409773464'), 0.3157948448192315]",pupil.1,1,3d c++,1581666467.257184,0.47561220409773464,0.3157948448192315
"{'center': [Decimal('-1.0142090870956466'), 5.801821555558595, 81.04175060225074], 'normal': [-0.08821631814660894, 0.596728947210805, -0.7975791150558925], 'radius': Decimal('2.1761545670662974')}",0.9982079648111,8426.809397,4.352309134132595,"{'center': [Decimal('152.27034347465886'), Decimal('164.18495162785487')], 'axes': [Decimal('25.104183164521746'), 33.3012287041728], 'angle': -81.47537887683275}","[Decimal('152.27034347465886'), Decimal('164.18495162785487')]",33.3012287041728,"{'center': [Decimal('0.044386730663660674'), Decimal('-1.3589258109710656'), 90.61269998292146], 'radius': 12.0}","{'center': [Decimal('160.30370768133668'), Decimal('110.70181108210151')], 'axes': [Decimal('164.21539147166524'), Decimal('164.21539147166524')], 'angle': 90.0}",0.6743651861626176,120,8281.920388,2.2102148585402577,-1.680953680460698,"[0.4758448233583089, 0.315896034883938]",pupil.1,1,3d c++,1581666467.266274,0.4758448233583089,0.315896034883938
"{'center': [-1.023518612076311, 5.817889296297601, 81.05482871913956], 'normal': [-0.08899211189499764, 0.5980679256057222, -0.7964892719818244], 'radius': 2.208896423923967}",0.9972872825638457,8426.817797,4.417792847847934,"{'center': [152.2014794347763, Decimal('164.29455727887387')], 'axes': [25.43349554233078, 33.79697202641498], 'angle': -81.42073559981858}","[152.2014794347763, Decimal('164.29455727887387')]",33.79697202641498,"{'center': [Decimal('0.044386730663660674'), Decimal('-1.3589258109710656'), 90.61269998292146], 'radius': 12.0}","{'center': [Decimal('160.30370768133668'), Decimal('110.70181108210151')], 'axes': [Decimal('164.21539147166524'), Decimal('164.21539147166524')], 'angle': 90.0}",0.6742434705198197,120,8281.920388,2.2118845235570643,-1.682065301108437,"[Decimal('0.47562962323367597'), 0.3154393446713589]",pupil.1,1,3d c++,1581666467.2735288,0.47562962323367597,0.3154393446713589
"{'center': [Decimal('-1.0303566294739959'), 5.811085671008678, 81.05048987970167], 'normal': [-0.08956194667813805, 0.5975009568316453, -0.7968508419349826], 'radius': Decimal('2.2012285206832454')}",0.9980658781460419,8426.826197,4.402457041366491,"{'center': [152.1487557571198, 164.2463855834644], 'axes': [Decimal('25.361168594027156'), 33.68141570116658], 'angle': -81.35814071403477}","[152.1487557571198, 164.2463855834644]",33.68141570116658,"{'center': [Decimal('0.044386730663660674'), Decimal('-1.3589258109710656'), 90.61269998292146], 'radius': 12.0}","{'center': [Decimal('160.30370768133668'), Decimal('110.70181108210151')], 'axes': [Decimal('164.21539147166524'), Decimal('164.21539147166524')], 'angle': 90.0}",0.6746045021610136,120,8281.920388,2.211177277332448,-1.6827214717939933,"[0.4754648617409994, Decimal('0.31564006006889833')]",pupil.1,1,3d c++,1581666467.281452,0.4754648617409994,0.31564006006889833
"{'center': [Decimal('-1.0149621158659137'), 5.807099840766869, 81.04578530890088], 'normal': [-0.0882790705441312, 0.5971688043114945, -0.7972428895017154], 'radius': 2.192952021114806}",0.99811742959781,8426.834597,4.385904042229612,"{'center': [Decimal('152.26542702687672'), 164.2199820763274], 'axes': [Decimal('25.283185055583388'), Decimal('33.556680299853255')], 'angle': -81.47574112101832}","[Decimal('152.26542702687672'), 164.2199820763274]",33.556680299853255,"{'center': [Decimal('0.044386730663660674'), Decimal('-1.3589258109710656'), 90.61269998292146], 'radius': 12.0}","{'center': [Decimal('160.30370768133668'), Decimal('110.70181108210151')], 'axes': [Decimal('164.21539147166524'), Decimal('164.21539147166524')], 'angle': 90.0}",0.674602371447508,120,8281.920388,2.210763117890177,-1.6810775215892055,"[Decimal('0.47582945945898975'), Decimal('0.31575007468196914')]",pupil.1,1,3d c++,1581666467.2907689,0.47582945945898975,0.31575007468196914
"{'center': [Decimal('-1.0224313651948151'), 5.80915218785352, 81.04815310640316], 'normal': [-0.08890150798820631, 0.5973398332353822, -0.797045573043191], 'radius': Decimal('2.1805716700937894')}",0.9983994458569279,8426.842997,4.361143340187579,"{'center': [152.2083756143018, Decimal('164.23670261075915')], 'axes': [Decimal('25.131654060833995'), Decimal('33.366214922308934')], 'angle': -81.41880119724071}","[152.2083756143018, Decimal('164.23670261075915')]",33.366214922308934,"{'center': [Decimal('0.044386730663660674'), Decimal('-1.3589258109710656'), 90.61269998292146], 'radius': 12.0}","{'center': [Decimal('160.30370768133668'), Decimal('110.70181108210151')], 'axes': [Decimal('164.21539147166524'), Decimal('164.21539147166524')], 'angle': 90.0}",0.6747647286875824,120,8281.920388,2.210976357109452,-1.6818760028026682,"[Decimal('0.47565117379469307'), Decimal('0.31568040578850354')]",pupil.1,1,3d c++,1581666467.297246,0.47565117379469307,0.31568040578850354
"{'center': [-0.9969565196946975, 5.824405013151414, 81.05679277815304], 'normal': [-0.08677860419652984, 0.5986109020102066, -0.7963256003973682], 'radius': 2.19357517926961}",0.9977885842842725,8426.851397,4.38715035853922,"{'center': [152.4036637968795, Decimal('164.34606361195995')], 'axes': [25.24989651242316, 33.56167442645308], 'angle': -81.6395229046837}","[152.4036637968795, Decimal('164.34606361195995')]",33.56167442645308,"{'center': [Decimal('0.044386730663660674'), Decimal('-1.3589258109710656'), 90.61269998292146], 'radius': 12.0}","{'center': [Decimal('160.30370768133668'), Decimal('110.70181108210151')], 'axes': [Decimal('164.21539147166524'), Decimal('164.21539147166524')], 'angle': 90.0}",0.6749741870851311,120,8281.920388,2.2125621913820024,-1.6793417814447376,"[Decimal('0.47626144936524845'), 0.3152247349501669]",pupil.1,1,3d c++,1581666467.3051252,0.47626144936524845,0.3152247349501669
"{'center': [Decimal('-1.0280673607569362'), 5.802027515288778, 81.04344767770328], 'normal': [-0.08937117428504975, 0.5967461105216536, -0.7974376921015144], 'radius': 2.197522843581543}",0.9977689674924836,8426.859797,4.395045687163086,"{'center': [Decimal('152.16545136693554'), Decimal('164.18167490260862')], 'axes': [Decimal('25.344473461530132'), 33.62761009196202], 'angle': -81.36529908488892}","[Decimal('152.16545136693554'), Decimal('164.18167490260862')]",33.62761009196202,"{'center': [Decimal('0.044386730663660674'), Decimal('-1.3589258109710656'), 90.61269998292146], 'radius': 12.0}","{'center': [Decimal('160.30370768133668'), Decimal('110.70181108210151')], 'axes': [Decimal('164.21539147166524'), Decimal('164.21539147166524')], 'angle': 90.0}",0.6751301282895805,120,8281.920388,2.2102362475362067,-1.6824035313860093,"[Decimal('0.47551703552167357'), Decimal('0.31590968790579743')]",pupil.1,1,3d c++,1581666467.313956,0.47551703552167357,0.31590968790579743
"{'center': [-0.9951218179468269, 5.826998540335113, 81.05854312872074], 'normal': [-0.0866257123842073, 0.5988270292755149, -0.7961797378500599], 'radius': 2.19397289966928}",0.99836585986998,8426.868197,4.38794579933856,"{'center': [152.4178125522519, Decimal('164.36484768876457')], 'axes': [Decimal('25.248035446462097'), Decimal('33.567038721570356')], 'angle': -81.65715016108034}","[152.4178125522519, Decimal('164.36484768876457')]",33.567038721570356,"{'center': [Decimal('0.044386730663660674'), Decimal('-1.3589258109710656'), 90.61269998292146], 'radius': 12.0}","{'center': [Decimal('160.30370768133668'), Decimal('110.70181108210151')], 'axes': [Decimal('164.21539147166524'), Decimal('164.21539147166524')], 'angle': 90.0}",0.6754957901994763,120,8281.920388,2.2128320269413937,-1.6791717302103495,"[Decimal('0.47630566422578713'), 0.315146467963481]",pupil.1,1,3d c++,1581666467.3210099,0.47630566422578713,0.315146467963481
"{'center': [Decimal('-1.0164383572908144'), 5.824157789442243, 81.05875000805557], 'normal': [-0.08840209066287293, 0.5985903000344424, -0.7961624979054901], 'radius': Decimal('2.1847958559699596')}",0.9968979814252009,8426.876597,4.369591711939919,"{'center': [Decimal('152.25513483270782'), 164.3448003219059], 'axes': [Decimal('25.141496300206587'), Decimal('33.426513262779636')], 'angle': -81.48451217928482}","[Decimal('152.25513483270782'), 164.3448003219059]",33.426513262779636,"{'center': [Decimal('0.044386730663660674'), Decimal('-1.3589258109710656'), 90.61269998292146], 'radius': 12.0}","{'center': [Decimal('160.30370768133668'), Decimal('110.70181108210151')], 'axes': [Decimal('164.21539147166524'), Decimal('164.21539147166524')], 'angle': 90.0}",0.6751158946891378,120,8281.920388,2.2125364725923142,-1.6813785973085982,"[Decimal('0.47579729635221196'), 0.3152299986587255]",pupil.1,1,3d c++,1581666467.329216,0.47579729635221196,0.3152299986587255
"{'center': [-0.9970317426721325, 5.829087919686948, 81.06032299228363], 'normal': [-0.08678487277798276, 0.5990011442215012, -0.7960314158864847], 'radius': Decimal('2.1928113177444635')}",0.9984711532740521,8426.884997,4.385622635488927,"{'center': [Decimal('152.40338556308987'), Decimal('164.38006473111565')], 'axes': [Decimal('25.228094434099663'), 33.54852839268359], 'angle': -81.64444160248972}","[Decimal('152.40338556308987'), Decimal('164.38006473111565')]",33.54852839268359,"{'center': [Decimal('0.044386730663660674'), Decimal('-1.3589258109710656'), 90.61269998292146], 'radius': 12.0}","{'center': [Decimal('160.30370768133668'), Decimal('110.70181108210151')], 'axes': [Decimal('164.21539147166524'), Decimal('164.21539147166524')], 'angle': 90.0}",0.6750859688310018,120,8281.920388,2.2130494495919244,-1.6793893637107529,"[Decimal('0.47626057988465587'), Decimal('0.31508306362035143')]",pupil.1,1,3d c++,1581666467.3413508,0.47626057988465587,0.31508306362035143
"{'center': [-1.008082807405549, 5.839161605142979, 81.06912384913298], 'normal': [-0.0877057948391008, 0.5998406180095037, -0.7952980111490399], 'radius': 2.192004506536282}",0.9976045116295407,8426.893397,4.384009013072564,"{'center': [152.319943472032, Decimal('164.45241469864146')], 'axes': [Decimal('25.186348324044218'), 33.53255521566899], 'angle': -81.56868406125733}","[152.319943472032, Decimal('164.45241469864146')]",33.53255521566899,"{'center': [Decimal('0.044386730663660674'), Decimal('-1.3589258109710656'), 90.61269998292146], 'radius': 12.0}","{'center': [Decimal('160.30370768133668'), Decimal('110.70181108210151')], 'axes': [Decimal('164.21539147166524'), Decimal('164.21539147166524')], 'angle': 90.0}",0.6750572600852767,120,8281.920388,2.2140982229808666,-1.680632907811439,"[Decimal('0.47599982335010005'), Decimal('0.31478160542232725')]",pupil.1,1,3d c++,1581666467.348777,0.47599982335010005,0.31478160542232725
"{'center': [-0.9986219946700605, 5.824828098803183, 81.0572924791736], 'normal': [-0.0869173937778101, 0.598646159147854, -0.7962839586456552], 'radius': 2.195187064387109}",0.9979073830103864,8426.901797,4.390374128774218,"{'center': [Decimal('152.39105937326423'), Decimal('164.34872832959238')], 'axes': [Decimal('25.266608821320503'), Decimal('33.586136767998596')], 'angle': -81.62679095477424}","[Decimal('152.39105937326423'), Decimal('164.34872832959238')]",33.586136767998596,"{'center': [Decimal('0.044386730663660674'), Decimal('-1.3589258109710656'), 90.61269998292146], 'radius': 12.0}","{'center': [Decimal('160.30370768133668'), Decimal('110.70181108210151')], 'axes': [Decimal('164.21539147166524'), Decimal('164.21539147166524')], 'angle': 90.0}",0.6748951061858688,120,8281.920388,2.2126062063126914,-1.6795196609719731,"[0.4762220605414507, 0.3152136319600317]",pupil.1,1,3d c++,1581666467.357867,0.4762220605414507,0.3152136319600317
"{'center': [Decimal('-1.0082911087829467'), 5.850483271092983, 81.07769657160637], 'normal': [-0.08772315328721728, 0.6007840901720041, -0.7945836176095911], 'radius': Decimal('2.1889810302746353')}",0.9979495062654167,8426.910197,4.377962060549271,"{'center': [Decimal('152.31904938187748'), Decimal('164.53478962173696')], 'axes': [Decimal('25.120084098873626'), 33.48276275307754], 'angle': -81.58044118705625}","[Decimal('152.31904938187748'), Decimal('164.53478962173696')]",33.48276275307754,"{'center': [Decimal('0.044386730663660674'), Decimal('-1.3589258109710656'), 90.61269998292146], 'radius': 12.0}","{'center': [Decimal('160.30370768133668'), Decimal('110.70181108210151')], 'axes': [Decimal('164.21539147166524'), Decimal('164.21539147166524')], 'angle': 90.0}",0.6747518129776253,120,8281.920388,2.215277908958261,-1.6807524491676427,"[0.4759970293183671, Decimal('0.31443837657609597')]",pupil.1,1,3d c++,1581666467.3653991,0.4759970293183671,0.31443837657609597
"{'center': [-0.9953672681101944, 5.842752518026739, 81.07043919903606], 'normal': [-0.08664616656448793, 0.6001398607498171, -0.7951883986571165], 'radius': Decimal('2.1844197177016227')}",0.998775556945793,8426.918596,4.368839435403245,"{'center': [Decimal('152.41674895019298'), 164.4805058140566], 'axes': [Decimal('25.094395230903054'), 33.41595283456417], 'angle': -81.67368833538846}","[Decimal('152.41674895019298'), 164.4805058140566]",33.41595283456417,"{'center': [Decimal('0.044386730663660674'), Decimal('-1.3589258109710656'), 90.61269998292146], 'radius': 12.0}","{'center': [Decimal('160.30370768133668'), Decimal('110.70181108210151')], 'axes': [Decimal('164.21539147166524'), Decimal('164.21539147166524')], 'angle': 90.0}",0.6750736113114941,120,8281.920388,2.214472272989387,-1.6793312020936217,"[Decimal('0.47630234046935305'), Decimal('0.31466455910809743')]",pupil.1,1,3d c++,1581666467.3738232,0.47630234046935305,0.31466455910809743
"{'center': [-0.9895148115360861, 5.838928912037808, 81.06691897833646], 'normal': [-0.0861584618499789, 0.5998212269174061, -0.7954817503820834], 'radius': Decimal('2.1953627186461264')}",0.9979620771461433,8426.926996,4.390725437292253,"{'center': [Decimal('152.46132147810096'), 164.4511590820212], 'axes': [25.23318310706416, 33.58484971590526], 'angle': -81.71562031289939}","[Decimal('152.46132147810096'), 164.4511590820212]",33.58484971590526,"{'center': [Decimal('0.044386730663660674'), Decimal('-1.3589258109710656'), 90.61269998292146], 'radius': 12.0}","{'center': [Decimal('160.30370768133668'), Decimal('110.70181108210151')], 'axes': [Decimal('164.21539147166524'), Decimal('164.21539147166524')], 'angle': 90.0}",0.6750269602548209,120,8281.920388,2.2140739879563958,-1.6786855459643129,"[0.4764416296190655, Decimal('0.31478683715824496')]",pupil.1,1,3d c++,1581666467.381569,0.4764416296190655,0.31478683715824496
"{'center': [-0.9908510955240954, 5.842573991726392, 81.0698134576096], 'normal': [-0.08626981884897968, 0.6001249835581215, -0.7952405437759877], 'radius': 2.188759843086264}",0.9984706338061219,8426.935396,4.377519686172528,"{'center': [Decimal('152.45122090210518'), Decimal('164.47866303553826')], 'axes': [Decimal('25.146604480787577'), 33.48262023149874], 'angle': -81.7092750731944}","[Decimal('152.45122090210518'), Decimal('164.47866303553826')]",33.48262023149874,"{'center': [Decimal('0.044386730663660674'), Decimal('-1.3589258109710656'), 90.61269998292146], 'radius': 12.0}","{'center': [Decimal('160.30370768133668'), Decimal('110.70181108210151')], 'axes': [Decimal('164.21539147166524'), Decimal('164.21539147166524')], 'angle': 90.0}",0.6754256595343011,120,8281.920388,2.2144536741904064,-1.6788564193158204,"[0.4764100653190787, Decimal('0.31467223735192396')]",pupil.1,1,3d c++,1581666467.3891454,0.4764100653190787,0.31467223735192396
"{'center': [-0.9911725967756913, 5.838081142704789, 81.06645947746095], 'normal': [-0.086296610619946, 0.5997505794729879, -0.7955200421217083], 'radius': Decimal('2.1791543088552054')}",0.9986651815461939,8426.943796,4.358308617710411,"{'center': [152.4482190653574, 164.4479538428202], 'axes': [Decimal('25.048459552881642'), Decimal('33.337014483737576')], 'angle': -81.70148336103851}","[152.4482190653574, 164.4479538428202]",33.337014483737576,"{'center': [Decimal('0.044386730663660674'), Decimal('-1.3589258109710656'), 90.61269998292146], 'radius': 12.0}","{'center': [Decimal('160.30370768133668'), Decimal('110.70181108210151')], 'axes': [Decimal('164.21539147166524'), Decimal('164.21539147166524')], 'angle': 90.0}",0.6760099967146993,120,8281.920388,2.2139856963673696,-1.678852034874987,"[Decimal('0.47640068457924184'), 0.3148001923215825]",pupil.1,1,3d c++,1581666467.397435,0.47640068457924184,0.3148001923215825
"{'center': [-0.9904889183382963, 5.840858142778762, 81.06847956371334], 'normal': [-0.08623963741682976, 0.5999819961458189, -0.795351701600677], 'radius': Decimal('2.1872862797877275')}",0.9982453524897195,8426.952196,4.374572559575455,"{'center': [Decimal('152.45382320029114'), 164.4665555025096], 'axes': [Decimal('25.134566727972448'), Decimal('33.460620846325185')], 'angle': -81.71014554186829}","[Decimal('152.45382320029114'), 164.4665555025096]",33.460620846325185,"{'center': [Decimal('0.044386730663660674'), Decimal('-1.3589258109710656'), 90.61269998292146], 'radius': 12.0}","{'center': [Decimal('160.30370768133668'), Decimal('110.70181108210151')], 'axes': [Decimal('164.21539147166524'), Decimal('164.21539147166524')], 'angle': 90.0}",0.6763388457957209,120,8281.920388,2.2142749309603746,-1.6788039280127693,"[0.4764181975009098, Decimal('0.31472268540620996')]",pupil.1,1,3d c++,1581666467.4060118,0.4764181975009098,0.31472268540620996
"{'center': [-0.991495505774109, Decimal('5.8375705538814024'), 81.066109593526], 'normal': [-0.08632351970314749, 0.5997080304043724, -0.795549199116289], 'radius': 2.186903045528461}",0.9981920146286485,8426.960596,4.373806091056922,"{'center': [152.4459322452122, Decimal('164.44280546089968')], 'axes': [25.13885881261302, 33.45573130780503], 'angle': -81.6983251528685}","[152.4459322452122, Decimal('164.44280546089968')]",33.45573130780503,"{'center': [Decimal('0.044386730663660674'), Decimal('-1.3589258109710656'), 90.61269998292146], 'radius': 12.0}","{'center': [Decimal('160.30370768133668'), Decimal('110.70181108210151')], 'axes': [Decimal('164.21539147166524'), Decimal('164.21539147166524')], 'angle': 90.0}",0.6767704853928969,120,8281.920388,2.2139325235208536,-1.6788815364129273,"[0.4763935382662881, 0.314821643912918]",pupil.1,1,3d c++,1581666467.4137821,0.4763935382662881,0.314821643912918
"{'center': [-0.9826869427693012, 5.834748120593458, 81.06303113862796], 'normal': [-0.08558947278608017, 0.599472827630377, -0.7958057370244582], 'radius': Decimal('2.2074653742670685')}",0.9976813199054562,8426.968996,4.414930748534137,"{'center': [Decimal('152.51332718122623'), Decimal('164.41905079344346')], 'axes': [Decimal('25.386814555926996'), 33.77166036326225], 'angle': -81.76493545973078}","[Decimal('152.51332718122623'), Decimal('164.41905079344346')]",33.77166036326225,"{'center': [Decimal('0.044386730663660674'), Decimal('-1.3589258109710656'), 90.61269998292146], 'radius': 12.0}","{'center': [Decimal('160.30370768133668'), Decimal('110.70181108210151')], 'axes': [Decimal('164.21539147166524'), Decimal('164.21539147166524')], 'angle': 90.0}",0.6769704279959932,120,8281.920388,2.2136386328363904,-1.6779352069406785,"[Decimal('0.47660414744133195'), 0.3149206216939856]",pupil.1,1,3d c++,1581666467.424892,0.47660414744133195,0.3149206216939856
"{'center': [-0.9722711856031461, 5.831685495918064, 81.0596106546188], 'normal': [-0.08472149302223389, 0.5992176089074275, -0.7960907773585553], 'radius': 2.195761605152174}",0.9974329131132621,8426.977396,4.391523210304348,"{'center': [Decimal('152.59209013836548'), Decimal('164.39967811156885')], 'axes': [25.26481352375839, 33.59396908464218], 'angle': -81.84411644262529}","[Decimal('152.59209013836548'), Decimal('164.39967811156885')]",33.59396908464218,"{'center': [Decimal('0.044386730663660674'), Decimal('-1.3589258109710656'), 90.61269998292146], 'radius': 12.0}","{'center': [Decimal('160.30370768133668'), Decimal('110.70181108210151')], 'axes': [Decimal('164.21539147166524'), Decimal('164.21539147166524')], 'angle': 90.0}",0.6771637271558384,120,8281.920388,2.213319804977311,-1.6768191702522721,"[Decimal('0.47685028168239213'), Decimal('0.31500134120179646')]",pupil.1,1,3d c++,1581666467.436639,0.47685028168239213,0.31500134120179646
"{'center': [-0.9802499776010789, 5.824769042022679, 81.05526058341975], 'normal': [-0.08538639235539497, 0.5986412377494787, -0.7964532832918089], 'radius': Decimal('2.1929187966050976')}",0.9981884857350398,8426.985796,4.385837593210195,"{'center': [152.5308302482996, Decimal('164.34975366315132')], 'axes': [Decimal('25.248070568781174'), Decimal('33.552259003038664')], 'angle': -81.77271969005379}","[152.5308302482996, Decimal('164.34975366315132')]",33.552259003038664,"{'center': [Decimal('0.044386730663660674'), Decimal('-1.3589258109710656'), 90.61269998292146], 'radius': 12.0}","{'center': [Decimal('160.30370768133668'), Decimal('110.70181108210151')], 'axes': [Decimal('164.21539147166524'), Decimal('164.21539147166524')], 'angle': 90.0}",0.6774878275376817,120,8281.920388,2.212600062363176,-1.6775966864903993,"[0.4766588445259362, 0.3152093597368695]",pupil.1,1,3d c++,1581666467.442179,0.4766588445259362,0.3152093597368695
"{'center': [-0.9762191307471297, 5.825009490057134, 81.05501002842436], 'normal': [-0.08505048845089921, 0.5986612750856833, -0.7964741628747584], 'radius': Decimal('2.1994326257623267')}",0.9974505019235405,8426.994196,4.398865251524653,"{'center': [Decimal('152.56169860105734'), Decimal('164.35049874938014')], 'axes': [Decimal('25.324054628996933'), 33.65205233877526], 'angle': -81.80504415863079}","[Decimal('152.56169860105734'), Decimal('164.35049874938014')]",33.65205233877526,"{'center': [Decimal('0.044386730663660674'), Decimal('-1.3589258109710656'), 90.61269998292146], 'radius': 12.0}","{'center': [Decimal('160.30370768133668'), Decimal('110.70181108210151')], 'axes': [Decimal('164.21539147166524'), Decimal('164.21539147166524')], 'angle': 90.0}",0.6777375087046567,120,8281.920388,2.2126250774586467,-1.6771769427101657,"[0.4767553081283042, Decimal('0.31520625521091605')]",pupil.1,1,3d c++,1581666467.4527721,0.4767553081283042,0.31520625521091605
"{'center': [-0.9857867719389455, 5.839166913824114, 81.06669539043429], 'normal': [-0.08584779188355052, 0.5998410603995983, -0.7955003827072644], 'radius': 2.207520288894255}",0.9982188747897124,8427.002596,4.41504057778851,"{'center': [Decimal('152.49003156727218'), 164.4508112603349], 'axes': [Decimal('25.373845061273634'), 33.77098015013109], 'angle': -81.74546659646164}","[Decimal('152.49003156727218'), 164.4508112603349]",33.77098015013109,"{'center': [Decimal('0.044386730663660674'), Decimal('-1.3589258109710656'), 90.61269998292146], 'radius': 12.0}","{'center': [Decimal('160.30370768133668'), Decimal('110.70181108210151')], 'axes': [Decimal('164.21539147166524'), Decimal('164.21539147166524')], 'angle': 90.0}",0.6780988082313644,120,8281.920388,2.214098775886001,-1.6782970164146769,"[Decimal('0.47653134864772556'), Decimal('0.31478828641527135')]",pupil.1,1,3d c++,1581666467.457747,0.47653134864772556,0.31478828641527135
"{'center': [-0.9745484086710079, 5.826365340715828, 81.05585101229735], 'normal': [-0.08491126161122238, 0.5987742626405744, -0.7964040808853424], 'radius': 2.193292015865355}",0.9978949963476281,8427.010996,4.38658403173071,"{'center': [Decimal('152.57434337876524'), Decimal('164.36154362854933')], 'axes': [25.250223980391, 33.5577266489256], 'angle': -81.81989291209382}","[Decimal('152.57434337876524'), Decimal('164.36154362854933')]",33.5577266489256,"{'center': [Decimal('0.044386730663660674'), Decimal('-1.3589258109710656'), 90.61269998292146], 'radius': 12.0}","{'center': [Decimal('160.30370768133668'), Decimal('110.70181108210151')], 'axes': [Decimal('164.21539147166524'), Decimal('164.21539147166524')], 'angle': 90.0}",0.6779718621967246,120,8281.920388,2.2127661426121,-1.6770133822775093,"[Decimal('0.47679482305864135'), 0.3151602348810445]",pupil.1,1,3d c++,1581666467.4649801,0.47679482305864135,0.3151602348810445
"{'center': [-0.9897942131601118, 5.830352971583878, 81.06048870164543], 'normal': [-0.08618174531864772, 0.599106565212912, -0.7960176067730026], 'radius': Decimal('2.1942911075794425')}",0.9984014742815301,8427.019396,4.388582215158885,"{'center': [Decimal('152.45859367113337'), Decimal('164.38934312866797')], 'axes': [Decimal('25.244556214873214'), 33.57110499145547], 'angle': -81.70339200353064}","[Decimal('152.45859367113337'), Decimal('164.38934312866797')]",33.57110499145547,"{'center': [Decimal('0.044386730663660674'), Decimal('-1.3589258109710656'), 90.61269998292146], 'radius': 12.0}","{'center': [Decimal('160.30370768133668'), Decimal('110.70181108210151')], 'axes': [Decimal('164.21539147166524'), Decimal('164.21539147166524')], 'angle': 90.0}",0.6784354917518387,120,8281.920388,2.2131811091916482,-1.6786423908871595,"[Decimal('0.47643310522229176'), 0.3150444036305501]",pupil.1,1,3d c++,1581666467.474081,0.47643310522229176,0.3150444036305501
"{'center': [-0.9884193971237258, 5.840608855108599, 81.06806735016276], 'normal': [-0.08606717731561554, 0.5999612221733054, -0.7953860527298905], 'radius': Decimal('2.1894930305749893')}",0.998703001493039,8427.027796,4.378986061149979,"{'center': [Decimal('152.46961471518918'), Decimal('164.46445906502743')], 'axes': [25.16146504649424, 33.4945577261819], 'angle': -81.72626497246391}","[Decimal('152.46961471518918'), Decimal('164.46445906502743')]",33.4945577261819,"{'center': [Decimal('0.044386730663660674'), Decimal('-1.3589258109710656'), 90.61269998292146], 'radius': 12.0}","{'center': [Decimal('160.30370768133668'), Decimal('110.70181108210151')], 'axes': [Decimal('164.21539147166524'), Decimal('164.21539147166524')], 'angle': 90.0}",0.6787398363664598,120,8281.920388,2.2142489641858476,-1.678584988315621,"[0.4764675459849662, 0.3147314205623857]",pupil.1,1,3d c++,1581666467.480875,0.4764675459849662,0.3147314205623857
"{'center': [-0.9835503424641805, 5.824316113280978, 81.05527455389732], 'normal': [-0.08566142276065344, 0.5986034936876703, -0.7964521190853445], 'radius': 2.194661624808342}",0.997752606410812,8427.036196,4.389323249616684,"{'center': [Decimal('152.50572538086413'), Decimal('164.34596939687773')], 'axes': [25.268078420693, 33.57892653008319], 'angle': -81.74595700616395}","[Decimal('152.50572538086413'), Decimal('164.34596939687773')]",33.57892653008319,"{'center': [Decimal('0.044386730663660674'), Decimal('-1.3589258109710656'), 90.61269998292146], 'radius': 12.0}","{'center': [Decimal('160.30370768133668'), Decimal('110.70181108210151')], 'axes': [Decimal('164.21539147166524'), Decimal('164.21539147166524')], 'angle': 90.0}",0.6790845334192275,120,8281.920388,2.2125529430330104,-1.6779382244779772,"[0.4765803918152004, Decimal('0.31522512751300946')]",pupil.1,1,3d c++,1581666467.489207,0.4765803918152004,0.31522512751300946
"{'center': [-0.9822823394158398, 5.832690624732604, 81.06143809444521], 'normal': [-0.08555575583995838, 0.5993013696419724, -0.7959384907063544], 'radius': Decimal('2.1944583003257048')}",0.9982603510147747,8427.044596,4.3889166006514095,"{'center': [152.5159260203331, 164.4066338480996], 'axes': [Decimal('25.243020839847524'), 33.57327091134638], 'angle': -81.76576217944312}","[152.5159260203331, 164.4066338480996]",33.57327091134638,"{'center': [Decimal('0.044386730663660674'), Decimal('-1.3589258109710656'), 90.61269998292146], 'radius': 12.0}","{'center': [Decimal('160.30370768133668'), Decimal('110.70181108210151')], 'axes': [Decimal('164.21539147166524'), Decimal('164.21539147166524')], 'angle': 90.0}",0.6793849323796675,120,8281.920388,2.2134244333295916,-1.677875596569095,"[0.4766122688135409, Decimal('0.31497235896625164')]",pupil.1,1,3d c++,1581666467.497601,0.4766122688135409,0.31497235896625164
"{'center': [-0.9795900745968371, 5.839602086198022, 81.06635682881439], 'normal': [-0.08533140043837482, 0.5998773247640906, -0.795528596175589], 'radius': 2.201217420887354}",0.9983680282035062,8427.052995,4.402434841774708,"{'center': [Decimal('152.53705193225363'), Decimal('164.45548506520078')], 'axes': [Decimal('25.302643031787415'), 33.67467115255447], 'angle': -81.79512967785665}","[Decimal('152.53705193225363'), Decimal('164.45548506520078')]",33.67467115255447,"{'center': [Decimal('0.044386730663660674'), Decimal('-1.3589258109710656'), 90.61269998292146], 'radius': 12.0}","{'center': [Decimal('160.30370768133668'), Decimal('110.70181108210151')], 'axes': [Decimal('164.21539147166524'), Decimal('164.21539147166524')], 'angle': 90.0}",0.6795684078037212,120,8281.920388,2.214144100359578,-1.677651543550112,"[0.4766782872882926, 0.3147688122283301]",pupil.1,1,3d c++,1581666467.509197,0.4766782872882926,0.3147688122283301
"{'center': [-0.9914516359218906, 5.826052717131976, 81.05743324519992], 'normal': [-0.08631986388212928, 0.5987482106752534, -0.7962722281434618], 'radius': Decimal('2.2125712896877636')}",0.9978253914919366,8427.061395,4.425142579375527,"{'center': [Decimal('152.44618050081263'), Decimal('164.35472906202602')], 'axes': [Decimal('25.466325430482367'), 33.85212643071397], 'angle': -81.68519310780273}","[Decimal('152.44618050081263'), Decimal('164.35472906202602')]",33.85212643071397,"{'center': [Decimal('0.044386730663660674'), Decimal('-1.3589258109710656'), 90.61269998292146], 'radius': 12.0}","{'center': [Decimal('160.30370768133668'), Decimal('110.70181108210151')], 'axes': [Decimal('164.21539147166524'), Decimal('164.21539147166524')], 'angle': 90.0}",0.679917293138621,120,8281.920388,2.2127336153697934,-1.6787796168769082,"[Decimal('0.47639431406503946'), Decimal('0.31518862890822485')]",pupil.1,1,3d c++,1581666467.517251,0.47639431406503946,0.31518862890822485
"{'center': [-0.973210890878456, 5.82946257660201, 81.05803790255271], 'normal': [-0.0847998017951764, 0.5990323656310896, -0.7962218400307287], 'radius': Decimal('2.2024770334761192')}",0.9978991961368272,8427.069795,4.4049540669522385,"{'center': [Decimal('152.58496792789995'), Decimal('164.38229644707272')], 'axes': [Decimal('25.347938306067665'), 33.69739080161312], 'angle': -81.83409244288512}","[Decimal('152.58496792789995'), Decimal('164.38229644707272')]",33.69739080161312,"{'center': [Decimal('0.044386730663660674'), Decimal('-1.3589258109710656'), 90.61269998292146], 'radius': 12.0}","{'center': [Decimal('160.30370768133668'), Decimal('110.70181108210151')], 'axes': [Decimal('164.21539147166524'), Decimal('164.21539147166524')], 'angle': 90.0}",0.6798821736552774,120,8281.920388,2.21308844045841,-1.676899097134953,"[Decimal('0.47682802477468733'), 0.3150737648038636]",pupil.1,1,3d c++,1581666467.525336,0.47682802477468733,0.3150737648038636
"{'center': [-0.9722563857457667, 5.824527248570598, 81.05422526593765], 'normal': [-0.08472025970078562, 0.5986210882951386, -0.7965395597486513], 'radius': 2.20068998035211}",0.9974718781232156,8427.078195,4.40137996070422,"{'center': [Decimal('152.59186279188796'), Decimal('164.34699448470536')], 'axes': [Decimal('25.341461916851028'), 33.67161981102478], 'angle': -81.83599835030513}","[Decimal('152.59186279188796'), Decimal('164.34699448470536')]",33.67161981102478,"{'center': [Decimal('0.044386730663660674'), Decimal('-1.3589258109710656'), 90.61269998292146], 'radius': 12.0}","{'center': [Decimal('160.30370768133668'), Decimal('110.70181108210151')], 'axes': [Decimal('164.21539147166524'), Decimal('164.21539147166524')], 'angle': 90.0}",0.6798818024658648,120,8281.920388,2.212574907768294,-1.6767583506230637,"[0.4768495712246499, Decimal('0.31522085631372765')]",pupil.1,1,3d c++,1581666467.5347998,0.4768495712246499,0.31522085631372765
"{'center': [-0.9608298082344615, 5.81608124694651, 81.04667607385879], 'normal': [-0.08376804490817685, 0.5979172548264646, -0.7971686590885557], 'radius': Decimal('2.1831155141433785')}",0.9977999686569171,8427.086595,4.366231028286757,"{'center': [Decimal('152.67783941247896'), Decimal('164.28980783446957')], 'axes': [Decimal('25.166734636107606'), Decimal('33.405749205510055')], 'angle': -81.91725932654722}","[Decimal('152.67783941247896'), Decimal('164.28980783446957')]",33.405749205510055,"{'center': [Decimal('0.044386730663660674'), Decimal('-1.3589258109710656'), 90.61269998292146], 'radius': 12.0}","{'center': [Decimal('160.30370768133668'), Decimal('110.70181108210151')], 'axes': [Decimal('164.21539147166524'), Decimal('164.21539147166524')], 'angle': 90.0}",0.6798478327094126,120,8281.920388,2.211696537938184,-1.6754940496848068,"[0.4771182481639967, 0.3154591340230435]",pupil.1,1,3d c++,1581666467.5415318,0.4771182481639967,0.3154591340230435
"{'center': [-0.944992519520092, 5.78998733296609, 81.02551220131686], 'normal': [-0.08244827084864606, 0.595742761994763, -0.7989323151337162], 'radius': 2.208555622022813}",0.9974649454916958,8427.094995,4.417111244045626,"{'center': [Decimal('152.79740867233548'), Decimal('164.09707082216283')], 'axes': [Decimal('25.538841129558346'), 33.80392814643619], 'angle': -82.01400301113893}","[Decimal('152.79740867233548'), Decimal('164.09707082216283')]",33.80392814643619,"{'center': [Decimal('0.044386730663660674'), Decimal('-1.3589258109710656'), 90.61269998292146], 'radius': 12.0}","{'center': [Decimal('160.30370768133668'), Decimal('110.70181108210151')], 'axes': [Decimal('164.21539147166524'), Decimal('164.21539147166524')], 'angle': 90.0}",0.6798748489523776,120,8281.920388,2.208986440589681,-1.673630369716557,"[Decimal('0.47749190210104836'), 0.3162622049076549]",pupil.1,1,3d c++,1581666467.549331,0.47749190210104836,0.3162622049076549
"{'center': [-0.9130200254014562, 5.741438142480321, 80.98626741254685], 'normal': [-0.07978389633875975, 0.591696996120949, -0.8022027141978839], 'radius': 2.199163127075127}",0.9968864496774674,8427.103395,4.398326254150254,"{'center': [153.0376971526839, 163.7487581889385], 'axes': [Decimal('25.575641340109623'), Decimal('33.676376870033025')], 'angle': -82.21629293728047}","[153.0376971526839, 163.7487581889385]",33.676376870033025,"{'center': [Decimal('0.044386730663660674'), Decimal('-1.3589258109710656'), 90.61269998292146], 'radius': 12.0}","{'center': [Decimal('160.30370768133668'), Decimal('110.70181108210151')], 'axes': [Decimal('164.21539147166524'), Decimal('164.21539147166524')], 'angle': 90.0}",0.6797466448752454,120,8281.920388,2.203958580663714,-1.6699263650962601,"[0.4782428036021372, 0.3177135075460896]",pupil.1,1,3d c++,1581666467.557315,0.4782428036021372,0.3177135075460896
"{'center': [-0.9109237049922374, 5.697381383378001, 80.95371914897709], 'normal': [-0.07960920297132484, 0.588025599529089, -0.8049150694953635], 'radius': 2.188952507930555}",0.9967602189251237,8427.111795,4.37790501586111,"{'center': [153.0507695839064, Decimal('163.43114407871514')], 'axes': [25.57698045103459, 33.53340564025267], 'angle': -82.18399169170588}","[153.0507695839064, Decimal('163.43114407871514')]",33.53340564025267,"{'center': [Decimal('0.044386730663660674'), Decimal('-1.3589258109710656'), 90.61269998292146], 'radius': 12.0}","{'center': [Decimal('160.30370768133668'), Decimal('110.70181108210151')], 'axes': [Decimal('164.21539147166524'), Decimal('164.21539147166524')], 'angle': 90.0}",0.6794622913358528,120,8281.920388,2.1994119751090633,-1.6693795694045936,"[0.4782836549497075, 0.3190368996720203]",pupil.1,1,3d c++,1581666467.565779,0.4782836549497075,0.3190368996720203
"{'center': [-0.9690339960404806, 5.655058518406211, 80.928847327189], 'normal': [-0.08445172722534511, 0.5844986941147731, -0.8069877213110377], 'radius': Decimal('2.1857952757901926')}",0.9967501474920611,8427.120195,4.371590551580385,"{'center': [Decimal('152.60512336592512'), Decimal('163.12132958587546')], 'axes': [25.63155341625481, Decimal('33.495286622558496')], 'angle': -81.66234684888174}","[Decimal('152.60512336592512'), Decimal('163.12132958587546')]",33.495286622558496,"{'center': [Decimal('0.044386730663660674'), Decimal('-1.3589258109710656'), 90.61269998292146], 'radius': 12.0}","{'center': [Decimal('160.30370768133668'), Decimal('110.70181108210151')], 'axes': [Decimal('164.21539147166524'), Decimal('164.21539147166524')], 'angle': 90.0}",0.6792064172616241,120,8281.920388,2.1950584145906795,-1.6750673550590627,"[0.476891010518516, Decimal('0.32032779339218564')]",pupil.1,1,3d c++,1581666467.573986,0.476891010518516,0.32032779339218564
"{'center': [Decimal('-1.0000252690023386'), Decimal('5.6475046509705855'), 80.92667212022512], 'normal': [-0.08703433330549994, 0.5838692051618043, -0.8071689885580281], 'radius': Decimal('2.2081944819892376')}",0.9944272681281817,8427.128595,4.416388963978475,"{'center': [Decimal('152.36899923013138'), Decimal('163.06060267010199')], 'axes': [25.90229456240738, 33.83953252585733], 'angle': -81.40076134248189}","[Decimal('152.36899923013138'), Decimal('163.06060267010199')]",33.83953252585733,"{'center': [Decimal('0.044386730663660674'), Decimal('-1.3589258109710656'), 90.61269998292146], 'radius': 12.0}","{'center': [Decimal('160.30370768133668'), Decimal('110.70181108210151')], 'axes': [Decimal('164.21539147166524'), Decimal('164.21539147166524')], 'angle': 90.0}",0.6780377934213488,120,8281.920388,2.194282820106401,-1.678207989133509,"[Decimal('0.47615312259416054'), 0.3205808222079084]",pupil.1,1,3d c++,1581666467.5814972,0.47615312259416054,0.3205808222079084
"{'center': [Decimal('-1.0526706890836892'), 5.712584404906285, 80.97993255686369], 'normal': [-0.0914214516456125, 0.5892925179897792, -0.8027306188381471], 'radius': 2.136808664197092}",0.9987348563728653,8427.136995,4.273617328394184,"{'center': [151.9702157637666, Decimal('163.54336588422518')], 'axes': [Decimal('24.872193373917746'), 32.72385345897976], 'angle': -81.05665589101042}","[151.9702157637666, Decimal('163.54336588422518')]",32.72385345897976,"{'center': [Decimal('0.044386730663660674'), Decimal('-1.3589258109710656'), 90.61269998292146], 'radius': 12.0}","{'center': [Decimal('160.30370768133668'), Decimal('110.70181108210151')], 'axes': [Decimal('164.21539147166524'), Decimal('164.21539147166524')], 'angle': 90.0}",0.6785898108269905,120,8281.920388,2.200979204108509,-1.6841958120271685,"[0.4749069242617706, 0.3185693088157284]",pupil.1,1,3d c++,1581666467.592984,0.4749069242617706,0.3185693088157284
"{'center': [Decimal('-1.1224828993481921'), 5.745490108679961, 81.01240364858026], 'normal': [-0.09723913583432107, 0.5920346599709189, -0.8000246945284332], 'radius': Decimal('2.1854202063865427')}",0.9055691679563396,8427.145395,4.370840412773085,"{'center': [Decimal('151.44232903752894'), 163.7688552578798], 'axes': [Decimal('25.318373896289966'), 33.45514211850891], 'angle': -80.5400656269218}","[Decimal('151.44232903752894'), 163.7688552578798]",33.45514211850891,"{'center': [Decimal('0.044386730663660674'), Decimal('-1.3589258109710656'), 90.61269998292146], 'radius': 12.0}","{'center': [Decimal('160.30370768133668'), Decimal('110.70181108210151')], 'axes': [Decimal('164.21539147166524'), Decimal('164.21539147166524')], 'angle': 90.0}",0.678351060692095,120,8281.920388,2.204377499479234,-1.6917482066147016,"[0.4732572782422779, Decimal('0.31762976975883417')]",pupil.1,1,3d c++,1581666467.601354,0.4732572782422779,0.31762976975883417
"{'center': [Decimal('-1.1849013107395476'), 6.02860201856014, 81.23649160857498], 'normal': [Decimal('-0.10244067011693404'), 0.6156273191276006, -0.7813506978622065], 'radius': Decimal('2.1889316723274086')}",0.5569586572206335,8427.153795,4.377863344654817,"{'center': [150.9902708610773, Decimal('165.80694418053304')], 'axes': [Decimal('24.537007424226854'), 33.41681393113872], 'angle': -80.42677044482416}","[150.9902708610773, Decimal('165.80694418053304')]",33.41681393113872,"{'center': [Decimal('0.044386730663660674'), Decimal('-1.3589258109710656'), 90.61269998292146], 'radius': 12.0}","{'center': [Decimal('160.30370768133668'), Decimal('110.70181108210151')], 'axes': [Decimal('164.21539147166524'), Decimal('164.21539147166524')], 'angle': 90.0}",0.678351060692095,120,8281.920388,2.233978098449141,-1.7011599352281128,"[Decimal('0.47184459644086657'), 0.3091377325811123]",pupil.1,1,3d c++,1581666467.60934,0.47184459644086657,0.3091377325811123
"{'center': [Decimal('-1.1716217427914206'), Decimal('6.1026520486970695'), 81.2935702361803], 'normal': [Decimal('-0.10133403945459006'), 0.6217981549723444, -0.7765941455617625], 'radius': Decimal('2.2089438832975157')}",0.5865453653584628,8427.162195,4.417887766595031,"{'center': [Decimal('151.09783229870754'), Decimal('166.33549855417914')], 'axes': [Decimal('24.551598813250763'), 33.69881770374381], 'angle': -80.62339898120904}","[Decimal('151.09783229870754'), Decimal('166.33549855417914')]",33.69881770374381,"{'center': [Decimal('0.044386730663660674'), Decimal('-1.3589258109710656'), 90.61269998292146], 'radius': 12.0}","{'center': [Decimal('160.30370768133668'), Decimal('110.70181108210151')], 'axes': [Decimal('164.21539147166524'), Decimal('164.21539147166524')], 'angle': 90.0}",0.678351060692095,120,8281.920388,2.241832916809191,-1.7005484338755703,"[Decimal('0.47218072593346105'), 0.3069354226909202]",pupil.1,1,3d c++,1581666467.618479,0.47218072593346105,0.3069354226909202
"{'center': [-1.173984664408959, 6.099298685760015, 81.29119482012563], 'normal': [Decimal('-0.10153094958938494'), 0.6215187080609231, -0.7767920968996522], 'radius': Decimal('2.1994341324225704')}",0.4799192051964515,8427.170595,4.398868264845141,"{'center': [151.0793394189769, Decimal('166.31307905307392')], 'axes': [24.45451490347309, 33.55467563428572], 'angle': -80.6011899344683}","[151.0793394189769, Decimal('166.31307905307392')]",33.55467563428572,"{'center': [Decimal('0.044386730663660674'), Decimal('-1.3589258109710656'), 90.61269998292146], 'radius': 12.0}","{'center': [Decimal('160.30370768133668'), Decimal('110.70181108210151')], 'axes': [Decimal('164.21539147166524'), Decimal('164.21539147166524')], 'angle': 90.0}",0.678351060692095,120,8281.920388,2.241476155623682,-1.700764980291028,"[0.4721229356843028, Decimal('0.30702883727885866')]",pupil.1,1,3d c++,1581666467.625084,0.4721229356843028,0.30702883727885866
"{'center': [Decimal('-1.2686694390412685'), 6.103736940713373, 81.30761813750917], 'normal': [Decimal('-0.10942134747541082'), 0.6218885626403701, -0.775423487117691], 'radius': Decimal('2.2033637406729887')}",0.42508089316178943,8427.178994,4.406727481345977,"{'center': [150.3617460858537, Decimal('166.33720984252935')], 'axes': [Decimal('24.437447234987474'), 33.60789081903044], 'angle': -79.88926722406894}","[150.3617460858537, Decimal('166.33720984252935')]",33.60789081903044,"{'center': [Decimal('0.044386730663660674'), Decimal('-1.3589258109710656'), 90.61269998292146], 'radius': 12.0}","{'center': [Decimal('160.30370768133668'), Decimal('110.70181108210151')], 'axes': [Decimal('164.21539147166524'), Decimal('164.21539147166524')], 'angle': 90.0}",0.678351060692095,120,8281.920388,2.2419483591032843,-1.7109824575153518,"[0.4698804565182928, 0.3069282923227944]",pupil.1,1,3d c++,1581666467.6338289,0.4698804565182928,0.3069282923227944
"{'center': [Decimal('-1.2637499500853993'), 6.108192188995604, 81.31049985612067], 'normal': [Decimal('-0.10901139006242168'), 0.6222598333305559, -0.7751833439000655], 'radius': Decimal('2.2144191976884753')}",0.3579541479626764,8427.187394,4.428838395376951,"{'center': [150.3998085692914, Decimal('166.36743247139245')], 'axes': [Decimal('24.549563313128267'), 33.77537579762397], 'angle': -79.93251650804477}","[150.3998085692914, Decimal('166.36743247139245')]",33.77537579762397,"{'center': [Decimal('0.044386730663660674'), Decimal('-1.3589258109710656'), 90.61269998292146], 'radius': 12.0}","{'center': [Decimal('160.30370768133668'), Decimal('110.70181108210151')], 'axes': [Decimal('164.21539147166524'), Decimal('164.21539147166524')], 'angle': 90.0}",0.678351060692095,120,8281.920388,2.242422548728037,-1.7105067599785564,"[0.4699994017790356, 0.3068023647025314]",pupil.1,1,3d c++,1581666467.6415026,0.4699994017790356,0.3068023647025314
"{'center': [Decimal('-1.2665370043480386'), 6.112663881662409, 81.31448367946216], 'normal': [Decimal('-0.10924364458430823'), 0.6226324743861227, -0.7748513586216079], 'radius': Decimal('2.2138641239939916')}",0.33643137299928694,8427.195794,4.427728247987983,"{'center': [Decimal('150.37906485797808'), Decimal('166.39936007454423')], 'axes': [Decimal('24.528731023276713'), 33.76525894668791], 'angle': -79.91752430967935}","[Decimal('150.37906485797808'), Decimal('166.39936007454423')]",33.76525894668791,"{'center': [Decimal('0.044386730663660674'), Decimal('-1.3589258109710656'), 90.61269998292146], 'radius': 12.0}","{'center': [Decimal('160.30370768133668'), Decimal('110.70181108210151')], 'axes': [Decimal('164.21539147166524'), Decimal('164.21539147166524')], 'angle': 90.0}",0.678351060692095,120,8281.920388,2.242898668391306,-1.7108597535931414,"[0.4699345776811815, Decimal('0.30666933302273236')]",pupil.1,1,3d c++,1581666467.649469,0.4699345776811815,0.30666933302273236
"{'center': [Decimal('-1.2693339408697382'), 6.117151997110576, 81.31848680456714], 'normal': [Decimal('-0.10947672262778325'), 0.6230064840068036, -0.7745177648628594], 'radius': Decimal('2.2092408315225742')}",0.38073610777689265,8427.204194,4.4184816630451484,"{'center': [150.358117568183, Decimal('166.43216264589392')], 'axes': [Decimal('24.462763738538342'), 33.69307241916166], 'angle': -79.90250008615142}","[150.358117568183, Decimal('166.43216264589392')]",33.69307241916166,"{'center': [Decimal('0.044386730663660674'), Decimal('-1.3589258109710656'), 90.61269998292146], 'radius': 12.0}","{'center': [Decimal('160.30370768133668'), Decimal('110.70181108210151')], 'axes': [Decimal('164.21539147166524'), Decimal('164.21539147166524')], 'angle': 90.0}",0.678351060692095,120,8281.920388,2.243376718093299,-1.7112143448763593,"[Decimal('0.46986911740057186'), Decimal('0.30653265564210863')]",pupil.1,1,3d c++,1581666467.65922,0.46986911740057186,0.30653265564210863
"{'center': [Decimal('-1.1791745346276825'), Decimal('6.1216565136261485'), 81.30980871649238], 'normal': [Decimal('-0.10196343877427864'), 0.6233818603831014, -0.7752409388690896], 'radius': Decimal('2.2093219518427034')}",0.35876123692290146,8427.212594,4.418643903685407,"{'center': [151.0421540838755, 166.4710622117786], 'axes': [Decimal('24.496109881583756'), 33.6978806205627], 'angle': -80.59020169032293}","[151.0421540838755, 166.4710622117786]",33.6978806205627,"{'center': [Decimal('0.044386730663660674'), Decimal('-1.3589258109710656'), 90.61269998292146], 'radius': 12.0}","{'center': [Decimal('160.30370768133668'), Decimal('110.70181108210151')], 'axes': [Decimal('164.21539147166524'), Decimal('164.21539147166524')], 'angle': 90.0}",0.678351060692095,120,8281.920388,2.243856697833911,-1.7015705338281337,"[0.4720067315121109, Decimal('0.30637057411758917')]",pupil.1,1,3d c++,1581666467.665535,0.4720067315121109,0.30637057411758917
"{'center': [Decimal('-1.1044845936870238'), 6.032010675034841, 81.22898256710424], 'normal': [-0.09573927702922372, 0.6159113738338257, -0.7819764513181015], 'radius': Decimal('2.1729601776752436')}",0.2858858887989262,8427.220994,4.345920355350487,"{'center': [151.6006337336341, Decimal('165.83984538121044')], 'axes': [Decimal('24.385566554968953'), Decimal('33.175965934493234')], 'angle': -81.04855447079515}","[151.6006337336341, Decimal('165.83984538121044')]",33.175965934493234,"{'center': [Decimal('0.044386730663660674'), Decimal('-1.3589258109710656'), 90.61269998292146], 'radius': 12.0}","{'center': [Decimal('160.30370768133668'), Decimal('110.70181108210151')], 'axes': [Decimal('164.21539147166524'), Decimal('164.21539147166524')], 'angle': 90.0}",0.678351060692095,120,8281.920388,2.234338607613039,-1.6926224585287029,"[0.4737519804176066, Decimal('0.30900064424495655')]",pupil.1,1,3d c++,1581666467.677808,0.4737519804176066,0.30900064424495655
"{'center': [Decimal('-1.1210546369966237'), 5.948322639071166, 81.16569693920957], 'normal': [-0.09712011397169032, 0.6089373708368524, -0.787250253642657], 'radius': Decimal('2.1674554635223116')}",0.5159812696806612,8427.229394,4.334910927044623,"{'center': [Decimal('151.46809624075593'), Decimal('165.23773884547649')], 'axes': [Decimal('24.552733981058648'), Decimal('33.117613952556326')], 'angle': -80.81617595422338}","[Decimal('151.46809624075593'), Decimal('165.23773884547649')]",33.117613952556326,"{'center': [Decimal('0.044386730663660674'), Decimal('-1.3589258109710656'), 90.61269998292146], 'radius': 12.0}","{'center': [Decimal('160.30370768133668'), Decimal('110.70181108210151')], 'axes': [Decimal('164.21539147166524'), Decimal('164.21539147166524')], 'angle': 90.0}",0.678351060692095,120,8281.920388,2.225516584987913,-1.6935423867880557,"[Decimal('0.47333780075236226'), 0.3115094214771813]",pupil.1,1,3d c++,1581666467.6869829,0.47333780075236226,0.3115094214771813
"{'center': [Decimal('-1.1209971855651593'), 5.958278091173306, 81.173398770319], 'normal': [-0.0971153263524017, 0.6097669918453645, -0.7866084343835386], 'radius': Decimal('2.1962873560424203')}",0.5636579665922844,8427.237794,4.392574712084841,"{'center': [151.4701490461889, Decimal('165.30409142103034')], 'axes': [Decimal('24.851238043836812'), 33.55509969726393], 'angle': -80.8292355633957}","[151.4701490461889, Decimal('165.30409142103034')]",33.55509969726393,"{'center': [Decimal('0.044386730663660674'), Decimal('-1.3589258109710656'), 90.61269998292146], 'radius': 12.0}","{'center': [Decimal('160.30370768133668'), Decimal('110.70181108210151')], 'axes': [Decimal('164.21539147166524'), Decimal('164.21539147166524')], 'angle': 90.0}",0.678351060692095,120,8281.920388,2.226562897810851,-1.6936355400872634,"[0.4733442157693403, 0.3112329524123736]",pupil.1,1,3d c++,1581666467.6932046,0.4733442157693403,0.3112329524123736
"{'center': [Decimal('-1.0530464261867791'), 5.803033674262153, 81.04703341973187], 'normal': [-0.09145276307086998, 0.5968299571027682, -0.7971388802657985], 'radius': 2.281684514989738}",0.8115946288672036,8427.246194,4.563369029979476,"{'center': [Decimal('151.97782706044092'), Decimal('164.17148554170683')], 'axes': [26.30177843477787, 34.91432428586868], 'angle': -81.16785442959674}","[Decimal('151.97782706044092'), Decimal('164.17148554170683')]",34.91432428586868,"{'center': [Decimal('0.044386730663660674'), Decimal('-1.3589258109710656'), 90.61269998292146], 'radius': 12.0}","{'center': [Decimal('160.30370768133668'), Decimal('110.70181108210151')], 'axes': [Decimal('164.21539147166524'), Decimal('164.21539147166524')], 'angle': 90.0}",0.678320252199649,120,8281.920388,2.2103407424178574,-1.685023178923105,"[Decimal('0.47493070956387784'), 0.3159521435762216]",pupil.1,1,3d c++,1581666467.701499,0.47493070956387784,0.3159521435762216
"{'center': [-0.9899315329254885, 5.802995830971383, 81.03997497254524], 'normal': [-0.0861931886324291, 0.5968268034952041, -0.7977270841980179], 'radius': Decimal('2.2168170656401682')}",0.7453670328419943,8427.254594,4.4336341312803365,"{'center': [Decimal('152.45633057652742'), 164.1872261605352], 'axes': [Decimal('25.580270355365734'), Decimal('33.924383636898476')], 'angle': -81.67019619727199}","[Decimal('152.45633057652742'), 164.1872261605352]",33.924383636898476,"{'center': [Decimal('0.044386730663660674'), Decimal('-1.3589258109710656'), 90.61269998292146], 'radius': 12.0}","{'center': [Decimal('160.30370768133668'), Decimal('110.70181108210151')], 'axes': [Decimal('164.21539147166524'), Decimal('164.21539147166524')], 'angle': 90.0}",0.6782803717982899,120,8281.920388,2.2103368120468225,-1.6784272452631834,"[0.4764260330516482, Decimal('0.31588655766443663')]",pupil.1,1,3d c++,1581666467.710115,0.4764260330516482,0.31588655766443663
"{'center': [-0.9384205583023433, Decimal('5.8043124911220545'), 81.03553407331222], 'normal': [-0.08190060741383366, 0.5969365251744266, -0.7980971591341032], 'radius': Decimal('2.2032404205065528')}",0.9236845306938118,8427.262994,4.4064808410131056,"{'center': [152.8482158819937, 164.2021039967659], 'axes': [Decimal('25.440240846102498'), Decimal('33.718396402863455')], 'angle': -82.08267056429209}","[152.8482158819937, 164.2021039967659]",33.718396402863455,"{'center': [Decimal('0.044386730663660674'), Decimal('-1.3589258109710656'), 90.61269998292146], 'radius': 12.0}","{'center': [Decimal('160.30370768133668'), Decimal('110.70181108210151')], 'axes': [Decimal('164.21539147166524'), Decimal('164.21539147166524')], 'angle': 90.0}",0.6778349355481272,120,8281.920388,2.2104735659728463,-1.6730582075574665,"[0.4776506746312303, 0.315824566680142]",pupil.1,1,3d c++,1581666467.717761,0.4776506746312303,0.315824566680142
"{'center': [Decimal('-1.0287985673199547'), 5.900036704106286, 81.1176625148072], 'normal': [-0.08943210816530128, 0.6049135429231126, -0.7912531223428552], 'radius': Decimal('2.1910661242727567')}",0.6928659298624027,8427.271394,4.382132248545513,"{'center': [152.166540599842, Decimal('164.89100365320297')], 'axes': [24.99705118306222, 33.49821435561925], 'angle': -81.47752414953587}","[152.166540599842, Decimal('164.89100365320297')]",33.49821435561925,"{'center': [Decimal('0.044386730663660674'), Decimal('-1.3589258109710656'), 90.61269998292146], 'radius': 12.0}","{'center': [Decimal('160.30370768133668'), Decimal('110.70181108210151')], 'axes': [Decimal('164.21539147166524'), Decimal('164.21539147166524')], 'angle': 90.0}",0.6776596228242115,120,8281.920388,2.2204536150366807,-1.6833446009295747,"[0.4755204393745062, 0.3129541514449876]",pupil.1,1,3d c++,1581666467.7268028,0.4755204393745062,0.3129541514449876
"{'center': [-0.9539890358148813, Decimal('5.7037634293417145'), 80.96274316831972], 'normal': [-0.0831979805398785, 0.5885574366927316, -0.804163067883478], 'radius': Decimal('2.2261825774982755')}",0.9222614778479802,8427.279794,4.452365154996551,"{'center': [152.7239195128988, Decimal('163.46827983209485')], 'axes': [Decimal('25.978116027530746'), Decimal('34.100116381439996')], 'angle': -81.84232072130146}","[152.7239195128988, Decimal('163.46827983209485')]",34.100116381439996,"{'center': [Decimal('0.044386730663660674'), Decimal('-1.3589258109710656'), 90.61269998292146], 'radius': 12.0}","{'center': [Decimal('160.30370768133668'), Decimal('110.70181108210151')], 'axes': [Decimal('164.21539147166524'), Decimal('164.21539147166524')], 'angle': 90.0}",0.6771935211700053,120,8281.920388,2.200069661244097,-1.67388863657133,"[Decimal('0.47726224847780874'), 0.3188821673662715]",pupil.1,1,3d c++,1581666467.7331774,0.47726224847780874,0.3188821673662715
"{'center': [-0.9811570810605177, 5.709766856941697, 80.96999062004888], 'normal': [-0.08546198431034821, 0.5890577223260636, -0.8035591135727154], 'radius': Decimal('2.1960619933873424')}",0.9974698070552269,8427.288194,4.392123986774685,"{'center': [Decimal('152.51649514150316'), 163.5160491955479], 'axes': [Decimal('25.599459245213016'), Decimal('33.635619378865535')], 'angle': -81.62978121874119}","[Decimal('152.51649514150316'), 163.5160491955479]",33.635619378865535,"{'center': [Decimal('0.044386730663660674'), Decimal('-1.3589258109710656'), 90.61269998292146], 'radius': 12.0}","{'center': [Decimal('160.30370768133668'), Decimal('110.70181108210151')], 'axes': [Decimal('164.21539147166524'), Decimal('164.21539147166524')], 'angle': 90.0}",0.6774770231552818,120,8281.920388,2.2006886173443534,-1.6767523481712159,"[Decimal('0.47661404731719736'), 0.3186831283518837]",pupil.1,1,3d c++,1581666467.7415721,0.47661404731719736,0.3186831283518837
"{'center': [-0.9712800602303198, 5.721993849542708, 80.97791935587941], 'normal': [-0.08463889924116504, 0.5900766383761478, -0.8028983855868369], 'radius': Decimal('2.1935515177126805')}",0.9975557481100708,8427.296594,4.387103035425361,"{'center': [Decimal('152.59246804153685'), Decimal('163.60575275984587')], 'axes': [Decimal('25.540910915930443'), Decimal('33.593879327638454')], 'angle': -81.72408016161391}","[Decimal('152.59246804153685'), Decimal('163.60575275984587')]",33.593879327638454,"{'center': [Decimal('0.044386730663660674'), Decimal('-1.3589258109710656'), 90.61269998292146], 'radius': 12.0}","{'center': [Decimal('160.30370768133668'), Decimal('110.70181108210151')], 'axes': [Decimal('164.21539147166524'), Decimal('164.21539147166524')], 'angle': 90.0}",0.6773868857100185,120,8281.920388,2.201950090444226,-1.6758251237769923,"[Decimal('0.47685146262980266'), 0.3183093635006422]",pupil.1,1,3d c++,1581666467.749696,0.47685146262980266,0.3183093635006422
"{'center': [-0.971797957640903, 5.735989860593135, 80.98827582910071], 'normal': [-0.08468205735871365, 0.5912429726303501, -0.8020353461517283], 'radius': Decimal('2.2091756039120747')}",0.9969532569008727,8427.304993,4.418351207824149,"{'center': [152.5898350561767, Decimal('163.70430461552917')], 'axes': [Decimal('25.684368064467265'), 33.82891234916269], 'angle': -81.73645102292829}","[152.5898350561767, Decimal('163.70430461552917')]",33.82891234916269,"{'center': [Decimal('0.044386730663660674'), Decimal('-1.3589258109710656'), 90.61269998292146], 'radius': 12.0}","{'center': [Decimal('160.30370768133668'), Decimal('110.70181108210151')], 'axes': [Decimal('164.21539147166524'), Decimal('164.21539147166524')], 'angle': 90.0}",0.6770948948056299,120,8281.920388,2.203395504520943,-1.6759905283771859,"[Decimal('0.47684323455055216'), 0.3178987307686285]",pupil.1,1,3d c++,1581666467.762221,0.47684323455055216,0.3178987307686285
"{'center': [-0.9546726951566102, Decimal('5.7362416536074115'), 80.9866686660564], 'normal': [-0.08325495215168925, 0.5912639553815398, -0.8021692764054209], 'radius': Decimal('2.2018902095595276')}",0.9980049546463609,8427.313393,4.403780419119055,"{'center': [Decimal('152.72011509887403'), Decimal('163.70840969764077')], 'axes': [Decimal('25.605674248234163'), Decimal('33.717986840275174')], 'angle': -81.87466464554463}","[Decimal('152.72011509887403'), Decimal('163.70840969764077')]",33.717986840275174,"{'center': [Decimal('0.044386730663660674'), Decimal('-1.3589258109710656'), 90.61269998292146], 'radius': 12.0}","{'center': [Decimal('160.30370768133668'), Decimal('110.70181108210151')], 'axes': [Decimal('164.21539147166524'), Decimal('164.21539147166524')], 'angle': 90.0}",0.6774345917624602,120,8281.920388,2.2034215220295716,-1.6742133196694537,"[Decimal('0.47725035968398133'), 0.3178816262598301]",pupil.1,1,3d c++,1581666467.7701602,0.47725035968398133,0.3178816262598301
"{'center': [-0.9655192178591687, 5.743713289192547, 80.9933129032804], 'normal': [-0.08415882904356912, 0.591886591680301, -0.8016155899700879], 'radius': 2.20976810705109}",0.9973306858858069,8427.321793,4.41953621410218,"{'center': [Decimal('152.63817245626512'), Decimal('163.76052411671762')], 'axes': [25.67254155606107, 33.8358903133572], 'angle': -81.79605670231663}","[Decimal('152.63817245626512'), Decimal('163.76052411671762')]",33.8358903133572,"{'center': [Decimal('0.044386730663660674'), Decimal('-1.3589258109710656'), 90.61269998292146], 'radius': 12.0}","{'center': [Decimal('160.30370768133668'), Decimal('110.70181108210151')], 'axes': [Decimal('164.21539147166524'), Decimal('164.21539147166524')], 'angle': 90.0}",0.6775841533017024,120,8281.920388,2.2041937843735955,-1.6753996487829506,"[0.4769942889258285, 0.3176644828470099]",pupil.1,1,3d c++,1581666467.777329,0.4769942889258285,0.3176644828470099
"{'center': [-0.9613301362943838, Decimal('5.7359963768636995'), 80.98718115367978], 'normal': [-0.08380973891317037, 0.5912435156528971, -0.8021265691034729], 'radius': 2.212324881885115}",0.997411051930012,8427.330193,4.42464976377023,"{'center': [152.669657724241, Decimal('163.70432144879578')], 'axes': [Decimal('25.725137692992266'), 33.87760471977718], 'angle': -81.82075106022816}","[152.669657724241, Decimal('163.70432144879578')]",33.87760471977718,"{'center': [Decimal('0.044386730663660674'), Decimal('-1.3589258109710656'), 90.61269998292146], 'radius': 12.0}","{'center': [Decimal('160.30370768133668'), Decimal('110.70181108210151')], 'axes': [Decimal('164.21539147166524'), Decimal('164.21539147166524')], 'angle': 90.0}",0.6778663151375985,120,8281.920388,2.203396177834105,-1.6749030112546515,"[Decimal('0.47709268038825314'), 0.3178986606300176]",pupil.1,1,3d c++,1581666467.785743,0.47709268038825314,0.3178986606300176
"{'center': [-0.9602770798917837, 5.741248486906841, 80.99094465618849], 'normal': [-0.08372198421295371, 0.5916811914898256, -0.8018129438944138], 'radius': 2.203324694684144}",0.9978399176252133,8427.338593,4.406649389368288,"{'center': [Decimal('152.67777671282474'), Decimal('163.74414395709834')], 'axes': [25.60646174287564, Decimal('33.738185107331695')], 'angle': -81.83535906857796}","[Decimal('152.67777671282474'), Decimal('163.74414395709834')]",33.738185107331695,"{'center': [Decimal('0.044386730663660674'), Decimal('-1.3589258109710656'), 90.61269998292146], 'radius': 12.0}","{'center': [Decimal('160.30370768133668'), Decimal('110.70181108210151')], 'axes': [Decimal('164.21539147166524'), Decimal('164.21539147166524')], 'angle': 90.0}",0.6780861588951748,120,8281.920388,2.2039389759839083,-1.6748351745634196,"[0.4771180522275773, 0.3177327335120902]",pupil.1,1,3d c++,1581666467.7931118,0.4771180522275773,0.3177327335120902
"{'center': [-0.9805602355087559, Decimal('5.7354112165490685'), 80.98877844040612], 'normal': [-0.08541224718103471, 0.5911947522933445, -0.8019934618762778], 'radius': Decimal('2.1886092041996825')}",0.9983750574074856,8427.346993,4.377218408399365,"{'center': [Decimal('152.52250370852698'), Decimal('163.70347468762128')], 'axes': [Decimal('25.443233447492208'), 33.51369226462518], 'angle': -81.66523323629447}","[Decimal('152.52250370852698'), Decimal('163.70347468762128')]",33.51369226462518,"{'center': [Decimal('0.044386730663660674'), Decimal('-1.3589258109710656'), 90.61269998292146], 'radius': 12.0}","{'center': [Decimal('160.30370768133668'), Decimal('110.70181108210151')], 'axes': [Decimal('164.21539147166524'), Decimal('164.21539147166524')], 'angle': 90.0}",0.678650899025679,120,8281.920388,2.2033357157179934,-1.676896325417262,"[0.4766328240891468, Decimal('0.31790218880157795')]",pupil.1,1,3d c++,1581666467.801219,0.4766328240891468,0.31790218880157795
"{'center': [-0.9698045382601064, 5.740235708159152, 80.99119688853233], 'normal': [-0.0845159390769806, 0.5915967932608515, -0.8017919245324272], 'radius': Decimal('2.1920930047618157')}",0.9984585291347341,8427.355393,4.384186009523631,"{'center': [Decimal('152.60484078419194'), 163.7383875002558], 'axes': [Decimal('25.474880155733256'), 33.56605287861994], 'angle': -81.7574994723668}","[Decimal('152.60484078419194'), 163.7383875002558]",33.56605287861994,"{'center': [Decimal('0.044386730663660674'), Decimal('-1.3589258109710656'), 90.61269998292146], 'radius': 12.0}","{'center': [Decimal('160.30370768133668'), Decimal('110.70181108210151')], 'axes': [Decimal('164.21539147166524'), Decimal('164.21539147166524')], 'angle': 90.0}",0.678596655057373,120,8281.920388,2.2038342899092846,-1.6758173272067258,"[0.4768901274505998, 0.3177567187489341]",pupil.1,1,3d c++,1581666467.809071,0.4768901274505998,0.3177567187489341
"{'center': [-0.9776460559915321, Decimal('5.7380227155060295'), 80.99039409526976], 'normal': [-0.08516939888793273, 0.5914123772064246, -0.8018588239709744], 'radius': 2.189291742056552}",0.9981291594103793,8427.363793,4.378583484113104,"{'center': [Decimal('152.54489036859897'), Decimal('163.72244057554997')], 'axes': [25.44522846365784, 33.52347985200248], 'angle': -81.69178774263813}","[Decimal('152.54489036859897'), Decimal('163.72244057554997')]",33.52347985200248,"{'center': [Decimal('0.044386730663660674'), Decimal('-1.3589258109710656'), 90.61269998292146], 'radius': 12.0}","{'center': [Decimal('160.30370768133668'), Decimal('110.70181108210151')], 'axes': [Decimal('164.21539147166524'), Decimal('164.21539147166524')], 'angle': 90.0}",0.6791903182240322,120,8281.920388,2.2036055714649603,-1.6766145384069593,"[0.4767027824018718, Decimal('0.31782316426854185')]",pupil.1,1,3d c++,1581666467.8177269,0.4767027824018718,0.31782316426854185
"{'center': [-0.9666117144307944, 5.737320235776988, 80.98871046775524], 'normal': [-0.08424987042453792, 0.5913538372290045, -0.8019991262638512], 'radius': Decimal('2.2121977929531713')}",0.997378086313043,8427.372193,4.424395585906343,"{'center': [152.6295062518922, Decimal('163.71366170599146')], 'axes': [Decimal('25.717930952757484'), 33.87502141979776], 'angle': -81.77977070178575}","[152.6295062518922, Decimal('163.71366170599146')]",33.87502141979776,"{'center': [Decimal('0.044386730663660674'), Decimal('-1.3589258109710656'), 90.61269998292146], 'radius': 12.0}","{'center': [Decimal('160.30370768133668'), Decimal('110.70181108210151')], 'axes': [Decimal('164.21539147166524'), Decimal('164.21539147166524')], 'angle': 90.0}",0.6793058568092092,120,8281.920388,2.2035329764129865,-1.6754622689995944,"[0.4769672070371631, Decimal('0.31785974289170227')]",pupil.1,1,3d c++,1581666467.8272626,0.4769672070371631,0.31785974289170227
"{'center': [-0.9790151158739375, 5.733163137198628, 80.98695725772083], 'normal': [-0.08528348721146652, 0.5910074123474744, -0.8021452271000519], 'radius': Decimal('2.2098485049471726')}",0.9978502559191292,8427.380593,4.419697009894345,"{'center': [Decimal('152.53469476872195'), 163.6832923711898], 'axes': [Decimal('25.697066491361838'), Decimal('33.839768956668536')], 'angle': -81.6749957513681}","[Decimal('152.53469476872195'), 163.6832923711898]",33.839768956668536,"{'center': [Decimal('0.044386730663660674'), Decimal('-1.3589258109710656'), 90.61269998292146], 'radius': 12.0}","{'center': [Decimal('160.30370768133668'), Decimal('110.70181108210151')], 'axes': [Decimal('164.21539147166524'), Decimal('164.21539147166524')], 'angle': 90.0}",0.6794957529276613,120,8281.920388,2.203103456196548,-1.6767176790079907,"[Decimal('0.47667092115225607'), 0.3179862817867092]",pupil.1,1,3d c++,1581666467.833185,0.47667092115225607,0.3179862817867092
"{'center': [-0.969677264493817, Decimal('5.7222064964309585'), 80.97790681135868], 'normal': [-0.0845053329297898, 0.5900943589501687, -0.8028994309635641], 'radius': 2.197964360502831}",0.9978110444500772,8427.388993,4.395928721005662,"{'center': [Decimal('152.60480959079499'), Decimal('163.60655868344062')], 'axes': [Decimal('25.592374301812622'), 33.66148396490521], 'angle': -81.73726099166625}","[Decimal('152.60480959079499'), Decimal('163.60655868344062')]",33.66148396490521,"{'center': [Decimal('0.044386730663660674'), Decimal('-1.3589258109710656'), 90.61269998292146], 'radius': 12.0}","{'center': [Decimal('160.30370768133668'), Decimal('110.70181108210151')], 'axes': [Decimal('164.21539147166524'), Decimal('164.21539147166524')], 'angle': 90.0}",0.6797413720492473,120,8281.920388,2.201972039755941,-1.6756604585371715,"[0.4768900299712343, 0.318306005485664]",pupil.1,1,3d c++,1581666467.847397,0.4768900299712343,0.318306005485664
"{'center': [-0.9663546371562084, 5.741554762808459, 80.99180722243622], 'normal': [-0.08422844731832242, 0.591706714481627, -0.8017410633737696], 'radius': 2.206552495506501}",0.997401517987254,8427.397393,4.413104991013002,"{'center': [Decimal('152.63158596651434'), Decimal('163.74543471439256')], 'axes': [Decimal('25.640755918806896'), 33.78726580181137], 'angle': -81.78680733306005}","[Decimal('152.63158596651434'), Decimal('163.74543471439256')]",33.78726580181137,"{'center': [Decimal('0.044386730663660674'), Decimal('-1.3589258109710656'), 90.61269998292146], 'radius': 12.0}","{'center': [Decimal('160.30370768133668'), Decimal('110.70181108210151')], 'axes': [Decimal('164.21539147166524'), Decimal('164.21539147166524')], 'angle': 90.0}",0.6795661543018583,120,8281.920388,2.2039706358367517,-1.6754692840890115,"[0.4769737061453573, 0.3177273553566977]",pupil.1,1,3d c++,1581666467.853195,0.4769737061453573,0.3177273553566977
"{'center': [-0.9758125419816377, 5.749188751913716, 80.99844489971302], 'normal': [-0.08501660605377487, 0.5923428802403985, -0.8011879236007032], 'radius': Decimal('2.2169088260010437')}",0.9970352132237918,8427.405793,4.433817652002087,"{'center': [152.5603137762493, Decimal('163.79831481171414')], 'axes': [Decimal('25.736327257289133'), 33.94311652508608], 'angle': -81.71973896531212}","[152.5603137762493, Decimal('163.79831481171414')]",33.94311652508608,"{'center': [Decimal('0.044386730663660674'), Decimal('-1.3589258109710656'), 90.61269998292146], 'radius': 12.0}","{'center': [Decimal('160.30370768133668'), Decimal('110.70181108210151')], 'axes': [Decimal('164.21539147166524'), Decimal('164.21539147166524')], 'angle': 90.0}",0.6794745650285483,120,8281.920388,2.2047600020286695,-1.6765139072367974,"[0.4767509805507791, 0.3175070216178578]",pupil.1,1,3d c++,1581666467.8613088,0.4767509805507791,0.3175070216178578
"{'center': [-0.9773377953600773, 5.732252594232916, 80.98610827980605], 'normal': [-0.08514371050197816, 0.5909315337669985, -0.8022159752596167], 'radius': Decimal('2.1999251823262576')}",0.9982235846799006,8427.414193,4.399850364652515,"{'center': [Decimal('152.54714790931777'), 163.6786383182081], 'axes': [Decimal('25.584768994629666'), 33.68812306914878], 'angle': -81.68742070077437}","[Decimal('152.54714790931777'), 163.6786383182081]",33.68812306914878,"{'center': [Decimal('0.044386730663660674'), Decimal('-1.3589258109710656'), 90.61269998292146], 'radius': 12.0}","{'center': [Decimal('160.30370768133668'), Decimal('110.70181108210151')], 'axes': [Decimal('164.21539147166524'), Decimal('164.21539147166524')], 'angle': 90.0}",0.6797339736695718,120,8281.920388,2.2030093950184617,-1.6765361132014192,"[0.476709837216618, 0.3180056736741329]",pupil.1,1,3d c++,1581666467.869141,0.476709837216618,0.3180056736741329
"{'center': [-0.9608619993818621, 5.750832149409735, 80.99808523580113], 'normal': [-0.08377072750379357, 0.5924798300317334, -0.8012178955933608], 'radius': 2.225111237811693}",0.9969966941922251,8427.422593,4.450222475623386,"{'center': [Decimal('152.67450482451503'), Decimal('163.80948256793118')], 'axes': [Decimal('25.833028716273542'), 34.0688865062209], 'angle': -81.8418104017602}","[Decimal('152.67450482451503'), Decimal('163.80948256793118')]",34.0688865062209,"{'center': [Decimal('0.044386730663660674'), Decimal('-1.3589258109710656'), 90.61269998292146], 'radius': 12.0}","{'center': [Decimal('160.30370768133668'), Decimal('110.70181108210151')], 'axes': [Decimal('164.21539147166524'), Decimal('164.21539147166524')], 'angle': 90.0}",0.6797615470736429,120,8281.920388,2.204929991766922,-1.674972064160783,"[Decimal('0.47710782757660947'), 0.3174604893002867]",pupil.1,1,3d c++,1581666467.880865,0.47710782757660947,0.3174604893002867
"{'center': [-0.9825043634101538, 5.74515053773715, 80.99617285964891], 'normal': [-0.08557425783948455, 0.5920063623923513, -0.8013772602727116], 'radius': 2.188245165142692}",0.9983033856366423,8427.430993,4.376490330285384,"{'center': [152.5083181917349, 163.7740428955319], 'axes': [Decimal('25.411730850035855'), 33.50506863868005], 'angle': -81.66118271063483}","[152.5083181917349, 163.7740428955319]",33.50506863868005,"{'center': [Decimal('0.044386730663660674'), Decimal('-1.3589258109710656'), 90.61269998292146], 'radius': 12.0}","{'center': [Decimal('160.30370768133668'), Decimal('110.70181108210151')], 'axes': [Decimal('164.21539147166524'), Decimal('164.21539147166524')], 'angle': 90.0}",0.6801696027830206,120,8281.920388,2.2043423874620536,-1.677177187393946,"[Decimal('0.47658849434917155'), Decimal('0.31760815460195047')]",pupil.1,1,3d c++,1581666467.885548,0.47658849434917155,0.31760815460195047
"{'center': [-0.9616318010599854, 5.751194975115125, 80.99843406600957], 'normal': [-0.08383487764363717, 0.5925100655071825, -0.8011888264093244], 'radius': 2.216285837937265}",0.9980713407186381,8427.439392,4.43257167587453,"{'center': [152.6684317171017, 163.8137361388039], 'axes': [Decimal('25.729206708044828'), Decimal('33.933578175086566')], 'angle': -81.83604577001388}","[152.6684317171017, 163.8137361388039]",33.933578175086566,"{'center': [Decimal('0.044386730663660674'), Decimal('-1.3589258109710656'), 90.61269998292146], 'radius': 12.0}","{'center': [Decimal('160.30370768133668'), Decimal('110.70181108210151')], 'axes': [Decimal('164.21539147166524'), Decimal('164.21539147166524')], 'angle': 90.0}",0.6804286590199826,120,8281.920388,2.2049675245934837,-1.6750550187931452,"[0.4770888491159428, 0.3174427660883171]",pupil.1,1,3d c++,1581666467.8932471,0.4770888491159428,0.3174427660883171
"{'center': [-0.96813132268827, 5.760149639528487, 81.00574563090484], 'normal': [-0.08437650444599422, 0.5932562875416294, -0.8005795293347181], 'radius': Decimal('2.2055392296608227')}",0.997829263279535,8427.447792,4.411078459321645,"{'center': [Decimal('152.61921978326976'), Decimal('163.88029589972973')], 'axes': [Decimal('25.577192520821566'), Decimal('33.765956967166076')], 'angle': -81.7942880357986}","[Decimal('152.61921978326976'), Decimal('163.88029589972973')]",33.765956967166076,"{'center': [Decimal('0.044386730663660674'), Decimal('-1.3589258109710656'), 90.61269998292146], 'radius': 12.0}","{'center': [Decimal('160.30370768133668'), Decimal('110.70181108210151')], 'axes': [Decimal('164.21539147166524'), Decimal('164.21539147166524')], 'angle': 90.0}",0.6805865017985968,120,8281.920388,2.2058941764969733,-1.675802950596025,"[0.476935061822718, Decimal('0.31716543375112616')]",pupil.1,1,3d c++,1581666467.901218,0.476935061822718,0.31716543375112616
"{'center': [-0.965642512223235, 5.749496212953035, 80.99759846196474], 'normal': [-0.08416910357390797, 0.5923685019936751, -0.8012584600797261], 'radius': Decimal('2.1987994930626567')}",0.9984512888910382,8427.456192,4.397598986125313,"{'center': [152.6373144607954, 163.8044885394991], 'axes': [Decimal('25.529170874928838'), Decimal('33.666120114521746')], 'angle': -81.80182984754126}","[152.6373144607954, 163.8044885394991]",33.666120114521746,"{'center': [Decimal('0.044386730663660674'), Decimal('-1.3589258109710656'), 90.61269998292146], 'radius': 12.0}","{'center': [Decimal('160.30370768133668'), Decimal('110.70181108210151')], 'axes': [Decimal('164.21539147166524'), Decimal('164.21539147166524')], 'angle': 90.0}",0.6812841729758601,120,8281.920388,2.204791803565711,-1.675458615137427,"[Decimal('0.47699160768998566'), 0.3174812977520871]",pupil.1,1,3d c++,1581666467.9092536,0.47699160768998566,0.3174812977520871
"{'center': [-0.9519010141732214, Decimal('5.7543202836770755'), 80.99973266130526], 'normal': [-0.08302397873640684, 0.5927705078873451, -0.8010806101346828], 'radius': Decimal('2.2091222165095545')}",0.998156978597492,8427.464592,4.418244433019109,"{'center': [Decimal('152.74255811610584'), 163.8382511133932], 'axes': [Decimal('25.641218025958352'), 33.82332518418265], 'angle': -81.91787099447981}","[Decimal('152.74255811610584'), 163.8382511133932]",33.82332518418265,"{'center': [Decimal('0.044386730663660674'), Decimal('-1.3589258109710656'), 90.61269998292146], 'radius': 12.0}","{'center': [Decimal('160.30370768133668'), Decimal('110.70181108210151')], 'axes': [Decimal('164.21539147166524'), Decimal('164.21539147166524')], 'angle': 90.0}",0.6815318160488748,120,8281.920388,2.2052908678246177,-1.674067606322852,"[Decimal('0.47732049411283073'), Decimal('0.31734062036086164')]",pupil.1,1,3d c++,1581666467.91696,0.47732049411283073,0.31734062036086164
"{'center': [-0.9622743455591232, Decimal('5.7546602884829845'), 81.00106503962111], 'normal': [-0.08388842301856533, 0.5927988416211708, -0.8009695786083616], 'radius': 2.223677479430747}",0.997477421312443,8427.472992,4.447354958861494,"{'center': [152.6639541949121, 163.8374210018282], 'axes': [25.80520777165184, 34.04568054769457], 'angle': -81.83491424505404}","[152.6639541949121, 163.8374210018282]",34.04568054769457,"{'center': [Decimal('0.044386730663660674'), Decimal('-1.3589258109710656'), 90.61269998292146], 'radius': 12.0}","{'center': [Decimal('160.30370768133668'), Decimal('110.70181108210151')], 'axes': [Decimal('164.21539147166524'), Decimal('164.21539147166524')], 'angle': 90.0}",0.6816867435045615,120,8281.920388,2.205326049232792,-1.6751494766926203,"[0.4770748568591003, Decimal('0.31734407915904916')]",pupil.1,1,3d c++,1581666467.929525,0.4770748568591003,0.31734407915904916
"{'center': [-0.9564865449173285, 5.751238899276899, 80.99792954991723], 'normal': [-0.08340610629841577, 0.5925137258539971, -0.8012308694170187], 'radius': 2.208561211494512}",0.9877832924594405,8427.481392,4.417122422989024,"{'center': [Decimal('152.70742140994327'), Decimal('163.81578111838215')], 'axes': [Decimal('25.641385944117054'), 33.81548400584555], 'angle': -81.87745471974287}","[Decimal('152.70742140994327'), Decimal('163.81578111838215')]",33.81548400584555,"{'center': [Decimal('0.044386730663660674'), Decimal('-1.3589258109710656'), 90.61269998292146], 'radius': 12.0}","{'center': [Decimal('160.30370768133668'), Decimal('110.70181108210151')], 'axes': [Decimal('164.21539147166524'), Decimal('164.21539147166524')], 'angle': 90.0}",0.6821298170722745,120,8281.920388,2.204972068437626,-1.674520212753739,"[0.4772106919060727, Decimal('0.31743424534007436')]",pupil.1,1,3d c++,1581666467.9368398,0.4772106919060727,0.31743424534007436
"{'center': [-0.9523202736293264, Decimal('5.7715404000427935'), 81.01254234040417], 'normal': [-0.08305891702441559, 0.5942055175844883, -0.80001313687644], 'radius': Decimal('2.2347525893498545')}",0.9966877135824361,8427.489792,4.469505178699709,"{'center': [152.7411245088671, Decimal('163.95815005851208')], 'axes': [Decimal('25.890672296295723'), Decimal('34.210462266988834')], 'angle': -81.93429413791127}","[152.7411245088671, Decimal('163.95815005851208')]",34.210462266988834,"{'center': [Decimal('0.044386730663660674'), Decimal('-1.3589258109710656'), 90.61269998292146], 'radius': 12.0}","{'center': [Decimal('160.30370768133668'), Decimal('110.70181108210151')], 'axes': [Decimal('164.21539147166524'), Decimal('164.21539147166524')], 'angle': 90.0}",0.6821624999426845,120,8281.920388,2.20707383730177,-1.6742476302511693,"[0.4773160140902097, 0.3168410414228664]",pupil.1,1,3d c++,1581666467.9451606,0.4773160140902097,0.3168410414228664
"{'center': [-0.9434477993687547, 5.771401350402173, 81.01152205971543], 'normal': [-0.08231954416936794, 0.5941939301144366, -0.8000981602671685], 'radius': 2.210092552320336}",0.9976337594854504,8427.498192,4.420185104640672,"{'center': [Decimal('152.80804107675417'), 163.9622726207156], 'axes': [25.60866104264232, 33.83327856903916], 'angle': -82.00528548717472}","[Decimal('152.80804107675417'), 163.9622726207156]",33.83327856903916,"{'center': [Decimal('0.044386730663660674'), Decimal('-1.3589258109710656'), 90.61269998292146], 'radius': 12.0}","{'center': [Decimal('160.30370768133668'), Decimal('110.70181108210151')], 'axes': [Decimal('164.21539147166524'), Decimal('164.21539147166524')], 'angle': 90.0}",0.6824974934441119,120,8281.920388,2.2070594307152818,-1.6733223785275155,"[0.4775251283648568, 0.3168238640803517]",pupil.1,1,3d c++,1581666467.952936,0.4775251283648568,0.3168238640803517
"{'center': [-0.939953517280258, 5.777938495905941, 81.01602127924993], 'normal': [-0.08202835399532656, 0.5947386922397505, -0.7997232253059608], 'radius': Decimal('2.2313787834149332')}",0.9970384030467663,8427.506592,4.4627575668298665,"{'center': [Decimal('152.83561111144854'), Decimal('164.00578419052457')], 'axes': [25.83856241476106, Decimal('34.157337850612564')], 'angle': -82.0407117443763}","[Decimal('152.83561111144854'), Decimal('164.00578419052457')]",34.157337850612564,"{'center': [Decimal('0.044386730663660674'), Decimal('-1.3589258109710656'), 90.61269998292146], 'radius': 12.0}","{'center': [Decimal('160.30370768133668'), Decimal('110.70181108210151')], 'axes': [Decimal('164.21539147166524'), Decimal('164.21539147166524')], 'angle': 90.0}",0.6824590190048774,120,8281.920388,2.207736894032919,-1.6730098000640508,"[0.4776112847232767, Decimal('0.31664256587281436')]",pupil.1,1,3d c++,1581666467.9610188,0.4776112847232767,0.31664256587281436
"{'center': [-0.9334805113187716, 5.779233126880697, 81.01632240411472], 'normal': [-0.08148893683186936, 0.5948465781543135, -0.7996981315672281], 'radius': Decimal('2.2234905049198384')}",0.9977463769216599,8427.514992,4.446981009839677,"{'center': [Decimal('152.88478090982017'), Decimal('164.01699387987227')], 'axes': [Decimal('25.746075343295534'), 34.03642659298862], 'angle': -82.09405046391022}","[Decimal('152.88478090982017'), Decimal('164.01699387987227')]",34.03642659298862,"{'center': [Decimal('0.044386730663660674'), Decimal('-1.3589258109710656'), 90.61269998292146], 'radius': 12.0}","{'center': [Decimal('160.30370768133668'), Decimal('110.70181108210151')], 'axes': [Decimal('164.21539147166524'), Decimal('164.21539147166524')], 'angle': 90.0}",0.682800453531196,120,8281.920388,2.2078711006633513,-1.6723454366462551,"[0.477764940343188, Decimal('0.31659585883386554')]",pupil.1,1,3d c++,1581666467.969613,0.477764940343188,0.31659585883386554
"{'center': [-0.9309610063971254, 5.776269841059958, 81.01386256378325], 'normal': [-0.08127897808839885, 0.594599637669252, -0.7999031182615178], 'radius': Decimal('2.2123003010079487')}",0.998531162656246,8427.523392,4.424600602015897,"{'center': [Decimal('152.90349820617308'), Decimal('163.99777551183402')], 'axes': [25.62560412496972, 33.86610878225009], 'angle': -82.11092426651682}","[Decimal('152.90349820617308'), Decimal('163.99777551183402')]",33.86610878225009,"{'center': [Decimal('0.044386730663660674'), Decimal('-1.3589258109710656'), 90.61269998292146], 'radius': 12.0}","{'center': [Decimal('160.30370768133668'), Decimal('110.70181108210151')], 'axes': [Decimal('164.21539147166524'), Decimal('164.21539147166524')], 'angle': 90.0}",0.6832929603671212,120,8281.920388,2.2075639342428874,-1.672059800702641,"[0.4778234318942909, 0.3166759353673583]",pupil.1,1,3d c++,1581666467.9771268,0.4778234318942909,0.3166759353673583
"{'center': [-0.916998847564175, 5.776100202147681, 81.01232803376791], 'normal': [-0.08011546485231964, 0.5945855010932289, -0.8000309957627957], 'radius': 2.229106915433712}",0.9975308913615769,8427.531792,4.458213830867424,"{'center': [153.0102464177238, Decimal('163.99409480804573')], 'axes': [Decimal('25.826212228986254'), Decimal('34.124098301122416')], 'angle': -82.22273009971708}","[153.0102464177238, Decimal('163.99409480804573')]",34.124098301122416,"{'center': [Decimal('0.044386730663660674'), Decimal('-1.3589258109710656'), 90.61269998292146], 'radius': 12.0}","{'center': [Decimal('160.30370768133668'), Decimal('110.70181108210151')], 'axes': [Decimal('164.21539147166524'), Decimal('164.21539147166524')], 'angle': 90.0}",0.684673779787881,120,8281.920388,2.2075463520308674,-1.670604037899239,"[0.4781570200553869, 0.3166912716331428]",pupil.1,1,3d c++,1581666467.986686,0.4781570200553869,0.3166912716331428
"{'center': [-0.9202815380347278, 5.796680764839474, 81.0279876938862], 'normal': [-0.08038902239153238, 0.5963005479842116, -0.7987260240862711], 'radius': Decimal('2.2329760988386202')}",0.9974043147407349,8427.540192,4.4659521976772405,"{'center': [Decimal('152.98660770094415'), Decimal('164.14220593521472')], 'axes': [Decimal('25.812210273596996'), 34.17676453539913], 'angle': -82.21916174468845}","[Decimal('152.98660770094415'), Decimal('164.14220593521472')]",34.17676453539913,"{'center': [Decimal('0.044386730663660674'), Decimal('-1.3589258109710656'), 90.61269998292146], 'radius': 12.0}","{'center': [Decimal('160.30370768133668'), Decimal('110.70181108210151')], 'axes': [Decimal('164.21539147166524'), Decimal('164.21539147166524')], 'angle': 90.0}",0.6859680056024442,120,8281.920388,2.2096810956310877,-1.6711050912883543,"[Decimal('0.47808314906545046'), 0.3160741419366053]",pupil.1,1,3d c++,1581666467.9946618,0.47808314906545046,0.3160741419366053
"{'center': [-0.924990598851553, 5.796017406480589, 81.02796758456705], 'normal': [-0.08078144412626781, 0.5962452681209712, -0.7987276998628667], 'radius': 2.219639473709606}",0.9980219374314266,8427.548592,4.439278947419212,"{'center': [Decimal('152.95037270854465'), 164.1396866219969], 'axes': [Decimal('25.658012540123675'), 33.97259442356422], 'angle': -82.18075937607647}","[Decimal('152.95037270854465'), 164.1396866219969]",33.97259442356422,"{'center': [Decimal('0.044386730663660674'), Decimal('-1.3589258109710656'), 90.61269998292146], 'radius': 12.0}","{'center': [Decimal('160.30370768133668'), Decimal('110.70181108210151')], 'axes': [Decimal('164.21539147166524'), Decimal('164.21539147166524')], 'angle': 90.0}",0.6870670224817133,120,8281.920388,2.2096122352468104,-1.671591240036674,"[0.477969914714202, Decimal('0.31608463907501294')]",pupil.1,1,3d c++,1581666468.001018,0.477969914714202,0.31608463907501294
"{'center': [-0.9183225671482885, 5.784690539156108, 81.01885110720416], 'normal': [-0.08022577481766244, 0.5953013625105977, -0.7994874063097751], 'radius': Decimal('2.2430066203079515')}",0.9447633168669722,8427.556992,4.486013240615903,"{'center': [Decimal('153.00104360604377'), Decimal('164.05359205179178')], 'axes': [25.96271092474978, 34.3341854534946], 'angle': -82.22160970399094}","[Decimal('153.00104360604377'), Decimal('164.05359205179178')]",34.3341854534946,"{'center': [Decimal('0.044386730663660674'), Decimal('-1.3589258109710656'), 90.61269998292146], 'radius': 12.0}","{'center': [Decimal('160.30370768133668'), Decimal('110.70181108210151')], 'axes': [Decimal('164.21539147166524'), Decimal('164.21539147166524')], 'angle': 90.0}",0.6874312268180915,120,8281.920388,2.208436984476249,-1.6708080514230932,"[Decimal('0.47812826126888675'), Decimal('0.31644336645086757')]",pupil.1,1,3d c++,1581666468.013702,0.47812826126888675,0.31644336645086757
"{'center': [-0.9147815713516709, 5.786366800743788, 81.01974477290499], 'normal': [-0.07993069183461098, 0.5954410509762378, -0.7994129341680393], 'radius': 2.223263542982635}",0.9980206707113348,8427.565391,4.44652708596527,"{'center': [Decimal('153.02761121203164'), Decimal('164.06966322423594')], 'axes': [25.73073498898127, 34.03151704066379], 'angle': -82.2518339384966}","[Decimal('153.02761121203164'), Decimal('164.06966322423594')]",34.03151704066379,"{'center': [Decimal('0.044386730663660674'), Decimal('-1.3589258109710656'), 90.61269998292146], 'radius': 12.0}","{'center': [Decimal('160.30370768133668'), Decimal('110.70181108210151')], 'axes': [Decimal('164.21539147166524'), Decimal('164.21539147166524')], 'angle': 90.0}",0.688892490944859,120,8281.920388,2.2086108451193605,-1.6704518488632623,"[0.4782112850375989, 0.3163764032323503]",pupil.1,1,3d c++,1581666468.021028,0.4782112850375989,0.3163764032323503
"{'center': [-0.924872283091787, 5.768312611605096, 81.00733640666846], 'normal': [-0.08077158447962064, 0.5939365352146802, -0.8004469646877502], 'radius': Decimal('2.2483645090845137')}",0.9971415720028809,8427.573791,4.496729018169027,"{'center': [Decimal('152.95029994974323'), Decimal('163.93361286506513')], 'axes': [26.06830482043157, Decimal('34.421096640194285')], 'angle': -82.15087465637212}","[Decimal('152.95029994974323'), Decimal('163.93361286506513')]",34.421096640194285,"{'center': [Decimal('0.044386730663660674'), Decimal('-1.3589258109710656'), 90.61269998292146], 'radius': 12.0}","{'center': [Decimal('160.30370768133668'), Decimal('110.70181108210151')], 'axes': [Decimal('164.21539147166524'), Decimal('164.21539147166524')], 'angle': 90.0}",0.6897191757322507,120,8281.920388,2.2067394537076765,-1.6713640097468807,"[0.4779696873429476, Decimal('0.31694327972889524')]",pupil.1,1,3d c++,1581666468.0298162,0.4779696873429476,0.31694327972889524
"{'center': [-0.9106673598877335, 5.801854438022198, 81.03088919843249], 'normal': [-0.07958784087928285, 0.5967316874161053, -0.798484232040747], 'radius': Decimal('2.2260373156908515')}",0.9983186571537181,8427.582191,4.452074631381703,"{'center': [Decimal('153.05995373799175'), Decimal('164.18146492922807')], 'axes': [25.7211406092678, 34.06931758810221], 'angle': -82.3017354885742}","[Decimal('153.05995373799175'), Decimal('164.18146492922807')]",34.06931758810221,"{'center': [Decimal('0.044386730663660674'), Decimal('-1.3589258109710656'), 90.61269998292146], 'radius': 12.0}","{'center': [Decimal('160.30370768133668'), Decimal('110.70181108210151')], 'axes': [Decimal('164.21539147166524'), Decimal('164.21539147166524')], 'angle': 90.0}",0.6907675160347848,120,8281.920388,2.210218273373729,-1.6701418537700443,"[0.4783123554312242, Decimal('0.31591056279488305')]",pupil.1,1,3d c++,1581666468.037418,0.4783123554312242,0.31591056279488305
"{'center': [-0.909875555715405, 5.785813631459276, 81.01884352221835], 'normal': [-0.07952185719825548, 0.5953949535358618, -0.7994880383919257], 'radius': Decimal('2.2379887307807484')}",0.9974869504738076,8427.590591,4.475977461561497,"{'center': [153.0653079681444, Decimal('164.06311402375667')], 'axes': [25.90466738094897, Decimal('34.257356594241315')], 'angle': -82.29054262457741}","[153.0653079681444, Decimal('164.06311402375667')]",34.257356594241315,"{'center': [Decimal('0.044386730663660674'), Decimal('-1.3589258109710656'), 90.61269998292146], 'radius': 12.0}","{'center': [Decimal('160.30370768133668'), Decimal('110.70181108210151')], 'axes': [Decimal('164.21539147166524'), Decimal('164.21539147166524')], 'angle': 90.0}",0.69173295429803,120,8281.920388,2.208553468323747,-1.669936213702679,"[0.4783290874004512, Decimal('0.31640369156768056')]",pupil.1,1,3d c++,1581666468.0476232,0.4783290874004512,0.31640369156768056
"{'center': [-0.9014765789780871, 5.789141873943935, 81.02049111471246], 'normal': [-0.07882194247014565, 0.5956723070762501, -0.799350739017417], 'radius': 2.237523795103486}",0.9976798282644075,8427.598991,4.475047590206972,"{'center': [Decimal('153.12945570091912'), Decimal('164.08772779140298')], 'axes': [25.89312057336109, 34.24954297095187], 'angle': -82.36148310518125}","[Decimal('153.12945570091912'), Decimal('164.08772779140298')]",34.24954297095187,"{'center': [Decimal('0.044386730663660674'), Decimal('-1.3589258109710656'), 90.61269998292146], 'radius': 12.0}","{'center': [Decimal('160.30370768133668'), Decimal('110.70181108210151')], 'axes': [Decimal('164.21539147166524'), Decimal('164.21539147166524')], 'angle': 90.0}",0.6925122522126848,120,8281.920388,2.208898722968482,-1.6690860331601152,"[Decimal('0.47852954906537226'), 0.3163011342024876]",pupil.1,1,3d c++,1581666468.054699,0.47852954906537226,0.3163011342024876
"{'center': [-0.9048854951012572, 5.779983356523101, 81.01400954413455], 'normal': [-0.07910601881374316, 0.5949090972911806, -0.7998908698989083], 'radius': Decimal('2.2391419472772878')}",0.9974914921128784,8427.607391,4.4782838945545755,"{'center': [Decimal('153.10298523960387'), Decimal('164.02092892486837')], 'axes': [25.9362634543607, 34.27705077979171], 'angle': -82.32418530663395}","[Decimal('153.10298523960387'), Decimal('164.02092892486837')]",34.27705077979171,"{'center': [Decimal('0.044386730663660674'), Decimal('-1.3589258109710656'), 90.61269998292146], 'radius': 12.0}","{'center': [Decimal('160.30370768133668'), Decimal('110.70181108210151')], 'axes': [Decimal('164.21539147166524'), Decimal('164.21539147166524')], 'angle': 90.0}",0.6932375269671276,120,8281.920388,2.20794887857199,-1.6693718049663373,"[0.4784468288737621, 0.3165794628130485]",pupil.1,1,3d c++,1581666468.061683,0.4784468288737621,0.3165794628130485
"{'center': [-0.9083941301363977, 5.785922149290664, 81.01877710142836], 'normal': [-0.07939840506667153, 0.5954039966884774, -0.7994935734577585], 'radius': 2.24152796868002}",0.9976695859469378,8427.615791,4.48305593736004,"{'center': [Decimal('153.07668470379022'), 164.0633007513186], 'axes': [25.94591441675805, 34.31157525064028], 'angle': -82.30253509021988}","[Decimal('153.07668470379022'), 164.0633007513186]",34.31157525064028,"{'center': [Decimal('0.044386730663660674'), Decimal('-1.3589258109710656'), 90.61269998292146], 'radius': 12.0}","{'center': [Decimal('160.30370768133668'), Decimal('110.70181108210151')], 'axes': [Decimal('164.21539147166524'), Decimal('164.21539147166524')], 'angle': 90.0}",0.6940073951928527,120,8281.920388,2.2085647240083945,-1.6697826292816278,"[Decimal('0.47836463969934445'), Decimal('0.31640291353617256')]",pupil.1,1,3d c++,1581666468.0692322,0.47836463969934445,0.31640291353617256
"{'center': [-0.9073331907637334, 5.782587478544325, 81.01618930836723], 'normal': [-0.07930999345228285, 0.5951261074596159, -0.7997092228795192], 'radius': 2.238611204369944}",0.9977210799141244,8427.624191,4.477222408739888,"{'center': [Decimal('153.08448883526665'), Decimal('164.03976410627547')], 'axes': [Decimal('25.921887944320932'), 34.26800563416145], 'angle': -82.30739582203516}","[Decimal('153.08448883526665'), Decimal('164.03976410627547')]",34.26800563416145,"{'center': [Decimal('0.044386730663660674'), Decimal('-1.3589258109710656'), 90.61269998292146], 'radius': 12.0}","{'center': [Decimal('160.30370768133668'), Decimal('110.70181108210151')], 'axes': [Decimal('164.21539147166524'), Decimal('164.21539147166524')], 'angle': 90.0}",0.6948834122111225,120,8281.920388,2.20821888821448,-1.669646633852111,"[0.4783890276102083, Decimal('0.31650098289051887')]",pupil.1,1,3d c++,1581666468.0798268,0.4783890276102083,0.31650098289051887
"{'center': [-0.9078441441243126, 5.773409246665986, 81.00941653470949], 'normal': [-0.07935257289899778, 0.5943612548030877, -0.8002736206843308], 'radius': Decimal('2.2386761707002703')}",0.9976435322296462,8427.632591,4.4773523414005405,"{'center': [Decimal('153.08004497981142'), Decimal('163.97325301835173')], 'axes': [Decimal('25.948158404288655'), Decimal('34.271854609640904')], 'angle': -82.2932472872985}","[Decimal('153.08004497981142'), Decimal('163.97325301835173')]",34.271854609640904,"{'center': [Decimal('0.044386730663660674'), Decimal('-1.3589258109710656'), 90.61269998292146], 'radius': 12.0}","{'center': [Decimal('160.30370768133668'), Decimal('110.70181108210151')], 'axes': [Decimal('164.21539147166524'), Decimal('164.21539147166524')], 'angle': 90.0}",0.6954233679441368,120,8281.920388,2.2072674787221813,-1.6696300602063148,"[Decimal('0.47837514056191066'), 0.3167781124235345]",pupil.1,1,3d c++,1581666468.087171,0.47837514056191066,0.3167781124235345
"{'center': [-0.9135223869841287, 5.779865510839228, 81.01477996939909], 'normal': [-0.07982575980398245, 0.5948992768175244, -0.799826667793531], 'radius': Decimal('2.2448620004223434')}",0.9974831130474919,8427.640991,4.489724000844687,"{'center': [Decimal('153.03734960360487'), 164.0185442059235], 'axes': [Decimal('25.999602710103783'), 34.36431365771216], 'angle': -82.25477223996603}","[Decimal('153.03734960360487'), 164.0185442059235]",34.36431365771216,"{'center': [Decimal('0.044386730663660674'), Decimal('-1.3589258109710656'), 90.61269998292146], 'radius': 12.0}","{'center': [Decimal('160.30370768133668'), Decimal('110.70181108210151')], 'axes': [Decimal('164.21539147166524'), Decimal('164.21539147166524')], 'angle': 90.0}",0.6961262906931442,120,8281.920388,2.2079366609619657,-1.6702707416308118,"[0.4782417175112652, 0.3165893991419855]",pupil.1,1,3d c++,1581666468.097665,0.4782417175112652,0.3165893991419855
"{'center': [-0.9319407176113936, 5.781427721131319, 81.01779841227793], 'normal': [-0.08136062068958787, 0.595029461008532, -0.7995751308869611], 'radius': Decimal('2.2517596839524097')}",0.998407081275757,8427.649391,4.503519367904819,"{'center': [Decimal('152.89737128503552'), Decimal('164.02758620483937')], 'axes': [Decimal('26.068003663972515'), 34.46865548776733], 'angle': -82.10885118277557}","[Decimal('152.89737128503552'), Decimal('164.02758620483937')]",34.46865548776733,"{'center': [Decimal('0.044386730663660674'), Decimal('-1.3589258109710656'), 90.61269998292146], 'radius': 12.0}","{'center': [Decimal('160.30370768133668'), Decimal('110.70181108210151')], 'axes': [Decimal('164.21539147166524'), Decimal('164.21539147166524')], 'angle': 90.0}",0.6969614581787686,120,8281.920388,2.2080986315437734,-1.6722021177605102,"[0.477804285265736, 0.3165517241465027]",pupil.1,1,3d c++,1581666468.106522,0.477804285265736,0.3165517241465027
"{'center': [-0.9304984401119758, 5.762941820715147, 81.0039227276958], 'normal': [-0.08124043089796971, 0.5934889693071844, -0.8007314379354715], 'radius': Decimal('2.2568092638533206')}",0.9967379931461405,8427.657791,4.513618527706641,"{'center': [Decimal('152.90734174076877'), 163.8927942416346], 'axes': [Decimal('26.179212897247826'), 34.55186776832436], 'angle': -82.09966355966918}","[Decimal('152.90734174076877'), 163.8927942416346]",34.55186776832436,"{'center': [Decimal('0.044386730663660674'), Decimal('-1.3589258109710656'), 90.61269998292146], 'radius': 12.0}","{'center': [Decimal('160.30370768133668'), Decimal('110.70181108210151')], 'axes': [Decimal('164.21539147166524'), Decimal('164.21539147166524')], 'angle': 90.0}",0.6976352878680925,120,8281.920388,2.2061832480619556,-1.6719081126040143,"[Decimal('0.47783544293990243'), Decimal('0.31711335732652257')]",pupil.1,1,3d c++,1581666468.1138182,0.47783544293990243,0.31711335732652257
"{'center': [-0.9350122353243653, 5.774916279221722, 81.01326902595243], 'normal': [-0.08161658049900217, 0.594486840849399, -0.7999525797474193], 'radius': Decimal('2.2633356754964544')}",0.9860685666802298,8427.666191,4.526671350992909,"{'center': [152.8738807755158, 163.9780472527504], 'axes': [Decimal('26.219327964145354'), Decimal('34.647833809760854')], 'angle': -82.0769123195597}","[152.8738807755158, 163.9780472527504]",34.647833809760854,"{'center': [Decimal('0.044386730663660674'), Decimal('-1.3589258109710656'), 90.61269998292146], 'radius': 12.0}","{'center': [Decimal('160.30370768133668'), Decimal('110.70181108210151')], 'axes': [Decimal('164.21539147166524'), Decimal('164.21539147166524')], 'angle': 90.0}",0.6981563154155768,120,8281.920388,2.2074236507944995,-1.6724712802185517,"[Decimal('0.47773087742348685'), Decimal('0.31675813644687334')]",pupil.1,1,3d c++,1581666468.122242,0.47773087742348685,0.31675813644687334
"{'center': [-0.9269507931658125, 5.766611933109669, 81.00628466437095], 'normal': [-0.0809447936524561, 0.5937948120067279, -0.8005346098792081], 'radius': Decimal('2.2541697768497055')}",0.9969939014702534,8427.674591,4.508339553699411,"{'center': [Decimal('152.93451637349668'), Decimal('163.92007366655648')], 'axes': [Decimal('26.139631345633905'), Decimal('34.510443043355174')], 'angle': -82.13228050327626}","[Decimal('152.93451637349668'), Decimal('163.92007366655648')]",34.510443043355174,"{'center': [Decimal('0.044386730663660674'), Decimal('-1.3589258109710656'), 90.61269998292146], 'radius': 12.0}","{'center': [Decimal('160.30370768133668'), Decimal('110.70181108210151')], 'axes': [Decimal('164.21539147166524'), Decimal('164.21539147166524')], 'angle': 90.0}",0.6984877857809102,120,8281.920388,2.2065633046727533,-1.6715672551198093,"[0.4779203636671771, 0.3169996930560147]",pupil.1,1,3d c++,1581666468.129976,0.4779203636671771,0.3169996930560147
"{'center': [-0.9410346226437236, 5.765971492556915, 81.0072440764782], 'normal': [-0.0821184461089487, 0.593741441960665, -0.800454658870271], 'radius': Decimal('2.2626157482873466')}",0.9972572742557353,8427.682991,4.525231496574693,"{'center': [Decimal('152.82744656010348'), Decimal('163.91307878255097')], 'axes': [Decimal('26.233899370413145'), Decimal('34.639376691963015')], 'angle': -82.01847500501594}","[Decimal('152.82744656010348'), Decimal('163.91307878255097')]",34.639376691963015,"{'center': [Decimal('0.044386730663660674'), Decimal('-1.3589258109710656'), 90.61269998292146], 'radius': 12.0}","{'center': [Decimal('160.30370768133668'), Decimal('110.70181108210151')], 'axes': [Decimal('164.21539147166524'), Decimal('164.21539147166524')], 'angle': 90.0}",0.6992165716199095,120,8281.920388,2.2064969765033133,-1.6730284287083972,"[Decimal('0.47758577050032336'), 0.3170288384060377]",pupil.1,1,3d c++,1581666468.139322,0.47758577050032336,0.3170288384060377
"{'center': [-0.9363172658278061, 5.755938934421592, 80.99932808092815], 'normal': [-0.08172533304095557, 0.5929053954493881, -0.8011143251661086], 'radius': Decimal('2.2572541056842286')}",0.9964235216228391,8427.691391,4.514508211368457,"{'center': [Decimal('152.86260606522518'), 163.8416641743285], 'axes': [Decimal('26.201810556834094'), Decimal('34.560633648466116')], 'angle': -82.04498743467936}","[Decimal('152.86260606522518'), 163.8416641743285]",34.560633648466116,"{'center': [Decimal('0.044386730663660674'), Decimal('-1.3589258109710656'), 90.61269998292146], 'radius': 12.0}","{'center': [Decimal('160.30370768133668'), Decimal('110.70181108210151')], 'axes': [Decimal('164.21539147166524'), Decimal('164.21539147166524')], 'angle': 90.0}",0.6995517252004202,120,8281.920388,2.2054583630624967,-1.6724592021848972,"[0.4776956439538287, Decimal('0.31732639927363115')]",pupil.1,1,3d c++,1581666468.1455958,0.4776956439538287,0.31732639927363115
"{'center': [-0.9395582304880867, 5.770907221572363, 81.01075574014038], 'normal': [-0.08199541342931228, 0.5941527527119524, -0.8001620202317563], 'radius': Decimal('2.2612954794185933')}",0.8829341645184534,8427.69979,4.522590958837187,"{'center': [Decimal('152.83896216338476'), Decimal('163.94916420596743')], 'axes': [Decimal('26.205222850875057'), 34.61766342296612], 'angle': -82.03592151724662}","[Decimal('152.83896216338476'), Decimal('163.94916420596743')]",34.61766342296612,"{'center': [Decimal('0.044386730663660674'), Decimal('-1.3589258109710656'), 90.61269998292146], 'radius': 12.0}","{'center': [Decimal('160.30370768133668'), Decimal('110.70181108210151')], 'axes': [Decimal('164.21539147166524'), Decimal('164.21539147166524')], 'angle': 90.0}",0.7001799637701422,120,8281.920388,2.207008236500026,-1.67291339784683,"[0.4776217567605774, 0.3168784824751357]",pupil.1,1,3d c++,1581666468.154378,0.4776217567605774,0.3168784824751357
"{'center': [-0.9452387432786549, 5.764700965957895, 81.00673397401088], 'normal': [-0.08246878949519297, 0.5936355647440801, -0.8004971674092137], 'radius': Decimal('2.2827800820425224')}",0.9967427803250408,8427.70819,4.565560164085045,"{'center': [152.7958889833507, Decimal('163.89975755686635')], 'axes': [26.46976584013437, 34.94838874065135], 'angle': -81.98327915964543}","[152.7958889833507, Decimal('163.89975755686635')]",34.94838874065135,"{'center': [Decimal('0.044386730663660674'), Decimal('-1.3589258109710656'), 90.61269998292146], 'radius': 12.0}","{'center': [Decimal('160.30370768133668'), Decimal('110.70181108210151')], 'axes': [Decimal('164.21539147166524'), Decimal('164.21539147166524')], 'angle': 90.0}",0.7003856120916585,120,8281.920388,2.2063654021509276,-1.6734561178925806,"[0.4774871530729709, 0.3170843435130569]",pupil.1,1,3d c++,1581666468.161571,0.4774871530729709,0.3170843435130569
"{'center': [-0.9464203344623441, 5.782318295955333, 81.01994574000533], 'normal': [-0.08256725542716707, 0.5951036755771999, -0.7993961869096773], 'radius': 2.252081481252765}",0.9979079783028107,8427.71659,4.50416296250553,"{'center': [Decimal('152.78718554794466'), Decimal('164.03321235979735')], 'axes': [26.06351895706004, Decimal('34.472674299815615')], 'angle': -81.99387116664592}","[Decimal('152.78718554794466'), Decimal('164.03321235979735')]",34.472674299815615,"{'center': [Decimal('0.044386730663660674'), Decimal('-1.3589258109710656'), 90.61269998292146], 'radius': 12.0}","{'center': [Decimal('160.30370768133668'), Decimal('110.70181108210151')], 'axes': [Decimal('164.21539147166524'), Decimal('164.21539147166524')], 'angle': 90.0}",0.700798981424644,120,8281.920388,2.208190975386885,-1.673718391023669,"[Decimal('0.47745995483732706'), 0.3165282818341777]",pupil.1,1,3d c++,1581666468.170123,0.47745995483732706,0.3165282818341777
"{'center': [-0.9523005510909368, 5.784254282934534, 81.02199653591511], 'normal': [-0.08305727347954979, 0.5952650078254667, -0.7992252872505288], 'radius': 2.274154926041977}",0.977809194262325,8427.72499,4.548309852083954,"{'center': [Decimal('152.74312402766446'), Decimal('164.04266969839477')], 'axes': [Decimal('26.311243231385014'), 34.80977183968419], 'angle': -81.94900246965553}","[Decimal('152.74312402766446'), Decimal('164.04266969839477')]",34.80977183968419,"{'center': [Decimal('0.044386730663660674'), Decimal('-1.3589258109710656'), 90.61269998292146], 'radius': 12.0}","{'center': [Decimal('160.30370768133668'), Decimal('110.70181108210151')], 'axes': [Decimal('164.21539147166524'), Decimal('164.21539147166524')], 'angle': 90.0}",0.7017391530573236,120,8281.920388,2.208391739968283,-1.6743468475389085,"[Decimal('0.47732226258645144'), 0.3164888762566884]",pupil.1,1,3d c++,1581666468.181664,0.47732226258645144,0.3164888762566884
"{'center': [-0.944764008867716, 5.752612258064615, 80.99773211468909], 'normal': [-0.0824292282942814, 0.59262817241964, -0.8012473223526969], 'radius': 2.267995569080054}",0.9969673117866631,8427.73339,4.535991138160108,"{'center': [Decimal('152.79835452791238'), Decimal('163.81504891561778')], 'axes': [Decimal('26.332617291537712'), 34.7258239758699], 'angle': -81.97328052093015}","[Decimal('152.79835452791238'), Decimal('163.81504891561778')]",34.7258239758699,"{'center': [Decimal('0.044386730663660674'), Decimal('-1.3589258109710656'), 90.61269998292146], 'radius': 12.0}","{'center': [Decimal('160.30370768133668'), Decimal('110.70181108210151')], 'axes': [Decimal('164.21539147166524'), Decimal('164.21539147166524')], 'angle': 90.0}",0.7017749916713112,120,8281.920388,2.2051141466142608,-1.673311820056687,"[0.4774948578997262, 0.3174372961849259]",pupil.1,1,3d c++,1581666468.189858,0.4774948578997262,0.3174372961849259
"{'center': [-0.9452315306108305, 5.786544943160477, 81.02297092528886], 'normal': [-0.08246818843954094, 0.5954558961776285, -0.7991440881360492], 'radius': 2.268874877334708}",0.9974396146151611,8427.74179,4.537749754669416,"{'center': [152.7969456976516, Decimal('164.06064973647048')], 'axes': [26.24643775688934, 34.72851199297584], 'angle': -82.00818555087497}","[152.7969456976516, Decimal('164.06064973647048')]",34.72851199297584,"{'center': [Decimal('0.044386730663660674'), Decimal('-1.3589258109710656'), 90.61269998292146], 'radius': 12.0}","{'center': [Decimal('160.30370768133668'), Decimal('110.70181108210151')], 'axes': [Decimal('164.21539147166524'), Decimal('164.21539147166524')], 'angle': 90.0}",0.7025839446445303,120,8281.920388,2.2086293232392324,-1.6736279714468654,"[Decimal('0.47749045530516127'), Decimal('0.31641395943137296')]",pupil.1,1,3d c++,1581666468.1978636,0.47749045530516127,0.31641395943137296
"{'center': [-0.9506244501542088, 5.778359007027534, 81.01743457873309], 'normal': [-0.08291759840148913, 0.5947737348332166, -0.7996054503490305], 'radius': Decimal('2.2795121226397645')}",0.9974923268589864,8427.75019,4.559024245279529,"{'center': [Decimal('152.75565473651068'), 163.9990336200358], 'axes': [Decimal('26.390766298953462'), 34.89375294792527], 'angle': -81.95568663349593}","[Decimal('152.75565473651068'), 163.9990336200358]",34.89375294792527,"{'center': [Decimal('0.044386730663660674'), Decimal('-1.3589258109710656'), 90.61269998292146], 'radius': 12.0}","{'center': [Decimal('160.30370768133668'), Decimal('110.70181108210151')], 'axes': [Decimal('164.21539147166524'), Decimal('164.21539147166524')], 'angle': 90.0}",0.7033327135147593,120,8281.920388,2.2077804844381808,-1.6741251480850439,"[Decimal('0.47736142105159585'), Decimal('0.31667069324985087')]",pupil.1,1,3d c++,1581666468.206005,0.47736142105159585,0.31667069324985087
"{'center': [-0.9555893115622562, Decimal('5.7768546495882305'), 81.01683185472824], 'normal': [-0.08333133685215975, 0.5946483717132747, -0.7996556773494345], 'radius': 2.278502757381527}",0.9971371063627636,8427.75859,4.557005514763054,"{'center': [Decimal('152.71773327213398'), Decimal('163.98807100899685')], 'axes': [Decimal('26.381358458964744'), Decimal('34.878556689727745')], 'angle': -81.91419213640748}","[Decimal('152.71773327213398'), Decimal('163.98807100899685')]",34.878556689727745,"{'center': [Decimal('0.044386730663660674'), Decimal('-1.3589258109710656'), 90.61269998292146], 'radius': 12.0}","{'center': [Decimal('160.30370768133668'), Decimal('110.70181108210151')], 'axes': [Decimal('164.21539147166524'), Decimal('164.21539147166524')], 'angle': 90.0}",0.7037653227901508,120,8281.920388,2.2076245484304797,-1.6746305687143621,"[0.4772429164754187, Decimal('0.31671637079584647')]",pupil.1,1,3d c++,1581666468.213919,0.4772429164754187,0.31671637079584647
"{'center': [-0.9547156815988985, 5.781830439115413, 81.02044297288143], 'normal': [-0.08325853435521327, 0.5950630208405399, -0.7993547508366688], 'radius': 2.277639621103732}",0.9979843804442703,8427.76699,4.555279242207464,"{'center': [Decimal('152.72467707231272'), Decimal('164.02431641892184')], 'axes': [Decimal('26.357523751721992'), Decimal('34.863792355117624')], 'angle': -81.92689703183913}","[Decimal('152.72467707231272'), Decimal('164.02431641892184')]",34.863792355117624,"{'center': [Decimal('0.044386730663660674'), Decimal('-1.3589258109710656'), 90.61269998292146], 'radius': 12.0}","{'center': [Decimal('160.30370768133668'), Decimal('110.70181108210151')], 'axes': [Decimal('164.21539147166524'), Decimal('164.21539147166524')], 'angle': 90.0}",0.7047363111525984,120,8281.920388,2.2081403886526507,-1.674579279547354,"[Decimal('0.47726461585097724'), Decimal('0.31656534825449234')]",pupil.1,1,3d c++,1581666468.223594,0.47726461585097724,0.31656534825449234
"{'center': [-0.9637456486232614, 5.7748716074549, 81.01621085935693], 'normal': [-0.0840110316072435, 0.5944831182021638, -0.7997074269637108], 'radius': 2.247145579360336}",0.9983807586428486,8427.77539,4.494291158720672,"{'center': [Decimal('152.65466677073584'), Decimal('163.97930515256334')], 'axes': [Decimal('26.020395679790028'), Decimal('34.398681055118324')], 'angle': -81.84657177638114}","[Decimal('152.65466677073584'), Decimal('163.97930515256334')]",34.398681055118324,"{'center': [Decimal('0.044386730663660674'), Decimal('-1.3589258109710656'), 90.61269998292146], 'radius': 12.0}","{'center': [Decimal('160.30370768133668'), Decimal('110.70181108210151')], 'axes': [Decimal('164.21539147166524'), Decimal('164.21539147166524')], 'angle': 90.0}",0.7058248735490436,120,8281.920388,2.2074190212507268,-1.6754646236356976,"[0.4770458336585495, 0.3167528951976527]",pupil.1,1,3d c++,1581666468.230295,0.4770458336585495,0.3167528951976527
"{'center': [-0.9560517104764459, 5.790187915321606, 81.0268095258996], 'normal': [-0.08336987009500887, 0.5957594771910559, -0.7988242047518221], 'radius': 2.268624749093228}",0.9971270873696636,8427.78379,4.537249498186456,"{'center': [Decimal('152.71479624220004'), Decimal('164.08649595616825')], 'axes': [Decimal('26.228835886159413'), 34.72304497389165], 'angle': -81.92578170624508}","[Decimal('152.71479624220004'), Decimal('164.08649595616825')]",34.72304497389165,"{'center': [Decimal('0.044386730663660674'), Decimal('-1.3589258109710656'), 90.61269998292146], 'radius': 12.0}","{'center': [Decimal('160.30370768133668'), Decimal('110.70181108210151')], 'axes': [Decimal('164.21539147166524'), Decimal('164.21539147166524')], 'angle': 90.0}",0.7066660458018514,120,8281.920388,2.2090072521426776,-1.674785588297681,"[0.4772337382568751, Decimal('0.31630626684929897')]",pupil.1,1,3d c++,1581666468.237746,0.4772337382568751,0.31630626684929897
"{'center': [-0.9662083851907086, 5.785187371856702, 81.02414720668051], 'normal': [-0.08421625965453078, 0.5953427652356473, -0.7990460646867448], 'radius': Decimal('2.2706060465210394')}",0.9981322258513319,8427.79219,4.541212093042079,"{'center': [Decimal('152.63720983676708'), Decimal('164.04936560880975')], 'axes': [26.26187069538789, 34.75451760171034], 'angle': -81.83880423633913}","[Decimal('152.63720983676708'), Decimal('164.04936560880975')]",34.75451760171034,"{'center': [Decimal('0.044386730663660674'), Decimal('-1.3589258109710656'), 90.61269998292146], 'radius': 12.0}","{'center': [Decimal('160.30370768133668'), Decimal('110.70181108210151')], 'axes': [Decimal('164.21539147166524'), Decimal('164.21539147166524')], 'angle': 90.0}",0.707558203884473,120,8281.920388,2.2084885132701784,-1.675804650777078,"[Decimal('0.47699128073989716'), 0.3164609766299594]",pupil.1,1,3d c++,1581666468.245986,0.47699128073989716,0.3164609766299594
"{'center': [-0.9717442149622011, 5.788668012590126, 81.02732672807471], 'normal': [-0.08467757880215515, 0.5956328186300993, -0.7987811045705626], 'radius': Decimal('2.2688297760210165')}",0.9981127334298686,8427.80059,4.537659552042033,"{'center': [Decimal('152.59524477892336'), Decimal('164.07460716637365')], 'axes': [Decimal('26.229149785587854'), 34.7259650919443], 'angle': -81.79858331799451}","[Decimal('152.59524477892336'), Decimal('164.07460716637365')]",34.7259650919443,"{'center': [Decimal('0.044386730663660674'), Decimal('-1.3589258109710656'), 90.61269998292146], 'radius': 12.0}","{'center': [Decimal('160.30370768133668'), Decimal('110.70181108210151')], 'axes': [Decimal('164.21539147166524'), Decimal('164.21539147166524')], 'angle': 90.0}",0.7082762741892457,120,8281.920388,2.208849561649031,-1.676410372358947,"[0.4768601399341355, Decimal('0.31635580347344316')]",pupil.1,1,3d c++,1581666468.2537198,0.4768601399341355,0.31635580347344316
"{'center': [-0.9690125324694221, 5.788024649266218, 81.02655784687968], 'normal': [-0.08444993859442357, 0.5955792050197736, -0.7988451780034805], 'radius': Decimal('2.2817999912292377')}",0.9973032292665963,8427.80899,4.563599982458475,"{'center': [152.6163499526939, Decimal('164.06758861849192')], 'axes': [Decimal('26.382145754586194'), Decimal('34.924869555063275')], 'angle': -81.81966975748706}","[152.6163499526939, Decimal('164.06758861849192')]",34.924869555063275,"{'center': [Decimal('0.044386730663660674'), Decimal('-1.3589258109710656'), 90.61269998292146], 'radius': 12.0}","{'center': [Decimal('160.30370768133668'), Decimal('110.70181108210151')], 'axes': [Decimal('164.21539147166524'), Decimal('164.21539147166524')], 'angle': 90.0}",0.7085603550833541,120,8281.920388,2.208782818010828,-1.676120160389549,"[0.4769260936021684, Decimal('0.31638504742295026')]",pupil.1,1,3d c++,1581666468.267585,0.4769260936021684,0.31638504742295026
"{'center': [-0.9624215948038766, 5.785607333193875, 81.0240617507376], 'normal': [-0.08390069378896144, 0.595377762013745, -0.799053186015321], 'radius': Decimal('2.2645778143599866')}",0.9976049043155324,8427.81739,4.529155628719973,"{'center': [Decimal('152.66590247746817'), Decimal('164.05377258976904')], 'axes': [Decimal('26.192454437682922'), Decimal('34.662257680777905')], 'angle': -81.8695776136165}","[Decimal('152.66590247746817'), Decimal('164.05377258976904')]",34.662257680777905,"{'center': [Decimal('0.044386730663660674'), Decimal('-1.3589258109710656'), 90.61269998292146], 'radius': 12.0}","{'center': [Decimal('160.30370768133668'), Decimal('110.70181108210151')], 'axes': [Decimal('164.21539147166524'), Decimal('164.21539147166524')], 'angle': 90.0}",0.7091590152468741,120,8281.920388,2.208532070917486,-1.6754131196698836,"[0.477080945242088, Decimal('0.31644261420929565')]",pupil.1,1,3d c++,1581666468.2743769,0.477080945242088,0.31644261420929565
"{'center': [-0.9715582235825844, 5.786423386457605, 81.02563365913153], 'normal': [-0.08466207952052042, 0.5954457664523892, -0.7989221936491612], 'radius': 2.265117983294871}",0.9978425724572145,8427.825789,4.530235966589742,"{'center': [Decimal('152.59641467919894'), Decimal('164.05908270469052')], 'axes': [Decimal('26.192666778804593'), Decimal('34.669859116820426')], 'angle': -81.79745991576425}","[Decimal('152.59641467919894'), Decimal('164.05908270469052')]",34.669859116820426,"{'center': [Decimal('0.044386730663660674'), Decimal('-1.3589258109710656'), 90.61269998292146], 'radius': 12.0}","{'center': [Decimal('160.30370768133668'), Decimal('110.70181108210151')], 'axes': [Decimal('164.21539147166524'), Decimal('164.21539147166524')], 'angle': 90.0}",0.7095681817489763,120,8281.920388,2.2086167145396636,-1.6763726745852099,"[0.4768637958724967, Decimal('0.31642048873045614')]",pupil.1,1,3d c++,1581666468.2818089,0.4768637958724967,0.31642048873045614
"{'center': [-0.9757691243759201, 5.788195931251097, 81.02740223933083], 'normal': [-0.08501298791996507, 0.5955934785185135, -0.7987748119658863], 'radius': 2.259663830163357}",0.9977003816829488,8427.834189,4.519327660326714,"{'center': [152.5643261049961, Decimal('164.07273491873383')], 'axes': [Decimal('26.122816934036713'), 34.58560293771879], 'angle': -81.7658675951583}","[152.5643261049961, Decimal('164.07273491873383')]",34.58560293771879,"{'center': [Decimal('0.044386730663660674'), Decimal('-1.3589258109710656'), 90.61269998292146], 'radius': 12.0}","{'center': [Decimal('160.30370768133668'), Decimal('110.70181108210151')], 'axes': [Decimal('164.21539147166524'), Decimal('164.21539147166524')], 'angle': 90.0}",0.7101646295991304,120,8281.920388,2.2088005867813543,-1.6768264179318457,"[0.4767635190781128, 0.3163636045052757]",pupil.1,1,3d c++,1581666468.29021,0.4767635190781128,0.3163636045052757
"{'center': [-0.9855185078073976, 5.793405826597869, 81.0323321744289], 'normal': [-0.08582543653925485, 0.5960276364640779, -0.7983639840410459], 'radius': 2.28344355473805}",0.9960389764926023,8427.842589,4.5668871094761,"{'center': [Decimal('152.49110708996972'), 164.1053207151283], 'axes': [Decimal('26.378892351873954'), 34.94755427104825], 'angle': -81.69410321688163}","[Decimal('152.49110708996972'), 164.1053207151283]",34.94755427104825,"{'center': [Decimal('0.044386730663660674'), Decimal('-1.3589258109710656'), 90.61269998292146], 'radius': 12.0}","{'center': [Decimal('160.30370768133668'), Decimal('110.70181108210151')], 'axes': [Decimal('164.21539147166524'), Decimal('164.21539147166524')], 'angle': 90.0}",0.7105607523620439,120,8281.920388,2.209341172561752,-1.6778866955543914,"[Decimal('0.47653470965615535'), 0.3162278303536321]",pupil.1,1,3d c++,1581666468.298422,0.47653470965615535,0.3162278303536321
"{'center': [-0.9661606944463499, 5.790318751382776, 81.02796753546849], 'normal': [-0.08421228542583421, 0.5957703801961535, -0.7987277039544132], 'radius': 2.262312942026004}",0.9978908697780409,8427.850989,4.524625884052008,"{'center': [Decimal('152.63767952645722'), 164.0881152211859], 'axes': [26.15135985078846, 34.62591890427853], 'angle': -81.84512217506962}","[Decimal('152.63767952645722'), 164.0881152211859]",34.62591890427853,"{'center': [Decimal('0.044386730663660674'), Decimal('-1.3589258109710656'), 90.61269998292146], 'radius': 12.0}","{'center': [Decimal('160.30370768133668'), Decimal('110.70181108210151')], 'axes': [Decimal('164.21539147166524'), Decimal('164.21539147166524')], 'angle': 90.0}",0.7110381559682577,120,8281.920388,2.2090208272965857,-1.6758412773210039,"[0.4769927485201788, Decimal('0.31629951991172545')]",pupil.1,1,3d c++,1581666468.3052769,0.4769927485201788,0.31629951991172545
"{'center': [-0.9716178586002462, 5.785868833186567, 81.02522668869992], 'normal': [-0.08466704910532558, 0.5953995536798027, -0.7989561078517944], 'radius': Decimal('2.2770832244450503')}",0.9968480215681589,8427.859389,4.554166448890101,"{'center': [Decimal('152.59624993562915'), Decimal('164.05275427033152')], 'axes': [Decimal('26.332664175035482'), Decimal('34.853225481765605')], 'angle': -81.79633723497443}","[Decimal('152.59624993562915'), Decimal('164.05275427033152')]",34.853225481765605,"{'center': [Decimal('0.044386730663660674'), Decimal('-1.3589258109710656'), 90.61269998292146], 'radius': 12.0}","{'center': [Decimal('160.30370768133668'), Decimal('110.70181108210151')], 'axes': [Decimal('164.21539147166524'), Decimal('164.21539147166524')], 'angle': 90.0}",0.7115023355014793,120,8281.920388,2.2085591939446267,-1.6763743773158026,"[Decimal('0.47686328104884107'), 0.316446857206952]",pupil.1,1,3d c++,1581666468.313549,0.47686328104884107,0.316446857206952
"{'center': [-0.9792729901335318, 5.778442959461662, 81.02051108721736], 'normal': [-0.08530497673309938, 0.594780730869394, -0.7993490746420083], 'radius': Decimal('2.2906433630268093')}",0.9967077342539274,8427.867789,4.5812867260536185,"{'center': [Decimal('152.53786735940506'), 163.9959379092619], 'axes': [Decimal('26.507697506243172'), Decimal('35.062871424636576')], 'angle': -81.72642896174249}","[Decimal('152.53786735940506'), 163.9959379092619]",35.062871424636576,"{'center': [Decimal('0.044386730663660674'), Decimal('-1.3589258109710656'), 90.61269998292146], 'radius': 12.0}","{'center': [Decimal('160.30370768133668'), Decimal('110.70181108210151')], 'axes': [Decimal('164.21539147166524'), Decimal('164.21539147166524')], 'angle': 90.0}",0.7112425049206506,120,8281.920388,2.2077891871602513,-1.6771119974362434,"[0.4766808354981408, Decimal('0.31668359204474206')]",pupil.1,1,3d c++,1581666468.321491,0.4766808354981408,0.31668359204474206
"{'center': [-0.9815062266695347, Decimal('5.7886153771657485'), 81.0283273584884], 'normal': [-0.08549107977776628, 0.5956284323447345, -0.7986977187027553], 'radius': Decimal('2.2671833334134264')}",0.9977306862942549,8427.876189,4.534366666826853,"{'center': [Decimal('152.52088583970257'), Decimal('164.07401046719949')], 'axes': [Decimal('26.206236038332605'), Decimal('34.700332393900574')], 'angle': -81.72051715762552}","[Decimal('152.52088583970257'), Decimal('164.07401046719949')]",34.700332393900574,"{'center': [Decimal('0.044386730663660674'), Decimal('-1.3589258109710656'), 90.61269998292146], 'radius': 12.0}","{'center': [Decimal('160.30370768133668'), Decimal('110.70181108210151')], 'axes': [Decimal('164.21539147166524'), Decimal('164.21539147166524')], 'angle': 90.0}",0.7112539268890328,120,8281.920388,2.208844101033839,-1.6774284220190705,"[Decimal('0.47662776824907055'), Decimal('0.31635828972000213')]",pupil.1,1,3d c++,1581666468.3297868,0.47662776824907055,0.31635828972000213
"{'center': [-0.9637300665108, Decimal('5.7866763235718786'), 81.02499584386554], 'normal': [-0.08400973309787173, 0.5954668445452453, -0.7989753449213267], 'radius': Decimal('2.2589260200547154')}",0.9975741823851987,8427.884589,4.517852040109431,"{'center': [152.655858067389, Decimal('164.06252847509205')], 'axes': [26.12349143390351, 34.57532849348096], 'angle': -81.86034655180949}","[152.655858067389, Decimal('164.06252847509205')]",34.57532849348096,"{'center': [Decimal('0.044386730663660674'), Decimal('-1.3589258109710656'), 90.61269998292146], 'radius': 12.0}","{'center': [Decimal('160.30370768133668'), Decimal('110.70181108210151')], 'axes': [Decimal('164.21539147166524'), Decimal('164.21539147166524')], 'angle': 90.0}",0.7112725984849355,120,8281.920388,2.2086429510541046,-1.6755582213771172,"[Decimal('0.47704955646059066'), Decimal('0.31640613135378315')]",pupil.1,1,3d c++,1581666468.337267,0.47704955646059066,0.31640613135378315
"{'center': [-0.9814062143857762, 5.779905073613467, 81.0218271115302], 'normal': [-0.0854827454207864, 0.5949025737153777, -0.7992394059492716], 'radius': Decimal('2.2747084510961733')}",0.9964934932845103,8427.892989,4.5494169021923465,"{'center': [Decimal('152.52128451945927'), 164.0095002518658], 'axes': [Decimal('26.318142326947374'), Decimal('34.818323019051014')], 'angle': -81.71108286163641}","[Decimal('152.52128451945927'), 164.0095002518658]",34.818323019051014,"{'center': [Decimal('0.044386730663660674'), Decimal('-1.3589258109710656'), 90.61269998292146], 'radius': 12.0}","{'center': [Decimal('160.30370768133668'), Decimal('110.70181108210151')], 'axes': [Decimal('164.21539147166524'), Decimal('164.21539147166524')], 'angle': 90.0}",0.7113861132704846,120,8281.920388,2.2079407626064174,-1.6773463878744141,"[0.4766290141233102, Decimal('0.31662708228389247')]",pupil.1,1,3d c++,1581666468.349726,0.4766290141233102,0.31662708228389247
"{'center': [-0.9661756482553205, 5.796410861343353, 81.03251622768241], 'normal': [-0.08421353157658176, 0.5962780560262015, -0.7983486462699202], 'radius': Decimal('2.2674703218442374')}",0.9969904314074542,8427.901389,4.534940643688475,"{'center': [Decimal('152.63809718523325'), Decimal('164.13121795481842')], 'axes': [Decimal('26.193663650211562'), 34.70293718341549], 'angle': -81.85203870664319}","[Decimal('152.63809718523325'), Decimal('164.13121795481842')]",34.70293718341549,"{'center': [Decimal('0.044386730663660674'), Decimal('-1.3589258109710656'), 90.61269998292146], 'radius': 12.0}","{'center': [Decimal('160.30370768133668'), Decimal('110.70181108210151')], 'axes': [Decimal('164.21539147166524'), Decimal('164.21539147166524')], 'angle': 90.0}",0.7114846924402229,120,8281.920388,2.2096530776825314,-1.6758923302779625,"[0.4769940537038539, 0.3161199251882566]",pupil.1,1,3d c++,1581666468.358695,0.4769940537038539,0.3161199251882566
"{'center': [-0.9948470011823689, 5.809799221527488, 81.04560143325543], 'normal': [-0.08660281098716914, 0.5973937527082128, -0.7972582124721697], 'radius': Decimal('2.2687784447232224')}",0.9967506030024608,8427.909789,4.537556889446445,"{'center': [Decimal('152.42078866537426'), Decimal('164.22626805281027')], 'axes': [Decimal('26.158715269390893'), Decimal('34.717382452574476')], 'angle': -81.63906178831832}","[Decimal('152.42078866537426'), Decimal('164.22626805281027')]",34.717382452574476,"{'center': [Decimal('0.044386730663660674'), Decimal('-1.3589258109710656'), 90.61269998292146], 'radius': 12.0}","{'center': [Decimal('160.30370768133668'), Decimal('110.70181108210151')], 'axes': [Decimal('164.21539147166524'), Decimal('164.21539147166524')], 'angle': 90.0}",0.7115643300171226,120,8281.920388,2.211043591042388,-1.6789978804274752,"[Decimal('0.47631496457929456'), 0.3157238831132906]",pupil.1,1,3d c++,1581666468.366133,0.47631496457929456,0.3157238831132906
"{'center': [-0.9808767555723044, Decimal('5.8011556863248455'), 81.03762464453001], 'normal': [-0.0854386238529971, 0.5966734581079925, -0.7979229448659536], 'radius': 2.26692655249388}",0.9977337562658259,8427.918189,4.53385310498776,"{'center': [152.5264911672073, Decimal('164.16485927670468')], 'axes': [26.16782615244553, Decimal('34.692435839648205')], 'angle': -81.7402272704667}","[152.5264911672073, Decimal('164.16485927670468')]",34.692435839648205,"{'center': [Decimal('0.044386730663660674'), Decimal('-1.3589258109710656'), 90.61269998292146], 'radius': 12.0}","{'center': [Decimal('160.30370768133668'), Decimal('110.70181108210151')], 'axes': [Decimal('164.21539147166524'), Decimal('164.21539147166524')], 'angle': 90.0}",0.7121092936273055,120,8281.920388,2.2101457100960142,-1.677466181394162,"[0.4766452848975228, 0.3159797530137305]",pupil.1,1,3d c++,1581666468.374306,0.4766452848975228,0.3159797530137305
"{'center': [-0.980392886443767, 5.797806214537113, 81.03506909363433], 'normal': [-0.08539830142561898, 0.5963943354590149, -0.7981359074405932], 'radius': Decimal('2.2546408563526157')}",0.9978173702985936,8427.926589,4.509281712705231,"{'center': [Decimal('152.52962008424103'), 164.1430078628449], 'axes': [Decimal('26.035619477872043'), 34.50544971336692], 'angle': -81.74017273078158}","[Decimal('152.52962008424103'), 164.1430078628449]",34.50544971336692,"{'center': [Decimal('0.044386730663660674'), Decimal('-1.3589258109710656'), 90.61269998292146], 'radius': 12.0}","{'center': [Decimal('160.30370768133668'), Decimal('110.70181108210151')], 'axes': [Decimal('164.21539147166524'), Decimal('164.21539147166524')], 'angle': 90.0}",0.7131311346852742,120,8281.920388,2.209797931792084,-1.6773879858916998,"[0.4766550627632532, 0.3160708005714795]",pupil.1,1,3d c++,1581666468.381264,0.4766550627632532,0.3160708005714795
"{'center': [-0.9862938999297972, 5.788805308600734, 81.02898268324988], 'normal': [-0.08589005254945482, 0.5956442599643167, -0.7986431083059651], 'radius': Decimal('2.2581652766942075')}",0.9977005892514272,8427.934989,4.516330553388415,"{'center': [152.4842068540516, Decimal('164.07685653206477')], 'axes': [Decimal('26.099422867710338'), 34.56198994383792], 'angle': -81.68249634690541}","[152.4842068540516, Decimal('164.07685653206477')]",34.56198994383792,"{'center': [Decimal('0.044386730663660674'), Decimal('-1.3589258109710656'), 90.61269998292146], 'radius': 12.0}","{'center': [Decimal('160.30370768133668'), Decimal('110.70181108210151')], 'axes': [Decimal('164.21539147166524'), Decimal('164.21539147166524')], 'angle': 90.0}",0.7134860038049418,120,8281.920388,2.2088638054053495,-1.6779295358861985,"[Decimal('0.47651314641891124'), 0.3163464311163968]",pupil.1,1,3d c++,1581666468.390089,0.47651314641891124,0.3163464311163968
"{'center': [Decimal('-1.0006366644607556'), 5.782035308122653, 81.02548973179864], 'normal': [-0.08708528292703469, 0.5950800932578099, -0.7989341875935682], 'radius': 2.256973901243876}",0.9970652236477859,8427.943389,4.513947802487752,"{'center': [Decimal('152.37454531701394'), 164.0272760460204], 'axes': [Decimal('26.098826785174882'), Decimal('34.545235659054136')], 'angle': -81.55987661857183}","[Decimal('152.37454531701394'), 164.0272760460204]",34.545235659054136,"{'center': [Decimal('0.044386730663660674'), Decimal('-1.3589258109710656'), 90.61269998292146], 'radius': 12.0}","{'center': [Decimal('160.30370768133668'), Decimal('110.70181108210151')], 'axes': [Decimal('164.21539147166524'), Decimal('164.21539147166524')], 'angle': 90.0}",0.7142605699813953,120,8281.920388,2.2081616316497454,-1.6793695034561196,"[Decimal('0.47617045411566855'), Decimal('0.31655301647491496')]",pupil.1,1,3d c++,1581666468.3983731,0.47617045411566855,0.31655301647491496
"{'center': [-0.9842618241826167, Decimal('5.7876154517027025'), 81.02787707733191], 'normal': [-0.08572071290385644, 0.595545105222814, -0.7987352421324616], 'radius': Decimal('2.2494436608657518')}",0.9976922336088492,8427.951788,4.4988873217315035,"{'center': [Decimal('152.49935940330315'), Decimal('164.07002577017983')], 'axes': [26.00275801786, Decimal('34.428933015672264')], 'angle': -81.69732831302906}","[Decimal('152.49935940330315'), Decimal('164.07002577017983')]",34.428933015672264,"{'center': [Decimal('0.044386730663660674'), Decimal('-1.3589258109710656'), 90.61269998292146], 'radius': 12.0}","{'center': [Decimal('160.30370768133668'), Decimal('110.70181108210151')], 'axes': [Decimal('164.21539147166524'), Decimal('164.21539147166524')], 'angle': 90.0}",0.7148322117031425,120,8281.920388,2.208740368857149,-1.6777076814783454,"[0.4765604981353223, 0.3163748926242508]",pupil.1,1,3d c++,1581666468.406442,0.4765604981353223,0.3163748926242508
"{'center': [-0.9827648498721913, 5.790337963823758, 81.02974703985588], 'normal': [-0.08559596504465433, 0.595771981232902, -0.7985794119221313], 'radius': Decimal('2.2435294338754366')}",0.9979783079126492,8427.960188,4.487058867750873,"{'center': [Decimal('152.51077313723115'), Decimal('164.09094626578448')], 'axes': [Decimal('25.927305340364995'), 34.33759784083968], 'angle': -81.71248702484873}","[Decimal('152.51077313723115'), Decimal('164.09094626578448')]",34.33759784083968,"{'center': [Decimal('0.044386730663660674'), Decimal('-1.3589258109710656'), 90.61269998292146], 'radius': 12.0}","{'center': [Decimal('160.30370768133668'), Decimal('110.70181108210151')], 'axes': [Decimal('164.21539147166524'), Decimal('164.21539147166524')], 'angle': 90.0}",0.7154518477785254,120,8281.920388,2.209022820732852,-1.6775739495260027,"[Decimal('0.47659616605384736'), Decimal('0.31628772389256465')]",pupil.1,1,3d c++,1581666468.4139302,0.47659616605384736,0.31628772389256465
"{'center': [Decimal('-1.0074183697372425'), 5.797275466905655, 81.03760263086878], 'normal': [-0.0876504250334086, 0.5963501064897268, -0.7979247793377233], 'radius': Decimal('2.2546153025406466')}",0.9968003903282611,8427.968588,4.509230605081293,"{'center': [152.3238802046938, 164.1376661894197], 'axes': [Decimal('26.025570486568476'), 34.5039873187544], 'angle': -81.5240125677522}","[152.3238802046938, 164.1376661894197]",34.5039873187544,"{'center': [Decimal('0.044386730663660674'), Decimal('-1.3589258109710656'), 90.61269998292146], 'radius': 12.0}","{'center': [Decimal('160.30370768133668'), Decimal('110.70181108210151')], 'axes': [Decimal('164.21539147166524'), Decimal('164.21539147166524')], 'angle': 90.0}",0.7152648120403948,120,8281.920388,2.2097428320946806,-1.6802056483300765,"[Decimal('0.47601212563966816'), 0.3160930575440847]",pupil.1,1,3d c++,1581666468.422635,0.47601212563966816,0.3160930575440847
"{'center': [-0.9698955323861711, 5.80244583570353, 81.03741995416681], 'normal': [-0.08452352192081933, 0.5967809705562163, -0.7979400023962211], 'radius': 2.246997449876808}",0.9979548157256319,8427.976988,4.493994899753616,"{'center': [152.6096215600585, Decimal('164.17862183299673')], 'axes': [Decimal('25.938481573119304'), Decimal('34.387445780259974')], 'angle': -81.82932046419661}","[152.6096215600585, Decimal('164.17862183299673')]",34.387445780259974,"{'center': [Decimal('0.044386730663660674'), Decimal('-1.3589258109710656'), 90.61269998292146], 'radius': 12.0}","{'center': [Decimal('160.30370768133668'), Decimal('110.70181108210151')], 'axes': [Decimal('164.21539147166524'), Decimal('164.21539147166524')], 'angle': 90.0}",0.7158243248353791,120,8281.920388,2.2102796913169516,-1.6763299498871016,"[Decimal('0.47690506737518285'), Decimal('0.31592240902918034')]",pupil.1,1,3d c++,1581666468.433151,0.47690506737518285,0.31592240902918034
"{'center': [-0.9871409787345218, 5.789989264059089, 81.0299569604487], 'normal': [-0.08596064244984854, 0.5957429229191795, -0.7985619185393965], 'radius': Decimal('2.2733720257601435')}",0.997165020322458,8427.985388,4.546744051520287,"{'center': [Decimal('152.47825486087058'), Decimal('164.08245154112245')], 'axes': [Decimal('26.271549383453557'), Decimal('34.794383954362736')], 'angle': -81.67712600624365}","[Decimal('152.47825486087058'), Decimal('164.08245154112245')]",34.794383954362736,"{'center': [Decimal('0.044386730663660674'), Decimal('-1.3589258109710656'), 90.61269998292146], 'radius': 12.0}","{'center': [Decimal('160.30370768133668'), Decimal('110.70181108210151')], 'axes': [Decimal('164.21539147166524'), Decimal('164.21539147166524')], 'angle': 90.0}",0.7158337189447139,120,8281.920388,2.208986640949962,-1.678027729508349,"[Decimal('0.47649454644022055'), Decimal('0.31632311857865647')]",pupil.1,1,3d c++,1581666468.4429998,0.47649454644022055,0.31632311857865647
"{'center': [-0.996951434622718, 5.801238599748279, 81.03942152478675], 'normal': [-0.08677818044053155, 0.5966803675599454, -0.7977732048445593], 'radius': Decimal('2.2352141867070037')}",0.9971913623203563,8427.993788,4.470428373414007,"{'center': [152.4032780167809, Decimal('164.17063670896985')], 'axes': [Decimal('25.794716655957266'), Decimal('34.206229552659785')], 'angle': -81.61216725742042}","[152.4032780167809, Decimal('164.17063670896985')]",34.206229552659785,"{'center': [Decimal('0.044386730663660674'), Decimal('-1.3589258109710656'), 90.61269998292146], 'radius': 12.0}","{'center': [Decimal('160.30370768133668'), Decimal('110.70181108210151')], 'axes': [Decimal('164.21539147166524'), Decimal('164.21539147166524')], 'angle': 90.0}",0.716080638550709,120,8281.920388,2.210154320202784,-1.6791458339211756,"[Decimal('0.47626024380244025'), Decimal('0.31595568037929234')]",pupil.1,1,3d c++,1581666468.450285,0.47626024380244025,0.31595568037929234
"{'center': [-0.9937092934457001, 5.802505379680515, 81.04001697624611], 'normal': [-0.0865080020091134, 0.5967859325542983, -0.7977235838896125], 'radius': Decimal('2.2458178243807714')}",0.9975101019812732,8428.002188,4.491635648761543,"{'center': [Decimal('152.42833016306307'), 164.1779649469141], 'axes': [25.91492205826227, Decimal('34.368293801010175')], 'angle': -81.63950637961027}","[Decimal('152.42833016306307'), 164.1779649469141]",34.368293801010175,"{'center': [Decimal('0.044386730663660674'), Decimal('-1.3589258109710656'), 90.61269998292146], 'radius': 12.0}","{'center': [Decimal('160.30370768133668'), Decimal('110.70181108210151')], 'axes': [Decimal('164.21539147166524'), Decimal('164.21539147166524')], 'angle': 90.0}",0.7163479087015867,120,8281.920388,2.2102858752446988,-1.6788177830273447,"[0.4763385317595721, 0.3159251460545246]",pupil.1,1,3d c++,1581666468.4593642,0.4763385317595721,0.3159251460545246
"{'center': [-0.9664013690785038, 5.812513994635619, 81.0445884382132], 'normal': [-0.08423234164518037, 0.597619983800557, -0.7973426287256887], 'radius': Decimal('2.2363601811500486')}",0.9972936370502413,8428.010588,4.472720362300097,"{'center': [Decimal('152.63658787093584'), 164.2536882062697], 'axes': [Decimal('25.788688499350325'), Decimal('34.221594505320006')], 'angle': -81.86878352962485}","[Decimal('152.63658787093584'), 164.2536882062697]",34.221594505320006,"{'center': [Decimal('0.044386730663660674'), Decimal('-1.3589258109710656'), 90.61269998292146], 'radius': 12.0}","{'center': [Decimal('160.30370768133668'), Decimal('110.70181108210151')], 'axes': [Decimal('164.21539147166524'), Decimal('164.21539147166524')], 'angle': 90.0}",0.71650073237437,120,8281.920388,2.2113257226167815,-1.676047285829944,"[0.4769893370966745, 0.3156096324738763]",pupil.1,1,3d c++,1581666468.46737,0.4769893370966745,0.3156096324738763
"{'center': [-0.9781400412116941, 5.801781814536687, 81.03780022873116], 'normal': [-0.08521056432294623, 0.5967256354589794, -0.7979083128491908], 'radius': 2.24711137021691}",0.9981005738391103,8428.018988,4.49422274043382,"{'center': [Decimal('152.54682469780047'), Decimal('164.17334381089944')], 'axes': [Decimal('25.938316425759503'), 34.38902992760573], 'angle': -81.76278611350048}","[Decimal('152.54682469780047'), Decimal('164.17334381089944')]",34.38902992760573,"{'center': [Decimal('0.044386730663660674'), Decimal('-1.3589258109710656'), 90.61269998292146], 'radius': 12.0}","{'center': [Decimal('160.30370768133668'), Decimal('110.70181108210151')], 'axes': [Decimal('164.21539147166524'), Decimal('164.21539147166524')], 'angle': 90.0}",0.717056580043629,120,8281.920388,2.210210731459244,-1.6771855324412859,"[Decimal('0.47670882718062646'), Decimal('0.31594440078791897')]",pupil.1,1,3d c++,1581666468.475191,0.47670882718062646,0.31594440078791897
"{'center': [-0.9714692371299372, 5.802983461534861, 81.03798890503029], 'normal': [-0.08465466398279982, 0.5968257727088272, -0.7978925898242636], 'radius': 2.265828876437233}",0.996609139519256,8428.027388,4.531657752874466,"{'center': [Decimal('152.59818470623398'), 164.1788125523766], 'axes': [Decimal('26.153811406475032'), 34.67547609703394], 'angle': -81.81738771122696}","[Decimal('152.59818470623398'), 164.1788125523766]",34.67547609703394,"{'center': [Decimal('0.044386730663660674'), Decimal('-1.3589258109710656'), 90.61269998292146], 'radius': 12.0}","{'center': [Decimal('160.30370768133668'), Decimal('110.70181108210151')], 'axes': [Decimal('164.21539147166524'), Decimal('164.21539147166524')], 'angle': 90.0}",0.7169219283110317,120,8281.920388,2.2103355273704706,-1.6764987082474794,"[Decimal('0.47686932720698116'), Decimal('0.31592161436509747')]",pupil.1,1,3d c++,1581666468.481347,0.47686932720698116,0.31592161436509747
"{'center': [-0.9917691177675911, 5.803805504588892, 81.04077952990585], 'normal': [-0.08634632070260431, 0.5968942762966631, -0.7976600377513003], 'radius': Decimal('2.2459211990613617')}",0.9969978057906281,8428.035788,4.491842398122723,"{'center': [Decimal('152.44318673576203'), Decimal('164.18746110317164')], 'axes': [25.9132470068583, 34.36955379318588], 'angle': -81.65650381774077}","[Decimal('152.44318673576203'), Decimal('164.18746110317164')]",34.36955379318588,"{'center': [Decimal('0.044386730663660674'), Decimal('-1.3589258109710656'), 90.61269998292146], 'radius': 12.0}","{'center': [Decimal('160.30370768133668'), Decimal('110.70181108210151')], 'axes': [Decimal('164.21539147166524'), Decimal('164.21539147166524')], 'angle': 90.0}",0.7170675076133115,120,8281.920388,2.2104209065469127,-1.6786259793346274,"[Decimal('0.47638495854925633'), 0.3158855787367848]",pupil.1,1,3d c++,1581666468.4900422,0.47638495854925633,0.3158855787367848
"{'center': [-0.9792396071630483, 5.806295113764372, 81.04129474543198], 'normal': [-0.08530219481889242, 0.5971017437279531, -0.7976171031241228], 'radius': Decimal('2.2447854978832114')}",0.9965746370462869,8428.044188,4.489570995766423,"{'center': [Decimal('152.53868791610452'), Decimal('164.20638593160118')], 'axes': [25.89825977156536, Decimal('34.351950073299555')], 'angle': -81.75927882483415}","[Decimal('152.53868791610452'), Decimal('164.20638593160118')]",34.351950073299555,"{'center': [Decimal('0.044386730663660674'), Decimal('-1.3589258109710656'), 90.61269998292146], 'radius': 12.0}","{'center': [Decimal('160.30370768133668'), Decimal('110.70181108210151')], 'axes': [Decimal('164.21539147166524'), Decimal('164.21539147166524')], 'angle': 90.0}",0.7169695081236438,120,8281.920388,2.2106795158537764,-1.677337665106764,"[Decimal('0.47668339973782664'), 0.3158067252849951]",pupil.1,1,3d c++,1581666468.499808,0.47668339973782664,0.3158067252849951
"{'center': [-0.9961741318016823, 5.804310017900953, 81.04163496634834], 'normal': [-0.08671340520544525, 0.5969363190726682, -0.7975887513810923], 'radius': Decimal('2.2428693701105344')}",0.9928954485129006,8428.052588,4.485738740221069,"{'center': [Decimal('152.40960887045787'), Decimal('164.19144810058353')], 'axes': [Decimal('25.874766062225227'), 34.32247796028409], 'angle': -81.62200143234287}","[Decimal('152.40960887045787'), Decimal('164.19144810058353')]",34.32247796028409,"{'center': [Decimal('0.044386730663660674'), Decimal('-1.3589258109710656'), 90.61269998292146], 'radius': 12.0}","{'center': [Decimal('160.30370768133668'), Decimal('110.70181108210151')], 'axes': [Decimal('164.21539147166524'), Decimal('164.21539147166524')], 'angle': 90.0}",0.7170177812974021,120,8281.920388,2.210473309080535,-1.679090431131748,"[Decimal('0.47628002772018085'), Decimal('0.31586896624756866')]",pupil.1,1,3d c++,1581666468.5058749,0.47628002772018085,0.31586896624756866
"{'center': [-0.993654994216314, 5.797256146016402, 81.03608632380922], 'normal': [-0.08650347707333123, 0.5963484964156223, -0.7980511382593537], 'radius': Decimal('2.2483801402017414')}",0.9885946703305254,8428.060988,4.496760280403483,"{'center': [152.4284649152023, Decimal('164.13949133599277')], 'axes': [25.9593648201293, Decimal('34.409179079896255')], 'angle': -81.6337284658651}","[152.4284649152023, Decimal('164.13949133599277')]",34.409179079896255,"{'center': [Decimal('0.044386730663660674'), Decimal('-1.3589258109710656'), 90.61269998292146], 'radius': 12.0}","{'center': [Decimal('160.30370768133668'), Decimal('110.70181108210151')], 'axes': [Decimal('164.21539147166524'), Decimal('164.21539147166524')], 'angle': 90.0}",0.7171287911042379,120,8281.920388,2.209740826334304,-1.6787681861445793,"[0.4763389528600072, Decimal('0.31608545276669675')]",pupil.1,1,3d c++,1581666468.517927,0.4763389528600072,0.31608545276669675
"{'center': [-0.9848385928348999, 5.783968957331302, 81.02522119220552], 'normal': [-0.08576877695821339, 0.595241230691864, -0.7989565658929949], 'radius': Decimal('2.2562954089624854')}",0.9971516728722604,8428.069388,4.512590817924971,"{'center': [152.4949163958658, Decimal('164.04228216403564')], 'axes': [Decimal('26.092083158604876'), 34.53495975632849], 'angle': -81.68842411391985}","[152.4949163958658, Decimal('164.04228216403564')]",34.53495975632849,"{'center': [Decimal('0.044386730663660674'), Decimal('-1.3589258109710656'), 90.61269998292146], 'radius': 12.0}","{'center': [Decimal('160.30370768133668'), Decimal('110.70181108210151')], 'axes': [Decimal('164.21539147166524'), Decimal('164.21539147166524')], 'angle': 90.0}",0.7172382836299063,120,8281.920388,2.2083621494248127,-1.6777377639185898,"[0.4765466137370806, 0.3164904909831848]",pupil.1,1,3d c++,1581666468.5272892,0.4765466137370806,0.3164904909831848
"{'center': [-0.9897479399031435, 5.812224960854839, 81.04686692506013], 'normal': [-0.08617788921390035, 0.5975958976521587, -0.7971527548217766], 'radius': 2.243044068532828}",0.9979254118495027,8428.077788,4.486088137065656,"{'center': [152.459050443724, 164.2490378347384], 'axes': [Decimal('25.857091650049053'), Decimal('34.322943846083355')], 'angle': -81.6825139384272}","[152.459050443724, 164.2490378347384]",34.322943846083355,"{'center': [Decimal('0.044386730663660674'), Decimal('-1.3589258109710656'), 90.61269998292146], 'radius': 12.0}","{'center': [Decimal('160.30370768133668'), Decimal('110.70181108210151')], 'axes': [Decimal('164.21539147166524'), Decimal('164.21539147166524')], 'angle': 90.0}",0.7172719468219957,120,8281.920388,2.211295682089474,-1.6784852217901192,"[Decimal('0.47643453263663754'), Decimal('0.31562900902192337')]",pupil.1,1,3d c++,1581666468.534461,0.47643453263663754,0.31562900902192337
"{'center': [-0.9851928012163402, 5.792447623568458, 81.03158188599268], 'normal': [-0.08579829432333341, 0.595947786211627, -0.7984265080773981], 'radius': Decimal('2.2613094217212106')}",0.9973670535185096,8428.086187,4.522618843442421,"{'center': [Decimal('152.49291404483284'), Decimal('164.10267894529878')], 'axes': [26.12590343505851, Decimal('34.609019703506796')], 'angle': -81.69557766478661}","[Decimal('152.49291404483284'), Decimal('164.10267894529878')]",34.609019703506796,"{'center': [Decimal('0.044386730663660674'), Decimal('-1.3589258109710656'), 90.61269998292146], 'radius': 12.0}","{'center': [Decimal('160.30370768133668'), Decimal('110.70181108210151')], 'axes': [Decimal('164.21539147166524'), Decimal('164.21539147166524')], 'angle': 90.0}",0.7173921574737507,120,8281.920388,2.2092417318475275,-1.6778447669297147,"[0.4765403563901026, 0.3162388377279217]",pupil.1,1,3d c++,1581666468.543781,0.4765403563901026,0.3162388377279217
"{'center': [Decimal('-1.0058559318463633'), 5.787261302697975, 81.02995506894851], 'normal': [-0.08752022187583533, 0.5955155928057534, -0.7985620761644123], 'radius': 2.222566652002389}",0.9982580513321404,8428.094587,4.445133304004778,"{'center': [Decimal('152.33421326322733'), Decimal('164.07136678245308')], 'axes': [Decimal('25.684013121436546'), 34.016586913328], 'angle': -81.5244614787955}","[Decimal('152.33421326322733'), Decimal('164.07136678245308')]",34.016586913328,"{'center': [Decimal('0.044386730663660674'), Decimal('-1.3589258109710656'), 90.61269998292146], 'radius': 12.0}","{'center': [Decimal('160.30370768133668'), Decimal('110.70181108210151')], 'axes': [Decimal('164.21539147166524'), Decimal('164.21539147166524')], 'angle': 90.0}",0.7178462995052648,120,8281.920388,2.2087036313845814,-1.6799579189697968,"[0.4760444164475854, 0.3163693050731121]",pupil.1,1,3d c++,1581666468.550011,0.4760444164475854,0.3163693050731121
"{'center': [Decimal('-1.0218703109241953'), 5.78368479318269, 81.0290571641028], 'normal': [-0.08885475346565466, 0.5952175503461463, -0.7986369015682223], 'radius': Decimal('2.2486384720019412')}",0.9972140296899554,8428.102987,4.4972769440038824,"{'center': [Decimal('152.21279231207177'), Decimal('164.03961494870083')], 'axes': [25.98877202778002, 34.41611122491385], 'angle': -81.39230971504183}","[Decimal('152.21279231207177'), Decimal('164.03961494870083')]",34.41611122491385,"{'center': [Decimal('0.044386730663660674'), Decimal('-1.3589258109710656'), 90.61269998292146], 'radius': 12.0}","{'center': [Decimal('160.30370768133668'), Decimal('110.70181108210151')], 'axes': [Decimal('164.21539147166524'), Decimal('164.21539147166524')], 'angle': 90.0}",0.7179334481521638,120,8281.920388,2.208332679978108,-1.681598654408731,"[0.4756649759752243, 0.3165016043804132]",pupil.1,1,3d c++,1581666468.559393,0.4756649759752243,0.3165016043804132
"{'center': [Decimal('-1.0114269772028974'), 5.79520853741315, 81.03649931984269], 'normal': [-0.08798447565554651, 0.5961778623653513, -0.7980167219232306], 'radius': Decimal('2.2475397553535053')}",0.9977612268211272,8428.111387,4.4950795107070105,"{'center': [Decimal('152.29303318828877'), Decimal('164.12383425138313')], 'axes': [Decimal('25.947996908635364'), 34.39614188102411], 'angle': -81.48957521746216}","[Decimal('152.29303318828877'), Decimal('164.12383425138313')]",34.39614188102411,"{'center': [Decimal('0.044386730663660674'), Decimal('-1.3589258109710656'), 90.61269998292146], 'radius': 12.0}","{'center': [Decimal('160.30370768133668'), Decimal('110.70181108210151')], 'axes': [Decimal('164.21539147166524'), Decimal('164.21539147166524')], 'angle': 90.0}",0.7183515321862233,120,8281.920388,2.2095282747852507,-1.6806067356916297,"[Decimal('0.47591572871340243'), Decimal('0.31615069061923695')]",pupil.1,1,3d c++,1581666468.566133,0.47591572871340243,0.31615069061923695
"{'center': [Decimal('-1.0032623090823807'), 5.79171512544959, 81.0329940538282], 'normal': [-0.08730408664550346, 0.5958867447017213, -0.7983088274244372], 'radius': Decimal('2.2346236230075425')}",0.9976521560475821,8428.119787,4.469247246015085,"{'center': [152.3545873134795, 164.1014698231567], 'axes': [Decimal('25.812013640278625'), 34.19989253850357], 'angle': -81.55049714582096}","[152.3545873134795, 164.1014698231567]",34.19989253850357,"{'center': [Decimal('0.044386730663660674'), Decimal('-1.3589258109710656'), 90.61269998292146], 'radius': 12.0}","{'center': [Decimal('160.30370768133668'), Decimal('110.70181108210151')], 'axes': [Decimal('164.21539147166524'), Decimal('164.21539147166524')], 'angle': 90.0}",0.7183676752498203,120,8281.920388,2.2091657193619354,-1.6797247401199777,"[Decimal('0.47610808535462346'), 0.3162438757368471]",pupil.1,1,3d c++,1581666468.574364,0.47610808535462346,0.3162438757368471
"{'center': [Decimal('-1.0168468082904105'), 5.790377530539718, 81.03349098077197], 'normal': [-0.0884361282461726, 0.595775278459232, -0.7982674168457906], 'radius': 2.247066338914716}",0.9974398392112415,8428.128187,4.494132677829432,"{'center': [Decimal('152.25144022631943'), 164.0886505302906], 'axes': [25.95386466599286, Decimal('34.390167252316076')], 'angle': -81.44052409706994}","[Decimal('152.25144022631943'), 164.0886505302906]",34.390167252316076,"{'center': [Decimal('0.044386730663660674'), Decimal('-1.3589258109710656'), 90.61269998292146], 'radius': 12.0}","{'center': [Decimal('160.30370768133668'), Decimal('110.70181108210151')], 'axes': [Decimal('164.21539147166524'), Decimal('164.21539147166524')], 'angle': 90.0}",0.7185704924212555,120,8281.920388,2.209026926088596,-1.681131491987665,"[0.4757857507072482, Decimal('0.31629728945712243')]",pupil.1,1,3d c++,1581666468.58159,0.4757857507072482,0.31629728945712243
"{'center': [Decimal('-1.0101772491245815'), Decimal('5.7889364178247416'), 81.03167914113808], 'normal': [-0.08788033164902019, 0.5956551857329839, -0.7984184034819478], 'radius': Decimal('2.2463941813253188')}",0.9971056675317637,8428.136587,4.4927883626506375,"{'center': [Decimal('152.30209028723388'), Decimal('164.07872528276073')], 'axes': [25.95297913901347, Decimal('34.380642299869145')], 'angle': -81.4919872853183}","[Decimal('152.30209028723388'), Decimal('164.07872528276073')]",34.380642299869145,"{'center': [Decimal('0.044386730663660674'), Decimal('-1.3589258109710656'), 90.61269998292146], 'radius': 12.0}","{'center': [Decimal('160.30370768133668'), Decimal('110.70181108210151')], 'axes': [Decimal('164.21539147166524'), Decimal('164.21539147166524')], 'angle': 90.0}",0.7187515052668347,120,8281.920388,2.2088774074547497,-1.68042305844184,"[0.4759440321476059, 0.3163386446551636]",pupil.1,1,3d c++,1581666468.5916002,0.4759440321476059,0.3163386446551636
"{'center': [Decimal('-1.0189367920190682'), 5.784369012214583, 81.02924120463275], 'normal': [-0.08861029355689408, 0.595274568598804, -0.7986215648573916], 'radius': 2.240438929833532}",0.9973597106362774,8428.144987,4.480877859667064,"{'center': [Decimal('152.23493788035853'), Decimal('164.04629901750744')], 'axes': [Decimal('25.893275883155955'), 34.29050188851787], 'angle': -81.41655612862664}","[Decimal('152.23493788035853'), Decimal('164.04629901750744')]",34.29050188851787,"{'center': [Decimal('0.044386730663660674'), Decimal('-1.3589258109710656'), 90.61269998292146], 'radius': 12.0}","{'center': [Decimal('160.30370768133668'), Decimal('110.70181108210151')], 'axes': [Decimal('164.21539147166524'), Decimal('164.21539147166524')], 'angle': 90.0}",0.7189596409115429,120,8281.920388,2.2084036384936243,-1.681298395257605,"[0.4757341808761204, Decimal('0.31647375409371903')]",pupil.1,1,3d c++,1581666468.601318,0.4757341808761204,0.31647375409371903
"{'center': [Decimal('-1.0067853901978556'), Decimal('5.7963772704671275'), 81.03686190027383], 'normal': [-0.0875976767384597, 0.596275256786516, -0.7979865068873023], 'radius': 2.221538425683207}",0.9979831516384966,8428.153387,4.443076851366414,"{'center': [Decimal('152.32772292974064'), 164.1374930223768], 'axes': [Decimal('25.646316303030673'), 33.99795850883613], 'angle': -81.52798369529174}","[Decimal('152.32772292974064'), 164.1374930223768]",33.99795850883613,"{'center': [Decimal('0.044386730663660674'), Decimal('-1.3589258109710656'), 90.61269998292146], 'radius': 12.0}","{'center': [Decimal('160.30370768133668'), Decimal('110.70181108210151')], 'axes': [Decimal('164.21539147166524'), Decimal('164.21539147166524')], 'angle': 90.0}",0.719265858278928,120,8281.920388,2.2096495907457423,-1.680131938222497,"[Decimal('0.47602413415543954'), Decimal('0.31609377907343006')]",pupil.1,1,3d c++,1581666468.6109788,0.47602413415543954,0.31609377907343006
"{'center': [Decimal('-1.0167411014914227'), 5.792317921692874, 81.03492775761454], 'normal': [-0.08842731934625694, 0.5959369777219949, -0.798147685442243], 'radius': 2.231642028572552}",0.9977084551137549,8428.161787,4.463284057145104,"{'center': [Decimal('152.25194566801153'), 164.1056362302416], 'axes': [Decimal('25.770222573951898'), 34.15343780741352], 'angle': -81.44371863297405}","[Decimal('152.25194566801153'), 164.1056362302416]",34.15343780741352,"{'center': [Decimal('0.044386730663660674'), Decimal('-1.3589258109710656'), 90.61269998292146], 'radius': 12.0}","{'center': [Decimal('160.30370768133668'), Decimal('110.70181108210151')], 'axes': [Decimal('164.21539147166524'), Decimal('164.21539147166524')], 'angle': 90.0}",0.7193642812952761,120,8281.920388,2.20922827216685,-1.6811370066692113,"[Decimal('0.47578733021253605'), 0.3162265157073266]",pupil.1,1,3d c++,1581666468.6185381,0.47578733021253605,0.3162265157073266
"{'center': [Decimal('-1.0070907950037995'), 5.795872539293249, 81.03651830231037], 'normal': [-0.08762312713895502, 0.5962331958553596, -0.7980151400509233], 'radius': Decimal('2.2412248981670797')}",0.9969301458163208,8428.170187,4.482449796334159,"{'center': [Decimal('152.32590703387353'), 164.1300895533833], 'axes': [Decimal('25.875003594291595'), Decimal('34.299464435673386')], 'angle': -81.5249424601925}","[Decimal('152.32590703387353'), 164.1300895533833]",34.299464435673386,"{'center': [Decimal('0.044386730663660674'), Decimal('-1.3589258109710656'), 90.61269998292146], 'radius': 12.0}","{'center': [Decimal('160.30370768133668'), Decimal('110.70181108210151')], 'axes': [Decimal('164.21539147166524'), Decimal('164.21539147166524')], 'angle': 90.0}",0.7191644171794076,120,8281.920388,2.209597197674354,-1.6801595587115972,"[0.4760184594808548, 0.3161246268609029]",pupil.1,1,3d c++,1581666468.630662,0.4760184594808548,0.3161246268609029
"{'center': [-0.9956951483617542, 5.797014890224308, 81.03612740365813], 'normal': [-0.08667348991878458, 0.5963283917662812, -0.7980477149386113], 'radius': 2.244876343741371}",0.9980869706419911,8428.178587,4.489752687482742,"{'center': [Decimal('152.41282370792334'), Decimal('164.13830067699513')], 'axes': [Decimal('25.918721809006463'), 34.35552497570742], 'angle': -81.61717187522855}","[Decimal('152.41282370792334'), Decimal('164.13830067699513')]",34.35552497570742,"{'center': [Decimal('0.044386730663660674'), Decimal('-1.3589258109710656'), 90.61269998292146], 'radius': 12.0}","{'center': [Decimal('160.30370768133668'), Decimal('110.70181108210151')], 'axes': [Decimal('164.21539147166524'), Decimal('164.21539147166524')], 'angle': 90.0}",0.719604403471974,120,8281.920388,2.2097157810871724,-1.6789792029016877,"[Decimal('0.47629007408726043'), 0.3160904138458537]",pupil.1,1,3d c++,1581666468.63546,0.47629007408726043,0.3160904138458537
"{'center': [Decimal('-1.0132683269079972'), Decimal('5.7943239862798555'), 81.03604173918514], 'normal': [-0.08813792146430482, 0.5961041497709101, -0.798054853644693], 'radius': 2.254737147381029}",0.9964970145721034,8428.186987,4.509474294762058,"{'center': [152.2791596867223, 164.1159511059057], 'axes': [Decimal('26.032862321746435'), 34.50651537100518], 'angle': -81.47382929314468}","[152.2791596867223, 164.1159511059057]",34.50651537100518,"{'center': [Decimal('0.044386730663660674'), Decimal('-1.3589258109710656'), 90.61269998292146], 'radius': 12.0}","{'center': [Decimal('160.30370768133668'), Decimal('110.70181108210151')], 'axes': [Decimal('164.21539147166524'), Decimal('164.21539147166524')], 'angle': 90.0}",0.7196379192838998,120,8281.920388,2.2094364645309046,-1.6807914927272867,"[0.4758723740210072, Decimal('0.31618353705872626')]",pupil.1,1,3d c++,1581666468.6420481,0.4758723740210072,0.31618353705872626
"{'center': [Decimal('-1.0038671599768276'), 5.789463836899262, 81.03138017701906], 'normal': [-0.08735449088670735, 0.5956991373225273, -0.7984433171585325], 'radius': Decimal('2.2308716432870495')}",0.9981717054699144,8428.195387,4.461743286574099,"{'center': [Decimal('152.34972887938684'), 164.0858515639673], 'axes': [Decimal('25.774702389575083'), 34.14313193080418], 'angle': -81.54297590958538}","[Decimal('152.34972887938684'), 164.0858515639673]",34.14313193080418,"{'center': [Decimal('0.044386730663660674'), Decimal('-1.3589258109710656'), 90.61269998292146], 'radius': 12.0}","{'center': [Decimal('160.30370768133668'), Decimal('110.70181108210151')], 'axes': [Decimal('164.21539147166524'), Decimal('164.21539147166524')], 'angle': 90.0}",0.7200898538528788,120,8281.920388,2.208932126427428,-1.679768918862112,"[0.4760929027480839, Decimal('0.31630895181680285')]",pupil.1,1,3d c++,1581666468.649782,0.4760929027480839,0.31630895181680285
"{'center': [Decimal('-1.0153793757642224'), 5.800751596373031, 81.04107968004519], 'normal': [-0.08831384220232359, 0.5966397839453413, -0.797635025239689], 'radius': Decimal('2.2460942701384217')}",0.9980548864735139,8428.212186,4.492188540276843,"{'center': [Decimal('152.26328633602114'), Decimal('164.16400004004697')], 'axes': [Decimal('25.913980461547073'), Decimal('34.372079240876104')], 'angle': -81.46476388757216}","[Decimal('152.26328633602114'), Decimal('164.16400004004697')]",34.372079240876104,"{'center': [Decimal('0.044386730663660674'), Decimal('-1.3589258109710656'), 90.61269998292146], 'radius': 12.0}","{'center': [Decimal('160.30370768133668'), Decimal('110.70181108210151')], 'axes': [Decimal('164.21539147166524'), Decimal('164.21539147166524')], 'angle': 90.0}",0.7205356181959277,120,8281.920388,2.21010374834755,-1.6810668087316383,"[Decimal('0.47582276980006605'), 0.315983333166471]",pupil.1,1,3d c++,1581666468.666317,0.47582276980006605,0.315983333166471
"{'center': [Decimal('-1.0249853031690268'), 5.795709850094134, 81.03837849204437], 'normal': [-0.08911433615272396, 0.5962196384221, -0.7978601242397565], 'radius': 2.24013590945205}",0.997598384508999,8428.220586,4.4802718189041,"{'center': [Decimal('152.18966483747735'), Decimal('164.12810079252233')], 'axes': [25.85531705527496, 34.28201238405343], 'angle': -81.38213331631438}","[Decimal('152.18966483747735'), Decimal('164.12810079252233')]",34.28201238405343,"{'center': [Decimal('0.044386730663660674'), Decimal('-1.3589258109710656'), 90.61269998292146], 'radius': 12.0}","{'center': [Decimal('160.30370768133668'), Decimal('110.70181108210151')], 'axes': [Decimal('164.21539147166524'), Decimal('164.21539147166524')], 'angle': 90.0}",0.7207957999381343,120,8281.920388,2.209580310333183,-1.6820269982531872,"[0.4755927026171167, Decimal('0.31613291336449023')]",pupil.1,1,3d c++,1581666468.673046,0.4755927026171167,0.31613291336449023
"{'center': [Decimal('-1.0126258543069493'), 5.789961461535952, 81.03271380546792], 'normal': [-0.08808438208088416, 0.5957406060422514, -0.7983321814544618], 'radius': 2.231093446699361}",0.9983279997640648,8428.228986,4.462186893398722,"{'center': [152.2830955501811, Decimal('164.08891721553707')], 'axes': [Decimal('25.772213738156807'), 34.14596877612636], 'angle': -81.47368925162174}","[152.2830955501811, Decimal('164.08891721553707')]",34.14596877612636,"{'center': [Decimal('0.044386730663660674'), Decimal('-1.3589258109710656'), 90.61269998292146], 'radius': 12.0}","{'center': [Decimal('160.30370768133668'), Decimal('110.70181108210151')], 'axes': [Decimal('164.21539147166524'), Decimal('164.21539147166524')], 'angle': 90.0}",0.7211126777284971,120,8281.920388,2.20898375630598,-1.6806873325247695,"[0.4758846735943159, 0.3162961782685956]",pupil.1,1,3d c++,1581666468.685301,0.4758846735943159,0.3162961782685956
"{'center': [-1.021908033874796, 5.792108782375729, 81.0353454567553], 'normal': [-0.08885789704487138, 0.5959195494455662, -0.7981128771805128], 'radius': 2.245148262799558}",0.9966587551578632,8428.237386,4.490296525599116,"{'center': [Decimal('152.21298125396962'), 164.1012590521232], 'axes': [Decimal('25.924668290789604'), 34.36002123248893], 'angle': -81.40227082264755}","[Decimal('152.21298125396962'), 164.1012590521232]",34.36002123248893,"{'center': [Decimal('0.044386730663660674'), Decimal('-1.3589258109710656'), 90.61269998292146], 'radius': 12.0}","{'center': [Decimal('160.30370768133668'), Decimal('110.70181108210151')], 'axes': [Decimal('164.21539147166524'), Decimal('164.21539147166524')], 'angle': 90.0}",0.7209588422030788,120,8281.920388,2.209206569229354,-1.6816747008989976,"[Decimal('0.47566556641865504'), 0.3162447539494867]",pupil.1,1,3d c++,1581666468.6996741,0.47566556641865504,0.3162447539494867
"{'center': [Decimal('-1.0278425165563512'), 5.789079968797772, 81.03374712711319], 'normal': [-0.08935243726833432, 0.5956671483140697, -0.7982460713173555], 'radius': Decimal('2.2392340010939202')}",0.9971431005551892,8428.245786,4.4784680021878405,"{'center': [Decimal('152.16743773638592'), 164.0801219770848], 'axes': [Decimal('25.862323077019425'), 34.27015768569011], 'angle': -81.35126293051691}","[Decimal('152.16743773638592'), 164.0801219770848]",34.27015768569011,"{'center': [Decimal('0.044386730663660674'), Decimal('-1.3589258109710656'), 90.61269998292146], 'radius': 12.0}","{'center': [Decimal('160.30370768133668'), Decimal('110.70181108210151')], 'axes': [Decimal('164.21539147166524'), Decimal('164.21539147166524')], 'angle': 90.0}",0.7211638534091458,120,8281.920388,2.208892300442421,-1.6822682600243877,"[0.475523242926206, 0.3163328250954801]",pupil.1,1,3d c++,1581666468.7018,0.475523242926206,0.3163328250954801
"{'center': [Decimal('-1.0146615684233389'), 5.801319988554972, 81.04142541834173], 'normal': [-0.08825402492391664, 0.5966871499605032, -0.7976062137149764], 'radius': 2.233203905079256}",0.9972923670752211,8428.254186,4.466407810158512,"{'center': [Decimal('152.26842900183303'), Decimal('164.17060740025562')], 'axes': [25.7638834017401, 34.17461741367695], 'angle': -81.47116710167026}","[Decimal('152.26842900183303'), Decimal('164.17060740025562')]",34.17461741367695,"{'center': [Decimal('0.044386730663660674'), Decimal('-1.3589258109710656'), 90.61269998292146], 'radius': 12.0}","{'center': [Decimal('160.30370768133668'), Decimal('110.70181108210151')], 'axes': [Decimal('164.21539147166524'), Decimal('164.21539147166524')], 'angle': 90.0}",0.7213855285471693,120,8281.920388,2.2101627720400328,-1.6809966714466358,"[Decimal('0.47583884063072823'), Decimal('0.31595580249893496')]",pupil.1,1,3d c++,1581666468.709527,0.47583884063072823,0.31595580249893496
"{'center': [Decimal('-1.0250307122415852'), 5.792255018944147, 81.03580283036399], 'normal': [-0.08911812024210382, 0.5959317358262677, -0.7980747627131217], 'radius': 2.235899347580155}",0.9976308918340645,8428.262586,4.47179869516031,"{'center': [Decimal('152.18896336725095'), 164.1038991171727], 'axes': [25.81607485500633, Decimal('34.218243503608754')], 'angle': -81.37755857618949}","[Decimal('152.18896336725095'), 164.1038991171727]",34.218243503608754,"{'center': [Decimal('0.044386730663660674'), Decimal('-1.3589258109710656'), 90.61269998292146], 'radius': 12.0}","{'center': [Decimal('160.30370768133668'), Decimal('110.70181108210151')], 'axes': [Decimal('164.21539147166524'), Decimal('164.21539147166524')], 'angle': 90.0}",0.7217761030704595,120,8281.920388,2.2092217445462685,-1.6820020124494564,"[0.4755905105226592, 0.3162337536784471]",pupil.1,1,3d c++,1581666468.7173538,0.4755905105226592,0.3162337536784471
"{'center': [Decimal('-1.0357190487794907'), 5.783642629431509, 81.03057664937066], 'normal': [-0.09000881495359594, 0.5952140367002146, -0.7985102777958997], 'radius': Decimal('2.2471397133186897')}",0.9975957058541367,8428.270986,4.494279426637379,"{'center': [152.1073362396501, Decimal('164.03880051124355')], 'axes': [25.96561793810658, 34.39252520461162], 'angle': -81.28176486161539}","[152.1073362396501, Decimal('164.03880051124355')]",34.39252520461162,"{'center': [Decimal('0.044386730663660674'), Decimal('-1.3589258109710656'), 90.61269998292146], 'radius': 12.0}","{'center': [Decimal('160.30370768133668'), Decimal('110.70181108210151')], 'axes': [Decimal('164.21539147166524'), Decimal('164.21539147166524')], 'angle': 90.0}",0.7222310003552779,120,8281.920388,2.208328307410877,-1.6830434450289,"[0.4753354257489065, Decimal('0.31650499786981856')]",pupil.1,1,3d c++,1581666468.724764,0.4753354257489065,0.31650499786981856
"{'center': [Decimal('-1.0304977204502754'), 5.794349863232993, 81.03797959297826], 'normal': [-0.08957370425949468, 0.5961063061836716, -0.7978933658285995], 'radius': Decimal('2.2477900519080753')}",0.9969798658657182,8428.279386,4.495580103816151,"{'center': [152.1478331220764, Decimal('164.11648184885541')], 'axes': [25.94518527451177, Decimal('34.399349978817625')], 'angle': -81.33655616714834}","[152.1478331220764, Decimal('164.11648184885541')]",34.399349978817625,"{'center': [Decimal('0.044386730663660674'), Decimal('-1.3589258109710656'), 90.61269998292146], 'radius': 12.0}","{'center': [Decimal('160.30370768133668'), Decimal('110.70181108210151')], 'axes': [Decimal('164.21539147166524'), Decimal('164.21539147166524')], 'angle': 90.0}",0.7226535312792493,120,8281.920388,2.209439150289766,-1.6825909992134926,"[Decimal('0.47546197850648875'), 0.3161813256297691]",pupil.1,1,3d c++,1581666468.735424,0.47546197850648875,0.3161813256297691
"{'center': [Decimal('-1.0261485000699042'), Decimal('5.7930904275166135'), 81.03655158995224], 'normal': [-0.08921126922779708, 0.5960013532073066, -0.7980123660807675], 'radius': Decimal('2.2422588229660323')}",0.9971648627574611,8428.287786,4.484517645932065,"{'center': [Decimal('152.18069188435936'), Decimal('164.10867181834323')], 'axes': [Decimal('25.886713850751537'), Decimal('34.315280330921986')], 'angle': -81.36966929825498}","[Decimal('152.18069188435936'), Decimal('164.10867181834323')]",34.315280330921986,"{'center': [Decimal('0.044386730663660674'), Decimal('-1.3589258109710656'), 90.61269998292146], 'radius': 12.0}","{'center': [Decimal('160.30370768133668'), Decimal('110.70181108210151')], 'axes': [Decimal('164.21539147166524'), Decimal('164.21539147166524')], 'angle': 90.0}",0.722608557076887,120,8281.920388,2.2093084401601693,-1.682125923068321,"[Decimal('0.47556466213862303'), Decimal('0.31621386742356994')]",pupil.1,1,3d c++,1581666468.74279,0.47556466213862303,0.31621386742356994
"{'center': [Decimal('-1.0242538121657754'), 5.796134734292361, 81.03861433551701], 'normal': [-0.08905337856911967, 0.5962550454386188, -0.7978404706170373], 'radius': Decimal('2.2329197427376553')}",0.9975687465864642,8428.296186,4.4658394854753105,"{'center': [152.1950587440684, Decimal('164.13258893539768')], 'axes': [25.77110183545686, Decimal('34.171449781207016')], 'angle': -81.38847895810959}","[152.1950587440684, Decimal('164.13258893539768')]",34.171449781207016,"{'center': [Decimal('0.044386730663660674'), Decimal('-1.3589258109710656'), 90.61269998292146], 'radius': 12.0}","{'center': [Decimal('160.30370768133668'), Decimal('110.70181108210151')], 'axes': [Decimal('164.21539147166524'), Decimal('164.21539147166524')], 'angle': 90.0}",0.7227540047477721,120,8281.920388,2.209624414287041,-1.6819542532870175,"[Decimal('0.47560955857521375'), 0.3161142127691764]",pupil.1,1,3d c++,1581666468.750071,0.47560955857521375,0.3161142127691764
"{'center': [Decimal('-1.0197630456125328'), 5.809423653383606, 81.04805930955911], 'normal': [-0.08867914802301613, 0.5973624553628892, -0.7970533894468628], 'radius': Decimal('2.2308832911811782')}",0.9980985421386969,8428.304586,4.4617665823623565,"{'center': [Decimal('152.23009021684754'), Decimal('164.22938844549878')], 'axes': [Decimal('25.712192163014034'), 34.13631215499668], 'angle': -81.44034790912335}","[Decimal('152.23009021684754'), Decimal('164.22938844549878')]",34.13631215499668,"{'center': [Decimal('0.044386730663660674'), Decimal('-1.3589258109710656'), 90.61269998292146], 'radius': 12.0}","{'center': [Decimal('160.30370768133668'), Decimal('110.70181108210151')], 'axes': [Decimal('164.21539147166524'), Decimal('164.21539147166524')], 'angle': 90.0}",0.7238780513120768,120,8281.920388,2.2110045649612196,-1.68159936447564,"[0.4757190319276486, Decimal('0.31571088147708837')]",pupil.1,1,3d c++,1581666468.758225,0.4757190319276486,0.31571088147708837
"{'center': [Decimal('-1.0367650677005438'), 5.789027538114981, 81.03471096078411], 'normal': [-0.09009598319701705, 0.5956627790905039, -0.7981657518447783], 'radius': Decimal('2.2543291417872027')}",0.9969290976142009,8428.312986,4.508658283574405,"{'center': [Decimal('152.09995273453586'), 164.0763469921979], 'axes': [Decimal('26.033058617154165'), Decimal('34.500836987098054')], 'angle': -81.28007173938067}","[Decimal('152.09995273453586'), 164.0763469921979]",34.500836987098054,"{'center': [Decimal('0.044386730663660674'), Decimal('-1.3589258109710656'), 90.61269998292146], 'radius': 12.0}","{'center': [Decimal('160.30370768133668'), Decimal('110.70181108210151')], 'axes': [Decimal('164.21539147166524'), Decimal('164.21539147166524')], 'angle': 90.0}",0.7241411989796775,120,8281.920388,2.208886860895527,-1.6831993279696622,"[Decimal('0.47531235229542457'), 0.3163485541991754]",pupil.1,1,3d c++,1581666468.769953,0.47531235229542457,0.3163485541991754
"{'center': [Decimal('-1.0322174126275252'), 5.807280713080809, 81.04784726198086], 'normal': [-0.08971701194093216, 0.5971838770043228, -0.7970710600783825], 'radius': Decimal('2.2458958895157255')}",0.9970468909145739,8428.321386,4.491791779031451,"{'center': [152.1355841993846, 164.2103116862239], 'axes': [Decimal('25.886046824293967'), 34.36618579764495], 'angle': -81.33869832192062}","[152.1355841993846, 164.2103116862239]",34.36618579764495,"{'center': [Decimal('0.044386730663660674'), Decimal('-1.3589258109710656'), 90.61269998292146], 'radius': 12.0}","{'center': [Decimal('160.30370768133668'), Decimal('110.70181108210151')], 'axes': [Decimal('164.21539147166524'), Decimal('164.21539147166524')], 'angle': 90.0}",0.7242630593604638,120,8281.920388,2.210781909194645,-1.6828829202217193,"[0.4754237006230769, 0.3157903679740671]",pupil.1,1,3d c++,1581666468.7780411,0.4754237006230769,0.3157903679740671
"{'center': [Decimal('-1.0421935202832382'), 5.782458893652343, 81.03042635612374], 'normal': [-0.0905483542455749, 0.5951153920519507, -0.7985228022331428], 'radius': 2.250020575447686}",0.9973334426709496,8428.329786,4.500041150895372,"{'center': [Decimal('152.05805771933606'), Decimal('164.02930530690304')], 'axes': [Decimal('25.999455776244787'), 34.4366936749982], 'angle': -81.22865986712013}","[Decimal('152.05805771933606'), Decimal('164.02930530690304')]",34.4366936749982,"{'center': [Decimal('0.044386730663660674'), Decimal('-1.3589258109710656'), 90.61269998292146], 'radius': 12.0}","{'center': [Decimal('160.30370768133668'), Decimal('110.70181108210151')], 'axes': [Decimal('164.21539147166524'), Decimal('164.21539147166524')], 'angle': 90.0}",0.7246545738462506,120,8281.920388,2.2082055545612542,-1.683708843594117,"[0.4751814303729252, 0.3165445612212373]",pupil.1,1,3d c++,1581666468.787201,0.4751814303729252,0.3165445612212373
"{'center': [Decimal('-1.0424857382879915'), 5.777849871448556, 81.02702624055682], 'normal': [-0.09057270574597101, 0.5947313068683018, -0.7988061451970532], 'radius': Decimal('2.2527609314779005')}",0.9967264700623407,8428.338186,4.505521862955801,"{'center': [152.0555923784107, 163.9953942906858], 'axes': [Decimal('26.044020296030716'), 34.48008804710301], 'angle': -81.22059815996447}","[152.0555923784107, 163.9953942906858]",34.48008804710301,"{'center': [Decimal('0.044386730663660674'), Decimal('-1.3589258109710656'), 90.61269998292146], 'radius': 12.0}","{'center': [Decimal('160.30370768133668'), Decimal('110.70181108210151')], 'axes': [Decimal('164.21539147166524'), Decimal('164.21539147166524')], 'angle': 90.0}",0.7249282434469762,120,8281.920388,2.2077277073541453,-1.6836992300105587,"[0.4751737261825334, 0.3166858571221425]",pupil.1,1,3d c++,1581666468.794065,0.4751737261825334,0.3166858571221425
"{'center': [Decimal('-1.0351616327667588'), 5.792763330056424, 81.03731916745912], 'normal': [-0.08996236361920162, 0.5959740950856242, -0.7979484012885281], 'radius': Decimal('2.2451644509921507')}",0.9969136911050756,8428.346585,4.490328901984301,"{'center': [Decimal('152.11215279187957'), Decimal('164.10523080381242')], 'axes': [Decimal('25.917328407189714'), 34.35943710163265], 'angle': -81.29745342039509}","[Decimal('152.11215279187957'), Decimal('164.10523080381242')]",34.35943710163265,"{'center': [Decimal('0.044386730663660674'), Decimal('-1.3589258109710656'), 90.61269998292146], 'radius': 12.0}","{'center': [Decimal('160.30370768133668'), Decimal('110.70181108210151')], 'axes': [Decimal('164.21539147166524'), Decimal('164.21539147166524')], 'angle': 90.0}",0.7254305648293102,120,8281.920388,2.2092744945302583,-1.6830643386468551,"[Decimal('0.47535047747462367'), Decimal('0.31622820498411497')]",pupil.1,1,3d c++,1581666468.8018932,0.47535047747462367,0.31622820498411497
"{'center': [-1.040324441301497, 5.789322178101501, 81.0353333114332], 'normal': [-0.09039259766376313, 0.5956873324227139, -0.7981138892906878], 'radius': Decimal('2.2587599997445644')}",0.9963863857495239,8428.354985,4.517519999489129,"{'center': [Decimal('152.07301116670652'), 164.0774240903488], 'axes': [Decimal('26.081870580262365'), Decimal('34.568403102543236')], 'angle': -81.25207036109832}","[Decimal('152.07301116670652'), 164.0774240903488]",34.568403102543236,"{'center': [Decimal('0.044386730663660674'), Decimal('-1.3589258109710656'), 90.61269998292146], 'radius': 12.0}","{'center': [Decimal('160.30370768133668'), Decimal('110.70181108210151')], 'axes': [Decimal('164.21539147166524'), Decimal('164.21539147166524')], 'angle': 90.0}",0.7256415672139305,120,8281.920388,2.2089174293121845,-1.6835735233955496,"[0.4752281598959579, 0.3163440662902133]",pupil.1,1,3d c++,1581666468.8100052,0.4752281598959579,0.3163440662902133
"{'center': [Decimal('-1.0329508743240046'), Decimal('5.7811415112238755'), 81.02840124386896], 'normal': [-0.08977813374897212, 0.5950056101829118, -0.7986915615877086], 'radius': 2.250130483262936}",0.9974610632801933,8428.363385,4.500260966525872,"{'center': [Decimal('152.12831903412777'), Decimal('164.02028145003618')], 'axes': [Decimal('26.008444345033624'), 34.43923247743157], 'angle': -81.30076366305737}","[Decimal('152.12831903412777'), Decimal('164.02028145003618')]",34.43923247743157,"{'center': [Decimal('0.044386730663660674'), Decimal('-1.3589258109710656'), 90.61269998292146], 'radius': 12.0}","{'center': [Decimal('160.30370768133668'), Decimal('110.70181108210151')], 'axes': [Decimal('164.21539147166524'), Decimal('164.21539147166524')], 'angle': 90.0}",0.7258236759206782,120,8281.920388,2.208068955734119,-1.682732970100258,"[0.4754009969816493, Decimal('0.31658216062484923')]",pupil.1,1,3d c++,1581666468.817065,0.4754009969816493,0.31658216062484923
"{'center': [Decimal('-1.0347743241123233'), 5.792582010287927, 81.0371400880471], 'normal': [-0.08993008789799867, 0.5959589851049161, -0.7979633245728632], 'radius': Decimal('2.2525697894750607')}",0.9969774026296162,8428.371785,4.505139578950121,"{'center': [152.1152991922448, Decimal('164.10252633785578')], 'axes': [Decimal('26.003541238378112'), Decimal('34.472874160040156')], 'angle': -81.30031525681237}","[152.1152991922448, Decimal('164.10252633785578')]",34.472874160040156,"{'center': [Decimal('0.044386730663660674'), Decimal('-1.3589258109710656'), 90.61269998292146], 'radius': 12.0}","{'center': [Decimal('160.30370768133668'), Decimal('110.70181108210151')], 'axes': [Decimal('164.21539147166524'), Decimal('164.21539147166524')], 'angle': 90.0}",0.7260153338877529,120,8281.920388,2.2092556778349506,-1.6830223164842308,"[0.475360309975765, Decimal('0.31623947359226756')]",pupil.1,1,3d c++,1581666468.824798,0.475360309975765,0.31623947359226756
"{'center': [-1.03445714719702, 5.788258628713247, 81.03387696167626], 'normal': [-0.08990365648839006, 0.595598703307026, -0.7982352517704332], 'radius': 2.247877478428915}",0.9971290577134603,8428.380185,4.49575495685783,"{'center': [152.1172806555896, 164.0721482551126], 'axes': [25.96167877848981, 34.40242384943695], 'angle': -81.29752004326578}","[152.1172806555896, 164.0721482551126]",34.40242384943695,"{'center': [Decimal('0.044386730663660674'), Decimal('-1.3589258109710656'), 90.61269998292146], 'radius': 12.0}","{'center': [Decimal('160.30370768133668'), Decimal('110.70181108210151')], 'axes': [Decimal('164.21539147166524'), Decimal('164.21539147166524')], 'angle': 90.0}",0.7264705272138849,120,8281.920388,2.208807091066339,-1.6829517081456868,"[Decimal('0.47536650204871755'), 0.3163660489370308]",pupil.1,1,3d c++,1581666468.834147,0.47536650204871755,0.3163660489370308
"{'center': [-1.047394248730902, 5.777613166140716, 81.02740782664387], 'normal': [-0.09098174828288022, 0.5947115814259818, -0.7987743463564654], 'radius': 2.260221911792501}",0.9968552801876249,8428.388585,4.520443823585002,"{'center': [152.0184317939519, 163.9919654662151], 'axes': [Decimal('26.128845017714035'), 34.594154079955], 'angle': -81.18113508120213}","[152.0184317939519, 163.9919654662151]",34.594154079955,"{'center': [Decimal('0.044386730663660674'), Decimal('-1.3589258109710656'), 90.61269998292146], 'radius': 12.0}","{'center': [Decimal('160.30370768133668'), Decimal('110.70181108210151')], 'axes': [Decimal('164.21539147166524'), Decimal('164.21539147166524')], 'angle': 90.0}",0.7267076892644719,120,8281.920388,2.2077031711418296,-1.6842092447830894,"[Decimal('0.47505759935609965'), 0.3167001438907704]",pupil.1,1,3d c++,1581666468.84202,0.47505759935609965,0.3167001438907704
"{'center': [Decimal('-1.0449586487648015'), Decimal('5.7814300143654425'), 81.02997357902674], 'normal': [-0.09077878161903852, 0.5950296521113757, -0.7985605336578925], 'radius': 2.250596815559131}",0.9974628013492794,8428.396985,4.501193631118262,"{'center': [152.0369568575811, 164.0215854022065], 'axes': [Decimal('26.007815687552124'), 34.44570763941275], 'angle': -81.20532705192637}","[152.0369568575811, 164.0215854022065]",34.44570763941275,"{'center': [Decimal('0.044386730663660674'), Decimal('-1.3589258109710656'), 90.61269998292146], 'radius': 12.0}","{'center': [Decimal('160.30370768133668'), Decimal('110.70181108210151')], 'axes': [Decimal('164.21539147166524'), Decimal('164.21539147166524')], 'angle': 90.0}",0.7268487639882304,120,8281.920388,2.2080988693214714,-1.6839884351070395,"[0.4751154901799409, Decimal('0.31657672749080623')]",pupil.1,1,3d c++,1581666468.853931,0.4751154901799409,0.31657672749080623
"{'center': [Decimal('-1.0443746706688326'), 5.784793305382453, 81.03241419398938], 'normal': [-0.09073011677770779, 0.5953099263627932, -0.7983571490776727], 'radius': Decimal('2.2719847328023146')}",0.9965624880716228,8428.405385,4.543969465604629,"{'center': [152.0422550255576, Decimal('164.04186143753492')], 'axes': [Decimal('26.245791898511957'), 34.77210227520127], 'angle': -81.21416862670353}","[152.0422550255576, Decimal('164.04186143753492')]",34.77210227520127,"{'center': [Decimal('0.044386730663660674'), Decimal('-1.3589258109710656'), 90.61269998292146], 'radius': 12.0}","{'center': [Decimal('160.30370768133668'), Decimal('110.70181108210151')], 'axes': [Decimal('164.21539147166524'), Decimal('164.21539147166524')], 'angle': 90.0}",0.726672628266245,120,8281.920388,2.208447642670683,-1.6839568468848007,"[Decimal('0.47513204695486755'), 0.3164922440102712]",pupil.1,1,3d c++,1581666468.861574,0.47513204695486755,0.3164922440102712
"{'center': [Decimal('-1.0261516446190713'), 5.798598674309249, 81.04066828480951], 'normal': [-0.089211531273561, 0.5964603737733595, -0.7976693081759951], 'radius': Decimal('2.2537285507791385')}",0.9967609010862015,8428.413785,4.507457101558277,"{'center': [Decimal('152.18137000514199'), Decimal('164.14634491973678')], 'axes': [Decimal('26.003606651778814'), 34.48911560914691], 'angle': -81.37636419554336}","[Decimal('152.18137000514199'), Decimal('164.14634491973678')]",34.48911560914691,"{'center': [Decimal('0.044386730663660674'), Decimal('-1.3589258109710656'), 90.61269998292146], 'radius': 12.0}","{'center': [Decimal('160.30370768133668'), Decimal('110.70181108210151')], 'axes': [Decimal('164.21539147166524'), Decimal('164.21539147166524')], 'angle': 90.0}",0.726631088026275,120,8281.920388,2.209880205399175,-1.682173732740132,"[0.4755667812660687, Decimal('0.31605689616776345')]",pupil.1,1,3d c++,1581666468.8690274,0.4755667812660687,0.31605689616776345
"{'center': [Decimal('-1.0149166267821543'), 5.799919479476652, 81.04040608311152], 'normal': [-0.08827527978715125, 0.5965704408706431, -0.7976911583174948], 'radius': 2.27819999684878}",0.9966013413456283,8428.422185,4.55639999369756,"{'center': [Decimal('152.26765541646384'), Decimal('164.15183276546486')], 'axes': [26.28718951524642, Decimal('34.863823463639896')], 'angle': -81.467443518049}","[Decimal('152.26765541646384'), Decimal('164.15183276546486')]",34.863823463639896,"{'center': [Decimal('0.044386730663660674'), Decimal('-1.3589258109710656'), 90.61269998292146], 'radius': 12.0}","{'center': [Decimal('160.30370768133668'), Decimal('110.70181108210151')], 'axes': [Decimal('164.21539147166524'), Decimal('164.21539147166524')], 'angle': 90.0}",0.726743830143417,120,8281.920388,2.2100173432943055,-1.681011354377729,"[0.4758364231764495, 0.3160340301438964]",pupil.1,1,3d c++,1581666468.8771682,0.4758364231764495,0.3160340301438964
"{'center': [-1.039121951067194, 5.776284809192717, 81.02548045156014], 'normal': [-0.0902923901442379, 0.5946008850136485, -0.7989349609467761], 'radius': Decimal('2.2449115263186523')}",0.9796025932743986,8428.430585,4.489823052637305,"{'center': [Decimal('152.08086232476734'), Decimal('163.98575560377165')], 'axes': [Decimal('25.959080200521125'), 34.36056651659286], 'angle': -81.2455024682125}","[Decimal('152.08086232476734'), Decimal('163.98575560377165')]",34.36056651659286,"{'center': [Decimal('0.044386730663660674'), Decimal('-1.3589258109710656'), 90.61269998292146], 'radius': 12.0}","{'center': [Decimal('160.30370768133668'), Decimal('110.70181108210151')], 'axes': [Decimal('164.21539147166524'), Decimal('164.21539147166524')], 'angle': 90.0}",0.7269900068401669,120,8281.920388,2.207565485624832,-1.683334757324078,"[Decimal('0.47525269476489795'), Decimal('0.31672601831761815')]",pupil.1,1,3d c++,1581666468.8858829,0.47525269476489795,0.31672601831761815
"{'center': [-1.0298885394858, Decimal('5.7568935476914405'), 81.0100416270895], 'normal': [-0.08952293917912171, 0.5929849465552088, -0.8002215296526627], 'radius': Decimal('2.2595174192293315')}",0.9966353382987359,8428.438985,4.519034838458663,"{'center': [Decimal('152.15023675541886'), Decimal('163.84304025555352')], 'axes': [Decimal('26.186825023984976'), 34.59075106216899], 'angle': -81.29529315989991}","[Decimal('152.15023675541886'), Decimal('163.84304025555352')]",34.59075106216899,"{'center': [Decimal('0.044386730663660674'), Decimal('-1.3589258109710656'), 90.61269998292146], 'radius': 12.0}","{'center': [Decimal('160.30370768133668'), Decimal('110.70181108210151')], 'axes': [Decimal('164.21539147166524'), Decimal('164.21539147166524')], 'angle': 90.0}",0.7268199683654331,120,8281.920388,2.205557154510734,-1.6822057813032263,"[Decimal('0.47546948986068394'), Decimal('0.31732066560186034')]",pupil.1,1,3d c++,1581666468.895164,0.47546948986068394,0.31732066560186034
"{'center': [Decimal('-1.0020133078015323'), Decimal('5.7297104295270085'), 80.98688660381436], 'normal': [-0.08720000320543275, 0.5907196867081729, -0.8021511149255922], 'radius': Decimal('2.2476218941897588')}",0.9658772219507143,8428.447385,4.4952437883795175,"{'center': [152.3603312654174, Decimal('163.64985138382116')], 'axes': [Decimal('26.136690883248633'), 34.41838942699677], 'angle': -81.48571519068844}","[152.3603312654174, Decimal('163.64985138382116')]",34.41838942699677,"{'center': [Decimal('0.044386730663660674'), Decimal('-1.3589258109710656'), 90.61269998292146], 'radius': 12.0}","{'center': [Decimal('160.30370768133668'), Decimal('110.70181108210151')], 'axes': [Decimal('164.21539147166524'), Decimal('164.21539147166524')], 'angle': 90.0}",0.7269749912264478,120,8281.920388,2.2027468178665015,-1.6790788253398792,"[0.4761260352044293, Decimal('0.31812561923407856')]",pupil.1,1,3d c++,1581666468.901855,0.4761260352044293,0.31812561923407856
"{'center': [-0.976834711509327, 5.691472424782608, 80.95614824416255], 'normal': [-0.08510178684774897, 0.5875331863128062, -0.8047126448965753], 'radius': 2.245967300327909}",0.996301796049425,8428.455785,4.491934600655818,"{'center': [Decimal('152.54960218620766'), Decimal('163.37410307633886')], 'axes': [26.23397868557037, Decimal('34.406050630311995')], 'angle': -81.64278230352535}","[Decimal('152.54960218620766'), Decimal('163.37410307633886')]",34.406050630311995,"{'center': [Decimal('0.044386730663660674'), Decimal('-1.3589258109710656'), 90.61269998292146], 'radius': 12.0}","{'center': [Decimal('160.30370768133668'), Decimal('110.70181108210151')], 'axes': [Decimal('164.21539147166524'), Decimal('164.21539147166524')], 'angle': 90.0}",0.7270091513824517,120,8281.920388,2.19880332207918,-1.6761589566082309,"[Decimal('0.47671750683189895'), Decimal('0.31927457051525476')]",pupil.1,1,3d c++,1581666468.9092882,0.47671750683189895,0.31927457051525476
"{'center': [-0.9665767640047922, 5.625671746352282, 80.90737413704278], 'normal': [-0.08424695788903774, 0.5820497964436123, -0.8087771538232224], 'radius': Decimal('2.2515893243447462')}",0.9963795933622661,8428.464185,4.5031786486894925,"{'center': [152.6237824960945, Decimal('162.89544660662122')], 'axes': [26.48520642036165, Decimal('34.512909245538516')], 'angle': -81.64689414098775}","[152.6237824960945, Decimal('162.89544660662122')]",34.512909245538516,"{'center': [Decimal('0.044386730663660674'), Decimal('-1.3589258109710656'), 90.61269998292146], 'radius': 12.0}","{'center': [Decimal('160.30370768133668'), Decimal('110.70181108210151')], 'axes': [Decimal('164.21539147166524'), Decimal('164.21539147166524')], 'angle': 90.0}",0.7270126109201858,120,8281.920388,2.1920435499893354,-1.6745878571503563,"[0.4769493203002953, 0.3212689724724116]",pupil.1,1,3d c++,1581666468.917994,0.4769493203002953,0.3212689724724116
"{'center': [-0.9462176166944252, 5.5954401956186, 80.8835943470788], 'normal': [-0.08255036227984049, 0.5795305005491388, -0.8107588029868882], 'radius': 2.238241521712918}",0.9949819717716244,8428.472584,4.476483043425836,"{'center': [Decimal('152.77680351769015'), Decimal('162.67905739553032')], 'axes': [Decimal('26.418250443484933'), 34.31830167680439], 'angle': -81.77738843842938}","[Decimal('152.77680351769015'), Decimal('162.67905739553032')]",34.31830167680439,"{'center': [Decimal('0.044386730663660674'), Decimal('-1.3589258109710656'), 90.61269998292146], 'radius': 12.0}","{'center': [Decimal('160.30370768133668'), Decimal('110.70181108210151')], 'axes': [Decimal('164.21539147166524'), Decimal('164.21539147166524')], 'angle': 90.0}",0.7268637161775504,120,8281.920388,2.188948791474713,-1.672265291219215,"[Decimal('0.47742751099278175'), Decimal('0.32217059418529037')]",pupil.1,1,3d c++,1581666468.925484,0.47742751099278175,0.32217059418529037
"{'center': [-0.9123467764029595, 5.623818829663017, 80.90054583051263], 'normal': [-0.07972779225555168, 0.5818953867195069, -0.8093461793674022], 'radius': 2.230765010552687}",0.7888321603119933,8428.480984,4.461530021105374,"{'center': [153.0366122670391, 162.8886706578216], 'axes': [Decimal('26.266164304694616'), 34.19649305154141], 'angle': -82.08876869725626}","[153.0366122670391, 162.8886706578216]",34.19649305154141,"{'center': [Decimal('0.044386730663660674'), Decimal('-1.3589258109710656'), 90.61269998292146], 'radius': 12.0}","{'center': [Decimal('160.30370768133668'), Decimal('110.70181108210151')], 'axes': [Decimal('164.21539147166524'), Decimal('164.21539147166524')], 'angle': 90.0}",0.7269622621319471,120,8281.920388,2.191853672800907,-1.6689884139972668,"[Decimal('0.47823941333449715'), Decimal('0.32129720559241004')]",pupil.1,1,3d c++,1581666468.937408,0.47823941333449715,0.32129720559241004
"{'center': [-0.885851623237625, Decimal('6.0038423640481335'), 81.18273172179484], 'normal': [-0.07751986282510717, 0.6135640145849335, -0.7858306884272185], 'radius': 2.263825490250731}",0.49454563524374967,8428.489384,4.527650980501462,"{'center': [153.2620348241284, Decimal('165.63301376208798')], 'axes': [25.58184276743517, 34.58326603445097], 'angle': -82.70913206427959}","[153.2620348241284, Decimal('165.63301376208798')]",34.58326603445097,"{'center': [Decimal('0.044386730663660674'), Decimal('-1.3589258109710656'), 90.61269998292146], 'radius': 12.0}","{'center': [Decimal('160.30370768133668'), Decimal('110.70181108210151')], 'axes': [Decimal('164.21539147166524'), Decimal('164.21539147166524')], 'angle': 90.0}",0.7269622621319471,120,8281.920388,2.231362485398028,-1.6691252255145022,"[Decimal('0.47894385882540125'), 0.3098624426579667]",pupil.1,1,3d c++,1581666468.94577,0.47894385882540125,0.3098624426579667
"{'center': [-0.8794526439597475, Decimal('6.0696423394901515'), 81.2338463192881], 'normal': [-0.07698661455195066, 0.6190473458717679, -0.7815711386361123], 'radius': 2.264867212928891}",0.28491448403969155,8428.497784,4.529734425857782,"{'center': [Decimal('153.31474230539465'), Decimal('166.10601491544296')], 'axes': [Decimal('25.400395733808594'), 34.5774956460144], 'angle': -82.82408804297812}","[Decimal('153.31474230539465'), Decimal('166.10601491544296')]",34.5774956460144,"{'center': [Decimal('0.044386730663660674'), Decimal('-1.3589258109710656'), 90.61269998292146], 'radius': 12.0}","{'center': [Decimal('160.30370768133668'), Decimal('110.70181108210151')], 'axes': [Decimal('164.21539147166524'), Decimal('164.21539147166524')], 'angle': 90.0}",0.7269622621319471,120,8281.920388,2.2383254235926797,-1.6689819649183233,"[0.4791085697043583, Decimal('0.30789160451898767')]",pupil.1,1,3d c++,1581666468.9537141,0.4791085697043583,0.30789160451898767
"{'center': [0.0, -0.0, 0.0], 'normal': [0.0, -0.0, 0.0], 'radius': 0.0}",0.0,8428.506184,0.0,"{'center': [160.0, 120.0], 'axes': [0.0, 0.0], 'angle': 90.0}","[160.0, 120.0]",0.0,"{'center': [Decimal('0.044386730663660674'), Decimal('-1.3589258109710656'), 90.61269998292146], 'radius': 12.0}","{'center': [Decimal('160.30370768133668'), Decimal('110.70181108210151')], 'axes': [Decimal('164.21539147166524'), Decimal('164.21539147166524')], 'angle': 90.0}",0.7269622621319471,120,8281.920388,0.0,0.0,"[0.5, 0.5]",pupil.1,1,3d c++,1581666468.962107,0.5,0.5
"{'center': [0.0, -0.0, 0.0], 'normal': [0.0, -0.0, 0.0], 'radius': 0.0}",0.0,8428.514584,0.0,"{'center': [160.0, 120.0], 'axes': [0.0, 0.0], 'angle': 90.0}","[160.0, 120.0]",0.0,"{'center': [Decimal('0.044386730663660674'), Decimal('-1.3589258109710656'), 90.61269998292146], 'radius': 12.0}","{'center': [Decimal('160.30370768133668'), Decimal('110.70181108210151')], 'axes': [Decimal('164.21539147166524'), Decimal('164.21539147166524')], 'angle': 90.0}",0.7269622621319471,120,8281.920388,0.0,0.0,"[0.5, 0.5]",pupil.1,1,3d c++,1581666468.970018,0.5,0.5
"{'center': [Decimal('-1.3315655880329473'), 6.16716709303474, 81.36798901843225], 'normal': [Decimal('-0.11466269322471735'), 0.6271744086671506, -0.7703925803741002], 'radius': 2.22377379142909}",0.16262834766364576,8428.522984,4.44754758285818,"{'center': [Decimal('149.89170236655266'), 166.7824408720807], 'axes': [24.4406597721063, 33.89422979205758], 'angle': -79.50397243036784}","[Decimal('149.89170236655266'), 166.7824408720807]",33.89422979205758,"{'center': [Decimal('0.044386730663660674'), Decimal('-1.3589258109710656'), 90.61269998292146], 'radius': 12.0}","{'center': [Decimal('160.30370768133668'), Decimal('110.70181108210151')], 'axes': [Decimal('164.21539147166524'), Decimal('164.21539147166524')], 'angle': 90.0}",0.7269622621319471,120,8281.920388,2.248716448690671,-1.7185483838945854,"[Decimal('0.46841156989547705'), Decimal('0.30507316303299703')]",pupil.1,1,3d c++,1581666468.978955,0.46841156989547705,0.30507316303299703
"{'center': [Decimal('-1.7377534638096581'), 6.446386309286835, 81.67395963359942], 'normal': [Decimal('-0.14851168287277655'), 0.6504426766881583, -0.7448950291101692], 'radius': Decimal('2.2747934033411026')}",0.11892323211246822,8428.531384,4.549586806682205,"{'center': [146.8571055425303, Decimal('168.71933512213758')], 'axes': [Decimal('23.852119101760668'), 34.54274854694903], 'angle': -76.97831961917261}","[146.8571055425303, Decimal('168.71933512213758')]",34.54274854694903,"{'center': [Decimal('0.044386730663660674'), Decimal('-1.3589258109710656'), 90.61269998292146], 'radius': 12.0}","{'center': [Decimal('160.30370768133668'), Decimal('110.70181108210151')], 'axes': [Decimal('164.21539147166524'), Decimal('164.21539147166524')], 'angle': 90.0}",0.7269622621319471,120,8281.920388,2.278963428500643,-1.7675885759271572,"[0.4589284548204072, 0.2970027703244268]",pupil.1,1,3d c++,1581666468.9861262,0.4589284548204072,0.2970027703244268
"{'center': [-1.803420099140825, 6.43245289986014, 81.67513724444883], 'normal': [-0.1539839024837071, 0.6492815592359337, -0.7447968948727184], 'radius': 2.231597445409433}",0.09919360094817943,8428.539784,4.463194890818866,"{'center': [Decimal('146.35869754490926'), 168.6214020810161], 'axes': [Decimal('23.393963104348067'), Decimal('33.886123449471825')], 'angle': -76.49121296022942}","[Decimal('146.35869754490926'), 168.6214020810161]",33.886123449471825,"{'center': [Decimal('0.044386730663660674'), Decimal('-1.3589258109710656'), 90.61269998292146], 'radius': 12.0}","{'center': [Decimal('160.30370768133668'), Decimal('110.70181108210151')], 'axes': [Decimal('164.21539147166524'), Decimal('164.21539147166524')], 'angle': 90.0}",0.7269622621319471,120,8281.920388,2.277435746675043,-1.7746700895753575,"[Decimal('0.45737092982784144'), Decimal('0.29741082466243296')]",pupil.1,1,3d c++,1581666468.994498,0.45737092982784144,0.29741082466243296
"{'center': [Decimal('-1.7170871319908765'), 6.441096391643638, 81.66524987297937], 'normal': [Decimal('-0.14678948855454477'), 0.650001850217892, -0.7456208424951735], 'radius': 2.22296666576116}",0.11057118563670422,8428.548184,4.44593333152232,"{'center': [Decimal('147.00993476694939'), Decimal('168.69397548142763')], 'axes': [Decimal('23.340202070719446'), 33.75908090500773], 'angle': -77.11581811175137}","[Decimal('147.00993476694939'), Decimal('168.69397548142763')]",33.75908090500773,"{'center': [Decimal('0.044386730663660674'), Decimal('-1.3589258109710656'), 90.61269998292146], 'radius': 12.0}","{'center': [Decimal('160.30370768133668'), Decimal('110.70181108210151')], 'axes': [Decimal('164.21539147166524'), Decimal('164.21539147166524')], 'angle': 90.0}",0.7269622621319471,120,8281.920388,2.2783831982307836,-1.765179322866528,"[0.4594060461467168, 0.2971084354940515]",pupil.1,1,3d c++,1581666469.001277,0.4594060461467168,0.2971084354940515
"{'center': [Decimal('-1.7338767897607603'), 6.449773043134751, 81.67614577798238], 'normal': [Decimal('-0.14818862670203511'), 0.6507249045088181, -0.7447128504115894], 'radius': 2.21539357310535}",0.11102773148393894,8428.556584,4.4307871462107,"{'center': [Decimal('146.88425953258033'), 168.7548682551649], 'axes': [Decimal('23.220987960621038'), 33.63956417395902], 'angle': -77.0113206999886}","[Decimal('146.88425953258033'), 168.7548682551649]",33.63956417395902,"{'center': [Decimal('0.044386730663660674'), Decimal('-1.3589258109710656'), 90.61269998292146], 'radius': 12.0}","{'center': [Decimal('160.30370768133668'), Decimal('110.70181108210151')], 'axes': [Decimal('164.21539147166524'), Decimal('164.21539147166524')], 'angle': 90.0}",0.7269622621319471,120,8281.920388,2.2793350574334914,-1.7672182409013,"[Decimal('0.45901331103931353'), Decimal('0.29685471560347965')]",pupil.1,1,3d c++,1581666469.010253,0.45901331103931353,0.29685471560347965
"{'center': [-0.8801180828078431, 5.993688098007786, 81.17424886235307], 'normal': [-0.07704206778929201, 0.6127178257482379, -0.7865375933806993], 'radius': 2.244103758666728}",0.09548012762685433,8428.564984,4.488207517333456,"{'center': [Decimal('153.30451688686813'), Decimal('165.56405130533827')], 'axes': [Decimal('25.390695491252107'), Decimal('34.285467656856696')], 'angle': -82.7436157910185}","[Decimal('153.30451688686813'), Decimal('165.56405130533827')]",34.285467656856696,"{'center': [Decimal('0.044386730663660674'), Decimal('-1.3589258109710656'), 90.61269998292146], 'radius': 12.0}","{'center': [Decimal('160.30370768133668'), Decimal('110.70181108210151')], 'axes': [Decimal('164.21539147166524'), Decimal('164.21539147166524')], 'angle': 90.0}",0.7251029720728996,120,8281.920388,2.230291324282963,-1.6684357618156527,"[0.4790766152714629, Decimal('0.31014978622775724')]",pupil.1,1,3d c++,1581666469.022321,0.4790766152714629,0.31014978622775724
"{'center': [Decimal('-1.0477853953453236'), 6.035724283524555, 81.22513853027866], 'normal': [-0.09101434383408201, 0.6162208412079683, -0.7822967877202331], 'radius': Decimal('2.2401838117136252')}",0.42651238194616825,8428.573384,4.4803676234272505,"{'center': [Decimal('152.03337127317678'), 165.8575055561264], 'axes': [Decimal('25.155098004794574'), Decimal('34.204216223193185')], 'angle': -81.48943237529397}","[Decimal('152.03337127317678'), 165.8575055561264]",34.204216223193185,"{'center': [Decimal('0.044386730663660674'), Decimal('-1.3589258109710656'), 90.61269998292146], 'radius': 12.0}","{'center': [Decimal('160.30370768133668'), Decimal('110.70181108210151')], 'axes': [Decimal('164.21539147166524'), Decimal('164.21539147166524')], 'angle': 90.0}",0.7251029720728996,120,8281.920388,2.234731485052556,-1.686618102639477,"[0.4751042852286774, 0.3089270601828067]",pupil.1,1,3d c++,1581666469.030145,0.4751042852286774,0.3089270601828067
"{'center': [Decimal('-1.0401435510740635'), 6.038608364565707, 81.22652492650154], 'normal': [-0.09037752347814368, 0.616461181294731, -0.7821812547016596], 'radius': Decimal('2.2481513341933828')}",0.49941987976695673,8428.581784,4.4963026683867655,"{'center': [Decimal('152.09183394565028'), 165.877173792806], 'axes': [Decimal('25.239462369101314'), 34.32531968209862], 'angle': -81.55165434771511}","[Decimal('152.09183394565028'), 165.877173792806]",34.32531968209862,"{'center': [Decimal('0.044386730663660674'), Decimal('-1.3589258109710656'), 90.61269998292146], 'radius': 12.0}","{'center': [Decimal('160.30370768133668'), Decimal('110.70181108210151')], 'axes': [Decimal('164.21539147166524'), Decimal('164.21539147166524')], 'angle': 90.0}",0.7251029720728996,120,8281.920388,2.235036686812283,-1.685831699238075,"[0.4752869810801571, Decimal('0.30884510919664165')]",pupil.1,1,3d c++,1581666469.041588,0.4752869810801571,0.30884510919664165
"{'center': [-1.040267661919684, 6.041503375392697, 81.22882164258344], 'normal': [-0.0903878660486121, 0.6167024321969805, -0.7819898616948349], 'radius': Decimal('2.2611187311542755')}",0.44379580626691306,8428.590184,4.522237462308551,"{'center': [Decimal('152.09146419617886'), Decimal('165.89547029146865')], 'axes': [Decimal('25.376469427840338'), Decimal('34.522395986642714')], 'angle': -81.55404212343706}","[Decimal('152.09146419617886'), Decimal('165.89547029146865')]",34.522395986642714,"{'center': [Decimal('0.044386730663660674'), Decimal('-1.3589258109710656'), 90.61269998292146], 'radius': 12.0}","{'center': [Decimal('160.30370768133668'), Decimal('110.70181108210151')], 'axes': [Decimal('164.21539147166524'), Decimal('164.21539147166524')], 'angle': 90.0}",0.7251029720728996,120,8281.920388,2.2353431185538355,-1.6858726580816612,"[Decimal('0.47528582561305893'), 0.3087688737855473]",pupil.1,1,3d c++,1581666469.051326,0.47528582561305893,0.3087688737855473
"{'center': [-0.9542414242409194, 5.949599577895814, 81.14759573370581], 'normal': [-0.08321901290871504, 0.6090437824055736, -0.7887586874346372], 'radius': Decimal('2.2319694158293206')}",0.45787239535418595,8428.598583,4.463938831658641,"{'center': [Decimal('152.73792708651743'), Decimal('165.24492269381315')], 'axes': [Decimal('25.352476073501045'), 34.11119202007202], 'angle': -82.11845186769911}","[Decimal('152.73792708651743'), Decimal('165.24492269381315')]",34.11119202007202,"{'center': [Decimal('0.044386730663660674'), Decimal('-1.3589258109710656'), 90.61269998292146], 'radius': 12.0}","{'center': [Decimal('160.30370768133668'), Decimal('110.70181108210151')], 'axes': [Decimal('164.21539147166524'), Decimal('164.21539147166524')], 'angle': 90.0}",0.7251029720728996,120,8281.920388,2.2256507435775985,-1.6759137397318777,"[0.477306022145367, 0.3114794887757786]",pupil.1,1,3d c++,1581666469.0548954,0.477306022145367,0.3114794887757786
"{'center': [-0.9604404196706284, 5.959157825346016, 81.15564048803515], 'normal': [-0.08373559586119075, 0.6098403030264233, -0.7880882912405256], 'radius': Decimal('2.2421677342434814')}",0.7105546422780078,8428.606983,4.484335468486963,"{'center': [Decimal('152.69169597230106'), 165.3114872647636], 'axes': [25.4381691684513, 34.26371439030588], 'angle': -82.0804588057577}","[Decimal('152.69169597230106'), 165.3114872647636]",34.26371439030588,"{'center': [Decimal('0.044386730663660674'), Decimal('-1.3589258109710656'), 90.61269998292146], 'radius': 12.0}","{'center': [Decimal('160.30370768133668'), Decimal('110.70181108210151')], 'axes': [Decimal('164.21539147166524'), Decimal('164.21539147166524')], 'angle': 90.0}",0.7251029720728996,120,8281.920388,2.226655397901922,-1.6766507167368456,"[Decimal('0.47716154991344084'), 0.3112021363968184]",pupil.1,1,3d c++,1581666469.0632179,0.47716154991344084,0.3112021363968184
"{'center': [-0.940251778151836, Decimal('5.9181024650818035'), 81.12189672521536], 'normal': [-0.08205320906795806, 0.6064190230044058, -0.7909002714755078], 'radius': Decimal('2.3289884946987827')}",0.8732668996550874,8428.615383,4.657976989397565,"{'center': [Decimal('152.84478103771164'), Decimal('164.99977681972416')], 'axes': [Decimal('26.555462086396695'), 35.60561565515338], 'angle': -82.19380620907815}","[Decimal('152.84478103771164'), Decimal('164.99977681972416')]",35.60561565515338,"{'center': [Decimal('0.044386730663660674'), Decimal('-1.3589258109710656'), 90.61269998292146], 'radius': 12.0}","{'center': [Decimal('160.30370768133668'), Decimal('110.70181108210151')], 'axes': [Decimal('164.21539147166524'), Decimal('164.21539147166524')], 'angle': 90.0}",0.7253707964040901,120,8281.920388,2.22234559089735,-1.6741730854078793,"[0.4776399407428489, 0.312500929917816]",pupil.1,1,3d c++,1581666469.0697331,0.4776399407428489,0.312500929917816
"{'center': [-0.9119198498827973, 5.915118081975384, 81.1167132955102], 'normal': [-0.07969221504553817, 0.6061703244122042, -0.7913322239509388], 'radius': 2.302359342318407}",0.9259503836864711,8428.623783,4.604718684636814,"{'center': [153.059324573506, 164.9850229356491], 'axes': [26.27178769841747, Decimal('35.200622240958765')], 'angle': -82.41349562936345}","[153.059324573506, 164.9850229356491]",35.200622240958765,"{'center': [Decimal('0.044386730663660674'), Decimal('-1.3589258109710656'), 90.61269998292146], 'radius': 12.0}","{'center': [Decimal('160.30370768133668'), Decimal('110.70181108210151')], 'axes': [Decimal('164.21539147166524'), Decimal('164.21539147166524')], 'angle': 90.0}",0.7252786458429084,120,8281.920388,2.2220328569137098,-1.6711643306540431,"[0.4783103892922062, 0.3125624044347953]",pupil.1,1,3d c++,1581666469.078758,0.4783103892922062,0.3125624044347953
"{'center': [-0.8899356761579778, 5.838797705007803, 81.05655966228804], 'normal': [-0.07786020056846987, 0.5998102929982391, -0.7963450267194518], 'radius': 2.326257127032109}",0.9226255192965886,8428.632183,4.652514254064218,"{'center': [153.2225203550092, 164.4303150242427], 'axes': [26.77955002657318, Decimal('35.592390114132414')], 'angle': -82.50683346527829}","[153.2225203550092, 164.4303150242427]",35.592390114132414,"{'center': [Decimal('0.044386730663660674'), Decimal('-1.3589258109710656'), 90.61269998292146], 'radius': 12.0}","{'center': [Decimal('160.30370768133668'), Decimal('110.70181108210151')], 'axes': [Decimal('164.21539147166524'), Decimal('164.21539147166524')], 'angle': 90.0}",0.7257213114892469,120,8281.920388,2.214060322917165,-1.6682584990970915,"[Decimal('0.47882037610940376'), 0.3148736873989887]",pupil.1,1,3d c++,1581666469.086119,0.47882037610940376,0.3148736873989887
"{'center': [-0.9048417517335857, 5.777768261185115, 81.01235816563928], 'normal': [-0.07910237353310387, 0.5947245060130151, -0.8000284847735138], 'radius': Decimal('2.3127364066254836')}",0.9925688883608601,8428.640583,4.625472813250967,"{'center': [153.1050615391887, 163.9906358569103], 'axes': [Decimal('26.795638292107352'), 35.40468776719352], 'angle': -82.32211418081869}","[153.1050615391887, 163.9906358569103]",35.40468776719352,"{'center': [Decimal('0.044386730663660674'), Decimal('-1.3589258109710656'), 90.61269998292146], 'radius': 12.0}","{'center': [Decimal('160.30370768133668'), Decimal('110.70181108210151')], 'axes': [Decimal('164.21539147166524'), Decimal('164.21539147166524')], 'angle': 90.0}",0.7242689962216442,120,8281.920388,2.2077192478114482,-1.6693504460340503,"[0.4784533173099647, Decimal('0.31670568392954046')]",pupil.1,1,3d c++,1581666469.0936198,0.4784533173099647,0.31670568392954046
"{'center': [-0.9399420227114653, 5.798003860232118, 81.03097495103233], 'normal': [-0.08202739611459384, 0.5964108059335986, -0.7984770859907596], 'radius': 2.293947541236411}",0.9951571863387102,8428.648983,4.587895082472822,"{'center': [Decimal('152.83859665155714'), Decimal('164.13901173671962')], 'axes': [Decimal('26.505789383843684'), 35.10894194239338], 'angle': -82.06342764904089}","[Decimal('152.83859665155714'), Decimal('164.13901173671962')]",35.10894194239338,"{'center': [Decimal('0.044386730663660674'), Decimal('-1.3589258109710656'), 90.61269998292146], 'radius': 12.0}","{'center': [Decimal('160.30370768133668'), Decimal('110.70181108210151')], 'axes': [Decimal('164.21539147166524'), Decimal('164.21539147166524')], 'angle': 90.0}",0.7236757164270413,120,8281.920388,2.209818451005491,-1.6731670205937552,"[Decimal('0.47762061453611604'), Decimal('0.31608745109700154')]",pupil.1,1,3d c++,1581666469.105472,0.47762061453611604,0.31608745109700154
"{'center': [-0.9487811614442778, 5.807654030511, 81.03910343231684], 'normal': [-0.08276399100899488, 0.5972149867901722, -0.7977997125503853], 'radius': Decimal('2.2854871160951777')}",0.9968749061721748,8428.657383,4.5709742321903555,"{'center': [Decimal('152.77169958303884'), Decimal('164.21002557911578')], 'axes': [26.37669018458463, 34.97592381195391], 'angle': -82.00372842085741}","[Decimal('152.77169958303884'), Decimal('164.21002557911578')]",34.97592381195391,"{'center': [Decimal('0.044386730663660674'), Decimal('-1.3589258109710656'), 90.61269998292146], 'radius': 12.0}","{'center': [Decimal('160.30370768133668'), Decimal('110.70181108210151')], 'axes': [Decimal('164.21539147166524'), Decimal('164.21539147166524')], 'angle': 90.0}",0.723340377046644,120,8281.920388,2.210820694964033,-1.6741668705588688,"[Decimal('0.47741156119699635'), 0.3157915600870176]",pupil.1,1,3d c++,1581666469.1130738,0.47741156119699635,0.3157915600870176
"{'center': [-0.9494904804570261, 5.802619782815443, 81.03541055441758], 'normal': [-0.0828231009267239, 0.5967954661488757, -0.7981074523753228], 'radius': 2.287989115646265}",0.9970707424666992,8428.665783,4.57597823129253,"{'center': [Decimal('152.76604844443523'), 164.1730731438053], 'axes': [26.41978509117449, 35.01581363696452], 'angle': -81.99236606807976}","[Decimal('152.76604844443523'), 164.1730731438053]",35.01581363696452,"{'center': [Decimal('0.044386730663660674'), Decimal('-1.3589258109710656'), 90.61269998292146], 'radius': 12.0}","{'center': [Decimal('160.30370768133668'), Decimal('110.70181108210151')], 'axes': [Decimal('164.21539147166524'), Decimal('164.21539147166524')], 'angle': 90.0}",0.7230333708149184,120,8281.920388,2.2102977566390742,-1.6742005694649966,"[Decimal('0.47739390138886006'), 0.3159455285674778]",pupil.1,1,3d c++,1581666469.1208642,0.47739390138886006,0.3159455285674778
"{'center': [-0.9322960851549554, 5.82459434499159, 81.05010991295804], 'normal': [-0.08139023465155135, 0.5986266796635547, -0.7968825058302845], 'radius': 2.304127153311963}",0.9962198139607895,8428.674183,4.608254306623926,"{'center': [Decimal('152.89872236712145'), 164.3297991177908], 'axes': [Decimal('26.549399102728295'), 35.25649369199752], 'angle': -82.15410979929497}","[Decimal('152.89872236712145'), 164.3297991177908]",35.25649369199752,"{'center': [Decimal('0.044386730663660674'), Decimal('-1.3589258109710656'), 90.61269998292146], 'radius': 12.0}","{'center': [Decimal('160.30370768133668'), Decimal('110.70181108210151')], 'axes': [Decimal('164.21539147166524'), Decimal('164.21539147166524')], 'angle': 90.0}",0.7228314151650483,120,8281.920388,2.212581887989684,-1.672579185516208,"[Decimal('0.47780850739725456'), 0.3152925036758717]",pupil.1,1,3d c++,1581666469.129644,0.47780850739725456,0.3152925036758717
"{'center': [-0.9404172668089826, 5.813465863623687, 81.04259242068551], 'normal': [-0.08206699978938695, 0.5976993062162294, -0.7975089635196628], 'radius': Decimal('2.3043414747219364')}",0.9970056062767062,8428.682583,4.608682949443873,"{'center': [Decimal('152.83622611268163'), 164.2488350556662], 'axes': [26.58094301462356, 35.26303263408464], 'angle': -82.07698668304}","[Decimal('152.83622611268163'), 164.2488350556662]",35.26303263408464,"{'center': [Decimal('0.044386730663660674'), Decimal('-1.3589258109710656'), 90.61269998292146], 'radius': 12.0}","{'center': [Decimal('160.30370768133668'), Decimal('110.70181108210151')], 'axes': [Decimal('164.21539147166524'), Decimal('164.21539147166524')], 'angle': 90.0}",0.722718627639285,120,8281.920388,2.2114246592214317,-1.6733395629175358,"[0.4776132066021301, 0.3156298539347241]",pupil.1,1,3d c++,1581666469.1371949,0.4776132066021301,0.3156298539347241
"{'center': [-0.9504276411667743, Decimal('5.8113198834681965'), 81.0420197016157], 'normal': [-0.08290119765253624, 0.5975204745366052, -0.7975566901088131], 'radius': Decimal('2.3012283170156627')}",0.9960885805050904,8428.690983,4.602456634031325,"{'center': [Decimal('152.75982249959438'), Decimal('164.23338846141417')], 'axes': [Decimal('26.547173848563254'), Decimal('35.215627478669035')], 'angle': -81.99474260108262}","[Decimal('152.75982249959438'), Decimal('164.23338846141417')]",35.215627478669035,"{'center': [Decimal('0.044386730663660674'), Decimal('-1.3589258109710656'), 90.61269998292146], 'radius': 12.0}","{'center': [Decimal('160.30370768133668'), Decimal('110.70181108210151')], 'axes': [Decimal('164.21539147166524'), Decimal('164.21539147166524')], 'angle': 90.0}",0.7223920070174472,120,8281.920388,2.2112016178437863,-1.6743683423418532,"[0.4773744453112324, Decimal('0.31569421474410764')]",pupil.1,1,3d c++,1581666469.145084,0.4773744453112324,0.31569421474410764
"{'center': [-0.943285691251688, 5.809714539117783, 81.04007762966496], 'normal': [-0.08230603515961239, 0.5973866958407373, -0.7977185294380412], 'radius': 2.305348771262022}",0.9963357809857797,8428.699383,4.610697542524044,"{'center': [Decimal('152.81418637731127'), Decimal('164.22134616013034')], 'axes': [26.6023001726333, Decimal('35.279542392296435')], 'angle': -82.04989625851525}","[Decimal('152.81418637731127'), Decimal('164.22134616013034')]",35.279542392296435,"{'center': [Decimal('0.044386730663660674'), Decimal('-1.3589258109710656'), 90.61269998292146], 'radius': 12.0}","{'center': [Decimal('160.30370768133668'), Decimal('110.70181108210151')], 'axes': [Decimal('164.21539147166524'), Decimal('164.21539147166524')], 'angle': 90.0}",0.7225462067233068,120,8281.920388,2.211034791414799,-1.6736093140343682,"[0.4775443324290977, Decimal('0.31574439099945695')]",pupil.1,1,3d c++,1581666469.1542091,0.4775443324290977,0.31574439099945695
"{'center': [-0.9409637989262912, 5.81517805032238, 81.04393213532418], 'normal': [-0.082112544132496, 0.5978419884411205, -0.7973973206331058], 'radius': 2.307103813652334}",0.9972939808619796,8428.707783,4.614207627304668,"{'center': [Decimal('152.83224804091924'), Decimal('164.26065014769074')], 'axes': [Decimal('26.607627351517035'), 35.30473559607935], 'angle': -82.07454655059905}","[Decimal('152.83224804091924'), Decimal('164.26065014769074')]",35.30473559607935,"{'center': [Decimal('0.044386730663660674'), Decimal('-1.3589258109710656'), 90.61269998292146], 'radius': 12.0}","{'center': [Decimal('160.30370768133668'), Decimal('110.70181108210151')], 'axes': [Decimal('164.21539147166524'), Decimal('164.21539147166524')], 'angle': 90.0}",0.7227752432735213,120,8281.920388,2.2116026410953817,-1.673410336722901,"[Decimal('0.47760077512787263'), Decimal('0.31558062438462187')]",pupil.1,1,3d c++,1581666469.162014,0.47760077512787263,0.31558062438462187
"{'center': [-0.9620359616679017, Decimal('5.8021438733999915'), 81.03636486243084], 'normal': [-0.08386855769429687, 0.5967558070309215, -0.7980279267075507], 'radius': Decimal('2.3071404523126624')}",0.9971310545272548,8428.716183,4.614280904625325,"{'center': [152.67105050889, Decimal('164.16521387609595')], 'axes': [Decimal('26.637288824431053'), 35.3085826015396], 'angle': -81.89168083425037}","[152.67105050889, Decimal('164.16521387609595')]",35.3085826015396,"{'center': [Decimal('0.044386730663660674'), Decimal('-1.3589258109710656'), 90.61269998292146], 'radius': 12.0}","{'center': [Decimal('160.30370768133668'), Decimal('110.70181108210151')], 'axes': [Decimal('164.21539147166524'), Decimal('164.21539147166524')], 'angle': 90.0}",0.7228212812287249,120,8281.920388,2.210248331520507,-1.6755067154526846,"[Decimal('0.47709703284028127'), 0.3159782755162669]",pupil.1,1,3d c++,1581666469.1695008,0.47709703284028127,0.3159782755162669
"{'center': [-0.9514457349600003, 5.802459242523362, 81.035493614883], 'normal': [-0.08298603880197175, 0.5967820877912023, -0.7981005306698721], 'radius': Decimal('2.3286660331113556')}",0.9953775844493082,8428.724583,4.657332066222711,"{'center': [Decimal('152.75225522712427'), Decimal('164.16381852570387')], 'axes': [Decimal('26.889431592746924'), 35.6384897035047], 'angle': -81.97657101916927}","[Decimal('152.75225522712427'), Decimal('164.16381852570387')]",35.6384897035047,"{'center': [Decimal('0.044386730663660674'), Decimal('-1.3589258109710656'), 90.61269998292146], 'radius': 12.0}","{'center': [Decimal('160.30370768133668'), Decimal('110.70181108210151')], 'axes': [Decimal('164.21539147166524'), Decimal('164.21539147166524')], 'angle': 90.0}",0.722643931366096,120,8281.920388,2.2102810836770463,-1.674403437522816,"[Decimal('0.47735079758476334'), 0.3159840894762339]",pupil.1,1,3d c++,1581666469.177553,0.47735079758476334,0.3159840894762339
"{'center': [-0.9627163314445151, 5.813213968189299, 81.04472452253916], 'normal': [-0.08392525517568131, 0.5976783149300303, -0.7973312883651915], 'radius': Decimal('2.3329153120958668')}",0.9961536355152222,8428.732982,4.6658306241917336,"{'center': [Decimal('152.66729077963151'), Decimal('164.24018375272058')], 'axes': [Decimal('26.902263337217075'), 35.69949281840656], 'angle': -81.89894221031722}","[Decimal('152.66729077963151'), Decimal('164.24018375272058')]",35.69949281840656,"{'center': [Decimal('0.044386730663660674'), Decimal('-1.3589258109710656'), 90.61269998292146], 'radius': 12.0}","{'center': [Decimal('160.30370768133668'), Decimal('110.70181108210151')], 'axes': [Decimal('164.21539147166524'), Decimal('164.21539147166524')], 'angle': 90.0}",0.7226623030096135,120,8281.920388,2.211398476674101,-1.6756678644929868,"[0.4770852836863485, 0.3156659010303309]",pupil.1,1,3d c++,1581666469.1894538,0.4770852836863485,0.3156659010303309
"{'center': [-0.9644393782120269, 5.81795017789133, 81.04845819789003], 'normal': [-0.0840688424063073, 0.5980729990718663, -0.7970201487526188], 'radius': Decimal('2.3393556399331468')}",0.9966820419953077,8428.741382,4.6787112798662935,"{'center': [Decimal('152.65466279974743'), Decimal('164.27306939815674')], 'axes': [Decimal('26.961886458115952'), 35.79643387925092], 'angle': -81.89064022108485}","[Decimal('152.65466279974743'), Decimal('164.27306939815674')]",35.79643387925092,"{'center': [Decimal('0.044386730663660674'), Decimal('-1.3589258109710656'), 90.61269998292146], 'radius': 12.0}","{'center': [Decimal('160.30370768133668'), Decimal('110.70181108210151')], 'axes': [Decimal('164.21539147166524'), Decimal('164.21539147166524')], 'angle': 90.0}",0.7226517611060856,120,8281.920388,2.2118908539671214,-1.6758866805261174,"[0.4770458212492107, 0.3155288775076802]",pupil.1,1,3d c++,1581666469.1974669,0.4770458212492107,0.3155288775076802
"{'center': [-0.9592878233845803, 5.822106803598524, 81.05103653046487], 'normal': [-0.08363954617068675, 0.5984193845474658, -0.7968052877047151], 'radius': 2.351809021476592}",0.9961529010878778,8428.749782,4.703618042953184,"{'center': [152.6944700024036, Decimal('164.30092423467815')], 'axes': [Decimal('27.095342432511714'), 35.98591119440986], 'angle': -81.93639596365733}","[152.6944700024036, Decimal('164.30092423467815')]",35.98591119440986,"{'center': [Decimal('0.044386730663660674'), Decimal('-1.3589258109710656'), 90.61269998292146], 'radius': 12.0}","{'center': [Decimal('160.30370768133668'), Decimal('110.70181108210151')], 'axes': [Decimal('164.21539147166524'), Decimal('164.21539147166524')], 'angle': 90.0}",0.7228962036789022,120,8281.920388,2.2123231267002748,-1.6753819399534624,"[0.4771702187575112, Decimal('0.31541281568884105')]",pupil.1,1,3d c++,1581666469.2065852,0.4771702187575112,0.31541281568884105
"{'center': [-0.9575798057920588, 5.815552132822262, 81.04593828975453], 'normal': [-0.08349721137130996, 0.5978731619827773, -0.7972301410972433], 'radius': Decimal('2.3412997578197796')}",0.9959110807783098,8428.758182,4.682599515639559,"{'center': [Decimal('152.70675610175263'), Decimal('164.25570645209854')], 'axes': [26.99425984994258, 35.8272999572512], 'angle': -81.94253692232255}","[Decimal('152.70675610175263'), Decimal('164.25570645209854')]",35.8272999572512,"{'center': [Decimal('0.044386730663660674'), Decimal('-1.3589258109710656'), 90.61269998292146], 'radius': 12.0}","{'center': [Decimal('160.30370768133668'), Decimal('110.70181108210151')], 'axes': [Decimal('164.21539147166524'), Decimal('164.21539147166524')], 'angle': 90.0}",0.7229585465146071,120,8281.920388,2.2116415301303882,-1.6751500140349402,"[0.477208612817977, Decimal('0.31560122311625605')]",pupil.1,1,3d c++,1581666469.213515,0.477208612817977,0.31560122311625605
"{'center': [-0.9640999444594032, 5.816474426492538, 81.0473151993225], 'normal': [-0.08404055626025532, 0.5979500197886336, -0.7971153986332467], 'radius': 2.342304995795338}",0.9970489194772845,8428.766582,4.684609991590676,"{'center': [Decimal('152.65723216330224'), 164.2618261354459], 'axes': [27.00040075143271, 35.84208151398964], 'angle': -81.89165295081331}","[Decimal('152.65723216330224'), 164.2618261354459]",35.84208151398964,"{'center': [Decimal('0.044386730663660674'), Decimal('-1.3589258109710656'), 90.61269998292146], 'radius': 12.0}","{'center': [Decimal('160.30370768133668'), Decimal('110.70181108210151')], 'axes': [Decimal('164.21539147166524'), Decimal('164.21539147166524')], 'angle': 90.0}",0.7232344095280396,120,8281.920388,2.2117374151655738,-1.675839119783799,"[0.4770538505103195, 0.3155757244356422]",pupil.1,1,3d c++,1581666469.221736,0.4770538505103195,0.3155757244356422
"{'center': [-0.9654531996858176, 5.820469258846142, 81.05045601267284], 'normal': [-0.08415332752912319, 0.5982829224847673, -0.7968536641873851], 'radius': 2.355327183601484}",0.9966318809346192,8428.774982,4.710654367202968,"{'center': [152.6475554496076, Decimal('164.28804379194693')], 'axes': [Decimal('27.138164013264422'), 36.04001833091988], 'angle': -81.88545351026279}","[152.6475554496076, Decimal('164.28804379194693')]",36.04001833091988,"{'center': [Decimal('0.044386730663660674'), Decimal('-1.3589258109710656'), 90.61269998292146], 'radius': 12.0}","{'center': [Decimal('160.30370768133668'), Decimal('110.70181108210151')], 'axes': [Decimal('164.21539147166524'), Decimal('164.21539147166524')], 'angle': 90.0}",0.7236032558391114,120,8281.920388,2.2121528118286298,-1.6760133305571594,"[Decimal('0.47702361078002375'), Decimal('0.31546648420022116')]",pupil.1,1,3d c++,1581666469.2289019,0.47702361078002375,0.31546648420022116
"{'center': [-0.9573776679520627, 5.827071182673937, 81.05456651989684], 'normal': [-0.08348036655131029, 0.5988330828037502, -0.7965111219187185], 'radius': Decimal('2.3456340832905775')}",0.9969727282304206,8428.783382,4.691268166581155,"{'center': [Decimal('152.70915021328656'), Decimal('164.33816143306606')], 'axes': [Decimal('27.010254857714767'), 35.88984036107321], 'angle': -81.95723683910937}","[Decimal('152.70915021328656'), Decimal('164.33816143306606')]",35.88984036107321,"{'center': [Decimal('0.044386730663660674'), Decimal('-1.3589258109710656'), 90.61269998292146], 'radius': 12.0}","{'center': [Decimal('160.30370768133668'), Decimal('110.70181108210151')], 'axes': [Decimal('164.21539147166524'), Decimal('164.21539147166524')], 'angle': 90.0}",0.7240849246779146,120,8281.920388,2.2128395855738257,-1.675222613496682,"[0.4772160944165205, Decimal('0.31525766069555805')]",pupil.1,1,3d c++,1581666469.237208,0.4772160944165205,0.31525766069555805
"{'center': [-0.9634732145248881, Decimal('5.8186409439859705'), 81.04887471219322], 'normal': [-0.0839883287657124, 0.5981305629130863, -0.7969854392273532], 'radius': Decimal('2.3580237652957843')}",0.99561279692206,8428.791782,4.716047530591569,"{'center': [Decimal('152.66257694767788'), 164.2743868298818], 'axes': [Decimal('27.175530276018577'), 36.08199355590449], 'angle': -81.89912233058355}","[Decimal('152.66257694767788'), 164.2743868298818]",36.08199355590449,"{'center': [Decimal('0.044386730663660674'), Decimal('-1.3589258109710656'), 90.61269998292146], 'radius': 12.0}","{'center': [Decimal('160.30370768133668'), Decimal('110.70181108210151')], 'axes': [Decimal('164.21539147166524'), Decimal('164.21539147166524')], 'angle': 90.0}",0.7240826951973478,120,8281.920388,2.2119626812616184,-1.6757913116030432,"[Decimal('0.47707055296149337'), Decimal('0.31552338820882586')]",pupil.1,1,3d c++,1581666469.245009,0.47707055296149337,0.31552338820882586
"{'center': [-0.9529664976028942, 5.823759904308935, 81.05161675696955], 'normal': [-0.08311276902221292, 0.5985571429400001, -0.7967569354959921], 'radius': 2.358380876532722}",0.9960896939292321,8428.800182,4.716761753065444,"{'center': [152.7428508806608, Decimal('164.31190115128254')], 'axes': [Decimal('27.168839168364183'), 36.08624262178077], 'angle': -81.98858577553386}","[152.7428508806608, Decimal('164.31190115128254')]",36.08624262178077,"{'center': [Decimal('0.044386730663660674'), Decimal('-1.3589258109710656'), 90.61269998292146], 'radius': 12.0}","{'center': [Decimal('160.30370768133668'), Decimal('110.70181108210151')], 'axes': [Decimal('164.21539147166524'), Decimal('164.21539147166524')], 'angle': 90.0}",0.7244263240803739,120,8281.920388,2.2124950814671744,-1.674734250557116,"[0.477321409002065, Decimal('0.31536707853632273')]",pupil.1,1,3d c++,1581666469.253957,0.477321409002065,0.31536707853632273
"{'center': [-0.9536573744592807, 5.818795624588229, 81.04796146282892], 'normal': [-0.08317034209357844, 0.5981434529632745, -0.7970615433410446], 'radius': Decimal('2.3702371200488876')}",0.9962413328242707,8428.808582,4.740474240097775,"{'center': [Decimal('152.73760691488954'), Decimal('164.27357558142617')], 'axes': [Decimal('27.320065166111128'), 36.26934367572513], 'angle': -81.97746498900486}","[Decimal('152.73760691488954'), Decimal('164.27357558142617')]",36.26934367572513,"{'center': [Decimal('0.044386730663660674'), Decimal('-1.3589258109710656'), 90.61269998292146], 'radius': 12.0}","{'center': [Decimal('160.30370768133668'), Decimal('110.70181108210151')], 'axes': [Decimal('164.21539147166524'), Decimal('164.21539147166524')], 'angle': 90.0}",0.7243180593036525,120,8281.920388,2.21197876579985,-1.674766268756947,"[0.4773050216090298, Decimal('0.31552676841072425')]",pupil.1,1,3d c++,1581666469.2611618,0.4773050216090298,0.31552676841072425
"{'center': [-0.9532198687811866, 5.828440942676357, 81.05516158533666], 'normal': [-0.08313388328707061, 0.5989472294706185, -0.7964615331320666], 'radius': Decimal('2.3482343913593495')}",0.9975525214418145,8428.816982,4.696468782718699,"{'center': [152.7409421268488, Decimal('164.34776984182116')], 'axes': [27.03789099481537, 35.92937589912606], 'angle': -81.99186056809395}","[152.7409421268488, Decimal('164.34776984182116')]",35.92937589912606,"{'center': [Decimal('0.044386730663660674'), Decimal('-1.3589258109710656'), 90.61269998292146], 'radius': 12.0}","{'center': [Decimal('160.30370768133668'), Decimal('110.70181108210151')], 'axes': [Decimal('164.21539147166524'), Decimal('164.21539147166524')], 'angle': 90.0}",0.7245733175362701,120,8281.920388,2.2129821208169553,-1.6747987477048307,"[Decimal('0.47731544414640253'), 0.3152176256590785]",pupil.1,1,3d c++,1581666469.2734349,0.47731544414640253,0.3152176256590785
"{'center': [-0.962951590507052, 5.82189634024392, 81.05126375506734], 'normal': [-0.0839448600975594, 0.5984018459345821, -0.7967863523211764], 'radius': 2.374427779202638}",0.9972624398501532,8428.825382,4.748855558405276,"{'center': [Decimal('152.66721333386684'), Decimal('164.29465584846574')], 'axes': [Decimal('27.355170254631048'), 36.33201628878311], 'angle': -81.90699468910059}","[Decimal('152.66721333386684'), Decimal('164.29465584846574')]",36.33201628878311,"{'center': [Decimal('0.044386730663660674'), Decimal('-1.3589258109710656'), 90.61269998292146], 'radius': 12.0}","{'center': [Decimal('160.30370768133668'), Decimal('110.70181108210151')], 'axes': [Decimal('164.21539147166524'), Decimal('164.21539147166524')], 'angle': 90.0}",0.7251297958430603,120,8281.920388,2.2123012359849867,-1.6757633976537423,"[0.4770850416683339, 0.3154389339647261]",pupil.1,1,3d c++,1581666469.281762,0.4770850416683339,0.3154389339647261
"{'center': [-0.9549142811719595, 5.828287558041349, 81.05522325127133], 'normal': [-0.08327508431963503, 0.5989344474177012, -0.796456394304177], 'radius': Decimal('2.3547420074549996')}",0.9974222904582055,8428.833782,4.709484014909999,"{'center': [152.7282204015325, 164.3452672625271], 'axes': [Decimal('27.112613587818327'), Decimal('36.028949885794006')], 'angle': -81.97820898708503}","[152.7282204015325, 164.3452672625271]",36.028949885794006,"{'center': [Decimal('0.044386730663660674'), Decimal('-1.3589258109710656'), 90.61269998292146], 'radius': 12.0}","{'center': [Decimal('160.30370768133668'), Decimal('110.70181108210151')], 'axes': [Decimal('164.21539147166524'), Decimal('164.21539147166524')], 'angle': 90.0}",0.7254564115697582,120,8281.920388,2.2129661590784027,-1.6749747865413858,"[Decimal('0.47727568875478904'), Decimal('0.31522805307280377')]",pupil.1,1,3d c++,1581666469.290019,0.47727568875478904,0.31522805307280377
"{'center': [-0.9517837829864302, 5.825177252987212, 81.05255837967313], 'normal': [-0.08301420947084091, 0.5986752553298564, -0.7966784669373602], 'radius': 2.382038839316556}",0.9976947182623731,8428.842182,4.764077678633112,"{'center': [Decimal('152.75259421291926'), Decimal('164.31744086447839')], 'axes': [Decimal('27.437790613535533'), 36.44793157527882], 'angle': -81.99959894690247}","[Decimal('152.75259421291926'), Decimal('164.31744086447839')]",36.44793157527882,"{'center': [Decimal('0.044386730663660674'), Decimal('-1.3589258109710656'), 90.61269998292146], 'radius': 12.0}","{'center': [Decimal('160.30370768133668'), Decimal('110.70181108210151')], 'axes': [Decimal('164.21539147166524'), Decimal('164.21539147166524')], 'angle': 90.0}",0.725459133548001,120,8281.920388,2.2126425310108186,-1.6746220315940592,"[0.4773518569153727, 0.3153439963980067]",pupil.1,1,3d c++,1581666469.297042,0.4773518569153727,0.3153439963980067
"{'center': [-0.9780974994052738, 5.828270348863484, 81.05766270621135], 'normal': [-0.08520701917241122, 0.5989330133195457, -0.7962531063925096], 'radius': Decimal('2.3696152702658435')}",0.9974200092748157,8428.850582,4.739230540531687,"{'center': [Decimal('152.55227312192773'), Decimal('164.34089462107767')], 'axes': [27.27413154863605, 36.25550696322763], 'angle': -81.79387314438935}","[Decimal('152.55227312192773'), Decimal('164.34089462107767')]",36.25550696322763,"{'center': [Decimal('0.044386730663660674'), Decimal('-1.3589258109710656'), 90.61269998292146], 'radius': 12.0}","{'center': [Decimal('160.30370768133668'), Decimal('110.70181108210151')], 'axes': [Decimal('164.21539147166524'), Decimal('164.21539147166524')], 'angle': 90.0}",0.7253988085326846,120,8281.920388,2.212964368243394,-1.67740061632612,"[Decimal('0.47672585350602414'), 0.3152462724121764]",pupil.1,1,3d c++,1581666469.305342,0.47672585350602414,0.3152462724121764
"{'center': [-0.9750639173770603, 5.833396434768881, 81.06119637931832], 'normal': [-0.08495422067006009, 0.5993601871449955, -0.7959586336335944], 'radius': 2.365587368475633}",0.9978777901663609,8428.858981,4.731174736951266,"{'center': [Decimal('152.57556941996927'), Decimal('164.37893349421233')], 'axes': [27.21371732842644, Decimal('36.192288638924126')], 'angle': -81.82389041680344}","[Decimal('152.57556941996927'), Decimal('164.37893349421233')]",36.192288638924126,"{'center': [Decimal('0.044386730663660674'), Decimal('-1.3589258109710656'), 90.61269998292146], 'radius': 12.0}","{'center': [Decimal('160.30370768133668'), Decimal('110.70181108210151')], 'axes': [Decimal('164.21539147166524'), Decimal('164.21539147166524')], 'angle': 90.0}",0.7258755443009357,120,8281.920388,2.2134979091501776,-1.6771257426024349,"[0.476798654437404, 0.3150877771074486]",pupil.1,1,3d c++,1581666469.312759,0.476798654437404,0.3150877771074486
"{'center': [-0.9712172583764394, 5.828135359034453, 81.05682742851573], 'normal': [-0.08463366575334168, 0.5989217641671266, -0.7963227128671443], 'radius': Decimal('2.3789299416978946')}",0.9966374271890527,8428.867381,4.757859883395789,"{'center': [Decimal('152.60486482823575'), Decimal('164.33841277046778')], 'axes': [Decimal('27.384787283014894'), 36.39844042383288], 'angle': -81.84839994708894}","[Decimal('152.60486482823575'), Decimal('164.33841277046778')]",36.39844042383288,"{'center': [Decimal('0.044386730663660674'), Decimal('-1.3589258109710656'), 90.61269998292146], 'radius': 12.0}","{'center': [Decimal('160.30370768133668'), Decimal('110.70181108210151')], 'axes': [Decimal('164.21539147166524'), Decimal('164.21539147166524')], 'angle': 90.0}",0.7259322302373139,120,8281.920388,2.2129503209087824,-1.6766794631220936,"[0.4768902025882367, 0.3152566134563842]",pupil.1,1,3d c++,1581666469.321425,0.4768902025882367,0.3152566134563842
"{'center': [-0.973640604270378, 5.841243886900374, 81.06695869860094], 'normal': [-0.08483561124450323, 0.6000141414892867, -0.7954784403600427], 'radius': Decimal('2.3814189441477045')}",0.997453727609087,8428.875781,4.762837888295409,"{'center': [152.5873551272131, Decimal('164.43253869522843')], 'axes': [Decimal('27.372920823966286'), Decimal('36.432001172860566')], 'angle': -81.84421070644666}","[152.5873551272131, Decimal('164.43253869522843')]",36.432001172860566,"{'center': [Decimal('0.044386730663660674'), Decimal('-1.3589258109710656'), 90.61269998292146], 'radius': 12.0}","{'center': [Decimal('160.30370768133668'), Decimal('110.70181108210151')], 'axes': [Decimal('164.21539147166524'), Decimal('164.21539147166524')], 'angle': 90.0}",0.7264035203528585,120,8281.920388,2.2143151125669687,-1.6770420201827392,"[Decimal('0.47683548477254095'), Decimal('0.31486442210321486')]",pupil.1,1,3d c++,1581666469.329631,0.47683548477254095,0.31486442210321486
"{'center': [-0.9747791528785086, 5.838841190858812, 81.06526833408559], 'normal': [-0.08493049029518078, 0.5998139168191564, -0.7956193040696552], 'radius': Decimal('2.3825790140395573')}",0.9979185165445299,8428.884181,4.765158028079115,"{'center': [Decimal('152.57857184136674'), Decimal('164.41487467045644')], 'axes': [27.39302030133681, 36.45051101067752], 'angle': -81.83241598746484}","[Decimal('152.57857184136674'), Decimal('164.41487467045644')]",36.45051101067752,"{'center': [Decimal('0.044386730663660674'), Decimal('-1.3589258109710656'), 90.61269998292146], 'radius': 12.0}","{'center': [Decimal('160.30370768133668'), Decimal('110.70181108210151')], 'axes': [Decimal('164.21539147166524'), Decimal('164.21539147166524')], 'angle': 90.0}",0.7270459040682575,120,8281.920388,2.2140648518957198,-1.677141260409583,"[Decimal('0.47680803700427105'), 0.3149380222064315]",pupil.1,1,3d c++,1581666469.3377438,0.47680803700427105,0.3149380222064315
"{'center': [-0.9800121583035855, 5.83195817137876, 81.06064290244568], 'normal': [-0.08536657408060386, 0.5992403318624855, -0.7960047567063147], 'radius': Decimal('2.3964963162403596')}",0.997759607370743,8428.892581,4.792992632480719,"{'center': [Decimal('152.53871872813457'), Decimal('164.36200124413944')], 'axes': [27.57171989060764, Decimal('36.665580329032046')], 'angle': -81.78292841238341}","[Decimal('152.53871872813457'), Decimal('164.36200124413944')]",36.665580329032046,"{'center': [Decimal('0.044386730663660674'), Decimal('-1.3589258109710656'), 90.61269998292146], 'radius': 12.0}","{'center': [Decimal('160.30370768133668'), Decimal('110.70181108210151')], 'axes': [Decimal('164.21539147166524'), Decimal('164.21539147166524')], 'angle': 90.0}",0.7273718468816637,120,8281.920388,2.2133481881752,-1.6776317945508108,"[Decimal('0.47668349602542054'), 0.315158328149419]",pupil.1,1,3d c++,1581666469.347203,0.47668349602542054,0.315158328149419
"{'center': [-0.9894372880991478, 5.846176655613452, 81.07237994928282], 'normal': [-0.08615200156356738, 0.6004252055487098, -0.7950266694698868], 'radius': 2.38953730460361}",0.9980757085788243,8428.900981,4.77907460920722,"{'center': [Decimal('152.46777432748075'), 164.4656675456978], 'axes': [27.44445521799861, 36.55380707939714], 'angle': -81.72466288248928}","[Decimal('152.46777432748075'), 164.4656675456978]",36.55380707939714,"{'center': [Decimal('0.044386730663660674'), Decimal('-1.3589258109710656'), 90.61269998292146], 'radius': 12.0}","{'center': [Decimal('160.30370768133668'), Decimal('110.70181108210151')], 'axes': [Decimal('164.21539147166524'), Decimal('164.21539147166524')], 'angle': 90.0}",0.7280928419054034,120,8281.920388,2.2148290485287254,-1.6787387927075195,"[Decimal('0.47646179477337736'), Decimal('0.31472638522625906')]",pupil.1,1,3d c++,1581666469.3573492,0.47646179477337736,0.31472638522625906
"{'center': [-0.9824683718352938, 5.835432333561796, 81.0635230819176], 'normal': [-0.08557125854157954, 0.5995298453777385, -0.7957647417503211], 'radius': 2.417916353476791}",0.9953425944227077,8428.909381,4.835832706953582,"{'center': [Decimal('152.52088513920393'), 164.3825932766866], 'axes': [Decimal('27.806607154237376'), 36.99209776099029], 'angle': -81.76745007311352}","[Decimal('152.52088513920393'), 164.3825932766866]",36.99209776099029,"{'center': [Decimal('0.044386730663660674'), Decimal('-1.3589258109710656'), 90.61269998292146], 'radius': 12.0}","{'center': [Decimal('160.30370768133668'), Decimal('110.70181108210151')], 'axes': [Decimal('164.21539147166524'), Decimal('164.21539147166524')], 'angle': 90.0}",0.7279625064376738,120,8281.920388,2.213709871738272,-1.6779180569747576,"[0.4766277660600123, 0.3150725280138058]",pupil.1,1,3d c++,1581666469.365163,0.4766277660600123,0.3150725280138058
"{'center': [-0.977043853626544, 5.839760676178957, 81.06620364022064], 'normal': [-0.08511921535751707, 0.5998905405958352, -0.7955413618917354], 'radius': 2.413436678706669}",0.9959884904530638,8428.926181,4.826873357413338,"{'center': [Decimal('152.56229136756485'), 164.4150984035601], 'axes': [Decimal('27.744223255531676'), 36.92232389407429], 'angle': -81.81550098429794}","[Decimal('152.56229136756485'), 164.4150984035601]",36.92232389407429,"{'center': [Decimal('0.044386730663660674'), Decimal('-1.3589258109710656'), 90.61269998292146], 'radius': 12.0}","{'center': [Decimal('160.30370768133668'), Decimal('110.70181108210151')], 'axes': [Decimal('164.21539147166524'), Decimal('164.21539147166524')], 'angle': 90.0}",0.7279177022986638,120,8281.920388,2.2141606183521567,-1.6773861503354874,"[Decimal('0.47675716052364014'), Decimal('0.31493708998516623')]",pupil.1,1,3d c++,1581666469.3827012,0.47675716052364014,0.31493708998516623
"{'center': [-0.9640631166341402, 5.835413097728994, 81.06154735236166], 'normal': [-0.08403748727481675, 0.5995282423916716, -0.7959293858799836], 'radius': 2.413907069044928}",0.9666978904012464,8428.934581,4.827814138089856,"{'center': [Decimal('152.66074385067154'), Decimal('164.38428255129432')], 'axes': [27.76858450674501, 36.93163286117322], 'angle': -81.91357346908094}","[Decimal('152.66074385067154'), Decimal('164.38428255129432')]",36.93163286117322,"{'center': [Decimal('0.044386730663660674'), Decimal('-1.3589258109710656'), 90.61269998292146], 'radius': 12.0}","{'center': [Decimal('160.30370768133668'), Decimal('110.70181108210151')], 'axes': [Decimal('164.21539147166524'), Decimal('164.21539147166524')], 'angle': 90.0}",0.7282517740134775,120,8281.920388,2.213707868889447,-1.6759906790985242,"[Decimal('0.47706482453334853'), 0.315065489369607]",pupil.1,1,3d c++,1581666469.3894024,0.47706482453334853,0.315065489369607
"{'center': [-0.9694039889927004, 5.832210819922409, 81.05970137868411], 'normal': [-0.08448255997136343, 0.5992613859077895, -0.7960832170197789], 'radius': Decimal('2.4045636570195974')}",0.9767210391785008,8428.942981,4.809127314039195,"{'center': [152.6196498328541, Decimal('164.36275921284238')], 'axes': [27.66845773978228, 36.78947171173725], 'angle': -81.86748582235808}","[152.6196498328541, Decimal('164.36275921284238')]",36.78947171173725,"{'center': [Decimal('0.044386730663660674'), Decimal('-1.3589258109710656'), 90.61269998292146], 'radius': 12.0}","{'center': [Decimal('160.30370768133668'), Decimal('110.70181108210151')], 'axes': [Decimal('164.21539147166524'), Decimal('164.21539147166524')], 'angle': 90.0}",0.7285342829413288,120,8281.920388,2.213374487279455,-1.6765233856972002,"[Decimal('0.47693640572766904'), Decimal('0.31515516994649007')]",pupil.1,1,3d c++,1581666469.397164,0.47693640572766904,0.31515516994649007
"{'center': [-0.9585195861470215, 5.834749480925336, 81.06046387222672], 'normal': [-0.08357552640089018, 0.5994729409913668, -0.7960196758912278], 'radius': Decimal('2.4269575275764175')}",0.996920622912746,8428.951381,4.853915055152835,"{'center': [Decimal('152.70323412504408'), Decimal('164.37709494070887')], 'axes': [Decimal('27.923257977440286'), 37.13185751498977], 'angle': -81.95685973221948}","[Decimal('152.70323412504408'), Decimal('164.37709494070887')]",37.13185751498977,"{'center': [Decimal('0.044386730663660674'), Decimal('-1.3589258109710656'), 90.61269998292146], 'radius': 12.0}","{'center': [Decimal('160.30370768133668'), Decimal('110.70181108210151')], 'axes': [Decimal('164.21539147166524'), Decimal('164.21539147166524')], 'angle': 90.0}",0.728745747847892,120,8281.920388,2.2136387744676855,-1.6754048586726267,"[0.4771976066407627, 0.3150954377470464]",pupil.1,1,3d c++,1581666469.406824,0.4771976066407627,0.3150954377470464
"{'center': [-0.9573604714643229, 5.828308141329916, 81.05549481310739], 'normal': [-0.08347893351066529, 0.5989361626917484, -0.7964337641511725], 'radius': 2.413602941137809}",0.9976213113140117,8428.959781,4.827205882275618,"{'center': [152.7112591459863, Decimal('164.33333924490765')], 'axes': [Decimal('27.789660634287564'), 36.92972275692225], 'angle': -81.95877230371819}","[152.7112591459863, Decimal('164.33333924490765')]",36.92972275692225,"{'center': [Decimal('0.044386730663660674'), Decimal('-1.3589258109710656'), 90.61269998292146], 'radius': 12.0}","{'center': [Decimal('160.30370768133668'), Decimal('110.70181108210151')], 'axes': [Decimal('164.21539147166524'), Decimal('164.21539147166524')], 'angle': 90.0}",0.7289929240481552,120,8281.920388,2.2129683010359247,-1.6752309030859238,"[0.4772226848312072, 0.3152777531462181]",pupil.1,1,3d c++,1581666469.414606,0.4772226848312072,0.3152777531462181
"{'center': [-0.9650716090167877, 5.831392138313789, 81.05862641984682], 'normal': [-0.08412152830670404, 0.5991931624404045, -0.7961727969228862], 'radius': 2.43757485802915}",0.9961449269802839,8428.968181,4.8751497160583,"{'center': [Decimal('152.65349375398876'), Decimal('164.35027253044524')], 'axes': [Decimal('28.052982081804295'), Decimal('37.295196251689404')], 'angle': -81.9009735728993}","[Decimal('152.65349375398876'), Decimal('164.35027253044524')]",37.295196251689404,"{'center': [Decimal('0.044386730663660674'), Decimal('-1.3589258109710656'), 90.61269998292146], 'radius': 12.0}","{'center': [Decimal('160.30370768133668'), Decimal('110.70181108210151')], 'axes': [Decimal('164.21539147166524'), Decimal('164.21539147166524')], 'angle': 90.0}",0.7288641819650277,120,8281.920388,2.2132892696173556,-1.6760631470893335,"[Decimal('0.47704216798121485'), Decimal('0.31520719778981154')]",pupil.1,1,3d c++,1581666469.421519,0.47704216798121485,0.31520719778981154
"{'center': [-0.973994879699674, 5.809514133312095, 81.04314577904762], 'normal': [-0.08486513419694457, 0.59736999535693, -0.7974628503228197], 'radius': Decimal('2.4365995032714576')}",0.9966320881411432,8428.976581,4.873199006542915,"{'center': [152.5841878320784, Decimal('164.19177315305006')], 'axes': [28.10508032605222, 37.28735869706347], 'angle': -81.80480349440789}","[152.5841878320784, Decimal('164.19177315305006')]",37.28735869706347,"{'center': [Decimal('0.044386730663660674'), Decimal('-1.3589258109710656'), 90.61269998292146], 'radius': 12.0}","{'center': [Decimal('160.30370768133668'), Decimal('110.70181108210151')], 'axes': [Decimal('164.21539147166524'), Decimal('164.21539147166524')], 'angle': 90.0}",0.7291424410924341,120,8281.920388,2.2110139668184625,-1.6768162223867034,"[0.476825586975245, 0.3158676118622914]",pupil.1,1,3d c++,1581666469.429427,0.476825586975245,0.3158676118622914
"{'center': [-0.9813877271754874, 5.836270081870864, 81.06403814864984], 'normal': [-0.08548120481992902, 0.5995996577368274, -0.7957218195226348], 'radius': 2.458328461183808}",0.9961858031746308,8428.98498,4.916656922367616,"{'center': [Decimal('152.53034104746303'), Decimal('164.38032325071097')], 'axes': [28.26954685054387, 37.61033807446808], 'angle': -81.77699511449666}","[Decimal('152.53034104746303'), Decimal('164.38032325071097')]",37.61033807446808,"{'center': [Decimal('0.044386730663660674'), Decimal('-1.3589258109710656'), 90.61269998292146], 'radius': 12.0}","{'center': [Decimal('160.30370768133668'), Decimal('110.70181108210151')], 'axes': [Decimal('164.21539147166524'), Decimal('164.21539147166524')], 'angle': 90.0}",0.7289253914254168,120,8281.920388,2.2137971016136206,-1.6778119112742578,"[Decimal('0.47665731577332193'), 0.315081986455371]",pupil.1,1,3d c++,1581666469.441262,0.47665731577332193,0.315081986455371
"{'center': [-0.9863053550797329, 5.806627442729454, 81.04230185155996], 'normal': [-0.0858910071452828, 0.5971294378083766, -0.797533177613459], 'radius': 2.424944499891318}",0.9974929321913756,8428.99338,4.849888999782636,"{'center': [Decimal('152.49002067416944'), Decimal('164.17262834989566')], 'axes': [27.97392549648746, 37.1093298769785], 'angle': -81.70334828095449}","[Decimal('152.49002067416944'), Decimal('164.17262834989566')]",37.1093298769785,"{'center': [Decimal('0.044386730663660674'), Decimal('-1.3589258109710656'), 90.61269998292146], 'radius': 12.0}","{'center': [Decimal('160.30370768133668'), Decimal('110.70181108210151')], 'axes': [Decimal('164.21539147166524'), Decimal('164.21539147166524')], 'angle': 90.0}",0.7293326050505256,120,8281.920388,2.2107140404448904,-1.6780786763034647,"[0.4765313146067795, 0.3159473818754347]",pupil.1,1,3d c++,1581666469.4512582,0.4765313146067795,0.3159473818754347
"{'center': [-0.9841864356070225, 5.821146526238224, 81.05296157258459], 'normal': [-0.08571443052255694, 0.5983393614341075, -0.7966448675280713], 'radius': 2.452515783617285}",0.9973704474578164,8429.00178,4.90503156723457,"{'center': [152.5078984646003, 164.2720425391376], 'axes': [Decimal('28.248274212154584'), Decimal('37.526483877394774')], 'angle': -81.73719029737258}","[152.5078984646003, 164.2720425391376]",37.526483877394774,"{'center': [Decimal('0.044386730663660674'), Decimal('-1.3589258109710656'), 90.61269998292146], 'radius': 12.0}","{'center': [Decimal('160.30370768133668'), Decimal('110.70181108210151')], 'axes': [Decimal('164.21539147166524'), Decimal('164.21539147166524')], 'angle': 90.0}",0.7297373120031203,120,8281.920388,2.212223249236343,-1.677978277080417,"[0.4765871827018759, Decimal('0.31553315608692667')]",pupil.1,1,3d c++,1581666469.457482,0.4765871827018759,0.31553315608692667
"{'center': [-0.9688062840008107, 5.824233800253163, 81.05363842256355], 'normal': [-0.08443275122203929, 0.5985966342686857, -0.7965884633631587], 'radius': Decimal('2.4499347679295758')}",0.9964567060705148,8429.01018,4.8998695358591515,"{'center': [Decimal('152.62498858832305'), Decimal('164.29574294461727')], 'axes': [28.21582968642201, Decimal('37.486664319849154')], 'angle': -81.86308467028718}","[Decimal('152.62498858832305'), Decimal('164.29574294461727')]",37.486664319849154,"{'center': [Decimal('0.044386730663660674'), Decimal('-1.3589258109710656'), 90.61269998292146], 'radius': 12.0}","{'center': [Decimal('160.30370768133668'), Decimal('110.70181108210151')], 'axes': [Decimal('164.21539147166524'), Decimal('164.21539147166524')], 'angle': 90.0}",0.7296100465757016,120,8281.920388,2.2125443799773175,-1.6763949926000183,"[Decimal('0.47695308933850955'), 0.315434404397428]",pupil.1,1,3d c++,1581666469.465958,0.47695308933850955,0.315434404397428
"{'center': [-0.9785146488564092, 5.813454929175013, 81.0465812670494], 'normal': [-0.0852417816266725, 0.5976983950121731, -0.7971765596560042], 'radius': Decimal('2.4415362328709773')}",0.9970328038987893,8429.01858,4.883072465741955,"{'center': [Decimal('152.55020969329254'), 164.219009761692], 'axes': [28.14793672036865, 37.36135452509497], 'angle': -81.7733725050546}","[Decimal('152.55020969329254'), 164.219009761692]",37.36135452509497,"{'center': [Decimal('0.044386730663660674'), Decimal('-1.3589258109710656'), 90.61269998292146], 'radius': 12.0}","{'center': [Decimal('160.30370768133668'), Decimal('110.70181108210151')], 'axes': [Decimal('164.21539147166524'), Decimal('164.21539147166524')], 'angle': 90.0}",0.7295298478716794,120,8281.920388,2.2114235226609638,-1.677321171471693,"[0.4767194052915392, Decimal('0.31575412599294994')]",pupil.1,1,3d c++,1581666469.473506,0.4767194052915392,0.31575412599294994
"{'center': [-0.9810400538489776, 5.829575096130931, 81.05895963590564], 'normal': [-0.08545223204271987, 0.5990417422584997, -0.7961450289179844], 'radius': 2.448804170785943}",0.9974975887163383,8429.02698,4.897608341571886,"{'center': [Decimal('152.53226676939005'), Decimal('164.33393265997844')], 'axes': [Decimal('28.180838279908272'), Decimal('37.466912210260276')], 'angle': -81.77199895974293}","[Decimal('152.53226676939005'), Decimal('164.33393265997844')]",37.466912210260276,"{'center': [Decimal('0.044386730663660674'), Decimal('-1.3589258109710656'), 90.61269998292146], 'radius': 12.0}","{'center': [Decimal('160.30370768133668'), Decimal('110.70181108210151')], 'axes': [Decimal('164.21539147166524'), Decimal('164.21539147166524')], 'angle': 90.0}",0.7298843383496179,120,8281.920388,2.2131001506843697,-1.677719480911039,"[0.4766633336543439, Decimal('0.31527528058342313')]",pupil.1,1,3d c++,1581666469.482295,0.4766633336543439,0.31527528058342313
"{'center': [-0.9745547301181554, 5.821374770546206, 81.05210157808494], 'normal': [-0.08491178839848468, 0.598358381793106, -0.7967165337363764], 'radius': Decimal('2.4461358901010395')}",0.9976512759660076,8429.03538,4.892271780202079,"{'center': [Decimal('152.58097518580078'), Decimal('164.27554827596845')], 'axes': [Decimal('28.178332004298863'), 37.4292252376516], 'angle': -81.81406536557594}","[Decimal('152.58097518580078'), Decimal('164.27554827596845')]",37.4292252376516,"{'center': [Decimal('0.044386730663660674'), Decimal('-1.3589258109710656'), 90.61269998292146], 'radius': 12.0}","{'center': [Decimal('160.30370768133668'), Decimal('110.70181108210151')], 'axes': [Decimal('164.21539147166524'), Decimal('164.21539147166524')], 'angle': 90.0}",0.7303088600210006,120,8281.920388,2.212246988017931,-1.6769726927231912,"[Decimal('0.47681554745562743'), 0.3155185488501314]",pupil.1,1,3d c++,1581666469.490405,0.47681554745562743,0.3155185488501314
"{'center': [-0.9830607090873467, 5.807938811938387, 81.0429349264826], 'normal': [-0.08562061997925062, 0.5972387185757877, -0.7974804213699042], 'radius': 2.443427904495223}",0.9976101580058606,8429.04378,4.886855808990446,"{'center': [Decimal('152.51532960790533'), 164.1784665265821], 'axes': [Decimal('28.184707874314245'), Decimal('37.391986538733946')], 'angle': -81.73073410742909}","[Decimal('152.51532960790533'), 164.1784665265821]",37.391986538733946,"{'center': [Decimal('0.044386730663660674'), Decimal('-1.3589258109710656'), 90.61269998292146], 'radius': 12.0}","{'center': [Decimal('160.30370768133668'), Decimal('110.70181108210151')], 'axes': [Decimal('164.21539147166524'), Decimal('164.21539147166524')], 'angle': 90.0}",0.7303597873902223,120,8281.920388,2.2108502830492367,-1.6777505430853452,"[Decimal('0.47661040502470414'), 0.3159230561392412]",pupil.1,1,3d c++,1581666469.4975226,0.47661040502470414,0.3159230561392412
"{'center': [-0.9822979211370346, Decimal('5.7995066684150185'), 81.03654401803516], 'normal': [-0.08555705431672461, 0.5965360399488403, -0.7980129970738575], 'radius': Decimal('2.4360537939799776')}",0.9975046129006541,8429.05218,4.872107587959955,"{'center': [Decimal('152.52036566081986'), 164.1190298207383], 'axes': [Decimal('28.125769023012133'), 37.28202941890334], 'angle': -81.72695163044781}","[Decimal('152.52036566081986'), 164.1190298207383]",37.28202941890334,"{'center': [Decimal('0.044386730663660674'), Decimal('-1.3589258109710656'), 90.61269998292146], 'radius': 12.0}","{'center': [Decimal('160.30370768133668'), Decimal('110.70181108210151')], 'axes': [Decimal('164.21539147166524'), Decimal('164.21539147166524')], 'angle': 90.0}",0.7304505013007279,120,8281.920388,2.209974480028095,-1.677600957774421,"[0.4766261426900621, Decimal('0.31617070908025713')]",pupil.1,1,3d c++,1581666469.505366,0.4766261426900621,0.31617070908025713
"{'center': [-0.9875473045207903, 5.812527244747268, 81.04685588965629], 'normal': [-0.08599450293203759, 0.5976210879765278, -0.7971536744387641], 'radius': Decimal('2.4502824967599466')}",0.9976532810077849,8429.06058,4.900564993519893,"{'center': [Decimal('152.48170853482446'), Decimal('164.20998603395597')], 'axes': [Decimal('28.247653432068606'), 37.49511259092036], 'angle': -81.7003731463955}","[Decimal('152.48170853482446'), Decimal('164.20998603395597')]",37.49511259092036,"{'center': [Decimal('0.044386730663660674'), Decimal('-1.3589258109710656'), 90.61269998292146], 'radius': 12.0}","{'center': [Decimal('160.30370768133668'), Decimal('110.70181108210151')], 'axes': [Decimal('164.21539147166524'), Decimal('164.21539147166524')], 'angle': 90.0}",0.7307338516657991,120,8281.920388,2.2113270997741514,-1.6782576991547702,"[0.4765053391713264, 0.3157917248585168]",pupil.1,1,3d c++,1581666469.513081,0.4765053391713264,0.3157917248585168
"{'center': [-0.9871507277842919, 5.804382893518699, 81.04071278715067], 'normal': [-0.08596145487066273, 0.5969423920408138, -0.7976655996475656], 'radius': 2.450176635157481}",0.997218499954365,8429.06898,4.900353270314962,"{'center': [152.4841886880778, 164.1511126781014], 'axes': [Decimal('28.271733500141337'), 37.49632128310811], 'angle': -81.6939755754625}","[152.4841886880778, 164.1511126781014]",37.49632128310811,"{'center': [Decimal('0.044386730663660674'), Decimal('-1.3589258109710656'), 90.61269998292146], 'radius': 12.0}","{'center': [Decimal('160.30370768133668'), Decimal('110.70181108210151')], 'axes': [Decimal('164.21539147166524'), Decimal('164.21539147166524')], 'angle': 90.0}",0.7309127762819112,120,8281.920388,2.2104808786572314,-1.6781483067422553,"[Decimal('0.47651308965024314'), Decimal('0.31603703050791077')]",pupil.1,1,3d c++,1581666469.5254278,0.47651308965024314,0.31603703050791077
"{'center': [-0.9928299266987142, 5.793810898049105, 81.03342343523137], 'normal': [-0.08643472144686458, 0.5960613924183475, -0.7982730456408407], 'radius': Decimal('2.4401054263918245')}",0.9972275045952157,8429.07738,4.880210852783649,"{'center': [Decimal('152.43999885428173'), Decimal('164.07639521867225')], 'axes': [28.18531939324513, Decimal('37.345490179171286')], 'angle': -81.63621791241452}","[Decimal('152.43999885428173'), Decimal('164.07639521867225')]",37.345490179171286,"{'center': [Decimal('0.044386730663660674'), Decimal('-1.3589258109710656'), 90.61269998292146], 'radius': 12.0}","{'center': [Decimal('160.30370768133668'), Decimal('110.70181108210151')], 'axes': [Decimal('164.21539147166524'), Decimal('164.21539147166524')], 'angle': 90.0}",0.7311713948532694,120,8281.920388,2.209383212409546,-1.6786532727027834,"[0.4763749964196304, Decimal('0.31634835325553234')]",pupil.1,1,3d c++,1581666469.533391,0.4763749964196304,0.31634835325553234
"{'center': [-0.9767667643465454, 5.799111505469746, 81.03565726003099], 'normal': [-0.08509612458418384, 0.5965031097034009, -0.7980868935742057], 'radius': 2.446118054678174}",0.9976137206801589,8429.08578,4.892236109356348,"{'center': [152.5627098044696, 164.114381612526], 'axes': [28.24572355142406, 37.43651353857479], 'angle': -81.77061675157906}","[152.5627098044696, 164.114381612526]",37.43651353857479,"{'center': [Decimal('0.044386730663660674'), Decimal('-1.3589258109710656'), 90.61269998292146], 'radius': 12.0}","{'center': [Decimal('160.30370768133668'), Decimal('110.70181108210151')], 'axes': [Decimal('164.21539147166524'), Decimal('164.21539147166524')], 'angle': 90.0}",0.7316219905120547,120,8281.920388,2.209933450491777,-1.6770201273103371,"[0.4767584681389675, Decimal('0.31619007661447507')]",pupil.1,1,3d c++,1581666469.5416286,0.4767584681389675,0.31619007661447507
"{'center': [-0.9904857160678262, 5.78816379060265, 81.02895597308517], 'normal': [-0.08623937056095723, 0.595590800131143, -0.7986453341530237], 'radius': 2.441900664094148}",0.9981806589017401,8429.09418,4.883801328188296,"{'center': [152.4575145271586, Decimal('164.03527895393546')], 'axes': [Decimal('28.224429365612888'), 37.37502601587441], 'angle': -81.64824637080528}","[152.4575145271586, Decimal('164.03527895393546')]",37.37502601587441,"{'center': [Decimal('0.044386730663660674'), Decimal('-1.3589258109710656'), 90.61269998292146], 'radius': 12.0}","{'center': [Decimal('160.30370768133668'), Decimal('110.70181108210151')], 'axes': [Decimal('164.21539147166524'), Decimal('164.21539147166524')], 'angle': 90.0}",0.7319065732908303,120,8281.920388,2.2087972524968804,-1.6783616066789262,"[0.4764297328973706, 0.3165196710252689]",pupil.1,1,3d c++,1581666469.550679,0.4764297328973706,0.3165196710252689
"{'center': [-0.9951996723687235, 5.794804985238899, 81.03442269491254], 'normal': [-0.08663220025269869, 0.5961442330174971, -0.7981897740007426], 'radius': 2.437295926269086}",0.9974708457290816,8429.10258,4.874591852538172,"{'center': [Decimal('152.42195453345127'), Decimal('164.08404146675412')], 'axes': [28.1487364947152, Decimal('37.302019430421964')], 'angle': -81.61848905790062}","[Decimal('152.42195453345127'), Decimal('164.08404146675412')]",37.302019430421964,"{'center': [Decimal('0.044386730663660674'), Decimal('-1.3589258109710656'), 90.61269998292146], 'radius': 12.0}","{'center': [Decimal('160.30370768133668'), Decimal('110.70181108210151')], 'axes': [Decimal('164.21539147166524'), Decimal('164.21539147166524')], 'angle': 90.0}",0.7321919026009205,120,8281.920388,2.209486388100495,-1.678908972147703,"[Decimal('0.47631860791703523'), Decimal('0.31631649388852456')]",pupil.1,1,3d c++,1581666469.5594609,0.47631860791703523,0.31631649388852456
"{'center': [-0.9860861283570259, 5.785754888467828, 81.02668603603576], 'normal': [-0.0858727382517239, 0.5953900582865744, -0.798834495573808], 'radius': Decimal('2.4437669706381593')}",0.9973856194234959,8429.11098,4.887533941276319,"{'center': [Decimal('152.49088160401809'), 164.0176946243527], 'axes': [28.25537127160474, 37.40464308616405], 'angle': -81.6805469676127}","[Decimal('152.49088160401809'), 164.0176946243527]",37.40464308616405,"{'center': [Decimal('0.044386730663660674'), Decimal('-1.3589258109710656'), 90.61269998292146], 'radius': 12.0}","{'center': [Decimal('160.30370768133668'), Decimal('110.70181108210151')], 'axes': [Decimal('164.21539147166524'), Decimal('164.21539147166524')], 'angle': 90.0}",0.7321463718326648,120,8281.920388,2.2085473754233615,-1.6778826376575169,"[0.4765340050125565, Decimal('0.31659293906519703')]",pupil.1,1,3d c++,1581666469.565808,0.4765340050125565,0.31659293906519703
"{'center': [-0.9777574528306174, 5.801544946410804, 81.03758223947683], 'normal': [-0.08517868195785651, 0.5967058964484891, -0.7979264786203848], 'radius': 2.447374867330443}",0.9965377272664231,8429.119379,4.894749734660886,"{'center': [Decimal('152.55536835461066'), 164.1316746737139], 'axes': [Decimal('28.252319040595463'), 37.45486918000546], 'angle': -81.76554823661057}","[Decimal('152.55536835461066'), 164.1316746737139]",37.45486918000546,"{'center': [Decimal('0.044386730663660674'), Decimal('-1.3589258109710656'), 90.61269998292146], 'radius': 12.0}","{'center': [Decimal('160.30370768133668'), Decimal('110.70181108210151')], 'axes': [Decimal('164.21539147166524'), Decimal('164.21539147166524')], 'angle': 90.0}",0.7318932029097835,120,8281.920388,2.210186133110804,-1.677143622439546,"[Decimal('0.47673552610815834'), 0.3161180221928588]",pupil.1,1,3d c++,1581666469.574118,0.47673552610815834,0.3161180221928588
"{'center': [-0.9917094688308385, 5.791601331802549, 81.03165274131729], 'normal': [-0.08634134995787494, 0.5958772618978012, -0.7984206034670142], 'radius': 2.427101027654719}",0.9972854656512262,8429.127779,4.854202055309438,"{'center': [Decimal('152.44799132768406'), 164.063155590379], 'axes': [Decimal('28.042242943571363'), 37.14720256276156], 'angle': -81.64254512503634}","[Decimal('152.44799132768406'), 164.063155590379]",37.14720256276156,"{'center': [Decimal('0.044386730663660674'), Decimal('-1.3589258109710656'), 90.61269998292146], 'radius': 12.0}","{'center': [Decimal('160.30370768133668'), Decimal('110.70181108210151')], 'axes': [Decimal('164.21539147166524'), Decimal('164.21539147166524')], 'angle': 90.0}",0.7320488939381864,120,8281.920388,2.209153911200384,-1.6785179016081873,"[0.4763999728990127, Decimal('0.31640351837342073')]",pupil.1,1,3d c++,1581666469.5835464,0.4763999728990127,0.31640351837342073
"{'center': [-0.9776115732302106, Decimal('5.8046598053696306'), 81.03989681017238], 'normal': [-0.08516652532448929, 0.5969654680283913, -0.7977335977290895], 'radius': Decimal('2.4403227765163895')}",0.997340450999097,8429.136179,4.880645553032779,"{'center': [152.5564726438122, 164.1556855866539], 'axes': [Decimal('28.161361561823572'), Decimal('37.345845779948085')], 'angle': -81.77033933932925}","[152.5564726438122, 164.1556855866539]",37.345845779948085,"{'center': [Decimal('0.044386730663660674'), Decimal('-1.3589258109710656'), 90.61269998292146], 'radius': 12.0}","{'center': [Decimal('160.30370768133668'), Decimal('110.70181108210151')], 'axes': [Decimal('164.21539147166524'), Decimal('164.21539147166524')], 'angle': 90.0}",0.7321988080814967,120,8281.920388,2.210509641827846,-1.6771540750256522,"[Decimal('0.47673897701191315'), 0.3160179767222754]",pupil.1,1,3d c++,1581666469.5895288,0.47673897701191315,0.3160179767222754
"{'center': [Decimal('-1.0016235608232842'), 5.805439314060197, 81.0430743462866], 'normal': [-0.08716752429057874, 0.5970304270859386, -0.7974688030529051], 'radius': Decimal('2.4431304894898713')}",0.9832097587576654,8429.144579,4.886260978979743,"{'center': [Decimal('152.37397076989737'), Decimal('164.15942290070797')], 'axes': [28.18059185693295, 37.38737216767937], 'angle': -81.5799214679848}","[Decimal('152.37397076989737'), Decimal('164.15942290070797')]",37.38737216767937,"{'center': [Decimal('0.044386730663660674'), Decimal('-1.3589258109710656'), 90.61269998292146], 'radius': 12.0}","{'center': [Decimal('160.30370768133668'), Decimal('110.70181108210151')], 'axes': [Decimal('164.21539147166524'), Decimal('164.21539147166524')], 'angle': 90.0}",0.7323601508772648,120,8281.920388,2.210590613649094,-1.6796693545981218,"[0.4761686586559293, 0.3160024045803834]",pupil.1,1,3d c++,1581666469.59727,0.4761686586559293,0.3160024045803834
"{'center': [-0.984213142509027, 5.804433721141033, 81.04043470689572], 'normal': [-0.08571665609772398, 0.5969466276760081, -0.7976887730021439], 'radius': Decimal('2.4372408446856344')}",0.9914014408869365,8429.152979,4.874481689371269,"{'center': [Decimal('152.50615318463238'), 164.1543294287174], 'axes': [Decimal('28.123530064910685'), 37.29841987859444], 'angle': -81.7174496035796}","[Decimal('152.50615318463238'), 164.1543294287174]",37.29841987859444,"{'center': [Decimal('0.044386730663660674'), Decimal('-1.3589258109710656'), 90.61269998292146], 'radius': 12.0}","{'center': [Decimal('160.30370768133668'), Decimal('110.70181108210151')], 'axes': [Decimal('164.21539147166524'), Decimal('164.21539147166524')], 'angle': 90.0}",0.7325209392035625,120,8281.920388,2.2104861581380315,-1.677841839942239,"[0.4765817287019762, 0.3160236273803442]",pupil.1,1,3d c++,1581666469.610252,0.4765817287019762,0.3160236273803442
"{'center': [-0.9877904782879845, 5.802963320999538, 81.03971955514024], 'normal': [-0.08601476741263711, 0.5968240943308837, -0.7977483689817676], 'radius': 2.43665060925849}",0.9962807375991474,8429.161379,4.87330121851698,"{'center': [152.4788291638135, Decimal('164.14361727010206')], 'axes': [Decimal('28.119623111585515'), 37.28971228889495], 'angle': -81.68720924289258}","[152.4788291638135, Decimal('164.14361727010206')]",37.28971228889495,"{'center': [Decimal('0.044386730663660674'), Decimal('-1.3589258109710656'), 90.61269998292146], 'radius': 12.0}","{'center': [Decimal('160.30370768133668'), Decimal('110.70181108210151')], 'axes': [Decimal('164.21539147166524'), Decimal('164.21539147166524')], 'angle': 90.0}",0.7323086194370165,120,8281.920388,2.2103334355987956,-1.6782033151885385,"[Decimal('0.47649634113691713'), 0.3160682613745748]",pupil.1,1,3d c++,1581666469.6176386,0.47649634113691713,0.3160682613745748
"{'center': [-1.008669603290336, 5.798290689839687, 81.03849900748536], 'normal': [-0.08775469449616638, 0.5964347084008961, -0.7978500812863419], 'radius': Decimal('2.4317663729768486')}",0.9975680727703151,8429.169779,4.863532745953697,"{'center': [Decimal('152.31956155591314'), 164.1096621995514], 'axes': [28.06808564731402, 37.21550187519034], 'angle': -81.51524570609827}","[Decimal('152.31956155591314'), 164.1096621995514]",37.21550187519034,"{'center': [Decimal('0.044386730663660674'), Decimal('-1.3589258109710656'), 90.61269998292146], 'radius': 12.0}","{'center': [Decimal('160.30370768133668'), Decimal('110.70181108210151')], 'axes': [Decimal('164.21539147166524'), Decimal('164.21539147166524')], 'angle': 90.0}",0.7324689809259377,120,8281.920388,2.2098482296855138,-1.680344937888943,"[0.4759986298622286, 0.3162097408352025]",pupil.1,1,3d c++,1581666469.625804,0.4759986298622286,0.3162097408352025
"{'center': [-0.9972310919921623, 5.802115159982326, 81.0401076211914], 'normal': [-0.08680148522131859, 0.5967534142461159, -0.7977160301441716], 'radius': 2.422680701036316}",0.9966853876557011,8429.178179,4.845361402072632,"{'center': [Decimal('152.40655016354967'), Decimal('164.13984627441278')], 'axes': [Decimal('27.956665080828028'), Decimal('37.075676165221026')], 'angle': -81.61096571129958}","[Decimal('152.40655016354967'), Decimal('164.13984627441278')]",37.075676165221026,"{'center': [Decimal('0.044386730663660674'), Decimal('-1.3589258109710656'), 90.61269998292146], 'radius': 12.0}","{'center': [Decimal('160.30370768133668'), Decimal('110.70181108210151')], 'axes': [Decimal('164.21539147166524'), Decimal('164.21539147166524')], 'angle': 90.0}",0.7323845525341044,120,8281.920388,2.2102453495740058,-1.6791824116308038,"[Decimal('0.47627046926109273'), Decimal('0.31608397385661346')]",pupil.1,1,3d c++,1581666469.633952,0.47627046926109273,0.31608397385661346
"{'center': [-0.9827581654978121, Decimal('5.8233631794188785'), 81.05447325298809], 'normal': [-0.08559540801345607, 0.5985240825324953, -0.7965188941611145], 'radius': Decimal('2.4407140744689184')}",0.9968566194714119,8429.186579,4.881428148937837,"{'center': [Decimal('152.51855734001197'), Decimal('164.29060659964975')], 'axes': [Decimal('28.106060336174767'), 37.34514976915475], 'angle': -81.75112957891278}","[Decimal('152.51855734001197'), Decimal('164.29060659964975')]",37.34514976915475,"{'center': [Decimal('0.044386730663660674'), Decimal('-1.3589258109710656'), 90.61269998292146], 'radius': 12.0}","{'center': [Decimal('160.30370768133668'), Decimal('110.70181108210151')], 'axes': [Decimal('164.21539147166524'), Decimal('164.21539147166524')], 'angle': 90.0}",0.7327756373418426,120,8281.920388,2.2124538123140844,-1.6778473787707258,"[0.4766204916875374, 0.3154558058347927]",pupil.1,1,3d c++,1581666469.642087,0.4766204916875374,0.3154558058347927
"{'center': [Decimal('-1.0057101729740785'), 5.802563525847295, 81.04136951262595], 'normal': [-0.08750807530314493, 0.5967907780681967, -0.7976108725246263], 'radius': 2.427651527138224}",0.9974397100256156,8429.194979,4.855303054276448,"{'center': [Decimal('152.34223315998364'), 164.1415940346578], 'axes': [28.00886313351729, 37.15119763222685], 'angle': -81.54394340529373}","[Decimal('152.34223315998364'), 164.1415940346578]",37.15119763222685,"{'center': [Decimal('0.044386730663660674'), Decimal('-1.3589258109710656'), 90.61269998292146], 'radius': 12.0}","{'center': [Decimal('160.30370768133668'), Decimal('110.70181108210151')], 'axes': [Decimal('164.21539147166524'), Decimal('164.21539147166524')], 'angle': 90.0}",0.7328314376534251,120,8281.920388,2.2102919140305968,-1.6800720202753945,"[Decimal('0.47606947862494886'), Decimal('0.31607669152225915')]",pupil.1,1,3d c++,1581666469.649533,0.47606947862494886,0.31607669152225915
"{'center': [Decimal('-1.0039068946290783'), 5.802772579568103, 81.04132826105634], 'normal': [-0.08735780210772826, 0.5968081992115973, -0.7976143101554268], 'radius': Decimal('2.4236487494902477')}",0.9971472306603811,8429.203379,4.847297498980495,"{'center': [Decimal('152.35584356923883'), Decimal('164.14403256782435')], 'axes': [Decimal('27.962830163089954'), 37.08994032294085], 'angle': -81.55855810338674}","[Decimal('152.35584356923883'), Decimal('164.14403256782435')]",37.08994032294085,"{'center': [Decimal('0.044386730663660674'), Decimal('-1.3589258109710656'), 90.61269998292146], 'radius': 12.0}","{'center': [Decimal('160.30370768133668'), Decimal('110.70181108210151')], 'axes': [Decimal('164.21539147166524'), Decimal('164.21539147166524')], 'angle': 90.0}",0.7329099748815682,120,8281.920388,2.2103136255854463,-1.679885386712848,"[Decimal('0.47611201115387136'), Decimal('0.31606653096739856')]",pupil.1,1,3d c++,1581666469.657072,0.47611201115387136,0.31606653096739856
"{'center': [-1.007728617257183, 5.81371436102094, 81.04994482251942], 'normal': [-0.08767627899340365, 0.5977200143326672, -0.7968962633668368], 'radius': 2.436706272257329}",0.9964677777954432,8429.211779,4.873412544514658,"{'center': [152.3278981588889, Decimal('164.22027401428167')], 'axes': [Decimal('28.078269649873118'), Decimal('37.285883649891474')], 'angle': -81.54119942398499}","[152.3278981588889, Decimal('164.22027401428167')]",37.285883649891474,"{'center': [Decimal('0.044386730663660674'), Decimal('-1.3589258109710656'), 90.61269998292146], 'radius': 12.0}","{'center': [Decimal('160.30370768133668'), Decimal('110.70181108210151')], 'axes': [Decimal('164.21539147166524'), Decimal('164.21539147166524')], 'angle': 90.0}",0.733210712703225,120,8281.920388,2.211450489070342,-1.6803777867757534,"[0.4760246817465278, Decimal('0.31574885827382637')]",pupil.1,1,3d c++,1581666469.6660962,0.4760246817465278,0.31574885827382637
"{'center': [-0.9980324391232283, 5.806581920128737, 81.04353799087588], 'normal': [-0.08686826414890741, 0.5971256442583169, -0.7974301660037985], 'radius': 2.432236563635901}",0.9965918711468853,8429.220179,4.864473127271802,"{'center': [Decimal('152.40103426812598'), Decimal('164.17014636991718')], 'axes': [Decimal('28.052977922244075'), 37.22039448647122], 'angle': -81.60987879431751}","[Decimal('152.40103426812598'), Decimal('164.17014636991718')]",37.22039448647122,"{'center': [Decimal('0.044386730663660674'), Decimal('-1.3589258109710656'), 90.61269998292146], 'radius': 12.0}","{'center': [Decimal('160.30370768133668'), Decimal('110.70181108210151')], 'axes': [Decimal('164.21539147166524'), Decimal('164.21539147166524')], 'angle': 90.0}",0.7330056919488848,120,8281.920388,2.2107093111953495,-1.6793037236185138,"[0.4762532320878937, Decimal('0.31595772345867845')]",pupil.1,1,3d c++,1581666469.673385,0.4762532320878937,0.31595772345867845
"{'center': [-0.9954541144301652, 5.823454814743533, 81.05591498145606], 'normal': [-0.08665340375781883, 0.5985317188095499, -0.7963987501221171], 'radius': 2.413817672878802}",0.9980715883540637,8429.228579,4.827635345757604,"{'center': [152.4212170191876, Decimal('164.29612207482916')], 'axes': [Decimal('27.790211884675397'), 36.9328237529422], 'angle': -81.65032634507672}","[152.4212170191876, Decimal('164.29612207482916')]",36.9328237529422,"{'center': [Decimal('0.044386730663660674'), Decimal('-1.3589258109710656'), 90.61269998292146], 'radius': 12.0}","{'center': [Decimal('160.30370768133668'), Decimal('110.70181108210151')], 'axes': [Decimal('164.21539147166524'), Decimal('164.21539147166524')], 'angle': 90.0}",0.7333286949789186,120,8281.920388,2.212463344530238,-1.6791765233808078,"[0.4763163031849612, 0.3154328246882119]",pupil.1,1,3d c++,1581666469.682197,0.4763163031849612,0.3154328246882119
"{'center': [-0.9944778099589573, 5.80268199891601, 81.04023248265793], 'normal': [-0.08657204505188483, 0.596800650823923, -0.7977056250219603], 'radius': Decimal('2.4060749095972755')}",0.9975976936430798,8429.236979,4.812149819194551,"{'center': [152.4270413443151, Decimal('164.14750872049405')], 'axes': [Decimal('27.764429462286397'), 36.82140956257604], 'angle': -81.63357977690791}","[152.4270413443151, Decimal('164.14750872049405')]",36.82140956257604,"{'center': [Decimal('0.044386730663660674'), Decimal('-1.3589258109710656'), 90.61269998292146], 'radius': 12.0}","{'center': [Decimal('160.30370768133668'), Decimal('110.70181108210151')], 'axes': [Decimal('164.21539147166524'), Decimal('164.21539147166524')], 'angle': 90.0}",0.7336259459630123,120,8281.920388,2.2103042181671637,-1.6788995462200749,"[0.4763345042009847, 0.3160520469979414]",pupil.1,1,3d c++,1581666469.693849,0.4763345042009847,0.3160520469979414
"{'center': [-0.9840577710856493, 5.816669696115079, 81.04958694241489], 'normal': [-0.08570370847910916, 0.5979662922571787, -0.7969260867088805], 'radius': Decimal('2.4134715097224824')}",0.9975083389985504,8429.245378,4.826943019444965,"{'center': [152.5074383767829, Decimal('164.24775411009105')], 'axes': [Decimal('27.811951380469953'), 36.93039450739452], 'angle': -81.73299460056472}","[152.5074383767829, Decimal('164.24775411009105')]",36.93039450739452,"{'center': [Decimal('0.044386730663660674'), Decimal('-1.3589258109710656'), 90.61269998292146], 'radius': 12.0}","{'center': [Decimal('160.30370768133668'), Decimal('110.70181108210151')], 'axes': [Decimal('164.21539147166524'), Decimal('164.21539147166524')], 'angle': 90.0}",0.7335754678200024,120,8281.920388,2.211757716992041,-1.67792744317232,"[Decimal('0.47658574492744654'), 0.3156343578746206]",pupil.1,1,3d c++,1581666469.70357,0.47658574492744654,0.3156343578746206
"{'center': [-0.9922305873360977, 5.825203668608502, 81.05687934015828], 'normal': [-0.08638477649997987, 0.5986774566316306, -0.7963183868969311], 'radius': Decimal('2.3878211018292697')}",0.9971699500962709,8429.253778,4.775642203658539,"{'center': [Decimal('152.44509102855108'), Decimal('164.31425603657908')], 'axes': [27.4868733258295, Decimal('36.534500784464015')], 'angle': -81.67799712742537}","[Decimal('152.44509102855108'), Decimal('164.31425603657908')]",36.534500784464015,"{'center': [Decimal('0.044386730663660674'), Decimal('-1.3589258109710656'), 90.61269998292146], 'radius': 12.0}","{'center': [Decimal('160.30370768133668'), Decimal('110.70181108210151')], 'axes': [Decimal('164.21539147166524'), Decimal('164.21539147166524')], 'angle': 90.0}",0.7337102662204997,120,8281.920388,2.2126452792335924,-1.6788539746394073,"[Decimal('0.47639090946422213'), 0.3153572665142538]",pupil.1,1,3d c++,1581666469.7097359,0.47639090946422213,0.3153572665142538
"{'center': [-0.989810788987866, 5.819627455230545, 81.0524275759943], 'normal': [-0.08618312663762723, 0.5982127721834676, -0.7966893672439298], 'radius': Decimal('2.4016656500006186')}",0.9983400746817911,8429.262178,4.803331300001237,"{'center': [152.4635303180395, Decimal('164.27124625788144')], 'axes': [27.66432063566166, 36.74840427607129], 'angle': -81.69069086228026}","[152.4635303180395, Decimal('164.27124625788144')]",36.74840427607129,"{'center': [Decimal('0.044386730663660674'), Decimal('-1.3589258109710656'), 90.61269998292146], 'radius': 12.0}","{'center': [Decimal('160.30370768133668'), Decimal('110.70181108210151')], 'axes': [Decimal('164.21539147166524'), Decimal('164.21539147166524')], 'angle': 90.0}",0.7342659684967168,120,8281.920388,2.2120652674285926,-1.6785538725131277,"[0.4764485322438734, 0.315536473925494]",pupil.1,1,3d c++,1581666469.7172294,0.4764485322438734,0.315536473925494
"{'center': [-0.9957443450451215, 5.821478684605068, 81.05446172342745], 'normal': [-0.08667758964239852, 0.5983670412980111, -0.7965198549578335], 'radius': Decimal('2.3852641322828756')}",0.9976128642649481,8429.270578,4.770528264565751,"{'center': [Decimal('152.41804337626198'), Decimal('164.28764372731217')], 'axes': [Decimal('27.467088241027707'), 36.49645019683005], 'angle': -81.64569426517468}","[Decimal('152.41804337626198'), Decimal('164.28764372731217')]",36.49645019683005,"{'center': [Decimal('0.044386730663660674'), Decimal('-1.3589258109710656'), 90.61269998292146], 'radius': 12.0}","{'center': [Decimal('160.30370768133668'), Decimal('110.70181108210151')], 'axes': [Decimal('164.21539147166524'), Decimal('164.21539147166524')], 'angle': 90.0}",0.7345364181887026,120,8281.920388,2.212257795844816,-1.679190182878052,"[Decimal('0.47630638555081867'), 0.3154681511361993]",pupil.1,1,3d c++,1581666469.726571,0.47630638555081867,0.3154681511361993
"{'center': [-0.9828857603714274, 5.818374738098603, 81.05074055728662], 'normal': [-0.08560604091959068, 0.598108379089139, -0.796829952136236], 'radius': 2.374256838728915}",0.9975980950267629,8429.278978,4.74851367745783,"{'center': [152.5153334460201, Decimal('164.26813574378386')], 'axes': [27.35517471536887, Decimal('36.329635927771946')], 'angle': -81.74431092952769}","[152.5153334460201, Decimal('164.26813574378386')]",36.329635927771946,"{'center': [Decimal('0.044386730663660674'), Decimal('-1.3589258109710656'), 90.61269998292146], 'radius': 12.0}","{'center': [Decimal('160.30370768133668'), Decimal('110.70181108210151')], 'axes': [Decimal('164.21539147166524'), Decimal('164.21539147166524')], 'angle': 90.0}",0.7345967473918691,120,8281.920388,2.2119350001640585,-1.6778190994466702,"[0.4766104170188128, Decimal('0.31554943440090055')]",pupil.1,1,3d c++,1581666469.734084,0.4766104170188128,0.31554943440090055
"{'center': [-0.9936490370942288, Decimal('5.8068586179639645'), 81.04326869036872], 'normal': [-0.08650298064649078, 0.5971487024112525, -0.7974526077127281], 'radius': Decimal('2.3876588125845313')}",0.9972081989870962,8429.287378,4.7753176251690626,"{'center': [Decimal('152.43308338301546'), Decimal('164.18152577813095')], 'axes': [Decimal('27.539604480036594'), Decimal('36.538126022661494')], 'angle': -81.64512061182914}","[Decimal('152.43308338301546'), Decimal('164.18152577813095')]",36.538126022661494,"{'center': [Decimal('0.044386730663660674'), Decimal('-1.3589258109710656'), 90.61269998292146], 'radius': 12.0}","{'center': [Decimal('160.30370768133668'), Decimal('110.70181108210151')], 'axes': [Decimal('164.21539147166524'), Decimal('164.21539147166524')], 'angle': 90.0}",0.7346487271965296,120,8281.920388,2.210738057022419,-1.6788479804229037,"[0.4763533855719233, Decimal('0.31591030925778774')]",pupil.1,1,3d c++,1581666469.7413461,0.4763533855719233,0.31591030925778774
"{'center': [-0.9910229631780028, Decimal('5.8191644344149775'), 81.0522111253895], 'normal': [-0.08628414115347195, 0.5981741871155036, -0.7967074047943286], 'radius': 2.393391573216354}",0.9976488123358298,8429.295778,4.786783146432708,"{'center': [Decimal('152.45403894139218'), Decimal('164.26951797779793')], 'axes': [Decimal('27.569815722258713'), 36.62185797141946], 'angle': -81.68050860809309}","[Decimal('152.45403894139218'), Decimal('164.26951797779793')]",36.62185797141946,"{'center': [Decimal('0.044386730663660674'), Decimal('-1.3589258109710656'), 90.61269998292146], 'radius': 12.0}","{'center': [Decimal('160.30370768133668'), Decimal('110.70181108210151')], 'axes': [Decimal('164.21539147166524'), Decimal('164.21539147166524')], 'angle': 90.0}",0.7346070754463141,120,8281.920388,2.212017117449552,-1.6786767735003836,"[0.4764188716918506, 0.3155436750925086]",pupil.1,1,3d c++,1581666469.750072,0.4764188716918506,0.3155436750925086
"{'center': [-0.9840256886113365, 5.789951540338397, 81.02959398790003], 'normal': [-0.08570103493958312, 0.5957397792757886, -0.7985921662517853], 'radius': Decimal('2.3756897201961467')}",0.9984338045254902,8429.304178,4.751379440392293,"{'center': [Decimal('152.50484347688536'), Decimal('164.06213084927884')], 'axes': [Decimal('27.456142509362547'), 36.36101450920875], 'angle': -81.70195417827654}","[Decimal('152.50484347688536'), Decimal('164.06213084927884')]",36.36101450920875,"{'center': [Decimal('0.044386730663660674'), Decimal('-1.3589258109710656'), 90.61269998292146], 'radius': 12.0}","{'center': [Decimal('160.30370768133668'), Decimal('110.70181108210151')], 'axes': [Decimal('164.21539147166524'), Decimal('164.21539147166524')], 'angle': 90.0}",0.7349866660524396,120,8281.920388,2.2089827269360507,-1.6777023298614444,"[Decimal('0.47657763586526675'), Decimal('0.31640778812800485')]",pupil.1,1,3d c++,1581666469.7587268,0.47657763586526675,0.31640778812800485
"{'center': [-0.9992551238518634, 5.78961955138535, 81.03099288648838], 'normal': [-0.08697015454296035, 0.5957121135297013, -0.798475591369423], 'radius': Decimal('2.3903465123270884')}",0.9957651120672519,8429.312578,4.780693024654177,"{'center': [Decimal('152.38937214302396'), Decimal('164.05592040967707')], 'axes': [27.61992676063337, 36.58478708872264], 'angle': -81.57996164087106}","[Decimal('152.38937214302396'), Decimal('164.05592040967707')]",36.58478708872264,"{'center': [Decimal('0.044386730663660674'), Decimal('-1.3589258109710656'), 90.61269998292146], 'radius': 12.0}","{'center': [Decimal('160.30370768133668'), Decimal('110.70181108210151')], 'axes': [Decimal('164.21539147166524'), Decimal('164.21539147166524')], 'angle': 90.0}",0.7344673001204449,120,8281.920388,2.2089482820066557,-1.679288879511201,"[0.4762167879469499, Decimal('0.31643366495967884')]",pupil.1,1,3d c++,1581666469.767853,0.4762167879469499,0.31643366495967884
"{'center': [-0.9970940341835364, 5.80842017662473, 81.04481258232211], 'normal': [-0.08679006373726642, 0.5972788322996496, -0.7973239500499456], 'radius': Decimal('2.3798491347689894')}",0.9975663649486501,8429.320978,4.759698269537979,"{'center': [Decimal('152.40675232739767'), Decimal('164.19421463663852')], 'axes': [Decimal('27.443274062453945'), 36.41788729428097], 'angle': -81.61953310624754}","[Decimal('152.40675232739767'), Decimal('164.19421463663852')]",36.41788729428097,"{'center': [Decimal('0.044386730663660674'), Decimal('-1.3589258109710656'), 90.61269998292146], 'radius': 12.0}","{'center': [Decimal('160.30370768133668'), Decimal('110.70181108210151')], 'axes': [Decimal('164.21539147166524'), Decimal('164.21539147166524')], 'angle': 90.0}",0.7344307585872789,120,8281.920388,2.2109002971305816,-1.6792211362008045,"[0.4762711010231177, 0.3158574390140062]",pupil.1,1,3d c++,1581666469.777622,0.4762711010231177,0.3158574390140062
"{'center': [-0.9994374175170684, 5.790728465479515, 81.03184016373473], 'normal': [-0.08698534568172743, 0.5958045230375484, -0.7984049849322272], 'radius': Decimal('2.3643372955738697')}",0.960907390841655,8429.329378,4.7286745911477395,"{'center': [152.38729942048, Decimal('164.06919207212283')], 'axes': [Decimal('27.315839482911443'), 36.18620992297742], 'angle': -81.57983099124309}","[152.38729942048, Decimal('164.06919207212283')]",36.18620992297742,"{'center': [Decimal('0.044386730663660674'), Decimal('-1.3589258109710656'), 90.61269998292146], 'radius': 12.0}","{'center': [Decimal('160.30370768133668'), Decimal('110.70181108210151')], 'axes': [Decimal('164.21539147166524'), Decimal('164.21539147166524')], 'angle': 90.0}",0.7345097165950887,120,8281.920388,2.2090633388761582,-1.6793172025598728,"[0.476210310689, 0.3163783663661549]",pupil.1,1,3d c++,1581666469.787811,0.476210310689,0.3163783663661549
"{'center': [-0.9928703197227651, 5.794642249169989, 81.03404862584861], 'normal': [-0.08643808753220215, 0.5961306716784213, -0.7982209464227369], 'radius': Decimal('2.3700807755568465')}",0.997827736486839,8429.337778,4.740161551113693,"{'center': [Decimal('152.43769194154925'), Decimal('164.09672683004302')], 'axes': [Decimal('27.373472892457343'), 36.27315591275388], 'angle': -81.63688490812328}","[Decimal('152.43769194154925'), Decimal('164.09672683004302')]",36.27315591275388,"{'center': [Decimal('0.044386730663660674'), Decimal('-1.3589258109710656'), 90.61269998292146], 'radius': 12.0}","{'center': [Decimal('160.30370768133668'), Decimal('110.70181108210151')], 'axes': [Decimal('164.21539147166524'), Decimal('164.21539147166524')], 'angle': 90.0}",0.7345519013541191,120,8281.920388,2.2094694972841253,-1.6786644260711334,"[0.4763677873173414, Decimal('0.31626363820815406')]",pupil.1,1,3d c++,1581666469.793796,0.4763677873173414,0.31626363820815406
"{'center': [-0.9914494999260162, 5.791323411948937, 81.03141722154082], 'normal': [-0.08631968588247307, 0.5958541019100002, -0.7984402301150526], 'radius': Decimal('2.3766068278904413')}",0.9977497219007393,8429.346178,4.753213655780883,"{'center': [Decimal('152.44847286947518'), Decimal('164.07146801250158')], 'axes': [27.45941797779814, Decimal('36.374241664414384')], 'angle': -81.64429491153749}","[Decimal('152.44847286947518'), Decimal('164.07146801250158')]",36.374241664414384,"{'center': [Decimal('0.044386730663660674'), Decimal('-1.3589258109710656'), 90.61269998292146], 'radius': 12.0}","{'center': [Decimal('160.30370768133668'), Decimal('110.70181108210151')], 'axes': [Decimal('164.21539147166524'), Decimal('164.21539147166524')], 'angle': 90.0}",0.7345750364055603,120,8281.920388,2.2091250723932285,-1.6784884546595698,"[Decimal('0.47640147771710994'), Decimal('0.31636888328124335')]",pupil.1,1,3d c++,1581666469.801744,0.47640147771710994,0.31636888328124335
"{'center': [-0.9855166710290642, 5.786142062931798, 81.02691341840298], 'normal': [-0.08582528347439375, 0.5954223228252387, -0.7988155470432066], 'radius': 2.370361422913181}",0.9982543945772022,8429.354578,4.740722845826362,"{'center': [Decimal('152.49309646710992'), Decimal('164.03554824508993')], 'axes': [Decimal('27.405202890500433'), 36.28063248147694], 'angle': -81.68555888489342}","[Decimal('152.49309646710992'), Decimal('164.03554824508993')]",36.28063248147694,"{'center': [Decimal('0.044386730663660674'), Decimal('-1.3589258109710656'), 90.61269998292146], 'radius': 12.0}","{'center': [Decimal('160.30370768133668'), Decimal('110.70181108210151')], 'axes': [Decimal('164.21539147166524'), Decimal('164.21539147166524')], 'angle': 90.0}",0.7347999514024983,120,8281.920388,2.2085875341752392,-1.6778264303290904,"[0.4765409264597185, Decimal('0.31651854897879195')]",pupil.1,1,3d c++,1581666469.8101962,0.4765409264597185,0.31651854897879195
"{'center': [Decimal('-1.0089066420536155'), 5.77807538455729, 81.02344625773425], 'normal': [-0.08777444772643969, 0.594750099627363, -0.7991044770989336], 'radius': Decimal('2.3661536876185463')}",0.9972749197657106,8429.362978,4.7323073752370926,"{'center': [152.3144579420584, 163.9766997952992], 'axes': [Decimal('27.370188389230556'), 36.21775553317492], 'angle': -81.48902607505343}","[152.3144579420584, 163.9766997952992]",36.21775553317492,"{'center': [Decimal('0.044386730663660674'), Decimal('-1.3589258109710656'), 90.61269998292146], 'radius': 12.0}","{'center': [Decimal('160.30370768133668'), Decimal('110.70181108210151')], 'axes': [Decimal('164.21539147166524'), Decimal('164.21539147166524')], 'angle': 90.0}",0.7347620089090512,120,8281.920388,2.2077510838285903,-1.680198767652364,"[0.4759826810689325, Decimal('0.31676375085291997')]",pupil.1,1,3d c++,1581666469.817631,0.4759826810689325,0.31676375085291997
"{'center': [-0.9929465013885981, 5.794575009400676, 81.03400665978907], 'normal': [-0.0864444360043549, 0.5961250683643118, -0.7982244435943651], 'radius': Decimal('2.3503910886665955')}",0.9981657355911343,8429.371378,4.700782177333191,"{'center': [152.4365409987227, Decimal('164.10018656623106')], 'axes': [Decimal('27.146090950324535'), Decimal('35.971739144330435')], 'angle': -81.63619880816223}","[152.4365409987227, Decimal('164.10018656623106')]",35.971739144330435,"{'center': [Decimal('0.044386730663660674'), Decimal('-1.3589258109710656'), 90.61269998292146], 'radius': 12.0}","{'center': [Decimal('160.30370768133668'), Decimal('110.70181108210151')], 'axes': [Decimal('164.21539147166524'), Decimal('164.21539147166524')], 'angle': 90.0}",0.7350328023050023,120,8281.920388,2.209462518348604,-1.678671818192307,"[Decimal('0.47636419062100843'), 0.3162492226407039]",pupil.1,1,3d c++,1581666469.827441,0.47636419062100843,0.3162492226407039
"{'center': [-0.9991128227740596, 5.786329881313266, 81.0285239737982], 'normal': [-0.08695829611981003, 0.5954379743570276, -0.798681334093604], 'radius': Decimal('2.3703261101736133')}",0.9968524957534463,8429.379777,4.7406522203472266,"{'center': [152.3896518776963, Decimal('164.03616598779303')], 'axes': [27.39829443815455, 36.27937557592412], 'angle': -81.57717401581871}","[152.3896518776963, Decimal('164.03616598779303')]",36.27937557592412,"{'center': [Decimal('0.044386730663660674'), Decimal('-1.3589258109710656'), 90.61269998292146], 'radius': 12.0}","{'center': [Decimal('160.30370768133668'), Decimal('110.70181108210151')], 'axes': [Decimal('164.21539147166524'), Decimal('164.21539147166524')], 'angle': 90.0}",0.7349488296665041,120,8281.920388,2.2086070156213897,-1.6792464766782527,"[0.476217662117801, 0.3165159750508624]",pupil.1,1,3d c++,1581666469.8334248,0.476217662117801,0.3165159750508624
"{'center': [-0.9989478118191821, Decimal('5.8023204119560905'), 81.04044812836426], 'normal': [-0.08694454520690356, 0.596770518577263, -0.797687654546433], 'radius': 2.380004165335483}",0.9966835486078788,8429.388177,4.760008330670966,"{'center': [Decimal('152.39224946256715'), Decimal('164.14994880682286')], 'axes': [Decimal('27.462512517058833'), 36.42221369689994], 'angle': -81.59753247854948}","[Decimal('152.39224946256715'), Decimal('164.14994880682286')]",36.42221369689994,"{'center': [Decimal('0.044386730663660674'), Decimal('-1.3589258109710656'), 90.61269998292146], 'radius': 12.0}","{'center': [Decimal('160.30370768133668'), Decimal('110.70181108210151')], 'axes': [Decimal('164.21539147166524'), Decimal('164.21539147166524')], 'angle': 90.0}",0.7348909801875303,120,8281.920388,2.210266665551951,-1.679363478235844,"[Decimal('0.47622577957052237'), 0.3160418799715714]",pupil.1,1,3d c++,1581666469.8424811,0.47622577957052237,0.3160418799715714
"{'center': [-0.9995942852316009, 5.809701022716524, 81.04604471800339], 'normal': [-0.0869984179912718, 0.5973855694739658, -0.7972212720765054], 'radius': 2.355104987544508}",0.9971807578630013,8429.396577,4.710209975089016,"{'center': [Decimal('152.38709964487052'), Decimal('164.20832227973466')], 'axes': [Decimal('27.152868319675367'), 36.03857502250622], 'angle': -81.60114831998888}","[Decimal('152.38709964487052'), Decimal('164.20832227973466')]",36.03857502250622,"{'center': [Decimal('0.044386730663660674'), Decimal('-1.3589258109710656'), 90.61269998292146], 'radius': 12.0}","{'center': [Decimal('160.30370768133668'), Decimal('110.70181108210151')], 'axes': [Decimal('164.21539147166524'), Decimal('164.21539147166524')], 'angle': 90.0}",0.7351158052218199,120,8281.920388,2.211033386886447,-1.6794932736938,"[0.4762096863902204, 0.3157986571677722]",pupil.1,1,3d c++,1581666469.850744,0.4762096863902204,0.3157986571677722
"{'center': [Decimal('-1.0102591714123212'), 5.801124666623844, 81.04079321469982], 'normal': [-0.08788715850633183, 0.5966708731329091, -0.7976588973518033], 'radius': Decimal('2.3488518302622188')}",0.9984976974428372,8429.404977,4.6977036605244376,"{'center': [Decimal('152.30520547955007'), 164.1469249679925], 'axes': [27.10140077756182, 35.94517870978287], 'angle': -81.5059888452419}","[Decimal('152.30520547955007'), 164.1469249679925]",35.94517870978287,"{'center': [Decimal('0.044386730663660674'), Decimal('-1.3589258109710656'), 90.61269998292146], 'radius': 12.0}","{'center': [Decimal('160.30370768133668'), Decimal('110.70181108210151')], 'axes': [Decimal('164.21539147166524'), Decimal('164.21539147166524')], 'angle': 90.0}",0.7355287857974568,120,8281.920388,2.210142488883432,-1.6805350621031958,"[Decimal('0.47595376712359394'), 0.3160544793000313]",pupil.1,1,3d c++,1581666469.862113,0.47595376712359394,0.3160544793000313
"{'center': [Decimal('-1.0181222595579746'), Decimal('5.7994083138861505'), 81.04037909388921], 'normal': [-0.08854241585180295, 0.5965278437381013, -0.7976934074193529], 'radius': Decimal('2.3704645843183294')}",0.9974123746396524,8429.413377,4.740929168636659,"{'center': [Decimal('152.24590206755633'), 164.1297271621316], 'axes': [Decimal('27.352529988090744'), Decimal('36.276213268978815')], 'angle': -81.44128591897791}","[Decimal('152.24590206755633'), 164.1297271621316]",36.276213268978815,"{'center': [Decimal('0.044386730663660674'), Decimal('-1.3589258109710656'), 90.61269998292146], 'radius': 12.0}","{'center': [Decimal('160.30370768133668'), Decimal('110.70181108210151')], 'axes': [Decimal('164.21539147166524'), Decimal('164.21539147166524')], 'angle': 90.0}",0.7353118554702553,120,8281.920388,2.209964267818225,-1.6813418681428365,"[0.4757684439611135, 0.3161261368244517]",pupil.1,1,3d c++,1581666469.870665,0.4757684439611135,0.3161261368244517
"{'center': [-1.003183042116034, 5.809444933032733, 81.04624513027784], 'normal': [-0.08729748106497455, 0.5973642286669832, -0.7972045710536352], 'radius': Decimal('2.3555953283543785')}",0.9948971958709576,8429.421777,4.711190656708757,"{'center': [152.3597942404553, Decimal('164.20617076844707')], 'axes': [Decimal('27.157710858268686'), 36.04599240010811], 'angle': -81.57227938585721}","[152.3597942404553, Decimal('164.20617076844707')]",36.04599240010811,"{'center': [Decimal('0.044386730663660674'), Decimal('-1.3589258109710656'), 90.61269998292146], 'radius': 12.0}","{'center': [Decimal('160.30370768133668'), Decimal('110.70181108210151')], 'axes': [Decimal('164.21539147166524'), Decimal('164.21539147166524')], 'angle': 90.0}",0.7352472249188557,120,8281.920388,2.2110067761443055,-1.6798662425770805,"[0.4761243570014228, Decimal('0.31580762179813726')]",pupil.1,1,3d c++,1581666469.8836482,0.4761243570014228,0.31580762179813726
"{'center': [Decimal('-1.0057018804009847'), 5.819343047779598, 81.05394639783502], 'normal': [-0.08750738425538712, 0.5981890715625553, -0.7965627987572029], 'radius': Decimal('2.3446300131327877')}",0.9977214434171896,8429.430177,4.6892600262655755,"{'center': [152.340978495374, 164.2798141560433], 'axes': [Decimal('27.000857051580564'), Decimal('35.874752219162254')], 'angle': -81.56402744412678}","[152.340978495374, 164.2798141560433]",35.874752219162254,"{'center': [Decimal('0.044386730663660674'), Decimal('-1.3589258109710656'), 90.61269998292146], 'radius': 12.0}","{'center': [Decimal('160.30370768133668'), Decimal('110.70181108210151')], 'axes': [Decimal('164.21539147166524'), Decimal('164.21539147166524')], 'angle': 90.0}",0.7354410368416109,120,8281.920388,2.212035691419744,-1.6802137979684906,"[Decimal('0.47606555779804377'), 0.3155007743498196]",pupil.1,1,3d c++,1581666469.8865368,0.47606555779804377,0.3155007743498196
"{'center': [-0.9965756929616754, Decimal('5.8076713214991855'), 81.04419525263735], 'normal': [-0.08674686863544467, 0.5972164277058543, -0.7973753941903419], 'radius': Decimal('2.3527502245705887')}",0.9973225880569969,8429.438577,4.705500449141177,"{'center': [Decimal('152.40986223226076'), Decimal('164.19427831494676')], 'axes': [27.13303367954999, 36.00334837098096], 'angle': -81.62277574971434}","[Decimal('152.40986223226076'), Decimal('164.19427831494676')]",36.00334837098096,"{'center': [Decimal('0.044386730663660674'), Decimal('-1.3589258109710656'), 90.61269998292146], 'radius': 12.0}","{'center': [Decimal('160.30370768133668'), Decimal('110.70181108210151')], 'axes': [Decimal('164.21539147166524'), Decimal('164.21539147166524')], 'angle': 90.0}",0.7352004609858298,120,8281.920388,2.210822491436306,-1.6791606580168557,"[0.4762808194758149, 0.3158571736877218]",pupil.1,1,3d c++,1581666469.8935401,0.4762808194758149,0.3158571736877218
"{'center': [-1.001736087461667, 5.815573439294468, 81.05068201821668], 'normal': [-0.08717690151044398, 0.5978749375221278, -0.7968348303920645], 'radius': Decimal('2.3753650827870643')}",0.996997051099071,8429.446977,4.7507301655741285,"{'center': [Decimal('152.37178536492758'), Decimal('164.24660555180213')], 'axes': [27.36807617343695, 36.34662764596996], 'angle': -81.59107413026716}","[Decimal('152.37178536492758'), Decimal('164.24660555180213')]",36.34662764596996,"{'center': [Decimal('0.044386730663660674'), Decimal('-1.3589258109710656'), 90.61269998292146], 'radius': 12.0}","{'center': [Decimal('160.30370768133668'), Decimal('110.70181108210151')], 'axes': [Decimal('164.21539147166524'), Decimal('164.21539147166524')], 'angle': 90.0}",0.7350761296362807,120,8281.920388,2.211643745152061,-1.6797669206907964,"[0.4761618292653987, 0.3156391435341578]",pupil.1,1,3d c++,1581666469.9025679,0.4761618292653987,0.3156391435341578
"{'center': [Decimal('-1.0112285329610333'), 5.810954184722132, 81.04826078019968], 'normal': [-0.08796793863539117, 0.5974899996410998, -0.7970366002268143], 'radius': Decimal('2.3361070288872816')}",0.9978542532835345,8429.455377,4.672214057774563,"{'center': [Decimal('152.29812278651863'), Decimal('164.22052239710646')], 'axes': [Decimal('26.924932878908855'), 35.74680185416914], 'angle': -81.51006697463515}","[Decimal('152.29812278651863'), Decimal('164.22052239710646')]",35.74680185416914,"{'center': [Decimal('0.044386730663660674'), Decimal('-1.3589258109710656'), 90.61269998292146], 'radius': 12.0}","{'center': [Decimal('160.30370768133668'), Decimal('110.70181108210151')], 'axes': [Decimal('164.21539147166524'), Decimal('164.21539147166524')], 'angle': 90.0}",0.7352877479996689,120,8281.920388,2.2111636128239986,-1.680720187068694,"[0.4759316337078707, Decimal('0.31574782334538976')]",pupil.1,1,3d c++,1581666469.9094641,0.4759316337078707,0.31574782334538976
"{'center': [-0.9987608123153751, 5.81637792242655, 81.0509606256148], 'normal': [-0.08692896191491965, 0.5979419777831346, -0.7968116131088877], 'radius': 2.358283208317093}",0.9976493834180336,8429.463777,4.716566416634186,"{'center': [152.3939768731196, Decimal('164.25602858994466')], 'axes': [27.17005620623482, 36.0850444828071], 'angle': -81.61569051152492}","[152.3939768731196, Decimal('164.25602858994466')]",36.0850444828071,"{'center': [Decimal('0.044386730663660674'), Decimal('-1.3589258109710656'), 90.61269998292146], 'radius': 12.0}","{'center': [Decimal('160.30370768133668'), Decimal('110.70181108210151')], 'axes': [Decimal('164.21539147166524'), Decimal('164.21539147166524')], 'angle': 90.0}",0.7352061180425751,120,8281.920388,2.211727381927393,-1.6794625763611333,"[Decimal('0.47623117772849877'), 0.3155998808752306]",pupil.1,1,3d c++,1581666469.917543,0.47623117772849877,0.3155998808752306
"{'center': [Decimal('-1.0144998422851617'), 5.809270107169377, 81.04736012984863], 'normal': [-0.0882405477457352, 0.5973496598450369, -0.797111654422736], 'radius': Decimal('2.3447335466190298')}",0.9978646062847109,8429.472177,4.6894670932380595,"{'center': [Decimal('152.27337191551078'), 164.2064384660888], 'axes': [27.0279487342563, 35.87924142055891], 'angle': -81.48202083217258}","[Decimal('152.27337191551078'), 164.2064384660888]",35.87924142055891,"{'center': [Decimal('0.044386730663660674'), Decimal('-1.3589258109710656'), 90.61269998292146], 'radius': 12.0}","{'center': [Decimal('160.30370768133668'), Decimal('110.70181108210151')], 'axes': [Decimal('164.21539147166524'), Decimal('164.21539147166524')], 'angle': 90.0}",0.7352816035708254,120,8281.920388,2.210988609975651,-1.6810477885415267,"[0.4758542872359712, 0.3158065063912967]",pupil.1,1,3d c++,1581666469.925802,0.4758542872359712,0.3158065063912967
"{'center': [Decimal('-1.0081278717571913'), 5.825706138694482, 81.05899511205926], 'normal': [-0.08770955020173767, 0.5987193291387957, -0.7961420725718491], 'radius': Decimal('2.3638978528579493')}",0.9971046067604574,8429.480577,4.727795705715899,"{'center': [Decimal('152.32351134745556'), Decimal('164.32183322408395')], 'axes': [27.20281998273672, 36.16741418660353], 'angle': -81.55232822856213}","[Decimal('152.32351134745556'), Decimal('164.32183322408395')]",36.16741418660353,"{'center': [Decimal('0.044386730663660674'), Decimal('-1.3589258109710656'), 90.61269998292146], 'radius': 12.0}","{'center': [Decimal('160.30370768133668'), Decimal('110.70181108210151')], 'axes': [Decimal('164.21539147166524'), Decimal('164.21539147166524')], 'angle': 90.0}",0.7349072258257205,120,8281.920388,2.212697556184249,-1.6805220534436756,"[Decimal('0.47601097296079864'), Decimal('0.31532569489965023')]",pupil.1,1,3d c++,1581666469.933505,0.47601097296079864,0.31532569489965023
"{'center': [-0.9901874828299448, 5.83427352392575, 81.0634832859764], 'normal': [-0.0862145177911338, 0.599433277908068, -0.795768058078754], 'radius': 2.359386860666315}",0.9970455550481876,8429.488977,4.71877372133263,"{'center': [152.4604137320443, Decimal('164.38568562784698')], 'axes': [27.13319451788332, 36.09638237390385], 'angle': -81.70484044089216}","[152.4604137320443, Decimal('164.38568562784698')]",36.09638237390385,"{'center': [Decimal('0.044386730663660674'), Decimal('-1.3589258109710656'), 90.61269998292146], 'radius': 12.0}","{'center': [Decimal('160.30370768133668'), Decimal('110.70181108210151')], 'axes': [Decimal('164.21539147166524'), Decimal('164.21539147166524')], 'angle': 90.0}",0.735114387712521,120,8281.920388,2.213589221002018,-1.6787166549319494,"[0.4764387929126384, 0.3150596432173043]",pupil.1,1,3d c++,1581666469.9458132,0.4764387929126384,0.3150596432173043
"{'center': [-0.9975076019952802, 5.827022137964609, 81.05882075641036], 'normal': [-0.0868245277215784, 0.5988289957446395, -0.7961566022092584], 'radius': Decimal('2.3396312470463085')}",0.997466490343931,8429.497377,4.679262494092617,"{'center': [152.4036849395424, Decimal('164.33679981108764')], 'axes': [26.92414433918572, Decimal('35.796098812517805')], 'angle': -81.6382203678535}","[152.4036849395424, Decimal('164.33679981108764')]",35.796098812517805,"{'center': [Decimal('0.044386730663660674'), Decimal('-1.3589258109710656'), 90.61269998292146], 'radius': 12.0}","{'center': [Decimal('160.30370768133668'), Decimal('110.70181108210151')], 'axes': [Decimal('164.21539147166524'), Decimal('164.21539147166524')], 'angle': 90.0}",0.7352771508319922,120,8281.920388,2.212834482334078,-1.679421645448563,"[0.47626151543607, Decimal('0.31526333412046814')]",pupil.1,1,3d c++,1581666469.9548051,0.47626151543607,0.31526333412046814
"{'center': [Decimal('-1.0037759838784848'), 5.824031683214297, 81.05725773462285], 'normal': [-0.08734689287851213, 0.5985797911821136, -0.7962868540248841], 'radius': Decimal('2.3605415739467936')}",0.9965173331307278,8429.505776,4.721083147893587,"{'center': [Decimal('152.35640360498996'), Decimal('164.31064512987874')], 'axes': [27.17108783473747, 36.11681775791695], 'angle': -81.58489808618125}","[Decimal('152.35640360498996'), Decimal('164.31064512987874')]",36.11681775791695,"{'center': [Decimal('0.044386730663660674'), Decimal('-1.3589258109710656'), 90.61269998292146], 'radius': 12.0}","{'center': [Decimal('160.30370768133668'), Decimal('110.70181108210151')], 'axes': [Decimal('164.21539147166524'), Decimal('164.21539147166524')], 'angle': 90.0}",0.7350196003045206,120,8281.920388,2.212523353897092,-1.680052264325835,"[0.4761137612655936, Decimal('0.31537231195883864')]",pupil.1,1,3d c++,1581666469.9615982,0.4761137612655936,0.31537231195883864
"{'center': [-0.9939929899309847, 5.840744957609884, 81.06877477471186], 'normal': [-0.08653164338288712, 0.5999725640484125, -0.7953271006841338], 'radius': Decimal('2.3506881268056135')}",0.996907650582187,8429.514176,4.701376253611227,"{'center': [152.4316501800614, Decimal('164.43399391537136')], 'axes': [Decimal('27.012186695228607'), 35.96092172922106], 'angle': -81.68222109442284}","[152.4316501800614, Decimal('164.43399391537136')]",35.96092172922106,"{'center': [Decimal('0.044386730663660674'), Decimal('-1.3589258109710656'), 90.61269998292146], 'radius': 12.0}","{'center': [Decimal('160.30370768133668'), Decimal('110.70181108210151')], 'axes': [Decimal('164.21539147166524'), Decimal('164.21539147166524')], 'angle': 90.0}",0.7347290070271795,120,8281.920388,2.214263141089732,-1.6791701140094817,"[Decimal('0.47634890681269193'), 0.3148583586859527]",pupil.1,1,3d c++,1581666469.9692779,0.47634890681269193,0.3148583586859527
"{'center': [-1.006580500772485, 5.851860183575406, 81.0785490915573], 'normal': [-0.08758060261967882, 0.6008988328788726, -0.7945125742803462], 'radius': 2.348899379069609}",0.9973686529088462,8429.522576,4.697798758139218,"{'center': [Decimal('152.33661137895345'), Decimal('164.51396448068488')], 'axes': [Decimal('26.953004858548784'), 35.92923661894797], 'angle': -81.59559186916259}","[Decimal('152.33661137895345'), Decimal('164.51396448068488')]",35.92923661894797,"{'center': [Decimal('0.044386730663660674'), Decimal('-1.3589258109710656'), 90.61269998292146], 'radius': 12.0}","{'center': [Decimal('160.30370768133668'), Decimal('110.70181108210151')], 'axes': [Decimal('164.21539147166524'), Decimal('164.21539147166524')], 'angle': 90.0}",0.734662203082237,120,8281.920388,2.215421450702145,-1.6805849405066478,"[0.4760519105592295, Decimal('0.31452514799714637')]",pupil.1,1,3d c++,1581666469.977887,0.4760519105592295,0.31452514799714637
"{'center': [Decimal('-1.0036279006295286'), Decimal('5.8398594680294655'), 81.06915997727153], 'normal': [-0.08733455260776578, 0.5998987732500443, -0.7952950004708275], 'radius': 2.325006268142398}",0.9983451010017036,8429.530976,4.650012536284796,"{'center': [Decimal('152.35757290961834'), Decimal('164.43216003224143')], 'axes': [Decimal('26.715333873590698'), Decimal('35.567753114566194')], 'angle': -81.60480788501727}","[Decimal('152.35757290961834'), Decimal('164.43216003224143')]",35.567753114566194,"{'center': [Decimal('0.044386730663660674'), Decimal('-1.3589258109710656'), 90.61269998292146], 'radius': 12.0}","{'center': [Decimal('160.30370768133668'), Decimal('110.70181108210151')], 'axes': [Decimal('164.21539147166524'), Decimal('164.21539147166524')], 'angle': 90.0}",0.7349432424182512,120,8281.920388,2.2141709081538457,-1.6801721076235223,"[0.4761174153425573, 0.3148659998656608]",pupil.1,1,3d c++,1581666469.9881852,0.4761174153425573,0.3148659998656608
"{'center': [-1.001969021079009, 5.853229900769676, 81.07907792043123], 'normal': [-0.08719631264522248, 0.6010129759783952, -0.794468505207519], 'radius': 2.359289586324056}",0.9964492277323148,8429.539376,4.718579172648112,"{'center': [Decimal('152.37207278992562'), Decimal('164.52204061458474')], 'axes': [Decimal('27.070236704267824'), Decimal('36.087981841516196')], 'angle': -81.63368870758596}","[Decimal('152.37207278992562'), Decimal('164.52204061458474')]",36.087981841516196,"{'center': [Decimal('0.044386730663660674'), Decimal('-1.3589258109710656'), 90.61269998292146], 'radius': 12.0}","{'center': [Decimal('160.30370768133668'), Decimal('110.70181108210151')], 'axes': [Decimal('164.21539147166524'), Decimal('164.21539147166524')], 'angle': 90.0}",0.7348968012209522,120,8281.920388,2.2155642577142975,-1.6801130571362535,"[Decimal('0.47616272746851757'), 0.3144914974392302]",pupil.1,1,3d c++,1581666469.9934652,0.47616272746851757,0.3144914974392302
"{'center': [-0.9969372390572993, 5.851559598142176, 81.07726372887153], 'normal': [-0.08677699747674666, 0.6008737840927701, -0.7946196878374936], 'radius': 2.349654781139741}",0.9974150503829978,8429.547776,4.699309562279482,"{'center': [Decimal('152.40995064540076'), Decimal('164.51218685526356')], 'axes': [Decimal('26.966802809657324'), 35.94136114800643], 'angle': -81.67155036273745}","[Decimal('152.40995064540076'), Decimal('164.51218685526356')]",35.94136114800643,"{'center': [Decimal('0.044386730663660674'), Decimal('-1.3589258109710656'), 90.61269998292146], 'radius': 12.0}","{'center': [Decimal('160.30370768133668'), Decimal('110.70181108210151')], 'axes': [Decimal('164.21539147166524'), Decimal('164.21539147166524')], 'angle': 90.0}",0.7349139614098887,120,8281.920388,2.215390113651038,-1.6795709799022334,"[0.4762810957668774, 0.3145325547697352]",pupil.1,1,3d c++,1581666470.002362,0.4762810957668774,0.3145325547697352
"{'center': [-0.9969208187477927, 5.855050424974154, 81.07990262565238], 'normal': [-0.08677562911762113, 0.6011646863287683, -0.7943997797724233], 'radius': 2.343163386504532}",0.9978099581621778,8429.556176,4.686326773009064,"{'center': [Decimal('152.41012439824095'), Decimal('164.53870500426697')], 'axes': [26.88187755313179, 35.84087353699742], 'angle': -81.67576213346742}","[Decimal('152.41012439824095'), Decimal('164.53870500426697')]",35.84087353699742,"{'center': [Decimal('0.044386730663660674'), Decimal('-1.3589258109710656'), 90.61269998292146], 'radius': 12.0}","{'center': [Decimal('160.30370768133668'), Decimal('110.70181108210151')], 'axes': [Decimal('164.21539147166524'), Decimal('164.21539147166524')], 'angle': 90.0}",0.7349411947700446,120,8281.920388,2.2157540897045878,-1.6795991519706743,"[Decimal('0.47628163874450297'), Decimal('0.31442206248222093')]",pupil.1,1,3d c++,1581666470.008996,0.47628163874450297,0.31442206248222093
"{'center': [-0.9962770227563253, 5.860276670485847, 81.08378952662876], 'normal': [-0.0867219794516655, 0.601600206788076, -0.7940758713577243], 'radius': Decimal('2.3247199143184414')}",0.9983471088328294,8429.564576,4.649439828636883,"{'center': [Decimal('152.41484855926163'), Decimal('164.58015962901362')], 'axes': [Decimal('26.654996077172452'), Decimal('35.556979724374045')], 'angle': -81.68695610822657}","[Decimal('152.41484855926163'), Decimal('164.58015962901362')]",35.556979724374045,"{'center': [Decimal('0.044386730663660674'), Decimal('-1.3589258109710656'), 90.61269998292146], 'radius': 12.0}","{'center': [Decimal('160.30370768133668'), Decimal('110.70181108210151')], 'axes': [Decimal('164.21539147166524'), Decimal('164.21539147166524')], 'angle': 90.0}",0.7351607144001515,120,8281.920388,2.2162991980544997,-1.6795764180860437,"[0.4762964017476926, 0.3142493348791099]",pupil.1,1,3d c++,1581666470.0180151,0.4762964017476926,0.3142493348791099
"{'center': [-0.9940645557409236, 5.847961413330999, 81.0742307418977], 'normal': [-0.08653760720038203, 0.6005739353585055, -0.7948724367519797], 'radius': 2.338668015584366}",0.9973725764943618,8429.572976,4.677336031168732,"{'center': [Decimal('152.43124537141253'), Decimal('164.48854057307722')], 'axes': [26.85255392858118, 35.77458344636568], 'angle': -81.69009043961}","[Decimal('152.43124537141253'), Decimal('164.48854057307722')]",35.77458344636568,"{'center': [Decimal('0.044386730663660674'), Decimal('-1.3589258109710656'), 90.61269998292146], 'radius': 12.0}","{'center': [Decimal('160.30370768133668'), Decimal('110.70181108210151')], 'axes': [Decimal('164.21539147166524'), Decimal('164.21539147166524')], 'angle': 90.0}",0.7350516950174413,120,8281.920388,2.2150150479607147,-1.679239033728383,"[Decimal('0.47634764178566413'), 0.3146310809455116]",pupil.1,1,3d c++,1581666470.03014,0.47634764178566413,0.3146310809455116
"{'center': [-0.9835426137900671, 5.853446798637343, 81.07723761327303], 'normal': [-0.08566077870447732, 0.6010310508007007, -0.7946218641373695], 'radius': Decimal('2.3362538384476212')}",0.9979332552877848,8429.581376,4.6725076768952425,"{'center': [Decimal('152.51157023446348'), 164.5292438645471], 'axes': [Decimal('26.813084602131838'), Decimal('35.736321203016296')], 'angle': -81.77978124123423}","[Decimal('152.51157023446348'), 164.5292438645471]",35.736321203016296,"{'center': [Decimal('0.044386730663660674'), Decimal('-1.3589258109710656'), 90.61269998292146], 'radius': 12.0}","{'center': [Decimal('160.30370768133668'), Decimal('110.70181108210151')], 'axes': [Decimal('164.21539147166524'), Decimal('164.21539147166524')], 'angle': 90.0}",0.7349207991857565,120,8281.920388,2.2155868729395403,-1.678182312812938,"[0.4765986569826984, Decimal('0.31446148389772033')]",pupil.1,1,3d c++,1581666470.038087,0.4765986569826984,0.31446148389772033
"{'center': [-0.9857066331732918, 5.828311554440916, 81.05851102126674], 'normal': [-0.08584111365307937, 0.5989364471176651, -0.7961824134712266], 'radius': 2.333399298151066}",0.9974122901404832,8429.589776,4.666798596302132,"{'center': [Decimal('152.49336795441062'), Decimal('164.34801901207243')], 'axes': [Decimal('26.853665212236866'), 35.70085604207604], 'angle': -81.73346576184517}","[Decimal('152.49336795441062'), Decimal('164.34801901207243')]",35.70085604207604,"{'center': [Decimal('0.044386730663660674'), Decimal('-1.3589258109710656'), 90.61269998292146], 'radius': 12.0}","{'center': [Decimal('160.30370768133668'), Decimal('110.70181108210151')], 'axes': [Decimal('164.21539147166524'), Decimal('164.21539147166524')], 'angle': 90.0}",0.7348851092008002,120,8281.920388,2.2129686562146214,-1.678197344006364,"[0.4765417748575332, Decimal('0.31521658744969827')]",pupil.1,1,3d c++,1581666470.047209,0.4765417748575332,0.31521658744969827
"{'center': [-0.9568318747256217, Decimal('5.7852770899106485'), 81.02323043475272], 'normal': [-0.0834348837824402, 0.5953502417401428, -0.7991224623473953], 'radius': 2.319968877253742}",0.9975708901441616,8429.598176,4.639937754507484,"{'center': [Decimal('152.70993353847902'), 164.0408839773816], 'axes': [26.83676634715465, 35.51069921188373], 'angle': -81.91391042731998}","[Decimal('152.70993353847902'), 164.0408839773816]",35.51069921188373,"{'center': [Decimal('0.044386730663660674'), Decimal('-1.3589258109710656'), 90.61269998292146], 'radius': 12.0}","{'center': [Decimal('160.30370768133668'), Decimal('110.70181108210151')], 'axes': [Decimal('164.21539147166524'), Decimal('164.21539147166524')], 'angle': 90.0}",0.7349141231811629,120,8281.920388,2.208497818550005,-1.6748275350037585,"[Decimal('0.47721854230774696'), Decimal('0.31649631676090995')]",pupil.1,1,3d c++,1581666470.054034,0.47721854230774696,0.31649631676090995
"{'center': [-0.9321911468094428, 5.714713000120003, 80.96853440888364], 'normal': [-0.08138148978942529, 0.5894699009242558, -0.8036804645031518], 'radius': Decimal('2.3289943894759397')}",0.9957925718088615,8429.606576,4.6579887789518795,"{'center': [Decimal('152.89340578859156'), Decimal('163.52897989557763')], 'axes': [27.15592231854811, Decimal('35.672868950866466')], 'angle': -82.03133365380208}","[Decimal('152.89340578859156'), Decimal('163.52897989557763')]",35.672868950866466,"{'center': [Decimal('0.044386730663660674'), Decimal('-1.3589258109710656'), 90.61269998292146], 'radius': 12.0}","{'center': [Decimal('160.30370768133668'), Decimal('110.70181108210151')], 'axes': [Decimal('164.21539147166524'), Decimal('164.21539147166524')], 'angle': 90.0}",0.7342658313034933,120,8281.920388,2.201198776832969,-1.6717133404295796,"[Decimal('0.47779189308934866'), Decimal('0.31862925043509316')]",pupil.1,1,3d c++,1581666470.063786,0.47779189308934866,0.31862925043509316
"{'center': [-0.9138975836105399, Decimal('5.6390746434997014'), 80.91168556110748], 'normal': [-0.07985702618951672, 0.5831667045392306, -0.8084178684844989], 'radius': Decimal('2.3133130373937263')}",0.9960059636092489,8429.614976,4.626626074787453,"{'center': [153.0278427464883, Decimal('162.98364515914056')], 'axes': [Decimal('27.195089733686316'), 35.45740092818208], 'angle': -82.09357469206627}","[153.0278427464883, Decimal('162.98364515914056')]",35.45740092818208,"{'center': [Decimal('0.044386730663660674'), Decimal('-1.3589258109710656'), 90.61269998292146], 'radius': 12.0}","{'center': [Decimal('160.30370768133668'), Decimal('110.70181108210151')], 'axes': [Decimal('164.21539147166524'), Decimal('164.21539147166524')], 'angle': 90.0}",0.7338669751015603,120,8281.920388,2.193417778273345,-1.669258761900206,"[0.4782120085827759, 0.320901478503581]",pupil.1,1,3d c++,1581666470.069299,0.4782120085827759,0.320901478503581
"{'center': [-0.8363181037108383, 5.664387772971832, 80.92263159842011], 'normal': [-0.07339206953120825, 0.5852761319952414, -0.8075056987084457], 'radius': 2.287034285056758}",0.9965580112843837,8429.623376,4.574068570113516,"{'center': [153.6200083373736, Decimal('163.17644688486996')], 'axes': [26.84406362726392, 35.04976858106313], 'angle': -82.75581253765272}","[153.6200083373736, Decimal('163.17644688486996')]",35.04976858106313,"{'center': [Decimal('0.044386730663660674'), Decimal('-1.3589258109710656'), 90.61269998292146], 'radius': 12.0}","{'center': [Decimal('160.30370768133668'), Decimal('110.70181108210151')], 'axes': [Decimal('164.21539147166524'), Decimal('164.21539147166524')], 'angle': 90.0}",0.7333021972608877,120,8281.920388,2.196016895751256,-1.661434671472215,"[0.4800625260542925, Decimal('0.32009813797970854')]",pupil.1,1,3d c++,1581666470.0817046,0.4800625260542925,0.32009813797970854
"{'center': [-0.908265072831353, 6.043818948906601, 81.21632703579971], 'normal': [-0.07938765029125115, 0.6168953966564722, -0.7830310789268123], 'radius': Decimal('2.3669288796293197')}",0.5042855634247113,8429.631775,4.7338577592586395,"{'center': [Decimal('153.09683166420524'), 165.8988203554643], 'axes': [Decimal('26.614785301434964'), Decimal('36.143930369871114')], 'angle': -82.57560228420176}","[Decimal('153.09683166420524'), 165.8988203554643]",36.143930369871114,"{'center': [Decimal('0.044386730663660674'), Decimal('-1.3589258109710656'), 90.61269998292146], 'radius': 12.0}","{'center': [Decimal('160.30370768133668'), Decimal('110.70181108210151')], 'axes': [Decimal('164.21539147166524'), Decimal('164.21539147166524')], 'angle': 90.0}",0.7333021972608877,120,8281.920388,2.235588270847324,-1.6718361336065266,"[Decimal('0.47842759895064135'), 0.3087549151855654]",pupil.1,1,3d c++,1581666470.08583,0.47842759895064135,0.3087549151855654
"{'center': [-0.7070909696271825, 6.109480940610589, 81.25010515782648], 'normal': [-0.06262314169090359, 0.6223672292984711, -0.780216235424581], 'radius': 2.385488837724497}",0.24069754611066574,8429.640175,4.770977675448994,"{'center': [Decimal('154.62865988631265'), Decimal('166.37610631308613')], 'axes': [Decimal('26.690105298152304'), 36.41234309880754], 'angle': -84.18997154808979}","[Decimal('154.62865988631265'), Decimal('166.37610631308613')]",36.41234309880754,"{'center': [Decimal('0.044386730663660674'), Decimal('-1.3589258109710656'), 90.61269998292146], 'radius': 12.0}","{'center': [Decimal('160.30370768133668'), Decimal('110.70181108210151')], 'axes': [Decimal('164.21539147166524'), Decimal('164.21539147166524')], 'angle': 90.0}",0.7333021972608877,120,8281.920388,2.24255974896749,-1.650888457201118,"[0.483214562144727, Decimal('0.30676622369547446')]",pupil.1,1,3d c++,1581666470.0949311,0.483214562144727,0.30676622369547446
"{'center': [0.0, -0.0, 0.0], 'normal': [0.0, -0.0, 0.0], 'radius': 0.0}",0.0,8429.648575,0.0,"{'center': [160.0, 120.0], 'axes': [0.0, 0.0], 'angle': 90.0}","[160.0, 120.0]",0.0,"{'center': [Decimal('0.044386730663660674'), Decimal('-1.3589258109710656'), 90.61269998292146], 'radius': 12.0}","{'center': [Decimal('160.30370768133668'), Decimal('110.70181108210151')], 'axes': [Decimal('164.21539147166524'), Decimal('164.21539147166524')], 'angle': 90.0}",0.7333021972608877,120,8281.920388,0.0,0.0,"[0.5, 0.5]",pupil.1,1,3d c++,1581666470.1034482,0.5,0.5
"{'center': [0.0, -0.0, 0.0], 'normal': [0.0, -0.0, 0.0], 'radius': 0.0}",0.0,8429.656975,0.0,"{'center': [160.0, 120.0], 'axes': [0.0, 0.0], 'angle': 90.0}","[160.0, 120.0]",0.0,"{'center': [Decimal('0.044386730663660674'), Decimal('-1.3589258109710656'), 90.61269998292146], 'radius': 12.0}","{'center': [Decimal('160.30370768133668'), Decimal('110.70181108210151')], 'axes': [Decimal('164.21539147166524'), Decimal('164.21539147166524')], 'angle': 90.0}",0.7333021972608877,120,8281.920388,0.0,0.0,"[0.5, 0.5]",pupil.1,1,3d c++,1581666470.1143591,0.5,0.5
"{'center': [0.0, -0.0, 0.0], 'normal': [0.0, -0.0, 0.0], 'radius': 0.0}",0.0,8429.665375,0.0,"{'center': [160.0, 120.0], 'axes': [0.0, 0.0], 'angle': 90.0}","[160.0, 120.0]",0.0,"{'center': [Decimal('0.044386730663660674'), Decimal('-1.3589258109710656'), 90.61269998292146], 'radius': 12.0}","{'center': [Decimal('160.30370768133668'), Decimal('110.70181108210151')], 'axes': [Decimal('164.21539147166524'), Decimal('164.21539147166524')], 'angle': 90.0}",0.7333021972608877,120,8281.920388,0.0,0.0,"[0.5, 0.5]",pupil.1,1,3d c++,1581666470.122134,0.5,0.5
"{'center': [0.0, -0.0, 0.0], 'normal': [0.0, -0.0, 0.0], 'radius': 0.0}",0.0,8429.673775,0.0,"{'center': [160.0, 120.0], 'axes': [0.0, 0.0], 'angle': 90.0}","[160.0, 120.0]",0.0,"{'center': [Decimal('0.044386730663660674'), Decimal('-1.3589258109710656'), 90.61269998292146], 'radius': 12.0}","{'center': [Decimal('160.30370768133668'), Decimal('110.70181108210151')], 'axes': [Decimal('164.21539147166524'), Decimal('164.21539147166524')], 'angle': 90.0}",0.7333021972608877,120,8281.920388,0.0,0.0,"[0.5, 0.5]",pupil.1,1,3d c++,1581666470.129293,0.5,0.5
"{'center': [0.0, -0.0, 0.0], 'normal': [0.0, -0.0, 0.0], 'radius': 0.0}",0.0,8429.682175,0.0,"{'center': [160.0, 120.0], 'axes': [0.0, 0.0], 'angle': 90.0}","[160.0, 120.0]",0.0,"{'center': [Decimal('0.044386730663660674'), Decimal('-1.3589258109710656'), 90.61269998292146], 'radius': 12.0}","{'center': [Decimal('160.30370768133668'), Decimal('110.70181108210151')], 'axes': [Decimal('164.21539147166524'), Decimal('164.21539147166524')], 'angle': 90.0}",0.7333021972608877,120,8281.920388,0.0,0.0,"[0.5, 0.5]",pupil.1,1,3d c++,1581666470.1395378,0.5,0.5
"{'center': [0.0, -0.0, 0.0], 'normal': [0.0, -0.0, 0.0], 'radius': 0.0}",0.0,8429.690575,0.0,"{'center': [160.0, 120.0], 'axes': [0.0, 0.0], 'angle': 90.0}","[160.0, 120.0]",0.0,"{'center': [Decimal('0.044386730663660674'), Decimal('-1.3589258109710656'), 90.61269998292146], 'radius': 12.0}","{'center': [Decimal('160.30370768133668'), Decimal('110.70181108210151')], 'axes': [Decimal('164.21539147166524'), Decimal('164.21539147166524')], 'angle': 90.0}",0.7333021972608877,120,8281.920388,0.0,0.0,"[0.5, 0.5]",pupil.1,1,3d c++,1581666470.147562,0.5,0.5
"{'center': [0.0, -0.0, 0.0], 'normal': [0.0, -0.0, 0.0], 'radius': 0.0}",0.0,8429.698975,0.0,"{'center': [160.0, 120.0], 'axes': [0.0, 0.0], 'angle': 90.0}","[160.0, 120.0]",0.0,"{'center': [Decimal('0.044386730663660674'), Decimal('-1.3589258109710656'), 90.61269998292146], 'radius': 12.0}","{'center': [Decimal('160.30370768133668'), Decimal('110.70181108210151')], 'axes': [Decimal('164.21539147166524'), Decimal('164.21539147166524')], 'angle': 90.0}",0.7333021972608877,120,8281.920388,0.0,0.0,"[0.5, 0.5]",pupil.1,1,3d c++,1581666470.153291,0.5,0.5
"{'center': [0.0, -0.0, 0.0], 'normal': [0.0, -0.0, 0.0], 'radius': 0.0}",0.0,8429.707375,0.0,"{'center': [160.0, 120.0], 'axes': [0.0, 0.0], 'angle': 90.0}","[160.0, 120.0]",0.0,"{'center': [Decimal('0.044386730663660674'), Decimal('-1.3589258109710656'), 90.61269998292146], 'radius': 12.0}","{'center': [Decimal('160.30370768133668'), Decimal('110.70181108210151')], 'axes': [Decimal('164.21539147166524'), Decimal('164.21539147166524')], 'angle': 90.0}",0.7333021972608877,120,8281.920388,0.0,0.0,"[0.5, 0.5]",pupil.1,1,3d c++,1581666470.162561,0.5,0.5
"{'center': [0.0, -0.0, 0.0], 'normal': [0.0, -0.0, 0.0], 'radius': 0.0}",0.0,8429.715775,0.0,"{'center': [160.0, 120.0], 'axes': [0.0, 0.0], 'angle': 90.0}","[160.0, 120.0]",0.0,"{'center': [Decimal('0.044386730663660674'), Decimal('-1.3589258109710656'), 90.61269998292146], 'radius': 12.0}","{'center': [Decimal('160.30370768133668'), Decimal('110.70181108210151')], 'axes': [Decimal('164.21539147166524'), Decimal('164.21539147166524')], 'angle': 90.0}",0.7333021972608877,120,8281.920388,0.0,0.0,"[0.5, 0.5]",pupil.1,1,3d c++,1581666470.1710482,0.5,0.5
"{'center': [0.0, -0.0, 0.0], 'normal': [0.0, -0.0, 0.0], 'radius': 0.0}",0.0,8429.724175,0.0,"{'center': [160.0, 120.0], 'axes': [0.0, 0.0], 'angle': 90.0}","[160.0, 120.0]",0.0,"{'center': [Decimal('0.044386730663660674'), Decimal('-1.3589258109710656'), 90.61269998292146], 'radius': 12.0}","{'center': [Decimal('160.30370768133668'), Decimal('110.70181108210151')], 'axes': [Decimal('164.21539147166524'), Decimal('164.21539147166524')], 'angle': 90.0}",0.7333021972608877,120,8281.920388,0.0,0.0,"[0.5, 0.5]",pupil.1,1,3d c++,1581666470.177505,0.5,0.5
"{'center': [-0.649825059864142, 6.604007745704095, 81.66229445233968], 'normal': [-0.05785098254398357, 0.6635777963895968, -0.7458671275484814], 'radius': 2.343693658277649}",0.1992014637992935,8429.732575,4.687387316555298,"{'center': [Decimal('155.08660997260216'), Decimal('169.90471350665433')], 'axes': [24.62660713831654, 35.59430147066013], 'angle': -84.97174290117783}","[Decimal('155.08660997260216'), Decimal('169.90471350665433')]",35.59430147066013,"{'center': [Decimal('0.044386730663660674'), Decimal('-1.3589258109710656'), 90.61269998292146], 'radius': 12.0}","{'center': [Decimal('160.30370768133668'), Decimal('110.70181108210151')], 'axes': [Decimal('164.21539147166524'), Decimal('164.21539147166524')], 'angle': 90.0}",0.7333021972608877,120,8281.920388,2.2963874690257158,-1.6482034001597883,"[Decimal('0.48464565616438177'), 0.2920636937222736]",pupil.1,1,3d c++,1581666470.1857119,0.48464565616438177,0.2920636937222736
"{'center': [-0.7351591685472358, Decimal('6.6106074619499005'), 81.67520326388266], 'normal': [-0.0649621582675747, 0.6641277727434137, -0.7447913932532324], 'radius': 2.33470179975451}",0.10533509802796104,8429.740975,4.66940359950902,"{'center': [Decimal('154.44186409700285'), 169.9489929528406], 'axes': [Decimal('24.482470819115605'), 35.45211241255987], 'angle': -84.35887736902012}","[Decimal('154.44186409700285'), 169.9489929528406]",35.45211241255987,"{'center': [Decimal('0.044386730663660674'), Decimal('-1.3589258109710656'), 90.61269998292146], 'radius': 12.0}","{'center': [Decimal('160.30370768133668'), Decimal('110.70181108210151')], 'axes': [Decimal('164.21539147166524'), Decimal('164.21539147166524')], 'angle': 90.0}",0.7333021972608877,120,8281.920388,2.297122866006347,-1.657798096540121,"[0.4826308253031339, 0.2918791960298308]",pupil.1,1,3d c++,1581666470.197937,0.4826308253031339,0.2918791960298308
"{'center': [Decimal('-1.3258671289314523'), 6.068884322394462, 81.28799939883099], 'normal': [Decimal('-0.11418782163292611'), 0.6189841777804607, -0.7770583820075389], 'radius': 2.347708922686809}",0.06129681885626417,8429.749375,4.695417845373618,"{'center': [Decimal('149.92990377996318'), Decimal('166.05507843921566')], 'axes': [Decimal('26.115562026003555'), 35.81891421722896], 'angle': -79.40768167979277}","[Decimal('149.92990377996318'), Decimal('166.05507843921566')]",35.81891421722896,"{'center': [Decimal('0.044386730663660674'), Decimal('-1.3589258109710656'), 90.61269998292146], 'radius': 12.0}","{'center': [Decimal('160.30370768133668'), Decimal('110.70181108210151')], 'axes': [Decimal('164.21539147166524'), Decimal('164.21539147166524')], 'angle': 90.0}",0.7333021972608877,120,8281.920388,2.2382449934735456,-1.716700919629764,"[0.4685309493123849, 0.3081038398366014]",pupil.1,1,3d c++,1581666470.2061598,0.4685309493123849,0.3081038398366014
"{'center': [-0.8195877081725311, 6.024465113556108, 81.1925573818433], 'normal': [-0.07199786990301597, 0.6152825770439311, -0.7850118834231794], 'radius': Decimal('2.3580245336343864')}",0.29313585775924567,8429.757775,4.716049067268773,"{'center': [Decimal('153.76903021287015'), Decimal('165.76605625294997')], 'axes': [26.60858223864396, 36.01840214267568], 'angle': -83.24487620001558}","[Decimal('153.76903021287015'), Decimal('165.76605625294997')]",36.01840214267568,"{'center': [Decimal('0.044386730663660674'), Decimal('-1.3589258109710656'), 90.61269998292146], 'radius': 12.0}","{'center': [Decimal('160.30370768133668'), Decimal('110.70181108210151')], 'axes': [Decimal('164.21539147166524'), Decimal('164.21539147166524')], 'angle': 90.0}",0.7330850314398951,120,8281.920388,2.2335407039943407,-1.662256096982851,"[0.4805282194152192, Decimal('0.30930809894604183')]",pupil.1,1,3d c++,1581666470.214926,0.4805282194152192,0.30930809894604183
"{'center': [Decimal('-1.0358984354728864'), Decimal('6.1283450337572845'), 81.29745660137172], 'normal': [-0.09002376384471228, 0.6239392370606959, -0.7762702817958114], 'radius': Decimal('2.3824019623031405')}",0.5137332500076688,8429.766174,4.764803924606281,"{'center': [Decimal('152.13443617910235'), Decimal('166.49467309354765')], 'axes': [Decimal('26.466235964827526'), 36.34414960175163], 'angle': -81.68643141509692}","[Decimal('152.13443617910235'), Decimal('166.49467309354765')]",36.34414960175163,"{'center': [Decimal('0.044386730663660674'), Decimal('-1.3589258109710656'), 90.61269998292146], 'radius': 12.0}","{'center': [Decimal('160.30370768133668'), Decimal('110.70181108210151')], 'axes': [Decimal('164.21539147166524'), Decimal('164.21539147166524')], 'angle': 90.0}",0.7330850314398951,120,8281.920388,2.2445697336191044,-1.6862502048042736,"[Decimal('0.47542011305969484'), Decimal('0.30627219544355144')]",pupil.1,1,3d c++,1581666470.22202,0.47542011305969484,0.30627219544355144
"{'center': [Decimal('-1.0220489746564236'), 6.123728926940489, 81.2921531663646], 'normal': [-0.08886964211000704, 0.6235545614926296, -0.7767122347130715], 'radius': 2.369635853058401}",0.587191860697686,8429.774574,4.739271706116802,"{'center': [Decimal('152.23877194962282'), Decimal('166.46504650032398')], 'axes': [Decimal('26.345299208035176'), 36.15168039440908], 'angle': -81.7867912180709}","[Decimal('152.23877194962282'), Decimal('166.46504650032398')]",36.15168039440908,"{'center': [Decimal('0.044386730663660674'), Decimal('-1.3589258109710656'), 90.61269998292146], 'radius': 12.0}","{'center': [Decimal('160.30370768133668'), Decimal('110.70181108210151')], 'axes': [Decimal('164.21539147166524'), Decimal('164.21539147166524')], 'angle': 90.0}",0.7324015086351499,120,8281.920388,2.244077585980828,-1.684718634663858,"[0.4757461623425713, Decimal('0.30639563958198346')]",pupil.1,1,3d c++,1581666470.2310429,0.4757461623425713,0.30639563958198346
"{'center': [-0.9783490150123402, 5.699815829673012, 80.96240578817518], 'normal': [-0.08522797880633341, 0.5882284700536732, -0.8041911828955239], 'radius': Decimal('2.3248460983319394')}",0.7092187948904687,8429.782974,4.649692196663879,"{'center': [Decimal('152.54079173632175'), Decimal('163.41929153275896')], 'axes': [27.13129898290001, Decimal('35.612001922017335')], 'angle': -81.64053385483703}","[Decimal('152.54079173632175'), Decimal('163.41929153275896')]",35.612001922017335,"{'center': [Decimal('0.044386730663660674'), Decimal('-1.3589258109710656'), 90.61269998292146], 'radius': 12.0}","{'center': [Decimal('160.30370768133668'), Decimal('110.70181108210151')], 'axes': [Decimal('164.21539147166524'), Decimal('164.21539147166524')], 'angle': 90.0}",0.7320679250983897,120,8281.920388,2.199662813896401,-1.6763819494749999,"[Decimal('0.47668997417600545'), 0.319086285280171]",pupil.1,1,3d c++,1581666470.237539,0.47668997417600545,0.319086285280171
"{'center': [-0.9769312339951135, 5.805138002849635, 81.04018206512313], 'normal': [-0.08510983038823118, 0.5970053178183917, -0.797709826483194], 'radius': Decimal('2.3334313122334955')}",0.7122791761457886,8429.791374,4.666862624466991,"{'center': [Decimal('152.55861728206403'), Decimal('164.18088236494282')], 'axes': [26.92595624486813, 35.70938634762729], 'angle': -81.77632696357247}","[Decimal('152.55861728206403'), Decimal('164.18088236494282')]",35.70938634762729,"{'center': [Decimal('0.044386730663660674'), Decimal('-1.3589258109710656'), 90.61269998292146], 'radius': 12.0}","{'center': [Decimal('160.30370768133668'), Decimal('110.70181108210151')], 'axes': [Decimal('164.21539147166524'), Decimal('164.21539147166524')], 'angle': 90.0}",0.7316926596785622,120,8281.920388,2.2105593142310003,-1.6770869488998597,"[0.4767456790064501, Decimal('0.31591299014607155')]",pupil.1,1,3d c++,1581666470.24903,0.4767456790064501,0.31591299014607155
"{'center': [-1.056538063502256, 5.988885601803851, 81.18945043513352], 'normal': [-0.09174373284715973, 0.6123176177312429, -0.7852707956489943], 'radius': 2.331453546657774}",0.643954356868506,8429.799774,4.662907093315548,"{'center': [151.9660829558615, 165.5024360259251], 'axes': [Decimal('26.319452142887442'), 35.61379015287599], 'angle': -81.36669056021752}","[151.9660829558615, 165.5024360259251]",35.61379015287599,"{'center': [Decimal('0.044386730663660674'), Decimal('-1.3589258109710656'), 90.61269998292146], 'radius': 12.0}","{'center': [Decimal('160.30370768133668'), Decimal('110.70181108210151')], 'axes': [Decimal('164.21539147166524'), Decimal('164.21539147166524')], 'angle': 90.0}",0.7316926596785622,120,8281.920388,2.2297850246334154,-1.6870997763595237,"[0.4748940092370672, 0.3104065165586454]",pupil.1,1,3d c++,1581666470.255004,0.4748940092370672,0.3104065165586454
"{'center': [-0.9524780208987289, 5.767306879753253, 81.00941573716759], 'normal': [-0.08307206263019913, 0.5938527242270265, -0.800273687146156], 'radius': Decimal('2.3465607353601126')}",0.9088737204744146,8429.808174,4.693121470720225,"{'center': [152.7426695938374, Decimal('163.90570297855356')], 'axes': [27.19913533366024, 35.92395032931311], 'angle': -81.92816405104625}","[152.7426695938374, Decimal('163.90570297855356')]",35.92395032931311,"{'center': [Decimal('0.044386730663660674'), Decimal('-1.3589258109710656'), 90.61269998292146], 'radius': 12.0}","{'center': [Decimal('160.30370768133668'), Decimal('110.70181108210151')], 'axes': [Decimal('164.21539147166524'), Decimal('164.21539147166524')], 'angle': 90.0}",0.7314084050769276,120,8281.920388,2.2066352815189467,-1.6742304399226626,"[0.4773208424807419, Decimal('0.31705957092269343')]",pupil.1,1,3d c++,1581666470.26225,0.4773208424807419,0.31705957092269343
"{'center': [-0.9769109594784038, Decimal('5.7632193244434955'), 81.00895073076993], 'normal': [-0.08510814084517204, 0.5935120946178801, -0.8003124376792946], 'radius': Decimal('2.3312895545985457')}",0.9005302456720995,8429.816574,4.662579109197091,"{'center': [Decimal('152.55599410561416'), Decimal('163.87782288033821')], 'axes': [Decimal('27.023709926008266'), 35.69029815234776], 'angle': -81.72744955503323}","[Decimal('152.55599410561416'), Decimal('163.87782288033821')]",35.69029815234776,"{'center': [Decimal('0.044386730663660674'), Decimal('-1.3589258109710656'), 90.61269998292146], 'radius': 12.0}","{'center': [Decimal('160.30370768133668'), Decimal('110.70181108210151')], 'axes': [Decimal('164.21539147166524'), Decimal('164.21539147166524')], 'angle': 90.0}",0.7310674327682065,120,8281.920388,2.206211981095454,-1.6767417899393178,"[Decimal('0.47673748158004425'), 0.3171757379985908]",pupil.1,1,3d c++,1581666470.2700338,0.47673748158004425,0.3171757379985908
"{'center': [-0.9735960944151396, 5.774995711868285, 81.0173430498098], 'normal': [-0.08483190208990003, 0.5944934602366125, -0.7996130777593052], 'radius': 2.306755647004008}",0.9933652961257082,8429.824974,4.613511294008016,"{'center': [Decimal('152.58130342887443'), 163.9681349063979], 'axes': [Decimal('26.706588383616268'), 35.31094849079483], 'angle': -81.76782578001921}","[Decimal('152.58130342887443'), 163.9681349063979]",35.31094849079483,"{'center': [Decimal('0.044386730663660674'), Decimal('-1.3589258109710656'), 90.61269998292146], 'radius': 12.0}","{'center': [Decimal('160.30370768133668'), Decimal('110.70181108210151')], 'axes': [Decimal('164.21539147166524'), Decimal('164.21539147166524')], 'angle': 90.0}",0.7304636432511669,120,8281.920388,2.20743188280968,-1.6764921514549924,"[Decimal('0.47681657321523263'), Decimal('0.31679943789000875')]",pupil.1,1,3d c++,1581666470.282263,0.47681657321523263,0.31679943789000875
"{'center': [-0.972537396655808, 5.779096959400632, 81.02028129684803], 'normal': [-0.08474367727662238, 0.5948352308643081, -0.7993682238394524], 'radius': Decimal('2.3013537857524704')}",0.9969094365427639,8429.833374,4.602707571504941,"{'center': [152.5894779308903, 163.9989495003345], 'axes': [Decimal('26.632639328781607'), Decimal('35.226962148584306')], 'angle': -81.78109065008475}","[152.5894779308903, 163.9989495003345]",35.226962148584306,"{'center': [Decimal('0.044386730663660674'), Decimal('-1.3589258109710656'), 90.61269998292146], 'radius': 12.0}","{'center': [Decimal('160.30370768133668'), Decimal('110.70181108210151')], 'axes': [Decimal('164.21539147166524'), Decimal('164.21539147166524')], 'angle': 90.0}",0.7302982167956662,120,8281.920388,2.207856984369997,-1.6764151460817271,"[0.4768421185340322, 0.3166710437486062]",pupil.1,1,3d c++,1581666470.289557,0.4768421185340322,0.3166710437486062
"{'center': [-0.9752074405007518, 5.794379036560883, 81.03195588424083], 'normal': [-0.08496618093036772, 0.5961087372943291, -0.7983953415567182], 'radius': 2.316763825989324}",0.9961622688730913,8429.841774,4.633527651978648,"{'center': [Decimal('152.57057114325596'), Decimal('164.10641336262188')], 'axes': [Decimal('26.765566391235925'), Decimal('35.457825790171995')], 'angle': -81.77755988500176}","[Decimal('152.57057114325596'), Decimal('164.10641336262188')]",35.457825790171995,"{'center': [Decimal('0.044386730663660674'), Decimal('-1.3589258109710656'), 90.61269998292146], 'radius': 12.0}","{'center': [Decimal('160.30370768133668'), Decimal('110.70181108210151')], 'axes': [Decimal('164.21539147166524'), Decimal('164.21539147166524')], 'angle': 90.0}",0.7299378324740147,120,8281.920388,2.2094421781844984,-1.676818466554201,"[Decimal('0.47678303482267487'), 0.3162232776557422]",pupil.1,1,3d c++,1581666470.297057,0.47678303482267487,0.3162232776557422
"{'center': [-0.9759601657752872, 5.795716860299791, 81.03303503797909], 'normal': [-0.085028908036579, 0.5962202226059047, -0.7983054120785306], 'radius': Decimal('2.3182011223978893')}",0.997446294012075,8429.850174,4.636402244795779,"{'center': [Decimal('152.56496933735247'), Decimal('164.11577183318437')], 'axes': [26.77797008174825, 35.4793595010834], 'angle': -81.77310842608652}","[Decimal('152.56496933735247'), Decimal('164.11577183318437')]",35.4793595010834,"{'center': [Decimal('0.044386730663660674'), Decimal('-1.3589258109710656'), 90.61269998292146], 'radius': 12.0}","{'center': [Decimal('160.30370768133668'), Decimal('110.70181108210151')], 'axes': [Decimal('164.21539147166524'), Decimal('164.21539147166524')], 'angle': 90.0}",0.729607433128876,120,8281.920388,2.2095810379968808,-1.676908015230518,"[Decimal('0.47676552917922643'), 0.3161842840283985]",pupil.1,1,3d c++,1581666470.3049786,0.47676552917922643,0.3161842840283985
"{'center': [-0.9764077306446717, 5.814779516882403, 81.0473494646765], 'normal': [-0.0850662051090277, 0.5978087773211224, -0.7971125431870795], 'radius': 2.314327461922393}",0.9983338544076618,8429.858574,4.628654923844786,"{'center': [Decimal('152.56269693735936'), Decimal('164.25443851975902')], 'axes': [26.6775022787488, 35.41382627543856], 'angle': -81.79169450133006}","[Decimal('152.56269693735936'), Decimal('164.25443851975902')]",35.41382627543856,"{'center': [Decimal('0.044386730663660674'), Decimal('-1.3589258109710656'), 90.61269998292146], 'radius': 12.0}","{'center': [Decimal('160.30370768133668'), Decimal('110.70181108210151')], 'axes': [Decimal('164.21539147166524'), Decimal('164.21539147166524')], 'angle': 90.0}",0.7298547209658834,120,8281.920388,2.21156121141953,-1.6771118816544082,"[0.476758427929248, 0.3156065061676707]",pupil.1,1,3d c++,1581666470.31324,0.476758427929248,0.3156065061676707
"{'center': [-0.9773943076210945, 5.81017626649904, 81.04400420383978], 'normal': [-0.08514841985706292, 0.5974251731225088, -0.7973913149234733], 'radius': 2.316731418701488}",0.9963229228909002,8429.866974,4.633462837402976,"{'center': [Decimal('152.55495608248418'), Decimal('164.22061116645222')], 'axes': [Decimal('26.718249977817333'), 35.45208006559393], 'angle': -81.77849435858137}","[Decimal('152.55495608248418'), Decimal('164.22061116645222')]",35.45208006559393,"{'center': [Decimal('0.044386730663660674'), Decimal('-1.3589258109710656'), 90.61269998292146], 'radius': 12.0}","{'center': [Decimal('160.30370768133668'), Decimal('110.70181108210151')], 'axes': [Decimal('164.21539147166524'), Decimal('164.21539147166524')], 'angle': 90.0}",0.7294198422505005,120,8281.920388,2.211082771725133,-1.6771769358680577,"[0.4767342377577631, 0.3157474534731157]",pupil.1,1,3d c++,1581666470.3220868,0.4767342377577631,0.3157474534731157
"{'center': [-0.9879959919621932, 5.808170439324285, 81.04363956650512], 'normal': [-0.08603189355215449, 0.5972580208579459, -0.797421701368028], 'radius': Decimal('2.3159715294666463')}",0.9974401279620462,8429.875374,4.631943058933293,"{'center': [152.4741308920004, 164.2056658974771], 'axes': [26.71084154486285, 35.44060846728842], 'angle': -81.69169784539898}","[152.4741308920004, 164.2056658974771]",35.44060846728842,"{'center': [Decimal('0.044386730663660674'), Decimal('-1.3589258109710656'), 90.61269998292146], 'radius': 12.0}","{'center': [Decimal('160.30370768133668'), Decimal('110.70181108210151')], 'axes': [Decimal('164.21539147166524'), Decimal('164.21539147166524')], 'angle': 90.0}",0.7291412516719498,120,8281.920388,2.2108743490418754,-1.6782682069854045,"[0.4764816590375013, 0.3158097254271788]",pupil.1,1,3d c++,1581666470.329676,0.4764816590375013,0.3158097254271788
"{'center': [-0.979352089591927, 5.788836573899948, 81.02826198597428], 'normal': [-0.0853115683546323, 0.5956468654059178, -0.7987031664122644], 'radius': Decimal('2.3130757638639396')}",0.9973427699672593,8429.883774,4.626151527727879,"{'center': [Decimal('152.53856425675332'), 164.0667948155276], 'axes': [Decimal('26.737280259043875'), Decimal('35.402971565451395')], 'angle': -81.73798350649473}","[Decimal('152.53856425675332'), 164.0667948155276]",35.402971565451395,"{'center': [Decimal('0.044386730663660674'), Decimal('-1.3589258109710656'), 90.61269998292146], 'radius': 12.0}","{'center': [Decimal('160.30370768133668'), Decimal('110.70181108210151')], 'axes': [Decimal('164.21539147166524'), Decimal('164.21539147166524')], 'angle': 90.0}",0.7291645996323592,120,8281.920388,2.2088670490406797,-1.6772054871531077,"[Decimal('0.47668301330235413'), 0.3163883549353017]",pupil.1,1,3d c++,1581666470.3413,0.47668301330235413,0.3163883549353017
"{'center': [-0.9774542242342619, Decimal('5.8118445640467105'), 81.0452607596151], 'normal': [-0.08515341290816023, 0.597564197918148, -0.7972866019421955], 'radius': Decimal('2.3402696579314575')}",0.9965680116429243,8429.892173,4.680539315862915,"{'center': [Decimal('152.55526643825004'), 164.2280146938918], 'axes': [Decimal('26.984931265949275'), 35.811832909825], 'angle': -81.77995351867177}","[Decimal('152.55526643825004'), 164.2280146938918]",35.811832909825,"{'center': [Decimal('0.044386730663660674'), Decimal('-1.3589258109710656'), 90.61269998292146], 'radius': 12.0}","{'center': [Decimal('160.30370768133668'), Decimal('110.70181108210151')], 'axes': [Decimal('164.21539147166524'), Decimal('164.21539147166524')], 'angle': 90.0}",0.728512162368522,120,8281.920388,2.211256146833809,-1.677196994279657,"[Decimal('0.47673520761953136'), Decimal('0.31571660544211755')]",pupil.1,1,3d c++,1581666470.345988,0.47673520761953136,0.31571660544211755
"{'center': [-0.9896509953796717, 5.79901360160021, 81.03696662473536], 'normal': [-0.08616981050361104, 0.5964949510476063, -0.7979777798488411], 'radius': Decimal('2.3129313473085795')}",0.9971472254791771,8429.900573,4.625862694617159,"{'center': [Decimal('152.46084768634978'), Decimal('164.13991649160386')], 'axes': [Decimal('26.701694698871474'), 35.3969746259292], 'angle': -81.6677334771899}","[Decimal('152.46084768634978'), Decimal('164.13991649160386')]",35.3969746259292,"{'center': [Decimal('0.044386730663660674'), Decimal('-1.3589258109710656'), 90.61269998292146], 'radius': 12.0}","{'center': [Decimal('160.30370768133668'), Decimal('110.70181108210151')], 'axes': [Decimal('164.21539147166524'), Decimal('164.21539147166524')], 'angle': 90.0}",0.7281167876996397,120,8281.920388,2.2099232853839412,-1.67836473301099,"[Decimal('0.47644014901984305'), 0.316083681284984]",pupil.1,1,3d c++,1581666470.35517,0.47644014901984305,0.316083681284984
"{'center': [-0.9881329377102779, 5.806753006475658, 81.04259286650858], 'normal': [-0.08604330569782823, 0.5971399014538936, -0.7975089263677393], 'radius': 2.346524644287258}",0.9971534751231629,8429.908973,4.693049288574516,"{'center': [Decimal('152.47385896913175'), Decimal('164.18934641229936')], 'axes': [27.06756191949925, Decimal('35.908757192965474')], 'angle': -81.6889401091855}","[Decimal('152.47385896913175'), Decimal('164.18934641229936')]",35.908757192965474,"{'center': [Decimal('0.044386730663660674'), Decimal('-1.3589258109710656'), 90.61269998292146], 'radius': 12.0}","{'center': [Decimal('160.30370768133668'), Decimal('110.70181108210151')], 'axes': [Decimal('164.21539147166524'), Decimal('164.21539147166524')], 'angle': 90.0}",0.7277380834159408,120,8281.920388,2.210727085091028,-1.6782706879868967,"[Decimal('0.47648080927853675'), Decimal('0.31587772328208596')]",pupil.1,1,3d c++,1581666470.3657868,0.47648080927853675,0.31587772328208596
"{'center': [-0.9907591971327203, 5.806154786477488, 81.04242867327548], 'normal': [-0.08626216064969842, 0.5970900497873795, -0.7975226091371644], 'radius': 2.350621992959783}",0.996787508572742,8429.917373,4.701243985919566,"{'center': [Decimal('152.45395441915105'), Decimal('164.18405487303556')], 'axes': [Decimal('27.115488242136482'), 35.97155083578503], 'angle': -81.66731315541367}","[Decimal('152.45395441915105'), Decimal('164.18405487303556')]",35.97155083578503,"{'center': [Decimal('0.044386730663660674'), Decimal('-1.3589258109710656'), 90.61269998292146], 'radius': 12.0}","{'center': [Decimal('160.30370768133668'), Decimal('110.70181108210151')], 'axes': [Decimal('164.21539147166524'), Decimal('164.21539147166524')], 'angle': 90.0}",0.7274903456121473,120,8281.920388,2.2106649379680885,-1.6785401113624205,"[0.476418607559847, 0.3158997713623518]",pupil.1,1,3d c++,1581666470.375818,0.476418607559847,0.3158997713623518
"{'center': [-0.9954771129548108, 5.800381489796363, 81.03862027989447], 'normal': [-0.08665532030153929, 0.5966089417306191, -0.7978399752522484], 'radius': 2.342638788586746}",0.9971891953921729,8429.925773,4.685277577173492,"{'center': [Decimal('152.41744727103745'), Decimal('164.14361301073689')], 'axes': [Decimal('27.038313462752445'), Decimal('35.851025064544146')], 'angle': -81.6228954068885}","[Decimal('152.41744727103745'), Decimal('164.14361301073689')]",35.851025064544146,"{'center': [Decimal('0.044386730663660674'), Decimal('-1.3589258109710656'), 90.61269998292146], 'radius': 12.0}","{'center': [Decimal('160.30370768133668'), Decimal('110.70181108210151')], 'axes': [Decimal('164.21539147166524'), Decimal('164.21539147166524')], 'angle': 90.0}",0.7271796100326244,120,8281.920388,2.210065316669434,-1.6789846440155967,"[Decimal('0.47630452272199203'), 0.3160682791219297]",pupil.1,1,3d c++,1581666470.3816476,0.47630452272199203,0.3160682791219297
"{'center': [-0.9953442668052521, 5.797617639264727, 81.0365397243528], 'normal': [-0.08664424978907607, 0.5963786208529828, -0.7980133548807203], 'radius': 2.327549173072785}",0.9980014307781777,8429.934173,4.65509834614557,"{'center': [Decimal('152.41784443805125'), Decimal('164.12661527873382')], 'axes': [Decimal('26.872189706338204'), Decimal('35.620939499672765')], 'angle': -81.62067949239412}","[Decimal('152.41784443805125'), Decimal('164.12661527873382')]",35.620939499672765,"{'center': [Decimal('0.044386730663660674'), Decimal('-1.3589258109710656'), 90.61269998292146], 'radius': 12.0}","{'center': [Decimal('160.30370768133668'), Decimal('110.70181108210151')], 'axes': [Decimal('164.21539147166524'), Decimal('164.21539147166524')], 'angle': 90.0}",0.7273925316023111,120,8281.920388,2.2097783545449294,-1.678947610571665,"[Decimal('0.47630576386891016'), 0.3161391030052757]",pupil.1,1,3d c++,1581666470.389981,0.47630576386891016,0.3161391030052757
"{'center': [-0.9889432021553393, 5.809489519094459, 81.04472993146217], 'normal': [-0.08611082773491667, 0.597367944172127, -0.7973308376216074], 'radius': Decimal('2.3293201006319135')}",0.9975319070805512,8429.942573,4.658640201263827,"{'center': [Decimal('152.46738643478048'), 164.2125198708068], 'axes': [Decimal('26.860612889035227'), 35.64446140262636], 'angle': -81.68570209773473}","[Decimal('152.46738643478048'), 164.2125198708068]",35.64446140262636,"{'center': [Decimal('0.044386730663660674'), Decimal('-1.3589258109710656'), 90.61269998292146], 'radius': 12.0}","{'center': [Decimal('160.30370768133668'), Decimal('110.70181108210151')], 'axes': [Decimal('164.21539147166524'), Decimal('164.21539147166524')], 'angle': 90.0}",0.7275635363400257,120,8281.920388,2.211011409124683,-1.6783782180535425,"[0.476460582608689, 0.3157811672049716]",pupil.1,1,3d c++,1581666470.397986,0.476460582608689,0.3157811672049716
"{'center': [-0.9920657263730404, 5.806998766260655, 81.04320202024186], 'normal': [-0.08637103808639175, 0.5971603814359767, -0.7974581635566331], 'radius': Decimal('2.3351172212567692')}",0.9323697792323091,8429.950973,4.6702344425135385,"{'center': [Decimal('152.44362747902656'), Decimal('164.19317748994675')], 'axes': [Decimal('26.933482245872973'), 35.73387005771343], 'angle': -81.65790091676628}","[Decimal('152.44362747902656'), Decimal('164.19317748994675')]",35.73387005771343,"{'center': [Decimal('0.044386730663660674'), Decimal('-1.3589258109710656'), 90.61269998292146], 'radius': 12.0}","{'center': [Decimal('160.30370768133668'), Decimal('110.70181108210151')], 'axes': [Decimal('164.21539147166524'), Decimal('164.21539147166524')], 'angle': 90.0}",0.7275956762279545,120,8281.920388,2.210752617106122,-1.678683700851784,"[0.476386335871958, 0.3158617604585552]",pupil.1,1,3d c++,1581666470.4058778,0.476386335871958,0.3158617604585552
"{'center': [-0.9951188922144534, 5.799840048880419, 81.03817652617283], 'normal': [-0.08662546857317618, 0.5965638216542904, -0.797876954729052], 'radius': Decimal('2.3240653293836857')}",0.9978003035963501,8429.959373,4.648130658767371,"{'center': [Decimal('152.41960770174856'), Decimal('164.14339931304585')], 'axes': [26.82554918112217, 35.56689113054749], 'angle': -81.62511081819636}","[Decimal('152.41960770174856'), Decimal('164.14339931304585')]",35.56689113054749,"{'center': [Decimal('0.044386730663660674'), Decimal('-1.3589258109710656'), 90.61269998292146], 'radius': 12.0}","{'center': [Decimal('160.30370768133668'), Decimal('110.70181108210151')], 'axes': [Decimal('164.21539147166524'), Decimal('164.21539147166524')], 'angle': 90.0}",0.727883969340859,120,8281.920388,2.210009095698954,-1.6789426908825191,"[Decimal('0.47631127406796425'), 0.3160691695289757]",pupil.1,1,3d c++,1581666470.413697,0.47631127406796425,0.3160691695289757
"{'center': [-1.001425674431374, 5.79789323813268, 81.03740795020856], 'normal': [-0.08715103375791956, 0.5964015874253121, -0.7979410027260747], 'radius': Decimal('2.3395979344020175')}",0.99724639534601,8429.967773,4.679195868804035,"{'center': [152.371932367613, 164.1258809458388], 'axes': [Decimal('27.007929647922857'), 35.80500886527206], 'angle': -81.5725167791757}","[152.371932367613, 164.1258809458388]",35.80500886527206,"{'center': [Decimal('0.044386730663660674'), Decimal('-1.3589258109710656'), 90.61269998292146], 'radius': 12.0}","{'center': [Decimal('160.30370768133668'), Decimal('110.70181108210151')], 'axes': [Decimal('164.21539147166524'), Decimal('164.21539147166524')], 'angle': 90.0}",0.7275463266476656,120,8281.920388,2.2098069663835544,-1.6795850113016726,"[0.4761622886487906, Decimal('0.31614216272567175')]",pupil.1,1,3d c++,1581666470.4234939,0.4761622886487906,0.31614216272567175
"{'center': [-0.9989156547327556, 5.811971380060358, 81.04767235053671], 'normal': [-0.08694186544970135, 0.5975747659192853, -0.7970856360320624], 'radius': 2.345555988845279}",0.9973726478153818,8429.976173,4.691111977690558,"{'center': [152.3921389875891, 164.2266920349358], 'axes': [Decimal('27.036294765872295'), Decimal('35.891690554901636')], 'angle': -81.60924187062533}","[152.3921389875891, 164.2266920349358]",35.891690554901636,"{'center': [Decimal('0.044386730663660674'), Decimal('-1.3589258109710656'), 90.61269998292146], 'radius': 12.0}","{'center': [Decimal('160.30370768133668'), Decimal('110.70181108210151')], 'axes': [Decimal('164.21539147166524'), Decimal('164.21539147166524')], 'angle': 90.0}",0.7274995273843565,120,8281.920388,2.2112693268978245,-1.6794415102947287,"[Decimal('0.47622543433621595'), 0.3157221165211008]",pupil.1,1,3d c++,1581666470.430138,0.47622543433621595,0.3157221165211008
"{'center': [-0.9987985235487684, 5.815717665572251, 81.05046930645855], 'normal': [-0.08693210451770242, 0.5978869563786097, -0.7968525563719085], 'radius': 2.345378894440728}",0.9978085026382357,8429.984573,4.690757788881456,"{'center': [Decimal('152.39327470471892'), 164.2538318276031], 'axes': [27.02322904273904, 35.88774646151828], 'angle': -81.61461011723105}","[Decimal('152.39327470471892'), 164.2538318276031]",35.88774646151828,"{'center': [Decimal('0.044386730663660674'), Decimal('-1.3589258109710656'), 90.61269998292146], 'radius': 12.0}","{'center': [Decimal('160.30370768133668'), Decimal('110.70181108210151')], 'axes': [Decimal('164.21539147166524'), Decimal('164.21539147166524')], 'angle': 90.0}",0.7274905277026456,120,8281.920388,2.211658739017692,-1.679460934188729,"[0.4762289834522466, Decimal('0.31560903405165375')]",pupil.1,1,3d c++,1581666470.43922,0.4762289834522466,0.31560903405165375
"{'center': [-0.9990998029487275, 5.813628735210966, 81.04893518362755], 'normal': [-0.08695721113436569, 0.5977128788485027, -0.7969803999411583], 'radius': Decimal('2.3387807338482927')}",0.997904262434786,8429.992973,4.677561467696585,"{'center': [152.3906542147682, Decimal('164.24001960824876')], 'axes': [26.9531870490562, 35.78742879298765], 'angle': -81.6097406138519}","[152.3906542147682, Decimal('164.24001960824876')]",35.78742879298765,"{'center': [Decimal('0.044386730663660674'), Decimal('-1.3589258109710656'), 90.61269998292146], 'radius': 12.0}","{'center': [Decimal('160.30370768133668'), Decimal('110.70181108210151')], 'axes': [Decimal('164.21539147166524'), Decimal('164.21539147166524')], 'angle': 90.0}",0.7278660048217978,120,8281.920388,2.2114415887127663,-1.67947477183808,"[0.4762207944211506, Decimal('0.31566658496563016')]",pupil.1,1,3d c++,1581666470.450052,0.4762207944211506,0.31566658496563016
"{'center': [-0.9945596190332491, 5.821581433122228, 81.05441006264935], 'normal': [-0.08657886247474249, 0.5983756036744411, -0.7965241600226749], 'radius': Decimal('2.3515247704756352')}",0.9975632316833754,8430.001373,4.7030495409512705,"{'center': [Decimal('152.42608858253945'), Decimal('164.29524935406974')], 'axes': [27.07853860186255, Decimal('35.980073613740494')], 'angle': -81.65523429924615}","[Decimal('152.42608858253945'), Decimal('164.29524935406974')]",35.980073613740494,"{'center': [Decimal('0.044386730663660674'), Decimal('-1.3589258109710656'), 90.61269998292146], 'radius': 12.0}","{'center': [Decimal('160.30370768133668'), Decimal('110.70181108210151')], 'axes': [Decimal('164.21539147166524'), Decimal('164.21539147166524')], 'angle': 90.0}",0.7278035654855852,120,8281.920388,2.2122684825325596,-1.6790671030658597,"[0.4763315268204358, Decimal('0.31543646102470946')]",pupil.1,1,3d c++,1581666470.457818,0.4763315268204358,0.31543646102470946
"{'center': [-0.9974261618141271, Decimal('5.8093843812574315'), 81.04557110926976], 'normal': [-0.08681774103981565, 0.5973591826857081, -0.7972607394709754], 'radius': Decimal('2.3488088931193536')}",0.9973380709516402,8430.009773,4.697617786238707,"{'center': [Decimal('152.40339232161148'), Decimal('164.20741171469246')], 'axes': [Decimal('27.082115984487764'), 35.94240949534462], 'angle': -81.61803268511555}","[Decimal('152.40339232161148'), Decimal('164.20741171469246')]",35.94240949534462,"{'center': [Decimal('0.044386730663660674'), Decimal('-1.3589258109710656'), 90.61269998292146], 'radius': 12.0}","{'center': [Decimal('160.30370768133668'), Decimal('110.70181108210151')], 'axes': [Decimal('164.21539147166524'), Decimal('164.21539147166524')], 'angle': 90.0}",0.7275168056682824,120,8281.920388,2.2110004841769393,-1.6792639741952176,"[Decimal('0.47626060100503587'), 0.3158024511887815]",pupil.1,1,3d c++,1581666470.466452,0.47626060100503587,0.3158024511887815
"{'center': [-0.9805354626169216, 5.816013214118696, 81.04871626880082], 'normal': [-0.08541018277338186, 0.5979115854241468, -0.796998642843387], 'radius': Decimal('2.3454391016363827')}",0.9973370708842325,8430.018173,4.690878203272765,"{'center': [Decimal('152.53224067361694'), Decimal('164.25696960153414')], 'axes': [Decimal('27.030936477093285'), 35.88943865914811], 'angle': -81.76026594695989}","[Decimal('152.53224067361694'), Decimal('164.25696960153414')]",35.88943865914811,"{'center': [Decimal('0.044386730663660674'), Decimal('-1.3589258109710656'), 90.61269998292146], 'radius': 12.0}","{'center': [Decimal('160.30370768133668'), Decimal('110.70181108210151')], 'axes': [Decimal('164.21539147166524'), Decimal('164.21539147166524')], 'angle': 90.0}",0.7273698078248625,120,8281.920388,2.211689464977079,-1.6775536716463855,"[Decimal('0.47666325210505295'), 0.3155959599936078]",pupil.1,1,3d c++,1581666470.4738212,0.47666325210505295,0.3155959599936078
"{'center': [-0.994804546125349, 5.785171980177291, 81.02719278503386], 'normal': [-0.08659927306575081, 0.5953414825956964, -0.7987922664906326], 'radius': Decimal('2.3349826992943608')}",0.996536749187074,8430.026572,4.6699653985887215,"{'center': [Decimal('152.42134032263286'), 164.0350890816913], 'axes': [26.99476978665202, Decimal('35.738841999940625')], 'angle': -81.6102074939293}","[Decimal('152.42134032263286'), 164.0350890816913]",35.738841999940625,"{'center': [Decimal('0.044386730663660674'), Decimal('-1.3589258109710656'), 90.61269998292146], 'radius': 12.0}","{'center': [Decimal('160.30370768133668'), Decimal('110.70181108210151')], 'axes': [Decimal('164.21539147166524'), Decimal('164.21539147166524')], 'angle': 90.0}",0.7270488702966649,120,8281.920388,2.208486916899112,-1.678787318764646,"[Decimal('0.47631668850822767'), 0.3165204621596196]",pupil.1,1,3d c++,1581666470.482616,0.47631668850822767,0.3165204621596196
"{'center': [Decimal('-1.0081045289342527'), 5.796190426936326, 81.0368671851694], 'normal': [-0.08770760496649278, 0.5962596864922826, -0.7979860664793381], 'radius': 2.343121973090231}",0.9542268618143904,8430.034972,4.686243946180462,"{'center': [152.3211015051815, Decimal('164.11248280202463')], 'axes': [Decimal('27.050726823599337'), Decimal('35.859196015195856')], 'angle': -81.51723524713123}","[152.3211015051815, Decimal('164.11248280202463')]",35.859196015195856,"{'center': [Decimal('0.044386730663660674'), Decimal('-1.3589258109710656'), 90.61269998292146], 'radius': 12.0}","{'center': [Decimal('160.30370768133668'), Decimal('110.70181108210151')], 'axes': [Decimal('164.21539147166524'), Decimal('164.21539147166524')], 'angle': 90.0}",0.7269168838082263,120,8281.920388,2.2096301954182587,-1.6802681128910573,"[0.4760034422036922, 0.3161979883248974]",pupil.1,1,3d c++,1581666470.490672,0.4760034422036922,0.3161979883248974
"{'center': [-0.9989122168021032, 5.78357514361037, 81.02644902542926], 'normal': [-0.08694157895548033, 0.5952084128817863, -0.7988542464576833], 'radius': Decimal('2.3509389423436597')}",0.9969178275323738,8430.043372,4.7018778846873195,"{'center': [Decimal('152.39043384290957'), Decimal('164.02012408857146')], 'axes': [Decimal('27.182269562143958'), 35.98346914457176], 'angle': -81.5754885191009}","[Decimal('152.39043384290957'), Decimal('164.02012408857146')]",35.98346914457176,"{'center': [Decimal('0.044386730663660674'), Decimal('-1.3589258109710656'), 90.61269998292146], 'radius': 12.0}","{'center': [Decimal('160.30370768133668'), Decimal('110.70181108210151')], 'axes': [Decimal('164.21539147166524'), Decimal('164.21539147166524')], 'angle': 90.0}",0.7267129806008299,120,8281.920388,2.2083213088626197,-1.6792025047457348,"[0.4762201057590924, Decimal('0.31658281629761886')]",pupil.1,1,3d c++,1581666470.4974358,0.4762201057590924,0.31658281629761886
"{'center': [-1.003125211050173, 5.824340130199287, 81.05741824189525], 'normal': [-0.08729266180948614, 0.5986054950975294, -0.7962734784188511], 'radius': Decimal('2.3855476409313914')}",0.9966035824030378,8430.051772,4.771095281862783,"{'center': [Decimal('152.36210263475556'), Decimal('164.30786526117782')], 'axes': [Decimal('27.458463112530126'), 36.49946482912641], 'angle': -81.59043109355757}","[Decimal('152.36210263475556'), Decimal('164.30786526117782')]",36.49946482912641,"{'center': [Decimal('0.044386730663660674'), Decimal('-1.3589258109710656'), 90.61269998292146], 'radius': 12.0}","{'center': [Decimal('160.30370768133668'), Decimal('110.70181108210151')], 'axes': [Decimal('164.21539147166524'), Decimal('164.21539147166524')], 'angle': 90.0}",0.7263666157036885,120,8281.920388,2.212555441532513,-1.6799867881984543,"[0.4761315707336111, Decimal('0.31538389474509243')]",pupil.1,1,3d c++,1581666470.505986,0.4761315707336111,0.31538389474509243
"{'center': [Decimal('-1.0006417019299148'), 5.804018961238029, 81.04190389454126], 'normal': [-0.08708570271613128, 0.5969120643507578, -0.7975663406983488], 'radius': Decimal('2.3702912839767825')}",0.9921987616226418,8430.060172,4.740582567953565,"{'center': [Decimal('152.37919277730356'), Decimal('164.16410540625725')], 'axes': [Decimal('27.344556702941787'), 36.27287839933172], 'angle': -81.58605710889373}","[Decimal('152.37919277730356'), Decimal('164.16410540625725')]",36.27287839933172,"{'center': [Decimal('0.044386730663660674'), Decimal('-1.3589258109710656'), 90.61269998292146], 'radius': 12.0}","{'center': [Decimal('160.30370768133668'), Decimal('110.70181108210151')], 'axes': [Decimal('164.21539147166524'), Decimal('164.21539147166524')], 'angle': 90.0}",0.7263066887914227,120,8281.920388,2.2104430775048867,-1.6795547657752743,"[0.4761849774290736, Decimal('0.31598289414059477')]",pupil.1,1,3d c++,1581666470.5151842,0.4761849774290736,0.31598289414059477
"{'center': [Decimal('-1.0058940089754176'), 5.775385017560815, 81.02111411978933], 'normal': [-0.0875233949699232, 0.5945259023776567, -0.7992988219276768], 'radius': 2.344763376519045}",0.9974348065095173,8430.068572,4.68952675303809,"{'center': [152.3365798001609, 163.9616675836143], 'axes': [Decimal('27.131825494082808'), 35.89127149718636], 'angle': -81.50986454146597}","[152.3365798001609, 163.9616675836143]",35.89127149718636,"{'center': [Decimal('0.044386730663660674'), Decimal('-1.3589258109710656'), 90.61269998292146], 'radius': 12.0}","{'center': [Decimal('160.30370768133668'), Decimal('110.70181108210151')], 'axes': [Decimal('164.21539147166524'), Decimal('164.21539147166524')], 'angle': 90.0}",0.7264041353080897,120,8281.920388,2.2074722292926627,-1.679862019504417,"[Decimal('0.47605181187550283'), Decimal('0.31682638506827376')]",pupil.1,1,3d c++,1581666470.521431,0.47605181187550283,0.31682638506827376
"{'center': [Decimal('-1.0011551141900819'), 5.794368988416016, 81.03474530753687], 'normal': [-0.0871284870711452, 0.5961078999489234, -0.7981628896153827], 'radius': Decimal('2.3567626154712498')}",0.9979098459337578,8430.076972,4.7135252309424995,"{'center': [Decimal('152.37425186294035'), Decimal('164.09696518503594')], 'axes': [Decimal('27.216749927922177'), Decimal('36.068956248236645')], 'angle': -81.57046952187383}","[Decimal('152.37425186294035'), Decimal('164.09696518503594')]",36.068956248236645,"{'center': [Decimal('0.044386730663660674'), Decimal('-1.3589258109710656'), 90.61269998292146], 'radius': 12.0}","{'center': [Decimal('160.30370768133668'), Decimal('110.70181108210151')], 'axes': [Decimal('164.21539147166524'), Decimal('164.21539147166524')], 'angle': 90.0}",0.72642448168585,120,8281.920388,2.2094411352884857,-1.6795270908324154,"[Decimal('0.47616953707168863'), Decimal('0.31626264506235024')]",pupil.1,1,3d c++,1581666470.5352874,0.47616953707168863,0.31626264506235024
"{'center': [Decimal('-1.0020630384139382'), 5.795726105092054, 81.03585818404163], 'normal': [-0.08720414742313323, 0.59622099300526, -0.7980701499066521], 'radius': Decimal('2.3456322476143967')}",0.9969531804976879,8430.085372,4.691264495228793,"{'center': [152.367112110815, Decimal('164.10896059793754')], 'axes': [Decimal('27.083739481371495'), 35.89806931597323], 'angle': -81.56484898881536}","[152.367112110815, Decimal('164.10896059793754')]",35.89806931597323,"{'center': [Decimal('0.044386730663660674'), Decimal('-1.3589258109710656'), 90.61269998292146], 'radius': 12.0}","{'center': [Decimal('160.30370768133668'), Decimal('110.70181108210151')], 'axes': [Decimal('164.21539147166524'), Decimal('164.21539147166524')], 'angle': 90.0}",0.7263961209273306,120,8281.920388,2.2095819976126565,-1.6796333130418677,"[Decimal('0.47614722534629683'), 0.3162126641752603]",pupil.1,1,3d c++,1581666470.542454,0.47614722534629683,0.3162126641752603
"{'center': [Decimal('-1.0031853630259464'), 5.799952999555849, 81.03914020169528], 'normal': [-0.08729767447413393, 0.5965732342105762, -0.7977966484355152], 'radius': Decimal('2.3513694233623825')}",0.9976047321552076,8430.093772,4.702738846724765,"{'center': [Decimal('152.35902027878132'), Decimal('164.13834090543835')], 'axes': [Decimal('27.137042500072944'), Decimal('35.984447958966406')], 'angle': -81.5609469806879}","[Decimal('152.35902027878132'), Decimal('164.13834090543835')]",35.984447958966406,"{'center': [Decimal('0.044386730663660674'), Decimal('-1.3589258109710656'), 90.61269998292146], 'radius': 12.0}","{'center': [Decimal('160.30370768133668'), Decimal('110.70181108210151')], 'axes': [Decimal('164.21539147166524'), Decimal('164.21539147166524')], 'angle': 90.0}",0.7264360749419607,120,8281.920388,2.2100208238328833,-1.6797861766428788,"[0.4761219383711916, Decimal('0.31609024622734017')]",pupil.1,1,3d c++,1581666470.549654,0.4761219383711916,0.31609024622734017
"{'center': [-0.9987926396067308, 5.807521067533861, 81.04432415736939], 'normal': [-0.08693161418919929, 0.5972039065420772, -0.797364652129339], 'radius': Decimal('2.3421822349055215')}",0.9975675294123658,8430.102172,4.684364469811043,"{'center': [Decimal('152.39268170067174'), Decimal('164.19517704501538')], 'axes': [Decimal('27.010564054992464'), Decimal('35.841524168140154')], 'angle': -81.60494519437738}","[Decimal('152.39268170067174'), Decimal('164.19517704501538')]",35.841524168140154,"{'center': [Decimal('0.044386730663660674'), Decimal('-1.3589258109710656'), 90.61269998292146], 'radius': 12.0}","{'center': [Decimal('160.30370768133668'), Decimal('110.70181108210151')], 'axes': [Decimal('164.21539147166524'), Decimal('164.21539147166524')], 'angle': 90.0}",0.7263630020496126,120,8281.920388,2.2108068806631365,-1.6793910857789773,"[0.4762271303145992, 0.3158534289791025]",pupil.1,1,3d c++,1581666470.5575721,0.4762271303145992,0.3158534289791025
"{'center': [Decimal('-1.0148279700768894'), Decimal('5.7924334711843635'), 81.03480226811658], 'normal': [-0.08826789172837918, 0.5959466068462858, -0.7981581429004065], 'radius': Decimal('2.3769678679571666')}",0.9972050902687194,8430.110572,4.753935735914333,"{'center': [Decimal('152.27068594108584'), Decimal('164.07812667012013')], 'axes': [27.44992402761056, 36.37825910869474], 'angle': -81.45910275716358}","[Decimal('152.27068594108584'), Decimal('164.07812667012013')]",36.37825910869474,"{'center': [Decimal('0.044386730663660674'), Decimal('-1.3589258109710656'), 90.61269998292146], 'radius': 12.0}","{'center': [Decimal('160.30370768133668'), Decimal('110.70181108210151')], 'axes': [Decimal('164.21539147166524'), Decimal('164.21539147166524')], 'angle': 90.0}",0.7264060990827215,120,8281.920388,2.2092402631916777,-1.6809382459679658,"[Decimal('0.47584589356589324'), Decimal('0.31634113887449944')]",pupil.1,1,3d c++,1581666470.5650284,0.47584589356589324,0.31634113887449944
"{'center': [-1.016751412152608, 5.787179119717408, 81.03109415918553], 'normal': [-0.0884281785680224, 0.5955087442240394, -0.7984671519779943], 'radius': 2.358362415754213}",0.9972333387124127,8430.118972,4.716724831508426,"{'center': [Decimal('152.25514839400552'), Decimal('164.04373005333736')], 'axes': [27.24962446111559, 36.09506943228152], 'angle': -81.43740008608734}","[Decimal('152.25514839400552'), Decimal('164.04373005333736')]",36.09506943228152,"{'center': [Decimal('0.044386730663660674'), Decimal('-1.3589258109710656'), 90.61269998292146], 'radius': 12.0}","{'center': [Decimal('160.30370768133668'), Decimal('110.70181108210151')], 'axes': [Decimal('164.21539147166524'), Decimal('164.21539147166524')], 'angle': 90.0}",0.7265247965246413,120,8281.920388,2.208695106316596,-1.6810942796845612,"[0.4757973387312672, 0.3164844581110944]",pupil.1,1,3d c++,1581666470.5740151,0.4757973387312672,0.3164844581110944
"{'center': [Decimal('-1.0195021482637219'), Decimal('5.7820098376318825'), 81.02754591447757], 'normal': [-0.08865740657728188, 0.5950779707169124, -0.7987628390369897], 'radius': Decimal('2.3697442178108843')}",0.9954849235177877,8430.127372,4.739488435621769,"{'center': [152.2342063200712, Decimal('164.00386791890804')], 'axes': [27.39534177582115, 36.27090530066914], 'angle': -81.40916356908245}","[152.2342063200712, Decimal('164.00386791890804')]",36.27090530066914,"{'center': [Decimal('0.044386730663660674'), Decimal('-1.3589258109710656'), 90.61269998292146], 'radius': 12.0}","{'center': [Decimal('160.30370768133668'), Decimal('110.70181108210151')], 'axes': [Decimal('164.21539147166524'), Decimal('164.21539147166524')], 'angle': 90.0}",0.725729756275717,120,8281.920388,2.2081589905802397,-1.6813372749123507,"[0.4757318947502225, Decimal('0.31665055033788314')]",pupil.1,1,3d c++,1581666470.582325,0.4757318947502225,0.31665055033788314
"{'center': [Decimal('-1.0250349953845652'), 5.775911088690984, 81.02362079944002], 'normal': [-0.0891184771706855, 0.5945697416385042, -0.7990899319567857], 'radius': 2.357360227934197}",0.9970855403170497,8430.135772,4.714720455868394,"{'center': [Decimal('152.19132642163683'), Decimal('163.96188450047953')], 'axes': [Decimal('27.267620486499137'), 36.08304114120092], 'angle': -81.35752868434265}","[Decimal('152.19132642163683'), Decimal('163.96188450047953')]",36.08304114120092,"{'center': [Decimal('0.044386730663660674'), Decimal('-1.3589258109710656'), 90.61269998292146], 'radius': 12.0}","{'center': [Decimal('160.30370768133668'), Decimal('110.70181108210151')], 'axes': [Decimal('164.21539147166524'), Decimal('164.21539147166524')], 'angle': 90.0}",0.7257391092784227,120,8281.920388,2.2075267516506623,-1.6818623368579102,"[0.4755978950676151, 0.3168254812480019]",pupil.1,1,3d c++,1581666470.590009,0.4755978950676151,0.3168254812480019
"{'center': [Decimal('-1.0286623673115303'), 5.789878353967662, 81.03443476187599], 'normal': [-0.08942075816459925, 0.5957336804115606, -0.7981887684204564], 'radius': 2.378864060558391}",0.9962832791518225,8430.144172,4.757728121116782,"{'center': [152.1653197525835, Decimal('164.05846612651135')], 'axes': [Decimal('27.473222119480447'), 36.40745474790617], 'angle': -81.34569471492651}","[152.1653197525835, Decimal('164.05846612651135')]",36.40745474790617,"{'center': [Decimal('0.044386730663660674'), Decimal('-1.3589258109710656'), 90.61269998292146], 'radius': 12.0}","{'center': [Decimal('160.30370768133668'), Decimal('110.70181108210151')], 'axes': [Decimal('164.21539147166524'), Decimal('164.21539147166524')], 'angle': 90.0}",0.7256345466223224,120,8281.920388,2.2089751335373764,-1.6823607313435611,"[0.4755166242268235, 0.3164230578062027]",pupil.1,1,3d c++,1581666470.598499,0.4755166242268235,0.3164230578062027
"{'center': [Decimal('-1.0291734936946972'), 5.779550678648146, 81.02679252187066], 'normal': [-0.08946335202986316, 0.594873040801601, -0.7988256217542333], 'radius': Decimal('2.3687161022522094')}",0.9972281085538686,8430.152571,4.737432204504419,"{'center': [Decimal('152.16042276692355'), Decimal('163.98572230344183')], 'axes': [Decimal('27.386392212671893'), 36.25550127980203], 'angle': -81.32894624300377}","[Decimal('152.16042276692355'), Decimal('163.98572230344183')]",36.25550127980203,"{'center': [Decimal('0.044386730663660674'), Decimal('-1.3589258109710656'), 90.61269998292146], 'radius': 12.0}","{'center': [Decimal('160.30370768133668'), Decimal('110.70181108210151')], 'axes': [Decimal('164.21539147166524'), Decimal('164.21539147166524')], 'angle': 90.0}",0.725380364458883,120,8281.920388,2.2079040213865624,-1.6823251838180386,"[Decimal('0.47550132114663607'), 0.3167261570689923]",pupil.1,1,3d c++,1581666470.605375,0.47550132114663607,0.3167261570689923
"{'center': [Decimal('-1.0446219967103179'), 5.778985718654134, 81.02811449439109], 'normal': [-0.09075072728116487, 0.5948259608020999, -0.7987154573775308], 'radius': 2.379554047033995}",0.9601023447791877,8430.160971,4.75910809406799,"{'center': [Decimal('152.04317511406308'), Decimal('163.97856073649928')], 'axes': [Decimal('27.506389310412743'), 36.42084873304228], 'angle': -81.20495777229839}","[Decimal('152.04317511406308'), Decimal('163.97856073649928')]",36.42084873304228,"{'center': [Decimal('0.044386730663660674'), Decimal('-1.3589258109710656'), 90.61269998292146], 'radius': 12.0}","{'center': [Decimal('160.30370768133668'), Decimal('110.70181108210151')], 'axes': [Decimal('164.21539147166524'), Decimal('164.21539147166524')], 'angle': 90.0}",0.7252965005833834,120,8281.920388,2.2078454523058944,-1.6839319901581273,"[0.4751349222314471, 0.316755996931253]",pupil.1,1,3d c++,1581666470.617843,0.4751349222314471,0.316755996931253
"{'center': [Decimal('-1.0375981831769472'), 5.790229516993637, 81.0357021891003], 'normal': [-0.09016540948671732, 0.5957629439970585, -0.7980831494850961], 'radius': 2.375795260289184}",0.9979097035919804,8430.169371,4.751590520578368,"{'center': [152.0972715569076, Decimal('164.06111536112132')], 'axes': [Decimal('27.432641172979135'), Decimal('36.359908443383055')], 'angle': -81.27490757595595}","[152.0972715569076, Decimal('164.06111536112132')]",36.359908443383055,"{'center': [Decimal('0.044386730663660674'), Decimal('-1.3589258109710656'), 90.61269998292146], 'radius': 12.0}","{'center': [Decimal('160.30370768133668'), Decimal('110.70181108210151')], 'axes': [Decimal('164.21539147166524'), Decimal('164.21539147166524')], 'angle': 90.0}",0.725204936847279,120,8281.920388,2.2090115685914937,-1.6832967598046202,"[0.4753039736153363, Decimal('0.31641201932866114')]",pupil.1,1,3d c++,1581666470.626364,0.4753039736153363,0.31641201932866114
"{'center': [Decimal('-1.0261427256676858'), 5.789355774860593, 81.03376282618079], 'normal': [-0.0892107880276122, 0.5956901321526382, -0.7982447630617221], 'radius': Decimal('2.3847697773077896')}",0.9963438585810805,8430.177771,4.769539554615579,"{'center': [Decimal('152.18462996412566'), Decimal('164.05363239817962')], 'axes': [27.54417917710897, Decimal('36.498168484282836')], 'angle': -81.36514277883188}","[Decimal('152.18462996412566'), Decimal('164.05363239817962')]",36.498168484282836,"{'center': [Decimal('0.044386730663660674'), Decimal('-1.3589258109710656'), 90.61269998292146], 'radius': 12.0}","{'center': [Decimal('160.30370768133668'), Decimal('110.70181108210151')], 'axes': [Decimal('164.21539147166524'), Decimal('164.21539147166524')], 'angle': 90.0}",0.7249152700479322,120,8281.920388,2.2089209149650006,-1.68209318277751,"[Decimal('0.47557696863789267'), 0.3164431983409183]",pupil.1,1,3d c++,1581666470.6367462,0.47557696863789267,0.3164431983409183
"{'center': [Decimal('-1.0316632386365638'), 5.817581144637259, 81.05551083654194], 'normal': [-0.08967083077501871, 0.5980422463006937, -0.7964324288649592], 'radius': 2.398958868225539}",0.9973399054260622,8430.186171,4.797917736451078,"{'center': [152.1449960144817, Decimal('164.25463938556254')], 'axes': [Decimal('27.620444968688883'), Decimal('36.705589424683595')], 'angle': -81.35566582350741}","[152.1449960144817, Decimal('164.25463938556254')]",36.705589424683595,"{'center': [Decimal('0.044386730663660674'), Decimal('-1.3589258109710656'), 90.61269998292146], 'radius': 12.0}","{'center': [Decimal('160.30370768133668'), Decimal('110.70181108210151')], 'axes': [Decimal('164.21539147166524'), Decimal('164.21539147166524')], 'angle': 90.0}",0.7246928554996979,120,8281.920388,2.2118524827000123,-1.6829147879214224,"[Decimal('0.47545311254525535'), Decimal('0.31560566922682276')]",pupil.1,1,3d c++,1581666470.642462,0.47545311254525535,0.31560566922682276
"{'center': [Decimal('-1.0224054261350581'), Decimal('5.8068931695845585'), 81.04645762596115], 'normal': [-0.08889934639989323, 0.5971515817129687, -0.7971868630800257], 'radius': Decimal('2.3874844427953197')}",0.9969345582598421,8430.194571,4.774968885590639,"{'center': [Decimal('152.21433370029143'), Decimal('164.18019657606334')], 'axes': [Decimal('27.524624921672217'), 36.53402933696663], 'angle': -81.41625571969499}","[Decimal('152.21433370029143'), Decimal('164.18019657606334')]",36.53402933696663,"{'center': [Decimal('0.044386730663660674'), Decimal('-1.3589258109710656'), 90.61269998292146], 'radius': 12.0}","{'center': [Decimal('160.30370768133668'), Decimal('110.70181108210151')], 'axes': [Decimal('164.21539147166524'), Decimal('164.21539147166524')], 'angle': 90.0}",0.7243302924788031,120,8281.920388,2.210741646594647,-1.6818537987979754,"[0.4756697928134107, 0.3159158475997361]",pupil.1,1,3d c++,1581666470.650496,0.4756697928134107,0.3159158475997361
"{'center': [Decimal('-1.0361289979441182'), Decimal('5.8029147709439215'), 81.04501869436116], 'normal': [-0.09004297738398158, 0.5968200484929156, -0.7973067740466914], 'radius': 2.394037626528917}",0.9966202998834225,8430.202971,4.788075253057834,"{'center': [152.1098730625343, 164.1492975555124], 'axes': [Decimal('27.605928584968858'), Decimal('36.634989590377316')], 'angle': -81.30222655242044}","[152.1098730625343, 164.1492975555124]",36.634989590377316,"{'center': [Decimal('0.044386730663660674'), Decimal('-1.3589258109710656'), 90.61269998292146], 'radius': 12.0}","{'center': [Decimal('160.30370768133668'), Decimal('110.70181108210151')], 'axes': [Decimal('164.21539147166524'), Decimal('164.21539147166524')], 'angle': 90.0}",0.723784869517563,120,8281.920388,2.2103283932620315,-1.6832537628356545,"[Decimal('0.47534335332041966'), 0.3160445935186984]",pupil.1,1,3d c++,1581666470.6589382,0.47534335332041966,0.3160445935186984
"{'center': [-1.03864237494047, 5.803105774988185, 81.04544585657275], 'normal': [-0.0902524254670109, 0.5968359654966042, -0.7972711771957254], 'radius': 2.378440316958815}",0.9977193811652283,8430.211371,4.75688063391763,"{'center': [Decimal('152.09029611842763'), 164.1536966295527], 'axes': [27.42423794521189, 36.39604445081416], 'angle': -81.28247007385161}","[Decimal('152.09029611842763'), 164.1536966295527]",36.39604445081416,"{'center': [Decimal('0.044386730663660674'), Decimal('-1.3589258109710656'), 90.61269998292146], 'radius': 12.0}","{'center': [Decimal('160.30370768133668'), Decimal('110.70181108210151')], 'axes': [Decimal('164.21539147166524'), Decimal('164.21539147166524')], 'angle': 90.0}",0.7237633998699478,120,8281.920388,2.2103482307679165,-1.6835181315745336,"[0.4752821753700863, 0.3160262640435304]",pupil.1,1,3d c++,1581666470.665262,0.4752821753700863,0.3160262640435304
"{'center': [Decimal('-1.0313792724168862'), 5.790087149368061, 81.03489537019735], 'normal': [-0.08964716692337892, 0.5957510800282605, -0.7981503843936761], 'radius': Decimal('2.4006291392551447')}",0.9970256059740511,8430.219771,4.801258278510289,"{'center': [Decimal('152.14532262798662'), Decimal('164.05540379507678')], 'axes': [27.72286793516379, 36.74045767917846], 'angle': -81.32429211114163}","[Decimal('152.14532262798662'), Decimal('164.05540379507678')]",36.74045767917846,"{'center': [Decimal('0.044386730663660674'), Decimal('-1.3589258109710656'), 90.61269998292146], 'radius': 12.0}","{'center': [Decimal('160.30370768133668'), Decimal('110.70181108210151')], 'axes': [Decimal('164.21539147166524'), Decimal('164.21539147166524')], 'angle': 90.0}",0.7235353415954826,120,8281.920388,2.2089967970653506,-1.682646193789895,"[Decimal('0.47545413321245816'), 0.3164358175205134]",pupil.1,1,3d c++,1581666470.6734662,0.47545413321245816,0.3164358175205134
"{'center': [Decimal('-1.0371889006478445'), 5.789447630779682, 81.03507233871719], 'normal': [-0.0901313026092921, 0.5956977868125622, -0.798135637017022], 'radius': Decimal('2.3916208516738116')}",0.996902074985911,8430.228171,4.783241703347623,"{'center': [Decimal('152.10081101838742'), Decimal('164.05227576955878')], 'axes': [Decimal('27.618025389336086'), 36.60246777946437], 'angle': -81.27720269677638}","[Decimal('152.10081101838742'), Decimal('164.05227576955878')]",36.60246777946437,"{'center': [Decimal('0.044386730663660674'), Decimal('-1.3589258109710656'), 90.61269998292146], 'radius': 12.0}","{'center': [Decimal('160.30370768133668'), Decimal('110.70181108210151')], 'axes': [Decimal('164.21539147166524'), Decimal('164.21539147166524')], 'angle': 90.0}",0.7230861155632096,120,8281.920388,2.208930445032693,-1.6832472288481775,"[0.4753150344324607, 0.3164488509601717]",pupil.1,1,3d c++,1581666470.682234,0.4753150344324607,0.3164488509601717
"{'center': [Decimal('-1.0251148945912942'), 5.774991456003875, 81.02294551778868], 'normal': [-0.08912513543791291, 0.594493105581245, -0.7991462054277305], 'radius': 2.383680219787605}",0.9973783054348316,8430.236571,4.76736043957521,"{'center': [Decimal('152.19144203486806'), Decimal('163.94992225837794')], 'axes': [Decimal('27.574961096698036'), Decimal('36.486337463707315')], 'angle': -81.35576108346318}","[Decimal('152.19144203486806'), Decimal('163.94992225837794')]",36.486337463707315,"{'center': [Decimal('0.044386730663660674'), Decimal('-1.3589258109710656'), 90.61269998292146], 'radius': 12.0}","{'center': [Decimal('160.30370768133668'), Decimal('110.70181108210151')], 'axes': [Decimal('164.21539147166524'), Decimal('164.21539147166524')], 'angle': 90.0}",0.723232512555505,120,8281.920388,2.207431441751213,-1.6818628094533716,"[0.4755982563589627, 0.3168753239234252]",pupil.1,1,3d c++,1581666470.689692,0.4755982563589627,0.3168753239234252
"{'center': [Decimal('-1.0334327715999483'), 5.770855908355184, 81.02080143491223], 'normal': [-0.08981829185530076, 0.5941484766105208, -0.7993248790007685], 'radius': Decimal('2.3878628350196065')}",0.9976762199853326,8430.244971,4.775725670039213,"{'center': [Decimal('152.12799965974446'), Decimal('163.91865545357257')], 'axes': [27.63193923208472, 36.55134393420645], 'angle': -81.28420638260806}","[Decimal('152.12799965974446'), Decimal('163.91865545357257')]",36.55134393420645,"{'center': [Decimal('0.044386730663660674'), Decimal('-1.3589258109710656'), 90.61269998292146], 'radius': 12.0}","{'center': [Decimal('160.30370768133668'), Decimal('110.70181108210151')], 'axes': [Decimal('164.21539147166524'), Decimal('164.21539147166524')], 'angle': 90.0}",0.7229879230956526,120,8281.920388,2.2070029203053445,-1.6826946329500951,"[Decimal('0.47539999893670143'), 0.317005602276781]",pupil.1,1,3d c++,1581666470.7017062,0.47539999893670143,0.317005602276781
"{'center': [Decimal('-1.0352054771471992'), 5.787478050947838, 81.03337889491189], 'normal': [-0.08996601731757167, 0.5955336551599086, -0.79827675733413], 'radius': 2.402543572731947}",0.9944984450744542,8430.253371,4.805087145463894,"{'center': [Decimal('152.11609648144204'), 164.0359101128531], 'axes': [Decimal('27.751092917954477'), 36.77045215650114], 'angle': -81.29058151437827}","[Decimal('152.11609648144204'), 164.0359101128531]",36.77045215650114,"{'center': [Decimal('0.044386730663660674'), Decimal('-1.3589258109710656'), 90.61269998292146], 'radius': 12.0}","{'center': [Decimal('160.30370768133668'), Decimal('110.70181108210151')], 'axes': [Decimal('164.21539147166524'), Decimal('164.21539147166524')], 'angle': 90.0}",0.7228887326757638,120,8281.920388,2.2087261155387328,-1.6830230657225518,"[0.4753628015045064, 0.3165170411964454]",pupil.1,1,3d c++,1581666470.709567,0.4753628015045064,0.3165170411964454
"{'center': [-1.029696403910463, 5.769741677136105, 81.01955423900475], 'normal': [-0.08950692788117698, 0.5940556240089309, -0.7994288119930588], 'radius': Decimal('2.3860978220375375')}",0.9959391138020969,8430.261771,4.772195644075075,"{'center': [152.1562991605753, Decimal('163.91115682310829')], 'axes': [Decimal('27.616531906543752'), Decimal('36.524877469899195')], 'angle': -81.31269289385916}","[152.1562991605753, Decimal('163.91115682310829')]",36.524877469899195,"{'center': [Decimal('0.044386730663660674'), Decimal('-1.3589258109710656'), 90.61269998292146], 'radius': 12.0}","{'center': [Decimal('160.30370768133668'), Decimal('110.70181108210151')], 'axes': [Decimal('164.21539147166524'), Decimal('164.21539147166524')], 'angle': 90.0}",0.7222841378407452,120,8281.920388,2.2068874879417977,-1.682295561850225,"[Decimal('0.47548843487679776'), 0.3170368465703821]",pupil.1,1,3d c++,1581666470.71753,0.47548843487679776,0.3170368465703821
"{'center': [Decimal('-1.0275781040633079'), 5.772149250096692, 81.02110679583693], 'normal': [-0.08933040289391404, 0.5942562550889798, -0.7992994322570437], 'radius': 2.391315561725196}",0.9979128560073302,8430.270171,4.782631123450392,"{'center': [Decimal('152.17273770953233'), Decimal('163.92765363648158')], 'axes': [27.67072618996826, 36.60407372504387], 'angle': -81.33258800867647}","[Decimal('152.17273770953233'), Decimal('163.92765363648158')]",36.60407372504387,"{'center': [Decimal('0.044386730663660674'), Decimal('-1.3589258109710656'), 90.61269998292146], 'radius': 12.0}","{'center': [Decimal('160.30370768133668'), Decimal('110.70181108210151')], 'axes': [Decimal('164.21539147166524'), Decimal('164.21539147166524')], 'angle': 90.0}",0.7222715933975388,120,8281.920388,2.207136920543148,-1.6820953407620671,"[0.4755398053422885, 0.3169681098479934]",pupil.1,1,3d c++,1581666470.727996,0.4755398053422885,0.3169681098479934
"{'center': [-1.006909550189957, 5.779989078488434, 81.02465167625775], 'normal': [-0.08760802340446815, 0.5949095741216249, -0.7990040255553091], 'radius': Decimal('2.3809788714500524')}",0.991856788886702,8430.27857,4.761957742900105,"{'center': [Decimal('152.33021784770818'), 163.9876775006124], 'axes': [Decimal('27.536967373162344'), 36.44420909893489], 'angle': -81.50729094978695}","[Decimal('152.33021784770818'), 163.9876775006124]",36.44420909893489,"{'center': [Decimal('0.044386730663660674'), Decimal('-1.3589258109710656'), 90.61269998292146], 'radius': 12.0}","{'center': [Decimal('160.30370768133668'), Decimal('110.70181108210151')], 'axes': [Decimal('164.21539147166524'), Decimal('164.21539147166524')], 'angle': 90.0}",0.721995995853375,120,8281.920388,2.207949471797555,-1.6800066016421902,"[Decimal('0.47603193077408806'), Decimal('0.31671801041411507')]",pupil.1,1,3d c++,1581666470.7332456,0.47603193077408806,0.31671801041411507
"{'center': [-1.027054414224133, 5.782728154605847, 81.028922413038], 'normal': [-0.0892867620739828, 0.5951378304647427, -0.7986481308236207], 'radius': Decimal('2.3909962725031764')}",0.9978586320654569,8430.28697,4.781992545006353,"{'center': [152.1774307875129, Decimal('164.00434308978078')], 'axes': [Decimal('27.635598160492698'), 36.59566981906549], 'angle': -81.34975803637693}","[152.1774307875129, Decimal('164.00434308978078')]",36.59566981906549,"{'center': [Decimal('0.044386730663660674'), Decimal('-1.3589258109710656'), 90.61269998292146], 'radius': 12.0}","{'center': [Decimal('160.30370768133668'), Decimal('110.70181108210151')], 'axes': [Decimal('164.21539147166524'), Decimal('164.21539147166524')], 'angle': 90.0}",0.7219633608478104,120,8281.920388,2.2082334758163737,-1.6821313885331592,"[Decimal('0.47555447121097777'), Decimal('0.31664857045924677')]",pupil.1,1,3d c++,1581666470.742538,0.47555447121097777,0.31664857045924677
"{'center': [Decimal('-1.0286843351679955'), 5.783668525627736, 81.02980560645764], 'normal': [-0.08942258881930469, 0.5952161947165667, -0.7985745313719839], 'radius': 2.390546032036027}",0.9970216178552158,8430.29537,4.781092064072054,"{'center': [Decimal('152.16508103327115'), Decimal('164.01114927354155')], 'axes': [27.62683007295483, Decimal('36.588379585114716')], 'angle': -81.33790545903813}","[Decimal('152.16508103327115'), Decimal('164.01114927354155')]",36.588379585114716,"{'center': [Decimal('0.044386730663660674'), Decimal('-1.3589258109710656'), 90.61269998292146], 'radius': 12.0}","{'center': [Decimal('160.30370768133668'), Decimal('110.70181108210151')], 'axes': [Decimal('164.21539147166524'), Decimal('164.21539147166524')], 'angle': 90.0}",0.7215175972901333,120,8281.920388,2.208330992959129,-1.6823095483198756,"[Decimal('0.47551587822897234'), Decimal('0.31662021136024354')]",pupil.1,1,3d c++,1581666470.74944,0.47551587822897234,0.31662021136024354
"{'center': [Decimal('-1.0118218003827966'), 5.777491912434209, 81.02333266197626], 'normal': [-0.08801737758720478, 0.5947014769504395, -0.7991139434121002], 'radius': Decimal('2.3865149785325177')}",0.9970864292217898,8430.30377,4.773029957065035,"{'center': [Decimal('152.29283836801417'), Decimal('163.96820162468052')], 'axes': [Decimal('27.606300830453836'), 36.52956629761531], 'angle': -81.46502316870804}","[Decimal('152.29283836801417'), Decimal('163.96820162468052')]",36.52956629761531,"{'center': [Decimal('0.044386730663660674'), Decimal('-1.3589258109710656'), 90.61269998292146], 'radius': 12.0}","{'center': [Decimal('160.30370768133668'), Decimal('110.70181108210151')], 'axes': [Decimal('164.21539147166524'), Decimal('164.21539147166524')], 'angle': 90.0}",0.7210319196806259,120,8281.920388,2.207690602493144,-1.6804978471391585,"[0.4759151199000443, Decimal('0.31679915989716456')]",pupil.1,1,3d c++,1581666470.758291,0.4759151199000443,0.31679915989716456
"{'center': [Decimal('-1.0233765695581247'), 5.777765555391797, 81.0248160726949], 'normal': [-0.08898027501848213, 0.5947242805302385, -0.798990325852213], 'radius': 2.392651245186272}",0.9983419477156399,8430.31217,4.785302490372544,"{'center': [Decimal('152.20512543247798'), 163.9682872761231], 'axes': [27.67128697616935, 36.62285560181495], 'angle': -81.37304389391961}","[Decimal('152.20512543247798'), 163.9682872761231]",36.62285560181495,"{'center': [Decimal('0.044386730663660674'), Decimal('-1.3589258109710656'), 90.61269998292146], 'radius': 12.0}","{'center': [Decimal('160.30370768133668'), Decimal('110.70181108210151')], 'axes': [Decimal('164.21539147166524'), Decimal('164.21539147166524')], 'angle': 90.0}",0.7210605589925256,120,8281.920388,2.207718967335695,-1.6817052205171628,"[0.4756410169764937, 0.3167988030161537]",pupil.1,1,3d c++,1581666470.765573,0.4756410169764937,0.3167988030161537
"{'center': [Decimal('-1.0228619473735343'), 5.763553807202033, 81.01419674814903], 'normal': [-0.08893738983643293, 0.5935399681810916, -0.7998752695643685], 'radius': 2.387644443878761}",0.9977237687203706,8430.32057,4.775288887757522,"{'center': [Decimal('152.20793072170605'), Decimal('163.86641372267943')], 'axes': [Decimal('27.656010346769804'), 36.55096517836683], 'angle': -81.35974321369481}","[Decimal('152.20793072170605'), Decimal('163.86641372267943')]",36.55096517836683,"{'center': [Decimal('0.044386730663660674'), Decimal('-1.3589258109710656'), 90.61269998292146], 'radius': 12.0}","{'center': [Decimal('160.30370768133668'), Decimal('110.70181108210151')], 'axes': [Decimal('164.21539147166524'), Decimal('164.21539147166524')], 'angle': 90.0}",0.7209155850623761,120,8281.920388,2.206246614608007,-1.6815305585647795,"[0.4756497835053314, 0.3172232761555024]",pupil.1,1,3d c++,1581666470.772825,0.4756497835053314,0.3172232761555024
"{'center': [Decimal('-1.0187138750457365'), 5.773319764510157, 81.02099053396665], 'normal': [-0.08859171714244976, 0.5943537979567686, -0.7993091207462336], 'radius': Decimal('2.3720789981932624')}",0.996785449651497,8430.32897,4.744157996386525,"{'center': [Decimal('152.23968762052024'), Decimal('163.94052174536137')], 'axes': [27.44851253263467, Decimal('36.309577092946206')], 'angle': -81.40487083204516}","[Decimal('152.23968762052024'), Decimal('163.94052174536137')]",36.309577092946206,"{'center': [Decimal('0.044386730663660674'), Decimal('-1.3589258109710656'), 90.61269998292146], 'radius': 12.0}","{'center': [Decimal('160.30370768133668'), Decimal('110.70181108210151')], 'axes': [Decimal('164.21539147166524'), Decimal('164.21539147166524')], 'angle': 90.0}",0.7206395656160991,120,8281.920388,2.2072582063549535,-1.681181155138027,"[Decimal('0.47574902381412576'), 0.3169144927276609]",pupil.1,1,3d c++,1581666470.785843,0.47574902381412576,0.3169144927276609
"{'center': [Decimal('-1.0310034992352237'), 5.762445064887804, 81.01428278517957], 'normal': [-0.08961585249157371, 0.5934475729882391, -0.7998680998118235], 'radius': 2.385039902848691}",0.9980154128146621,8430.33737,4.770079805697382,"{'center': [152.1458254769313, 163.8584497302836], 'axes': [Decimal('27.625428037427834'), 36.51104395752092], 'angle': -81.29322850299772}","[152.1458254769313, 163.8584497302836]",36.51104395752092,"{'center': [Decimal('0.044386730663660674'), Decimal('-1.3589258109710656'), 90.61269998292146], 'radius': 12.0}","{'center': [Decimal('160.30370768133668'), Decimal('110.70181108210151')], 'axes': [Decimal('164.21539147166524'), Decimal('164.21539147166524')], 'angle': 90.0}",0.7208173198876677,120,8281.920388,2.206131814951322,-1.6823693243280988,"[0.4754557046154103, Decimal('0.31725645945715164')]",pupil.1,1,3d c++,1581666470.793544,0.4754557046154103,0.31725645945715164
"{'center': [Decimal('-1.0233976269574943'), 5.758712271624999, 81.0106655791715], 'normal': [-0.08898202980176292, 0.5931365068830053, -0.8001695336458298], 'radius': 2.367114958544683}",0.996647222044287,8430.34577,4.734229917089366,"{'center': [152.2029129881113, Decimal('163.83545586385043')], 'axes': [Decimal('27.432135829986073'), Decimal('36.238167840179855')], 'angle': -81.34950752164828}","[152.2029129881113, Decimal('163.83545586385043')]",36.238167840179855,"{'center': [Decimal('0.044386730663660674'), Decimal('-1.3589258109710656'), 90.61269998292146], 'radius': 12.0}","{'center': [Decimal('160.30370768133668'), Decimal('110.70181108210151')], 'axes': [Decimal('164.21539147166524'), Decimal('164.21539147166524')], 'angle': 90.0}",0.7203430820369894,120,8281.920388,2.20574539132725,-1.6815452747158879,"[0.4756341030878478, 0.3173522672339566]",pupil.1,1,3d c++,1581666470.803691,0.4756341030878478,0.3173522672339566
"{'center': [Decimal('-1.0204904669613601'), 5.762075839599868, 81.01283685647302], 'normal': [-0.08873976646875174, 0.5934168042142445, -0.7999885938707029], 'radius': Decimal('2.3789490621669196')}",0.9968236731579538,8430.35417,4.757898124333839,"{'center': [Decimal('152.22561648010492'), Decimal('163.85760118743607')], 'axes': [27.56068826586417, Decimal('36.418419914128116')], 'angle': -81.37691244141955}","[Decimal('152.22561648010492'), Decimal('163.85760118743607')]",36.418419914128116,"{'center': [Decimal('0.044386730663660674'), Decimal('-1.3589258109710656'), 90.61269998292146], 'radius': 12.0}","{'center': [Decimal('160.30370768133668'), Decimal('110.70181108210151')], 'axes': [Decimal('164.21539147166524'), Decimal('164.21539147166524')], 'angle': 90.0}",0.7201496360681459,120,8281.920388,2.206093587362778,-1.681270976712077,"[0.4757050515003279, 0.3172599950523497]",pupil.1,1,3d c++,1581666470.810287,0.4757050515003279,0.3172599950523497
"{'center': [Decimal('-1.0191310457797225'), 5.758123560934611, 81.00975573768885], 'normal': [-0.08862648137028194, 0.5930874476588064, -0.8002453537693834], 'radius': 2.365366168581569}",0.9657131872448563,8430.36257,4.730732337163138,"{'center': [Decimal('152.23529143247396'), Decimal('163.83178240684057')], 'axes': [Decimal('27.415505099207763'), 36.21179177870763], 'angle': -81.3829560845588}","[Decimal('152.23529143247396'), Decimal('163.83178240684057')]",36.21179177870763,"{'center': [Decimal('0.044386730663660674'), Decimal('-1.3589258109710656'), 90.61269998292146], 'radius': 12.0}","{'center': [Decimal('160.30370768133668'), Decimal('110.70181108210151')], 'axes': [Decimal('164.21539147166524'), Decimal('164.21539147166524')], 'angle': 90.0}",0.7197781776853818,120,8281.920388,2.2056844572734082,-1.6810959728151347,"[0.4757352857264811, 0.3173675733048309]",pupil.1,1,3d c++,1581666470.818183,0.4757352857264811,0.3173675733048309
"{'center': [Decimal('-1.0266787726184736'), 5.753238995100855, 81.00697614455555], 'normal': [-0.08925545860684453, 0.5926804005059934, -0.8004769865304918], 'radius': Decimal('2.3534878135949713')}",0.9951145631726314,8430.37097,4.706975627189943,"{'center': [152.1771657405619, Decimal('163.79834708907407')], 'axes': [Decimal('27.288713134836495'), 36.03112083075076], 'angle': -81.3164787577463}","[152.1771657405619, Decimal('163.79834708907407')]",36.03112083075076,"{'center': [Decimal('0.044386730663660674'), Decimal('-1.3589258109710656'), 90.61269998292146], 'radius': 12.0}","{'center': [Decimal('160.30370768133668'), Decimal('110.70181108210151')], 'axes': [Decimal('164.21539147166524'), Decimal('164.21539147166524')], 'angle': 90.0}",0.7189218880137904,120,8281.920388,2.205178989417393,-1.6818404845680606,"[0.4755536429392559, 0.317506887128858]",pupil.1,1,3d c++,1581666470.8256712,0.4755536429392559,0.317506887128858
"{'center': [Decimal('-1.0251678063285585'), 5.768304117474335, 81.01798025593247], 'normal': [-0.0891295447493516, 0.59393582737045, -0.7995599772490818], 'radius': Decimal('2.3676590143767373')}",0.9973368435514715,8430.37937,4.735318028753475,"{'center': [Decimal('152.19010676305487'), Decimal('163.90472402185563')], 'axes': [Decimal('27.409288238593902'), 36.24324098167389], 'angle': -81.34713187957466}","[Decimal('152.19010676305487'), Decimal('163.90472402185563')]",36.24324098167389,"{'center': [Decimal('0.044386730663660674'), Decimal('-1.3589258109710656'), 90.61269998292146], 'radius': 12.0}","{'center': [Decimal('160.30370768133668'), Decimal('110.70181108210151')], 'axes': [Decimal('164.21539147166524'), Decimal('164.21539147166524')], 'angle': 90.0}",0.7185934514977399,120,8281.920388,2.206738573864876,-1.6818112507567884,"[Decimal('0.47559408363454647'), 0.3170636499089349]",pupil.1,1,3d c++,1581666470.832841,0.47559408363454647,0.3170636499089349
"{'center': [Decimal('-1.0364401707446709'), 5.76442484275863, 81.01636272992744], 'normal': [-0.09006890845069429, 0.5936125544774746, -0.7996947710828348], 'radius': 2.364844799680594}",0.9423643334501467,8430.38777,4.729689599361188,"{'center': [Decimal('152.10398089606403'), 163.8765514813672], 'axes': [Decimal('27.383057378580144'), 36.20087005297025], 'angle': -81.25219539419828}","[Decimal('152.10398089606403'), 163.8765514813672]",36.20087005297025,"{'center': [Decimal('0.044386730663660674'), Decimal('-1.3589258109710656'), 90.61269998292146], 'radius': 12.0}","{'center': [Decimal('160.30370768133668'), Decimal('110.70181108210151')], 'axes': [Decimal('164.21539147166524'), Decimal('164.21539147166524')], 'angle': 90.0}",0.7181581750399069,120,8281.920388,2.206336808822152,-1.6829527814341614,"[0.4753249403002001, Decimal('0.31718103549430343')]",pupil.1,1,3d c++,1581666470.841921,0.4753249403002001,0.31718103549430343
"{'center': [Decimal('-1.0401505352092115'), 5.769405475280459, 81.02048063636872], 'normal': [-0.09037810548940602, 0.594027607187627, -0.7993516122127282], 'radius': Decimal('2.3621861873942454')}",0.9972554456707322,8430.39617,4.724372374788491,"{'center': [Decimal('152.07600891788178'), Decimal('163.91294454681676')], 'axes': [Decimal('27.335863851961573'), 36.15833014675969], 'angle': -81.22872913387101}","[Decimal('152.07600891788178'), Decimal('163.91294454681676')]",36.15833014675969,"{'center': [Decimal('0.044386730663660674'), Decimal('-1.3589258109710656'), 90.61269998292146], 'radius': 12.0}","{'center': [Decimal('160.30370768133668'), Decimal('110.70181108210151')], 'axes': [Decimal('164.21539147166524'), Decimal('164.21539147166524')], 'angle': 90.0}",0.7180041096504497,120,8281.920388,2.2068526599627285,-1.6833824706900447,"[0.4752375278683806, 0.3170293977215969]",pupil.1,1,3d c++,1581666470.849414,0.4752375278683806,0.3170293977215969
"{'center': [Decimal('-1.0282587937241914'), 5.761053329454146, 81.01294328710252], 'normal': [-0.089387127032321, 0.5933315950354343, -0.7999797246515784], 'radius': Decimal('2.3259107271898922')}",0.8822704184574287,8430.40457,4.6518214543797844,"{'center': [Decimal('152.16485395336338'), Decimal('163.86034787917993')], 'axes': [26.94539478680368, 35.60618706427689], 'angle': -81.31347734933124}","[Decimal('152.16485395336338'), Decimal('163.86034787917993')]",35.60618706427689,"{'center': [Decimal('0.044386730663660674'), Decimal('-1.3589258109710656'), 90.61269998292146], 'radius': 12.0}","{'center': [Decimal('160.30370768133668'), Decimal('110.70181108210151')], 'axes': [Decimal('164.21539147166524'), Decimal('164.21539147166524')], 'angle': 90.0}",0.7176584281967879,120,8281.920388,2.2059877278174067,-1.6820715053843003,"[0.4755151686042606, Decimal('0.31724855050341694')]",pupil.1,1,3d c++,1581666470.858864,0.4755151686042606,0.31724855050341694
"{'center': [Decimal('-1.0320515015699565'), 5.763562956390084, 81.01522976983927], 'normal': [-0.0897031860194681, 0.5935407306134292, -0.7997891844235163], 'radius': Decimal('2.3476742830576094')}",0.9968138686341741,8430.421369,4.695348566115219,"{'center': [Decimal('152.13680455912478'), Decimal('163.87399369367574')], 'axes': [Decimal('27.188617975358895'), 35.93844503613138], 'angle': -81.28623000611084}","[Decimal('152.13680455912478'), Decimal('163.87399369367574')]",35.93844503613138,"{'center': [Decimal('0.044386730663660674'), Decimal('-1.3589258109710656'), 90.61269998292146], 'radius': 12.0}","{'center': [Decimal('160.30370768133668'), Decimal('110.70181108210151')], 'axes': [Decimal('164.21539147166524'), Decimal('164.21539147166524')], 'angle': 90.0}",0.7171768979473692,120,8281.920388,2.2062475619593083,-1.682488082535361,"[0.4754275142472649, Decimal('0.31719169294301774')]",pupil.1,1,3d c++,1581666470.881702,0.4754275142472649,0.31719169294301774
"{'center': [Decimal('-1.0449564512849392'), 5.765649712756627, 81.01823517040364], 'normal': [-0.09077859849571666, 0.5937146269773077, -0.7995387343764839], 'radius': Decimal('2.3612265978905094')}",0.996523390579735,8430.429769,4.722453195781019,"{'center': [Decimal('152.03915184643668'), Decimal('163.88565978058446')], 'axes': [Decimal('27.333643729703358'), 36.14463526296216], 'angle': -81.18563560170506}","[Decimal('152.03915184643668'), Decimal('163.88565978058446')]",36.14463526296216,"{'center': [Decimal('0.044386730663660674'), Decimal('-1.3589258109710656'), 90.61269998292146], 'radius': 12.0}","{'center': [Decimal('160.30370768133668'), Decimal('110.70181108210151')], 'axes': [Decimal('164.21539147166524'), Decimal('164.21539147166524')], 'angle': 90.0}",0.71677357433787,120,8281.920388,2.2064636521294516,-1.683850901109101,"[0.4751223495201146, Decimal('0.31714308424756477')]",pupil.1,1,3d c++,1581666470.886781,0.4751223495201146,0.31714308424756477
"{'center': [-1.023174066328723, Decimal('5.7599335341174385'), 81.01154611635047], 'normal': [-0.0889633997493653, 0.5932382787573753, -0.8000961555475825], 'radius': 2.330331694948857}",0.9966207546270189,8430.438169,4.660663389897714,"{'center': [152.2036083768478, 163.8516502968445], 'axes': [Decimal('27.002151904796357'), 35.67449758996004], 'angle': -81.35280182942918}","[152.2036083768478, 163.8516502968445]",35.67449758996004,"{'center': [Decimal('0.044386730663660674'), Decimal('-1.3589258109710656'), 90.61269998292146], 'radius': 12.0}","{'center': [Decimal('160.30370768133668'), Decimal('110.70181108210151')], 'axes': [Decimal('164.21539147166524'), Decimal('164.21539147166524')], 'angle': 90.0}",0.7163773452903088,120,8281.920388,2.20587180590015,-1.6815323484744422,"[Decimal('0.47563627617764936'), 0.3172847904298146]",pupil.1,1,3d c++,1581666470.8936212,0.47563627617764936,0.3172847904298146
"{'center': [Decimal('-1.0313847102103575'), 5.767760216425346, 81.01827128320657], 'normal': [-0.08964762007283485, 0.5938905022830343, -0.7995357249762401], 'radius': Decimal('2.3369863176736283')}",0.9962373275047005,8430.446569,4.673972635347257,"{'center': [152.1418476517604, Decimal('163.90655769106763')], 'axes': [Decimal('27.052808374873145'), Decimal('35.773445782184865')], 'angle': -81.29675382004478}","[152.1418476517604, Decimal('163.90655769106763')]",35.773445782184865,"{'center': [Decimal('0.044386730663660674'), Decimal('-1.3589258109710656'), 90.61269998292146], 'radius': 12.0}","{'center': [Decimal('160.30370768133668'), Decimal('110.70181108210151')], 'axes': [Decimal('164.21539147166524'), Decimal('164.21539147166524')], 'angle': 90.0}",0.7159949377166908,120,8281.920388,2.20668223645628,-1.6824545615066147,"[Decimal('0.47544327391175123'), 0.3170560096205516]",pupil.1,1,3d c++,1581666470.9018831,0.47544327391175123,0.3170560096205516
"{'center': [Decimal('-1.0109283357659675'), 5.787458276294209, 81.03065925101845], 'normal': [-0.08794292220246902, 0.5955320072721062, -0.7985033943252506], 'radius': Decimal('2.3356131547903605')}",0.9980112585968771,8430.454969,4.671226309580721,"{'center': [152.298811125132, 164.0506153026004], 'axes': [Decimal('26.988352189449316'), 35.7469736816048], 'angle': -81.48420563035585}","[152.298811125132, 164.0506153026004]",35.7469736816048,"{'center': [Decimal('0.044386730663660674'), Decimal('-1.3589258109710656'), 90.61269998292146], 'radius': 12.0}","{'center': [Decimal('160.30370768133668'), Decimal('110.70181108210151')], 'axes': [Decimal('164.21539147166524'), Decimal('164.21539147166524')], 'angle': 90.0}",0.7160598507109373,120,8281.920388,2.20872406422008,-1.6804889293810092,"[Decimal('0.47593378476603754'), 0.3164557695724983]",pupil.1,1,3d c++,1581666470.910325,0.47593378476603754,0.3164557695724983
"{'center': [-1.041952678567204, 5.782456446933507, 81.03039722552343], 'normal': [-0.09052828410257206, 0.5951151881587143, -0.7985252297831685], 'radius': 2.323559304632189}",0.9974755543941023,8430.463369,4.647118609264378,"{'center': [Decimal('152.06203974051544'), Decimal('164.01502220522792')], 'axes': [26.84982489270572, Decimal('35.562550980217736')], 'angle': -81.23057243324307}","[Decimal('152.06203974051544'), Decimal('164.01502220522792')]",35.562550980217736,"{'center': [Decimal('0.044386730663660674'), Decimal('-1.3589258109710656'), 90.61269998292146], 'radius': 12.0}","{'center': [Decimal('160.30370768133668'), Decimal('110.70181108210151')], 'axes': [Decimal('164.21539147166524'), Decimal('164.21539147166524')], 'angle': 90.0}",0.7160632542717704,120,8281.920388,2.2082053008492055,-1.6836836882413218,"[Decimal('0.47519387418911074'), 0.3166040741448837]",pupil.1,1,3d c++,1581666470.917588,0.47519387418911074,0.3166040741448837
"{'center': [Decimal('-1.0325264254774915'), 5.793257440014223, 81.03739148666634], 'normal': [-0.08974276301176268, 0.5960152709154407, -0.7979423746879272], 'radius': Decimal('2.3321030985212676')}",0.9972832266951394,8430.471769,4.664206197042535,"{'center': [Decimal('152.13476103244298'), Decimal('164.09205762495907')], 'axes': [Decimal('26.921240274471657'), 35.69028535889006], 'angle': -81.31904851601676}","[Decimal('152.13476103244298'), Decimal('164.09205762495907')]",35.69028535889006,"{'center': [Decimal('0.044386730663660674'), Decimal('-1.3589258109710656'), 90.61269998292146], 'radius': 12.0}","{'center': [Decimal('160.30370768133668'), Decimal('110.70181108210151')], 'axes': [Decimal('164.21539147166524'), Decimal('164.21539147166524')], 'angle': 90.0}",0.7161871863135216,120,8281.920388,2.209325772768988,-1.6827934168006033,"[0.4754211282263843, Decimal('0.31628309322933723')]",pupil.1,1,3d c++,1581666470.9275632,0.4754211282263843,0.31628309322933723
"{'center': [Decimal('-1.0144649411125506'), 5.792862099734377, 81.03508217798353], 'normal': [-0.08823763931468427, 0.5959823258921202, -0.7981348170781615], 'radius': Decimal('2.3346513249482275')}",0.9965114660485348,8430.480169,4.669302649896455,"{'center': [Decimal('152.27223574715583'), Decimal('164.08972039686205')], 'axes': [Decimal('26.959846241657882'), 35.73030649332714], 'angle': -81.46251839379778}","[Decimal('152.27223574715583'), Decimal('164.08972039686205')]",35.73030649332714,"{'center': [Decimal('0.044386730663660674'), Decimal('-1.3589258109710656'), 90.61269998292146], 'radius': 12.0}","{'center': [Decimal('160.30370768133668'), Decimal('110.70181108210151')], 'axes': [Decimal('164.21539147166524'), Decimal('164.21539147166524')], 'angle': 90.0}",0.716238770044042,120,8281.920388,2.209284744592884,-1.680903992887206,"[0.475850736709862, 0.3162928316797414]",pupil.1,1,3d c++,1581666470.9335608,0.475850736709862,0.3162928316797414
"{'center': [Decimal('-1.0210415630377698'), 5.77875143697215, 81.02529021514923], 'normal': [-0.08878569114178587, 0.5948064373286013, -0.7989508139810185], 'radius': Decimal('2.3226553845328026')}",0.9957516123630362,8430.488569,4.645310769065605,"{'center': [Decimal('152.22088714866348'), 163.9895743029137], 'axes': [26.85944956152388, 35.5509408191451], 'angle': -81.39290265022926}","[Decimal('152.22088714866348'), 163.9895743029137]",35.5509408191451,"{'center': [Decimal('0.044386730663660674'), Decimal('-1.3589258109710656'), 90.61269998292146], 'radius': 12.0}","{'center': [Decimal('160.30370768133668'), Decimal('110.70181108210151')], 'axes': [Decimal('164.21539147166524'), Decimal('164.21539147166524')], 'angle': 90.0}",0.715932726689894,120,8281.920388,2.207821165201975,-1.6814700887877594,"[0.4756902723395734, Decimal('0.31671010707119296')]",pupil.1,1,3d c++,1581666470.942338,0.4756902723395734,0.31671010707119296
"{'center': [-1.034501180831328, 5.789764518590124, 81.03500571726083], 'normal': [-0.08990732595791573, 0.5957241941300991, -0.7981411888050517], 'radius': 2.311076856299748}",0.9969423037201326,8430.496969,4.622153712599496,"{'center': [Decimal('152.11887657842044'), Decimal('164.07080997551492')], 'axes': [26.6876331890951, 35.36944356280187], 'angle': -81.29901930897088}","[Decimal('152.11887657842044'), Decimal('164.07080997551492')]",35.36944356280187,"{'center': [Decimal('0.044386730663660674'), Decimal('-1.3589258109710656'), 90.61269998292146], 'radius': 12.0}","{'center': [Decimal('160.30370768133668'), Decimal('110.70181108210151')], 'axes': [Decimal('164.21539147166524'), Decimal('164.21539147166524')], 'angle': 90.0}",0.7167131266898941,120,8281.920388,2.208963322715555,-1.6829693552725922,"[0.4753714893075639, 0.3163716251020212]",pupil.1,1,3d c++,1581666470.9542608,0.4753714893075639,0.3163716251020212
"{'center': [-1.022351393757735, 5.808780410218255, 81.04786557240342], 'normal': [-0.088894843701783, 0.5973088517657767, -0.797069534209836], 'radius': Decimal('2.3244179746389255')}",0.9974267648577685,8430.505369,4.648835949277851,"{'center': [Decimal('152.21301355397148'), Decimal('164.20648034674554')], 'axes': [Decimal('26.791607876772886'), Decimal('35.568057891586534')], 'angle': -81.41897713189131}","[Decimal('152.21301355397148'), Decimal('164.20648034674554')]",35.568057891586534,"{'center': [Decimal('0.044386730663660674'), Decimal('-1.3589258109710656'), 90.61269998292146], 'radius': 12.0}","{'center': [Decimal('160.30370768133668'), Decimal('110.70181108210151')], 'axes': [Decimal('164.21539147166524'), Decimal('164.21539147166524')], 'angle': 90.0}",0.7163104858583291,120,8281.920388,2.2109377268369768,-1.6818644327127314,"[0.4756656673561609, 0.3158063318885602]",pupil.1,1,3d c++,1581666470.963093,0.4756656673561609,0.3158063318885602
"{'center': [Decimal('-1.0197016185908563'), 5.817070009332048, 81.05378791239936], 'normal': [-0.08867402910454308, 0.5979996516919261, -0.7965760058768414], 'radius': 2.319456949560955}",0.9982295677495329,8430.513769,4.63891389912191,"{'center': [152.2335942956973, 164.2675718689437], 'axes': [26.71132513534102, 35.48953882923655], 'angle': -81.45006097132683}","[152.2335942956973, 164.2675718689437]",35.48953882923655,"{'center': [Decimal('0.044386730663660674'), Decimal('-1.3589258109710656'), 90.61269998292146], 'radius': 12.0}","{'center': [Decimal('160.30370768133668'), Decimal('110.70181108210151')], 'axes': [Decimal('164.21539147166524'), Decimal('164.21539147166524')], 'angle': 90.0}",0.716736149250663,120,8281.920388,2.2117993377883773,-1.6816588779747343,"[Decimal('0.47572998217405404'), 0.3155517838794013]",pupil.1,1,3d c++,1581666470.969965,0.47572998217405404,0.3155517838794013
"{'center': [Decimal('-1.0163746051019251'), 5.808403452368223, 81.04691843516358], 'normal': [-0.0883967779804655, 0.5972774386116074, -0.7971484623131564], 'radius': Decimal('2.3247994694520475')}",0.9091896226487801,8430.522169,4.649598938904095,"{'center': [Decimal('152.25847129695654'), Decimal('164.20401864529433')], 'axes': [26.79974320569482, 35.57431048103403], 'angle': -81.46606396664674}","[Decimal('152.25847129695654'), Decimal('164.20401864529433')]",35.57431048103403,"{'center': [Decimal('0.044386730663660674'), Decimal('-1.3589258109710656'), 90.61269998292146], 'radius': 12.0}","{'center': [Decimal('160.30370768133668'), Decimal('110.70181108210151')], 'axes': [Decimal('164.21539147166524'), Decimal('164.21539147166524')], 'angle': 90.0}",0.7167652308305739,120,8281.920388,2.2108985594390047,-1.681236348675158,"[0.4758077228029892, 0.3158165889779403]",pupil.1,1,3d c++,1581666470.977483,0.4758077228029892,0.3158165889779403
"{'center': [-1.021539607793714, 5.818986190577386, 81.05543152697602], 'normal': [-0.08882719487144788, 0.5981593334623709, -0.7964390379954526], 'radius': 2.32575360953406}",0.9976219659242974,8430.530569,4.65150721906812,"{'center': [152.2199250535241, 164.280081698144], 'axes': [Decimal('26.777449161372193'), Decimal('35.585193285491385')], 'angle': -81.43777195237702}","[152.2199250535241, 164.280081698144]",35.585193285491385,"{'center': [Decimal('0.044386730663660674'), Decimal('-1.3589258109710656'), 90.61269998292146], 'radius': 12.0}","{'center': [Decimal('160.30370768133668'), Decimal('110.70181108210151')], 'axes': [Decimal('164.21539147166524'), Decimal('164.21539147166524')], 'angle': 90.0}",0.7168853137316633,120,8281.920388,2.2119985821631216,-1.681867742181891,"[0.4756872657922628, Decimal('0.31549965959106674')]",pupil.1,1,3d c++,1581666470.9861052,0.4756872657922628,0.31549965959106674
"{'center': [Decimal('-1.0217567020855722'), 5.803916561461275, 81.04415634616599], 'normal': [-0.08884528606243608, 0.5969035310360283, -0.7973786363962889], 'radius': Decimal('2.3079898158852727')}",0.9978091511984098,8430.538968,4.6159796317705455,"{'center': [Decimal('152.21673024823613'), 164.1745597964422], 'axes': [26.61653367084427, 35.31821069756778], 'angle': -81.41781432118093}","[Decimal('152.21673024823613'), 164.1745597964422]",35.31821069756778,"{'center': [Decimal('0.044386730663660674'), Decimal('-1.3589258109710656'), 90.61269998292146], 'radius': 12.0}","{'center': [Decimal('160.30370768133668'), Decimal('110.70181108210151')], 'axes': [Decimal('164.21539147166524'), Decimal('164.21539147166524')], 'angle': 90.0}",0.7174273877902371,120,8281.920388,2.210432441570622,-1.6817603422526972,"[0.4756772820257379, 0.3159393341814909]",pupil.1,1,3d c++,1581666470.99364,0.4756772820257379,0.3159393341814909
"{'center': [Decimal('-1.0158498027137342'), 5.846543760536099, 81.07555645105741], 'normal': [-0.08835304444811623, 0.600455797625597, -0.7947619609886707], 'radius': Decimal('2.3298642697594314')}",0.9982980683908406,8430.547368,4.659728539518863,"{'center': [152.265205717385, Decimal('164.47880962969745')], 'axes': [Decimal('26.746098258567496'), 35.63929403395075], 'angle': -81.51593925797268}","[152.265205717385, Decimal('164.47880962969745')]",35.63929403395075,"{'center': [Decimal('0.044386730663660674'), Decimal('-1.3589258109710656'), 90.61269998292146], 'radius': 12.0}","{'center': [Decimal('160.30370768133668'), Decimal('110.70181108210151')], 'axes': [Decimal('164.21539147166524'), Decimal('164.21539147166524')], 'angle': 90.0}",0.7179439721707981,120,8281.920388,2.2148673044324556,-1.6815109194583833,"[0.4758287678668281, Decimal('0.31467162654292724')]",pupil.1,1,3d c++,1581666471.0014632,0.4758287678668281,0.31467162654292724
"{'center': [Decimal('-1.0150054873258356'), 5.833932252780462, 81.06594760301823], 'normal': [-0.08828268483245803, 0.5994048386459606, -0.7955626983252688], 'radius': Decimal('2.3223342064018704')}",0.9985341969383396,8430.555768,4.644668412803741,"{'center': [152.2705506109673, Decimal('164.38919757461747')], 'axes': [26.69707388968091, 35.52826739437806], 'angle': -81.50757603455074}","[152.2705506109673, Decimal('164.38919757461747')]",35.52826739437806,"{'center': [Decimal('0.044386730663660674'), Decimal('-1.3589258109710656'), 90.61269998292146], 'radius': 12.0}","{'center': [Decimal('160.30370768133668'), Decimal('110.70181108210151')], 'axes': [Decimal('164.21539147166524'), Decimal('164.21539147166524')], 'angle': 90.0}",0.7185122468171712,120,8281.920388,2.213553691260414,-1.681313028367469,"[0.4758454706592728, 0.3150450101057606]",pupil.1,1,3d c++,1581666471.009228,0.4758454706592728,0.3150450101057606
"{'center': [Decimal('-1.0196836278833707'), 5.843580365190109, 81.07374516310908], 'normal': [-0.08867252987891928, 0.6002088480134312, -0.7949129016510312], 'radius': 2.310572584470269}",0.9978724987493398,8430.564168,4.621145168940538,"{'center': [Decimal('152.23528805024975'), Decimal('164.46098186055286')], 'axes': [26.53150614540554, 35.34489271059716], 'angle': -81.48205476866364}","[Decimal('152.23528805024975'), Decimal('164.46098186055286')]",35.34489271059716,"{'center': [Decimal('0.044386730663660674'), Decimal('-1.3589258109710656'), 90.61269998292146], 'radius': 12.0}","{'center': [Decimal('160.30370768133668'), Decimal('110.70181108210151')], 'axes': [Decimal('164.21539147166524'), Decimal('164.21539147166524')], 'angle': 90.0}",0.7186376060424382,120,8281.920388,2.2145585211700665,-1.6818870583010035,"[Decimal('0.47573527515703046'), Decimal('0.31474590891436305')]",pupil.1,1,3d c++,1581666471.0175822,0.47573527515703046,0.31474590891436305
"{'center': [Decimal('-1.0257313656288147'), 5.841698953504711, 81.07300133667452], 'normal': [-0.08917650802437295, 0.6000520637063147, -0.7949748871872443], 'radius': Decimal('2.3401663887658275')}",0.9978731432648272,8430.572568,4.680332777531655,"{'center': [152.1900192860002, Decimal('164.44118371369294')], 'axes': [Decimal('26.874415384813666'), Decimal('35.798055856056315')], 'angle': -81.43191787163258}","[152.1900192860002, Decimal('164.44118371369294')]",35.798055856056315,"{'center': [Decimal('0.044386730663660674'), Decimal('-1.3589258109710656'), 90.61269998292146], 'radius': 12.0}","{'center': [Decimal('160.30370768133668'), Decimal('110.70181108210151')], 'axes': [Decimal('164.21539147166524'), Decimal('164.21539147166524')], 'angle': 90.0}",0.7187367208475015,120,8281.920388,2.2143625168094574,-1.6825045880381853,"[0.4755938102687506, 0.3148284011929461]",pupil.1,1,3d c++,1581666471.026067,0.4755938102687506,0.3148284011929461
"{'center': [Decimal('-1.0211506218855024'), 5.84057050963813, 81.07163699812479], 'normal': [-0.08879477937909694, 0.599958026717433, -0.7950885820663892], 'radius': Decimal('2.3185734395531963')}",0.997652030024713,8430.580968,4.637146879106393,"{'center': [152.224153850988, Decimal('164.43756983660796')], 'axes': [26.63162986909904, 35.46823756317178], 'angle': -81.4668322540476}","[152.224153850988, Decimal('164.43756983660796')]",35.46823756317178,"{'center': [Decimal('0.044386730663660674'), Decimal('-1.3589258109710656'), 90.61269998292146], 'radius': 12.0}","{'center': [Decimal('160.30370768133668'), Decimal('110.70181108210151')], 'axes': [Decimal('164.21539147166524'), Decimal('164.21539147166524')], 'angle': 90.0}",0.7189518438079912,120,8281.920388,2.214244970017187,-1.6820145777561102,"[Decimal('0.47570048078433746'), Decimal('0.31484345901413346')]",pupil.1,1,3d c++,1581666471.04052,0.47570048078433746,0.31484345901413346
"{'center': [Decimal('-1.0053851546450745'), 5.864250774437864, 81.08780108556745], 'normal': [-0.0874809904423946, 0.6019313821174108, -0.7937415747795004], 'radius': Decimal('2.3320508934753676')}",0.9971954668785533,8430.589368,4.664101786950735,"{'center': [Decimal('152.34605793725294'), 164.606895477977], 'axes': [Decimal('26.723354900316934'), Decimal('35.667386252337266')], 'angle': -81.61963142801544}","[Decimal('152.34605793725294'), 164.606895477977]",35.667386252337266,"{'center': [Decimal('0.044386730663660674'), Decimal('-1.3589258109710656'), 90.61269998292146], 'radius': 12.0}","{'center': [Decimal('160.30370768133668'), Decimal('110.70181108210151')], 'axes': [Decimal('164.21539147166524'), Decimal('164.21539147166524')], 'angle': 90.0}",0.7187396291331472,120,8281.920388,2.21671385524197,-1.6805667381891716,"[0.4760814310539154, Decimal('0.31413793550842917')]",pupil.1,1,3d c++,1581666471.047624,0.4760814310539154,0.31413793550842917
"{'center': [Decimal('-1.0168428152440379'), 5.88077957130681, 81.10162970514992], 'normal': [-0.08843579549230822, 0.6033087818564896, -0.7925891898142954], 'radius': Decimal('2.3350524304521247')}",0.9973850999086006,8430.597768,4.6701048609042495,"{'center': [152.2601513393622, Decimal('164.72499086210763')], 'axes': [Decimal('26.703545673964918'), 35.70724400010489], 'angle': -81.54872808544677}","[152.2601513393622, Decimal('164.72499086210763')]",35.70724400010489,"{'center': [Decimal('0.044386730663660674'), Decimal('-1.3589258109710656'), 90.61269998292146], 'radius': 12.0}","{'center': [Decimal('160.30370768133668'), Decimal('110.70181108210151')], 'axes': [Decimal('164.21539147166524'), Decimal('164.21539147166524')], 'angle': 90.0}",0.7187587549826402,120,8281.920388,2.2184398596255304,-1.6819150669476468,"[0.4758129729355069, 0.3136458714078849]",pupil.1,1,3d c++,1581666471.0535626,0.4758129729355069,0.3136458714078849
"{'center': [Decimal('-1.0101039815316522'), Decimal('5.8948710712739505'), 81.11162214253795], 'normal': [-0.08787422601627608, 0.604483073520418, -0.7917564866986246], 'radius': Decimal('2.3202741727184284')}",0.9980679455970887,8430.606168,4.640548345436857,"{'center': [Decimal('152.31193107541137'), 164.8300118447394], 'axes': [Decimal('26.495609331292883'), Decimal('35.476833910001176')], 'angle': -81.61833740723544}","[Decimal('152.31193107541137'), 164.8300118447394]",35.476833910001176,"{'center': [Decimal('0.044386730663660674'), Decimal('-1.3589258109710656'), 90.61269998292146], 'radius': 12.0}","{'center': [Decimal('160.30370768133668'), Decimal('110.70181108210151')], 'axes': [Decimal('164.21539147166524'), Decimal('164.21539147166524')], 'angle': 90.0}",0.7189620178520539,120,8281.920388,2.2199131329952504,-1.6813303858342576,"[0.4759747846106605, Decimal('0.31320828398025247')]",pupil.1,1,3d c++,1581666471.062335,0.4759747846106605,0.31320828398025247
"{'center': [Decimal('-1.0098814597969181'), 5.896151666918204, 81.11257527992903], 'normal': [-0.08785568253838157, 0.6045897898241058, -0.7916770585827018], 'radius': Decimal('2.3231531689643043')}",0.9976122846958058,8430.614568,4.646306337928609,"{'center': [Decimal('152.31379249911018'), Decimal('164.83869602165294')], 'axes': [Decimal('26.524795248727948'), Decimal('35.520451290498514')], 'angle': -81.62158479541903}","[Decimal('152.31379249911018'), Decimal('164.83869602165294')]",35.520451290498514,"{'center': [Decimal('0.044386730663660674'), Decimal('-1.3589258109710656'), 90.61269998292146], 'radius': 12.0}","{'center': [Decimal('160.30370768133668'), Decimal('110.70181108210151')], 'axes': [Decimal('164.21539147166524'), Decimal('164.21539147166524')], 'angle': 90.0}",0.7188953993728875,120,8281.920388,2.220047101510313,-1.6813182474553783,"[Decimal('0.47598060155971933'), Decimal('0.31317209990977946')]",pupil.1,1,3d c++,1581666471.0694668,0.47598060155971933,0.31317209990977946
"{'center': [Decimal('-1.0009744735027486'), 5.874166104908124, 81.09484301355766], 'normal': [-0.0871134336805341, 0.6027576596565991, -0.7931547474469826], 'radius': Decimal('2.3136919299837566')}",0.9979152133642144,8430.622968,4.627383859967513,"{'center': [Decimal('152.37975068491374'), 164.6823803380538], 'axes': [Decimal('26.485542641008028'), 35.38345039297773], 'angle': -81.6660596125312}","[Decimal('152.37975068491374'), 164.6823803380538]",35.38345039297773,"{'center': [Decimal('0.044386730663660674'), Decimal('-1.3589258109710656'), 90.61269998292146], 'radius': 12.0}","{'center': [Decimal('160.30370768133668'), Decimal('110.70181108210151')], 'axes': [Decimal('164.21539147166524'), Decimal('164.21539147166524')], 'angle': 90.0}",0.7187576383966499,120,8281.920388,2.2177489844537392,-1.680189437295601,"[Decimal('0.47618672089035546'), 0.3138234152581092]",pupil.1,1,3d c++,1581666471.081473,0.47618672089035546,0.3138234152581092
"{'center': [Decimal('-1.0240092182823861'), 5.888854604573137, 81.10858460355396], 'normal': [-0.08903299574550391, 0.6039817012953502, -0.7920096149472904], 'radius': 2.329154507904257}",0.9983337566679228,8430.631368,4.658309015808514,"{'center': [Decimal('152.20605506129243'), Decimal('164.78403030908436')], 'axes': [26.60885643156622, 35.61398544920426], 'angle': -81.50187892926054}","[Decimal('152.20605506129243'), Decimal('164.78403030908436')]",35.61398544920426,"{'center': [Decimal('0.044386730663660674'), Decimal('-1.3589258109710656'), 90.61269998292146], 'radius': 12.0}","{'center': [Decimal('160.30370768133668'), Decimal('110.70181108210151')], 'axes': [Decimal('164.21539147166524'), Decimal('164.21539147166524')], 'angle': 90.0}",0.7187223084798577,120,8281.920388,2.219283907189846,-1.6827403967727697,"[0.4756439220665388, 0.3133998737121485]",pupil.1,1,3d c++,1581666471.086564,0.4756439220665388,0.3133998737121485
"{'center': [Decimal('-1.0092160429322663'), 5.88192770379359, 81.10165579349665], 'normal': [-0.08780023113299391, 0.6034044595637212, -0.7925870157854003], 'radius': Decimal('2.3105741157074853')}",0.9977465378323357,8430.639768,4.6211482314149706,"{'center': [152.317520519065, Decimal('164.73855854621382')], 'axes': [Decimal('26.423385288057073'), Decimal('35.332799671410584')], 'angle': -81.61016413895324}","[152.317520519065, Decimal('164.73855854621382')]",35.332799671410584,"{'center': [Decimal('0.044386730663660674'), Decimal('-1.3589258109710656'), 90.61269998292146], 'radius': 12.0}","{'center': [Decimal('160.30370768133668'), Decimal('110.70181108210151')], 'axes': [Decimal('164.21539147166524'), Decimal('164.21539147166524')], 'angle': 90.0}",0.7186082076976241,120,8281.920388,2.218559835960445,-1.6811232740502569,"[Decimal('0.47599225162207814'), 0.3135893393907757]",pupil.1,1,3d c++,1581666471.093566,0.47599225162207814,0.3135893393907757
"{'center': [-1.01402632713275, 5.899252526383594, 81.1154051563805], 'normal': [-0.0882010881497009, 0.604848194779555, -0.7914412355450796], 'radius': 2.310552979883076}",0.8955550843667296,8430.648168,4.621105959766152,"{'center': [152.282136462288, Decimal('164.86331562627112')], 'axes': [Decimal('26.369862595366694'), 35.32651187476857], 'angle': -81.59263496745932}","[152.282136462288, Decimal('164.86331562627112')]",35.32651187476857,"{'center': [Decimal('0.044386730663660674'), Decimal('-1.3589258109710656'), 90.61269998292146], 'radius': 12.0}","{'center': [Decimal('160.30370768133668'), Decimal('110.70181108210151')], 'axes': [Decimal('164.21539147166524'), Decimal('164.21539147166524')], 'angle': 90.0}",0.7186048685626223,120,8281.920388,2.2203715519542704,-1.6817820046536023,"[0.47588167644465, 0.3130695182238703]",pupil.1,1,3d c++,1581666471.1029592,0.47588167644465,0.3130695182238703
"{'center': [-0.9987111309413315, 5.90872959463147, 81.1209597970266], 'normal': [-0.08692482180041602, 0.605637950466878, -0.7909783488245714], 'radius': 2.33330965795212}",0.9979354441812757,8430.656568,4.66661931590424,"{'center': [Decimal('152.39985706785774'), Decimal('164.92806492585947')], 'axes': [Decimal('26.608109636395454'), 35.67211559561546], 'angle': -81.72396807989391}","[Decimal('152.39985706785774'), Decimal('164.92806492585947')]",35.67211559561546,"{'center': [Decimal('0.044386730663660674'), Decimal('-1.3589258109710656'), 90.61269998292146], 'radius': 12.0}","{'center': [Decimal('160.30370768133668'), Decimal('110.70181108210151')], 'axes': [Decimal('164.21539147166524'), Decimal('164.21539147166524')], 'angle': 90.0}",0.7186340179840545,120,8281.920388,2.2213636567035207,-1.6802524276790691,"[Decimal('0.47624955333705543'), Decimal('0.31279972947558554')]",pupil.1,1,3d c++,1581666471.110285,0.47624955333705543,0.31279972947558554
"{'center': [-0.9928496560762732, 5.908578677024664, 81.12020193472652], 'normal': [-0.08643636556166116, 0.6056253739996441, -0.7910415040162445], 'radius': Decimal('2.3155509971826698')}",0.9928743090017631,8430.664968,4.6311019943653395,"{'center': [152.4439080166965, Decimal('164.93082713544356')], 'axes': [Decimal('26.408445820569433'), Decimal('35.400863070172875')], 'angle': -81.76983289649398}","[152.4439080166965, Decimal('164.93082713544356')]",35.400863070172875,"{'center': [Decimal('0.044386730663660674'), Decimal('-1.3589258109710656'), 90.61269998292146], 'radius': 12.0}","{'center': [Decimal('160.30370768133668'), Decimal('110.70181108210151')], 'axes': [Decimal('164.21539147166524'), Decimal('164.21539147166524')], 'angle': 90.0}",0.7186202794427721,120,8281.920388,2.221347852060827,-1.6796335999461323,"[Decimal('0.47638721255217653'), 0.3127882202689851]",pupil.1,1,3d c++,1581666471.1222901,0.47638721255217653,0.3127882202689851
"{'center': [Decimal('-1.0028168303939402'), 5.91670874878146, 81.12752700323136], 'normal': [-0.08726696342146674, 0.6063028799793772, -0.7904310816408406], 'radius': 2.316084952595462}",0.9984420993669132,8430.673367,4.632169905190924,"{'center': [152.3687063438995, Decimal('164.98878725309297')], 'axes': [26.38606291154171, Decimal('35.405845765272986')], 'angle': -81.70095602124229}","[152.3687063438995, Decimal('164.98878725309297')]",35.405845765272986,"{'center': [Decimal('0.044386730663660674'), Decimal('-1.3589258109710656'), 90.61269998292146], 'radius': 12.0}","{'center': [Decimal('160.30370768133668'), Decimal('110.70181108210151')], 'axes': [Decimal('164.21539147166524'), Decimal('164.21539147166524')], 'angle': 90.0}",0.7189418413842019,120,8281.920388,2.222199533862887,-1.6807552688972618,"[Decimal('0.47615220732468594'), Decimal('0.31254671977877935')]",pupil.1,1,3d c++,1581666471.129239,0.47615220732468594,0.31254671977877935
"{'center': [-0.9914067658458185, 5.916630811881092, 81.12621445559044], 'normal': [-0.08631612470912328, 0.6062963852376798, -0.7905404606109179], 'radius': 2.33134252412958}",0.9969330518041719,8430.681767,4.66268504825916,"{'center': [Decimal('152.45586184254228'), Decimal('164.98585776204564')], 'axes': [Decimal('26.565181903626065'), 35.63973219751346], 'angle': -81.79038022533506}","[Decimal('152.45586184254228'), Decimal('164.98585776204564')]",35.63973219751346,"{'center': [Decimal('0.044386730663660674'), Decimal('-1.3589258109710656'), 90.61269998292146], 'radius': 12.0}","{'center': [Decimal('160.30370768133668'), Decimal('110.70181108210151')], 'axes': [Decimal('164.21539147166524'), Decimal('164.21539147166524')], 'angle': 90.0}",0.718913482735406,120,8281.920388,2.22219136680388,-1.6795517317104374,"[0.4764245682579446, 0.3125589259914765]",pupil.1,1,3d c++,1581666471.137533,0.4764245682579446,0.3125589259914765
"{'center': [Decimal('-1.0075974263680973'), 5.911847760353322, 81.12432915290617], 'normal': [-0.08766534641931317, 0.6058977976103657, -0.7906975691679405], 'radius': Decimal('2.3036349094712394')}",0.9978821251957252,8430.690167,4.607269818942479,"{'center': [Decimal('152.33168244915393'), Decimal('164.95590447455248')], 'axes': [26.25645238932982, 35.21684825909853], 'angle': -81.6578208935976}","[Decimal('152.33168244915393'), Decimal('164.95590447455248')]",35.21684825909853,"{'center': [Decimal('0.044386730663660674'), Decimal('-1.3589258109710656'), 90.61269998292146], 'radius': 12.0}","{'center': [Decimal('160.30370768133668'), Decimal('110.70181108210151')], 'axes': [Decimal('164.21539147166524'), Decimal('164.21539147166524')], 'angle': 90.0}",0.7188121754535648,120,8281.920388,2.2216902449596563,-1.6812162541352955,"[Decimal('0.47603650765360606'), Decimal('0.31268373135603134')]",pupil.1,1,3d c++,1581666471.144948,0.47603650765360606,0.31268373135603134
"{'center': [-0.9995407838188817, Decimal('5.9164234616771445'), 81.12694707102861], 'normal': [-0.08699395954021187, 0.6062791060540175, -0.7904794093244032], 'radius': 2.312698740879608}",0.9977252335375513,8430.698567,4.625397481759216,"{'center': [Decimal('152.39349509165118'), Decimal('164.98758591649025')], 'axes': [Decimal('26.349726604722285'), 35.35431646570478], 'angle': -81.72632469734984}","[Decimal('152.39349509165118'), Decimal('164.98758591649025')]",35.35431646570478,"{'center': [Decimal('0.044386730663660674'), Decimal('-1.3589258109710656'), 90.61269998292146], 'radius': 12.0}","{'center': [Decimal('160.30370768133668'), Decimal('110.70181108210151')], 'axes': [Decimal('164.21539147166524'), Decimal('164.21539147166524')], 'angle': 90.0}",0.719038058713628,120,8281.920388,2.222169638687362,-1.6804073810723277,"[Decimal('0.47622967216140993'), 0.3125517253479573]",pupil.1,1,3d c++,1581666471.154156,0.47622967216140993,0.3125517253479573
"{'center': [-0.9992334098861948, 5.915573837650843, 81.12626167002243], 'normal': [-0.0869683450458213, 0.6062083040518257, -0.7905365260749185], 'radius': Decimal('2.3248663334836803')}",0.996990033282408,8430.706967,4.649732666967361,"{'center': [152.3961148498518, 164.9790729328932], 'axes': [26.49111405712313, 35.54067912137172], 'angle': -81.72775682849519}","[152.3961148498518, 164.9790729328932]",35.54067912137172,"{'center': [Decimal('0.044386730663660674'), Decimal('-1.3589258109710656'), 90.61269998292146], 'radius': 12.0}","{'center': [Decimal('160.30370768133668'), Decimal('110.70181108210151')], 'axes': [Decimal('164.21539147166524'), Decimal('164.21539147166524')], 'angle': 90.0}",0.7186391085937882,120,8281.920388,2.222080610800486,-1.6803675110392748,"[0.4762378589057869, Decimal('0.31258719611294505')]",pupil.1,1,3d c++,1581666471.1612768,0.4762378589057869,0.31258719611294505
"{'center': [Decimal('-1.0121615871763439'), 5.899662887668683, 81.11551114853215], 'normal': [-0.08804569315333372, 0.6048823915533124, -0.791432402865775], 'radius': 2.299874699179138}",0.998216628985747,8430.715367,4.599749398358276,"{'center': [152.2960396443356, 164.8684803850105], 'axes': [Decimal('26.247522206237925'), 35.16315431199824], 'angle': -81.60777044232447}","[152.2960396443356, 164.8684803850105]",35.16315431199824,"{'center': [Decimal('0.044386730663660674'), Decimal('-1.3589258109710656'), 90.61269998292146], 'radius': 12.0}","{'center': [Decimal('160.30370768133668'), Decimal('110.70181108210151')], 'axes': [Decimal('164.21539147166524'), Decimal('164.21539147166524')], 'angle': 90.0}",0.7186862630034652,120,8281.920388,2.220414495040571,-1.6815892911412706,"[Decimal('0.47592512388854874'), Decimal('0.31304799839578956')]",pupil.1,1,3d c++,1581666471.1696806,0.47592512388854874,0.31304799839578956
"{'center': [-0.9999533879422189, 5.917423610948931, 81.12775966646217], 'normal': [-0.08702834321715663, 0.6063624518266664, -0.7904116930382739], 'radius': 2.319332652943718}",0.997621384381922,8430.723767,4.638665305887436,"{'center': [Decimal('152.39061269531257'), Decimal('164.99346569602955')], 'axes': [Decimal('26.422197285831388'), Decimal('35.455406741634434')], 'angle': -81.7242397038383}","[Decimal('152.39061269531257'), Decimal('164.99346569602955')]",35.455406741634434,"{'center': [Decimal('0.044386730663660674'), Decimal('-1.3589258109710656'), 90.61269998292146], 'radius': 12.0}","{'center': [Decimal('160.30370768133668'), Decimal('110.70181108210151')], 'axes': [Decimal('164.21539147166524'), Decimal('164.21539147166524')], 'angle': 90.0}",0.7186254027919392,120,8281.920388,2.2222744471118423,-1.6804596767683913,"[0.4762206646728518, 0.3125272262665436]",pupil.1,1,3d c++,1581666471.1771948,0.4762206646728518,0.3125272262665436
"{'center': [-0.9976800500861294, 5.896720911760655, 81.1116638573523], 'normal': [-0.08683889839581584, 0.60463722689431, -0.7917530104640966], 'radius': 2.302985893169145}",0.9972110172254268,8430.732167,4.60597178633829,"{'center': [152.4060300571897, Decimal('164.84747593718896')], 'axes': [26.29798072333701, 35.21239785124137], 'angle': -81.71820834791876}","[152.4060300571897, Decimal('164.84747593718896')]",35.21239785124137,"{'center': [Decimal('0.044386730663660674'), Decimal('-1.3589258109710656'), 90.61269998292146], 'radius': 12.0}","{'center': [Decimal('160.30370768133668'), Decimal('110.70181108210151')], 'axes': [Decimal('164.21539147166524'), Decimal('164.21539147166524')], 'angle': 90.0}",0.7182484988903726,120,8281.920388,2.2201066569894246,-1.6800389546913106,"[0.4762688439287178, 0.3131355169283794]",pupil.1,1,3d c++,1581666471.186303,0.4762688439287178,0.3131355169283794
"{'center': [-1.002640240317903, 5.921403808674395, 81.13111070942146], 'normal': [-0.08725224758179699, 0.606694134970455, -0.7901324394583329], 'radius': Decimal('2.3260465208671732')}",0.9979669875953662,8430.740567,4.6520930417343465,"{'center': [Decimal('152.37065025604466'), Decimal('165.02068270520266')], 'axes': [Decimal('26.485660146257715'), 35.55661016139398], 'angle': -81.70775941534373}","[Decimal('152.37065025604466'), Decimal('165.02068270520266')]",35.55661016139398,"{'center': [Decimal('0.044386730663660674'), Decimal('-1.3589258109710656'), 90.61269998292146], 'radius': 12.0}","{'center': [Decimal('160.30370768133668'), Decimal('110.70181108210151')], 'axes': [Decimal('164.21539147166524'), Decimal('164.21539147166524')], 'angle': 90.0}",0.7181933390519202,120,8281.920388,2.2226916261380527,-1.680778095003429,"[Decimal('0.47615828205013955'), 0.3124138220616556]",pupil.1,1,3d c++,1581666471.19458,0.47615828205013955,0.3124138220616556
"{'center': [Decimal('-1.0085135478066267'), 5.921501419371564, 81.13183607991753], 'normal': [-0.08774168987252395, 0.6067022691952192, -0.7900719919169933], 'radius': Decimal('2.3160130684881284')}",0.9981869294247583,8430.748967,4.632026136976257,"{'center': [Decimal('152.32573123841559'), Decimal('165.02303100893383')], 'axes': [26.36849721737742, 35.40287435545029], 'angle': -81.66184110194268}","[Decimal('152.32573123841559'), Decimal('165.02303100893383')]",35.40287435545029,"{'center': [Decimal('0.044386730663660674'), Decimal('-1.3589258109710656'), 90.61269998292146], 'radius': 12.0}","{'center': [Decimal('160.30370768133668'), Decimal('110.70181108210151')], 'axes': [Decimal('164.21539147166524'), Decimal('164.21539147166524')], 'angle': 90.0}",0.7184134129562314,120,8281.920388,2.2227018587392626,-1.6813984268813018,"[0.4760179101200487, 0.3124040374627757]",pupil.1,1,3d c++,1581666471.205417,0.4760179101200487,0.3124040374627757
"{'center': [Decimal('-1.0021994144702575'), 5.911233128056547, 81.1232613039431], 'normal': [-0.08721551209449319, 0.605846578252301, -0.7907865565815303], 'radius': Decimal('2.3155176582461214')}",0.9980758077872036,8430.757367,4.631035316492243,"{'center': [152.3730094914469, Decimal('164.94944508837992')], 'axes': [Decimal('26.396145007434658'), Decimal('35.399024692046396')], 'angle': -81.69947258834414}","[152.3730094914469, Decimal('164.94944508837992')]",35.399024692046396,"{'center': [Decimal('0.044386730663660674'), Decimal('-1.3589258109710656'), 90.61269998292146], 'radius': 12.0}","{'center': [Decimal('160.30370768133668'), Decimal('110.70181108210151')], 'axes': [Decimal('164.21539147166524'), Decimal('164.21539147166524')], 'angle': 90.0}",0.7184816721641285,120,8281.920388,2.2216258636062873,-1.6806419561564332,"[0.4761656546607716, Decimal('0.31271064546508365')]",pupil.1,1,3d c++,1581666471.214242,0.4761656546607716,0.31271064546508365
"{'center': [-0.9951716146562555, Decimal('5.9149413027930775'), 81.12533071330955], 'normal': [-0.08662986210999302, 0.6061555928136786, -0.7906141058009916], 'radius': Decimal('2.3287017026038024')}",0.997952024672395,8430.765767,4.657403405207605,"{'center': [152.4270551457371, Decimal('164.97398342176243')], 'axes': [Decimal('26.538497985413226'), 35.59973561476078], 'angle': -81.75890118783396}","[152.4270551457371, Decimal('164.97398342176243')]",35.59973561476078,"{'center': [Decimal('0.044386730663660674'), Decimal('-1.3589258109710656'), 90.61269998292146], 'radius': 12.0}","{'center': [Decimal('160.30370768133668'), Decimal('110.70181108210151')], 'axes': [Decimal('164.21539147166524'), Decimal('164.21539147166524')], 'angle': 90.0}",0.7188706619742469,120,8281.920388,2.222014334533634,-1.6799338173288119,"[Decimal('0.47633454733042846'), 0.3126084024093232]",pupil.1,1,3d c++,1581666471.2211466,0.47633454733042846,0.3126084024093232
"{'center': [Decimal('-1.0179974635439542'), 5.904704134136549, 81.12001754620033], 'normal': [-0.0885320161839679, 0.6053024954256345, -0.7910568697267607], 'radius': 2.30996867788915}",0.9979130863904088,8430.774167,4.6199373557783,"{'center': [Decimal('152.25230718065745'), Decimal('164.90252940851244')], 'axes': [Decimal('26.345314363546425'), Decimal('35.315576039359144')], 'angle': -81.56784201344122}","[Decimal('152.25230718065745'), Decimal('164.90252940851244')]",35.315576039359144,"{'center': [Decimal('0.044386730663660674'), Decimal('-1.3589258109710656'), 90.61269998292146], 'radius': 12.0}","{'center': [Decimal('160.30370768133668'), Decimal('110.70181108210151')], 'axes': [Decimal('164.21539147166524'), Decimal('164.21539147166524')], 'angle': 90.0}",0.7189584915010871,120,8281.920388,2.220942160846086,-1.682248670035944,"[Decimal('0.47578845993955454'), 0.3129061274645315]",pupil.1,1,3d c++,1581666471.229928,0.47578845993955454,0.3129061274645315
"{'center': [Decimal('-1.0172100823777248'), 5.919275371458112, 81.13109675590194], 'normal': [-0.08846640108678214, 0.6065167652024315, -0.7901336022516263], 'radius': Decimal('2.3270551036552067')}",0.9978147734169214,8430.782567,4.6541102073104135,"{'center': [152.2597904700286, Decimal('165.00429113675213')], 'axes': [Decimal('26.497123361040067'), 35.57204036553494], 'angle': -81.59109953465125}","[152.2597904700286, Decimal('165.00429113675213')]",35.57204036553494,"{'center': [Decimal('0.044386730663660674'), Decimal('-1.3589258109710656'), 90.61269998292146], 'radius': 12.0}","{'center': [Decimal('160.30370768133668'), Decimal('110.70181108210151')], 'axes': [Decimal('164.21539147166524'), Decimal('164.21539147166524')], 'angle': 90.0}",0.7191983560667747,120,8281.920388,2.222468520362468,-1.6822958097791527,"[0.4758118452188394, Decimal('0.31248212026353284')]",pupil.1,1,3d c++,1581666471.237652,0.4758118452188394,0.31248212026353284
"{'center': [Decimal('-1.0217601616312904'), 5.918984778075908, 81.13138423763127], 'normal': [-0.08884557435791259, 0.6064925490872478, -0.7901096454408495], 'radius': 2.318441994350126}",0.9987038624773429,8430.790967,4.636883988700252,"{'center': [Decimal('152.22494032236935'), 165.0036333797947], 'axes': [Decimal('26.397847297111625'), Decimal('35.440212902136885')], 'angle': -81.5551075117869}","[Decimal('152.22494032236935'), 165.0036333797947]",35.440212902136885,"{'center': [Decimal('0.044386730663660674'), Decimal('-1.3589258109710656'), 90.61269998292146], 'radius': 12.0}","{'center': [Decimal('160.30370768133668'), Decimal('110.70181108210151')], 'axes': [Decimal('164.21539147166524'), Decimal('164.21539147166524')], 'angle': 90.0}",0.7194935740575392,120,8281.920388,2.22243806290258,-1.6827730951138407,"[0.4757029385074042, Decimal('0.31248486091752203')]",pupil.1,1,3d c++,1581666471.24646,0.4757029385074042,0.31248486091752203
"{'center': [Decimal('-1.0250769184811717'), 5.908948472265774, 81.12406199287133], 'normal': [-0.08912197076206936, 0.6056561902697366, -0.7907198325041769], 'radius': Decimal('2.3167061989889817')}",0.9982892608088484,8430.799366,4.633412397977963,"{'center': [152.1989793064217, 164.9314034551829], 'axes': [Decimal('26.406464906897725'), Decimal('35.416855107145494')], 'angle': -81.5172836136207}","[152.1989793064217, 164.9314034551829]",35.416855107145494,"{'center': [Decimal('0.044386730663660674'), Decimal('-1.3589258109710656'), 90.61269998292146], 'radius': 12.0}","{'center': [Decimal('160.30370768133668'), Decimal('110.70181108210151')], 'axes': [Decimal('164.21539147166524'), Decimal('164.21539147166524')], 'angle': 90.0}",0.7194221039779736,120,8281.920388,2.221386578706185,-1.683032582909187,"[Decimal('0.47562181033256784'), Decimal('0.31278581893673796')]",pupil.1,1,3d c++,1581666471.25367,0.47562181033256784,0.31278581893673796
"{'center': [-1.020184675670292, 5.926119684360396, 81.13668817141726], 'normal': [-0.08871428386116273, 0.6070871246109552, -0.7896676509586825], 'radius': 2.325180149053276}",0.9982995277907176,8430.807766,4.650360298106552,"{'center': [Decimal('152.23760502090485'), 165.0538343033717], 'axes': [26.45397380757737, 35.54093123153072], 'angle': -81.57581112132694}","[Decimal('152.23760502090485'), 165.0538343033717]",35.54093123153072,"{'center': [Decimal('0.044386730663660674'), Decimal('-1.3589258109710656'), 90.61269998292146], 'radius': 12.0}","{'center': [Decimal('160.30370768133668'), Decimal('110.70181108210151')], 'axes': [Decimal('164.21539147166524'), Decimal('164.21539147166524')], 'angle': 90.0}",0.7196597965618334,120,8281.920388,2.2231860862436856,-1.6826710627743806,"[Decimal('0.47574251569032766'), Decimal('0.31227569040261793')]",pupil.1,1,3d c++,1581666471.2635028,0.47574251569032766,0.31227569040261793
"{'center': [Decimal('-1.0093718885673606'), 5.925326536204416, 81.13487003535093], 'normal': [-0.08781321826925179, 0.6070210289312902, -0.7898191622975442], 'radius': Decimal('2.3226208806568764')}",0.9981062547047337,8430.816166,4.645241761313753,"{'center': [Decimal('152.31965763696354'), 165.0492538025451], 'axes': [Decimal('26.431970582551354'), 35.50259110494988], 'angle': -81.65955135647363}","[Decimal('152.31965763696354'), 165.0492538025451]",35.50259110494988,"{'center': [Decimal('0.044386730663660674'), Decimal('-1.3589258109710656'), 90.61269998292146], 'radius': 12.0}","{'center': [Decimal('160.30370768133668'), Decimal('110.70181108210151')], 'axes': [Decimal('164.21539147166524'), Decimal('164.21539147166524')], 'angle': 90.0}",0.719876679184972,120,8281.920388,2.2231029115071173,-1.6815230017248814,"[0.4759989301155111, 0.3122947758227287]",pupil.1,1,3d c++,1581666471.2705278,0.4759989301155111,0.3122947758227287
"{'center': [Decimal('-1.0111762552056323'), Decimal('5.9249833075276115'), 81.13480703478606], 'normal': [-0.08796358215577442, 0.6069924265415564, -0.7898244123446158], 'radius': Decimal('2.3266995563695523')}",0.9981424027417799,8430.824566,4.653399112739105,"{'center': [Decimal('152.30603561992996'), Decimal('165.04586686113726')], 'axes': [26.4786507987282, 35.56498301165553], 'angle': -81.64502095684999}","[Decimal('152.30603561992996'), Decimal('165.04586686113726')]",35.56498301165553,"{'center': [Decimal('0.044386730663660674'), Decimal('-1.3589258109710656'), 90.61269998292146], 'radius': 12.0}","{'center': [Decimal('160.30370768133668'), Decimal('110.70181108210151')], 'axes': [Decimal('164.21539147166524'), Decimal('164.21539147166524')], 'angle': 90.0}",0.7199158317778176,120,8281.920388,2.2230669199269064,-1.681710319591626,"[Decimal('0.47595636131228114'), 0.3123088880785948]",pupil.1,1,3d c++,1581666471.2775402,0.47595636131228114,0.3123088880785948
"{'center': [Decimal('-1.0198233503614043'), 5.925762590747662, 81.13637306827202], 'normal': [-0.08868417341875541, 0.607057366809894, -0.7896939095541196], 'radius': Decimal('2.3243126012051953')}",0.9981557952519714,8430.832966,4.648625202410391,"{'center': [152.2403014163559, Decimal('165.05145297072843')], 'axes': [26.44532578824107, 35.52780383318413], 'angle': -81.57822171736544}","[152.2403014163559, Decimal('165.05145297072843')]",35.52780383318413,"{'center': [Decimal('0.044386730663660674'), Decimal('-1.3589258109710656'), 90.61269998292146], 'radius': 12.0}","{'center': [Decimal('160.30370768133668'), Decimal('110.70181108210151')], 'axes': [Decimal('164.21539147166524'), Decimal('164.21539147166524')], 'angle': 90.0}",0.7202552946933616,120,8281.920388,2.223148638402814,-1.6826297195081643,"[Decimal('0.47575094192611217'), Decimal('0.31228561262196486')]",pupil.1,1,3d c++,1581666471.2905009,0.47575094192611217,0.31228561262196486
"{'center': [-1.029121539069931, 5.930947980146229, 81.14141073042818], 'normal': [-0.08945902247779931, 0.6074894825931079, -0.7892741043744402], 'radius': Decimal('2.3187616312487265')}",0.9984495680100538,8430.841366,4.637523262497453,"{'center': [Decimal('152.16984018428022'), Decimal('165.08938123954522')], 'axes': [26.36252051379874, 35.4407390194737], 'angle': -81.51156177522468}","[Decimal('152.16984018428022'), Decimal('165.08938123954522')]",35.4407390194737,"{'center': [Decimal('0.044386730663660674'), Decimal('-1.3589258109710656'), 90.61269998292146], 'radius': 12.0}","{'center': [Decimal('160.30370768133668'), Decimal('110.70181108210151')], 'axes': [Decimal('164.21539147166524'), Decimal('164.21539147166524')], 'angle': 90.0}",0.7203887607072246,120,8281.920388,2.2236925272043377,-1.6836580850822618,"[0.4755307505758757, 0.3121275781685616]",pupil.1,1,3d c++,1581666471.297091,0.4755307505758757,0.3121275781685616
"{'center': [-1.013821740343495, 5.924935543101158, 81.13506533040704], 'normal': [-0.08818403925059631, 0.6069884461726853, -0.7898028877095338], 'radius': 2.322797550910055}",0.9978479239934925,8430.849766,4.64559510182011,"{'center': [Decimal('152.28581465541126'), Decimal('165.04614125580846')], 'axes': [Decimal('26.433197611626948'), 35.50520789206818], 'angle': -81.62424746619278}","[Decimal('152.28581465541126'), Decimal('165.04614125580846')]",35.50520789206818,"{'center': [Decimal('0.044386730663660674'), Decimal('-1.3589258109710656'), 90.61269998292146], 'radius': 12.0}","{'center': [Decimal('160.30370768133668'), Decimal('110.70181108210151')], 'axes': [Decimal('164.21539147166524'), Decimal('164.21539147166524')], 'angle': 90.0}",0.7206070286430832,120,8281.920388,2.2230619113411323,-1.6819890184550763,"[0.4758931707981602, 0.3123077447674647]",pupil.1,1,3d c++,1581666471.305897,0.4758931707981602,0.3123077447674647
"{'center': [Decimal('-1.0196743168455051'), 5.935971055669878, 81.1442125750909], 'normal': [-0.08867175395909715, 0.6079080722200786, -0.7890406173192132], 'radius': 2.325337689042746}",0.9982769581151821,8430.858166,4.650675378085492,"{'center': [152.242175446415, 165.1248408568801], 'axes': [Decimal('26.426480180937457'), 35.54005730331477], 'angle': -81.59131669445573}","[152.242175446415, 165.1248408568801]",35.54005730331477,"{'center': [Decimal('0.044386730663660674'), Decimal('-1.3589258109710656'), 90.61269998292146], 'radius': 12.0}","{'center': [Decimal('160.30370768133668'), Decimal('110.70181108210151')], 'axes': [Decimal('164.21539147166524'), Decimal('164.21539147166524')], 'angle': 90.0}",0.7205967455009676,120,8281.920388,2.224219606921524,-1.6827059981600798,"[Decimal('0.47575679827004685'), Decimal('0.31197982976299954')]",pupil.1,1,3d c++,1581666471.313417,0.47575679827004685,0.31197982976299954
"{'center': [Decimal('-1.0181503799987837'), Decimal('5.9291513762560974'), 81.13879129635052], 'normal': [-0.08854475922187037, 0.6073397656022635, -0.7894923905475775], 'radius': 2.338242419008103}",0.9978496711630594,8430.866566,4.676484838016206,"{'center': [Decimal('152.25365103937148'), 165.0732136091806], 'axes': [26.5944567652719, 35.73973049927546], 'angle': -81.5952757743416}","[Decimal('152.25365103937148'), 165.0732136091806]",35.73973049927546,"{'center': [Decimal('0.044386730663660674'), Decimal('-1.3589258109710656'), 90.61269998292146], 'radius': 12.0}","{'center': [Decimal('160.30370768133668'), Decimal('110.70181108210151')], 'axes': [Decimal('164.21539147166524'), Decimal('164.21539147166524')], 'angle': 90.0}",0.7207099925288896,120,8281.920388,2.2235040581397962,-1.6824836375250851,"[Decimal('0.47579265949803584'), 0.3121949432950808]",pupil.1,1,3d c++,1581666471.322005,0.47579265949803584,0.3121949432950808
"{'center': [Decimal('-1.0205987435916504'), 5.930370322446504, 81.14000407209602], 'normal': [-0.08874878952127592, 0.6074413444514641, -0.7893913259021194], 'radius': Decimal('2.3171928895374014')}",0.998716362175455,8430.874966,4.634385779074803,"{'center': [Decimal('152.23452644519588'), Decimal('165.08602997525242')], 'axes': [26.3501794419388, Decimal('35.417364903545256')], 'angle': -81.57754492515878}","[Decimal('152.23452644519588'), Decimal('165.08602997525242')]",35.417364903545256,"{'center': [Decimal('0.044386730663660674'), Decimal('-1.3589258109710656'), 90.61269998292146], 'radius': 12.0}","{'center': [Decimal('160.30370768133668'), Decimal('110.70181108210151')], 'axes': [Decimal('164.21539147166524'), Decimal('164.21539147166524')], 'angle': 90.0}",0.7210287248702985,120,8281.920388,2.2236319262396504,-1.6827530645430735,"[0.4757328951412371, 0.3121415417697816]",pupil.1,1,3d c++,1581666471.329973,0.4757328951412371,0.3121415417697816
"{'center': [Decimal('-1.0163913424033304'), 5.935368669115533, 81.14338015954034], 'normal': [-0.0883981727555826, 0.6078578733405499, -0.7891099852817592], 'radius': 2.32714180281566}",0.998823272595402,8430.883366,4.65428360563132,"{'center': [Decimal('152.26713379593627'), Decimal('165.12033452906596')], 'axes': [26.45025700160689, 35.56800260740355], 'angle': -81.61628236408534}","[Decimal('152.26713379593627'), Decimal('165.12033452906596')]",35.56800260740355,"{'center': [Decimal('0.044386730663660674'), Decimal('-1.3589258109710656'), 90.61269998292146], 'radius': 12.0}","{'center': [Decimal('160.30370768133668'), Decimal('110.70181108210151')], 'axes': [Decimal('164.21539147166524'), Decimal('164.21539147166524')], 'angle': 90.0}",0.7214377195763233,120,8281.920388,2.2241563862717806,-1.682353856510299,"[Decimal('0.47583479311230087'), Decimal('0.31199860612889185')]",pupil.1,1,3d c++,1581666471.3375971,0.47583479311230087,0.31199860612889185
"{'center': [Decimal('-1.0158696910495302'), 5.933927510613072, 81.14221178272422], 'normal': [-0.08835470180943258, 0.6077377767986781, -0.7892073500164366], 'radius': 2.325203113549304}",0.9982798993603824,8430.891766,4.650406227098608,"{'center': [Decimal('152.27094263752537'), 165.1103625621761], 'axes': [26.43275859045376, Decimal('35.538872119325625')], 'angle': -81.61868504842775}","[Decimal('152.27094263752537'), 165.1103625621761]",35.538872119325625,"{'center': [Decimal('0.044386730663660674'), Decimal('-1.3589258109710656'), 90.61269998292146], 'radius': 12.0}","{'center': [Decimal('160.30370768133668'), Decimal('110.70181108210151')], 'axes': [Decimal('164.21539147166524'), Decimal('164.21539147166524')], 'angle': 90.0}",0.7216265337946393,120,8281.920388,2.2240051486685624,-1.682285807888189,"[0.4758466957422668, Decimal('0.31204015599093293')]",pupil.1,1,3d c++,1581666471.345581,0.4758466957422668,0.31204015599093293
"{'center': [Decimal('-1.0192913333537186'), 5.936296350217372, 81.14442017109538], 'normal': [-0.08863983866811495, 0.6079351800990365, -0.7890233176521736], 'radius': 2.320517062696322}",0.9983824004512217,8430.900166,4.641034125392644,"{'center': [152.2449710261318, 165.1281616047542], 'axes': [26.37085782040051, Decimal('35.466266494305295')], 'angle': -81.59469045590698}","[152.2449710261318, 165.1281616047542]",35.466266494305295,"{'center': [Decimal('0.044386730663660674'), Decimal('-1.3589258109710656'), 90.61269998292146], 'radius': 12.0}","{'center': [Decimal('160.30370768133668'), Decimal('110.70181108210151')], 'axes': [Decimal('164.21539147166524'), Decimal('164.21539147166524')], 'angle': 90.0}",0.7218310059162847,120,8281.920388,2.2242537479543767,-1.6826684865878705,"[Decimal('0.47576553445666186'), Decimal('0.31196599331352415')]",pupil.1,1,3d c++,1581666471.353499,0.47576553445666186,0.31196599331352415
"{'center': [Decimal('-1.0188367067901307'), 5.932084540171063, 81.14112545797644], 'normal': [-0.08860195312114928, 0.6075841959285108, -0.7892978770787508], 'radius': 2.326766864741853}",0.9986543570677628,8430.908566,4.653533729483706,"{'center': [152.2483106223595, Decimal('165.09659568610243')], 'axes': [Decimal('26.454760406732746'), 35.56325480154096], 'angle': -81.5933308744335}","[152.2483106223595, Decimal('165.09659568610243')]",35.56325480154096,"{'center': [Decimal('0.044386730663660674'), Decimal('-1.3589258109710656'), 90.61269998292146], 'radius': 12.0}","{'center': [Decimal('160.30370768133668'), Decimal('110.70181108210151')], 'axes': [Decimal('164.21539147166524'), Decimal('164.21539147166524')], 'angle': 90.0}",0.7221421671203765,120,8281.920388,2.2238117697436444,-1.6825824937757,"[Decimal('0.47577597069487343'), 0.3120975179745732]",pupil.1,1,3d c++,1581666471.361439,0.47577597069487343,0.3120975179745732
