circle_3d,confidence,timestamp,diameter_3d,ellipse,location,diameter,sphere,projected_sphere,model_confidence,model_id,model_birth_timestamp,theta,phi,norm_pos,topic,id,method,python_timestamp,norm_x,norm_y
"{'center': [-1.116309478631174, 6.16725943500817, 81.0012516750318], 'normal': [-0.09968481729608535, 0.6315998869723712, -0.7688592328750004], 'radius': Decimal('2.2092394919737433')}",0.9976416159709559,8715.304624,4.4184789839474865,"{'center': [Decimal('151.48830061898042'), Decimal('166.99578080457417')], 'axes': [Decimal('24.337322537468964'), 33.82512153174789], 'angle': -80.93576791982291}","[Decimal('151.48830061898042'), Decimal('166.99578080457417')]",33.82512153174789,"{'center': [0.07990832892185011, -1.411939208660285, 90.2275624695318], 'radius': 12.0}","{'center': [Decimal('160.54909123748385'), 110.2978393141787], 'axes': [Decimal('164.91634698681685'), Decimal('164.91634698681685')], 'angle': 90.0}",0.7744502824280297,120,8281.920388,2.2544113942502912,-1.6997299689418768,"[0.4734009394343138, 0.3041842466476077]",pupil.1,1,3d c++,1581666755.754932,0.4734009394343138,0.3041842466476077
"{'center': [-1.133287404783646, Decimal('6.1561271863674785'), 80.99433296127359], 'normal': [Decimal('-0.10109964447545802'), 0.6306721995856469, -0.7694357923548514], 'radius': 2.240000137622345}",0.9989015800754284,8715.313024,4.48000027524469,"{'center': [Decimal('151.35904045332995'), Decimal('166.90878791246445')], 'axes': [24.70212246045418, 34.29915758284961], 'angle': -80.79494040326456}","[Decimal('151.35904045332995'), Decimal('166.90878791246445')]",34.29915758284961,"{'center': [0.07990832892185011, -1.411939208660285, 90.2275624695318], 'radius': 12.0}","{'center': [Decimal('160.54909123748385'), 110.2978393141787], 'axes': [Decimal('164.91634698681685'), Decimal('164.91634698681685')], 'angle': 90.0}",0.7747855810744775,120,8281.920388,2.2532154153258683,-1.7014424271093902,"[0.4729970014166561, Decimal('0.30454671703139813')]",pupil.1,1,3d c++,1581666755.7624528,0.4729970014166561,0.30454671703139813
"{'center': [Decimal('-1.1212149213395508'), 6.163803419311694, 80.99905085755397], 'normal': [Decimal('-0.10009360418845008'), 0.6313118856643316, -0.769042634331486], 'radius': Decimal('2.2251880562837134')}",0.9983998403812168,8715.321424,4.450376112567427,"{'center': [Decimal('151.45114269307416'), Decimal('166.96759063605884')], 'axes': [Decimal('24.521253483971748'), 34.07030413731051], 'angle': -80.894819958186}","[Decimal('151.45114269307416'), Decimal('166.96759063605884')]",34.07030413731051,"{'center': [0.07990832892185011, -1.411939208660285, 90.2275624695318], 'radius': 12.0}","{'center': [Decimal('160.54909123748385'), 110.2978393141787], 'axes': [Decimal('164.91634698681685'), Decimal('164.91634698681685')], 'angle': 90.0}",0.7748452176895793,120,8281.920388,2.2540399770084885,-1.7002222943356566,"[0.4732848209158568, 0.3043017056830881]",pupil.1,1,3d c++,1581666755.7699788,0.4732848209158568,0.3043017056830881
"{'center': [Decimal('-1.1278846630201338'), 6.162887090711446, 80.99916918451397], 'normal': [Decimal('-0.10064941599516532'), 0.6312355249476442, -0.769032773751486], 'radius': Decimal('2.2214999734733727')}",0.9982297422143404,8715.329824,4.442999946946745,"{'center': [Decimal('151.40017481899423'), 166.9612417197937], 'axes': [Decimal('24.480114213131426'), 34.01376904632104], 'angle': -80.84371264408992}","[Decimal('151.40017481899423'), 166.9612417197937]",34.01376904632104,"{'center': [0.07990832892185011, -1.411939208660285, 90.2275624695318], 'radius': 12.0}","{'center': [Decimal('160.54909123748385'), 110.2978393141787], 'axes': [Decimal('164.91634698681685'), Decimal('164.91634698681685')], 'angle': 90.0}",0.7748008102050563,120,8281.920388,2.2539415182117777,-1.700934571341573,"[0.473125546309357, 0.3043281595008597]",pupil.1,1,3d c++,1581666755.77791,0.473125546309357,0.3043281595008597
"{'center': [Decimal('-1.1119018518637231'), 6.149899085240054, 80.98644835326431], 'normal': [-0.09931751506546443, 0.6301531911583615, -0.770092843022291], 'radius': Decimal('2.2232396375938164')}",0.9981491450190636,8715.338224,4.446479275187633,"{'center': [151.5208579379035, 166.8688122877147], 'axes': [24.54649466711069, 34.04573952717163], 'angle': -80.94788706875376}","[151.5208579379035, 166.8688122877147]",34.04573952717163,"{'center': [0.07990832892185011, -1.411939208660285, 90.2275624695318], 'radius': 12.0}","{'center': [Decimal('160.54909123748385'), 110.2978393141787], 'axes': [Decimal('164.91634698681685'), Decimal('164.91634698681685')], 'angle': 90.0}",0.7747758935466309,120,8281.920388,2.2525468141482015,-1.6990565797907335,"[0.4735026810559484, 0.3047132821345221]",pupil.1,1,3d c++,1581666755.7865634,0.4735026810559484,0.3047132821345221
"{'center': [Decimal('-1.1215534034337724'), Decimal('6.1559618049106275'), 80.9926632305321], 'normal': [-0.1001218110296352, 0.630658417797576, -0.769574936583309], 'radius': Decimal('2.2139816099870826')}",0.9979282084427055,8715.346624,4.427963219974165,"{'center': [Decimal('151.44758346480145'), Decimal('166.91341967095474')], 'axes': [Decimal('24.421240089832096'), 33.9013315458316], 'angle': -80.88276545707815}","[Decimal('151.44758346480145'), Decimal('166.91341967095474')]",33.9013315458316,"{'center': [0.07990832892185011, -1.411939208660285, 90.2275624695318], 'radius': 12.0}","{'center': [Decimal('160.54909123748385'), 110.2978393141787], 'axes': [Decimal('164.91634698681685'), Decimal('164.91634698681685')], 'angle': 90.0}",0.7746031826925126,120,8281.920388,2.253197656546975,-1.7001698105035616,"[Decimal('0.47327369832750454'), Decimal('0.30452741803768857')]",pupil.1,1,3d c++,1581666755.795968,0.47327369832750454,0.30452741803768857
"{'center': [Decimal('-1.1206834688935092'), 6.153947050929918, 80.99089941180567], 'normal': [Decimal('-0.10004931648461327'), 0.6304905216325168, -0.7697219214771777], 'radius': Decimal('2.2172366165983663')}",0.9978218912758452,8715.355024,4.434473233196733,"{'center': [Decimal('151.45413917593956'), 166.8983982887852], 'axes': [24.46368630964915, 33.95192534752686], 'angle': -80.88684624264963}","[Decimal('151.45413917593956'), 166.8983982887852]",33.95192534752686,"{'center': [0.07990832892185011, -1.411939208660285, 90.2275624695318], 'radius': 12.0}","{'center': [Decimal('160.54909123748385'), 110.2978393141787], 'axes': [Decimal('164.91634698681685'), Decimal('164.91634698681685')], 'angle': 90.0}",0.7746172710321519,120,8281.920388,2.2529813314001275,-1.7000527633441866,"[0.4732941849248111, 0.3045900071300617]",pupil.1,1,3d c++,1581666755.801808,0.4732941849248111,0.3045900071300617
"{'center': [-1.112570721592879, 6.153310977227116, 80.98932760896379], 'normal': [-0.09937325420956077, 0.6304375154906168, -0.7698529050473346], 'radius': Decimal('2.1945275184625617')}",0.997385227606681,8715.363424,4.389055036925123,"{'center': [Decimal('151.51519219607982'), 166.8987130209544], 'axes': [24.21876487831841, 33.6047316376448], 'angle': -80.94698414647522}","[Decimal('151.51519219607982'), 166.8987130209544]",33.6047316376448,"{'center': [0.07990832892185011, -1.411939208660285, 90.2275624695318], 'radius': 12.0}","{'center': [Decimal('160.54909123748385'), 110.2978393141787], 'axes': [Decimal('164.91634698681685'), Decimal('164.91634698681685')], 'angle': 90.0}",0.7745267769429187,120,8281.920388,2.2529130437419207,-1.6991673335477424,"[Decimal('0.47348497561274944'), 0.3045886957460233]",pupil.1,1,3d c++,1581666755.810265,0.47348497561274944,0.3045886957460233
"{'center': [Decimal('-1.1157140789956366'), 6.151657114293084, 80.98837972855888], 'normal': [-0.09963520065979056, 0.6302996935794474, -0.7699318950810766], 'radius': Decimal('2.2038538114238384')}",0.9900014467006814,8715.371824,4.407707622847677,"{'center': [151.4913943574536, Decimal('166.88485349889322')], 'axes': [Decimal('24.325216604337687'), 33.74798182682884], 'angle': -80.92137930528403}","[151.4913943574536, Decimal('166.88485349889322')]",33.74798182682884,"{'center': [0.07990832892185011, -1.411939208660285, 90.2275624695318], 'radius': 12.0}","{'center': [Decimal('160.54909123748385'), 110.2978393141787], 'axes': [Decimal('164.91634698681685'), Decimal('164.91634698681685')], 'angle': 90.0}",0.7880799918126069,120,8281.920388,2.2527355058977876,-1.6994889388478063,"[0.4734106073670425, 0.3046464437546116]",pupil.1,1,3d c++,1581666755.822083,0.4734106073670425,0.3046464437546116
"{'center': [Decimal('-1.1002421742523174'), 6.136016487876206, 80.97361144345759], 'normal': [-0.09834587526451397, 0.6289963080447075, -0.771162585506185], 'radius': Decimal('2.1987920631023212')}",0.9983206432450765,8715.380224,4.3975841262046425,"{'center': [Decimal('151.60781232304151'), 166.7745731851906], 'axes': [Decimal('24.323517164878865'), 33.67656492844006], 'angle': -81.01886866348184}","[Decimal('151.60781232304151'), 166.7745731851906]",33.67656492844006,"{'center': [0.07990832892185011, -1.411939208660285, 90.2275624695318], 'radius': 12.0}","{'center': [Decimal('160.54909123748385'), 110.2978393141787], 'axes': [Decimal('164.91634698681685'), Decimal('164.91634698681685')], 'angle': 90.0}",0.7893750051585768,120,8281.920388,2.251057788541823,-1.6976409933774195,"[0.4737744135095047, Decimal('0.30510594506170585')]",pupil.1,1,3d c++,1581666755.830517,0.4737744135095047,0.30510594506170585
"{'center': [Decimal('-1.1161334221824968'), Decimal('6.1373122746349695'), 80.9767092023148], 'normal': [-0.09967014592536223, 0.6291042902746046, -0.7709044389347509], 'radius': Decimal('2.2080085829584344')}",0.9974587387211123,8715.388624,4.416017165916869,"{'center': [Decimal('151.48715063209195'), 166.7810199310626], 'axes': [24.41404985151444, Decimal('33.816479720690815')], 'angle': -80.90082360505959}","[Decimal('151.48715063209195'), 166.7810199310626]",33.816479720690815,"{'center': [0.07990832892185011, -1.411939208660285, 90.2275624695318], 'radius': 12.0}","{'center': [Decimal('160.54909123748385'), 110.2978393141787], 'axes': [Decimal('164.91634698681685'), Decimal('164.91634698681685')], 'angle': 90.0}",0.7895127924434475,120,8281.920388,2.2511966966297043,-1.6993729536339075,"[Decimal('0.47339734572528736'), Decimal('0.30507908362057257')]",pupil.1,1,3d c++,1581666755.838449,0.47339734572528736,0.30507908362057257
"{'center': [Decimal('-1.1000608819937643'), 6.125368896918615, 80.96491386436136], 'normal': [-0.0983307675763012, 0.6281090087982416, -0.7718873837642029], 'radius': Decimal('2.1857195258132753')}",0.9968093933494672,8715.397024,4.371439051626551,"{'center': [151.607954955612, Decimal('166.70054746084668')], 'axes': [Decimal('24.210524533505005'), Decimal('33.479871162681775')], 'angle': -81.00743471156488}","[151.607954955612, Decimal('166.70054746084668')]",33.479871162681775,"{'center': [0.07990832892185011, -1.411939208660285, 90.2275624695318], 'radius': 12.0}","{'center': [Decimal('160.54909123748385'), 110.2978393141787], 'axes': [Decimal('164.91634698681685'), Decimal('164.91634698681685')], 'angle': 90.0}",0.7890751111613747,120,8281.920388,2.249916959279715,-1.6975038987992854,"[0.4737748592362875, 0.3054143855798055]",pupil.1,1,3d c++,1581666755.845946,0.4737748592362875,0.3054143855798055
"{'center': [Decimal('-1.0919118456568087'), 6.125135968048183, 80.96368988518051], 'normal': [-0.09765168121488822, 0.628089598059039, -0.7719893820292744], 'radius': Decimal('2.1898933269706737')}",0.9974295734022625,8715.405424,4.3797866539413475,"{'center': [151.670139645971, Decimal('166.69865356088513')], 'axes': [Decimal('24.261294871791165'), 33.54432689975779], 'angle': -81.06861393259216}","[151.670139645971, Decimal('166.69865356088513')]",33.54432689975779,"{'center': [0.07990832892185011, -1.411939208660285, 90.2275624695318], 'radius': 12.0}","{'center': [Decimal('160.54909123748385'), 110.2978393141787], 'axes': [Decimal('164.91634698681685'), Decimal('164.91634698681685')], 'angle': 90.0}",0.7890638475414713,120,8281.920388,2.249892014014052,-1.6966216270591232,"[Decimal('0.47396918639365937'), 0.3054222768296453]",pupil.1,1,3d c++,1581666755.8541,0.47396918639365937,0.3054222768296453
"{'center': [Decimal('-1.1004861238890058'), 6.123678308627134, 80.96359260942731], 'normal': [-0.09836620440090466, 0.6279681264406182, -0.7719974883420406], 'radius': Decimal('2.1970696049615133')}",0.9988330288756865,8715.413824,4.3941392099230265,"{'center': [151.6049110722362, Decimal('166.68623018518872')], 'axes': [Decimal('24.341160442781643'), Decimal('33.654325543702015')], 'angle': -81.00219127766069}","[151.6049110722362, Decimal('166.68623018518872')]",33.654325543702015,"{'center': [0.07990832892185011, -1.411939208660285, 90.2275624695318], 'radius': 12.0}","{'center': [Decimal('160.54909123748385'), 110.2978393141787], 'axes': [Decimal('164.91634698681685'), Decimal('164.91634698681685')], 'angle': 90.0}",0.7893555866123059,120,8281.920388,2.249735918958146,-1.697531189842682,"[Decimal('0.47376534710073814'), Decimal('0.30547404089504704')]",pupil.1,1,3d c++,1581666755.862648,0.47376534710073814,0.30547404089504704
"{'center': [Decimal('-1.0942384014857762'), 6.128044976383387, 80.96635207645875], 'normal': [-0.09784556086730219, 0.6283320154203059, -0.7717675327560881], 'radius': Decimal('2.1943818919026405')}",0.9981484402832399,8715.422224,4.388763783805281,"{'center': [151.6527781135444, Decimal('166.71855071985067')], 'axes': [Decimal('24.301296501333333'), 33.61200108675414], 'angle': -81.05454889364536}","[151.6527781135444, Decimal('166.71855071985067')]",33.61200108675414,"{'center': [0.07990832892185011, -1.411939208660285, 90.2275624695318], 'radius': 12.0}","{'center': [Decimal('160.54909123748385'), 110.2978393141787], 'axes': [Decimal('164.91634698681685'), Decimal('164.91634698681685')], 'angle': 90.0}",0.7897642330348065,120,8281.920388,2.2502035871656823,-1.6969046644173325,"[Decimal('0.47391493160482623'), 0.3053393720006222]",pupil.1,1,3d c++,1581666755.871377,0.47391493160482623,0.3053393720006222
"{'center': [Decimal('-1.1106935720521058'), 6.121251054204331, 80.96292477683821], 'normal': [-0.09921682508116299, 0.627765855238718, -0.7720531410577998], 'radius': 2.202729787828271}",0.9991497134115029,8715.430624,4.405459575656542,"{'center': [Decimal('151.52712238870356'), Decimal('166.66700272918467')], 'axes': [24.40630921514472, 33.74133164173005], 'angle': -80.92227384714268}","[Decimal('151.52712238870356'), Decimal('166.66700272918467')]",33.74133164173005,"{'center': [0.07990832892185011, -1.411939208660285, 90.2275624695318], 'radius': 12.0}","{'center': [Decimal('160.54909123748385'), 110.2978393141787], 'axes': [Decimal('164.91634698681685'), Decimal('164.91634698681685')], 'angle': 90.0}",0.7901229155522493,120,8281.920388,2.24947603737552,-1.6986061668361816,"[0.4735222574646986, 0.3055541552950639]",pupil.1,1,3d c++,1581666755.8785288,0.4735222574646986,0.3055541552950639
"{'center': [Decimal('-1.1009077216977872'), 6.126033251841277, 80.9655624350188], 'normal': [-0.09840133755163644, 0.6281643717084635, -0.7718333362094179], 'radius': Decimal('2.1945422960873566')}",0.9988133543766171,8715.439024,4.389084592174713,"{'center': [Decimal('151.60181466015922'), Decimal('166.70360132237192')], 'axes': [24.30593126424441, 33.61478622221188], 'angle': -81.0018490478644}","[Decimal('151.60181466015922'), Decimal('166.70360132237192')]",33.61478622221188,"{'center': [0.07990832892185011, -1.411939208660285, 90.2275624695318], 'radius': 12.0}","{'center': [Decimal('160.54909123748385'), 110.2978393141787], 'axes': [Decimal('164.91634698681685'), Decimal('164.91634698681685')], 'angle': 90.0}",0.7903798233854897,120,8281.920388,2.2499881104118318,-1.6976026471261176,"[0.4737556708129976, 0.3054016611567837]",pupil.1,1,3d c++,1581666755.8868294,0.4737556708129976,0.3054016611567837
"{'center': [Decimal('-1.0919354745197143'), 6.12684205261969, 80.9650812039686], 'normal': [-0.09765365028679703, 0.6282317717733312, -0.7718734387969345], 'radius': Decimal('2.1933876362230538')}",0.9983309390290267,8715.447424,4.3867752724461075,"{'center': [Decimal('151.67019710704747'), Decimal('166.71025362963076')], 'axes': [Decimal('24.294939969779403'), 33.59729251755972], 'angle': -81.07047539919184}","[Decimal('151.67019710704747'), Decimal('166.71025362963076')]",33.59729251755972,"{'center': [0.07990832892185011, -1.411939208660285, 90.2275624695318], 'radius': 12.0}","{'center': [Decimal('160.54909123748385'), 110.2978393141787], 'axes': [Decimal('164.91634698681685'), Decimal('164.91634698681685')], 'angle': 90.0}",0.790208362854572,120,8281.920388,2.2500747369338066,-1.6966428392398,"[0.4739693659595233, 0.3053739432098719]",pupil.1,1,3d c++,1581666755.894069,0.4739693659595233,0.3053739432098719
"{'center': [Decimal('-1.1026145521333863'), 6.118091405178959, 80.95932215162762], 'normal': [-0.0985435734212697, 0.6275025511532704, -0.7723533598253485], 'radius': 2.192218407109111}",0.9987724511341861,8715.455824,4.384436814218222,"{'center': [Decimal('151.58810474950835'), Decimal('166.64684301116546')], 'axes': [24.30298956935195, Decimal('33.581759081742454')], 'angle': -80.97939205133373}","[Decimal('151.58810474950835'), Decimal('166.64684301116546')]",33.581759081742454,"{'center': [0.07990832892185011, -1.411939208660285, 90.2275624695318], 'radius': 12.0}","{'center': [Decimal('160.54909123748385'), 110.2978393141787], 'axes': [Decimal('164.91634698681685'), Decimal('164.91634698681685')], 'angle': 90.0}",0.7903058173835853,120,8281.920388,2.2491378212510633,-1.6976993935081466,"[0.4737128273422136, Decimal('0.30563815412014395')]",pupil.1,1,3d c++,1581666755.9076748,0.4737128273422136,0.30563815412014395
"{'center': [Decimal('-1.1038947448362404'), 6.129276531039129, 80.9685843698779], 'normal': [-0.09865025614650755, 0.6284346449749512, -0.7715815083044923], 'radius': Decimal('2.2062226906122695')}",0.9988990073488612,8715.464224,4.412445381224539,"{'center': [Decimal('151.57966490676583'), 166.7244884084402], 'axes': [24.42424197623722, Decimal('33.792497142527694')], 'angle': -80.98324326332336}","[Decimal('151.57966490676583'), 166.7244884084402]",33.792497142527694,"{'center': [0.07990832892185011, -1.411939208660285, 90.2275624695318], 'radius': 12.0}","{'center': [Decimal('160.54909123748385'), 110.2978393141787], 'axes': [Decimal('164.91634698681685'), Decimal('164.91634698681685')], 'angle': 90.0}",0.7902227175049847,120,8281.920388,2.25033551806649,-1.6979610239509644,"[0.4736864528336432, 0.3053146316314991]",pupil.1,1,3d c++,1581666755.914728,0.4736864528336432,0.3053146316314991
"{'center': [Decimal('-1.0992815279096397'), Decimal('6.1211846984455365'), 80.96141140872255], 'normal': [-0.09826582140262416, 0.6277603255921518, -0.7721792550674378], 'radius': 2.191095540948117}",0.9962474851844194,8715.472624,4.382191081896234,"{'center': [Decimal('151.61371303762817'), 166.6695195498952], 'axes': [Decimal('24.282913510445557'), 33.56368971046909], 'angle': -81.00827455693629}","[Decimal('151.61371303762817'), 166.6695195498952]",33.56368971046909,"{'center': [0.07990832892185011, -1.411939208660285, 90.2275624695318], 'radius': 12.0}","{'center': [Decimal('160.54909123748385'), 110.2978393141787], 'axes': [Decimal('164.91634698681685'), Decimal('164.91634698681685')], 'angle': 90.0}",0.7900169229429932,120,8281.920388,2.2494689335537217,-1.6973737496759582,"[0.473792853242588, Decimal('0.30554366854210335')]",pupil.1,1,3d c++,1581666755.922483,0.473792853242588,0.30554366854210335
"{'center': [Decimal('-1.0884019503118325'), 6.133042189438002, 80.96968437604906], 'normal': [-0.09735918993614022, 0.6287484498415239, -0.7714898411235622], 'radius': Decimal('2.1824606016235797')}",0.9983937669710602,8715.481024,4.364921203247159,"{'center': [Decimal('151.69729461121102'), 166.7571033443779], 'axes': [24.15709780517994, Decimal('33.427973620904474')], 'angle': -81.10451035265568}","[Decimal('151.69729461121102'), 166.7571033443779]",33.427973620904474,"{'center': [0.07990832892185011, -1.411939208660285, 90.2275624695318], 'radius': 12.0}","{'center': [Decimal('160.54909123748385'), 110.2978393141787], 'axes': [Decimal('164.91634698681685'), Decimal('164.91634698681685')], 'angle': 90.0}",0.7898286555203415,120,8281.920388,2.250739003353893,-1.6963290765866896,"[Decimal('0.47405404566003445'), Decimal('0.30517873606509205')]",pupil.1,1,3d c++,1581666755.93055,0.47405404566003445,0.30517873606509205
"{'center': [-1.106847925310229, 6.104824150469159, 80.94909933192706], 'normal': [-0.09889635451933992, 0.6263969465941203, -0.773205261467062], 'radius': Decimal('2.1669198772189615')}",0.9986941195145734,8715.489424,4.333839754437923,"{'center': [Decimal('151.55404208197663'), Decimal('166.55590449845937')], 'axes': [Decimal('24.059311747997846'), Decimal('33.198286064154395')], 'angle': -80.93132889185975}","[Decimal('151.55404208197663'), Decimal('166.55590449845937')]",33.198286064154395,"{'center': [0.07990832892185011, -1.411939208660285, 90.2275624695318], 'radius': 12.0}","{'center': [Decimal('160.54909123748385'), 110.2978393141787], 'axes': [Decimal('164.91634698681685'), Decimal('164.91634698681685')], 'angle': 90.0}",0.7899453117524158,120,8281.920388,2.2477186683470873,-1.6980100079266014,"[Decimal('0.47360638150617695'), Decimal('0.30601706458975264')]",pupil.1,1,3d c++,1581666755.938449,0.47360638150617695,0.30601706458975264
"{'center': [Decimal('-1.0932890271256315'), 6.134884785738604, 80.97180450157865], 'normal': [-0.09776644633729013, 0.6289019995332408, -0.7713131639960966], 'radius': 2.179820184983091}",0.9975823504939408,8715.497824,4.359640369966182,"{'center': [Decimal('151.66013586202578'), Decimal('166.77049813486929')], 'axes': [24.12012404975458, 33.38664875770434], 'angle': -81.06988307151227}","[Decimal('151.66013586202578'), Decimal('166.77049813486929')]",33.38664875770434,"{'center': [0.07990832892185011, -1.411939208660285, 90.2275624695318], 'radius': 12.0}","{'center': [Decimal('160.54909123748385'), 110.2978393141787], 'axes': [Decimal('164.91634698681685'), Decimal('164.91634698681685')], 'angle': 90.0}",0.7897112828576747,120,8281.920388,2.250936483063805,-1.6968772190655734,"[Decimal('0.47393792456883055'), 0.3051229244380447]",pupil.1,1,3d c++,1581666755.9469626,0.47393792456883055,0.3051229244380447
"{'center': [Decimal('-1.0943971528913303'), 6.122159522790721, 80.96158367934822], 'normal': [-0.09785879015109836, 0.6278415609542505, -0.7721648991819646], 'radius': Decimal('2.1859103735218555')}",0.9985961896732987,8715.506224,4.371820747043711,"{'center': [Decimal('151.65085207118562'), Decimal('166.67784013439473')], 'axes': [24.22481065737068, 33.48416719839606], 'angle': -81.04629955444899}","[Decimal('151.65085207118562'), Decimal('166.67784013439473')]",33.48416719839606,"{'center': [0.07990832892185011, -1.411939208660285, 90.2275624695318], 'radius': 12.0}","{'center': [Decimal('160.54909123748385'), 110.2978393141787], 'axes': [Decimal('164.91634698681685'), Decimal('164.91634698681685')], 'angle': 90.0}",0.7896797184400839,120,8281.920388,2.249573299025159,-1.6968573146487886,"[Decimal('0.47390891272245506'), Decimal('0.30550899944002197')]",pupil.1,1,3d c++,1581666755.954242,0.47390891272245506,0.30550899944002197
"{'center': [Decimal('-1.0820387112048173'), Decimal('6.1285594576997715'), 80.96523236644418], 'normal': [-0.09682892001055561, 0.628374888863338, -0.7718608419239682], 'radius': Decimal('2.1791790592990394')}",0.9987208286139038,8715.514624,4.358358118598079,"{'center': [Decimal('151.74532254972837'), Decimal('166.72594763572945')], 'axes': [Decimal('24.136965413493844'), 33.37952498499733], 'angle': -81.1471648547258}","[Decimal('151.74532254972837'), Decimal('166.72594763572945')]",33.37952498499733,"{'center': [0.07990832892185011, -1.411939208660285, 90.2275624695318], 'radius': 12.0}","{'center': [Decimal('160.54909123748385'), 110.2978393141787], 'axes': [Decimal('164.91634698681685'), Decimal('164.91634698681685')], 'angle': 90.0}",0.7897307371204976,120,8281.920388,2.2502586995208778,-1.6955930693628516,"[Decimal('0.47420413296790115'), 0.3053085515177939]",pupil.1,1,3d c++,1581666755.9626582,0.47420413296790115,0.3053085515177939
"{'center': [Decimal('-1.0814837403127602'), 6.148894115889157, 80.98175434368896], 'normal': [-0.09678267243621752, 0.6300694437124535, -0.7704840104869037], 'radius': Decimal('2.1817490571942537')}",0.9988457769257248,8715.523024,4.363498114388507,"{'center': [Decimal('151.75123568419826'), Decimal('166.87157440290002')], 'axes': [24.10534627667805, 33.41210761906563], 'angle': -81.1753742509068}","[Decimal('151.75123568419826'), Decimal('166.87157440290002')]",33.41210761906563,"{'center': [0.07990832892185011, -1.411939208660285, 90.2275624695318], 'radius': 12.0}","{'center': [Decimal('160.54909123748385'), 110.2978393141787], 'axes': [Decimal('164.91634698681685'), Decimal('164.91634698681685')], 'angle': 90.0}",0.7898167622309882,120,8281.920388,2.2524389623430143,-1.695754671740537,"[Decimal('0.47422261151311956'), 0.3047017733212499]",pupil.1,1,3d c++,1581666755.970017,0.47422261151311956,0.3047017733212499
"{'center': [Decimal('-1.0737922864295715'), 6.143754296478392, 80.97659113963661], 'normal': [-0.09614171794595179, 0.6296411254282231, -0.7709142774912666], 'radius': 2.162755352120217}",0.9979787090918513,8715.531424,4.325510704240434,"{'center': [Decimal('151.80888242529022'), Decimal('166.83873922921543')], 'axes': [23.91402088836738, Decimal('33.123250244322946')], 'angle': -81.2272282149812}","[Decimal('151.80888242529022'), Decimal('166.83873922921543')]",33.123250244322946,"{'center': [0.07990832892185011, -1.411939208660285, 90.2275624695318], 'radius': 12.0}","{'center': [Decimal('160.54909123748385'), 110.2978393141787], 'axes': [Decimal('164.91634698681685'), Decimal('164.91634698681685')], 'angle': 90.0}",0.789512238979373,120,8281.920388,2.2518875121013804,-1.6948670479479677,"[Decimal('0.47440275757903194'), 0.3048385865449357]",pupil.1,1,3d c++,1581666755.97951,0.47440275757903194,0.3048385865449357
"{'center': [-1.081924427972945, 6.14896648209167, 80.98186888924477], 'normal': [-0.09681939640789959, 0.6300754742293296, -0.7704744650239198], 'radius': Decimal('2.1707898003324773')}",0.9980472809827517,8715.539824,4.3415796006649545,"{'center': [Decimal('151.74757252519638'), 166.8741149758626], 'axes': [Decimal('23.983773992507395'), 33.24417756893217], 'angle': -81.17214471984401}","[Decimal('151.74757252519638'), 166.8741149758626]",33.24417756893217,"{'center': [0.07990832892185011, -1.411939208660285, 90.2275624695318], 'radius': 12.0}","{'center': [Decimal('160.54909123748385'), 110.2978393141787], 'axes': [Decimal('164.91634698681685'), Decimal('164.91634698681685')], 'angle': 90.0}",0.7893784400284098,120,8281.920388,2.2524467282601,-1.695803127208235,"[Decimal('0.47421116414123865'), Decimal('0.30469118760057257')]",pupil.1,1,3d c++,1581666755.989835,0.47421116414123865,0.30469118760057257
"{'center': [Decimal('-1.0847252817786355'), Decimal('6.1330674995205205'), 80.96924176184764], 'normal': [-0.09705280089170712, 0.6287505590150672, -0.7715267256403471], 'radius': Decimal('2.1784640920993397')}",0.9503017691688777,8715.548224,4.356928184198679,"{'center': [Decimal('151.72519166029042'), Decimal('166.75828809066525')], 'axes': [24.11446128408477, 33.36692391402268], 'angle': -81.13225242435084}","[Decimal('151.72519166029042'), Decimal('166.75828809066525')]",33.36692391402268,"{'center': [0.07990832892185011, -1.411939208660285, 90.2275624695318], 'radius': 12.0}","{'center': [Decimal('160.54909123748385'), 110.2978393141787], 'axes': [Decimal('164.91634698681685'), Decimal('164.91634698681685')], 'angle': 90.0}",0.7890914420827233,120,8281.920388,2.25074171574084,-1.695932222969525,"[0.4741412239384076, 0.3051737996222281]",pupil.1,1,3d c++,1581666755.9984891,0.4741412239384076,0.3051737996222281
"{'center': [Decimal('-1.0920626689537205'), 6.145037600484034, 80.97993653169276], 'normal': [-0.09766424982296422, 0.6297480674286933, -0.7706354948199204], 'radius': 2.180733336438418}",0.9980754313858048,8715.556624,4.361466672876836,"{'center': [151.6703172795286, Decimal('166.84333834061925')], 'axes': [24.10067404765212, 33.3972961772151], 'angle': -81.09121745963418}","[151.6703172795286, Decimal('166.84333834061925')]",33.3972961772151,"{'center': [0.07990832892185011, -1.411939208660285, 90.2275624695318], 'radius': 12.0}","{'center': [Decimal('160.54909123748385'), 110.2978393141787], 'axes': [Decimal('164.91634698681685'), Decimal('164.91634698681685')], 'angle': 90.0}",0.7888694881923675,120,8281.920388,2.2520251744476796,-1.6968564024114918,"[0.4739697414985269, 0.3048194235807531]",pupil.1,1,3d c++,1581666756.006067,0.4739697414985269,0.3048194235807531
"{'center': [Decimal('-1.0818357597005777'), 6.148514225629056, 80.98148792189303], 'normal': [-0.09681200738520232, 0.6300377861907784, -0.7705062123032302], 'radius': Decimal('2.1728064119256416')}",0.9985661401203577,8715.565024,4.345612823851283,"{'center': [151.7482693192562, Decimal('166.87049677928695')], 'axes': [Decimal('24.007447536163227'), Decimal('33.275225640826534')], 'angle': -81.17227864077473}","[151.7482693192562, Decimal('166.87049677928695')]",33.275225640826534,"{'center': [0.07990832892185011, -1.411939208660285, 90.2275624695318], 'radius': 12.0}","{'center': [Decimal('160.54909123748385'), 110.2978393141787], 'axes': [Decimal('164.91634698681685'), Decimal('164.91634698681685')], 'angle': 90.0}",0.7889092183527291,120,8281.920388,2.2523981955475527,-1.6957885892491378,"[0.4742133416226756, 0.3047062634196377]",pupil.1,1,3d c++,1581666756.0152972,0.4742133416226756,0.3047062634196377
"{'center': [Decimal('-1.0877147565850869'), Decimal('6.1526140920431365'), 80.98558271998635], 'normal': [-0.09730192379224474, 0.6303794417252852, -0.7701649791287878], 'radius': Decimal('2.1800812070541884')}",0.998116830162651,8715.573424,4.360162414108377,"{'center': [Decimal('151.70402284126695'), 166.8981676143751], 'axes': [Decimal('24.072967717798285'), Decimal('33.384985845521605')], 'angle': -81.13290608632309}","[Decimal('151.70402284126695'), 166.8981676143751]",33.384985845521605,"{'center': [0.07990832892185011, -1.411939208660285, 90.2275624695318], 'radius': 12.0}","{'center': [Decimal('160.54909123748385'), 110.2978393141787], 'axes': [Decimal('164.91634698681685'), Decimal('164.91634698681685')], 'angle': 90.0}",0.7886207325907613,120,8281.920388,2.252838231826673,-1.6964695678743007,"[0.4740750713789592, 0.3045909682734371]",pupil.1,1,3d c++,1581666756.023498,0.4740750713789592,0.3045909682734371
"{'center': [Decimal('-1.0765805662016685'), 6.169988027792212, 80.99842855477058], 'normal': [-0.09637407459362655, 0.6318272697043747, -0.7690944928967685], 'radius': Decimal('2.1741012772967947')}",0.9993432967950048,8715.581824,4.348202554593589,"{'center': [Decimal('151.79003908737897'), Decimal('167.02476637985336')], 'axes': [23.96041966846978, 33.2881210749954], 'angle': -81.23694970196604}","[Decimal('151.79003908737897'), Decimal('167.02476637985336')]",33.2881210749954,"{'center': [0.07990832892185011, -1.411939208660285, 90.2275624695318], 'radius': 12.0}","{'center': [Decimal('160.54909123748385'), 110.2978393141787], 'axes': [Decimal('164.91634698681685'), Decimal('164.91634698681685')], 'angle': 90.0}",0.7888507500118047,120,8281.920388,2.25470471491975,-1.6954550602282672,"[0.4743438721480593, 0.3040634734172777]",pupil.1,1,3d c++,1581666756.030103,0.4743438721480593,0.3040634734172777
"{'center': [Decimal('-1.0942487125888805'), 6.165350815660282, 80.99685116816381], 'normal': [-0.09784642012589422, 0.6314408353600472, -0.7692259417806661], 'radius': 2.172111359237682}",0.9988356786829629,8715.590224,4.344222718475364,"{'center': [151.6550529143491, 166.9906326210635], 'axes': [23.94409893420675, 33.25829146127322], 'angle': -81.09891788768729}","[151.6550529143491, 166.9906326210635]",33.25829146127322,"{'center': [0.07990832892185011, -1.411939208660285, 90.2275624695318], 'radius': 12.0}","{'center': [Decimal('160.54909123748385'), 110.2978393141787], 'axes': [Decimal('164.91634698681685'), Decimal('164.91634698681685')], 'angle': 90.0}",0.7889084159640958,120,8281.920388,2.2542062614627327,-1.6973180116493445,"[0.473922040357341, Decimal('0.30420569741223547')]",pupil.1,1,3d c++,1581666756.038241,0.473922040357341,0.30420569741223547
"{'center': [Decimal('-1.0795362469105247'), 6.170289427625835, 80.99904703189745], 'normal': [-0.09662038131936457, 0.6318523863571767, -0.7690429531361963], 'radius': Decimal('2.1693193902948016')}",0.9986104856866332,8715.598624,4.338638780589603,"{'center': [Decimal('151.76741761536658'), Decimal('167.02761826173904')], 'axes': [23.90543969947133, 33.21463067436759], 'angle': -81.21512368984992}","[Decimal('151.76741761536658'), Decimal('167.02761826173904')]",33.21463067436759,"{'center': [0.07990832892185011, -1.411939208660285, 90.2275624695318], 'radius': 12.0}","{'center': [Decimal('160.54909123748385'), 110.2978393141787], 'axes': [Decimal('164.91634698681685'), Decimal('164.91634698681685')], 'angle': 90.0}",0.7888219534195162,120,8281.920388,2.2547371193653656,-1.6957786408302125,"[Decimal('0.47427318004802055'), 0.3040515905760873]",pupil.1,1,3d c++,1581666756.046425,0.47427318004802055,0.3040515905760873
"{'center': [Decimal('-1.0961232722753211'), 6.175352661380939, 81.00530939602575], 'normal': [-0.0980026334330976, 0.6322743225034353, -0.7685210894588383], 'radius': Decimal('2.1643049924169953')}",0.9989247154467781,8715.607024,4.3286099848339905,"{'center': [Decimal('151.64136246118684'), Decimal('167.06372534631845')], 'axes': [Decimal('23.827499110733033'), 33.13528096846131], 'angle': -81.09671350592126}","[Decimal('151.64136246118684'), Decimal('167.06372534631845')]",33.13528096846131,"{'center': [0.07990832892185011, -1.411939208660285, 90.2275624695318], 'radius': 12.0}","{'center': [Decimal('160.54909123748385'), 110.2978393141787], 'axes': [Decimal('164.91634698681685'), Decimal('164.91634698681685')], 'angle': 90.0}",0.7889944838064156,120,8281.920388,2.2552816116358576,-1.6976328328666956,"[Decimal('0.47387925769120887'), 0.3039011443903398]",pupil.1,1,3d c++,1581666756.054143,0.47387925769120887,0.3039011443903398
"{'center': [-1.098179407035209, 6.172955981796478, 81.00360050971359], 'normal': [-0.0981739779964216, 0.6320745992047302, -0.7686634966515178], 'radius': 2.165173979712378}",0.9884964017797631,8715.615424,4.330347959424756,"{'center': [Decimal('151.62553517630454'), Decimal('167.04622378542803')], 'axes': [Decimal('23.843222986453195'), 33.1492861516699], 'angle': -81.07846371191158}","[Decimal('151.62553517630454'), Decimal('167.04622378542803')]",33.1492861516699,"{'center': [0.07990832892185011, -1.411939208660285, 90.2275624695318], 'radius': 12.0}","{'center': [Decimal('160.54909123748385'), 110.2978393141787], 'axes': [Decimal('164.91634698681685'), Decimal('164.91634698681685')], 'angle': 90.0}",0.7889310583321318,120,8281.920388,2.255023846304965,-1.6978289260906099,"[Decimal('0.47382979742595166'), Decimal('0.30397406756071654')]",pupil.1,1,3d c++,1581666756.061739,0.47382979742595166,0.30397406756071654
"{'center': [Decimal('-1.0885369741289843'), 6.177120519159009, 81.00579973015438], 'normal': [-0.09737044192090286, 0.6324216439849412, -0.7684802282814519], 'radius': Decimal('2.1551332251904274')}",0.9990787249131741,8715.623824,4.310266450380855,"{'center': [Decimal('151.69901678593925'), Decimal('167.07864308401673')], 'axes': [23.72474224348978, 32.99462151981166], 'angle': -81.15564688386607}","[Decimal('151.69901678593925'), Decimal('167.07864308401673')]",32.99462151981166,"{'center': [0.07990832892185011, -1.411939208660285, 90.2275624695318], 'radius': 12.0}","{'center': [Decimal('160.54909123748385'), 110.2978393141787], 'axes': [Decimal('164.91634698681685'), Decimal('164.91634698681685')], 'angle': 90.0}",0.7890964583113225,120,8281.920388,2.25547178129573,-1.6968299347801112,"[Decimal('0.47405942745606017'), 0.3038389871499303]",pupil.1,1,3d c++,1581666756.074066,0.47405942745606017,0.3038389871499303
"{'center': [Decimal('-1.1056998597589656'), 6.178188925091509, 81.00887014707291], 'normal': [-0.09880068239006796, 0.6325106778126495, -0.7682243602049077], 'radius': 2.147151900596651}",0.9992726267461991,8715.632224,4.294303801193302,"{'center': [Decimal('151.56817719907357'), 167.0865750761673], 'axes': [Decimal('23.625770581088588'), 32.87115398943841], 'angle': -81.02835550314465}","[Decimal('151.56817719907357'), 167.0865750761673]",32.87115398943841,"{'center': [0.07990832892185011, -1.411939208660285, 90.2275624695318], 'radius': 12.0}","{'center': [Decimal('160.54909123748385'), 110.2978393141787], 'axes': [Decimal('164.91634698681685'), Decimal('164.91634698681685')], 'angle': 90.0}",0.7893992425239027,120,8281.920388,2.2555867247610633,-1.6987033537194642,"[0.4736505537471049, Decimal('0.30380593718263627')]",pupil.1,1,3d c++,1581666756.082199,0.4736505537471049,0.30380593718263627
"{'center': [-1.103348482904313, 6.175161020537328, 81.00607596087299], 'normal': [-0.09860473431884692, 0.6322583524331344, -0.7684572090549011], 'radius': Decimal('2.1518570376047936')}",0.9984537547129626,8715.640624,4.303714075209587,"{'center': [151.5859701193962, 167.0641504724449], 'axes': [23.68759490915302, 32.94433893031551], 'angle': -81.04235577052293}","[151.5859701193962, 167.0641504724449]",32.94433893031551,"{'center': [0.07990832892185011, -1.411939208660285, 90.2275624695318], 'radius': 12.0}","{'center': [Decimal('160.54909123748385'), 110.2978393141787], 'axes': [Decimal('164.91634698681685'), Decimal('164.91634698681685')], 'angle': 90.0}",0.7891517039653628,120,8281.920388,2.2552609984735814,-1.6984141674796083,"[0.4737061566231131, 0.3038993730314795]",pupil.1,1,3d c++,1581666756.090306,0.4737061566231131,0.3038993730314795
"{'center': [Decimal('-1.1117092541297275'), 6.159628486071577, 80.99439344801729], 'normal': [-0.09930146525429814, 0.6309639745609885, -0.7694307517928756], 'radius': Decimal('2.1360589397269245')}",0.9987602113271381,8715.649023,4.272117879453849,"{'center': [Decimal('151.52057370038065'), Decimal('166.95500667866415')], 'axes': [Decimal('23.555111559045354'), 32.70710767683482], 'angle': -80.96107069887856}","[Decimal('151.52057370038065'), Decimal('166.95500667866415')]",32.70710767683482,"{'center': [0.07990832892185011, -1.411939208660285, 90.2275624695318], 'radius': 12.0}","{'center': [Decimal('160.54909123748385'), 110.2978393141787], 'axes': [Decimal('164.91634698681685'), Decimal('164.91634698681685')], 'angle': 90.0}",0.7892386270987539,120,8281.920388,2.2535914475652232,-1.6991452215745684,"[Decimal('0.47350179281368954'), 0.3043541388388994]",pupil.1,1,3d c++,1581666756.0985339,0.47350179281368954,0.3043541388388994
"{'center': [Decimal('-1.1139647642656525'), 6.159044711523339, 80.9942061178207], 'normal': [-0.09948942443229189, 0.6309153266819686, -0.7694463626425926], 'radius': 2.139178317148483}",0.9992485080554878,8715.657423,4.278356634296966,"{'center': [Decimal('151.50343627979646'), 166.950082886116], 'axes': [Decimal('23.590186227167212'), 32.75496059877123], 'angle': -80.94344321665933}","[Decimal('151.50343627979646'), 166.950082886116]",32.75496059877123,"{'center': [0.07990832892185011, -1.411939208660285, 90.2275624695318], 'radius': 12.0}","{'center': [Decimal('160.54909123748385'), 110.2978393141787], 'axes': [Decimal('164.91634698681685'), Decimal('164.91634698681685')], 'angle': 90.0}",0.7892976640326399,120,8281.920388,2.253528743417293,-1.699382915195213,"[Decimal('0.47344823837436395'), 0.3043746546411833]",pupil.1,1,3d c++,1581666756.106085,0.47344823837436395,0.3043746546411833
"{'center': [Decimal('-1.0902941716619048'), 6.164597099618228, 80.99573038283498], 'normal': [-0.09751687504864624, 0.6313780256898761, -0.7693193405580683], 'radius': 2.130484683339886}",0.9992643776487239,8715.665823,4.260969366679772,"{'center': [Decimal('151.68393196455344'), Decimal('166.99319985248897')], 'axes': [Decimal('23.488964974932898'), 32.62119209251239], 'angle': -81.12770368524195}","[Decimal('151.68393196455344'), Decimal('166.99319985248897')]",32.62119209251239,"{'center': [0.07990832892185011, -1.411939208660285, 90.2275624695318], 'radius': 12.0}","{'center': [Decimal('160.54909123748385'), 110.2978393141787], 'axes': [Decimal('164.91634698681685'), Decimal('164.91634698681685')], 'angle': 90.0}",0.7893168310849408,120,8281.920388,2.2541252637194,-1.69688125179267,"[0.4740122873892295, Decimal('0.30419500061462934')]",pupil.1,1,3d c++,1581666756.114113,0.4740122873892295,0.30419500061462934
"{'center': [Decimal('-1.1027665601268308'), 6.160837910761931, 80.99423550649357], 'normal': [-0.09855624075405675, 0.6310647599518513, -0.7694439135865204], 'radius': 2.117953996516557}",0.9992937952799279,8715.674223,4.235907993033114,"{'center': [Decimal('151.58827325515253'), 166.9676313040214], 'axes': [Decimal('23.355949943851225'), 32.4298710818668], 'angle': -81.02962979542144}","[Decimal('151.58827325515253'), 166.9676313040214]",32.4298710818668,"{'center': [0.07990832892185011, -1.411939208660285, 90.2275624695318], 'radius': 12.0}","{'center': [Decimal('160.54909123748385'), 110.2978393141787], 'axes': [Decimal('164.91634698681685'), Decimal('164.91634698681685')], 'angle': 90.0}",0.7894633338246027,120,8281.920388,2.253721363961078,-1.6981902767461194,"[Decimal('0.47371335392235164'), 0.3043015362332441]",pupil.1,1,3d c++,1581666756.1223118,0.47371335392235164,0.3043015362332441
"{'center': [-1.100617557766364, 6.167059128034032, 80.99906622998964], 'normal': [-0.09837715722401784, 0.6315831947245264, -0.7690413532951801], 'radius': Decimal('2.1191146274065837')}",0.9988079944649095,8715.682623,4.2382292548131675,"{'center': [151.6051810406271, 167.0122211287065], 'axes': [Decimal('23.351714168309925'), 32.44571834767619], 'angle': -81.05317524758748}","[151.6051810406271, 167.0122211287065]",32.44571834767619,"{'center': [0.07990832892185011, -1.411939208660285, 90.2275624695318], 'radius': 12.0}","{'center': [Decimal('160.54909123748385'), 110.2978393141787], 'axes': [Decimal('164.91634698681685'), Decimal('164.91634698681685')], 'angle': 90.0}",0.7892343093615528,120,8281.920388,2.2543898642366416,-1.698027132367998,"[Decimal('0.47376619075195964'), 0.3041157452970562]",pupil.1,1,3d c++,1581666756.1301172,0.47376619075195964,0.3041157452970562
"{'center': [Decimal('-1.0794908555485017'), 6.147432381986362, 80.9803091105298], 'normal': [-0.09661659870586264, 0.6299476325538872, -0.7706044465835005], 'radius': 2.105884944250242}",0.9988387034826469,8715.691023,4.211769888500484,"{'center': [Decimal('151.76417576150203'), Decimal('166.87520315726965')], 'axes': [23.27176476930009, 32.25054509963892], 'angle': -81.18865205046879}","[Decimal('151.76417576150203'), Decimal('166.87520315726965')]",32.25054509963892,"{'center': [0.07990832892185011, -1.411939208660285, 90.2275624695318], 'radius': 12.0}","{'center': [Decimal('160.54909123748385'), 110.2978393141787], 'axes': [Decimal('164.91634698681685'), Decimal('164.91634698681685')], 'angle': 90.0}",0.7890690613449269,120,8281.920388,2.2522821080951925,-1.6955231748498152,"[Decimal('0.47426304925469387'), Decimal('0.30468665351137647')]",pupil.1,1,3d c++,1581666756.1387901,0.47426304925469387,0.30468665351137647
"{'center': [Decimal('-1.0832494345900878'), 6.167846448482163, 80.99750757213496], 'normal': [-0.09692981362599483, 0.6316488047618707, -0.7691712414497374], 'radius': 2.119918855520321}",0.9988750732140749,8715.699423,4.239837711040642,"{'center': [Decimal('151.73755874506801'), Decimal('167.01894134120934')], 'axes': [23.36616665891169, Decimal('32.458656046585425')], 'angle': -81.18440085979238}","[Decimal('151.73755874506801'), Decimal('167.01894134120934')]",32.458656046585425,"{'center': [0.07990832892185011, -1.411939208660285, 90.2275624695318], 'radius': 12.0}","{'center': [Decimal('160.54909123748385'), 110.2978393141787], 'axes': [Decimal('164.91634698681685'), Decimal('164.91634698681685')], 'angle': 90.0}",0.7891178153636713,120,8281.920388,2.2544744916229194,-1.6961540357254865,"[Decimal('0.47417987107833753'), 0.3040877444116278]",pupil.1,1,3d c++,1581666756.1463141,0.47417987107833753,0.3040877444116278
"{'center': [-1.080988933636501, Decimal('6.1580065021257715'), 80.98915137879027], 'normal': [-0.09674143854652927, 0.6308288092321713, -0.7698675908951286], 'radius': Decimal('2.1043101830526343')}",0.9987145869839944,8715.707823,4.208620366105269,"{'center': [Decimal('151.75356139014767'), Decimal('166.95130692642266')], 'axes': [Decimal('23.223335183666833'), 32.22291476170122], 'angle': -81.1898198627695}","[Decimal('151.75356139014767'), Decimal('166.95130692642266')]",32.22291476170122,"{'center': [0.07990832892185011, -1.411939208660285, 90.2275624695318], 'radius': 12.0}","{'center': [Decimal('160.54909123748385'), 110.2978393141787], 'axes': [Decimal('164.91634698681685'), Decimal('164.91634698681685')], 'angle': 90.0}",0.7890453792291141,120,8281.920388,2.2534172356017077,-1.6958009574321373,"[Decimal('0.47422987934421146'), 0.3043695544732389]",pupil.1,1,3d c++,1581666756.1590989,0.47422987934421146,0.3043695544732389
"{'center': [Decimal('-1.0804586185781315'), 6.157359207381975, 80.98855440394112], 'normal': [-0.09669724562499847, 0.6307748680035217, -0.7699173387992237], 'radius': Decimal('2.0966083193451186')}",0.998925128415907,8715.716223,4.193216638690237,"{'center': [Decimal('151.75733869916434'), Decimal('166.94808819257167')], 'axes': [Decimal('23.140378357389135'), Decimal('32.105181124628714')], 'angle': -81.19304512791217}","[Decimal('151.75733869916434'), Decimal('166.94808819257167')]",32.105181124628714,"{'center': [0.07990832892185011, -1.411939208660285, 90.2275624695318], 'radius': 12.0}","{'center': [Decimal('160.54909123748385'), 110.2978393141787], 'axes': [Decimal('164.91634698681685'), Decimal('164.91634698681685')], 'angle': 90.0}",0.7888831163556653,120,8281.920388,2.253347718689463,-1.6957364563710473,"[Decimal('0.47424168343488854'), 0.3043829658642847]",pupil.1,1,3d c++,1581666756.16718,0.47424168343488854,0.3043829658642847
"{'center': [-1.050779604598952, 6.161572746146134, 80.9883275733191], 'normal': [-0.09422399446006684, 0.6311259962338682, -0.7699362413510593], 'radius': 2.080063300268648}",0.9985809541227088,8715.724623,4.160126600537296,"{'center': [Decimal('151.98335301970593'), Decimal('166.98333950120602')], 'axes': [Decimal('22.958590053973815'), Decimal('31.851846267301664')], 'angle': -81.42105408574346}","[Decimal('151.98335301970593'), Decimal('166.98333950120602')]",31.851846267301664,"{'center': [0.07990832892185011, -1.411939208660285, 90.2275624695318], 'radius': 12.0}","{'center': [Decimal('160.54909123748385'), 110.2978393141787], 'axes': [Decimal('164.91634698681685'), Decimal('164.91634698681685')], 'angle': 90.0}",0.7888512743006837,120,8281.920388,2.2538003066814354,-1.6925697753995907,"[0.474947978186581, 0.3042360854116416]",pupil.1,1,3d c++,1581666756.179108,0.474947978186581,0.3042360854116416
"{'center': [Decimal('-1.0709405737367343'), 6.157001811022691, 80.98707121398647], 'normal': [-0.0959040752215487, 0.6307450849735813, -0.7700409379621119], 'radius': Decimal('2.0760388250932875')}",0.9987210184177713,8715.733023,4.152077650186575,"{'center': [Decimal('151.82927027578066'), Decimal('166.94987063525411')], 'axes': [22.91840373943003, 31.79069694273168], 'angle': -81.2641750554266}","[Decimal('151.82927027578066'), Decimal('166.94987063525411')]",31.79069694273168,"{'center': [0.07990832892185011, -1.411939208660285, 90.2275624695318], 'radius': 12.0}","{'center': [Decimal('160.54909123748385'), 110.2978393141787], 'axes': [Decimal('164.91634698681685'), Decimal('164.91634698681685')], 'angle': 90.0}",0.7888444843545561,120,8281.920388,2.2533093374079636,-1.6947024351446445,"[Decimal('0.47446646961181455'), Decimal('0.30437553901977454')]",pupil.1,1,3d c++,1581666756.185689,0.47446646961181455,0.30437553901977454
"{'center': [Decimal('-1.0645316272833563'), Decimal('6.1355871993482864'), 80.96877732745975], 'normal': [-0.09536999635043386, 0.6289605340007143, -0.7715654285060046], 'radius': Decimal('2.0808196998671025')}",0.9983349431874643,8715.741423,4.161639399734205,"{'center': [151.8765507235119, Decimal('166.79566003834697')], 'axes': [Decimal('23.034700632692036'), Decimal('31.871103000256454')], 'angle': -81.28747458552358}","[151.8765507235119, Decimal('166.79566003834697')]",31.871103000256454,"{'center': [0.07990832892185011, -1.411939208660285, 90.2275624695318], 'radius': 12.0}","{'center': [Decimal('160.54909123748385'), 110.2978393141787], 'axes': [Decimal('164.91634698681685'), Decimal('164.91634698681685')], 'angle': 90.0}",0.7887215432040295,120,8281.920388,2.2510117723381575,-1.693778379634955,"[0.4746142210109747, 0.3050180831735543]",pupil.1,1,3d c++,1581666756.1898284,0.4746142210109747,0.3050180831735543
"{'center': [Decimal('-1.0812791823214438'), 6.017983449470299, 80.87620466128115], 'normal': [-0.09676562593694116, 0.619160221510882, -0.7792798173542207], 'radius': Decimal('2.0472439431695997')}",0.9982333278319522,8715.749823,4.094487886339199,"{'center': [151.7387519816926, 165.9539654591798], 'axes': [Decimal('22.979449973768716'), 31.39248614104088], 'angle': -81.01998824636307}","[151.7387519816926, 165.9539654591798]",31.39248614104088,"{'center': [0.07990832892185011, -1.411939208660285, 90.2275624695318], 'radius': 12.0}","{'center': [Decimal('160.54909123748385'), 110.2978393141787], 'axes': [Decimal('164.91634698681685'), Decimal('164.91634698681685')], 'angle': 90.0}",0.7884078252086368,120,8281.920388,2.238469157605419,-1.694337104736297,"[Decimal('0.47418359994278936'), 0.3085251439200841]",pupil.1,1,3d c++,1581666756.1989794,0.47418359994278936,0.3085251439200841
"{'center': [Decimal('-1.1659757439391811'), 5.861980221630344, 80.76511727821726], 'normal': [Decimal('-0.10382367273841926'), 0.6061599525242191, -0.7885370992762117], 'radius': 2.033146801561218}",0.9966537035332721,8715.758223,4.066293603122436,"{'center': [Decimal('151.07932040879396'), Decimal('164.82291349786655')], 'axes': [23.19977656461883, Decimal('31.219026912693348')], 'angle': -80.16505526039282}","[Decimal('151.07932040879396'), Decimal('164.82291349786655')]",31.219026912693348,"{'center': [0.07990832892185011, -1.411939208660285, 90.2275624695318], 'radius': 12.0}","{'center': [Decimal('160.54909123748385'), 110.2978393141787], 'axes': [Decimal('164.91634698681685'), Decimal('164.91634698681685')], 'angle': 90.0}",0.7879633625776372,120,8281.920388,2.2220198160714464,-1.7017094763178584,"[0.4721228762774811, 0.313237860425556]",pupil.1,1,3d c++,1581666756.206383,0.4721228762774811,0.313237860425556
"{'center': [Decimal('-1.1828922376952984'), 5.70052721366923, 80.6453833791481], 'normal': [Decimal('-0.10523338055142904'), 0.5927055351941263, -0.7985149241986417], 'radius': Decimal('2.0079682086996176')}",0.9933999819953326,8715.766623,4.015936417399235,"{'center': [Decimal('150.93621185665424'), Decimal('163.65342445147567')], 'axes': [Decimal('23.317714970326143'), Decimal('30.877959358592868')], 'angle': -79.80580698709952}","[Decimal('150.93621185665424'), Decimal('163.65342445147567')]",30.877959358592868,"{'center': [0.07990832892185011, -1.411939208660285, 90.2275624695318], 'radius': 12.0}","{'center': [Decimal('160.54909123748385'), 110.2978393141787], 'axes': [Decimal('164.91634698681685'), Decimal('164.91634698681685')], 'angle': 90.0}",0.8267472303345791,120,8281.920388,2.2052101960217985,-1.701827606707711,"[0.4716756620520445, 0.3181107314521847]",pupil.1,1,3d c++,1581666756.213844,0.4716756620520445,0.3181107314521847
"{'center': [-1.223659996019382, 5.580694353563456, 80.56299908122129], 'normal': [Decimal('-0.10863069374510267'), 0.5827194635186451, -0.8053802823592096], 'radius': 2.027813667054943}",0.996877297849514,8715.775023,4.055627334109886,"{'center': [Decimal('150.61518466293828'), Decimal('162.77330849747028')], 'axes': [Decimal('23.830980811076127'), 31.21500186157341], 'angle': -79.30107554604527}","[Decimal('150.61518466293828'), Decimal('162.77330849747028')]",31.21500186157341,"{'center': [0.07990832892185011, -1.411939208660285, 90.2275624695318], 'radius': 12.0}","{'center': [Decimal('160.54909123748385'), 110.2978393141787], 'axes': [Decimal('164.91634698681685'), Decimal('164.91634698681685')], 'angle': 90.0}",0.8263598972076069,120,8281.920388,2.19286733656986,-1.7048684217292882,"[0.4706724520716821, 0.3217778812605405]",pupil.1,1,3d c++,1581666756.222955,0.4706724520716821,0.3217778812605405
"{'center': [Decimal('-1.2306442458719626'), 5.483173120885672, 80.4941212532073], 'normal': [Decimal('-0.10921271456615106'), 0.5745926941288297, -0.8111201013603754], 'radius': Decimal('1.9999311917717484')}",0.9914103740644171,8715.783423,3.9998623835434968,"{'center': [150.5529630807545, Decimal('162.06424017264686')], 'axes': [Decimal('23.737158223338383'), 30.8119654718674], 'angle': -79.092080852914}","[150.5529630807545, Decimal('162.06424017264686')]",30.8119654718674,"{'center': [0.07990832892185011, -1.411939208660285, 90.2275624695318], 'radius': 12.0}","{'center': [Decimal('160.54909123748385'), 110.2978393141787], 'axes': [Decimal('164.91634698681685'), Decimal('164.91634698681685')], 'angle': 90.0}",0.8243984211206201,120,8281.920388,2.1829027263106067,-1.704635724628311,"[0.4704780096273578, 0.3247323326139714]",pupil.1,1,3d c++,1581666756.229988,0.4704780096273578,0.3247323326139714
"{'center': [-1.213114943071168, 5.447792005937991, 80.46681564966445], 'normal': [Decimal('-0.10775193933275151'), 0.5716442678831897, -0.8133955683222789], 'radius': Decimal('1.9887637247437477')}",0.9903784024331075,8715.791823,3.9775274494874955,"{'center': [150.6841690972408, Decimal('161.80799785882127')], 'axes': [Decimal('23.697111045452168'), Decimal('30.650241067086895')], 'angle': -79.17957889206974}","[150.6841690972408, Decimal('161.80799785882127')]",30.650241067086895,"{'center': [0.07990832892185011, -1.411939208660285, 90.2275624695318], 'radius': 12.0}","{'center': [Decimal('160.54909123748385'), 110.2978393141787], 'axes': [Decimal('164.91634698681685'), Decimal('164.91634698681685')], 'angle': 90.0}",0.822230800330559,120,8281.920388,2.179304765296507,-1.702501235877512,"[Decimal('0.47088802842887756'), 0.325800008921578]",pupil.1,1,3d c++,1581666756.2425091,0.47088802842887756,0.325800008921578
"{'center': [-1.302919899955804, 5.539997836146826, 80.54467253860427], 'normal': [Decimal('-0.11523568573980447'), 0.579328087067259, -0.8069074942439606], 'radius': 2.101422456370682}",0.6325171442382851,8715.800223,4.202844912741364,"{'center': [150.007523871864, Decimal('162.45744002654513')], 'axes': [Decimal('24.761281751754264'), 32.35570792941685], 'angle': -78.59701537902127}","[150.007523871864, Decimal('162.45744002654513')]",32.35570792941685,"{'center': [0.07990832892185011, -1.411939208660285, 90.2275624695318], 'radius': 12.0}","{'center': [Decimal('160.54909123748385'), 110.2978393141787], 'axes': [Decimal('164.91634698681685'), Decimal('164.91634698681685')], 'angle': 90.0}",0.8186475884269462,120,8281.920388,2.1887004382323787,-1.7126486706982516,"[0.468773512099575, Decimal('0.32309399988939524')]",pupil.1,1,3d c++,1581666756.2503688,0.468773512099575,0.32309399988939524
"{'center': [Decimal('-1.2876565843406627'), 5.621905141778468, 80.60182614123909], 'normal': [Decimal('-0.11396374277187604'), 0.586153695869896, -0.802144694024393], 'radius': 2.095514768512934}",0.7707019448842749,8715.808623,4.191029537025868,"{'center': [150.1311044685348, Decimal('163.05778468208916')], 'axes': [Decimal('24.488650917310107'), Decimal('32.241920150606134')], 'angle': -78.85187952233446}","[150.1311044685348, Decimal('163.05778468208916')]",32.241920150606134,"{'center': [0.07990832892185011, -1.411939208660285, 90.2275624695318], 'radius': 12.0}","{'center': [Decimal('160.54909123748385'), 110.2978393141787], 'axes': [Decimal('164.91634698681685'), Decimal('164.91634698681685')], 'angle': 90.0}",0.8160594717988023,120,8281.920388,2.1970996168163417,-1.7119256188363208,"[Decimal('0.46915970146417124'), Decimal('0.32059256382462853')]",pupil.1,1,3d c++,1581666756.2577012,0.46915970146417124,0.32059256382462853
"{'center': [Decimal('-1.2901188987506356'), 5.60759097720035, 80.5917323877367], 'normal': [Decimal('-0.11416893563937379'), 0.5849608488217195, -0.8029858401495921], 'radius': Decimal('2.1035840632613363')}",0.8005982463975971,8715.817023,4.207168126522673,"{'center': [Decimal('150.11132181440118'), Decimal('162.95172421413326')], 'axes': [Decimal('24.618949742719344'), Decimal('32.370146316337895')], 'angle': -78.80938885918665}","[Decimal('150.11132181440118'), Decimal('162.95172421413326')]",32.370146316337895,"{'center': [0.07990832892185011, -1.411939208660285, 90.2275624695318], 'radius': 12.0}","{'center': [Decimal('160.54909123748385'), 110.2978393141787], 'axes': [Decimal('164.91634698681685'), Decimal('164.91634698681685')], 'angle': 90.0}",0.814028437559422,120,8281.920388,2.1956281121891967,-1.712030217699577,"[0.4690978806700037, Decimal('0.32103448244111144')]",pupil.1,1,3d c++,1581666756.266469,0.4690978806700037,0.32103448244111144
"{'center': [Decimal('-1.2917721211473747'), 5.601288202821459, 80.5873791715992], 'normal': [Decimal('-0.11430670417243546'), 0.584435617623479, -0.8033486081610512], 'radius': 2.097023892862707}",0.7805738770454648,8715.825423,4.194047785725414,"{'center': [Decimal('150.09790877550043'), Decimal('162.90677506679012')], 'axes': [Decimal('24.557595207125654'), 32.27091112134473], 'angle': -78.7860702874068}","[Decimal('150.09790877550043'), Decimal('162.90677506679012')]",32.27091112134473,"{'center': [0.07990832892185011, -1.411939208660285, 90.2275624695318], 'radius': 12.0}","{'center': [Decimal('160.54909123748385'), 110.2978393141787], 'axes': [Decimal('164.91634698681685'), Decimal('164.91634698681685')], 'angle': 90.0}",0.8110777567918337,120,8281.920388,2.1949806784047308,-1.7121353786423517,"[0.4690559649234388, 0.3212217705550412]",pupil.1,1,3d c++,1581666756.274834,0.4690559649234388,0.3212217705550412
"{'center': [Decimal('-1.2934341009482535'), 5.594953088493006, 80.58301007419419], 'normal': [Decimal('-0.11444520248917525'), 0.5839076914294407, -0.8037126996114673], 'radius': 2.097125928943092}",0.6465457472873803,8715.833823,4.194251857886184,"{'center': [Decimal('150.08465518757683'), Decimal('162.86039186908704')], 'axes': [24.57430894052603, 32.27422597008812], 'angle': -78.7625896612953}","[Decimal('150.08465518757683'), Decimal('162.86039186908704')]",32.27422597008812,"{'center': [0.07990832892185011, -1.411939208660285, 90.2275624695318], 'radius': 12.0}","{'center': [Decimal('160.54909123748385'), 110.2978393141787], 'axes': [Decimal('164.91634698681685'), Decimal('164.91634698681685')], 'angle': 90.0}",0.807352276859008,120,8281.920388,2.1943302266851132,-1.712241101664621,"[0.4690145474611776, 0.321415033878804]",pupil.1,1,3d c++,1581666756.2823188,0.4690145474611776,0.321415033878804
"{'center': [Decimal('-1.2951048424817093'), 5.588585595614092, 80.5786251579308], 'normal': [Decimal('-0.11458443095029659'), 0.5833770670228647, -0.8040781093000835], 'radius': Decimal('2.1000060572672363')}",0.6343455016920994,8715.842223,4.200012114534473,"{'center': [150.0714274933217, 162.8132683212878], 'axes': [24.62367335718046, 32.32031419347564], 'angle': -78.73894648427853}","[150.0714274933217, 162.8132683212878]",32.32031419347564,"{'center': [0.07990832892185011, -1.411939208660285, 90.2275624695318], 'radius': 12.0}","{'center': [Decimal('160.54909123748385'), 110.2978393141787], 'axes': [Decimal('164.91634698681685'), Decimal('164.91634698681685')], 'angle': 90.0}",0.8044004108825331,120,8281.920388,2.193676757030489,-1.7123473867663626,"[0.4689732109166303, 0.3216113819946341]",pupil.1,1,3d c++,1581666756.290376,0.4689732109166303,0.3216113819946341
"{'center': [Decimal('-1.1909381550273723'), 5.679344467713638, 80.6307585726385], 'normal': [Decimal('-0.10590387366243524'), 0.5909403063644938, -0.7997336580744425], 'radius': 2.077377595680216}",0.6095679903329378,8715.850623,4.154755191360432,"{'center': [Decimal('150.87510494182092'), Decimal('163.48650782604807')], 'axes': [24.1754542488144, Decimal('31.951346051387233')], 'angle': -79.71105211370258}","[Decimal('150.87510494182092'), Decimal('163.48650782604807')]",31.951346051387233,"{'center': [0.07990832892185011, -1.411939208660285, 90.2275624695318], 'radius': 12.0}","{'center': [Decimal('160.54909123748385'), 110.2978393141787], 'axes': [Decimal('164.91634698681685'), Decimal('164.91634698681685')], 'angle': 90.0}",0.801235640560316,120,8281.920388,2.2030202694405734,-1.7024542339476223,"[0.4714847029431904, 0.3188062173914664]",pupil.1,1,3d c++,1581666756.299802,0.4714847029431904,0.3188062173914664
"{'center': [Decimal('-1.2958837540437924'), 5.666234078307226, 80.63555230147482], 'normal': [Decimal('-0.11464934024713686'), 0.5898477739139592, -0.7993341806714155], 'radius': 2.094540009604013}",0.7279598794856591,8715.859023,4.189080019208026,"{'center': [Decimal('150.07197663223496'), 163.3805318666334], 'axes': [Decimal('24.357640224028007'), 32.21348529214658], 'angle': -78.85654215315257}","[Decimal('150.07197663223496'), 163.3805318666334]",32.21348529214658,"{'center': [0.07990832892185011, -1.411939208660285, 90.2275624695318], 'radius': 12.0}","{'center': [Decimal('160.54909123748385'), 110.2978393141787], 'axes': [Decimal('164.91634698681685'), Decimal('164.91634698681685')], 'angle': 90.0}",0.7977874565798682,120,8281.920388,2.2016666426900815,-1.7132557644338042,"[0.4689749269757343, 0.3192477838890275]",pupil.1,1,3d c++,1581666756.306902,0.4689749269757343,0.3192477838890275
"{'center': [Decimal('-1.2794480427578512'), 5.757691704986077, 80.70135951048982], 'normal': [Decimal('-0.11327969763997513'), 0.5974692428038636, -0.7938502465868319], 'radius': Decimal('2.0873539536534964')}",0.7448889857786498,8715.867423,4.174707907306993,"{'center': [Decimal('150.20533038985278'), Decimal('164.04847379078058')], 'axes': [Decimal('24.042135217455037'), 32.07684310700591], 'angle': -79.1279343335183}","[Decimal('150.20533038985278'), Decimal('164.04847379078058')]",32.07684310700591,"{'center': [0.07990832892185011, -1.411939208660285, 90.2275624695318], 'radius': 12.0}","{'center': [Decimal('160.54909123748385'), 110.2978393141787], 'axes': [Decimal('164.91634698681685'), Decimal('164.91634698681685')], 'angle': 90.0}",0.7954528799086202,120,8281.920388,2.2111377277399065,-1.7125360045597482,"[0.4693916574682899, Decimal('0.31646469253841425')]",pupil.1,1,3d c++,1581666756.3144162,0.4693916574682899,0.31646469253841425
"{'center': [Decimal('-1.3769946755227955'), 5.745894504868414, 80.70690859676067], 'normal': [Decimal('-0.12140858370372053'), 0.5964861427940584, -0.7933878227309282], 'radius': 2.10710163614117}",0.6934415883895513,8715.875823,4.21420327228234,"{'center': [149.4598098750049, Decimal('163.95174210087245')], 'axes': [Decimal('24.249328690584903'), Decimal('32.378182884351645')], 'angle': -78.3453168945184}","[149.4598098750049, Decimal('163.95174210087245')]",32.378182884351645,"{'center': [0.07990832892185011, -1.411939208660285, 90.2275624695318], 'radius': 12.0}","{'center': [Decimal('160.54909123748385'), 110.2978393141787], 'axes': [Decimal('164.91634698681685'), Decimal('164.91634698681685')], 'angle': 90.0}",0.7926384606887327,120,8281.920388,2.209912311009476,-1.7226438962948514,"[Decimal('0.46706190585939034'), Decimal('0.31686774124636474')]",pupil.1,1,3d c++,1581666756.326825,0.46706190585939034,0.31686774124636474
"{'center': [-1.371849834191003, 5.742040719808372, 80.70322682766665], 'normal': [Decimal('-0.12097984692607107'), 0.5961649940390547, -0.7936946368220957], 'radius': 2.103335565076051}",0.6833148820106401,8715.884223,4.206671130152102,"{'center': [Decimal('149.49860556428962'), Decimal('163.92481569521894')], 'axes': [24.21906029549215, 32.32176685400154], 'angle': -78.37928657722016}","[Decimal('149.49860556428962'), Decimal('163.92481569521894')]",32.32176685400154,"{'center': [0.07990832892185011, -1.411939208660285, 90.2275624695318], 'radius': 12.0}","{'center': [Decimal('160.54909123748385'), 110.2978393141787], 'axes': [Decimal('164.91634698681685'), Decimal('164.91634698681685')], 'angle': 90.0}",0.7914675694398743,120,8281.920388,2.209512246621276,-1.7220582244973,"[0.4671831423884051, Decimal('0.31697993460325447')]",pupil.1,1,3d c++,1581666756.3352132,0.4671831423884051,0.31697993460325447
"{'center': [Decimal('-1.2123242333763018'), 5.626294527835417, 80.59462932975605], 'normal': [Decimal('-0.10768604685817931'), 0.5865194780413084, -0.8027444283146468], 'radius': Decimal('1.9678826803996212')}",0.9952579200403628,8715.892623,3.9357653607992424,"{'center': [150.7037898966758, Decimal('163.11717843478868')], 'axes': [23.02090055916147, 30.28040673841429], 'angle': -79.46154042197215}","[150.7037898966758, Decimal('163.11717843478868')]",30.28040673841429,"{'center': [0.07990832892185011, -1.411939208660285, 90.2275624695318], 'radius': 12.0}","{'center': [Decimal('160.54909123748385'), 110.2978393141787], 'axes': [Decimal('164.91634698681685'), Decimal('164.91634698681685')], 'angle': 90.0}",0.7905545448127493,120,8281.920388,2.197551162107128,-1.7041475827769355,"[Decimal('0.47094934342711187'), Decimal('0.32034508985504717')]",pupil.1,1,3d c++,1581666756.343724,0.47094934342711187,0.32034508985504717
"{'center': [Decimal('-1.1965040355252574'), 5.634566083258952, 80.59856799207775], 'normal': [Decimal('-0.10636769703725896'), 0.5872087743266031, -0.8024162064545048], 'radius': 1.952228333806986}",0.996388141663323,8715.901023,3.904456667613972,"{'center': [Decimal('150.82508845586835'), Decimal('163.18121623091844')], 'axes': [Decimal('22.824756146406784'), 30.03801219636518], 'angle': -79.60070415177483}","[Decimal('150.82508845586835'), Decimal('163.18121623091844')]",30.03801219636518,"{'center': [0.07990832892185011, -1.411939208660285, 90.2275624695318], 'radius': 12.0}","{'center': [Decimal('160.54909123748385'), 110.2978393141787], 'axes': [Decimal('164.91634698681685'), Decimal('164.91634698681685')], 'angle': 90.0}",0.7900371702369569,120,8281.920388,2.1984024758549188,-1.7025872278634036,"[0.4713284014245886, 0.3200782657045065]",pupil.1,1,3d c++,1581666756.350643,0.4713284014245886,0.3200782657045065
"{'center': [Decimal('-1.1950551680505532'), 5.638714466691196, 80.60141314430105], 'normal': [Decimal('-0.10624695808103361'), 0.5875544729459568, -0.8021791104358964], 'radius': Decimal('1.9616363141519277')}",0.9952687692517075,8715.909423,3.9232726283038555,"{'center': [Decimal('150.83679321611507'), Decimal('163.21000427546943')], 'axes': [Decimal('22.925350884817217'), Decimal('30.181736265791248')], 'angle': -79.61845970440775}","[Decimal('150.83679321611507'), Decimal('163.21000427546943')]",30.181736265791248,"{'center': [0.07990832892185011, -1.411939208660285, 90.2275624695318], 'radius': 12.0}","{'center': [Decimal('160.54909123748385'), 110.2978393141787], 'axes': [Decimal('164.91634698681685'), Decimal('164.91634698681685')], 'angle': 90.0}",0.7892398765026343,120,8281.920388,2.1988296281031205,-1.7024778150032212,"[0.4713649788003596, 0.3199583155188773]",pupil.1,1,3d c++,1581666756.357842,0.4713649788003596,0.3199583155188773
"{'center': [Decimal('-1.2011568095912606'), 5.659282161550028, 80.61732311536547], 'normal': [Decimal('-0.10675542820942588'), 0.589268447517526, -0.8008532795138612], 'radius': Decimal('1.9499073789568089')}",0.9951466972922767,8715.917823,3.8998147579136178,"{'center': [Decimal('150.79139590982356'), 163.3615123640849], 'axes': [22.73565334545013, 29.99533401151965], 'angle': -79.60008724387586}","[Decimal('150.79139590982356'), 163.3615123640849]",29.99533401151965,"{'center': [0.07990832892185011, -1.411939208660285, 90.2275624695318], 'radius': 12.0}","{'center': [Decimal('160.54909123748385'), 110.2978393141787], 'axes': [Decimal('164.91634698681685'), Decimal('164.91634698681685')], 'angle': 90.0}",0.788497936414756,120,8281.920388,2.20094941128488,-1.7033171764175088,"[0.4712231122181986, Decimal('0.31932703181631295')]",pupil.1,1,3d c++,1581666756.365911,0.4712231122181986,0.31932703181631295
"{'center': [Decimal('-1.2027129380970718'), 5.659991261171048, 80.61805248643371], 'normal': [Decimal('-0.10688510558491016'), 0.589327539152611, -0.8007924985915079], 'radius': 1.954698685603348}",0.9937785750806705,8715.926223,3.909397371206696,"{'center': [Decimal('150.77968698435723'), Decimal('163.36577665270795')], 'axes': [Decimal('22.789120861585527'), Decimal('30.068782927848584')], 'angle': -79.58871077913241}","[Decimal('150.77968698435723'), Decimal('163.36577665270795')]",30.068782927848584,"{'center': [0.07990832892185011, -1.411939208660285, 90.2275624695318], 'radius': 12.0}","{'center': [Decimal('160.54909123748385'), 110.2978393141787], 'axes': [Decimal('164.91634698681685'), Decimal('164.91634698681685')], 'angle': 90.0}",0.787404986425233,120,8281.920388,2.201022552122148,-1.7034862227381513,"[0.4711865218261163, Decimal('0.31930926394705017')]",pupil.1,1,3d c++,1581666756.374251,0.4711865218261163,0.31930926394705017
"{'center': [Decimal('-1.1969250834878047'), 5.689835716190401, 80.63931500955684], 'normal': [Decimal('-0.10640278436747122'), 0.5918145770708905, -0.7990206216645804], 'radius': Decimal('1.9666203746418178')}",0.9967267702310871,8715.934623,3.9332407492836357,"{'center': [Decimal('150.82675104153827'), Decimal('163.58162607556534')], 'axes': [Decimal('22.857453780725123'), Decimal('30.244256795465965')], 'angle': -79.67871751496891}","[Decimal('150.82675104153827'), Decimal('163.58162607556534')]",30.244256795465965,"{'center': [0.07990832892185011, -1.411939208660285, 90.2275624695318], 'radius': 12.0}","{'center': [Decimal('160.54909123748385'), 110.2978393141787], 'axes': [Decimal('164.91634698681685'), Decimal('164.91634698681685')], 'angle': 90.0}",0.787040433175823,120,8281.920388,2.204104441509685,-1.703183942140746,"[0.4713335970048071, 0.3184098913518111]",pupil.1,1,3d c++,1581666756.382921,0.4713335970048071,0.3184098913518111
"{'center': [Decimal('-1.2007691374941518'), 5.684682566164388, 80.63601282351013], 'normal': [-0.1067231222013335, 0.5913851479020561, -0.79929580383514], 'radius': Decimal('1.9689699435788157')}",0.9963493874325605,8715.943023,3.9379398871576314,"{'center': [Decimal('150.79699186275155'), 163.5434346477167], 'axes': [Decimal('22.895749240563145'), 30.28163507630026], 'angle': -79.64058876386278}","[Decimal('150.79699186275155'), 163.5434346477167]",30.28163507630026,"{'center': [0.07990832892185011, -1.411939208660285, 90.2275624695318], 'radius': 12.0}","{'center': [Decimal('160.54909123748385'), 110.2978393141787], 'axes': [Decimal('164.91634698681685'), Decimal('164.91634698681685')], 'angle': 90.0}",0.7865678334151416,120,8281.920388,2.2035718040978223,-1.7035326699488285,"[0.4712405995710986, Decimal('0.31856902230118034')]",pupil.1,1,3d c++,1581666756.391819,0.4712405995710986,0.31856902230118034
"{'center': [-1.192769579779477, 5.699464531328734, 80.64590145551269], 'normal': [Decimal('-0.10605649239177727'), 0.5926169783324182, -0.7984717511682596], 'radius': Decimal('1.9623429006956699')}",0.9955195569959129,8715.951423,3.9246858013913397,"{'center': [Decimal('150.85919667279018'), 163.6527446488593], 'axes': [Decimal('22.785884068592683'), 30.17600212636476], 'angle': -79.72578105037674}","[Decimal('150.85919667279018'), 163.6527446488593]",30.17600212636476,"{'center': [0.07990832892185011, -1.411939208660285, 90.2275624695318], 'radius': 12.0}","{'center': [Decimal('160.54909123748385'), 110.2978393141787], 'axes': [Decimal('164.91634698681685'), Decimal('164.91634698681685')], 'angle': 90.0}",0.7858697288470551,120,8281.920388,2.205100249207353,-1.7028477342821668,"[0.4714349896024693, 0.3181135639630862]",pupil.1,1,3d c++,1581666756.398669,0.4714349896024693,0.3181135639630862
"{'center': [-1.190840385074608, 5.697532714304855, 80.64421197597024], 'normal': [Decimal('-0.10589572616637151'), 0.5924559935804283, -0.7986125411301305], 'radius': Decimal('1.9593497323915072')}",0.9952252542954927,8715.959823,3.9186994647830145,"{'center': [Decimal('150.87371161579136'), Decimal('163.63931255347813')], 'axes': [22.75672135184284, Decimal('30.130593862080765')], 'angle': -79.73830644776582}","[Decimal('150.87371161579136'), Decimal('163.63931255347813')]",30.130593862080765,"{'center': [0.07990832892185011, -1.411939208660285, 90.2275624695318], 'radius': 12.0}","{'center': [Decimal('160.54909123748385'), 110.2978393141787], 'axes': [Decimal('164.91634698681685'), Decimal('164.91634698681685')], 'angle': 90.0}",0.7850279207620492,120,8281.920388,2.2049004031033688,-1.7026269007639876,"[0.471480348799348, 0.3181695310271745]",pupil.1,1,3d c++,1581666756.410908,0.471480348799348,0.3181695310271745
"{'center': [Decimal('-1.2000011039280614'), 5.711800245968063, 80.6560334367036], 'normal': [Decimal('-0.10665911940415929'), 0.5936449545523623, -0.7976274194023504], 'radius': Decimal('1.9580222870808646')}",0.9953991061236143,8715.968223,3.916044574161729,"{'center': [Decimal('150.80474871491265'), Decimal('163.74276572087473')], 'axes': [Decimal('22.702119174853376'), Decimal('30.105776944504363')], 'angle': -79.68632301168303}","[Decimal('150.80474871491265'), Decimal('163.74276572087473')]",30.105776944504363,"{'center': [0.07990832892185011, -1.411939208660285, 90.2275624695318], 'radius': 12.0}","{'center': [Decimal('160.54909123748385'), 110.2978393141787], 'axes': [Decimal('164.91634698681685'), Decimal('164.91634698681685')], 'angle': 90.0}",0.7842417030302418,120,8281.920388,2.2063770704147934,-1.7037282216232692,"[Decimal('0.47126483973410205'), 0.317738476163022]",pupil.1,1,3d c++,1581666756.41869,0.47126483973410205,0.317738476163022
"{'center': [Decimal('-1.1910077650539541'), 5.709246661834496, 80.65293537079116], 'normal': [Decimal('-0.10590967449798368'), 0.5934321558745651, -0.7978855915617208], 'radius': 1.956861713298163}",0.9937151985111744,8715.976623,3.913723426596326,"{'center': [Decimal('150.87330493824322'), Decimal('163.72499519654664')], 'axes': [Decimal('22.698952804700063'), Decimal('30.089079862608465')], 'angle': -79.75395336182488}","[Decimal('150.87330493824322'), Decimal('163.72499519654664')]",30.089079862608465,"{'center': [0.07990832892185011, -1.411939208660285, 90.2275624695318], 'radius': 12.0}","{'center': [Decimal('160.54909123748385'), 110.2978393141787], 'axes': [Decimal('164.91634698681685'), Decimal('164.91634698681685')], 'angle': 90.0}",0.7836217059840056,120,8281.920388,2.2061126603622547,-1.7027628012549916,"[Decimal('0.47147907793201005'), 0.317812520014389]",pupil.1,1,3d c++,1581666756.426798,0.47147907793201005,0.317812520014389
"{'center': [Decimal('-1.1664397087893905'), Decimal('5.7237668068255685'), 80.66051923614708], 'normal': [Decimal('-0.10386233647593672'), 0.5946421679571544, -0.7972536027820599], 'radius': Decimal('1.9433102420358621')}",0.9957673243555293,8715.985023,3.8866204840717242,"{'center': [Decimal('151.06202799297503'), Decimal('163.83460136482543')], 'axes': [Decimal('22.516917856758514'), Decimal('29.877861084855024')], 'angle': -79.96961391803308}","[Decimal('151.06202799297503'), Decimal('163.83460136482543')]",29.877861084855024,"{'center': [0.07990832892185011, -1.411939208660285, 90.2275624695318], 'radius': 12.0}","{'center': [Decimal('160.54909123748385'), 110.2978393141787], 'axes': [Decimal('164.91634698681685'), Decimal('164.91634698681685')], 'angle': 90.0}",0.7830219439505348,120,8281.920388,2.2076168322025187,-1.7003419032326639,"[Decimal('0.47206883747804695'), 0.3173558276465607]",pupil.1,1,3d c++,1581666756.4359891,0.47206883747804695,0.3173558276465607
"{'center': [-1.191497615326088, 5.735187886124305, 80.672349169143], 'normal': [Decimal('-0.10595049535399485'), 0.5955939245653825, -0.7962677750323999], 'radius': Decimal('1.9620073085641485')}",0.9971135460896419,8715.993422,3.924014617128297,"{'center': [Decimal('150.87181652616235'), 163.9128488379827], 'axes': [Decimal('22.694308352729692'), 30.16097745064396], 'angle': -79.78747966252584}","[Decimal('150.87181652616235'), 163.9128488379827]",30.16097745064396,"{'center': [0.07990832892185011, -1.411939208660285, 90.2275624695318], 'radius': 12.0}","{'center': [Decimal('160.54909123748385'), 110.2978393141787], 'axes': [Decimal('164.91634698681685'), Decimal('164.91634698681685')], 'angle': 90.0}",0.7827963367231794,120,8281.920388,2.208801142059247,-1.7030781863462532,"[0.4714744266442573, Decimal('0.31702979650840546')]",pupil.1,1,3d c++,1581666756.442198,0.4714744266442573,0.31702979650840546
"{'center': [Decimal('-1.1708740532898778'), 5.759715120815284, 80.68801753222672], 'normal': [Decimal('-0.10423186518431066'), 0.5976378607896308, -0.7949620781087571], 'radius': Decimal('1.9653215674971305')}",0.9974892937035719,8716.001822,3.930643134994261,"{'center': [Decimal('151.03162129797207'), Decimal('164.09204470571132')], 'axes': [Decimal('22.680782775703758'), Decimal('30.206084546974193')], 'angle': -79.98522767673512}","[Decimal('151.03162129797207'), Decimal('164.09204470571132')]",30.206084546974193,"{'center': [0.07990832892185011, -1.411939208660285, 90.2275624695318], 'radius': 12.0}","{'center': [Decimal('160.54909123748385'), 110.2978393141787], 'axes': [Decimal('164.91634698681685'), Decimal('164.91634698681685')], 'angle': 90.0}",0.7830109523796036,120,8281.920388,2.2113480194425175,-1.701168153688738,"[0.4719738165561627, 0.3162831470595362]",pupil.1,1,3d c++,1581666756.4502964,0.4719738165561627,0.3162831470595362
"{'center': [Decimal('-1.1749687546990881'), 5.770484430835423, 80.69666145400257], 'normal': [Decimal('-0.10457309030174486'), 0.598535303291309, -0.794241751294103], 'radius': 1.978803669678413}",0.9977011045949972,8716.010222,3.957607339356826,"{'center': [151.0015716812662, Decimal('164.16775013653756')], 'axes': [Decimal('22.807556777468655'), 30.41009620144774], 'angle': -79.9680850997418}","[151.0015716812662, Decimal('164.16775013653756')]",30.41009620144774,"{'center': [0.07990832892185011, -1.411939208660285, 90.2275624695318], 'radius': 12.0}","{'center': [Decimal('160.54909123748385'), 110.2978393141787], 'axes': [Decimal('164.91634698681685'), Decimal('164.91634698681685')], 'angle': 90.0}",0.7828696404938551,120,8281.920388,2.2124678189925273,-1.701707382022141,"[Decimal('0.47187991150395686'), Decimal('0.31596770776442684')]",pupil.1,1,3d c++,1581666756.458892,0.47187991150395686,0.31596770776442684
"{'center': [Decimal('-1.1606697929533278'), 5.76747340132697, 80.69252180369924], 'normal': [Decimal('-0.10338151015626483'), 0.5982843841656046, -0.7945867221527134], 'radius': Decimal('1.9787359665333006')}",0.9984328383955611,8716.018622,3.9574719330666013,"{'center': [Decimal('151.11066305355536'), Decimal('164.14686183521601')], 'axes': [Decimal('22.820672709914916'), Decimal('30.410609201268468')], 'angle': -80.07655823725446}","[Decimal('151.11066305355536'), Decimal('164.14686183521601')]",30.410609201268468,"{'center': [0.07990832892185011, -1.411939208660285, 90.2275624695318], 'radius': 12.0}","{'center': [Decimal('160.54909123748385'), 110.2978393141787], 'axes': [Decimal('164.91634698681685'), Decimal('164.91634698681685')], 'angle': 90.0}",0.7831729076722471,120,8281.920388,2.2121546360009954,-1.700176817847791,"[0.4722208220423605, 0.3160547423532666]",pupil.1,1,3d c++,1581666756.466856,0.4722208220423605,0.3160547423532666
"{'center': [Decimal('-1.1571315167983627'), Decimal('5.7742141829280085'), 80.69714108049214], 'normal': [Decimal('-0.10308665381001772'), 0.5988461159656912, -0.7942017824199714], 'radius': Decimal('1.9721604673526496')}",0.9983993445463778,8716.027022,3.944320934705299,"{'center': [151.138066238004, Decimal('164.19719232964846')], 'axes': [22.72945177138222, Decimal('30.307799604315036')], 'angle': -80.11380571411785}","[151.138066238004, Decimal('164.19719232964846')]",30.307799604315036,"{'center': [0.07990832892185011, -1.411939208660285, 90.2275624695318], 'radius': 12.0}","{'center': [Decimal('160.54909123748385'), 110.2978393141787], 'axes': [Decimal('164.91634698681685'), Decimal('164.91634698681685')], 'angle': 90.0}",0.7833265523710109,120,8281.920388,2.21285585934913,-1.699873736365143,"[0.4723064569937625, 0.3158450319597981]",pupil.1,1,3d c++,1581666756.4743092,0.4723064569937625,0.3158450319597981
"{'center': [Decimal('-1.1636998871821573'), 5.78350449099758, 80.70500879050786], 'normal': [Decimal('-0.10363401800866728'), 0.599620308304822, -0.7935461399186624], 'radius': Decimal('1.9757268439891378')}",0.9956385459395647,8716.035422,3.9514536879782756,"{'center': [Decimal('151.08868966444567'), Decimal('164.26362858927376')], 'axes': [Decimal('22.744317886531423'), Decimal('30.359668589779243')], 'angle': -80.07497719811862}","[Decimal('151.08868966444567'), Decimal('164.26362858927376')]",30.359668589779243,"{'center': [0.07990832892185011, -1.411939208660285, 90.2275624695318], 'radius': 12.0}","{'center': [Decimal('160.54909123748385'), 110.2978393141787], 'axes': [Decimal('164.91634698681685'), Decimal('164.91634698681685')], 'angle': 90.0}",0.782714172215937,120,8281.920388,2.2138229053934877,-1.700657463290536,"[0.4721521552013927, 0.3155682142113593]",pupil.1,1,3d c++,1581666756.4829519,0.4721521552013927,0.3155682142113593
"{'center': [Decimal('-1.1596464753891282'), 5.793147858517012, 80.7117743129205], 'normal': [Decimal('-0.10329623369258152'), 0.6004239222647748, -0.7929823463842756], 'radius': Decimal('1.9846737214880434')}",0.9968652366935337,8716.043822,3.969347442976087,"{'center': [Decimal('151.12071058869628'), 164.3324210156929], 'axes': [22.82473793143384, 30.49463058599046], 'angle': -80.12019787140314}","[Decimal('151.12071058869628'), 164.3324210156929]",30.49463058599046,"{'center': [0.07990832892185011, -1.411939208660285, 90.2275624695318], 'radius': 12.0}","{'center': [Decimal('160.54909123748385'), 110.2978393141787], 'axes': [Decimal('164.91634698681685'), Decimal('164.91634698681685')], 'angle': 90.0}",0.7824553733129402,120,8281.920388,2.2148274437847193,-1.7003299194473827,"[Decimal('0.47225222058967586'), Decimal('0.31528157910127963')]",pupil.1,1,3d c++,1581666756.495075,0.47225222058967586,0.31528157910127963
"{'center': [Decimal('-1.1614696238043327'), 5.806104285954125, 80.72183635900558], 'normal': [-0.1034481627271819, 0.6015036245512008, -0.7921438425438517], 'radius': Decimal('1.9792446619008512')}",0.9982369778693104,8716.052222,3.9584893238017025,"{'center': [151.1076564819527, 164.4272764745225], 'axes': [Decimal('22.728692357325688'), 30.40741458091939], 'angle': -80.12375239273476}","[151.1076564819527, 164.4272764745225]",30.40741458091939,"{'center': [0.07990832892185011, -1.411939208660285, 90.2275624695318], 'radius': 12.0}","{'center': [Decimal('160.54909123748385'), 110.2978393141787], 'axes': [Decimal('164.91634698681685'), Decimal('164.91634698681685')], 'angle': 90.0}",0.7824605630178394,120,8281.920388,2.2161782939963857,-1.7006540862364727,"[Decimal('0.47221142650610215'), 0.3148863480228229]",pupil.1,1,3d c++,1581666756.5025866,0.47221142650610215,0.3148863480228229
"{'center': [Decimal('-1.1596031062589065'), 5.8139580513385, 80.72756140690038], 'normal': [Decimal('-0.10329261959839639'), 0.6021581049998987, -0.7916667552192853], 'radius': Decimal('1.9788786065353576')}",0.9991108585095902,8716.060622,3.9577572130707153,"{'center': [151.122544705741, 164.4844646603508], 'axes': [Decimal('22.705405265915168'), 30.39963955678541], 'angle': -80.14918526170008}","[151.122544705741, 164.4844646603508]",30.39963955678541,"{'center': [0.07990832892185011, -1.411939208660285, 90.2275624695318], 'radius': 12.0}","{'center': [Decimal('160.54909123748385'), 110.2978393141787], 'axes': [Decimal('164.91634698681685'), Decimal('164.91634698681685')], 'angle': 90.0}",0.7829484118221153,120,8281.920388,2.2169978046155685,-1.7005382837963339,"[Decimal('0.47225795220544065'), Decimal('0.31464806391520506')]",pupil.1,1,3d c++,1581666756.5111194,0.47225795220544065,0.31464806391520506
"{'center': [Decimal('-1.1502924082708545'), 5.806853549806035, 80.72095228206095], 'normal': [Decimal('-0.10251672809939205'), 0.6015660632055266, -0.7922175156225716], 'radius': Decimal('1.9777142993282069')}",0.9983684748447132,8716.069022,3.9554285986564137,"{'center': [151.1931129507544, 164.4337387456593], 'axes': [Decimal('22.714115118943926'), Decimal('30.384228584897205')], 'angle': -80.2124701193758}","[151.1931129507544, 164.4337387456593]",30.384228584897205,"{'center': [0.07990832892185011, -1.411939208660285, 90.2275624695318], 'radius': 12.0}","{'center': [Decimal('160.54909123748385'), 110.2978393141787], 'axes': [Decimal('164.91634698681685'), Decimal('164.91634698681685')], 'angle': 90.0}",0.7833109702453545,120,8281.920388,2.2162564550065746,-1.6994859519269185,"[0.4724784779711075, Decimal('0.31485942189308624')]",pupil.1,1,3d c++,1581666756.519243,0.4724784779711075,0.31485942189308624
"{'center': [-1.148317138737821, 5.810992719146991, 80.72384127376567], 'normal': [Decimal('-0.10235212230497259'), 0.6019109939839397, -0.7919767663138443], 'radius': 1.975437811483389}",0.9987123573659651,8716.077422,3.950875622966778,"{'center': [Decimal('151.20847703686619'), Decimal('164.46429995952064')], 'axes': [22.67834986042006, 30.34816315173302], 'angle': -80.23361126254932}","[Decimal('151.20847703686619'), Decimal('164.46429995952064')]",30.34816315173302,"{'center': [0.07990832892185011, -1.411939208660285, 90.2275624695318], 'radius': 12.0}","{'center': [Decimal('160.54909123748385'), 110.2978393141787], 'axes': [Decimal('164.91634698681685'), Decimal('164.91634698681685')], 'angle': 90.0}",0.7836697338803877,120,8281.920388,2.2166883239751716,-1.6993202190650327,"[0.4725264907402068, Decimal('0.31473208350199733')]",pupil.1,1,3d c++,1581666756.5265126,0.4725264907402068,0.31473208350199733
"{'center': [Decimal('-1.1447480949510214'), 5.840725647721071, 80.74605050547893], 'normal': [Decimal('-0.10205470198940594'), 0.6043887380317797, -0.7901259970044058], 'radius': Decimal('1.9835430117526873')}",0.9783379524925946,8716.085822,3.9670860235053746,"{'center': [Decimal('151.23835559852688'), Decimal('164.67885564269562')], 'axes': [Decimal('22.697255004007996'), Decimal('30.464351801979937')], 'angle': -80.30182126510945}","[Decimal('151.23835559852688'), Decimal('164.67885564269562')]",30.464351801979937,"{'center': [0.07990832892185011, -1.411939208660285, 90.2275624695318], 'radius': 12.0}","{'center': [Decimal('160.54909123748385'), 110.2978393141787], 'axes': [Decimal('164.91634698681685'), Decimal('164.91634698681685')], 'angle': 90.0}",0.783729001238187,120,8281.920388,2.219794718331498,-1.699247727223901,"[0.4726198612453965, Decimal('0.31383810148876823')]",pupil.1,1,3d c++,1581666756.5348382,0.4726198612453965,0.31383810148876823
"{'center': [Decimal('-1.1456149448357507'), 5.837037327087578, 80.74334231763447], 'normal': [Decimal('-0.10212693947980006'), 0.6040813779789885, -0.7903516793247773], 'radius': Decimal('1.9968691829160437')}",0.9947380850363686,8716.094222,3.9937383658320873,"{'center': [Decimal('151.23181720863226'), Decimal('164.64977883379228')], 'axes': [Decimal('22.858914347098242'), Decimal('30.670095126956625')], 'angle': -80.29007340050296}","[Decimal('151.23181720863226'), Decimal('164.64977883379228')]",30.670095126956625,"{'center': [0.07990832892185011, -1.411939208660285, 90.2275624695318], 'radius': 12.0}","{'center': [Decimal('160.54909123748385'), 110.2978393141787], 'axes': [Decimal('164.91634698681685'), Decimal('164.91634698681685')], 'angle': 90.0}",0.7839527041411443,120,8281.920388,2.219408978250151,-1.6993013494954299,"[0.4725994287769758, Decimal('0.31395925485919884')]",pupil.1,1,3d c++,1581666756.5422444,0.4725994287769758,0.31395925485919884
"{'center': [Decimal('-1.1234765079942628'), 5.861470552250914, 80.75922706228296], 'normal': [-0.1002820697430094, 0.6061174800759332, -0.78902795060407], 'radius': Decimal('1.9807727872959582')}",0.997890900457267,8716.102622,3.9615455745919164,"{'center': [151.4024715459261, Decimal('164.83114520406295')], 'axes': [22.62171717980165, 30.41684387117626], 'angle': -80.49551434798043}","[151.4024715459261, Decimal('164.83114520406295')]",30.41684387117626,"{'center': [0.07990832892185011, -1.411939208660285, 90.2275624695318], 'radius': 12.0}","{'center': [Decimal('160.54909123748385'), 110.2978393141787], 'axes': [Decimal('164.91634698681685'), Decimal('164.91634698681685')], 'angle': 90.0}",0.784002489396507,120,8281.920388,2.2219664157188235,-1.6972142573054836,"[Decimal('0.47313272358101904'), 0.3132035616497377]",pupil.1,1,3d c++,1581666756.550845,0.47313272358101904,0.3132035616497377
"{'center': [Decimal('-1.1280294795411574'), 5.864212327186845, 80.76191378186782], 'normal': [Decimal('-0.10066148403858395'), 0.6063459613205942, -0.7888040573053327], 'radius': Decimal('1.9851528258999216')}",0.9971453320959471,8716.111022,3.970305651799843,"{'center': [Decimal('151.36802001296672'), Decimal('164.84996025938233')], 'axes': [Decimal('22.662766096791533'), Decimal('30.483108648096803')], 'angle': -80.46362918974965}","[Decimal('151.36802001296672'), Decimal('164.84996025938233')]",30.483108648096803,"{'center': [0.07990832892185011, -1.411939208660285, 90.2275624695318], 'radius': 12.0}","{'center': [Decimal('160.54909123748385'), 110.2978393141787], 'axes': [Decimal('164.91634698681685'), Decimal('164.91634698681685')], 'angle': 90.0}",0.7837586488124937,120,8281.920388,2.222253709415117,-1.6977230787985695,"[0.473025062540521, 0.313125165585907]",pupil.1,1,3d c++,1581666756.5593548,0.473025062540521,0.313125165585907
"{'center': [Decimal('-1.1215370030976832'), 5.877728405991845, 80.77149165856278], 'normal': [-0.1001204443349611, 0.6074723012210108, -0.7880059009140854], 'radius': Decimal('1.9766572907422002')}",0.9980875328594416,8716.119422,3.9533145814844004,"{'center': [151.4184560432363, Decimal('164.94976011138905')], 'axes': [Decimal('22.533920338417506'), 30.349035892973], 'angle': -80.53197625951506}","[151.4184560432363, Decimal('164.94976011138905')]",30.349035892973,"{'center': [0.07990832892185011, -1.411939208660285, 90.2275624695318], 'radius': 12.0}","{'center': [Decimal('160.54909123748385'), 110.2978393141787], 'axes': [Decimal('164.91634698681685'), Decimal('164.91634698681685')], 'angle': 90.0}",0.7839482874097747,120,8281.920388,2.223670897303311,-1.697174634407216,"[0.4731826751351134, 0.3127093328692123]",pupil.1,1,3d c++,1581666756.5666726,0.4731826751351134,0.3127093328692123
"{'center': [Decimal('-1.1272882318419881'), 5.874871591380395, 80.77002236503895], 'normal': [-0.1005997133969865, 0.6072342333367233, -0.7881283420410702], 'radius': 1.998938744608191}",0.997798323848101,8716.127822,3.997877489216382,"{'center': [Decimal('151.37491236064886'), Decimal('164.92487888816592')], 'axes': [22.79295783477136, Decimal('30.691775343343433')], 'angle': -80.48345785478412}","[Decimal('151.37491236064886'), Decimal('164.92487888816592')]",30.691775343343433,"{'center': [0.07990832892185011, -1.411939208660285, 90.2275624695318], 'radius': 12.0}","{'center': [Decimal('160.54909123748385'), 110.2978393141787], 'axes': [Decimal('164.91634698681685'), Decimal('164.91634698681685')], 'angle': 90.0}",0.7840313258142939,120,8281.920388,2.223371226691716,-1.6977536160020894,"[0.4730466011270277, Decimal('0.31281300463264194')]",pupil.1,1,3d c++,1581666756.5781882,0.4730466011270277,0.31281300463264194
"{'center': [Decimal('-1.1335699208732708'), 5.885236610759959, 80.77882204565823], 'normal': [Decimal('-0.10112318748292673'), 0.608097984951687, -0.7873950353227982], 'radius': Decimal('1.9920565665269534')}",0.9984867588861007,8716.136222,3.984113133053907,"{'center': [Decimal('151.32755259102373'), Decimal('165.00069593776817')], 'axes': [22.68493825609151, Decimal('30.582760322263958')], 'angle': -80.44825850255421}","[Decimal('151.32755259102373'), Decimal('165.00069593776817')]",30.582760322263958,"{'center': [0.07990832892185011, -1.411939208660285, 90.2275624695318], 'radius': 12.0}","{'center': [Decimal('160.54909123748385'), 110.2978393141787], 'axes': [Decimal('164.91634698681685'), Decimal('164.91634698681685')], 'angle': 90.0}",0.7841971877819542,120,8281.920388,2.2244588113944443,-1.6985246692168696,"[Decimal('0.47289860184694915'), Decimal('0.31249710025929933')]",pupil.1,1,3d c++,1581666756.589935,0.47289860184694915,0.31249710025929933
"{'center': [Decimal('-1.1324491225276851'), 5.889987138843736, 80.78234881257616], 'normal': [-0.1010297876207946, 0.6084938622920018, -0.7871011380796368], 'radius': Decimal('1.9753529499665754')}",0.9971841202038505,8716.144622,3.950705899933151,"{'center': [151.3360254493799, Decimal('165.03801148757233')], 'axes': [Decimal('22.482929012198507'), 30.32494163692832], 'angle': -80.4632264815722}","[151.3360254493799, Decimal('165.03801148757233')]",30.32494163692832,"{'center': [0.07990832892185011, -1.411939208660285, 90.2275624695318], 'radius': 12.0}","{'center': [Decimal('160.54909123748385'), 110.2978393141787], 'axes': [Decimal('164.91634698681685'), Decimal('164.91634698681685')], 'angle': 90.0}",0.7838252832290338,120,8281.920388,2.224957579449418,-1.6984551066258136,"[0.4729250795293122, 0.3123416188017819]",pupil.1,1,3d c++,1581666756.5947928,0.4729250795293122,0.3123416188017819
"{'center': [Decimal('-1.1393223396370853'), 5.910144037219697, 80.79885240307792], 'normal': [Decimal('-0.10160255571324461'), 0.6101736038233319, -0.7857258388711579], 'radius': Decimal('1.9836493490829803')}",0.9983418470676566,8716.161422,3.9672986981659606,"{'center': [Decimal('151.28537345140353'), Decimal('165.18202156223578')], 'axes': [Decimal('22.522351458475804'), Decimal('30.446133042471487')], 'angle': -80.43645316435065}","[Decimal('151.28537345140353'), Decimal('165.18202156223578')]",30.446133042471487,"{'center': [0.07990832892185011, -1.411939208660285, 90.2275624695318], 'radius': 12.0}","{'center': [Decimal('160.54909123748385'), 110.2978393141787], 'axes': [Decimal('164.91634698681685'), Decimal('164.91634698681685')], 'angle': 90.0}",0.7841259343831064,120,8281.920388,2.227076021905912,-1.699393173271944,"[Decimal('0.47276679203563604'), 0.3117415768240176]",pupil.1,1,3d c++,1581666756.613878,0.47276679203563604,0.3117415768240176
"{'center': [Decimal('-1.1327776773458662'), 5.935487486120069, 80.81774240669152], 'normal': [Decimal('-0.10105716718897635'), 0.6122855578983628, -0.784151671903357], 'radius': Decimal('1.9912437110035162')}",0.8988605866101708,8716.169822,3.9824874220070323,"{'center': [151.3376031057494, 165.3644794515376], 'axes': [22.54548750901056, 30.55559894450881], 'angle': -80.52020784609054}","[151.3376031057494, 165.3644794515376]",30.55559894450881,"{'center': [0.07990832892185011, -1.411939208660285, 90.2275624695318], 'radius': 12.0}","{'center': [Decimal('160.54909123748385'), 110.2978393141787], 'axes': [Decimal('164.91634698681685'), Decimal('164.91634698681685')], 'angle': 90.0}",0.7845436318325794,120,8281.920388,2.229744474610664,-1.6989643926019844,"[Decimal('0.47293000970546684'), 0.3109813356185934]",pupil.1,1,3d c++,1581666756.618947,0.47293000970546684,0.3109813356185934
"{'center': [Decimal('-1.1522625994981885'), 5.941744957793231, 80.82516469113467], 'normal': [Decimal('-0.10268091070166989'), 0.6128070138711263, -0.7835331481997612], 'radius': Decimal('1.9974514327779145')}",0.9990993074318413,8716.178222,3.994902865555829,"{'center': [Decimal('151.18952118260336'), Decimal('165.40729308424883')], 'axes': [Decimal('22.590827919897393'), Decimal('30.648074483156577')], 'angle': -80.37811084388383}","[Decimal('151.18952118260336'), Decimal('165.40729308424883')]",30.648074483156577,"{'center': [0.07990832892185011, -1.411939208660285, 90.2275624695318], 'radius': 12.0}","{'center': [Decimal('160.54909123748385'), 110.2978393141787], 'axes': [Decimal('164.91634698681685'), Decimal('164.91634698681685')], 'angle': 90.0}",0.7850550669676104,120,8281.920388,2.2304041824721943,-1.701102351104924,"[Decimal('0.47246725369563547'), 0.3108029454822965]",pupil.1,1,3d c++,1581666756.626374,0.47246725369563547,0.3108029454822965
"{'center': [Decimal('-1.1461275554636008'), 5.950619049649345, 80.83130939167168], 'normal': [-0.1021696570321209, 0.6135465215258025, -0.7830210898216771], 'radius': Decimal('1.9823960120246462')}",0.9989746329020543,8716.186622,3.9647920240492924,"{'center': [151.2366579573794, 165.4744290944476], 'axes': [Decimal('22.400067415578885'), 30.41471009836166], 'angle': -80.43702462613236}","[151.2366579573794, 165.4744290944476]",30.41471009836166,"{'center': [0.07990832892185011, -1.411939208660285, 90.2275624695318], 'radius': 12.0}","{'center': [Decimal('160.54909123748385'), 110.2978393141787], 'axes': [Decimal('164.91634698681685'), Decimal('164.91634698681685')], 'angle': 90.0}",0.7854294331747447,120,8281.920388,2.2313403325205394,-1.700544662299043,"[Decimal('0.47261455611681064'), 0.3105232121064684]",pupil.1,1,3d c++,1581666756.6351821,0.47261455611681064,0.3105232121064684
"{'center': [Decimal('-1.1435972121116358'), 5.982091416172311, 80.8557245862723], 'normal': [Decimal('-0.10195879508612382'), 0.6161692187360497, -0.7809864902716256], 'radius': 1.989638014803826}",0.9981615882397057,8716.195022,3.979276029607652,"{'center': [Decimal('151.25875015721738'), Decimal('165.70068553671183')], 'axes': [Decimal('22.400499828630224'), 30.51665458205159], 'angle': -80.49743846209024}","[Decimal('151.25875015721738'), Decimal('165.70068553671183')]",30.51665458205159,"{'center': [0.07990832892185011, -1.411939208660285, 90.2275624695318], 'radius': 12.0}","{'center': [Decimal('160.54909123748385'), 110.2978393141787], 'axes': [Decimal('164.91634698681685'), Decimal('164.91634698681685')], 'angle': 90.0}",0.7856188917854001,120,8281.920388,2.234665940497999,-1.700613422268938,"[0.4726835942413043, 0.3095804769303674]",pupil.1,1,3d c++,1581666756.6443572,0.4726835942413043,0.3095804769303674
"{'center': [Decimal('-1.1392636676144907'), 5.979893411331701, 80.85342623407608], 'normal': [-0.1015976663780284, 0.6159860516659988, -0.7811780196213104], 'radius': Decimal('1.9850328240934458')}",0.9987025386039943,8716.203422,3.9700656481868917,"{'center': [Decimal('151.29151540186106'), Decimal('165.68590819841648')], 'axes': [Decimal('22.356294729128432'), 30.4468669778824], 'angle': -80.52783623950566}","[Decimal('151.29151540186106'), Decimal('165.68590819841648')]",30.4468669778824,"{'center': [0.07990832892185011, -1.411939208660285, 90.2275624695318], 'radius': 12.0}","{'center': [Decimal('160.54909123748385'), 110.2978393141787], 'axes': [Decimal('164.91634698681685'), Decimal('164.91634698681685')], 'angle': 90.0}",0.7862778205881216,120,8281.920388,2.2344334021487358,-1.7001273789646267,"[0.4727859856308158, Decimal('0.30964204917326466')]",pupil.1,1,3d c++,1581666756.6503642,0.4727859856308158,0.30964204917326466
"{'center': [Decimal('-1.1459855688755147'), 6.007671112941082, 80.87627556200246], 'normal': [Decimal('-0.10215782481644707'), 0.6183008601334472, -0.7792739089607783], 'radius': Decimal('1.9825811885560403')}",0.9989142414265527,8716.211822,3.9651623771120805,"{'center': [Decimal('151.24243293860857'), Decimal('165.88630436354552')], 'axes': [22.25275097395978, 30.40068851108478], 'angle': -80.51219831293001}","[Decimal('151.24243293860857'), Decimal('165.88630436354552')]",30.40068851108478,"{'center': [0.07990832892185011, -1.411939208660285, 90.2275624695318], 'radius': 12.0}","{'center': [Decimal('160.54909123748385'), 110.2978393141787], 'axes': [Decimal('164.91634698681685'), Decimal('164.91634698681685')], 'angle': 90.0}",0.7864614919028456,120,8281.920388,2.2373752702466327,-1.7011466088238785,"[0.4726326029331518, 0.3088070651518937]",pupil.1,1,3d c++,1581666756.6633012,0.4726326029331518,0.3088070651518937
"{'center': [Decimal('-1.1790647940257866'), 6.014632198217415, 80.88620155078758], 'normal': [Decimal('-0.10491442691230304'), 0.6188809505731416, -0.7784467432286859], 'radius': Decimal('1.9717175525109771')}",0.9981124802793849,8716.220222,3.9434351050219543,"{'center': [Decimal('150.99034121664474'), Decimal('165.93596338681516')], 'axes': [Decimal('22.097832796390193'), Decimal('30.230371736844678')], 'angle': -80.26879297027136}","[Decimal('150.99034121664474'), Decimal('165.93596338681516')]",30.230371736844678,"{'center': [0.07990832892185011, -1.411939208660285, 90.2275624695318], 'radius': 12.0}","{'center': [Decimal('160.54909123748385'), 110.2978393141787], 'axes': [Decimal('164.91634698681685'), Decimal('164.91634698681685')], 'angle': 90.0}",0.7864714153064778,120,8281.920388,2.238113568202647,-1.7047631506856353,"[0.4718448163020148, 0.3086001525549368]",pupil.1,1,3d c++,1581666756.671666,0.4718448163020148,0.3086001525549368
"{'center': [-1.299516394608591, 5.989367088742447, 80.88316026692196], 'normal': [Decimal('-0.11495206029420342'), 0.616775524783561, -0.7787001835508199], 'radius': Decimal('1.9972073956818195')}",0.9993514575786937,8716.228622,3.994414791363639,"{'center': [150.070170723942, 165.7401810330381], 'axes': [Decimal('22.393147966063726'), Decimal('30.622438598836887')], 'angle': -79.31672673155708}","[150.070170723942, 165.7401810330381]",30.622438598836887,"{'center': [0.07990832892185011, -1.411939208660285, 90.2275624695318], 'radius': 12.0}","{'center': [Decimal('160.54909123748385'), 110.2978393141787], 'axes': [Decimal('164.91634698681685'), Decimal('164.91634698681685')], 'angle': 90.0}",0.7868502677642386,120,8281.920388,2.235435973715488,-1.717358263594337,"[Decimal('0.46896928351231876'), 0.3094159123623412]",pupil.1,1,3d c++,1581666756.678627,0.46896928351231876,0.3094159123623412
"{'center': [Decimal('-1.3857417905508433'), 5.966750002615007, 80.87840126380328], 'normal': [Decimal('-0.12213750995605778'), 0.6148907676062744, -0.7790967671440439], 'radius': Decimal('1.9953225553982556')}",0.9988338368988318,8716.237022,3.9906451107965113,"{'center': [149.4105154458426, Decimal('165.57020950828556')], 'axes': [Decimal('22.387368811245523'), Decimal('30.595339313779405')], 'angle': -78.62779575146996}","[149.4105154458426, Decimal('165.57020950828556')]",30.595339313779405,"{'center': [0.07990832892185011, -1.411939208660285, 90.2275624695318], 'radius': 12.0}","{'center': [Decimal('160.54909123748385'), 110.2978393141787], 'axes': [Decimal('164.91634698681685'), Decimal('164.91634698681685')], 'angle': 90.0}",0.7869076944684195,120,8281.920388,2.2330437736532187,-1.7262987687796798,"[Decimal('0.46690786076825813'), 0.3101241270488102]",pupil.1,1,3d c++,1581666756.686206,0.46690786076825813,0.3101241270488102
"{'center': [-1.384933418300535, 6.009722653526739, 80.91235050957334], 'normal': [Decimal('-0.12207014560186542'), 0.6184718218489187, -0.7762676633298714], 'radius': Decimal('1.9909100479284045')}",0.9976792958807125,8716.245422,3.981820095856809,"{'center': [Decimal('149.42081643698154'), Decimal('165.88099873091582')], 'axes': [Decimal('22.224777339621035'), 30.51489132017573], 'angle': -78.69977446155264}","[Decimal('149.42081643698154'), Decimal('165.88099873091582')]",30.51489132017573,"{'center': [0.07990832892185011, -1.411939208660285, 90.2275624695318], 'radius': 12.0}","{'center': [Decimal('160.54909123748385'), 110.2978393141787], 'axes': [Decimal('164.91634698681685'), Decimal('164.91634698681685')], 'angle': 90.0}",0.7868810819192773,120,8281.920388,2.2375928135965064,-1.7267716714026926,"[0.4669400513655673, 0.3088291719545174]",pupil.1,1,3d c++,1581666756.6943932,0.4669400513655673,0.3088291719545174
"{'center': [-1.379013874873213, 6.021592804752017, 80.9208902496216], 'normal': [Decimal('-0.12157685031625526'), 0.6194610011176919, -0.7755560183258497], 'radius': Decimal('1.9709313213152213')}",0.9974640344580883,8716.253822,3.9418626426304426,"{'center': [Decimal('149.46645563024504'), Decimal('165.97043000558037')], 'axes': [21.97355345604306, 30.20542267773144], 'angle': -78.76246234015659}","[Decimal('149.46645563024504'), Decimal('165.97043000558037')]",30.20542267773144,"{'center': [0.07990832892185011, -1.411939208660285, 90.2275624695318], 'radius': 12.0}","{'center': [Decimal('160.54909123748385'), 110.2978393141787], 'axes': [Decimal('164.91634698681685'), Decimal('164.91634698681685')], 'angle': 90.0}",0.786908929836927,120,8281.920388,2.238852245058568,-1.726291742461948,"[Decimal('0.46708267384451574'), 0.3084565416434152]",pupil.1,1,3d c++,1581666756.7033331,0.46708267384451574,0.3084565416434152
"{'center': [Decimal('-1.3847216963357483'), 6.043684872228581, 80.93947717418789], 'normal': [Decimal('-0.12205250210479987'), 0.6213020067407388, -0.7740071079453269], 'radius': Decimal('1.9730821155465499')}",0.9965313110112622,8716.262222,3.9461642310930998,"{'center': [Decimal('149.42525667722464'), Decimal('166.12870747637447')], 'axes': [Decimal('21.936250583229853'), 30.23146854475872], 'angle': -78.75287470478649}","[Decimal('149.42525667722464'), Decimal('166.12870747637447')]",30.23146854475872,"{'center': [0.07990832892185011, -1.411939208660285, 90.2275624695318], 'radius': 12.0}","{'center': [Decimal('160.54909123748385'), 110.2978393141787], 'axes': [Decimal('164.91634698681685'), Decimal('164.91634698681685')], 'angle': 90.0}",0.7865462370344023,120,8281.920388,2.2411995692849453,-1.7271975850725758,"[0.466953927116327, 0.307797052181773]",pupil.1,1,3d c++,1581666756.709916,0.466953927116327,0.307797052181773
"{'center': [Decimal('-1.3668726357666945'), 6.066206775866525, 80.95479818511691], 'normal': [Decimal('-0.12056508039071205'), 0.6231788320439008, -0.7727303570345744], 'radius': Decimal('1.9980777049141458')}",0.9993132062346507,8716.270622,3.9961554098282916,"{'center': [Decimal('149.56430194921742'), 166.288105780659], 'axes': [22.16329580023111, Decimal('30.608762779259976')], 'angle': -78.92062621600792}","[Decimal('149.56430194921742'), 166.288105780659]",30.608762779259976,"{'center': [0.07990832892185011, -1.411939208660285, 90.2275624695318], 'radius': 12.0}","{'center': [Decimal('160.54909123748385'), 110.2978393141787], 'axes': [Decimal('164.91634698681685'), Decimal('164.91634698681685')], 'angle': 90.0}",0.7868258967155484,120,8281.920388,2.243597070292224,-1.7255732041588276,"[Decimal('0.46738844359130444'), 0.3071328925805875]",pupil.1,1,3d c++,1581666756.718932,0.46738844359130444,0.3071328925805875
"{'center': [Decimal('-1.3643848450187555'), 6.093329940734859, 80.97634891547058], 'normal': [Decimal('-0.12035776449505045'), 0.6254390957829287, -0.7709344628384353], 'radius': 1.998772173946979}",0.9983764474092527,8716.279022,3.997544347893958,"{'center': [Decimal('149.58598673465718'), Decimal('166.48327472210428')], 'axes': [Decimal('22.099176485910785'), Decimal('30.611277909174788')], 'angle': -78.97932484816194}","[Decimal('149.58598673465718'), Decimal('166.48327472210428')]",30.611277909174788,"{'center': [0.07990832892185011, -1.411939208660285, 90.2275624695318], 'radius': 12.0}","{'center': [Decimal('160.54909123748385'), 110.2978393141787], 'axes': [Decimal('164.91634698681685'), Decimal('164.91634698681685')], 'angle': 90.0}",0.7869461452060134,120,8281.920388,2.246490479255825,-1.7256655010680506,"[0.4674562085458037, 0.3063196886578988]",pupil.1,1,3d c++,1581666756.72611,0.4674562085458037,0.3063196886578988
"{'center': [Decimal('-1.3573065960182042'), 6.112995311094225, 80.9912334513051], 'normal': [Decimal('-0.11976791041167119'), 0.6270778766462092, -0.7696940848522247], 'radius': Decimal('1.9936268836645987')}",0.9982822647578811,8716.287422,3.9872537673291975,"{'center': [149.6416878359657, Decimal('166.62608856021416')], 'axes': [Decimal('21.992850137803774'), Decimal('30.526861774669083')], 'angle': -79.06097968519778}","[149.6416878359657, Decimal('166.62608856021416')]",30.526861774669083,"{'center': [0.07990832892185011, -1.411939208660285, 90.2275624695318], 'radius': 12.0}","{'center': [Decimal('160.54909123748385'), 110.2978393141787], 'axes': [Decimal('164.91634698681685'), Decimal('164.91634698681685')], 'angle': 90.0}",0.7870944158889892,120,8281.920388,2.2485925177288952,-1.7251629503110817,"[Decimal('0.46763027448739286'), 0.3057246309991076]",pupil.1,1,3d c++,1581666756.7340438,0.46763027448739286,0.3057246309991076
"{'center': [Decimal('-1.3617438814124196'), 6.129738868881116, 81.00559246962561], 'normal': [Decimal('-0.12013768419452248'), 0.6284731731284501, -0.7684974999921824], 'radius': Decimal('1.9984325467666109')}",0.9987531204878919,8716.295822,3.9968650935332217,"{'center': [149.6097445441647, Decimal('166.74514654190605')], 'axes': [21.99807119612277, 30.59505713144581], 'angle': -79.05227482198191}","[149.6097445441647, Decimal('166.74514654190605')]",30.59505713144581,"{'center': [0.07990832892185011, -1.411939208660285, 90.2275624695318], 'radius': 12.0}","{'center': [Decimal('160.54909123748385'), 110.2978393141787], 'axes': [Decimal('164.91634698681685'), Decimal('164.91634698681685')], 'angle': 90.0}",0.7873175192682713,120,8281.920388,2.2503850498666327,-1.7258692178109865,"[Decimal('0.46753045170051466'), Decimal('0.30522855607539146')]",pupil.1,1,3d c++,1581666756.746468,0.46753045170051466,0.30522855607539146
"{'center': [Decimal('-1.3592215146528557'), 6.15663778043599, 81.02726097156692], 'normal': [Decimal('-0.11992748696455881'), 0.6307147490913563, -0.7666917914970742], 'radius': 2.005238517171699}",0.9992881893231623,8716.304222,4.010477034343398,"{'center': [Decimal('149.63187931690777'), Decimal('166.93725789613396')], 'axes': [Decimal('22.000731032642058'), 30.69109272552135], 'angle': -79.10996895799465}","[Decimal('149.63187931690777'), Decimal('166.93725789613396')]",30.69109272552135,"{'center': [0.07990832892185011, -1.411939208660285, 90.2275624695318], 'radius': 12.0}","{'center': [Decimal('160.54909123748385'), 110.2978393141787], 'axes': [Decimal('164.91634698681685'), Decimal('164.91634698681685')], 'angle': 90.0}",0.7879112529671439,120,8281.920388,2.2532702448986517,-1.72596099515968,"[0.4675996228653368, 0.3044280920994419]",pupil.1,1,3d c++,1581666756.754257,0.4675996228653368,0.3044280920994419
"{'center': [Decimal('-1.3710564338950442'), Decimal('6.1897990264814515'), 81.0565059839655], 'normal': [Decimal('-0.12091373023474118'), 0.6334781862618114, -0.764254707130526], 'radius': Decimal('1.9945198134397581')}",0.9989881644727995,8716.312622,3.9890396268795163,"{'center': [Decimal('149.54486713993077'), Decimal('167.17581527069052')], 'axes': [Decimal('21.786031684050435'), Decimal('30.516015323691022')], 'angle': -79.0701493341256}","[Decimal('149.54486713993077'), Decimal('167.17581527069052')]",30.516015323691022,"{'center': [0.07990832892185011, -1.411939208660285, 90.2275624695318], 'radius': 12.0}","{'center': [Decimal('160.54909123748385'), 110.2978393141787], 'axes': [Decimal('164.91634698681685'), Decimal('164.91634698681685')], 'angle': 90.0}",0.7883022186255695,120,8281.920388,2.2568364834727754,-1.7277070510252859,"[Decimal('0.46732770981228366'), 0.3034341030387895]",pupil.1,1,3d c++,1581666756.762965,0.46732770981228366,0.3034341030387895
"{'center': [Decimal('-1.3330138363353254'), 6.227705236505213, 81.0821000041134], 'normal': [-0.1177435137714313, 0.6366370370971248, -0.7621218721182005], 'radius': 1.985118431787954}",0.996772766738189,8716.321022,3.970236863575908,"{'center': [Decimal('149.83781080584032'), 167.4521955746868], 'axes': [Decimal('21.599149884437825'), 30.36257321306706], 'angle': -79.40433982124928}","[Decimal('149.83781080584032'), 167.4521955746868]",30.36257321306706,"{'center': [0.07990832892185011, -1.411939208660285, 90.2275624695318], 'radius': 12.0}","{'center': [Decimal('160.54909123748385'), 110.2978393141787], 'axes': [Decimal('164.91634698681685'), Decimal('164.91634698681685')], 'angle': 90.0}",0.7878459322877673,120,8281.920388,2.260925805857624,-1.7240787902340713,"[0.468243158768251, Decimal('0.30228251843880494')]",pupil.1,1,3d c++,1581666756.770525,0.468243158768251,0.30228251843880494
"{'center': [Decimal('-1.3555660456288334'), Decimal('6.2529621230968875'), 81.10677846296551], 'normal': [Decimal('-0.11962286454589029'), 0.638741777646431, -0.7600653338805243], 'radius': Decimal('1.9903106308695682')}",0.9980379258089397,8716.329421,3.9806212617391363,"{'center': [Decimal('149.66904094451093'), Decimal('167.63002299097215')], 'axes': [21.57407057138885, Decimal('30.432774368266784')], 'angle': -79.27391566594689}","[Decimal('149.66904094451093'), Decimal('167.63002299097215')]",30.432774368266784,"{'center': [0.07990832892185011, -1.411939208660285, 90.2275624695318], 'radius': 12.0}","{'center': [Decimal('160.54909123748385'), 110.2978393141787], 'axes': [Decimal('164.91634698681685'), Decimal('164.91634698681685')], 'angle': 90.0}",0.7876593200606852,120,8281.920388,2.2636581959083837,-1.726900803778283,"[0.4677157529515966, Decimal('0.30154157087094935')]",pupil.1,1,3d c++,1581666756.778532,0.4677157529515966,0.30154157087094935
"{'center': [Decimal('-1.3458908785744124'), 6.254645444974815, 81.10667565033765], 'normal': [Decimal('-0.11881660062468853'), 0.6388820544695917, -0.7600739015995135], 'radius': 1.995679066954049}",0.9984341744646822,8716.337821,3.991358133908098,"{'center': [Decimal('149.74294582422073'), 167.6419978055335], 'axes': [Decimal('21.632688464086144'), 30.51491853077416], 'angle': -79.34721644477564}","[Decimal('149.74294582422073'), 167.6419978055335]",30.51491853077416,"{'center': [0.07990832892185011, -1.411939208660285, 90.2275624695318], 'radius': 12.0}","{'center': [Decimal('160.54909123748385'), 110.2978393141787], 'axes': [Decimal('164.91634698681685'), Decimal('164.91634698681685')], 'angle': 90.0}",0.7877302262504493,120,8281.920388,2.2638405244508344,-1.7258637734998654,"[Decimal('0.46794670570068975'), Decimal('0.30149167581027714')]",pupil.1,1,3d c++,1581666756.787112,0.46794670570068975,0.30149167581027714
"{'center': [-1.338304652673681, 6.285487427732282, 81.13150315155305], 'normal': [Decimal('-0.11818441513296092'), 0.6414522196993806, -0.7580049431648962], 'radius': Decimal('2.0043168952578165')}",0.9991950931220126,8716.346221,4.008633790515633,"{'center': [Decimal('149.80404138844787'), 167.8615990217502], 'axes': [Decimal('21.643960667950388'), 30.63767600485233], 'angle': -79.44545107164402}","[Decimal('149.80404138844787'), 167.8615990217502]",30.63767600485233,"{'center': [0.07990832892185011, -1.411939208660285, 90.2275624695318], 'radius': 12.0}","{'center': [Decimal('160.54909123748385'), 110.2978393141787], 'axes': [Decimal('164.91634698681685'), Decimal('164.91634698681685')], 'angle': 90.0}",0.7880238356188451,120,8281.920388,2.2671860719738954,-1.725466131662399,"[0.4681376293388996, Decimal('0.30057667074270744')]",pupil.1,1,3d c++,1581666756.7949374,0.4681376293388996,0.30057667074270744
"{'center': [Decimal('-1.3271057889755709'), Decimal('6.2910562878107426'), 81.13447874323826], 'normal': [Decimal('-0.11725117649145175'), 0.6419162913725857, -0.7577569771911283], 'radius': Decimal('1.9720854697425696')}",0.9976173828224614,8716.354621,3.944170939485139,"{'center': [Decimal('149.88874413414948'), Decimal('167.90782977388372')], 'axes': [Decimal('21.286073410453458'), Decimal('30.143762600620658')], 'angle': -79.53491799696417}","[Decimal('149.88874413414948'), Decimal('167.90782977388372')]",30.143762600620658,"{'center': [0.07990832892185011, -1.411939208660285, 90.2275624695318], 'radius': 12.0}","{'center': [Decimal('160.54909123748385'), 110.2978393141787], 'axes': [Decimal('164.91634698681685'), Decimal('164.91634698681685')], 'angle': 90.0}",0.7877001799033279,120,8281.920388,2.2677911443389207,-1.7243133835124578,"[0.4684023254192171, 0.3003840426088178]",pupil.1,1,3d c++,1581666756.8036714,0.4684023254192171,0.3003840426088178
"{'center': [Decimal('-1.3118564237849273'), 6.304110275452364, 81.14320386631451], 'normal': [Decimal('-0.11598039605889811'), 0.6430041236760541, -0.7570298836014407], 'radius': Decimal('1.9844481040511481')}",0.999011347774135,8716.363021,3.9688962081022963,"{'center': [Decimal('150.00635794179027'), Decimal('168.00027331962616')], 'axes': [Decimal('21.390999802548773'), 30.32952163973401], 'angle': -79.66397312276519}","[Decimal('150.00635794179027'), Decimal('168.00027331962616')]",30.32952163973401,"{'center': [0.07990832892185011, -1.411939208660285, 90.2275624695318], 'radius': 12.0}","{'center': [Decimal('160.54909123748385'), 110.2978393141787], 'axes': [Decimal('164.91634698681685'), Decimal('164.91634698681685')], 'angle': 90.0}",0.787715242374587,120,8281.920388,2.2692107000601403,-1.7228187914296365,"[0.4687698685680946, 0.2999988611682244]",pupil.1,1,3d c++,1581666756.810451,0.4687698685680946,0.2999988611682244
"{'center': [Decimal('-1.3312118459190885'), 6.319983400328199, 81.15970094540333], 'normal': [Decimal('-0.11759334790341154'), 0.6443268840823736, -0.7556551270107064], 'radius': 1.985037508956221}",0.9987949893393426,8716.371421,3.970075017912442,"{'center': [Decimal('149.86088310704295'), Decimal('168.11175510063254')], 'axes': [Decimal('21.343063401061737'), 30.33238460975842], 'angle': -79.54431137188195}","[Decimal('149.86088310704295'), Decimal('168.11175510063254')]",30.33238460975842,"{'center': [0.07990832892185011, -1.411939208660285, 90.2275624695318], 'radius': 12.0}","{'center': [Decimal('160.54909123748385'), 110.2978393141787], 'axes': [Decimal('164.91634698681685'), Decimal('164.91634698681685')], 'angle': 90.0}",0.787772667303599,120,8281.920388,2.2709391058064763,-1.725175823657925,"[0.4683152597095092, 0.2995343537473645]",pupil.1,1,3d c++,1581666756.81827,0.4683152597095092,0.2995343537473645
"{'center': [Decimal('-1.3390297419931023'), Decimal('6.3135795952049945'), 81.15546381695796], 'normal': [Decimal('-0.11824483924291271'), 0.64379323365544, -0.7560082210478202], 'radius': Decimal('2.0030687200571733')}",0.9990456367940272,8716.379821,4.006137440114347,"{'center': [149.801372787915, Decimal('168.06230266806367')], 'axes': [Decimal('21.551030281287098'), Decimal('30.609576976654765')], 'angle': -79.47866880872782}","[149.801372787915, Decimal('168.06230266806367')]",30.609576976654765,"{'center': [0.07990832892185011, -1.411939208660285, 90.2275624695318], 'radius': 12.0}","{'center': [Decimal('160.54909123748385'), 110.2978393141787], 'axes': [Decimal('164.91634698681685'), Decimal('164.91634698681685')], 'angle': 90.0}",0.7879229930950804,120,8281.920388,2.2702415006416703,-1.7259461444528206,"[Decimal('0.46812928996223435'), 0.2997404055497347]",pupil.1,1,3d c++,1581666756.8300204,0.46812928996223435,0.2997404055497347
"{'center': [Decimal('-1.3163103525457327'), 6.336022677822949, 81.17109185459995], 'normal': [Decimal('-0.11635155678896524'), 0.6456634905402695, -0.7547058845776542], 'radius': 2.010209636408648}",0.9995150944770964,8716.388221,4.020419272817296,"{'center': [149.9765194237103, 168.2231661477789], 'axes': [Decimal('21.576073824341265'), 30.71282778542121], 'angle': -79.6743263642626}","[149.9765194237103, 168.2231661477789]",30.71282778542121,"{'center': [0.07990832892185011, -1.411939208660285, 90.2275624695318], 'radius': 12.0}","{'center': [Decimal('160.54909123748385'), 110.2978393141787], 'axes': [Decimal('164.91634698681685'), Decimal('164.91634698681685')], 'angle': 90.0}",0.7883387049091084,120,8281.920388,2.2726881641341428,-1.7237601222207115,"[0.4686766231990947, 0.2990701410509212]",pupil.1,1,3d c++,1581666756.838031,0.4686766231990947,0.2990701410509212
"{'center': [-1.298098768992693, 6.335988918797, 81.16827407750822], 'normal': [Decimal('-0.11483392482621192'), 0.645660677288107, -0.7549406993352993], 'radius': Decimal('1.9910826018962284')}",0.9987003196009695,8716.396621,3.982165203792457,"{'center': [Decimal('150.11431906820906'), Decimal('168.22777993910998')], 'axes': [21.3800476896566, Decimal('30.421571797694327')], 'angle': -79.80674076336729}","[Decimal('150.11431906820906'), Decimal('168.22777993910998')]",30.421571797694327,"{'center': [0.07990832892185011, -1.411939208660285, 90.2275624695318], 'radius': 12.0}","{'center': [Decimal('160.54909123748385'), 110.2978393141787], 'axes': [Decimal('164.91634698681685'), Decimal('164.91634698681685')], 'angle': 90.0}",0.7885050585317521,120,8281.920388,2.2726844800502057,-1.7217490667364792,"[0.4691072470881533, 0.2990509169203751]",pupil.1,1,3d c++,1581666756.846432,0.4691072470881533,0.2990509169203751
"{'center': [Decimal('-1.3067069013809356'), 6.357869937703084, 81.18834989142631], 'normal': [-0.1155512691918988, 0.6474840955302807, -0.7532677148421241], 'radius': Decimal('2.0000078615664254')}",0.9979901658999235,8716.405021,4.000015723132851,"{'center': [150.0513864892379, Decimal('168.38147483254005')], 'axes': [21.40952869656515, Decimal('30.550441326564233')], 'angle': -79.77311853727038}","[150.0513864892379, Decimal('168.38147483254005')]",30.550441326564233,"{'center': [0.07990832892185011, -1.411939208660285, 90.2275624695318], 'radius': 12.0}","{'center': [Decimal('160.54909123748385'), 110.2978393141787], 'axes': [Decimal('164.91634698681685'), Decimal('164.91634698681685')], 'angle': 90.0}",0.7885590652990548,120,8281.920388,2.2750747445889266,-1.723009790092181,"[Decimal('0.46891058277886843'), Decimal('0.29841052153108316')]",pupil.1,1,3d c++,1581666756.854093,0.46891058277886843,0.29841052153108316
"{'center': [Decimal('-1.2966311393658656'), 6.330177612054363, 81.16308420398042], 'normal': [Decimal('-0.11471162235730964'), 0.6451764017262206, -0.7553731887959491], 'radius': Decimal('2.0289592946351047')}",0.9992086316758122,8716.413421,4.057918589270209,"{'center': [Decimal('150.12603473403115'), Decimal('168.17995573646772')], 'axes': [21.80440140229504, 31.00241692088], 'angle': -79.80974137227642}","[Decimal('150.12603473403115'), Decimal('168.17995573646772')]",31.00241692088,"{'center': [0.07990832892185011, -1.411939208660285, 90.2275624695318], 'radius': 12.0}","{'center': [Decimal('160.54909123748385'), 110.2978393141787], 'axes': [Decimal('164.91634698681685'), Decimal('164.91634698681685')], 'angle': 90.0}",0.7891192974858297,120,8281.920388,2.2720504696659374,-1.721505688070741,"[0.4691438585438473, 0.2992501844313845]",pupil.1,1,3d c++,1581666756.862412,0.4691438585438473,0.2992501844313845
"{'center': [Decimal('-1.2976566757102088'), 6.341785278294872, 81.17316733576362], 'normal': [Decimal('-0.11479708371933825'), 0.6461437072462631, -0.7545329278140157], 'radius': 2.002286675316225}",0.9986257259488689,8716.421821,4.00457335063245,"{'center': [150.1185952784855, Decimal('168.26723440868983')], 'axes': [Decimal('21.484222780958813'), 30.5909633998559], 'angle': -79.81760800668366}","[150.1185952784855, Decimal('168.26723440868983')]",30.5909633998559,"{'center': [0.07990832892185011, -1.411939208660285, 90.2275624695318], 'radius': 12.0}","{'center': [Decimal('160.54909123748385'), 110.2978393141787], 'axes': [Decimal('164.91634698681685'), Decimal('164.91634698681685')], 'angle': 90.0}",0.7897022255622499,120,8281.920388,2.273317198442571,-1.721781689969067,"[Decimal('0.46912061024526713'), Decimal('0.29888652329712573')]",pupil.1,1,3d c++,1581666756.8704698,0.46912061024526713,0.29888652329712573
"{'center': [-1.289550318809627, Decimal('6.3498587672801206'), 81.17885675032306], 'normal': [Decimal('-0.11412155397762308'), 0.6468164979950338, -0.7540588099340614], 'radius': Decimal('2.0269768192533575')}",0.9990637085468314,8716.430221,4.053953638506715,"{'center': [Decimal('150.18173875437603'), Decimal('168.32123357568352')], 'axes': [Decimal('21.730268391106492'), Decimal('30.966115262796112')], 'angle': -79.88714009303234}","[Decimal('150.18173875437603'), Decimal('168.32123357568352')]",30.966115262796112,"{'center': [0.07990832892185011, -1.411939208660285, 90.2275624695318], 'radius': 12.0}","{'center': [Decimal('160.54909123748385'), 110.2978393141787], 'axes': [Decimal('164.91634698681685'), Decimal('164.91634698681685')], 'angle': 90.0}",0.7903091282171704,120,8281.920388,2.274199048770684,-1.720999503207676,"[0.4693179336074251, 0.2986615267679853]",pupil.1,1,3d c++,1581666756.88004,0.4693179336074251,0.2986615267679853
"{'center': [Decimal('-1.2732989290441181'), 6.353630785250616, 81.17964819127636], 'normal': [Decimal('-0.11276727149716402'), 0.6471308328259084, -0.7539928565212877], 'radius': Decimal('2.0082511948750983')}",0.9976493721259851,8716.438621,4.016502389750197,"{'center': [Decimal('150.30503072433817'), Decimal('168.35273831253423')], 'axes': [21.52687360720653, 30.67966789647782], 'angle': -80.01015902726571}","[Decimal('150.30503072433817'), Decimal('168.35273831253423')]",30.67966789647782,"{'center': [0.07990832892185011, -1.411939208660285, 90.2275624695318], 'radius': 12.0}","{'center': [Decimal('160.54909123748385'), 110.2978393141787], 'axes': [Decimal('164.91634698681685'), Decimal('164.91634698681685')], 'angle': 90.0}",0.7903086113288049,120,8281.920388,2.274611284506894,-1.719256058369195,"[Decimal('0.46970322101355677'), Decimal('0.29853025703110736')]",pupil.1,1,3d c++,1581666756.886949,0.46970322101355677,0.29853025703110736
"{'center': [Decimal('-1.2927710614713588'), 6.361692933821425, 81.18950988036389], 'normal': [Decimal('-0.11438994919943407'), 0.6478026785401425, -0.7531710490973267], 'radius': 2.005578320653315}",0.9986894745127628,8716.447021,4.01115664130663,"{'center': [Decimal('150.15780878770514'), Decimal('168.40897187434734')], 'axes': [Decimal('21.465423105877992'), Decimal('30.635115262391334')], 'angle': -79.8792400284559}","[Decimal('150.15780878770514'), Decimal('168.40897187434734')]",30.635115262391334,"{'center': [0.07990832892185011, -1.411939208660285, 90.2275624695318], 'radius': 12.0}","{'center': [Decimal('160.54909123748385'), 110.2978393141787], 'axes': [Decimal('164.91634698681685'), Decimal('164.91634698681685')], 'angle': 90.0}",0.7906438870112886,120,8281.920388,2.275492863487694,-1.7215222292388108,"[Decimal('0.46924315246157855'), Decimal('0.29829595052355273')]",pupil.1,1,3d c++,1581666756.8954449,0.46924315246157855,0.29829595052355273
"{'center': [Decimal('-1.2779547681866412'), 6.348330326667538, 81.17579885415972], 'normal': [Decimal('-0.11315525809237427'), 0.6466891279439853, -0.7543136346143399], 'radius': Decimal('2.0258309445594165')}",0.9991556012419465,8716.455421,4.051661889118833,"{'center': [Decimal('150.26965501452366'), Decimal('168.31153109492658')], 'axes': [Decimal('21.728279156962067'), Decimal('30.949766164823714')], 'angle': -79.9694393343799}","[Decimal('150.26965501452366'), Decimal('168.31153109492658')]",30.949766164823714,"{'center': [0.07990832892185011, -1.411939208660285, 90.2275624695318], 'radius': 12.0}","{'center': [Decimal('160.54909123748385'), 110.2978393141787], 'axes': [Decimal('164.91634698681685'), Decimal('164.91634698681685')], 'angle': 90.0}",0.7910729338199474,120,8281.920388,2.2740320498126674,-1.7196969227117547,"[Decimal('0.46959267192038645'), 0.2987019537711393]",pupil.1,1,3d c++,1581666756.902348,0.46959267192038645,0.2987019537711393
"{'center': [Decimal('-1.1669983981500525'), 6.338144028026495, 81.15114062838705], 'normal': [Decimal('-0.10390889392265855'), 0.6458402697238983, -0.7563684867620623], 'radius': 2.027015730847402}",0.9990975661417905,8716.463821,4.054031461694804,"{'center': [Decimal('151.11208540473856'), 168.2477519196479], 'axes': [Decimal('21.824220241209485'), Decimal('30.977242045363585')], 'angle': -80.76609729007441}","[Decimal('151.11208540473856'), 168.2477519196479]",30.977242045363585,"{'center': [0.07990832892185011, -1.411939208660285, 90.2275624695318], 'radius': 12.0}","{'center': [Decimal('160.54909123748385'), 110.2978393141787], 'axes': [Decimal('164.91634698681685'), Decimal('164.91634698681685')], 'angle': 90.0}",0.791650528474197,120,8281.920388,2.2729196876826214,-1.7073204050103885,"[Decimal('0.47222526688980804'), Decimal('0.29896770033480047')]",pupil.1,1,3d c++,1581666756.91486,0.47222526688980804,0.29896770033480047
"{'center': [-1.134140765379197, 6.344359174630346, 81.15199525937959], 'normal': [-0.1011707578584206, 0.6463581986075525, -0.7562972675126842], 'radius': Decimal('2.0223187971448557')}",0.9793548000847561,8716.472221,4.0446375942897115,"{'center': [Decimal('151.36234652023495'), 168.2954271382571], 'axes': [21.77091577848736, Decimal('30.905115577178528')], 'angle': -81.01394938429614}","[Decimal('151.36234652023495'), 168.2954271382571]",30.905115577178528,"{'center': [0.07990832892185011, -1.411939208660285, 90.2275624695318], 'radius': 12.0}","{'center': [Decimal('160.54909123748385'), 110.2978393141787], 'axes': [Decimal('164.91634698681685'), Decimal('164.91634698681685')], 'angle': 90.0}",0.791546629408757,120,8281.920388,2.273598268220817,-1.7037780070388213,"[0.4730073328757342, Decimal('0.29876905359059536')]",pupil.1,1,3d c++,1581666756.922349,0.4730073328757342,0.29876905359059536
"{'center': [Decimal('-1.1402139803655837'), 6.326256003781402, 81.13736794991212], 'normal': [Decimal('-0.10167685910728616'), 0.6448496010368072, -0.7575162099683066], 'radius': 2.046778584963269}",0.9990784213687802,8716.489021,4.093557169926538,"{'center': [151.3152452047649, 168.1615466597912], 'axes': [22.08390322073253, Decimal('31.284634719581597')], 'angle': -80.9481863575746}","[151.3152452047649, 168.1615466597912]",31.284634719581597,"{'center': [0.07990832892185011, -1.411939208660285, 90.2275624695318], 'radius': 12.0}","{'center': [Decimal('160.54909123748385'), 110.2978393141787], 'axes': [Decimal('164.91634698681685'), Decimal('164.91634698681685')], 'angle': 90.0}",0.7920748882321527,120,8281.920388,2.2716228161140903,-1.7042228702734339,"[0.4728601412648903, Decimal('0.29932688891753656')]",pupil.1,1,3d c++,1581666756.9453726,0.4728601412648903,0.29932688891753656
"{'center': [Decimal('-1.1436885476830156'), 6.322009235692922, 81.1342213814801], 'normal': [-0.1019664063837388, 0.6444957036961005, -0.7577784240043091], 'radius': Decimal('2.0477690627622818')}",0.9992380112491255,8716.497421,4.0955381255245635,"{'center': [Decimal('151.28847728699984'), Decimal('168.13079981662608')], 'axes': [Decimal('22.105249022700132'), 31.30098876514965], 'angle': -80.91767230728512}","[Decimal('151.28847728699984'), Decimal('168.13079981662608')]",31.30098876514965,"{'center': [0.07990832892185011, -1.411939208660285, 90.2275624695318], 'radius': 12.0}","{'center': [Decimal('160.54909123748385'), 110.2978393141787], 'axes': [Decimal('164.91634698681685'), Decimal('164.91634698681685')], 'angle': 90.0}",0.7920691543949365,120,8281.920388,2.2711598776581137,-1.7045525701656181,"[0.4727764915218745, Decimal('0.29945500076405795')]",pupil.1,1,3d c++,1581666756.9492931,0.4727764915218745,0.29945500076405795
"{'center': [Decimal('-1.1395183622724392'), 6.304137579474697, 81.1184923992992], 'normal': [Decimal('-0.10161889093285745'), 0.6430063990112486, -0.759089172519384], 'radius': Decimal('2.0422754931983187')}",0.9989333641233931,8716.505821,4.084550986396637,"{'center': [Decimal('151.31848386080594'), Decimal('168.00448366841084')], 'axes': [22.09914692794781, Decimal('31.223029454388087')], 'angle': -80.92713982763536}","[Decimal('151.31848386080594'), Decimal('168.00448366841084')]",31.223029454388087,"{'center': [0.07990832892185011, -1.411939208660285, 90.2275624695318], 'radius': 12.0}","{'center': [Decimal('160.54909123748385'), 110.2978393141787], 'axes': [Decimal('164.91634698681685'), Decimal('164.91634698681685')], 'angle': 90.0}",0.7926801644067893,120,8281.920388,2.269213671007792,-1.7038746271736347,"[0.4728702620650186, 0.2999813180482882]",pupil.1,1,3d c++,1581666756.9546602,0.4728702620650186,0.2999813180482882
"{'center': [Decimal('-1.1228768339450956'), 6.340450254491132, 81.14715689138686], 'normal': [Decimal('-0.10023209690557881'), 0.6460324552626181, -0.7567004648454129], 'radius': 2.056687031350773}",0.9985072625610069,8716.514221,4.113374062701546,"{'center': [Decimal('151.44858619058047'), 168.2623844460387], 'axes': [22.15762216125968, Decimal('31.432342156155503')], 'angle': -81.09190422702879}","[Decimal('151.44858619058047'), 168.2623844460387]",31.432342156155503,"{'center': [0.07990832892185011, -1.411939208660285, 90.2275624695318], 'radius': 12.0}","{'center': [Decimal('160.54909123748385'), 110.2978393141787], 'axes': [Decimal('164.91634698681685'), Decimal('164.91634698681685')], 'angle': 90.0}",0.7925053993372622,120,8281.920388,2.2731714400282748,-1.7024891024099245,"[Decimal('0.47327683184556396'), 0.2989067314748387]",pupil.1,1,3d c++,1581666756.963372,0.47327683184556396,0.2989067314748387
"{'center': [Decimal('-1.1318001328406335'), 6.329517363510964, 81.13901953103613], 'normal': [Decimal('-0.10097570514687364'), 0.6451213810142707, -0.7573785782079737], 'radius': 2.048799395219811}",0.998802933662845,8716.522621,4.097598790439622,"{'center': [Decimal('151.37956961634032'), Decimal('168.18510230137156')], 'axes': [Decimal('22.100155365390894'), Decimal('31.314894409192615')], 'angle': -81.01374256290443}","[Decimal('151.37956961634032'), Decimal('168.18510230137156')]",31.314894409192615,"{'center': [0.07990832892185011, -1.411939208660285, 90.2275624695318], 'radius': 12.0}","{'center': [Decimal('160.54909123748385'), 110.2978393141787], 'axes': [Decimal('164.91634698681685'), Decimal('164.91634698681685')], 'angle': 90.0}",0.7928625426908087,120,8281.920388,2.271978458387981,-1.7033373442509192,"[0.4730611550510635, 0.2992287404109518]",pupil.1,1,3d c++,1581666756.971414,0.4730611550510635,0.2992287404109518
"{'center': [Decimal('-1.1124052390833061'), Decimal('6.3240831598595655'), 81.13183015875488], 'normal': [-0.09935946400042969, 0.6446685307099875, -0.7579776925647438], 'radius': 2.061734462810836}",0.9993369248551446,8716.531021,4.123468925621672,"{'center': [Decimal('151.52695431097493'), 168.1454911667999], 'axes': [Decimal('22.264394408561966'), 31.51543697887288], 'angle': -81.14980591230207}","[Decimal('151.52695431097493'), 168.1454911667999]",31.51543697887288,"{'center': [0.07990832892185011, -1.411939208660285, 90.2275624695318], 'radius': 12.0}","{'center': [Decimal('160.54909123748385'), 110.2978393141787], 'axes': [Decimal('164.91634698681685'), Decimal('164.91634698681685')], 'angle': 90.0}",0.79356220226946,120,8281.920388,2.2713859327061137,-1.7011380964475806,"[Decimal('0.47352173222179667'), 0.2993937868050004]",pupil.1,1,3d c++,1581666756.980072,0.47352173222179667,0.2993937868050004
"{'center': [Decimal('-1.1014416327387873'), Decimal('6.3042350828320215'), 81.1135585979396], 'normal': [-0.09844583013838644, 0.6430145242910256, -0.7595003226326833], 'radius': 2.048871401090622}",0.9988348780647449,8716.539421,4.097742802181244,"{'center': [Decimal('151.60832696019452'), 168.0068547340997], 'axes': [Decimal('22.187485674791724'), Decimal('31.325793042488748')], 'angle': -81.2076033223859}","[Decimal('151.60832696019452'), 168.0068547340997]",31.325793042488748,"{'center': [0.07990832892185011, -1.411939208660285, 90.2275624695318], 'radius': 12.0}","{'center': [Decimal('160.54909123748385'), 110.2978393141787], 'axes': [Decimal('164.91634698681685'), Decimal('164.91634698681685')], 'angle': 90.0}",0.7938706586856026,120,8281.920388,2.2692242803978075,-1.699696848861626,"[Decimal('0.47377602175060785'), Decimal('0.29997143860791786')]",pupil.1,1,3d c++,1581666756.987657,0.47377602175060785,0.29997143860791786
"{'center': [-1.097753365811149, 6.316218259820294, 81.1232395910786], 'normal': [-0.09813847456108325, 0.6440131223733816, -0.7586935732044336], 'radius': 2.051072098511951}",0.9979920233405352,8716.547821,4.102144197023902,"{'center': [151.6374495489324, Decimal('168.09230980472483')], 'axes': [Decimal('22.178442234360894'), 31.35571763963558], 'angle': -81.24849990239132}","[151.6374495489324, Decimal('168.09230980472483')]",31.35571763963558,"{'center': [0.07990832892185011, -1.411939208660285, 90.2275624695318], 'radius': 12.0}","{'center': [Decimal('160.54909123748385'), 110.2978393141787], 'axes': [Decimal('164.91634698681685'), Decimal('164.91634698681685')], 'angle': 90.0}",0.7936449935631584,120,8281.920388,2.270528896685405,-1.6994339740666538,"[0.4738670298404138, 0.2996153758136465]",pupil.1,1,3d c++,1581666756.9982872,0.4738670298404138,0.2996153758136465
"{'center': [-1.083441373224719, 6.317266320828943, 81.12228930759818], 'normal': [-0.09694580851221409, 0.644100460790769, -0.7587727634944682], 'radius': Decimal('2.0506989529944244')}",0.9982894929121106,8716.556221,4.101397905988849,"{'center': [Decimal('151.74640015352304'), Decimal('168.10089903775028')], 'axes': [Decimal('22.177696610955554'), Decimal('31.350376394166656')], 'angle': -81.35502627774125}","[Decimal('151.74640015352304'), Decimal('168.10089903775028')]",31.350376394166656,"{'center': [0.07990832892185011, -1.411939208660285, 90.2275624695318], 'radius': 12.0}","{'center': [Decimal('160.54909123748385'), 110.2978393141787], 'axes': [Decimal('164.91634698681685'), Decimal('164.91634698681685')], 'angle': 90.0}",0.7936556632968439,120,8281.920388,2.2706430678827414,-1.6978744143796054,"[0.4742075004797595, 0.2995795873427072]",pupil.1,1,3d c++,1581666757.0097668,0.4742075004797595,0.2995795873427072
"{'center': [Decimal('-1.0858572703751035'), 6.31558477312215, 81.12117110530453], 'normal': [-0.09714713327474613, 0.6439603318152028, -0.7588659470189401], 'radius': Decimal('2.0514012237884933')}",0.9978612589603095,8716.564621,4.102802447576987,"{'center': [Decimal('151.72790064043508'), Decimal('168.08859467128116')], 'axes': [Decimal('22.189085774201452'), Decimal('31.361546624756162')], 'angle': -81.33533916183478}","[Decimal('151.72790064043508'), Decimal('168.08859467128116')]",31.361546624756162,"{'center': [0.07990832892185011, -1.411939208660285, 90.2275624695318], 'radius': 12.0}","{'center': [Decimal('160.54909123748385'), 110.2978393141787], 'axes': [Decimal('164.91634698681685'), Decimal('164.91634698681685')], 'angle': 90.0}",0.7934643999440105,120,8281.920388,2.2704598927267936,-1.698120005452849,"[0.4741496895013596, 0.2996308555363285]",pupil.1,1,3d c++,1581666757.0141592,0.4741496895013596,0.2996308555363285
"{'center': [Decimal('-1.0877306846097354'), 6.310695763617454, 81.11726454800191], 'normal': [-0.09730325112763213, 0.6435529143564782, -0.7591914934608239], 'radius': Decimal('2.0845518382609347')}",0.9989077259247012,8716.573021,4.169103676521869,"{'center': [Decimal('151.71412421187932'), Decimal('168.04765928182815')], 'axes': [Decimal('22.561346147814284'), Decimal('31.870019863827594')], 'angle': -81.31599867413895}","[Decimal('151.71412421187932'), Decimal('168.04765928182815')]",31.870019863827594,"{'center': [0.07990832892185011, -1.411939208660285, 90.2275624695318], 'radius': 12.0}","{'center': [Decimal('160.54909123748385'), 110.2978393141787], 'axes': [Decimal('164.91634698681685'), Decimal('164.91634698681685')], 'angle': 90.0}",0.7936736168971503,120,8281.920388,2.2699274811451025,-1.6982683148520272,"[0.4741066381621229, 0.2998014196590494]",pupil.1,1,3d c++,1581666757.022292,0.4741066381621229,0.2998014196590494
"{'center': [Decimal('-1.1268935051354874'), 6.288157258527197, 81.10330119919749], 'normal': [Decimal('-0.10056681950477811'), 0.6416747055989568, -0.7603551058611926], 'radius': Decimal('2.0423982137995043')}",0.9990378624858866,8716.581421,4.0847964275990085,"{'center': [Decimal('151.41314995548825'), Decimal('167.89124671193736')], 'axes': [Decimal('22.151964626238946'), Decimal('31.230736295502734')], 'angle': -81.00124794278743}","[Decimal('151.41314995548825'), Decimal('167.89124671193736')]",31.230736295502734,"{'center': [0.07990832892185011, -1.411939208660285, 90.2275624695318], 'radius': 12.0}","{'center': [Decimal('160.54909123748385'), 110.2978393141787], 'axes': [Decimal('164.91634698681685'), Decimal('164.91634698681685')], 'angle': 90.0}",0.7938999619117482,120,8281.920388,2.2674761184020196,-1.70229603843221,"[0.4731660936109008, 0.300453138700261]",pupil.1,1,3d c++,1581666757.030943,0.4731660936109008,0.300453138700261
"{'center': [Decimal('-1.1434718393810435'), 6.254175620431508, 81.0769327430604], 'normal': [Decimal('-0.10194834735857446'), 0.6388429024243161, -0.7625524772059502], 'radius': Decimal('2.0519047947713487')}",0.9975464663043244,8716.589821,4.103809589542697,"{'center': [151.2843400787757, Decimal('167.64536198071232')], 'axes': [Decimal('22.344818083091763'), Decimal('31.386318337503095')], 'angle': -80.83824766947089}","[151.2843400787757, Decimal('167.64536198071232')]",31.386318337503095,"{'center': [0.07990832892185011, -1.411939208660285, 90.2275624695318], 'radius': 12.0}","{'center': [Decimal('160.54909123748385'), 110.2978393141787], 'axes': [Decimal('164.91634698681685'), Decimal('164.91634698681685')], 'angle': 90.0}",0.7934166902477613,120,8281.920388,2.263789632758656,-1.703701766558313,"[Decimal('0.47276356274617404'), Decimal('0.30147765841369867')]",pupil.1,1,3d c++,1581666757.0380812,0.47276356274617404,0.30147765841369867
"{'center': [Decimal('-1.1559767390953166'), 6.248792093558053, 81.07410497993453], 'normal': [-0.1029904223347639, 0.6383942751848615, -0.7627881241331058], 'radius': 2.053285868701356}",0.9981435462329391,8716.598221,4.106571737402712,"{'center': [Decimal('151.18874851145162'), Decimal('167.60565917797382')], 'axes': [Decimal('22.369444693277277'), Decimal('31.408542702804255')], 'angle': -80.73914771702356}","[Decimal('151.18874851145162'), Decimal('167.60565917797382')]",31.408542702804255,"{'center': [0.07990832892185011, -1.411939208660285, 90.2275624695318], 'radius': 12.0}","{'center': [Decimal('160.54909123748385'), 110.2978393141787], 'axes': [Decimal('164.91634698681685'), Decimal('164.91634698681685')], 'angle': 90.0}",0.7930909233330952,120,8281.920388,2.2632066391216594,-1.7050031128447898,"[0.4724648390982863, 0.3016430867584424]",pupil.1,1,3d c++,1581666757.048191,0.4724648390982863,0.3016430867584424
"{'center': [Decimal('-1.1438061752785678'), 6.344437758196716, 81.15336062252511], 'normal': [Decimal('-0.10197620868336818'), 0.6463647472380836, -0.7561834872505578], 'radius': 2.025756242611735}",0.5868207961028541,8716.606621,4.05151248522347,"{'center': [151.2889518109213, 168.2946526894729], 'axes': [21.80331978827153, Decimal('30.957142320368863')], 'angle': -80.9432928268482}","[151.2889518109213, 168.2946526894729]",30.957142320368863,"{'center': [0.07990832892185011, -1.411939208660285, 90.2275624695318], 'radius': 12.0}","{'center': [Decimal('160.54909123748385'), 110.2978393141787], 'axes': [Decimal('164.91634698681685'), Decimal('164.91634698681685')], 'angle': 90.0}",0.7930909233330952,120,8281.920388,2.2736068506080302,-1.704844055908557,"[Decimal('0.47277797440912905'), 0.2987722804605295]",pupil.1,1,3d c++,1581666757.0545018,0.47277797440912905,0.2987722804605295
"{'center': [0.0, -0.0, 0.0], 'normal': [0.0, -0.0, 0.0], 'radius': 0.0}",0.0,8716.615021,0.0,"{'center': [160.0, 120.0], 'axes': [0.0, 0.0], 'angle': 90.0}","[160.0, 120.0]",0.0,"{'center': [0.07990832892185011, -1.411939208660285, 90.2275624695318], 'radius': 12.0}","{'center': [Decimal('160.54909123748385'), 110.2978393141787], 'axes': [Decimal('164.91634698681685'), Decimal('164.91634698681685')], 'angle': 90.0}",0.7930909233330952,120,8281.920388,0.0,0.0,"[0.5, 0.5]",pupil.1,1,3d c++,1581666757.0619378,0.5,0.5
"{'center': [0.0, -0.0, 0.0], 'normal': [0.0, -0.0, 0.0], 'radius': 0.0}",0.0,8716.623421,0.0,"{'center': [160.0, 120.0], 'axes': [0.0, 0.0], 'angle': 90.0}","[160.0, 120.0]",0.0,"{'center': [0.07990832892185011, -1.411939208660285, 90.2275624695318], 'radius': 12.0}","{'center': [Decimal('160.54909123748385'), 110.2978393141787], 'axes': [Decimal('164.91634698681685'), Decimal('164.91634698681685')], 'angle': 90.0}",0.7930909233330952,120,8281.920388,0.0,0.0,"[0.5, 0.5]",pupil.1,1,3d c++,1581666757.069972,0.5,0.5
"{'center': [0.0, -0.0, 0.0], 'normal': [0.0, -0.0, 0.0], 'radius': 0.0}",0.0,8716.631821,0.0,"{'center': [160.0, 120.0], 'axes': [0.0, 0.0], 'angle': 90.0}","[160.0, 120.0]",0.0,"{'center': [0.07990832892185011, -1.411939208660285, 90.2275624695318], 'radius': 12.0}","{'center': [Decimal('160.54909123748385'), 110.2978393141787], 'axes': [Decimal('164.91634698681685'), Decimal('164.91634698681685')], 'angle': 90.0}",0.7930909233330952,120,8281.920388,0.0,0.0,"[0.5, 0.5]",pupil.1,1,3d c++,1581666757.082557,0.5,0.5
"{'center': [0.0, -0.0, 0.0], 'normal': [0.0, -0.0, 0.0], 'radius': 0.0}",0.0,8716.640221,0.0,"{'center': [160.0, 120.0], 'axes': [0.0, 0.0], 'angle': 90.0}","[160.0, 120.0]",0.0,"{'center': [0.07990832892185011, -1.411939208660285, 90.2275624695318], 'radius': 12.0}","{'center': [Decimal('160.54909123748385'), 110.2978393141787], 'axes': [Decimal('164.91634698681685'), Decimal('164.91634698681685')], 'angle': 90.0}",0.7930909233330952,120,8281.920388,0.0,0.0,"[0.5, 0.5]",pupil.1,1,3d c++,1581666757.090528,0.5,0.5
"{'center': [0.0, -0.0, 0.0], 'normal': [0.0, -0.0, 0.0], 'radius': 0.0}",0.0,8716.648621,0.0,"{'center': [160.0, 120.0], 'axes': [0.0, 0.0], 'angle': 90.0}","[160.0, 120.0]",0.0,"{'center': [0.07990832892185011, -1.411939208660285, 90.2275624695318], 'radius': 12.0}","{'center': [Decimal('160.54909123748385'), 110.2978393141787], 'axes': [Decimal('164.91634698681685'), Decimal('164.91634698681685')], 'angle': 90.0}",0.7930909233330952,120,8281.920388,0.0,0.0,"[0.5, 0.5]",pupil.1,1,3d c++,1581666757.0986938,0.5,0.5
"{'center': [0.0, -0.0, 0.0], 'normal': [0.0, -0.0, 0.0], 'radius': 0.0}",0.0,8716.657021,0.0,"{'center': [160.0, 120.0], 'axes': [0.0, 0.0], 'angle': 90.0}","[160.0, 120.0]",0.0,"{'center': [0.07990832892185011, -1.411939208660285, 90.2275624695318], 'radius': 12.0}","{'center': [Decimal('160.54909123748385'), 110.2978393141787], 'axes': [Decimal('164.91634698681685'), Decimal('164.91634698681685')], 'angle': 90.0}",0.7930909233330952,120,8281.920388,0.0,0.0,"[0.5, 0.5]",pupil.1,1,3d c++,1581666757.106272,0.5,0.5
"{'center': [0.0, -0.0, 0.0], 'normal': [0.0, -0.0, 0.0], 'radius': 0.0}",0.0,8716.665421,0.0,"{'center': [160.0, 120.0], 'axes': [0.0, 0.0], 'angle': 90.0}","[160.0, 120.0]",0.0,"{'center': [0.07990832892185011, -1.411939208660285, 90.2275624695318], 'radius': 12.0}","{'center': [Decimal('160.54909123748385'), 110.2978393141787], 'axes': [Decimal('164.91634698681685'), Decimal('164.91634698681685')], 'angle': 90.0}",0.7930909233330952,120,8281.920388,0.0,0.0,"[0.5, 0.5]",pupil.1,1,3d c++,1581666757.114382,0.5,0.5
"{'center': [0.0, -0.0, 0.0], 'normal': [0.0, -0.0, 0.0], 'radius': 0.0}",0.0,8716.67382,0.0,"{'center': [160.0, 120.0], 'axes': [0.0, 0.0], 'angle': 90.0}","[160.0, 120.0]",0.0,"{'center': [0.07990832892185011, -1.411939208660285, 90.2275624695318], 'radius': 12.0}","{'center': [Decimal('160.54909123748385'), 110.2978393141787], 'axes': [Decimal('164.91634698681685'), Decimal('164.91634698681685')], 'angle': 90.0}",0.7930909233330952,120,8281.920388,0.0,0.0,"[0.5, 0.5]",pupil.1,1,3d c++,1581666757.122886,0.5,0.5
"{'center': [0.0, -0.0, 0.0], 'normal': [0.0, -0.0, 0.0], 'radius': 0.0}",0.0,8716.68222,0.0,"{'center': [160.0, 120.0], 'axes': [0.0, 0.0], 'angle': 90.0}","[160.0, 120.0]",0.0,"{'center': [0.07990832892185011, -1.411939208660285, 90.2275624695318], 'radius': 12.0}","{'center': [Decimal('160.54909123748385'), 110.2978393141787], 'axes': [Decimal('164.91634698681685'), Decimal('164.91634698681685')], 'angle': 90.0}",0.7930909233330952,120,8281.920388,0.0,0.0,"[0.5, 0.5]",pupil.1,1,3d c++,1581666757.1305091,0.5,0.5
"{'center': [0.0, -0.0, 0.0], 'normal': [0.0, -0.0, 0.0], 'radius': 0.0}",0.0,8716.69062,0.0,"{'center': [160.0, 120.0], 'axes': [0.0, 0.0], 'angle': 90.0}","[160.0, 120.0]",0.0,"{'center': [0.07990832892185011, -1.411939208660285, 90.2275624695318], 'radius': 12.0}","{'center': [Decimal('160.54909123748385'), 110.2978393141787], 'axes': [Decimal('164.91634698681685'), Decimal('164.91634698681685')], 'angle': 90.0}",0.7930909233330952,120,8281.920388,0.0,0.0,"[0.5, 0.5]",pupil.1,1,3d c++,1581666757.138365,0.5,0.5
"{'center': [0.0, -0.0, 0.0], 'normal': [0.0, -0.0, 0.0], 'radius': 0.0}",0.0,8716.69902,0.0,"{'center': [160.0, 120.0], 'axes': [0.0, 0.0], 'angle': 90.0}","[160.0, 120.0]",0.0,"{'center': [0.07990832892185011, -1.411939208660285, 90.2275624695318], 'radius': 12.0}","{'center': [Decimal('160.54909123748385'), 110.2978393141787], 'axes': [Decimal('164.91634698681685'), Decimal('164.91634698681685')], 'angle': 90.0}",0.7930909233330952,120,8281.920388,0.0,0.0,"[0.5, 0.5]",pupil.1,1,3d c++,1581666757.1464572,0.5,0.5
"{'center': [0.0, -0.0, 0.0], 'normal': [0.0, -0.0, 0.0], 'radius': 0.0}",0.0,8716.70742,0.0,"{'center': [160.0, 120.0], 'axes': [0.0, 0.0], 'angle': 90.0}","[160.0, 120.0]",0.0,"{'center': [0.07990832892185011, -1.411939208660285, 90.2275624695318], 'radius': 12.0}","{'center': [Decimal('160.54909123748385'), 110.2978393141787], 'axes': [Decimal('164.91634698681685'), Decimal('164.91634698681685')], 'angle': 90.0}",0.7930909233330952,120,8281.920388,0.0,0.0,"[0.5, 0.5]",pupil.1,1,3d c++,1581666757.1542444,0.5,0.5
"{'center': [0.0, -0.0, 0.0], 'normal': [0.0, -0.0, 0.0], 'radius': 0.0}",0.0,8716.71582,0.0,"{'center': [160.0, 120.0], 'axes': [0.0, 0.0], 'angle': 90.0}","[160.0, 120.0]",0.0,"{'center': [0.07990832892185011, -1.411939208660285, 90.2275624695318], 'radius': 12.0}","{'center': [Decimal('160.54909123748385'), 110.2978393141787], 'axes': [Decimal('164.91634698681685'), Decimal('164.91634698681685')], 'angle': 90.0}",0.7930909233330952,120,8281.920388,0.0,0.0,"[0.5, 0.5]",pupil.1,1,3d c++,1581666757.166126,0.5,0.5
"{'center': [0.0, -0.0, 0.0], 'normal': [0.0, -0.0, 0.0], 'radius': 0.0}",0.0,8716.72422,0.0,"{'center': [160.0, 120.0], 'axes': [0.0, 0.0], 'angle': 90.0}","[160.0, 120.0]",0.0,"{'center': [0.07990832892185011, -1.411939208660285, 90.2275624695318], 'radius': 12.0}","{'center': [Decimal('160.54909123748385'), 110.2978393141787], 'axes': [Decimal('164.91634698681685'), Decimal('164.91634698681685')], 'angle': 90.0}",0.7930909233330952,120,8281.920388,0.0,0.0,"[0.5, 0.5]",pupil.1,1,3d c++,1581666757.173985,0.5,0.5
"{'center': [0.0, -0.0, 0.0], 'normal': [0.0, -0.0, 0.0], 'radius': 0.0}",0.0,8716.73262,0.0,"{'center': [160.0, 120.0], 'axes': [0.0, 0.0], 'angle': 90.0}","[160.0, 120.0]",0.0,"{'center': [0.07990832892185011, -1.411939208660285, 90.2275624695318], 'radius': 12.0}","{'center': [Decimal('160.54909123748385'), 110.2978393141787], 'axes': [Decimal('164.91634698681685'), Decimal('164.91634698681685')], 'angle': 90.0}",0.7930909233330952,120,8281.920388,0.0,0.0,"[0.5, 0.5]",pupil.1,1,3d c++,1581666757.181747,0.5,0.5
"{'center': [0.0, -0.0, 0.0], 'normal': [0.0, -0.0, 0.0], 'radius': 0.0}",0.0,8716.74102,0.0,"{'center': [160.0, 120.0], 'axes': [0.0, 0.0], 'angle': 90.0}","[160.0, 120.0]",0.0,"{'center': [0.07990832892185011, -1.411939208660285, 90.2275624695318], 'radius': 12.0}","{'center': [Decimal('160.54909123748385'), 110.2978393141787], 'axes': [Decimal('164.91634698681685'), Decimal('164.91634698681685')], 'angle': 90.0}",0.7930909233330952,120,8281.920388,0.0,0.0,"[0.5, 0.5]",pupil.1,1,3d c++,1581666757.1905546,0.5,0.5
"{'center': [0.0, -0.0, 0.0], 'normal': [0.0, -0.0, 0.0], 'radius': 0.0}",0.0,8716.74942,0.0,"{'center': [160.0, 120.0], 'axes': [0.0, 0.0], 'angle': 90.0}","[160.0, 120.0]",0.0,"{'center': [0.07990832892185011, -1.411939208660285, 90.2275624695318], 'radius': 12.0}","{'center': [Decimal('160.54909123748385'), 110.2978393141787], 'axes': [Decimal('164.91634698681685'), Decimal('164.91634698681685')], 'angle': 90.0}",0.7930909233330952,120,8281.920388,0.0,0.0,"[0.5, 0.5]",pupil.1,1,3d c++,1581666757.202662,0.5,0.5
"{'center': [0.0, -0.0, 0.0], 'normal': [0.0, -0.0, 0.0], 'radius': 0.0}",0.0,8716.75782,0.0,"{'center': [160.0, 120.0], 'axes': [0.0, 0.0], 'angle': 90.0}","[160.0, 120.0]",0.0,"{'center': [0.07990832892185011, -1.411939208660285, 90.2275624695318], 'radius': 12.0}","{'center': [Decimal('160.54909123748385'), 110.2978393141787], 'axes': [Decimal('164.91634698681685'), Decimal('164.91634698681685')], 'angle': 90.0}",0.7930909233330952,120,8281.920388,0.0,0.0,"[0.5, 0.5]",pupil.1,1,3d c++,1581666757.206322,0.5,0.5
"{'center': [0.0, -0.0, 0.0], 'normal': [0.0, -0.0, 0.0], 'radius': 0.0}",0.0,8716.76622,0.0,"{'center': [160.0, 120.0], 'axes': [0.0, 0.0], 'angle': 90.0}","[160.0, 120.0]",0.0,"{'center': [0.07990832892185011, -1.411939208660285, 90.2275624695318], 'radius': 12.0}","{'center': [Decimal('160.54909123748385'), 110.2978393141787], 'axes': [Decimal('164.91634698681685'), Decimal('164.91634698681685')], 'angle': 90.0}",0.7930909233330952,120,8281.920388,0.0,0.0,"[0.5, 0.5]",pupil.1,1,3d c++,1581666757.214158,0.5,0.5
"{'center': [Decimal('-1.1962031597556058'), 6.59842402327124, 81.38416830433793], 'normal': [Decimal('-0.10634262405645464'), 0.6675302693276269, -0.7369495137661558], 'radius': Decimal('2.0269203211432307')}",0.26728271613358445,8716.77462,4.0538406422864615,"{'center': [150.9146620880355, Decimal('170.09305217091435')], 'axes': [21.04538634767995, Decimal('30.887343438345237')], 'angle': -80.8617198891508}","[150.9146620880355, Decimal('170.09305217091435')]",30.887343438345237,"{'center': [0.07990832892185011, -1.411939208660285, 90.2275624695318], 'radius': 12.0}","{'center': [Decimal('160.54909123748385'), 110.2978393141787], 'axes': [Decimal('164.91634698681685'), Decimal('164.91634698681685')], 'angle': 90.0}",0.7930909233330952,120,8281.920388,2.3016832288230726,-1.7141081705557393,"[0.4716083190251109, 0.2912789492878569]",pupil.1,1,3d c++,1581666757.222738,0.4716083190251109,0.2912789492878569
"{'center': [Decimal('-1.1959224087819857'), 6.604214478489193, 81.38937623067432], 'normal': [Decimal('-0.10631922814198633'), 0.6680128072624566, -0.7365155199047908], 'radius': 2.005752985177072}",0.35616667063598517,8716.78302,4.011505970354144,"{'center': [Decimal('150.91678091410546'), Decimal('170.13761043588272')], 'axes': [Decimal('20.808375690261204'), Decimal('30.562743248178297')], 'angle': -80.87035695573034}","[Decimal('150.91678091410546'), Decimal('170.13761043588272')]",30.562743248178297,"{'center': [0.07990832892185011, -1.411939208660285, 90.2275624695318], 'radius': 12.0}","{'center': [Decimal('160.54909123748385'), 110.2978393141787], 'axes': [Decimal('164.91634698681685'), Decimal('164.91634698681685')], 'angle': 90.0}",0.7930909233330952,120,8281.920388,2.3023314822039893,-1.7141603478315914,"[0.4716149403565796, Decimal('0.29109328985048866')]",pupil.1,1,3d c++,1581666757.231083,0.4716149403565796,0.29109328985048866
"{'center': [Decimal('-1.1075001521450007'), 6.610698974603257, 81.38294050590146], 'normal': [-0.09895070675557091, 0.6685531819386286, -0.7370518303025289], 'radius': 2.018111261850536}",0.42704266167766497,8716.79142,4.036222523701072,"{'center': [151.5881698560641, 170.1885460499939], 'axes': [Decimal('20.958318744457763'), Decimal('30.753522596722142')], 'angle': -81.50361792739675}","[151.5881698560641, 170.1885460499939]",30.753522596722142,"{'center': [0.07990832892185011, -1.411939208660285, 90.2275624695318], 'radius': 12.0}","{'center': [Decimal('160.54909123748385'), 110.2978393141787], 'axes': [Decimal('164.91634698681685'), Decimal('164.91634698681685')], 'angle': 90.0}",0.7930909233330952,120,8281.920388,2.303057882966585,-1.7042504028810015,"[Decimal('0.47371303080020033'), 0.2908810581250254]",pupil.1,1,3d c++,1581666757.2386482,0.47371303080020033,0.2908810581250254
"{'center': [-1.113680948831591, 6.617207179934826, 81.38968077160543], 'normal': [-0.09946577314612011, 0.669095532382926, -0.7364901414938649], 'radius': Decimal('2.0267123429004577')}",0.4740339192680416,8716.79982,4.053424685800915,"{'center': [151.5421054640585, 170.2325264052349], 'axes': [Decimal('21.025289853598235'), Decimal('30.882079460819067')], 'angle': -81.46678939917302}","[151.5421054640585, 170.2325264052349]",30.882079460819067,"{'center': [0.07990832892185011, -1.411939208660285, 90.2275624695318], 'radius': 12.0}","{'center': [Decimal('160.54909123748385'), 110.2978393141787], 'axes': [Decimal('164.91634698681685'), Decimal('164.91634698681685')], 'angle': 90.0}",0.7930909233330952,120,8281.920388,2.3037874169453203,-1.705037865912417,"[0.4735690795751828, Decimal('0.29069780664485456')]",pupil.1,1,3d c++,1581666757.251064,0.4735690795751828,0.29069780664485456
"{'center': [Decimal('-1.1232309659201818'), 6.534216423067858, 81.31627375725444], 'normal': [Decimal('-0.10026160790350268'), 0.6621796359773454, -0.7426073926897809], 'radius': 2.000321801047054}",0.5147876207678591,8716.80822,4.000643602094108,"{'center': [Decimal('151.46148558063464'), Decimal('169.64944656553757')], 'axes': [20.99219740144118, Decimal('30.507282266067936')], 'angle': -81.3085131542813}","[Decimal('151.46148558063464'), Decimal('169.64944656553757')]",30.507282266067936,"{'center': [0.07990832892185011, -1.411939208660285, 90.2275624695318], 'radius': 12.0}","{'center': [Decimal('160.54909123748385'), 110.2978393141787], 'axes': [Decimal('164.91634698681685'), Decimal('164.91634698681685')], 'angle': 90.0}",0.7930909233330952,120,8281.920388,2.2945200841400393,-1.704997763843441,"[Decimal('0.47331714243948325'), 0.2931273059769268]",pupil.1,1,3d c++,1581666757.259732,0.47331714243948325,0.2931273059769268
"{'center': [-1.039404938429354, 6.394271975031059, 81.1826630911449], 'normal': [-0.09327610561260034, 0.6505175986409454, -0.7537416148655751], 'radius': Decimal('2.1724156578108738')}",0.9930648694716693,8716.81662,4.3448313156217475,"{'center': [152.0907296561979, Decimal('168.63103770322994')], 'axes': [Decimal('23.277978545059284'), 33.18706853778377], 'angle': -81.76242541410339}","[152.0907296561979, Decimal('168.63103770322994')]",33.18706853778377,"{'center': [0.07990832892185011, -1.411939208660285, 90.2275624695318], 'radius': 12.0}","{'center': [Decimal('160.54909123748385'), 110.2978393141787], 'axes': [Decimal('164.91634698681685'), Decimal('164.91634698681685')], 'angle': 90.0}",0.7916708631921066,120,8281.920388,2.2790620718948733,-1.6939211222524908,"[0.4752835301756185, 0.2973706762365419]",pupil.1,1,3d c++,1581666757.270298,0.4752835301756185,0.2973706762365419
"{'center': [Decimal('-1.0237310665456667'), 6.461481231453416, 81.23916824931806], 'normal': [-0.09196994962229307, 0.656118370009475, -0.7490328516844789], 'radius': 2.146525337540441}",0.7625583440531051,8716.82502,4.293050675080882,"{'center': [152.2145351491149, 169.1149736929096], 'axes': [Decimal('22.800260034833528'), 32.76869702528867], 'angle': -81.94701556032366}","[152.2145351491149, 169.1149736929096]",32.76869702528867,"{'center': [0.07990832892185011, -1.411939208660285, 90.2275624695318], 'radius': 12.0}","{'center': [Decimal('160.54909123748385'), 110.2978393141787], 'axes': [Decimal('164.91634698681685'), Decimal('164.91634698681685')], 'angle': 90.0}",0.7914172367254446,120,8281.920388,2.2864599504211043,-1.692969742469535,"[0.4756704223409841, Decimal('0.29535427627954336')]",pupil.1,1,3d c++,1581666757.27432,0.4756704223409841,0.29535427627954336
"{'center': [Decimal('-1.1025145779090961'), 6.551624634851173, 81.32904984214747], 'normal': [-0.09853524223591219, 0.6636303202926215, -0.7415427189486946], 'radius': 2.050654547614085}",0.694013999561203,8716.83342,4.10130909522817,"{'center': [Decimal('151.62154669010653'), Decimal('169.76560810533707')], 'axes': [21.47776200825851, 31.27023188348325], 'angle': -81.47560005355919}","[Decimal('151.62154669010653'), Decimal('169.76560810533707')]",31.27023188348325,"{'center': [0.07990832892185011, -1.411939208660285, 90.2275624695318], 'radius': 12.0}","{'center': [Decimal('160.54909123748385'), 110.2978393141787], 'axes': [Decimal('164.91634698681685'), Decimal('164.91634698681685')], 'angle': 90.0}",0.7914172367254446,120,8281.920388,2.296457680263856,-1.7029011532923306,"[0.4738173334065829, 0.2926432995610956]",pupil.1,1,3d c++,1581666757.283447,0.4738173334065829,0.2926432995610956
"{'center': [Decimal('-1.0508522557497266'), 6.446488385281374, 81.2294239814372], 'normal': [-0.0942300487226314, 0.6548689661618049, -0.7498448740078839], 'radius': 2.109655939001775}",0.9325251208420218,8716.84182,4.21931187800355,"{'center': [Decimal('152.00634693152762'), Decimal('169.01323836621236')], 'axes': [22.44218796095933, 32.20953725697711], 'angle': -81.73471944913254}","[Decimal('152.00634693152762'), Decimal('169.01323836621236')]",32.20953725697711,"{'center': [0.07990832892185011, -1.411939208660285, 90.2275624695318], 'radius': 12.0}","{'center': [Decimal('160.54909123748385'), 110.2978393141787], 'axes': [Decimal('164.91634698681685'), Decimal('164.91634698681685')], 'angle': 90.0}",0.7911270760467826,120,8281.920388,2.2848055499911553,-1.695807077518751,"[0.4750198341610238, Decimal('0.29577817347411517')]",pupil.1,1,3d c++,1581666757.2924118,0.4750198341610238,0.29577817347411517
"{'center': [Decimal('-1.0541251450626383'), 6.45103933695954, 81.2338126136038], 'normal': [-0.09450278949870737, 0.6552482121349854, -0.7494791546606672], 'radius': 2.089740394400026}",0.9300894976636104,8716.85022,4.179480788800052,"{'center': [Decimal('151.98134639285811'), Decimal('169.04893134426894')], 'axes': [Decimal('22.215068927868096'), 31.90366653708097], 'angle': -81.71583627087148}","[Decimal('151.98134639285811'), Decimal('169.04893134426894')]",31.90366653708097,"{'center': [0.07990832892185011, -1.411939208660285, 90.2275624695318], 'radius': 12.0}","{'center': [Decimal('160.54909123748385'), 110.2978393141787], 'axes': [Decimal('164.91634698681685'), Decimal('164.91634698681685')], 'angle': 90.0}",0.7907220889628586,120,8281.920388,2.285307478240425,-1.6962256723762772,"[0.4749417074776816, Decimal('0.29562945273221275')]",pupil.1,1,3d c++,1581666757.29877,0.4749417074776816,0.29562945273221275
"{'center': [Decimal('-1.0677300951272315'), 6.459688605665094, 81.24310914167789], 'normal': [-0.09563653533742346, 0.6559689845271149, -0.7487044439878258], 'radius': Decimal('2.0984544905401297')}",0.9981119792069957,8716.85862,4.196908981080259,"{'center': [Decimal('151.87894383351977'), Decimal('169.10782363691607')], 'axes': [Decimal('22.275540891657993'), 32.03308833392713], 'angle': -81.62657951828267}","[Decimal('151.87894383351977'), Decimal('169.10782363691607')]",32.03308833392713,"{'center': [0.07990832892185011, -1.411939208660285, 90.2275624695318], 'radius': 12.0}","{'center': [Decimal('160.54909123748385'), 110.2978393141787], 'axes': [Decimal('164.91634698681685'), Decimal('164.91634698681685')], 'angle': 90.0}",0.7905930525362814,120,8281.920388,2.2862620162147764,-1.6978443478587297,"[0.4746216994797493, Decimal('0.29538406817951635')]",pupil.1,1,3d c++,1581666757.3061562,0.4746216994797493,0.29538406817951635
"{'center': [Decimal('-1.0900671915736073'), 6.459487528754531, 81.24581439919758], 'normal': [-0.0974979600412881, 0.6559522281179013, -0.7484790058611852], 'radius': 2.099418361258489}",0.998338969465535,8716.86702,4.198836722516978,"{'center': [151.7092965612998, Decimal('169.10456341796785')], 'axes': [Decimal('22.276322619909244'), 32.04674446660965], 'angle': -81.46482501407246}","[151.7092965612998, Decimal('169.10456341796785')]",32.04674446660965,"{'center': [0.07990832892185011, -1.411939208660285, 90.2275624695318], 'radius': 12.0}","{'center': [Decimal('160.54909123748385'), 110.2978393141787], 'axes': [Decimal('164.91634698681685'), Decimal('164.91634698681685')], 'angle': 90.0}",0.7908718649519697,120,8281.920388,2.2862398162712063,-1.700328426439589,"[Decimal('0.47409155175406187'), Decimal('0.29539765242513394')]",pupil.1,1,3d c++,1581666757.314774,0.47409155175406187,0.29539765242513394
"{'center': [-1.098212340382957, 6.461504513797904, 81.24864741047035], 'normal': [-0.09817672244206725, 0.6561203102048491, -0.7482429215884544], 'radius': 2.104712961453975}",0.9975628836573349,8716.87542,4.20942592290795,"{'center': [Decimal('151.64775174104665'), Decimal('169.11732313173155')], 'axes': [22.32267351883255, 32.12647213238745], 'angle': -81.4081773531174}","[Decimal('151.64775174104665'), Decimal('169.11732313173155')]",32.12647213238745,"{'center': [0.07990832892185011, -1.411939208660285, 90.2275624695318], 'radius': 12.0}","{'center': [Decimal('160.54909123748385'), 110.2978393141787], 'axes': [Decimal('164.91634698681685'), Decimal('164.91634698681685')], 'angle': 90.0}",0.7907421667805781,120,8281.920388,2.286462521383797,-1.7012607332038951,"[0.4738992241907708, 0.2953444869511185]",pupil.1,1,3d c++,1581666757.3224812,0.4738992241907708,0.2953444869511185
"{'center': [-1.096117281288218, 6.465206213764385, 81.25161996982159], 'normal': [-0.09800213418417235, 0.6564287852020558, -0.7479952083091848], 'radius': 2.094718872360621}",0.9976129554190616,8716.88382,4.189437744721242,"{'center': [Decimal('151.66371547896625'), Decimal('169.14556924934482')], 'axes': [22.20636288794763, 31.97271057037179], 'angle': -81.42738337052856}","[Decimal('151.66371547896625'), Decimal('169.14556924934482')]",31.97271057037179,"{'center': [0.07990832892185011, -1.411939208660285, 90.2275624695318], 'radius': 12.0}","{'center': [Decimal('160.54909123748385'), 110.2978393141787], 'axes': [Decimal('164.91634698681685'), Decimal('164.91634698681685')], 'angle': 90.0}",0.7906414623443991,120,8281.920388,2.286871356290139,-1.701073987959288,"[Decimal('0.47394911087176955'), 0.2952267947943966]",pupil.1,1,3d c++,1581666757.334903,0.47394911087176955,0.2952267947943966
"{'center': [Decimal('-1.1046379991772532'), 6.458459785869349, 81.2468236545181], 'normal': [-0.0987121940082586, 0.6558665828774695, -0.7483949012511426], 'radius': 2.110221704543291}",0.9972371067738685,8716.89222,4.220443409086582,"{'center': [151.5988381427099, Decimal('169.09421559863995')], 'axes': [Decimal('22.387447639177267'), 32.21130430637923], 'angle': -81.3583867544369}","[151.5988381427099, Decimal('169.09421559863995')]",32.21130430637923,"{'center': [0.07990832892185011, -1.411939208660285, 90.2275624695318], 'radius': 12.0}","{'center': [Decimal('160.54909123748385'), 110.2978393141787], 'axes': [Decimal('164.91634698681685'), Decimal('164.91634698681685')], 'angle': 90.0}",0.7904112966013233,120,8281.920388,2.286126354764519,-1.7019378624919876,"[0.4737463691959684, Decimal('0.29544076833900024')]",pupil.1,1,3d c++,1581666757.344066,0.4737463691959684,0.29544076833900024
"{'center': [Decimal('-1.1099079923467436'), 6.456104430623392, 81.24545656879947], 'normal': [-0.09915136010571614, 0.6556703032736397, -0.7485088250610276], 'radius': Decimal('2.1053129690233465')}",0.9976869591296141,8716.90062,4.210625938046693,"{'center': [Decimal('151.55847948433143'), 169.0779702664389], 'axes': [Decimal('22.340059515557936'), Decimal('32.136892757278794')], 'angle': -81.317689771228}","[Decimal('151.55847948433143'), 169.0779702664389]",32.136892757278794,"{'center': [0.07990832892185011, -1.411939208660285, 90.2275624695318], 'radius': 12.0}","{'center': [Decimal('160.54909123748385'), 110.2978393141787], 'axes': [Decimal('164.91634698681685'), Decimal('164.91634698681685')], 'angle': 90.0}",0.7905996613547184,120,8281.920388,2.2858663687206398,-1.7024947782636297,"[0.4736202483885357, 0.2955084572231712]",pupil.1,1,3d c++,1581666757.35096,0.4736202483885357,0.2955084572231712
"{'center': [Decimal('-1.1215309325744898'), 6.460315430532075, 81.25069494256843], 'normal': [Decimal('-0.10011993845802833'), 0.6560212199326967, -0.7480722939136144], 'radius': 2.125596939468361}",0.9979990549792411,8716.90902,4.251193878936722,"{'center': [Decimal('151.47113957257898'), Decimal('169.10331590031302')], 'axes': [22.53702614982998, 32.44452931059623], 'angle': -81.23844955885697}","[Decimal('151.47113957257898'), Decimal('169.10331590031302')]",32.44452931059623,"{'center': [0.07990832892185011, -1.411939208660285, 90.2275624695318], 'radius': 12.0}","{'center': [Decimal('160.54909123748385'), 110.2978393141787], 'axes': [Decimal('164.91634698681685'), Decimal('164.91634698681685')], 'angle': 90.0}",0.7905405897679962,120,8281.920388,2.286331223710488,-1.7038429407861104,"[0.4733473111643093, 0.2954028504153624]",pupil.1,1,3d c++,1581666757.358506,0.4733473111643093,0.2954028504153624
"{'center': [Decimal('-1.1067105823338093'), 6.453006280779352, 81.24232079178081], 'normal': [-0.09888490927130494, 0.6554121241199697, -0.748770139812583], 'radius': 2.117095091495067}",0.9976176936678404,8716.91742,4.234190182990134,"{'center': [Decimal('151.58281101532947'), Decimal('169.05407202070134')], 'axes': [Decimal('22.476113409673896'), Decimal('32.318039627450965')], 'angle': -81.33735308125225}","[Decimal('151.58281101532947'), Decimal('169.05407202070134')]",32.318039627450965,"{'center': [0.07990832892185011, -1.411939208660285, 90.2275624695318], 'radius': 12.0}","{'center': [Decimal('160.54909123748385'), 110.2978393141787], 'axes': [Decimal('164.91634698681685'), Decimal('164.91634698681685')], 'angle': 90.0}",0.7904138709644015,120,8281.920388,2.285524481751766,-1.7020996106608197,"[Decimal('0.47369628442290457'), Decimal('0.29560803324707774')]",pupil.1,1,3d c++,1581666757.369678,0.47369628442290457,0.29560803324707774
"{'center': [Decimal('-1.1334140058945292'), 6.439564386581615, 81.23413485789567], 'normal': [Decimal('-0.10111019456803161'), 0.6542919662701583, -0.7494523009696781], 'radius': Decimal('2.1233072333468463')}",0.9978950386740763,8716.92582,4.246614466693693,"{'center': [151.3790065850923, 168.9553776695988], 'axes': [Decimal('22.570635614784507'), 32.4161568302103], 'angle': -81.12909758490129}","[151.3790065850923, 168.9553776695988]",32.4161568302103,"{'center': [0.07990832892185011, -1.411939208660285, 90.2275624695318], 'radius': 12.0}","{'center': [Decimal('160.54909123748385'), 110.2978393141787], 'axes': [Decimal('164.91634698681685'), Decimal('164.91634698681685')], 'angle': 90.0}",0.7903772096674699,120,8281.920388,2.284042314824488,-1.7048987411910514,"[0.4730593955784134, 0.2960192597100051]",pupil.1,1,3d c++,1581666757.374309,0.4730593955784134,0.2960192597100051
"{'center': [Decimal('-1.1997406281772376'), Decimal('6.4130712077760474'), 81.22024819005549], 'normal': [Decimal('-0.10663741309159064'), 0.6520842013696944, -0.7506095232896938], 'radius': Decimal('2.1380439599846053')}",0.9989018830696408,8716.93422,4.276087919969211,"{'center': [Decimal('150.87333049010616'), Decimal('168.75905591001202')], 'axes': [22.776023105943, 32.6467782629332], 'angle': -80.61802980151256}","[Decimal('150.87333049010616'), Decimal('168.75905591001202')]",32.6467782629332,"{'center': [0.07990832892185011, -1.411939208660285, 90.2275624695318], 'radius': 12.0}","{'center': [Decimal('160.54909123748385'), 110.2978393141787], 'axes': [Decimal('164.91634698681685'), Decimal('164.91634698681685')], 'angle': 90.0}",0.791036465915107,120,8281.920388,2.2811265990720004,-1.711919700176248,"[0.4714791577815817, 0.2968372670416166]",pupil.1,1,3d c++,1581666757.381964,0.4714791577815817,0.2968372670416166
"{'center': [-1.231914773086961, 6.365292154735613, 81.183570404672], 'normal': [Decimal('-0.10931859183406759'), 0.6481026136163248, -0.7536660054049841], 'radius': Decimal('2.1341983337402004')}",0.9983034761625199,8716.94262,4.268396667480401,"{'center': [150.6243534659242, Decimal('168.41698517386217')], 'axes': [22.86410515199192, 32.60271995284964], 'angle': -80.3258606405655}","[150.6243534659242, Decimal('168.41698517386217')]",32.60271995284964,"{'center': [0.07990832892185011, -1.411939208660285, 90.2275624695318], 'radius': 12.0}","{'center': [Decimal('160.54909123748385'), 110.2978393141787], 'axes': [Decimal('164.91634698681685'), Decimal('164.91634698681685')], 'angle': 90.0}",0.7908856080192872,120,8281.920388,2.2758866441275702,-1.7148408579550882,"[0.4707011045810131, 0.2982625617755743]",pupil.1,1,3d c++,1581666757.395084,0.4707011045810131,0.2982625617755743
"{'center': [-1.236405876454631, 6.358721240333122, 81.17857616723398], 'normal': [-0.1096928504480401, 0.6475550374161173, -0.7540821918581521], 'radius': Decimal('2.1522618392912953')}",0.9986291544934043,8716.95102,4.304523678582591,"{'center': [Decimal('150.59016712255897'), Decimal('168.36647989250912')], 'axes': [23.07547877857665, 32.88076426649249], 'angle': -80.28494719737897}","[Decimal('150.59016712255897'), Decimal('168.36647989250912')]",32.88076426649249,"{'center': [0.07990832892185011, -1.411939208660285, 90.2275624695318], 'radius': 12.0}","{'center': [Decimal('160.54909123748385'), 110.2978393141787], 'axes': [Decimal('164.91634698681685'), Decimal('164.91634698681685')], 'angle': 90.0}",0.7910720096278911,120,8281.920388,2.2751678382118414,-1.71524851243968,"[Decimal('0.47059427225799677'), 0.2984730004478787]",pupil.1,1,3d c++,1581666757.398981,0.47059427225799677,0.2984730004478787
"{'center': [Decimal('-1.1990270500967584'), 6.371365923680204, 81.18408495735892], 'normal': [-0.1065779482515507, 0.6486087610283741, -0.7536231260144074], 'radius': Decimal('2.1311255553523476')}",0.9980888247451575,8716.95942,4.262251110704695,"{'center': [Decimal('150.87467122775473'), 168.4634902338581], 'axes': [Decimal('22.829527530570104'), 32.55555567635344], 'angle': -80.57259496586548}","[Decimal('150.87467122775473'), 168.4634902338581]",32.55555567635344,"{'center': [0.07990832892185011, -1.411939208660285, 90.2275624695318], 'radius': 12.0}","{'center': [Decimal('160.54909123748385'), 110.2978393141787], 'axes': [Decimal('164.91634698681685'), Decimal('164.91634698681685')], 'angle': 90.0}",0.7911261072923281,120,8281.920388,2.276551457553888,-1.7112854349177877,"[Decimal('0.47148334758673355'), 0.2980687906922579]",pupil.1,1,3d c++,1581666757.40674,0.47148334758673355,0.2980687906922579
"{'center': [Decimal('-1.1962117282145142'), 6.346191770279402, 81.1620828179419], 'normal': [Decimal('-0.10634333809469701'), 0.6465109149116406, -0.755456637632492], 'radius': Decimal('2.1367245445199017')}",0.9979876043210979,8716.96782,4.273449089039803,"{'center': [150.8939097400962, Decimal('168.28326921800263')], 'axes': [Decimal('22.967274747325153'), 32.64993280710384], 'angle': -80.56234094568782}","[150.8939097400962, Decimal('168.28326921800263')]",32.64993280710384,"{'center': [0.07990832892185011, -1.411939208660285, 90.2275624695318], 'radius': 12.0}","{'center': [Decimal('160.54909123748385'), 110.2978393141787], 'axes': [Decimal('164.91634698681685'), Decimal('164.91634698681685')], 'angle': 90.0}",0.7907265528721896,120,8281.920388,2.273798428669217,-1.7106444104195082,"[Decimal('0.47154346793780066'), Decimal('0.29881971159165566')]",pupil.1,1,3d c++,1581666757.418827,0.47154346793780066,0.29881971159165566
"{'center': [Decimal('-1.1939647044970838'), 6.337436193103953, 81.1542814545263], 'normal': [-0.1061560861182445, 0.6457812834803531, -0.7561067512504591], 'radius': 2.14861217956939}",0.9976133933230651,8716.97622,4.29722435913878,"{'center': [Decimal('150.91053898943701'), 168.2188238574434], 'axes': [23.12286898202243, Decimal('32.834780391201065')], 'angle': -80.56802519825511}","[Decimal('150.91053898943701'), 168.2188238574434]",32.834780391201065,"{'center': [0.07990832892185011, -1.411939208660285, 90.2275624695318], 'radius': 12.0}","{'center': [Decimal('160.54909123748385'), 110.2978393141787], 'axes': [Decimal('164.91634698681685'), Decimal('164.91634698681685')], 'angle': 90.0}",0.7902431076990069,120,8281.920388,2.272842429743767,-1.7102828690440726,"[0.4715954343419907, 0.2990882339273192]",pupil.1,1,3d c++,1581666757.4281445,0.4715954343419907,0.2990882339273192
"{'center': [Decimal('-1.1938991139830855'), 6.334277717348832, 81.1515755847016], 'normal': [Decimal('-0.10615062024207796'), 0.6455180771674264, -0.7563322404025169], 'radius': Decimal('2.1386708235401297')}",0.9986497201221475,8716.98462,4.277341647080259,"{'center': [150.910451878651, Decimal('168.19812526691433')], 'axes': [Decimal('23.025393861769473'), 32.68389897921875], 'angle': -80.56463223750679}","[150.910451878651, Decimal('168.19812526691433')]",32.68389897921875,"{'center': [0.07990832892185011, -1.411939208660285, 90.2275624695318], 'radius': 12.0}","{'center': [Decimal('160.54909123748385'), 110.2978393141787], 'axes': [Decimal('164.91634698681685'), Decimal('164.91634698681685')], 'angle': 90.0}",0.790172500725761,120,8281.920388,2.2724977536210216,-1.7102347330858207,"[0.4715951621207844, 0.2991744780545236]",pupil.1,1,3d c++,1581666757.434079,0.4715951621207844,0.2991744780545236
"{'center': [-1.18679220231154, 6.322102193873632, 81.14020458354183], 'normal': [Decimal('-0.10555837760278251'), 0.6445034502111597, -0.7572798238324983], 'radius': Decimal('2.1533681325311376')}",0.9980811082113674,8716.99302,4.306736265062275,"{'center': [Decimal('150.96380006804466'), 168.1091082981861], 'axes': [Decimal('23.224286283089544'), 32.91317175801153], 'angle': -80.60172674122319}","[Decimal('150.96380006804466'), 168.1091082981861]",32.91317175801153,"{'center': [0.07990832892185011, -1.411939208660285, 90.2275624695318], 'radius': 12.0}","{'center': [Decimal('160.54909123748385'), 110.2978393141787], 'axes': [Decimal('164.91634698681685'), Decimal('164.91634698681685')], 'angle': 90.0}",0.7902542788693068,120,8281.920388,2.271170009057258,-1.7092954249296763,"[Decimal('0.47176187521263957'), 0.2995453820908912]",pupil.1,1,3d c++,1581666757.442323,0.47176187521263957,0.2995453820908912
"{'center': [Decimal('-1.2039316507599467'), 6.323822911345525, 81.14407529063108], 'normal': [Decimal('-0.10698666497348307'), 0.6446468433338175, -0.7569572649083937], 'radius': Decimal('2.1582740399260736')}",0.9978015283947143,8717.00142,4.316548079852147,"{'center': [150.8338354047778, 168.1191274521214], 'axes': [23.26330999320739, 32.98661229591421], 'angle': -80.47834936154725}","[150.8338354047778, 168.1191274521214]",32.98661229591421,"{'center': [0.07990832892185011, -1.411939208660285, 90.2275624695318], 'radius': 12.0}","{'center': [Decimal('160.54909123748385'), 110.2978393141787], 'axes': [Decimal('164.91634698681685'), Decimal('164.91634698681685')], 'angle': 90.0}",0.7898599509467363,120,8281.920388,2.2713575635909447,-1.7112040973601248,"[0.4713557356399306, 0.2995036356161608]",pupil.1,1,3d c++,1581666757.4503071,0.4713557356399306,0.2995036356161608
"{'center': [Decimal('-1.1936195976019006'), 6.329169386374578, 81.14717897871813], 'normal': [Decimal('-0.10612732721031255'), 0.6450923829195719, -0.7566986242344726], 'radius': Decimal('2.1619902180797532')}",0.9977717993978086,8717.009819,4.3239804361595064,"{'center': [Decimal('150.91280927203476'), Decimal('168.15740649742872')], 'axes': [23.2923384307927, 33.04216589618502], 'angle': -80.5604056919689}","[Decimal('150.91280927203476'), Decimal('168.15740649742872')]",33.04216589618502,"{'center': [0.07990832892185011, -1.411939208660285, 90.2275624695318], 'radius': 12.0}","{'center': [Decimal('160.54909123748385'), 110.2978393141787], 'axes': [Decimal('164.91634698681685'), Decimal('164.91634698681685')], 'angle': 90.0}",0.78956740404037,120,8281.920388,2.2719405073537704,-1.7101379013912579,"[0.4716025289751086, Decimal('0.29934413959404693')]",pupil.1,1,3d c++,1581666757.4593432,0.4716025289751086,0.29934413959404693
"{'center': [Decimal('-1.1803199131796553'), 6.314308394554518, 81.13267804191936], 'normal': [Decimal('-0.10501902017512545'), 0.643853966934567, -0.75790703563437], 'radius': Decimal('2.1450128959357215')}",0.9982003596857163,8717.018219,4.290025791871443,"{'center': [Decimal('151.01204726178952'), Decimal('168.05552346214972')], 'axes': [Decimal('23.160885050823005'), 32.78845881277645], 'angle': -80.63964479225064}","[Decimal('151.01204726178952'), Decimal('168.05552346214972')]",32.78845881277645,"{'center': [0.07990832892185011, -1.411939208660285, 90.2275624695318], 'radius': 12.0}","{'center': [Decimal('160.54909123748385'), 110.2978393141787], 'axes': [Decimal('164.91634698681685'), Decimal('164.91634698681685')], 'angle': 90.0}",0.789635170288483,120,8281.920388,2.2703208725012107,-1.7084841004831457,"[Decimal('0.47191264769309227'), 0.2997686522410429]",pupil.1,1,3d c++,1581666757.4662788,0.47191264769309227,0.2997686522410429
"{'center': [Decimal('-1.1930384248229287'), 6.321808633744213, 81.14082758442404], 'normal': [Decimal('-0.10607889614539823'), 0.6444789868670415, -0.7572279070923137], 'radius': 2.175410049044933}",0.998572207746507,8717.026619,4.350820098089866,"{'center': [Decimal('150.91696232310647'), 168.1024331560415], 'axes': [Decimal('23.459879070006423'), 33.2499206814222], 'angle': -80.55561342561624}","[Decimal('150.91696232310647'), 168.1024331560415]",33.2499206814222,"{'center': [0.07990832892185011, -1.411939208660285, 90.2275624695318], 'radius': 12.0}","{'center': [Decimal('160.54909123748385'), 110.2978393141787], 'axes': [Decimal('164.91634698681685'), Decimal('164.91634698681685')], 'angle': 90.0}",0.7897281941460665,120,8281.920388,2.2711380145903197,-1.7099790329168856,"[Decimal('0.47161550725970774'), 0.2995731951831604]",pupil.1,1,3d c++,1581666757.4739962,0.47161550725970774,0.2995731951831604
"{'center': [Decimal('-1.1860407313251755'), 6.3248893592789, 81.14247266880997], 'normal': [Decimal('-0.10549575502058547'), 0.644735713994932, -0.757090816726819], 'radius': 2.166200059575427}",0.9975230777355848,8717.035019,4.332400119150854,"{'center': [Decimal('150.97014875475728'), Decimal('168.12668207357058')], 'axes': [Decimal('23.354634585053823'), Decimal('33.108438400486264')], 'angle': -80.61063937874567}","[Decimal('150.97014875475728'), Decimal('168.12668207357058')]",33.108438400486264,"{'center': [0.07990832892185011, -1.411939208660285, 90.2275624695318], 'radius': 12.0}","{'center': [Decimal('160.54909123748385'), 110.2978393141787], 'axes': [Decimal('164.91634698681685'), Decimal('164.91634698681685')], 'angle': 90.0}",0.7895925198054599,120,8281.920388,2.2714738190306463,-1.709248422101121,"[0.4717817148586165, 0.2994721580267893]",pupil.1,1,3d c++,1581666757.482038,0.4717817148586165,0.2994721580267893
"{'center': [Decimal('-1.1997198681523835'), 6.319776648801711, 81.14003686699712], 'normal': [Decimal('-0.10663568308951947'), 0.6443096547884997, -0.7572938002112232], 'radius': Decimal('2.1746666091457567')}",0.9986560030423804,8717.043419,4.349333218291513,"{'center': [150.8659738494211, Decimal('168.08754205543744')], 'axes': [Decimal('23.454667935541377'), Decimal('33.238877762206265')], 'angle': -80.50417424251168}","[150.8659738494211, Decimal('168.08754205543744')]",33.238877762206265,"{'center': [0.07990832892185011, -1.411939208660285, 90.2275624695318], 'radius': 12.0}","{'center': [Decimal('160.54909123748385'), 110.2978393141787], 'axes': [Decimal('164.91634698681685'), Decimal('164.91634698681685')], 'angle': 90.0}",0.7896675447246704,120,8281.920388,2.270916576710849,-1.7106880890342906,"[0.4714561682794409, 0.2996352414356773]",pupil.1,1,3d c++,1581666757.489609,0.4714561682794409,0.2996352414356773
"{'center': [Decimal('-1.1873597064815073'), 6.30453797886291, 81.1253642987118], 'normal': [Decimal('-0.10560566961694645'), 0.6430397656269329, -0.7585165142350004], 'radius': 2.158590619235053}",0.9978870388143509,8717.051819,4.317181238470106,"{'center': [Decimal('150.95805552512226'), Decimal('167.98270859853739')], 'axes': [Decimal('23.333690773728193'), Decimal('32.999034706574875')], 'angle': -80.57601304421375}","[Decimal('150.95805552512226'), Decimal('167.98270859853739')]",32.999034706574875,"{'center': [0.07990832892185011, -1.411939208660285, 90.2275624695318], 'radius': 12.0}","{'center': [Decimal('160.54909123748385'), 110.2978393141787], 'axes': [Decimal('164.91634698681685'), Decimal('164.91634698681685')], 'angle': 90.0}",0.7894012333850453,120,8281.920388,2.2692572392721604,-1.7091336477271768,"[0.4717439235160071, 0.3000720475060942]",pupil.1,1,3d c++,1581666757.502429,0.4717439235160071,0.3000720475060942
"{'center': [Decimal('-1.1825740296739196'), 6.328096684918278, 81.14472245881103], 'normal': [Decimal('-0.10520686321631413'), 0.6450029911315469, -0.7569033342267304], 'radius': Decimal('2.1947429274710686')}",0.9981447660255895,8717.060219,4.389485854942137,"{'center': [Decimal('150.99764796404926'), Decimal('168.14450527098262')], 'axes': [23.65440249431952, 33.54389877631726], 'angle': -80.63993604127067}","[Decimal('150.99764796404926'), Decimal('168.14450527098262')]",33.54389877631726,"{'center': [0.07990832892185011, -1.411939208660285, 90.2275624695318], 'radius': 12.0}","{'center': [Decimal('160.54909123748385'), 110.2978393141787], 'axes': [Decimal('164.91634698681685'), Decimal('164.91634698681685')], 'angle': 90.0}",0.7893186964883836,120,8281.920388,2.27182352418698,-1.708907857262932,"[Decimal('0.47186764988765395'), Decimal('0.29939789470423905')]",pupil.1,1,3d c++,1581666757.5102668,0.47186764988765395,0.29939789470423905
"{'center': [-1.156513701139963, 6.31234864129841, 81.12774720906864], 'normal': [Decimal('-0.10303516917181776'), 0.6436906541632246, -0.7583179383719304], 'radius': Decimal('2.1917851409953144')}",0.9984035775811517,8717.068619,4.383570281990629,"{'center': [151.194238711047, Decimal('168.03466931154676')], 'axes': [Decimal('23.684243496213156'), 33.50566124478118], 'angle': -80.81199705406776}","[151.194238711047, Decimal('168.03466931154676')]",33.50566124478118,"{'center': [0.07990832892185011, -1.411939208660285, 90.2275624695318], 'radius': 12.0}","{'center': [Decimal('160.54909123748385'), 110.2978393141787], 'axes': [Decimal('164.91634698681685'), Decimal('164.91634698681685')], 'angle': 90.0}",0.7891858734667356,120,8281.920388,2.2701074523201585,-1.7058426351489064,"[0.4724819959720219, 0.2998555445352218]",pupil.1,1,3d c++,1581666757.5191061,0.4724819959720219,0.2998555445352218
"{'center': [-1.180568443958242, 6.31768188848948, 81.13557940754103], 'normal': [-0.105039731073341, 0.644135091429147, -0.7576652551658976], 'radius': 2.177967273373244}",0.9976968531391233,8717.077019,4.355934546746488,"{'center': [Decimal('151.01144665033723'), Decimal('168.07347850415334')], 'axes': [Decimal('23.506463203291123'), 33.29116307130577], 'angle': -80.64193624312475}","[Decimal('151.01144665033723'), Decimal('168.07347850415334')]",33.29116307130577,"{'center': [0.07990832892185011, -1.411939208660285, 90.2275624695318], 'radius': 12.0}","{'center': [Decimal('160.54909123748385'), 110.2978393141787], 'axes': [Decimal('164.91634698681685'), Decimal('164.91634698681685')], 'angle': 90.0}",0.7887157578507886,120,8281.920388,2.2706883410509198,-1.7085543046851284,"[Decimal('0.47191077078230387'), 0.2996938395660277]",pupil.1,1,3d c++,1581666757.5267,0.47191077078230387,0.2996938395660277
"{'center': [Decimal('-1.1521379234450664'), 6.306891681143756, 81.1225247580978], 'normal': [Decimal('-0.10267052103057638'), 0.6432359074836701, -0.7587531426195012], 'radius': Decimal('2.2040025021649976')}",0.9977672683580812,8717.085419,4.408005004329995,"{'center': [Decimal('151.22739030600596'), Decimal('167.99373246852699')], 'axes': [23.83543565224169, 33.69464670795642], 'angle': -80.83761052168512}","[Decimal('151.22739030600596'), Decimal('167.99373246852699')]",33.69464670795642,"{'center': [0.07990832892185011, -1.411939208660285, 90.2275624695318], 'radius': 12.0}","{'center': [Decimal('160.54909123748385'), 110.2978393141787], 'axes': [Decimal('164.91634698681685'), Decimal('164.91634698681685')], 'angle': 90.0}",0.7884360390633227,120,8281.920388,2.269513382592967,-1.7052941960177683,"[0.4725855947062686, Decimal('0.30002611471447094')]",pupil.1,1,3d c++,1581666757.533836,0.4725855947062686,0.30002611471447094
"{'center': [Decimal('-1.2005888115330026'), 6.321359692227936, 81.14150638436438], 'normal': [Decimal('-0.10670809503790439'), 0.6444415750740183, -0.7571713404306188], 'radius': 2.20459609752152}",0.9989599960479851,8717.093819,4.40919219504304,"{'center': [Decimal('150.86043438623352'), Decimal('168.09315552896226')], 'axes': [23.77230394485495, Decimal('33.695872612526145')], 'angle': -80.4997674210365}","[Decimal('150.86043438623352'), Decimal('168.09315552896226')]",33.695872612526145,"{'center': [0.07990832892185011, -1.411939208660285, 90.2275624695318], 'radius': 12.0}","{'center': [Decimal('160.54909123748385'), 110.2978393141787], 'axes': [Decimal('164.91634698681685'), Decimal('164.91634698681685')], 'angle': 90.0}",0.7883831608940128,120,8281.920388,2.2710890871195084,-1.7108041937156042,"[0.4714388574569798, Decimal('0.29961185196265727')]",pupil.1,1,3d c++,1581666757.543961,0.4714388574569798,0.29961185196265727
"{'center': [-1.176462129587758, 6.300285021074807, 81.1202505334405], 'normal': [-0.104697538209134, 0.6426853524779244, -0.7589426613409428], 'radius': 2.224823508224541}",0.9984880556305028,8717.102219,4.449647016449082,"{'center': [Decimal('151.04253011900204'), Decimal('167.94073341113054')], 'axes': [Decimal('24.069005243226474'), Decimal('34.014011112076794')], 'angle': -80.65084351785673}","[Decimal('151.04253011900204'), Decimal('167.94073341113054')]",34.014011112076794,"{'center': [0.07990832892185011, -1.411939208660285, 90.2275624695318], 'radius': 12.0}","{'center': [Decimal('160.54909123748385'), 110.2978393141787], 'axes': [Decimal('164.91634698681685'), Decimal('164.91634698681685')], 'angle': 90.0}",0.7884629170385682,120,8281.920388,2.268794547761782,-1.7078829202285482,"[Decimal('0.47200790662188136'), 0.3002469441202894]",pupil.1,1,3d c++,1581666757.5505278,0.47200790662188136,0.3002469441202894
"{'center': [Decimal('-1.1793771238210426'), 6.288444912910731, 81.11063949471365], 'normal': [Decimal('-0.10494045439524106'), 0.6416986767975846, -0.7597435812348462], 'radius': Decimal('2.1949536660290727')}",0.9981988285622263,8717.110619,4.389907332058145,"{'center': [Decimal('151.01840091010723'), Decimal('167.86158450756062')], 'axes': [Decimal('23.780604721248885'), 33.56116911859646], 'angle': -80.61490956717704}","[Decimal('151.01840091010723'), Decimal('167.86158450756062')]",33.56116911859646,"{'center': [0.07990832892185011, -1.411939208660285, 90.2275624695318], 'radius': 12.0}","{'center': [Decimal('160.54909123748385'), 110.2978393141787], 'axes': [Decimal('164.91634698681685'), Decimal('164.91634698681685')], 'angle': 90.0}",0.7882792193220634,120,8281.920388,2.2675073729442317,-1.7080539669038888,"[0.4719325028440851, 0.3005767312184974]",pupil.1,1,3d c++,1581666757.558469,0.4719325028440851,0.3005767312184974
"{'center': [-1.170691586238174, 6.280792609898051, 81.10298702626093], 'normal': [Decimal('-0.10421665959666868'), 0.6410609848798613, -0.7603812869392397], 'radius': Decimal('2.2085073811325238')}",0.997258673557375,8717.119019,4.4170147622650475,"{'center': [Decimal('151.08417291139665'), 167.8050058477202], 'axes': [Decimal('23.955604761145075'), 33.77164645213353], 'angle': -80.66949696918796}","[Decimal('151.08417291139665'), 167.8050058477202]",33.77164645213353,"{'center': [0.07990832892185011, -1.411939208660285, 90.2275624695318], 'radius': 12.0}","{'center': [Decimal('160.54909123748385'), 110.2978393141787], 'axes': [Decimal('164.91634698681685'), Decimal('164.91634698681685')], 'angle': 90.0}",0.7882241166498161,120,8281.920388,2.266676204494393,-1.7070060795334365,"[0.4721380403481145, 0.3008124756344992]",pupil.1,1,3d c++,1581666757.568019,0.4721380403481145,0.3008124756344992
"{'center': [Decimal('-1.1692587351621837'), 6.290995800269463, 81.11140242847219], 'normal': [Decimal('-0.10409725534033615'), 0.6419112507441457, -0.759680003421635], 'radius': 2.195968727873591}",0.9922928588453233,8717.127419,4.391937455747182,"{'center': [Decimal('151.09558817192607'), Decimal('167.88039806618647')], 'axes': [23.78888514346361, 33.57637844173429], 'angle': -80.69249560152362}","[Decimal('151.09558817192607'), Decimal('167.88039806618647')]",33.57637844173429,"{'center': [0.07990832892185011, -1.411939208660285, 90.2275624695318], 'radius': 12.0}","{'center': [Decimal('160.54909123748385'), 110.2978393141787], 'axes': [Decimal('164.91634698681685'), Decimal('164.91634698681685')], 'angle': 90.0}",0.7879185899693608,120,8281.920388,2.2677845705507886,-1.7069759903523256,"[Decimal('0.47217371303726896'), 0.3004983413908897]",pupil.1,1,3d c++,1581666757.574719,0.47217371303726896,0.3004983413908897
"{'center': [Decimal('-1.1982134139285934'), 6.30367530610029, 81.12615063014837], 'normal': [Decimal('-0.10651014523753695'), 0.6429678762300479, -0.7584509866152859], 'radius': 2.233236640960432}",0.9981225381969835,8717.135819,4.466473281920864,"{'center': [Decimal('150.87776939824838'), Decimal('167.96164629467097')], 'axes': [24.13813374419022, Decimal('34.140204024225355')], 'angle': -80.49527334856819}","[Decimal('150.87776939824838'), Decimal('167.96164629467097')]",34.140204024225355,"{'center': [0.07990832892185011, -1.411939208660285, 90.2275624695318], 'radius': 12.0}","{'center': [Decimal('160.54909123748385'), 110.2978393141787], 'axes': [Decimal('164.91634698681685'), Decimal('164.91634698681685')], 'angle': 90.0}",0.7880018946541001,120,8281.920388,2.2691633720923394,-1.7103151063784454,"[0.4714930293695262, 0.3001598071055376]",pupil.1,1,3d c++,1581666757.586293,0.4714930293695262,0.3001598071055376
"{'center': [Decimal('-1.1580178527218692'), 6.298372844258269, 81.11610666843065], 'normal': [-0.1031605151369766, 0.6425260044098795, -0.7592879834250962], 'radius': Decimal('2.2146594297290534')}",0.9990034467840204,8717.144219,4.429318859458107,"{'center': [Decimal('151.18226376300473'), 167.9304220328931], 'axes': [Decimal('23.974280368287783'), 33.86029083946366], 'angle': -80.784143194416}","[Decimal('151.18226376300473'), 167.9304220328931]",33.86029083946366,"{'center': [0.07990832892185011, -1.411939208660285, 90.2275624695318], 'radius': 12.0}","{'center': [Decimal('160.54909123748385'), 110.2978393141787], 'axes': [Decimal('164.91634698681685'), Decimal('164.91634698681685')], 'angle': 90.0}",0.7882497851002701,120,8281.920388,2.2685865750661542,-1.705834284924492,"[0.4724445742593898, Decimal('0.30028990819627877')]",pupil.1,1,3d c++,1581666757.594499,0.4724445742593898,0.30028990819627877
"{'center': [Decimal('-1.1820428410431851'), 6.28947605354898, 81.11187915978293], 'normal': [Decimal('-0.10516259749708626'), 0.6417846051841054, -0.7596402758124058], 'radius': Decimal('2.2400124522377722')}",0.9979028826974048,8717.152619,4.4800249044755445,"{'center': [Decimal('150.99961517087922'), Decimal('167.86017733944658')], 'axes': [24.26447607983869, 34.24982339125053], 'angle': -80.59655904410374}","[Decimal('150.99961517087922'), Decimal('167.86017733944658')]",34.24982339125053,"{'center': [0.07990832892185011, -1.411939208660285, 90.2275624695318], 'radius': 12.0}","{'center': [Decimal('160.54909123748385'), 110.2978393141787], 'axes': [Decimal('164.91634698681685'), Decimal('164.91634698681685')], 'angle': 90.0}",0.7882640100745686,120,8281.920388,2.2676194162940826,-1.7083593436326274,"[0.4718737974089976, 0.3005825944189726]",pupil.1,1,3d c++,1581666757.6027038,0.4718737974089976,0.3005825944189726
"{'center': [Decimal('-1.1791882161407006'), 6.27737563358134, 81.10127553852344], 'normal': [-0.1049247120885459, 0.6407762368534687, -0.7605239109173643], 'radius': Decimal('2.2368922669088436')}",0.9976697525393059,8717.161019,4.473784533817687,"{'center': [Decimal('151.02014307727381'), Decimal('167.77451867130304')], 'axes': [24.26999351004085, 34.20655597660491], 'angle': -80.60268964999541}","[Decimal('151.02014307727381'), Decimal('167.77451867130304')]",34.20655597660491,"{'center': [0.07990832892185011, -1.411939208660285, 90.2275624695318], 'radius': 12.0}","{'center': [Decimal('160.54909123748385'), 110.2978393141787], 'axes': [Decimal('164.91634698681685'), Decimal('164.91634698681685')], 'angle': 90.0}",0.7881791815600336,120,8281.920388,2.26630524989372,-1.7078945816547761,"[0.4719379471164807, 0.3009395055362373]",pupil.1,1,3d c++,1581666757.6101608,0.4719379471164807,0.3009395055362373
"{'center': [Decimal('-1.1487407920068373'), 6.23155241216504, 81.05873172728259], 'normal': [Decimal('-0.10238742674405729'), 0.636957635068777, -0.7640692285207676], 'radius': 2.240495825795925}",0.9979900943713206,8717.169419,4.48099165159185,"{'center': [Decimal('151.24781330807343'), 167.4483015088381], 'axes': [Decimal('24.467484332594847'), 34.27959394881886], 'angle': -80.77178636402856}","[Decimal('151.24781330807343'), 167.4483015088381]",34.27959394881886,"{'center': [0.07990832892185011, -1.411939208660285, 90.2275624695318], 'radius': 12.0}","{'center': [Decimal('160.54909123748385'), 110.2978393141787], 'axes': [Decimal('164.91634698681685'), Decimal('164.91634698681685')], 'angle': 90.0}",0.7880792330858033,120,8281.920388,2.261341610000866,-1.7040055880323524,"[Decimal('0.47264941658772947'), Decimal('0.30229874371317456')]",pupil.1,1,3d c++,1581666757.617727,0.47264941658772947,0.30229874371317456
"{'center': [Decimal('-1.1574712469209272'), 6.168293438544608, 81.00753184054058], 'normal': [Decimal('-0.10311496465356476'), 0.6316860539337411, -0.7683358857492684], 'radius': Decimal('2.2337157359053417')}",0.998855740467727,8717.177819,4.467431471810683,"{'center': [Decimal('151.17576691081183'), Decimal('166.99554986044166')], 'axes': [Decimal('24.583548612867467'), 34.19735019154604], 'angle': -80.62884316330221}","[Decimal('151.17576691081183'), Decimal('166.99554986044166')]",34.19735019154604,"{'center': [0.07990832892185011, -1.411939208660285, 90.2275624695318], 'radius': 12.0}","{'center': [Decimal('160.54909123748385'), 110.2978393141787], 'axes': [Decimal('164.91634698681685'), Decimal('164.91634698681685')], 'angle': 90.0}",0.7881232356574452,120,8281.920388,2.2545225402228866,-1.7042047737626578,"[Decimal('0.47242427159628697'), 0.3041852089148265]",pupil.1,1,3d c++,1581666757.626045,0.47242427159628697,0.3041852089148265
"{'center': [Decimal('-1.1898298416060789'), 6.128278927307927, 80.97916393571415], 'normal': [Decimal('-0.10581151421066075'), 0.6283515113306843, -0.7706998778181374], 'radius': 2.2206374002754}",0.9966640637161114,8717.186219,4.4412748005508,"{'center': [Decimal('150.92556708665768'), Decimal('166.70836304471084')], 'axes': [24.54428967659847, 34.00893535464728], 'angle': -80.33560921776329}","[Decimal('150.92556708665768'), Decimal('166.70836304471084')]",34.00893535464728,"{'center': [0.07990832892185011, -1.411939208660285, 90.2275624695318], 'radius': 12.0}","{'center': [Decimal('160.54909123748385'), 110.2978393141787], 'axes': [Decimal('164.91634698681685'), Decimal('164.91634698681685')], 'angle': 90.0}",0.7878201597467549,120,8281.920388,2.250228648192309,-1.7072360901157095,"[Decimal('0.47164239714580525'), 0.3053818206470382]",pupil.1,1,3d c++,1581666757.633588,0.47164239714580525,0.3053818206470382
"{'center': [-1.181954443237882, 6.14500359089984, 80.99174534983884], 'normal': [-0.105155231013311, 0.6297452332966771, -0.7696514266410808], 'radius': 2.220063036405097}",0.9976736805104832,8717.194619,4.440126072810194,"{'center': [Decimal('150.98696080617475'), 166.8291793677548], 'axes': [24.49143467438004, 33.99487237117047], 'angle': -80.41615361249436}","[Decimal('150.98696080617475'), 166.8291793677548]",33.99487237117047,"{'center': [0.07990832892185011, -1.411939208660285, 90.2275624695318], 'radius': 12.0}","{'center': [Decimal('160.54909123748385'), 110.2978393141787], 'axes': [Decimal('164.91634698681685'), Decimal('164.91634698681685')], 'angle': 90.0}",0.7878107362343401,120,8281.920388,2.2520215259797802,-1.7065826710419705,"[0.4718342525192961, Decimal('0.30487841930102166')]",pupil.1,1,3d c++,1581666757.642038,0.4718342525192961,0.30487841930102166
"{'center': [Decimal('-1.1747160113730335'), 6.150750704962799, 80.99546416875947], 'normal': [Decimal('-0.10455202835790697'), 0.6302241594685903, -0.7693415250643607], 'radius': Decimal('2.2385698402476635')}",0.9942991777721246,8717.203019,4.477139680495327,"{'center': [Decimal('151.04314535648456'), Decimal('166.86743895866013')], 'axes': [Decimal('24.681898013750875'), Decimal('34.276777923154434')], 'angle': -80.47770308122159}","[Decimal('151.04314535648456'), Decimal('166.86743895866013')]",34.276777923154434,"{'center': [0.07990832892185011, -1.411939208660285, 90.2275624695318], 'radius': 12.0}","{'center': [Decimal('160.54909123748385'), 110.2978393141787], 'axes': [Decimal('164.91634698681685'), Decimal('164.91634698681685')], 'angle': 90.0}",0.7874159004680692,120,8281.920388,2.2526382160908005,-1.7058669450538348,"[Decimal('0.47200982923901424'), 0.3047190043389161]",pupil.1,1,3d c++,1581666757.6505198,0.47200982923901424,0.3047190043389161
"{'center': [Decimal('-1.1818259637701531'), 6.13776233879954, 80.98580759727254], 'normal': [Decimal('-0.10514452439100028'), 0.6291417956216521, -0.7701462393549382], 'radius': Decimal('2.2255322335129204')}",0.9973210776318886,8717.211419,4.451064467025841,"{'center': [Decimal('150.98748438660823'), Decimal('166.77614594497348')], 'axes': [Decimal('24.573826497321996'), Decimal('34.081135282332475')], 'angle': -80.40786059507691}","[Decimal('150.98748438660823'), Decimal('166.77614594497348')]",34.081135282332475,"{'center': [0.07990832892185011, -1.411939208660285, 90.2275624695318], 'radius': 12.0}","{'center': [Decimal('160.54909123748385'), 110.2978393141787], 'axes': [Decimal('164.91634698681685'), Decimal('164.91634698681685')], 'angle': 90.0}",0.7874012733824154,120,8281.920388,2.251244947074341,-1.7064828491681283,"[Decimal('0.47183588870815074'), 0.3050993918959438]",pupil.1,1,3d c++,1581666757.658405,0.47183588870815074,0.3050993918959438
"{'center': [Decimal('-1.1557066276589776'), 6.111804750600855, 80.96114285273508], 'normal': [-0.1029679130484023, 0.6269786632717617, -0.7722016347330608], 'radius': 2.216172552091123}",0.9984907786009193,8717.219819,4.432345104182246,"{'center': [151.1838763921097, Decimal('166.59334189921873')], 'axes': [Decimal('24.561696911160883'), Decimal('33.948059444239675')], 'angle': -80.57124427847529}","[151.1838763921097, Decimal('166.59334189921873')]",33.948059444239675,"{'center': [0.07990832892185011, -1.411939208660285, 90.2275624695318], 'radius': 12.0}","{'center': [Decimal('160.54909123748385'), 110.2978393141787], 'axes': [Decimal('164.91634698681685'), Decimal('164.91634698681685')], 'angle': 90.0}",0.7875401901319634,120,8281.920388,2.2484651572407426,-1.7033576501381524,"[Decimal('0.47244961372534283'), 0.3058610754199219]",pupil.1,1,3d c++,1581666757.67172,0.47244961372534283,0.3058610754199219
"{'center': [Decimal('-1.1644514182378256'), 6.143041528272094, 80.98776621180895], 'normal': [Decimal('-0.10369664559663964'), 0.6295817280776982, -0.7699830214769051], 'radius': Decimal('2.2244756960064067')}",0.9988238814107064,8717.228219,4.448951392012813,"{'center': [Decimal('151.12018813671176'), 166.815546816061], 'axes': [24.55498866860224, 34.06412774470939], 'angle': -80.54490687986264}","[Decimal('151.12018813671176'), 166.815546816061]",34.06412774470939,"{'center': [0.07990832892185011, -1.411939208660285, 90.2275624695318], 'radius': 12.0}","{'center': [Decimal('160.54909123748385'), 110.2978393141787], 'axes': [Decimal('164.91634698681685'), Decimal('164.91634698681685')], 'angle': 90.0}",0.7881212216917621,120,8281.920388,2.2518110587983604,-1.7046648149048447,"[Decimal('0.47225058792722424'), Decimal('0.30493522159974584')]",pupil.1,1,3d c++,1581666757.678585,0.47225058792722424,0.30493522159974584
"{'center': [Decimal('-1.1605810252199076'), 6.11562101499495, 80.96489421240932], 'normal': [Decimal('-0.10337411284514647'), 0.6272966853046029, -0.7718890214268738], 'radius': 2.239647372047518}",0.9986670248368494,8717.236619,4.479294744095036,"{'center': [Decimal('151.14780578887718'), Decimal('166.61592755537256')], 'axes': [Decimal('24.807985488965056'), 34.30618176773982], 'angle': -80.53935047661858}","[Decimal('151.14780578887718'), Decimal('166.61592755537256')]",34.30618176773982,"{'center': [0.07990832892185011, -1.411939208660285, 90.2275624695318], 'radius': 12.0}","{'center': [Decimal('160.54909123748385'), 110.2978393141787], 'axes': [Decimal('164.91634698681685'), Decimal('164.91634698681685')], 'angle': 90.0}",0.7883038244532292,120,8281.920388,2.248873449189276,-1.7039277148923584,"[0.4723368930902412, 0.305766968519281]",pupil.1,1,3d c++,1581666757.6873949,0.4723368930902412,0.305766968519281
"{'center': [Decimal('-1.1647920268801022'), 6.123731669389045, 80.97205678685916], 'normal': [-0.1037250296501627, 0.6279725731707775, -0.7712921402227209], 'radius': Decimal('2.2260982127884876')}",0.9983423805881438,8717.245019,4.452196425576975,"{'center': [Decimal('151.11600072400077'), Decimal('166.67650482401675')], 'axes': [24.63119951943884, 34.09557160047088], 'angle': -80.51793684644203}","[Decimal('151.11600072400077'), Decimal('166.67650482401675')]",34.09557160047088,"{'center': [0.07990832892185011, -1.411939208660285, 90.2275624695318], 'radius': 12.0}","{'center': [Decimal('160.54909123748385'), 110.2978393141787], 'axes': [Decimal('164.91634698681685'), Decimal('164.91634698681685')], 'angle': 90.0}",0.7882624305844077,120,8281.920388,2.249741632807074,-1.7044764443070546,"[0.4722375022625024, Decimal('0.30551456323326354')]",pupil.1,1,3d c++,1581666757.6940038,0.4722375022625024,0.30551456323326354
"{'center': [Decimal('-1.1671427416201408'), 6.102437443409383, 80.95507590128646], 'normal': [Decimal('-0.10392092254516591'), 0.626198054339139, -0.7727072140204454], 'radius': Decimal('2.2240844950719203')}",0.9983564197926613,8717.253419,4.448168990143841,"{'center': [Decimal('151.09622668241477'), Decimal('166.52365475501162')], 'axes': [24.67188800086689, 34.07183959249073], 'angle': -80.47314126671857}","[Decimal('151.09622668241477'), Decimal('166.52365475501162')]",34.07183959249073,"{'center': [0.07990832892185011, -1.411939208660285, 90.2275624695318], 'radius': 12.0}","{'center': [Decimal('160.54909123748385'), 110.2978393141787], 'axes': [Decimal('164.91634698681685'), Decimal('164.91634698681685')], 'angle': 90.0}",0.7880643851684854,120,8281.920388,2.2474635422551184,-1.7044835510098182,"[Decimal('0.47217570838254613'), Decimal('0.30615143852078497')]",pupil.1,1,3d c++,1581666757.702332,0.47217570838254613,0.30615143852078497
"{'center': [Decimal('-1.1711376744473478'), 6.116555273490493, 80.96707356614883], 'normal': [Decimal('-0.10425383361409982'), 0.6273745401792316, -0.771707408615248], 'radius': 2.2387008857405}",0.9993008436071416,8717.261819,4.477401771481,"{'center': [Decimal('151.06746274364107'), Decimal('166.62205196056033')], 'axes': [24.78929947077837, 34.29076096650116], 'angle': -80.46106869561284}","[Decimal('151.06746274364107'), Decimal('166.62205196056033')]",34.29076096650116,"{'center': [0.07990832892185011, -1.411939208660285, 90.2275624695318], 'radius': 12.0}","{'center': [Decimal('160.54909123748385'), 110.2978393141787], 'axes': [Decimal('164.91634698681685'), Decimal('164.91634698681685')], 'angle': 90.0}",0.7882727709097481,120,8281.920388,2.248973423472626,-1.7050783802256961,"[Decimal('0.47208582107387836'), Decimal('0.30574145016433196')]",pupil.1,1,3d c++,1581666757.7107608,0.47208582107387836,0.30574145016433196
"{'center': [Decimal('-1.1527907068951164'), 6.117976614809142, 80.9657688646969], 'normal': [Decimal('-0.10272491965141388'), 0.6274929852891189, -0.7718161337362418], 'radius': Decimal('2.2043886818673153')}",0.9986214536007741,8717.270219,4.408777363734631,"{'center': [Decimal('151.20624190517722'), Decimal('166.64015225024792')], 'axes': [24.41402425049339, Decimal('33.765573148060085')], 'angle': -80.60098873583797}","[Decimal('151.20624190517722'), Decimal('166.64015225024792')]",33.765573148060085,"{'center': [0.07990832892185011, -1.411939208660285, 90.2275624695318], 'radius': 12.0}","{'center': [Decimal('160.54909123748385'), 110.2978393141787], 'axes': [Decimal('164.91634698681685'), Decimal('164.91634698681685')], 'angle': 90.0}",0.7882779007295282,120,8281.920388,2.2491255355606143,-1.703113746828678,"[0.4725195059536788, 0.3056660322906336]",pupil.1,1,3d c++,1581666757.717608,0.4725195059536788,0.3056660322906336
"{'center': [Decimal('-1.1433577804144235'), 6.11629021975065, 80.9631476634603], 'normal': [Decimal('-0.10193884244468947'), 0.6273524523675779, -0.7720345671726252], 'radius': 2.19095082886488}",0.9991613984675684,8717.278619,4.38190165772976,"{'center': [Decimal('151.27754083442312'), 166.6312499582364], 'axes': [24.27473802104323, 33.56076021714603], 'angle': -80.66993235938297}","[Decimal('151.27754083442312'), 166.6312499582364]",33.56076021714603,"{'center': [0.07990832892185011, -1.411939208660285, 90.2275624695318], 'radius': 12.0}","{'center': [Decimal('160.54909123748385'), 110.2978393141787], 'axes': [Decimal('164.91634698681685'), Decimal('164.91634698681685')], 'angle': 90.0}",0.7885360371059802,120,8281.920388,2.2489450594575744,-1.7020761359289234,"[Decimal('0.47274231510757225'), 0.305703125174015]",pupil.1,1,3d c++,1581666757.7258,0.47274231510757225,0.305703125174015
"{'center': [Decimal('-1.1702033008315982'), 6.115554348036762, 80.96613376403288], 'normal': [Decimal('-0.10417596914612069'), 0.6272911297247539, -0.7717857254582444], 'radius': 2.204376620495444}",0.9982336924521178,8717.287019,4.408753240990888,"{'center': [Decimal('151.07341680865565'), Decimal('166.62147310221624')], 'axes': [24.41245490488785, 33.7652388433039], 'angle': -80.4668260616345}","[Decimal('151.07341680865565'), Decimal('166.62147310221624')]",33.7652388433039,"{'center': [0.07990832892185011, -1.411939208660285, 90.2275624695318], 'radius': 12.0}","{'center': [Decimal('160.54909123748385'), 110.2978393141787], 'axes': [Decimal('164.91634698681685'), Decimal('164.91634698681685')], 'angle': 90.0}",0.7883483953876835,120,8281.920388,2.248866315517083,-1.7049658350479981,"[0.4721044275270489, 0.305743862074099]",pupil.1,1,3d c++,1581666757.7340882,0.4721044275270489,0.305743862074099
"{'center': [Decimal('-1.1660878783884725'), Decimal('6.1149881467012674'), 80.96511905332254], 'normal': [Decimal('-0.10383301727586021'), 0.6272439462801294, -0.771870284684105], 'radius': Decimal('2.1820686356803494')}",0.9977489442575944,8717.295419,4.364137271360699,"{'center': [Decimal('151.10402406528786'), Decimal('166.62190643772118')], 'axes': [Decimal('24.168973566839373'), 33.42385537010085], 'angle': -80.49708680872716}","[Decimal('151.10402406528786'), Decimal('166.62190643772118')]",33.42385537010085,"{'center': [0.07990832892185011, -1.411939208660285, 90.2275624695318], 'radius': 12.0}","{'center': [Decimal('160.54909123748385'), 110.2978393141787], 'axes': [Decimal('164.91634698681685'), Decimal('164.91634698681685')], 'angle': 90.0}",0.7879641266742898,120,8281.920388,2.2488057310134435,-1.7045149225521956,"[Decimal('0.47220007520402457'), Decimal('0.30574205650949504')]",pupil.1,1,3d c++,1581666757.741878,0.47220007520402457,0.30574205650949504
"{'center': [Decimal('-1.1656530786634838'), 6.121686948887906, 80.97050820274478], 'normal': [Decimal('-0.10379678396544449'), 0.6278021797956826, -0.771421188898918], 'radius': 2.183522734409656}",0.9976441136171887,8717.303819,4.367045468819312,"{'center': [Decimal('151.10795091087334'), Decimal('166.66980854037772')], 'axes': [Decimal('24.165466345682116'), 33.44391660527841], 'angle': -80.50886937758906}","[Decimal('151.10795091087334'), Decimal('166.66980854037772')]",33.44391660527841,"{'center': [0.07990832892185011, -1.411939208660285, 90.2275624695318], 'radius': 12.0}","{'center': [Decimal('160.54909123748385'), 110.2978393141787], 'axes': [Decimal('164.91634698681685'), Decimal('164.91634698681685')], 'angle': 90.0}",0.7874726171337221,120,8281.920388,2.249522703789307,-1.704545709593602,"[0.4722123465964792, 0.3055424644150928]",pupil.1,1,3d c++,1581666757.75382,0.4722123465964792,0.3055424644150928
"{'center': [Decimal('-1.1471231372063388'), 6.110146889008859, 80.95865668080012], 'normal': [Decimal('-0.10225262217734908'), 0.6268405081390953, -0.7724088157276412], 'radius': Decimal('2.1665445091496576')}",0.9982693144114988,8717.312219,4.333089018299315,"{'center': [Decimal('151.24760780308904'), Decimal('166.59138560430853')], 'axes': [Decimal('24.020382110016197'), 33.18863309860408], 'angle': -80.63386036207088}","[Decimal('151.24760780308904'), Decimal('166.59138560430853')]",33.18863309860408,"{'center': [0.07990832892185011, -1.411939208660285, 90.2275624695318], 'radius': 12.0}","{'center': [Decimal('160.54909123748385'), 110.2978393141787], 'axes': [Decimal('164.91634698681685'), Decimal('164.91634698681685')], 'angle': 90.0}",0.7872456470668365,120,8281.920388,2.248287828850592,-1.7024125156381398,"[Decimal('0.47264877438465325'), 0.3058692266487145]",pupil.1,1,3d c++,1581666757.761653,0.47264877438465325,0.3058692266487145
"{'center': [Decimal('-1.1715233127327922'), 6.113707273949444, 80.96481104972952], 'normal': [Decimal('-0.10428597013788686'), 0.6271372068841441, -0.7718959516501911], 'radius': 2.176481170339216}",0.9983164675758787,8717.320619,4.352962340678432,"{'center': [Decimal('151.06234238797924'), Decimal('166.61334555882573')], 'axes': [24.1081384703975, Decimal('33.338371339665485')], 'angle': -80.45453324128968}","[Decimal('151.06234238797924'), Decimal('166.61334555882573')]",33.338371339665485,"{'center': [0.07990832892185011, -1.411939208660285, 90.2275624695318], 'radius': 12.0}","{'center': [Decimal('160.54909123748385'), 110.2978393141787], 'axes': [Decimal('164.91634698681685'), Decimal('164.91634698681685')], 'angle': 90.0}",0.7870253582556108,120,8281.920388,2.2486686863618957,-1.705086860415273,"[Decimal('0.47206981996243513'), 0.3057777268382261]",pupil.1,1,3d c++,1581666757.7697768,0.47206981996243513,0.3057777268382261
"{'center': [Decimal('-1.1601428509539031'), 6.118500196911795, 80.96717611526472], 'normal': [Decimal('-0.10333759832297944'), 0.6275366171310067, -0.7716988628555902], 'radius': 2.164020509376423}",0.9982947172499814,8717.329019,4.328041018752846,"{'center': [Decimal('151.14905542671343'), 166.6509512950357], 'axes': [Decimal('23.961560428978604'), Decimal('33.146482828392166')], 'angle': -80.54629745773252}","[Decimal('151.14905542671343'), 166.6509512950357]",33.146482828392166,"{'center': [0.07990832892185011, -1.411939208660285, 90.2275624695318], 'radius': 12.0}","{'center': [Decimal('160.54909123748385'), 110.2978393141787], 'axes': [Decimal('164.91634698681685'), Decimal('164.91634698681685')], 'angle': 90.0}",0.7868997037259184,120,8281.920388,2.2491815740685617,-1.7039136508882229,"[Decimal('0.47234079820847946'), 0.3056210362706846]",pupil.1,1,3d c++,1581666757.7776818,0.47234079820847946,0.3056210362706846
"{'center': [Decimal('-1.1622796510089404'), 6.11725905764898, 80.96645333028066], 'normal': [Decimal('-0.10351566499423254'), 0.6274331888591054, -0.7717590949375952], 'radius': 2.156200754538042}",0.9980698338318655,8717.337419,4.312401509076084,"{'center': [Decimal('151.13243681382173'), Decimal('166.64332518750126')], 'axes': [Decimal('23.877512785790273'), 33.02696665814186], 'angle': -80.52864131661272}","[Decimal('151.13243681382173'), Decimal('166.64332518750126')]",33.02696665814186,"{'center': [0.07990832892185011, -1.411939208660285, 90.2275624695318], 'radius': 12.0}","{'center': [Decimal('160.54909123748385'), 110.2978393141787], 'axes': [Decimal('164.91634698681685'), Decimal('164.91634698681685')], 'angle': 90.0}",0.786740738553815,120,8281.920388,2.2490487401923276,-1.7041300415916767,"[0.4722888650431929, 0.3056528117187447]",pupil.1,1,3d c++,1581666757.7860632,0.4722888650431929,0.3056528117187447
"{'center': [Decimal('-1.1618227502488598'), 6.118610731002295, 80.96749111271876], 'normal': [-0.1034775899308925, 0.627545828305215, -0.7716726130677541], 'radius': Decimal('2.1665286450651466')}",0.9985672473962135,8717.345819,4.333057290130293,"{'center': [Decimal('151.13634487960152'), Decimal('166.65115636904176')], 'axes': [23.98820126076141, 33.1847828108862], 'angle': -80.53379237279243}","[Decimal('151.13634487960152'), Decimal('166.65115636904176')]",33.1847828108862,"{'center': [0.07990832892185011, -1.411939208660285, 90.2275624695318], 'radius': 12.0}","{'center': [Decimal('160.54909123748385'), 110.2978393141787], 'axes': [Decimal('164.91634698681685'), Decimal('164.91634698681685')], 'angle': 90.0}",0.7865756472862362,120,8281.920388,2.2491934047535533,-1.7040963388035584,"[Decimal('0.47230107774875474'), 0.3056201817956593]",pupil.1,1,3d c++,1581666757.793851,0.47230107774875474,0.3056201817956593
"{'center': [Decimal('-1.1685666774639978'), Decimal('6.1187779665593895'), 80.96853395757218], 'normal': [Decimal('-0.10403958386548731'), 0.6275597646016395, -0.7715857093299687], 'radius': 2.15660080577735}",0.9985571660426953,8717.354218,4.3132016115547,"{'center': [Decimal('151.08468883675116'), Decimal('166.65370514902713')], 'axes': [Decimal('23.874428608283623'), Decimal('33.032250841572946')], 'angle': -80.48325327420835}","[Decimal('151.08468883675116'), Decimal('166.65370514902713')]",33.032250841572946,"{'center': [0.07990832892185011, -1.411939208660285, 90.2275624695318], 'radius': 12.0}","{'center': [Decimal('160.54909123748385'), 110.2978393141787], 'axes': [Decimal('164.91634698681685'), Decimal('164.91634698681685')], 'angle': 90.0}",0.7864896659988019,120,8281.920388,2.249211304524496,-1.7048266000980041,"[Decimal('0.47213965261484736'), Decimal('0.30560956187905364')]",pupil.1,1,3d c++,1581666757.801548,0.47213965261484736,0.30560956187905364
"{'center': [Decimal('-1.1620947388461522'), 6.120469299742289, 80.96903934528572], 'normal': [Decimal('-0.10350025564733353'), 0.6277007090335478, -0.7715435936871733], 'radius': Decimal('2.1526313554290106')}",0.9985987111582523,8717.362618,4.305262710858021,"{'center': [Decimal('151.13401050143642'), 166.6670700806785], 'axes': [Decimal('23.828680035728848'), 32.97122821012899], 'angle': -80.53409960629834}","[Decimal('151.13401050143642'), 166.6670700806785]",32.97122821012899,"{'center': [0.07990832892185011, -1.411939208660285, 90.2275624695318], 'radius': 12.0}","{'center': [Decimal('160.54909123748385'), 110.2978393141787], 'axes': [Decimal('164.91634698681685'), Decimal('164.91634698681685')], 'angle': 90.0}",0.7863013260975937,120,8281.920388,2.249392347986715,-1.7041472242778781,"[0.4722937828169888, Decimal('0.30555387466383954')]",pupil.1,1,3d c++,1581666757.809974,0.4722937828169888,0.30555387466383954
"{'center': [Decimal('-1.1692065468417254'), 6.126216871399041, 80.97467562596721], 'normal': [Decimal('-0.10409290631363129'), 0.6281796733382772, -0.7710739036303829], 'radius': 2.157955588044289}",0.9991350846893792,8717.371018,4.315911176088578,"{'center': [Decimal('151.08049285669122'), Decimal('166.70686094346075')], 'axes': [23.86733191541899, 33.0505092636484], 'angle': -80.48790313486158}","[Decimal('151.08049285669122'), Decimal('166.70686094346075')]",33.0505092636484,"{'center': [0.07990832892185011, -1.411939208660285, 90.2275624695318], 'radius': 12.0}","{'center': [Decimal('160.54909123748385'), 110.2978393141787], 'axes': [Decimal('164.91634698681685'), Decimal('164.91634698681685')], 'angle': 90.0}",0.7864192949360582,120,8281.920388,2.250007776433575,-1.7049824173677193,"[Decimal('0.47212654017716005'), 0.3053880794022469]",pupil.1,1,3d c++,1581666757.8183222,0.47212654017716005,0.3053880794022469
"{'center': [Decimal('-1.1600804920975214'), 6.122392231971703, 80.970334079433], 'normal': [Decimal('-0.10333240175161429'), 0.627860953385999, -0.7714356991749004], 'radius': 2.143537753024698}",0.9983401137175401,8717.379418,4.287075506049396,"{'center': [Decimal('151.14924361982187'), Decimal('166.68271347490972')], 'axes': [Decimal('23.723342999277754'), Decimal('32.831381050577846')], 'angle': -80.55168795466568}","[Decimal('151.14924361982187'), Decimal('166.68271347490972')]",32.831381050577846,"{'center': [0.07990832892185011, -1.411939208660285, 90.2275624695318], 'radius': 12.0}","{'center': [Decimal('160.54909123748385'), 110.2978393141787], 'axes': [Decimal('164.91634698681685'), Decimal('164.91634698681685')], 'angle': 90.0}",0.7862030656857977,120,8281.920388,2.249598214354597,-1.703951909530792,"[Decimal('0.47234138631194333'), 0.3054886938545428]",pupil.1,1,3d c++,1581666757.826755,0.47234138631194333,0.3054886938545428
"{'center': [Decimal('-1.1619369509981397'), 6.125279968084186, 80.97293403925673], 'normal': [Decimal('-0.10348710665999915'), 0.6281015980620392, -0.771219035856257], 'radius': Decimal('2.1415678695921887')}",0.9984617013482351,8717.387818,4.283135739184377,"{'center': [Decimal('151.13528908990722'), Decimal('166.70368956748433')], 'axes': [23.69223489238312, Decimal('32.800151366793244')], 'angle': -80.54137353388661}","[Decimal('151.13528908990722'), Decimal('166.70368956748433')]",32.800151366793244,"{'center': [0.07990832892185011, -1.411939208660285, 90.2275624695318], 'radius': 12.0}","{'center': [Decimal('160.54909123748385'), 110.2978393141787], 'axes': [Decimal('164.91634698681685'), Decimal('164.91634698681685')], 'angle': 90.0}",0.7859442662229488,120,8281.920388,2.249907435483017,-1.704185931973662,"[Decimal('0.47229777840596004'), 0.3054012934688153]",pupil.1,1,3d c++,1581666757.838264,0.47229777840596004,0.3054012934688153
"{'center': [Decimal('-1.1629186016415252'), Decimal('6.1239747631562915'), 80.97200296023978], 'normal': [Decimal('-0.10356891088028126'), 0.6279928309847147, -0.7712966257743359], 'radius': 2.120645590332338}",0.9987476573099232,8717.396218,4.241291180664676,"{'center': [151.1270755850564, Decimal('166.69806740482932')], 'axes': [Decimal('23.463928943868414'), 32.4799895907818], 'angle': -80.53234091181655}","[151.1270755850564, Decimal('166.69806740482932')]",32.4799895907818,"{'center': [0.07990832892185011, -1.411939208660285, 90.2275624695318], 'radius': 12.0}","{'center': [Decimal('160.54909123748385'), 110.2978393141787], 'axes': [Decimal('164.91634698681685'), Decimal('164.91634698681685')], 'angle': 90.0}",0.7858087890352805,120,8281.920388,2.2497676635233126,-1.7042768556093775,"[0.4722721112033012, Decimal('0.30542471914654457')]",pupil.1,1,3d c++,1581666757.8466294,0.4722721112033012,0.30542471914654457
"{'center': [Decimal('-1.1782210473029384'), 6.121162165754168, 80.97178080856577], 'normal': [Decimal('-0.10484411468539903'), 0.627758447867871, -0.7713151384138368], 'radius': Decimal('2.1138215964205926')}",0.9987407052740229,8717.404618,4.227643192841185,"{'center': [Decimal('151.01006251616576'), 166.6779641525186], 'axes': [23.38908591316409, 32.37553416490282], 'angle': -80.4136848111464}","[Decimal('151.01006251616576'), 166.6779641525186]",32.37553416490282,"{'center': [0.07990832892185011, -1.411939208660285, 90.2275624695318], 'radius': 12.0}","{'center': [Decimal('160.54909123748385'), 110.2978393141787], 'axes': [Decimal('164.91634698681685'), Decimal('164.91634698681685')], 'angle': 90.0}",0.7857574057923866,120,8281.920388,2.249466521289695,-1.70589733863768,"[0.471906445363018, Decimal('0.30550848269783915')]",pupil.1,1,3d c++,1581666757.85494,0.471906445363018,0.30550848269783915
"{'center': [Decimal('-1.1606766420111998'), Decimal('6.1365558532961915'), 80.98195966444041], 'normal': [Decimal('-0.10338208091108748'), 0.6290412551630397, -0.7704669004242823], 'radius': 2.117938050146415}",0.9994809494585056,8717.413018,4.23587610029283,"{'center': [Decimal('151.14514653105223'), 166.7891077665961], 'axes': [23.39881058850322, Decimal('32.434533455719205')], 'angle': -80.56507396957753}","[Decimal('151.14514653105223'), 166.7891077665961]",32.434533455719205,"{'center': [0.07990832892185011, -1.411939208660285, 90.2275624695318], 'radius': 12.0}","{'center': [Decimal('160.54909123748385'), 110.2978393141787], 'axes': [Decimal('164.91634698681685'), Decimal('164.91634698681685')], 'angle': 90.0}",0.7859020648562143,120,8281.920388,2.2511156065127125,-1.7041807054065292,"[0.4723285829095382, 0.3050453843058496]",pupil.1,1,3d c++,1581666757.8615649,0.4723285829095382,0.3050453843058496
"{'center': [Decimal('-1.1575529098510293'), 6.129635175668537, 80.97589529608841], 'normal': [Decimal('-0.10312176989773994'), 0.6284645320274018, -0.7709722644536161], 'radius': Decimal('2.1083964743038544')}",0.9990452193404971,8717.421418,4.216792948607709,"{'center': [151.1680698946475, Decimal('166.74135505076174')], 'axes': [Decimal('23.314668092011104'), Decimal('32.290781495955486')], 'angle': -80.57983228995995}","[151.1680698946475, Decimal('166.74135505076174')]",32.290781495955486,"{'center': [0.07990832892185011, -1.411939208660285, 90.2275624695318], 'radius': 12.0}","{'center': [Decimal('160.54909123748385'), 110.2978393141787], 'axes': [Decimal('164.91634698681685'), Decimal('164.91634698681685')], 'angle': 90.0}",0.7857496213286796,120,8281.920388,2.250373940693345,-1.7037626149170375,"[0.4724002184207734, Decimal('0.30524435395515936')]",pupil.1,1,3d c++,1581666757.870157,0.4724002184207734,0.30524435395515936
"{'center': [-1.172507603138247, 6.137229763001856, 80.9841052066666], 'normal': [Decimal('-0.10436799433834143'), 0.6290974143051784, -0.7702881052387676], 'radius': Decimal('2.1187165525601235')}",0.9985982623864749,8717.429818,4.237433105120247,"{'center': [Decimal('151.05511527886776'), 166.7929303031629], 'axes': [23.39977824611581, 32.44560346692283], 'angle': -80.47710624842765}","[Decimal('151.05511527886776'), 166.7929303031629]",32.44560346692283,"{'center': [0.07990832892185011, -1.411939208660285, 90.2275624695318], 'radius': 12.0}","{'center': [Decimal('160.54909123748385'), 110.2978393141787], 'axes': [Decimal('164.91634698681685'), Decimal('164.91634698681685')], 'angle': 90.0}",0.7855671803795206,120,8281.920388,2.251187850933217,-1.705468367902143,"[Decimal('0.47204723524646175'), 0.3050294570701546]",pupil.1,1,3d c++,1581666757.8778088,0.47204723524646175,0.3050294570701546
"{'center': [Decimal('-1.1345113659356696'), 6.144577905731845, 80.98503933433538], 'normal': [Decimal('-0.10120164123812664'), 0.6297097595326775, -0.770210261266368], 'radius': Decimal('2.1006639987276627')}",0.998363100950757,8717.438218,4.2013279974553255,"{'center': [Decimal('151.34462836717313'), Decimal('166.85176010475809')], 'axes': [Decimal('23.197212853182535'), 32.16870000881532], 'angle': -80.77157028795476}","[Decimal('151.34462836717313'), Decimal('166.85176010475809')]",32.16870000881532,"{'center': [0.07990832892185011, -1.411939208660285, 90.2275624695318], 'radius': 12.0}","{'center': [Decimal('160.54909123748385'), 110.2978393141787], 'axes': [Decimal('164.91634698681685'), Decimal('164.91634698681685')], 'angle': 90.0}",0.7854797808647063,120,8281.920388,2.251975860392759,-1.701442728055967,"[Decimal('0.47295196364741604'), Decimal('0.30478433289684126')]",pupil.1,1,3d c++,1581666757.8867476,0.47295196364741604,0.30478433289684126
"{'center': [-1.095097677534582, 6.1538164633697, 80.98750283790943], 'normal': [-0.09791716720470267, 0.6304796393358321, -0.7700049693018646], 'radius': Decimal('2.0942926466825633')}",0.9990000594795336,8717.446618,4.188585293365127,"{'center': [151.6454626245004, Decimal('166.92205107435967')], 'axes': [Decimal('23.118408334677557'), 32.07012839430039], 'angle': -81.07884741739116}","[151.6454626245004, Decimal('166.92205107435967')]",32.07012839430039,"{'center': [0.07990832892185011, -1.411939208660285, 90.2275624695318], 'radius': 12.0}","{'center': [Decimal('160.54909123748385'), 110.2978393141787], 'axes': [Decimal('164.91634698681685'), Decimal('164.91634698681685')], 'angle': 90.0}",0.78560512371465,120,8281.920388,2.2529673114600226,-1.697281784739125,"[Decimal('0.47389207070156375'), Decimal('0.30449145385683474')]",pupil.1,1,3d c++,1581666757.89495,0.47389207070156375,0.30449145385683474
"{'center': [-1.102503808384032, 6.182877751310255, 81.0123220015844], 'normal': [-0.09853434477549017, 0.6329014133308783, -0.7679367056622839], 'radius': 2.064026521591732}",0.9971905305393338,8717.455018,4.128053043183464,"{'center': [Decimal('151.59057915140917'), Decimal('167.13548000506384')], 'axes': [22.69877361307175, Decimal('31.596883774521974')], 'angle': -81.05786479672223}","[Decimal('151.59057915140917'), Decimal('167.13548000506384')]",31.596883774521974,"{'center': [0.07990832892185011, -1.411939208660285, 90.2275624695318], 'radius': 12.0}","{'center': [Decimal('160.54909123748385'), 110.2978393141787], 'axes': [Decimal('164.91634698681685'), Decimal('164.91634698681685')], 'angle': 90.0}",0.7852303917332604,120,8281.920388,2.256091295445262,-1.6984095541794135,"[Decimal('0.47372055984815364'), 0.3036021666455674]",pupil.1,1,3d c++,1581666757.9019258,0.47372055984815364,0.3036021666455674
"{'center': [-1.114284248412942, 6.188672590981658, 81.01862092560928], 'normal': [-0.09951604811123267, 0.6333843166368286, -0.7674117953268771], 'radius': 2.08807753488885}",0.997687050420417,8717.463418,4.1761550697777,"{'center': [Decimal('151.50200173249664'), Decimal('167.17190413644593')], 'axes': [Decimal('22.941466760682854'), Decimal('31.962689235520028')], 'angle': -80.97666944999771}","[Decimal('151.50200173249664'), Decimal('167.17190413644593')]",31.962689235520028,"{'center': [0.07990832892185011, -1.411939208660285, 90.2275624695318], 'radius': 12.0}","{'center': [Decimal('160.54909123748385'), 110.2978393141787], 'axes': [Decimal('164.91634698681685'), Decimal('164.91634698681685')], 'angle': 90.0}",0.7846680594793987,120,8281.920388,2.256715173379968,-1.699754183886332,"[0.473443755414052, Decimal('0.30345039943147534')]",pupil.1,1,3d c++,1581666757.9101539,0.473443755414052,0.30345039943147534
"{'center': [Decimal('-1.0987310484889423'), 6.190358889227736, 81.01800912266069], 'normal': [-0.09821994811756603, 0.6335248414906683, -0.767462778905926], 'radius': Decimal('2.0727952209443914')}",0.9985716171040852,8717.471818,4.145590441888783,"{'center': [151.6201662526357, Decimal('167.18784011065645')], 'axes': [22.77565399132061, Decimal('31.728933325720106')], 'angle': -81.09495261051758}","[151.6201662526357, Decimal('167.18784011065645')]",31.728933325720106,"{'center': [0.07990832892185011, -1.411939208660285, 90.2275624695318], 'radius': 12.0}","{'center': [Decimal('160.54909123748385'), 110.2978393141787], 'axes': [Decimal('164.91634698681685'), Decimal('164.91634698681685')], 'angle': 90.0}",0.7844701301975565,120,8281.920388,2.2568967816884906,-1.6980844700788693,"[Decimal('0.47381301953948657'), Decimal('0.30338399953893147')]",pupil.1,1,3d c++,1581666757.921725,0.47381301953948657,0.30338399953893147
"{'center': [Decimal('-1.0872380023219965'), 6.192357610105507, 81.01819553506924], 'normal': [-0.09726219427032055, 0.633691401563816, -0.7674472445385474], 'radius': Decimal('2.0717113620029664')}",0.9978870334716375,8717.480218,4.143422724005933,"{'center': [Decimal('151.70783238046744'), 167.2031774287583], 'axes': [Decimal('22.763148092790228'), 31.71226396238371], 'angle': -81.18325381323788}","[Decimal('151.70783238046744'), 167.2031774287583]",31.71226396238371,"{'center': [0.07990832892185011, -1.411939208660285, 90.2275624695318], 'radius': 12.0}","{'center': [Decimal('160.54909123748385'), 110.2978393141787], 'axes': [Decimal('164.91634698681685'), Decimal('164.91634698681685')], 'angle': 90.0}",0.7841236746471081,120,8281.920388,2.257112071780953,-1.6968589647980583,"[Decimal('0.47408697618896073'), Decimal('0.30332009404684046')]",pupil.1,1,3d c++,1581666757.9309351,0.47408697618896073,0.30332009404684046
"{'center': [Decimal('-1.0840000422335898'), 6.193741086047357, 81.01892822995805], 'normal': [-0.09699236426295332, 0.6338066912256368, -0.7673861866311465], 'radius': Decimal('2.0630983504623472')}",0.9982075522538457,8717.488618,4.1261967009246945,"{'center': [151.7323735236756, Decimal('167.21485591101805')], 'axes': [Decimal('22.665960058678877'), Decimal('31.580101911344723')], 'angle': -81.20908794907298}","[151.7323735236756, Decimal('167.21485591101805')]",31.580101911344723,"{'center': [0.07990832892185011, -1.411939208660285, 90.2275624695318], 'radius': 12.0}","{'center': [Decimal('160.54909123748385'), 110.2978393141787], 'axes': [Decimal('164.91634698681685'), Decimal('164.91634698681685')], 'angle': 90.0}",0.784225067661104,120,8281.920388,2.257261113657794,-1.6965228110535733,"[Decimal('0.47416366726148623'), 0.3032714337040915]",pupil.1,1,3d c++,1581666757.938317,0.47416366726148623,0.3032714337040915
"{'center': [Decimal('-1.0985115078319618'), Decimal('6.1822208214937335'), 81.01126928166303], 'normal': [-0.09820165306281765, 0.6328466691795015, -0.7680244323223973], 'radius': Decimal('2.0526478150927345')}",0.9979262308286598,8717.497018,4.105295630185469,"{'center': [Decimal('151.62062448562972'), Decimal('167.13306518873802')], 'axes': [Decimal('22.577187654788222'), Decimal('31.423054977735354')], 'angle': -81.08696696900877}","[Decimal('151.62062448562972'), Decimal('167.13306518873802')]",31.423054977735354,"{'center': [0.07990832892185011, -1.411939208660285, 90.2275624695318], 'radius': 12.0}","{'center': [Decimal('160.54909123748385'), 110.2978393141787], 'axes': [Decimal('164.91634698681685'), Decimal('164.91634698681685')], 'angle': 90.0}",0.7841018959386048,120,8281.920388,2.2560205898408845,-1.6979689481794935,"[0.4738144515175929, Decimal('0.30361222838025825')]",pupil.1,1,3d c++,1581666757.946083,0.4738144515175929,0.30361222838025825
"{'center': [-1.093031266443288, 6.198452194913377, 81.02396777017456], 'normal': [-0.09774496628042817, 0.6341992836311384, -0.7669662249464371], 'radius': 2.048948939864982}",0.9978461780236876,8717.505418,4.097897879729964,"{'center': [Decimal('151.66359091545038'), 167.2504958297522], 'axes': [Decimal('22.493204451970335'), 31.36151399319644], 'angle': -81.14709186446468}","[Decimal('151.66359091545038'), 167.2504958297522]",31.36151399319644,"{'center': [0.07990832892185011, -1.411939208660285, 90.2275624695318], 'radius': 12.0}","{'center': [Decimal('160.54909123748385'), 110.2978393141787], 'axes': [Decimal('164.91634698681685'), Decimal('164.91634698681685')], 'angle': 90.0}",0.7837630825002995,120,8281.920388,2.2577687780639972,-1.6975566373082702,"[Decimal('0.47394872161078244'), 0.3031229340426992]",pupil.1,1,3d c++,1581666757.95539,0.47394872161078244,0.3031229340426992
"{'center': [Decimal('-1.0905848864301202'), 6.207400245659486, 81.03106248787242], 'normal': [-0.09754110127933086, 0.6349449545266476, -0.7663749984716156], 'radius': Decimal('2.0559239254423867')}",0.9981656939351837,8717.513818,4.111847850884773,"{'center': [151.6831392176904, Decimal('167.31357529575024')], 'axes': [22.54556143749507, Decimal('31.465555258129378')], 'angle': -81.17584296390697}","[151.6831392176904, Decimal('167.31357529575024')]",31.465555258129378,"{'center': [0.07990832892185011, -1.411939208660285, 90.2275624695318], 'radius': 12.0}","{'center': [Decimal('160.54909123748385'), 110.2978393141787], 'axes': [Decimal('164.91634698681685'), Decimal('164.91634698681685')], 'angle': 90.0}",0.7835990794449521,120,8281.920388,2.258733593759889,-1.697391619385629,"[Decimal('0.47400981005528253'), Decimal('0.30286010293437404')]",pupil.1,1,3d c++,1581666757.9630852,0.47400981005528253,0.30286010293437404
"{'center': [Decimal('-1.0776138750885051'), 6.199727792792836, 81.02307075047351], 'normal': [-0.0964601836675296, 0.6343055834544268, -0.7670409765881909], 'radius': Decimal('2.0502376119017707')}",0.9975068609950611,8717.522218,4.100475223803541,"{'center': [Decimal('151.78115289647383'), Decimal('167.26049896903643')], 'axes': [22.51048783310143, 31.3815886229759], 'angle': -81.2637993664296}","[Decimal('151.78115289647383'), Decimal('167.26049896903643')]",31.3815886229759,"{'center': [0.07990832892185011, -1.411939208660285, 90.2275624695318], 'radius': 12.0}","{'center': [Decimal('160.54909123748385'), 110.2978393141787], 'axes': [Decimal('164.91634698681685'), Decimal('164.91634698681685')], 'angle': 90.0}",0.7834718622847903,120,8281.920388,2.2579062715904117,-1.6958958504187422,"[Decimal('0.47431610280148073'), Decimal('0.30308125429568156')]",pupil.1,1,3d c++,1581666757.9699898,0.47431610280148073,0.30308125429568156
"{'center': [Decimal('-1.0852668786374702'), 6.209651287193057, 81.03225252101963], 'normal': [-0.09709793396327669, 0.6351325413211119, -0.7662758290426818], 'radius': 2.049916153682143}",0.9987171900363427,8717.530618,4.099832307364286,"{'center': [151.7236605912316, 167.3311436641357], 'axes': [22.47561071309214, 31.37312313424447], 'angle': -81.21815887233193}","[151.7236605912316, 167.3311436641357]",31.37312313424447,"{'center': [0.07990832892185011, -1.411939208660285, 90.2275624695318], 'radius': 12.0}","{'center': [Decimal('160.54909123748385'), 110.2978393141787], 'axes': [Decimal('164.91634698681685'), Decimal('164.91634698681685')], 'angle': 90.0}",0.783947345975089,120,8281.920388,2.2589764307614657,-1.6968386697890305,"[Decimal('0.47413643934759875'), Decimal('0.30278690139943454')]",pupil.1,1,3d c++,1581666757.978776,0.47413643934759875,0.30278690139943454
"{'center': [Decimal('-1.0792503396092445'), 6.210721213015842, 81.03237898702415], 'normal': [-0.09659655571092454, 0.6352217018063439, -0.766265290208971], 'radius': 2.03539351173359}",0.9982334338955444,8717.539018,4.07078702346718,"{'center': [Decimal('151.76918273123277'), 167.3417853912331], 'axes': [Decimal('22.315897252814867'), Decimal('31.150752891569844')], 'angle': -81.26430584604147}","[Decimal('151.76918273123277'), 167.3417853912331]",31.150752891569844,"{'center': [0.07990832892185011, -1.411939208660285, 90.2275624695318], 'radius': 12.0}","{'center': [Decimal('160.54909123748385'), 110.2978393141787], 'axes': [Decimal('164.91634698681685'), Decimal('164.91634698681685')], 'angle': 90.0}",0.7842436007188591,120,8281.920388,2.259091868813662,-1.6961963585816133,"[0.4742786960351024, 0.3027425608698622]",pupil.1,1,3d c++,1581666757.985836,0.4742786960351024,0.3027425608698622
"{'center': [-1.06858421161861, 6.216306311209736, 81.03567282850011], 'normal': [-0.095707711711705, 0.635687126655835, -0.7659908034193084], 'radius': Decimal('2.0206381909143145')}",0.9980763078481005,8717.547418,4.041276381828629,"{'center': [Decimal('151.85048100432718'), Decimal('167.38512521261606')], 'axes': [22.14301441539078, Decimal('30.923616983840816')], 'angle': -81.3503359250457}","[Decimal('151.85048100432718'), Decimal('167.38512521261606')]",30.923616983840816,"{'center': [0.07990832892185011, -1.411939208660285, 90.2275624695318], 'radius': 12.0}","{'center': [Decimal('160.54909123748385'), 110.2978393141787], 'axes': [Decimal('164.91634698681685'), Decimal('164.91634698681685')], 'angle': 90.0}",0.7842917177935949,120,8281.920388,2.259694642719449,-1.6950984407066452,"[Decimal('0.47453275313852245'), Decimal('0.30256197828076636')]",pupil.1,1,3d c++,1581666757.9934778,0.47453275313852245,0.30256197828076636
"{'center': [Decimal('-1.0556690799869692'), 6.209464129097513, 81.02839538160529], 'normal': [-0.09463145074240162, 0.6351169448131498, -0.7665972573272087], 'radius': 2.018442151554037}",0.9985482322971895,8717.555818,4.036884303108074,"{'center': [Decimal('151.94825110717855'), Decimal('167.33737306666922')], 'axes': [Decimal('22.143424208546715'), Decimal('30.892765451672112')], 'angle': -81.43897529122464}","[Decimal('151.94825110717855'), Decimal('167.33737306666922')]",30.892765451672112,"{'center': [0.07990832892185011, -1.411939208660285, 90.2275624695318], 'radius': 12.0}","{'center': [Decimal('160.54909123748385'), 110.2978393141787], 'axes': [Decimal('164.91634698681685'), Decimal('164.91634698681685')], 'angle': 90.0}",0.7849156143898472,120,8281.920388,2.2589562387437234,-1.6936184778860504,"[Decimal('0.47483828470993295'), 0.3027609455555449]",pupil.1,1,3d c++,1581666758.0060642,0.47483828470993295,0.3027609455555449
"{'center': [Decimal('-1.0634790303933161'), 6.21600093938985, 81.03478299625371], 'normal': [-0.09528227994293051, 0.6356616790041779, -0.7660649561065083], 'radius': Decimal('2.0213775910529486')}",0.9984294927913668,8717.564218,4.042755182105897,"{'center': [Decimal('151.88935845792798'), Decimal('167.38316419658082')], 'axes': [22.15413441243573, 30.93527379865026], 'angle': -81.3880857774986}","[Decimal('151.88935845792798'), Decimal('167.38316419658082')]",30.93527379865026,"{'center': [0.07990832892185011, -1.411939208660285, 90.2275624695318], 'radius': 12.0}","{'center': [Decimal('160.54909123748385'), 110.2978393141787], 'axes': [Decimal('164.91634698681685'), Decimal('164.91634698681685')], 'angle': 90.0}",0.7860667376861974,120,8281.920388,2.2596616776162293,-1.6945396829682142,"[Decimal('0.47465424518102495'), 0.3025701491809133]",pupil.1,1,3d c++,1581666758.014975,0.47465424518102495,0.3025701491809133
"{'center': [Decimal('-1.0586625685753692'), 6.208931310813258, 81.02832397730913], 'normal': [-0.09488090812476828, 0.6350725432894619, -0.7666032076852234], 'radius': Decimal('1.9872460793502909')}",0.9978748585037079,8717.572618,3.9744921587005817,"{'center': [151.9246117701057, Decimal('167.33872290025278')], 'axes': [21.80123856111427, Decimal('30.415209341839372')], 'angle': -81.41600353267667}","[151.9246117701057, Decimal('167.33872290025278')]",30.415209341839372,"{'center': [0.07990832892185011, -1.411939208660285, 90.2275624695318], 'radius': 12.0}","{'center': [Decimal('160.54909123748385'), 110.2978393141787], 'axes': [Decimal('164.91634698681685'), Decimal('164.91634698681685')], 'angle': 90.0}",0.7860765739372333,120,8281.920388,2.258898756150385,-1.693938043404577,"[Decimal('0.47476441178158035'), 0.3027553212489468]",pupil.1,1,3d c++,1581666758.021621,0.47476441178158035,0.3027553212489468
"{'center': [Decimal('-1.0625855194187117'), 6.206388898198054, 81.02670464741782], 'normal': [-0.09520782069504682, 0.6348606755715283, -0.7667381518428327], 'radius': 2.008750392842564}",0.998739513381022,8717.581018,4.017500785685128,"{'center': [151.8950738628055, Decimal('167.31653387245942')], 'axes': [Decimal('22.042667189949544'), Decimal('30.745033286769402')], 'angle': -81.38378962276911}","[151.8950738628055, Decimal('167.31653387245942')]",30.745033286769402,"{'center': [0.07990832892185011, -1.411939208660285, 90.2275624695318], 'radius': 12.0}","{'center': [Decimal('160.54909123748385'), 110.2978393141787], 'axes': [Decimal('164.91634698681685'), Decimal('164.91634698681685')], 'angle': 90.0}",0.7861539776579773,120,8281.920388,2.258624507781718,-1.6943365046686725,"[0.4746721058212672, Decimal('0.30284777553141906')]",pupil.1,1,3d c++,1581666758.0299034,0.4746721058212672,0.30284777553141906
"{'center': [Decimal('-1.0537325478166695'), Decimal('6.2229419086833575'), 81.03933910009759], 'normal': [-0.0944700730615433, 0.6362400931119702, -0.7656852807861847], 'radius': 2.022732167206986}",0.9988389912375698,8717.589418,4.045464334413972,"{'center': [Decimal('151.96417658594132'), Decimal('167.43332951098517')], 'axes': [22.15370401779637, Decimal('30.954273421411965')], 'angle': -81.46868678877698}","[Decimal('151.96417658594132'), Decimal('167.43332951098517')]",30.954273421411965,"{'center': [0.07990832892185011, -1.411939208660285, 90.2275624695318], 'radius': 12.0}","{'center': [Decimal('160.54909123748385'), 110.2978393141787], 'axes': [Decimal('164.91634698681685'), Decimal('164.91634698681685')], 'angle': 90.0}",0.7861141683325412,120,8281.920388,2.2604111813282772,-1.6935557001276211,"[Decimal('0.47488805183106664'), 0.3023611270375618]",pupil.1,1,3d c++,1581666758.037524,0.47488805183106664,0.3023611270375618
"{'center': [Decimal('-1.0507604004836983'), 6.215474539560174, 81.03277330730508], 'normal': [-0.09422239411712903, 0.6356178123517049, -0.7662324301855601], 'radius': Decimal('2.0030395397611858')}",0.9979570949293483,8717.597818,4.0060790795223715,"{'center': [Decimal('151.98572405351956'), Decimal('167.38344567607103')], 'axes': [21.95979724603888, 30.65531295054862], 'angle': -81.48244486691912}","[Decimal('151.98572405351956'), Decimal('167.38344567607103')]",30.65531295054862,"{'center': [0.07990832892185011, -1.411939208660285, 90.2275624695318], 'radius': 12.0}","{'center': [Decimal('160.54909123748385'), 110.2978393141787], 'axes': [Decimal('164.91634698681685'), Decimal('164.91634698681685')], 'angle': 90.0}",0.786261878094674,120,8281.920388,2.2596048544841447,-1.6931505024322213,"[Decimal('0.47495538766724865'), Decimal('0.30256897634970403')]",pupil.1,1,3d c++,1581666758.046039,0.47495538766724865,0.30256897634970403
"{'center': [Decimal('-1.0433871872035125'), 6.204286456670647, 81.02260110088896], 'normal': [-0.09360795967711355, 0.634685472110911, -0.7670801140535699], 'radius': 1.990940936462756}",0.9981192010050096,8717.606218,3.981881872925512,"{'center': [Decimal('152.04071053990717'), Decimal('167.30584783597845')], 'axes': [Decimal('21.860813589396994'), Decimal('30.473918746201655')], 'angle': -81.52495586471073}","[Decimal('152.04071053990717'), Decimal('167.30584783597845')]",30.473918746201655,"{'center': [0.07990832892185011, -1.411939208660285, 90.2275624695318], 'radius': 12.0}","{'center': [Decimal('160.54909123748385'), 110.2978393141787], 'axes': [Decimal('164.91634698681685'), Decimal('164.91634698681685')], 'angle': 90.0}",0.7862555871752885,120,8281.920388,2.258397765480037,-1.6922274598555422,"[0.4751272204372099, 0.3028923006834231]",pupil.1,1,3d c++,1581666758.0538821,0.4751272204372099,0.3028923006834231
"{'center': [Decimal('-1.0287094421365537'), 6.21306919579027, 81.02809436155121], 'normal': [-0.09238481425486698, 0.6354173670375463, -0.7666223423317154], 'radius': Decimal('1.9924348533000693')}",0.9973693561034217,8717.614618,3.9848697066001386,"{'center': [152.1532521417349, Decimal('167.36953350853406')], 'axes': [21.85907428284954, Decimal('30.494727775110377')], 'angle': -81.64453028983966}","[152.1532521417349, Decimal('167.36953350853406')]",30.494727775110377,"{'center': [0.07990832892185011, -1.411939208660285, 90.2275624695318], 'radius': 12.0}","{'center': [Decimal('160.54909123748385'), 110.2978393141787], 'axes': [Decimal('164.91634698681685'), Decimal('164.91634698681685')], 'angle': 90.0}",0.7858941154210264,120,8281.920388,2.2593452393445244,-1.6907268972369256,"[Decimal('0.47547891294292155'), Decimal('0.30262694371444143')]",pupil.1,1,3d c++,1581666758.061675,0.47547891294292155,0.30262694371444143
"{'center': [Decimal('-1.0352900566300467'), 6.213935004943267, 81.0296075316579], 'normal': [-0.09293319879599139, 0.635489517800296, -0.7664962448228249], 'radius': Decimal('1.9627404679626705')}",0.9976801293308075,8717.623018,3.925480935925341,"{'center': [Decimal('152.10245437338165'), Decimal('167.38034691626507')], 'axes': [Decimal('21.528170506001985'), 30.03957792291829], 'angle': -81.59630022414186}","[Decimal('152.10245437338165'), Decimal('167.38034691626507')]",30.03957792291829,"{'center': [0.07990832892185011, -1.411939208660285, 90.2275624695318], 'radius': 12.0}","{'center': [Decimal('160.54909123748385'), 110.2978393141787], 'axes': [Decimal('164.91634698681685'), Decimal('164.91634698681685')], 'angle': 90.0}",0.7856549149187875,120,8281.920388,2.259438682034832,-1.6914515771383323,"[Decimal('0.47532016991681764'), 0.3025818878488955]",pupil.1,1,3d c++,1581666758.070279,0.47532016991681764,0.3025818878488955
"{'center': [Decimal('-1.0415368036295507'), 6.198431887548745, 81.01753464152483], 'normal': [-0.09345376104595006, 0.6341975913507525, -0.7675023190005816], 'radius': Decimal('1.9814845598822306')}",0.9988418151762252,8717.631418,3.962969119764461,"{'center': [152.0541158377858, 167.2656197280452], 'axes': [Decimal('21.773644384110153'), 30.33103212585678], 'angle': -81.5322224101656}","[152.0541158377858, 167.2656197280452]",30.33103212585678,"{'center': [0.07990832892185011, -1.411939208660285, 90.2275624695318], 'radius': 12.0}","{'center': [Decimal('160.54909123748385'), 110.2978393141787], 'axes': [Decimal('164.91634698681685'), Decimal('164.91634698681685')], 'angle': 90.0}",0.785845144992181,120,8281.920388,2.257766589309017,-1.691963344831431,"[0.4751691119930806, 0.3030599177998117]",pupil.1,1,3d c++,1581666758.077971,0.4751691119930806,0.3030599177998117
"{'center': [Decimal('-1.0427236420659642'), 6.207924987367364, 81.02553187341815], 'normal': [-0.09355266424898454, 0.634988683002304, -0.7668358830094717], 'radius': Decimal('1.9773768216376484')}",0.9986755963436827,8717.639818,3.9547536432752968,"{'center': [Decimal('152.04571212716337'), Decimal('167.33428871691734')], 'axes': [Decimal('21.702164413269795'), 30.2651596314069], 'angle': -81.53400713759366}","[Decimal('152.04571212716337'), Decimal('167.33428871691734')]",30.2651596314069,"{'center': [0.07990832892185011, -1.411939208660285, 90.2275624695318], 'radius': 12.0}","{'center': [Decimal('160.54909123748385'), 110.2978393141787], 'axes': [Decimal('164.91634698681685'), Decimal('164.91634698681685')], 'angle': 90.0}",0.7859340016898475,120,8281.920388,2.2587901973132385,-1.692194705000071,"[0.4751428503973855, Decimal('0.30277379701284446')]",pupil.1,1,3d c++,1581666758.089586,0.4751428503973855,0.30277379701284446
"{'center': [Decimal('-1.0344350293759266'), 6.193844214142146, 81.01288410264122], 'normal': [-0.09286194652481472, 0.6338152852335359, -0.7678898639075489], 'radius': Decimal('1.9926697761356114')}",0.9990337886276112,8717.648218,3.9853395522712227,"{'center': [Decimal('152.10815020885244'), Decimal('167.23129333257714')], 'axes': [Decimal('21.912068676799066'), Decimal('30.504034561102355')], 'angle': -81.58027260966858}","[Decimal('152.10815020885244'), Decimal('167.23129333257714')]",30.504034561102355,"{'center': [0.07990832892185011, -1.411939208660285, 90.2275624695318], 'radius': 12.0}","{'center': [Decimal('160.54909123748385'), 110.2978393141787], 'axes': [Decimal('164.91634698681685'), Decimal('164.91634698681685')], 'angle': 90.0}",0.7861708404584777,120,8281.920388,2.2572722243774095,-1.6911432657625043,"[0.4753379694026639, 0.3032029444475952]",pupil.1,1,3d c++,1581666758.0979874,0.4753379694026639,0.3032029444475952
"{'center': [Decimal('-1.0288330133288794'), 6.214172741183046, 81.02902404408394], 'normal': [-0.09239511185422745, 0.6355093291536109, -0.7665448687873216], 'radius': 1.955950159717628}",0.9984152648900665,8717.656618,3.911900319435256,"{'center': [152.1515032218957, Decimal('167.38363277985135')], 'axes': [Decimal('21.455579655350565'), 29.93584219977146], 'angle': -81.64483010601701}","[152.1515032218957, Decimal('167.38363277985135')]",29.93584219977146,"{'center': [0.07990832892185011, -1.411939208660285, 90.2275624695318], 'radius': 12.0}","{'center': [Decimal('160.54909123748385'), 110.2978393141787], 'axes': [Decimal('164.91634698681685'), Decimal('164.91634698681685')], 'angle': 90.0}",0.7859911092700012,120,8281.920388,2.259464341041275,-1.6907521439560116,"[0.475473447568424, 0.3025681967506194]",pupil.1,1,3d c++,1581666758.1056054,0.475473447568424,0.3025681967506194
"{'center': [Decimal('-1.0201578970230096'), 6.214343810685151, 81.02812435585449], 'normal': [-0.09167218549540498, 0.635523584945453, -0.7666198428064431], 'radius': 1.980874336527503}",0.998546844932706,8717.665018,3.961748673055006,"{'center': [Decimal('152.21821748809526'), Decimal('167.38121868657768')], 'axes': [21.73211565964775, Decimal('30.317735403213536')], 'angle': -81.7098806070567}","[Decimal('152.21821748809526'), Decimal('167.38121868657768')]",30.317735403213536,"{'center': [0.07990832892185011, -1.411939208660285, 90.2275624695318], 'radius': 12.0}","{'center': [Decimal('160.54909123748385'), 110.2978393141787], 'axes': [Decimal('164.91634698681685'), Decimal('164.91634698681685')], 'angle': 90.0}",0.7859012090069561,120,8281.920388,2.2594828050044,-1.689810917516221,"[0.4756819296502977, 0.302578255472593]",pupil.1,1,3d c++,1581666758.113738,0.4756819296502977,0.302578255472593
"{'center': [Decimal('-1.0398629003370194'), 6.219863962200994, 81.03508224081465], 'normal': [-0.0933142691049058, 0.6359835975717733, -0.766040019059763], 'radius': Decimal('1.9523294284013102')}",0.9984763650097653,8717.673418,3.9046588568026204,"{'center': [Decimal('152.06782382013964'), 167.424270739405], 'axes': [Decimal('21.396126570228077'), Decimal('29.878186776599865')], 'angle': -81.56875001022868}","[Decimal('152.06782382013964'), 167.424270739405]",29.878186776599865,"{'center': [0.07990832892185011, -1.411939208660285, 90.2275624695318], 'radius': 12.0}","{'center': [Decimal('160.54909123748385'), 110.2978393141787], 'axes': [Decimal('164.91634698681685'), Decimal('164.91634698681685')], 'angle': 90.0}",0.7857177206400445,120,8281.920388,2.260078759624896,-1.6920129495262293,"[0.4752119494379364, Decimal('0.30239887191914583')]",pupil.1,1,3d c++,1581666758.1219864,0.4752119494379364,0.30239887191914583
"{'center': [Decimal('-1.0245232895082996'), 6.219273577250567, 81.03273663016093], 'normal': [-0.09203596820251247, 0.6359343988259043, -0.7662354866142403], 'radius': Decimal('1.9361447412456385')}",0.9980889350051789,8717.681818,3.872289482491277,"{'center': [Decimal('152.18425698094296'), Decimal('167.42378992313203')], 'axes': [Decimal('21.226283184027967'), Decimal('29.631293873768925')], 'angle': -81.68267520216499}","[Decimal('152.18425698094296'), Decimal('167.42378992313203')]",29.631293873768925,"{'center': [0.07990832892185011, -1.411939208660285, 90.2275624695318], 'radius': 12.0}","{'center': [Decimal('160.54909123748385'), 110.2978393141787], 'axes': [Decimal('164.91634698681685'), Decimal('164.91634698681685')], 'angle': 90.0}",0.7855261663415214,120,8281.920388,2.2600150077921177,-1.6903380948144238,"[0.4755758030654468, Decimal('0.30240087532028315')]",pupil.1,1,3d c++,1581666758.1298802,0.4755758030654468,0.30240087532028315
"{'center': [Decimal('-1.0434872909673738'), 6.227638142304932, 81.041984633607], 'normal': [-0.09361630165743531, 0.6366314459137681, -0.7654648196604003], 'radius': Decimal('1.9423776270917905')}",0.9983423392240112,8717.690218,3.884755254183581,"{'center': [Decimal('152.04058002898785'), 167.4813789700645], 'axes': [Decimal('21.264701417891175'), Decimal('29.723324861295286')], 'angle': -81.55038609230687}","[Decimal('152.04058002898785'), 167.4813789700645]",29.723324861295286,"{'center': [0.07990832892185011, -1.411939208660285, 90.2275624695318], 'radius': 12.0}","{'center': [Decimal('160.54909123748385'), 110.2978393141787], 'axes': [Decimal('164.91634698681685'), Decimal('164.91634698681685')], 'angle': 90.0}",0.7852573722231915,120,8281.920388,2.260918555558603,-1.6924919234168663,"[Decimal('0.47512681259058703'), Decimal('0.30216092095806457')]",pupil.1,1,3d c++,1581666758.1382358,0.47512681259058703,0.30216092095806457
"{'center': [Decimal('-1.0480053035272243'), 6.217004831880053, 81.03370453806258], 'normal': [-0.09399280270408952, 0.6357453367116949, -0.7661548276224355], 'radius': Decimal('1.9415040748931163')}",0.9983080483263375,8717.698617,3.8830081497862325,"{'center': [Decimal('152.00530207509985'), Decimal('167.40504148731583')], 'axes': [21.28184832501001, Decimal('29.712982143150313')], 'angle': -81.5047456959953}","[Decimal('152.00530207509985'), Decimal('167.40504148731583')]",29.712982143150313,"{'center': [0.07990832892185011, -1.411939208660285, 90.2275624695318], 'radius': 12.0}","{'center': [Decimal('160.54909123748385'), 110.2978393141787], 'axes': [Decimal('164.91634698681685'), Decimal('164.91634698681685')], 'angle': 90.0}",0.7850478227956925,120,8281.920388,2.259770051883156,-1.6928675590462334,"[0.475016568984687, 0.3024789938028507]",pupil.1,1,3d c++,1581666758.145947,0.475016568984687,0.3024789938028507
"{'center': [-1.037439830366795, 6.245500298325898, 81.05613110426599], 'normal': [-0.0931123466073871, 0.6381199589155152, -0.7642859471054844], 'radius': Decimal('1.9431563056964587')}",0.9980204288731502,8717.707017,3.8863126113929174,"{'center': [Decimal('152.08806766598946'), Decimal('167.60956032302988')], 'axes': [Decimal('21.227564230863905'), 29.73006728313243], 'angle': -81.61530743973667}","[Decimal('152.08806766598946'), Decimal('167.60956032302988')]",29.73006728313243,"{'center': [0.07990832892185011, -1.411939208660285, 90.2275624695318], 'radius': 12.0}","{'center': [Decimal('160.54909123748385'), 110.2978393141787], 'axes': [Decimal('164.91634698681685'), Decimal('164.91634698681685')], 'angle': 90.0}",0.7847396496415415,120,8281.920388,2.2628503024300626,-1.6920280956033817,"[Decimal('0.47527521145621704'), 0.3016268319873755]",pupil.1,1,3d c++,1581666758.15359,0.47527521145621704,0.3016268319873755
"{'center': [-1.065840383008816, 6.244397113370769, 81.05871444957546], 'normal': [-0.0954790593275555, 0.6380280268359212, -0.7640706683296946], 'radius': Decimal('1.9268620321881023')}",0.9981619006574607,8717.715417,3.8537240643762045,"{'center': [Decimal('151.87127177379404'), Decimal('167.60240205736358')], 'axes': [Decimal('21.041093823126214'), Decimal('29.479773389827592')], 'angle': -81.4027893925813}","[Decimal('151.87127177379404'), Decimal('167.60240205736358')]",29.479773389827592,"{'center': [0.07990832892185011, -1.411939208660285, 90.2275624695318], 'radius': 12.0}","{'center': [Decimal('160.54909123748385'), 110.2978393141787], 'axes': [Decimal('164.91634698681685'), Decimal('164.91634698681685')], 'angle': 90.0}",0.7845178003282216,120,8281.920388,2.262730906250139,-1.6951129527840967,"[Decimal('0.47459772429310637'), 0.3016566580943184]",pupil.1,1,3d c++,1581666758.164446,0.47459772429310637,0.3016566580943184
"{'center': [Decimal('-1.0866278412261583'), 6.274619424134282, 81.08666482497043], 'normal': [-0.09721134751233404, 0.6405465527328805, -0.7617414703801149], 'radius': 1.923138230274166}",0.997968714709019,8717.723817,3.846276460548332,"{'center': [Decimal('151.71536008761345'), Decimal('167.81774370037098')], 'axes': [20.9110743227248, 29.41267471982708], 'angle': -81.28302091959972}","[Decimal('151.71536008761345'), Decimal('167.81774370037098')]",29.41267471982708,"{'center': [0.07990832892185011, -1.411939208660285, 90.2275624695318], 'radius': 12.0}","{'center': [Decimal('160.54909123748385'), 110.2978393141787], 'axes': [Decimal('164.91634698681685'), Decimal('164.91634698681685')], 'angle': 90.0}",0.7841120942915003,120,8281.920388,2.2660061132907376,-1.697727465060374,"[Decimal('0.47411050027379203'), Decimal('0.30075940124845424')]",pupil.1,1,3d c++,1581666758.1744902,0.47411050027379203,0.30075940124845424
"{'center': [Decimal('-1.0824431180501322'), 6.280295504830233, 81.09090748938215], 'normal': [-0.09686262058099851, 0.6410195594575432, -0.7613879150124717], 'radius': Decimal('1.9138223389527687')}",0.9980893527045747,8717.732217,3.8276446779055373,"{'center': [Decimal('151.74745839944381'), Decimal('167.86016147472012')], 'axes': [20.79627556926063, Decimal('29.268635280312058')], 'angle': -81.32046518317858}","[Decimal('151.74745839944381'), Decimal('167.86016147472012')]",29.268635280312058,"{'center': [0.07990832892185011, -1.411939208660285, 90.2275624695318], 'radius': 12.0}","{'center': [Decimal('160.54909123748385'), 110.2978393141787], 'axes': [Decimal('164.91634698681685'), Decimal('164.91634698681685')], 'angle': 90.0}",0.7839636989575682,120,8281.920388,2.266622230512177,-1.6973350806390886,"[Decimal('0.47421080749826194'), Decimal('0.30058266052199956')]",pupil.1,1,3d c++,1581666758.1820512,0.47421080749826194,0.30058266052199956
"{'center': [Decimal('-1.0736977591498633'), Decimal('6.2675198390643905'), 81.07905976537943], 'normal': [-0.09613384067264277, 0.639954920643723, -0.762375225346032], 'radius': Decimal('1.9184169131056223')}",0.9986646280338776,8717.740617,3.8368338262112447,"{'center': [Decimal('151.81310630917883'), 167.7686820568448], 'axes': [20.88398067836218, Decimal('29.343193147214958')], 'angle': -81.37069029719723}","[Decimal('151.81310630917883'), 167.7686820568448]",29.343193147214958,"{'center': [0.07990832892185011, -1.411939208660285, 90.2275624695318], 'radius': 12.0}","{'center': [Decimal('160.54909123748385'), 110.2978393141787], 'axes': [Decimal('164.91634698681685'), Decimal('164.91634698681685')], 'angle': 90.0}",0.7839014172480896,120,8281.920388,2.2652359254160324,-1.696232088222895,"[Decimal('0.47441595721618385'), Decimal('0.30096382476314665')]",pupil.1,1,3d c++,1581666758.190079,0.47441595721618385,0.30096382476314665
"{'center': [Decimal('-1.0625219813413687'), 6.276287572758931, 81.0850233285896], 'normal': [-0.09520252585526823, 0.640685565118268, -0.7618782617451836], 'radius': 1.895404643331707}",0.9968277236063955,8717.749017,3.790809286663414,"{'center': [151.8983587894232, Decimal('167.83594626571391')], 'axes': [20.6146358844047, 28.98899955732544], 'angle': -81.46338185713337}","[151.8983587894232, Decimal('167.83594626571391')]",28.98899955732544,"{'center': [0.07990832892185011, -1.411939208660285, 90.2275624695318], 'radius': 12.0}","{'center': [Decimal('160.54909123748385'), 110.2978393141787], 'axes': [Decimal('164.91634698681685'), Decimal('164.91634698681685')], 'angle': 90.0}",0.7834040812450871,120,8281.920388,2.2661871516833236,-1.6951096338824805,"[Decimal('0.47468237121694756'), 0.300683557226192]",pupil.1,1,3d c++,1581666758.197865,0.47468237121694756,0.300683557226192
"{'center': [Decimal('-1.0834103521843033'), 6.263623118496168, 81.07701972015754], 'normal': [-0.09694322342551277, 0.6396301939297044, -0.7625452291145226], 'radius': Decimal('1.9235416912846426')}",0.998434756661536,8717.757417,3.847083382569285,"{'center': [151.7389588736893, Decimal('167.73927004628257')], 'axes': [20.94626999793287, Decimal('29.422337026835223')], 'angle': -81.29426073261104}","[151.7389588736893, Decimal('167.73927004628257')]",29.422337026835223,"{'center': [0.07990832892185011, -1.411939208660285, 90.2275624695318], 'radius': 12.0}","{'center': [Decimal('160.54909123748385'), 110.2978393141787], 'axes': [Decimal('164.91634698681685'), Decimal('164.91634698681685')], 'angle': 90.0}",0.783351052032677,120,8281.920388,2.2648134054547886,-1.6972490943415464,"[0.4741842464802791, Decimal('0.30108637480715594')]",pupil.1,1,3d c++,1581666758.2058284,0.4741842464802791,0.30108637480715594
"{'center': [Decimal('-1.0683771925905237'), 6.270218293525157, 81.08065608142982], 'normal': [-0.09569046012603115, 0.6401797918487868, -0.7622421990084991], 'radius': 1.917979551884595}",0.9980260980537304,8717.765817,3.83595910376919,"{'center': [151.8538280504027, 167.7884312082047], 'axes': [20.87415659053479, 29.33592535546464], 'angle': -81.41317438936021}","[151.8538280504027, 167.7884312082047]",29.33592535546464,"{'center': [0.07990832892185011, -1.411939208660285, 90.2275624695318], 'radius': 12.0}","{'center': [Decimal('160.54909123748385'), 110.2978393141787], 'axes': [Decimal('164.91634698681685'), Decimal('164.91634698681685')], 'angle': 90.0}",0.783489506380608,120,8281.920388,2.2655286049747527,-1.6956811370918217,"[0.4745432126575085, 0.3008815366324804]",pupil.1,1,3d c++,1581666758.214561,0.4745432126575085,0.3008815366324804
"{'center': [-1.083005457705248, 6.278145243980884, 81.08916914049857], 'normal': [-0.09690948221892483, 0.6408403710534307, -0.7615327774194366], 'radius': Decimal('1.8946219881864954')}",0.9971720807419141,8717.774217,3.789243976372991,"{'center': [151.7425291650654, 167.8478910169296], 'axes': [20.59300379169184, Decimal('28.975550695939855')], 'angle': -81.31385519133549}","[151.7425291650654, 167.8478910169296]",28.975550695939855,"{'center': [0.07990832892185011, -1.411939208660285, 90.2275624695318], 'radius': 12.0}","{'center': [Decimal('160.54909123748385'), 110.2978393141787], 'axes': [Decimal('164.91634698681685'), Decimal('164.91634698681685')], 'angle': 90.0}",0.7829668807737722,120,8281.920388,2.2663887904985724,-1.6973718216617815,"[0.4741954036408294, 0.30063378742946]",pupil.1,1,3d c++,1581666758.222091,0.4741954036408294,0.30063378742946
"{'center': [-1.081872986844316, 6.284000031214766, 81.09395511041635], 'normal': [-0.09681510964718051, 0.6413282699895876, -0.7611339465929549], 'radius': Decimal('1.8883015249425743')}",0.9975142502382531,8717.782617,3.7766030498851486,"{'center': [151.7514818266766, 167.8908524016053], 'axes': [Decimal('20.509284888668056'), 28.87716595939929], 'angle': -81.32889958067041}","[151.7514818266766, 167.8908524016053]",28.87716595939929,"{'center': [0.07990832892185011, -1.411939208660285, 90.2275624695318], 'radius': 12.0}","{'center': [Decimal('160.54909123748385'), 110.2978393141787], 'axes': [Decimal('164.91634698681685'), Decimal('164.91634698681685')], 'angle': 90.0}",0.782752899084449,120,8281.920388,2.267024513946419,-1.6973154265658976,"[0.4742233807083644, Decimal('0.30045478165997797')]",pupil.1,1,3d c++,1581666758.230407,0.4742233807083644,0.30045478165997797
"{'center': [Decimal('-1.0657310052836049'), 6.267848127079444, 81.07833425105714], 'normal': [-0.09546994451712124, 0.6399822779783108, -0.7624356848728882], 'radius': Decimal('1.9350318053485278')}",0.9992209591327591,8717.791017,3.8700636106970556,"{'center': [Decimal('151.87420190207538'), 167.7688437229837], 'axes': [21.06729999011302, 29.59765043298494], 'angle': -81.43011349974508}","[Decimal('151.87420190207538'), 167.7688437229837]",29.59765043298494,"{'center': [0.07990832892185011, -1.411939208660285, 90.2275624695318], 'radius': 12.0}","{'center': [Decimal('160.54909123748385'), 110.2978393141787], 'axes': [Decimal('164.91634698681685'), Decimal('164.91634698681685')], 'angle': 90.0}",0.7829976515558168,120,8281.920388,2.2652715283530265,-1.695365022838025,"[Decimal('0.47460688094398557'), Decimal('0.30096315115423466')]",pupil.1,1,3d c++,1581666758.2383358,0.47460688094398557,0.30096315115423466
"{'center': [-1.075929837737067, 6.26815594754552, 81.0798755201375], 'normal': [-0.09631984722157642, 0.6400079296838171, -0.7623072457828579], 'radius': Decimal('1.9075323201571222')}",0.9982640367099879,8717.799417,3.8150646403142443,"{'center': [Decimal('151.79589605562282'), Decimal('167.77486190914664')], 'axes': [20.76284334241723, 29.1763762843826], 'angle': -81.35487183615788}","[Decimal('151.79589605562282'), Decimal('167.77486190914664')]",29.1763762843826,"{'center': [0.07990832892185011, -1.411939208660285, 90.2275624695318], 'radius': 12.0}","{'center': [Decimal('160.54909123748385'), 110.2978393141787], 'axes': [Decimal('164.91634698681685'), Decimal('164.91634698681685')], 'angle': 90.0}",0.7826767027281134,120,8281.920388,2.2653049125370774,-1.69648333475006,"[0.4743621751738213, Decimal('0.30093807537855566')]",pupil.1,1,3d c++,1581666758.24614,0.4743621751738213,0.30093807537855566
"{'center': [-1.07848488323297, 6.279103563332012, 81.08940148137786], 'normal': [-0.09653276767956835, 0.6409202309993581, -0.7615134156794955], 'radius': Decimal('1.8896051175049138')}",0.997470478937383,8717.807817,3.7792102350098276,"{'center': [151.7769049409981, Decimal('167.85588341926854')], 'axes': [Decimal('20.537739266855272'), 28.89872425992391], 'angle': -81.34839263733204}","[151.7769049409981, Decimal('167.85588341926854')]",28.89872425992391,"{'center': [0.07990832892185011, -1.411939208660285, 90.2275624695318], 'radius': 12.0}","{'center': [Decimal('160.54909123748385'), 110.2978393141787], 'axes': [Decimal('164.91634698681685'), Decimal('164.91634698681685')], 'angle': 90.0}",0.7824070917435533,120,8281.920388,2.266492823456692,-1.6968881673671172,"[Decimal('0.47430282794061907'), Decimal('0.30060048575304776')]",pupil.1,1,3d c++,1581666758.258083,0.47430282794061907,0.30060048575304776
"{'center': [Decimal('-1.0785530297350099'), 6.279677394724041, 81.08989311093487], 'normal': [-0.09653844655473832, 0.6409680502820272, -0.7614724465497453], 'radius': Decimal('1.8898142335361725')}",0.9975198752680777,8717.816217,3.779628467072345,"{'center': [151.7764384221987, Decimal('167.85994680556092')], 'axes': [20.53847130022586, 28.90174833347905], 'angle': -81.34854017085397}","[151.7764384221987, Decimal('167.85994680556092')]",28.90174833347905,"{'center': [0.07990832892185011, -1.411939208660285, 90.2275624695318], 'radius': 12.0}","{'center': [Decimal('160.54909123748385'), 110.2978393141787], 'axes': [Decimal('164.91634698681685'), Decimal('164.91634698681685')], 'angle': 90.0}",0.7819282611705058,120,8281.920388,2.2665551216065887,-1.6969022195312404,"[Decimal('0.47430137006937095'), Decimal('0.30058355497682954')]",pupil.1,1,3d c++,1581666758.267593,0.47430137006937095,0.30058355497682954
"{'center': [Decimal('-1.0711500839095716'), 6.270774166113493, 81.08147151594282], 'normal': [-0.09592153440261847, 0.6402261145644815, -0.7621742461324147], 'radius': 1.884642497326694}",0.9974561709299001,8717.824617,3.769284994653388,"{'center': [151.8319516811332, Decimal('167.79765799063165')], 'axes': [Decimal('20.508608195099708'), Decimal('28.825622262642874')], 'angle': -81.3932576823999}","[151.8319516811332, Decimal('167.79765799063165')]",28.825622262642874,"{'center': [0.07990832892185011, -1.411939208660285, 90.2275624695318], 'radius': 12.0}","{'center': [Decimal('160.54909123748385'), 110.2978393141787], 'axes': [Decimal('164.91634698681685'), Decimal('164.91634698681685')], 'angle': 90.0}",0.7816462841025218,120,8281.920388,2.265588904850951,-1.6959906178162358,"[Decimal('0.47447484900354125'), Decimal('0.30084309170570145')]",pupil.1,1,3d c++,1581666758.274216,0.47447484900354125,0.30084309170570145
"{'center': [Decimal('-1.0789765880156603'), Decimal('6.2821161176876075'), 81.09200017789412], 'normal': [-0.09657374307812587, 0.6411712771956577, -0.7612968576364736], 'radius': Decimal('1.8888005744903305')}",0.9975773372430062,8717.833017,3.777601148980661,"{'center': [Decimal('151.77339004721856'), Decimal('167.87751411778865')], 'axes': [20.52084506583546, Decimal('28.885493829041334')], 'angle': -81.34817636954438}","[Decimal('151.77339004721856'), Decimal('167.87751411778865')]",28.885493829041334,"{'center': [0.07990832892185011, -1.411939208660285, 90.2275624695318], 'radius': 12.0}","{'center': [Decimal('160.54909123748385'), 110.2978393141787], 'axes': [Decimal('164.91634698681685'), Decimal('164.91634698681685')], 'angle': 90.0}",0.7813350167001354,120,8281.920388,2.2668199183465605,-1.6969766273477618,"[Decimal('0.47429184389755796'), 0.3005103578425473]",pupil.1,1,3d c++,1581666758.282094,0.47429184389755796,0.3005103578425473
"{'center': [Decimal('-1.0735818034443592'), 6.282164010459334, 81.09135777786322], 'normal': [-0.09612417769718411, 0.6411752682599682, -0.7613503909723813], 'radius': Decimal('1.8790378093892637')}",0.9974178901118057,8717.841417,3.7580756187785274,"{'center': [151.8142336637148, Decimal('167.87982466494296')], 'axes': [Decimal('20.416753721723932'), Decimal('28.736384318562685')], 'angle': -81.38813484983478}","[151.8142336637148, Decimal('167.87982466494296')]",28.736384318562685,"{'center': [0.07990832892185011, -1.411939208660285, 90.2275624695318], 'radius': 12.0}","{'center': [Decimal('160.54909123748385'), 110.2978393141787], 'axes': [Decimal('164.91634698681685'), Decimal('164.91634698681685')], 'angle': 90.0}",0.7807139094758053,120,8281.920388,2.266825119134142,-1.6963866723228045,"[Decimal('0.47441948019910873'), Decimal('0.30050073056273763')]",pupil.1,1,3d c++,1581666758.290059,0.47441948019910873,0.30050073056273763
"{'center': [Decimal('-1.0829933332906545'), 6.29745961266969, 81.10545583029], 'normal': [-0.09690847185104204, 0.642449901777498, -0.7601755532701502], 'radius': Decimal('1.8861806969282935')}",0.9966921816677323,8717.849817,3.772361393856587,"{'center': [Decimal('151.74401697753595'), Decimal('167.98729697528543')], 'axes': [Decimal('20.450257938948774'), Decimal('28.840645645943795')], 'angle': -81.33591550037656}","[Decimal('151.74401697753595'), Decimal('167.98729697528543')]",28.840645645943795,"{'center': [0.07990832892185011, -1.411939208660285, 90.2275624695318], 'radius': 12.0}","{'center': [Decimal('160.54909123748385'), 110.2978393141787], 'axes': [Decimal('164.91634698681685'), Decimal('164.91634698681685')], 'angle': 90.0}",0.7799344249117324,120,8281.920388,2.2684872627197117,-1.697594090390146,"[Decimal('0.47420005305479984'), 0.300052929269644]",pupil.1,1,3d c++,1581666758.297591,0.47420005305479984,0.300052929269644
"{'center': [Decimal('-1.0938691624072754'), 6.30452982552509, 81.11282977760347], 'normal': [-0.09781479094409379, 0.6430390861821146, -0.7595610576606954], 'radius': Decimal('1.9054741063051959')}",0.998843320897005,8717.858217,3.8109482126103917,"{'center': [Decimal('151.66229508186532'), Decimal('168.03386685217444')], 'axes': [Decimal('20.636198771044562'), Decimal('29.133078963255823')], 'angle': -81.26375254242981}","[Decimal('151.66229508186532'), Decimal('168.03386685217444')]",29.133078963255823,"{'center': [0.07990832892185011, -1.411939208660285, 90.2275624695318], 'radius': 12.0}","{'center': [Decimal('160.54909123748385'), 110.2978393141787], 'axes': [Decimal('164.91634698681685'), Decimal('164.91634698681685')], 'angle': 90.0}",0.7797260969470199,120,8281.920388,2.2692563520751436,-1.698869500245493,"[Decimal('0.47394467213082914'), Decimal('0.29985888811593986')]",pupil.1,1,3d c++,1581666758.306247,0.47394467213082914,0.29985888811593986
"{'center': [Decimal('-1.0596979069625292'), 6.30672702433092, 81.11035405846569], 'normal': [-0.09496718632369827, 0.6432221860826004, -0.7597673675888433], 'radius': Decimal('1.8822552234380034')}",0.9983140844924575,8717.866617,3.764510446876007,"{'center': [Decimal('151.92201948855006'), Decimal('168.05580606820445')], 'axes': [Decimal('20.392483860598208'), Decimal('28.778873772687923')], 'angle': -81.51822182842805}","[Decimal('151.92201948855006'), Decimal('168.05580606820445')]",28.778873772687923,"{'center': [0.07990832892185011, -1.411939208660285, 90.2275624695318], 'radius': 12.0}","{'center': [Decimal('160.54909123748385'), 110.2978393141787], 'axes': [Decimal('164.91634698681685'), Decimal('164.91634698681685')], 'angle': 90.0}",0.7793093061075784,120,8281.920388,2.269495461905628,-1.6951464814768247,"[Decimal('0.47475631090171894'), 0.2997674747158148]",pupil.1,1,3d c++,1581666758.3139234,0.47475631090171894,0.2997674747158148
"{'center': [Decimal('-1.0872984313949223'), 6.29487753784088, 81.10382398059427], 'normal': [-0.0972672300263977, 0.642234728875097, -0.760311540744794], 'radius': Decimal('1.8828106915065068')}",0.9964307146868691,8717.875017,3.7656213830130136,"{'center': [Decimal('151.71094838386952'), Decimal('167.96908224751468')], 'axes': [20.41878054330383, Decimal('28.789683033456136')], 'angle': -81.30120425293806}","[Decimal('151.71094838386952'), Decimal('167.96908224751468')]",28.789683033456136,"{'center': [0.07990832892185011, -1.411939208660285, 90.2275624695318], 'radius': 12.0}","{'center': [Decimal('160.54909123748385'), 110.2978393141787], 'axes': [Decimal('164.91634698681685'), Decimal('164.91634698681685')], 'angle': 90.0}",0.7786616505745858,120,8281.920388,2.268206511300288,-1.6980359400489886,"[0.4740967136995923, 0.3001288239686889]",pupil.1,1,3d c++,1581666758.322361,0.4740967136995923,0.3001288239686889
"{'center': [Decimal('-1.0844886662989772'), Decimal('6.3000576503388475'), 81.10784295167885], 'normal': [-0.09703308293506895, 0.6426664049165943, -0.7599766264877467], 'radius': Decimal('1.8953608709785694')}",0.9983624947853071,8717.883417,3.790721741957139,"{'center': [Decimal('151.73307303299603'), Decimal('168.00425734587913')], 'axes': [Decimal('20.542328939990515'), 28.98019672360127], 'angle': -81.32782998703395}","[Decimal('151.73307303299603'), Decimal('168.00425734587913')]",28.98019672360127,"{'center': [0.07990832892185011, -1.411939208660285, 90.2275624695318], 'radius': 12.0}","{'center': [Decimal('160.54909123748385'), 110.2978393141787], 'axes': [Decimal('164.91634698681685'), Decimal('164.91634698681685')], 'angle': 90.0}",0.7786465765245443,120,8281.920388,2.2687698165034265,-1.6977882656640333,"[0.4741658532281126, Decimal('0.29998226105883696')]",pupil.1,1,3d c++,1581666758.330121,0.4741658532281126,0.29998226105883696
"{'center': [Decimal('-1.0821037991088087'), 6.315032670033661, 81.12022293483878], 'normal': [-0.09683434400255489, 0.6439143232244955, -0.7589449612244189], 'radius': Decimal('1.8829719251680943')}",0.9980312635212134,8717.891817,3.7659438503361886,"{'center': [Decimal('151.75217180748317'), 168.113388908204], 'axes': [20.36936500840617, Decimal('28.786342532591334')], 'angle': -81.36236013003366}","[Decimal('151.75217180748317'), 168.113388908204]",28.786342532591334,"{'center': [0.07990832892185011, -1.411939208660285, 90.2275624695318], 'radius': 12.0}","{'center': [Decimal('160.54909123748385'), 110.2978393141787], 'axes': [Decimal('164.91634698681685'), Decimal('164.91634698681685')], 'angle': 90.0}",0.7788081669636404,120,8281.920388,2.2703997569287395,-1.697701378392808,"[Decimal('0.47422553689838487'), 0.2995275462158167]",pupil.1,1,3d c++,1581666758.3421152,0.47422553689838487,0.2995275462158167
"{'center': [-1.076697370141261, 6.297375964776683, 81.10458473123225], 'normal': [-0.09638380825525926, 0.6424429311197474, -0.7602481448582962], 'radius': Decimal('1.8892534410323718')}",0.9982564727901944,8717.900217,3.7785068820647436,"{'center': [Decimal('151.79201179643948'), 167.9866560874337], 'axes': [Decimal('20.486342346050638'), 28.8879491183955], 'angle': -81.3822928830865}","[Decimal('151.79201179643948'), 167.9866560874337]",28.8879491183955,"{'center': [0.07990832892185011, -1.411939208660285, 90.2275624695318], 'radius': 12.0}","{'center': [Decimal('160.54909123748385'), 110.2978393141787], 'axes': [Decimal('164.91634698681685'), Decimal('164.91634698681685')], 'angle': 90.0}",0.7787053995322979,120,8281.920388,2.2684781665702554,-1.6969029665044508,"[0.4743500368638734, Decimal('0.30005559963569295')]",pupil.1,1,3d c++,1581666758.3504262,0.4743500368638734,0.30005559963569295
"{'center': [Decimal('-1.0728964556839882'), 6.297261660964358, 81.10400707262822], 'normal': [-0.09606706538381986, 0.6424334058020535, -0.7602962830752987], 'radius': 1.884814813779827}",0.998289572377027,8717.908617,3.769629627559654,"{'center': [Decimal('151.82083054011827'), Decimal('167.98683279977016')], 'axes': [20.44001004915045, Decimal('28.820268466591386')], 'angle': -81.4102258037648}","[Decimal('151.82083054011827'), Decimal('167.98683279977016')]",28.820268466591386,"{'center': [0.07990832892185011, -1.411939208660285, 90.2275624695318], 'radius': 12.0}","{'center': [Decimal('160.54909123748385'), 110.2978393141787], 'axes': [Decimal('164.91634698681685'), Decimal('164.91634698681685')], 'angle': 90.0}",0.7787982434865559,120,8281.920388,2.268465736906558,-1.6964850299591125,"[0.4744400954378696, 0.300054863334291]",pupil.1,1,3d c++,1581666758.358159,0.4744400954378696,0.300054863334291
"{'center': [Decimal('-1.0737444078702765'), 6.317078609193808, 81.12089628842106], 'normal': [-0.09613772806601054, 0.6440848181545077, -0.7588888484258945], 'radius': 1.878288542765282}",0.9977421649232654,8717.917017,3.756577085530564,"{'center': [151.815854151521, 168.1293590279813], 'axes': [Decimal('20.316615914780332'), 28.71448951285804], 'angle': -81.42622201269896}","[151.815854151521, 168.1293590279813]",28.71448951285804,"{'center': [0.07990832892185011, -1.411939208660285, 90.2275624695318], 'radius': 12.0}","{'center': [Decimal('160.54909123748385'), 110.2978393141787], 'axes': [Decimal('164.91634698681685'), Decimal('164.91634698681685')], 'angle': 90.0}",0.7782759796674643,120,8281.920388,2.2706226185887153,-1.6968073218645419,"[0.4744245442235031, 0.2994610040500779]",pupil.1,1,3d c++,1581666758.367158,0.4744245442235031,0.2994610040500779
"{'center': [Decimal('-1.0766434085271144'), 6.308482580200404, 81.11397505947812], 'normal': [-0.09637931145408037, 0.6433684824050574, -0.7594656175044731], 'radius': Decimal('1.8773129138644156')}",0.9981894935841763,8717.925417,3.754625827728831,"{'center': [151.7930537899408, 168.0679267273175], 'axes': [20.3275800046063, 28.70201415493008], 'angle': -81.3952097286476}","[151.7930537899408, 168.0679267273175]",28.70201415493008,"{'center': [0.07990832892185011, -1.411939208660285, 90.2275624695318], 'radius': 12.0}","{'center': [Decimal('160.54909123748385'), 110.2978393141787], 'axes': [Decimal('164.91634698681685'), Decimal('164.91634698681685')], 'angle': 90.0}",0.7781114157501379,120,8281.920388,2.269686544533406,-1.697025700015201,"[Decimal('0.47435329309356505'), 0.2997169719695104]",pupil.1,1,3d c++,1581666758.37447,0.47435329309356505,0.2997169719695104
"{'center': [Decimal('-1.0877579242559052'), 6.298664494165641, 81.10708298327907], 'normal': [-0.09730552109814627, 0.6425503085688272, -0.760039957187728], 'radius': Decimal('1.8847396960105147')}",0.9984698619940582,8717.933817,3.7694793920210294,"{'center': [Decimal('151.70781319850914'), 167.9957919798502], 'axes': [Decimal('20.429523305126327'), Decimal('28.818030716749018')], 'angle': -81.30212713181643}","[Decimal('151.70781319850914'), 167.9957919798502]",28.818030716749018,"{'center': [0.07990832892185011, -1.411939208660285, 90.2275624695318], 'radius': 12.0}","{'center': [Decimal('160.54909123748385'), 110.2978393141787], 'axes': [Decimal('164.91634698681685'), Decimal('164.91634698681685')], 'angle': 90.0}",0.7778577878309823,120,8281.920388,2.268618293228517,-1.6981304851168924,"[Decimal('0.47408691624534105'), Decimal('0.30001753341729087')]",pupil.1,1,3d c++,1581666758.382399,0.47408691624534105,0.30001753341729087
"{'center': [-1.078966167977055, Decimal('6.3049570705167675'), 81.1112846261979], 'normal': [-0.09657287474157542, 0.643074689931421, -0.7596898202778254], 'radius': Decimal('1.8635674503401256')}",0.9964093702327612,8717.942217,3.727134900680251,"{'center': [151.7747525997247, Decimal('168.04478849833285')], 'axes': [Decimal('20.186978879032704'), Decimal('28.492757224194122')], 'angle': -81.37411087357968}","[151.7747525997247, Decimal('168.04478849833285')]",28.492757224194122,"{'center': [0.07990832892185011, -1.411939208660285, 90.2275624695318], 'radius': 12.0}","{'center': [Decimal('160.54909123748385'), 110.2978393141787], 'axes': [Decimal('164.91634698681685'), Decimal('164.91634698681685')], 'angle': 90.0}",0.7770123637940385,120,8281.920388,2.2693028431868774,-1.6972395895580603,"[Decimal('0.47429610187413973'), Decimal('0.29981338125694645')]",pupil.1,1,3d c++,1581666758.392031,0.47429610187413973,0.29981338125694645
"{'center': [Decimal('-1.0931027735349337'), 6.333325950119348, 81.13718774822865], 'normal': [-0.09775092520473198, 0.6454387632316361, -0.7575312267752631], 'radius': 1.877622341094566}",0.9990281027972848,8717.950617,3.755244682189132,"{'center': [151.6698725371746, Decimal('168.24401412882372')], 'axes': [20.25866119813641, 28.69855504472009], 'angle': -81.30216753543222}","[151.6698725371746, Decimal('168.24401412882372')]",28.69855504472009,"{'center': [0.07990832892185011, -1.411939208660285, 90.2275624695318], 'radius': 12.0}","{'center': [Decimal('160.54909123748385'), 110.2978393141787], 'axes': [Decimal('164.91634698681685'), Decimal('164.91634698681685')], 'angle': 90.0}",0.7770662165562658,120,8281.920388,2.27239390946321,-1.6991259954293068,"[Decimal('0.47396835167867063'), Decimal('0.29898327446323447')]",pupil.1,1,3d c++,1581666758.398164,0.47396835167867063,0.29898327446323447
"{'center': [Decimal('-1.0956056114710553'), 6.344235119689661, 81.146817634212], 'normal': [-0.09795949503274211, 0.6463478606958288, -0.7567287362766499], 'radius': Decimal('1.8782375440213914')}",0.9982573167935033,8717.959017,3.756475088042783,"{'center': [Decimal('151.65176720307971'), 168.3215516000397], 'axes': [Decimal('20.235348683084624'), Decimal('28.704562070374905')], 'angle': -81.29616296381276}","[Decimal('151.65176720307971'), 168.3215516000397]",28.704562070374905,"{'center': [0.07990832892185011, -1.411939208660285, 90.2275624695318], 'radius': 12.0}","{'center': [Decimal('160.54909123748385'), 110.2978393141787], 'axes': [Decimal('164.91634698681685'), Decimal('164.91634698681685')], 'angle': 90.0}",0.7767074929990292,120,8281.920388,2.2735847198721455,-1.6995316812576307,"[Decimal('0.47391177250962413'), 0.2986602016665013]",pupil.1,1,3d c++,1581666758.407155,0.47391177250962413,0.2986602016665013
"{'center': [-1.077862778619884, Decimal('6.3279307258020445'), 81.13064104191973], 'normal': [-0.09648092562847785, 0.6449891612051941, -0.7580767856343394], 'radius': Decimal('1.8686025976870897')}",0.9986531622817733,8717.967417,3.7372051953741794,"{'center': [151.7851792581088, Decimal('168.20808228675745')], 'axes': [Decimal('20.181617656305576'), 28.5629590330325], 'angle': -81.40807653372538}","[151.7851792581088, Decimal('168.20808228675745')]",28.5629590330325,"{'center': [0.07990832892185011, -1.411939208660285, 90.2275624695318], 'radius': 12.0}","{'center': [Decimal('160.54909123748385'), 110.2978393141787], 'axes': [Decimal('164.91634698681685'), Decimal('164.91634698681685')], 'angle': 90.0}",0.7768320740131118,120,8281.920388,2.271805426592291,-1.6973864103950802,"[0.47432868518159, Decimal('0.29913299047184394')]",pupil.1,1,3d c++,1581666758.4141269,0.47432868518159,0.29913299047184394
"{'center': [Decimal('-1.0722411263541172'), 6.321722237856828, 81.12464907527378], 'normal': [-0.09601245460633061, 0.6444717872097594, -0.7585761161881686], 'radius': 1.863275874026028}",0.9969982093423558,8717.975817,3.726551748052056,"{'center': [Decimal('151.82732378551194'), 168.1650310421276], 'axes': [Decimal('20.142577690617923'), 28.48361592991701], 'angle': -81.44248623019166}","[Decimal('151.82732378551194'), 168.1650310421276]",28.48361592991701,"{'center': [0.07990832892185011, -1.411939208660285, 90.2275624695318], 'radius': 12.0}","{'center': [Decimal('160.54909123748385'), 110.2978393141787], 'axes': [Decimal('164.91634698681685'), Decimal('164.91634698681685')], 'angle': 90.0}",0.7759892453368944,120,8281.920388,2.2711285986586414,-1.6966961871967954,"[0.4744603868297248, 0.2993123706578017]",pupil.1,1,3d c++,1581666758.426105,0.4744603868297248,0.2993123706578017
"{'center': [Decimal('-1.1090106074578914'), 6.33287496232968, 81.13887030731448], 'normal': [-0.09907657803164512, 0.6454011809158304, -0.7573910135181107], 'radius': Decimal('1.8807028054088994')}",0.9974724776317406,8717.984217,3.761405610817799,"{'center': [Decimal('151.54886524306073'), Decimal('168.23911781951293')], 'axes': [Decimal('20.286609053547107'), 28.74505605534495], 'angle': -81.18486412733702}","[Decimal('151.54886524306073'), Decimal('168.23911781951293')]",28.74505605534495,"{'center': [0.07990832892185011, -1.411939208660285, 90.2275624695318], 'radius': 12.0}","{'center': [Decimal('160.54909123748385'), 110.2978393141787], 'axes': [Decimal('164.91634698681685'), Decimal('164.91634698681685')], 'angle': 90.0}",0.7758375590749989,120,8281.920388,2.2723447068668463,-1.7008707198479265,"[0.4735902038845648, Decimal('0.29900367575202946')]",pupil.1,1,3d c++,1581666758.4346561,0.4735902038845648,0.29900367575202946
"{'center': [Decimal('-1.0864667679661262'), 6.324423281958405, 81.1287568035607], 'normal': [-0.09719792474066469, 0.6446968742182242, -0.7582338054975915], 'radius': 1.855211344500338}",0.9974960526996088,8717.992617,3.710422689000676,"{'center': [Decimal('151.71908621678307'), 168.184563167842], 'axes': [Decimal('20.042678965931568'), 28.3588760092967], 'angle': -81.34085932928348}","[Decimal('151.71908621678307'), 168.184563167842]",28.3588760092967,"{'center': [0.07990832892185011, -1.411939208660285, 90.2275624695318], 'radius': 12.0}","{'center': [Decimal('160.54909123748385'), 110.2978393141787], 'axes': [Decimal('164.91634698681685'), Decimal('164.91634698681685')], 'angle': 90.0}",0.775222832053013,120,8281.920388,2.2714230096873202,-1.6982909147541332,"[0.4741221444274471, 0.2992309868006584]",pupil.1,1,3d c++,1581666758.442506,0.4741221444274471,0.2992309868006584
"{'center': [Decimal('-1.0865502576073311'), 6.314922962134564, 81.12069828039118], 'normal': [-0.0972048822107651, 0.6439051808995707, -0.7589053490950518], 'radius': Decimal('1.8641865728468092')}",0.9976220340500606,8718.001017,3.7283731456936184,"{'center': [Decimal('151.71786889965563'), Decimal('168.11530480750693')], 'axes': [Decimal('20.164573893533834'), Decimal('28.498926533760724')], 'angle': -81.32949560121318}","[Decimal('151.71786889965563'), Decimal('168.11530480750693')]",28.498926533760724,"{'center': [0.07990832892185011, -1.411939208660285, 90.2275624695318], 'radius': 12.0}","{'center': [Decimal('160.54909123748385'), 110.2978393141787], 'axes': [Decimal('164.91634698681685'), Decimal('164.91634698681685')], 'angle': 90.0}",0.7746550391873774,120,8281.920388,2.2703878077618596,-1.698188333566081,"[Decimal('0.47411834031142386'), 0.2995195633020544]",pupil.1,1,3d c++,1581666758.449902,0.47411834031142386,0.2995195633020544
"{'center': [-1.080209285200409, 6.301187630174518, 81.1082532035046], 'normal': [-0.09667646784352159, 0.6427605699029003, -0.7599424388355999], 'radius': 1.879814027001909}",0.9980654005019355,8718.009417,3.759628054003818,"{'center': [151.7653657573087, 168.0151610152832], 'axes': [Decimal('20.372490575996522'), Decimal('28.742284844211856')], 'angle': -81.36068222111624}","[151.7653657573087, 168.0151610152832]",28.742284844211856,"{'center': [0.07990832892185011, -1.411939208660285, 90.2275624695318], 'radius': 12.0}","{'center': [Decimal('160.54909123748385'), 110.2978393141787], 'axes': [Decimal('164.91634698681685'), Decimal('164.91634698681685')], 'angle': 90.0}",0.7741968290942647,120,8281.920388,2.268892730184677,-1.6973321522267746,"[0.4742667679915897, 0.2999368291029866]",pupil.1,1,3d c++,1581666758.4579608,0.4742667679915897,0.2999368291029866
"{'center': [Decimal('-1.0805022512818414'), 6.304180620926201, 81.11082280774407], 'normal': [-0.09670088168364097, 0.6430099857988738, -0.7597283051489779], 'radius': Decimal('1.8721208997288152')}",0.9967098877789978,8718.017817,3.7442417994576305,"{'center': [Decimal('151.76319931496488'), Decimal('168.03775867843746')], 'axes': [Decimal('20.281102398535666'), Decimal('28.623726114489397')], 'angle': -81.36190557027436}","[Decimal('151.76319931496488'), Decimal('168.03775867843746')]",28.623726114489397,"{'center': [0.07990832892185011, -1.411939208660285, 90.2275624695318], 'radius': 12.0}","{'center': [Decimal('160.54909123748385'), 110.2978393141787], 'axes': [Decimal('164.91634698681685'), Decimal('164.91634698681685')], 'angle': 90.0}",0.7735793574324856,120,8281.920388,2.269218354358421,-1.6973990601921098,"[Decimal('0.47425999785926526'), 0.2998426721731773]",pupil.1,1,3d c++,1581666758.466722,0.47425999785926526,0.2998426721731773
"{'center': [Decimal('-1.0883624204712554'), Decimal('6.3101028481886035'), 81.11684296290834], 'normal': [-0.0973558957827588, 0.6435035047374074, -0.7592266255519561], 'radius': Decimal('1.8583338791681143')}",0.9982165678558577,8718.026217,3.7166677583362286,"{'center': [Decimal('151.70353202362622'), Decimal('168.08169071623408')], 'axes': [Decimal('20.113103605881616'), 28.41078011007998], 'angle': -81.31068150883102}","[Decimal('151.70353202362622'), Decimal('168.08169071623408')]",28.41078011007998,"{'center': [0.07990832892185011, -1.411939208660285, 90.2275624695318], 'radius': 12.0}","{'center': [Decimal('160.54909123748385'), 110.2978393141787], 'axes': [Decimal('164.91634698681685'), Decimal('164.91634698681685')], 'angle': 90.0}",0.7731776446951333,120,8281.920388,2.2698629290502215,-1.6983306986875637,"[Decimal('0.47407353757383197'), 0.2996596220156913]",pupil.1,1,3d c++,1581666758.473838,0.47407353757383197,0.2996596220156913
"{'center': [Decimal('-1.0738503883479538'), 6.294789294130767, 81.1020391088367], 'normal': [-0.09614655977248365, 0.6422273752325877, -0.7604602800579247], 'radius': Decimal('1.8869796246750017')}",0.9988464815404483,8718.034616,3.7739592493500034,"{'center': [151.8134170186765, Decimal('167.96874885408533')], 'axes': [20.46965147807688, Decimal('28.854076110665122')], 'angle': -81.40039750131285}","[151.8134170186765, Decimal('167.96874885408533')]",28.854076110665122,"{'center': [0.07990832892185011, -1.411939208660285, 90.2275624695318], 'radius': 12.0}","{'center': [Decimal('160.54909123748385'), 110.2978393141787], 'axes': [Decimal('164.91634698681685'), Decimal('164.91634698681685')], 'angle': 90.0}",0.7731800471861505,120,8281.920388,2.268196917646066,-1.6965611002581626,"[0.474416928183364, Decimal('0.30013021310797783')]",pupil.1,1,3d c++,1581666758.482166,0.474416928183364,0.30013021310797783
"{'center': [Decimal('-1.0821091456098217'), Decimal('6.3108230356039074'), 81.11665369447262], 'normal': [-0.09683478954430598, 0.6435635203553494, -0.759242397921599], 'radius': 1.89330646593954}",0.9988957063675244,8718.043016,3.78661293187908,"{'center': [Decimal('151.75203037230193'), 168.0816537440339], 'axes': [20.49241076059324, Decimal('28.945640851083123')], 'angle': -81.35756644099742}","[Decimal('151.75203037230193'), 168.0816537440339]",28.945640851083123,"{'center': [0.07990832892185011, -1.411939208660285, 90.2275624695318], 'radius': 12.0}","{'center': [Decimal('160.54909123748385'), 110.2978393141787], 'axes': [Decimal('164.91634698681685'), Decimal('164.91634698681685')], 'angle': 90.0}",0.7729848254921512,120,8281.920388,2.269941338001843,-1.6976527719384695,"[Decimal('0.47422509491344356'), 0.2996597760665254]",pupil.1,1,3d c++,1581666758.4899046,0.47422509491344356,0.2996597760665254
"{'center': [Decimal('-1.0798905478008896'), 6.293028706899224, 81.10131811680098], 'normal': [-0.09664990639356164, 0.6420806596299591, -0.7605203627275685], 'radius': Decimal('1.8615400118879495')}",0.9979987410742648,8718.051416,3.723080023775899,"{'center': [Decimal('151.76667864585573'), Decimal('167.95983102004328')], 'axes': [20.19576526310767, Decimal('28.465241273698805')], 'angle': -81.35379993085716}","[Decimal('151.76667864585573'), Decimal('167.95983102004328')]",28.465241273698805,"{'center': [0.07990832892185011, -1.411939208660285, 90.2275624695318], 'radius': 12.0}","{'center': [Decimal('160.54909123748385'), 110.2978393141787], 'axes': [Decimal('164.91634698681685'), Decimal('164.91634698681685')], 'angle': 90.0}",0.7726929617442924,120,8281.920388,2.2680055267448784,-1.6972026487366654,"[Decimal('0.47427087076829916'), 0.3001673707498197]",pupil.1,1,3d c++,1581666758.4981132,0.47427087076829916,0.3001673707498197
"{'center': [-1.086178099717204, 6.287791760460771, 81.09770017899851], 'normal': [-0.09717386905325451, 0.6416442474267546, -0.7608218575444415], 'radius': 1.880992195328184}",0.999375396104375,8718.059816,3.761984390656368,"{'center': [Decimal('151.71884327425462'), 167.9188245992491], 'axes': [20.41815801514648, 28.76403678844689], 'angle': -81.30140019118487}","[Decimal('151.71884327425462'), 167.9188245992491]",28.76403678844689,"{'center': [0.07990832892185011, -1.411939208660285, 90.2275624695318], 'radius': 12.0}","{'center': [Decimal('160.54909123748385'), 110.2978393141787], 'axes': [Decimal('164.91634698681685'), Decimal('164.91634698681685')], 'angle': 90.0}",0.7729338417803544,120,8281.920388,2.2674364070807655,-1.6978307729096669,"[0.4741213852320457, Decimal('0.30033823083646216')]",pupil.1,1,3d c++,1581666758.5113142,0.4741213852320457,0.30033823083646216
"{'center': [Decimal('-1.0881524225814363'), 6.291927221238336, 81.10144192950612], 'normal': [-0.0973383959586072, 0.6419888691582184, -0.7605100450021403], 'radius': Decimal('1.8797758732110914')}",0.9973426250681062,8718.068216,3.759551746422183,"{'center': [Decimal('151.70412777728308'), Decimal('167.94843006568175')], 'axes': [Decimal('20.393275468796652'), Decimal('28.744109903721924')], 'angle': -81.2915353220546}","[Decimal('151.70412777728308'), Decimal('167.94843006568175')]",28.744109903721924,"{'center': [0.07990832892185011, -1.411939208660285, 90.2275624695318], 'radius': 12.0}","{'center': [Decimal('160.54909123748385'), 110.2978393141787], 'axes': [Decimal('164.91634698681685'), Decimal('164.91634698681685')], 'angle': 90.0}",0.7724178370837387,120,8281.920388,2.2678858014258028,-1.6980951552443062,"[0.4740753993040096, 0.300214874726326]",pupil.1,1,3d c++,1581666758.5181172,0.4740753993040096,0.300214874726326
"{'center': [-1.103002433585504, 6.289281098779566, 81.10112132830811], 'normal': [-0.09857589687561284, 0.6417683589533208, -0.7605367617686407], 'radius': Decimal('1.8803085224615843')}",0.9984591589128011,8718.076616,3.7606170449231686,"{'center': [151.5908720028078, 167.9283485530451], 'axes': [Decimal('20.399995969657535'), 28.75237134656564], 'angle': -81.178858298363}","[151.5908720028078, 167.9283485530451]",28.75237134656564,"{'center': [0.07990832892185011, -1.411939208660285, 90.2275624695318], 'radius': 12.0}","{'center': [Decimal('160.54909123748385'), 110.2978393141787], 'axes': [Decimal('164.91634698681685'), Decimal('164.91634698681685')], 'angle': 90.0}",0.7723135847087059,120,8281.920388,2.267598231777608,-1.6996913198242662,"[0.4737214750087744, Decimal('0.30029854769564535')]",pupil.1,1,3d c++,1581666758.526502,0.4737214750087744,0.30029854769564535
"{'center': [Decimal('-1.1112081672245424'), 6.267398996532087, 81.08376641849912], 'normal': [-0.09925970801219937, 0.6399448504326977, -0.7619830042527229], 'radius': Decimal('1.8879276555360816')}",0.9987543346963728,8718.085016,3.775855311072163,"{'center': [Decimal('151.52673866216506'), Decimal('167.77008349073344')], 'axes': [Decimal('20.537018918594015'), Decimal('28.875068644369943')], 'angle': -81.09275759318469}","[Decimal('151.52673866216506'), Decimal('167.77008349073344')]",28.875068644369943,"{'center': [0.07990832892185011, -1.411939208660285, 90.2275624695318], 'radius': 12.0}","{'center': [Decimal('160.54909123748385'), 110.2978393141787], 'axes': [Decimal('164.91634698681685'), Decimal('164.91634698681685')], 'angle': 90.0}",0.7726457128027553,120,8281.920388,2.26522282027176,-1.7003319075667085,"[Decimal('0.47352105831926583'), 0.3009579854552773]",pupil.1,1,3d c++,1581666758.5336974,0.47352105831926583,0.3009579854552773
"{'center': [Decimal('-1.1006507435941952'), 6.291703583359445, 81.10286148762218], 'normal': [-0.09837992270967044, 0.6419702326683109, -0.7603917484924689], 'radius': Decimal('1.8905360685011972')}",0.9990710150560616,8718.093416,3.7810721370023943,"{'center': [Decimal('151.60922962487882'), 167.9441755855914], 'axes': [Decimal('20.505562262546146'), Decimal('28.908180684375846')], 'angle': -81.19901291881659}","[Decimal('151.60922962487882'), 167.9441755855914]",28.908180684375846,"{'center': [0.07990832892185011, -1.411939208660285, 90.2275624695318], 'radius': 12.0}","{'center': [Decimal('160.54909123748385'), 110.2978393141787], 'axes': [Decimal('164.91634698681685'), Decimal('164.91634698681685')], 'angle': 90.0}",0.773100784336922,120,8281.920388,2.2678614947073843,-1.699462153364868,"[Decimal('0.47377884257774633'), 0.3002326017267024]",pupil.1,1,3d c++,1581666758.5425,0.47377884257774633,0.3002326017267024
"{'center': [-1.096639441832808, Decimal('6.2782547933497925'), 81.09100668769692], 'normal': [-0.09804564756288818, 0.6408495001675064, -0.7613796484862405], 'radius': Decimal('1.8781226403601152')}",0.9982350440236516,8718.101816,3.7562452807202305,"{'center': [Decimal('151.63833192406764'), 167.8503586857897], 'axes': [Decimal('20.407806802499515'), Decimal('28.722511473840996')], 'angle': -81.21313859343348}","[Decimal('151.63833192406764'), 167.8503586857897]",28.722511473840996,"{'center': [0.07990832892185011, -1.411939208660285, 90.2275624695318], 'radius': 12.0}","{'center': [Decimal('160.54909123748385'), 110.2978393141787], 'axes': [Decimal('164.91634698681685'), Decimal('164.91634698681685')], 'angle': 90.0}",0.7733122909231227,120,8281.920388,2.2664006824702483,-1.698865187668797,"[0.4738697872627114, Decimal('0.30062350547587624')]",pupil.1,1,3d c++,1581666758.550473,0.4738697872627114,0.30062350547587624
"{'center': [Decimal('-1.0914764867607387'), Decimal('6.2813371743800035'), 81.09293844290964], 'normal': [-0.0976154013068824, 0.6411063652533574, -0.7612186688851798], 'radius': 1.866928868732596}",0.9964710199943928,8718.110216,3.733857737465192,"{'center': [Decimal('151.67762640893167'), Decimal('167.87457046275892')], 'axes': [Decimal('20.280157709466774'), Decimal('28.550605658697908')], 'angle': -81.25485798977151}","[Decimal('151.67762640893167'), Decimal('167.87457046275892')]",28.550605658697908,"{'center': [0.07990832892185011, -1.411939208660285, 90.2275624695318], 'radius': 12.0}","{'center': [Decimal('160.54909123748385'), 110.2978393141787], 'axes': [Decimal('164.91634698681685'), Decimal('164.91634698681685')], 'angle': 90.0}",0.7730205975542415,120,8281.920388,2.2667353342518255,-1.6983359525610404,"[0.4739925825279115, Decimal('0.30052262307183786')]",pupil.1,1,3d c++,1581666758.5584474,0.4739925825279115,0.30052262307183786
"{'center': [Decimal('-1.1019186318594623'), 6.282441474659495, 81.09521387046235], 'normal': [-0.09848558006510935, 0.6411983902766484, -0.7610290499224547], 'radius': 1.855878862027294}",0.9971801402202916,8718.118616,3.711757724054588,"{'center': [Decimal('151.59794952340167'), 167.8834667663127], 'axes': [Decimal('20.153022604409127'), Decimal('28.380789086533877')], 'angle': -81.17895404327358}","[Decimal('151.59794952340167'), 167.8834667663127]",28.380789086533877,"{'center': [0.07990832892185011, -1.411939208660285, 90.2275624695318], 'radius': 12.0}","{'center': [Decimal('160.54909123748385'), 110.2978393141787], 'axes': [Decimal('164.91634698681685'), Decimal('164.91634698681685')], 'angle': 90.0}",0.7758042243066643,120,8281.920388,2.2668552500623487,-1.6994921401748557,"[Decimal('0.47374359226063023'), 0.3004855551403638]",pupil.1,1,3d c++,1581666758.56739,0.47374359226063023,0.3004855551403638
"{'center': [Decimal('-1.0873862614518668'), 6.272563243400463, 81.08503298346743], 'normal': [-0.09727454919780974, 0.6403752043383957, -0.7618774571720316], 'radius': 1.881742892934129}",0.9988887800766151,8718.127016,3.763485785868258,"{'center': [Decimal('151.70839805026225'), 167.8097542583143], 'axes': [Decimal('20.465852747619408'), Decimal('28.780003239203044')], 'angle': -81.27505374916659}","[Decimal('151.70839805026225'), 167.8097542583143]",28.780003239203044,"{'center': [0.07990832892185011, -1.411939208660285, 90.2275624695318], 'radius': 12.0}","{'center': [Decimal('160.54909123748385'), 110.2978393141787], 'axes': [Decimal('164.91634698681685'), Decimal('164.91634698681685')], 'angle': 90.0}",0.7766935761554294,120,8281.920388,2.265783000726854,-1.6977866771705559,"[0.4740887439070695, Decimal('0.30079269059035707')]",pupil.1,1,3d c++,1581666758.5737786,0.4740887439070695,0.30079269059035707
"{'center': [-1.131868962267369, 6.268100459528131, 81.08707088036601], 'normal': [Decimal('-0.10098144093243493'), 0.640003305682368, -0.7617076324304823], 'radius': 1.906324190236229}",0.9995341542212168,8718.135416,3.812648380472458,"{'center': [Decimal('151.36997025419373'), Decimal('167.77056594741546')], 'axes': [Decimal('20.726687645921405'), Decimal('29.155317765389793')], 'angle': -80.94076295625281}","[Decimal('151.36997025419373'), Decimal('167.77056594741546')]",29.155317765389793,"{'center': [0.07990832892185011, -1.411939208660285, 90.2275624695318], 'radius': 12.0}","{'center': [Decimal('160.54909123748385'), 110.2978393141787], 'axes': [Decimal('164.91634698681685'), Decimal('164.91634698681685')], 'angle': 90.0}",0.7772749932612344,120,8281.920388,2.2652988946029193,-1.7026001840618472,"[0.4730311570443554, 0.3009559752191022]",pupil.1,1,3d c++,1581666758.5819302,0.4730311570443554,0.3009559752191022
"{'center': [Decimal('-1.1870060386482637'), 6.269782809238579, 81.09596486423993], 'normal': [Decimal('-0.10557619729750947'), 0.640143501491572, -0.7609664671076559], 'radius': Decimal('1.8743719113306756')}",0.9989027203474669,8718.143816,3.748743822661351,"{'center': [150.9496007032473, 167.7835429194802], 'axes': [Decimal('20.351224705857188'), Decimal('28.663398408865213')], 'angle': -80.53569222759067}","[150.9496007032473, 167.7835429194802]",28.663398408865213,"{'center': [0.07990832892185011, -1.411939208660285, 90.2275624695318], 'radius': 12.0}","{'center': [Decimal('160.54909123748385'), 110.2978393141787], 'axes': [Decimal('164.91634698681685'), Decimal('164.91634698681685')], 'angle': 90.0}",0.7776224388050257,120,8281.920388,2.2654813666821685,-1.7086559019844918,"[Decimal('0.47171750219764785'), 0.3009019045021658]",pupil.1,1,3d c++,1581666758.5939732,0.47171750219764785,0.3009019045021658
"{'center': [Decimal('-1.2140570650598985'), 6.257887282414847, 81.0897610295803], 'normal': [Decimal('-0.10783044949847904'), 0.6391522075895943, -0.7614834533292921], 'radius': Decimal('1.8968791924402397')}",0.9988790767837262,8718.152216,3.7937583848804795,"{'center': [Decimal('150.74323328744921'), Decimal('167.69269908899952')], 'axes': [Decimal('20.615106748790325'), Decimal('29.009881100130034')], 'angle': -80.32124741184535}","[Decimal('150.74323328744921'), Decimal('167.69269908899952')]",29.009881100130034,"{'center': [0.07990832892185011, -1.411939208660285, 90.2275624695318], 'radius': 12.0}","{'center': [Decimal('160.54909123748385'), 110.2978393141787], 'axes': [Decimal('164.91634698681685'), Decimal('164.91634698681685')], 'angle': 90.0}",0.7774735109914999,120,8281.920388,2.264191740984158,-1.711466820117916,"[0.4710726040232788, Decimal('0.30128042046250203')]",pupil.1,1,3d c++,1581666758.6021788,0.4710726040232788,0.30128042046250203
"{'center': [-1.210134588808866, 6.256317764724044, 81.08788937578521], 'normal': [Decimal('-0.10750357647755966'), 0.6390214144486941, -0.7616394244788828], 'radius': Decimal('1.8844965796721327')}",0.9987806363973932,8718.160616,3.7689931593442654,"{'center': [Decimal('150.77260684762513'), Decimal('167.68379379009656')], 'axes': [20.48634325596431, 28.82112790862541], 'angle': -80.34819658819522}","[Decimal('150.77260684762513'), Decimal('167.68379379009656')]",28.82112790862541,"{'center': [0.07990832892185011, -1.411939208660285, 90.2275624695318], 'radius': 12.0}","{'center': [Decimal('160.54909123748385'), 110.2978393141787], 'axes': [Decimal('164.91634698681685'), Decimal('164.91634698681685')], 'angle': 90.0}",0.7774614945775915,120,8281.920388,2.2640216886425795,-1.7110176294451682,"[0.4711643963988285, 0.3013175258745977]",pupil.1,1,3d c++,1581666758.611351,0.4711643963988285,0.3013175258745977
"{'center': [Decimal('-1.2021318442911029'), 6.259934213485088, 81.08979845480437], 'normal': [Decimal('-0.10683668110107941'), 0.639322785178781, -0.7614803345606191], 'radius': Decimal('1.8940858913229934')}",0.9985099655675796,8718.169016,3.788171782645987,"{'center': [Decimal('150.83410492695586'), Decimal('167.70874188407473')], 'axes': [20.58467457106077, 28.96713740572869], 'angle': -80.41181285600858}","[Decimal('150.83410492695586'), Decimal('167.70874188407473')]",28.96713740572869,"{'center': [0.07990832892185011, -1.411939208660285, 90.2275624695318], 'radius': 12.0}","{'center': [Decimal('160.54909123748385'), 110.2978393141787], 'axes': [Decimal('164.91634698681685'), Decimal('164.91634698681685')], 'angle': 90.0}",0.7779549850154166,120,8281.920388,2.264413555691722,-1.7101877643919867,"[0.4713565778967371, Decimal('0.30121357548302197')]",pupil.1,1,3d c++,1581666758.617638,0.4713565778967371,0.30121357548302197
"{'center': [-1.211314602518941, 6.24987016361636, 81.08265019634868], 'normal': [Decimal('-0.10760191095339926'), 0.6384841143563871, -0.7620760227652599], 'radius': Decimal('1.8857279259461925')}",0.9989689911849171,8718.177416,3.771455851892385,"{'center': [Decimal('150.76306439421077'), Decimal('167.63738048311103')], 'axes': [20.51612459170595, Decimal('28.841823129893946')], 'angle': -80.33130709467103}","[Decimal('150.76306439421077'), Decimal('167.63738048311103')]",28.841823129893946,"{'center': [0.07990832892185011, -1.411939208660285, 90.2275624695318], 'radius': 12.0}","{'center': [Decimal('160.54909123748385'), 110.2978393141787], 'axes': [Decimal('164.91634698681685'), Decimal('164.91634698681685')], 'angle': 90.0}",0.7782875228266373,120,8281.920388,2.26332336305188,-1.7110648588117576,"[0.4711345762319087, Decimal('0.30151091465370405')]",pupil.1,1,3d c++,1581666758.626495,0.4711345762319087,0.30151091465370405
"{'center': [Decimal('-1.2018233917924113'), 6.259000463074911, 81.08897131177045], 'normal': [Decimal('-0.10681097672618844'), 0.6392449726445997, -0.7615492631467794], 'radius': Decimal('1.8736157128156143')}",0.9989935908221128,8718.185816,3.7472314256312287,"{'center': [Decimal('150.83582049736057'), Decimal('167.70539441530843')], 'axes': [Decimal('20.364679762494728'), Decimal('28.654298346259548')], 'angle': -80.4129150896982}","[Decimal('150.83582049736057'), Decimal('167.70539441530843')]",28.654298346259548,"{'center': [0.07990832892185011, -1.411939208660285, 90.2275624695318], 'radius': 12.0}","{'center': [Decimal('160.54909123748385'), 110.2978393141787], 'axes': [Decimal('164.91634698681685'), Decimal('164.91634698681685')], 'angle': 90.0}",0.7788904100417993,120,8281.920388,2.2643123652014596,-1.7101422092709035,"[0.4713619390542518, Decimal('0.30122752326954816')]",pupil.1,1,3d c++,1581666758.634288,0.4713619390542518,0.30122752326954816
"{'center': [-1.205755644154584, 6.251375920482299, 81.08312867733954], 'normal': [Decimal('-0.10713866442303617'), 0.6386095940952153, -0.7620361493493549], 'radius': Decimal('1.8653068345120543')}",0.9987375404544198,8718.194216,3.7306136690241085,"{'center': [Decimal('150.80496971355737'), Decimal('167.65187790415672')], 'axes': [Decimal('20.292395252212945'), 28.52924848900726], 'angle': -80.37426954723047}","[Decimal('150.80496971355737'), Decimal('167.65187790415672')]",28.52924848900726,"{'center': [0.07990832892185011, -1.411939208660285, 90.2275624695318], 'radius': 12.0}","{'center': [Decimal('160.54909123748385'), 110.2978393141787], 'axes': [Decimal('164.91634698681685'), Decimal('164.91634698681685')], 'angle': 90.0}",0.7789705065088026,120,8281.920388,2.2634864120636378,-1.7104760297990504,"[0.4712655303548668, 0.3014505087326803]",pupil.1,1,3d c++,1581666758.6422849,0.4712655303548668,0.3014505087326803
"{'center': [Decimal('-1.2089335648421067'), 6.243288471275692, 81.0768042637206], 'normal': [-0.1074034911469964, 0.6379356399946647, -0.7625631838175998], 'radius': Decimal('1.8896351542485161')}",0.9988276920663985,8718.202616,3.7792703084970323,"{'center': [Decimal('150.78068799921044'), 167.5898475803824], 'axes': [Decimal('20.577000574792113'), Decimal('28.903675407872914')], 'angle': -80.34053978259843}","[Decimal('150.78068799921044'), 167.5898475803824]",28.903675407872914,"{'center': [0.07990832892185011, -1.411939208660285, 90.2275624695318], 'radius': 12.0}","{'center': [Decimal('160.54909123748385'), 110.2978393141787], 'axes': [Decimal('164.91634698681685'), Decimal('164.91634698681685')], 'angle': 90.0}",0.779064359185877,120,8281.920388,2.2626109313500944,-1.71072128774236,"[Decimal('0.47118964999753266'), Decimal('0.30170896841507333')]",pupil.1,1,3d c++,1581666758.6500638,0.47118964999753266,0.30170896841507333
"{'center': [Decimal('-1.2150091232023528'), 6.240514484263264, 81.07534190456262], 'normal': [-0.1079097876770169, 0.6377044744102958, -0.7626850470807656], 'radius': Decimal('1.9025070661234265')}",0.9987987729555876,8718.211016,3.805014132246853,"{'center': [150.7345361547695, Decimal('167.56742173119815')], 'axes': [Decimal('20.721821831882966'), Decimal('29.101132352952217')], 'angle': -80.29209570070816}","[150.7345361547695, Decimal('167.56742173119815')]",29.101132352952217,"{'center': [0.07990832892185011, -1.411939208660285, 90.2275624695318], 'radius': 12.0}","{'center': [Decimal('160.54909123748385'), 110.2978393141787], 'axes': [Decimal('164.91634698681685'), Decimal('164.91634698681685')], 'angle': 90.0}",0.7790255330389462,120,8281.920388,2.2623107885762956,-1.7113500869148894,"[0.4710454254836547, 0.301802409453341]",pupil.1,1,3d c++,1581666758.658601,0.4710454254836547,0.301802409453341
"{'center': [Decimal('-1.2183001276243837'), 6.239264520423736, 81.07476309997264], 'normal': [Decimal('-0.10818403804551947'), 0.6376003107570017, -0.7627332807965969], 'radius': Decimal('1.8765194884925664')}",0.9989280428310188,8718.219416,3.753038976985133,"{'center': [Decimal('150.70866432008006'), Decimal('167.56242267086708')], 'axes': [20.44042873351437, Decimal('28.703736162491207')], 'angle': -80.26617048998247}","[Decimal('150.70866432008006'), Decimal('167.56242267086708')]",28.703736162491207,"{'center': [0.07990832892185011, -1.411939208660285, 90.2275624695318], 'radius': 12.0}","{'center': [Decimal('160.54909123748385'), 110.2978393141787], 'axes': [Decimal('164.91634698681685'), Decimal('164.91634698681685')], 'angle': 90.0}",0.7791487133191333,120,8281.920388,2.2621755680433386,-1.711693804421831,"[0.4709645760002502, 0.3018232388713872]",pupil.1,1,3d c++,1581666758.666382,0.4709645760002502,0.3018232388713872
"{'center': [Decimal('-1.2084840167336652'), 6.253960054536196, 81.08567898470332], 'normal': [Decimal('-0.10736602880462628'), 0.6388249385997068, -0.7618236237357076], 'radius': Decimal('1.8911666239663716')}",0.9983629916164822,8718.227816,3.782333247932743,"{'center': [150.7851318685553, Decimal('167.66598220955672')], 'axes': [Decimal('20.565830615908435'), Decimal('28.923947832750315')], 'angle': -80.35739249729245}","[150.7851318685553, Decimal('167.66598220955672')]",28.923947832750315,"{'center': [0.07990832892185011, -1.411939208660285, 90.2275624695318], 'radius': 12.0}","{'center': [Decimal('160.54909123748385'), 110.2978393141787], 'axes': [Decimal('164.91634698681685'), Decimal('164.91634698681685')], 'angle': 90.0}",0.7793838152531762,120,8281.920388,2.2637662832440633,-1.7108071383676717,"[Decimal('0.47120353708923535'), 0.3013917407935137]",pupil.1,1,3d c++,1581666758.678151,0.47120353708923535,0.3013917407935137
"{'center': [Decimal('-1.2149706061387275'), 6.251348730387786, 81.08440620340703], 'normal': [-0.1079065779217148, 0.6386073282540059, -0.7619296888437315], 'radius': 1.886594630016163}",0.9987849837186793,8718.236216,3.773189260032326,"{'center': [Decimal('150.73539737706858'), Decimal('167.64752558335275')], 'axes': [Decimal('20.520042904083468'), Decimal('28.854459252134284')], 'angle': -80.306192775302}","[Decimal('150.73539737706858'), Decimal('167.64752558335275')]",28.854459252134284,"{'center': [0.07990832892185011, -1.411939208660285, 90.2275624695318], 'radius': 12.0}","{'center': [Decimal('160.54909123748385'), 110.2978393141787], 'axes': [Decimal('164.91634698681685'), Decimal('164.91634698681685')], 'angle': 90.0}",0.779407392398801,120,8281.920388,2.263483467622448,-1.711483468002397,"[0.4710481168033393, Decimal('0.30146864340269686')]",pupil.1,1,3d c++,1581666758.6869211,0.4710481168033393,0.30146864340269686
"{'center': [-1.213621861623192, 6.252970170046805, 81.08557450944585], 'normal': [Decimal('-0.10779418254542017'), 0.6387424482255909, -0.7618323300071631], 'radius': Decimal('1.8802666684054925')}",0.9989324505656286,8718.244616,3.760533336810985,"{'center': [Decimal('150.74564213408226'), Decimal('167.66025350181457')], 'axes': [20.44754505450963, 28.75724111659845], 'angle': -80.3182118149167}","[Decimal('150.74564213408226'), Decimal('167.66025350181457')]",28.75724111659845,"{'center': [0.07990832892185011, -1.411939208660285, 90.2275624695318], 'radius': 12.0}","{'center': [Decimal('160.54909123748385'), 110.2978393141787], 'axes': [Decimal('164.91634698681685'), Decimal('164.91634698681685')], 'angle': 90.0}",0.779374054602755,120,8281.920388,2.2636590674458796,-1.711356576549928,"[0.4710801316690071, 0.301415610409106]",pupil.1,1,3d c++,1581666758.6942909,0.4710801316690071,0.301415610409106
"{'center': [Decimal('-1.2135187189012344'), Decimal('6.2519370480002285'), 81.08469381715825], 'normal': [Decimal('-0.10778558731859036'), 0.6386563547217095, -0.761905721031129], 'radius': Decimal('1.8890451866395597')}",0.9988177892164594,8718.253016,3.7780903732791193,"{'center': [Decimal('150.74656848714386'), 167.6514535894785], 'axes': [Decimal('20.545814468667935'), 28.89184535865346], 'angle': -80.31765929871933}","[Decimal('150.74656848714386'), 167.6514535894785]",28.89184535865346,"{'center': [0.07990832892185011, -1.411939208660285, 90.2275624695318], 'radius': 12.0}","{'center': [Decimal('160.54909123748385'), 110.2978393141787], 'axes': [Decimal('164.91634698681685'), Decimal('164.91634698681685')], 'angle': 90.0}",0.7794189700889964,120,8281.920388,2.2635471787025883,-1.7113321547478468,"[0.4710830265223246, Decimal('0.30145227671050623')]",pupil.1,1,3d c++,1581666758.7025974,0.4710830265223246,0.30145227671050623
"{'center': [Decimal('-1.2149363220790004'), 6.247708337141867, 81.08135140680963], 'normal': [Decimal('-0.10790372091673753'), 0.6383039621501793, -0.7621842552268483], 'radius': Decimal('1.8905498424247955')}",0.9990962280277893,8718.261416,3.781099684849591,"{'center': [150.7354289373075, Decimal('167.62084510158314')], 'axes': [Decimal('20.572667328375214'), 28.91605255216241], 'angle': -80.30180933453232}","[150.7354289373075, Decimal('167.62084510158314')]",28.91605255216241,"{'center': [0.07990832892185011, -1.411939208660285, 90.2275624695318], 'radius': 12.0}","{'center': [Decimal('160.54909123748385'), 110.2978393141787], 'axes': [Decimal('164.91634698681685'), Decimal('164.91634698681685')], 'angle': 90.0}",0.7798849404111019,120,8281.920388,2.2630893109112353,-1.7114334215664555,"[0.4710482154290859, 0.3015798120767369]",pupil.1,1,3d c++,1581666758.711626,0.4710482154290859,0.3015798120767369
"{'center': [Decimal('-1.2151446570765287'), 6.239021196681665, 81.07411270240321], 'normal': [Decimal('-0.10792108216653157'), 0.6375800337784958, -0.7627874805940491], 'radius': Decimal('1.8960431869746268')}",0.9989972342373125,8718.269816,3.7920863739492536,"{'center': [150.7331906214892, Decimal('167.55777678210265')], 'axes': [Decimal('20.655254607104567'), Decimal('29.002675506431103')], 'angle': -80.28918716793783}","[150.7331906214892, Decimal('167.55777678210265')]",29.002675506431103,"{'center': [0.07990832892185011, -1.411939208660285, 90.2275624695318], 'radius': 12.0}","{'center': [Decimal('160.54909123748385'), 110.2978393141787], 'axes': [Decimal('164.91634698681685'), Decimal('164.91634698681685')], 'angle': 90.0}",0.7798938670507294,120,8281.920388,2.26214924714874,-1.7113459760459193,"[Decimal('0.47104122069215376'), 0.3018425967412389]",pupil.1,1,3d c++,1581666758.718451,0.47104122069215376,0.3018425967412389
"{'center': [Decimal('-1.2097906915427445'), 6.259393451822618, 81.0904222359127], 'normal': [Decimal('-0.10747491837204955'), 0.6392777217069086, -0.761428352801592], 'radius': Decimal('1.8955352724222547')}",0.99859798553725,8718.278216,3.7910705448445094,"{'center': [Decimal('150.77580522105762'), Decimal('167.70403001005994')], 'axes': [Decimal('20.598435401362952'), Decimal('28.989086930737116')], 'angle': -80.35462763312499}","[Decimal('150.77580522105762'), Decimal('167.70403001005994')]",28.989086930737116,"{'center': [0.07990832892185011, -1.411939208660285, 90.2275624695318], 'radius': 12.0}","{'center': [Decimal('160.54909123748385'), 110.2978393141787], 'axes': [Decimal('164.91634698681685'), Decimal('164.91634698681685')], 'angle': 90.0}",0.779860050916259,120,8281.920388,2.264354952337086,-1.7110190898594462,"[0.4711743913158051, 0.301233208291417]",pupil.1,1,3d c++,1581666758.7262712,0.4711743913158051,0.301233208291417
"{'center': [Decimal('-1.1911645103261546'), 6.244869282659006, 81.07564149278672], 'normal': [Decimal('-0.10592273660400038'), 0.6380673742766075, -0.7626600813954243], 'radius': Decimal('1.8982796653911598')}",0.9995815232010017,8718.286616,3.7965593307823196,"{'center': [Decimal('150.91632458806365'), Decimal('167.60115698741404')], 'axes': [Decimal('20.674925702637267'), 29.03634476896831], 'angle': -80.47391792459378}","[Decimal('150.91632458806365'), Decimal('167.60115698741404')]",29.03634476896831,"{'center': [0.07990832892185011, -1.411939208660285, 90.2275624695318], 'radius': 12.0}","{'center': [Decimal('160.54909123748385'), 110.2978393141787], 'axes': [Decimal('164.91634698681685'), Decimal('164.91634698681685')], 'angle': 90.0}",0.7802128567330979,120,8281.920388,2.2627820070322655,-1.708799424308729,"[0.4716135143376989, 0.3016618458857748]",pupil.1,1,3d c++,1581666758.733773,0.4716135143376989,0.3016618458857748
"{'center': [Decimal('-1.2043218868281143'), 6.256823073804294, 81.08749475599689], 'normal': [Decimal('-0.10701918464583036'), 0.6390635235387149, -0.7616723094612434], 'radius': 1.889415909220161}",0.9977139905899797,8718.295016,3.778831818440322,"{'center': [Decimal('150.81702611082392'), Decimal('167.68707483316473')], 'axes': [20.54111031809889, Decimal('28.896519979975647')], 'angle': -80.39173242660073}","[Decimal('150.81702611082392'), Decimal('167.68707483316473')]",28.896519979975647,"{'center': [0.07990832892185011, -1.411939208660285, 90.2275624695318], 'radius': 12.0}","{'center': [Decimal('160.54909123748385'), 110.2978393141787], 'axes': [Decimal('164.91634698681685'), Decimal('164.91634698681685')], 'angle': 90.0}",0.7799301410890358,120,8281.920388,2.2640764346812143,-1.7103880627958081,"[Decimal('0.47130320659632474'), Decimal('0.30130385486181366')]",pupil.1,1,3d c++,1581666758.742016,0.47130320659632474,0.30130385486181366
"{'center': [Decimal('-1.1879125955676224'), 6.243171602556241, 81.07377043718682], 'normal': [Decimal('-0.10565174370745603'), 0.6379259009347105, -0.7628160026954154], 'radius': Decimal('1.8930537917884418')}",0.9982307473519012,8718.303416,3.7861075835768836,"{'center': [150.9407870282175, Decimal('167.59011280092736')], 'axes': [20.62387830944912, Decimal('28.957057073612024')], 'angle': -80.4958495370026}","[150.9407870282175, Decimal('167.59011280092736')]",28.957057073612024,"{'center': [0.07990832892185011, -1.411939208660285, 90.2275624695318], 'radius': 12.0}","{'center': [Decimal('160.54909123748385'), 110.2978393141787], 'axes': [Decimal('164.91634698681685'), Decimal('164.91634698681685')], 'angle': 90.0}",0.7797718284032529,120,8281.920388,2.2625982847594956,-1.708423022906009,"[0.4716899594631797, 0.3017078633294693]",pupil.1,1,3d c++,1581666758.750182,0.4716899594631797,0.3017078633294693
"{'center': [Decimal('-1.1279736334819863'), 6.238614057678919, 81.06186250260042], 'normal': [-0.1006568302003197, 0.637546105528267, -0.7638083305776154], 'radius': Decimal('1.8812526090593076')}",0.9990914447412166,8718.311816,3.762505218118615,"{'center': [151.3964594913134, 167.5639738898944], 'axes': [20.53272340073402, 28.78071044344806], 'angle': -80.93446290660862}","[151.3964594913134, 167.5639738898944]",28.78071044344806,"{'center': [0.07990832892185011, -1.411939208660285, 90.2275624695318], 'radius': 12.0}","{'center': [Decimal('160.54909123748385'), 110.2978393141787], 'axes': [Decimal('164.91634698681685'), Decimal('164.91634698681685')], 'angle': 90.0}",0.7799179062209283,120,8281.920388,2.2621052072589913,-1.7018241392365352,"[0.4731139359103544, 0.3018167754587733]",pupil.1,1,3d c++,1581666758.7622962,0.4731139359103544,0.3018167754587733
"{'center': [-1.157115570394024, 6.246071150631938, 81.071982247094], 'normal': [-0.1030853249429895, 0.6381675299410186, -0.7629650185364841], 'radius': Decimal('1.8961609774286192')}",0.9991628639317134,8718.320216,3.7923219548572384,"{'center': [Decimal('151.17558754661349'), Decimal('167.61273314316517')], 'axes': [Decimal('20.663515771093454'), Decimal('29.005231905937098')], 'angle': -80.72740474774065}","[Decimal('151.17558754661349'), Decimal('167.61273314316517')]",29.005231905937098,"{'center': [0.07990832892185011, -1.411939208660285, 90.2275624695318], 'radius': 12.0}","{'center': [Decimal('160.54909123748385'), 110.2978393141787], 'axes': [Decimal('164.91634698681685'), Decimal('164.91634698681685')], 'angle': 90.0}",0.7801999530515857,120,8281.920388,2.2629120896233537,-1.7050945276027394,"[Decimal('0.47242371108316716'), Decimal('0.30161361190347846')]",pupil.1,1,3d c++,1581666758.7707472,0.47242371108316716,0.30161361190347846
"{'center': [-1.152561866232287, 6.234726544069612, 81.06189173116877], 'normal': [Decimal('-0.10270584959617808'), 0.6372221460608247, -0.7638058948635864], 'radius': Decimal('1.9110063905403096')}",0.9998810326194856,8718.328616,3.8220127810806193,"{'center': [Decimal('151.20965294716555'), Decimal('167.52945704200567')], 'axes': [20.85741504421678, 29.23600101143443], 'angle': -80.74731676595135}","[Decimal('151.20965294716555'), Decimal('167.52945704200567')]",29.23600101143443,"{'center': [0.07990832892185011, -1.411939208660285, 90.2275624695318], 'radius': 12.0}","{'center': [Decimal('160.54909123748385'), 110.2978393141787], 'axes': [Decimal('164.91634698681685'), Decimal('164.91634698681685')], 'angle': 90.0}",0.7805069987727675,120,8281.920388,2.2616847789101366,-1.7044604806328498,"[Decimal('0.47253016545989235'), 0.3019605956583097]",pupil.1,1,3d c++,1581666758.779659,0.47253016545989235,0.3019605956583097
"{'center': [-1.148261860553941, 6.236125195202345, 81.06248151734964], 'normal': [Decimal('-0.10234751578964925'), 0.6373387003218859, -0.7637567460151804], 'radius': 1.907043197093846}",0.9996985177998775,8718.337016,3.814086394187692,"{'center': [Decimal('151.24241295536075'), Decimal('167.54044384246458')], 'axes': [Decimal('20.812290286096466'), Decimal('29.175142966108336')], 'angle': -80.78091805943309}","[Decimal('151.24241295536075'), Decimal('167.54044384246458')]",29.175142966108336,"{'center': [0.07990832892185011, -1.411939208660285, 90.2275624695318], 'radius': 12.0}","{'center': [Decimal('160.54909123748385'), 110.2978393141787], 'axes': [Decimal('164.91634698681685'), Decimal('164.91634698681685')], 'angle': 90.0}",0.7808426266360358,120,8281.920388,2.261836023944198,-1.7040081123440782,"[Decimal('0.47263254048550235'), Decimal('0.30191481732306424')]",pupil.1,1,3d c++,1581666758.7861712,0.47263254048550235,0.30191481732306424
"{'center': [Decimal('-1.1314845988990223'), Decimal('6.2277173510130455'), 81.05324097828975], 'normal': [Decimal('-0.10094941065173936'), 0.6366380466394442, -0.7645267909368378], 'radius': Decimal('1.9019176004749467')}",0.9994065167743152,8718.345416,3.8038352009498935,"{'center': [151.369315098091, Decimal('167.48234109343508')], 'axes': [Decimal('20.785600791144343'), Decimal('29.100017392466928')], 'angle': -80.89532755351459}","[151.369315098091, Decimal('167.48234109343508')]",29.100017392466928,"{'center': [0.07990832892185011, -1.411939208660285, 90.2275624695318], 'radius': 12.0}","{'center': [Decimal('160.54909123748385'), 110.2978393141787], 'axes': [Decimal('164.91634698681685'), Decimal('164.91634698681685')], 'angle': 90.0}",0.7812087847100413,120,8281.920388,2.2609271149739745,-1.7020785645644272,"[Decimal('0.47302910968153433'), 0.3021569121106872]",pupil.1,1,3d c++,1581666758.79405,0.47302910968153433,0.3021569121106872
"{'center': [-1.12853993583372, 6.230740778944363, 81.05537105207455], 'normal': [Decimal('-0.10070402206296418'), 0.636889998967054, -0.7643492847881053], 'radius': Decimal('1.9048333225312115')}",0.9992384283616975,8718.353816,3.809666645062423,"{'center': [Decimal('151.39207361990913'), Decimal('167.50373214896845')], 'axes': [Decimal('20.810751227483536'), 29.14387499201307], 'angle': -80.92083581955819}","[Decimal('151.39207361990913'), Decimal('167.50373214896845')]",29.14387499201307,"{'center': [0.07990832892185011, -1.411939208660285, 90.2275624695318], 'radius': 12.0}","{'center': [Decimal('160.54909123748385'), 110.2978393141787], 'axes': [Decimal('164.91634698681685'), Decimal('164.91634698681685')], 'angle': 90.0}",0.7815123940705604,120,8281.920388,2.261253876500979,-1.7017931515970808,"[0.473100230062216, Decimal('0.30206778271263146')]",pupil.1,1,3d c++,1581666758.802178,0.473100230062216,0.30206778271263146
"{'center': [Decimal('-1.1637852412565695'), 6.230450366681082, 81.05984149416336], 'normal': [Decimal('-0.10364113084820162'), 0.6368657979451139, -0.7639767479473699], 'radius': 1.924909365503896}",0.9991813270583416,8718.362216,3.849818731007792,"{'center': [151.1241895719426, Decimal('167.49570183614583')], 'axes': [21.01573285599969, 29.44949293304413], 'angle': -80.65881516499627}","[151.1241895719426, Decimal('167.49570183614583')]",29.44949293304413,"{'center': [0.07990832892185011, -1.411939208660285, 90.2275624695318], 'radius': 12.0}","{'center': [Decimal('160.54909123748385'), 110.2978393141787], 'axes': [Decimal('164.91634698681685'), Decimal('164.91634698681685')], 'angle': 90.0}",0.7819485334043863,120,8281.920388,2.2612224859295607,-1.7056332428602357,"[0.4722630924123206, 0.3021012423493924]",pupil.1,1,3d c++,1581666758.8102686,0.4722630924123206,0.3021012423493924
"{'center': [Decimal('-1.1457101136014645'), 6.243794665213994, 81.0685451485655], 'normal': [Decimal('-0.10213487021027622'), 0.6379778228228566, -0.7632514434138581], 'radius': 1.893750233730892}",0.9990166098496371,8718.370616,3.787500467461784,"{'center': [151.2621653922866, Decimal('167.59769941606902')], 'axes': [Decimal('20.648091994291853'), Decimal('28.969570714103053')], 'angle': -80.8091403980391}","[151.2621653922866, Decimal('167.59769941606902')]",28.969570714103053,"{'center': [0.07990832892185011, -1.411939208660285, 90.2275624695318], 'radius': 12.0}","{'center': [Decimal('160.54909123748385'), 110.2978393141787], 'axes': [Decimal('164.91634698681685'), Decimal('164.91634698681685')], 'angle': 90.0}",0.7823083162813771,120,8281.920388,2.262665709106845,-1.7038215694070151,"[0.4726942668508956, Decimal('0.30167625243304574')]",pupil.1,1,3d c++,1581666758.81857,0.4726942668508956,0.30167625243304574
"{'center': [Decimal('-1.1401493700998342'), 6.233191248956087, 81.05895082451791], 'normal': [Decimal('-0.10167147491847368'), 0.6370942048013643, -0.7640509704178245], 'radius': Decimal('1.9216512994921144')}",0.9991310866806536,8718.379015,3.843302598984229,"{'center': [Decimal('151.30431170678705'), Decimal('167.51764878738936')], 'axes': [20.98309601308487, 29.39995537986641], 'angle': -80.83756461937317}","[Decimal('151.30431170678705'), Decimal('167.51764878738936')]",29.39995537986641,"{'center': [0.07990832892185011, -1.411939208660285, 90.2275624695318], 'radius': 12.0}","{'center': [Decimal('160.54909123748385'), 110.2978393141787], 'axes': [Decimal('164.91634698681685'), Decimal('164.91634698681685')], 'angle': 90.0}",0.7826720463634418,120,8281.920388,2.2615187794668747,-1.7030881035132879,"[0.4728259740837095, 0.302009796719211]",pupil.1,1,3d c++,1581666758.82636,0.4728259740837095,0.302009796719211
"{'center': [Decimal('-1.1371241109038466'), 6.232841149456134, 81.05825686242233], 'normal': [Decimal('-0.10141936998547472'), 0.6370650298430349, -0.7641088005924566], 'radius': 1.891615546000183}",0.9995499369511616,8718.387415,3.783231092000366,"{'center': [Decimal('151.32654306344955'), Decimal('167.52028591103695')], 'axes': [20.65717079506789, Decimal('28.940570647506192')], 'angle': -80.85960379338191}","[Decimal('151.32654306344955'), Decimal('167.52028591103695')]",28.940570647506192,"{'center': [0.07990832892185011, -1.411939208660285, 90.2275624695318], 'radius': 12.0}","{'center': [Decimal('160.54909123748385'), 110.2978393141787], 'axes': [Decimal('164.91634698681685'), Decimal('164.91634698681685')], 'angle': 90.0}",0.7830702199803419,120,8281.920388,2.261480929137441,-1.702754000121231,"[Decimal('0.47289544707327985'), Decimal('0.30199880870401274')]",pupil.1,1,3d c++,1581666758.8340259,0.47289544707327985,0.30199880870401274
"{'center': [Decimal('-1.1547856515463535'), 6.241517485044225, 81.06786097809743], 'normal': [Decimal('-0.10289116503901696'), 0.6377880578087092, -0.7633084576195317], 'radius': Decimal('1.8988308058749088')}",0.9992137881081347,8718.395815,3.7976616117498176,"{'center': [151.192996857302, 167.5798877955931], 'axes': [Decimal('20.705629229993477'), 29.0475537764832], 'angle': -80.73911081531608}","[151.192996857302, 167.5798877955931]",29.0475537764832,"{'center': [0.07990832892185011, -1.411939208660285, 90.2275624695318], 'radius': 12.0}","{'center': [Decimal('160.54909123748385'), 110.2978393141787], 'axes': [Decimal('164.91634698681685'), Decimal('164.91634698681685')], 'angle': 90.0}",0.7836023413752891,120,8281.920388,2.262419303702914,-1.7047850071603066,"[0.4724781151790688, 0.3017504675183621]",pupil.1,1,3d c++,1581666758.846591,0.4724781151790688,0.3017504675183621
"{'center': [Decimal('-1.1300779602911608'), 6.244638621731545, 81.06717224274185], 'normal': [-0.1008321907677509, 0.6380481525326525, -0.763365852232496], 'radius': Decimal('1.9100198587616901')}",0.9997845719721329,8718.404215,3.8200397175233802,"{'center': [Decimal('151.38168328206834'), Decimal('167.60225447224406')], 'axes': [Decimal('20.829990137882767'), Decimal('29.219004114814712')], 'angle': -80.9260493256251}","[Decimal('151.38168328206834'), Decimal('167.60225447224406')]",29.219004114814712,"{'center': [0.07990832892185011, -1.411939208660285, 90.2275624695318], 'radius': 12.0}","{'center': [Decimal('160.54909123748385'), 110.2978393141787], 'axes': [Decimal('164.91634698681685'), Decimal('164.91634698681685')], 'angle': 90.0}",0.7839021120966572,120,8281.920388,2.2627570433556006,-1.702125008956717,"[0.4730677602564636, 0.3016572730323165]",pupil.1,1,3d c++,1581666758.8563051,0.4730677602564636,0.3016572730323165
"{'center': [Decimal('-1.1360666866594082'), 6.237110041722878, 81.06167733351276], 'normal': [Decimal('-0.10133125129843819'), 0.6374207708652636, -0.7638237613349207], 'radius': Decimal('1.8995124549458589')}",0.9994212047625076,8718.412615,3.7990249098917177,"{'center': [Decimal('151.33516533868985'), Decimal('167.54964025926344')], 'axes': [Decimal('20.732658185390495'), Decimal('29.060192877831177')], 'angle': -80.872594055204}","[Decimal('151.33516533868985'), Decimal('167.54964025926344')]",29.060192877831177,"{'center': [0.07990832892185011, -1.411939208660285, 90.2275624695318], 'radius': 12.0}","{'center': [Decimal('160.54909123748385'), 110.2978393141787], 'axes': [Decimal('164.91634698681685'), Decimal('164.91634698681685')], 'angle': 90.0}",0.7841184305580562,120,8281.920388,2.2619425330083485,-1.7026893050931464,"[0.4729223916834058, Decimal('0.30187649891973567')]",pupil.1,1,3d c++,1581666758.8623738,0.4729223916834058,0.30187649891973567
"{'center': [Decimal('-1.1265058825981527'), Decimal('6.2395363513069135'), 81.06243909308634], 'normal': [Decimal('-0.10053451762666689'), 0.6376229633305999, -0.7637602813704559], 'radius': Decimal('1.8884224705926014')}",0.9988914697197259,8718.421015,3.7768449411852028,"{'center': [Decimal('151.40789700545625'), Decimal('167.56952412123172')], 'axes': [Decimal('20.609210967819585'), Decimal('28.890219609937017')], 'angle': -80.94645774966608}","[Decimal('151.40789700545625'), Decimal('167.56952412123172')]",28.890219609937017,"{'center': [0.07990832892185011, -1.411939208660285, 90.2275624695318], 'radius': 12.0}","{'center': [Decimal('160.54909123748385'), 110.2978393141787], 'axes': [Decimal('164.91634698681685'), Decimal('164.91634698681685')], 'angle': 90.0}",0.7842222932252896,120,8281.920388,2.262204973299744,-1.7016748738985008,"[0.4731496781420508, Decimal('0.30179364949486787')]",pupil.1,1,3d c++,1581666758.870494,0.4731496781420508,0.30179364949486787
"{'center': [Decimal('-1.1531871672037262'), 6.258407618519274, 81.08178447921237], 'normal': [-0.1027579580104647, 0.6391955689316299, -0.7621481658599525], 'radius': Decimal('1.8966257893878442')}",0.9994024951806592,8718.429415,3.7932515787756884,"{'center': [Decimal('151.20659028096583'), Decimal('167.70121594828305')], 'axes': [Decimal('20.637737962331446'), Decimal('29.008844789072462')], 'angle': -80.77148541523657}","[Decimal('151.20659028096583'), Decimal('167.70121594828305')]",29.008844789072462,"{'center': [0.07990832892185011, -1.411939208660285, 90.2275624695318], 'radius': 12.0}","{'center': [Decimal('160.54909123748385'), 110.2978393141787], 'axes': [Decimal('164.91634698681685'), Decimal('164.91634698681685')], 'angle': 90.0}",0.7844066523710502,120,8281.920388,2.2642481230809164,-1.704814898957588,"[0.4725205946280182, Decimal('0.30124493354882065')]",pupil.1,1,3d c++,1581666758.8782802,0.4725205946280182,0.30124493354882065
"{'center': [Decimal('-1.1974307678111278'), 6.259257755600204, 81.08857226451035], 'normal': [Decimal('-0.10644492472774815'), 0.639266413688374, -0.7615825170851211], 'radius': Decimal('1.8972921628241157')}",0.9987200727108501,8718.437815,3.7945843256482314,"{'center': [Decimal('150.86990853268034'), Decimal('167.70375504834627')], 'axes': [Decimal('20.623418089410908'), Decimal('29.016620846371392')], 'angle': -80.4456547984216}","[Decimal('150.86990853268034'), Decimal('167.70375504834627')]",29.016620846371392,"{'center': [0.07990832892185011, -1.411939208660285, 90.2275624695318], 'radius': 12.0}","{'center': [Decimal('160.54909123748385'), 110.2978393141787], 'axes': [Decimal('164.91634698681685'), Decimal('164.91634698681685')], 'angle': 90.0}",0.7842696068076194,120,8281.920388,2.264340247131313,-1.7096647974241796,"[Decimal('0.47146846416462607'), 0.3012343539652239]",pupil.1,1,3d c++,1581666758.886281,0.47146846416462607,0.3012343539652239
"{'center': [Decimal('-1.2226053984558207'), 6.244235789446159, 81.079533043018], 'normal': [Decimal('-0.10854281061480589'), 0.6380145831755369, -0.7623357855428172], 'radius': Decimal('1.8844049094158835')}",0.9988559211803831,8718.446215,3.768809818831767,"{'center': [Decimal('150.67656799896525'), Decimal('167.59637967765462')], 'axes': [20.51141932442511, 28.82268978603488], 'angle': -80.24072639490952}","[Decimal('150.67656799896525'), Decimal('167.59637967765462')]",28.82268978603488,"{'center': [0.07990832892185011, -1.411939208660285, 90.2275624695318], 'radius': 12.0}","{'center': [Decimal('160.54909123748385'), 110.2978393141787], 'axes': [Decimal('164.91634698681685'), Decimal('164.91634698681685')], 'angle': 90.0}",0.7845383029110753,120,8281.920388,2.262713447375175,-1.7122276034835615,"[0.4708642749967664, 0.3016817513431057]",pupil.1,1,3d c++,1581666758.8947444,0.4708642749967664,0.3016817513431057
"{'center': [Decimal('-1.2291312039904714'), 6.259400442319053, 81.09317888548055], 'normal': [Decimal('-0.10908662774269345'), 0.6392783042482781, -0.7611986320042705], 'radius': Decimal('1.8884930979116885')}",0.9978029543656601,8718.454615,3.776986195823377,"{'center': [Decimal('150.62842848131984'), Decimal('167.70366695439213')], 'axes': [20.51314498022935, Decimal('28.880386633001137')], 'angle': -80.21203446598399}","[Decimal('150.62842848131984'), Decimal('167.70366695439213')]",28.880386633001137,"{'center': [0.07990832892185011, -1.411939208660285, 90.2275624695318], 'radius': 12.0}","{'center': [Decimal('160.54909123748385'), 110.2978393141787], 'axes': [Decimal('164.91634698681685'), Decimal('164.91634698681685')], 'angle': 90.0}",0.7843348214910839,120,8281.920388,2.2643557098920675,-1.7131361900793156,"[0.4707138390041245, 0.3012347210233661]",pupil.1,1,3d c++,1581666758.904331,0.4707138390041245,0.3012347210233661
"{'center': [-1.229682910580778, 6.252000246060422, 81.08704810655456], 'normal': [Decimal('-0.10913260329188568'), 0.6386616212267255, -0.7617095302481034], 'radius': Decimal('1.8973657815254967')}",0.9989058597543787,8718.463015,3.7947315630509935,"{'center': [Decimal('150.62378007292585'), Decimal('167.64925640857828')], 'axes': [20.62886240998909, Decimal('29.018294518706814')], 'angle': -80.19845631765152}","[Decimal('150.62378007292585'), Decimal('167.64925640857828')]",29.018294518706814,"{'center': [0.07990832892185011, -1.411939208660285, 90.2275624695318], 'radius': 12.0}","{'center': [Decimal('160.54909123748385'), 110.2978393141787], 'axes': [Decimal('164.91634698681685'), Decimal('164.91634698681685')], 'angle': 90.0}",0.7843421779674453,120,8281.920388,2.263554022853573,-1.7131011469154882,"[0.4706993127278933, Decimal('0.30146143163092387')]",pupil.1,1,3d c++,1581666758.910054,0.4706993127278933,0.30146143163092387
"{'center': [Decimal('-1.2225020489179437'), 6.253826543889084, 81.08755357266871], 'normal': [Decimal('-0.10853419815331615'), 0.6388138127124474, -0.761667408071924], 'radius': Decimal('1.8984285821156988')}",0.998997295001746,8718.471415,3.7968571642313975,"{'center': [Decimal('150.67862867442543'), Decimal('167.66272606335906')], 'axes': [20.63886562332489, Decimal('29.034371408206873')], 'angle': -80.2537731966669}","[Decimal('150.67862867442543'), Decimal('167.66272606335906')]",29.034371408206873,"{'center': [0.07990832892185011, -1.411939208660285, 90.2275624695318], 'radius': 12.0}","{'center': [Decimal('160.54909123748385'), 110.2978393141787], 'axes': [Decimal('164.91634698681685'), Decimal('164.91634698681685')], 'angle': 90.0}",0.7842659641685401,120,8281.920388,2.26375182195898,-1.7123389792130734,"[Decimal('0.47087071460757945'), 0.3014053080693373]",pupil.1,1,3d c++,1581666758.917943,0.47087071460757945,0.3014053080693373
"{'center': [Decimal('-1.2143353200627758'), 6.25695163212725, 81.08901517528706], 'normal': [Decimal('-0.10785363741538549'), 0.6390742367322946, -0.761545607853729], 'radius': 1.894349832953868}",0.9993568429573202,8718.479815,3.788699665907736,"{'center': [Decimal('150.74096049372318'), Decimal('167.68639603085902')], 'axes': [Decimal('20.589948199211847'), Decimal('28.971455352053233')], 'angle': -80.31800635289166}","[Decimal('150.74096049372318'), Decimal('167.68639603085902')]",28.971455352053233,"{'center': [0.07990832892185011, -1.411939208660285, 90.2275624695318], 'radius': 12.0}","{'center': [Decimal('160.54909123748385'), 110.2978393141787], 'axes': [Decimal('164.91634698681685'), Decimal('164.91634698681685')], 'angle': 90.0}",0.7846385474126527,120,8281.920388,2.2640903633042733,-1.7114853398639385,"[Decimal('0.47106550154288496'), Decimal('0.30130668320475407')]",pupil.1,1,3d c++,1581666758.9303231,0.47106550154288496,0.30130668320475407
"{'center': [-1.219237860637294, 6.255737032235294, 81.08869162883384], 'normal': [Decimal('-0.10826218246326201'), 0.6389730200746316, -0.7615725700581631], 'radius': Decimal('1.8837185949781141')}",0.9982437710155757,8718.488215,3.7674371899562282,"{'center': [150.703248497744, 167.6790370613824], 'axes': [Decimal('20.475331073208046'), 28.80894351796238], 'angle': -80.280294628281}","[150.703248497744, 167.6790370613824]",28.80894351796238,"{'center': [0.07990832892185011, -1.411939208660285, 90.2275624695318], 'radius': 12.0}","{'center': [Decimal('160.54909123748385'), 110.2978393141787], 'axes': [Decimal('164.91634698681685'), Decimal('164.91634698681685')], 'angle': 90.0}",0.7845702455830161,120,8281.920388,2.2639587741795433,-1.7120062869712371,"[0.47094765155545, 0.3013373455775734]",pupil.1,1,3d c++,1581666758.938123,0.47094765155545,0.3013373455775734
"{'center': [Decimal('-1.2229199242924766'), 6.252255580734595, 81.08629577542213], 'normal': [-0.1085690211011939, 0.63868289911624, -0.7617722245091398], 'radius': Decimal('1.8883203348135984')}",0.9988916970107259,8718.496615,3.776640669627197,"{'center': [Decimal('150.67502647232234'), 167.6530955616751], 'axes': [Decimal('20.532862201076355'), Decimal('28.880188512704706')], 'angle': -80.24868022532807}","[Decimal('150.67502647232234'), 167.6530955616751]",28.880188512704706,"{'center': [0.07990832892185011, -1.411939208660285, 90.2275624695318], 'radius': 12.0}","{'center': [Decimal('160.54909123748385'), 110.2978393141787], 'axes': [Decimal('164.91634698681685'), Decimal('164.91634698681685')], 'angle': 90.0}",0.7847260230945508,120,8281.920388,2.2635816751909115,-1.7123645659073072,"[Decimal('0.47085945772600735'), Decimal('0.30144543515968714')]",pupil.1,1,3d c++,1581666758.9464774,0.47085945772600735,0.30144543515968714
"{'center': [-1.211607760575977, 6.245071206025849, 81.07867304512862], 'normal': [Decimal('-0.10762634079148559'), 0.6380842012238445, -0.7624074520335983], 'radius': Decimal('1.8889653722269368')}",0.9988224116771824,8718.505015,3.7779307444538737,"{'center': [150.7604783195509, Decimal('167.60249936852333')], 'axes': [20.56383108767755, 28.89276415156525], 'angle': -80.3230418622997}","[150.7604783195509, Decimal('167.60249936852333')]",28.89276415156525,"{'center': [0.07990832892185011, -1.411939208660285, 90.2275624695318], 'radius': 12.0}","{'center': [Decimal('160.54909123748385'), 110.2978393141787], 'axes': [Decimal('164.91634698681685'), Decimal('164.91634698681685')], 'angle': 90.0}",0.7848489102271206,120,8281.920388,2.262803860960799,-1.7110360953570718,"[0.4711264947485966, 0.3016562526311528]",pupil.1,1,3d c++,1581666758.954558,0.4711264947485966,0.3016562526311528
"{'center': [-1.234742264245844, 6.24046459506087, 81.07811386086266], 'normal': [Decimal('-0.10955421609730785'), 0.6377003169767629, -0.7624540507224291], 'radius': 1.885782594360603}",0.9994023327804323,8718.513415,3.771565188721206,"{'center': [150.5838756061269, Decimal('167.56819352643708')], 'axes': [Decimal('20.530805290566278'), Decimal('28.844271712076072')], 'angle': -80.14622147553521}","[150.5838756061269, Decimal('167.56819352643708')]",28.844271712076072,"{'center': [0.07990832892185011, -1.411939208660285, 90.2275624695318], 'radius': 12.0}","{'center': [Decimal('160.54909123748385'), 110.2978393141787], 'axes': [Decimal('164.91634698681685'), Decimal('164.91634698681685')], 'angle': 90.0}",0.7852786085204566,120,8281.920388,2.262305391294526,-1.7135058797046199,"[Decimal('0.47057461126914657'), Decimal('0.30179919363984553')]",pupil.1,1,3d c++,1581666758.962351,0.47057461126914657,0.30179919363984553
"{'center': [Decimal('-1.2236768588004294'), Decimal('6.2470463232793225'), 81.08203863106903], 'normal': [Decimal('-0.10863209897685662'), 0.6382487943283006, -0.7621269865385643], 'radius': 1.883006396418462}",0.9989267217742992,8718.521815,3.766012792836924,"{'center': [Decimal('150.66863611329694'), Decimal('167.61662782551664')], 'axes': [20.48835383455137, Decimal('28.800406480891866')], 'angle': -80.23641851007687}","[Decimal('150.66863611329694'), Decimal('167.61662782551664')]",28.800406480891866,"{'center': [0.07990832892185011, -1.411939208660285, 90.2275624695318], 'radius': 12.0}","{'center': [Decimal('160.54909123748385'), 110.2978393141787], 'axes': [Decimal('164.91634698681685'), Decimal('164.91634698681685')], 'angle': 90.0}",0.7853358397444055,120,8281.920388,2.2630176464536844,-1.7123806621786162,"[Decimal('0.47083948785405294'), 0.3015973840603473]",pupil.1,1,3d c++,1581666758.9705539,0.47083948785405294,0.3015973840603473
"{'center': [Decimal('-1.2241069104615538'), 6.250441622332578, 81.08494444971446], 'normal': [Decimal('-0.10866793661528366'), 0.6385317359160719, -0.7618848349847794], 'radius': Decimal('1.9065331115674977')}",0.9989433296848534,8718.530215,3.8130662231349954,"{'center': [Decimal('150.66632221666472'), Decimal('167.63706296077157')], 'axes': [20.73526179560398, 29.1592859894397], 'angle': -80.23759632370954}","[Decimal('150.66632221666472'), Decimal('167.63706296077157')]",29.1592859894397,"{'center': [0.07990832892185011, -1.411939208660285, 90.2275624695318], 'radius': 12.0}","{'center': [Decimal('160.54909123748385'), 110.2978393141787], 'axes': [Decimal('164.91634698681685'), Decimal('164.91634698681685')], 'angle': 90.0}",0.7855685905944876,120,8281.920388,2.2633852401519614,-1.7124711635797845,"[Decimal('0.47083225692707725'), 0.3015122376634518]",pupil.1,1,3d c++,1581666758.978643,0.47083225692707725,0.3015122376634518
"{'center': [-1.226151736556366, Decimal('6.2496604896848655'), 81.08458171008138], 'normal': [Decimal('-0.10883833878985133'), 0.6384666415287625, -0.7619150632875349], 'radius': 1.90694906461769}",0.9994779407427457,8718.538615,3.81389812923538,"{'center': [Decimal('150.65069885132337'), Decimal('167.63124244621952')], 'axes': [20.74092566135665, 29.16577958493571], 'angle': -80.2215031174087}","[Decimal('150.65069885132337'), Decimal('167.63124244621952')]",29.16577958493571,"{'center': [0.07990832892185011, -1.411939208660285, 90.2275624695318], 'radius': 12.0}","{'center': [Decimal('160.54909123748385'), 110.2978393141787], 'axes': [Decimal('164.91634698681685'), Decimal('164.91634698681685')], 'angle': 90.0}",0.7860984225236178,120,8281.920388,2.2633006605200947,-1.7126848018939067,"[0.4707834339103855, Decimal('0.30153648980741865')]",pupil.1,1,3d c++,1581666758.9873571,0.4707834339103855,0.30153648980741865
"{'center': [Decimal('-1.1606972302129914'), Decimal('6.2487125135289725'), 81.07467696615296], 'normal': [Decimal('-0.10338379659457013'), 0.6383876435157715, -0.7627404586149032], 'radius': Decimal('1.9179299381488284')}",0.9990929094152909,8718.547015,3.835859876297657,"{'center': [Decimal('151.14912255582152'), 167.6277972129258], 'axes': [20.89225717360604, Decimal('29.337332986101686')], 'angle': -80.70411096512852}","[Decimal('151.14912255582152'), 167.6277972129258]",29.337332986101686,"{'center': [0.07990832892185011, -1.411939208660285, 90.2275624695318], 'radius': 12.0}","{'center': [Decimal('160.54909123748385'), 110.2978393141787], 'axes': [Decimal('164.91634698681685'), Decimal('164.91634698681685')], 'angle': 90.0}",0.7861542117900577,120,8281.920388,2.2631980233449287,-1.7055178680553664,"[Decimal('0.47234100798694223'), 0.3015508449461425]",pupil.1,1,3d c++,1581666758.9962811,0.47234100798694223,0.3015508449461425
"{'center': [Decimal('-1.0863421425262656'), 6.239886407281859, 81.05753386646525], 'normal': [-0.09718753928734297, 0.6376521346618453, -0.7641690502555459], 'radius': Decimal('1.8716467627556954')}",0.9990794411484224,8718.555415,3.743293525511391,"{'center': [151.713402527411, 167.5776719298821], 'axes': [Decimal('20.441467836292162'), Decimal('28.635242209782636')], 'angle': -81.24520226786842}","[151.713402527411, 167.5776719298821]",28.635242209782636,"{'center': [0.07990832892185011, -1.411939208660285, 90.2275624695318], 'radius': 12.0}","{'center': [Decimal('160.54909123748385'), 110.2978393141787], 'axes': [Decimal('164.91634698681685'), Decimal('164.91634698681685')], 'angle': 90.0}",0.7863505285094496,120,8281.920388,2.262242841595538,-1.697297872799939,"[Decimal('0.47410438289815937'), Decimal('0.30175970029215793')]",pupil.1,1,3d c++,1581666759.0027268,0.47410438289815937,0.30175970029215793
"{'center': [Decimal('-1.0854299716013274'), 6.240804083155335, 81.0581837144086], 'normal': [-0.09711152504359812, 0.6377286076513017, -0.7641148962602672], 'radius': Decimal('1.8761970619877881')}",0.9993749137871665,8718.563815,3.7523941239755763,"{'center': [151.7205365639882, Decimal('167.58357357224133')], 'axes': [Decimal('20.489164669467243'), Decimal('28.704645335675302')], 'angle': -81.25304216096883}","[151.7205365639882, Decimal('167.58357357224133')]",28.704645335675302,"{'center': [0.07990832892185011, -1.411939208660285, 90.2275624695318], 'radius': 12.0}","{'center': [Decimal('160.54909123748385'), 110.2978393141787], 'axes': [Decimal('164.91634698681685'), Decimal('164.91634698681685')], 'angle': 90.0}",0.7866810074698471,120,8281.920388,2.2623421194156292,-1.6972088451584153,"[0.4741266767624631, 0.3017351101156611]",pupil.1,1,3d c++,1581666759.014955,0.4741266767624631,0.3017351101156611
"{'center': [Decimal('-1.0865060752618996'), 6.236421842867364, 81.05466485410038], 'normal': [-0.0972012003486458, 0.6373634209606375, -0.7644081346192854], 'radius': Decimal('1.8885738618809773')}",0.9992823008267114,8718.572215,3.7771477237619546,"{'center': [Decimal('151.71228149684762'), 167.5501218641582], 'axes': [Decimal('20.635425350598638'), Decimal('28.895296615701366')], 'angle': -81.23997896629555}","[Decimal('151.71228149684762'), 167.5501218641582]",28.895296615701366,"{'center': [0.07990832892185011, -1.411939208660285, 90.2275624695318], 'radius': 12.0}","{'center': [Decimal('160.54909123748385'), 110.2978393141787], 'axes': [Decimal('164.91634698681685'), Decimal('164.91634698681685')], 'angle': 90.0}",0.7870081074996649,120,8281.920388,2.261868104773004,-1.6972763144940997,"[0.4741008796776488, Decimal('0.30187449223267415')]",pupil.1,1,3d c++,1581666759.024302,0.4741008796776488,0.30187449223267415
"{'center': [Decimal('-1.0981351420534413'), 6.254019359638883, 81.07085493845858], 'normal': [-0.09817028924794094, 0.6388298806915973, -0.7630589609227685], 'radius': Decimal('1.8919328720409092')}",0.9994296002555416,8718.580615,3.7838657440818184,"{'center': [Decimal('151.62525580001733'), Decimal('167.67468467277587')], 'axes': [20.62121457995808, Decimal('28.940936307911933')], 'angle': -81.17400683237295}","[Decimal('151.62525580001733'), Decimal('167.67468467277587')]",28.940936307911933,"{'center': [0.07990832892185011, -1.411939208660285, 90.2275624695318], 'radius': 12.0}","{'center': [Decimal('160.54909123748385'), 110.2978393141787], 'axes': [Decimal('164.91634698681685'), Decimal('164.91634698681685')], 'angle': 90.0}",0.7874413852177575,120,8281.920388,2.2637727069672025,-1.6987470886002973,"[Decimal('0.47382892437505414'), Decimal('0.30135548053010053')]",pupil.1,1,3d c++,1581666759.03104,0.47382892437505414,0.30135548053010053
"{'center': [-1.089589205393985, 6.250663840230838, 81.06695168026924], 'normal': [-0.09745812785965292, 0.6385502540742602, -0.7633842324385467], 'radius': 1.908388912137066}",0.9990807314305086,8718.589015,3.816777824274132,"{'center': [151.6904632470671, Decimal('167.64860601894318')], 'axes': [20.81306661702567, Decimal('29.194123891249237')], 'angle': -81.23352773245917}","[151.6904632470671, Decimal('167.64860601894318')]",29.194123891249237,"{'center': [0.07990832892185011, -1.411939208660285, 90.2275624695318], 'radius': 12.0}","{'center': [Decimal('160.54909123748385'), 110.2978393141787], 'axes': [Decimal('164.91634698681685'), Decimal('164.91634698681685')], 'angle': 90.0}",0.7878047530690213,120,8281.920388,2.2634093025889475,-1.6977753311952732,"[Decimal('0.47403269764708467'), 0.3014641415877367]",pupil.1,1,3d c++,1581666759.0388288,0.47403269764708467,0.3014641415877367
"{'center': [Decimal('-1.0960208166846557'), 6.248474556292424, 81.06594407569787], 'normal': [-0.09799409546720882, 0.6383678137460591, -0.7634681994861608], 'radius': 1.868917856784965}",0.999128578733264,8718.597415,3.73783571356993,"{'center': [Decimal('151.64032984224164'), 167.6388809300136], 'axes': [Decimal('20.385500128701405'), Decimal('28.590523880466787')], 'angle': -81.18325382471949}","[Decimal('151.64032984224164'), 167.6388809300136]",28.590523880466787,"{'center': [0.07990832892185011, -1.411939208660285, 90.2275624695318], 'radius': 12.0}","{'center': [Decimal('160.54909123748385'), 110.2978393141787], 'axes': [Decimal('164.91634698681685'), Decimal('164.91634698681685')], 'angle': 90.0}",0.7883077406283467,120,8281.920388,2.263172261137779,-1.6984522154930382,"[Decimal('0.47387603075700513'), 0.3015046627916099]",pupil.1,1,3d c++,1581666759.0492108,0.47387603075700513,0.3015046627916099
"{'center': [Decimal('-1.0809025008824018'), 6.261370751109788, 81.07481247410952], 'normal': [-0.096734235817021, 0.6394424966475061, -0.7627291662851902], 'radius': Decimal('1.8885826772397796')}",0.9987728379370806,8718.605815,3.777165354479559,"{'center': [Decimal('151.75701138645047'), 167.7290660164514], 'axes': [Decimal('20.572342585434598'), Decimal('28.888268455432794')], 'angle': -81.31027726235436}","[Decimal('151.75701138645047'), 167.7290660164514]",28.888268455432794,"{'center': [0.07990832892185011, -1.411939208660285, 90.2275624695318], 'radius': 12.0}","{'center': [Decimal('160.54909123748385'), 110.2978393141787], 'axes': [Decimal('164.91634698681685'), Decimal('164.91634698681685')], 'angle': 90.0}",0.7884707929180834,120,8281.920388,2.264569249836452,-1.6969492703231364,"[Decimal('0.47424066058265774'), Decimal('0.30112889159811906')]",pupil.1,1,3d c++,1581666759.0543091,0.47424066058265774,0.30112889159811906
"{'center': [-1.081279698830688, 6.254907578723821, 81.06944570335207], 'normal': [-0.09676566897937817, 0.6389038989486755, -0.7631763971816438], 'radius': 1.897672196567194}",0.9980896124103282,8718.614215,3.795344393134388,"{'center': [151.7538291899268, Decimal('167.68132151590498')], 'axes': [20.68830940765113, Decimal('29.029252711054323')], 'angle': -81.3000815945516}","[151.7538291899268, Decimal('167.68132151590498')]",29.029252711054323,"{'center': [0.07990832892185011, -1.411939208660285, 90.2275624695318], 'radius': 12.0}","{'center': [Decimal('160.54909123748385'), 110.2978393141787], 'axes': [Decimal('164.91634698681685'), Decimal('164.91634698681685')], 'angle': 90.0}",0.7884050756518435,120,8281.920388,2.2638689198794206,-1.6969166601171601,"[0.4742307162185212, 0.3013278270170626]",pupil.1,1,3d c++,1581666759.0620651,0.4742307162185212,0.3013278270170626
"{'center': [-1.077376045359935, 6.255986430415422, 81.06985482675086], 'normal': [-0.09644036452348209, 0.6389938032563088, -0.7631423035650793], 'radius': Decimal('1.8845978395959433')}",0.9987416278904403,8718.622615,3.7691956791918866,"{'center': [151.7833283059833, Decimal('167.69144517056012')], 'axes': [Decimal('20.544444263085218'), Decimal('28.829059633553094')], 'angle': -81.3302856244676}","[151.7833283059833, Decimal('167.69144517056012')]",28.829059633553094,"{'center': [0.07990832892185011, -1.411939208660285, 90.2275624695318], 'radius': 12.0}","{'center': [Decimal('160.54909123748385'), 110.2978393141787], 'axes': [Decimal('164.91634698681685'), Decimal('164.91634698681685')], 'angle': 90.0}",0.7887751627381867,120,8281.920388,2.263985792675921,-1.696502688114687,"[Decimal('0.47432290095619783'), 0.3012856451226662]",pupil.1,1,3d c++,1581666759.077683,0.47432290095619783,0.3012856451226662
"{'center': [Decimal('-1.0912727808052156'), 6.245588834895373, 81.06292395672743], 'normal': [-0.09759842581058881, 0.6381273369629715, -0.763719876067031], 'radius': Decimal('1.8670572386076338')}",0.9986893540896856,8718.631015,3.7341144772152677,"{'center': [Decimal('151.67620700080224'), Decimal('167.61887115715288')], 'axes': [Decimal('20.374581586723764'), Decimal('28.563115082715544')], 'angle': -81.21516054170468}","[Decimal('151.67620700080224'), Decimal('167.61887115715288')]",28.563115082715544,"{'center': [0.07990832892185011, -1.411939208660285, 90.2275624695318], 'radius': 12.0}","{'center': [Decimal('160.54909123748385'), 110.2978393141787], 'axes': [Decimal('164.91634698681685'), Decimal('164.91634698681685')], 'angle': 90.0}",0.7893171877950911,120,8281.920388,2.2628598851324986,-1.6979008790379264,"[0.473988146877507, 0.3015880368451963]",pupil.1,1,3d c++,1581666759.0813286,0.473988146877507,0.3015880368451963
"{'center': [-1.088021267073538, 6.243221415644888, 81.06053152844267], 'normal': [-0.097327466332949, 0.6379300520254311, -0.7639192450907619], 'radius': Decimal('1.8889391152321071')}",0.99843826015191,8718.639415,3.7778782304642142,"{'center': [151.7013101154665, Decimal('167.59862896902038')], 'axes': [Decimal('20.620999380830245'), Decimal('28.898800036622227')], 'angle': -81.23657511733803}","[151.7013101154665, Decimal('167.59862896902038')]",28.898800036622227,"{'center': [0.07990832892185011, -1.411939208660285, 90.2275624695318], 'radius': 12.0}","{'center': [Decimal('160.54909123748385'), 110.2978393141787], 'axes': [Decimal('164.91634698681685'), Decimal('164.91634698681685')], 'angle': 90.0}",0.7894782867422956,120,8281.920388,2.262603675114145,-1.6975190476092386,"[0.4740665941108328, 0.3016723792957484]",pupil.1,1,3d c++,1581666759.086574,0.4740665941108328,0.3016723792957484
"{'center': [Decimal('-1.0843840995786327'), Decimal('6.2506413468250726'), 81.06626985486032], 'normal': [-0.09702436904170689, 0.6385483796237797, -0.7634410512226233], 'radius': 1.886692654183005}",0.9983501941223355,8718.647815,3.77338530836601,"{'center': [Decimal('151.72956792144825'), Decimal('167.65235789323134')], 'axes': [Decimal('20.578495361498803'), 28.86238539919465], 'angle': -81.27214248298957}","[Decimal('151.72956792144825'), Decimal('167.65235789323134')]",28.86238539919465,"{'center': [0.07990832892185011, -1.411939208660285, 90.2275624695318], 'radius': 12.0}","{'center': [Decimal('160.54909123748385'), 110.2978393141787], 'axes': [Decimal('164.91634698681685'), Decimal('164.91634698681685')], 'angle': 90.0}",0.7893401823882984,120,8281.920388,2.263406866911987,-1.6972068898253811,"[0.4741548997545258, Decimal('0.30144850877820273')]",pupil.1,1,3d c++,1581666759.0977712,0.4741548997545258,0.30144850877820273
"{'center': [Decimal('-1.0848441898198107'), Decimal('6.2458345956608605'), 81.0623100490069], 'normal': [-0.09706270989513839, 0.6381478170267622, -0.7637710350437429], 'radius': 1.883954415450782}",0.9985412322228557,8718.656215,3.767908830901564,"{'center': [Decimal('151.72560122016574'), Decimal('167.61836899663493')], 'axes': [Decimal('20.561005044012177'), 28.82189107343098], 'angle': -81.26319399405361}","[Decimal('151.72560122016574'), Decimal('167.61836899663493')]",28.82189107343098,"{'center': [0.07990832892185011, -1.411939208660285, 90.2275624695318], 'radius': 12.0}","{'center': [Decimal('160.54909123748385'), 110.2978393141787], 'axes': [Decimal('164.91634698681685'), Decimal('164.91634698681685')], 'angle': 90.0}",0.789454029484804,120,8281.920388,2.26288648530024,-1.697202256176786,"[0.4741425038130179, Decimal('0.30159012918068784')]",pupil.1,1,3d c++,1581666759.1064491,0.4741425038130179,0.30159012918068784
"{'center': [Decimal('-1.0740829424327474'), Decimal('6.2542484154440325'), 81.06798434291117], 'normal': [-0.09616593927954979, 0.6388489686753598, -0.7632981772183863], 'radius': Decimal('1.8746593131527014')}",0.9985205497889611,8718.664615,3.749318626305403,"{'center': [Decimal('151.80802677198264'), Decimal('167.68085061555377')], 'axes': [Decimal('20.441889962927966'), Decimal('28.677653738297376')], 'angle': -81.35274739502934}","[Decimal('151.80802677198264'), Decimal('167.68085061555377')]",28.677653738297376,"{'center': [0.07990832892185011, -1.411939208660285, 90.2275624695318], 'radius': 12.0}","{'center': [Decimal('160.54909123748385'), 110.2978393141787], 'axes': [Decimal('164.91634698681685'), Decimal('164.91634698681685')], 'angle': 90.0}",0.7892738317812675,120,8281.920388,2.263797517819729,-1.6961233947307945,"[Decimal('0.47440008366244574'), Decimal('0.30132978910185926')]",pupil.1,1,3d c++,1581666759.114474,0.47440008366244574,0.30132978910185926
"{'center': [Decimal('-1.0934498223166003'), 6.253530671850675, 81.06984429523196], 'normal': [-0.09777984593653753, 0.6387891567092466, -0.7631431811916533], 'radius': Decimal('1.8945577369584374')}",0.9992129413961209,8718.673015,3.789115473916875,"{'center': [151.6609593173412, 167.6711009465759], 'axes': [20.6530364294993, Decimal('28.981458012016155')], 'angle': -81.20819467813693}","[151.6609593173412, 167.6711009465759]",28.981458012016155,"{'center': [0.07990832892185011, -1.411939208660285, 90.2275624695318], 'radius': 12.0}","{'center': [Decimal('160.54909123748385'), 110.2978393141787], 'axes': [Decimal('164.91634698681685'), Decimal('164.91634698681685')], 'angle': 90.0}",0.789389697748677,120,8281.920388,2.263719775022083,-1.6982297923965488,"[Decimal('0.47394049786669123'), Decimal('0.30137041272260034')]",pupil.1,1,3d c++,1581666759.1219358,0.47394049786669123,0.30137041272260034
"{'center': [Decimal('-1.0998753015140892'), 6.257727680743966, 81.07418492946871], 'normal': [-0.09831530253632827, 0.6391389074503543, -0.7627814616719245], 'radius': Decimal('1.9028732309020149')}",0.9986799724706553,8718.681415,3.8057464618040298,"{'center': [151.6125861230125, 167.699305221587], 'axes': [20.72998561378187, 29.10713726623093], 'angle': -81.16541325384057}","[151.6125861230125, 167.699305221587]",29.10713726623093,"{'center': [0.07990832892185011, -1.411939208660285, 90.2275624695318], 'radius': 12.0}","{'center': [Decimal('160.54909123748385'), 110.2978393141787], 'axes': [Decimal('164.91634698681685'), Decimal('164.91634698681685')], 'angle': 90.0}",0.7894910504816832,120,8281.920388,2.264174447543856,-1.6989801393548007,"[Decimal('0.47378933163441406'), Decimal('0.30125289491005414')]",pupil.1,1,3d c++,1581666759.1302052,0.47378933163441406,0.30125289491005414
"{'center': [Decimal('-1.0806828377645952'), Decimal('6.2515060917677285'), 81.06652353984936], 'normal': [-0.09671593055720377, 0.6386204417023345, -0.76341991080687], 'radius': 1.881902274148692}",0.9986689717961993,8718.689815,3.763804548297384,"{'center': [Decimal('151.75771127136252'), Decimal('167.65958711635093')], 'axes': [Decimal('20.525444323381627'), Decimal('28.788996071954173')], 'angle': -81.3006149424306}","[Decimal('151.75771127136252'), Decimal('167.65958711635093')]",28.788996071954173,"{'center': [0.07990832892185011, -1.411939208660285, 90.2275624695318], 'radius': 12.0}","{'center': [Decimal('160.54909123748385'), 110.2978393141787], 'axes': [Decimal('164.91634698681685'), Decimal('164.91634698681685')], 'angle': 90.0}",0.789462167027255,120,8281.920388,2.2635005085355915,-1.696812733205036,"[0.4742428477230079, 0.3014183870152044]",pupil.1,1,3d c++,1581666759.1378212,0.4742428477230079,0.3014183870152044
"{'center': [Decimal('-1.0955556134650428'), 6.242322855215211, 81.0607442223064], 'normal': [-0.09795532853224108, 0.6378551719896247, -0.7639015206021174], 'radius': Decimal('1.8702000579664935')}",0.9986373951694661,8718.698215,3.740400115932987,"{'center': [Decimal('151.64339236304738'), Decimal('167.59468080839463')], 'axes': [Decimal('20.415647859360924'), Decimal('28.611973907256047')], 'angle': -81.17955791395988}","[Decimal('151.64339236304738'), Decimal('167.59468080839463')]",28.611973907256047,"{'center': [0.07990832892185011, -1.411939208660285, 90.2275624695318], 'radius': 12.0}","{'center': [Decimal('160.54909123748385'), 110.2978393141787], 'axes': [Decimal('164.91634698681685'), Decimal('164.91634698681685')], 'angle': 90.0}",0.7893876452157,120,8281.920388,2.2625064441395133,-1.6983306591774139,"[Decimal('0.47388560113452305'), Decimal('0.30168882996502233')]",pupil.1,1,3d c++,1581666759.146878,0.47388560113452305,0.30168882996502233
"{'center': [Decimal('-1.0824614374206212'), Decimal('6.2469541825441715'), 81.06294308035596], 'normal': [-0.09686414719520595, 0.6382411159337047, -0.7637182824313197], 'radius': Decimal('1.8768503720767853')}",0.9985490316779302,8718.706615,3.7537007441535706,"{'center': [Decimal('151.74366856598007'), 167.6277009553496], 'axes': [20.48147458602659, Decimal('28.712960849550218')], 'angle': -81.28218260331661}","[Decimal('151.74366856598007'), 167.6277009553496]",28.712960849550218,"{'center': [0.07990832892185011, -1.411939208660285, 90.2275624695318], 'radius': 12.0}","{'center': [Decimal('160.54909123748385'), 110.2978393141787], 'axes': [Decimal('164.91634698681685'), Decimal('164.91634698681685')], 'angle': 90.0}",0.7894062906176669,120,8281.920388,2.26300767235389,-1.6969550245317362,"[Decimal('0.47419896426868774'), Decimal('0.30155124601937666')]",pupil.1,1,3d c++,1581666759.155691,0.47419896426868774,0.30155124601937666
"{'center': [Decimal('-1.1334213397461936'), 6.239405544212882, 81.06324282278169], 'normal': [Decimal('-0.10111080572233698'), 0.6376120627394306, -0.7636933038958429], 'radius': Decimal('1.8956148328332885')}",0.999101960558756,8718.715014,3.791229665666577,"{'center': [Decimal('151.35540695452673'), Decimal('167.56690447053307')], 'axes': [Decimal('20.685179350703567'), 28.99999158296323], 'angle': -80.89498228579136}","[Decimal('151.35540695452673'), Decimal('167.56690447053307')]",28.99999158296323,"{'center': [0.07990832892185011, -1.411939208660285, 90.2275624695318], 'radius': 12.0}","{'center': [Decimal('160.54909123748385'), 110.2978393141787], 'axes': [Decimal('164.91634698681685'), Decimal('164.91634698681685')], 'angle': 90.0}",0.7896107726730661,120,8281.920388,2.2621908231767778,-1.7024279013424828,"[0.472985646732896, Decimal('0.30180456470611217')]",pupil.1,1,3d c++,1581666759.1641114,0.472985646732896,0.30180456470611217
"{'center': [Decimal('-1.2123023158642388'), 6.240085197334724, 81.07460042768119], 'normal': [Decimal('-0.10768422039884074'), 0.6376687004995841, -0.7627468368208848], 'radius': Decimal('1.8790872679972364')}",0.9986596653786409,8718.723414,3.7581745359944727,"{'center': [150.754465927591, Decimal('167.56836111720753')], 'axes': [Decimal('20.468947573955063'), 28.74307930136755], 'angle': -80.31156095518534}","[150.754465927591, Decimal('167.56836111720753')]",28.74307930136755,"{'center': [0.07990832892185011, -1.411939208660285, 90.2275624695318], 'radius': 12.0}","{'center': [Decimal('160.54909123748385'), 110.2978393141787], 'axes': [Decimal('164.91634698681685'), Decimal('164.91634698681685')], 'angle': 90.0}",0.789601916343341,120,8281.920388,2.2622643468005617,-1.7110489109493565,"[Decimal('0.47110770602372193'), 0.3017984953449686]",pupil.1,1,3d c++,1581666759.170298,0.47110770602372193,0.3017984953449686
"{'center': [Decimal('-1.2311232672849195'), 6.247171968434233, 81.0832083572583], 'normal': [-0.1092526330172308, 0.6382592647578765, -0.7620295093561253], 'radius': 1.902730650328771}",0.9989836622673082,8718.731814,3.805461300657542,"{'center': [Decimal('150.61251433096618'), Decimal('167.61372696390998')], 'axes': [Decimal('20.699335074624678'), 29.10173843696842], 'angle': -80.18160897632731}","[Decimal('150.61251433096618'), Decimal('167.61372696390998')]",29.10173843696842,"{'center': [0.07990832892185011, -1.411939208660285, 90.2275624695318], 'radius': 12.0}","{'center': [Decimal('160.54909123748385'), 110.2978393141787], 'axes': [Decimal('164.91634698681685'), Decimal('164.91634698681685')], 'angle': 90.0}",0.790005891309109,120,8281.920388,2.263031247490826,-1.7131965396727744,"[Decimal('0.47066410728426933'), 0.3016094709837084]",pupil.1,1,3d c++,1581666759.18273,0.47066410728426933,0.3016094709837084
"{'center': [-1.216171015669973, 6.239286030997958, 81.07447934609525], 'normal': [Decimal('-0.10800661204931859'), 0.6376021033048536, -0.7627569269530463], 'radius': Decimal('1.8892646920262641')}",0.998630448031678,8718.740214,3.7785293840525283,"{'center': [Decimal('150.72521825040508'), Decimal('167.56068985281942')], 'axes': [20.5802219806694, Decimal('28.898834948270025')], 'angle': -80.28193753276956}","[Decimal('150.72521825040508'), Decimal('167.56068985281942')]",28.898834948270025,"{'center': [0.07990832892185011, -1.411939208660285, 90.2275624695318], 'radius': 12.0}","{'center': [Decimal('160.54909123748385'), 110.2978393141787], 'axes': [Decimal('164.91634698681685'), Decimal('164.91634698681685')], 'angle': 90.0}",0.7900166798913699,120,8281.920388,2.262177894919722,-1.7114614622961297,"[Decimal('0.47101630703251585'), 0.3018304589465858]",pupil.1,1,3d c++,1581666759.190921,0.47101630703251585,0.3018304589465858
"{'center': [Decimal('-1.1967584496323134'), 6.229761604403881, 81.0638006535443], 'normal': [Decimal('-0.10638889821284696'), 0.6368084010886804, -0.7636468179989587], 'radius': Decimal('1.9127436383422318')}",0.9996408420316922,8718.748614,3.8254872766844636,"{'center': [Decimal('150.87276207258174'), Decimal('167.49022450777974')], 'axes': [Decimal('20.870114597845404'), 29.26190218364335], 'angle': -80.41350488232067}","[Decimal('150.87276207258174'), Decimal('167.49022450777974')]",29.26190218364335,"{'center': [0.07990832892185011, -1.411939208660285, 90.2275624695318], 'radius': 12.0}","{'center': [Decimal('160.54909123748385'), 110.2978393141787], 'axes': [Decimal('164.91634698681685'), Decimal('164.91634698681685')], 'angle': 90.0}",0.7902821283204409,120,8281.920388,2.2611480410829325,-1.7092222251421594,"[Decimal('0.47147738147681795'), 0.3021240645509178]",pupil.1,1,3d c++,1581666759.198217,0.47147738147681795,0.3021240645509178
"{'center': [Decimal('-1.2262660751356618'), Decimal('6.2225590574929734'), 81.06195585293038], 'normal': [Decimal('-0.10884786700479265'), 0.6362081888461049, -0.7638005513834524], 'radius': Decimal('1.8836934576205497')}",0.9994136088243287,8718.757014,3.7673869152410995,"{'center': [Decimal('150.64666974090574'), Decimal('167.44104500618593')], 'axes': [Decimal('20.558632822484718'), 28.81803764923592], 'angle': -80.18573563297687}","[Decimal('150.64666974090574'), Decimal('167.44104500618593')]",28.81803764923592,"{'center': [0.07990832892185011, -1.411939208660285, 90.2275624695318], 'radius': 12.0}","{'center': [Decimal('160.54909123748385'), 110.2978393141787], 'axes': [Decimal('164.91634698681685'), Decimal('164.91634698681685')], 'angle': 90.0}",0.790446113682397,120,8281.920388,2.260369828004633,-1.7123514331295766,"[Decimal('0.47077084294033045'), Decimal('0.30232897914089196')]",pupil.1,1,3d c++,1581666759.205816,0.47077084294033045,0.30232897914089196
"{'center': [Decimal('-1.2238897534754476'), 6.214307178684382, 81.05475065418044], 'normal': [-0.1086498401997748, 0.6355205322787222, -0.7644009846126136], 'radius': 1.885714516093371}",0.9992106083560371,8718.765414,3.771429032186742,"{'center': [Decimal('150.66405236884006'), 167.3818136831852], 'axes': [20.60328509574381, Decimal('28.851521943544356')], 'angle': -80.19266992781829}","[Decimal('150.66405236884006'), 167.3818136831852]",28.851521943544356,"{'center': [0.07990832892185011, -1.411939208660285, 90.2275624695318], 'radius': 12.0}","{'center': [Decimal('160.54909123748385'), 110.2978393141787], 'axes': [Decimal('164.91634698681685'), Decimal('164.91634698681685')], 'angle': 90.0}",0.7908010963278644,120,8281.920388,2.25947885119649,-1.7119877979017113,"[Decimal('0.47082516365262517'), 0.3025757763200617]",pupil.1,1,3d c++,1581666759.214228,0.47082516365262517,0.3025757763200617
"{'center': [Decimal('-1.2092764246752248'), 6.222104935422471, 81.05917260667755], 'normal': [Decimal('-0.10743206279975624'), 0.6361703453402296, -0.7640324885711879], 'radius': 1.875493201139512}",0.9990947857980395,8718.773814,3.750986402279024,"{'center': [150.7757551141197, Decimal('167.44046750305787')], 'axes': [20.4778482395735, 28.69353735904143], 'angle': -80.31102174310907}","[150.7757551141197, Decimal('167.44046750305787')]",28.69353735904143,"{'center': [0.07990832892185011, -1.411939208660285, 90.2275624695318], 'radius': 12.0}","{'center': [Decimal('160.54909123748385'), 110.2978393141787], 'axes': [Decimal('164.91634698681685'), Decimal('164.91634698681685')], 'angle': 90.0}",0.7911030256575691,120,8281.920388,2.2603207782499064,-1.7104923588426215,"[Decimal('0.47117423473162406'), Decimal('0.30233138540392557')]",pupil.1,1,3d c++,1581666759.2219439,0.47117423473162406,0.30233138540392557
"{'center': [-1.213680447226116, 6.203484343633981, 81.04431945862407], 'normal': [Decimal('-0.10779906467899718'), 0.6346186293578555, -0.7652702509089782], 'radius': Decimal('1.8985035003431376')}",0.9982755227061715,8718.782214,3.7970070006862753,"{'center': [Decimal('150.74114240737248'), 167.3030166624987], 'axes': [20.77604427486847, Decimal('29.050966524415777')], 'angle': -80.25446228372152}","[Decimal('150.74114240737248'), 167.3030166624987]",29.050966524415777,"{'center': [0.07990832892185011, -1.411939208660285, 90.2275624695318], 'radius': 12.0}","{'center': [Decimal('160.54909123748385'), 110.2978393141787], 'axes': [Decimal('164.91634698681685'), Decimal('164.91634698681685')], 'angle': 90.0}",0.79122178255977,120,8281.920388,2.258311271012297,-1.7107396048872086,"[0.471066070023039, 0.3029040972395888]",pupil.1,1,3d c++,1581666759.2305534,0.471066070023039,0.3029040972395888
"{'center': [Decimal('-1.1918317192156795'), 6.175646748478879, 81.01826192101089], 'normal': [Decimal('-0.10597833734479413'), 0.632298829761597, -0.7674417123767432], 'radius': Decimal('1.8693142107261103')}",0.9982545319360614,8718.790614,3.7386284214522205,"{'center': [Decimal('150.90424782529857'), Decimal('167.10987431171014')], 'axes': [20.53759602831668, Decimal('28.613386497122338')], 'angle': -80.38143205450429}","[Decimal('150.90424782529857'), Decimal('167.10987431171014')]",28.613386497122338,"{'center': [0.07990832892185011, -1.411939208660285, 90.2275624695318], 'radius': 12.0}","{'center': [Decimal('160.54909123748385'), 110.2978393141787], 'axes': [Decimal('164.91634698681685'), Decimal('164.91634698681685')], 'angle': 90.0}",0.7912735252664449,120,8281.920388,2.255313244737654,-1.7080214507298384,"[0.471575774454058, 0.3037088570345411]",pupil.1,1,3d c++,1581666759.2396462,0.471575774454058,0.3037088570345411
"{'center': [-1.193293329023078, 6.133110137342497, 80.983581297732], 'normal': [Decimal('-0.10610013816207735'), 0.6287541121668985, -0.7703317643166504], 'radius': Decimal('1.8955833812179905')}",0.9985175845381267,8718.799014,3.791166762435981,"{'center': [150.8900323315977, Decimal('166.80020785564065')], 'axes': [Decimal('20.935818195467697'), Decimal('29.027969740331987')], 'angle': -80.31587214230237}","[150.8900323315977, Decimal('166.80020785564065')]",29.027969740331987,"{'center': [0.07990832892185011, -1.411939208660285, 90.2275624695318], 'radius': 12.0}","{'center': [Decimal('160.54909123748385'), 110.2978393141787], 'axes': [Decimal('164.91634698681685'), Decimal('164.91634698681685')], 'angle': 90.0}",0.7912596061324773,120,8281.920388,2.250746285090314,-1.707668201057161,"[0.4715313510362428, 0.3049991339348306]",pupil.1,1,3d c++,1581666759.2456892,0.4715313510362428,0.3049991339348306
"{'center': [Decimal('-1.1599208472545817'), 6.02171024112078, 80.88927143360497], 'normal': [Decimal('-0.10331909801470264'), 0.6194707874817554, -0.778190919660569], 'radius': Decimal('1.8750387001047675')}",0.9975864589322114,8718.807414,3.750077400209535,"{'center': [151.1343463672639, Decimal('166.00435096421944')], 'axes': [21.00430071546265, Decimal('28.746679304097043')], 'angle': -80.4239971057142}","[151.1343463672639, Decimal('166.00435096421944')]",28.746679304097043,"{'center': [0.07990832892185011, -1.411939208660285, 90.2275624695318], 'radius': 12.0}","{'center': [Decimal('160.54909123748385'), 110.2978393141787], 'axes': [Decimal('164.91634698681685'), Decimal('164.91634698681685')], 'angle': 90.0}",0.7911064235493814,120,8281.920388,2.238864711390071,-1.7027926701259062,"[0.4722948323976997, 0.3083152043157523]",pupil.1,1,3d c++,1581666759.2542279,0.4722948323976997,0.3083152043157523
"{'center': [Decimal('-1.1508302696144208'), 5.92781509255602, 80.81409927579435], 'normal': [Decimal('-0.10256154987802257'), 0.6116461917680254, -0.7844552661447877], 'radius': Decimal('1.8805941240642006')}",0.7953048003358185,8718.815814,3.761188248128401,"{'center': [Decimal('151.19609083045447'), Decimal('165.32612219103893')], 'axes': [Decimal('21.303556644532296'), Decimal('28.858617974876935')], 'angle': -80.37078125775574}","[Decimal('151.19609083045447'), Decimal('165.32612219103893')]",28.858617974876935,"{'center': [0.07990832892185011, -1.411939208660285, 90.2275624695318], 'radius': 12.0}","{'center': [Decimal('160.54909123748385'), 110.2978393141787], 'axes': [Decimal('164.91634698681685'), Decimal('164.91634698681685')], 'angle': 90.0}",0.7906774146304918,120,8281.920388,2.228936055117068,-1.7008013054483202,"[0.4724877838451702, Decimal('0.31114115753733773')]",pupil.1,1,3d c++,1581666759.266031,0.4724877838451702,0.31114115753733773
"{'center': [0.0, -0.0, 0.0], 'normal': [0.0, -0.0, 0.0], 'radius': 0.0}",0.0,8718.824214,0.0,"{'center': [160.0, 120.0], 'axes': [0.0, 0.0], 'angle': 90.0}","[160.0, 120.0]",0.0,"{'center': [0.07990832892185011, -1.411939208660285, 90.2275624695318], 'radius': 12.0}","{'center': [Decimal('160.54909123748385'), 110.2978393141787], 'axes': [Decimal('164.91634698681685'), Decimal('164.91634698681685')], 'angle': 90.0}",0.7906774146304918,120,8281.920388,0.0,0.0,"[0.5, 0.5]",pupil.1,1,3d c++,1581666759.2742732,0.5,0.5
"{'center': [0.0, -0.0, 0.0], 'normal': [0.0, -0.0, 0.0], 'radius': 0.0}",0.0,8718.832614,0.0,"{'center': [160.0, 120.0], 'axes': [0.0, 0.0], 'angle': 90.0}","[160.0, 120.0]",0.0,"{'center': [0.07990832892185011, -1.411939208660285, 90.2275624695318], 'radius': 12.0}","{'center': [Decimal('160.54909123748385'), 110.2978393141787], 'axes': [Decimal('164.91634698681685'), Decimal('164.91634698681685')], 'angle': 90.0}",0.7906774146304918,120,8281.920388,0.0,0.0,"[0.5, 0.5]",pupil.1,1,3d c++,1581666759.2822962,0.5,0.5
"{'center': [0.0, -0.0, 0.0], 'normal': [0.0, -0.0, 0.0], 'radius': 0.0}",0.0,8718.841014,0.0,"{'center': [160.0, 120.0], 'axes': [0.0, 0.0], 'angle': 90.0}","[160.0, 120.0]",0.0,"{'center': [0.07990832892185011, -1.411939208660285, 90.2275624695318], 'radius': 12.0}","{'center': [Decimal('160.54909123748385'), 110.2978393141787], 'axes': [Decimal('164.91634698681685'), Decimal('164.91634698681685')], 'angle': 90.0}",0.7906774146304918,120,8281.920388,0.0,0.0,"[0.5, 0.5]",pupil.1,1,3d c++,1581666759.2903922,0.5,0.5
"{'center': [0.0, -0.0, 0.0], 'normal': [0.0, -0.0, 0.0], 'radius': 0.0}",0.0,8718.849414,0.0,"{'center': [160.0, 120.0], 'axes': [0.0, 0.0], 'angle': 90.0}","[160.0, 120.0]",0.0,"{'center': [0.07990832892185011, -1.411939208660285, 90.2275624695318], 'radius': 12.0}","{'center': [Decimal('160.54909123748385'), 110.2978393141787], 'axes': [Decimal('164.91634698681685'), Decimal('164.91634698681685')], 'angle': 90.0}",0.7906774146304918,120,8281.920388,0.0,0.0,"[0.5, 0.5]",pupil.1,1,3d c++,1581666759.2984068,0.5,0.5
"{'center': [0.0, -0.0, 0.0], 'normal': [0.0, -0.0, 0.0], 'radius': 0.0}",0.0,8718.857814,0.0,"{'center': [160.0, 120.0], 'axes': [0.0, 0.0], 'angle': 90.0}","[160.0, 120.0]",0.0,"{'center': [0.07990832892185011, -1.411939208660285, 90.2275624695318], 'radius': 12.0}","{'center': [Decimal('160.54909123748385'), 110.2978393141787], 'axes': [Decimal('164.91634698681685'), Decimal('164.91634698681685')], 'angle': 90.0}",0.7906774146304918,120,8281.920388,0.0,0.0,"[0.5, 0.5]",pupil.1,1,3d c++,1581666759.306011,0.5,0.5
"{'center': [0.0, -0.0, 0.0], 'normal': [0.0, -0.0, 0.0], 'radius': 0.0}",0.0,8718.866214,0.0,"{'center': [160.0, 120.0], 'axes': [0.0, 0.0], 'angle': 90.0}","[160.0, 120.0]",0.0,"{'center': [0.07990832892185011, -1.411939208660285, 90.2275624695318], 'radius': 12.0}","{'center': [Decimal('160.54909123748385'), 110.2978393141787], 'axes': [Decimal('164.91634698681685'), Decimal('164.91634698681685')], 'angle': 90.0}",0.7906774146304918,120,8281.920388,0.0,0.0,"[0.5, 0.5]",pupil.1,1,3d c++,1581666759.313819,0.5,0.5
"{'center': [0.0, -0.0, 0.0], 'normal': [0.0, -0.0, 0.0], 'radius': 0.0}",0.0,8718.874614,0.0,"{'center': [160.0, 120.0], 'axes': [0.0, 0.0], 'angle': 90.0}","[160.0, 120.0]",0.0,"{'center': [0.07990832892185011, -1.411939208660285, 90.2275624695318], 'radius': 12.0}","{'center': [Decimal('160.54909123748385'), 110.2978393141787], 'axes': [Decimal('164.91634698681685'), Decimal('164.91634698681685')], 'angle': 90.0}",0.7906774146304918,120,8281.920388,0.0,0.0,"[0.5, 0.5]",pupil.1,1,3d c++,1581666759.3219466,0.5,0.5
"{'center': [0.0, -0.0, 0.0], 'normal': [0.0, -0.0, 0.0], 'radius': 0.0}",0.0,8718.883014,0.0,"{'center': [160.0, 120.0], 'axes': [0.0, 0.0], 'angle': 90.0}","[160.0, 120.0]",0.0,"{'center': [0.07990832892185011, -1.411939208660285, 90.2275624695318], 'radius': 12.0}","{'center': [Decimal('160.54909123748385'), 110.2978393141787], 'axes': [Decimal('164.91634698681685'), Decimal('164.91634698681685')], 'angle': 90.0}",0.7906774146304918,120,8281.920388,0.0,0.0,"[0.5, 0.5]",pupil.1,1,3d c++,1581666759.33135,0.5,0.5
"{'center': [0.0, -0.0, 0.0], 'normal': [0.0, -0.0, 0.0], 'radius': 0.0}",0.0,8718.891414,0.0,"{'center': [160.0, 120.0], 'axes': [0.0, 0.0], 'angle': 90.0}","[160.0, 120.0]",0.0,"{'center': [0.07990832892185011, -1.411939208660285, 90.2275624695318], 'radius': 12.0}","{'center': [Decimal('160.54909123748385'), 110.2978393141787], 'axes': [Decimal('164.91634698681685'), Decimal('164.91634698681685')], 'angle': 90.0}",0.7906774146304918,120,8281.920388,0.0,0.0,"[0.5, 0.5]",pupil.1,1,3d c++,1581666759.33867,0.5,0.5
"{'center': [0.0, -0.0, 0.0], 'normal': [0.0, -0.0, 0.0], 'radius': 0.0}",0.0,8718.899814,0.0,"{'center': [160.0, 120.0], 'axes': [0.0, 0.0], 'angle': 90.0}","[160.0, 120.0]",0.0,"{'center': [0.07990832892185011, -1.411939208660285, 90.2275624695318], 'radius': 12.0}","{'center': [Decimal('160.54909123748385'), 110.2978393141787], 'axes': [Decimal('164.91634698681685'), Decimal('164.91634698681685')], 'angle': 90.0}",0.7906774146304918,120,8281.920388,0.0,0.0,"[0.5, 0.5]",pupil.1,1,3d c++,1581666759.351918,0.5,0.5
"{'center': [0.0, -0.0, 0.0], 'normal': [0.0, -0.0, 0.0], 'radius': 0.0}",0.0,8718.908214,0.0,"{'center': [160.0, 120.0], 'axes': [0.0, 0.0], 'angle': 90.0}","[160.0, 120.0]",0.0,"{'center': [0.07990832892185011, -1.411939208660285, 90.2275624695318], 'radius': 12.0}","{'center': [Decimal('160.54909123748385'), 110.2978393141787], 'axes': [Decimal('164.91634698681685'), Decimal('164.91634698681685')], 'angle': 90.0}",0.7906774146304918,120,8281.920388,0.0,0.0,"[0.5, 0.5]",pupil.1,1,3d c++,1581666759.358309,0.5,0.5
"{'center': [0.0, -0.0, 0.0], 'normal': [0.0, -0.0, 0.0], 'radius': 0.0}",0.0,8718.916614,0.0,"{'center': [160.0, 120.0], 'axes': [0.0, 0.0], 'angle': 90.0}","[160.0, 120.0]",0.0,"{'center': [0.07990832892185011, -1.411939208660285, 90.2275624695318], 'radius': 12.0}","{'center': [Decimal('160.54909123748385'), 110.2978393141787], 'axes': [Decimal('164.91634698681685'), Decimal('164.91634698681685')], 'angle': 90.0}",0.7906774146304918,120,8281.920388,0.0,0.0,"[0.5, 0.5]",pupil.1,1,3d c++,1581666759.36665,0.5,0.5
"{'center': [0.0, -0.0, 0.0], 'normal': [0.0, -0.0, 0.0], 'radius': 0.0}",0.0,8718.925014,0.0,"{'center': [160.0, 120.0], 'axes': [0.0, 0.0], 'angle': 90.0}","[160.0, 120.0]",0.0,"{'center': [0.07990832892185011, -1.411939208660285, 90.2275624695318], 'radius': 12.0}","{'center': [Decimal('160.54909123748385'), 110.2978393141787], 'axes': [Decimal('164.91634698681685'), Decimal('164.91634698681685')], 'angle': 90.0}",0.7906774146304918,120,8281.920388,0.0,0.0,"[0.5, 0.5]",pupil.1,1,3d c++,1581666759.374101,0.5,0.5
"{'center': [0.0, -0.0, 0.0], 'normal': [0.0, -0.0, 0.0], 'radius': 0.0}",0.0,8718.933414,0.0,"{'center': [160.0, 120.0], 'axes': [0.0, 0.0], 'angle': 90.0}","[160.0, 120.0]",0.0,"{'center': [0.07990832892185011, -1.411939208660285, 90.2275624695318], 'radius': 12.0}","{'center': [Decimal('160.54909123748385'), 110.2978393141787], 'axes': [Decimal('164.91634698681685'), Decimal('164.91634698681685')], 'angle': 90.0}",0.7906774146304918,120,8281.920388,0.0,0.0,"[0.5, 0.5]",pupil.1,1,3d c++,1581666759.382079,0.5,0.5
"{'center': [0.0, -0.0, 0.0], 'normal': [0.0, -0.0, 0.0], 'radius': 0.0}",0.0,8718.941814,0.0,"{'center': [160.0, 120.0], 'axes': [0.0, 0.0], 'angle': 90.0}","[160.0, 120.0]",0.0,"{'center': [0.07990832892185011, -1.411939208660285, 90.2275624695318], 'radius': 12.0}","{'center': [Decimal('160.54909123748385'), 110.2978393141787], 'axes': [Decimal('164.91634698681685'), Decimal('164.91634698681685')], 'angle': 90.0}",0.7906774146304918,120,8281.920388,0.0,0.0,"[0.5, 0.5]",pupil.1,1,3d c++,1581666759.39081,0.5,0.5
"{'center': [0.0, -0.0, 0.0], 'normal': [0.0, -0.0, 0.0], 'radius': 0.0}",0.0,8718.950214,0.0,"{'center': [160.0, 120.0], 'axes': [0.0, 0.0], 'angle': 90.0}","[160.0, 120.0]",0.0,"{'center': [0.07990832892185011, -1.411939208660285, 90.2275624695318], 'radius': 12.0}","{'center': [Decimal('160.54909123748385'), 110.2978393141787], 'axes': [Decimal('164.91634698681685'), Decimal('164.91634698681685')], 'angle': 90.0}",0.7906774146304918,120,8281.920388,0.0,0.0,"[0.5, 0.5]",pupil.1,1,3d c++,1581666759.3982432,0.5,0.5
"{'center': [0.0, -0.0, 0.0], 'normal': [0.0, -0.0, 0.0], 'radius': 0.0}",0.0,8718.958614,0.0,"{'center': [160.0, 120.0], 'axes': [0.0, 0.0], 'angle': 90.0}","[160.0, 120.0]",0.0,"{'center': [0.07990832892185011, -1.411939208660285, 90.2275624695318], 'radius': 12.0}","{'center': [Decimal('160.54909123748385'), 110.2978393141787], 'axes': [Decimal('164.91634698681685'), Decimal('164.91634698681685')], 'angle': 90.0}",0.7906774146304918,120,8281.920388,0.0,0.0,"[0.5, 0.5]",pupil.1,1,3d c++,1581666759.405982,0.5,0.5
"{'center': [0.0, -0.0, 0.0], 'normal': [0.0, -0.0, 0.0], 'radius': 0.0}",0.0,8718.967014,0.0,"{'center': [160.0, 120.0], 'axes': [0.0, 0.0], 'angle': 90.0}","[160.0, 120.0]",0.0,"{'center': [0.07990832892185011, -1.411939208660285, 90.2275624695318], 'radius': 12.0}","{'center': [Decimal('160.54909123748385'), 110.2978393141787], 'axes': [Decimal('164.91634698681685'), Decimal('164.91634698681685')], 'angle': 90.0}",0.7906774146304918,120,8281.920388,0.0,0.0,"[0.5, 0.5]",pupil.1,1,3d c++,1581666759.4144962,0.5,0.5
"{'center': [0.0, -0.0, 0.0], 'normal': [0.0, -0.0, 0.0], 'radius': 0.0}",0.0,8718.975414,0.0,"{'center': [160.0, 120.0], 'axes': [0.0, 0.0], 'angle': 90.0}","[160.0, 120.0]",0.0,"{'center': [0.07990832892185011, -1.411939208660285, 90.2275624695318], 'radius': 12.0}","{'center': [Decimal('160.54909123748385'), 110.2978393141787], 'axes': [Decimal('164.91634698681685'), Decimal('164.91634698681685')], 'angle': 90.0}",0.7906774146304918,120,8281.920388,0.0,0.0,"[0.5, 0.5]",pupil.1,1,3d c++,1581666759.422302,0.5,0.5
"{'center': [0.0, -0.0, 0.0], 'normal': [0.0, -0.0, 0.0], 'radius': 0.0}",0.0,8718.983814,0.0,"{'center': [160.0, 120.0], 'axes': [0.0, 0.0], 'angle': 90.0}","[160.0, 120.0]",0.0,"{'center': [0.07990832892185011, -1.411939208660285, 90.2275624695318], 'radius': 12.0}","{'center': [Decimal('160.54909123748385'), 110.2978393141787], 'axes': [Decimal('164.91634698681685'), Decimal('164.91634698681685')], 'angle': 90.0}",0.7906774146304918,120,8281.920388,0.0,0.0,"[0.5, 0.5]",pupil.1,1,3d c++,1581666759.434149,0.5,0.5
"{'center': [0.0, -0.0, 0.0], 'normal': [0.0, -0.0, 0.0], 'radius': 0.0}",0.0,8718.992214,0.0,"{'center': [160.0, 120.0], 'axes': [0.0, 0.0], 'angle': 90.0}","[160.0, 120.0]",0.0,"{'center': [0.07990832892185011, -1.411939208660285, 90.2275624695318], 'radius': 12.0}","{'center': [Decimal('160.54909123748385'), 110.2978393141787], 'axes': [Decimal('164.91634698681685'), Decimal('164.91634698681685')], 'angle': 90.0}",0.7906774146304918,120,8281.920388,0.0,0.0,"[0.5, 0.5]",pupil.1,1,3d c++,1581666759.441741,0.5,0.5
"{'center': [0.0, -0.0, 0.0], 'normal': [0.0, -0.0, 0.0], 'radius': 0.0}",0.0,8719.000614,0.0,"{'center': [160.0, 120.0], 'axes': [0.0, 0.0], 'angle': 90.0}","[160.0, 120.0]",0.0,"{'center': [0.07990832892185011, -1.411939208660285, 90.2275624695318], 'radius': 12.0}","{'center': [Decimal('160.54909123748385'), 110.2978393141787], 'axes': [Decimal('164.91634698681685'), Decimal('164.91634698681685')], 'angle': 90.0}",0.7906774146304918,120,8281.920388,0.0,0.0,"[0.5, 0.5]",pupil.1,1,3d c++,1581666759.450443,0.5,0.5
"{'center': [0.0, -0.0, 0.0], 'normal': [0.0, -0.0, 0.0], 'radius': 0.0}",0.0,8719.009014,0.0,"{'center': [160.0, 120.0], 'axes': [0.0, 0.0], 'angle': 90.0}","[160.0, 120.0]",0.0,"{'center': [0.07990832892185011, -1.411939208660285, 90.2275624695318], 'radius': 12.0}","{'center': [Decimal('160.54909123748385'), 110.2978393141787], 'axes': [Decimal('164.91634698681685'), Decimal('164.91634698681685')], 'angle': 90.0}",0.7906774146304918,120,8281.920388,0.0,0.0,"[0.5, 0.5]",pupil.1,1,3d c++,1581666759.458127,0.5,0.5
"{'center': [0.0, -0.0, 0.0], 'normal': [0.0, -0.0, 0.0], 'radius': 0.0}",0.0,8719.017414,0.0,"{'center': [160.0, 120.0], 'axes': [0.0, 0.0], 'angle': 90.0}","[160.0, 120.0]",0.0,"{'center': [0.07990832892185011, -1.411939208660285, 90.2275624695318], 'radius': 12.0}","{'center': [Decimal('160.54909123748385'), 110.2978393141787], 'axes': [Decimal('164.91634698681685'), Decimal('164.91634698681685')], 'angle': 90.0}",0.7906774146304918,120,8281.920388,0.0,0.0,"[0.5, 0.5]",pupil.1,1,3d c++,1581666759.4662108,0.5,0.5
"{'center': [-0.5530152760436473, 6.372397014898932, 81.11693585722564], 'normal': [-0.05274363374712479, 0.6486946852966016, -0.759218884358847], 'radius': Decimal('1.9053005703661179')}",0.1651383014699702,8719.025814,3.8106011407322358,"{'center': [155.7858580856924, Decimal('168.54894076154997')], 'axes': [20.62274357154128, Decimal('29.128923249317797')], 'angle': -85.32896145328881}","[155.7858580856924, Decimal('168.54894076154997')]",29.128923249317797,"{'center': [0.07990832892185011, -1.411939208660285, 90.2275624695318], 'radius': 12.0}","{'center': [Decimal('160.54909123748385'), 110.2978393141787], 'axes': [Decimal('164.91634698681685'), Decimal('164.91634698681685')], 'angle': 90.0}",0.7906774146304918,120,8281.920388,2.2766643545712792,-1.6401558080973642,"[Decimal('0.48683080651778876'), 0.2977127468268751]",pupil.1,1,3d c++,1581666759.4743211,0.48683080651778876,0.2977127468268751
"{'center': [-2.60560218225611, 4.403355247098036, 80.08013010034702], 'normal': [Decimal('-0.22379254259816345'), 0.4846078713131936, -0.8456193640987324], 'radius': Decimal('1.9583199866368592')}",0.05777759726717046,8719.034214,3.9166399732737185,"{'center': [Decimal('139.89352962438363'), Decimal('153.94569903693457')], 'axes': [Decimal('24.617134297193576'), 30.32670369709885], 'angle': -64.74029834596715}","[Decimal('139.89352962438363'), Decimal('153.94569903693457')]",30.32670369709885,"{'center': [0.07990832892185011, -1.411939208660285, 90.2275624695318], 'radius': 12.0}","{'center': [Decimal('160.54909123748385'), 110.2978393141787], 'axes': [Decimal('164.91634698681685'), Decimal('164.91634698681685')], 'angle': 90.0}",0.7906774146304918,120,8281.920388,2.0767111541530006,-1.8295143073843203,"[Decimal('0.43716728007619887'), Decimal('0.35855958734610593')]",pupil.1,1,3d c++,1581666759.48211,0.43716728007619887,0.35855958734610593
"{'center': [-1.052934929464527, 6.409391390162913, 81.19742106333885], 'normal': [-0.09440360486553143, 0.6517775499019333, -0.7525117838494129], 'radius': Decimal('1.8694342146866643')}",0.1691915575027887,8719.042614,3.7388684293733285,"{'center': [151.9815971409761, Decimal('168.79028348049457')], 'axes': [19.98421893392404, Decimal('28.552227256003743')], 'angle': -81.67994368563875}","[151.9815971409761, Decimal('168.79028348049457')]",28.552227256003743,"{'center': [0.07990832892185011, -1.411939208660285, 90.2275624695318], 'radius': 12.0}","{'center': [Decimal('160.54909123748385'), 110.2978393141787], 'axes': [Decimal('164.91634698681685'), Decimal('164.91634698681685')], 'angle': 90.0}",0.7906774146304918,120,8281.920388,2.2807221942068634,-1.695595684059784,"[0.4749424910655503, Decimal('0.29670715216460597')]",pupil.1,1,3d c++,1581666759.4921114,0.4749424910655503,0.29670715216460597
"{'center': [-0.8688010614867128, Decimal('6.4491660419567385'), 81.21074625030718], 'normal': [-0.0790591158673802, 0.655092104218085, -0.7514013516020516], 'radius': 1.851040020365078}",0.3551935691518696,8719.051014,3.702080040730156,"{'center': [Decimal('153.38481341567206'), Decimal('169.08843689858398')], 'axes': [Decimal('19.747353250315875'), 28.26658496913459], 'angle': -83.0615184153021}","[Decimal('153.38481341567206'), Decimal('169.08843689858398')]",28.26658496913459,"{'center': [0.07990832892185011, -1.411939208660285, 90.2275624695318], 'radius': 12.0}","{'center': [Decimal('160.54909123748385'), 110.2978393141787], 'axes': [Decimal('164.91634698681685'), Decimal('164.91634698681685')], 'angle': 90.0}",0.7906774146304918,120,8281.920388,2.2851008445244836,-1.675626191484364,"[0.4793275419239752, 0.2954648462559001]",pupil.1,1,3d c++,1581666759.4983714,0.4793275419239752,0.2954648462559001
"{'center': [-0.7993225695669854, 6.437420189260638, 81.19348752688201], 'normal': [-0.07326924154073633, 0.6541132831600772, -0.75283957855415], 'radius': Decimal('1.8793355186910807')}",0.5306494034748389,8719.059413,3.7586710373821615,"{'center': [Decimal('153.91321818696105'), Decimal('169.00445883773557')], 'axes': [Decimal('20.103092793630477'), Decimal('28.704856978535556')], 'angle': -83.55911523293499}","[Decimal('153.91321818696105'), Decimal('169.00445883773557')]",28.704856978535556,"{'center': [0.07990832892185011, -1.411939208660285, 90.2275624695318], 'radius': 12.0}","{'center': [Decimal('160.54909123748385'), 110.2978393141787], 'axes': [Decimal('164.91634698681685'), Decimal('164.91634698681685')], 'angle': 90.0}",0.7906774146304918,120,8281.920388,2.2838060612939644,-1.6678146236204017,"[Decimal('0.48097880683425326'), 0.2958147548427684]",pupil.1,1,3d c++,1581666759.506851,0.48097880683425326,0.2958147548427684
"{'center': [-0.8026593785609034, 6.440697906408704, 81.1966619285697], 'normal': [-0.07354730895689611, 0.6543864262557489, -0.7525750450801756], 'radius': Decimal('1.8845906711207805')}",0.6067334770169438,8719.067813,3.769181342241561,"{'center': [Decimal('153.88812729193256'), Decimal('169.02672942418167')], 'axes': [20.14944294415677, Decimal('28.784020188250484')], 'angle': -83.53742499751411}","[Decimal('153.88812729193256'), Decimal('169.02672942418167')]",28.784020188250484,"{'center': [0.07990832892185011, -1.411939208660285, 90.2275624695318], 'radius': 12.0}","{'center': [Decimal('160.54909123748385'), 110.2978393141787], 'axes': [Decimal('164.91634698681685'), Decimal('164.91634698681685')], 'angle': 90.0}",0.7906774146304918,120,8281.920388,2.284167228655598,-1.6682145178381105,"[Decimal('0.48090039778728927'), 0.2957219607325764]",pupil.1,1,3d c++,1581666759.5194778,0.48090039778728927,0.2957219607325764
"{'center': [-0.806071836243799, 6.352888512657048, 81.1213838195604], 'normal': [-0.07383168043047077, 0.6470689767764445, -0.7588482208309499], 'radius': Decimal('1.8605496852844132')}",0.5465223186122949,8719.076213,3.7210993705688264,"{'center': [Decimal('153.85620149687836'), 168.4049426093595], 'axes': [Decimal('20.123995541560532'), 28.44305516977213], 'angle': -83.43802766897547}","[Decimal('153.85620149687836'), 168.4049426093595]",28.44305516977213,"{'center': [0.07990832892185011, -1.411939208660285, 90.2275624695318], 'radius': 12.0}","{'center': [Decimal('160.54909123748385'), 110.2978393141787], 'axes': [Decimal('164.91634698681685'), Decimal('164.91634698681685')], 'angle': 90.0}",0.7906774146304918,120,8281.920388,2.2745301517336274,-1.6677854535335523,"[Decimal('0.48080062967774484'), Decimal('0.29831273912766876')]",pupil.1,1,3d c++,1581666759.526571,0.48080062967774484,0.29831273912766876
"{'center': [-0.8922926616111307, 6.36256974876886, 81.13845713925531], 'normal': [-0.08101674921108175, 0.6478757464524288, -0.7574254441897081], 'radius': 1.900053037004718}",0.8036267967308443,8719.084613,3.800106074009436,"{'center': [Decimal('153.20103422239973'), Decimal('168.46253500135086')], 'axes': [Decimal('20.497498022764216'), Decimal('29.041008319659248')], 'angle': -82.80997230144668}","[Decimal('153.20103422239973'), Decimal('168.46253500135086')]",29.041008319659248,"{'center': [0.07990832892185011, -1.411939208660285, 90.2275624695318], 'radius': 12.0}","{'center': [Decimal('160.54909123748385'), 110.2978393141787], 'axes': [Decimal('164.91634698681685'), Decimal('164.91634698681685')], 'angle': 90.0}",0.7906774146304918,120,8281.920388,2.275588781193912,-1.677354508360076,"[Decimal('0.47875323194499914'), 0.2980727708277048]",pupil.1,1,3d c++,1581666759.538251,0.47875323194499914,0.2980727708277048
"{'center': [-0.9726946056762988, 6.364696342687668, 81.14923847423474], 'normal': [-0.0877169112165124, 0.6480529626123293, -0.756526999608089], 'radius': 1.898170615198628}",0.7411019399906834,8719.093013,3.796341230397256,"{'center': [152.5891528843054, Decimal('168.47286307926967')], 'axes': [20.44305000163648, 29.00839097378394], 'angle': -82.2203561107484}","[152.5891528843054, Decimal('168.47286307926967')]",29.00839097378394,"{'center': [0.07990832892185011, -1.411939208660285, 90.2275624695318], 'radius': 12.0}","{'center': [Decimal('160.54909123748385'), 110.2978393141787], 'axes': [Decimal('164.91634698681685'), Decimal('164.91634698681685')], 'angle': 90.0}",0.7906774146304918,120,8281.920388,2.275821448894441,-1.6862277294515013,"[Decimal('0.47684110276345437'), 0.2980297371697097]",pupil.1,1,3d c++,1581666759.542352,0.47684110276345437,0.2980297371697097
"{'center': [-0.9406405737256598, 6.222512851585969, 81.02573538589745], 'normal': [-0.08504574188729248, 0.6362043383538545, -0.766818923636196], 'radius': Decimal('1.8714734528292338')}",0.9968103542440002,8719.101413,3.7429469056584677,"{'center': [Decimal('152.82231480096695'), Decimal('167.46305217381263')], 'axes': [Decimal('20.539053631336245'), 28.64378683854315], 'angle': -82.31375131604432}","[Decimal('152.82231480096695'), Decimal('167.46305217381263')]",28.64378683854315,"{'center': [0.07990832892185011, -1.411939208660285, 90.2275624695318], 'radius': 12.0}","{'center': [Decimal('160.54909123748385'), 110.2978393141787], 'axes': [Decimal('164.91634698681685'), Decimal('164.91634698681685')], 'angle': 90.0}",0.7904294112473953,120,8281.920388,2.2603648372109175,-1.6812521218555274,"[0.4775697337530217, 0.3022372826091141]",pupil.1,1,3d c++,1581666759.551775,0.4775697337530217,0.3022372826091141
"{'center': [-0.9456491142041055, 6.217536383831283, 81.02216545938475], 'normal': [-0.0854631202604963, 0.6357896327076307, -0.7671164175122548], 'radius': Decimal('1.9366023881319274')}",0.8068349953511673,8719.109813,3.873204776263855,"{'center': [Decimal('152.78520433060075'), Decimal('167.41638926554015')], 'axes': [21.26564873259421, Decimal('29.642149610143523')], 'angle': -82.27112631844135}","[Decimal('152.78520433060075'), Decimal('167.41638926554015')]",29.642149610143523,"{'center': [0.07990832892185011, -1.411939208660285, 90.2275624695318], 'radius': 12.0}","{'center': [Decimal('160.54909123748385'), 110.2978393141787], 'axes': [Decimal('164.91634698681685'), Decimal('164.91634698681685')], 'angle': 90.0}",0.7902417400628692,120,8281.920388,2.259827438989778,-1.6817470827824774,"[Decimal('0.47745376353312735'), 0.3024317113935827]",pupil.1,1,3d c++,1581666759.558351,0.47745376353312735,0.3024317113935827
"{'center': [-0.9709373313794178, 6.217416679692769, 81.02491871205218], 'normal': [-0.08757047169177233, 0.6357796573627544, -0.7668869797899682], 'radius': Decimal('1.9099668858431968')}",0.8762967744588114,8719.118213,3.8199337716863937,"{'center': [152.5918604961268, Decimal('167.41834479149836')], 'axes': [20.96419492897689, 29.23337680963425], 'angle': -82.08153235392832}","[152.5918604961268, Decimal('167.41834479149836')]",29.23337680963425,"{'center': [0.07990832892185011, -1.411939208660285, 90.2275624695318], 'radius': 12.0}","{'center': [Decimal('160.54909123748385'), 110.2978393141787], 'axes': [Decimal('164.91634698681685'), Decimal('164.91634698681685')], 'angle': 90.0}",0.7899862682535397,120,8281.920388,2.2598145153236397,-1.6844933988875133,"[Decimal('0.47684956405039625'), Decimal('0.30242356336875686')]",pupil.1,1,3d c++,1581666759.5665948,0.47684956405039625,0.30242356336875686
"{'center': [-0.9808065275655244, 6.229416778528111, 81.0360140325008], 'normal': [-0.08839290470728121, 0.636779665599033, -0.7659623697525834], 'radius': Decimal('1.9059965795894918')}",0.9993152579958083,8719.126613,3.8119931591789835,"{'center': [Decimal('152.51743989709618'), Decimal('167.50433376281137')], 'axes': [Decimal('20.885382262024695'), Decimal('29.168611532314152')], 'angle': -82.02033352389101}","[Decimal('152.51743989709618'), Decimal('167.50433376281137')]",29.168611532314152,"{'center': [0.07990832892185011, -1.411939208660285, 90.2275624695318], 'radius': 12.0}","{'center': [Decimal('160.54909123748385'), 110.2978393141787], 'axes': [Decimal('164.91634698681685'), Decimal('164.91634698681685')], 'angle': 90.0}",0.7901344800272048,120,8281.920388,2.2611107723096415,-1.6856892062391196,"[0.4766169996784256, 0.3020652759882859]",pupil.1,1,3d c++,1581666759.577527,0.4766169996784256,0.3020652759882859
"{'center': [Decimal('-1.0033954852262337'), 6.237979175304195, 81.04577606573572], 'normal': [-0.09027531784567365, 0.6374931986637067, -0.7651488669830063], 'radius': 1.926975095804292}",0.9991480183699819,8719.135013,3.853950191608584,"{'center': [Decimal('152.34644342295366'), Decimal('167.56070819018225')], 'axes': [21.08400554185178, Decimal('29.486192225909978')], 'angle': -81.86078312148823}","[Decimal('152.34644342295366'), Decimal('167.56070819018225')]",29.486192225909978,"{'center': [0.07990832892185011, -1.411939208660285, 90.2275624695318], 'radius': 12.0}","{'center': [Decimal('160.54909123748385'), 110.2978393141787], 'axes': [Decimal('164.91634698681685'), Decimal('164.91634698681685')], 'angle': 90.0}",0.7901548467289521,120,8281.920388,2.2620365357593726,-1.688237391820263,"[Decimal('0.47608263569673015'), 0.3018303825409073]",pupil.1,1,3d c++,1581666759.582409,0.47608263569673015,0.3018303825409073
"{'center': [-0.9889657243695458, 6.25648376171917, 81.05953119746705], 'normal': [-0.08907283777428299, 0.6390352475316212, -0.7640026060053957], 'radius': 1.929671062035399}",0.9994037834282271,8719.143413,3.859342124070798,"{'center': [Decimal('152.45782954292073'), Decimal('167.69367473193807')], 'axes': [21.06945844359157, Decimal('29.522456604963093')], 'angle': -81.98806309276034}","[Decimal('152.45782954292073'), Decimal('167.69367473193807')]",29.522456604963093,"{'center': [0.07990832892185011, -1.411939208660285, 90.2275624695318], 'radius': 12.0}","{'center': [Decimal('160.54909123748385'), 110.2978393141787], 'axes': [Decimal('164.91634698681685'), Decimal('164.91634698681685')], 'angle': 90.0}",0.7901931856571509,120,8281.920388,2.2640396727625687,-1.6868594412399092,"[0.4764307173216273, 0.3012763552835913]",pupil.1,1,3d c++,1581666759.5910668,0.4764307173216273,0.3012763552835913
"{'center': [Decimal('-1.0166069402722435'), 6.249832134851229, 81.057234550413], 'normal': [-0.09137627243284113, 0.6384809452926262, -0.7641939932599009], 'radius': Decimal('1.9256584535735604')}",0.9992775860682463,8719.151813,3.8513169071471207,"{'center': [152.2466727608274, Decimal('167.64489585714037')], 'axes': [21.03287176763336, 29.46188721883518], 'angle': -81.77513442590956}","[152.2466727608274, Decimal('167.64489585714037')]",29.46188721883518,"{'center': [0.07990832892185011, -1.411939208660285, 90.2275624695318], 'radius': 12.0}","{'center': [Decimal('160.54909123748385'), 110.2978393141787], 'axes': [Decimal('164.91634698681685'), Decimal('164.91634698681685')], 'angle': 90.0}",0.7904318675162059,120,8281.920388,2.263319245439841,-1.6898033952622324,"[Decimal('0.47577085237758565'), 0.3014796005952485]",pupil.1,1,3d c++,1581666759.602408,0.47577085237758565,0.3014796005952485
"{'center': [Decimal('-1.0095024470047091'), 6.268380498751488, 81.07191539500793], 'normal': [-0.09078423132721326, 0.6400266422843144, -0.7629705895436556], 'radius': Decimal('1.9452185743040302')}",0.9989476014314286,8719.160213,3.8904371486080604,"{'center': [Decimal('152.30267008283374'), 167.7748300530153], 'axes': [Decimal('21.199209557485982'), Decimal('29.755846055966497')], 'angle': -81.84798831139943}","[Decimal('152.30267008283374'), 167.7748300530153]",29.755846055966497,"{'center': [0.07990832892185011, -1.411939208660285, 90.2275624695318], 'radius': 12.0}","{'center': [Decimal('160.54909123748385'), 110.2978393141787], 'axes': [Decimal('164.91634698681685'), Decimal('164.91634698681685')], 'angle': 90.0}",0.7904866867802895,120,8281.920388,2.265329266470225,-1.6892273533556375,"[0.4759458440088554, 0.3009382081124362]",pupil.1,1,3d c++,1581666759.6100788,0.4759458440088554,0.3009382081124362
"{'center': [Decimal('-1.0049374166177445'), 6.268958889964916, 81.07185855847612], 'normal': [-0.09040381212829955, 0.6400748415521, -0.7629753259213073], 'radius': 1.924862354062537}",0.9988702946627791,8719.168613,3.849724708125074,"{'center': [Decimal('152.33700658054906'), Decimal('167.78266404452197')], 'axes': [Decimal('20.977458607618612'), Decimal('29.444405108335616')], 'angle': -81.8825242237085}","[Decimal('152.33700658054906'), Decimal('167.78266404452197')]",29.444405108335616,"{'center': [0.07990832892185011, -1.411939208660285, 90.2275624695318], 'radius': 12.0}","{'center': [Decimal('160.54909123748385'), 110.2978393141787], 'axes': [Decimal('164.91634698681685'), Decimal('164.91634698681685')], 'angle': 90.0}",0.7903779229020746,120,8281.920388,2.2653919987624844,-1.6887349572792054,"[0.4760531455642158, 0.3009055664811585]",pupil.1,1,3d c++,1581666759.6186614,0.4760531455642158,0.3009055664811585
"{'center': [Decimal('-1.0125394128234104'), 6.274888403800827, 81.07774065772252], 'normal': [-0.09103731181210505, 0.6405689677050926, -0.7624851509841077], 'radius': Decimal('1.9435490229141112')}",0.9987007839051856,8719.177013,3.8870980458282225,"{'center': [Decimal('152.28000293695007'), Decimal('167.82144927822333')], 'axes': [Decimal('21.162197018484022'), 29.72817085762155], 'angle': -81.83242543240253}","[Decimal('152.28000293695007'), Decimal('167.82144927822333')]",29.72817085762155,"{'center': [0.07990832892185011, -1.411939208660285, 90.2275624695318], 'radius': 12.0}","{'center': [Decimal('160.54909123748385'), 110.2978393141787], 'axes': [Decimal('164.91634698681685'), Decimal('164.91634698681685')], 'angle': 90.0}",0.7902155747971706,120,8281.920388,2.2660353028734335,-1.689629312144152,"[0.475875009177969, 0.3007439613407361]",pupil.1,1,3d c++,1581666759.626274,0.475875009177969,0.3007439613407361
"{'center': [Decimal('-1.0081067410713347'), 6.285333852674731, 81.08599747076305], 'normal': [-0.09066792249943206, 0.641439421777918, -0.7617970832307297], 'radius': Decimal('1.9464312575113831')}",0.9984807179143942,8719.185413,3.8928625150227663,"{'center': [152.3146285023408, 167.895949522008], 'axes': [Decimal('21.166936495502796'), Decimal('29.769243754784124')], 'angle': -81.87648992400166}","[152.3146285023408, 167.895949522008]",29.769243754784124,"{'center': [0.07990832892185011, -1.411939208660285, 90.2275624695318], 'radius': 12.0}","{'center': [Decimal('160.54909123748385'), 110.2978393141787], 'axes': [Decimal('164.91634698681685'), Decimal('164.91634698681685')], 'angle': 90.0}",0.7899811455328698,120,8281.920388,2.2671693899488083,-1.6892575431124515,"[Decimal('0.47598321406981503'), 0.3004335436583]",pupil.1,1,3d c++,1581666759.63609,0.47598321406981503,0.3004335436583
"{'center': [Decimal('-1.0055303946509362'), Decimal('6.2874924504850656'), 81.08750913798505], 'normal': [-0.09045322696439885, 0.6416193049287792, -0.7616711109622298], 'radius': Decimal('1.9418071189651147')}",0.9983478055515588,8719.193813,3.8836142379302294,"{'center': [152.334303658951, Decimal('167.91232714221508')], 'axes': [Decimal('21.111764367282902'), 29.69795150402478], 'angle': -81.89788792566488}","[152.334303658951, Decimal('167.91232714221508')]",29.69795150402478,"{'center': [0.07990832892185011, -1.411939208660285, 90.2275624695318], 'radius': 12.0}","{'center': [Decimal('160.54909123748385'), 110.2978393141787], 'axes': [Decimal('164.91634698681685'), Decimal('164.91634698681685')], 'angle': 90.0}",0.789848748429367,120,8281.920388,2.267403888070162,-1.688999007364426,"[Decimal('0.47604469893422185'), Decimal('0.30036530357410385')]",pupil.1,1,3d c++,1581666759.642157,0.47604469893422185,0.30036530357410385
"{'center': [Decimal('-1.0299103310707236'), Decimal('6.2818750005781085'), 81.08570677959369], 'normal': [-0.09248488833271448, 0.6411511841031995, -0.761821307494842], 'radius': Decimal('1.9515480968816243')}",0.9992003173058112,8719.202213,3.9030961937632487,"{'center': [Decimal('152.14846356618304'), Decimal('167.86888106632034')], 'axes': [21.22346652912162, 29.84762964531932], 'angle': -81.71115537308809}","[Decimal('152.14846356618304'), Decimal('167.86888106632034')]",29.84762964531932,"{'center': [0.07990832892185011, -1.411939208660285, 90.2275624695318], 'radius': 12.0}","{'center': [Decimal('160.54909123748385'), 110.2978393141787], 'axes': [Decimal('164.91634698681685'), Decimal('164.91634698681685')], 'angle': 90.0}",0.7899541831480894,120,8281.920388,2.2667937352215723,-1.6916048670744246,"[0.475463948644322, Decimal('0.30054632889033195')]",pupil.1,1,3d c++,1581666759.6504571,0.475463948644322,0.30054632889033195
"{'center': [Decimal('-1.0372028957497765'), 6.277458602906085, 81.08287965342544], 'normal': [-0.09309260205596888, 0.6407831509638642, -0.7620569013421967], 'radius': Decimal('1.9421526503935085')}",0.9992115461778114,8719.210613,3.884305300787017,"{'center': [Decimal('152.09236391567032'), 167.8383766000635], 'axes': [Decimal('21.130324211744675'), 29.7049314090739], 'angle': -81.65227969657128}","[Decimal('152.09236391567032'), 167.8383766000635]",29.7049314090739,"{'center': [0.07990832892185011, -1.411939208660285, 90.2275624695318], 'radius': 12.0}","{'center': [Decimal('160.54909123748385'), 110.2978393141787], 'axes': [Decimal('164.91634698681685'), Decimal('164.91634698681685')], 'angle': 90.0}",0.7900521742368327,120,8281.920388,2.2663142558686546,-1.6923536953692675,"[Decimal('0.47528863723646975'), Decimal('0.30067343083306874')]",pupil.1,1,3d c++,1581666759.659346,0.47528863723646975,0.30067343083306874
"{'center': [Decimal('-1.0251630654847936'), 6.277528970756534, 81.08147607528643], 'normal': [-0.0920892828672203, 0.6407890149514016, -0.7621738661871145], 'radius': Decimal('1.9528447279158565')}",0.9902798934880067,8719.219013,3.905689455831713,"{'center': [Decimal('152.18430123249064'), Decimal('167.83791556246447')], 'axes': [21.25130481884982, Decimal('29.869019394471124')], 'angle': -81.74162232183448}","[Decimal('152.18430123249064'), Decimal('167.83791556246447')]",29.869019394471124,"{'center': [0.07990832892185011, -1.411939208660285, 90.2275624695318], 'radius': 12.0}","{'center': [Decimal('160.54909123748385'), 110.2978393141787], 'axes': [Decimal('164.91634698681685'), Decimal('164.91634698681685')], 'angle': 90.0}",0.7898345416639141,120,8281.920388,2.266321894059049,-1.691037977605686,"[Decimal('0.47557594135153325'), 0.3006753518230647]",pupil.1,1,3d c++,1581666759.666058,0.47557594135153325,0.3006753518230647
"{'center': [-1.024255591142447, 6.273647301477189, 81.078104451003], 'normal': [-0.09201366000535807, 0.6404655425114562, -0.7624548348774007], 'radius': Decimal('1.9605940058281952')}",0.9984522690971427,8719.227413,3.9211880116563904,"{'center': [152.1910943388899, 167.8089157786684], 'axes': [Decimal('21.346651833290395'), 29.98881817287365], 'angle': -81.74413903576182}","[152.1910943388899, 167.8089157786684]",29.98881817287365,"{'center': [0.07990832892185011, -1.411939208660285, 90.2275624695318], 'radius': 12.0}","{'center': [Decimal('160.54909123748385'), 110.2978393141787], 'axes': [Decimal('164.91634698681685'), Decimal('164.91634698681685')], 'angle': 90.0}",0.7896983796959689,120,8281.920388,2.265900624793002,-1.690896335047664,"[0.475597169809031, 0.3007961842555483]",pupil.1,1,3d c++,1581666759.674596,0.475597169809031,0.3007961842555483
"{'center': [-1.022719039230483, 6.283631881307122, 81.0863153726495], 'normal': [-0.09188561401269443, 0.6412975908306172, -0.7617705914068594], 'radius': 1.944911848508827}",0.9986606674308125,8719.235813,3.889823697017654,"{'center': [152.2031977031601, Decimal('167.88304577313443')], 'axes': [Decimal('21.149324332762358'), 29.74588481376401], 'angle': -81.76635427048971}","[152.2031977031601, Decimal('167.88304577313443')]",29.74588481376401,"{'center': [0.07990832892185011, -1.411939208660285, 90.2275624695318], 'radius': 12.0}","{'center': [Decimal('160.54909123748385'), 110.2978393141787], 'axes': [Decimal('164.91634698681685'), Decimal('164.91634698681685')], 'angle': 90.0}",0.7897222401210491,120,8281.920388,2.266984529609897,-1.6908375003599412,"[0.4756349928223753, Decimal('0.30048730927860656')]",pupil.1,1,3d c++,1581666759.685941,0.4756349928223753,0.30048730927860656
"{'center': [Decimal('-1.0421739756064266'), 6.295596464179629, 81.09877146777453], 'normal': [-0.09350685871068971, 0.6422946394033261, -0.7607325834797733], 'radius': 1.961837069636678}",0.9990555627467266,8719.244213,3.923674139273356,"{'center': [Decimal('152.05643159747595'), Decimal('167.96437317689453')], 'axes': [Decimal('21.292845400124254'), Decimal('30.000211753550314')], 'angle': -81.63537204166504}","[Decimal('152.05643159747595'), Decimal('167.96437317689453')]",30.000211753550314,"{'center': [0.07990832892185011, -1.411939208660285, 90.2275624695318], 'radius': 12.0}","{'center': [Decimal('160.54909123748385'), 110.2978393141787], 'axes': [Decimal('164.91634698681685'), Decimal('164.91634698681685')], 'angle': 90.0}",0.7898199689004182,120,8281.920388,2.2682846742002845,-1.6930997042542475,"[Decimal('0.47517634874211234'), 0.3001484450962728]",pupil.1,1,3d c++,1581666759.693595,0.47517634874211234,0.3001484450962728
"{'center': [Decimal('-1.0394466490380776'), Decimal('6.2892659945380265'), 81.09309571708546], 'normal': [-0.09327958149666064, 0.641767100266526, -0.7612055627038616], 'radius': Decimal('1.9479443193413823')}",0.9985832634255767,8719.252613,3.8958886386827647,"{'center': [Decimal('152.07635458136383'), Decimal('167.92165886667988')], 'axes': [Decimal('21.160336764209134'), Decimal('29.789792428859215')], 'angle': -81.64860760105213}","[Decimal('152.07635458136383'), Decimal('167.92165886667988')]",29.789792428859215,"{'center': [0.07990832892185011, -1.411939208660285, 90.2275624695318], 'radius': 12.0}","{'center': [Decimal('160.54909123748385'), 110.2978393141787], 'axes': [Decimal('164.91634698681685'), Decimal('164.91634698681685')], 'angle': 90.0}",0.7898928611927203,120,8281.920388,2.2675965905097457,-1.6927303177382236,"[0.475238608066762, 0.3003264213888338]",pupil.1,1,3d c++,1581666759.70254,0.475238608066762,0.3003264213888338
"{'center': [Decimal('-1.0323412418714109'), 6.27685618519705, 81.0817805847683], 'normal': [-0.09268746423277174, 0.6407329494881112, -0.7621484903969594], 'radius': Decimal('1.9688564401965705')}",0.9984360035327433,8719.261013,3.937712880393141,"{'center': [Decimal('152.12997841446574'), 167.82991197717], 'axes': [Decimal('21.424610699577347'), 30.11386878800852], 'angle': -81.68766109409506}","[Decimal('152.12997841446574'), 167.82991197717]",30.11386878800852,"{'center': [0.07990832892185011, -1.411939208660285, 90.2275624695318], 'radius': 12.0}","{'center': [Decimal('160.54909123748385'), 110.2978393141787], 'axes': [Decimal('164.91634698681685'), Decimal('164.91634698681685')], 'angle': 90.0}",0.789953387960507,120,8281.920388,2.2662488674717585,-1.6918154383636672,"[Decimal('0.47540618254520545'), Decimal('0.30070870009512496')]",pupil.1,1,3d c++,1581666759.710309,0.47540618254520545,0.30070870009512496
"{'center': [Decimal('-1.0653457412094847'), 6.292909696420451, 81.09938102607201], 'normal': [-0.09543783917761123, 0.6420707420900613, -0.7606817869549831], 'radius': Decimal('1.9763909346543655')}",0.9993304626669482,8719.269413,3.952781869308731,"{'center': [Decimal('151.88019415240993'), Decimal('167.94108093135668')], 'axes': [21.44879334254355, 30.22259901811339], 'angle': -81.461112048131}","[Decimal('151.88019415240993'), Decimal('167.94108093135668')]",30.22259901811339,"{'center': [0.07990832892185011, -1.411939208660285, 90.2275624695318], 'radius': 12.0}","{'center': [Decimal('160.54909123748385'), 110.2978393141787], 'axes': [Decimal('164.91634698681685'), Decimal('164.91634698681685')], 'angle': 90.0}",0.7907315763501899,120,8281.920388,2.267992590394274,-1.6956077160187555,"[0.474625606726281, Decimal('0.30024549611934714')]",pupil.1,1,3d c++,1581666759.7189429,0.474625606726281,0.30024549611934714
"{'center': [-1.035576246096623, Decimal('6.2858946527718915'), 81.08978111929781], 'normal': [-0.09295704791820608, 0.641486155119348, -0.7614817791861656], 'radius': Decimal('1.9764766611295763')}",0.9987516162324948,8719.277813,3.9529533222591526,"{'center': [Decimal('152.10624553712026'), 167.8930141984831], 'axes': [21.48131909821257, Decimal('30.227475784117857')], 'angle': -81.67356844050946}","[Decimal('152.10624553712026'), 167.8930141984831]",30.227475784117857,"{'center': [0.07990832892185011, -1.411939208660285, 90.2275624695318], 'radius': 12.0}","{'center': [Decimal('160.54909123748385'), 110.2978393141787], 'axes': [Decimal('164.91634698681685'), Decimal('164.91634698681685')], 'angle': 90.0}",0.7922857745862211,120,8281.920388,2.2672303077466274,-1.6922692048673917,"[Decimal('0.47533201730350083'), 0.3004457741729871]",pupil.1,1,3d c++,1581666759.726951,0.47533201730350083,0.3004457741729871
"{'center': [-1.064886503117098, 6.28653884061686, 81.09394979341427], 'normal': [-0.095399569336579, 0.6415398374397621, -0.7611343896764611], 'radius': 1.993012357901402}",0.9994129862944094,8719.286213,3.986024715802804,"{'center': [151.8835898297014, 167.8927473375552], 'axes': [21.64722542375829, Decimal('30.478870524444353')], 'angle': -81.45737069505252}","[151.8835898297014, 167.8927473375552]",30.478870524444353,"{'center': [0.07990832892185011, -1.411939208660285, 90.2275624695318], 'radius': 12.0}","{'center': [Decimal('160.54909123748385'), 110.2978393141787], 'axes': [Decimal('164.91634698681685'), Decimal('164.91634698681685')], 'angle': 90.0}",0.7930263414254957,120,8281.920388,2.267300287500319,-1.6954847635569141,"[0.4746362182178169, 0.30044688609352]",pupil.1,1,3d c++,1581666759.73541,0.4746362182178169,0.30044688609352
"{'center': [-1.062671552241034, 6.301606743816821, 81.10639368180587], 'normal': [-0.09521499009690701, 0.6427954960397588, -0.7600973989771616], 'radius': Decimal('1.9861903099264402')}",0.9990830845468311,8719.294613,3.9723806198528804,"{'center': [151.9014991730358, Decimal('168.00174035518287')], 'axes': [Decimal('21.532108688928822'), Decimal('30.369868007107343')], 'angle': -81.4905763812528}","[151.9014991730358, Decimal('168.00174035518287')]",30.369868007107343,"{'center': [0.07990832892185011, -1.411939208660285, 90.2275624695318], 'radius': 12.0}","{'center': [Decimal('160.54909123748385'), 110.2978393141787], 'axes': [Decimal('164.91634698681685'), Decimal('164.91634698681685')], 'angle': 90.0}",0.7952552736973373,120,8281.920388,2.268938322540074,-1.6954140356048155,"[0.4746921849157369, 0.2999927485200714]",pupil.1,1,3d c++,1581666759.7435632,0.4746921849157369,0.2999927485200714
"{'center': [Decimal('-1.0705464192643308'), 6.300614346199731, 81.10654435005677], 'normal': [-0.09587122901551506, 0.6427127962383347, -0.7600848432895866], 'radius': 1.971250388398095}",0.9990420486916975,8719.303013,3.94250077679619,"{'center': [Decimal('151.84111112392208'), Decimal('167.99663102596145')], 'axes': [Decimal('21.369540587071352'), Decimal('30.141316619241206')], 'angle': -81.43133773560554}","[Decimal('151.84111112392208'), Decimal('167.99663102596145')]",30.141316619241206,"{'center': [0.07990832892185011, -1.411939208660285, 90.2275624695318], 'radius': 12.0}","{'center': [Decimal('160.54909123748385'), 110.2978393141787], 'axes': [Decimal('164.91634698681685'), Decimal('164.91634698681685')], 'angle': 90.0}",0.7977714585633788,120,8281.920388,2.2688303695731307,-1.696266019030559,"[0.4745034722622565, 0.3000140373918273]",pupil.1,1,3d c++,1581666759.750509,0.4745034722622565,0.3000140373918273
"{'center': [Decimal('-1.0620572906997483'), 6.291331888018443, 81.09763755556475], 'normal': [-0.0951638016351332, 0.6419392580565607, -0.7608270761639213], 'radius': Decimal('1.9711235800742442')}",0.9991055426688509,8719.311413,3.9422471601484883,"{'center': [Decimal('151.90496512147334'), Decimal('167.93093265488636')], 'axes': [Decimal('21.397314136070364'), Decimal('30.142677466106832')], 'angle': -81.48365318123345}","[Decimal('151.90496512147334'), Decimal('167.93093265488636')]",30.142677466106832,"{'center': [0.07990832892185011, -1.411939208660285, 90.2275624695318], 'radius': 12.0}","{'center': [Decimal('160.54909123748385'), 110.2978393141787], 'axes': [Decimal('164.91634698681685'), Decimal('164.91634698681685')], 'angle': 90.0}",0.801310765635721,120,8281.920388,2.2678210970372303,-1.6952295086734668,"[0.4747030160046042, 0.3002877806046401]",pupil.1,1,3d c++,1581666759.7583609,0.4747030160046042,0.3002877806046401
"{'center': [Decimal('-1.0620518083248733'), 6.294468976799386, 81.10028467579617], 'normal': [-0.09516334477056028, 0.6422006821216393, -0.7606064828113028], 'radius': Decimal('1.9815870231478985')}",0.9992793681955338,8719.319813,3.963174046295797,"{'center': [151.9055219142707, Decimal('167.95157264152152')], 'axes': [21.50225599701765, Decimal('30.301739593034764')], 'angle': -81.48719499039905}","[151.9055219142707, Decimal('167.95157264152152')]",30.301739593034764,"{'center': [0.07990832892185011, -1.411939208660285, 90.2275624695318], 'radius': 12.0}","{'center': [Decimal('160.54909123748385'), 110.2978393141787], 'axes': [Decimal('164.91634698681685'), Decimal('164.91634698681685')], 'angle': 90.0}",0.8041605378501626,120,8281.920388,2.268162094126805,-1.6952646342262865,"[Decimal('0.47470475598209594'), 0.300201780660327]",pupil.1,1,3d c++,1581666759.7707179,0.47470475598209594,0.300201780660327
"{'center': [Decimal('-1.0646152636280977'), Decimal('6.3075686763673735'), 81.11168271170851], 'normal': [-0.09537696604582899, 0.6432923237523048, -0.7596566464852741], 'radius': Decimal('1.9945188030270953')}",0.9987199281959823,8719.328213,3.9890376060541906,"{'center': [Decimal('151.88740071543302'), Decimal('168.04276338319602')], 'axes': [21.60494667424074, Decimal('30.495264531190667')], 'angle': -81.48287658507851}","[Decimal('151.88740071543302'), Decimal('168.04276338319602')]",30.495264531190667,"{'center': [0.07990832892185011, -1.411939208660285, 90.2275624695318], 'radius': 12.0}","{'center': [Decimal('160.54909123748385'), 110.2978393141787], 'axes': [Decimal('164.91634698681685'), Decimal('164.91634698681685')], 'angle': 90.0}",0.8086573752895121,120,8281.920388,2.2695870672852707,-1.6956955110103584,"[0.4746481272357282, 0.2998218192366833]",pupil.1,1,3d c++,1581666759.780739,0.4746481272357282,0.2998218192366833
"{'center': [Decimal('-1.0704278172077475'), 6.294760383342305, 81.10158262353528], 'normal': [-0.09586134551079979, 0.6422249660002158, -0.7604983204997107], 'radius': Decimal('1.9960189195796456')}",0.9987746860454437,8719.336613,3.9920378391592912,"{'center': [151.8421590839547, Decimal('167.95059264461284')], 'axes': [Decimal('21.654605418929393'), 30.52199695784746], 'angle': -81.42563951744113}","[151.8421590839547, Decimal('167.95059264461284')]",30.52199695784746,"{'center': [0.07990832892185011, -1.411939208660285, 90.2275624695318], 'radius': 12.0}","{'center': [Decimal('160.54909123748385'), 110.2978393141787], 'axes': [Decimal('164.91634698681685'), Decimal('164.91634698681685')], 'angle': 90.0}",0.8117298932997064,120,8281.920388,2.268193774548076,-1.6961857224143626,"[0.4745067471373584, Decimal('0.30020586398077986')]",pupil.1,1,3d c++,1581666759.7874029,0.4745067471373584,0.30020586398077986
"{'center': [-1.062619571077732, 6.301491746897603, 81.10628992171459], 'normal': [-0.0952106583332985, 0.6427859129631573, -0.7601060456514344], 'radius': Decimal('1.9914239837936236')}",0.999215640474011,8719.345013,3.9828479675872472,"{'center': [151.902016654043, Decimal('168.00002781282706')], 'axes': [Decimal('21.589218137184524'), Decimal('30.449952754191465')], 'angle': -81.49083176230157}","[151.902016654043, Decimal('168.00002781282706')]",30.449952754191465,"{'center': [0.07990832892185011, -1.411939208660285, 90.2275624695318], 'radius': 12.0}","{'center': [Decimal('160.54909123748385'), 110.2978393141787], 'axes': [Decimal('164.91634698681685'), Decimal('164.91634698681685')], 'angle': 90.0}",0.8157499537386648,120,8281.920388,2.268925812679616,-1.695407021776922,"[Decimal('0.47469380204388434'), Decimal('0.29999988411322065')]",pupil.1,1,3d c++,1581666759.794257,0.47469380204388434,0.29999988411322065
"{'center': [-1.084554013589063, 6.302317651065783, 81.10976292386053], 'normal': [-0.0970385285425761, 0.6428547383105057, -0.7598166288059395], 'radius': Decimal('1.9982730286046786')}",0.9983275485340244,8719.353413,3.996546057209357,"{'center': [Decimal('151.73533578950796'), Decimal('168.00318291648566')], 'axes': [Decimal('21.651909727862716'), Decimal('30.553402595598193')], 'angle': -81.32990860466387}","[Decimal('151.73533578950796'), Decimal('168.00318291648566')]",30.553402595598193,"{'center': [0.07990832892185011, -1.411939208660285, 90.2275624695318], 'radius': 12.0}","{'center': [Decimal('160.54909123748385'), 110.2978393141787], 'axes': [Decimal('164.91634698681685'), Decimal('164.91634698681685')], 'angle': 90.0}",0.8187393345950866,120,8281.920388,2.2690156610097705,-1.6978217721938418,"[Decimal('0.47417292434221237'), Decimal('0.29998673784797647')]",pupil.1,1,3d c++,1581666759.80316,0.47417292434221237,0.29998673784797647
"{'center': [-1.070775693385141, 6.302623384603415, 81.10827246013832], 'normal': [-0.09589033519224924, 0.6428802161053083, -0.7599408341161239], 'radius': Decimal('1.9904944222725338')}",0.9988110244639491,8719.361813,3.9809888445450676,"{'center': [Decimal('151.84001441621467'), Decimal('168.00769020377712')], 'axes': [Decimal('21.572559220054316'), Decimal('30.434994526839212')], 'angle': -81.43189865001224}","[Decimal('151.84001441621467'), Decimal('168.00769020377712')]",30.434994526839212,"{'center': [0.07990832892185011, -1.411939208660285, 90.2275624695318], 'radius': 12.0}","{'center': [Decimal('160.54909123748385'), 110.2978393141787], 'axes': [Decimal('164.91634698681685'), Decimal('164.91634698681685')], 'angle': 90.0}",0.8218970901782696,120,8281.920388,2.2690489228190187,-1.6963142944938505,"[Decimal('0.47450004505067084'), Decimal('0.29996795748426197')]",pupil.1,1,3d c++,1581666759.814744,0.47450004505067084,0.29996795748426197
"{'center': [Decimal('-1.0722192587074828'), 6.294945137198259, 81.10196464246404], 'normal': [-0.09601063230244442, 0.6422403621548787, -0.7604664855889806], 'radius': 2.002171131502668}",0.9989348345341892,8719.370213,4.004342263005336,"{'center': [Decimal('151.82869657368533'), 167.9507279094333], 'axes': [21.72010849043405, Decimal('30.615953624707668')], 'angle': -81.41261505657455}","[Decimal('151.82869657368533'), 167.9507279094333]",30.615953624707668,"{'center': [0.07990832892185011, -1.411939208660285, 90.2275624695318], 'radius': 12.0}","{'center': [Decimal('160.54909123748385'), 110.2978393141787], 'axes': [Decimal('164.91634698681685'), Decimal('164.91634698681685')], 'angle': 90.0}",0.825210407324517,120,8281.920388,2.26821386059989,-1.6963841508567803,"[Decimal('0.47446467679276666'), Decimal('0.30020530037736115')]",pupil.1,1,3d c++,1581666759.8199348,0.47446467679276666,0.30020530037736115
"{'center': [Decimal('-1.0912452681554075'), 6.310488723132701, 81.1175401813968], 'normal': [-0.09759613308977146, 0.6435356609827488, -0.7591685240112502], 'radius': 2.020122320119915}",0.9994103616867216,8719.378613,4.04024464023983,"{'center': [Decimal('151.68566676964966'), Decimal('168.05728519716132')], 'axes': [Decimal('21.862707719492136'), Decimal('30.884611080580104')], 'angle': -81.28987764709954}","[Decimal('151.68566676964966'), Decimal('168.05728519716132')]",30.884611080580104,"{'center': [0.07990832892185011, -1.411939208660285, 90.2275624695318], 'radius': 12.0}","{'center': [Decimal('160.54909123748385'), 110.2978393141787], 'axes': [Decimal('164.91634698681685'), Decimal('164.91634698681685')], 'angle': 90.0}",0.8281352022913802,120,8281.920388,2.269904939763317,-1.6986516693190274,"[0.4740177086551552, 0.2997613116784945]",pupil.1,1,3d c++,1581666759.827911,0.4740177086551552,0.2997613116784945
"{'center': [Decimal('-1.0981238901297434'), 6.31161153090625, 81.05125040484732], 'normal': [-0.09832353077057915, 0.6423173241578553, -0.7601058731410381], 'radius': 2.015000311313874}",0.9995450611807956,8719.387013,4.030000622627748,"{'center': [Decimal('151.62637565777356'), 168.1060185532892], 'axes': [Decimal('21.854771625299172'), Decimal('30.831470379204763')], 'angle': -81.21155422421604}","[Decimal('151.62637565777356'), 168.1060185532892]",30.831470379204763,"{'center': [0.08175847911720643, Decimal('-1.3961963589880135'), 90.17252088253979], 'radius': 12.0}","{'center': [Decimal('160.56214749855667'), Decimal('110.40016033598343')], 'axes': [165.0170124375577, 165.0170124375577], 'angle': 90.0}",0.8312994796940476,120,8281.920388,2.268314271439874,-1.6994370439669926,"[Decimal('0.47383242393054237'), 0.2995582560279616]",pupil.1,1,3d c++,1581666759.834275,0.47383242393054237,0.2995582560279616
"{'center': [Decimal('-1.1098440012837356'), 6.312461053795588, 81.0534921831092], 'normal': [-0.0993002067000785, 0.6423881177319668, -0.7599190582858825], 'radius': Decimal('2.0415945404749203')}",0.999612055679889,8719.395412,4.083189080949841,"{'center': [Decimal('151.53791857929576'), Decimal('168.10658876438134')], 'axes': [22.13572109680044, Decimal('31.237636034584728')], 'angle': -81.12611724317641}","[Decimal('151.53791857929576'), Decimal('168.10658876438134')]",31.237636034584728,"{'center': [0.08175847911720643, Decimal('-1.3961963589880135'), 90.17252088253979], 'radius': 12.0}","{'center': [Decimal('160.56214749855667'), Decimal('110.40016033598343')], 'axes': [165.0170124375577, 165.0170124375577], 'angle': 90.0}",0.8328377978879753,120,8281.920388,2.2684066419111675,-1.7007321881001352,"[Decimal('0.47355599556029926'), Decimal('0.29955588014841106')]",pupil.1,1,3d c++,1581666759.8435109,0.47355599556029926,0.29955588014841106
"{'center': [Decimal('-1.0796697993898474'), 6.307217776101318, 81.04517214278025], 'normal': [-0.09678568987558782, 0.6419511779241109, -0.7606123949799615], 'radius': Decimal('2.0186798950549325')}",0.9992579630575488,8719.403812,4.037359790109865,"{'center': [Decimal('151.76663105366282'), Decimal('168.07531372529627')], 'axes': [Decimal('21.915145288802197'), Decimal('30.890094482591955')], 'angle': -81.34273416602399}","[Decimal('151.76663105366282'), Decimal('168.07531372529627')]",30.890094482591955,"{'center': [0.08175847911720643, Decimal('-1.3961963589880135'), 90.17252088253979], 'radius': 12.0}","{'center': [Decimal('160.56214749855667'), Decimal('110.40016033598343')], 'axes': [165.0170124375577, 165.0170124375577], 'angle': 90.0}",0.8339978609911758,120,8281.920388,2.267836642990537,-1.6973631943275989,"[0.4742707220426963, 0.2996861928112655]",pupil.1,1,3d c++,1581666759.8541386,0.4742707220426963,0.2996861928112655
"{'center': [-1.136598754644668, 6.32122062277302, 81.06444310616092], 'normal': [-0.1015297694801562, 0.6431180818134195, -0.7590064813649052], 'radius': Decimal('1.9937763944713567')}",0.9986127677738348,8719.412212,3.9875527889427134,"{'center': [Decimal('151.33370374993504'), Decimal('168.17547008953312')], 'axes': [Decimal('21.580651322091015'), 30.50169313036633], 'angle': -80.93938902725995}","[Decimal('151.33370374993504'), Decimal('168.17547008953312')]",30.50169313036633,"{'center': [0.08175847911720643, Decimal('-1.3961963589880135'), 90.17252088253979], 'radius': 12.0}","{'center': [Decimal('160.56214749855667'), Decimal('110.40016033598343')], 'axes': [165.0170124375577, 165.0170124375577], 'angle': 90.0}",0.8346451791050313,120,8281.920388,2.269359506438631,-1.703773602311728,"[0.472917824218547, 0.2992688746269453]",pupil.1,1,3d c++,1581666759.864119,0.472917824218547,0.2992688746269453
"{'center': [Decimal('-1.1648940994621053'), 6.334539317404039, 81.07957948549556], 'normal': [-0.1038877148816093, 0.6442279730326711, -0.7577451164203524], 'radius': Decimal('2.0117806580768667')}",0.998350406102326,8719.420612,4.023561316153733,"{'center': [Decimal('151.11999828887508'), Decimal('168.26532671603803')], 'axes': [Decimal('21.725011864470382'), 30.77147561778301], 'angle': -80.74748554643853}","[Decimal('151.11999828887508'), Decimal('168.26532671603803')]",30.77147561778301,"{'center': [0.08175847911720643, Decimal('-1.3961963589880135'), 90.17252088253979], 'radius': 12.0}","{'center': [Decimal('160.56214749855667'), Decimal('110.40016033598343')], 'axes': [165.0170124375577, 165.0170124375577], 'angle': 90.0}",0.8355399863549828,120,8281.920388,2.2708097751289547,-1.7070480035443496,"[Decimal('0.47224999465273465'), 0.2988944720165082]",pupil.1,1,3d c++,1581666759.8707461,0.47224999465273465,0.2988944720165082
"{'center': [Decimal('-1.1678530748976588'), 6.329613859222699, 81.07580018570273], 'normal': [Decimal('-0.10413429616790543'), 0.6438175181842261, -0.758060058069754], 'radius': Decimal('2.0247312943450533')}",0.9991521323618837,8719.429012,4.049462588690107,"{'center': [Decimal('151.09739752399608'), Decimal('168.22767667583088')], 'axes': [21.87760941413112, 30.97105613127333], 'angle': -80.71983047656379}","[Decimal('151.09739752399608'), Decimal('168.22767667583088')]",30.97105613127333,"{'center': [0.08175847911720643, Decimal('-1.3961963589880135'), 90.17252088253979], 'radius': 12.0}","{'center': [Decimal('160.56214749855667'), Decimal('110.40016033598343')], 'axes': [165.0170124375577, 165.0170124375577], 'angle': 90.0}",0.8367012630681847,120,8281.920388,2.270273237271217,-1.7073113632271981,"[Decimal('0.47217936726248777'), Decimal('0.29905134718403803')]",pupil.1,1,3d c++,1581666759.879009,0.47217936726248777,0.29905134718403803
"{'center': [Decimal('-1.1631962137556124'), 6.350932271969836, 81.0933091442837], 'normal': [Decimal('-0.10374622440606823'), 0.6455940525798208, -0.7566009781880071], 'radius': Decimal('2.0196302858681072')}",0.9990450937035537,8719.437412,4.0392605717362144,"{'center': [Decimal('151.13460236991995'), Decimal('168.38112804823618')], 'axes': [Decimal('21.763883499719395'), Decimal('30.886357008229144')], 'angle': -80.77963300495263}","[Decimal('151.13460236991995'), Decimal('168.38112804823618')]",30.886357008229144,"{'center': [0.08175847911720643, Decimal('-1.3961963589880135'), 90.17252088253979], 'radius': 12.0}","{'center': [Decimal('160.56214749855667'), Decimal('110.40016033598343')], 'axes': [165.0170124375577, 165.0170124375577], 'angle': 90.0}",0.8382267101737617,120,8281.920388,2.2725972352642154,-1.7070679460471099,"[0.4722956324059998, 0.2984119664656826]",pupil.1,1,3d c++,1581666759.886369,0.4722956324059998,0.2984119664656826
"{'center': [Decimal('-1.1721204869088646'), 6.337802894245825, 81.08334913317033], 'normal': [Decimal('-0.10448991383550592'), 0.6444999377694866, -0.7574309791141214], 'radius': 2.030079194107375}",0.9991445877194872,8719.445812,4.06015838821475,"{'center': [Decimal('151.06580758090527'), Decimal('168.28489032285646')], 'axes': [21.91000358851656, 31.04999916680688], 'angle': -80.69845054472974}","[Decimal('151.06580758090527'), Decimal('168.28489032285646')]",31.04999916680688,"{'center': [0.08175847911720643, Decimal('-1.3961963589880135'), 90.17252088253979], 'radius': 12.0}","{'center': [Decimal('160.56214749855667'), Decimal('110.40016033598343')], 'axes': [165.0170124375577, 165.0170124375577], 'angle': 90.0}",0.8389291479544814,120,8281.920388,2.271165415245545,-1.707884105665561,"[Decimal('0.47208064869032895'), Decimal('0.29881295698809807')]",pupil.1,1,3d c++,1581666759.896002,0.47208064869032895,0.29881295698809807
"{'center': [Decimal('-1.1590587853914893'), 6.34398194988164, 81.08681715288841], 'normal': [Decimal('-0.10340143870905798'), 0.6450148590724711, -0.7571419774709477], 'radius': 2.023072554757178}",0.9988150083658359,8719.454212,4.046145109514356,"{'center': [151.1655587470784, 168.3312438525121], 'axes': [21.82277674159967, Decimal('30.941483406135124')], 'angle': -80.80160425077035}","[151.1655587470784, 168.3312438525121]",30.941483406135124,"{'center': [0.08175847911720643, Decimal('-1.3961963589880135'), 90.17252088253979], 'radius': 12.0}","{'center': [Decimal('160.56214749855667'), Decimal('110.40016033598343')], 'axes': [165.0170124375577, 165.0170124375577], 'angle': 90.0}",0.8396454126844421,120,8281.920388,2.271839054582971,-1.706524762966986,"[Decimal('0.47239237108461996'), 0.2986198172811996]",pupil.1,1,3d c++,1581666759.9035618,0.47239237108461996,0.2986198172811996
"{'center': [Decimal('-1.1517083395996448'), 6.344801287667874, 81.08651433171711], 'normal': [Decimal('-0.10278890155973759'), 0.6450831372213239, -0.7571672125685563], 'radius': 2.028880145655365}",0.9982374420333804,8719.462612,4.05776029131073,"{'center': [151.2217249358889, Decimal('168.33665251249832')], 'axes': [21.88650808695659, Decimal('31.030444970006062')], 'angle': -80.85644337463881}","[151.2217249358889, Decimal('168.33665251249832')]",31.030444970006062,"{'center': [0.08175847911720643, Decimal('-1.3961963589880135'), 90.17252088253979], 'radius': 12.0}","{'center': [Decimal('160.56214749855667'), Decimal('110.40016033598343')], 'axes': [165.0170124375577, 165.0170124375577], 'angle': 90.0}",0.840434347378971,120,8281.920388,2.2719284073726937,-1.7057260344710854,"[Decimal('0.47256789042465275'), 0.2985972811979237]",pupil.1,1,3d c++,1581666759.909854,0.47256789042465275,0.2985972811979237
"{'center': [Decimal('-1.1706625358435834'), Decimal('6.3409447648049895'), 81.08582242645599], 'normal': [Decimal('-0.10436841791339914'), 0.6447617603160836, -0.7572248713403168], 'radius': 2.017728837882844}",0.9987931105703548,8719.471012,4.035457675765688,"{'center': [Decimal('151.07684050606503'), 168.3095818551832], 'axes': [Decimal('21.768376196938735'), Decimal('30.860112023422044')], 'angle': -80.7129359024929}","[Decimal('151.07684050606503'), 168.3095818551832]",30.860112023422044,"{'center': [0.08175847911720643, Decimal('-1.3961963589880135'), 90.17252088253979], 'radius': 12.0}","{'center': [Decimal('160.56214749855667'), Decimal('110.40016033598343')], 'axes': [165.0170124375577, 165.0170124375577], 'angle': 90.0}",0.8414686769165902,120,8281.920388,2.2715078934759854,-1.7077634991670965,"[0.4721151265814532, Decimal('0.29871007560340324')]",pupil.1,1,3d c++,1581666759.9177382,0.4721151265814532,0.29871007560340324
"{'center': [Decimal('-1.1715204261274343'), 6.336053867735353, 81.08177842567713], 'normal': [Decimal('-0.10443990877038672'), 0.6443541855602805, -0.7575618714052211], 'radius': Decimal('2.0128599583683773')}",0.9987545795138844,8719.479412,4.0257199167367546,"{'center': [Decimal('151.06973708378686'), 168.2754367225248], 'axes': [21.72930635539023, Decimal('30.787156616906692')], 'angle': -80.70073099243987}","[Decimal('151.06973708378686'), 168.2754367225248]",30.787156616906692,"{'center': [0.08175847911720643, Decimal('-1.3961963589880135'), 90.17252088253979], 'radius': 12.0}","{'center': [Decimal('160.56214749855667'), Decimal('110.40016033598343')], 'axes': [165.0170124375577, 165.0170124375577], 'angle': 90.0}",0.8424414610864295,120,8281.920388,2.270974806207158,-1.7077959389176818,"[0.4720929283868339, Decimal('0.29885234698948004')]",pupil.1,1,3d c++,1581666759.927234,0.4720929283868339,0.29885234698948004
"{'center': [Decimal('-1.1798115212709714'), 6.338507784125206, 81.08501336107783], 'normal': [Decimal('-0.10513083336568148'), 0.6445586785927683, -0.7572922934551637], 'radius': Decimal('2.0298332712247547')}",0.9993101367662774,8719.487812,4.059666542449509,"{'center': [Decimal('151.00734171898958'), 168.2893605577127], 'axes': [Decimal('21.901713564390782'), Decimal('31.045602207283306')], 'angle': -80.64295459757723}","[Decimal('151.00734171898958'), 168.2893605577127]",31.045602207283306,"{'center': [0.08175847911720643, Decimal('-1.3961963589880135'), 90.17252088253979], 'radius': 12.0}","{'center': [Decimal('160.56214749855667'), Decimal('110.40016033598343')], 'axes': [165.0170124375577, 165.0170124375577], 'angle': 90.0}",0.8440608324738696,120,8281.920388,2.2712422428551458,-1.7087393212682451,"[Decimal('0.47189794287184245'), Decimal('0.29879433100953035')]",pupil.1,1,3d c++,1581666759.9384859,0.47189794287184245,0.29879433100953035
"{'center': [Decimal('-1.1722522587008453'), 6.33590252161593, 81.08175061979526], 'normal': [Decimal('-0.10450089481817097'), 0.6443415733836619, -0.7575641885620442], 'radius': 2.006000633110111}",0.9990176418416905,8719.496212,4.012001266220222,"{'center': [151.0639644008686, 168.2754816804454], 'axes': [Decimal('21.655308648280464'), 30.68222480711219], 'angle': -80.69518340823338}","[151.0639644008686, 168.2754816804454]",30.68222480711219,"{'center': [0.08175847911720643, Decimal('-1.3961963589880135'), 90.17252088253979], 'radius': 12.0}","{'center': [Decimal('160.56214749855667'), Decimal('110.40016033598343')], 'axes': [165.0170124375577, 165.0170124375577], 'angle': 90.0}",0.8450030882116377,120,8281.920388,2.270958313935061,-1.7078745255428953,"[Decimal('0.47207488875271436'), 0.2988521596648108]",pupil.1,1,3d c++,1581666759.947902,0.47207488875271436,0.2988521596648108
"{'center': [Decimal('-1.1762605323304962'), 6.339647295337422, 81.08549105301523], 'normal': [Decimal('-0.10483491762064188'), 0.6446536378604529, -0.7572524857937127], 'radius': 2.01312245754621}",0.9984524465791724,8719.504612,4.02624491509242,"{'center': [151.0339979128127, Decimal('168.30067533120217')], 'axes': [Decimal('21.719733240481865'), Decimal('30.789767325731898')], 'angle': -80.67035416273701}","[151.0339979128127, Decimal('168.30067533120217')]",30.789767325731898,"{'center': [0.08175847911720643, Decimal('-1.3961963589880135'), 90.17252088253979], 'radius': 12.0}","{'center': [Decimal('160.56214749855667'), Decimal('110.40016033598343')], 'axes': [165.0170124375577, 165.0170124375577], 'angle': 90.0}",0.8453933320367035,120,8281.920388,2.27136645139387,-1.7083630746619571,"[0.4719812434775397, Decimal('0.29874718611999096')]",pupil.1,1,3d c++,1581666759.954377,0.4719812434775397,0.29874718611999096
"{'center': [Decimal('-1.1785301311986738'), 6.341985946193924, 81.08779704356277], 'normal': [Decimal('-0.10502405085965669'), 0.6448485254318281, -0.757060319914751], 'radius': 2.01034943958681}",0.9992507756813587,8719.513012,4.02069887917362,"{'center': [Decimal('151.01686242618376'), Decimal('168.31767078621579')], 'axes': [Decimal('21.682106865861254'), Decimal('30.746472490360528')], 'angle': -80.65657343042767}","[Decimal('151.01686242618376'), Decimal('168.31767078621579')]",30.746472490360528,"{'center': [0.08175847911720643, Decimal('-1.3961963589880135'), 90.17252088253979], 'radius': 12.0}","{'center': [Decimal('160.56214749855667'), Decimal('110.40016033598343')], 'axes': [165.0170124375577, 165.0170124375577], 'angle': 90.0}",0.8459053837913011,120,8281.920388,2.2716214088250815,-1.7086426714863379,"[Decimal('0.47192769508182425'), 0.2986763717241009]",pupil.1,1,3d c++,1581666759.962525,0.47192769508182425,0.2986763717241009
"{'center': [-1.171443859761357, 6.31710052317821, 81.06568086498189], 'normal': [Decimal('-0.10443352823988028'), 0.6427747401805186, -0.7589033347964923], 'radius': Decimal('1.9982702447179692')}",0.9994976748962626,8719.521412,3.9965404894359384,"{'center': [Decimal('151.06821354466592'), Decimal('168.14257495134484')], 'axes': [21.62505766392068, Decimal('30.569997797424808')], 'angle': -80.67828117759414}","[Decimal('151.06821354466592'), Decimal('168.14257495134484')]",30.569997797424808,"{'center': [0.08175847911720643, Decimal('-1.3961963589880135'), 90.17252088253979], 'radius': 12.0}","{'center': [Decimal('160.56214749855667'), Decimal('110.40016033598343')], 'axes': [165.0170124375577, 165.0170124375577], 'angle': 90.0}",0.8464273366301622,120,8281.920388,2.2689112277640695,-1.707548533312445,"[Decimal('0.47208816732708103'), Decimal('0.29940593770272983')]",pupil.1,1,3d c++,1581666759.970048,0.47208816732708103,0.29940593770272983
"{'center': [Decimal('-1.1809575163130288'), 6.33870379105075, 81.08533936218845], 'normal': [-0.1052263329525196, 0.6445750125032302, -0.7572651266959453], 'radius': 2.005024868633036}",0.999120402745189,8719.529812,4.010049737266072,"{'center': [Decimal('150.99794572787886'), Decimal('168.29496435244113')], 'axes': [21.63280414233842, Decimal('30.665943798785875')], 'angle': -80.6348000328417}","[Decimal('150.99794572787886'), Decimal('168.29496435244113')]",30.665943798785875,"{'center': [0.08175847911720643, Decimal('-1.3961963589880135'), 90.17252088253979], 'radius': 12.0}","{'center': [Decimal('160.56214749855667'), Decimal('110.40016033598343')], 'axes': [165.0170124375577, 165.0170124375577], 'angle': 90.0}",0.8466292522222085,120,8281.920388,2.2712636069962313,-1.7088679317839948,"[Decimal('0.47186858039962143'), Decimal('0.29877098186482864')]",pupil.1,1,3d c++,1581666759.977672,0.47186858039962143,0.29877098186482864
"{'center': [Decimal('-1.1780731896461156'), 6.329783373150764, 81.0773539602144], 'normal': [-0.1049859723969435, 0.643831644344898, -0.757930576860449], 'radius': Decimal('1.9903490766276069')}",0.9989380604381156,8719.538212,3.9806981532552137,"{'center': [151.0186808006671, Decimal('168.23401035194962')], 'axes': [Decimal('21.500736975938537'), 30.44441590786552], 'angle': -80.64506565708024}","[151.0186808006671, Decimal('168.23401035194962')]",30.44441590786552,"{'center': [0.08175847911720643, Decimal('-1.3961963589880135'), 90.17252088253979], 'radius': 12.0}","{'center': [Decimal('160.56214749855667'), Decimal('110.40016033598343')], 'axes': [165.0170124375577, 165.0170124375577], 'angle': 90.0}",0.8467880985876253,120,8281.920388,2.27029169866282,-1.7084370962175544,"[Decimal('0.47193337750208475'), 0.2990249568668766]",pupil.1,1,3d c++,1581666759.986027,0.47193337750208475,0.2990249568668766
"{'center': [-1.186127775425677, 6.329645892600562, 81.0783564927176], 'normal': [-0.1056571878785736, 0.6438201876323812, -0.7578470324851825], 'radius': Decimal('1.9953299749767142')}",0.9992591610335431,8719.546612,3.9906599499534283,"{'center': [150.9575074157747, Decimal('168.23153956513536')], 'axes': [Decimal('21.551217208106653'), Decimal('30.520247931141434')], 'angle': -80.5858340395128}","[150.9575074157747, Decimal('168.23153956513536')]",30.520247931141434,"{'center': [0.08175847911720643, Decimal('-1.3961963589880135'), 90.17252088253979], 'radius': 12.0}","{'center': [Decimal('160.56214749855667'), Decimal('110.40016033598343')], 'axes': [165.0170124375577, 165.0170124375577], 'angle': 90.0}",0.847836523861556,120,8281.920388,2.2702767259344476,-1.709320983887785,"[Decimal('0.47174221067429595'), 0.299035251811936]",pupil.1,1,3d c++,1581666759.9944608,0.47174221067429595,0.299035251811936
"{'center': [Decimal('-1.2014001238345944'), 6.318497703658343, 81.07103751336089], 'normal': [Decimal('-0.10692988357931672'), 0.6428911718871964, -0.7584569474315739], 'radius': Decimal('1.9863795062331044')}",0.9990212730042134,8719.555012,3.972759012466209,"{'center': [150.8400065646479, Decimal('168.15221945049717')], 'axes': [Decimal('21.478525858261527'), 30.3860448866053], 'angle': -80.46004648509671}","[150.8400065646479, Decimal('168.15221945049717')]",30.3860448866053,"{'center': [0.08175847911720643, Decimal('-1.3961963589880135'), 90.17252088253979], 'radius': 12.0}","{'center': [Decimal('160.56214749855667'), Decimal('110.40016033598343')], 'axes': [165.0170124375577, 165.0170124375577], 'angle': 90.0}",0.848462016658913,120,8281.920388,2.2690632261134773,-1.7108566910100365,"[0.4713750205145247, Decimal('0.29936575228959517')]",pupil.1,1,3d c++,1581666760.002649,0.4713750205145247,0.29936575228959517
"{'center': [Decimal('-1.2063095953114982'), 6.324165878687427, 81.07653893693805], 'normal': [Decimal('-0.10733900620239205'), 0.6433635198062867, -0.7579984954668108], 'radius': Decimal('1.9854067178275032')}",0.9989102716412931,8719.563412,3.9708134356550064,"{'center': [Decimal('150.80313960765665'), Decimal('168.19248113400226')], 'axes': [Decimal('21.449869329265454'), 30.36910553992158], 'angle': -80.43110348029118}","[Decimal('150.80313960765665'), Decimal('168.19248113400226')]",30.36910553992158,"{'center': [0.08175847911720643, Decimal('-1.3961963589880135'), 90.17252088253979], 'radius': 12.0}","{'center': [Decimal('160.56214749855667'), Decimal('110.40016033598343')], 'axes': [165.0170124375577, 165.0170124375577], 'angle': 90.0}",0.8486593875646986,120,8281.920388,2.2696800622107656,-1.7114694673555881,"[0.471259811273927, 0.2991979952749906]",pupil.1,1,3d c++,1581666760.0100448,0.471259811273927,0.2991979952749906
"{'center': [Decimal('-1.1864055138082281'), Decimal('6.3219809638548226'), 81.07188909676788], 'normal': [-0.1056803327437862, 0.6431814435702363, -0.7583859821476592], 'radius': Decimal('1.9751692799979192')}",0.9993179842906947,8719.571812,3.9503385599958385,"{'center': [Decimal('150.95413747276308'), Decimal('168.18020417604572')], 'axes': [21.35453100070549, 30.21419838620341], 'angle': -80.57438442781712}","[Decimal('150.95413747276308'), Decimal('168.18020417604572')]",30.21419838620341,"{'center': [0.08175847911720643, Decimal('-1.3961963589880135'), 90.17252088253979], 'radius': 12.0}","{'center': [Decimal('160.56214749855667'), Decimal('110.40016033598343')], 'axes': [165.0170124375577, 165.0170124375577], 'angle': 90.0}",0.8487221044347404,120,8281.920388,2.26944225217812,-1.7092537314482912,"[0.4717316796023846, Decimal('0.29924914926647617')]",pupil.1,1,3d c++,1581666760.021742,0.4717316796023846,0.29924914926647617
"{'center': [Decimal('-1.1923528003346722'), 6.329503761968711, 81.07910578761408], 'normal': [-0.1061759399543232, 0.6438083434130604, -0.7577845912438091], 'radius': Decimal('1.9719710310161798')}",0.9986767109565791,8719.580212,3.9439420620323595,"{'center': [150.9094724387268, 168.2340049938843], 'axes': [21.29631515145796, 30.16258538460447], 'angle': -80.54002638173841}","[150.9094724387268, 168.2340049938843]",30.16258538460447,"{'center': [0.08175847911720643, Decimal('-1.3961963589880135'), 90.17252088253979], 'radius': 12.0}","{'center': [Decimal('160.56214749855667'), Decimal('110.40016033598343')], 'axes': [165.0170124375577, 165.0170124375577], 'angle': 90.0}",0.8488141091835155,120,8281.920388,2.2702612469734005,-1.7100036994119368,"[Decimal('0.47159210137102126'), Decimal('0.29902497919214877')]",pupil.1,1,3d c++,1581666760.0298188,0.47159210137102126,0.29902497919214877
"{'center': [Decimal('-1.1849367489446467'), 6.323781001074402, 81.0732114164688], 'normal': [Decimal('-0.10555793567182109'), 0.6433314466718679, -0.758275788839249], 'radius': Decimal('1.9632791211018061')}",0.9985627252281589,8719.588612,3.9265582422036123,"{'center': [Decimal('150.96515405064955'), Decimal('168.19518836683181')], 'axes': [Decimal('21.221618702376638'), Decimal('30.031780298911794')], 'angle': -80.58737420824136}","[Decimal('150.96515405064955'), Decimal('168.19518836683181')]",30.031780298911794,"{'center': [0.08175847911720643, Decimal('-1.3961963589880135'), 90.17252088253979], 'radius': 12.0}","{'center': [Decimal('160.56214749855667'), Decimal('110.40016033598343')], 'axes': [165.0170124375577, 165.0170124375577], 'angle': 90.0}",0.8487738893060315,120,8281.920388,2.2696381679958804,-1.7091152530586022,"[0.4717661064082798, 0.2991867151382007]",pupil.1,1,3d c++,1581666760.038152,0.4717661064082798,0.2991867151382007
"{'center': [Decimal('-1.1942304362339142'), 6.319159830231289, 81.07059080362924], 'normal': [Decimal('-0.10633240961259338'), 0.6429463491016085, -0.7584941732425453], 'radius': Decimal('1.9731543047953886')}",0.999613308916657,8719.597012,3.946308609590777,"{'center': [Decimal('150.89426689958387'), Decimal('168.15976941837502')], 'axes': [Decimal('21.336946246776183'), Decimal('30.183850365126414')], 'angle': -80.51347961265567}","[Decimal('150.89426689958387'), Decimal('168.15976941837502')]",30.183850365126414,"{'center': [0.08175847911720643, Decimal('-1.3961963589880135'), 90.17252088253979], 'radius': 12.0}","{'center': [Decimal('160.56214749855667'), Decimal('110.40016033598343')], 'axes': [165.0170124375577, 165.0170124375577], 'angle': 90.0}",0.8490090461755306,120,8281.920388,2.2691352652022325,-1.7100774621343253,"[0.4715445840611996, Decimal('0.29933429409010404')]",pupil.1,1,3d c++,1581666760.046033,0.4715445840611996,0.29933429409010404
"{'center': [Decimal('-1.1892842745172645'), Decimal('6.3191491870227745'), 81.06988975609701], 'normal': [Decimal('-0.10592022946953923'), 0.6429454621675657, -0.758552593870231], 'radius': Decimal('1.9665203650667133')}",0.9996282424444821,8719.605412,3.9330407301334267,"{'center': [Decimal('150.93172983334586'), Decimal('168.16120844624288')], 'axes': [Decimal('21.267482562418117'), Decimal('30.082602791600642')], 'angle': -80.54976954568768}","[Decimal('150.93172983334586'), Decimal('168.16120844624288')]",30.082602791600642,"{'center': [0.08175847911720643, Decimal('-1.3961963589880135'), 90.17252088253979], 'radius': 12.0}","{'center': [Decimal('160.56214749855667'), Decimal('110.40016033598343')], 'axes': [165.0170124375577, 165.0170124375577], 'angle': 90.0}",0.8492296992035131,120,8281.920388,2.2691341071912356,-1.7095339280697743,"[0.4716616557292058, Decimal('0.29932829814065465')]",pupil.1,1,3d c++,1581666760.0549526,0.4716616557292058,0.29932829814065465
"{'center': [Decimal('-1.2178818238439741'), 6.315608061533676, 81.07092719447937], 'normal': [Decimal('-0.10830335858009837'), 0.6426503683768074, -0.7584661406717009], 'radius': 1.960451550692688}",0.9993943343780944,8719.613812,3.920903101385376,"{'center': [Decimal('150.71357267529143'), Decimal('168.13463374614233')], 'axes': [Decimal('21.198309368060073'), 29.989362996841], 'angle': -80.335522394946}","[Decimal('150.71357267529143'), Decimal('168.13463374614233')]",29.989362996841,"{'center': [0.08175847911720643, Decimal('-1.3961963589880135'), 90.17252088253979], 'radius': 12.0}","{'center': [Decimal('160.56214749855667'), Decimal('110.40016033598343')], 'axes': [165.0170124375577, 165.0170124375577], 'angle': 90.0}",0.8496653283524336,120,8281.920388,2.2687488852497326,-1.7126301370216326,"[0.4709799146102857, 0.2994390260577403]",pupil.1,1,3d c++,1581666760.062737,0.4709799146102857,0.2994390260577403
"{'center': [Decimal('-1.2556695111729772'), 6.285399622432494, 81.05087796314129], 'normal': [Decimal('-0.11145233252418196'), 0.6401329984517089, -0.7601369099498745], 'radius': Decimal('1.9296580798647587')}",0.9990902284779183,8719.622212,3.8593161597295174,"{'center': [Decimal('150.42221644652614'), Decimal('167.92073254587547')], 'axes': [20.92917377157935, Decimal('29.525482509903664')], 'angle': -80.0193205622703}","[Decimal('150.42221644652614'), Decimal('167.92073254587547')]",29.525482509903664,"{'center': [0.08175847911720643, Decimal('-1.3961963589880135'), 90.17252088253979], 'radius': 12.0}","{'center': [Decimal('160.56214749855667'), Decimal('110.40016033598343')], 'axes': [165.0170124375577, 165.0170124375577], 'angle': 90.0}",0.8502279748692332,120,8281.920388,2.2654676954725756,-1.7163803866822367,"[0.4700694263953942, 0.3003302810588522]",pupil.1,1,3d c++,1581666760.070409,0.4700694263953942,0.3003302810588522
"{'center': [Decimal('-1.2582144515589933'), 6.26833280702292, 81.03690567564634], 'normal': [-0.1116644108896833, 0.6387107638342444, -0.7613012672411207], 'radius': Decimal('1.9334136005644706')}",0.9984439272896768,8719.630612,3.8668272011289413,"{'center': [Decimal('150.40131341844875'), 167.7978116290185], 'axes': [21.01475845480301, 29.58804666768235], 'angle': -79.97824458838097}","[Decimal('150.40131341844875'), 167.7978116290185]",29.58804666768235,"{'center': [0.08175847911720643, Decimal('-1.3961963589880135'), 90.17252088253979], 'radius': 12.0}","{'center': [Decimal('160.56214749855667'), Decimal('110.40016033598343')], 'axes': [165.0170124375577, 165.0170124375577], 'angle': 90.0}",0.8503329093927703,120,8281.920388,2.2636178886041303,-1.716433569244273,"[Decimal('0.47000410443265234'), 0.3008424515457563]",pupil.1,1,3d c++,1581666760.0781538,0.47000410443265234,0.3008424515457563
"{'center': [Decimal('-1.2393270555730769'), 6.271975553352553, 81.03721177267255], 'normal': [Decimal('-0.11009046122419028'), 0.6390143260283806, -0.7612757591556029], 'radius': Decimal('1.9201923257478895')}",0.9988947177543773,8719.639012,3.840384651495779,"{'center': [Decimal('150.54509140493332'), Decimal('167.82761800193956')], 'axes': [Decimal('20.870102090615646'), Decimal('29.385553833119733')], 'angle': -80.12212736048207}","[Decimal('150.54509140493332'), Decimal('167.82761800193956')]",29.385553833119733,"{'center': [0.08175847911720643, Decimal('-1.3961963589880135'), 90.17252088253979], 'radius': 12.0}","{'center': [Decimal('160.56214749855667'), Decimal('110.40016033598343')], 'axes': [165.0170124375577, 165.0170124375577], 'angle': 90.0}",0.8506509929048001,120,8281.920388,2.264012473230381,-1.7144138124413284,"[0.4704534106404166, 0.3007182583252519]",pupil.1,1,3d c++,1581666760.087275,0.4704534106404166,0.3007182583252519
"{'center': [Decimal('-1.2596354262676213'), 6.264940482937726, 81.0342691525925], 'normal': [Decimal('-0.11178282544873563'), 0.6384280701604783, -0.7615209774956072], 'radius': Decimal('1.9400501394794514')}",0.9994109274475981,8719.647412,3.8801002789589027,"{'center': [150.3903605228315, 167.7723164002938], 'axes': [Decimal('21.095414424830537'), Decimal('29.690597137829442')], 'angle': -79.96331628806486}","[150.3903605228315, 167.7723164002938]",29.690597137829442,"{'center': [0.08175847911720643, Decimal('-1.3961963589880135'), 90.17252088253979], 'radius': 12.0}","{'center': [Decimal('160.56214749855667'), Decimal('110.40016033598343')], 'axes': [165.0170124375577, 165.0170124375577], 'angle': 90.0}",0.8509193644674728,120,8281.920388,2.2632505460631527,-1.7165443630961195,"[Decimal('0.46996987663384837'), Decimal('0.30094868166544253')]",pupil.1,1,3d c++,1581666760.0936582,0.46996987663384837,0.30094868166544253
"{'center': [-1.238914102030024, Decimal('6.2621791124813475'), 81.02893793757765], 'normal': [Decimal('-0.11005604842893586'), 0.6381979559557801, -0.761965245413511], 'radius': Decimal('1.9166376813297643')}",0.9993270651061514,8719.655812,3.8332753626595286,"{'center': [Decimal('150.54721207825816'), 167.7581304773663], 'axes': [20.85778905120245, 29.33412993848334], 'angle': -80.11247206643564}","[Decimal('150.54721207825816'), 167.7581304773663]",29.33412993848334,"{'center': [0.08175847911720643, Decimal('-1.3961963589880135'), 90.17252088253979], 'radius': 12.0}","{'center': [Decimal('160.56214749855667'), Decimal('110.40016033598343')], 'axes': [165.0170124375577, 165.0170124375577], 'angle': 90.0}",0.8515386933445002,120,8281.920388,2.2629516098348366,-1.7142413932832632,"[Decimal('0.47046003774455675'), 0.3010077896776404]",pupil.1,1,3d c++,1581666760.106215,0.47046003774455675,0.3010077896776404
"{'center': [Decimal('-1.2550765023142814'), 6.261890949346308, 81.03104556340503], 'normal': [Decimal('-0.11140291511929064'), 0.6381739423611935, -0.7617896099278962], 'radius': Decimal('1.9268637062303682')}",0.9996944125963608,8719.664212,3.8537274124607364,"{'center': [150.4244022943413, Decimal('167.75305442916581')], 'axes': [Decimal('20.962300621806808'), Decimal('29.489912941343206')], 'angle': -79.99290584518664}","[150.4244022943413, Decimal('167.75305442916581')]",29.489912941343206,"{'center': [0.08175847911720643, Decimal('-1.3961963589880135'), 90.17252088253979], 'radius': 12.0}","{'center': [Decimal('160.56214749855667'), Decimal('110.40016033598343')], 'axes': [165.0170124375577, 165.0170124375577], 'angle': 90.0}",0.8519302273348739,120,8281.920388,2.262920418578931,-1.7160054609746238,"[Decimal('0.47007625716981655'), 0.3010289398784758]",pupil.1,1,3d c++,1581666760.114748,0.47007625716981655,0.3010289398784758
"{'center': [Decimal('-1.2482001825116724'), 6.257677485099027, 81.02651491615431], 'normal': [Decimal('-0.11082988846907323'), 0.6378228203405867, -0.7621671638654557], 'radius': Decimal('1.9303283641525881')}",0.9992430585234828,8719.672612,3.8606567283051763,"{'center': [Decimal('150.47646029102157'), Decimal('167.72288888775844')], 'axes': [Decimal('21.014572534952933'), 29.54459765348803], 'angle': -80.03809680517239}","[Decimal('150.47646029102157'), Decimal('167.72288888775844')]",29.54459765348803,"{'center': [0.08175847911720643, Decimal('-1.3961963589880135'), 90.17252088253979], 'radius': 12.0}","{'center': [Decimal('160.56214749855667'), Decimal('110.40016033598343')], 'axes': [165.0170124375577, 165.0170124375577], 'angle': 90.0}",0.852114145643279,120,8281.920388,2.2624644382702463,-1.7151983440863823,"[0.4702389384094424, 0.3011546296343398]",pupil.1,1,3d c++,1581666760.1220338,0.4702389384094424,0.3011546296343398
"{'center': [-1.245989960803374, 6.248174590187605, 81.01824991912122], 'normal': [Decimal('-0.11064570332671503'), 0.6370309124313015, -0.762855913618214], 'radius': Decimal('1.9028097894348825')}",0.9984362952266264,8719.681012,3.805619578869765,"{'center': [Decimal('150.49161508469479'), Decimal('167.65955534388183')], 'axes': [Decimal('20.740993874631762'), 29.12627782564498], 'angle': -80.04198065005133}","[Decimal('150.49161508469479'), Decimal('167.65955534388183')]",29.12627782564498,"{'center': [0.08175847911720643, Decimal('-1.3961963589880135'), 90.17252088253979], 'radius': 12.0}","{'center': [Decimal('160.56214749855667'), Decimal('110.40016033598343')], 'axes': [165.0170124375577, 165.0170124375577], 'angle': 90.0}",0.8519253301532581,120,8281.920388,2.26143666818455,-1.714833313236992,"[0.4702862971396712, Decimal('0.30141851940049236')]",pupil.1,1,3d c++,1581666760.130128,0.4702862971396712,0.30141851940049236
"{'center': [-1.255406987264225, 6.258639582960099, 81.02837110153902], 'normal': [Decimal('-0.11143045553178595'), 0.6379029951623427, -0.7620124817500636], 'radius': Decimal('1.9333838239514618')}",0.9997045860950821,8719.689412,3.8667676479029236,"{'center': [Decimal('150.42176208616777'), Decimal('167.72867601773902')], 'axes': [Decimal('21.041854032999154'), Decimal('29.590698781628742')], 'angle': -79.98619734423511}","[Decimal('150.42176208616777'), Decimal('167.72867601773902')]",29.590698781628742,"{'center': [0.08175847911720643, Decimal('-1.3961963589880135'), 90.17252088253979], 'radius': 12.0}","{'center': [Decimal('160.56214749855667'), Decimal('110.40016033598343')], 'axes': [165.0170124375577, 165.0170124375577], 'angle': 90.0}",0.8521367246857037,120,8281.920388,2.262568541145541,-1.7159989699541993,"[0.4700680065192743, Decimal('0.30113051659275414')]",pupil.1,1,3d c++,1581666760.138974,0.4700680065192743,0.30113051659275414
"{'center': [-1.252921737750904, 6.274021526047265, 81.04090622166048], 'normal': [Decimal('-0.11122335140567587'), 0.6391848237529398, -0.7609678884066087], 'radius': 1.905618921557679}",0.9986731955726222,8719.697812,3.811237843115358,"{'center': [Decimal('150.44136561631132'), 167.8435263108742], 'axes': [20.6998773563993, 29.16115391693365], 'angle': -80.02467067722273}","[Decimal('150.44136561631132'), 167.8435263108742]",29.16115391693365,"{'center': [0.08175847911720643, Decimal('-1.3961963589880135'), 90.17252088253979], 'radius': 12.0}","{'center': [Decimal('160.56214749855667'), Decimal('110.40016033598343')], 'axes': [165.0170124375577, 165.0170124375577], 'angle': 90.0}",0.8522852464609265,120,8281.920388,2.264234151041458,-1.7159290405851035,"[Decimal('0.47012926755097284'), Decimal('0.30065197370469077')]",pupil.1,1,3d c++,1581666760.145998,0.47012926755097284,0.30065197370469077
"{'center': [Decimal('-1.2440169435208983'), 6.26010831242518, 81.02794225325209], 'normal': [Decimal('-0.11048128521984206'), 0.6380253892844328, -0.7620482191073082], 'radius': Decimal('1.9254676532700732')}",0.9996041523601971,8719.706212,3.8509353065401464,"{'center': [Decimal('150.50840724111885'), Decimal('167.74143603226963')], 'axes': [Decimal('20.957086223198885'), 29.46966628697032], 'angle': -80.07213370831472}","[Decimal('150.50840724111885'), Decimal('167.74143603226963')]",29.46966628697032,"{'center': [0.08175847911720643, Decimal('-1.3961963589880135'), 90.17252088253979], 'radius': 12.0}","{'center': [Decimal('160.56214749855667'), Decimal('110.40016033598343')], 'axes': [165.0170124375577, 165.0170124375577], 'angle': 90.0}",0.8525457670035097,120,8281.920388,2.262727480921913,-1.7147725618997833,"[0.4703387726284964, Decimal('0.30107734986554324')]",pupil.1,1,3d c++,1581666760.154178,0.4703387726284964,0.30107734986554324
"{'center': [Decimal('-1.2571566336475244'), 6.260218451324877, 81.02994911234123], 'normal': [-0.1115762593970609, 0.6380345675260742, -0.76188098084988], 'radius': Decimal('1.9131371817879872')}",0.9996369432859831,8719.714612,3.8262743635759744,"{'center': [Decimal('150.40801292049625'), Decimal('167.74317071038692')], 'axes': [Decimal('20.816373928913258'), Decimal('29.280179800880493')], 'angle': -79.97537309296548}","[Decimal('150.40801292049625'), Decimal('167.74317071038692')]",29.280179800880493,"{'center': [0.08175847911720643, Decimal('-1.3961963589880135'), 90.17252088253979], 'radius': 12.0}","{'center': [Decimal('160.56214749855667'), Decimal('110.40016033598343')], 'axes': [165.0170124375577, 165.0170124375577], 'angle': 90.0}",0.85275471314461,120,8281.920388,2.2627394005378654,-1.7162110415512337,"[0.4700250403765508, Decimal('0.30107012204005446')]",pupil.1,1,3d c++,1581666760.162847,0.4700250403765508,0.30107012204005446
"{'center': [Decimal('-1.2407221661230599'), 6.253496657697961, 81.02193392358296], 'normal': [Decimal('-0.11020672043668885'), 0.6374744180571645, -0.7625489132464022], 'radius': Decimal('1.9093195075461382')}",0.9994314807775687,8719.723012,3.8186390150922764,"{'center': [Decimal('150.53241955111577'), Decimal('167.69702947015023')], 'axes': [Decimal('20.800320873392394'), Decimal('29.224619032740197')], 'angle': -80.08783893944518}","[Decimal('150.53241955111577'), Decimal('167.69702947015023')]",29.224619032740197,"{'center': [0.08175847911720643, Decimal('-1.3961963589880135'), 90.17252088253979], 'radius': 12.0}","{'center': [Decimal('160.56214749855667'), Decimal('110.40016033598343')], 'axes': [165.0170124375577, 165.0170124375577], 'angle': 90.0}",0.8531348522317295,120,8281.920388,2.2620121600421763,-1.7143266489620888,"[0.4704138110972368, Decimal('0.30126237720770743')]",pupil.1,1,3d c++,1581666760.1717448,0.4704138110972368,0.30126237720770743
"{'center': [Decimal('-1.2605904433813742'), 6.261039096606836, 81.03113999408272], 'normal': [Decimal('-0.11186241020821505'), 0.6381029546329041, -0.7617817407047552], 'radius': Decimal('1.8888477816662417')}",0.9987535681329561,8719.731412,3.7776955633324834,"{'center': [Decimal('150.38125825856704'), Decimal('167.75271742345245')], 'axes': [Decimal('20.548212469830037'), 28.90792668916791], 'angle': -79.9511419074531}","[Decimal('150.38125825856704'), Decimal('167.75271742345245')]",28.90792668916791,"{'center': [0.08175847911720643, Decimal('-1.3961963589880135'), 90.17252088253979], 'radius': 12.0}","{'center': [Decimal('160.56214749855667'), Decimal('110.40016033598343')], 'axes': [165.0170124375577, 165.0170124375577], 'angle': 90.0}",0.8529643467121595,120,8281.920388,2.2628282173400667,-1.7165974439420697,"[0.469941432058022, Decimal('0.30103034406894813')]",pupil.1,1,3d c++,1581666760.180347,0.469941432058022,0.30103034406894813
"{'center': [-1.235331895219463, 6.253173582328858, 81.02088646858357], 'normal': [Decimal('-0.10975753119472244'), 0.6374474951097393, -0.7626362011630176], 'radius': Decimal('1.9059150246546326')}",0.9992935055097926,8719.739811,3.811830049309265,"{'center': [Decimal('150.57334641129762'), Decimal('167.69571278702188')], 'axes': [Decimal('20.766558376222125'), 29.17287251600576], 'angle': -80.12722983791794}","[Decimal('150.57334641129762'), Decimal('167.69571278702188')]",29.17287251600576,"{'center': [0.08175847911720643, Decimal('-1.3961963589880135'), 90.17252088253979], 'radius': 12.0}","{'center': [Decimal('160.56214749855667'), Decimal('110.40016033598343')], 'axes': [165.0170124375577, 165.0170124375577], 'angle': 90.0}",0.8530976512333255,120,8281.920388,2.261977217078708,-1.7137334503721409,"[Decimal('0.47054170753530505'), Decimal('0.30126786338740885')]",pupil.1,1,3d c++,1581666760.1903741,0.47054170753530505,0.30126786338740885
"{'center': [-1.247743111819451, Decimal('6.2574849227204625'), 81.0262873212468], 'normal': [Decimal('-0.11079179924472146'), 0.6378067734757064, -0.7621861301077488], 'radius': Decimal('1.8937254339975247')}",0.9995811730349895,8719.756611,3.7874508679950494,"{'center': [Decimal('150.47889115817435'), Decimal('167.72754881473634')], 'axes': [Decimal('20.616627747744413'), Decimal('28.984323961725366')], 'angle': -80.04121926562063}","[Decimal('150.47889115817435'), Decimal('167.72754881473634')]",28.984323961725366,"{'center': [0.08175847911720643, Decimal('-1.3961963589880135'), 90.17252088253979], 'radius': 12.0}","{'center': [Decimal('160.56214749855667'), Decimal('110.40016033598343')], 'axes': [165.0170124375577, 165.0170124375577], 'angle': 90.0}",0.8536450599034517,120,8281.920388,2.2624436033209063,-1.7151458613022434,"[Decimal('0.47024653486929485'), Decimal('0.30113521327193193')]",pupil.1,1,3d c++,1581666760.210391,0.47024653486929485,0.30113521327193193
"{'center': [Decimal('-1.2206244200467569'), 6.269688052262338, 81.03260759097546], 'normal': [-0.1085319082636636, 0.6388237009375293, -0.7616594409636934], 'radius': 1.909038324297918}",0.9987517703608506,8719.765011,3.818076648595836,"{'center': [Decimal('150.68698413101035'), Decimal('167.81460240943264')], 'axes': [Decimal('20.763502003487826'), 29.21647297055687], 'angle': -80.2570610116286}","[Decimal('150.68698413101035'), Decimal('167.81460240943264')]",29.21647297055687,"{'center': [0.08175847911720643, Decimal('-1.3961963589880135'), 90.17252088253979], 'radius': 12.0}","{'center': [Decimal('160.56214749855667'), Decimal('110.40016033598343')], 'axes': [165.0170124375577, 165.0170124375577], 'angle': 90.0}",0.8540159991031859,120,8281.920388,2.263764674538108,-1.7123374934640108,"[Decimal('0.47089682540940736'), 0.3007724899606974]",pupil.1,1,3d c++,1581666760.217555,0.47089682540940736,0.3007724899606974
"{'center': [Decimal('-1.2353847886474014'), 6.263397632695091, 81.02944954437586], 'normal': [Decimal('-0.10976193898038399'), 0.6382994993069254, -0.7619226115136595], 'radius': 1.884873629571887}",0.9992582550903373,8719.773411,3.769747259143774,"{'center': [Decimal('150.57332182953158'), Decimal('167.77231802062792')], 'axes': [20.51037386210307, Decimal('28.847687943961176')], 'angle': -80.14008902845352}","[Decimal('150.57332182953158'), Decimal('167.77231802062792')]",28.847687943961176,"{'center': [0.08175847911720643, Decimal('-1.3961963589880135'), 90.17252088253979], 'radius': 12.0}","{'center': [Decimal('160.56214749855667'), Decimal('110.40016033598343')], 'axes': [165.0170124375577, 165.0170124375577], 'angle': 90.0}",0.8548002519563891,120,8281.920388,2.263083513401678,-1.7138711692022395,"[Decimal('0.47054163071728616'), 0.3009486749140503]",pupil.1,1,3d c++,1581666760.222496,0.47054163071728616,0.3009486749140503
"{'center': [Decimal('-1.2267989469106733'), 6.26023172685531, 81.02556584662227], 'normal': [Decimal('-0.10904645216898996'), 0.6380356738202769, -0.7622462529931265], 'radius': 1.886458206547788}",0.9984769682014281,8719.781811,3.772916413095576,"{'center': [150.6384588479369, Decimal('167.75009942885944')], 'axes': [Decimal('20.539836355846475'), Decimal('28.873324669192797')], 'angle': -80.19936695492328}","[150.6384588479369, Decimal('167.75009942885944')]",28.873324669192797,"{'center': [0.08175847911720643, Decimal('-1.3961963589880135'), 90.17252088253979], 'radius': 12.0}","{'center': [Decimal('160.56214749855667'), Decimal('110.40016033598343')], 'axes': [165.0170124375577, 165.0170124375577], 'angle': 90.0}",0.8545607388678822,120,8281.920388,2.2627408372700315,-1.7128915370845108,"[0.4707451838998028, 0.3010412523797523]",pupil.1,1,3d c++,1581666760.230161,0.4707451838998028,0.3010412523797523
"{'center': [Decimal('-1.2173844985352542'), 6.264649755186196, 81.02792333324555], 'normal': [Decimal('-0.10826191480437172'), 0.6384038428478508, -0.76204979577452], 'radius': 1.902074365957887}",0.9992941602009466,8719.790211,3.804148731915774,"{'center': [Decimal('150.71099952229815'), Decimal('167.77994485581783')], 'axes': [20.70253907731646, 29.1115480680279], 'angle': -80.27453229788148}","[Decimal('150.71099952229815'), Decimal('167.77994485581783')]",29.1115480680279,"{'center': [0.08175847911720643, Decimal('-1.3961963589880135'), 90.17252088253979], 'radius': 12.0}","{'center': [Decimal('160.56214749855667'), Decimal('110.40016033598343')], 'axes': [165.0170124375577, 165.0170124375577], 'angle': 90.0}",0.8548249797186935,120,8281.920388,2.2632190694113032,-1.7119186812231322,"[0.4709718735071817, Decimal('0.30091689643409236')]",pupil.1,1,3d c++,1581666760.2382774,0.4709718735071817,0.30091689643409236
"{'center': [Decimal('-1.2328846715024908'), 6.249299704000079, 81.01729814699904], 'normal': [Decimal('-0.10955359588497476'), 0.6371246719156743, -0.7629352279617293], 'radius': Decimal('1.9044682266886181')}",0.9996705260954919,8719.798611,3.8089364533772363,"{'center': [150.591582160953, Decimal('167.66840992824865')], 'axes': [Decimal('20.762155694355926'), Decimal('29.152009541448994')], 'angle': -80.14028780541568}","[150.591582160953, Decimal('167.66840992824865')]",29.152009541448994,"{'center': [0.08175847911720643, Decimal('-1.3961963589880135'), 90.17252088253979], 'radius': 12.0}","{'center': [Decimal('160.56214749855667'), Decimal('110.40016033598343')], 'axes': [165.0170124375577, 165.0170124375577], 'angle': 90.0}",0.8552242537756105,120,8281.920388,2.2615583074476358,-1.7134162933471406,"[0.4705986942529782, Decimal('0.30138162529896395')]",pupil.1,1,3d c++,1581666760.2456694,0.4705986942529782,0.30138162529896395
"{'center': [Decimal('-1.2263377516541818'), 6.255227431843154, 81.02131340897957], 'normal': [Decimal('-0.10900801923094902'), 0.6376186492359306, -0.7626006227966853], 'radius': 1.919060762191103}",0.9993157725786289,8719.807011,3.838121524382206,"{'center': [Decimal('150.64240495926447'), Decimal('167.70899016784838')], 'axes': [20.90854143323264, 29.37397936905338], 'angle': -80.19632697028361}","[Decimal('150.64240495926447'), Decimal('167.70899016784838')]",29.37397936905338,"{'center': [0.08175847911720643, Decimal('-1.3961963589880135'), 90.17252088253979], 'radius': 12.0}","{'center': [Decimal('160.56214749855667'), Decimal('110.40016033598343')], 'axes': [165.0170124375577, 165.0170124375577], 'angle': 90.0}",0.8553862807156865,120,8281.920388,2.262199373127688,-1.712777004321616,"[Decimal('0.47075751549770145'), Decimal('0.30121254096729844')]",pupil.1,1,3d c++,1581666760.2542248,0.47075751549770145,0.30121254096729844
"{'center': [-1.234101045598449, 6.249576859743681, 81.01770435794792], 'normal': [Decimal('-0.10965496039297128'), 0.6371477682276412, -0.7629013770493221], 'radius': Decimal('1.8983364951458241')}",0.9994259271867904,8719.815411,3.7966729902916483,"{'center': [Decimal('150.58217322916337'), Decimal('167.67129587602045')], 'axes': [20.6939905301762, Decimal('29.057983344481453')], 'angle': -80.13165757077586}","[Decimal('150.58217322916337'), Decimal('167.67129587602045')]",29.057983344481453,"{'center': [0.08175847911720643, Decimal('-1.3961963589880135'), 90.17252088253979], 'radius': 12.0}","{'center': [Decimal('160.56214749855667'), Decimal('110.40016033598343')], 'axes': [165.0170124375577, 165.0170124375577], 'angle': 90.0}",0.8554260968235194,120,8281.920388,2.2615882734230217,-1.7135527162558202,"[Decimal('0.47056929134113556'), Decimal('0.30136960051658146')]",pupil.1,1,3d c++,1581666760.262341,0.47056929134113556,0.30136960051658146
"{'center': [Decimal('-1.2141821590629662'), 6.270807621375984, 81.03263095829038], 'normal': [Decimal('-0.10799505318168105'), 0.6389169983636664, -0.7616574936874505], 'radius': Decimal('1.8792768283087404')}",0.9896411128253337,8719.823811,3.758553656617481,"{'center': [150.7353396903776, 167.8279696724074], 'axes': [Decimal('20.439613132547677'), Decimal('28.760881819089306')], 'angle': -80.30601293361212}","[150.7353396903776, 167.8279696724074]",28.760881819089306,"{'center': [0.08175847911720643, Decimal('-1.3961963589880135'), 90.17252088253979], 'radius': 12.0}","{'center': [Decimal('160.56214749855667'), Decimal('110.40016033598343')], 'axes': [165.0170124375577, 165.0170124375577], 'angle': 90.0}",0.8552904830200325,120,8281.920388,2.2638859480043596,-1.7116469585104837,"[0.47104793653243, 0.3007167930316359]",pupil.1,1,3d c++,1581666760.27406,0.47104793653243,0.3007167930316359
"{'center': [Decimal('-1.2350489086905163'), Decimal('6.2511704310477265'), 81.01917179698245], 'normal': [Decimal('-0.10973394898397688'), 0.6372805658363117, -0.7627790904631121], 'radius': Decimal('1.9067338494167163')}",0.9994850978462472,8719.832211,3.8134676988334326,"{'center': [Decimal('150.57533664052582'), Decimal('167.68125925996728')], 'axes': [Decimal('20.780918763976484'), Decimal('29.186024816367325')], 'angle': -80.12672087799523}","[Decimal('150.57533664052582'), Decimal('167.68125925996728')]",29.186024816367325,"{'center': [0.08175847911720643, Decimal('-1.3961963589880135'), 90.17252088253979], 'radius': 12.0}","{'center': [Decimal('160.56214749855667'), Decimal('110.40016033598343')], 'axes': [165.0170124375577, 165.0170124375577], 'angle': 90.0}",0.8560703992027574,120,8281.920388,2.261760584163857,-1.7136767482985495,"[Decimal('0.47054792700164316'), 0.301328086416803]",pupil.1,1,3d c++,1581666760.282026,0.47054792700164316,0.301328086416803
"{'center': [-1.219449741405389, 6.243949172413697, 81.0109143953648], 'normal': [Decimal('-0.10843401837688295'), 0.6366787942834758, -0.7634672072645827], 'radius': Decimal('1.8854963477533884')}",0.9990846086981972,8719.840611,3.7709926955067767,"{'center': [Decimal('150.69289911295806'), 167.6342602570777], 'axes': [Decimal('20.575304860006632'), Decimal('28.863804987830097')], 'angle': -80.23274465942325}","[Decimal('150.69289911295806'), 167.6342602570777]",28.863804987830097,"{'center': [0.08175847911720643, Decimal('-1.3961963589880135'), 90.17252088253979], 'radius': 12.0}","{'center': [Decimal('160.56214749855667'), Decimal('110.40016033598343')], 'axes': [165.0170124375577, 165.0170124375577], 'angle': 90.0}",0.8563711847690558,120,8281.920388,2.2609799553536067,-1.7118811096764106,"[Decimal('0.47091530972799395'), 0.3015239155955096]",pupil.1,1,3d c++,1581666760.2895098,0.47091530972799395,0.3015239155955096
"{'center': [-1.196918467718903, Decimal('6.2239868052738885'), 80.99113788166626], 'normal': [Decimal('-0.10655641223634246'), 0.6350152636884918, -0.7651152500727939], 'radius': Decimal('1.9003123412155905')}",0.999241406778426,8719.849011,3.800624682431181,"{'center': [Decimal('150.86314136325353'), Decimal('167.49060964592357')], 'axes': [Decimal('20.799667137763443'), Decimal('29.097747917884874')], 'angle': -80.37426832634044}","[Decimal('150.86314136325353'), Decimal('167.49060964592357')]",29.097747917884874,"{'center': [0.08175847911720643, Decimal('-1.3961963589880135'), 90.17252088253979], 'radius': 12.0}","{'center': [Decimal('160.56214749855667'), Decimal('110.40016033598343')], 'axes': [165.0170124375577, 165.0170124375577], 'angle': 90.0}",0.8566030126253565,120,8281.920388,2.2588246055002066,-1.709174705594701,"[Decimal('0.47144731676016727'), 0.3021224598086518]",pupil.1,1,3d c++,1581666760.298136,0.47144731676016727,0.3021224598086518
"{'center': [-1.227031762410794, Decimal('6.2266672430736625'), 80.99760842475337], 'normal': [Decimal('-0.10906585346066669'), 0.6352386335051396, -0.764576038148868], 'radius': Decimal('1.8940592939574346')}",0.9991607875302265,8719.857411,3.788118587914869,"{'center': [Decimal('150.63377125010499'), Decimal('167.50844760433773')], 'axes': [Decimal('20.710663290461834'), Decimal('28.999671152015818')], 'angle': -80.15424835325662}","[Decimal('150.63377125010499'), Decimal('167.50844760433773')]",28.999671152015818,"{'center': [0.08175847911720643, Decimal('-1.3961963589880135'), 90.17252088253979], 'radius': 12.0}","{'center': [Decimal('160.56214749855667'), Decimal('110.40016033598343')], 'axes': [165.0170124375577, 165.0170124375577], 'angle': 90.0}",0.8565927701440157,120,8281.920388,2.259113791896858,-1.712489198305459,"[0.4707305351565781, Decimal('0.30204813498192606')]",pupil.1,1,3d c++,1581666760.306428,0.4707305351565781,0.30204813498192606
"{'center': [Decimal('-1.2251327103256993'), Decimal('6.2218889690545565'), 80.99336997662158], 'normal': [Decimal('-0.10890759912024214'), 0.6348404440035474, -0.7649292421598505], 'radius': Decimal('1.8629477757503319')}",0.9981111293945718,8719.865811,3.7258955515006638,"{'center': [150.6469462229647, Decimal('167.47936850035956')], 'axes': [Decimal('20.383466868088593'), Decimal('28.524710349867572')], 'angle': -80.16213024918291}","[150.6469462229647, Decimal('167.47936850035956')]",28.524710349867572,"{'center': [0.08175847911720643, Decimal('-1.3961963589880135'), 90.17252088253979], 'radius': 12.0}","{'center': [Decimal('160.56214749855667'), Decimal('110.40016033598343')], 'axes': [165.0170124375577, 165.0170124375577], 'angle': 90.0}",0.8567343386928661,120,8281.920388,2.258598322624071,-1.7122218723881135,"[0.4707717069467646, Decimal('0.30216929791516856')]",pupil.1,1,3d c++,1581666760.3158462,0.4707717069467646,0.30216929791516856
"{'center': [Decimal('-1.2138096211913527'), 6.234929069195192, 81.00260114478861], 'normal': [Decimal('-0.10796400835904658'), 0.6359271190152671, -0.7641599781459312], 'radius': Decimal('1.9239294319403355')}",0.9998542166071388,8719.874211,3.847858863880671,"{'center': [Decimal('150.73609148269344'), Decimal('167.56381309787682')], 'axes': [Decimal('21.021518905116586'), 29.4553026512787], 'angle': -80.2629260628521}","[Decimal('150.73609148269344'), Decimal('167.56381309787682')]",29.4553026512787,"{'center': [0.08175847911720643, Decimal('-1.3961963589880135'), 90.17252088253979], 'radius': 12.0}","{'center': [Decimal('160.56214749855667'), Decimal('110.40016033598343')], 'axes': [165.0170124375577, 165.0170124375577], 'angle': 90.0}",0.8569763117202811,120,8281.920388,2.2600055748834547,-1.7111519147122816,"[0.471050285883417, Decimal('0.30181744542551325')]",pupil.1,1,3d c++,1581666760.322645,0.471050285883417,0.30181744542551325
"{'center': [Decimal('-1.2193115311452098'), 6.236704052767158, 81.00485770522882], 'normal': [Decimal('-0.10842250085520135'), 0.636075034312931, -0.7639719314425809], 'radius': Decimal('1.8803430034902449')}",0.9985274842016231,8719.882611,3.7606860069804897,"{'center': [Decimal('150.69314193480056'), 167.583205347563], 'axes': [20.5379804576251, 28.78704497224039], 'angle': -80.22444478356249}","[Decimal('150.69314193480056'), 167.583205347563]",28.78704497224039,"{'center': [0.08175847911720643, Decimal('-1.3961963589880135'), 90.17252088253979], 'radius': 12.0}","{'center': [Decimal('160.56214749855667'), Decimal('110.40016033598343')], 'axes': [165.0170124375577, 165.0170124375577], 'angle': 90.0}",0.8568989259990611,120,8281.920388,2.260197252434382,-1.7117743534802818,"[0.4709160685462518, Decimal('0.30173664438515424')]",pupil.1,1,3d c++,1581666760.3307462,0.4709160685462518,0.30173664438515424
"{'center': [Decimal('-1.2157339256791975'), 6.244441339743421, 81.01079784502006], 'normal': [Decimal('-0.10812436706636698'), 0.6367198082276195, -0.7634769197933104], 'radius': 1.880158697859558}",0.9991949457059309,8719.891011,3.760317395719116,"{'center': [150.7211065163555, Decimal('167.63894558207443')], 'axes': [20.51741373773301, Decimal('28.782116999344478')], 'angle': -80.2608779891951}","[150.7211065163555, Decimal('167.63894558207443')]",28.782116999344478,"{'center': [0.08175847911720643, Decimal('-1.3961963589880135'), 90.17252088253979], 'radius': 12.0}","{'center': [Decimal('160.56214749855667'), Decimal('110.40016033598343')], 'axes': [165.0170124375577, 165.0170124375577], 'angle': 90.0}",0.8569414481842008,120,8281.920388,2.261033143391648,-1.7114817551429142,"[0.4710034578636109, Decimal('0.30150439340802326')]",pupil.1,1,3d c++,1581666760.340369,0.4710034578636109,0.30150439340802326
"{'center': [Decimal('-1.2066096615994841'), 6.228613475115771, 80.99633526280974], 'normal': [Decimal('-0.10736401172639087'), 0.6354008195086487, -0.7646821349775035], 'radius': Decimal('1.8780940434934692')}",0.9988341859774091,8719.899411,3.7561880869869384,"{'center': [150.7891154843541, Decimal('167.52660893639126')], 'axes': [20.54008566944893, Decimal('28.755623383873523')], 'angle': -80.30822744634128}","[150.7891154843541, Decimal('167.52660893639126')]",28.755623383873523,"{'center': [0.08175847911720643, Decimal('-1.3961963589880135'), 90.17252088253979], 'radius': 12.0}","{'center': [Decimal('160.56214749855667'), Decimal('110.40016033598343')], 'axes': [165.0170124375577, 165.0170124375577], 'angle': 90.0}",0.8567450902437157,120,8281.920388,2.2593238095983152,-1.7102879430639863,"[0.4712159858886066, 0.3019724627650364]",pupil.1,1,3d c++,1581666760.346287,0.4712159858886066,0.3019724627650364
"{'center': [Decimal('-1.2143758867518286'), 6.232485809022125, 81.00064844093347], 'normal': [Decimal('-0.10801119715575291'), 0.6357235140008449, -0.764322703467193], 'radius': 1.908916943845373}",0.9995113589979013,8719.907811,3.817833887690746,"{'center': [Decimal('150.73113826944362'), Decimal('167.54873119276326')], 'axes': [Decimal('20.863607812798637'), Decimal('29.226111363221744')], 'angle': -80.2555921871085}","[Decimal('150.73113826944362'), Decimal('167.54873119276326')]",29.226111363221744,"{'center': [0.08175847911720643, Decimal('-1.3961963589880135'), 90.17252088253979], 'radius': 12.0}","{'center': [Decimal('160.56214749855667'), Decimal('110.40016033598343')], 'axes': [165.0170124375577, 165.0170124375577], 'angle': 90.0}",0.8569777966569547,120,8281.920388,2.259741780748666,-1.7111829546660455,"[0.4710348070920113, Decimal('0.30188028669681977')]",pupil.1,1,3d c++,1581666760.358418,0.4710348070920113,0.30188028669681977
"{'center': [Decimal('-1.2016735300160666'), 6.238695119700048, 81.00402949155355], 'normal': [Decimal('-0.10695266742777275'), 0.6362409565573385, -0.7640409492488522], 'radius': 1.877959990887895}",0.9989628929508915,8719.916211,3.75591998177579,"{'center': [150.8276413227498, Decimal('167.59925801904893')], 'axes': [Decimal('20.514608821084767'), 28.75084555854368], 'angle': -80.35768280205761}","[150.8276413227498, Decimal('167.59925801904893')]",28.75084555854368,"{'center': [0.08175847911720643, Decimal('-1.3961963589880135'), 90.17252088253979], 'radius': 12.0}","{'center': [Decimal('160.56214749855667'), Decimal('110.40016033598343')], 'axes': [165.0170124375577, 165.0170124375577], 'angle': 90.0}",0.8572569363844207,120,8281.920388,2.2604123005190853,-1.709875496483838,"[0.4713363791335931, 0.3016697582539628]",pupil.1,1,3d c++,1581666760.3657348,0.4713363791335931,0.3016697582539628
"{'center': [-1.209505800203681, 6.233449371412989, 81.0007630036202], 'normal': [Decimal('-0.10760535661007394'), 0.6358038108667502, -0.764313156576633], 'radius': 1.878457596561961}",0.998455481928561,8719.924611,3.756915193123922,"{'center': [150.7675002978011, 167.5609733985886], 'axes': [Decimal('20.530215421660202'), Decimal('28.759623060412718')], 'angle': -80.29293409976482}","[150.7675002978011, 167.5609733985886]",28.759623060412718,"{'center': [0.08175847911720643, Decimal('-1.3961963589880135'), 90.17252088253979], 'radius': 12.0}","{'center': [Decimal('160.56214749855667'), Decimal('110.40016033598343')], 'axes': [165.0170124375577, 165.0170124375577], 'angle': 90.0}",0.8570398597786744,120,8281.920388,2.259845807894184,-1.7106640563465232,"[0.4711484384306284, Decimal('0.30182927750588084')]",pupil.1,1,3d c++,1581666760.3751411,0.4711484384306284,0.30182927750588084
"{'center': [-1.207523731948842, 6.240666522706259, 81.00649247834919], 'normal': [Decimal('-0.10744018425550404'), 0.6364052401411894, -0.7638357003492169], 'radius': 1.880275494031682}",0.9986693373803476,8719.933011,3.760550988063364,"{'center': [Decimal('150.78331138953965'), Decimal('167.61254323204238')], 'axes': [Decimal('20.532186497031724'), Decimal('28.785430511812212')], 'angle': -80.31684431683304}","[Decimal('150.78331138953965'), Decimal('167.61254323204238')]",28.785430511812212,"{'center': [0.08175847911720643, Decimal('-1.3961963589880135'), 90.17252088253979], 'radius': 12.0}","{'center': [Decimal('160.56214749855667'), Decimal('110.40016033598343')], 'axes': [165.0170124375577, 165.0170124375577], 'angle': 90.0}",0.8570518922081383,120,8281.920388,2.2606252623545635,-1.710538308570758,"[0.4711978480923114, Decimal('0.30161440319982336')]",pupil.1,1,3d c++,1581666760.382619,0.4711978480923114,0.30161440319982336
"{'center': [-1.199589410167193, 6.239493207821638, 81.00440262272548], 'normal': [Decimal('-0.10677899077369994'), 0.6363074639008043, -0.7640098549845261], 'radius': Decimal('1.8923682216961257')}",0.999692789995888,8719.941411,3.7847364433922515,"{'center': [Decimal('150.84398039822992'), Decimal('167.60280833618114')], 'axes': [Decimal('20.670909283691376'), 28.97134663586614], 'angle': -80.37414196019873}","[Decimal('150.84398039822992'), Decimal('167.60280833618114')]",28.97134663586614,"{'center': [0.08175847911720643, Decimal('-1.3961963589880135'), 90.17252088253979], 'radius': 12.0}","{'center': [Decimal('160.56214749855667'), Decimal('110.40016033598343')], 'axes': [165.0170124375577, 165.0170124375577], 'angle': 90.0}",0.8572322536912202,120,8281.920388,2.2604985098969284,-1.7096581238085056,"[0.4713874387444685, Decimal('0.30165496526591196')]",pupil.1,1,3d c++,1581666760.392239,0.4713874387444685,0.30165496526591196
"{'center': [-1.208044427351478, 6.232568868278989, 80.9998250100219], 'normal': [Decimal('-0.10748357553905703'), 0.6357304356055835, -0.7643913227098245], 'radius': Decimal('1.8883566884392922')}",0.9989809388174754,8719.949811,3.7767133768785843,"{'center': [Decimal('150.77882212338898'), Decimal('167.55318011455833')], 'axes': [Decimal('20.641407125296503'), Decimal('28.911548433002057')], 'angle': -80.30264268472315}","[Decimal('150.77882212338898'), Decimal('167.55318011455833')]",28.911548433002057,"{'center': [0.08175847911720643, Decimal('-1.3961963589880135'), 90.17252088253979], 'radius': 12.0}","{'center': [Decimal('160.56214749855667'), Decimal('110.40016033598343')], 'axes': [165.0170124375577, 165.0170124375577], 'angle': 90.0}",0.8576146035922605,120,8281.920388,2.2597507475568808,-1.71049371404649,"[Decimal('0.47118381913559054'), Decimal('0.30186174952267364')]",pupil.1,1,3d c++,1581666760.398218,0.47118381913559054,0.30186174952267364
"{'center': [Decimal('-1.2126328155364885'), 6.225814155926167, 80.99485740609533], 'normal': [Decimal('-0.10786594122114124'), 0.635167542909515, -0.764805289703704], 'radius': Decimal('1.8723167606254993')}",0.9991852714382233,8719.958211,3.7446335212509987,"{'center': [Decimal('150.74280853388075'), Decimal('167.50699894239318')], 'axes': [Decimal('20.481448542124088'), 28.66766975116091], 'angle': -80.25994829229143}","[Decimal('150.74280853388075'), Decimal('167.50699894239318')]",28.66766975116091,"{'center': [0.08175847911720643, Decimal('-1.3961963589880135'), 90.17252088253979], 'radius': 12.0}","{'center': [Decimal('160.56214749855667'), Decimal('110.40016033598343')], 'axes': [165.0170124375577, 165.0170124375577], 'angle': 90.0}",0.8577565479217508,120,8281.920388,2.2590217467854945,-1.7109093137398423,"[Decimal('0.47107127666837734'), Decimal('0.30205417107336174')]",pupil.1,1,3d c++,1581666760.406065,0.47107127666837734,0.30205417107336174
"{'center': [Decimal('-1.2225219289034381'), 6.241620778206879, 81.00940994814499], 'normal': [Decimal('-0.10869003400172038'), 0.6364847614329077, -0.7635925778662332], 'radius': Decimal('1.9169843806217521')}",0.9994526578633575,8719.966611,3.8339687612435043,"{'center': [Decimal('150.67014787549607'), Decimal('167.61219932858427')], 'axes': [20.92385426337702, Decimal('29.346489855997017')], 'angle': -80.20700696513387}","[Decimal('150.67014787549607'), Decimal('167.61219932858427')]",29.346489855997017,"{'center': [0.08175847911720643, Decimal('-1.3961963589880135'), 90.17252088253979], 'radius': 12.0}","{'center': [Decimal('160.56214749855667'), Decimal('110.40016033598343')], 'axes': [165.0170124375577, 165.0170124375577], 'angle': 90.0}",0.8578414713306337,120,8281.920388,2.2607283597417993,-1.7121868867840884,"[0.4708442121109252, Decimal('0.30161583613089893')]",pupil.1,1,3d c++,1581666760.414906,0.4708442121109252,0.30161583613089893
"{'center': [-1.223959652563861, 6.221864396292356, 80.99318264443916], 'normal': [Decimal('-0.10880984430675561'), 0.6348383962733641, -0.7649448531750525], 'radius': Decimal('1.8975868085963585')}",0.9995534051164378,8719.975011,3.795173617192717,"{'center': [150.6568304409593, Decimal('167.47369771978543')], 'axes': [Decimal('20.763238409001485'), Decimal('29.055275968295554')], 'angle': -80.17080048017323}","[150.6568304409593, Decimal('167.47369771978543')]",29.055275968295554,"{'center': [0.08175847911720643, Decimal('-1.3961963589880135'), 90.17252088253979], 'radius': 12.0}","{'center': [Decimal('160.56214749855667'), Decimal('110.40016033598343')], 'axes': [165.0170124375577, 165.0170124375577], 'angle': 90.0}",0.8579720767736054,120,8281.920388,2.2585956723350518,-1.7120937679066488,"[0.4708025951279978, Decimal('0.30219292616756066')]",pupil.1,1,3d c++,1581666760.4226284,0.4708025951279978,0.30219292616756066
"{'center': [Decimal('-1.2142809168225797'), 6.220146341036313, 80.99038574086613], 'normal': [Decimal('-0.10800328299498217'), 0.6346952250020271, -0.7651779284728042], 'radius': Decimal('1.8639776093260356')}",0.9989128795765694,8719.983411,3.7279552186520712,"{'center': [Decimal('150.72950511020377'), Decimal('167.46758010406916')], 'axes': [Decimal('20.404045649922782'), Decimal('28.541530127633944')], 'angle': -80.24042067218211}","[Decimal('150.72950511020377'), Decimal('167.46758010406916')]",28.541530127633944,"{'center': [0.08175847911720643, Decimal('-1.3961963589880135'), 90.17252088253979], 'radius': 12.0}","{'center': [Decimal('160.56214749855667'), Decimal('110.40016033598343')], 'axes': [165.0170124375577, 165.0170124375577], 'angle': 90.0}",0.8580912690021925,120,8281.920388,2.2584103862268172,-1.7110179564126569,"[0.4710297034693868, Decimal('0.30221841623304513')]",pupil.1,1,3d c++,1581666760.431093,0.4710297034693868,0.30221841623304513
"{'center': [Decimal('-1.2149559416210776'), 6.240142441080966, 81.00710428308233], 'normal': [Decimal('-0.10805953506152366'), 0.636361566672415, -0.7637847166214554], 'radius': Decimal('1.8814383764187794')}",0.9989616931046981,8719.991811,3.762876752837559,"{'center': [Decimal('150.72667189772108'), 167.6080089480979], 'axes': [Decimal('20.542942054053867'), 28.80302103503178], 'angle': -80.26112492520205}","[Decimal('150.72667189772108'), 167.6080089480979]",28.80302103503178,"{'center': [0.08175847911720643, Decimal('-1.3961963589880135'), 90.17252088253979], 'radius': 12.0}","{'center': [Decimal('160.56214749855667'), Decimal('110.40016033598343')], 'axes': [165.0170124375577, 165.0170124375577], 'angle': 90.0}",0.858057397354306,120,8281.920388,2.26056864451342,-1.7113425892598253,"[0.4710208496803784, 0.3016332960495921]",pupil.1,1,3d c++,1581666760.442577,0.4710208496803784,0.3016332960495921
"{'center': [Decimal('-1.2152611443076964'), 6.224291433633961, 80.99396402980143], 'normal': [-0.1080849686187419, 0.6350406493851645, -0.7648797377281961], 'radius': Decimal('1.8598448679497621')}",0.998988965719347,8720.000211,3.7196897358995242,"{'center': [Decimal('150.72230493773063'), Decimal('167.49787359257036')], 'axes': [Decimal('20.347709453886413'), 28.47698008231378], 'angle': -80.23848615962788}","[Decimal('150.72230493773063'), Decimal('167.49787359257036')]",28.47698008231378,"{'center': [0.08175847911720643, Decimal('-1.3961963589880135'), 90.17252088253979], 'radius': 12.0}","{'center': [Decimal('160.56214749855667'), Decimal('110.40016033598343')], 'axes': [165.0170124375577, 165.0170124375577], 'angle': 90.0}",0.8579854717546964,120,8281.920388,2.2588574677048285,-1.7111766142317462,"[0.4710072029304082, Decimal('0.30209219336429016')]",pupil.1,1,3d c++,1581666760.4499466,0.4710072029304082,0.30209219336429016
"{'center': [Decimal('-1.2144436233935003'), 6.229966050274213, 80.99856279363385], 'normal': [Decimal('-0.10801684187589222'), 0.6355135341051855, -0.7644965074088276], 'radius': Decimal('1.8622645517061054')}",0.9987775273431195,8720.008611,3.7245291034122108,"{'center': [150.7291210026953, Decimal('167.53821989623805')], 'axes': [20.35995096007301, 28.51242212198192], 'angle': -80.25185382420676}","[150.7291210026953, Decimal('167.53821989623805')]",28.51242212198192,"{'center': [0.08175847911720643, Decimal('-1.3961963589880135'), 90.17252088253979], 'radius': 12.0}","{'center': [Decimal('160.56214749855667'), Decimal('110.40016033598343')], 'axes': [165.0170124375577, 165.0170124375577], 'angle': 90.0}",0.8579404086882625,120,8281.920388,2.259469787224533,-1.7111586951873445,"[0.4710285031334228, 0.3019240837656748]",pupil.1,1,3d c++,1581666760.4590774,0.4710285031334228,0.3019240837656748
"{'center': [Decimal('-1.2008907029142222'), 6.234013409461884, 81.00002340555534], 'normal': [Decimal('-0.10688743183595238'), 0.6358508140374914, -0.7643747897487032], 'radius': Decimal('1.8647353071516435')}",0.9986155585293629,8720.017011,3.729470614303287,"{'center': [Decimal('150.83282649602825'), 167.5679020174175], 'axes': [20.38250750743003, 28.54974429726038], 'angle': -80.3575362688309}","[Decimal('150.83282649602825'), 167.5679020174175]",28.54974429726038,"{'center': [0.08175847911720643, Decimal('-1.3961963589880135'), 90.17252088253979], 'radius': 12.0}","{'center': [Decimal('160.56214749855667'), Decimal('110.40016033598343')], 'axes': [165.0170124375577, 165.0170124375577], 'angle': 90.0}",0.8579710821267739,120,8281.920388,2.2599067061343567,-1.7097318262575811,"[0.4713525828000883, 0.3018004082607604]",pupil.1,1,3d c++,1581666760.4660609,0.4713525828000883,0.3018004082607604
"{'center': [Decimal('-1.2194937663199845'), Decimal('6.2284974932211705'), 80.99805706966069], 'normal': [-0.1084376871197659, 0.6353911543507653, -0.7645386510732586], 'radius': Decimal('1.8687015678596508')}",0.9990405103045044,8720.025411,3.7374031357193016,"{'center': [Decimal('150.69067974925983'), Decimal('167.52626210135804')], 'axes': [Decimal('20.431905682501235'), Decimal('28.611177306528553')], 'angle': -80.21251260267408}","[Decimal('150.69067974925983'), Decimal('167.52626210135804')]",28.611177306528553,"{'center': [0.08175847911720643, Decimal('-1.3961963589880135'), 90.17252088253979], 'radius': 12.0}","{'center': [Decimal('160.56214749855667'), Decimal('110.40016033598343')], 'axes': [165.0170124375577, 165.0170124375577], 'angle': 90.0}",0.8580389090689922,120,8281.920388,2.2593112929869825,-1.7116907018024465,"[Decimal('0.47090837421643694'), 0.3019739079110082]",pupil.1,1,3d c++,1581666760.4744039,0.47090837421643694,0.3019739079110082
"{'center': [Decimal('-1.2163989525527705'), 6.218539158872255, 80.9893520244801], 'normal': [Decimal('-0.10817978597249807'), 0.6345612931550223, -0.7652640715049743], 'radius': Decimal('1.8649899993816201')}",0.9990038336337869,8720.033811,3.7299799987632403,"{'center': [Decimal('150.71324466807448'), Decimal('167.45572837566704')], 'axes': [Decimal('20.418330711180523'), Decimal('28.557399230678246')], 'angle': -80.22262011147724}","[Decimal('150.71324466807448'), Decimal('167.45572837566704')]",28.557399230678246,"{'center': [0.08175847911720643, Decimal('-1.3961963589880135'), 90.17252088253979], 'radius': 12.0}","{'center': [Decimal('160.56214749855667'), Decimal('110.40016033598343')], 'axes': [165.0170124375577, 165.0170124375577], 'angle': 90.0}",0.8579428320910298,120,8281.920388,2.2582370829074176,-1.711228509937918,"[Decimal('0.47097888958773276'), Decimal('0.30226779843472074')]",pupil.1,1,3d c++,1581666760.482785,0.47097888958773276,0.30226779843472074
"{'center': [Decimal('-1.2264476712848442'), Decimal('6.2256842747080015'), 80.99670853301237], 'normal': [Decimal('-0.10901717920017089'), 0.6351567194746679, -0.764651029127285], 'radius': Decimal('1.8867894047246017')}",0.9994993413230329,8720.042211,3.7735788094492033,"{'center': [Decimal('150.63792992166344'), Decimal('167.50262918218408')], 'axes': [Decimal('20.633961639956812'), Decimal('28.888657858519498')], 'angle': -80.15730331770507}","[Decimal('150.63792992166344'), Decimal('167.50262918218408')]",28.888657858519498,"{'center': [0.08175847911720643, Decimal('-1.3961963589880135'), 90.17252088253979], 'radius': 12.0}","{'center': [Decimal('160.56214749855667'), Decimal('110.40016033598343')], 'axes': [165.0170124375577, 165.0170124375577], 'angle': 90.0}",0.8581333649465672,120,8281.920388,2.259007733668698,-1.712413100553533,"[0.4707435310051983, 0.3020723784075663]",pupil.1,1,3d c++,1581666760.490797,0.4707435310051983,0.3020723784075663
"{'center': [Decimal('-1.2143272722275202'), 6.233045905991302, 81.00110745889485], 'normal': [Decimal('-0.10800714594539389'), 0.6357701887482763, -0.764284451970411], 'radius': Decimal('1.8729698612243741')}",0.9993051441174119,8720.050611,3.7459397224487483,"{'center': [Decimal('150.73057925724845'), Decimal('167.55858202998456')], 'axes': [20.46911622321941, 28.67546470106485], 'angle': -80.25667388336538}","[Decimal('150.73057925724845'), Decimal('167.55858202998456')]",28.67546470106485,"{'center': [0.08175847911720643, Decimal('-1.3961963589880135'), 90.17252088253979], 'radius': 12.0}","{'center': [Decimal('160.56214749855667'), Decimal('110.40016033598343')], 'axes': [165.0170124375577, 165.0170124375577], 'angle': 90.0}",0.8585101665035677,120,8281.920388,2.259802248284826,-1.7111846920155591,"[0.4710330601789014, Decimal('0.30183924154173103')]",pupil.1,1,3d c++,1581666760.4985301,0.4710330601789014,0.30183924154173103
"{'center': [Decimal('-1.2188421322706173'), Decimal('6.2282965484884905'), 80.99779767399022], 'normal': [Decimal('-0.10838338428231864'), 0.6353744089563753, -0.7645602673791307], 'radius': Decimal('1.8756652083688172')}",0.9992948821063836,8720.059011,3.7513304167376345,"{'center': [Decimal('150.69581516811007'), Decimal('167.52375543770466')], 'axes': [Decimal('20.508890587298847'), Decimal('28.717911084990185')], 'angle': -80.2170850789708}","[Decimal('150.69581516811007'), Decimal('167.52375543770466')]",28.717911084990185,"{'center': [0.08175847911720643, Decimal('-1.3961963589880135'), 90.17252088253979], 'radius': 12.0}","{'center': [Decimal('160.56214749855667'), Decimal('110.40016033598343')], 'axes': [165.0170124375577, 165.0170124375577], 'angle': 90.0}",0.8587985788790053,120,8281.920388,2.259289607604659,-1.7116171457568137,"[0.470924422400344, 0.3019843523428972]",pupil.1,1,3d c++,1581666760.506676,0.470924422400344,0.3019843523428972
"{'center': [Decimal('-1.2258782610284713'), 6.220162285507125, 80.99204338111072], 'normal': [Decimal('-0.10896972834547314'), 0.6346965537079282, -0.765039791785756], 'radius': 1.861870443363006}",0.998831399316684,8720.067411,3.723740886726012,"{'center': [Decimal('150.64107604005153'), Decimal('167.46710412714202')], 'axes': [Decimal('20.375779954192172'), Decimal('28.508676929175316')], 'angle': -80.154354902201}","[Decimal('150.64107604005153'), Decimal('167.46710412714202')]",28.508676929175316,"{'center': [0.08175847911720643, Decimal('-1.3961963589880135'), 90.17252088253979], 'radius': 12.0}","{'center': [Decimal('160.56214749855667'), Decimal('110.40016033598343')], 'axes': [165.0170124375577, 165.0170124375577], 'angle': 90.0}",0.8590768446664621,120,8281.920388,2.2584121056512707,-1.7122813039954758,"[Decimal('0.47075336262516104'), 0.3022203994702416]",pupil.1,1,3d c++,1581666760.514843,0.47075336262516104,0.3022203994702416
"{'center': [Decimal('-1.2106971531050694'), 6.217470096823965, 80.98766151843516], 'normal': [Decimal('-0.10770463601852298'), 0.6344722046509982, -0.7654049470087186], 'radius': Decimal('1.8610107880793092')}",0.999133903151543,8720.075811,3.7220215761586184,"{'center': [Decimal('150.75649051320727'), Decimal('167.44915398831546')], 'axes': [20.38000804061138, 28.49704754264467], 'angle': -80.26359081957384}","[Decimal('150.75649051320727'), Decimal('167.44915398831546')]",28.49704754264467,"{'center': [0.08175847911720643, Decimal('-1.3961963589880135'), 90.17252088253979], 'radius': 12.0}","{'center': [Decimal('160.56214749855667'), Decimal('110.40016033598343')], 'axes': [165.0170124375577, 165.0170124375577], 'angle': 90.0}",0.8591414445512591,120,8281.920388,2.2581218190260715,-1.710594324476548,"[Decimal('0.47111403285377274'), Decimal('0.30229519171535224')]",pupil.1,1,3d c++,1581666760.526602,0.47111403285377274,0.30229519171535224
"{'center': [Decimal('-1.2258441630876262'), 6.218069728980409, 80.99030288949949], 'normal': [-0.1089668868504027, 0.6345221739973685, -0.7651848327533581], 'radius': 1.862957728516349}",0.9991537272189518,8720.08421,3.725915457032698,"{'center': [Decimal('150.64117159430208'), Decimal('167.45193293744228')], 'axes': [Decimal('20.393079320018956'), 28.52594043259407], 'angle': -80.15188734461765}","[Decimal('150.64117159430208'), Decimal('167.45193293744228')]",28.52594043259407,"{'center': [0.08175847911720643, Decimal('-1.3961963589880135'), 90.17252088253979], 'radius': 12.0}","{'center': [Decimal('160.56214749855667'), Decimal('110.40016033598343')], 'axes': [165.0170124375577, 165.0170124375577], 'angle': 90.0}",0.8591744413684155,120,8281.920388,2.2581864686822173,-1.7122512021932437,"[0.470753661232194, 0.3022836127606572]",pupil.1,1,3d c++,1581666760.535551,0.470753661232194,0.3022836127606572
"{'center': [Decimal('-1.2149418780705703'), 6.230183753533725, 80.99881418551693], 'normal': [-0.1080583630989814, 0.6355316760434783, -0.764475558085238], 'radius': Decimal('1.8756470164122518')}",0.9995061493438859,8720.09261,3.7512940328245037,"{'center': [Decimal('150.72570570990317'), 167.5375936421972], 'axes': [Decimal('20.505538455434298'), Decimal('28.717272581655184')], 'angle': -80.24843834968014}","[Decimal('150.72570570990317'), 167.5375936421972]",28.717272581655184,"{'center': [0.08175847911720643, Decimal('-1.3961963589880135'), 90.17252088253979], 'radius': 12.0}","{'center': [Decimal('160.56214749855667'), Decimal('110.40016033598343')], 'axes': [165.0170124375577, 165.0170124375577], 'angle': 90.0}",0.8597371435116852,120,8281.920388,2.2594932846408056,-1.711215741121384,"[0.4710178303434474, Decimal('0.30192669315751164')]",pupil.1,1,3d c++,1581666760.544217,0.4710178303434474,0.30192669315751164
"{'center': [Decimal('-1.2142452710178895'), 6.221755057987927, 80.99171533573562], 'normal': [Decimal('-0.10800031251125798'), 0.634829284747995, -0.7650671289003467], 'radius': Decimal('1.8643570078592673')}",0.9989620299461248,8720.10101,3.7287140157185346,"{'center': [Decimal('150.72993456267724'), Decimal('167.47905370448422')], 'axes': [Decimal('20.404076215713385'), 28.5468733188231], 'angle': -80.24275817704199}","[Decimal('150.72993456267724'), Decimal('167.47905370448422')]",28.5468733188231,"{'center': [0.08175847911720643, Decimal('-1.3961963589880135'), 90.17252088253979], 'radius': 12.0}","{'center': [Decimal('160.56214749855667'), Decimal('110.40016033598343')], 'axes': [165.0170124375577, 165.0170124375577], 'angle': 90.0}",0.8599720768352692,120,8281.920388,2.2585838797499975,-1.7110341917912106,"[0.4710310455083664, Decimal('0.30217060956464914')]",pupil.1,1,3d c++,1581666760.550517,0.4710310455083664,0.30217060956464914
"{'center': [Decimal('-1.2176573728364815'), 6.211911375829071, 80.98403813841342], 'normal': [Decimal('-0.10828465432947398'), 0.6340089779014236, -0.7657068953438635], 'radius': Decimal('1.8635375472961024')}",0.9988300278650304,8720.10941,3.727075094592205,"{'center': [150.7030066796135, 167.4083428279148], 'axes': [20.41889601710774, Decimal('28.537021785286214')], 'angle': -80.20470156832536}","[150.7030066796135, 167.4083428279148]",28.537021785286214,"{'center': [0.08175847911720643, Decimal('-1.3961963589880135'), 90.17252088253979], 'radius': 12.0}","{'center': [Decimal('160.56214749855667'), Decimal('110.40016033598343')], 'axes': [165.0170124375577, 165.0170124375577], 'angle': 90.0}",0.8612694430714329,120,8281.920388,2.257522665802957,-1.711282631339537,"[Decimal('0.47094689587379224'), Decimal('0.30246523821702165')]",pupil.1,1,3d c++,1581666760.557972,0.47094689587379224,0.30246523821702165
"{'center': [-1.26179403411344, Decimal('6.2073593907842906'), 80.98661828103697], 'normal': [Decimal('-0.11196270943588718'), 0.6336296458143587, -0.7654918834585678], 'radius': Decimal('1.8612183516508116')}",0.9993600858806507,8720.11781,3.7224367033016232,"{'center': [Decimal('150.36618651386672'), Decimal('167.37249980953732')], 'axes': [Decimal('20.385269542363748'), Decimal('28.500598243707774')], 'angle': -79.87094288487356}","[Decimal('150.36618651386672'), Decimal('167.37249980953732')]",28.500598243707774,"{'center': [0.08175847911720643, Decimal('-1.3961963589880135'), 90.17252088253979], 'radius': 12.0}","{'center': [Decimal('160.56214749855667'), Decimal('110.40016033598343')], 'axes': [165.0170124375577, 165.0170124375577], 'angle': 90.0}",0.861478547013439,120,8281.920388,2.2570322438947663,-1.7160289684238887,"[0.4698943328558335, 0.3026145841269279]",pupil.1,1,3d c++,1581666760.567456,0.4698943328558335,0.3026145841269279
"{'center': [Decimal('-1.2633212315403406'), 6.207043969512788, 80.98658069772274], 'normal': [Decimal('-0.11208997588812891'), 0.6336033607084001, -0.7654950154014197], 'radius': Decimal('1.8662244902604823')}",0.9992188867448056,8720.12621,3.7324489805209646,"{'center': [150.3546599704732, 167.3693123692072], 'axes': [20.44023328694313, 28.57728683431523], 'angle': -79.85918765739794}","[150.3546599704732, 167.3693123692072]",28.57728683431523,"{'center': [0.08175847911720643, Decimal('-1.3961963589880135'), 90.17252088253979], 'radius': 12.0}","{'center': [Decimal('160.56214749855667'), Decimal('110.40016033598343')], 'axes': [165.0170124375577, 165.0170124375577], 'angle': 90.0}",0.8616403173731801,120,8281.920388,2.2569982683268845,-1.7161911503618825,"[Decimal('0.46985831240772874'), 0.3026278651283033]",pupil.1,1,3d c++,1581666760.5764642,0.46985831240772874,0.3026278651283033
"{'center': [Decimal('-1.2428888276301167'), 6.21007632213898, 80.98612194644582], 'normal': [Decimal('-0.11038727556227691'), 0.6338560567605828, -0.7655332446744968], 'radius': 1.864116860856319}",0.999189893188514,8720.13461,3.728233721712638,"{'center': [Decimal('150.51057720654842'), Decimal('167.39306363115776')], 'axes': [20.41866165249848, Decimal('28.545164939190602')], 'angle': -80.01488016386172}","[Decimal('150.51057720654842'), Decimal('167.39306363115776')]",28.545164939190602,"{'center': [0.08175847911720643, Decimal('-1.3961963589880135'), 90.17252088253979], 'radius': 12.0}","{'center': [Decimal('160.56214749855667'), Decimal('110.40016033598343')], 'axes': [165.0170124375577, 165.0170124375577], 'angle': 90.0}",0.8619068922989692,120,8281.920388,2.2573249370182125,-1.7140057826913848,"[Decimal('0.47034555377046383'), Decimal('0.30252890153684264')]",pupil.1,1,3d c++,1581666760.58355,0.47034555377046383,0.30252890153684264
"{'center': [Decimal('-1.2344518412305707'), 6.21403949443741, 80.98819180264243], 'normal': [Decimal('-0.10968419336231476'), 0.6341863211187853, -0.765360756658113], 'radius': Decimal('1.8609178816292458')}",0.9994353066267694,8720.14301,3.7218357632584915,"{'center': [Decimal('150.57515026415814'), 167.4226730617122], 'axes': [Decimal('20.377236532348324'), Decimal('28.495440942028456')], 'angle': -80.08272885343081}","[Decimal('150.57515026415814'), 167.4226730617122]",28.495440942028456,"{'center': [0.08175847911720643, Decimal('-1.3961963589880135'), 90.17252088253979], 'radius': 12.0}","{'center': [Decimal('160.56214749855667'), Decimal('110.40016033598343')], 'axes': [165.0170124375577, 165.0170124375577], 'angle': 90.0}",0.8622832768980349,120,8281.920388,2.2577520127607444,-1.7131375927874857,"[0.4705473445754942, Decimal('0.30240552890953254')]",pupil.1,1,3d c++,1581666760.591228,0.4705473445754942,0.30240552890953254
"{'center': [-1.239975993707015, 6.20560120585798, 80.98199903846316], 'normal': [Decimal('-0.11014453940201845'), 0.6334831304038328, -0.7658768203397188], 'radius': Decimal('1.8467509261363593')}",0.9987889715086108,8720.15141,3.6935018522727185,"{'center': [150.5318793413024, 167.3639734326856], 'axes': [20.24104747344672, 28.28061933951495], 'angle': -80.0306142145429}","[150.5318793413024, 167.3639734326856]",28.28061933951495,"{'center': [0.08175847911720643, Decimal('-1.3961963589880135'), 90.17252088253979], 'radius': 12.0}","{'center': [Decimal('160.56214749855667'), Decimal('110.40016033598343')], 'axes': [165.0170124375577, 165.0170124375577], 'angle': 90.0}",0.8624106797526898,120,8281.920388,2.256842873246664,-1.7136319098284611,"[Decimal('0.47041212294157003'), 0.3026501106971433]",pupil.1,1,3d c++,1581666760.5982752,0.47041212294157003,0.3026501106971433
"{'center': [Decimal('-1.2361333368300502'), Decimal('6.2046048094163755'), 80.98062321340521], 'normal': [Decimal('-0.10982431799560471'), 0.6334000973670324, -0.7659914724278817], 'radius': Decimal('1.8606196029329205')}",0.9991408731812759,8720.15981,3.721239205865841,"{'center': [Decimal('150.56144943051825'), Decimal('167.35493285093153')], 'axes': [Decimal('20.397398731003705'), Decimal('28.493528996529204')], 'angle': -80.05785680367549}","[Decimal('150.56144943051825'), Decimal('167.35493285093153')]",28.493528996529204,"{'center': [0.08175847911720643, Decimal('-1.3961963589880135'), 90.17252088253979], 'radius': 12.0}","{'center': [Decimal('160.56214749855667'), Decimal('110.40016033598343')], 'axes': [165.0170124375577, 165.0170124375577], 'angle': 90.0}",0.8628596076949324,120,8281.920388,2.2567355663747963,-1.7132012163468182,"[0.4705045294703695, Decimal('0.30268777978778527')]",pupil.1,1,3d c++,1581666760.6139011,0.4705045294703695,0.30268777978778527
"{'center': [Decimal('-1.2450713916717289'), 6.204150849740526, 80.98153373203444], 'normal': [Decimal('-0.11056915589907793'), 0.633362267394045, -0.7659155958754461], 'radius': Decimal('1.8513484997716843')}",0.9986568302718329,8720.16821,3.7026969995433685,"{'center': [Decimal('150.49303849675584'), 167.3524296878146], 'axes': [20.29286977966189, Decimal('28.351203523041125')], 'angle': -79.99084101582969}","[Decimal('150.49303849675584'), 167.3524296878146]",28.351203523041125,"{'center': [0.08175847911720643, Decimal('-1.3961963589880135'), 90.17252088253979], 'radius': 12.0}","{'center': [Decimal('160.56214749855667'), Decimal('110.40016033598343')], 'axes': [165.0170124375577, 165.0170124375577], 'angle': 90.0}",0.8631562824346073,120,8281.920388,2.256686680332281,-1.7141678919121577,"[Decimal('0.47029074530236203'), Decimal('0.30269820963410576')]",pupil.1,1,3d c++,1581666760.618489,0.47029074530236203,0.30269820963410576
"{'center': [Decimal('-1.2504209363876333'), Decimal('6.2164332005439045'), 80.99247898752394], 'normal': [Decimal('-0.11101495129206997'), 0.6343857966276598, -0.7650034912513203], 'radius': Decimal('1.8602011798082132')}",0.999313067053898,8720.17661,3.7204023596164264,"{'center': [Decimal('150.45367514317772'), Decimal('167.43865031719486')], 'axes': [20.35603867687596, 28.48296160975091], 'angle': -79.96739156045118}","[Decimal('150.45367514317772'), Decimal('167.43865031719486')]",28.48296160975091,"{'center': [0.08175847911720643, Decimal('-1.3961963589880135'), 90.17252088253979], 'radius': 12.0}","{'center': [Decimal('160.56214749855667'), Decimal('110.40016033598343')], 'axes': [165.0170124375577, 165.0170124375577], 'angle': 90.0}",0.8637472386662792,120,8281.920388,2.258010033603404,-1.714907260070493,"[Decimal('0.47016773482243035'), 0.3023389570116881]",pupil.1,1,3d c++,1581666760.626677,0.47016773482243035,0.3023389570116881
"{'center': [Decimal('-1.2378954446008683'), 6.210084809068999, 80.98541032948357], 'normal': [Decimal('-0.10997116030983956'), 0.633856764004751, -0.7655925460880174], 'radius': Decimal('1.8620142592586313')}",0.9992866722314812,8720.18501,3.7240285185172626,"{'center': [Decimal('150.54857049756347'), Decimal('167.39386508004654')], 'axes': [Decimal('20.397849813291383'), Decimal('28.513210209417785')], 'angle': -80.05197000772142}","[Decimal('150.54857049756347'), Decimal('167.39386508004654')]",28.513210209417785,"{'center': [0.08175847911720643, Decimal('-1.3961963589880135'), 90.17252088253979], 'radius': 12.0}","{'center': [Decimal('160.56214749855667'), Decimal('110.40016033598343')], 'axes': [165.0170124375577, 165.0170124375577], 'angle': 90.0}",0.8642024111287228,120,8281.920388,2.257325851419259,-1.71346234899056,"[Decimal('0.47046428280488584'), Decimal('0.30252556216647275')]",pupil.1,1,3d c++,1581666760.633585,0.47046428280488584,0.30252556216647275
"{'center': [Decimal('-1.2439977249305036'), 6.206431394387429, 80.98326510576251], 'normal': [-0.1104796836706425, 0.6335523127812869, -0.7657713147314393], 'radius': Decimal('1.8448530028320762')}",0.998708997828474,8720.19341,3.6897060056641524,"{'center': [Decimal('150.50125676398326'), 167.3699012293694], 'axes': [Decimal('20.216329717910856'), Decimal('28.251108653078727')], 'angle': -80.00183326969287}","[Decimal('150.50125676398326'), 167.3699012293694]",28.251108653078727,"{'center': [0.08175847911720643, Decimal('-1.3961963589880135'), 90.17252088253979], 'radius': 12.0}","{'center': [Decimal('160.56214749855667'), Decimal('110.40016033598343')], 'axes': [165.0170124375577, 165.0170124375577], 'angle': 90.0}",0.8644039199211417,120,8281.920388,2.2569322875646605,-1.7140800810970942,"[0.4703164273874477, Decimal('0.30262541154429423')]",pupil.1,1,3d c++,1581666760.6423,0.4703164273874477,0.30262541154429423
"{'center': [-1.243204005567078, 6.207972381607438, 80.98442574923112], 'normal': [Decimal('-0.11041354039035704'), 0.6336807283829543, -0.7656745944423881], 'radius': Decimal('1.8409617705627475')}",0.9980977339530164,8720.20181,3.681923541125495,"{'center': [Decimal('150.50734389624648'), Decimal('167.38163112464818')], 'axes': [20.17011791174076, Decimal('28.191104467339763')], 'angle': -80.00976413534093}","[Decimal('150.50734389624648'), Decimal('167.38163112464818')]",28.191104467339763,"{'center': [0.08175847911720643, Decimal('-1.3961963589880135'), 90.17252088253979], 'radius': 12.0}","{'center': [Decimal('160.56214749855667'), Decimal('110.40016033598343')], 'axes': [165.0170124375577, 165.0170124375577], 'angle': 90.0}",0.8645399277782739,120,8281.920388,2.257098274838703,-1.7140133091835068,"[Decimal('0.47033544967577023'), 0.3025765369806326]",pupil.1,1,3d c++,1581666760.650065,0.47033544967577023,0.3025765369806326
"{'center': [Decimal('-1.2413435344189028'), 6.199275650975247, 80.97696728269375], 'normal': [-0.1102585011280091, 0.6329560008302717, -0.766296133320503], 'radius': 1.852465994489837}",0.998894323610352,8720.21021,3.704931988979674,"{'center': [Decimal('150.52102216388414'), Decimal('167.31758809226216')], 'axes': [20.31922412393873, 28.36991579428265], 'angle': -80.0121007978106}","[Decimal('150.52102216388414'), Decimal('167.31758809226216')]",28.36991579428265,"{'center': [0.08175847911720643, Decimal('-1.3961963589880135'), 90.17252088253979], 'radius': 12.0}","{'center': [Decimal('160.56214749855667'), Decimal('110.40016033598343')], 'axes': [165.0170124375577, 165.0170124375577], 'angle': 90.0}",0.8648239465985919,120,8281.920388,2.2561618027929,-1.7137005130967955,"[Decimal('0.47037819426213795'), Decimal('0.30284338294890767')]",pupil.1,1,3d c++,1581666760.6582599,0.47037819426213795,0.30284338294890767
"{'center': [Decimal('-1.2424831119530324'), 6.203834509461529, 80.980898881658], 'normal': [-0.1103534659225199, 0.6333359057041285, -0.7659685000734812], 'radius': 1.855320754621606}",0.9991362239733919,8720.21861,3.710641509243212,"{'center': [Decimal('150.51284226369384'), Decimal('167.34973955641843')], 'axes': [Decimal('20.338402116364563'), Decimal('28.412268993484084')], 'angle': -80.00965378433786}","[Decimal('150.51284226369384'), Decimal('167.34973955641843')]",28.412268993484084,"{'center': [0.08175847911720643, Decimal('-1.3961963589880135'), 90.17252088253979], 'radius': 12.0}","{'center': [Decimal('160.56214749855667'), Decimal('110.40016033598343')], 'axes': [165.0170124375577, 165.0170124375577], 'angle': 90.0}",0.8648899746724781,120,8281.920388,2.256652615413745,-1.713882270331193,"[Decimal('0.47035263207404326'), Decimal('0.30270941851492317')]",pupil.1,1,3d c++,1581666760.666683,0.47035263207404326,0.30270941851492317
"{'center': [Decimal('-1.2456793227372842'), 6.206444523822676, 80.98351873381748], 'normal': [Decimal('-0.11061981682120756'), 0.6335534069008908, -0.7657501790601925], 'radius': Decimal('1.8437124551578803')}",0.9988471025389208,8720.22701,3.6874249103157606,"{'center': [Decimal('150.48841201767377'), Decimal('167.37003909170565')], 'axes': [Decimal('20.203039619650344'), Decimal('28.233551127330216')], 'angle': -79.98936071173964}","[Decimal('150.48841201767377'), Decimal('167.37003909170565')]",28.233551127330216,"{'center': [0.08175847911720643, Decimal('-1.3961963589880135'), 90.17252088253979], 'radius': 12.0}","{'center': [Decimal('160.56214749855667'), Decimal('110.40016033598343')], 'axes': [165.0170124375577, 165.0170124375577], 'angle': 90.0}",0.8650443177474543,120,8281.920388,2.256933701705078,-1.7142632468779884,"[Decimal('0.47027628755523054'), 0.3026248371178931]",pupil.1,1,3d c++,1581666760.675272,0.47027628755523054,0.3026248371178931
"{'center': [Decimal('-1.2464256189735916'), Decimal('6.2163434468810825'), 80.99182566345985], 'normal': [Decimal('-0.11068200817423315'), 0.634378317155758, -0.7650579349233282], 'radius': Decimal('1.8484864359738744')}",0.99865125960951,8720.23541,3.696972871947749,"{'center': [Decimal('150.48378696076102'), Decimal('167.44019623453548')], 'axes': [Decimal('20.229818031039567'), 28.30377666638876], 'angle': -79.99690598697212}","[Decimal('150.48378696076102'), Decimal('167.44019623453548')]",28.30377666638876,"{'center': [0.08175847911720643, Decimal('-1.3961963589880135'), 90.17252088253979], 'radius': 12.0}","{'center': [Decimal('160.56214749855667'), Decimal('110.40016033598343')], 'axes': [165.0170124375577, 165.0170124375577], 'angle': 90.0}",0.8650500517249471,120,8281.920388,2.258000357948024,-1.7144709072746933,"[0.4702618342523782, Decimal('0.30233251568943553')]",pupil.1,1,3d c++,1581666760.6833198,0.4702618342523782,0.30233251568943553
"{'center': [Decimal('-1.2378442626716373'), Decimal('6.2159604775860835'), 80.99027078252283], 'normal': [-0.1099668951490703, 0.6343464030478414, -0.7651875083347471], 'radius': 1.851633589703792}",0.9989236410688216,8720.24381,3.703267179407584,"{'center': [Decimal('150.54922577688657'), 167.4376490083357], 'axes': [20.26910675729297, Decimal('28.352517984342242')], 'angle': -80.06006846691432}","[Decimal('150.54922577688657'), 167.4376490083357]",28.352517984342242,"{'center': [0.08175847911720643, Decimal('-1.3961963589880135'), 90.17252088253979], 'radius': 12.0}","{'center': [Decimal('160.56214749855667'), Decimal('110.40016033598343')], 'axes': [165.0170124375577, 165.0170124375577], 'angle': 90.0}",0.8652874390913334,120,8281.920388,2.257959073822966,-1.713531384043353,"[Decimal('0.47046633055277054'), 0.3023431291319345]",pupil.1,1,3d c++,1581666760.695128,0.47046633055277054,0.3023431291319345
"{'center': [Decimal('-1.2529277573642617'), 6.212476085798247, 80.98956295613627], 'normal': [Decimal('-0.11122385304012233'), 0.6340560370655217, -0.76524649386696], 'radius': 1.838079716620352}",0.9986752308775101,8720.25221,3.676159433240704,"{'center': [Decimal('150.43359172243726'), Decimal('167.41358446062216')], 'axes': [Decimal('20.122767316258898'), Decimal('28.145181359093105')], 'angle': -79.9435508417524}","[Decimal('150.43359172243726'), Decimal('167.41358446062216')]",28.145181359093105,"{'center': [0.08175847911720643, Decimal('-1.3961963589880135'), 90.17252088253979], 'radius': 12.0}","{'center': [Decimal('160.56214749855667'), Decimal('110.40016033598343')], 'axes': [165.0170124375577, 165.0170124375577], 'angle': 90.0}",0.8654829495996497,120,8281.920388,2.2575835202902175,-1.7151294776954995,"[0.4701049741326164, Decimal('0.30244339808074094')]",pupil.1,1,3d c++,1581666760.701947,0.4701049741326164,0.30244339808074094
"{'center': [Decimal('-1.2365045690435985'), Decimal('6.2084075648083035'), 80.98382229688384], 'normal': [-0.1098552540134004, 0.633716993649693, -0.7657248821379949], 'radius': Decimal('1.8578367562143059')}",0.9993046958947472,8720.26061,3.7156735124286118,"{'center': [150.5588986272694, Decimal('167.38261726082627')], 'axes': [Decimal('20.356983398001642'), Decimal('28.449782096161414')], 'angle': -80.0600965945409}","[150.5588986272694, Decimal('167.38261726082627')]",28.449782096161414,"{'center': [0.08175847911720643, Decimal('-1.3961963589880135'), 90.17252088253979], 'radius': 12.0}","{'center': [Decimal('160.56214749855667'), Decimal('110.40016033598343')], 'axes': [165.0170124375577, 165.0170124375577], 'angle': 90.0}",0.8659645864062537,120,8281.920388,2.257145154637448,-1.713289713693929,"[Decimal('0.47049655821021685'), 0.3025724280798906]",pupil.1,1,3d c++,1581666760.710076,0.47049655821021685,0.3025724280798906
"{'center': [Decimal('-1.2496484816811624'), 6.214993002242264, 80.9911728327035], 'normal': [Decimal('-0.11095058006653073'), 0.6342657801025231, -0.7651123374863578], 'radius': Decimal('1.8577006268831981')}",0.9992425571546885,8720.26901,3.7154012537663963,"{'center': [Decimal('150.45935580021478'), Decimal('167.42878771577875')], 'axes': [Decimal('20.332704245713142'), 28.44512290173255], 'angle': -79.97121392447625}","[Decimal('150.45935580021478'), Decimal('167.42878771577875')]",28.44512290173255,"{'center': [0.08175847911720643, Decimal('-1.3961963589880135'), 90.17252088253979], 'radius': 12.0}","{'center': [Decimal('160.56214749855667'), Decimal('110.40016033598343')], 'axes': [165.0170124375577, 165.0170124375577], 'angle': 90.0}",0.8661331281146767,120,8281.920388,2.257854786121021,-1.7148046419100451,"[0.4701854868756712, Decimal('0.30238005118425515')]",pupil.1,1,3d c++,1581666760.719083,0.4701854868756712,0.30238005118425515
"{'center': [Decimal('-1.2427860155290358'), 6.211149195665449, 80.9869955576715], 'normal': [Decimal('-0.11037870788718684'), 0.6339454628877885, -0.7654604437390233], 'radius': Decimal('1.8510415238102633')}",0.9985213107271524,8720.27741,3.7020830476205266,"{'center': [150.5111022651718, Decimal('167.40284795606482')], 'axes': [20.27268770496422, 28.34459420869992], 'angle': -80.0170593227461}","[150.5111022651718, Decimal('167.40284795606482')]",28.34459420869992,"{'center': [0.08175847911720643, Decimal('-1.3961963589880135'), 90.17252088253979], 'radius': 12.0}","{'center': [Decimal('160.56214749855667'), Decimal('110.40016033598343')], 'axes': [165.0170124375577, 165.0170124375577], 'angle': 90.0}",0.8662581836253236,120,8281.920388,2.257440536272521,-1.7140082526535259,"[0.4703471945786618, 0.3024881335163966]",pupil.1,1,3d c++,1581666760.726958,0.4703471945786618,0.3024881335163966
"{'center': [Decimal('-1.2466307087436714'), 6.216410329080944, 80.99191079505965], 'normal': [Decimal('-0.11069909898840648'), 0.6343838906724131, -0.7650508406233449], 'radius': Decimal('1.8527862456710391')}",0.9989685200664431,8720.28581,3.7055724913420782,"{'center': [Decimal('150.48234837806731'), Decimal('167.43997649219398')], 'axes': [Decimal('20.276632093442476'), Decimal('28.369599325291762')], 'angle': -79.99547284273461}","[Decimal('150.48234837806731'), Decimal('167.43997649219398')]",28.369599325291762,"{'center': [0.08175847911720643, Decimal('-1.3961963589880135'), 90.17252088253979], 'radius': 12.0}","{'center': [Decimal('160.56214749855667'), Decimal('110.40016033598343')], 'axes': [165.0170124375577, 165.0170124375577], 'angle': 90.0}",0.8665904396676583,120,8281.920388,2.258007567998755,-1.7144941027029397,"[Decimal('0.47025733868146036'), 0.3023334312825251]",pupil.1,1,3d c++,1581666760.734339,0.47025733868146036,0.3023334312825251
"{'center': [Decimal('-1.2425052829361498'), 6.221790216987135, 80.99577821333659], 'normal': [Decimal('-0.11035531350444634'), 0.6348322146645957, -0.7647285557669334], 'radius': Decimal('1.8525983858428723')}",0.9988437902092987,8720.29421,3.7051967716857446,"{'center': [150.5142830779336, Decimal('167.47890551538535')], 'axes': [Decimal('20.262675203482484'), 28.36537059341912], 'angle': -80.03315484074294}","[150.5142830779336, Decimal('167.47890551538535')]",28.36537059341912,"{'center': [0.08175847911720643, Decimal('-1.3961963589880135'), 90.17252088253979], 'radius': 12.0}","{'center': [Decimal('160.56214749855667'), Decimal('110.40016033598343')], 'axes': [165.0170124375577, 165.0170124375577], 'angle': 90.0}",0.8668956215098778,120,8281.920388,2.2585876717799547,-1.7141134778872942,"[Decimal('0.47035713461854256'), 0.3021712270192277]",pupil.1,1,3d c++,1581666760.74241,0.47035713461854256,0.3021712270192277
"{'center': [Decimal('-1.2405368461872228'), 6.213937968602681, 80.98898177233266], 'normal': [Decimal('-0.11019127710870243'), 0.6341778606325579, -0.7652949258505933], 'radius': 1.84260517332333}",0.9989291048251476,8720.30261,3.68521034664666,"{'center': [Decimal('150.52827290675387'), Decimal('167.42436157863324')], 'axes': [20.17417313251054, 28.21469191136298], 'angle': -80.03742846147728}","[Decimal('150.52827290675387'), Decimal('167.42436157863324')]",28.21469191136298,"{'center': [0.08175847911720643, Decimal('-1.3961963589880135'), 90.17252088253979], 'radius': 12.0}","{'center': [Decimal('160.56214749855667'), Decimal('110.40016033598343')], 'axes': [165.0170124375577, 165.0170124375577], 'angle': 90.0}",0.8671029787447493,120,8281.920388,2.2577410703599505,-1.7137988741207522,"[Decimal('0.47040085283360583'), Decimal('0.30239849342236147')]",pupil.1,1,3d c++,1581666760.750758,0.47040085283360583,0.30239849342236147
"{'center': [Decimal('-1.2460573431798274'), 6.219561816575399, 80.99444196844253], 'normal': [Decimal('-0.11065131852475282'), 0.6346465146302843, -0.7648399095081049], 'radius': 1.841461856270085}",0.9985885659692496,8720.31101,3.68292371254017,"{'center': [Decimal('150.48670451457724'), Decimal('167.46440784611633')], 'axes': [20.14489428207049, Decimal('28.195285474449022')], 'angle': -80.00388497945308}","[Decimal('150.48670451457724'), Decimal('167.46440784611633')]",28.195285474449022,"{'center': [0.08175847911720643, Decimal('-1.3961963589880135'), 90.17252088253979], 'radius': 12.0}","{'center': [Decimal('160.56214749855667'), Decimal('110.40016033598343')], 'axes': [165.0170124375577, 165.0170124375577], 'angle': 90.0}",0.867107243157117,120,8281.920388,2.2583473537850822,-1.7144719989009694,"[0.4702709516080539, Decimal('0.30223163397451525')]",pupil.1,1,3d c++,1581666760.7587929,0.4702709516080539,0.30223163397451525
"{'center': [Decimal('-1.2485767457999652'), 6.21048454887902, 80.98728197681524], 'normal': [Decimal('-0.11086126874309764'), 0.6338900756555861, -0.765436575477045], 'radius': Decimal('1.8472802306790588')}",0.9992626807048719,8720.31941,3.6945604613581176,"{'center': [Decimal('150.46681047439742'), Decimal('167.39820752102472')], 'axes': [20.23056786168747, Decimal('28.286886743948852')], 'angle': -79.97319637194727}","[Decimal('150.46681047439742'), Decimal('167.39820752102472')]",28.286886743948852,"{'center': [0.08175847911720643, Decimal('-1.3961963589880135'), 90.17252088253979], 'radius': 12.0}","{'center': [Decimal('160.56214749855667'), Decimal('110.40016033598343')], 'axes': [165.0170124375577, 165.0170124375577], 'angle': 90.0}",0.8676027306577461,120,8281.920388,2.2573689210672643,-1.7146301984881493,"[Decimal('0.47020878273249195'), Decimal('0.30250746866239697')]",pupil.1,1,3d c++,1581666760.76738,0.47020878273249195,0.30250746866239697
"{'center': [-1.231672270421148, 6.214451600874406, 80.98813536704616], 'normal': [Decimal('-0.10945256246152953'), 0.6342206633218682, -0.7653654596244689], 'radius': Decimal('1.8494395526843204')}",0.9835193607375402,8720.32781,3.6988791053686407,"{'center': [Decimal('150.59605735617487'), Decimal('167.42767876260885')], 'axes': [20.25168001818705, Decimal('28.319659493959396')], 'angle': -80.10390457000676}","[Decimal('150.59605735617487'), Decimal('167.42767876260885')]",28.319659493959396,"{'center': [0.08175847911720643, Decimal('-1.3961963589880135'), 90.17252088253979], 'radius': 12.0}","{'center': [Decimal('160.56214749855667'), Decimal('110.40016033598343')], 'axes': [165.0170124375577, 165.0170124375577], 'angle': 90.0}",0.8676014679330213,120,8281.920388,2.257796430383124,-1.712840166842293,"[Decimal('0.47061267923804645'), 0.3023846718224631]",pupil.1,1,3d c++,1581666760.778369,0.47061267923804645,0.3023846718224631
"{'center': [Decimal('-1.2560626411390208'), 6.209121164029501, 80.98724026492776], 'normal': [-0.1114850933546856, 0.6337764602514595, -0.7654400514676687], 'radius': Decimal('1.8278553437597196')}",0.9985586571752183,8720.33621,3.655710687519439,"{'center': [Decimal('150.40910621585775'), 167.3908801514027], 'axes': [Decimal('20.017836281629556'), 27.98939095567665], 'angle': -79.91582850453064}","[Decimal('150.40910621585775'), 167.3908801514027]",27.98939095567665,"{'center': [0.08175847911720643, Decimal('-1.3961963589880135'), 90.17252088253979], 'radius': 12.0}","{'center': [Decimal('160.56214749855667'), Decimal('110.40016033598343')], 'axes': [165.0170124375577, 165.0170124375577], 'angle': 90.0}",0.8677927971998178,120,8281.920388,2.2572220304995647,-1.7154277055185747,"[Decimal('0.47002845692455547'), 0.3025379993691554]",pupil.1,1,3d c++,1581666760.788693,0.47002845692455547,0.3025379993691554
"{'center': [Decimal('-1.2460516263510037'), 6.207470247228204, 80.98442127134004], 'normal': [Decimal('-0.11065084212235085'), 0.6336388838513515, -0.7656749675999786], 'radius': Decimal('1.8374091869536011')}",0.998291327971741,8720.34461,3.6748183739072022,"{'center': [Decimal('150.48549931716227'), Decimal('167.37835925967136')], 'axes': [Decimal('20.131178300913202'), Decimal('28.136693126349964')], 'angle': -79.98795331127167}","[Decimal('150.48549931716227'), Decimal('167.37835925967136')]",28.136693126349964,"{'center': [0.08175847911720643, Decimal('-1.3961963589880135'), 90.17252088253979], 'radius': 12.0}","{'center': [Decimal('160.56214749855667'), Decimal('110.40016033598343')], 'axes': [165.0170124375577, 165.0170124375577], 'angle': 90.0}",0.8678341684508428,120,8281.920388,2.25704418500907,-1.7143168383750995,"[0.4702671853661321, 0.3025901697513693]",pupil.1,1,3d c++,1581666760.7954571,0.4702671853661321,0.3025901697513693
"{'center': [-1.249639171369948, 6.211747939142403, 80.9884823453372], 'normal': [Decimal('-0.11094980420726286'), 0.6339953581775347, -0.765336544766882], 'radius': Decimal('1.8373859280260336')}",0.9988241452654928,8720.35301,3.6747718560520672,"{'center': [Decimal('150.45856318205065'), 167.4087424139887], 'axes': [Decimal('20.118488339814608'), 28.13492975947805], 'angle': -79.96698579664763}","[Decimal('150.45856318205065'), 167.4087424139887]",28.13492975947805,"{'center': [0.08175847911720643, Decimal('-1.3961963589880135'), 90.17252088253979], 'radius': 12.0}","{'center': [Decimal('160.56214749855667'), Decimal('110.40016033598343')], 'axes': [165.0170124375577, 165.0170124375577], 'angle': 90.0}",0.8679538385293228,120,8281.920388,2.257505054044008,-1.7147620420297771,"[Decimal('0.47018300994390827'), 0.302463573275047]",pupil.1,1,3d c++,1581666760.8033128,0.47018300994390827,0.302463573275047
"{'center': [Decimal('-1.2514220212560672'), 6.205906930234341, 80.98390535388592], 'normal': [Decimal('-0.11109837503110613'), 0.6335086074351962, -0.7657179607211563], 'radius': Decimal('1.8403405644638362')}",0.9992470798404504,8720.36141,3.6806811289276724,"{'center': [Decimal('150.44450665246012'), Decimal('167.36624843682668')], 'axes': [Decimal('20.164863547677214'), 28.18177128478652], 'angle': -79.94600041246882}","[Decimal('150.44450665246012'), Decimal('167.36624843682668')]",28.18177128478652,"{'center': [0.08175847911720643, Decimal('-1.3961963589880135'), 90.17252088253979], 'radius': 12.0}","{'center': [Decimal('160.56214749855667'), Decimal('110.40016033598343')], 'axes': [165.0170124375577, 165.0170124375577], 'angle': 90.0}",0.8683958943047521,120,8281.920388,2.256875800110252,-1.7148813495707933,"[0.4701390832889379, 0.3026406315132222]",pupil.1,1,3d c++,1581666760.812449,0.4701390832889379,0.3026406315132222
"{'center': [Decimal('-1.2440973558544246'), 6.216355735515254, 80.99149932100615], 'normal': [Decimal('-0.11048798624763591'), 0.6343793412086056, -0.7650851301278033], 'radius': 1.843318849382842}",0.9987245957587068,8720.36981,3.686637698765684,"{'center': [Decimal('150.50138792834667'), Decimal('167.44129222220215')], 'axes': [Decimal('20.174251666115705'), Decimal('28.224747456171634')], 'angle': -80.01419337581932}","[Decimal('150.50138792834667'), Decimal('167.44129222220215')]",28.224747456171634,"{'center': [0.08175847911720643, Decimal('-1.3961963589880135'), 90.17252088253979], 'radius': 12.0}","{'center': [Decimal('160.56214749855667'), Decimal('110.40016033598343')], 'axes': [165.0170124375577, 165.0170124375577], 'angle': 90.0}",0.8686688110990604,120,8281.920388,2.258001682687073,-1.7142174646938082,"[Decimal('0.47031683727608337'), 0.3023279490741577]",pupil.1,1,3d c++,1581666760.81827,0.47031683727608337,0.3023279490741577
"{'center': [Decimal('-1.2334948459127828'), 6.216613213692852, 80.99018789461694], 'normal': [-0.1096044437524991, 0.6344007977234054, -0.7651944156602374], 'radius': 1.857069013612555}",0.9994381136023305,8720.37821,3.71413802722511,"{'center': [150.5825774469382, Decimal('167.44181547704468')], 'axes': [Decimal('20.328908913903707'), Decimal('28.435792775272336')], 'angle': -80.09320181815252}","[150.5825774469382, Decimal('167.44181547704468')]",28.435792775272336,"{'center': [0.08175847911720643, Decimal('-1.3961963589880135'), 90.17252088253979], 'radius': 12.0}","{'center': [Decimal('160.56214749855667'), Decimal('110.40016033598343')], 'axes': [165.0170124375577, 165.0170124375577], 'angle': 90.0}",0.8688048632892742,120,8281.920388,2.258029439674678,-1.7130659945389775,"[Decimal('0.47057055452168184'), 0.3023257688456471]",pupil.1,1,3d c++,1581666760.827329,0.47057055452168184,0.3023257688456471
"{'center': [Decimal('-1.2362104750629284'), 6.216965884226948, 80.99086969692489], 'normal': [Decimal('-0.10983074618167789'), 0.6344301869345801, -0.7651375988012415], 'radius': Decimal('1.8523445661070599')}",0.9988465323688412,8720.38661,3.7046891322141198,"{'center': [Decimal('150.56178857616737'), Decimal('167.44487588834698')], 'axes': [Decimal('20.275054733561994'), 28.36319752524029], 'angle': -80.0735108864611}","[Decimal('150.56178857616737'), Decimal('167.44487588834698')]",28.36319752524029,"{'center': [0.08175847911720643, Decimal('-1.3961963589880135'), 90.17252088253979], 'radius': 12.0}","{'center': [Decimal('160.56214749855667'), Decimal('110.40016033598343')], 'axes': [165.0170124375577, 165.0170124375577], 'angle': 90.0}",0.8689068569354585,120,8281.920388,2.258067459735102,-1.7133662248976236,"[Decimal('0.47050558930052305'), 0.3023130171318875]",pupil.1,1,3d c++,1581666760.8354714,0.47050558930052305,0.3023130171318875
"{'center': [Decimal('-1.2251744908957822'), 6.214231925922058, 80.9870264738466], 'normal': [Decimal('-0.10891108083441571'), 0.6342023570758393, -0.7654578673910988], 'radius': Decimal('1.8568508703308515')}",0.9939287910453567,8720.39501,3.713701740661703,"{'center': [Decimal('150.64575392250615'), 167.425447750136], 'axes': [Decimal('20.336327661754453'), Decimal('28.433558111578776')], 'angle': -80.15186770212097}","[Decimal('150.64575392250615'), 167.425447750136]",28.433558111578776,"{'center': [0.08175847911720643, Decimal('-1.3961963589880135'), 90.17252088253979], 'radius': 12.0}","{'center': [Decimal('160.56214749855667'), Decimal('110.40016033598343')], 'axes': [165.0170124375577, 165.0170124375577], 'angle': 90.0}",0.8691618090995834,120,8281.920388,2.257772753193921,-1.7121299579892988,"[0.4707679810078317, 0.3023939677077667]",pupil.1,1,3d c++,1581666760.844209,0.4707679810078317,0.3023939677077667
"{'center': [-1.183638997996843, 6.218941275871077, 80.98511384752354], 'normal': [Decimal('-0.10544978975950411'), 0.6345948029049242, -0.7656172529180209], 'radius': 1.846531364795164}",0.9986147106654971,8720.40341,3.693062729590328,"{'center': [Decimal('150.96246016527994'), 167.4641300858297], 'axes': [Decimal('20.229326086986195'), Decimal('28.276165583054656')], 'angle': -80.46657413489734}","[Decimal('150.96246016527994'), 167.4641300858297]",28.276165583054656,"{'center': [0.08175847911720643, Decimal('-1.3961963589880135'), 90.17252088253979], 'radius': 12.0}","{'center': [Decimal('160.56214749855667'), Decimal('110.40016033598343')], 'axes': [165.0170124375577, 165.0170124375577], 'angle': 90.0}",0.8695488788666106,120,8281.920388,2.2582804410869155,-1.7076669135972247,"[0.4717576880164998, 0.3022327913090429]",pupil.1,1,3d c++,1581666760.8506932,0.4717576880164998,0.3022327913090429
"{'center': [Decimal('-1.1863281277064852'), 6.22251543953042, 80.9884484259054], 'normal': [-0.1056738839019743, 0.634892649876536, -0.765339371386199], 'radius': 1.854372798841456}",0.9983549591085198,8720.41181,3.708745597682912,"{'center': [150.9424896714549, Decimal('167.48829673425135')], 'axes': [Decimal('20.304965862257024'), Decimal('28.395102387865535')], 'angle': -80.45108883166688}","[150.9424896714549, Decimal('167.48829673425135')]",28.395102387865535,"{'center': [0.08175847911720643, Decimal('-1.3961963589880135'), 90.17252088253979], 'radius': 12.0}","{'center': [Decimal('160.56214749855667'), Decimal('110.40016033598343')], 'axes': [165.0170124375577, 165.0170124375577], 'angle': 90.0}",0.8695887135744096,120,8281.920388,2.2586658923872696,-1.7080033275597215,"[Decimal('0.47169528022329654'), 0.3021320969406194]",pupil.1,1,3d c++,1581666760.862352,0.47169528022329654,0.3021320969406194
"{'center': [Decimal('-1.2104890126986414'), 6.218710677652157, 80.98866073316775], 'normal': [Decimal('-0.10768729098465397'), 0.6345755863866809, -0.765321679114336], 'radius': Decimal('1.8501035270316637')}",0.999397070789476,8720.420209,3.7002070540633274,"{'center': [150.7578983436129, Decimal('167.45980131241993')], 'axes': [20.25743497970134, Decimal('28.329643318198414')], 'angle': -80.26673285138102}","[150.7578983436129, Decimal('167.45980131241993')]",28.329643318198414,"{'center': [0.08175847911720643, Decimal('-1.3961963589880135'), 90.17252088253979], 'radius': 12.0}","{'center': [Decimal('160.56214749855667'), Decimal('110.40016033598343')], 'axes': [165.0170124375577, 165.0170124375577], 'angle': 90.0}",0.8699521322710235,120,8281.920388,2.25825557669444,-1.7105871135879058,"[Decimal('0.47111843232379036'), Decimal('0.30225082786491697')]",pupil.1,1,3d c++,1581666760.871375,0.47111843232379036,0.30225082786491697
"{'center': [Decimal('-1.1986978198453295'), 6.240056333720716, 81.00474708081748], 'normal': [Decimal('-0.10670469158021133'), 0.6363543910590608, -0.7639811501435254], 'radius': Decimal('1.8463409190307418')}",0.9988065352269746,8720.428609,3.6926818380614836,"{'center': [Decimal('150.84959858073236'), 167.6142993687997], 'axes': [Decimal('20.166865344321774'), 28.26641402295043], 'angle': -80.38146615795284}","[Decimal('150.84959858073236'), 167.6142993687997]",28.26641402295043,"{'center': [0.08175847911720643, Decimal('-1.3961963589880135'), 90.17252088253979], 'radius': 12.0}","{'center': [Decimal('160.56214749855667'), Decimal('110.40016033598343')], 'axes': [165.0170124375577, 165.0170124375577], 'angle': 90.0}",0.8698956870648034,120,8281.920388,2.260559342374121,-1.7095678838810897,"[Decimal('0.47140499556478865'), Decimal('0.30160708596333463')]",pupil.1,1,3d c++,1581666760.8783891,0.47140499556478865,0.30160708596333463
"{'center': [Decimal('-1.2061987119716557'), 6.233064170513267, 80.99997761216399], 'normal': [Decimal('-0.10732976592407184'), 0.6357717107917734, -0.7643786058646498], 'radius': Decimal('1.8521707828107834')}",0.9990977495158336,8720.437009,3.704341565621567,"{'center': [Decimal('150.79195955927884'), Decimal('167.56268473800043')], 'axes': [20.24522785519738, Decimal('28.357351634682455')], 'angle': -80.31696396194424}","[Decimal('150.79195955927884'), Decimal('167.56268473800043')]",28.357351634682455,"{'center': [0.08175847911720643, Decimal('-1.3961963589880135'), 90.17252088253979], 'radius': 12.0}","{'center': [Decimal('160.56214749855667'), Decimal('110.40016033598343')], 'axes': [165.0170124375577, 165.0170124375577], 'angle': 90.0}",0.8702364824871744,120,8281.920388,2.259804220155952,-1.7102986823720772,"[Decimal('0.47122487362274634'), 0.3018221469249982]",pupil.1,1,3d c++,1581666760.885996,0.47122487362274634,0.3018221469249982
"{'center': [-1.204758114175611, Decimal('6.2196259284923725'), 80.98861507179133], 'normal': [Decimal('-0.10720971610773478'), 0.6346518572900322, -0.765325484229038], 'radius': Decimal('1.8576082288445879')}",0.9991913492901451,8720.445409,3.7152164576891757,"{'center': [150.8018564987449, Decimal('167.46562194942692')], 'axes': [Decimal('20.339809863753334'), Decimal('28.444599205456903')], 'angle': -80.31047620658542}","[150.8018564987449, Decimal('167.46562194942692')]",28.444599205456903,"{'center': [0.08175847911720643, Decimal('-1.3961963589880135'), 90.17252088253979], 'radius': 12.0}","{'center': [Decimal('160.56214749855667'), Decimal('110.40016033598343')], 'axes': [165.0170124375577, 165.0170124375577], 'angle': 90.0}",0.8706705267157333,120,8281.920388,2.2583542671613697,-1.709974474417035,"[0.4712558015585778, Decimal('0.30222657521072116')]",pupil.1,1,3d c++,1581666760.895581,0.4712558015585778,0.30222657521072116
"{'center': [Decimal('-1.1828881466432313'), Decimal('6.2317756174001575'), 80.99566344443008], 'normal': [Decimal('-0.10538721881336979'), 0.6356643313656809, -0.7647381198424756], 'radius': 1.829539038840863}",0.9983830868446673,8720.453809,3.659078077681726,"{'center': [Decimal('150.96889142205308'), Decimal('167.55886202319869')], 'axes': [Decimal('20.010978060313906'), Decimal('28.012264275915612')], 'angle': -80.48829554290663}","[Decimal('150.96889142205308'), Decimal('167.55886202319869')]",28.012264275915612,"{'center': [0.08175847911720643, Decimal('-1.3961963589880135'), 90.17252088253979], 'radius': 12.0}","{'center': [Decimal('160.56214749855667'), Decimal('110.40016033598343')], 'axes': [165.0170124375577, 165.0170124375577], 'angle': 90.0}",0.870782664552372,120,8281.920388,2.2596651134659838,-1.7077420028852666,"[0.4717777856939159, 0.3018380749033388]",pupil.1,1,3d c++,1581666760.903423,0.4717777856939159,0.3018380749033388
"{'center': [Decimal('-1.1923714086268398'), 6.229377792717281, 80.99498243881744], 'normal': [Decimal('-0.10617749064533719'), 0.6354645126421078, -0.7647948703101948], 'radius': Decimal('1.8577883367032053')}",0.9987479031063887,8720.462209,3.7155766734064106,"{'center': [Decimal('150.89714097023887'), Decimal('167.53646478292399')], 'axes': [20.32215708246353, 28.44512554318997], 'angle': -80.41486966082016}","[Decimal('150.89714097023887'), Decimal('167.53646478292399')]",28.44512554318997,"{'center': [0.08175847911720643, Decimal('-1.3961963589880135'), 90.17252088253979], 'radius': 12.0}","{'center': [Decimal('160.56214749855667'), Decimal('110.40016033598343')], 'axes': [165.0170124375577, 165.0170124375577], 'angle': 90.0}",0.8707521008940566,120,8281.920388,2.259406296958498,-1.7087458825079358,"[Decimal('0.47155356553199645'), Decimal('0.30193139673781677')]",pupil.1,1,3d c++,1581666760.910732,0.47155356553199645,0.30193139673781677
"{'center': [Decimal('-1.1771733823814543'), 6.233110059436834, 80.9959869975762], 'normal': [Decimal('-0.10491098845822172'), 0.6357755348687373, -0.7647111570802991], 'radius': Decimal('1.8585145881719332')}",0.9980191362478509,8720.470609,3.7170291763438663,"{'center': [Decimal('151.01331478578643'), Decimal('167.56427959212277')], 'axes': [Decimal('20.327066901955867'), Decimal('28.455894239186815')], 'angle': -80.53239545948489}","[Decimal('151.01331478578643'), Decimal('167.56427959212277')]",28.455894239186815,"{'center': [0.08175847911720643, Decimal('-1.3961963589880135'), 90.17252088253979], 'radius': 12.0}","{'center': [Decimal('160.56214749855667'), Decimal('110.40016033598343')], 'axes': [165.0170124375577, 165.0170124375577], 'angle': 90.0}",0.8711392389504136,120,8281.920388,2.2598091744220237,-1.707135568653396,"[0.4719166087055826, Decimal('0.30181550169948845')]",pupil.1,1,3d c++,1581666760.9180312,0.4719166087055826,0.30181550169948845
"{'center': [-1.210772225280791, 6.236466468441145, 81.00345208898341], 'normal': [Decimal('-0.10771089203316644'), 0.6360552356190965, -0.7640890661296987], 'radius': 1.854231882397468}",0.9991848479386629,8720.479009,3.708463764794936,"{'center': [Decimal('150.75747743713134'), Decimal('167.58636996767856')], 'axes': [20.25703093687322, 28.3877003648057], 'angle': -80.28740986248714}","[Decimal('150.75747743713134'), Decimal('167.58636996767856')]",28.3877003648057,"{'center': [0.08175847911720643, Decimal('-1.3961963589880135'), 90.17252088253979], 'radius': 12.0}","{'center': [Decimal('160.56214749855667'), Decimal('110.40016033598343')], 'axes': [165.0170124375577, 165.0170124375577], 'angle': 90.0}",0.8715708954303403,120,8281.920388,2.26017159433911,-1.7108399740269864,"[0.4711171169910354, Decimal('0.30172345846800597')]",pupil.1,1,3d c++,1581666760.926374,0.4711171169910354,0.30172345846800597
"{'center': [Decimal('-1.1978600210510864'), 6.227284113143711, 80.99400673344935], 'normal': [Decimal('-0.10663487501402438'), 0.6352900393443104, -0.7648761790908695], 'radius': 1.875232472478274}",0.9988255984991956,8720.487409,3.750464944956548,"{'center': [150.8555896658015, Decimal('167.51823349092498')], 'axes': [20.51608012841396, 28.7126224154011], 'angle': -80.37146900610793}","[150.8555896658015, Decimal('167.51823349092498')]",28.7126224154011,"{'center': [0.08175847911720643, Decimal('-1.3961963589880135'), 90.17252088253979], 'radius': 12.0}","{'center': [Decimal('160.56214749855667'), Decimal('110.40016033598343')], 'axes': [165.0170124375577, 165.0170124375577], 'angle': 90.0}",0.8717059372315705,120,8281.920388,2.2591803543555438,-1.7093180350082533,"[Decimal('0.47142371770562963'), 0.3020073604544792]",pupil.1,1,3d c++,1581666760.934863,0.47142371770562963,0.3020073604544792
"{'center': [Decimal('-1.1907387250038834'), 6.227030094018465, 80.99280578283836], 'normal': [Decimal('-0.10604143367675747'), 0.6352688710838732, -0.7649762583084517], 'radius': Decimal('1.8681076122940912')}",0.9990901810434245,8720.495809,3.7362152245881823,"{'center': [150.9096442570655, Decimal('167.51811652545575')], 'axes': [Decimal('20.441860685279938'), 28.60392834517754], 'angle': -80.42402272019973}","[150.9096442570655, Decimal('167.51811652545575')]",28.60392834517754,"{'center': [0.08175847911720643, Decimal('-1.3961963589880135'), 90.17252088253979], 'radius': 12.0}","{'center': [Decimal('160.56214749855667'), Decimal('110.40016033598343')], 'axes': [165.0170124375577, 165.0170124375577], 'angle': 90.0}",0.8722108519224503,120,8281.920388,2.259152944353627,-1.7085390854192513,"[0.4715926383033297, 0.3020078478106011]",pupil.1,1,3d c++,1581666760.9472392,0.4715926383033297,0.3020078478106011
"{'center': [Decimal('-1.1746200753740776'), 6.233456714552019, 80.99592527712949], 'normal': [Decimal('-0.10469821287427367'), 0.6358044227950027, -0.7647163004508579], 'radius': Decimal('1.8363765180148908')}",0.9981727437594712,8720.504209,3.6727530360297815,"{'center': [151.0322314939709, 167.570474510356], 'axes': [20.08503264507164, 28.11688446232296], 'angle': -80.55178799252715}","[151.0322314939709, 167.570474510356]",28.11688446232296,"{'center': [0.08175847911720643, Decimal('-1.3961963589880135'), 90.17252088253979], 'radius': 12.0}","{'center': [Decimal('160.56214749855667'), Decimal('110.40016033598343')], 'axes': [165.0170124375577, 165.0170124375577], 'angle': 90.0}",0.8721206041101826,120,8281.920388,2.259846600700936,-1.7068615515678165,"[Decimal('0.47197572341865907'), Decimal('0.30178968954018326')]",pupil.1,1,3d c++,1581666760.954993,0.47197572341865907,0.30178968954018326
"{'center': [Decimal('-1.1942923128776881'), 6.240740559777138, 81.00470277379378], 'normal': [Decimal('-0.10633756599957454'), 0.636411409897096, -0.7639848423954998], 'radius': Decimal('1.8493469049171192')}",0.9993360994525988,8720.512609,3.6986938098342383,"{'center': [150.8833087474416, Decimal('167.61907162350138')], 'axes': [20.1998688741883, Decimal('28.312458921353937')], 'angle': -80.41498408008493}","[150.8833087474416, Decimal('167.61907162350138')]",28.312458921353937,"{'center': [0.08175847911720643, Decimal('-1.3961963589880135'), 90.17252088253979], 'radius': 12.0}","{'center': [Decimal('160.56214749855667'), Decimal('110.40016033598343')], 'axes': [165.0170124375577, 165.0170124375577], 'angle': 90.0}",0.8722670627098084,120,8281.920388,2.2606332609766295,-1.7090958450858684,"[Decimal('0.47151033983575497'), 0.3015872015687442]",pupil.1,1,3d c++,1581666760.964,0.47151033983575497,0.3015872015687442
"{'center': [-1.186242218045928, 6.242409861206046, 81.00497654150678], 'normal': [Decimal('-0.10566672476359452'), 0.6365505183495049, -0.7639620284194177], 'radius': Decimal('1.8648046152726536')}",0.9989967605346988,8720.521009,3.7296092305453072,"{'center': [150.9452054919068, Decimal('167.62919667282927')], 'axes': [20.36797034670014, 28.54906271177074], 'angle': -80.4767575376527}","[150.9452054919068, Decimal('167.62919667282927')]",28.54906271177074,"{'center': [0.08175847911720643, Decimal('-1.3961963589880135'), 90.17252088253979], 'radius': 12.0}","{'center': [Decimal('160.56214749855667'), Decimal('110.40016033598343')], 'axes': [165.0170124375577, 165.0170124375577], 'angle': 90.0}",0.872361596637683,120,8281.920388,2.2608136185830454,-1.7082384009771465,"[Decimal('0.47170376716220874'), 0.3015450138632114]",pupil.1,1,3d c++,1581666760.9730592,0.47170376716220874,0.3015450138632114
"{'center': [Decimal('-1.1900140812883828'), 6.2437341701258, 81.00660270349661], 'normal': [Decimal('-0.10598104670046576'), 0.6366608774261511, -0.7638265149202647], 'radius': 1.861127098255392}",0.9992019778374556,8720.529409,3.722254196510784,"{'center': [Decimal('150.91648801720396'), 167.6389755608704], 'axes': [20.32273618771201, Decimal('28.492179496953685')], 'angle': -80.45046485114544}","[Decimal('150.91648801720396'), 167.6389755608704]",28.492179496953685,"{'center': [0.08175847911720643, Decimal('-1.3961963589880135'), 90.17252088253979], 'radius': 12.0}","{'center': [Decimal('160.56214749855667'), Decimal('110.40016033598343')], 'axes': [165.0170124375577, 165.0170124375577], 'angle': 90.0}",0.8726072272686292,120,8281.920388,2.260956721001391,-1.7086662387187852,"[0.4716140250537624, Decimal('0.30150426849637335')]",pupil.1,1,3d c++,1581666760.982451,0.4716140250537624,0.30150426849637335
"{'center': [Decimal('-1.1963731374066342'), 6.243147367663108, 81.00699814802441], 'normal': [Decimal('-0.10651096804365338'), 0.6366119772209268, -0.7637935612096152], 'radius': Decimal('1.8746802506049314')}",0.9987152018118227,8720.537809,3.7493605012098628,"{'center': [Decimal('150.86834249440253'), Decimal('167.63209843673877')], 'axes': [Decimal('20.469535279240702'), 28.69957307267964], 'angle': -80.40260401328852}","[Decimal('150.86834249440253'), Decimal('167.63209843673877')]",28.69957307267964,"{'center': [0.08175847911720643, Decimal('-1.3961963589880135'), 90.17252088253979], 'radius': 12.0}","{'center': [Decimal('160.56214749855667'), Decimal('110.40016033598343')], 'axes': [165.0170124375577, 165.0170124375577], 'angle': 90.0}",0.8727101077017796,120,8281.920388,2.2608933101065514,-1.7093527437680247,"[0.4714635702950079, Decimal('0.30153292318025515')]",pupil.1,1,3d c++,1581666760.9863222,0.4714635702950079,0.30153292318025515
"{'center': [Decimal('-1.1920318666551843'), 6.247210672637555, 81.00978182132485], 'normal': [Decimal('-0.10614919548103255'), 0.6369505859687974, -0.7635615884345776], 'radius': 1.875177548738455}",0.9992514805001192,8720.546209,3.75035509747691,"{'center': [Decimal('150.90179990634687'), 167.6614637073753], 'axes': [Decimal('20.466308510608634'), 28.70620350433982], 'angle': -80.43988989645224}","[Decimal('150.90179990634687'), 167.6614637073753]",28.70620350433982,"{'center': [0.08175847911720643, Decimal('-1.3961963589880135'), 90.17252088253979], 'radius': 12.0}","{'center': [Decimal('160.56214749855667'), Decimal('110.40016033598343')], 'axes': [165.0170124375577, 165.0170124375577], 'angle': 90.0}",0.8726965213115889,120,8281.920388,2.261332466033741,-1.7089295177249735,"[Decimal('0.47156812470733395'), Decimal('0.30141056788593623')]",pupil.1,1,3d c++,1581666760.9945128,0.47156812470733395,0.30141056788593623
"{'center': [Decimal('-1.2059980398995755'), 6.234316426501571, 81.00099114218514], 'normal': [Decimal('-0.10731304325139848'), 0.6358760654574653, -0.7642941450295538], 'radius': Decimal('1.8623659083609592')}",0.9993250576221194,8720.563009,3.7247318167219183,"{'center': [Decimal('150.79387458211949'), Decimal('167.57004787822243')], 'axes': [20.35357643146002, Decimal('28.513120697491825')], 'angle': -80.3200499930162}","[Decimal('150.79387458211949'), Decimal('167.57004787822243')]",28.513120697491825,"{'center': [0.08175847911720643, Decimal('-1.3961963589880135'), 90.17252088253979], 'radius': 12.0}","{'center': [Decimal('160.56214749855667'), Decimal('110.40016033598343')], 'axes': [165.0170124375577, 165.0170124375577], 'angle': 90.0}",0.8728976643800568,120,8281.920388,2.2599394236364727,-1.7102924424577066,"[0.4712308580691234, Decimal('0.30179146717407324')]",pupil.1,1,3d c++,1581666761.013453,0.4712308580691234,0.30179146717407324
"{'center': [Decimal('-1.1693623091995449'), 6.236494651762762, 80.99773343500478], 'normal': [-0.1042600656930626, 0.6360575842292313, -0.7645656206279174], 'radius': Decimal('1.8765221648619226')}",0.9992113880883464,8720.571409,3.753044329723845,"{'center': [151.0736115217124, Decimal('167.58624651388268')], 'axes': [Decimal('20.518690969784515'), Decimal('28.731052406443425')], 'angle': -80.5946031339793}","[151.0736115217124, Decimal('167.58624651388268')]",28.731052406443425,"{'center': [0.08175847911720643, Decimal('-1.3961963589880135'), 90.17252088253979], 'radius': 12.0}","{'center': [Decimal('160.56214749855667'), Decimal('110.40016033598343')], 'axes': [165.0170124375577, 165.0170124375577], 'angle': 90.0}",0.872912381548574,120,8281.920388,2.2601746379894356,-1.7063254756162367,"[Decimal('0.47210503600535125'), Decimal('0.30172397285882213')]",pupil.1,1,3d c++,1581666761.0184119,0.47210503600535125,0.30172397285882213
"{'center': [Decimal('-1.1406771510442755'), 6.254724921721893, 81.00905785339562], 'normal': [Decimal('-0.10186963584679015'), 0.6375767733924922, -0.7636219190953473], 'radius': 1.87164735716098}",0.9989146915239192,8720.579809,3.74329471432196,"{'center': [Decimal('151.29367491914763'), Decimal('167.71980572254876')], 'axes': [20.43023926163611, Decimal('28.652399871690616')], 'angle': -80.82977478245199}","[Decimal('151.29367491914763'), Decimal('167.71980572254876')]",28.652399871690616,"{'center': [0.08175847911720643, Decimal('-1.3961963589880135'), 90.17252088253979], 'radius': 12.0}","{'center': [Decimal('160.56214749855667'), Decimal('110.40016033598343')], 'axes': [165.0170124375577, 165.0170124375577], 'angle': 90.0}",0.873107108937865,120,8281.920388,2.262145014999885,-1.7034165410983926,"[Decimal('0.47279273412233636'), 0.3011674761560469]",pupil.1,1,3d c++,1581666761.0303428,0.47279273412233636,0.3011674761560469
"{'center': [Decimal('-1.1475144301905542'), 6.266170261951758, 81.01954181118], 'normal': [Decimal('-0.10243940910898006'), 0.638530551744981, -0.762748255946648], 'radius': 1.880040007514689}",0.9994737215878328,8720.588209,3.760080015029378,"{'center': [Decimal('151.24278793403664'), 167.7998782919574], 'axes': [20.48909862522368, 28.77719452992162], 'angle': -80.79295278948773}","[Decimal('151.24278793403664'), 167.7998782919574]",28.77719452992162,"{'center': [0.08175847911720643, Decimal('-1.3961963589880135'), 90.17252088253979], 'radius': 12.0}","{'center': [Decimal('160.56214749855667'), Decimal('110.40016033598343')], 'axes': [165.0170124375577, 165.0170124375577], 'angle': 90.0}",0.8735995907564131,120,8281.920388,2.2633837014600817,-1.7043005058019345,"[0.4726337122938645, Decimal('0.30083384045017747')]",pupil.1,1,3d c++,1581666761.0380552,0.4726337122938645,0.30083384045017747
"{'center': [-1.145266201233976, 6.26167812648937, 81.01548157944167], 'normal': [Decimal('-0.10225205669593186'), 0.6381562071231153, -0.7630866085915095], 'radius': Decimal('1.8736556976496013')}",0.9987457491749251,8720.596609,3.7473113952992025,"{'center': [Decimal('151.25936233546685'), Decimal('167.76892109109667')], 'axes': [Decimal('20.432143294813134'), Decimal('28.680883503585186')], 'angle': -80.80416569701079}","[Decimal('151.25936233546685'), Decimal('167.76892109109667')]",28.680883503585186,"{'center': [0.08175847911720643, Decimal('-1.3961963589880135'), 90.17252088253979], 'radius': 12.0}","{'center': [Decimal('160.56214749855667'), Decimal('110.40016033598343')], 'axes': [165.0170124375577, 165.0170124375577], 'angle': 90.0}",0.8739142911450171,120,8281.920388,2.262897382797476,-1.7040008297079774,"[0.4726855072983339, Decimal('0.30096282878709724')]",pupil.1,1,3d c++,1581666761.0463061,0.4726855072983339,0.30096282878709724
"{'center': [Decimal('-1.1256249759140435'), 6.267073671161296, 81.01738474824161], 'normal': [Decimal('-0.10061528791927082'), 0.6386058358457758, -0.762928011191515], 'radius': Decimal('1.8671407804412592')}",0.9987142090125797,8720.605009,3.7342815608825184,"{'center': [151.4093246357682, Decimal('167.81007543734233')], 'axes': [Decimal('20.355242648175622'), 28.58046302677958], 'angle': -80.95615572451062}","[151.4093246357682, Decimal('167.81007543734233')]",28.58046302677958,"{'center': [0.08175847911720643, Decimal('-1.3961963589880135'), 90.17252088253979], 'radius': 12.0}","{'center': [Decimal('160.56214749855667'), Decimal('110.40016033598343')], 'axes': [165.0170124375577, 165.0170124375577], 'angle': 90.0}",0.8740417496511999,120,8281.920388,2.2634815282547014,-1.7019200808977315,"[Decimal('0.47315413948677565'), 0.3007913523444069]",pupil.1,1,3d c++,1581666761.0542119,0.47315413948677565,0.3007913523444069
"{'center': [Decimal('-1.1231436977133382'), 6.268452194582685, 81.01821188106318], 'normal': [Decimal('-0.10040851473587872'), 0.6387207127975582, -0.7628590834563839], 'radius': Decimal('1.8837573901247802')}",0.999114213141907,8720.613409,3.7675147802495603,"{'center': [Decimal('151.42876685960948'), Decimal('167.81744937879782')], 'axes': [Decimal('20.533896224909057'), 28.83457806769974], 'angle': -80.97617679689174}","[Decimal('151.42876685960948'), Decimal('167.81744937879782')]",28.83457806769974,"{'center': [0.08175847911720643, Decimal('-1.3961963589880135'), 90.17252088253979], 'radius': 12.0}","{'center': [Decimal('160.56214749855667'), Decimal('110.40016033598343')], 'axes': [165.0170124375577, 165.0170124375577], 'angle': 90.0}",0.8742698146135486,120,8281.920388,2.263630818692573,-1.7016653679703286,"[0.4732148964362796, Decimal('0.30076062758834243')]",pupil.1,1,3d c++,1581666761.062211,0.4732148964362796,0.30076062758834243
"{'center': [Decimal('-1.1338782516942725'), 6.28780955616043, 81.03587596032322], 'normal': [Decimal('-0.10130306090095656'), 0.6403338262623702, -0.7613870768513804], 'radius': 1.887894292909245}",0.9983702720555989,8720.621809,3.77578858581849,"{'center': [Decimal('151.34875577780295'), Decimal('167.95448358103684')], 'axes': [20.52356309127914, Decimal('28.891633518591515')], 'angle': -80.9197802161057}","[Decimal('151.34875577780295'), Decimal('167.95448358103684')]",28.891633518591515,"{'center': [0.08175847911720643, Decimal('-1.3961963589880135'), 90.17252088253979], 'radius': 12.0}","{'center': [Decimal('160.56214749855667'), Decimal('110.40016033598343')], 'axes': [165.0170124375577, 165.0170124375577], 'angle': 90.0}",0.8742919630150392,120,8281.920388,2.265729128599206,-1.7030701230852114,"[Decimal('0.47296486180563424'), 0.3001896517456798]",pupil.1,1,3d c++,1581666761.070281,0.47296486180563424,0.3001896517456798
"{'center': [Decimal('-1.1477693491781473'), 6.265874647165113, 81.01932858607212], 'normal': [Decimal('-0.10246065235794614'), 0.6385059171794272, -0.7627660247056384], 'radius': Decimal('1.8948606158371535')}",0.999712488363224,8720.630209,3.789721231674307,"{'center': [Decimal('151.24120173879916'), Decimal('167.79533901264017')], 'axes': [Decimal('20.651360929539255'), 29.00417689290767], 'angle': -80.79070692397435}","[Decimal('151.24120173879916'), Decimal('167.79533901264017')]",29.00417689290767,"{'center': [0.08175847911720643, Decimal('-1.3961963589880135'), 90.17252088253979], 'radius': 12.0}","{'center': [Decimal('160.56214749855667'), Decimal('110.40016033598343')], 'axes': [165.0170124375577, 165.0170124375577], 'angle': 90.0}",0.8747609985783722,120,8281.920388,2.263351692167891,-1.7043247893818192,"[0.4726287554337474, Decimal('0.30085275411399925')]",pupil.1,1,3d c++,1581666761.077777,0.4726287554337474,0.30085275411399925
"{'center': [Decimal('-1.1151426430875568'), 6.279652680974858, 81.02655077437925], 'normal': [-0.09974176018373027, 0.6396540866635726, -0.7621641756800448], 'radius': Decimal('1.8732075459980992')}",0.9983089651885263,8720.638609,3.7464150919961985,"{'center': [Decimal('151.49042147173378'), Decimal('167.89990795297604')], 'axes': [Decimal('20.392922238946756'), Decimal('28.670111634716662')], 'angle': -81.04865463391741}","[Decimal('151.49042147173378'), Decimal('167.89990795297604')]",28.670111634716662,"{'center': [0.08175847911720643, Decimal('-1.3961963589880135'), 90.17252088253979], 'radius': 12.0}","{'center': [Decimal('160.56214749855667'), Decimal('110.40016033598343')], 'axes': [165.0170124375577, 165.0170124375577], 'angle': 90.0}",0.8746871236377962,120,8281.920388,2.2648444885537096,-1.700923338468186,"[0.4734075670991681, Decimal('0.30041705019593323')]",pupil.1,1,3d c++,1581666761.0878124,0.4734075670991681,0.30041705019593323
"{'center': [Decimal('-1.1187152648525884'), 6.278589707781201, 81.02612696912428], 'normal': [Decimal('-0.10003947866414957'), 0.6395655055641012, -0.7621994927846258], 'radius': 1.894461864755534}",0.9990250923941434,8720.647009,3.788923729511068,"{'center': [Decimal('151.46364352110044'), Decimal('167.88859323202973')], 'axes': [Decimal('20.625734822694742'), Decimal('28.995642318589017')], 'angle': -81.02096256519626}","[Decimal('151.46364352110044'), Decimal('167.88859323202973')]",28.995642318589017,"{'center': [0.08175847911720643, Decimal('-1.3961963589880135'), 90.17252088253979], 'radius': 12.0}","{'center': [Decimal('160.56214749855667'), Decimal('110.40016033598343')], 'axes': [165.0170124375577, 165.0170124375577], 'angle': 90.0}",0.8748211305174891,120,8281.920388,2.2647292535749126,-1.7013013855801606,"[0.4733238860034389, Decimal('0.30046419486654274')]",pupil.1,1,3d c++,1581666761.094538,0.4733238860034389,0.30046419486654274
"{'center': [Decimal('-1.1310120447233563'), 6.269734410220541, 81.02032480191492], 'normal': [Decimal('-0.10106421032004688'), 0.6388275641007128, -0.7626830067187383], 'radius': Decimal('1.8695742773011148')}",0.9992107824062597,8720.655409,3.7391485546022296,"{'center': [Decimal('151.36856657613933'), Decimal('167.82832562871687')], 'axes': [Decimal('20.372626480385712'), 28.61668561765325], 'angle': -80.91942421518277}","[Decimal('151.36856657613933'), Decimal('167.82832562871687')]",28.61668561765325,"{'center': [0.08175847911720643, Decimal('-1.3961963589880135'), 90.17252088253979], 'radius': 12.0}","{'center': [Decimal('160.56214749855667'), Decimal('110.40016033598343')], 'axes': [165.0170124375577, 165.0170124375577], 'angle': 90.0}",0.8749962204526951,120,8281.920388,2.2637696958618077,-1.7025402182290756,"[0.4730267705504354, Decimal('0.30071530988034634')]",pupil.1,1,3d c++,1581666761.101706,0.4730267705504354,0.30071530988034634
"{'center': [Decimal('-1.1148135997002362'), 6.2751934969004, 81.02276717333172], 'normal': [-0.09971433990145355, 0.6392824879907011, -0.7624794757673392], 'radius': Decimal('1.9077964630368927')}",0.999064552850154,8720.663809,3.8155929260737853,"{'center': [Decimal('151.49341757242019'), 167.8624001863853], 'axes': [Decimal('20.781647403397066'), 29.20098932309468], 'angle': -81.04584288841883}","[Decimal('151.49341757242019'), 167.8624001863853]",29.20098932309468,"{'center': [0.08175847911720643, Decimal('-1.3961963589880135'), 90.17252088253979], 'radius': 12.0}","{'center': [Decimal('160.56214749855667'), Decimal('110.40016033598343')], 'axes': [165.0170124375577, 165.0170124375577], 'angle': 90.0}",0.8749766037342788,120,8281.920388,2.2643611505753296,-1.700834776306589,"[Decimal('0.47341692991381307'), 0.300573332556728]",pupil.1,1,3d c++,1581666761.113524,0.47341692991381307,0.300573332556728
"{'center': [Decimal('-1.1142007784616836'), 6.269599150871628, 81.01799955943244], 'normal': [-0.0996632714649075, 0.6388162924883034, -0.7628767769256124], 'radius': Decimal('1.9040097501808813')}",0.9987054020486203,8720.672209,3.8080195003617625,"{'center': [Decimal('151.49751629171325'), Decimal('167.82302631451043')], 'axes': [Decimal('20.755467663746483'), Decimal('29.144726474030268')], 'angle': -81.04379493401812}","[Decimal('151.49751629171325'), Decimal('167.82302631451043')]",29.144726474030268,"{'center': [0.08175847911720643, Decimal('-1.3961963589880135'), 90.17252088253979], 'radius': 12.0}","{'center': [Decimal('160.56214749855667'), Decimal('110.40016033598343')], 'axes': [165.0170124375577, 165.0170124375577], 'angle': 90.0}",0.8750812897058813,120,8281.920388,2.2637550451246877,-1.700701995429762,"[0.4734297384116039, 0.3007373903562065]",pupil.1,1,3d c++,1581666761.123331,0.4734297384116039,0.3007373903562065
"{'center': [Decimal('-1.1125670907940695'), 6.262614510203959, 81.01194216157444], 'normal': [-0.09952713082593966, 0.6382342390993311, -0.7633815600804452], 'radius': Decimal('1.8903562124898732')}",0.9988054718837942,8720.680609,3.7807124249797464,"{'center': [Decimal('151.50902930420608'), Decimal('167.77537322573656')], 'axes': [Decimal('20.625603848157805'), Decimal('28.937841619277595')], 'angle': -81.04767669344423}","[Decimal('151.50902930420608'), Decimal('167.77537322573656')]",28.937841619277595,"{'center': [0.08175847911720643, Decimal('-1.3961963589880135'), 90.17252088253979], 'radius': 12.0}","{'center': [Decimal('160.56214749855667'), Decimal('110.40016033598343')], 'axes': [165.0170124375577, 165.0170124375577], 'angle': 90.0}",0.8751797974151376,120,8281.920388,2.2629987395367652,-1.7004417038465427,"[0.473465716575644, 0.3009359448927643]",pupil.1,1,3d c++,1581666761.130922,0.473465716575644,0.3009359448927643
"{'center': [Decimal('-1.1086539671343525'), 6.259317274144473, 81.00867729915558], 'normal': [-0.0992010371876299, 0.6379594694277072, -0.7636536319486845], 'radius': 1.877329009463643}",0.9985402445474435,8720.689009,3.754658018927286,"{'center': [Decimal('151.53824585947672'), Decimal('167.75416396477198')], 'axes': [20.4936068388163, 28.73952947936611], 'angle': -81.07282919514728}","[Decimal('151.53824585947672'), Decimal('167.75416396477198')]",28.73952947936611,"{'center': [0.08175847911720643, Decimal('-1.3961963589880135'), 90.17252088253979], 'radius': 12.0}","{'center': [Decimal('160.56214749855667'), Decimal('110.40016033598343')], 'axes': [165.0170124375577, 165.0170124375577], 'angle': 90.0}",0.8751210934629383,120,8281.920388,2.2626418754583053,-1.6999761212780662,"[0.4735570183108647, 0.3010243168134501]",pupil.1,1,3d c++,1581666761.138575,0.4735570183108647,0.3010243168134501
"{'center': [Decimal('-1.1200170664062485'), 6.284491302751987, 81.0312533237722], 'normal': [Decimal('-0.10014796212695457'), 0.640057305145, -0.7617722965639655], 'radius': Decimal('1.9024267331801294')}",0.9993623804646936,8720.697409,3.804853466360259,"{'center': [Decimal('151.45443119364694'), 167.9294210232306], 'axes': [Decimal('20.696284649318276'), Decimal('29.115739277869558')], 'angle': -81.01829220501001}","[Decimal('151.45443119364694'), 167.9294210232306]",29.115739277869558,"{'center': [0.08175847911720643, Decimal('-1.3961963589880135'), 90.17252088253979], 'radius': 12.0}","{'center': [Decimal('160.56214749855667'), Decimal('110.40016033598343')], 'axes': [165.0170124375577, 165.0170124375577], 'angle': 90.0}",0.8752989496928709,120,8281.920388,2.2653691744053397,-1.7015137353518124,"[0.4732950974801467, 0.3002940790698726]",pupil.1,1,3d c++,1581666761.146227,0.4732950974801467,0.3002940790698726
"{'center': [Decimal('-1.1082862225176884'), 6.284369036026051, 81.0296160475859], 'normal': [-0.09917039180290789, 0.640047116251172, -0.7619087362461572], 'radius': Decimal('1.8792399757003968')}",0.9984248027043565,8720.705809,3.7584799514007936,"{'center': [Decimal('151.54321121968178'), 167.9331882397832], 'axes': [Decimal('20.449082787883132'), Decimal('28.761374957236054')], 'angle': -81.10491501165392}","[Decimal('151.54321121968178'), 167.9331882397832]",28.761374957236054,"{'center': [0.08175847911720643, Decimal('-1.3961963589880135'), 90.17252088253979], 'radius': 12.0}","{'center': [Decimal('160.56214749855667'), Decimal('110.40016033598343')], 'axes': [165.0170124375577, 165.0170124375577], 'angle': 90.0}",0.874998221015133,120,8281.920388,2.2653559133390964,-1.7002291211759053,"[Decimal('0.47357253506150554'), Decimal('0.30027838233423665')]",pupil.1,1,3d c++,1581666761.154834,0.47357253506150554,0.30027838233423665
"{'center': [Decimal('-1.0860084443575304'), Decimal('6.2649050150633405'), 81.01043344850234], 'normal': [-0.09731391028956139, 0.6384251145042795, -0.7635072861697868], 'radius': 1.871559649180111}",0.9979583587948615,8720.714209,3.743119298360222,"{'center': [151.7111552762295, Decimal('167.79675518021313')], 'axes': [Decimal('20.425224014485664'), Decimal('28.650566628225107')], 'angle': -81.24742488424955}","[151.7111552762295, Decimal('167.79675518021313')]",28.650566628225107,"{'center': [0.08175847911720643, Decimal('-1.3961963589880135'), 90.17252088253979], 'radius': 12.0}","{'center': [Decimal('160.56214749855667'), Decimal('110.40016033598343')], 'axes': [165.0170124375577, 165.0170124375577], 'angle': 90.0}",0.8746886835252377,120,8281.920388,2.263246705966279,-1.697569220933332,"[0.4740973602382172, Decimal('0.30084685341577866')]",pupil.1,1,3d c++,1581666761.1634474,0.4740973602382172,0.30084685341577866
"{'center': [Decimal('-1.0894882685081229'), 6.285596422023688, 81.02821988542833], 'normal': [-0.09760389563544411, 0.6401493984176417, -0.7620250830926214], 'radius': Decimal('1.8975769188324105')}",0.998635207090735,8720.722609,3.795153837664821,"{'center': [151.6869900081278, 167.9403711053958], 'axes': [Decimal('20.653185886215095'), 29.04257976361619], 'angle': -81.24545015335747}","[151.6869900081278, 167.9403711053958]",29.04257976361619,"{'center': [0.08175847911720643, Decimal('-1.3961963589880135'), 90.17252088253979], 'radius': 12.0}","{'center': [Decimal('160.56214749855667'), Decimal('110.40016033598343')], 'axes': [165.0170124375577, 165.0170124375577], 'angle': 90.0}",0.8746996947207708,120,8281.920388,2.26548904244369,-1.6981875850818406,"[Decimal('0.47402184377539935'), 0.3002484537275175]",pupil.1,1,3d c++,1581666761.1698592,0.47402184377539935,0.3002484537275175
"{'center': [Decimal('-1.0940820364318178'), 6.269472989913004, 81.01528808461919], 'normal': [-0.09798670962908534, 0.6388057790750848, -0.7631027331600504], 'radius': Decimal('1.8921776578134042')}",0.9989603600709447,8720.731009,3.7843553156268084,"{'center': [Decimal('151.65051188539317'), Decimal('167.82553258879366')], 'axes': [20.63503731832987, 28.96453599487851], 'angle': -81.19279814835686}","[Decimal('151.65051188539317'), Decimal('167.82553258879366')]",28.96453599487851,"{'center': [0.08175847911720643, Decimal('-1.3961963589880135'), 90.17252088253979], 'radius': 12.0}","{'center': [Decimal('160.56214749855667'), Decimal('110.40016033598343')], 'axes': [165.0170124375577, 165.0170124375577], 'angle': 90.0}",0.8748704480266767,120,8281.920388,2.2637413800484767,-1.6985031684541785,"[0.4739078496418537, Decimal('0.30072694754669305')]",pupil.1,1,3d c++,1581666761.1778688,0.4739078496418537,0.30072694754669305
"{'center': [Decimal('-1.0888271517722652'), 6.264762108400185, 81.01067365385778], 'normal': [-0.09754880257412263, 0.6384132056156832, -0.7634872690568341], 'radius': Decimal('1.8883107852222423')}",0.9988079346034093,8720.739409,3.7766215704444845,"{'center': [Decimal('151.69007109380374'), Decimal('167.79281843887185')], 'axes': [Decimal('20.607354365429337'), 28.90697218218322], 'angle': -81.22633586526163}","[Decimal('151.69007109380374'), Decimal('167.79281843887185')]",28.90697218218322,"{'center': [0.08175847911720643, Decimal('-1.3961963589880135'), 90.17252088253979], 'radius': 12.0}","{'center': [Decimal('160.56214749855667'), Decimal('110.40016033598343')], 'axes': [165.0170124375577, 165.0170124375577], 'angle': 90.0}",0.8748160343892364,120,8281.920388,2.263231233625616,-1.6978752362913974,"[0.4740314721681367, 0.3008632565047006]",pupil.1,1,3d c++,1581666761.187526,0.4740314721681367,0.3008632565047006
"{'center': [Decimal('-1.1048619469422016'), 6.263503509310282, 81.01168413625675], 'normal': [-0.09888503550495066, 0.6383083223581912, -0.7634030621902534], 'radius': Decimal('1.8794471675703266')}",0.9987018752001493,8720.747809,3.758894335140653,"{'center': [Decimal('151.56754892832535'), Decimal('167.78407423225798')], 'axes': [20.50735959792416, 28.77089749920292], 'angle': -81.10588029537223}","[Decimal('151.56754892832535'), Decimal('167.78407423225798')]",28.77089749920292,"{'center': [0.08175847911720643, Decimal('-1.3961963589880135'), 90.17252088253979], 'radius': 12.0}","{'center': [Decimal('160.56214749855667'), Decimal('110.40016033598343')], 'axes': [165.0170124375577, 165.0170124375577], 'angle': 90.0}",0.8752473301770203,120,8281.920388,2.2630949751181784,-1.6996109652161955,"[0.4736485904010167, 0.3008996906989251]",pupil.1,1,3d c++,1581666761.1990519,0.4736485904010167,0.3008996906989251
"{'center': [Decimal('-1.1069514739115627'), 6.253879081848322, 81.00391605971734], 'normal': [-0.09905916275239741, 0.6375062867363613, -0.7640504019018707], 'radius': Decimal('1.9188252471551188')}",0.9990099395267154,8720.756209,3.8376504943102376,"{'center': [Decimal('151.55180558981965'), 167.7085702755835], 'axes': [Decimal('20.962003348869946'), 29.37665324445609], 'angle': -81.07907229796325}","[Decimal('151.55180558981965'), 167.7085702755835]",29.37665324445609,"{'center': [0.08175847911720643, Decimal('-1.3961963589880135'), 90.17252088253979], 'radius': 12.0}","{'center': [Decimal('160.56214749855667'), Decimal('110.40016033598343')], 'axes': [165.0170124375577, 165.0170124375577], 'angle': 90.0}",0.8756248116167487,120,8281.920388,2.262053523315999,-1.6997271683823472,"[0.4735993924681864, 0.3012142905184021]",pupil.1,1,3d c++,1581666761.2065618,0.4735993924681864,0.3012142905184021
"{'center': [-1.115109642530834, 6.266931849421011, 81.01588543272152], 'normal': [-0.0997390101373367, 0.6385940173674187, -0.7630529541515223], 'radius': Decimal('1.8901681413721991')}",0.9993181493074357,8720.764608,3.7803362827443983,"{'center': [Decimal('151.49001590240218'), Decimal('167.80612389142325')], 'axes': [Decimal('20.611150468799742'), Decimal('28.933557396092127')], 'angle': -81.03391485853346}","[Decimal('151.49001590240218'), Decimal('167.80612389142325')]",28.933557396092127,"{'center': [0.08175847911720643, Decimal('-1.3961963589880135'), 90.17252088253979], 'radius': 12.0}","{'center': [Decimal('160.56214749855667'), Decimal('110.40016033598343')], 'axes': [165.0170124375577, 165.0170124375577], 'angle': 90.0}",0.8758379709209896,120,8281.920388,2.263466170384935,-1.7007699297067953,"[0.4734062996950068, 0.3008078171190698]",pupil.1,1,3d c++,1581666761.2145634,0.4734062996950068,0.3008078171190698
"{'center': [Decimal('-1.1064527213792938'), 6.283592871989019, 81.02872563599233], 'normal': [-0.09901760004137501, 0.6399824359147527, -0.761982937212288], 'radius': Decimal('1.8790228655685974')}",0.9993991214501748,8720.773008,3.758045731137195,"{'center': [151.557109680238, Decimal('167.92780594430053')], 'axes': [Decimal('20.449506035200287'), 28.75836644716592], 'angle': -81.11757479776088}","[151.557109680238, Decimal('167.92780594430053')]",28.75836644716592,"{'center': [0.08175847911720643, Decimal('-1.3961963589880135'), 90.17252088253979], 'radius': 12.0}","{'center': [Decimal('160.56214749855667'), Decimal('110.40016033598343')], 'axes': [165.0170124375577, 165.0170124375577], 'angle': 90.0}",0.8762695189030723,120,8281.920388,2.2652717338951645,-1.7000194736768508,"[Decimal('0.47361596775074377'), 0.3003008085654144]",pupil.1,1,3d c++,1581666761.222018,0.47361596775074377,0.3003008085654144
"{'center': [Decimal('-1.1217221199986975'), 6.279899803075815, 81.02762163988541], 'normal': [Decimal('-0.10029004992632531'), 0.6396746801719857, -0.7620749368878647], 'radius': Decimal('1.8838496414612376')}",0.99856739749382,8720.781408,3.767699282922475,"{'center': [Decimal('151.44057980473482'), 167.8994666056297], 'axes': [20.50545254830498, 28.83265001436668], 'angle': -81.00026121500183}","[Decimal('151.44057980473482'), 167.8994666056297]",28.83265001436668,"{'center': [0.08175847911720643, Decimal('-1.3961963589880135'), 90.17252088253979], 'radius': 12.0}","{'center': [Decimal('160.56214749855667'), Decimal('110.40016033598343')], 'axes': [165.0170124375577, 165.0170124375577], 'angle': 90.0}",0.8763724394587835,120,8281.920388,2.264871280191581,-1.7016456918512157,"[0.4732518118897963, 0.3004188891432096]",pupil.1,1,3d c++,1581666761.229683,0.4732518118897963,0.3004188891432096
"{'center': [Decimal('-1.1139396232245655'), 6.260001852451073, 81.00993745889701], 'normal': [-0.09964150852848098, 0.6380165176199238, -0.7635486186368973], 'radius': Decimal('1.8732339495777994')}",0.9992787957355422,8720.789808,3.746467899155599,"{'center': [Decimal('151.49792063607595'), Decimal('167.75933615250509')], 'axes': [20.44493739888954, Decimal('28.676380809190196')], 'angle': -81.03441294755952}","[Decimal('151.49792063607595'), Decimal('167.75933615250509')]",28.676380809190196,"{'center': [0.08175847911720643, Decimal('-1.3961963589880135'), 90.17252088253979], 'radius': 12.0}","{'center': [Decimal('160.56214749855667'), Decimal('110.40016033598343')], 'axes': [165.0170124375577, 165.0170124375577], 'angle': 90.0}",0.8767584415518836,120,8281.920388,2.262715959564012,-1.7005609471841239,"[Decimal('0.47343100198773735'), 0.3010027660312288]",pupil.1,1,3d c++,1581666761.238294,0.47343100198773735,0.3010027660312288
"{'center': [Decimal('-1.0877244246385545'), 6.271751719387227, 81.01638184880048], 'normal': [-0.0974569086463134, 0.6389956731979367, -0.7630115861449417], 'radius': Decimal('1.8603389527853433')}",0.9978330119265635,8720.798208,3.7206779055706867,"{'center': [Decimal('151.69837212481346'), 167.8474454288757], 'axes': [Decimal('20.284310573833842'), Decimal('28.476672225660465')], 'angle': -81.24258422091413}","[Decimal('151.69837212481346'), 167.8474454288757]",28.476672225660465,"{'center': [0.08175847911720643, Decimal('-1.3961963589880135'), 90.17252088253979], 'radius': 12.0}","{'center': [Decimal('160.56214749855667'), Decimal('110.40016033598343')], 'axes': [165.0170124375577, 165.0170124375577], 'angle': 90.0}",0.8767549067317137,120,8281.920388,2.2639882236621807,-1.6978351091277821,"[Decimal('0.47405741289004205'), Decimal('0.30063564404635135')]",pupil.1,1,3d c++,1581666761.2469301,0.47405741289004205,0.30063564404635135
"{'center': [Decimal('-1.0831444468318991'), 6.290572893414008, 81.03159206575961], 'normal': [-0.09707524382909212, 0.6405641043668351, -0.761744068065014], 'radius': 1.882932085443099}",0.9985733570932951,8720.806608,3.765864170886198,"{'center': [151.7353793195366, Decimal('167.97881406893674')], 'axes': [Decimal('20.483196437079496'), Decimal('28.817191513288098')], 'angle': -81.29810697258884}","[151.7353793195366, Decimal('167.97881406893674')]",28.817191513288098,"{'center': [0.08175847911720643, Decimal('-1.3961963589880135'), 90.17252088253979], 'radius': 12.0}","{'center': [Decimal('160.56214749855667'), Decimal('110.40016033598343')], 'axes': [165.0170124375577, 165.0170124375577], 'angle': 90.0}",0.8768714219248741,120,8281.920388,2.2660289695991294,-1.6975512223840812,"[0.4741730603735519, Decimal('0.30008827471276356')]",pupil.1,1,3d c++,1581666761.25623,0.4741730603735519,0.30008827471276356
"{'center': [Decimal('-1.1138037437024442'), 6.275422296380359, 81.02282699815379], 'normal': [-0.09963018523497089, 0.639301554614031, -0.7624744903654997], 'radius': Decimal('1.9035199361272732')}",0.9999348887354772,8720.815008,3.8070398722545464,"{'center': [151.5010228162367, 167.8648132499441], 'axes': [Decimal('20.734856545402803'), 29.1354955314688], 'angle': -81.05359014948671}","[151.5010228162367, 167.8648132499441]",29.1354955314688,"{'center': [0.08175847911720643, Decimal('-1.3961963589880135'), 90.17252088253979], 'radius': 12.0}","{'center': [Decimal('160.56214749855667'), Decimal('110.40016033598343')], 'axes': [165.0170124375577, 165.0170124375577], 'angle': 90.0}",0.8775641369959897,120,8281.920388,2.2643859457829993,-1.7007271008878713,"[0.4734406963007397, 0.300563278125233]",pupil.1,1,3d c++,1581666761.2620976,0.4734406963007397,0.300563278125233
"{'center': [Decimal('-1.1132159151425887'), 6.274198432354319, 81.02172419908037], 'normal': [-0.09958119952164958, 0.6391995659451943, -0.7625663902882847], 'radius': Decimal('1.8896752753342887')}",0.9992491593963737,8720.823408,3.7793505506685774,"{'center': [151.5050494180013, 167.8583560121611], 'axes': [Decimal('20.587444369756085'), 28.92393174953975], 'angle': -81.05650488293921}","[151.5050494180013, 167.8583560121611]",28.92393174953975,"{'center': [0.08175847911720643, Decimal('-1.3961963589880135'), 90.17252088253979], 'radius': 12.0}","{'center': [Decimal('160.56214749855667'), Decimal('110.40016033598343')], 'axes': [165.0170124375577, 165.0170124375577], 'angle': 90.0}",0.877716055010147,120,8281.920388,2.264253320470159,-1.7006484576515424,"[0.4734532794312541, Decimal('0.30059018328266207')]",pupil.1,1,3d c++,1581666761.270674,0.4734532794312541,0.30059018328266207
"{'center': [Decimal('-1.0917041410258397'), Decimal('6.2813030064438555'), 81.02489884329263], 'normal': [-0.09778855167858716, 0.639791613785989, -0.7623018366039296], 'radius': Decimal('1.8897135061250467')}",0.9987674047174214,8720.831808,3.7794270122500935,"{'center': [Decimal('151.66955559025936'), Decimal('167.91077192090432')], 'axes': [20.57797952028027, 28.92338469684334], 'angle': -81.22409911889184}","[Decimal('151.66955559025936'), Decimal('167.91077192090432')]",28.92338469684334,"{'center': [0.08175847911720643, Decimal('-1.3961963589880135'), 90.17252088253979], 'radius': 12.0}","{'center': [Decimal('160.56214749855667'), Decimal('110.40016033598343')], 'axes': [165.0170124375577, 165.0170124375577], 'angle': 90.0}",0.8778685560035471,120,8281.920388,2.2650234192179917,-1.6983801546303596,"[0.4739673612195605, Decimal('0.30037178366289863')]",pupil.1,1,3d c++,1581666761.282518,0.4739673612195605,0.30037178366289863
"{'center': [Decimal('-1.0870158410638515'), 6.283314845920189, 81.02598742760864], 'normal': [-0.09739786001508816, 0.6399592670756835, -0.7622111212442622], 'radius': Decimal('1.8638840522441902')}",0.9976676313278495,8720.840208,3.7277681044883804,"{'center': [Decimal('151.70481704510414'), Decimal('167.92967857514648')], 'axes': [20.29323199614854, Decimal('28.527575870398994')], 'angle': -81.26113617995567}","[Decimal('151.70481704510414'), Decimal('167.92967857514648')]",28.527575870398994,"{'center': [0.08175847911720643, Decimal('-1.3961963589880135'), 90.17252088253979], 'radius': 12.0}","{'center': [Decimal('160.56214749855667'), Decimal('110.40016033598343')], 'axes': [165.0170124375577, 165.0170124375577], 'angle': 90.0}",0.8777522082935252,120,8281.920388,2.265241581808215,-1.6978908659007506,"[0.4740775532659504, 0.3002930059368897]",pupil.1,1,3d c++,1581666761.2901,0.4740775532659504,0.3002930059368897
"{'center': [-1.09443279519933, 6.280246262303847, 81.02436244664486], 'normal': [-0.09801593952637802, 0.6397035517743217, -0.7623465363245767], 'radius': Decimal('1.8559995547174926')}",0.998618410591907,8720.848608,3.711999109434985,"{'center': [Decimal('151.64785231374267'), Decimal('167.90844272179962')], 'axes': [Decimal('20.212333043022287'), Decimal('28.407442494474523')], 'angle': -81.20267133667143}","[Decimal('151.64785231374267'), Decimal('167.90844272179962')]",28.407442494474523,"{'center': [0.08175847911720643, Decimal('-1.3961963589880135'), 90.17252088253979], 'radius': 12.0}","{'center': [Decimal('160.56214749855667'), Decimal('110.40016033598343')], 'axes': [165.0170124375577, 165.0170124375577], 'angle': 90.0}",0.8777724544025256,120,8281.920388,2.264908842427829,-1.6986661889442467,"[Decimal('0.47389953848044586'), Decimal('0.30038148865916825')]",pupil.1,1,3d c++,1581666761.299219,0.47389953848044586,0.30038148865916825
"{'center': [Decimal('-1.1081965796160178'), 6.312618133595445, 81.05340984707529], 'normal': [-0.09916292156110201, 0.6424012077152882, -0.7599259196220418], 'radius': 1.874437674537991}",0.9980195222207154,8720.857008,3.748875349075982,"{'center': [Decimal('151.54617377011402'), Decimal('168.13597208105102')], 'axes': [20.32275162658219, 28.67945955707213], 'angle': -81.13845068948513}","[Decimal('151.54617377011402'), Decimal('168.13597208105102')]",28.67945955707213,"{'center': [0.08175847911720643, Decimal('-1.3961963589880135'), 90.17252088253979], 'radius': 12.0}","{'center': [Decimal('160.56214749855667'), Decimal('110.40016033598343')], 'axes': [165.0170124375577, 165.0170124375577], 'angle': 90.0}",0.877655854310877,120,8281.920388,2.268423722322872,-1.7005534008977194,"[0.4735817930316063, Decimal('0.29943344966228735')]",pupil.1,1,3d c++,1581666761.30574,0.4735817930316063,0.29943344966228735
"{'center': [Decimal('-1.0846051562781651'), Decimal('6.2773608687406615'), 81.02068416290803], 'normal': [-0.09719696961628096, 0.6394631023107229, -0.7626530599693138], 'radius': Decimal('1.8485019876767528')}",0.99874299635628,8720.865408,3.6970039753535056,"{'center': [Decimal('151.72232400450403'), 167.8897055057223], 'axes': [20.14198358945588, Decimal('28.293942142637217')], 'angle': -81.27216216823065}","[Decimal('151.72232400450403'), 167.8897055057223]",28.293942142637217,"{'center': [0.08175847911720643, Decimal('-1.3961963589880135'), 90.17252088253979], 'radius': 12.0}","{'center': [Decimal('160.56214749855667'), Decimal('110.40016033598343')], 'axes': [165.0170124375577, 165.0170124375577], 'angle': 90.0}",0.8779036572891141,120,8281.920388,2.2645960511496956,-1.6975588162582274,"[0.4741322625140751, Decimal('0.30045956039282373')]",pupil.1,1,3d c++,1581666761.313552,0.4741322625140751,0.30045956039282373
"{'center': [-1.111812160969091, 6.286836059717062, 81.03214879053769], 'normal': [-0.09946422000719145, 0.6402527015587562, -0.7616976743335083], 'radius': Decimal('1.8665106065146144')}",0.9984730964684884,8720.873808,3.733021213029229,"{'center': [151.5162417295889, Decimal('167.95262562410457')], 'axes': [20.30263846761928, Decimal('28.565620736673473')], 'angle': -81.08172071191781}","[151.5162417295889, Decimal('167.95262562410457')]",28.565620736673473,"{'center': [0.08175847911720643, Decimal('-1.3961963589880135'), 90.17252088253979], 'radius': 12.0}","{'center': [Decimal('160.56214749855667'), Decimal('110.40016033598343')], 'axes': [165.0170124375577, 165.0170124375577], 'angle': 90.0}",0.8778279491499008,120,8281.920388,2.265623515426915,-1.7006438924884202,"[0.4734882554049653, 0.3001973932328976]",pupil.1,1,3d c++,1581666761.3227134,0.4734882554049653,0.3001973932328976
"{'center': [Decimal('-1.1013000959749255'), Decimal('6.2806660281382465'), 81.02560029159623], 'normal': [-0.09858821459101098, 0.6397385322605217, -0.762243382578629], 'radius': Decimal('1.8660551256850826')}",0.9995864594581976,8720.882208,3.732110251370165,"{'center': [Decimal('151.59580367918466'), Decimal('167.90933287717297')], 'axes': [20.31802426166258, 28.56094987349681], 'angle': -81.15230486116572}","[Decimal('151.59580367918466'), Decimal('167.90933287717297')]",28.56094987349681,"{'center': [0.08175847911720643, Decimal('-1.3961963589880135'), 90.17252088253979], 'radius': 12.0}","{'center': [Decimal('160.56214749855667'), Decimal('110.40016033598343')], 'axes': [165.0170124375577, 165.0170124375577], 'angle': 90.0}",0.8780413069886861,120,8281.920388,2.2649543539548853,-1.6994218002640717,"[Decimal('0.47373688649745205'), 0.3003777796784459]",pupil.1,1,3d c++,1581666761.330545,0.47373688649745205,0.3003777796784459
"{'center': [Decimal('-1.0938977050797716'), 6.287194454672121, 81.03012851833213], 'normal': [-0.0979713486830815, 0.6402825678050111, -0.761866030350638], 'radius': 1.885525505877237}",0.9982865847239963,8720.890608,3.771051011754474,"{'center': [Decimal('151.65323058800786'), Decimal('167.95344271782454')], 'axes': [20.51596290385424, 28.85741217222951], 'angle': -81.21465560987835}","[Decimal('151.65323058800786'), Decimal('167.95344271782454')]",28.85741217222951,"{'center': [0.08175847911720643, Decimal('-1.3961963589880135'), 90.17252088253979], 'radius': 12.0}","{'center': [Decimal('160.56214749855667'), Decimal('110.40016033598343')], 'axes': [165.0170124375577, 165.0170124375577], 'angle': 90.0}",0.8781355093879339,120,8281.920388,2.265662396077856,-1.6986883830106894,"[Decimal('0.47391634558752455'), 0.3001939886757311]",pupil.1,1,3d c++,1581666761.3402274,0.47391634558752455,0.3001939886757311
"{'center': [Decimal('-1.0812483253686802'), 6.296552887958117, 81.03638251907739], 'normal': [-0.09691723370715721, 0.6410624372455108, -0.761344863621866], 'radius': 1.861346272919306}",0.9987470479470119,8720.899008,3.722692545838612,"{'center': [Decimal('151.74980048263302'), Decimal('168.02519982619242')], 'axes': [20.23347129085884, Decimal('28.485079442996316')], 'angle': -81.31895488514364}","[Decimal('151.74980048263302'), Decimal('168.02519982619242')]",28.485079442996316,"{'center': [0.08175847911720643, Decimal('-1.3961963589880135'), 90.17252088253979], 'radius': 12.0}","{'center': [Decimal('160.56214749855667'), Decimal('110.40016033598343')], 'axes': [165.0170124375577, 165.0170124375577], 'angle': 90.0}",0.8783148729580526,120,8281.920388,2.266678096853777,-1.697412749034228,"[0.4742181265082282, 0.2998950007241983]",pupil.1,1,3d c++,1581666761.346176,0.4742181265082282,0.2998950007241983
"{'center': [Decimal('-1.1066855982335155'), 6.279027195197223, 81.02492316137331], 'normal': [-0.09903700644589349, 0.6396019628487697, -0.7622998100972065], 'radius': Decimal('1.8665982970047081')}",0.9991474107199297,8720.907408,3.7331965940094163,"{'center': [Decimal('151.55464288869274'), Decimal('167.89712201781253')], 'axes': [20.32601956551002, 28.56950388755521], 'angle': -81.11052203855996}","[Decimal('151.55464288869274'), Decimal('167.89712201781253')]",28.56950388755521,"{'center': [0.08175847911720643, Decimal('-1.3961963589880135'), 90.17252088253979], 'radius': 12.0}","{'center': [Decimal('160.56214749855667'), Decimal('110.40016033598343')], 'axes': [165.0170124375577, 165.0170124375577], 'angle': 90.0}",0.8788221902238491,120,8281.920388,2.264776679447209,-1.699991389027431,"[0.4736082590271648, Decimal('0.30042865825911447')]",pupil.1,1,3d c++,1581666761.355943,0.4736082590271648,0.30042865825911447
"{'center': [Decimal('-1.0752005856797078'), 6.286487384081801, 81.02714958191153], 'normal': [-0.09641325539974285, 0.6402236452558179, -0.762114275052355], 'radius': 1.891825958659116}",0.9996311389624506,8720.915808,3.783651917318232,"{'center': [Decimal('151.79578661377752'), Decimal('167.94871684906883')], 'axes': [Decimal('20.593983953397853'), Decimal('28.954920917064065')], 'angle': -81.35226079975342}","[Decimal('151.79578661377752'), Decimal('167.94871684906883')]",28.954920917064065,"{'center': [0.08175847911720643, Decimal('-1.3961963589880135'), 90.17252088253979], 'radius': 12.0}","{'center': [Decimal('160.56214749855667'), Decimal('110.40016033598343')], 'axes': [165.0170124375577, 165.0170124375577], 'angle': 90.0}",0.8793788324096496,120,8281.920388,2.265585690390261,-1.6966354607582073,"[Decimal('0.47436183316805475'), 0.3002136797955466]",pupil.1,1,3d c++,1581666761.366987,0.47436183316805475,0.3002136797955466
"{'center': [-1.105417598267389, 6.277008315150584, 81.02306499762163], 'normal': [-0.09893133978204961, 0.6394337228448831, -0.7624546570765124], 'radius': Decimal('1.8945763726431273')}",0.9997008240318894,8720.924208,3.7891527452862546,"{'center': [Decimal('151.56482755405844'), Decimal('167.87824367096448')], 'axes': [Decimal('20.636675531612653'), 28.99848717668927], 'angle': -81.11755251019254}","[Decimal('151.56482755405844'), Decimal('167.87824367096448')]",28.99848717668927,"{'center': [0.08175847911720643, Decimal('-1.3961963589880135'), 90.17252088253979], 'radius': 12.0}","{'center': [Decimal('160.56214749855667'), Decimal('110.40016033598343')], 'axes': [165.0170124375577, 165.0170124375577], 'angle': 90.0}",0.8796240856719706,120,8281.920388,2.2645578381340847,-1.699829151268115,"[0.4736400861064326, Decimal('0.30050731803764796')]",pupil.1,1,3d c++,1581666761.376873,0.4736400861064326,0.30050731803764796
"{'center': [Decimal('-1.0794287283218205'), 6.277667614042178, 81.02028312378869], 'normal': [-0.0967656006199189, 0.6394886644191826, -0.7626864798959245], 'radius': Decimal('1.8589517965956994')}",0.9993536259128405,8720.932608,3.717903593191399,"{'center': [Decimal('151.76204872005073'), Decimal('167.89060842821823')], 'axes': [20.2571576783737, Decimal('28.454066465240604')], 'angle': -81.31088386858636}","[Decimal('151.76204872005073'), Decimal('167.89060842821823')]",28.454066465240604,"{'center': [0.08175847911720643, Decimal('-1.3961963589880135'), 90.17252088253979], 'radius': 12.0}","{'center': [Decimal('160.56214749855667'), Decimal('110.40016033598343')], 'axes': [165.0170124375577, 165.0170124375577], 'angle': 90.0}",0.8798176758444076,120,8281.920388,2.2646293000278397,-1.6969967290534258,"[0.4742564022501585, 0.3004557982157574]",pupil.1,1,3d c++,1581666761.382887,0.4742564022501585,0.3004557982157574
"{'center': [Decimal('-1.0680856445570377'), 6.27662154223107, 81.01797425553615], 'normal': [-0.09582034363952033, 0.639401491768257, -0.7628788855836369], 'radius': Decimal('1.8651713781295234')}",0.9987328764688671,8720.941008,3.7303427562590468,"{'center': [151.848557842744, Decimal('167.88293968989115')], 'axes': [20.33216365751562, 28.55009826714145], 'angle': -81.39380752819471}","[151.848557842744, Decimal('167.88293968989115')]",28.55009826714145,"{'center': [0.08175847911720643, Decimal('-1.3961963589880135'), 90.17252088253979], 'radius': 12.0}","{'center': [Decimal('160.56214749855667'), Decimal('110.40016033598343')], 'axes': [165.0170124375577, 165.0170124375577], 'angle': 90.0}",0.8797321330032082,120,8281.920388,2.2645159175083016,-1.6957456029019524,"[Decimal('0.47452674325857497'), Decimal('0.30048775129212024')]",pupil.1,1,3d c++,1581666761.3910751,0.47452674325857497,0.30048775129212024
"{'center': [Decimal('-1.1068309901850142'), 6.278912805735271, 81.02484607507945], 'normal': [-0.09904912244185171, 0.639592430393607, -0.7623062339550281], 'radius': Decimal('1.8796438769055532')}",0.9994419290123387,8720.949408,3.7592877538111065,"{'center': [Decimal('151.55384761139132'), Decimal('167.89419129192783')], 'axes': [20.46838129480007, Decimal('28.769247175709964')], 'angle': -81.10931140701507}","[Decimal('151.55384761139132'), Decimal('167.89419129192783')]",28.769247175709964,"{'center': [0.08175847911720643, Decimal('-1.3961963589880135'), 90.17252088253979], 'radius': 12.0}","{'center': [Decimal('160.56214749855667'), Decimal('110.40016033598343')], 'axes': [165.0170124375577, 165.0170124375577], 'angle': 90.0}",0.8800251512170898,120,8281.920388,2.264764278864098,-1.7000059424159384,"[Decimal('0.47360577378559787'), Decimal('0.30044086961696737')]",pupil.1,1,3d c++,1581666761.3981118,0.47360577378559787,0.30044086961696737
"{'center': [-1.078790594674088, 6.272926880292716, 81.0162293522287], 'normal': [-0.0967124228159412, 0.6390936032733942, -0.76302429419259], 'radius': Decimal('1.8578664418276878')}",0.9994849461674302,8720.957808,3.7157328836553756,"{'center': [Decimal('151.76649577090348'), 167.8568984437944], 'axes': [Decimal('20.257845093710156'), Decimal('28.438869191696092')], 'angle': -81.31019691165156}","[Decimal('151.76649577090348'), 167.8568984437944]",28.438869191696092,"{'center': [0.08175847911720643, Decimal('-1.3961963589880135'), 90.17252088253979], 'radius': 12.0}","{'center': [Decimal('160.56214749855667'), Decimal('110.40016033598343')], 'axes': [165.0170124375577, 165.0170124375577], 'angle': 90.0}",0.8802928796804554,120,8281.920388,2.2641155428767026,-1.6968728563000262,"[0.4742702992840734, 0.3005962564841901]",pupil.1,1,3d c++,1581666761.413362,0.4742702992840734,0.3005962564841901
"{'center': [Decimal('-1.0809902260567792'), Decimal('6.2800327172398065'), 81.02246500195136], 'normal': [-0.09689572543116547, 0.6396857563523183, -0.7625046567157021], 'radius': Decimal('1.8561920593093364')}",0.9983516204357904,8720.966208,3.712384118618673,"{'center': [151.7502777657937, Decimal('167.90786169962325')], 'axes': [20.22033505535447, Decimal('28.411052121552043')], 'angle': -81.30201386079912}","[151.7502777657937, Decimal('167.90786169962325')]",28.411052121552043,"{'center': [0.08175847911720643, Decimal('-1.3961963589880135'), 90.17252088253979], 'radius': 12.0}","{'center': [Decimal('160.56214749855667'), Decimal('110.40016033598343')], 'axes': [165.0170124375577, 165.0170124375577], 'angle': 90.0}",0.8802574930437235,120,8281.920388,2.264885690271401,-1.697194449637341,"[0.4742196180181053, Decimal('0.30038390958490313')]",pupil.1,1,3d c++,1581666761.416044,0.4742196180181053,0.30038390958490313
"{'center': [Decimal('-1.0886890931979092'), 6.270196197743729, 81.01520262627339], 'normal': [-0.0975372976929263, 0.6388660463943119, -0.763109854688866], 'radius': Decimal('1.8672407834967832')}",0.9984416047729021,8720.974608,3.7344815669935665,"{'center': [Decimal('151.69105863608348'), Decimal('167.83513430486556')], 'axes': [20.36325462367847, Decimal('28.582758767427656')], 'angle': -81.23363544494798}","[Decimal('151.69105863608348'), Decimal('167.83513430486556')]",28.582758767427656,"{'center': [0.08175847911720643, Decimal('-1.3961963589880135'), 90.17252088253979], 'radius': 12.0}","{'center': [Decimal('160.56214749855667'), Decimal('110.40016033598343')], 'axes': [165.0170124375577, 165.0170124375577], 'angle': 90.0}",0.8803582386027187,120,8281.920388,2.263819716132647,-1.6979225773293267,"[Decimal('0.47403455823776086'), Decimal('0.30068694039639354')]",pupil.1,1,3d c++,1581666761.422389,0.47403455823776086,0.30068694039639354
"{'center': [Decimal('-1.0973854163793992'), 6.272328487433348, 81.01810411501542], 'normal': [-0.0982619912913838, 0.6390437372017801, -0.7628680639603642], 'radius': Decimal('1.8403606084158697')}",0.9991717438863509,8720.983008,3.6807212168317394,"{'center': [Decimal('151.62431118089228'), 167.8540493736458], 'axes': [20.06107536411536, 28.17019584237032], 'angle': -81.17161953363897}","[Decimal('151.62431118089228'), 167.8540493736458]",28.17019584237032,"{'center': [0.08175847911720643, Decimal('-1.3961963589880135'), 90.17252088253979], 'radius': 12.0}","{'center': [Decimal('160.56214749855667'), Decimal('110.40016033598343')], 'axes': [165.0170124375577, 165.0170124375577], 'angle': 90.0}",0.8805949121192813,120,8281.920388,2.264050710149408,-1.698897004980696,"[Decimal('0.47382597244028835'), Decimal('0.30060812760980915')]",pupil.1,1,3d c++,1581666761.429802,0.47382597244028835,0.30060812760980915
"{'center': [-1.081703635904034, 6.27615575128262, 81.01930456241843], 'normal': [-0.09695517625177003, 0.6393626758558861, -0.7627680266767802], 'radius': 1.876910476837005}",0.9973212613668946,8720.991408,3.75382095367401,"{'center': [151.7450206915646, 167.8767378920534], 'axes': [Decimal('20.455985955301678'), Decimal('28.729358956062633')], 'angle': -81.29228826475918}","[151.7450206915646, 167.8767378920534]",28.729358956062633,"{'center': [0.08175847911720643, Decimal('-1.3961963589880135'), 90.17252088253979], 'radius': 12.0}","{'center': [Decimal('160.56214749855667'), Decimal('110.40016033598343')], 'axes': [165.0170124375577, 165.0170124375577], 'angle': 90.0}",0.8803136770580311,120,8281.920388,2.2644654344035096,-1.6972279721618462,"[0.4742031896611394, Decimal('0.30051359211644413')]",pupil.1,1,3d c++,1581666761.4378474,0.4742031896611394,0.30051359211644413
"{'center': [Decimal('-1.0964297392080855'), 6.270048853954858, 81.0160719607563], 'normal': [-0.09818235152710765, 0.6388537677452393, -0.7630374101486239], 'radius': Decimal('1.8488645425921661')}",0.9988991284947797,8720.999808,3.6977290851843323,"{'center': [Decimal('151.63160913268322'), Decimal('167.83645296399794')], 'axes': [20.16006240267216, Decimal('28.301100966291546')], 'angle': -81.17605749579454}","[Decimal('151.63160913268322'), Decimal('167.83645296399794')]",28.301100966291546,"{'center': [0.08175847911720643, Decimal('-1.3961963589880135'), 90.17252088253979], 'radius': 12.0}","{'center': [Decimal('160.56214749855667'), Decimal('110.40016033598343')], 'axes': [165.0170124375577, 165.0170124375577], 'angle': 90.0}",0.8805643378327899,120,8281.920388,2.2638037558043944,-1.6987662138528081,"[0.4738487785396351, 0.3006814459833419]",pupil.1,1,3d c++,1581666761.450326,0.4738487785396351,0.3006814459833419
"{'center': [Decimal('-1.0817178630032913'), 6.276691659079525, 81.01975560293594], 'normal': [-0.0969563618433748, 0.6394073348389615, -0.7627304399669865], 'radius': Decimal('1.8568324449120475')}",0.9991435623487734,8721.008208,3.713664889824095,"{'center': [Decimal('151.74447216447822'), Decimal('167.88379743459157')], 'axes': [Decimal('20.235671808137614'), 28.42180424933443], 'angle': -81.29279735189904}","[Decimal('151.74447216447822'), Decimal('167.88379743459157')]",28.42180424933443,"{'center': [0.08175847911720643, Decimal('-1.3961963589880135'), 90.17252088253979], 'radius': 12.0}","{'center': [Decimal('160.56214749855667'), Decimal('110.40016033598343')], 'axes': [165.0170124375577, 165.0170124375577], 'angle': 90.0}",0.8808443654081954,120,8281.920388,2.2645235170585,-1.6972356661044983,"[Decimal('0.47420147551399444'), 0.3004841773558684]",pupil.1,1,3d c++,1581666761.4586508,0.47420147551399444,0.3004841773558684
"{'center': [-1.10783461515431, 6.268409870209058, 81.01617447027387], 'normal': [-0.0991327578559597, 0.6387171857664226, -0.7630288676888266], 'radius': Decimal('1.8406485003131527')}",0.9979825628042663,8721.016608,3.6812970006263055,"{'center': [151.544355110502, 167.8251863263026], 'axes': [Decimal('20.070077159960203'), Decimal('28.175273891649923')], 'angle': -81.08958521988794}","[151.544355110502, 167.8251863263026]",28.175273891649923,"{'center': [0.08175847911720643, Decimal('-1.3961963589880135'), 90.17252088253979], 'radius': 12.0}","{'center': [Decimal('160.56214749855667'), Decimal('110.40016033598343')], 'axes': [165.0170124375577, 165.0170124375577], 'angle': 90.0}",0.8808482565012543,120,8281.920388,2.263626234799652,-1.6999927206152048,"[Decimal('0.47357610972031877'), Decimal('0.30072839030707255')]",pupil.1,1,3d c++,1581666761.4665148,0.47357610972031877,0.30072839030707255
"{'center': [Decimal('-1.1008609300851264'), 6.266478006375787, 81.0136545278333], 'normal': [-0.09855161743352772, 0.6385561971136501, -0.7632388628922069], 'radius': 1.874474817863232}",0.9992925226713709,8721.025008,3.748949635726464,"{'center': [Decimal('151.59816611123196'), Decimal('167.80646558862165')], 'axes': [Decimal('20.446956196361285'), 28.69406636783829], 'angle': -81.13903737402246}","[Decimal('151.59816611123196'), Decimal('167.80646558862165')]",28.69406636783829,"{'center': [0.08175847911720643, Decimal('-1.3961963589880135'), 90.17252088253979], 'radius': 12.0}","{'center': [Decimal('160.56214749855667'), Decimal('110.40016033598343')], 'axes': [165.0170124375577, 165.0170124375577], 'angle': 90.0}",0.881191296220396,120,8281.920388,2.2634170250576235,-1.6992087136379643,"[Decimal('0.47374426909759987'), 0.3008063933807431]",pupil.1,1,3d c++,1581666761.4741206,0.47374426909759987,0.3008063933807431
"{'center': [Decimal('-1.0983870386969854'), 6.280496757142918, 81.02508193179892], 'normal': [-0.09834545981784931, 0.6397244263442443, -0.762286579228405], 'radius': Decimal('1.8688779609665214')}",0.9984028051212589,8721.033408,3.7377559219330427,"{'center': [Decimal('151.61805542169313'), 167.9078823018832], 'axes': [20.35039479979026, Decimal('28.604346756336593')], 'angle': -81.17367743806797}","[Decimal('151.61805542169313'), 167.9078823018832]",28.604346756336593,"{'center': [0.08175847911720643, Decimal('-1.3961963589880135'), 90.17252088253979], 'radius': 12.0}","{'center': [Decimal('160.56214749855667'), Decimal('110.40016033598343')], 'axes': [165.0170124375577, 165.0170124375577], 'angle': 90.0}",0.8811166379569912,120,8281.920388,2.2649360011783517,-1.6991013619347062,"[Decimal('0.47380642319279104'), Decimal('0.30038382374215333')]",pupil.1,1,3d c++,1581666761.482605,0.47380642319279104,0.30038382374215333
"{'center': [-1.112078428604439, 6.262796516247479, 81.01203063502281], 'normal': [-0.09948640897680378, 0.6382494062696243, -0.7633741872930812], 'radius': Decimal('1.8840771499652589')}",0.9992378963769899,8721.041808,3.7681542999305178,"{'center': [Decimal('151.51261114594712'), 167.7777315161799], 'axes': [20.55678714432289, 28.84166764047396], 'angle': -81.05151608909807}","[Decimal('151.51261114594712'), 167.7777315161799]",28.84166764047396,"{'center': [0.08175847911720643, Decimal('-1.3961963589880135'), 90.17252088253979], 'radius': 12.0}","{'center': [Decimal('160.56214749855667'), Decimal('110.40016033598343')], 'axes': [165.0170124375577, 165.0170124375577], 'angle': 90.0}",0.8818039138794087,120,8281.920388,2.26301844135827,-1.700390488709834,"[Decimal('0.47347690983108476'), 0.3009261186825838]",pupil.1,1,3d c++,1581666761.4897964,0.47347690983108476,0.3009261186825838
"{'center': [Decimal('-1.0977386842646908'), 6.248036713655682, 80.99785537513984], 'normal': [-0.09829143028182476, 0.637019422720308, -0.7645554589499959], 'radius': Decimal('1.8682974509189416')}",0.999441331465946,8721.050208,3.7365949018378832,"{'center': [Decimal('151.62027015983432'), 167.6756264760539], 'axes': [Decimal('20.428640345919664'), Decimal('28.605047922378617')], 'angle': -81.14069070778586}","[Decimal('151.62027015983432'), 167.6756264760539]",28.605047922378617,"{'center': [0.08175847911720643, Decimal('-1.3961963589880135'), 90.17252088253979], 'radius': 12.0}","{'center': [Decimal('160.56214749855667'), Decimal('110.40016033598343')], 'axes': [165.0170124375577, 165.0170124375577], 'angle': 90.0}",0.8820908781400516,120,8281.920388,2.261421762800518,-1.6986552348359563,"[Decimal('0.47381334424948224'), 0.3013515563497754]",pupil.1,1,3d c++,1581666761.498025,0.47381334424948224,0.3013515563497754
"{'center': [Decimal('-1.1068348408739657'), 6.261097690002474, 81.00992879476422], 'normal': [-0.09904944333259767, 0.638107837415874, -0.7635493406479631], 'radius': Decimal('1.8564011697039677')}",0.9990435048902118,8721.058608,3.7128023394079355,"{'center': [Decimal('151.55174264567097'), 167.7704065253874], 'axes': [20.26119481325325, Decimal('28.418642089108914')], 'angle': -81.08842204877124}","[Decimal('151.55174264567097'), 167.7704065253874]",28.418642089108914,"{'center': [0.08175847911720643, Decimal('-1.3961963589880135'), 90.17252088253979], 'radius': 12.0}","{'center': [Decimal('160.56214749855667'), Decimal('110.40016033598343')], 'axes': [165.0170124375577, 165.0170124375577], 'angle': 90.0}",0.8823809682527273,120,8281.920388,2.2628345590364662,-1.6997983221987742,"[0.4735991957677218, 0.3009566394775526]",pupil.1,1,3d c++,1581666761.505892,0.4735991957677218,0.3009566394775526
"{'center': [Decimal('-1.1046820790731915'), 6.25597565779666, 81.00537180404115], 'normal': [-0.09887004651586649, 0.6376810013987227, -0.7639290898748866], 'radius': Decimal('1.8633362658919284')}",0.9990348572876889,8721.067008,3.7266725317838567,"{'center': [Decimal('151.56788952495188'), Decimal('167.73277771634844')], 'axes': [20.35104700860779, 28.52643164597123], 'angle': -81.09839195998565}","[Decimal('151.56788952495188'), Decimal('167.73277771634844')]",28.52643164597123,"{'center': [0.08175847911720643, Decimal('-1.3961963589880135'), 90.17252088253979], 'radius': 12.0}","{'center': [Decimal('160.56214749855667'), Decimal('110.40016033598343')], 'axes': [165.0170124375577, 165.0170124375577], 'angle': 90.0}",0.8829120925813227,120,8281.920388,2.262280315655577,-1.6995039451294023,"[0.4736496547654746, 0.3011134261818815]",pupil.1,1,3d c++,1581666761.5143838,0.4736496547654746,0.3011134261818815
"{'center': [-1.089393101683229, 6.273353516181721, 81.01793685665021], 'normal': [-0.09759596506670294, 0.6391291562641445, -0.7628820021574646], 'radius': 1.86179226835846}",0.999086398054633,8721.075408,3.72358453671692,"{'center': [Decimal('151.68582336516113'), Decimal('167.85855645721054')], 'axes': [Decimal('20.295345389197028'), Decimal('28.498377894583573')], 'angle': -81.23205703462082}","[Decimal('151.68582336516113'), Decimal('167.85855645721054')]",28.498377894583573,"{'center': [0.08175847911720643, Decimal('-1.3961963589880135'), 90.17252088253979], 'radius': 12.0}","{'center': [Decimal('160.56214749855667'), Decimal('110.40016033598343')], 'axes': [165.0170124375577, 165.0170124375577], 'angle': 90.0}",0.8833603676059898,120,8281.920388,2.2641617687700903,-1.6980358032997882,"[Decimal('0.47401819801612854'), 0.3005893480949561]",pupil.1,1,3d c++,1581666761.523288,0.47401819801612854,0.3005893480949561
"{'center': [Decimal('-1.1069057848363926'), 6.270227930608292, 81.01757599578664], 'normal': [-0.09905535532946658, 0.6388686907996921, -0.7629120738960949], 'radius': Decimal('1.8773335996930074')}",0.9989625866311552,8721.083808,3.754667199386015,"{'center': [151.5524876312544, Decimal('167.83240341516014')], 'axes': [20.46589272261623, 28.73645082864252], 'angle': -81.09859910358357}","[151.5524876312544, Decimal('167.83240341516014')]",28.73645082864252,"{'center': [0.08175847911720643, Decimal('-1.3961963589880135'), 90.17252088253979], 'radius': 12.0}","{'center': [Decimal('160.56214749855667'), Decimal('110.40016033598343')], 'axes': [165.0170124375577, 165.0170124375577], 'angle': 90.0}",0.8832866656447891,120,8281.920388,2.2638231534747835,-1.6999125064293228,"[Decimal('0.47360152384766996'), 0.3006983191034994]",pupil.1,1,3d c++,1581666761.534208,0.47360152384766996,0.3006983191034994
"{'center': [Decimal('-1.0977035491716862'), Decimal('6.2512159907434794'), 81.00050073008705], 'normal': [-0.09828850235740771, 0.6372843624776244, -0.7643350127043937], 'radius': Decimal('1.8742495016772718')}",0.9989281273643432,8721.092208,3.7484990033545436,"{'center': [Decimal('151.62094908589143'), Decimal('167.69744431584567')], 'axes': [20.48550415317539, Decimal('28.695263728098304')], 'angle': -81.14466687071034}","[Decimal('151.62094908589143'), Decimal('167.69744431584567')]",28.695263728098304,"{'center': [0.08175847911720643, Decimal('-1.3961963589880135'), 90.17252088253979], 'radius': 12.0}","{'center': [Decimal('160.56214749855667'), Decimal('110.40016033598343')], 'axes': [165.0170124375577, 165.0170124375577], 'angle': 90.0}",0.8834759600699016,120,8281.920388,2.2617655108340227,-1.698687942230129,"[0.4738154658934107, 0.3012606486839764]",pupil.1,1,3d c++,1581666761.5426614,0.4738154658934107,0.3012606486839764
"{'center': [Decimal('-1.1085914416051523'), 6.261177951715499, 81.01022391442015], 'normal': [-0.09919582672686322, 0.6381145258919594, -0.7635247473433027], 'radius': Decimal('1.8786485649720424')}",0.9941106829609055,8721.100607,3.7572971299440847,"{'center': [Decimal('151.53891196417663'), Decimal('167.76727843597433')], 'axes': [Decimal('20.503187430774776'), Decimal('28.759187029263288')], 'angle': -81.07548073571799}","[Decimal('151.53891196417663'), Decimal('167.76727843597433')]",28.759187029263288,"{'center': [0.08175847911720643, Decimal('-1.3961963589880135'), 90.17252088253979], 'radius': 12.0}","{'center': [Decimal('160.56214749855667'), Decimal('110.40016033598343')], 'axes': [165.0170124375577, 165.0170124375577], 'angle': 90.0}",0.883920134411631,120,8281.920388,2.2628432459982104,-1.6999909743205732,"[0.473559099888052, Decimal('0.30096967318344026')]",pupil.1,1,3d c++,1581666761.550936,0.473559099888052,0.30096967318344026
"{'center': [Decimal('-1.0903331805345529'), 6.273076064459711, 81.01782473049197], 'normal': [-0.09767430497097994, 0.6391060352873104, -0.7628913460039846], 'radius': 1.871223127553799}",0.9993360843450475,8721.109007,3.742446255107598,"{'center': [Decimal('151.67886533559016'), Decimal('167.85498785639334')], 'axes': [20.3985416815686, 28.64280740988427], 'angle': -81.22476642071196}","[Decimal('151.67886533559016'), Decimal('167.85498785639334')]",28.64280740988427,"{'center': [0.08175847911720643, Decimal('-1.3961963589880135'), 90.17252088253979], 'radius': 12.0}","{'center': [Decimal('160.56214749855667'), Decimal('110.40016033598343')], 'axes': [165.0170124375577, 165.0170124375577], 'angle': 90.0}",0.8844384102499103,120,8281.920388,2.264131706742524,-1.6981352949754351,"[0.4739964541737193, Decimal('0.30060421726502773')]",pupil.1,1,3d c++,1581666761.5589044,0.4739964541737193,0.30060421726502773
"{'center': [Decimal('-1.1036296782102124'), 6.26255901467724, 81.0107349735141], 'normal': [-0.09878234644395156, 0.6382296144721045, -0.7634821590854733], 'radius': Decimal('1.8592961551520102')}",0.9992519107835443,8721.117407,3.7185923103040204,"{'center': [151.5763638474841, Decimal('167.78064255927032')], 'axes': [Decimal('20.290325986832237'), 28.46268674510644], 'angle': -81.1139184320103}","[151.5763638474841, Decimal('167.78064255927032')]",28.46268674510644,"{'center': [0.08175847911720643, Decimal('-1.3961963589880135'), 90.17252088253979], 'radius': 12.0}","{'center': [Decimal('160.56214749855667'), Decimal('110.40016033598343')], 'axes': [165.0170124375577, 165.0170124375577], 'angle': 90.0}",0.8849508492956959,120,8281.920388,2.262992732311463,-1.6994654829471418,"[0.4736761370233878, 0.3009139893363737]",pupil.1,1,3d c++,1581666761.566273,0.4736761370233878,0.3009139893363737
"{'center': [Decimal('-1.0940394500800603'), 6.254759359120883, 81.00298568007548], 'normal': [-0.09798316076643888, 0.6375796431757413, -0.7641279335386926], 'radius': 1.871958368574934}",0.9991574005184332,8721.125807,3.743916737149868,"{'center': [Decimal('151.64911505758846'), Decimal('167.72345873696213')], 'axes': [20.45272887799634, 28.65930071394478], 'angle': -81.17602846431102}","[Decimal('151.64911505758846'), Decimal('167.72345873696213')]",28.65930071394478,"{'center': [0.08175847911720643, Decimal('-1.3961963589880135'), 90.17252088253979], 'radius': 12.0}","{'center': [Decimal('160.56214749855667'), Decimal('110.40016033598343')], 'axes': [165.0170124375577, 165.0170124375577], 'angle': 90.0}",0.8854016628474737,120,8281.920388,2.2621487401254776,-1.6983291131768934,"[Decimal('0.47390348455496395'), Decimal('0.30115225526265776')]",pupil.1,1,3d c++,1581666761.573864,0.47390348455496395,0.30115225526265776
"{'center': [Decimal('-1.1070699640385897'), 6.25544629303219, 81.00523929754803], 'normal': [-0.09906903692964966, 0.6376368876683502, -0.7639401320826466], 'radius': Decimal('1.8620073381367697')}",0.9990242534580425,8721.134207,3.7240146762735393,"{'center': [Decimal('151.54961284272943'), Decimal('167.72902424350016')], 'axes': [Decimal('20.336926982805004'), Decimal('28.506128900620634')], 'angle': -81.08003761593365}","[Decimal('151.54961284272943'), Decimal('167.72902424350016')]",28.506128900620634,"{'center': [0.08175847911720643, Decimal('-1.3961963589880135'), 90.17252088253979], 'radius': 12.0}","{'center': [Decimal('160.56214749855667'), Decimal('110.40016033598343')], 'axes': [165.0170124375577, 165.0170124375577], 'angle': 90.0}",0.8858599951696466,120,8281.920388,2.262223048807402,-1.6997582846898287,"[Decimal('0.47359254013352947'), Decimal('0.30112906565208264')]",pupil.1,1,3d c++,1581666761.581779,0.47359254013352947,0.30112906565208264
"{'center': [Decimal('-1.1062484181973444'), Decimal('6.2518168841748425'), 81.00210469545544], 'normal': [-0.09900057477621257, 0.637334436930238, -0.7642013489236957], 'radius': Decimal('1.8688990882812182')}",0.9995850793797059,8721.142607,3.7377981765624364,"{'center': [Decimal('151.55573945044424'), Decimal('167.70198508733432')], 'axes': [20.42197821395689, Decimal('28.612764879292975')], 'angle': -81.08187194562778}","[Decimal('151.55573945044424'), Decimal('167.70198508733432')]",28.612764879292975,"{'center': [0.08175847911720643, Decimal('-1.3961963589880135'), 90.17252088253979], 'radius': 12.0}","{'center': [Decimal('160.56214749855667'), Decimal('110.40016033598343')], 'axes': [165.0170124375577, 165.0170124375577], 'angle': 90.0}",0.8866854356099019,120,8281.920388,2.2618304912793072,-1.6996265833583615,"[Decimal('0.47361168578263824'), Decimal('0.30124172880277367')]",pupil.1,1,3d c++,1581666761.5896919,0.47361168578263824,0.30124172880277367
"{'center': [Decimal('-1.0862657581788773'), Decimal('6.2742215463045925'), 81.01826457526636], 'normal': [-0.09733535310800696, 0.6392014921077172, -0.7628546922727863], 'radius': Decimal('1.8526118304034687')}",0.9986273292209513,8721.151007,3.7052236608069373,"{'center': [Decimal('151.70950712472404'), Decimal('167.86646321882597')], 'axes': [20.19422890023437, 28.35770781132437], 'angle': -81.25624462953616}","[Decimal('151.70950712472404'), Decimal('167.86646321882597')]",28.35770781132437,"{'center': [0.08175847911720643, Decimal('-1.3961963589880135'), 90.17252088253979], 'radius': 12.0}","{'center': [Decimal('160.56214749855667'), Decimal('110.40016033598343')], 'axes': [165.0170124375577, 165.0170124375577], 'angle': 90.0}",0.8866236467282018,120,8281.920388,2.264255825102244,-1.6977041692193904,"[Decimal('0.47409220976476263'), Decimal('0.30055640325489175')]",pupil.1,1,3d c++,1581666761.5994508,0.47409220976476263,0.30055640325489175
"{'center': [Decimal('-1.0973433109431086'), 6.262575819013358, 81.00993785731438], 'normal': [-0.09825848250502624, 0.6382310148334476, -0.7635485854354503], 'radius': 1.867439774116181}",0.9990440473100272,8721.159407,3.734879548232362,"{'center': [Decimal('151.62447464132865'), Decimal('167.77991783175696')], 'axes': [20.38173585285114, 28.5876594249924], 'angle': -81.16059027217972}","[Decimal('151.62447464132865'), Decimal('167.77991783175696')]",28.5876594249924,"{'center': [0.08175847911720643, Decimal('-1.3961963589880135'), 90.17252088253979], 'radius': 12.0}","{'center': [Decimal('160.56214749855667'), Decimal('110.40016033598343')], 'axes': [165.0170124375577, 165.0170124375577], 'angle': 90.0}",0.8868318072822512,120,8281.920388,2.262994551327586,-1.698779556552581,"[0.473826483254152, Decimal('0.30091700903434604')]",pupil.1,1,3d c++,1581666761.6060312,0.473826483254152,0.30091700903434604
"{'center': [Decimal('-1.1019930043976083'), 6.263626626394561, 81.01141591327536], 'normal': [-0.09864595695956789, 0.6383185821152145, -0.7634254141053685], 'radius': Decimal('1.8469118069883372')}",0.9992912721729353,8721.167807,3.6938236139766745,"{'center': [Decimal('151.58862478901895'), 167.79038044392], 'axes': [Decimal('20.153033567230622'), Decimal('28.272824806540587')], 'angle': -81.1273114678797}","[Decimal('151.58862478901895'), 167.79038044392]",28.272824806540587,"{'center': [0.08175847911720643, Decimal('-1.3961963589880135'), 90.17252088253979], 'radius': 12.0}","{'center': [Decimal('160.56214749855667'), Decimal('110.40016033598343')], 'axes': [165.0170124375577, 165.0170124375577], 'angle': 90.0}",0.8876480663032926,120,8281.920388,2.263108303345734,-1.6992992249143244,"[0.4737144524656842, Decimal('0.30087341481700003')]",pupil.1,1,3d c++,1581666761.6177568,0.4737144524656842,0.30087341481700003
"{'center': [Decimal('-1.0940261756119831'), 6.26059195951195, 81.00785378049042], 'normal': [-0.0979820545607658, 0.6380656932083303, -0.7637222585041135], 'radius': 1.861747198177733}",0.9992852629629111,8721.176207,3.723494396355466,"{'center': [Decimal('151.64945165754722'), Decimal('167.76686801008856')], 'axes': [Decimal('20.326042558393432'), 28.50122666323621], 'angle': -81.18290848619941}","[Decimal('151.64945165754722'), Decimal('167.76686801008856')]",28.50122666323621,"{'center': [0.08175847911720643, Decimal('-1.3961963589880135'), 90.17252088253979], 'radius': 12.0}","{'center': [Decimal('160.56214749855667'), Decimal('110.40016033598343')], 'axes': [165.0170124375577, 165.0170124375577], 'angle': 90.0}",0.8879112560508551,120,8281.920388,2.2627798237734975,-1.698394698499261,"[Decimal('0.47390453642983504'), 0.3009713832912977]",pupil.1,1,3d c++,1581666761.6264806,0.47390453642983504,0.3009713832912977
"{'center': [-1.091992354315637, 6.2680485956994, 81.01382783955793], 'normal': [-0.09781256945273695, 0.6386870795572844, -0.7632244202484879], 'radius': Decimal('1.8488162442911176')}",0.9992736759866141,8721.184607,3.697632488582235,"{'center': [Decimal('151.66525950583014'), 167.8224660090285], 'axes': [Decimal('20.166449583978107'), 28.30114313909451], 'angle': -81.20665053144039}","[Decimal('151.66525950583014'), 167.8224660090285]",28.30114313909451,"{'center': [0.08175847911720643, Decimal('-1.3961963589880135'), 90.17252088253979], 'radius': 12.0}","{'center': [Decimal('160.56214749855667'), Decimal('110.40016033598343')], 'axes': [165.0170124375577, 165.0170124375577], 'angle': 90.0}",0.888265651881992,120,8281.920388,2.263587108086555,-1.6982585572517792,"[Decimal('0.47395393595571916'), 0.3007397249623813]",pupil.1,1,3d c++,1581666761.633528,0.47395393595571916,0.3007397249623813
"{'center': [Decimal('-1.0689659214904608'), Decimal('6.2673738255740945'), 81.01034180875298], 'normal': [-0.09589370005063892, 0.638630848713509, -0.763514922815567], 'radius': Decimal('1.8564123484870958')}",0.9984681976524962,8721.193007,3.7128246969741916,"{'center': [151.8408872421622, 167.8180842696662], 'axes': [Decimal('20.260189963910083'), Decimal('28.418665438547134')], 'angle': -81.37678754669112}","[151.8408872421622, 167.8180842696662]",28.418665438547134,"{'center': [0.08175847911720643, Decimal('-1.3961963589880135'), 90.17252088253979], 'radius': 12.0}","{'center': [Decimal('160.56214749855667'), Decimal('110.40016033598343')], 'axes': [165.0170124375577, 165.0170124375577], 'angle': 90.0}",0.8883259335517479,120,8281.920388,2.26351403260785,-1.6957371803856869,"[0.4745027726317569, Decimal('0.30075798220972416')]",pupil.1,1,3d c++,1581666761.642094,0.4745027726317569,0.30075798220972416
"{'center': [-1.058420844016405, 6.27316761939952, 81.01387211331021], 'normal': [-0.0950149435944676, 0.6391136648656278, -0.7632207307691308], 'radius': Decimal('1.8624593932445332')}",0.9988286424178089,8721.201407,3.7249187864890665,"{'center': [151.9218742129162, Decimal('167.85934070412014')], 'axes': [Decimal('20.315323188117468'), Decimal('28.510016024155846')], 'angle': -81.46163051055059}","[151.9218742129162, Decimal('167.85934070412014')]",28.510016024155846,"{'center': [0.08175847911720643, Decimal('-1.3961963589880135'), 90.17252088253979], 'radius': 12.0}","{'center': [Decimal('160.56214749855667'), Decimal('110.40016033598343')], 'axes': [165.0170124375577, 165.0170124375577], 'angle': 90.0}",0.8884796556134056,120,8281.920388,2.2641416266812824,-1.694651193719028,"[Decimal('0.47475585691536315'), 0.3005860803994994]",pupil.1,1,3d c++,1581666761.6502864,0.47475585691536315,0.3005860803994994
"{'center': [Decimal('-1.0601594448422629'), 6.300943263669903, 81.03742016693464], 'normal': [-0.09515982699662244, 0.6414283018881597, -0.7612583929670955], 'radius': Decimal('1.8734891500041648')}",0.9997355287646222,8721.209807,3.7469783000083297,"{'center': [Decimal('151.91113391390735'), Decimal('168.05616269241045')], 'axes': [20.36237967728222, Decimal('28.670581382280577')], 'angle': -81.47987760060734}","[Decimal('151.91113391390735'), Decimal('168.05616269241045')]",28.670581382280577,"{'center': [0.08175847911720643, Decimal('-1.3961963589880135'), 90.17252088253979], 'radius': 12.0}","{'center': [Decimal('160.56214749855667'), Decimal('110.40016033598343')], 'axes': [165.0170124375577, 165.0170124375577], 'angle': 90.0}",0.8890484629528794,120,8281.920388,2.26715489541837,-1.6951545909073473,"[Decimal('0.47472229348096046'), 0.2997659887816231]",pupil.1,1,3d c++,1581666761.65837,0.47472229348096046,0.2997659887816231
"{'center': [Decimal('-1.0750116524900377'), 6.273238296709844, 81.01601199953191], 'normal': [-0.09639751096727034, 0.6391195546414882, -0.7630424069173225], 'radius': Decimal('1.8511749829902846')}",0.9996212340017705,8721.218207,3.702349965980569,"{'center': [Decimal('151.79516242155077'), Decimal('167.86046720848918')], 'axes': [Decimal('20.185533974938778'), Decimal('28.336494331685955')], 'angle': -81.33858623144718}","[Decimal('151.79516242155077'), Decimal('167.86046720848918')]",28.336494331685955,"{'center': [0.08175847911720643, Decimal('-1.3961963589880135'), 90.17252088253979], 'radius': 12.0}","{'center': [Decimal('160.56214749855667'), Decimal('110.40016033598343')], 'axes': [165.0170124375577, 165.0170124375577], 'angle': 90.0}",0.8894569272419162,120,8281.920388,2.264149284593701,-1.6964636937992599,"[0.4743598825673462, 0.3005813866312951]",pupil.1,1,3d c++,1581666761.666265,0.4743598825673462,0.3005813866312951
"{'center': [Decimal('-1.0581455418607117'), 6.272697303211961, 81.01344402835697], 'normal': [-0.09499200174815985, 0.6390744718499979, -0.7632564045152348], 'radius': Decimal('1.8635420657459514')}",0.9994731629562443,8721.226607,3.7270841314919028,"{'center': [Decimal('151.92396016765971'), 167.8558200292887], 'axes': [Decimal('20.328465169852624'), Decimal('28.526743281475042')], 'angle': -81.46314568920467}","[Decimal('151.92396016765971'), 167.8558200292887]",28.526743281475042,"{'center': [0.08175847911720643, Decimal('-1.3961963589880135'), 90.17252088253979], 'radius': 12.0}","{'center': [Decimal('160.56214749855667'), Decimal('110.40016033598343')], 'axes': [165.0170124375577, 165.0170124375577], 'angle': 90.0}",0.8897431301912007,120,8281.920388,2.2640906689913876,-1.694615864631351,"[Decimal('0.47476237552393663'), 0.3006007498779637]",pupil.1,1,3d c++,1581666761.6744778,0.47476237552393663,0.3006007498779637
"{'center': [Decimal('-1.0588661274518418'), Decimal('6.2839786250549095'), 81.02299151096167], 'normal': [-0.09505205054742068, 0.6400145820035769, -0.7624607809648424], 'radius': Decimal('1.8686278588298941')}",0.9993080973947711,8721.235007,3.7372557176597883,"{'center': [Decimal('151.91949939349453'), Decimal('167.93568814766326')], 'axes': [Decimal('20.354313501975145'), Decimal('28.601250626689552')], 'angle': -81.47046408207943}","[Decimal('151.91949939349453'), Decimal('167.93568814766326')]",28.601250626689552,"{'center': [0.08175847911720643, Decimal('-1.3961963589880135'), 90.17252088253979], 'radius': 12.0}","{'center': [Decimal('160.56214749855667'), Decimal('110.40016033598343')], 'axes': [165.0170124375577, 165.0170124375577], 'angle': 90.0}",0.8905703123488595,120,8281.920388,2.2653135702910676,-1.6948213031208996,"[0.4747484356046704, Decimal('0.30026796605140305')]",pupil.1,1,3d c++,1581666761.682343,0.4747484356046704,0.30026796605140305
"{'center': [Decimal('-1.0522741563712377'), 6.283588310187785, 81.02184454596556], 'normal': [-0.094502719624037, 0.6399820557646498, -0.7625563613811855], 'radius': Decimal('1.8688901792197692')}",0.9993515640779251,8721.243407,3.7377803584395384,"{'center': [151.9697116007278, Decimal('167.93331938802774')], 'axes': [Decimal('20.360758809616282'), Decimal('28.605669995600724')], 'angle': -81.5189036196203}","[151.9697116007278, Decimal('167.93331938802774')]",28.605669995600724,"{'center': [0.08175847911720643, Decimal('-1.3961963589880135'), 90.17252088253979], 'radius': 12.0}","{'center': [Decimal('160.56214749855667'), Decimal('110.40016033598343')], 'axes': [165.0170124375577, 165.0170124375577], 'angle': 90.0}",0.8906624178983802,120,8281.920388,2.265271239159089,-1.694096494723742,"[0.4749053487522744, Decimal('0.30027783588321777')]",pupil.1,1,3d c++,1581666761.69055,0.4749053487522744,0.30027783588321777
"{'center': [Decimal('-1.0556332453485566'), 6.291668538472871, 81.02904925610021], 'normal': [-0.09478264370548024, 0.6406554081217404, -0.7619559688699645], 'radius': Decimal('1.8655016024180235')}",0.997887530621035,8721.251807,3.731003204836047,"{'center': [Decimal('151.94468368498264'), Decimal('167.99143557761352')], 'axes': [Decimal('20.301481207086663'), Decimal('28.551259798628408')], 'angle': -81.50302257353795}","[Decimal('151.94468368498264'), Decimal('167.99143557761352')]",28.551259798628408,"{'center': [0.08175847911720643, Decimal('-1.3961963589880135'), 90.17252088253979], 'radius': 12.0}","{'center': [Decimal('160.56214749855667'), Decimal('110.40016033598343')], 'axes': [165.0170124375577, 165.0170124375577], 'angle': 90.0}",0.8905566644404672,120,8281.920388,2.266147875348058,-1.6945544615836423,"[Decimal('0.47482713651557074'), Decimal('0.30003568509327705')]",pupil.1,1,3d c++,1581666761.7026694,0.47482713651557074,0.30003568509327705
"{'center': [Decimal('-1.0582047446226102'), Decimal('6.3127083281060985'), 81.04710185797882], 'normal': [-0.09499693531165138, 0.6424087239245093, -0.7604515853800803], 'radius': Decimal('1.8731815851567621')}",0.9994532472317635,8721.260207,3.7463631703135243,"{'center': [Decimal('151.92697527674085'), Decimal('168.14046584331365')], 'axes': [Decimal('20.328931789370433'), Decimal('28.662457538222988')], 'angle': -81.50744337215734}","[Decimal('151.92697527674085'), Decimal('168.14046584331365')]",28.662457538222988,"{'center': [0.08175847911720643, Decimal('-1.3961963589880135'), 90.17252088253979], 'radius': 12.0}","{'center': [Decimal('160.56214749855667'), Decimal('110.40016033598343')], 'axes': [165.0170124375577, 165.0170124375577], 'angle': 90.0}",0.8907849152718361,120,8281.920388,2.268433529928547,-1.6950742647034602,"[Decimal('0.47477179773981515'), Decimal('0.29941472565285976')]",pupil.1,1,3d c++,1581666761.709988,0.47477179773981515,0.29941472565285976
"{'center': [-1.059409037273875, 6.293162236503595, 81.03077591292522], 'normal': [-0.09509729303259011, 0.640779882957634, -0.7618120808012135], 'radius': Decimal('1.8553347661496793')}",0.9986177375057343,8721.268607,3.7106695322993586,"{'center': [Decimal('151.91579240784944'), 168.0034800778416], 'axes': [Decimal('20.185455182248017'), Decimal('28.395020084519647')], 'angle': -81.4767298633461}","[Decimal('151.91579240784944'), 168.0034800778416]",28.395020084519647,"{'center': [0.08175847911720643, Decimal('-1.3961963589880135'), 90.17252088253979], 'radius': 12.0}","{'center': [Decimal('160.56214749855667'), Decimal('110.40016033598343')], 'axes': [165.0170124375577, 165.0170124375577], 'angle': 90.0}",0.8912469989824756,120,8281.920388,2.266309999118495,-1.6949843093306933,"[Decimal('0.47473685127452947'), 0.29998549967566]",pupil.1,1,3d c++,1581666761.7188456,0.47473685127452947,0.29998549967566
"{'center': [Decimal('-1.0561290397854302'), 6.293418641488828, 81.0305827325211], 'normal': [-0.09482395990855304, 0.6408012500397368, -0.7618281791682242], 'radius': Decimal('1.8595445527827006')}",0.9984398376669056,8721.277007,3.719089105565401,"{'center': [151.9409069299279, Decimal('168.00487414977707')], 'axes': [Decimal('20.231885494879656'), Decimal('28.459530513419235')], 'angle': -81.50130397738721}","[151.9409069299279, Decimal('168.00487414977707')]",28.459530513419235,"{'center': [0.08175847911720643, Decimal('-1.3961963589880135'), 90.17252088253979], 'radius': 12.0}","{'center': [Decimal('160.56214749855667'), Decimal('110.40016033598343')], 'axes': [165.0170124375577, 165.0170124375577], 'angle': 90.0}",0.8915229041451589,120,8281.920388,2.266337831141637,-1.6946284154417663,"[0.4748153341560247, 0.2999796910425956]",pupil.1,1,3d c++,1581666761.726592,0.4748153341560247,0.2999796910425956
"{'center': [Decimal('-1.0575105117833419'), 6.300371066561613, 81.03660735239181], 'normal': [-0.09493908257504569, 0.6413806187958022, -0.7613261275123313], 'radius': Decimal('1.8613604471396814')}",0.9984521356010023,8721.285407,3.722720894279363,"{'center': [151.9309852531355, Decimal('168.05420893560935')], 'axes': [20.23302023922785, 28.48521557979665], 'angle': -81.49883478621528}","[151.9309852531355, Decimal('168.05420893560935')]",28.48521557979665,"{'center': [0.08175847911720643, Decimal('-1.3961963589880135'), 90.17252088253979], 'radius': 12.0}","{'center': [Decimal('160.56214749855667'), Decimal('110.40016033598343')], 'axes': [165.0170124375577, 165.0170124375577], 'angle': 90.0}",0.8917956476507727,120,8281.920388,2.2670927435531625,-1.6948581433031227,"[Decimal('0.47478432891604844'), Decimal('0.29977412943496107')]",pupil.1,1,3d c++,1581666761.7358806,0.47478432891604844,0.29977412943496107
"{'center': [Decimal('-1.0534849074333972'), 6.296646065889473, 81.03296958724644], 'normal': [-0.09460361554588363, 0.6410702020731239, -0.7616292746077783], 'radius': Decimal('1.8607684421522448')}",0.9987014438184193,8721.293807,3.7215368843044896,"{'center': [Decimal('151.96134539297432'), Decimal('168.02794979269675')], 'axes': [Decimal('20.237839646529284'), Decimal('28.477428759966067')], 'angle': -81.52447719757912}","[Decimal('151.96134539297432'), Decimal('168.02794979269675')]",28.477428759966067,"{'center': [0.08175847911720643, Decimal('-1.3961963589880135'), 90.17252088253979], 'radius': 12.0}","{'center': [Decimal('160.56214749855667'), Decimal('110.40016033598343')], 'axes': [165.0170124375577, 165.0170124375577], 'angle': 90.0}",0.8921036038978536,120,8281.920388,2.266688214084315,-1.6943755245960832,"[Decimal('0.47487920435304476'), Decimal('0.29988354253043026')]",pupil.1,1,3d c++,1581666761.7419019,0.47487920435304476,0.29988354253043026
"{'center': [-1.061631732662967, 6.306047463019264, 81.04190759919699], 'normal': [-0.09528251764834778, 0.6418536518339398, -0.7608844402785667], 'radius': 1.868009792316861}",0.999274905600783,8721.302207,3.736019584633722,"{'center': [Decimal('151.90020160284487'), Decimal('168.09343626791014')], 'axes': [20.28887472140679, Decimal('28.585131447850557')], 'angle': -81.47469550173206}","[Decimal('151.90020160284487'), Decimal('168.09343626791014')]",28.585131447850557,"{'center': [0.08175847911720643, Decimal('-1.3961963589880135'), 90.17252088253979], 'radius': 12.0}","{'center': [Decimal('160.56214749855667'), Decimal('110.40016033598343')], 'axes': [165.0170124375577, 165.0170124375577], 'angle': 90.0}",0.8924487658432012,120,8281.920388,2.267709454899922,-1.695373841758081,"[0.4746881300088902, 0.2996106822170411]",pupil.1,1,3d c++,1581666761.749511,0.4746881300088902,0.2996106822170411
"{'center': [Decimal('-1.0550175750749673'), 6.295830614477072, 81.03247376876072], 'normal': [-0.09473133784934781, 0.6410022477887571, -0.7616705928149212], 'radius': Decimal('1.8615913403175641')}",0.9981467634156552,8721.310607,3.7231826806351282,"{'center': [151.9496195564539, Decimal('168.02187704648196')], 'axes': [Decimal('20.248320961928837'), Decimal('28.490199307554636')], 'angle': -81.51222289719102}","[151.9496195564539, Decimal('168.02187704648196')]",28.490199307554636,"{'center': [0.08175847911720643, Decimal('-1.3961963589880135'), 90.17252088253979], 'radius': 12.0}","{'center': [Decimal('160.56214749855667'), Decimal('110.40016033598343')], 'axes': [165.0170124375577, 165.0170124375577], 'angle': 90.0}",0.8928587776618979,120,8281.920388,2.2665996755256437,-1.694534024925227,"[0.4748425611139185, 0.2999088456396585]",pupil.1,1,3d c++,1581666761.7597961,0.4748425611139185,0.2999088456396585
"{'center': [-1.057997072642969, Decimal('6.2798680224686665'), 81.01943435973428], 'normal': [-0.09497962931334795, 0.6396720317880566, -0.7627572102337928], 'radius': Decimal('1.8683398106027795')}",0.9994486638149338,8721.319007,3.736679621205559,"{'center': [Decimal('151.92578362265368'), 167.9063817138502], 'axes': [Decimal('20.362222216772697'), Decimal('28.598093136280895')], 'angle': -81.47229850892872}","[Decimal('151.92578362265368'), 167.9063817138502]",28.598093136280895,"{'center': [0.08175847911720643, Decimal('-1.3961963589880135'), 90.17252088253979], 'radius': 12.0}","{'center': [Decimal('160.56214749855667'), Decimal('110.40016033598343')], 'axes': [165.0170124375577, 165.0170124375577], 'angle': 90.0}",0.8932102765743632,120,8281.920388,2.2648678346770517,-1.6946801001170257,"[0.4747680738207928, Decimal('0.30039007619229074')]",pupil.1,1,3d c++,1581666761.7667608,0.4747680738207928,0.30039007619229074
"{'center': [-1.059644673690397, 6.289328199716028, 81.02758178485752], 'normal': [-0.09511692940063363, 0.6404603798920034, -0.7620782581401897], 'radius': Decimal('1.8793413709341988')}",0.9998654418290385,8721.327407,3.7586827418683977,"{'center': [Decimal('151.91425345969913'), Decimal('167.97217845675317')], 'axes': [Decimal('20.456728020854925'), Decimal('28.763643237611767')], 'angle': -81.47069037061053}","[Decimal('151.91425345969913'), Decimal('167.97217845675317')]",28.763643237611767,"{'center': [0.08175847911720643, Decimal('-1.3961963589880135'), 90.17252088253979], 'radius': 12.0}","{'center': [Decimal('160.56214749855667'), Decimal('110.40016033598343')], 'axes': [165.0170124375577, 165.0170124375577], 'angle': 90.0}",0.8935010276118649,120,8281.920388,2.2658939025364933,-1.6949667492553886,"[0.4747320420615598, Decimal('0.30011592309686175')]",pupil.1,1,3d c++,1581666761.776899,0.4747320420615598,0.30011592309686175
"{'center': [Decimal('-1.0591634940007075'), 6.303711090840553, 81.03962855232308], 'normal': [-0.0950768310931595, 0.6416589541523805, -0.7610743608513928], 'radius': Decimal('1.8739538394996835')}",0.9989151219856037,8721.335807,3.747907678999367,"{'center': [151.9189581451035, Decimal('168.07595039416833')], 'axes': [Decimal('20.360564054225648'), Decimal('28.676914638900247')], 'angle': -81.49033417661336}","[151.9189581451035, Decimal('168.07595039416833')]",28.676914638900247,"{'center': [0.08175847911720643, Decimal('-1.3961963589880135'), 90.17252088253979], 'radius': 12.0}","{'center': [Decimal('160.56214749855667'), Decimal('110.40016033598343')], 'axes': [165.0170124375577, 165.0170124375577], 'angle': 90.0}",0.8935064966678175,120,8281.920388,2.2674555815238353,-1.6950769784388906,"[0.4747467442034484, Decimal('0.29968354002429864')]",pupil.1,1,3d c++,1581666761.7863624,0.4747467442034484,0.29968354002429864
"{'center': [Decimal('-1.0559456488191852'), 6.283971898943413, 81.02262225757464], 'normal': [-0.09480867732803264, 0.6400140214942855, -0.7624915520804288], 'radius': Decimal('1.8617558133400933')}",0.998809443687703,8721.344207,3.7235116266801866,"{'center': [Decimal('151.94159374307588'), 167.9369503509646], 'axes': [Decimal('20.280578803848464'), 28.49617298715816], 'angle': -81.49210853640545}","[Decimal('151.94159374307588'), 167.9369503509646]",28.49617298715816,"{'center': [0.08175847911720643, Decimal('-1.3961963589880135'), 90.17252088253979], 'radius': 12.0}","{'center': [Decimal('160.56214749855667'), Decimal('110.40016033598343')], 'axes': [165.0170124375577, 165.0170124375577], 'angle': 90.0}",0.8937377948022185,120,8281.920388,2.265312840806053,-1.6945020395024408,"[Decimal('0.47481748044711214'), 0.3002627068709809]",pupil.1,1,3d c++,1581666761.7938108,0.47481748044711214,0.3002627068709809
"{'center': [Decimal('-1.0536830825514556'), 6.300747891436486, 81.03644833106053], 'normal': [-0.09462013013905515, 0.6414120208687083, -0.7613393792899379], 'radius': Decimal('1.8653257175986795')}",0.9983628112324939,8721.352607,3.730651435197359,"{'center': [Decimal('151.96027311787654'), Decimal('168.05653954041034')], 'axes': [20.27664882093358, 28.54596692236332], 'angle': -81.52757158899959}","[Decimal('151.96027311787654'), Decimal('168.05653954041034')]",28.54596692236332,"{'center': [0.08175847911720643, Decimal('-1.3961963589880135'), 90.17252088253979], 'radius': 12.0}","{'center': [Decimal('160.56214749855667'), Decimal('110.40016033598343')], 'axes': [165.0170124375577, 165.0170124375577], 'angle': 90.0}",0.8934487799085233,120,8281.920388,2.267133673786347,-1.694443463589441,"[0.4748758534933642, 0.2997644185816236]",pupil.1,1,3d c++,1581666761.8019538,0.4748758534933642,0.2997644185816236
"{'center': [Decimal('-1.0476707237902727'), 6.293368011077622, 81.02949132586456], 'normal': [-0.09411910024228992, 0.6407970308388029, -0.761919129722936], 'radius': 1.865548630640361}",0.9983831169015136,8721.361007,3.731097261280722,"{'center': [Decimal('152.00550011884573'), Decimal('168.00414714249646')], 'axes': [20.3006526536178, 28.55182368008733], 'angle': -81.56389323086454}","[Decimal('152.00550011884573'), Decimal('168.00414714249646')]",28.55182368008733,"{'center': [0.08175847911720643, Decimal('-1.3961963589880135'), 90.17252088253979], 'radius': 12.0}","{'center': [Decimal('160.56214749855667'), Decimal('110.40016033598343')], 'axes': [165.0170124375577, 165.0170124375577], 'angle': 90.0}",0.8937456858342574,120,8281.920388,2.2663323353049982,-1.6937026805993556,"[0.4750171878713929, Decimal('0.29998272023959804')]",pupil.1,1,3d c++,1581666761.809984,0.4750171878713929,0.29998272023959804
"{'center': [-1.062726122246831, 6.300300528084394, 81.03719983374651], 'normal': [-0.09537371678033645, 0.6413747405893673, -0.7612767540661057], 'radius': Decimal('1.8737090356110644')}",0.9986585474459458,8721.369407,3.7474180712221288,"{'center': [Decimal('151.89153029999846'), Decimal('168.05134785810668')], 'axes': [20.36544655460836, 28.67402509828533], 'angle': -81.460173279761}","[Decimal('151.89153029999846'), Decimal('168.05134785810668')]",28.67402509828533,"{'center': [0.08175847911720643, Decimal('-1.3961963589880135'), 90.17252088253979], 'radius': 12.0}","{'center': [Decimal('160.56214749855667'), Decimal('110.40016033598343')], 'axes': [165.0170124375577, 165.0170124375577], 'angle': 90.0}",0.8938025652412751,120,8281.920388,2.2670850819101225,-1.6954282522012982,"[0.4746610321874952, 0.2997860505912222]",pupil.1,1,3d c++,1581666761.818357,0.4746610321874952,0.2997860505912222
"{'center': [-1.057333671981419, 6.282348220602505, 81.02143230190924], 'normal': [-0.09492434592488544, 0.6398787149658766, -0.7625907150525446], 'radius': Decimal('1.8681408192657583')}",0.9994838597933359,8721.377807,3.7362816385315165,"{'center': [Decimal('151.93103498620758'), Decimal('167.92420886573038')], 'axes': [Decimal('20.353852137911925'), Decimal('28.594343112704678')], 'angle': -81.47999885518558}","[Decimal('151.93103498620758'), Decimal('167.92420886573038')]",28.594343112704678,"{'center': [0.08175847911720643, Decimal('-1.3961963589880135'), 90.17252088253979], 'radius': 12.0}","{'center': [Decimal('160.56214749855667'), Decimal('110.40016033598343')], 'axes': [165.0170124375577, 165.0170124375577], 'angle': 90.0}",0.8940107534128217,120,8281.920388,2.265136756628791,-1.694635484046819,"[0.4747844843318987, Decimal('0.30031579639279005')]",pupil.1,1,3d c++,1581666761.826666,0.4747844843318987,0.30031579639279005
"{'center': [Decimal('-1.0472150415451271'), 6.292985456058026, 81.0291133227288], 'normal': [-0.09408112672186113, 0.6407651512538366, -0.7619506299842485], 'radius': Decimal('1.8582154437661065')}",0.9979640477476349,8721.386207,3.716430887532213,"{'center': [Decimal('152.00877109954698'), Decimal('168.00261824312588')], 'axes': [Decimal('20.221987159007536'), 28.43969831620489], 'angle': -81.56684538439734}","[Decimal('152.00877109954698'), Decimal('168.00261824312588')]",28.43969831620489,"{'center': [0.08175847911720643, Decimal('-1.3961963589880135'), 90.17252088253979], 'radius': 12.0}","{'center': [Decimal('160.56214749855667'), Decimal('110.40016033598343')], 'axes': [165.0170124375577, 165.0170124375577], 'angle': 90.0}",0.8936947563208952,120,8281.920388,2.2662908104864936,-1.693648561919435,"[0.4750274096860843, 0.2999890906536422]",pupil.1,1,3d c++,1581666761.833727,0.4750274096860843,0.2999890906536422
"{'center': [-1.058853264734102, Decimal('6.2853257440492305'), 81.02412085683372], 'normal': [-0.0950509786542757, 0.6401268419197703, -0.7623666688088389], 'radius': Decimal('1.8559579496993615')}",0.9982612023207079,8721.394607,3.711915899398723,"{'center': [Decimal('151.91940766019576'), 167.947358790301], 'axes': [Decimal('20.212760901282163'), 28.40688703469075], 'angle': -81.47207017671231}","[Decimal('151.91940766019576'), 167.947358790301]",28.40688703469075,"{'center': [0.08175847911720643, Decimal('-1.3961963589880135'), 90.17252088253979], 'radius': 12.0}","{'center': [Decimal('160.56214749855667'), Decimal('110.40016033598343')], 'axes': [165.0170124375577, 165.0170124375577], 'angle': 90.0}",0.8937021834881542,120,8281.920388,2.265459681937521,-1.694835072638845,"[Decimal('0.47474814893811174'), 0.3002193383737458]",pupil.1,1,3d c++,1581666761.842113,0.47474814893811174,0.3002193383737458
"{'center': [Decimal('-1.0565861623579937'), 6.276271085007364, 81.01624353865948], 'normal': [-0.09486205345626668, 0.6393722869996148, -0.7630231119900253], 'radius': Decimal('1.8600625301916107')}",0.9927328908088495,8721.403007,3.7201250603832214,"{'center': [Decimal('151.93605149292472'), 167.8820676885311], 'axes': [Decimal('20.281841758890273'), 28.47248587320362], 'angle': -81.47873289195242}","[Decimal('151.93605149292472'), 167.8820676885311]",28.47248587320362,"{'center': [0.08175847911720643, Decimal('-1.3961963589880135'), 90.17252088253979], 'radius': 12.0}","{'center': [Decimal('160.56214749855667'), Decimal('110.40016033598343')], 'axes': [165.0170124375577, 165.0170124375577], 'angle': 90.0}",0.8944441093524769,120,8281.920388,2.26447793424401,-1.6944856248621816,"[Decimal('0.47480016091538974'), Decimal('0.30049138463112046')]",pupil.1,1,3d c++,1581666761.851723,0.47480016091538974,0.30049138463112046
"{'center': [Decimal('-1.0592167865779754'), 6.273859993786271, 81.01455107540794], 'normal': [-0.09508127214126515, 0.6391713627311904, -0.7631641505943211], 'radius': 1.862954840334463}",0.9990606313865089,8721.411407,3.725909680668926,"{'center': [Decimal('151.91587525864418'), Decimal('167.86416080219905')], 'axes': [20.31862418071556, 28.51736352257258], 'angle': -81.45650041922835}","[Decimal('151.91587525864418'), Decimal('167.86416080219905')]",28.51736352257258,"{'center': [0.08175847911720643, Decimal('-1.3961963589880135'), 90.17252088253979], 'radius': 12.0}","{'center': [Decimal('160.56214749855667'), Decimal('110.40016033598343')], 'axes': [165.0170124375577, 165.0170124375577], 'angle': 90.0}",0.8949811671207342,120,8281.920388,2.264216647799082,-1.6947458675699976,"[Decimal('0.47473711018326303'), Decimal('0.30056599665750394')]",pupil.1,1,3d c++,1581666761.8606038,0.47473711018326303,0.30056599665750394
"{'center': [Decimal('-1.0563168484254652'), 6.274861398173765, 81.0150290078436], 'normal': [-0.09483961062855596, 0.6392548130968149, -0.7631243228913492], 'radius': Decimal('1.8652014475229217')}",0.9992678671247421,8721.419807,3.7304028950458434,"{'center': [151.938111674017, Decimal('167.87117306710843')], 'axes': [Decimal('20.341667059000695'), Decimal('28.551593029754095')], 'angle': -81.47915064043643}","[151.938111674017, Decimal('167.87117306710843')]",28.551593029754095,"{'center': [0.08175847911720643, Decimal('-1.3961963589880135'), 90.17252088253979], 'radius': 12.0}","{'center': [Decimal('160.56214749855667'), Decimal('110.40016033598343')], 'axes': [165.0170124375577, 165.0170124375577], 'angle': 90.0}",0.8950894001252263,120,8281.920388,2.2643251616436912,-1.6944404253752996,"[0.4748065989813031, 0.3005367788870482]",pupil.1,1,3d c++,1581666761.873343,0.4748065989813031,0.3005367788870482
"{'center': [-1.055359789865647, 6.273914019691362, 81.01411660989379], 'normal': [-0.09475985574857111, 0.6391758648899479, -0.7632003560538326], 'radius': Decimal('1.8718378649498126')}",0.9991828018796203,8721.428207,3.7436757298996253,"{'center': [Decimal('151.94548670209093'), Decimal('167.86339206227768')], 'axes': [20.41691784327524, 28.65352449738627], 'angle': -81.48519273124899}","[Decimal('151.94548670209093'), Decimal('167.86339206227768')]",28.65352449738627,"{'center': [0.08175847911720643, Decimal('-1.3961963589880135'), 90.17252088253979], 'radius': 12.0}","{'center': [Decimal('160.56214749855667'), Decimal('110.40016033598343')], 'axes': [165.0170124375577, 165.0170124375577], 'angle': 90.0}",0.8949889783871678,120,8281.920388,2.264222501886234,-1.6943253198406416,"[Decimal('0.47482964594403415'), Decimal('0.30056919974050966')]",pupil.1,1,3d c++,1581666761.879176,0.47482964594403415,0.30056919974050966
"{'center': [Decimal('-1.0559457053854289'), 6.280276156238933, 81.0195214336416], 'normal': [-0.09480868204188628, 0.6397060429355789, -0.7627499540748487], 'radius': Decimal('1.8700877398534037')}",0.9994173946693471,8721.436607,3.7401754797068074,"{'center': [151.9414918232353, 167.9091662938624], 'axes': [Decimal('20.381017691783082'), 28.62482324404017], 'angle': -81.48797202395687}","[151.9414918232353, 167.9091662938624]",28.62482324404017,"{'center': [0.08175847911720643, Decimal('-1.3961963589880135'), 90.17252088253979], 'radius': 12.0}","{'center': [Decimal('160.56214749855667'), Decimal('110.40016033598343')], 'axes': [165.0170124375577, 165.0170124375577], 'angle': 90.0}",0.8951359181084473,120,8281.920388,2.264912083507954,-1.6944605629961342,"[Decimal('0.47481716194761037'), Decimal('0.30037847377557336')]",pupil.1,1,3d c++,1581666761.886975,0.47481716194761037,0.30037847377557336
"{'center': [Decimal('-1.0605242079971477'), 6.275057695109467, 81.01571731905696], 'normal': [-0.09519022392619618, 0.63927117117479, -0.7630669636235687], 'radius': 1.879831654023754}",0.9995567371847085,8721.445006,3.759663308047508,"{'center': [Decimal('151.90640820164938'), 167.8699219873414], 'axes': [Decimal('20.499127151849546'), Decimal('28.775351748887058')], 'angle': -81.44814341095991}","[Decimal('151.90640820164938'), 167.8699219873414]",28.775351748887058,"{'center': [0.08175847911720643, Decimal('-1.3961963589880135'), 90.17252088253979], 'radius': 12.0}","{'center': [Decimal('160.56214749855667'), Decimal('110.40016033598343')], 'axes': [165.0170124375577, 165.0170124375577], 'angle': 90.0}",0.8953294214831597,120,8281.920388,2.2643464338534858,-1.6949020890048216,"[Decimal('0.47470752563015434'), 0.3005419917194109]",pupil.1,1,3d c++,1581666761.896328,0.47470752563015434,0.3005419917194109
"{'center': [Decimal('-1.0541905517219268'), 6.288435376721032, 81.02615248377796], 'normal': [-0.09466241923659444, 0.6403859779757538, -0.7621973665634857], 'radius': 1.869698587370982}",0.9984947359520236,8721.453406,3.739397174741964,"{'center': [Decimal('151.95551590700674'), Decimal('167.96773373031183')], 'axes': [Decimal('20.356179168183086'), Decimal('28.616528822622946')], 'angle': -81.51010344331414}","[Decimal('151.95551590700674'), Decimal('167.96773373031183')]",28.616528822622946,"{'center': [0.08175847911720643, Decimal('-1.3961963589880135'), 90.17252088253979], 'radius': 12.0}","{'center': [Decimal('160.56214749855667'), Decimal('110.40016033598343')], 'axes': [165.0170124375577, 165.0170124375577], 'angle': 90.0}",0.8952477359154165,120,8281.920388,2.2657970278458297,-1.6943603296197607,"[Decimal('0.47486098720939607'), 0.3001344427903674]",pupil.1,1,3d c++,1581666761.902209,0.47486098720939607,0.3001344427903674
"{'center': [Decimal('-1.0556486659202244'), 6.293938850280824, 81.03096054255506], 'normal': [-0.09478392875311924, 0.6408446007724031, -0.7617966949987266], 'radius': Decimal('1.8583650150889757')}",0.9990942706092956,8721.461806,3.7167300301779513,"{'center': [Decimal('151.94458196919953'), Decimal('168.00881793348705')], 'axes': [20.21788190446731, 28.44134188450423], 'angle': -81.50544155128787}","[Decimal('151.94458196919953'), Decimal('168.00881793348705')]",28.44134188450423,"{'center': [0.08175847911720643, Decimal('-1.3961963589880135'), 90.17252088253979], 'radius': 12.0}","{'center': [Decimal('160.56214749855667'), Decimal('110.40016033598343')], 'axes': [165.0170124375577, 165.0170124375577], 'angle': 90.0}",0.8954146281987541,120,8281.920388,2.2663943002954494,-1.6945817341888103,"[Decimal('0.47482681865374854'), 0.2999632586104706]",pupil.1,1,3d c++,1581666761.910309,0.47482681865374854,0.2999632586104706
"{'center': [Decimal('-1.0501691729059788'), 6.27578314102533, 81.01503922315547], 'normal': [-0.09432730433526543, 0.639331625001112, -0.7631234716153603], 'radius': 1.873325211633417}",0.99889760280597,8721.470206,3.746650423266834,"{'center': [Decimal('151.98523317882137'), Decimal('167.87689608200853')], 'axes': [20.43029455211109, Decimal('28.675971241611414')], 'angle': -81.52581676434968}","[Decimal('151.98523317882137'), Decimal('167.87689608200853')]",28.675971241611414,"{'center': [0.08175847911720643, Decimal('-1.3961963589880135'), 90.17252088253979], 'radius': 12.0}","{'center': [Decimal('160.56214749855667'), Decimal('110.40016033598343')], 'axes': [165.0170124375577, 165.0170124375577], 'angle': 90.0}",0.8953941946510113,120,8281.920388,2.264425051884045,-1.693779390492653,"[0.4749538536838168, 0.3005129329916312]",pupil.1,1,3d c++,1581666761.9182632,0.4749538536838168,0.3005129329916312
"{'center': [Decimal('-1.0524519600132156'), 6.277025564957181, 81.01636273702623], 'normal': [-0.09451753659420183, 0.6394351603287661, -0.763013178792797], 'radius': Decimal('1.8671069668826434')}",0.9988857559418867,8721.478606,3.734213933765287,"{'center': [Decimal('151.96778758951515'), Decimal('167.88662910175586')], 'axes': [Decimal('20.358332777734386'), 28.58029859155986], 'angle': -81.51025939702986}","[Decimal('151.96778758951515'), Decimal('167.88662910175586')]",28.58029859155986,"{'center': [0.08175847911720643, Decimal('-1.3961963589880135'), 90.17252088253979], 'radius': 12.0}","{'center': [Decimal('160.56214749855667'), Decimal('110.40016033598343')], 'axes': [165.0170124375577, 165.0170124375577], 'angle': 90.0}",0.8953633328218191,120,8281.920388,2.264559707799251,-1.6940425455281636,"[Decimal('0.47489933621723485'), Decimal('0.30047237874268395')]",pupil.1,1,3d c++,1581666761.926579,0.47489933621723485,0.30047237874268395
"{'center': [Decimal('-1.0614026135987247'), 6.295230445826575, 81.03276506401377], 'normal': [-0.09526342439299425, 0.640952233734549, -0.7616463182105013], 'radius': Decimal('1.8759455823186562')}",0.9986234139481264,8721.487006,3.7518911646373123,"{'center': [151.9012557914491, Decimal('168.01482163469257')], 'axes': [20.40358881720235, Decimal('28.709826590623184')], 'angle': -81.46428618845772}","[151.9012557914491, Decimal('168.01482163469257')]",28.709826590623184,"{'center': [0.08175847911720643, Decimal('-1.3961963589880135'), 90.17252088253979], 'radius': 12.0}","{'center': [Decimal('160.56214749855667'), Decimal('110.40016033598343')], 'axes': [165.0170124375577, 165.0170124375577], 'angle': 90.0}",0.8953307537276856,120,8281.920388,2.2665345157182815,-1.6952258275793959,"[Decimal('0.47469142434827843'), Decimal('0.29993824318878093')]",pupil.1,1,3d c++,1581666761.934623,0.47469142434827843,0.29993824318878093
"{'center': [Decimal('-1.0658012223077713'), 6.294367937587318, 81.03259049265682], 'normal': [-0.09562997511874814, 0.6408803580479443, -0.7616608658235805], 'radius': Decimal('1.8704571074392242')}",0.9986601525799255,8721.495406,3.7409142148784484,"{'center': [151.8675385878327, 168.0092233415458], 'axes': [Decimal('20.344392819438156'), Decimal('28.625872991908466')], 'angle': -81.43076108561701}","[151.8675385878327, 168.0092233415458]",28.625872991908466,"{'center': [0.08175847911720643, Decimal('-1.3961963589880135'), 90.17252088253979], 'radius': 12.0}","{'center': [Decimal('160.56214749855667'), Decimal('110.40016033598343')], 'axes': [165.0170124375577, 165.0170124375577], 'angle': 90.0}",0.8952829398378603,120,8281.920388,2.266440880129724,-1.695697286789949,"[Decimal('0.47458605808697724'), 0.2999615694102258]",pupil.1,1,3d c++,1581666761.944368,0.47458605808697724,0.2999615694102258
"{'center': [Decimal('-1.0656383057110461'), 6.301925699380716, 81.0389346540848], 'normal': [-0.09561639873568771, 0.6415101715307274, -0.7611321857045822], 'radius': 1.863254617839566}",0.9977289466237185,8721.503806,3.726509235679132,"{'center': [Decimal('151.86922593538586'), Decimal('168.06444182012442')], 'axes': [20.24638748949886, Decimal('28.513393148769524')], 'angle': -81.44045894288536}","[Decimal('151.86922593538586'), Decimal('168.06444182012442')]",28.513393148769524,"{'center': [0.08175847911720643, Decimal('-1.3961963589880135'), 90.17252088253979], 'radius': 12.0}","{'center': [Decimal('160.56214749855667'), Decimal('110.40016033598343')], 'axes': [165.0170124375577, 165.0170124375577], 'angle': 90.0}",0.8949774225311402,120,8281.920388,2.2672616148019746,-1.6957655822993312,"[0.4745913310480808, Decimal('0.29973149241614827')]",pupil.1,1,3d c++,1581666761.956092,0.4745913310480808,0.29973149241614827
"{'center': [-1.065934221806415, 6.27857240228247, 81.01933969099368], 'normal': [-0.09564105841030178, 0.6395640634392069, -0.7627650992955087], 'radius': Decimal('1.8752049258841303')}",0.998016685507766,8721.512206,3.7504098517682607,"{'center': [Decimal('151.86535219524248'), Decimal('167.89543977158826')], 'axes': [Decimal('20.437340553010408'), Decimal('28.703232935152126')], 'angle': -81.4119704769987}","[Decimal('151.86535219524248'), Decimal('167.89543977158826')]",28.703232935152126,"{'center': [0.08175847911720643, Decimal('-1.3961963589880135'), 90.17252088253979], 'radius': 12.0}","{'center': [Decimal('160.56214749855667'), Decimal('110.40016033598343')], 'axes': [165.0170124375577, 165.0170124375577], 'angle': 90.0}",0.8947171027649747,120,8281.920388,2.2647273776088612,-1.6955326473636148,"[Decimal('0.47457922561013277'), Decimal('0.30043566761838225')]",pupil.1,1,3d c++,1581666761.962574,0.47457922561013277,0.30043566761838225
"{'center': [Decimal('-1.0664704323941463'), 6.300336439222709, 81.0376999618629], 'normal': [-0.09568574262594606, 0.6413777331842269, -0.7612350767230737], 'radius': Decimal('1.8849580485944981')}",0.9989953052321298,8721.520606,3.7699160971889962,"{'center': [151.8632728973531, 168.04951746227], 'axes': [Decimal('20.486188390420363'), 28.846034471045], 'angle': -81.4325196375868}","[151.8632728973531, 168.04951746227]",28.846034471045,"{'center': [0.08175847911720643, Decimal('-1.3961963589880135'), 90.17252088253979], 'radius': 12.0}","{'center': [Decimal('160.56214749855667'), Decimal('110.40016033598343')], 'axes': [165.0170124375577, 165.0170124375577], 'angle': 90.0}",0.8948977468372088,120,8281.920388,2.2670889824464147,-1.6958385443654473,"[0.4745727278042285, Decimal('0.29979367724054173')]",pupil.1,1,3d c++,1581666761.97031,0.4745727278042285,0.29979367724054173
"{'center': [-1.053834127189266, 6.278518421077365, 81.01778536057367], 'normal': [-0.09463271719220602, 0.6395595650054482, -0.7628946268305092], 'radius': Decimal('1.8727309187977494')}",0.9986055231351908,8721.529006,3.745461837595499,"{'center': [151.9575058614888, Decimal('167.89631045027252')], 'axes': [Decimal('20.415248494712714'), 28.66590310285145], 'angle': -81.50167075126085}","[151.9575058614888, Decimal('167.89631045027252')]",28.66590310285145,"{'center': [0.08175847911720643, Decimal('-1.3961963589880135'), 90.17252088253979], 'radius': 12.0}","{'center': [Decimal('160.56214749855667'), Decimal('110.40016033598343')], 'axes': [165.0170124375577, 165.0170124375577], 'angle': 90.0}",0.8948464469019979,120,8281.920388,2.2647215259091076,-1.6942101975179813,"[0.4748672058171525, 0.3004320397905311]",pupil.1,1,3d c++,1581666761.980103,0.4748672058171525,0.3004320397905311
"{'center': [Decimal('-1.0614270159447712'), Decimal('6.2950442055537685'), 81.03261139161883], 'normal': [-0.09526545792183147, 0.6409367137118152, -0.7616591242434128], 'radius': 1.864566528545601}",0.9980954509943497,8721.537406,3.729133057091202,"{'center': [151.9007850971583, 168.0153194998639], 'axes': [20.28024597869413, Decimal('28.535694537520502')], 'angle': -81.4638973382961}","[151.9007850971583, 168.0153194998639]",28.535694537520502,"{'center': [0.08175847911720643, Decimal('-1.3961963589880135'), 90.17252088253979], 'radius': 12.0}","{'center': [Decimal('160.56214749855667'), Decimal('110.40016033598343')], 'axes': [165.0170124375577, 165.0170124375577], 'angle': 90.0}",0.8946073755966011,120,8281.920388,2.2665142964887446,-1.6952263857747192,"[Decimal('0.47468995342861964'), Decimal('0.29993616875056717')]",pupil.1,1,3d c++,1581666761.987844,0.47468995342861964,0.29993616875056717
"{'center': [Decimal('-1.0646992801637374'), 6.287830345370716, 81.026955388111], 'normal': [-0.09553814660674531, 0.6403355586965608, -0.7621304578690654], 'radius': 1.871731116267687}",0.9990283604127238,8721.545806,3.743462232535374,"{'center': [Decimal('151.87543325509998'), Decimal('167.96233139120767')], 'axes': [Decimal('20.375781674029117'), Decimal('28.647362200736957')], 'angle': -81.43156398968289}","[Decimal('151.87543325509998'), Decimal('167.96233139120767')]",28.647362200736957,"{'center': [0.08175847911720643, Decimal('-1.3961963589880135'), 90.17252088253979], 'radius': 12.0}","{'center': [Decimal('160.56214749855667'), Decimal('110.40016033598343')], 'axes': [165.0170124375577, 165.0170124375577], 'angle': 90.0}",0.8946675174942964,120,8281.920388,2.2657313840909237,-1.6955025019901138,"[0.4746107289221874, Decimal('0.30015695253663466')]",pupil.1,1,3d c++,1581666761.9946382,0.4746107289221874,0.30015695253663466
"{'center': [Decimal('-1.0572798221152155'), 6.285055415715591, 81.02369784774791], 'normal': [-0.09491985843603516, 0.6401043145586337, -0.7624019195659889], 'radius': Decimal('1.8673353850819405')}",0.9979405458998319,8721.554206,3.734670770163881,"{'center': [151.9316449051318, Decimal('167.94371298282246')], 'axes': [Decimal('20.338043015760704'), Decimal('28.581214919737953')], 'angle': -81.48342990878824}","[151.9316449051318, Decimal('167.94371298282246')]",28.581214919737953,"{'center': [0.08175847911720643, Decimal('-1.3961963589880135'), 90.17252088253979], 'radius': 12.0}","{'center': [Decimal('160.56214749855667'), Decimal('110.40016033598343')], 'axes': [165.0170124375577, 165.0170124375577], 'angle': 90.0}",0.8943374001275539,120,8281.920388,2.2654303600738253,-1.6946600418123483,"[Decimal('0.47478639032853687'), 0.3002345292382398]",pupil.1,1,3d c++,1581666762.002024,0.47478639032853687,0.3002345292382398
"{'center': [Decimal('-1.0687625400611178'), 6.279309675004792, 81.0203130337981], 'normal': [-0.09587675159819369, 0.6396255028327338, -0.7626839873951404], 'radius': Decimal('1.8786194823519367')}",0.9984814488717614,8721.562606,3.7572389647038733,"{'center': [Decimal('151.84393987669802'), 167.8999624959781], 'axes': [20.47152187751758, Decimal('28.755165979593453')], 'angle': -81.39183034809939}","[Decimal('151.84393987669802'), 167.8999624959781]",28.755165979593453,"{'center': [0.08175847911720643, Decimal('-1.3961963589880135'), 90.17252088253979], 'radius': 12.0}","{'center': [Decimal('160.56214749855667'), Decimal('110.40016033598343')], 'axes': [165.0170124375577, 165.0170124375577], 'angle': 90.0}",0.8941900783735579,120,8281.920388,2.2648073026966853,-1.695850011205635,"[0.4745123121146813, Decimal('0.30041682293342464')]",pupil.1,1,3d c++,1581666762.012604,0.4745123121146813,0.30041682293342464
"{'center': [Decimal('-1.0656249193519436'), 6.307656704310912, 81.04376634996432], 'normal': [-0.0956152832057625, 0.6419877552749105, -0.7607295443812889], 'radius': Decimal('1.8727486977496803')}",0.9977290837565663,8721.571006,3.7454973954993607,"{'center': [Decimal('151.87002146485167'), Decimal('168.10389264667148')], 'axes': [Decimal('20.334573730803033'), Decimal('28.657009305692767')], 'angle': -81.44698560538593}","[Decimal('151.87002146485167'), Decimal('168.10389264667148')]",28.657009305692767,"{'center': [0.08175847911720643, Decimal('-1.3961963589880135'), 90.17252088253979], 'radius': 12.0}","{'center': [Decimal('160.56214749855667'), Decimal('110.40016033598343')], 'axes': [165.0170124375577, 165.0170124375577], 'angle': 90.0}",0.8939419167751539,120,8281.920388,2.2678843486250284,-1.6958295957773748,"[Decimal('0.47459381707766146'), Decimal('0.29956711397220215')]",pupil.1,1,3d c++,1581666762.017781,0.47459381707766146,0.29956711397220215
"{'center': [Decimal('-1.0723088263647056'), 6.286104643449501, 81.02646271727727], 'normal': [-0.096172275456826, 0.6401917502031261, -0.762171513771877], 'radius': Decimal('1.8719270970914117')}",0.9987035180466218,8721.579406,3.7438541941828234,"{'center': [Decimal('151.81731027210517'), Decimal('167.94940885279976')], 'axes': [Decimal('20.379419333737673'), Decimal('28.650536828008857')], 'angle': -81.37324579795171}","[Decimal('151.81731027210517'), Decimal('167.94940885279976')]",28.650536828008857,"{'center': [0.08175847911720643, Decimal('-1.3961963589880135'), 90.17252088253979], 'radius': 12.0}","{'center': [Decimal('160.56214749855667'), Decimal('110.40016033598343')], 'axes': [165.0170124375577, 165.0170124375577], 'angle': 90.0}",0.893691147004616,120,8281.920388,2.26554417128676,-1.696314901705597,"[Decimal('0.47442909460032867'), 0.3002107964466677]",pupil.1,1,3d c++,1581666762.0265114,0.47442909460032867,0.3002107964466677
"{'center': [Decimal('-1.0606692137523261'), 6.300381464851821, 81.03701056465707], 'normal': [-0.0952023077391277, 0.6413814853199862, -0.7612925264902268], 'radius': Decimal('1.8686839253845051')}",0.9981423857857865,8721.587806,3.7373678507690102,"{'center': [Decimal('151.90709036999596'), Decimal('168.05288272168244')], 'axes': [20.31139897809222, Decimal('28.597173312766532')], 'angle': -81.47547896911783}","[Decimal('151.90709036999596'), Decimal('168.05288272168244')]",28.597173312766532,"{'center': [0.08175847911720643, Decimal('-1.3961963589880135'), 90.17252088253979], 'radius': 12.0}","{'center': [Decimal('160.56214749855667'), Decimal('110.40016033598343')], 'axes': [165.0170124375577, 165.0170124375577], 'angle': 90.0}",0.8938135346118647,120,8281.920388,2.267093872983279,-1.69520401444359,"[0.4747096574062374, 0.2997796553263232]",pupil.1,1,3d c++,1581666762.0386946,0.4747096574062374,0.2997796553263232
"{'center': [Decimal('-1.0888328378073895'), Decimal('6.2945323172595256'), 81.03565006167969], 'normal': [-0.09754927641038298, 0.6408940563539616, -0.7614059017383408], 'radius': Decimal('1.9015934096443141')}",0.99920403813866,8721.596206,3.8031868192886282,"{'center': [Decimal('151.69282601245175'), Decimal('168.00368298334752')], 'axes': [Decimal('20.673455038338037'), 29.10140489920196], 'angle': -81.26055965366743}","[Decimal('151.69282601245175'), Decimal('168.00368298334752')]",29.10140489920196,"{'center': [0.08175847911720643, Decimal('-1.3961963589880135'), 90.17252088253979], 'radius': 12.0}","{'center': [Decimal('160.56214749855667'), Decimal('110.40016033598343')], 'axes': [165.0170124375577, 165.0170124375577], 'angle': 90.0}",0.8940916125669163,120,8281.920388,2.26645872494519,-1.698219486531994,"[Decimal('0.47404008128891173'), Decimal('0.29998465423605203')]",pupil.1,1,3d c++,1581666762.0485818,0.47404008128891173,0.29998465423605203
"{'center': [Decimal('-1.0847231152284942'), 6.278783382379671, 81.02189212492709], 'normal': [-0.09720679952880838, 0.6395816451139736, -0.7625523964677242], 'radius': Decimal('1.8899153735748195')}",0.9987042535035024,8721.604606,3.779830747149639,"{'center': [Decimal('151.72254526361544'), Decimal('167.89321655246377')], 'axes': [Decimal('20.589648630802483'), Decimal('28.927545255151728')], 'angle': -81.27291863856101}","[Decimal('151.72254526361544'), Decimal('167.89321655246377')]",28.927545255151728,"{'center': [0.08175847911720643, Decimal('-1.3961963589880135'), 90.17252088253979], 'radius': 12.0}","{'center': [Decimal('160.56214749855667'), Decimal('110.40016033598343')], 'axes': [165.0170124375577, 165.0170124375577], 'angle': 90.0}",0.8939810751716792,120,8281.920388,2.2647502486605875,-1.6975880559788366,"[0.4741329539487983, 0.3004449310314009]",pupil.1,1,3d c++,1581666762.054683,0.4741329539487983,0.3004449310314009
"{'center': [-1.071003969163981, 6.29685065184774, 81.03533496854504], 'normal': [-0.09606353735676562, 0.6410872509029795, -0.7614321594995614], 'radius': 1.860659847368166}",0.9985609754888632,8721.613006,3.721319694736332,"{'center': [Decimal('151.82786523099838'), Decimal('168.02817961636384')], 'axes': [20.2292825074769, 28.47493873905754], 'angle': -81.39506165947905}","[Decimal('151.82786523099838'), Decimal('168.02817961636384')]",28.47493873905754,"{'center': [0.08175847911720643, Decimal('-1.3961963589880135'), 90.17252088253979], 'radius': 12.0}","{'center': [Decimal('160.56214749855667'), Decimal('110.40016033598343')], 'axes': [165.0170124375577, 165.0170124375577], 'angle': 90.0}",0.8938092219610172,120,8281.920388,2.2667104282634023,-1.696294935477782,"[0.47446207884687, 0.2998825849318173]",pupil.1,1,3d c++,1581666762.0632489,0.47446207884687,0.2998825849318173
"{'center': [Decimal('-1.0525260113354393'), 6.293399681834993, 81.03011904146554], 'normal': [-0.09452370753772046, 0.6407996700685838, -0.7618668200895204], 'radius': Decimal('1.8809969466864374')}",0.9986657183969834,8721.621406,3.7619938933728747,"{'center': [Decimal('151.96886684219152'), 168.0015399265711], 'axes': [Decimal('20.466855359672376'), Decimal('28.788088043761665')], 'angle': -81.52796493635581}","[Decimal('151.96886684219152'), 168.0015399265711]",28.788088043761665,"{'center': [0.08175847911720643, Decimal('-1.3961963589880135'), 90.17252088253979], 'radius': 12.0}","{'center': [Decimal('160.56214749855667'), Decimal('110.40016033598343')], 'axes': [165.0170124375577, 165.0170124375577], 'angle': 90.0}",0.8934621684766553,120,8281.920388,2.266335773103647,-1.6942340911173606,"[0.4749027088818485, 0.2999935836392871]",pupil.1,1,3d c++,1581666762.0708456,0.4749027088818485,0.2999935836392871
"{'center': [Decimal('-1.0670693061496739'), 6.277888784682834, 81.01890892181689], 'normal': [-0.09573564877224001, 0.639507095305904, -0.7628009967269076], 'radius': Decimal('1.8918390724173413')}",0.9988150302221667,8721.629806,3.7836781448346826,"{'center': [Decimal('151.85704599134917'), Decimal('167.88776984807077')], 'axes': [Decimal('20.620063895251324'), Decimal('28.958058611220142')], 'angle': -81.4027787449429}","[Decimal('151.85704599134917'), Decimal('167.88776984807077')]",28.958058611220142,"{'center': [0.08175847911720643, Decimal('-1.3961963589880135'), 90.17252088253979], 'radius': 12.0}","{'center': [Decimal('160.56214749855667'), Decimal('110.40016033598343')], 'axes': [165.0170124375577, 165.0170124375577], 'angle': 90.0}",0.8932098554786605,120,8281.920388,2.264653273828431,-1.6956489208463257,"[Decimal('0.47455326872296616'), 0.3004676256330384]",pupil.1,1,3d c++,1581666762.0803142,0.47455326872296616,0.3004676256330384
"{'center': [Decimal('-1.0551984560634151'), 6.28673999841939, 81.02485353749645], 'normal': [-0.09474641126505179, 0.6402446964506169, -0.7623056120869446], 'radius': Decimal('1.8687377638807916')}",0.9986503359974471,8721.638206,3.737475527761583,"{'center': [Decimal('151.94767566214182'), 167.9556876633971], 'axes': [20.34974302957921, Decimal('28.602277210133174')], 'angle': -81.50074126879383}","[Decimal('151.94767566214182'), 167.9556876633971]",28.602277210133174,"{'center': [0.08175847911720643, Decimal('-1.3961963589880135'), 90.17252088253979], 'radius': 12.0}","{'center': [Decimal('160.56214749855667'), Decimal('110.40016033598343')], 'axes': [165.0170124375577, 165.0170124375577], 'angle': 90.0}",0.8929939644024887,120,8281.920388,2.2656130943844524,-1.6944514687061811,"[0.4748364864441932, Decimal('0.30018463473584545')]",pupil.1,1,3d c++,1581666762.0866725,0.4748364864441932,0.30018463473584545
"{'center': [Decimal('-1.0642572259014529'), 6.29130640607326, 81.02982165085629], 'normal': [-0.09550130875155494, 0.6406252304217728, -0.7618916026402909], 'radius': Decimal('1.8826724353625752')}",0.9988709701896606,8721.646606,3.7653448707251505,"{'center': [151.8793456243401, Decimal('167.98546201487574')], 'axes': [Decimal('20.485980196953545'), Decimal('28.813843162407313')], 'angle': -81.43874810825653}","[151.8793456243401, Decimal('167.98546201487574')]",28.813843162407313,"{'center': [0.08175847911720643, Decimal('-1.3961963589880135'), 90.17252088253979], 'radius': 12.0}","{'center': [Decimal('160.56214749855667'), Decimal('110.40016033598343')], 'axes': [165.0170124375577, 165.0170124375577], 'angle': 90.0}",0.8928891186391286,120,8281.920388,2.2661085733371396,-1.6954935911713647,"[0.4746229550760628, Decimal('0.30006057493801774')]",pupil.1,1,3d c++,1581666762.094381,0.4746229550760628,0.30006057493801774
"{'center': [Decimal('-1.0738214684428407'), 6.285543641740104, 81.02618251431774], 'normal': [-0.09629832896333725, 0.6401450000606764, -0.7621948640185038], 'radius': Decimal('1.9082964074795392')}",0.9985610816952581,8721.655006,3.8165928149590784,"{'center': [Decimal('151.80661891267056'), Decimal('167.93937096287115')], 'axes': [20.77643198656994, Decimal('29.207411650055242')], 'angle': -81.36140327292074}","[Decimal('151.80661891267056'), Decimal('167.93937096287115')]",29.207411650055242,"{'center': [0.08175847911720643, Decimal('-1.3961963589880135'), 90.17252088253979], 'radius': 12.0}","{'center': [Decimal('160.56214749855667'), Decimal('110.40016033598343')], 'axes': [165.0170124375577, 165.0170124375577], 'angle': 90.0}",0.8927120361407304,120,8281.920388,2.2654833172970306,-1.6964738837761864,"[0.4743956841020955, Decimal('0.30025262098803684')]",pupil.1,1,3d c++,1581666762.1023428,0.4743956841020955,0.30025262098803684
"{'center': [Decimal('-1.0758036353602385'), 6.29452021449643, 81.03398005057662], 'normal': [-0.09646350953978708, 0.6408930477903703, -0.7615450693302648], 'radius': Decimal('1.8826256773204406')}",0.9984687208743279,8721.663406,3.7652513546408812,"{'center': [Decimal('151.79162915122998'), Decimal('168.00762889918877')], 'axes': [20.472422988209, Decimal('28.811653473377834')], 'angle': -81.3569158568238}","[Decimal('151.79162915122998'), Decimal('168.00762889918877')]",28.811653473377834,"{'center': [0.08175847911720643, Decimal('-1.3961963589880135'), 90.17252088253979], 'radius': 12.0}","{'center': [Decimal('160.56214749855667'), Decimal('110.40016033598343')], 'axes': [165.0170124375577, 165.0170124375577], 'angle': 90.0}",0.8925556171766713,120,8281.920388,2.266457411077961,-1.6967934746404458,"[0.4743488410975937, Decimal('0.29996821292004683')]",pupil.1,1,3d c++,1581666762.1100938,0.4743488410975937,0.29996821292004683
"{'center': [Decimal('-1.0711596628351256'), 6.280508283105999, 81.02162007464064], 'normal': [-0.096076511829361, 0.6397253868411678, -0.7625750673249295], 'radius': Decimal('1.8946789310086953')}",0.9981797689008957,8721.671806,3.7893578620173907,"{'center': [Decimal('151.82615794225492'), Decimal('167.90576076610125')], 'axes': [Decimal('20.642478515100912'), Decimal('29.000570147219257')], 'angle': -81.37541567360044}","[Decimal('151.82615794225492'), Decimal('167.90576076610125')]",29.000570147219257,"{'center': [0.08175847911720643, Decimal('-1.3961963589880135'), 90.17252088253979], 'radius': 12.0}","{'center': [Decimal('160.56214749855667'), Decimal('110.40016033598343')], 'axes': [165.0170124375577, 165.0170124375577], 'angle': 90.0}",0.8922839544253658,120,8281.920388,2.2649372508426473,-1.696125557266952,"[Decimal('0.47445674356954665'), Decimal('0.30039266347457816')]",pupil.1,1,3d c++,1581666762.1223788,0.47445674356954665,0.30039266347457816
"{'center': [-1.061922978268075, 6.277258502943926, 81.01773616601443], 'normal': [-0.09530678811544012, 0.6394545718276616, -0.7628987263771126], 'radius': Decimal('1.8891655546337967')}",0.9983067906109809,8721.680206,3.7783311092675933,"{'center': [Decimal('151.89614939439147'), Decimal('167.88406014009064')], 'axes': [20.5946126658882, Decimal('28.917543303898746')], 'angle': -81.44024179681163}","[Decimal('151.89614939439147'), Decimal('167.88406014009064')]",28.917543303898746,"{'center': [0.08175847911720643, Decimal('-1.3961963589880135'), 90.17252088253979], 'radius': 12.0}","{'center': [Decimal('160.56214749855667'), Decimal('110.40016033598343')], 'axes': [165.0170124375577, 165.0170124375577], 'angle': 90.0}",0.8919289223285221,120,8281.920388,2.264584955673684,-1.6950796230764864,"[Decimal('0.47467546685747336'), 0.3004830827496223]",pupil.1,1,3d c++,1581666762.130381,0.47467546685747336,0.3004830827496223
"{'center': [Decimal('-1.0805584974662328'), 6.290186088834519, 81.0309376437484], 'normal': [-0.09685974804861992, 0.6405318706518777, -0.7617986032326156], 'radius': Decimal('1.8866072426588152')}",0.9979995532118194,8721.688606,3.7732144853176304,"{'center': [Decimal('151.75513977300426'), Decimal('167.97563854649593')], 'axes': [Decimal('20.525255223827976'), Decimal('28.873682843447828')], 'angle': -81.31680262284988}","[Decimal('151.75513977300426'), Decimal('167.97563854649593')]",28.873682843447828,"{'center': [0.08175847911720643, Decimal('-1.3961963589880135'), 90.17252088253979], 'radius': 12.0}","{'center': [Decimal('160.56214749855667'), Decimal('110.40016033598343')], 'axes': [165.0170124375577, 165.0170124375577], 'angle': 90.0}",0.8915821610237407,120,8281.920388,2.2659869941422115,-1.6972638777255442,"[0.4742348117906383, Decimal('0.30010150605626695')]",pupil.1,1,3d c++,1581666762.1385944,0.4742348117906383,0.30010150605626695
"{'center': [-1.068778404386695, 6.288251492208292, 81.02782153800463], 'normal': [-0.0958780736253251, 0.6403706542663588, -0.7620582787112627], 'radius': Decimal('1.8932362424046665')}",0.9981646879862093,8721.697006,3.786472484809333,"{'center': [Decimal('151.84490024809918'), Decimal('167.96156868274466')], 'axes': [20.60725433589474, Decimal('28.976270399028646')], 'angle': -81.40182329462282}","[Decimal('151.84490024809918'), Decimal('167.96156868274466')]",28.976270399028646,"{'center': [0.08175847911720643, Decimal('-1.3961963589880135'), 90.17252088253979], 'radius': 12.0}","{'center': [Decimal('160.56214749855667'), Decimal('110.40016033598343')], 'axes': [165.0170124375577, 165.0170124375577], 'angle': 90.0}",0.89111952206814,120,8281.920388,2.2657770766485834,-1.6959533292700406,"[Decimal('0.47451531327530994'), Decimal('0.30016013048856394')]",pupil.1,1,3d c++,1581666762.146392,0.47451531327530994,0.30016013048856394
"{'center': [Decimal('-1.1094780366858763'), 6.284077409343701, 81.02952627426767], 'normal': [-0.09926970965025689, 0.6400228140276428, -0.7619162173560102], 'radius': Decimal('1.9166349961994564')}",0.9986038609623612,8721.705406,3.833269992398913,"{'center': [151.5350434014548, Decimal('167.92491050653007')], 'axes': [Decimal('20.856469446850966'), Decimal('29.333863498901163')], 'angle': -81.09575538769965}","[151.5350434014548, Decimal('167.92491050653007')]",29.333863498901163,"{'center': [0.08175847911720643, Decimal('-1.3961963589880135'), 90.17252088253979], 'radius': 12.0}","{'center': [Decimal('160.56214749855667'), Decimal('110.40016033598343')], 'axes': [165.0170124375577, 165.0170124375577], 'angle': 90.0}",0.8908861483471364,120,8281.920388,2.265324284059615,-1.7003560434520244,"[Decimal('0.47354701062954624'), Decimal('0.30031287288945807')]",pupil.1,1,3d c++,1581666762.154887,0.47354701062954624,0.30031287288945807
"{'center': [Decimal('-1.2080697776678557'), 6.268340177706475, 81.02969731726881], 'normal': [Decimal('-0.10748568806542184'), 0.638711378057874, -0.7619019637725805], 'radius': Decimal('1.8921250738697992')}",0.9978840325685132,8721.713806,3.7842501477395984,"{'center': [150.7820121113701, Decimal('167.80872367869873')], 'axes': [Decimal('20.588666945767397'), Decimal('28.958604301119294')], 'angle': -80.34798618737541}","[150.7820121113701, Decimal('167.80872367869873')]",28.958604301119294,"{'center': [0.08175847911720643, Decimal('-1.3961963589880135'), 90.17252088253979], 'radius': 12.0}","{'center': [Decimal('160.56214749855667'), Decimal('110.40016033598343')], 'axes': [165.0170124375577, 165.0170124375577], 'angle': 90.0}",0.8905984753066254,120,8281.920388,2.2636186868708053,-1.7109469215693678,"[Decimal('0.47119378784803156'), 0.3007969846720886]",pupil.1,1,3d c++,1581666762.1626039,0.47119378784803156,0.3007969846720886
"{'center': [Decimal('-1.2180244470672232'), 6.257707688530739, 81.02220300958174], 'normal': [Decimal('-0.10831524384870247'), 0.6378253372932293, -0.7625264894131707], 'radius': 1.906949429357059}",0.9992003560138735,8721.722206,3.813898858714118,"{'center': [150.7056163652913, 167.7294044986626], 'axes': [Decimal('20.773745408138417'), Decimal('29.188234381067392')], 'angle': -80.26093164853496}","[150.7056163652913, 167.7294044986626]",29.188234381067392,"{'center': [0.08175847911720643, Decimal('-1.3961963589880135'), 90.17252088253979], 'radius': 12.0}","{'center': [Decimal('160.56214749855667'), Decimal('110.40016033598343')], 'axes': [165.0170124375577, 165.0170124375577], 'angle': 90.0}",0.8905407244998442,120,8281.920388,2.2624677062671146,-1.711900178858654,"[0.4709550511415353, Decimal('0.30112748125557254')]",pupil.1,1,3d c++,1581666762.1712382,0.4709550511415353,0.30112748125557254
"{'center': [Decimal('-1.2026310654548553'), 6.267336760858011, 81.02809068603125], 'normal': [-0.1070324620476718, 0.6386277599871687, -0.7620358497090441], 'radius': Decimal('1.8960450113503693')}",0.99774313114339,8721.730606,3.7920900227007386,"{'center': [Decimal('150.82344933078699'), 167.8013393117979], 'axes': [Decimal('20.636425855312112'), 29.01918531651338], 'angle': -80.38687104595017}","[Decimal('150.82344933078699'), 167.8013393117979]",29.01918531651338,"{'center': [0.08175847911720643, Decimal('-1.3961963589880135'), 90.17252088253979], 'radius': 12.0}","{'center': [Decimal('160.56214749855667'), Decimal('110.40016033598343')], 'axes': [165.0170124375577, 165.0170124375577], 'angle': 90.0}",0.8902616564419485,120,8281.920388,2.263510018744277,-1.7103394162125376,"[0.4713232791587093, Decimal('0.30082775286750874')]",pupil.1,1,3d c++,1581666762.177807,0.4713232791587093,0.30082775286750874
"{'center': [-1.200203534016608, 6.263074166761111, 81.02417958970027], 'normal': [Decimal('-0.10683016776115119'), 0.638272543812427, -0.7623617744032932], 'radius': 1.890462620658806}",0.9981301727662083,8721.739006,3.780925241317612,"{'center': [Decimal('150.84139902980638'), Decimal('167.77193022878978')], 'axes': [20.58793476839484, 28.93511954467015], 'angle': -80.39942458063769}","[Decimal('150.84139902980638'), Decimal('167.77193022878978')]",28.93511954467015,"{'center': [0.08175847911720643, Decimal('-1.3961963589880135'), 90.17252088253979], 'radius': 12.0}","{'center': [Decimal('160.56214749855667'), Decimal('110.40016033598343')], 'axes': [165.0170124375577, 165.0170124375577], 'angle': 90.0}",0.890054357867176,120,8281.920388,2.2630484971387697,-1.7100202974032928,"[Decimal('0.47137937196814494'), Decimal('0.30095029071337587')]",pupil.1,1,3d c++,1581666762.18694,0.47137937196814494,0.30095029071337587
"{'center': [Decimal('-1.2067325903277837'), 6.264513610775338, 81.02630234572749], 'normal': [-0.1073742557870825, 0.6383924974802793, -0.7621848780676915], 'radius': 1.877799649417259}",0.9974948742366441,8721.747406,3.755599298834518,"{'center': [150.7914591401739, 167.7837611330573], 'axes': [Decimal('20.443314783984835'), Decimal('28.740507927392848')], 'angle': -80.35301211031005}","[150.7914591401739, 167.7837611330573]",28.740507927392848,"{'center': [0.08175847911720643, Decimal('-1.3961963589880135'), 90.17252088253979], 'radius': 12.0}","{'center': [Decimal('160.56214749855667'), Decimal('110.40016033598343')], 'axes': [165.0170124375577, 165.0170124375577], 'angle': 90.0}",0.8899663185364948,120,8281.920388,2.2632043295453492,-1.710752224321835,"[0.4712233098130435, 0.3009009952789279]",pupil.1,1,3d c++,1581666762.194612,0.4712233098130435,0.3009009952789279
"{'center': [Decimal('-1.2000913875526482'), 6.250859842243987, 81.01395154150634], 'normal': [Decimal('-0.10682082222248789'), 0.637254683436, -0.7632141117527866], 'radius': Decimal('1.8910056082538234')}",0.9988578133724694,8721.755806,3.7820112165076467,"{'center': [Decimal('150.84115359542037'), Decimal('167.68440260420823')], 'axes': [Decimal('20.625994408698606'), Decimal('28.947077217205305')], 'angle': -80.38482408171521}","[Decimal('150.84115359542037'), Decimal('167.68440260420823')]",28.947077217205305,"{'center': [0.08175847911720643, Decimal('-1.3961963589880135'), 90.17252088253979], 'radius': 12.0}","{'center': [Decimal('160.56214749855667'), Decimal('110.40016033598343')], 'axes': [165.0170124375577, 165.0170124375577], 'angle': 90.0}",0.8899525304847278,120,8281.920388,2.261726998684365,-1.7098548041504322,"[0.4713786049856886, Decimal('0.30131498914913235')]",pupil.1,1,3d c++,1581666762.20668,0.4713786049856886,0.30131498914913235
"{'center': [Decimal('-1.1916280354934743'), 6.249588555911839, 81.0117097929311], 'normal': [-0.1061155428842234, 0.637148742908321, -0.7634009241340574], 'radius': Decimal('1.9034149263986269')}",0.9990017206360349,8721.764206,3.8068298527972537,"{'center': [150.9058468182514, Decimal('167.67394484332493')], 'axes': [Decimal('20.768542458022704'), Decimal('29.137883190435854')], 'angle': -80.44587111845628}","[150.9058468182514, Decimal('167.67394484332493')]",29.137883190435854,"{'center': [0.08175847911720643, Decimal('-1.3961963589880135'), 90.17252088253979], 'radius': 12.0}","{'center': [Decimal('160.56214749855667'), Decimal('110.40016033598343')], 'axes': [165.0170124375577, 165.0170124375577], 'angle': 90.0}",0.8899537199010155,120,8281.920388,2.2615895380246744,-1.7089149739454887,"[Decimal('0.47158077130703563'), Decimal('0.30135856315281273')]",pupil.1,1,3d c++,1581666762.216397,0.47158077130703563,0.30135856315281273
"{'center': [Decimal('-1.2035377592968723'), 6.2565777109894, 81.01921204838588], 'normal': [-0.1071080198678399, 0.6377311724981177, -0.7627757361794923], 'radius': 1.886490525835156}",0.9978219192248815,8721.772606,3.772981051670312,"{'center': [Decimal('150.81530055097252'), Decimal('167.72580267806757')], 'axes': [20.56021414368725, 28.87607574681693], 'angle': -80.36656827370979}","[Decimal('150.81530055097252'), Decimal('167.72580267806757')]",28.87607574681693,"{'center': [0.08175847911720643, Decimal('-1.3961963589880135'), 90.17252088253979], 'radius': 12.0}","{'center': [Decimal('160.56214749855667'), Decimal('110.40016033598343')], 'axes': [165.0170124375577, 165.0170124375577], 'angle': 90.0}",0.889515234049687,120,8281.920388,2.262345449260821,-1.7103029506534972,"[0.4712978142217891, Decimal('0.30114248884138517')]",pupil.1,1,3d c++,1581666762.22199,0.4712978142217891,0.30114248884138517
"{'center': [Decimal('-1.1844893310949103'), 6.251191292872995, 81.01205808935642], 'normal': [Decimal('-0.10552065085100971'), 0.6372823043217507, -0.7633718994319472], 'radius': Decimal('1.9051024918893533')}",0.9991350422438563,8721.781006,3.8102049837787066,"{'center': [Decimal('150.96042068759488'), Decimal('167.68570600094424')], 'axes': [Decimal('20.785893911638517'), Decimal('29.163596976563177')], 'angle': -80.50074344239113}","[Decimal('150.96042068759488'), Decimal('167.68570600094424')]",29.163596976563177,"{'center': [0.08175847911720643, Decimal('-1.3961963589880135'), 90.17252088253979], 'radius': 12.0}","{'center': [Decimal('160.56214749855667'), Decimal('110.40016033598343')], 'axes': [165.0170124375577, 165.0170124375577], 'angle': 90.0}",0.8897697384913306,120,8281.920388,2.261762840088023,-1.7081555558718045,"[0.471751314648734, 0.301309558329399]",pupil.1,1,3d c++,1581666762.232788,0.471751314648734,0.301309558329399
"{'center': [Decimal('-1.1832022638405464'), 6.249594215039177, 81.0105472514441], 'normal': [-0.1054133952464794, 0.6371492145022658, -0.7634978025913075], 'radius': Decimal('1.9107491875723719')}",0.999613956074903,8721.789405,3.8214983751447438,"{'center': [Decimal('150.97023408816852'), 167.6734439406348], 'axes': [20.85233664083639, Decimal('29.250601460040127')], 'angle': -80.50827932199536}","[Decimal('150.97023408816852'), 167.6734439406348]",29.250601460040127,"{'center': [0.08175847911720643, Decimal('-1.3961963589880135'), 90.17252088253979], 'radius': 12.0}","{'center': [Decimal('160.56214749855667'), Decimal('110.40016033598343')], 'axes': [165.0170124375577, 165.0170124375577], 'angle': 90.0}",0.8899759697247323,120,8281.920388,2.2615901498957793,-1.7079953398157464,"[Decimal('0.47178198152552664'), Decimal('0.30136065024735503')]",pupil.1,1,3d c++,1581666762.238708,0.47178198152552664,0.30136065024735503
"{'center': [Decimal('-1.2000957044474654'), 6.250985101561553, 81.01405673392269], 'normal': [Decimal('-0.10682118196372264'), 0.6372651217124639, -0.7632053457180917], 'radius': Decimal('1.9007155624901315')}",0.9991114991017904,8721.797805,3.801431124980263,"{'center': [Decimal('150.84139427725358'), 167.6837190103655], 'axes': [20.73162116321078, Decimal('29.095711351848543')], 'angle': -80.38495013802654}","[Decimal('150.84139427725358'), 167.6837190103655]",29.095711351848543,"{'center': [0.08175847911720643, Decimal('-1.3961963589880135'), 90.17252088253979], 'radius': 12.0}","{'center': [Decimal('160.56214749855667'), Decimal('110.40016033598343')], 'axes': [165.0170124375577, 165.0170124375577], 'angle': 90.0}",0.8900585126010441,120,8281.920388,2.2617405434719817,-1.7098568431384686,"[Decimal('0.47137935711641743'), 0.3013178374568104]",pupil.1,1,3d c++,1581666762.246209,0.47137935711641743,0.3013178374568104
"{'center': [-1.176738153071663, 6.239245362353144, 81.00103158435206], 'normal': [Decimal('-0.10487471934907244'), 0.6362868101117631, -0.7642907748489774], 'radius': Decimal('1.9129112427172938')}",0.9995281100243759,8721.806205,3.8258224854345877,"{'center': [Decimal('151.01861606625516'), 167.599462449178], 'axes': [Decimal('20.906240032638692'), 29.28713742791917], 'angle': -80.54328106238648}","[Decimal('151.01861606625516'), 167.599462449178]",29.28713742791917,"{'center': [0.08175847911720643, Decimal('-1.3961963589880135'), 90.17252088253979], 'radius': 12.0}","{'center': [Decimal('160.56214749855667'), Decimal('110.40016033598343')], 'axes': [165.0170124375577, 165.0170124375577], 'angle': 90.0}",0.8900943584578713,120,8281.920388,2.2604717370045813,-1.7071630553153578,"[Decimal('0.47193317520704736'), Decimal('0.30166890646175837')]",pupil.1,1,3d c++,1581666762.254426,0.47193317520704736,0.30166890646175837
"{'center': [Decimal('-1.1737246344685193'), Decimal('6.2498299608575065'), 81.009440414284], 'normal': [Decimal('-0.10462359279881048'), 0.6371688599871267, -0.7635900390213154], 'radius': Decimal('1.9070437237289628')}",0.9987499723311065,8721.814605,3.8140874474579256,"{'center': [151.0423614756425, Decimal('167.67647636555782')], 'axes': [20.81543174722856, 29.19426033877607], 'angle': -80.57879118739925}","[151.0423614756425, Decimal('167.67647636555782')]",29.19426033877607,"{'center': [0.08175847911720643, Decimal('-1.3961963589880135'), 90.17252088253979], 'radius': 12.0}","{'center': [Decimal('160.56214749855667'), Decimal('110.40016033598343')], 'axes': [165.0170124375577, 165.0170124375577], 'angle': 90.0}",0.8900438088041307,120,8281.920388,2.2616156392693143,-1.706963847824146,"[Decimal('0.47200737961138284'), Decimal('0.30134801514350906')]",pupil.1,1,3d c++,1581666762.262124,0.47200737961138284,0.30134801514350906
"{'center': [Decimal('-1.1847805281664976'), 6.239866237211108, 81.002655727045], 'normal': [-0.105544917273642, 0.6363385496832601, -0.7641554296245661], 'radius': Decimal('1.9141163991456371')}",0.9992292062460406,8721.823005,3.8282327982912743,"{'center': [150.9574281733457, 167.6030878694785], 'axes': [Decimal('20.914210274329182'), Decimal('29.305007699754647')], 'angle': -80.48440172468658}","[150.9574281733457, 167.6030878694785]",29.305007699754647,"{'center': [0.08175847911720643, Decimal('-1.3961963589880135'), 90.17252088253979], 'radius': 12.0}","{'center': [Decimal('160.56214749855667'), Decimal('110.40016033598343')], 'axes': [165.0170124375577, 165.0170124375577], 'angle': 90.0}",0.8901253663231246,120,8281.920388,2.2605388065866467,-1.7080476377261538,"[Decimal('0.47174196304170535'), 0.3016538005438396]",pupil.1,1,3d c++,1581666762.27115,0.47174196304170535,0.3016538005438396
"{'center': [Decimal('-1.1871294615711203'), 6.244956415442116, 81.00722177821186], 'normal': [Decimal('-0.10574066172402723'), 0.6367627312025108, -0.7637749253606614], 'radius': Decimal('1.9246867478840954')}",0.9996462468210753,8721.831405,3.849373495768191,"{'center': [Decimal('150.94027573407362'), Decimal('167.63762526640298')], 'axes': [Decimal('21.015134467395978'), Decimal('29.465220691632997')], 'angle': -80.47337427479077}","[Decimal('150.94027573407362'), Decimal('167.63762526640298')]",29.465220691632997,"{'center': [0.08175847911720643, Decimal('-1.3961963589880135'), 90.17252088253979], 'radius': 12.0}","{'center': [Decimal('160.56214749855667'), Decimal('110.40016033598343')], 'axes': [165.0170124375577, 165.0170124375577], 'angle': 90.0}",0.89017336036884,120,8281.920388,2.261088809616255,-1.708366633129252,"[0.4716883616689801, 0.3015098947233209]",pupil.1,1,3d c++,1581666762.2780552,0.4716883616689801,0.3015098947233209
"{'center': [Decimal('-1.1709242380813802'), 6.23107729751371, 80.99344235695418], 'normal': [Decimal('-0.10439022643321555'), 0.6356061380418102, -0.7649232104654672], 'radius': Decimal('1.9275051658684337')}",0.999560023928038,8721.839805,3.8550103317368674,"{'center': [151.0625831600209, Decimal('167.53897613864206')], 'axes': [21.09017209812126, Decimal('29.513383702456995')], 'angle': -80.57626991336494}","[151.0625831600209, Decimal('167.53897613864206')]",29.513383702456995,"{'center': [0.08175847911720643, Decimal('-1.3961963589880135'), 90.17252088253979], 'radius': 12.0}","{'center': [Decimal('160.56214749855667'), Decimal('110.40016033598343')], 'axes': [165.0170124375577, 165.0170124375577], 'angle': 90.0}",0.8903066896104317,120,8281.920388,2.259589732491283,-1.7064299447040299,"[0.4720705723750653, 0.3019209327556581]",pupil.1,1,3d c++,1581666762.2906592,0.4720705723750653,0.3019209327556581
"{'center': [-1.173763469837081, 6.235960469535333, 80.99789027523366], 'normal': [Decimal('-0.10462682907952393'), 0.6360130690436122, -0.7645525506088443], 'radius': Decimal('1.9186364267157927')}",0.9995751766816768,8721.848205,3.8372728534315854,"{'center': [Decimal('151.04114307484735'), Decimal('167.57521467852266')], 'axes': [20.978878093603, Decimal('29.375947776313136')], 'angle': -80.56126364266015}","[Decimal('151.04114307484735'), Decimal('167.57521467852266')]",29.375947776313136,"{'center': [0.08175847911720643, Decimal('-1.3961963589880135'), 90.17252088253979], 'radius': 12.0}","{'center': [Decimal('160.56214749855667'), Decimal('110.40016033598343')], 'axes': [165.0170124375577, 165.0170124375577], 'angle': 90.0}",0.8904482792322033,120,8281.920388,2.260116950420961,-1.706798685926887,"[0.472003572108898, 0.3017699388394889]",pupil.1,1,3d c++,1581666762.29918,0.472003572108898,0.3017699388394889
"{'center': [Decimal('-1.1875513571608622'), 6.229693153791272, 80.99457657684634], 'normal': [Decimal('-0.10577581968983905'), 0.6354907927316071, -0.7648286921411199], 'radius': Decimal('1.9318504503344394')}",0.9998612550070736,8721.856605,3.8637009006688787,"{'center': [Decimal('150.93588686292566'), 167.5270505035894], 'axes': [Decimal('21.134017268749623'), 29.57952166591561], 'angle': -80.45104902553845}","[Decimal('150.93588686292566'), 167.5270505035894]",29.57952166591561,"{'center': [0.08175847911720643, Decimal('-1.3961963589880135'), 90.17252088253979], 'radius': 12.0}","{'center': [Decimal('160.56214749855667'), Decimal('110.40016033598343')], 'axes': [165.0170124375577, 165.0170124375577], 'angle': 90.0}",0.8905871698198231,120,8281.920388,2.2594403332671833,-1.7082245748597287,"[0.4716746464466427, Decimal('0.30197062290171084')]",pupil.1,1,3d c++,1581666762.306277,0.4716746464466427,0.30197062290171084
"{'center': [-1.183298288662492, 6.231847519244041, 80.99577974169566], 'normal': [Decimal('-0.10542139731497487'), 0.6356703231860045, -0.7647284284036777], 'radius': 1.92300597382105}",0.9993342160444494,8721.865005,3.8460119476421,"{'center': [Decimal('150.96824439935762'), Decimal('167.54428396777018')], 'axes': [21.03338588489896, Decimal('29.443631057187037')], 'angle': -80.48533635713243}","[Decimal('150.96824439935762'), Decimal('167.54428396777018')]",29.443631057187037,"{'center': [0.08175847911720643, Decimal('-1.3961963589880135'), 90.17252088253979], 'radius': 12.0}","{'center': [Decimal('160.56214749855667'), Decimal('110.40016033598343')], 'axes': [165.0170124375577, 165.0170124375577], 'angle': 90.0}",0.8906019891962269,120,8281.920388,2.2596728752621327,-1.7077875771831477,"[Decimal('0.47177576374799257'), Decimal('0.30189881680095754')]",pupil.1,1,3d c++,1581666762.314761,0.47177576374799257,0.30189881680095754
