UDPTimeStamp,PupilTimeStamp,ImuTimeStamp,QuatI,QuatJ,QuatK,QuatReal,QuatRadianAccuracy,pIntersectX,pIntersectZ,angleX,angleY,angleZ
-1565660938181.0,2180239.0,0.0,0.04761,0.00995,-0.85626,0.51428,0.01837,-187.23087,-6.7807293,-1.837530716527805,-5.265283812061934,27.93801154241916
-1565660938175.0,2180248.0,6.0,0.04761,0.00995,-0.85626,0.51428,0.01837,-187.23087,-6.7807293,-1.837530716527805,-5.265283812061934,27.93801154241916
-1565660938171.0,2180248.0,10.0,0.04761,0.00995,-0.8562,0.51428,0.01837,-187.29951,-6.7839446,-1.8375993822328962,-5.264955082822617,27.92922838939994
-1565660938164.0,2180257.0,17.0,0.04761,0.00989,-0.8562,0.51434,0.01837,-187.32013,-6.806986,-1.8438322139631524,-5.261472469234477,27.926184408562705
-1565660938160.0,2180263.0,21.0,0.04761,0.00989,-0.8562,0.51434,0.01837,-187.32013,-6.806986,-1.8438322139631524,-5.261472469234477,27.926184408562705
-1565660938155.0,2180271.0,26.0,0.04761,0.00983,-0.85614,0.5144,0.01837,-187.40941,-6.833261,-1.85013283526637,-5.257660321209249,27.91435779537636
-1565660938148.0,2180271.0,33.0,0.04761,0.00983,-0.85614,0.51447,0.01837,-187.43489,-6.8346767,-1.850516148201951,-5.257739504816398,27.91112929418523
-1565660938143.0,2180281.0,38.0,0.04761,0.00977,-0.85608,0.51453,0.01837,-187.52428,-6.860974,-1.8568158898847003,-5.253926067791453,27.899304505400735
-1565660938135.0,2180289.0,46.0,0.04761,0.00977,-0.85608,0.51453,0.01837,-187.52428,-6.860974,-1.8568158898847003,-5.253926067791453,27.899304505400735
-1565660938132.0,2180289.0,49.0,0.04755,0.0097,-0.85608,0.51459,0.01837,-187.54904,-6.874711,-1.8604592081582452,-5.243937646801884,27.89618952172418
-1565660938125.0,2180298.0,56.0,0.04755,0.0097,-0.85602,0.51465,0.01837,-187.63974,-6.879178,-1.8608542760389295,-5.243676315651351,27.8846390430746
-1565660938118.0,2180309.0,63.0,0.04755,0.00964,-0.85602,0.51471,0.01837,-187.66039,-6.902245,-1.8670852117957764,-5.24018954026836,27.881603512312125
-1565660938115.0,2180309.0,66.0,0.04755,0.00964,-0.85596,0.51471,0.01837,-187.72923,-6.905506,-1.867151734372803,-5.239861238525598,27.872816749821325
-1565660938109.0,2180318.0,72.0,0.04755,0.00958,-0.85596,0.51477,0.01837,-187.74986,-6.9285817,-1.8733822093140653,-5.236373655918172,27.869783099701408
-1565660938104.0,2180318.0,77.0,0.04755,0.00958,-0.8559,0.51483,0.01837,-187.84076,-6.9330735,-1.8737764414748639,-5.236111499415109,27.858233223590943
-1565660938100.0,2180324.0,81.0,0.04755,0.00946,-0.85583,0.51495,0.01837,-187.9626,-6.9830856,-1.8863125762566595,-5.228750069535355,27.841918843020395
-1565660938093.0,2180331.0,88.0,0.04755,0.00946,-0.85583,0.51495,0.01837,-187.9626,-6.9830856,-1.8863125762566595,-5.228750069535355,27.841918843020395
-1565660938086.0,2180340.0,95.0,0.04749,0.0094,-0.85577,0.51501,0.01837,-188.05667,-6.996485,-1.8890314546499765,-5.219022991787647,27.830070601093283
-1565660938082.0,2180340.0,99.0,0.04749,0.0094,-0.85577,0.51508,0.01837,-188.08221,-6.9979014,-1.8894137693858786,-5.219098706933919,27.826852539198185
-1565660938076.0,2180340.0,105.0,0.04749,0.0094,-0.85571,0.51514,0.01837,-188.17326,-7.00242,-1.8898063309890192,-5.218835729168782,27.815304080777693
-1565660938072.0,2180351.0,109.0,0.04742,0.0094,-0.85571,0.5152,0.01831,-188.20024,-6.988455,-1.8859612846188043,-5.212008092157361,27.812512041758225
-1565660938066.0,2180358.0,115.0,0.04742,0.00934,-0.85571,0.51526,0.01831,-188.22092,-7.0115633,-1.8921888572879524,-5.208515624642178,27.809488689090827
-1565660938060.0,2180358.0,121.0,0.04742,0.00934,-0.85565,0.51526,0.01831,-188.2902,-7.0148745,-1.892253305470578,-5.208188237012746,27.800697256712496
-1565660938055.0,2180367.0,126.0,0.04736,0.00934,-0.85565,0.51532,0.01837,-188.31642,-7.0030675,-1.8890031102714568,-5.2023453423427455,27.79791209907043
-1565660938050.0,2180373.0,131.0,0.04736,0.00934,-0.85559,0.51538,0.01837,-188.40775,-7.0075903,-1.8893943504133224,-5.20208285486495,27.786365325816988
-1565660938043.0,2180381.0,138.0,0.0473,0.00928,-0.85559,0.51544,0.01837,-188.43279,-7.0176864,-1.8920424126946231,-5.192681912438336,27.783315841182755
-1565660938037.0,2180381.0,144.0,0.04724,0.00928,-0.85553,0.5155,0.01837,-188.52838,-7.009172,-1.8888543173334014,-5.186513027920028,27.77174007379176
-1565660938032.0,2180393.0,149.0,0.04724,0.00922,-0.85553,0.5155,0.01837,-188.52718,-7.0310926,-1.8947532388575359,-5.182954149892882,27.771475101074145
-1565660938027.0,2180393.0,154.0,0.04718,0.00922,-0.85553,0.51556,0.01837,-188.55339,-7.0192614,-1.8915003343569265,-5.177111489074323,27.768693614883176
-1565660938020.0,2180402.0,161.0,0.04712,0.00916,-0.85547,0.51556,0.01831,-188.62602,-7.031462,-1.8938835824095512,-5.167320729657252,27.759605844613432
-1565660938016.0,2180411.0,165.0,0.04712,0.00916,-0.85547,0.51562,0.01831,-188.64798,-7.0326705,-1.8942087000321963,-5.1673839661788925,27.75685513947178
-1565660938010.0,2180411.0,171.0,0.04706,0.00909,-0.85547,0.51569,0.01831,-188.67645,-7.046615,-1.8978897608279695,-5.157398599445322,27.75331062588775
-1565660938004.0,2180418.0,177.0,0.047,0.00903,-0.85541,0.51575,0.01831,-188.77109,-7.060029,-1.90059502390332,-5.147670826643857,27.741475721219842
-1565660937997.0,2180429.0,184.0,0.047,0.00903,-0.85541,0.51575,0.01831,-188.77109,-7.060029,-1.90059502390332,-5.147670826643857,27.741475721219842
-1565660937993.0,2180429.0,188.0,0.04694,0.00897,-0.85535,0.51581,0.01831,-188.86577,-7.073449,-1.9032986044977374,-5.137943202626462,27.729641757819607
-1565660937987.0,2180436.0,194.0,0.04694,0.00891,-0.85535,0.51587,0.01831,-188.8865,-7.0966005,-1.9095197499488343,-5.134443964502267,27.72663442345845
-1565660937982.0,2180444.0,199.0,0.04687,0.00891,-0.85535,0.51587,0.01831,-188.89156,-7.081356,-1.9053422525304917,-5.127555247895958,27.726601038898053
-1565660937976.0,2180444.0,205.0,0.04687,0.00885,-0.85529,0.51593,0.01831,-188.98203,-7.1078568,-1.9116238862361064,-5.123731691061419,27.714798747494726
-1565660937969.0,2180451.0,212.0,0.04687,0.00879,-0.85529,0.51599,0.01837,-189.00279,-7.131017,-1.917844003182906,-5.120230874112708,27.71179483274608
-1565660937965.0,2180458.0,216.0,0.04681,0.00879,-0.85529,0.51599,0.01837,-189.00711,-7.1179423,-1.9142624908023005,-5.1143268008547915,27.71176661785492
-1565660937959.0,2180465.0,222.0,0.04681,0.00879,-0.85522,0.51599,0.01837,-189.08849,-7.121852,-1.914333241297395,-5.113949817961953,27.701502291209692
-1565660937954.0,2180465.0,227.0,0.04675,0.00873,-0.85522,0.51611,0.01837,-189.13553,-7.133138,-1.917293038928244,-5.104604988370318,27.6957286300143
-1565660937948.0,2180476.0,233.0,0.04675,0.00867,-0.85516,0.51617,0.01837,-189.22618,-7.159675,-1.9235714944767175,-5.100779497753364,27.683930596469395
-1565660937943.0,2180484.0,238.0,0.04675,0.00867,-0.85516,0.51617,0.01837,-189.22618,-7.159675,-1.9235714944767175,-5.100779497753364,27.683930596469395
-1565660937936.0,2180484.0,245.0,0.04675,0.00861,-0.85516,0.51624,0.01837,-189.25061,-7.1830525,-1.929843431925699,-5.09728581255587,27.680475785119086
-1565660937930.0,2180492.0,251.0,0.04669,0.00861,-0.8551,0.51624,0.01837,-189.32489,-7.1733327,-1.926319667628475,-5.091060559579053,27.67164860374244
-1565660937926.0,2180501.0,255.0,0.04669,0.00861,-0.8551,0.5163,0.01837,-189.3469,-7.1745334,-1.9266417737491175,-5.091119992046854,27.66890751393315
-1565660937918.0,2180501.0,263.0,0.04669,0.00854,-0.8551,0.5163,0.01837,-189.34547,-7.2001815,-1.9335194671437632,-5.086962148499604,27.66861060258087
-1565660937915.0,2180509.0,266.0,0.04669,0.00854,-0.85504,0.51636,0.01837,-189.43745,-7.2047677,-1.9339004850673507,-5.086698811259792,27.657069718679196
-1565660937909.0,2180516.0,272.0,0.04669,0.00854,-0.85504,0.51642,0.01837,-189.45946,-7.2059684,-1.9342225875384875,-5.086757760137143,27.654330251070576
-1565660937904.0,2180516.0,277.0,0.04669,0.00848,-0.85498,0.51648,0.01837,-189.55038,-7.2325635,-1.9404978929073216,-5.082929338575629,27.642536593036695
-1565660937897.0,2180523.0,284.0,0.04669,0.00842,-0.85498,0.51648,0.01837,-189.54918,-7.2545643,-1.9463921435270615,-5.079364273901236,27.642283727383628
-1565660937892.0,2180531.0,289.0,0.04669,0.00842,-0.85498,0.51648,0.01837,-189.54918,-7.2545643,-1.9463921435270615,-5.079364273901236,27.642283727383628
-1565660937886.0,2180531.0,295.0,0.04669,0.00836,-0.85498,0.51654,0.01837,-189.56996,-7.2777653,-1.952608450625687,-5.075856934362631,27.639293814351802
-1565660937881.0,2180542.0,300.0,0.04669,0.00836,-0.85492,0.51654,0.01837,-189.64003,-7.281181,-1.9526661225245563,-5.075534653805182,27.630491381626612
-1565660937876.0,2180549.0,305.0,0.04669,0.0083,-0.85492,0.51654,0.01837,-189.63884,-7.3031893,-1.9585598819160297,-5.07196921586065,27.63024001942965
-1565660937868.0,2180549.0,313.0,0.04669,0.00824,-0.85492,0.5166,0.01837,-189.65967,-7.3264003,-1.9647756920871016,-5.068460674068089,27.62725276036501
-1565660937865.0,2180561.0,316.0,0.04669,0.00824,-0.85492,0.5166,0.01837,-189.65967,-7.3264003,-1.9647756920871016,-5.068460674068089,27.62725276036501
-1565660937857.0,2180569.0,324.0,0.04669,0.00818,-0.85492,0.5166,0.01837,-189.65845,-7.348409,-1.970669375211462,-5.06489486103304,27.627002903956168
-1565660937853.0,2180569.0,328.0,0.04669,0.00812,-0.85492,0.5166,0.01837,-189.65726,-7.370418,-1.9765630218540864,-5.061329067666581,27.62675378342206
-1565660937846.0,2180578.0,335.0,0.04669,0.00812,-0.85492,0.5166,0.01837,-189.65726,-7.370418,-1.9765630218540864,-5.061329067666581,27.62675378342206
-1565660937842.0,2180578.0,339.0,0.04669,0.00806,-0.85492,0.5166,0.01837,-189.65605,-7.392426,-1.9824566321463077,-5.057763293954575,27.626505398758695
-1565660937834.0,2180585.0,347.0,0.04669,0.00806,-0.85492,0.5166,0.01837,-189.65605,-7.392426,-1.9824566321463077,-5.057763293954575,27.626505398758695
-1565660937832.0,2180594.0,349.0,0.04669,0.008,-0.85492,0.5166,0.01837,-189.65485,-7.4144344,-1.9883502062194545,-5.054197539882887,27.626257749962093
-1565660937825.0,2180600.0,356.0,0.04669,0.008,-0.85492,0.5166,0.01837,-189.65485,-7.4144344,-1.9883502062194545,-5.054197539882887,27.626257749962093
-1565660937820.0,2180600.0,361.0,0.04675,0.00793,-0.85492,0.5166,0.01837,-189.64911,-7.453233,-1.9988120437937238,-5.055938448177216,27.625995136742986
-1565660937814.0,2180608.0,367.0,0.04675,0.00793,-0.85492,0.5166,0.01837,-189.64911,-7.453233,-1.9988120437937238,-5.055938448177216,27.625995136742986
-1565660937809.0,2180616.0,372.0,0.04675,0.00787,-0.85492,0.5166,0.01837,-189.64789,-7.475241,-2.004705573631943,-5.052372704151372,27.62574888996761
-1565660937803.0,2180623.0,378.0,0.04675,0.00781,-0.85492,0.5166,0.01843,-189.64668,-7.497249,-2.0105990676421635,-5.048806979744478,27.625503379051267
-1565660937797.0,2180623.0,384.0,0.04681,0.00775,-0.85492,0.51654,0.01843,-189.61911,-7.5311694,-2.019755872336344,-5.051088668381433,27.62801977354661
-1565660937792.0,2180632.0,389.0,0.04681,0.00775,-0.85492,0.51654,0.01843,-189.61911,-7.5311694,-2.019755872336344,-5.051088668381433,27.62801977354661
-1565660937785.0,2180632.0,396.0,0.04681,0.00769,-0.85492,0.51654,0.01843,-189.61792,-7.553177,-2.02564933178563,-5.047523365171553,27.627775508408803
-1565660937781.0,2180646.0,400.0,0.04687,0.00769,-0.85492,0.51654,0.01843,-189.61354,-7.566292,-2.0292352860151803,-5.05342427218906,27.627800123969536
-1565660937775.0,2180646.0,406.0,0.04687,0.00763,-0.85498,0.51654,0.01843,-189.54227,-7.5847664,-2.03507611255658,-5.05018246630956,27.636358860825837
-1565660937767.0,2180652.0,414.0,0.04687,0.00757,-0.85498,0.51648,0.01843,-189.51907,-7.6055603,-2.0406466461015618,-5.046564918048022,27.638853227521523
-1565660937765.0,2180652.0,416.0,0.04694,0.00757,-0.85498,0.51648,0.01843,-189.51396,-7.62085,-2.044829971801816,-5.05344978777648,27.638881506091863
-1565660937758.0,2180663.0,423.0,0.047,0.00745,-0.85498,0.51648,0.01843,-189.50716,-7.6779494,-2.0602035024518837,-5.052221313466201,27.638421080097487
-1565660937753.0,2180671.0,428.0,0.047,0.00745,-0.85498,0.51642,0.01843,-189.48515,-7.6767397,-2.059879303519084,-5.052169891258235,27.64115887450464
-1565660937747.0,2180679.0,434.0,0.04706,0.00739,-0.85504,0.51642,0.01843,-189.40947,-7.7082553,-2.0693077296443634,-5.054831565322005,27.649742993343892
-1565660937742.0,2180684.0,439.0,0.04706,0.00739,-0.85504,0.51642,0.01843,-189.40947,-7.7082553,-2.0693077296443634,-5.054831565322005,27.649742993343892
-1565660937737.0,2180684.0,444.0,0.04712,0.00732,-0.85504,0.51636,0.01843,-189.3817,-7.7457914,-2.079445020680924,-5.056524227850897,27.652224483065723
-1565660937730.0,2180691.0,451.0,0.04712,0.00732,-0.85504,0.51636,0.01837,-189.3817,-7.7457914,-2.079445020680924,-5.056524227850897,27.652224483065723
-1565660937725.0,2180701.0,456.0,0.04718,0.00732,-0.85504,0.51636,0.01837,-189.37726,-7.7588806,-2.0830304245727147,-5.062426045158025,27.652247932207914
-1565660937720.0,2180707.0,461.0,0.04724,0.00726,-0.85504,0.51636,0.01837,-189.37166,-7.7939587,-2.0925102116290195,-5.064763760603538,27.65203090926626
-1565660937715.0,2180707.0,466.0,0.04724,0.00726,-0.85504,0.51636,0.01837,-189.37166,-7.7939587,-2.0925102116290195,-5.064763760603538,27.65203090926626
-1565660937710.0,2180715.0,471.0,0.04724,0.00726,-0.85504,0.51636,0.01837,-189.37166,-7.7939587,-2.0925102116290195,-5.064763760603538,27.65203090926626
-1565660937702.0,2180715.0,479.0,0.0473,0.00726,-0.85504,0.5163,0.01837,-189.34529,-7.8058324,-2.095769570125324,-5.070615540916506,27.65479345790085
-1565660937697.0,2180728.0,484.0,0.0473,0.00726,-0.85504,0.5163,0.01837,-189.34529,-7.8058324,-2.095769570125324,-5.070615540916506,27.65479345790085
-1565660937692.0,2180735.0,489.0,0.0473,0.00726,-0.85504,0.5163,0.01837,-189.34529,-7.8058324,-2.095769570125324,-5.070615540916506,27.65479345790085
-1565660937686.0,2180735.0,495.0,0.04736,0.0072,-0.85504,0.5163,0.01837,-189.33958,-7.8409033,-2.1052492023445475,-5.0729537001452645,27.65457656398391
-1565660937681.0,2180746.0,500.0,0.04736,0.0072,-0.85504,0.5163,0.01837,-189.33958,-7.8409033,-2.1052492023445475,-5.0729537001452645,27.65457656398391
-1565660937675.0,2180746.0,506.0,0.04736,0.0072,-0.85504,0.5163,0.01837,-189.33958,-7.8409033,-2.1052492023445475,-5.0729537001452645,27.65457656398391
-1565660937668.0,2180753.0,513.0,0.04742,0.0072,-0.85504,0.5163,0.01837,-189.33517,-7.8539886,-2.1088346403309757,-5.078855667530114,27.6545996325019
-1565660937665.0,2180760.0,516.0,0.04742,0.00714,-0.85504,0.5163,0.01837,-189.33395,-7.8759747,-2.114728963688976,-5.07529186784439,27.65436002083024
-1565660937658.0,2180766.0,523.0,0.04749,0.00714,-0.8551,0.5163,0.01837,-189.25883,-7.887586,-2.118862884538602,-5.082505332664104,27.66318768972569
-1565660937651.0,2180766.0,530.0,0.04749,0.00714,-0.8551,0.5163,0.01837,-189.25883,-7.887586,-2.118862884538602,-5.082505332664104,27.66318768972569
-1565660937647.0,2180776.0,534.0,0.04749,0.00714,-0.8551,0.5163,0.01837,-189.25883,-7.887586,-2.118862884538602,-5.082505332664104,27.66318768972569
-1565660937641.0,2180783.0,540.0,0.04755,0.00714,-0.8551,0.5163,0.01837,-189.25443,-7.900664,-2.1224485642889417,-5.088407801688322,27.66321056905862
-1565660937636.0,2180783.0,545.0,0.04755,0.00714,-0.8551,0.5163,0.01837,-189.25443,-7.900664,-2.1224485642889417,-5.088407801688322,27.66321056905862
-1565660937631.0,2180791.0,550.0,0.04761,0.00714,-0.85504,0.5163,0.01837,-189.31989,-7.9174023,-2.126083592065914,-5.093981684526812,27.654432461728504
-1565660937625.0,2180799.0,556.0,0.04767,0.00714,-0.85504,0.5163,0.01837,-189.31543,-7.9304824,-2.129669464812551,-5.099883844714477,27.654455337874253
-1565660937619.0,2180799.0,562.0,0.04773,0.00714,-0.85504,0.5163,0.01831,-189.31097,-7.943562,-2.13325543408428,-5.105786059163427,27.654478214054876
-1565660937614.0,2180811.0,567.0,0.04779,0.0072,-0.85504,0.5163,0.01831,-189.30775,-7.9346585,-2.130946966300022,-5.11525232948573,27.65474188914625
-1565660937608.0,2180811.0,573.0,0.04779,0.0072,-0.85504,0.5163,0.01831,-189.30775,-7.9346585,-2.130946966300022,-5.11525232948573,27.65474188914625
-1565660937601.0,2180819.0,580.0,0.04785,0.00726,-0.85504,0.5163,0.01831,-189.30452,-7.9257555,-2.128638491978095,-5.124718739812546,27.655006685125258
-1565660937596.0,2180828.0,585.0,0.04785,0.00732,-0.85504,0.5163,0.01831,-189.30574,-7.903774,-2.122743854244201,-5.12828281398501,27.65524914814614
-1565660937589.0,2180836.0,592.0,0.04785,0.00739,-0.85504,0.5163,0.01831,-189.30717,-7.8781276,-2.1158667325381377,-5.13244092566796,27.655532951663687
-1565660937585.0,2180836.0,596.0,0.04785,0.00745,-0.85504,0.5163,0.01831,-189.30841,-7.8561463,-2.1099720186257764,-5.136005042968135,27.655777008963767
-1565660937580.0,2180845.0,601.0,0.04785,0.00751,-0.85504,0.5163,0.01831,-189.30963,-7.834164,-2.1040772693462224,-5.139569180195774,27.656021802092226
-1565660937575.0,2180845.0,606.0,0.04791,0.00763,-0.85504,0.5163,0.01831,-189.30762,-7.80328,-2.095873643023046,-5.152600161572687,27.65653804455441
-1565660937569.0,2180853.0,612.0,0.04791,0.00769,-0.85504,0.5163,0.01831,-189.30884,-7.7812986,-2.089978752360996,-5.156164391770433,27.656785237759465
-1565660937565.0,2180860.0,616.0,0.04791,0.00775,-0.85504,0.51624,0.01831,-189.28809,-7.758085,-2.083753299388911,-5.159675140105533,27.659773280276866
-1565660937559.0,2180867.0,622.0,0.04791,0.00781,-0.8551,0.51624,0.01831,-189.21939,-7.732503,-2.0778044527281967,-5.163569742860523,27.668823572726865
-1565660937549.0,2180878.0,632.0,0.04791,0.00781,-0.8551,0.51624,0.01831,-189.21939,-7.732503,-2.0778044527281967,-5.163569742860523,27.668823572726865
-1565660937548.0,2180878.0,633.0,0.04791,0.00787,-0.8551,0.51617,0.01831,-189.19502,-7.7090945,-2.0715234148490786,-5.1670702343931,27.67227119818324
-1565660937542.0,2180883.0,639.0,0.04791,0.00787,-0.8551,0.51617,0.01831,-189.19502,-7.7090945,-2.0715234148490786,-5.1670702343931,27.67227119818324
-1565660937536.0,2180883.0,645.0,0.04791,0.00793,-0.8551,0.51611,0.01831,-189.17427,-7.6858892,-2.0652974226074368,-5.170578903001798,27.675263291605603
-1565660937530.0,2180895.0,651.0,0.04797,0.00793,-0.85516,0.51611,0.01831,-189.09998,-7.695376,-2.0688272964149377,-5.176813354724106,27.684089658294837
-1565660937524.0,2180895.0,657.0,0.04797,0.00793,-0.85516,0.51611,0.01831,-189.09998,-7.695376,-2.0688272964149377,-5.176813354724106,27.684089658294837
-1565660937518.0,2180903.0,663.0,0.04803,0.008,-0.85516,0.51605,0.01831,-189.07498,-7.6815834,-2.0652019579235104,-5.1868188185179145,27.68715143821818
-1565660937513.0,2180913.0,668.0,0.04803,0.008,-0.85522,0.51599,0.01831,-188.98325,-7.676771,-2.064815391202999,-5.187095176207821,27.698695135641813
-1565660937508.0,2180913.0,673.0,0.04803,0.008,-0.85522,0.51599,0.01831,-188.98325,-7.676771,-2.064815391202999,-5.187095176207821,27.698695135641813
-1565660937501.0,2180919.0,680.0,0.0481,0.00806,-0.85522,0.51593,0.01831,-188.9573,-7.6688128,-2.062768276275815,-5.197490170186578,27.70172224101408
-1565660937497.0,2180930.0,684.0,0.0481,0.00806,-0.85522,0.51593,0.01831,-188.9573,-7.6688128,-2.062768276275815,-5.197490170186578,27.70172224101408
-1565660937491.0,2180930.0,690.0,0.0481,0.00806,-0.85529,0.51587,0.01831,-188.85408,-7.6634126,-2.062371537264357,-5.197821947722093,27.714733190805617
-1565660937487.0,2180936.0,694.0,0.04816,0.00806,-0.85529,0.51587,0.01831,-188.84962,-7.6764603,-2.0659546858160014,-5.203726797838752,27.714759068953498
-1565660937481.0,2180944.0,700.0,0.04816,0.00806,-0.85529,0.51587,0.01831,-188.84962,-7.6764603,-2.0659546858160014,-5.203726797838752,27.714759068953498
-1565660937475.0,2180951.0,706.0,0.04816,0.00806,-0.85529,0.51581,0.01831,-188.8277,-7.6752257,-2.0656224077709346,-5.203671152019085,27.717505391484053
-1565660937470.0,2180951.0,711.0,0.04822,0.00806,-0.85529,0.51581,0.01831,-188.82321,-7.68827,-2.069205236918991,-5.20957605703583,27.717531274398908
-1565660937464.0,2180959.0,717.0,0.04828,0.00806,-0.85535,0.51581,0.01831,-188.74911,-7.6977277,-2.0727325526565403,-5.215814346479125,27.72635493406213
-1565660937460.0,2180967.0,721.0,0.04828,0.008,-0.85535,0.51575,0.01831,-188.72594,-7.7184253,-2.0782969407832033,-5.212197930248018,27.728849114650302
-1565660937453.0,2180967.0,728.0,0.04834,0.008,-0.85535,0.51575,0.01831,-188.72148,-7.73146,-2.0818795824376237,-5.218103329654757,27.728874812969863
-1565660937447.0,2180980.0,734.0,0.04834,0.008,-0.85535,0.51575,0.01831,-188.72148,-7.73146,-2.0818795824376237,-5.218103329654757,27.728874812969863
-1565660937442.0,2180980.0,739.0,0.0484,0.008,-0.85535,0.51575,0.01831,-188.71695,-7.744493,-2.0854623214328605,-5.22400878464848,27.72890051133325
-1565660937436.0,2180986.0,745.0,0.04846,0.00793,-0.85535,0.51569,0.01831,-188.68913,-7.781876,-2.0955912963073833,-5.2257052223496006,27.731378878593887
-1565660937431.0,2180996.0,750.0,0.04846,0.00793,-0.85541,0.51562,0.01831,-188.59406,-7.776813,-2.0951465036836643,-5.225975924185571,27.74338304759138
-1565660937425.0,2180996.0,756.0,0.04846,0.00793,-0.85541,0.51562,0.01831,-188.59406,-7.776813,-2.0951465036836643,-5.225975924185571,27.74338304759138
-1565660937419.0,2181002.0,762.0,0.04852,0.00793,-0.85541,0.51556,0.01831,-188.56764,-7.7885914,-2.098393806275378,-5.231827116874633,27.74615806025689
-1565660937413.0,2181014.0,768.0,0.04852,0.00787,-0.85547,0.5155,0.01831,-188.47499,-7.805648,-2.1039027238933663,-5.228548224595961,27.757452478242556
-1565660937408.0,2181014.0,773.0,0.04858,0.00787,-0.85553,0.51544,0.01831,-188.37918,-7.8137875,-2.1070946127783485,-5.2347356801383365,27.769024471734895
-1565660937402.0,2181019.0,779.0,0.04858,0.00787,-0.85553,0.51538,0.01831,-188.35728,-7.812544,-2.1067594291640477,-5.234681343382546,27.77177663295835
-1565660937397.0,2181026.0,784.0,0.04865,0.00781,-0.85559,0.51532,0.01831,-188.25964,-7.8447437,-2.116446158579477,-5.238296289893778,27.78310134453409
-1565660937391.0,2181026.0,790.0,0.04865,0.00781,-0.85565,0.51526,0.01831,-188.16846,-7.839861,-2.1160566060304444,-5.238578262745437,27.794648563334377
-1565660937385.0,2181037.0,796.0,0.04871,0.00781,-0.85571,0.51514,0.01831,-188.05101,-7.84672,-2.118910506565059,-5.244714448826787,27.80897655230568
-1565660937381.0,2181044.0,800.0,0.04871,0.00775,-0.85571,0.51508,0.01831,-188.02786,-7.8673577,-2.1244745436137062,-5.241104217681215,27.81148099675589
-1565660937375.0,2181051.0,806.0,0.04877,0.00775,-0.85583,0.51495,0.01831,-187.8379,-7.870347,-2.1272173596213064,-5.247569896455647,27.835063169572948
-1565660937368.0,2181051.0,813.0,0.04883,0.00775,-0.85596,0.51465,0.01831,-187.57481,-7.8691835,-2.128994965596215,-5.2539418791006245,27.86793496916384
-1565660937364.0,2181051.0,817.0,0.04889,0.00775,-0.85608,0.51447,0.01831,-187.36734,-7.8711076,-2.1314520748291654,-5.260366482217476,27.893826726083716
-1565660937357.0,2181066.0,824.0,0.04895,0.00775,-0.8562,0.51428,0.01831,-187.15651,-7.872808,-2.133850489710349,-5.266783890276955,27.9201836080413
-1565660937351.0,2181066.0,830.0,0.04901,0.00775,-0.85632,0.5141,0.01825,-186.94955,-7.874698,-2.1363027234352026,-5.273211940319178,27.946083383162133
-1565660937346.0,2181080.0,835.0,0.04901,0.00775,-0.85645,0.51385,0.01825,-186.7107,-7.861645,-2.1347778406264073,-5.273722176014003,27.976661231579683
-1565660937341.0,2181080.0,840.0,0.04901,0.00775,-0.85663,0.51361,0.01825,-186.41907,-7.8458123,-2.133264753694008,-5.274523331368909,28.01410105832514
-1565660937335.0,2181088.0,846.0,0.04907,0.00775,-0.85675,0.51331,0.01825,-186.16994,-7.8452115,-2.135034010690942,-5.280848234780549,28.04557738018073
-1565660937330.0,2181095.0,851.0,0.04907,0.00775,-0.85693,0.51306,0.01825,-185.87587,-7.8292174,-2.1334628196789707,-5.281641723493099,28.083497658884568
-1565660937324.0,2181102.0,857.0,0.04907,0.00775,-0.85724,0.51251,0.01825,-185.32787,-7.7992945,-2.1300828362461917,-5.282901760476583,28.15437718973412
-1565660937317.0,2181102.0,864.0,0.04907,0.00775,-0.85736,0.51227,0.01825,-185.10658,-7.7871876,-2.1286215416831555,-5.283365350514547,28.183089248436332
-1565660937313.0,2181113.0,868.0,0.04907,0.00775,-0.85754,0.51202,0.01825,-184.8149,-7.771333,-2.12705033758438,-5.284158842450187,28.22104108996527
-1565660937306.0,2181120.0,875.0,0.04907,0.00781,-0.85767,0.51178,0.01825,-184.58449,-7.7370596,-2.1196660730070933,-5.2882126744401585,28.251486287278382
-1565660937301.0,2181120.0,880.0,0.04907,0.00781,-0.85785,0.51154,0.01825,-184.29756,-7.7215023,-2.1181500376293823,-5.289013434231608,28.28898390883245
-1565660937295.0,2181128.0,886.0,0.04907,0.00781,-0.85797,0.51129,0.01825,-184.07428,-7.7093015,-2.116631457715939,-5.289466383795462,28.318199531638825
-1565660937290.0,2181135.0,891.0,0.04913,0.00787,-0.85822,0.51086,0.01825,-183.63979,-7.676902,-2.111612445721521,-5.2999451139657845,28.375117296376516
-1565660937284.0,2181135.0,897.0,0.04913,0.00787,-0.85834,0.51062,0.01825,-183.42104,-7.6649604,-2.1101477813057676,-5.300406230969452,28.40389074170517
-1565660937279.0,2181135.0,902.0,0.04913,0.00793,-0.85846,0.5105,0.01825,-183.24696,-7.633989,-2.1034414538208708,-5.304501058977588,28.427286750517055
-1565660937273.0,2181149.0,908.0,0.04913,0.008,-0.85852,0.51038,0.01825,-183.13939,-7.6029515,-2.095801857442783,-5.3088423806261344,28.441979969706537
-1565660937266.0,2181156.0,915.0,0.04913,0.00806,-0.85858,0.51025,0.01825,-183.02802,-7.57531,-2.0890914953135344,-5.312585285746347,28.45710427496769
-1565660937262.0,2181165.0,919.0,0.04913,0.00812,-0.85864,0.51013,0.01825,-182.92035,-7.547896,-2.082436756613091,-5.316335763285821,28.471761251084544
-1565660937256.0,2181170.0,925.0,0.04913,0.00812,-0.8587,0.51007,0.01825,-182.83307,-7.543223,-2.082041694987971,-5.316618945499594,28.48333272300833
-1565660937251.0,2181170.0,930.0,0.04907,0.00824,-0.8587,0.51001,0.01825,-182.81831,-7.4864407,-2.0663156493973327,-5.317676823148954,28.48665579820728
-1565660937246.0,2181181.0,935.0,0.04907,0.0083,-0.8587,0.51001,0.01825,-182.81955,-7.464953,-2.0603940817400574,-5.321198560663493,28.486917813039327
-1565660937240.0,2181181.0,941.0,0.04901,0.00836,-0.8587,0.51001,0.01825,-182.82503,-7.430886,-2.050928725501454,-5.318790773040929,28.48715302239718
-1565660937234.0,2181188.0,947.0,0.04895,0.00861,-0.85864,0.51013,0.01825,-182.94322,-7.3345838,-2.0234466376780493,-5.327316103490284,28.47382649970801
-1565660937228.0,2181199.0,953.0,0.04889,0.00873,-0.85858,0.51025,0.01825,-183.05888,-7.2847967,-2.008794852511716,-5.328215107856622,28.459932864165808
-1565660937223.0,2181199.0,958.0,0.04883,0.00885,-0.85852,0.51038,0.01825,-183.1782,-7.2351694,-1.9941993358151662,-5.329128442121193,28.44557283794839
-1565660937217.0,2181208.0,964.0,0.04877,0.00897,-0.85846,0.51056,0.01825,-183.31544,-7.186508,-1.9798842629275626,-5.330097814672945,28.428865940878453
-1565660937211.0,2181208.0,970.0,0.04871,0.00909,-0.85834,0.51068,0.01825,-183.49754,-7.139884,-1.9652950413048997,-5.330673859408746,28.40623836334008
-1565660937204.0,2181216.0,977.0,0.04858,0.00922,-0.85822,0.51086,0.01825,-183.7067,-7.0760484,-1.9459170522024092,-5.324992409906306,28.380804140298906
-1565660937201.0,2181216.0,980.0,0.04852,0.00934,-0.85809,0.51105,0.01825,-183.9256,-7.031214,-1.9317316991882865,-5.32559973087016,28.35343707533734
-1565660937195.0,2181226.0,986.0,0.0484,0.00952,-0.85797,0.51129,0.01825,-184.1572,-6.9524875,-1.9083474109571439,-5.323930376507616,28.325435078116286
-1565660937189.0,2181232.0,992.0,0.04828,0.00964,-0.85785,0.51154,0.01825,-184.39156,-6.895417,-1.8909335414708992,-5.318753139565727,28.296702466285353
-1565660937184.0,2181239.0,997.0,0.04803,0.00995,-0.8576,0.51196,0.01825,-184.84583,-6.7524667,-1.848173396351838,-5.311420571262841,28.24186593734389
-1565660937179.0,2181239.0,1002.0,0.04785,0.01013,-0.85748,0.51221,0.01825,-185.08662,-6.6605806,-1.8212826453062103,-5.303891169421156,28.213410569737945
-1565660937173.0,2181254.0,1008.0,0.04773,0.01031,-0.8573,0.51245,0.01825,-185.38731,-6.5842113,-1.797961351089219,-5.301955822776072,28.17670268211353
-1565660937167.0,2181254.0,1014.0,0.04755,0.01044,-0.85718,0.5127,0.01825,-185.62794,-6.510009,-1.7759911204676038,-5.2915072675429,28.148036680630895
-1565660937161.0,2181265.0,1020.0,0.04736,0.01062,-0.85706,0.51294,0.01825,-185.86694,-6.415199,-1.748441887534116,-5.283024332617769,28.120076875716393
-1565660937154.0,2181272.0,1027.0,0.04718,0.01086,-0.85687,0.51324,0.01825,-186.20782,-6.3053174,-1.715985178786964,-5.278781171014706,28.07940117465317
-1565660937150.0,2181272.0,1031.0,0.047,0.01105,-0.85675,0.51349,0.01825,-186.45079,-6.208766,-1.6880916935002848,-5.2719226355763045,28.051058166040832
-1565660937144.0,2181280.0,1037.0,0.04657,0.01147,-0.85645,0.51404,0.01825,-187.03001,-5.989323,-1.6245417340359292,-5.253464432976565,27.983473772775127
-1565660937139.0,2181287.0,1042.0,0.04633,0.01172,-0.85626,0.51434,0.01825,-187.37778,-5.8616166,-1.5875232771690897,-5.243990994733159,27.94287545266765
-1565660937135.0,2181287.0,1046.0,0.04608,0.01196,-0.85608,0.51465,0.01825,-187.71896,-5.7347093,-1.550929436927891,-5.233034948824861,27.90324153135508
-1565660937129.0,2181295.0,1052.0,0.0459,0.01221,-0.85596,0.51489,0.01825,-187.96162,-5.6148286,-1.5170581147252051,-5.229811870956833,27.87573040981549
-1565660937122.0,2181303.0,1059.0,0.04565,0.01245,-0.85577,0.5152,0.01825,-188.3156,-5.4876738,-1.4804693211055782,-5.218853748907113,27.834667772676866
-1565660937116.0,2181303.0,1065.0,0.04541,0.0127,-0.85559,0.5155,0.01825,-188.65456,-5.357992,-1.443420513297473,-5.209539178104111,27.79560409949309
-1565660937112.0,2181315.0,1069.0,0.04517,0.013,-0.85541,0.51581,0.01825,-188.99892,-5.209817,-1.4015029702332162,-5.203234442968749,27.756353374594468
-1565660937106.0,2181315.0,1075.0,0.04486,0.01331,-0.85522,0.51617,0.01825,-189.37878,-5.043581,-1.3546996277273986,-5.190691507713786,27.713373311033138
-1565660937100.0,2181325.0,1081.0,0.04462,0.01367,-0.85498,0.51654,0.01825,-189.81802,-4.8761063,-1.3072784328334786,-5.187805436046953,27.66294170876425
-1565660937095.0,2181331.0,1086.0,0.04431,0.01398,-0.8548,0.51691,0.01825,-190.19168,-4.708509,-1.2604961885662207,-5.175411028632706,27.62103311034008
-1565660937088.0,2181331.0,1093.0,0.04382,0.01465,-0.85431,0.51764,0.01825,-191.08392,-4.386906,-1.1699249383887673,-5.165826596080902,27.519046509798557
-1565660937081.0,2181343.0,1100.0,0.04352,0.01501,-0.85406,0.51807,0.01825,-191.56602,-4.205119,-1.1192303445704328,-5.157269919298643,27.46450602553209
-1565660937078.0,2181343.0,1103.0,0.04327,0.01532,-0.85388,0.51849,0.01825,-191.95808,-4.0494795,-1.0762552394999247,-5.1510260755714645,27.420514727381658
-1565660937072.0,2181349.0,1109.0,0.04297,0.01575,-0.85358,0.51892,0.01825,-192.50407,-3.8421738,-1.0187666227983694,-5.146500723713078,27.359091786371735
-1565660937067.0,2181359.0,1114.0,0.04272,0.01611,-0.85333,0.51935,0.01825,-192.98729,-3.6693883,-0.9710495925137993,-5.143010355316677,27.304719943426093
-1565660937061.0,2181359.0,1120.0,0.04242,0.01654,-0.85309,0.51978,0.01825,-193.46442,-3.4583073,-0.9134478177117286,-5.138897494471672,27.25221215570103
-1565660937056.0,2181366.0,1125.0,0.04211,0.01691,-0.85284,0.5202,0.01825,-193.95087,-3.2666066,-0.8610961800520193,-5.130203542741678,27.19838282898219
-1565660937049.0,2181373.0,1132.0,0.04181,0.0174,-0.85254,0.52075,0.01825,-194.54991,-3.0355175,-0.7983005791193815,-5.129751731924479,27.132113991507396
-1565660937045.0,2181381.0,1136.0,0.04126,0.01831,-0.85193,0.52173,0.01825,-195.71783,-2.6057484,-0.6820164705449462,-5.129494095204174,27.00331571019707
-1565660937039.0,2181387.0,1142.0,0.04089,0.0188,-0.85156,0.52228,0.01825,-196.41519,-2.3571784,-0.6151551942331651,-5.1220898653055364,26.92687548971473
-1565660937033.0,2181387.0,1148.0,0.04065,0.01923,-0.85126,0.52283,0.01825,-197.01892,-2.1579304,-0.561840460445316,-5.124228379159184,26.86059854091326
-1565660937027.0,2181399.0,1154.0,0.04034,0.01965,-0.85095,0.52332,0.01825,-197.61914,-1.944493,-0.5050273284926755,-5.1188004048935225,26.79543484793875
-1565660937022.0,2181399.0,1159.0,0.04004,0.02014,-0.85065,0.52386,0.01825,-198.22856,-1.706535,-0.44217329568291663,-5.118801026165672,26.730046822738757
-1565660937015.0,2181410.0,1166.0,0.03973,0.02063,-0.85028,0.52441,0.01825,-198.9339,-1.4666975,-0.37892434897500543,-5.117608679465239,26.653943865721246
-1565660937011.0,2181410.0,1170.0,0.03943,0.02118,-0.84991,0.52502,0.01825,-199.66566,-1.2060846,-0.31068996784099523,-5.121252582274456,26.575680260367733
-1565660937006.0,2181419.0,1175.0,0.03912,0.02161,-0.84955,0.52557,0.01825,-200.36377,-0.98605597,-0.2532861083586366,-5.116660781703565,26.500823700909848
-1565660937000.0,2181419.0,1181.0,0.03882,0.02222,-0.84912,0.52625,0.01825,-201.20824,-0.701795,-0.17966204701161903,-5.124041248125224,26.411205108034352
-1565660936995.0,2181428.0,1186.0,0.03821,0.02319,-0.84839,0.52747,0.01825,-202.68288,-0.21718358,-0.05527803722485578,-5.12322413101179,26.255946363441552
-1565660936988.0,2181439.0,1193.0,0.0379,0.02368,-0.84802,0.52802,0.01825,-203.4094,0.031351976,0.007956428368473432,-5.1225867937345315,26.18031951493255
-1565660936984.0,2181439.0,1197.0,0.03766,0.02417,-0.84766,0.52863,0.01825,-204.14517,0.26358095,0.06669999664090107,-5.129074683601402,26.1037604137217
-1565660936979.0,2181445.0,1202.0,0.03729,0.02472,-0.84729,0.52924,0.01825,-204.90668,0.5516183,0.13917245652687488,-5.126588892580174,26.026068059979494
-1565660936973.0,2181451.0,1208.0,0.03699,0.02527,-0.84692,0.52985,0.01831,-205.66757,0.8244147,0.20738469260528256,-5.131032599740632,25.94856255388268
-1565660936967.0,2181457.0,1214.0,0.03668,0.02576,-0.84656,0.5304,0.01831,-206.39507,1.0789974,0.27064071233765863,-5.130807614419046,25.874751259087702
-1565660936961.0,2181466.0,1220.0,0.03638,0.02631,-0.84619,0.53101,0.01831,-207.16344,1.3549423,0.3388474397068369,-5.135448909117356,25.797435766777497
-1565660936956.0,2181466.0,1225.0,0.03601,0.02686,-0.84576,0.53168,0.01831,-208.0457,1.6487573,0.4108942610185629,-5.133317790099504,25.708667528910397
-1565660936950.0,2181471.0,1231.0,0.03571,0.0274,-0.8454,0.53223,0.01837,-208.7848,1.9252232,0.4784021402420106,-5.137412954178274,25.63549825054055
-1565660936945.0,2181471.0,1236.0,0.03503,0.0285,-0.84467,0.53339,0.01837,-210.316,2.5098186,0.619974711345418,-5.139491875322776,25.485461141379915
-1565660936939.0,2181483.0,1242.0,0.03473,0.02905,-0.8443,0.53394,0.01837,-211.0803,2.795243,0.688411384374759,-5.144449680526846,25.411146790740858
-1565660936933.0,2181492.0,1248.0,0.03442,0.0296,-0.84393,0.53448,0.01837,-211.84486,3.085027,0.7574948357430239,-5.1484976282712855,25.337321759785354
-1565660936928.0,2181492.0,1253.0,0.03406,0.03021,-0.84357,0.53503,0.01837,-212.60672,3.4126575,0.8354683898664127,-5.151554885652634,25.265064242360737
-1565660936921.0,2181500.0,1260.0,0.03375,0.03076,-0.84326,0.53552,0.01837,-213.27255,3.7058885,0.9049477090302692,-5.155854519946497,25.202444815152376
-1565660936916.0,2181507.0,1265.0,0.03345,0.03137,-0.8429,0.53607,0.01837,-214.0379,4.021861,0.9792243212391263,-5.1649326696286755,25.130470974258927
-1565660936911.0,2181516.0,1270.0,0.03308,0.03204,-0.84253,0.53668,0.01837,-214.85023,4.380773,1.0633623334754518,-5.171214758069614,25.055030905089637
-1565660936904.0,2181516.0,1277.0,0.03278,0.03259,-0.84222,0.53711,0.01837,-215.50069,4.6773105,1.1324433786387655,-5.176538244188697,24.99516421356212
-1565660936899.0,2181524.0,1282.0,0.03217,0.03387,-0.84161,0.53809,0.01837,-216.84648,5.347688,1.2882556669183205,-5.198091291283769,24.873787531155628
-1565660936894.0,2181533.0,1287.0,0.0318,0.03455,-0.84125,0.53857,0.01837,-217.60556,5.720138,1.3738662171811473,-5.204953964313631,24.805669088157117
-1565660936889.0,2181533.0,1292.0,0.03149,0.03516,-0.84094,0.539,0.01837,-218.26875,6.0499773,1.4493551372730245,-5.213365013469183,24.746649215398833
-1565660936883.0,2181540.0,1298.0,0.03113,0.03589,-0.84064,0.53949,0.01837,-218.9481,6.441893,1.5393853390875134,-5.224754355029512,24.687781490673828
-1565660936877.0,2181547.0,1304.0,0.03082,0.03662,-0.84033,0.53998,0.01843,-219.64288,6.822985,1.6262754442393117,-5.241050605329463,24.627628619550734
-1565660936872.0,2181547.0,1309.0,0.03052,0.03717,-0.84009,0.54028,0.01843,-220.1531,7.1301584,1.6960658347694217,-5.246656532916781,24.58409134295367
-1565660936866.0,2181555.0,1315.0,0.03021,0.0379,-0.83978,0.54077,0.01843,-220.8528,7.5146847,1.7829413091766606,-5.2631332774125665,24.524154344985803
-1565660936861.0,2181555.0,1320.0,0.02985,0.03851,-0.83954,0.54114,0.01843,-221.3988,7.863978,1.862011181166764,-5.267118811651148,24.47841992134481
-1565660936855.0,2181567.0,1326.0,0.02917,0.03992,-0.83899,0.54193,0.01843,-222.62616,8.636847,2.035580230863701,-5.291010907589929,24.376613970821126
-1565660936849.0,2181577.0,1332.0,0.02887,0.04059,-0.83875,0.5423,0.01843,-223.17558,8.9992695,2.116729956740965,-5.304761690707495,24.331851471132396
-1565660936843.0,2181583.0,1338.0,0.0285,0.04126,-0.8385,0.5426,0.01843,-223.71667,9.383486,2.202409284649219,-5.3114661452042515,24.288326436531023
-1565660936835.0,2181592.0,1346.0,0.0282,0.04199,-0.8382,0.54297,0.01843,-224.36522,9.777168,2.289069082690499,-5.328916183480661,24.23534423169562
-1565660936832.0,2181592.0,1349.0,0.02789,0.04266,-0.83801,0.54327,0.01843,-224.81213,10.144723,2.3712954355697744,-5.341742615921114,24.201137153214376
-1565660936825.0,2181600.0,1356.0,0.02753,0.0434,-0.83777,0.54358,0.01843,-225.34692,10.559096,2.4631266218774233,-5.354078580111053,24.15973534830617
-1565660936821.0,2181600.0,1360.0,0.02716,0.04419,-0.83752,0.54395,0.01843,-225.92494,10.998424,2.5601751767165104,-5.368927413786981,24.11507837654662
-1565660936816.0,2181610.0,1365.0,0.02686,0.04492,-0.83728,0.54425,0.01849,-226.45615,11.395791,2.6473245827332126,-5.386520985758359,24.074309986814157
-1565660936810.0,2181616.0,1371.0,0.02618,0.04633,-0.83691,0.54474,0.01849,-227.30124,12.189107,2.822667878920096,-5.410814120161541,24.013230414636126
-1565660936804.0,2181616.0,1377.0,0.02582,0.04706,-0.83667,0.54504,0.01849,-227.83838,12.607304,2.9135435039155615,-5.422818919145904,23.972632668492963
-1565660936798.0,2181623.0,1383.0,0.02545,0.04785,-0.83649,0.54529,0.01849,-228.25919,13.0505085,3.011318733811851,-5.437598251888072,23.943775617425175
-1565660936793.0,2181632.0,1388.0,0.02515,0.04852,-0.8363,0.54559,0.01849,-228.71399,13.425812,3.0929206161619294,-5.4518921274273575,23.910369210380964
-1565660936785.0,2181640.0,1396.0,0.02484,0.04919,-0.83612,0.54578,0.01849,-229.10768,13.805547,3.175519315339409,-5.464688974867903,23.882823891316207
-1565660936783.0,2181640.0,1398.0,0.02448,0.04993,-0.83588,0.54608,0.01849,-229.64977,14.233926,3.2673529700491915,-5.477579409761126,23.842741719041967
-1565660936776.0,2181651.0,1405.0,0.02411,0.05072,-0.83563,0.54639,0.01849,-230.21501,14.688663,3.364558052486828,-5.492754735420014,23.80143688230517
-1565660936770.0,2181651.0,1411.0,0.0238,0.05139,-0.83545,0.54663,0.01849,-230.63258,15.071777,3.447009330355376,-5.50600355495266,23.772223513185253
-1565660936766.0,2181651.0,1415.0,0.02344,0.05212,-0.83527,0.54687,0.01849,-231.05305,15.495311,3.5383895127492493,-5.51827202190839,23.74369952859803
-1565660936759.0,2181661.0,1422.0,0.02289,0.05353,-0.83478,0.54749,0.01849,-232.1691,16.290136,3.7045223131644107,-5.556685989283014,23.66175335291669
-1565660936753.0,2181669.0,1428.0,0.02264,0.05414,-0.83459,0.54773,0.01849,-232.6053,16.637197,3.7773524074742126,-5.572110031171758,23.63080153001006
-1565660936748.0,2181678.0,1433.0,0.0224,0.05481,-0.83441,0.54797,0.01849,-233.0259,17.006798,3.855419163337413,-5.592351207325838,23.60221325106329
-1565660936742.0,2181684.0,1439.0,0.02216,0.05536,-0.83417,0.54822,0.01849,-233.55261,17.33356,3.92147315018228,-5.604976018087008,23.56275496358228
-1565660936736.0,2181684.0,1445.0,0.02197,0.05597,-0.83398,0.54852,0.01849,-234.01628,17.66629,3.9903832190594954,-5.626685145449074,23.529881539900728
-1565660936731.0,2181695.0,1450.0,0.02173,0.05658,-0.83374,0.54877,0.01849,-234.54692,18.02107,4.062225393407112,-5.6431941197769815,23.491331802041216
-1565660936726.0,2181700.0,1455.0,0.02161,0.05707,-0.83356,0.54901,0.01849,-234.96739,18.284245,4.11535153769547,-5.663766599132746,23.461041969128274
-1565660936720.0,2181706.0,1461.0,0.02142,0.05756,-0.83337,0.54926,0.01849,-235.41212,18.569357,4.172771934250653,-5.677695611304949,23.428731525443325
-1565660936715.0,2181706.0,1466.0,0.02112,0.05853,-0.83301,0.54974,0.01849,-236.25977,19.11254,4.281798068763252,-5.712619307789844,23.368132165562116
-1565660936709.0,2181715.0,1472.0,0.021,0.05896,-0.83282,0.54999,0.01849,-236.7059,19.35435,4.329012748605524,-5.729568977109183,23.335363905900593
-1565660936703.0,2181722.0,1478.0,0.02087,0.05939,-0.83264,0.55023,0.01849,-237.13168,19.598513,4.376942182963955,-5.7455458573807645,23.304503490462338
-1565660936697.0,2181722.0,1484.0,0.02075,0.05981,-0.83246,0.55042,0.01855,-237.5365,19.836714,4.423391410854339,-5.7615326992449045,23.27547250272518
-1565660936692.0,2181735.0,1489.0,0.02063,0.06018,-0.83234,0.5506,0.01855,-237.83188,20.045677,4.465440457704424,-5.774445739650441,23.255241041056962
-1565660936686.0,2181735.0,1495.0,0.02057,0.06055,-0.83215,0.55084,0.01855,-238.27623,20.247053,4.50308823655799,-5.793381601048061,23.22235802531182
-1565660936682.0,2181745.0,1499.0,0.02045,0.06085,-0.83203,0.55103,0.01855,-238.57639,20.426607,4.538344297739412,-5.801962738205594,23.200846611883264
-1565660936676.0,2181751.0,1505.0,0.02032,0.06122,-0.83185,0.55121,0.01855,-238.98045,20.648594,4.580595937641074,-5.813835691091286,23.17160783266604
-1565660936670.0,2181751.0,1511.0,0.0202,0.06152,-0.83173,0.55139,0.01855,-239.27751,20.829098,4.615872851229051,-5.822381328589938,23.15052160938164
-1565660936665.0,2181760.0,1516.0,0.02002,0.06201,-0.83142,0.55176,0.01855,-240.00095,21.136452,4.671497502626677,-5.8381858700134766,23.096074140169748
-1565660936658.0,2181767.0,1523.0,0.0199,0.06232,-0.8313,0.55194,0.01855,-240.29991,21.32243,4.707736627368463,-5.847413140135192,23.075188825310008
-1565660936651.0,2181776.0,1530.0,0.01978,0.0625,-0.83118,0.55212,0.01855,-240.59816,21.452295,4.731416312000601,-5.848388762061866,23.05248661352458
-1565660936648.0,2181776.0,1533.0,0.01971,0.06268,-0.83105,0.55231,0.01855,-240.91841,21.569193,4.751851091903524,-5.854211231610201,23.028048931882665
-1565660936642.0,2181783.0,1539.0,0.01965,0.06287,-0.83093,0.55243,0.01855,-241.19069,21.686924,4.772850182772502,-5.861153029348276,23.00792569543688
-1565660936635.0,2181783.0,1546.0,0.01959,0.06299,-0.83081,0.55261,0.01855,-241.48882,21.77375,4.786951233447719,-5.864081631018014,22.98457030901507
-1565660936631.0,2181795.0,1550.0,0.01953,0.06317,-0.83075,0.55273,0.01855,-241.65302,21.87809,4.807415963747047,-5.870535985547361,22.973401803687736
-1565660936626.0,2181800.0,1555.0,0.01947,0.06323,-0.83063,0.55286,0.01849,-241.92963,21.939575,4.8158336599681375,-5.869292138351966,22.951070246771167
-1565660936620.0,2181800.0,1561.0,0.01935,0.06348,-0.83051,0.55304,0.01855,-242.2314,22.101383,4.846273240573659,-5.874780513908374,22.92942691430288
-1565660936614.0,2181809.0,1567.0,0.01929,0.06354,-0.83044,0.55316,0.01855,-242.41338,22.15532,4.8550772096054144,-5.873585500477089,22.915046817668596
-1565660936608.0,2181809.0,1573.0,0.01923,0.0636,-0.83038,0.55322,0.01855,-242.5508,22.208311,4.864087401901394,-5.871975680196256,22.904417610577767
-1565660936604.0,2181820.0,1577.0,0.01917,0.06366,-0.83032,0.55328,0.01855,-242.6885,22.261364,4.873097687299637,-5.870367523384716,22.893789160479542
-1565660936597.0,2181829.0,1584.0,0.0191,0.06366,-0.83032,0.55334,0.01855,-242.71587,22.281483,4.877385240761932,-5.864112111447569,22.891357011501754
-1565660936592.0,2181829.0,1589.0,0.01904,0.06372,-0.83026,0.55341,0.01855,-242.85796,22.3345,4.886374626453977,-5.862579936270665,22.880358416177444
-1565660936586.0,2181835.0,1595.0,0.01898,0.06372,-0.83026,0.55341,0.01849,-242.85886,22.352272,4.890163274291855,-5.8568415048521985,22.88018718652789
-1565660936581.0,2181844.0,1600.0,0.01892,0.06378,-0.8302,0.55347,0.01855,-242.9967,22.405453,4.89917505794156,-5.855238091519689,22.86956129237494
-1565660936576.0,2181844.0,1605.0,0.01886,0.06378,-0.8302,0.55353,0.01855,-243.02385,22.422642,4.902834206881471,-5.8499409646650555,22.867160196141782
-1565660936569.0,2181851.0,1612.0,0.01874,0.06378,-0.83014,0.55359,0.01855,-243.1622,22.46741,4.9098448312135075,-5.838776536626372,22.855501592019465
-1565660936564.0,2181859.0,1617.0,0.01868,0.06378,-0.83014,0.55365,0.01855,-243.18938,22.484617,4.9135060431871995,-5.833479980226105,22.853102213318778
-1565660936558.0,2181867.0,1623.0,0.01862,0.06378,-0.83008,0.55365,0.01855,-243.30063,22.512232,4.916857117440721,-5.827613989736372,22.84384330787404
-1565660936548.0,2181879.0,1633.0,0.01862,0.06378,-0.83002,0.55371,0.01855,-243.43733,22.52146,4.916289728641658,-5.827926100132292,22.83252746009012
-1565660936547.0,2181879.0,1634.0,0.01855,0.06378,-0.83002,0.55383,0.01849,-243.49098,22.541075,4.920456720392304,-5.822115203416812,22.827876499672897
-1565660936542.0,2181884.0,1639.0,0.01855,0.06378,-0.82996,0.55389,0.01849,-243.6279,22.55033,4.919889822704702,-5.822427794537264,22.816562959884138
-1565660936536.0,2181884.0,1645.0,0.01855,0.06378,-0.8299,0.55396,0.01849,-243.76933,22.55949,4.919301635782065,-5.822813851376625,22.804878935438055
-1565660936532.0,2181893.0,1649.0,0.01855,0.06378,-0.82983,0.55408,0.01849,-243.95142,22.569822,4.9185338111784835,-5.823545869595106,22.78982877695762
-1565660936525.0,2181893.0,1656.0,0.01855,0.06378,-0.82977,0.55414,0.01849,-244.08878,22.579107,4.917966910215859,-5.823858461511561,22.77851641497486
-1565660936520.0,2181903.0,1661.0,0.01849,0.06384,-0.82959,0.55438,0.01849,-244.52951,22.650723,4.925721770034595,-5.823335010100794,22.743055151785825
-1565660936512.0,2181912.0,1669.0,0.01849,0.06384,-0.82953,0.5545,0.01849,-244.69391,22.659483,4.925027559444833,-5.82408964003613,22.729528840580784
-1565660936509.0,2181912.0,1672.0,0.01849,0.06384,-0.82947,0.55457,0.01849,-244.8364,22.668737,4.924439444012959,-5.824476596469988,22.71784997625487
-1565660936503.0,2181919.0,1678.0,0.01849,0.0639,-0.82941,0.55469,0.01849,-245.00153,22.703936,4.929532093051797,-5.829064804637876,22.705191403391737
-1565660936498.0,2181928.0,1683.0,0.01849,0.06396,-0.82935,0.55481,0.01849,-245.167,22.739183,4.934624066591473,-5.833654709024223,22.692536254372484
-1565660936491.0,2181935.0,1690.0,0.01849,0.06396,-0.82922,0.55487,0.01849,-245.43633,22.76025,4.933542533436845,-5.833819877261775,22.67061437542148
-1565660936486.0,2181935.0,1695.0,0.01849,0.06403,-0.82916,0.55499,0.01849,-245.60231,22.799986,4.93959719170298,-5.83905118218443,22.658107937427573
-1565660936481.0,2181944.0,1700.0,0.01849,0.06403,-0.8291,0.55511,0.01849,-245.76762,22.80883,4.93890166781312,-5.839808459578474,22.64459429991048
-1565660936475.0,2181951.0,1706.0,0.01849,0.06409,-0.82904,0.55524,0.01849,-245.93828,22.844107,4.943969719153994,-5.8444769771839225,22.631582283747505
-1565660936468.0,2181951.0,1713.0,0.01849,0.06409,-0.82886,0.55548,0.01849,-246.38289,22.871971,4.942136533607357,-5.845865413941501,22.595467148747147
-1565660936465.0,2181961.0,1716.0,0.01855,0.06415,-0.82874,0.5556,0.01849,-246.6619,22.899464,4.942978482241965,-5.856063607943217,22.573897990712908
-1565660936459.0,2181966.0,1722.0,0.01855,0.06415,-0.82867,0.55573,0.01849,-246.8517,22.909977,4.942186377806654,-5.8568746803997245,22.558513287160196
-1565660936453.0,2181974.0,1728.0,0.01855,0.06415,-0.82855,0.55591,0.01849,-247.15869,22.928465,4.940919718314387,-5.857948394236202,22.533714027665354
-1565660936448.0,2181974.0,1733.0,0.01862,0.06415,-0.82849,0.55603,0.01849,-247.32451,22.916246,4.935781371358769,-5.865387533454459,22.520417770265524
-1565660936441.0,2181974.0,1740.0,0.01862,0.06415,-0.82837,0.55615,0.01849,-247.60573,22.935354,4.934641453315838,-5.866016911210382,22.49781779786362
-1565660936435.0,2181986.0,1746.0,0.01862,0.06409,-0.82825,0.55634,0.01849,-247.91788,22.927126,4.927572348444072,-5.863318330645253,22.471796455910905
-1565660936430.0,2181996.0,1751.0,0.01862,0.06409,-0.82812,0.55652,0.01849,-248.24586,22.947369,4.92623147101642,-5.864368395941536,22.44549475274495
-1565660936425.0,2181996.0,1756.0,0.01862,0.06409,-0.82794,0.55682,0.01849,-248.72382,22.974962,4.924266368205805,-5.866197156486302,22.407238460197846
-1565660936418.0,2182003.0,1763.0,0.01868,0.06403,-0.82782,0.55701,0.01849,-249.03726,22.948467,4.913387539048054,-5.869214266239661,22.381406527598372
-1565660936413.0,2182014.0,1768.0,0.01868,0.06403,-0.8277,0.55719,0.01849,-249.34836,22.967094,4.912119763774292,-5.8702837185463785,22.35664218614454
-1565660936402.0,2182025.0,1779.0,0.01868,0.06396,-0.82758,0.55737,0.01849,-249.65948,22.954496,4.904114817590106,-5.866858720620604,22.33087093634107
-1565660936399.0,2182025.0,1782.0,0.01868,0.06396,-0.82751,0.5575,0.01849,-249.8527,22.965128,4.903322238578467,-5.867665915171777,22.315525334195428
-1565660936397.0,2182025.0,1784.0,0.01874,0.06396,-0.82739,0.55768,0.01843,-250.16432,22.96544,4.898237046100233,-5.874452629992548,22.29094257411343
-1565660936389.0,2182037.0,1792.0,0.01874,0.0639,-0.82727,0.5578,0.01843,-250.45026,22.957895,4.891325554065113,-5.871222344975264,22.26749670756645
-1565660936386.0,2182037.0,1795.0,0.01874,0.0639,-0.82721,0.55798,0.01843,-250.64732,22.966326,4.890498336777086,-5.8724178026013325,22.25187659348468
-1565660936380.0,2182045.0,1801.0,0.01874,0.06378,-0.82703,0.55817,0.01849,-251.08179,22.941416,4.877228332826213,-5.865711979234705,22.215922912882675
-1565660936374.0,2182051.0,1807.0,0.01874,0.06372,-0.82697,0.55829,0.01849,-251.25209,22.923542,4.870761043104821,-5.8626053941571765,22.201610922534314
-1565660936369.0,2182051.0,1812.0,0.01874,0.06372,-0.8269,0.55841,0.01849,-251.44273,22.93431,4.869990973079167,-5.86333510292196,22.18664534616053
-1565660936363.0,2182061.0,1818.0,0.01874,0.0636,-0.82684,0.55847,0.01849,-251.58586,22.890072,4.85788543753255,-5.8559261369805995,22.173632722836672
-1565660936357.0,2182061.0,1824.0,0.01874,0.06354,-0.82678,0.55859,0.01849,-251.75665,22.872145,4.851421132505832,-5.852815044747539,22.15932928425852
-1565660936353.0,2182072.0,1828.0,0.01874,0.06348,-0.82678,0.55865,0.01849,-251.78304,22.84456,4.845524030386975,-5.849393091370073,22.15631219843742
-1565660936347.0,2182079.0,1834.0,0.01874,0.06342,-0.82672,0.55872,0.01849,-251.93163,22.827126,4.839168806357056,-5.845913863113512,22.143809102539677
-1565660936342.0,2182079.0,1839.0,0.01874,0.06329,-0.82666,0.55878,0.01849,-252.0751,22.778276,4.826108176572814,-5.837855116333966,22.13066286947729
-1565660936334.0,2182087.0,1847.0,0.01874,0.06323,-0.82666,0.55884,0.01849,-252.1015,22.75067,4.820212516918461,-5.834430213427937,22.127651845570227
-1565660936330.0,2182096.0,1851.0,0.01874,0.06311,-0.82666,0.55884,0.01849,-252.10028,22.696672,4.808679761248177,-5.826705649950123,22.12593658262641
-1565660936324.0,2182096.0,1857.0,0.01874,0.06299,-0.82666,0.5589,0.01849,-252.12604,22.642065,4.797018537464971,-5.81941652343305,22.122072872606225
-1565660936318.0,2182103.0,1863.0,0.01874,0.06287,-0.82666,0.5589,0.01849,-252.12482,22.588072,4.785486964992195,-5.811691337056111,22.120363848346514
-1565660936314.0,2182112.0,1867.0,0.01874,0.06281,-0.82666,0.5589,0.01849,-252.12422,22.561071,4.779721400142737,-5.807828783631857,22.119510479297276
-1565660936308.0,2182112.0,1873.0,0.01874,0.06268,-0.82666,0.5589,0.01849,-252.1229,22.502577,4.767229848487104,-5.799460008714597,22.117664127425144
-1565660936301.0,2182120.0,1880.0,0.01874,0.06262,-0.82666,0.55884,0.01849,-252.09528,22.47619,4.7615938117284795,-5.795164783816702,22.118964228944606
-1565660936295.0,2182131.0,1886.0,0.01874,0.0625,-0.82672,0.55884,0.01849,-251.97621,22.412132,4.750494492364252,-5.787570265936041,22.1263953507534
-1565660936291.0,2182131.0,1890.0,0.01874,0.06244,-0.82672,0.55884,0.01849,-251.9756,22.385149,4.744729422052891,-5.783708292255786,22.12554676030534
-1565660936286.0,2182136.0,1895.0,0.01874,0.06238,-0.82672,0.55878,0.01849,-251.94803,22.358774,4.739093560680472,-5.779415260267366,22.12685080749013
-1565660936281.0,2182145.0,1900.0,0.01874,0.06226,-0.82678,0.55878,0.01849,-251.82904,22.294796,4.727992938359982,-5.771821783087619,22.134287741285902
-1565660936276.0,2182145.0,1905.0,0.0188,0.06213,-0.82678,0.55872,0.01849,-251.7997,22.218468,4.711804941021082,-5.768739419590636,22.134771333750678
-1565660936270.0,2182156.0,1911.0,0.0188,0.06195,-0.82684,0.55865,0.01849,-251.6489,22.128353,4.695089257791384,-5.7567869194621775,22.143884277269223
-1565660936264.0,2182163.0,1917.0,0.01886,0.06183,-0.8269,0.55865,0.01849,-251.52916,22.046076,4.680159754393941,-5.75491007289318,22.151492337443926
-1565660936259.0,2182163.0,1922.0,0.01892,0.06171,-0.8269,0.55859,0.01849,-251.49988,21.974321,4.664934344839691,-5.752476884599908,22.152128062696832
-1565660936252.0,2182171.0,1929.0,0.01898,0.06165,-0.82697,0.55853,0.01849,-251.33446,21.918087,4.655969964584393,-5.7540579847532785,22.16425600474308
-1565660936247.0,2182179.0,1934.0,0.01904,0.06152,-0.82697,0.55853,0.01849,-251.33203,21.841276,4.639653971715595,-5.751410109197482,22.162601273692204
-1565660936241.0,2182179.0,1940.0,0.0191,0.0614,-0.82703,0.55847,0.01849,-251.18568,21.75986,4.624853702540933,-5.749113206021696,22.1723737644742
-1565660936235.0,2182186.0,1946.0,0.01917,0.06128,-0.82703,0.55847,0.01849,-251.18309,21.684502,4.608861439493429,-5.748062353509104,22.17089045045337
-1565660936230.0,2182196.0,1951.0,0.01929,0.06104,-0.82709,0.55841,0.01849,-251.03429,21.53095,4.578706657092726,-5.743767172534516,22.179163467154552
-1565660936224.0,2182203.0,1957.0,0.01935,0.06091,-0.82709,0.55841,0.01849,-251.03172,21.454222,4.562392157640357,-5.7411219707052235,22.177522556124714
-1565660936219.0,2182203.0,1962.0,0.01941,0.06079,-0.82715,0.55835,0.01849,-250.88567,21.373095,4.547591280246858,-5.738833953986028,22.18730894167325
-1565660936213.0,2182213.0,1968.0,0.01947,0.06067,-0.82715,0.55835,0.01849,-250.88321,21.300892,4.5322379849758745,-5.736833130244285,22.18581163336978
-1565660936208.0,2182213.0,1973.0,0.01953,0.06055,-0.82721,0.55829,0.01849,-250.73709,21.21988,4.517436762093295,-5.7345488621745355,22.19560354674985
-1565660936201.0,2182220.0,1980.0,0.01959,0.06042,-0.82721,0.55829,0.01849,-250.73445,21.14323,4.501123265112699,-5.731906328924142,22.193973876624042
-1565660936196.0,2182227.0,1985.0,0.01965,0.0603,-0.82727,0.55823,0.01849,-250.58862,21.062355,4.486321665125106,-5.72962588108328,22.203771553173354
-1565660936193.0,2182227.0,1988.0,0.01971,0.06018,-0.82727,0.55823,0.01849,-250.58606,20.990225,4.470969326897064,-5.727627577221851,22.202284528244363
-1565660936186.0,2182239.0,1995.0,0.01978,0.06012,-0.82727,0.55817,0.01849,-250.55714,20.942541,4.460879961854711,-5.7300239556933175,22.203806824527177
-1565660936181.0,2182239.0,2000.0,0.01984,0.06,-0.82733,0.55817,0.01849,-250.438,20.861147,4.4459419821726724,-5.728163573976921,22.211450906647272
-1565660936175.0,2182247.0,2006.0,0.0199,0.05988,-0.82733,0.55817,0.01855,-250.43546,20.789062,4.430590256313783,-5.726166519026361,22.209969895943573
-1565660936169.0,2182255.0,2012.0,0.02002,0.05969,-0.82733,0.55811,0.01855,-250.40396,20.667917,4.404828698940809,-5.7249740776489295,22.209855818339122
-1565660936164.0,2182263.0,2017.0,0.02008,0.05957,-0.82739,0.55817,0.01855,-250.31181,20.586058,4.389750524595003,-5.723528239625813,22.215347156157947
-1565660936159.0,2182263.0,2022.0,0.02008,0.05945,-0.82739,0.55817,0.01855,-250.31052,20.532383,4.3782238987010045,-5.7158144473654255,22.213719660564976
-1565660936152.0,2182271.0,2029.0,0.02014,0.05939,-0.82739,0.55817,0.01855,-250.30855,20.487177,4.368636329032361,-5.717674719799002,22.213062186107038
-1565660936147.0,2182271.0,2034.0,0.0202,0.05933,-0.82739,0.55817,0.01855,-250.30652,20.441963,4.359048822623235,-5.71953499828005,22.212405152903912
-1565660936141.0,2182280.0,2040.0,0.0202,0.0592,-0.82739,0.55817,0.01849,-250.3051,20.383816,4.3465627464888845,-5.711178453002248,22.210648077781926
-1565660936136.0,2182288.0,2045.0,0.02026,0.05914,-0.82739,0.55817,0.01849,-250.30305,20.338608,4.3369755369924565,-5.713038710373599,22.209992787880893
-1565660936132.0,2182288.0,2049.0,0.02026,0.05902,-0.82739,0.55817,0.01849,-250.30176,20.284935,4.325450726179819,-5.705325059428056,22.20837525151795
-1565660936126.0,2182296.0,2055.0,0.02032,0.05896,-0.82739,0.55817,0.01849,-250.29977,20.239735,4.315863794342239,-5.707185297799628,22.207721605145977
-1565660936120.0,2182304.0,2061.0,0.02039,0.05878,-0.82739,0.55817,0.01849,-250.29616,20.13779,4.29411562502892,-5.702284778293549,22.205481901657436
-1565660936113.0,2182313.0,2068.0,0.02039,0.05865,-0.82739,0.55817,0.01849,-250.29471,20.079645,4.281632097973389,-5.693928484432006,22.203738864510683
-1565660936108.0,2182313.0,2073.0,0.02039,0.05859,-0.82739,0.55823,0.01849,-250.32088,20.05215,4.275730196249242,-5.690476604414446,22.20077537974535
-1565660936102.0,2182323.0,2079.0,0.02045,0.05847,-0.82739,0.55823,0.01849,-250.31815,19.980112,4.260382354005096,-5.688479266194212,22.199323896396123
-1565660936097.0,2182323.0,2084.0,0.02051,0.05841,-0.82739,0.55817,0.01849,-250.2892,19.935566,4.250937167054654,-5.689935449235903,22.20083536344174
-1565660936092.0,2182332.0,2089.0,0.02051,0.05829,-0.82739,0.55817,0.01849,-250.28786,19.881897,4.239415467877898,-5.682222108607302,22.199235041085586
-1565660936085.0,2182341.0,2096.0,0.02051,0.05823,-0.82739,0.55817,0.01849,-250.2872,19.855062,4.233654825124164,-5.678365477046539,22.198436024247385
-1565660936079.0,2182341.0,2102.0,0.02057,0.05817,-0.82745,0.55817,0.01849,-250.16896,19.80112,4.224469936963352,-5.680367754956664,22.206918702507707
-1565660936075.0,2182348.0,2106.0,0.02057,0.05804,-0.82745,0.55817,0.01849,-250.16753,19.743008,4.211988350870601,-5.67201177941423,22.20519171729525
-1565660936070.0,2182355.0,2111.0,0.02063,0.05792,-0.82751,0.55811,0.01849,-250.02191,19.663008,4.197183375797395,-5.66975810122949,22.215041296559107
-1565660936064.0,2182355.0,2117.0,0.02063,0.0578,-0.82751,0.55811,0.01843,-250.02058,19.609386,4.1856621427388445,-5.662045859675764,22.21345320284634
-1565660936057.0,2182363.0,2124.0,0.02069,0.05774,-0.82751,0.55804,0.01843,-249.98712,19.565016,4.176243024591892,-5.663441773614205,22.215333024315655
-1565660936047.0,2182371.0,2134.0,0.02069,0.05768,-0.82758,0.55804,0.01843,-249.85132,19.528173,4.170946428626813,-5.659752941719855,22.22519014849601
-1565660936046.0,2182371.0,2135.0,0.02069,0.05762,-0.82758,0.55798,0.01843,-249.8238,19.50205,4.165328349293047,-5.6554992545965765,22.22656144799022
-1565660936041.0,2182382.0,2140.0,0.02075,0.05756,-0.82764,0.55792,0.01843,-249.67903,19.449038,4.156283222818874,-5.657107631884302,22.237212204960116
-1565660936036.0,2182390.0,2145.0,0.02075,0.0575,-0.82764,0.55792,0.01843,-249.67838,19.422255,4.150522399376838,-5.65325289536455,22.236422113996156
-1565660936030.0,2182396.0,2151.0,0.02081,0.05737,-0.8277,0.55786,0.01843,-249.53307,19.338085,4.13475588937422,-5.65036665010638,22.246154280728874
-1565660936025.0,2182396.0,2156.0,0.02081,0.05725,-0.82776,0.55774,0.01843,-249.36281,19.277431,4.123915671624108,-5.6420108203999835,22.258037228890842
-1565660936019.0,2182407.0,2162.0,0.02087,0.05719,-0.82782,0.55768,0.01837,-249.21843,19.224615,4.114869828304848,-5.643625447405606,22.268693559586808
-1565660936012.0,2182407.0,2169.0,0.02087,0.05713,-0.82788,0.55762,0.01837,-249.07574,19.190126,4.109646051497757,-5.639521940746996,22.279201015195383
-1565660936008.0,2182415.0,2173.0,0.02087,0.05713,-0.82794,0.55756,0.01837,-248.93399,19.182388,4.110183562224591,-5.639271422861281,22.29049409456914
-1565660936001.0,2182425.0,2180.0,0.02087,0.05707,-0.828,0.55743,0.01837,-248.76051,19.14874,4.10512646799029,-5.634709185897351,22.30353519559658
-1565660935996.0,2182431.0,2185.0,0.02087,0.05701,-0.82806,0.55737,0.01837,-248.61833,19.114338,4.099900893779794,-5.630608298535283,22.31404588348279
-1565660935991.0,2182431.0,2190.0,0.02094,0.05701,-0.82806,0.55731,0.01837,-248.58981,19.093746,4.095588168850319,-5.636888871442915,22.316392626835665
-1565660935986.0,2182440.0,2195.0,0.02094,0.05701,-0.82812,0.55719,0.01837,-248.42172,19.086739,4.096269645052252,-5.636245791158092,22.32986224238664
-1565660935980.0,2182440.0,2201.0,0.02094,0.05695,-0.82825,0.55707,0.01837,-248.11969,19.043364,4.091645587545793,-5.631922773590342,22.353193205289983
-1565660935975.0,2182448.0,2206.0,0.02094,0.05695,-0.82831,0.55695,0.01837,-247.952,19.03639,4.092326647598624,-5.6312805278645,22.36666772210036
-1565660935970.0,2182455.0,2211.0,0.02094,0.05688,-0.82837,0.55688,0.01837,-247.80612,18.997807,4.08616213488418,-5.626477559642414,22.377416318616625
-1565660935963.0,2182464.0,2218.0,0.02094,0.05688,-0.82843,0.55682,0.01837,-247.66539,18.99019,4.08669840906476,-5.626229258190206,22.388714757468833
-1565660935957.0,2182464.0,2224.0,0.02094,0.05682,-0.82843,0.55682,0.01837,-247.66469,18.96357,4.0809335819501555,-5.622382326416024,22.387933356873575
-1565660935952.0,2182470.0,2229.0,0.02094,0.05682,-0.82849,0.55676,0.01837,-247.52419,18.955973,4.081469442275545,-5.622134441235186,22.399231911253082
-1565660935946.0,2182481.0,2235.0,0.02094,0.05682,-0.82849,0.5567,0.01831,-247.49756,18.956646,4.081613744046496,-5.621741887494214,22.401413081914512
-1565660935941.0,2182481.0,2240.0,0.021,0.05676,-0.82855,0.55664,0.01831,-247.35518,18.904354,4.072568729292629,-5.623372555534258,22.41208172399257
-1565660935936.0,2182491.0,2245.0,0.021,0.05676,-0.82861,0.55658,0.01831,-247.21486,18.896791,4.073104596129832,-5.6231254989803015,22.42338160528297
-1565660935929.0,2182491.0,2252.0,0.02106,0.0567,-0.82867,0.55646,0.01837,-247.046,18.845251,4.064204792099307,-5.6243669315897185,22.436235978085648
-1565660935924.0,2182498.0,2257.0,0.02106,0.05664,-0.82874,0.5564,0.01837,-246.88654,18.809816,4.059039167633779,-5.620300937039945,22.448277138512495
-1565660935918.0,2182508.0,2263.0,0.02112,0.05664,-0.82874,0.55634,0.01837,-246.85846,18.79241,4.055370944981982,-5.625635172869862,22.45061293728503
-1565660935912.0,2182515.0,2269.0,0.02112,0.05658,-0.8288,0.55634,0.01837,-246.7445,18.757704,4.049994345925424,-5.621937473459131,22.458949216889764
-1565660935907.0,2182515.0,2274.0,0.02118,0.05658,-0.8288,0.55627,0.01837,-246.71205,18.740427,4.046351239316718,-5.627207403478531,22.461650596764855
-1565660935901.0,2182522.0,2280.0,0.02118,0.05652,-0.8288,0.55627,0.01837,-246.71138,18.713886,4.0405844100936354,-5.62336426504417,22.460872578449198
-1565660935896.0,2182531.0,2285.0,0.02118,0.05646,-0.8288,0.55627,0.01831,-246.71068,18.687346,4.034817714886144,-5.6195211519913375,22.46009532187483
-1565660935889.0,2182531.0,2292.0,0.02124,0.0564,-0.82886,0.55621,0.01831,-246.56894,18.635338,4.025773199274852,-5.621161071489108,22.470770623859195
-1565660935883.0,2182540.0,2298.0,0.02124,0.05634,-0.82886,0.55621,0.01831,-246.56827,18.608809,4.020006326872364,-5.61731838749924,22.469994795666736
-1565660935877.0,2182548.0,2304.0,0.02124,0.05627,-0.82886,0.55621,0.01831,-246.56744,18.577858,4.013278477952634,-5.612835288213619,22.469090625496605
-1565660935873.0,2182548.0,2308.0,0.02124,0.05621,-0.82886,0.55621,0.01825,-246.5668,18.551329,4.007511894909213,-5.6089926591220856,22.468316447705504
-1565660935867.0,2182557.0,2314.0,0.0213,0.05615,-0.82886,0.55621,0.01825,-246.5645,18.50674,3.9979326943283153,-5.610876284123781,22.46769128134075
-1565660935862.0,2182564.0,2319.0,0.02136,0.05603,-0.82892,0.55615,0.01825,-246.42203,18.428324,3.9831206633039478,-5.608677766527948,22.477597855484305
-1565660935856.0,2182564.0,2325.0,0.02136,0.05597,-0.82892,0.55615,0.01825,-246.42136,18.401804,3.9773541364945433,-5.604835579330535,22.47682646616434
-1565660935850.0,2182574.0,2331.0,0.02142,0.05585,-0.82892,0.55615,0.01825,-246.41838,18.330732,3.9620089597425667,-5.602877845626869,22.475433475705728
-1565660935845.0,2182582.0,2336.0,0.02148,0.05566,-0.82898,0.55609,0.01825,-246.2753,18.22153,3.9404689240149664,-5.596201498906972,22.484451167840405
-1565660935839.0,2182582.0,2342.0,0.02155,0.05554,-0.82898,0.55603,0.01825,-246.24559,18.148182,3.924637528354325,-5.594815832695351,22.48527947530485
-1565660935833.0,2182593.0,2348.0,0.02167,0.05542,-0.82904,0.55603,0.01825,-246.1283,18.05133,3.9058637697600496,-5.598736848483943,22.49315615777833
-1565660935827.0,2182599.0,2354.0,0.02173,0.0553,-0.82904,0.55597,0.01831,-246.0988,17.98103,3.8906692725936813,-5.596399586369669,22.493965546540025
-1565660935822.0,2182599.0,2359.0,0.02179,0.05518,-0.8291,0.55597,0.01825,-245.98312,17.90231,3.8757061324670965,-5.594595730997429,22.50169999341648
-1565660935815.0,2182607.0,2366.0,0.02185,0.05505,-0.8291,0.55591,0.01825,-245.95346,17.827635,3.8595518318793514,-5.591621314985519,22.50238850364579
-1565660935811.0,2182616.0,2370.0,0.02191,0.05493,-0.82916,0.55591,0.01825,-245.838,17.74904,3.844587371664083,-5.58981954684863,22.510127716047066
-1565660935805.0,2182616.0,2376.0,0.02197,0.05481,-0.82916,0.55585,0.01825,-245.80849,17.678823,3.8293952833600398,-5.587488192426627,22.510949092121322
-1565660935799.0,2182624.0,2382.0,0.02209,0.0545,-0.82928,0.55573,0.01825,-245.52396,17.492483,3.7930398293423933,-5.578656723931304,22.52994712197335
-1565660935795.0,2182624.0,2386.0,0.02216,0.05438,-0.82935,0.55566,0.01831,-245.35904,17.410757,3.777677742680368,-5.577402493140222,22.54180071068501
-1565660935788.0,2182638.0,2393.0,0.02222,0.05426,-0.82935,0.5556,0.01831,-245.32951,17.34067,3.7624882687475334,-5.575079754233158,22.542637127833913
-1565660935779.0,2182638.0,2402.0,0.02222,0.05408,-0.82941,0.55554,0.01825,-245.18901,17.254702,3.7457163903930977,-5.5633452378195845,22.55169574215327
-1565660935778.0,2182649.0,2403.0,0.02228,0.05396,-0.82947,0.55554,0.01825,-245.07413,17.176592,3.7307467749998002,-5.561553365876441,22.559453324791818
-1565660935771.0,2182649.0,2410.0,0.02234,0.05377,-0.82953,0.55548,0.01825,-244.93202,17.068478,3.7092023409572166,-5.554913629496812,22.56854116192943
-1565660935767.0,2182659.0,2414.0,0.0224,0.05365,-0.82953,0.55542,0.01825,-244.90245,16.998505,3.6940149459848146,-5.552598923510045,22.569393737371414
-1565660935760.0,2182659.0,2421.0,0.02246,0.05347,-0.82959,0.55536,0.01825,-244.76057,16.89493,3.6734314740772556,-5.546604686856935,22.57861743358879
-1565660935756.0,2182667.0,2425.0,0.02246,0.05328,-0.82965,0.5553,0.01825,-244.62065,16.804958,3.6556945166012453,-5.534243518840412,22.587582942481347
-1565660935749.0,2182676.0,2432.0,0.02258,0.05298,-0.82971,0.55518,0.01825,-244.44942,16.631723,3.619924616906502,-5.525950339972218,22.597690575789215
-1565660935744.0,2182683.0,2437.0,0.02258,0.0528,-0.82977,0.55511,0.01825,-244.30531,16.546463,3.6031725455071073,-5.514176046278222,22.607166182881116
-1565660935734.0,2182692.0,2447.0,0.02264,0.05261,-0.82983,0.55505,0.01825,-244.164,16.438938,3.5816252548489502,-5.507558404415506,22.61629989400639
-1565660935733.0,2182692.0,2448.0,0.02271,0.05249,-0.8299,0.55499,0.01819,-244.0046,16.358074,3.5662304358823103,-5.5063982418100155,22.627832614571474
-1565660935727.0,2182699.0,2454.0,0.02277,0.05231,-0.8299,0.55499,0.01819,-244.0006,16.26131,3.545125029486683,-5.500630134273639,22.625786091295737
-1565660935722.0,2182699.0,2459.0,0.02283,0.05212,-0.82996,0.55487,0.01819,-243.83318,16.154772,3.5237336972163353,-5.493660858361376,22.63714410856886
-1565660935716.0,2182710.0,2465.0,0.02289,0.052,-0.83002,0.55487,0.01819,-243.71925,16.077553,3.50875412800877,-5.491886465307282,22.644940316183565
-1565660935711.0,2182716.0,2470.0,0.02295,0.05188,-0.83008,0.55481,0.01825,-243.57915,16.001131,3.4939314894924913,-5.4897545620755315,22.654945737824747
-1565660935704.0,2182716.0,2477.0,0.02295,0.0517,-0.83008,0.55475,0.01825,-243.5507,15.923038,3.476790697750671,-5.477901070403745,22.654990270475153
-1565660935699.0,2182724.0,2482.0,0.02307,0.05139,-0.83014,0.55469,0.01825,-243.40646,15.745792,3.439902753353517,-5.469375303027141,22.662868305619043
-1565660935694.0,2182732.0,2487.0,0.02313,0.05127,-0.83014,0.55469,0.01825,-243.40305,15.675492,3.42456575819203,-5.467446612527859,22.661573284905813
-1565660935688.0,2182732.0,2493.0,0.02319,0.05115,-0.8302,0.55463,0.01825,-243.26314,15.599354,3.4097416572275554,-5.465324811507825,22.671596317946765
-1565660935683.0,2182743.0,2498.0,0.02325,0.05103,-0.8302,0.55463,0.01825,-243.2597,15.529091,3.3944049428395053,-5.463397377293114,22.670306260098954
-1565660935677.0,2182743.0,2504.0,0.02325,0.0509,-0.8302,0.55469,0.01825,-243.28435,15.471485,3.381752444408396,-5.455449015631482,22.666554846070127
-1565660935672.0,2182751.0,2509.0,0.02332,0.05078,-0.8302,0.55469,0.01825,-243.28056,15.398261,3.365781853567034,-5.454476449941509,22.66529275035039
-1565660935667.0,2182751.0,2514.0,0.02338,0.05066,-0.8302,0.55469,0.01825,-243.2771,15.328001,3.3504458536677078,-5.452548221792772,22.664010471300685
-1565660935661.0,2182761.0,2520.0,0.02344,0.05054,-0.8302,0.55469,0.01825,-243.2736,15.257744,3.3351101926701316,-5.450619999838212,22.662730587447285
-1565660935655.0,2182767.0,2526.0,0.02356,0.05035,-0.83014,0.55475,0.01825,-243.40372,15.144719,3.3087340012422706,-5.450141168451855,22.649449157988585
-1565660935650.0,2182776.0,2531.0,0.02362,0.05023,-0.83014,0.55481,0.01825,-243.42647,15.073687,3.2932367152244235,-5.44855863441436,22.64596742592957
-1565660935643.0,2182783.0,2538.0,0.02362,0.05017,-0.83008,0.55481,0.01825,-243.53613,15.053751,3.287126922122353,-5.444563605766147,22.636156478741512
-1565660935637.0,2182783.0,2544.0,0.02368,0.05005,-0.83008,0.55487,0.01825,-243.5588,14.982677,3.2716301729695627,-5.4429786000287645,22.63267959539064
-1565660935632.0,2182793.0,2549.0,0.02368,0.04999,-0.83002,0.55493,0.01825,-243.6947,14.961932,3.2653590786924043,-5.439328040153281,22.620663956945776
-1565660935627.0,2182793.0,2554.0,0.02374,0.04993,-0.83002,0.55499,0.01825,-243.7182,14.917108,3.2556249364609666,-5.441572825199877,22.617891751391085
-1565660935621.0,2182800.0,2560.0,0.02374,0.04987,-0.82996,0.55505,0.01825,-243.85434,14.896324,3.249354872823571,-5.437920201881768,22.60587844995979
-1565660935615.0,2182811.0,2566.0,0.02374,0.0498,-0.8299,0.55518,0.01825,-244.02112,14.870261,3.241934529964581,-5.434029060571372,22.59118035794053
-1565660935611.0,2182815.0,2570.0,0.0238,0.04974,-0.8299,0.55524,0.01819,-244.04453,14.82538,3.2321992846223737,-5.436269958182625,22.58841299603783
-1565660935605.0,2182815.0,2576.0,0.0238,0.04962,-0.82977,0.55536,0.01819,-244.33603,14.784707,3.219607211109465,-5.428929667113309,22.56287728969869
-1565660935599.0,2182815.0,2582.0,0.02386,0.04956,-0.82971,0.55542,0.01819,-244.4706,14.745969,3.2095296509395634,-5.431002372519228,22.55100095795089
-1565660935594.0,2182829.0,2587.0,0.02386,0.04956,-0.82971,0.55548,0.01819,-244.49695,14.745212,3.209365120294782,-5.431344658633379,22.548803326458994
-1565660935588.0,2182836.0,2593.0,0.02393,0.0495,-0.82965,0.55554,0.01819,-244.6313,14.703451,3.198651757529892,-5.4343703009138284,22.536950229906125
-1565660935581.0,2182836.0,2600.0,0.02393,0.04944,-0.82959,0.5556,0.01819,-244.76819,14.682503,3.192386640334813,-5.430709640693063,22.524944695008955
-1565660935578.0,2182847.0,2603.0,0.02399,0.04944,-0.82959,0.55566,0.01819,-244.79236,14.663856,3.1884083078150938,-5.436780686846135,22.522880562642797
-1565660935572.0,2182853.0,2609.0,0.02399,0.04938,-0.82953,0.55573,0.01819,-244.93385,14.642757,3.1821161144521497,-5.433175195088128,22.510511075079577
-1565660935565.0,2182853.0,2616.0,0.02405,0.04932,-0.82953,0.55579,0.01819,-244.95735,14.597722,3.1723782347448513,-5.435406834747736,22.50775500526069
-1565660935560.0,2182865.0,2621.0,0.02405,0.04932,-0.82947,0.55585,0.01819,-245.09535,14.603093,3.1718722777111217,-5.43558136324135,22.49644624831822
-1565660935556.0,2182870.0,2625.0,0.02411,0.04926,-0.82941,0.55591,0.01819,-245.23047,14.564148,3.1617938912521857,-5.4376448367258,22.48457500332269
-1565660935548.0,2182877.0,2633.0,0.02411,0.04926,-0.82941,0.55597,0.01819,-245.2569,14.563381,3.161627627176999,-5.437985054641871,22.482384366256753
-1565660935543.0,2182877.0,2638.0,0.02411,0.04919,-0.82941,0.55597,0.01819,-245.256,14.532581,3.154910983546024,-5.433505246374286,22.481577124335715
-1565660935536.0,2182877.0,2645.0,0.02411,0.04919,-0.82935,0.55603,0.01819,-245.39433,14.537929,3.15440550228255,-5.433678462076473,22.470269382808752
-1565660935531.0,2182892.0,2650.0,0.02411,0.04919,-0.82935,0.55603,0.01813,-245.39433,14.537929,3.15440550228255,-5.433678462076473,22.470269382808752
-1565660935527.0,2182900.0,2654.0,0.02411,0.04919,-0.82928,0.55609,0.01813,-245.55135,14.544291,3.15384348423612,-5.433823925088673,22.45744174031678
-1565660935522.0,2182903.0,2659.0,0.02405,0.04919,-0.82928,0.55609,0.01813,-245.55351,14.562234,3.1576599848152704,-5.428096505226003,22.45731195389577
-1565660935516.0,2182903.0,2665.0,0.02405,0.04919,-0.82928,0.55615,0.01813,-245.57997,14.561467,3.1574941364467954,-5.42843623429689,22.45512413623885
-1565660935510.0,2182912.0,2671.0,0.02405,0.04919,-0.82928,0.55615,0.01813,-245.57997,14.561467,3.1574941364467954,-5.42843623429689,22.45512413623885
-1565660935505.0,2182920.0,2676.0,0.02405,0.04926,-0.82922,0.55621,0.01813,-245.71942,14.597681,3.163704152284682,-5.4330915686182575,22.444624652871525
-1565660935499.0,2182920.0,2682.0,0.02405,0.04926,-0.82922,0.55621,0.01813,-245.71942,14.597681,3.163704152284682,-5.4330915686182575,22.444624652871525
-1565660935493.0,2182929.0,2688.0,0.02405,0.04926,-0.82922,0.55621,0.01813,-245.71942,14.597681,3.163704152284682,-5.4330915686182575,22.444624652871525
-1565660935486.0,2182940.0,2695.0,0.02405,0.04932,-0.82922,0.55621,0.01813,-245.7202,14.624118,3.1694600619577304,-5.436933057173212,22.44531735682115
-1565660935482.0,2182940.0,2699.0,0.02405,0.04932,-0.82922,0.55627,0.01813,-245.74664,14.623353,3.1692942130913777,-5.43727368908114,22.443130915862184
-1565660935476.0,2182945.0,2705.0,0.02399,0.04938,-0.82916,0.55627,0.01813,-245.86188,14.673936,3.1785273507985257,-5.435222855847654,22.43457420154678
-1565660935470.0,2182951.0,2711.0,0.02399,0.04938,-0.82916,0.55627,0.01813,-245.86188,14.673936,3.1785273507985257,-5.435222855847654,22.43457420154678
-1565660935465.0,2182960.0,2716.0,0.02399,0.0495,-0.8291,0.55634,0.01813,-246.00656,14.732155,3.1895045211839856,-5.443139881486877,22.424292861355326
-1565660935461.0,2182960.0,2720.0,0.02399,0.0495,-0.8291,0.5564,0.01813,-246.03302,14.731388,3.1893390875460272,-5.443481760104399,22.422108536329603
-1565660935448.0,2182969.0,2733.0,0.02399,0.04956,-0.82904,0.55646,0.01813,-246.17287,14.763321,3.1945874173860966,-5.447501231232018,22.41149929873714
-1565660935446.0,2182969.0,2735.0,0.02399,0.04962,-0.82904,0.55646,0.01813,-246.17363,14.789797,3.2003426497024567,-5.45134453851457,22.412195747532692
-1565660935443.0,2182969.0,2738.0,0.02399,0.04968,-0.82898,0.55652,0.01807,-246.31345,14.821762,3.205589975559799,-5.4553653054840465,22.401588242840276
-1565660935438.0,2182985.0,2743.0,0.02393,0.04968,-0.82898,0.55658,0.01807,-246.34218,14.83901,3.2092441593697485,-5.44998287802464,22.39927559902165
-1565660935432.0,2182985.0,2749.0,0.02393,0.04974,-0.82892,0.55664,0.01807,-246.4822,14.87102,3.214491165850295,-5.454005293495621,22.38866994845877
-1565660935427.0,2182995.0,2754.0,0.02393,0.04974,-0.82892,0.5567,0.01807,-246.50868,14.870255,3.214326147066607,-5.454348835921124,22.38648952010054
-1565660935421.0,2183004.0,2760.0,0.02393,0.0498,-0.82886,0.5567,0.01807,-246.62245,14.9030695,3.2197374633654667,-5.4580285647461535,22.37806521574481
-1565660935416.0,2183004.0,2765.0,0.02386,0.04987,-0.8288,0.55676,0.01807,-246.7653,14.960606,3.230399614956724,-5.456015164517764,22.367425125080416
-1565660935410.0,2183013.0,2771.0,0.02386,0.04993,-0.82874,0.55688,0.01807,-246.93231,14.991959,3.235480366616709,-5.460385517618357,22.354644960373108
-1565660935404.0,2183019.0,2777.0,0.0238,0.04999,-0.82874,0.55688,0.01807,-246.93524,15.036558,3.245055703261128,-5.458507828346722,22.355214589941767
-1565660935399.0,2183028.0,2782.0,0.0238,0.04999,-0.82874,0.55695,0.01807,-246.96622,15.035668,3.2448642315309826,-5.458910645359518,22.35267489089155
-1565660935393.0,2183028.0,2788.0,0.0238,0.05005,-0.82867,0.55695,0.01807,-247.0991,15.069666,3.2502155015762453,-5.462565629574541,22.3427307631366
-1565660935388.0,2183035.0,2793.0,0.02374,0.05011,-0.82867,0.55701,0.01807,-247.1286,15.113533,3.2596272660930796,-5.461035002216543,22.34112583826004
-1565660935382.0,2183044.0,2799.0,0.02374,0.05011,-0.82867,0.55701,0.01807,-247.1286,15.113533,3.2596272660930796,-5.461035002216543,22.34112583826004
-1565660935377.0,2183044.0,2804.0,0.02368,0.05017,-0.82861,0.55707,0.01807,-247.27155,15.163847,3.268693944638283,-5.459341653992133,22.330396669742683
-1565660935371.0,2183052.0,2810.0,0.02368,0.05023,-0.82861,0.55707,0.01807,-247.27228,15.190413,3.274447272611725,-5.463189250316356,22.331100253149344
-1565660935365.0,2183062.0,2816.0,0.02362,0.05035,-0.82855,0.55713,0.01807,-247.41618,15.267379,3.2892667993195506,-5.465345992644047,22.321077462591816
-1565660935360.0,2183062.0,2821.0,0.02356,0.05042,-0.82855,0.55719,0.01807,-247.44572,15.315727,3.2996394042586785,-5.464460909575525,22.319595300215525
-1565660935355.0,2183067.0,2826.0,0.02356,0.05048,-0.82849,0.55719,0.01807,-247.56015,15.348839,3.305044679761146,-5.468146640446288,22.31117528067378
-1565660935348.0,2183079.0,2833.0,0.0235,0.05054,-0.82849,0.55725,0.01807,-247.58968,15.392795,3.314458966765396,-5.466621869696122,22.309577706541972
-1565660935342.0,2183079.0,2839.0,0.0235,0.0506,-0.82843,0.55725,0.01807,-247.70424,15.4259615,3.319863217027023,-5.470308442706237,22.301158322635274
-1565660935338.0,2183088.0,2843.0,0.02344,0.05066,-0.82843,0.55731,0.01807,-247.73369,15.46994,3.32927805277049,-5.46878532411216,22.299562912298683
-1565660935332.0,2183088.0,2849.0,0.02344,0.05072,-0.82843,0.55731,0.01807,-247.73444,15.496542,3.335031006996689,-5.472634638795382,22.300272193410436
-1565660935327.0,2183096.0,2854.0,0.02338,0.05078,-0.82837,0.55737,0.01807,-247.87798,15.547169,3.3440966635333464,-5.470951272853769,22.28955091962598
-1565660935321.0,2183103.0,2860.0,0.02338,0.05084,-0.82837,0.55737,0.01801,-247.87872,15.573786,3.349849417087958,-5.474801015896394,22.290261623032208
-1565660935315.0,2183103.0,2866.0,0.02332,0.05103,-0.82831,0.5575,0.01801,-248.05482,15.681285,3.3711912272101148,-5.481872998459086,22.278555085053185
-1565660935308.0,2183119.0,2873.0,0.02325,0.05109,-0.82825,0.5575,0.01801,-248.17236,15.73584,3.3810543322763067,-5.478888374649538,22.269984242656236
-1565660935303.0,2183119.0,2878.0,0.02325,0.05115,-0.82825,0.55756,0.01801,-248.19977,15.761735,3.3866465144574778,-5.483092364675122,22.26853064389782
-1565660935297.0,2183129.0,2884.0,0.02319,0.05121,-0.82825,0.55756,0.01801,-248.20259,15.806548,3.396224507949934,-5.481222685410494,22.26911171354925
-1565660935292.0,2183129.0,2889.0,0.02313,0.05127,-0.82819,0.55756,0.01801,-248.31961,15.858149,3.4054490399794557,-5.479193251859655,22.260564116918246
-1565660935285.0,2183136.0,2896.0,0.02313,0.05133,-0.82819,0.55762,0.01801,-248.347,15.88406,3.4110419471497697,-5.483398901736019,22.259113512028563
-1565660935281.0,2183136.0,2900.0,0.02307,0.05145,-0.82819,0.55762,0.01801,-248.35057,15.955552,3.4263727169887956,-5.485381588353706,22.26041392346214
-1565660935275.0,2183147.0,2906.0,0.02307,0.05151,-0.82819,0.55762,0.01801,-248.35132,15.982206,3.432125441443018,-5.489233151210071,22.26113242344333
-1565660935270.0,2183153.0,2911.0,0.02295,0.05164,-0.82812,0.55768,0.01794,-248.51724,16.083649,3.4516674892391124,-5.486309089182032,22.24960443276302
-1565660935264.0,2183153.0,2917.0,0.02295,0.0517,-0.82812,0.55774,0.01794,-248.54462,16.109581,3.4572618299686306,-5.490518173733044,22.248159385152675
-1565660935258.0,2183164.0,2923.0,0.02289,0.05176,-0.82806,0.55774,0.01794,-248.66214,16.161411,3.4664839043548534,-5.488492507504714,22.239615715630237
-1565660935252.0,2183171.0,2929.0,0.02283,0.05182,-0.82806,0.55774,0.01794,-248.66489,16.206303,3.476062470046687,-5.486625366960356,22.240202334833455
-1565660935246.0,2183179.0,2935.0,0.02283,0.05188,-0.82806,0.5578,0.01794,-248.69232,16.232248,3.481657539175038,-5.490836111468822,22.238760281342564
-1565660935242.0,2183179.0,2939.0,0.02277,0.05194,-0.828,0.5578,0.01794,-248.80971,16.284155,3.4908785620586986,-5.488812101879462,22.230217599645343
-1565660935235.0,2183188.0,2946.0,0.02277,0.052,-0.828,0.55786,0.01794,-248.83716,16.310112,3.496473850981583,-5.493024105131678,22.22877797426179
-1565660935231.0,2183188.0,2950.0,0.02271,0.052,-0.828,0.55786,0.01794,-248.83911,16.328337,3.5003007403809745,-5.4873049606835815,22.22864209974597
-1565660935226.0,2183198.0,2955.0,0.02264,0.05206,-0.82794,0.55792,0.01794,-248.98384,16.382639,3.5100027543163566,-5.484689092026575,22.21791436077288
-1565660935218.0,2183206.0,2963.0,0.02264,0.05212,-0.82794,0.55792,0.01794,-248.98456,16.409348,3.5157547968131486,-5.488542722559383,22.218639664023215
-1565660935214.0,2183206.0,2967.0,0.02258,0.05212,-0.82788,0.55798,0.01794,-249.1282,16.433947,3.519067009966031,-5.4830280711137105,22.207210003084995
-1565660935208.0,2183215.0,2973.0,0.02258,0.05219,-0.82788,0.55798,0.01794,-249.12904,16.46512,3.525777365548441,-5.487524446805018,22.208057036365673
-1565660935203.0,2183223.0,2978.0,0.02258,0.05219,-0.82788,0.55804,0.01794,-249.15578,16.464392,3.5256216972673733,-5.487884931004562,22.205895770093875
-1565660935196.0,2183223.0,2985.0,0.02252,0.05225,-0.82782,0.55811,0.01794,-249.30482,16.515657,3.5346601751511932,-5.486286606459251,22.194833991771333
-1565660935191.0,2183235.0,2990.0,0.02252,0.05225,-0.82782,0.55811,0.01794,-249.30482,16.515657,3.5346601751511932,-5.486286606459251,22.194833991771333
-1565660935186.0,2183235.0,2995.0,0.02252,0.05225,-0.82776,0.55817,0.01794,-249.44698,16.522081,3.534144710905353,-5.4864919555992575,22.183542050032543
-1565660935180.0,2183243.0,3001.0,0.02246,0.05231,-0.82776,0.55823,0.01794,-249.47647,16.566383,3.543569815767561,-5.484991174815623,22.181974453430456
-1565660935176.0,2183243.0,3005.0,0.02246,0.05231,-0.8277,0.55829,0.01794,-249.6186,16.572824,3.5430543577265317,-5.48519735236435,22.17068379014127
-1565660935169.0,2183252.0,3012.0,0.02246,0.05237,-0.82764,0.55835,0.01794,-249.76176,16.606052,3.5482893018014736,-5.489260135215587,22.160121347864674
-1565660935164.0,2183260.0,3017.0,0.0224,0.05237,-0.82758,0.55841,0.01794,-249.9062,16.630844,3.551603860843771,-5.483750519324657,22.148694477552283
-1565660935158.0,2183260.0,3023.0,0.0224,0.05243,-0.82758,0.55847,0.01794,-249.93372,16.656902,3.5571995225110435,-5.487969670264425,22.147268236808273
-1565660935153.0,2183270.0,3028.0,0.0224,0.05243,-0.82751,0.55847,0.01794,-250.06886,16.665333,3.5567778373120817,-5.487789163337654,22.13661028407195
-1565660935148.0,2183277.0,3033.0,0.02234,0.05249,-0.82751,0.55853,0.01794,-250.09831,16.709738,3.566204328022871,-5.48629342149853,22.135049431776807
-1565660935142.0,2183284.0,3039.0,0.02234,0.05249,-0.82745,0.55859,0.01794,-250.24113,16.716272,3.5656884676586227,-5.486501671638354,22.12376023183731
-1565660935137.0,2183284.0,3044.0,0.02228,0.05255,-0.82745,0.55865,0.01794,-250.27061,16.760706,3.575115839554792,-5.485007590736211,22.122201369609584
-1565660935131.0,2183296.0,3050.0,0.02228,0.05261,-0.82739,0.55865,0.01794,-250.38744,16.794815,3.5805026659729844,-5.488712373957162,22.113795701602413
-1565660935124.0,2183296.0,3057.0,0.02222,0.05267,-0.82733,0.55878,0.01794,-250.56451,16.84576,3.589388808360259,-5.4874909010871145,22.100592986082347
-1565660935120.0,2183304.0,3061.0,0.02222,0.05267,-0.82733,0.55878,0.01794,-250.56451,16.84576,3.589388808360259,-5.4874909010871145,22.100592986082347
-1565660935113.0,2183304.0,3068.0,0.02222,0.05273,-0.82733,0.55884,0.01794,-250.59203,16.87188,3.594984529254912,-5.491714706310993,22.099175357499178
-1565660935108.0,2183318.0,3073.0,0.02222,0.05273,-0.82727,0.55884,0.01794,-250.7086,16.879234,3.5946210294199163,-5.4915612284079325,22.090037900198638
-1565660935101.0,2183318.0,3080.0,0.02216,0.0528,-0.82727,0.5589,0.01794,-250.73811,16.928217,3.605008124841767,-5.490715166635594,22.088607245542008
-1565660935097.0,2183330.0,3084.0,0.02216,0.05286,-0.82721,0.55896,0.01794,-250.88217,16.961733,3.610239698593007,-5.494787657218352,22.07805500649397
-1565660935092.0,2183330.0,3089.0,0.02216,0.05286,-0.82721,0.55896,0.01794,-250.88217,16.961733,3.610239698593007,-5.494787657218352,22.07805500649397
-1565660935086.0,2183339.0,3095.0,0.02209,0.05292,-0.82715,0.55902,0.01788,-251.0287,17.016766,3.619943928226999,-5.492195458945284,22.067343490524436
-1565660935080.0,2183339.0,3101.0,0.02209,0.05304,-0.82715,0.55908,0.01788,-251.05702,17.069801,3.63128801013029,-5.500284400951465,22.066668255196475
-1565660935074.0,2183347.0,3107.0,0.02209,0.0531,-0.82709,0.55908,0.01794,-251.17451,17.10414,3.6366703376836633,-5.503993561743977,22.05826592541814
-1565660935070.0,2183347.0,3111.0,0.02203,0.0531,-0.82709,0.55908,0.01794,-251.17642,17.122562,3.640504951094168,-5.498280597566573,22.058128173942634
-1565660935064.0,2183363.0,3117.0,0.02203,0.05316,-0.82709,0.55914,0.01794,-251.20404,17.148733,3.6461011422622867,-5.502509521655895,22.05672012841427
-1565660935058.0,2183369.0,3123.0,0.02203,0.05322,-0.82709,0.55914,0.01788,-251.20474,17.17562,3.65184932054519,-5.506371694494215,22.057458264994736
-1565660935053.0,2183369.0,3128.0,0.02197,0.05328,-0.82703,0.55914,0.01788,-251.32436,17.228464,3.661065270739749,-5.504369113923418,22.048919328154653
-1565660935046.0,2183376.0,3135.0,0.02197,0.05334,-0.82703,0.5592,0.01788,-251.35197,17.254654,3.666661814396583,-5.508599739085592,22.04751441512576
-1565660935042.0,2183384.0,3139.0,0.02197,0.05347,-0.82703,0.5592,0.01788,-251.35352,17.312939,3.679116226003924,-5.516968795731196,22.04911943213021
-1565660935037.0,2183390.0,3144.0,0.02197,0.05347,-0.82703,0.5592,0.01794,-251.35352,17.312939,3.679116226003924,-5.516968795731196,22.04911943213021
-1565660935030.0,2183390.0,3151.0,0.02197,0.05353,-0.82703,0.5592,0.01794,-251.35422,17.339842,3.6848646178464035,-5.52083147707308,22.0498614200131
-1565660935025.0,2183398.0,3156.0,0.02197,0.05365,-0.82703,0.5592,0.01794,-251.35565,17.393642,3.696361784722867,-5.528556915285526,22.05134768984165
-1565660935018.0,2183403.0,3163.0,0.02191,0.05365,-0.82703,0.5592,0.01794,-251.35745,17.412079,3.7001969143749016,-5.522844129146597,22.051208564331944
-1565660935014.0,2183403.0,3167.0,0.02191,0.05371,-0.82703,0.5592,0.01794,-251.35817,17.43898,3.705945659165041,-5.526706848780728,22.051952686518746
-1565660935008.0,2183415.0,3173.0,0.02191,0.05371,-0.82703,0.5592,0.01794,-251.35817,17.43898,3.705945659165041,-5.526706848780728,22.051952686518746
-1565660935002.0,2183424.0,3179.0,0.02191,0.05371,-0.82697,0.5592,0.01794,-251.47525,17.446615,3.7055754275206856,-5.5265555031935625,22.042812937598086
-1565660934997.0,2183424.0,3184.0,0.02191,0.05377,-0.82697,0.5592,0.01794,-251.47598,17.473532,3.7113238867982523,-5.530418247037747,22.04355794880314
-1565660934992.0,2183432.0,3189.0,0.02191,0.05377,-0.82697,0.5592,0.01794,-251.47598,17.473532,3.7113238867982523,-5.530418247037747,22.04355794880314
-1565660934987.0,2183439.0,3194.0,0.02191,0.05377,-0.82697,0.55927,0.01794,-251.5074,17.4727,3.711147686024931,-5.530851575433093,22.041056805826983
-1565660934981.0,2183439.0,3200.0,0.02197,0.05371,-0.82697,0.55927,0.01794,-251.50488,17.427338,3.7015636374465464,-5.53270075689693,22.040451088384444
-1565660934976.0,2183447.0,3205.0,0.02197,0.05371,-0.8269,0.55933,0.01794,-251.66855,17.43553,3.700980248785189,-5.5328947129044,22.02764421914327
-1565660934966.0,2183455.0,3215.0,0.02197,0.05371,-0.8269,0.55933,0.01794,-251.66855,17.43553,3.700980248785189,-5.5328947129044,22.02764421914327
-1565660934963.0,2183455.0,3218.0,0.02203,0.05371,-0.8269,0.55933,0.01794,-251.6667,17.417068,3.6971442173030638,-5.538606698072919,22.027783372857414
-1565660934957.0,2183464.0,3224.0,0.02203,0.05365,-0.8269,0.55933,0.01794,-251.66599,17.39014,3.6913963076016083,-5.534743002755004,22.027038800224148
-1565660934951.0,2183470.0,3230.0,0.02203,0.05365,-0.8269,0.55939,0.01794,-251.69292,17.389423,3.691244446687675,-5.5351136008658814,22.02489668808066
-1565660934947.0,2183480.0,3234.0,0.02209,0.05365,-0.8269,0.55939,0.01794,-251.69101,17.370953,3.6874079483468245,-5.54082560747804,22.025035658192166
-1565660934940.0,2183480.0,3241.0,0.02209,0.05365,-0.8269,0.55939,0.01794,-251.69101,17.370953,3.6874079483468245,-5.54082560747804,22.025035658192166
-1565660934935.0,2183488.0,3246.0,0.02216,0.05359,-0.82684,0.55939,0.01794,-251.80548,17.33007,3.6768147324729132,-5.543472440248802,22.015312018202522
-1565660934931.0,2183488.0,3250.0,0.02222,0.05359,-0.82684,0.55939,0.01794,-251.80367,17.311598,3.6729781532412695,-5.549184113248298,22.01545079667092
-1565660934924.0,2183499.0,3257.0,0.02222,0.05359,-0.82684,0.55945,0.01794,-251.83058,17.310873,3.6728249756410856,-5.549554305950479,22.013309769027316
-1565660934918.0,2183499.0,3263.0,0.02228,0.05359,-0.82684,0.55945,0.01788,-251.82864,17.292395,3.6689879595668176,-5.555266037856562,22.013448523507975
-1565660934912.0,2183510.0,3269.0,0.02228,0.05359,-0.82684,0.55945,0.01788,-251.82864,17.292395,3.6689879595668176,-5.555266037856562,22.013448523507975
-1565660934908.0,2183515.0,3273.0,0.02234,0.05359,-0.82684,0.55945,0.01788,-251.82672,17.273916,3.6651509222714975,-5.560977825143968,22.013587279650906
-1565660934902.0,2183523.0,3279.0,0.02234,0.05353,-0.82684,0.55945,0.01788,-251.826,17.246977,3.6594035241571117,-5.557113154336987,22.01284341627263
-1565660934897.0,2183523.0,3284.0,0.02234,0.05353,-0.82684,0.55945,0.01788,-251.826,17.246977,3.6594035241571117,-5.557113154336987,22.01284341627263
-1565660934891.0,2183531.0,3290.0,0.02234,0.05353,-0.82684,0.55945,0.01788,-251.826,17.246977,3.6594035241571117,-5.557113154336987,22.01284341627263
-1565660934884.0,2183542.0,3297.0,0.02234,0.05353,-0.82678,0.55951,0.01788,-251.97043,17.253798,3.658880485592969,-5.557328613643268,22.001560553641283
-1565660934879.0,2183542.0,3302.0,0.02234,0.05353,-0.82678,0.55951,0.01788,-251.97043,17.253798,3.658880485592969,-5.557328613643268,22.001560553641283
-1565660934874.0,2183549.0,3307.0,0.02234,0.05353,-0.82684,0.55945,0.01788,-251.826,17.246977,3.6594035241571117,-5.557113154336987,22.01284341627263
-1565660934867.0,2183554.0,3314.0,0.02234,0.05353,-0.82684,0.55945,0.01788,-251.826,17.246977,3.6594035241571117,-5.557113154336987,22.01284341627263
-1565660934862.0,2183564.0,3319.0,0.02234,0.05353,-0.82684,0.55945,0.01788,-251.826,17.246977,3.6594035241571117,-5.557113154336987,22.01284341627263
-1565660934856.0,2183564.0,3325.0,0.02234,0.05353,-0.82684,0.55945,0.01788,-251.826,17.246977,3.6594035241571117,-5.557113154336987,22.01284341627263
-1565660934851.0,2183574.0,3330.0,0.02234,0.05347,-0.82684,0.55945,0.01788,-251.82526,17.220041,3.6536562538830206,-5.553248508892438,22.012100317923668
-1565660934847.0,2183574.0,3334.0,0.02234,0.05347,-0.82684,0.55939,0.01788,-251.79832,17.220768,3.6538102629966724,-5.5528791428196556,22.014241269457287
-1565660934840.0,2183584.0,3341.0,0.02234,0.05347,-0.82684,0.55939,0.01788,-251.79832,17.220768,3.6538102629966724,-5.5528791428196556,22.014241269457287
-1565660934835.0,2183584.0,3346.0,0.02234,0.05341,-0.8269,0.55939,0.01788,-251.68024,17.186308,3.6484313218896802,-5.549169261334697,22.02264103393813
-1565660934830.0,2183594.0,3351.0,0.02234,0.05341,-0.8269,0.55939,0.01788,-251.68024,17.186308,3.6484313218896802,-5.549169261334697,22.02264103393813
-1565660934824.0,2183600.0,3357.0,0.02234,0.05341,-0.8269,0.55933,0.01788,-251.65327,17.187037,3.6485853308070935,-5.548800312289447,22.024783024054628
-1565660934818.0,2183606.0,3363.0,0.02234,0.05341,-0.8269,0.55933,0.01788,-251.65327,17.187037,3.6485853308070935,-5.548800312289447,22.024783024054628
-1565660934813.0,2183606.0,3368.0,0.02234,0.05341,-0.8269,0.55933,0.01788,-251.65327,17.187037,3.6485853308070935,-5.548800312289447,22.024783024054628
-1565660934808.0,2183615.0,3373.0,0.02234,0.05341,-0.8269,0.55933,0.01782,-251.65327,17.187037,3.6485853308070935,-5.548800312289447,22.024783024054628
-1565660934800.0,2183625.0,3381.0,0.02234,0.05334,-0.8269,0.55933,0.01782,-251.65245,17.155622,3.6418800097028594,-5.5442925924005975,22.023917930802966
-1565660934797.0,2183625.0,3384.0,0.02234,0.05334,-0.8269,0.55933,0.01782,-251.65245,17.155622,3.6418800097028594,-5.5442925924005975,22.023917930802966
-1565660934791.0,2183633.0,3390.0,0.02234,0.05334,-0.8269,0.55933,0.01782,-251.65245,17.155622,3.6418800097028594,-5.5442925924005975,22.023917930802966
-1565660934784.0,2183640.0,3397.0,0.02234,0.05334,-0.8269,0.55933,0.01782,-251.65245,17.155622,3.6418800097028594,-5.5442925924005975,22.023917930802966
-1565660934780.0,2183640.0,3401.0,0.02234,0.05328,-0.8269,0.55939,0.01782,-251.67865,17.12797,3.6359787207674645,-5.540796905698356,22.021035398586335
-1565660934774.0,2183647.0,3407.0,0.02234,0.05328,-0.8269,0.55939,0.01782,-251.67865,17.12797,3.6359787207674645,-5.540796905698356,22.021035398586335
-1565660934769.0,2183647.0,3412.0,0.02234,0.05328,-0.8269,0.55939,0.01782,-251.67865,17.12797,3.6359787207674645,-5.540796905698356,22.021035398586335
-1565660934763.0,2183660.0,3418.0,0.0224,0.05322,-0.82684,0.55945,0.01782,-251.82033,17.089325,3.6258734201518226,-5.542857703933066,22.00915008442597
-1565660934758.0,2183667.0,3423.0,0.0224,0.05322,-0.82684,0.55945,0.01782,-251.82033,17.089325,3.6258734201518226,-5.542857703933066,22.00915008442597
-1565660934753.0,2183667.0,3428.0,0.0224,0.05322,-0.82684,0.55945,0.01782,-251.82033,17.089325,3.6258734201518226,-5.542857703933066,22.00915008442597
-1565660934748.0,2183678.0,3433.0,0.0224,0.05322,-0.82684,0.55951,0.01782,-251.84727,17.088593,3.6257189952850126,-5.543225336781198,22.007009767786727
-1565660934742.0,2183684.0,3439.0,0.0224,0.05322,-0.82684,0.55951,0.01782,-251.84727,17.088593,3.6257189952850126,-5.543225336781198,22.007009767786727
-1565660934735.0,2183691.0,3446.0,0.02246,0.05316,-0.82678,0.55951,0.01782,-251.96207,17.050632,3.6157681490005147,-5.544916851484858,21.997265045540516
-1565660934731.0,2183691.0,3450.0,0.02246,0.05316,-0.82678,0.55951,0.01782,-251.96207,17.050632,3.6157681490005147,-5.544916851484858,21.997265045540516
-1565660934725.0,2183700.0,3456.0,0.0224,0.05316,-0.82678,0.55951,0.01782,-251.96402,17.069117,3.6196058694137134,-5.5392056342418625,21.99712748965281
-1565660934718.0,2183709.0,3463.0,0.0224,0.05316,-0.82678,0.55957,0.01782,-251.99098,17.068386,3.6194514443924697,-5.5395728503513695,21.99498833859883
-1565660934713.0,2183709.0,3468.0,0.0224,0.0531,-0.82678,0.55957,0.01782,-251.99025,17.041437,3.6137053427245354,-5.535707490867212,21.994249803287232
-1565660934708.0,2183718.0,3473.0,0.0224,0.0531,-0.82678,0.55957,0.01782,-251.99025,17.041437,3.6137053427245354,-5.535707490867212,21.994249803287232
-1565660934700.0,2183726.0,3481.0,0.0224,0.0531,-0.82678,0.55957,0.01782,-251.99025,17.041437,3.6137053427245354,-5.535707490867212,21.994249803287232
-1565660934697.0,2183726.0,3484.0,0.02246,0.0531,-0.82678,0.55957,0.01782,-251.9883,17.022951,3.60986717601905,-5.5414186742871685,21.99438717445375
-1565660934691.0,2183734.0,3490.0,0.02246,0.05304,-0.82678,0.55957,0.01782,-251.98758,16.996,3.6041211707656977,-5.537553302728015,21.993649245068468
-1565660934684.0,2183734.0,3497.0,0.02246,0.05304,-0.82678,0.55957,0.01782,-251.98758,16.996,3.6041211707656977,-5.537553302728015,21.993649245068468
-1565660934680.0,2183743.0,3501.0,0.02246,0.05298,-0.82678,0.55957,0.01782,-251.98683,16.969048,3.5983752922943673,-5.533687956450635,21.992912080922906
-1565660934673.0,2183751.0,3508.0,0.02246,0.05298,-0.82678,0.55957,0.01782,-251.98683,16.969048,3.5983752922943673,-5.533687956450635,21.992912080922906
-1565660934669.0,2183751.0,3512.0,0.02246,0.05298,-0.82678,0.55957,0.01782,-251.98683,16.969048,3.5983752922943673,-5.533687956450635,21.992912080922906
-1565660934663.0,2183761.0,3518.0,0.02252,0.05292,-0.82678,0.55951,0.01782,-251.95712,16.924341,3.5889465168844743,-5.535168206254882,21.99445152560783
-1565660934658.0,2183768.0,3523.0,0.02252,0.05292,-0.82684,0.55951,0.01782,-251.83963,16.916946,3.5893113556421707,-5.535323767744934,22.003595121335096
-1565660934652.0,2183768.0,3529.0,0.02252,0.05292,-0.82684,0.55951,0.01782,-251.83963,16.916946,3.5893113556421707,-5.535323767744934,22.003595121335096
-1565660934646.0,2183775.0,3535.0,0.02252,0.05286,-0.82684,0.55951,0.01782,-251.83888,16.89001,3.583565286128535,-5.53145885050143,22.002859386926616
-1565660934640.0,2183784.0,3541.0,0.02252,0.05286,-0.82684,0.55945,0.01782,-251.81197,16.890745,3.5837205424106635,-5.531093711728237,22.004999374633954
-1565660934635.0,2183790.0,3546.0,0.02252,0.0528,-0.82684,0.55945,0.01782,-251.81122,16.863808,3.5779745992593,-5.527229236573551,22.004264342324717
-1565660934630.0,2183790.0,3551.0,0.02252,0.05273,-0.8269,0.55945,0.01782,-251.69298,16.825033,3.5716346866940807,-5.522876272322418,22.012550717898975
-1565660934624.0,2183799.0,3557.0,0.02252,0.05273,-0.8269,0.55945,0.01782,-251.69298,16.825033,3.5716346866940807,-5.522876272322418,22.012550717898975
-1565660934617.0,2183808.0,3564.0,0.02246,0.05273,-0.8269,0.55945,0.01782,-251.695,16.8435,3.575472221484139,-5.517164438923197,22.012414206388257
-1565660934612.0,2183808.0,3569.0,0.02246,0.05267,-0.8269,0.55945,0.01782,-251.69427,16.816574,3.569726168384576,-5.5133000545979725,22.01168111271987
-1565660934608.0,2183815.0,3573.0,0.02246,0.05267,-0.8269,0.55939,0.01782,-251.66739,16.817307,3.5698810086014405,-5.51293623942708,22.01382197783603
-1565660934602.0,2183825.0,3579.0,0.0224,0.05261,-0.8269,0.55939,0.01782,-251.66861,16.808842,3.5679722390553588,-5.503360596492947,22.012953370025272
-1565660934594.0,2183825.0,3587.0,0.0224,0.05255,-0.82697,0.55939,0.01782,-251.5311,16.773375,3.562649124035795,-5.499677226861267,22.02288763888002
-1565660934591.0,2183825.0,3590.0,0.02234,0.05255,-0.82697,0.55939,0.01782,-251.53304,16.791822,3.566486284165799,-5.493965132983635,22.02275154255618
-1565660934584.0,2183836.0,3597.0,0.02234,0.05255,-0.82697,0.55933,0.01782,-251.50613,16.79255,3.5666402926020724,-5.493602158507937,22.02489345155125
-1565660934579.0,2183844.0,3602.0,0.02234,0.05249,-0.82697,0.55933,0.01782,-251.50542,16.765636,3.5608941947491397,-5.489738756158019,22.02416298757481
-1565660934573.0,2183852.0,3608.0,0.02228,0.05249,-0.82697,0.55933,0.01782,-251.50737,16.784084,3.5647309474929,-5.484026757541495,22.024027027087797
-1565660934567.0,2183859.0,3614.0,0.02228,0.05249,-0.82697,0.55933,0.01782,-251.50737,16.784084,3.5647309474929,-5.484026757541495,22.024027027087797
-1565660934561.0,2183859.0,3620.0,0.02222,0.05243,-0.82697,0.55933,0.01776,-251.5086,16.77562,3.562821766497848,-5.474451510210115,22.023161688089672
-1565660934557.0,2183867.0,3624.0,0.02222,0.05243,-0.82697,0.55933,0.01776,-251.5086,16.77562,3.562821766497848,-5.474451510210115,22.023161688089672
-1565660934551.0,2183867.0,3630.0,0.02222,0.05243,-0.82703,0.55933,0.01782,-251.3915,16.768301,3.563183200389895,-5.474604983713803,22.032302703625362
-1565660934545.0,2183876.0,3636.0,0.02216,0.05237,-0.82703,0.55933,0.01776,-251.39262,16.759832,3.561273764713951,-5.465029472873421,22.03143853581919
-1565660934540.0,2183885.0,3641.0,0.02216,0.05237,-0.82703,0.55933,0.01776,-251.39262,16.759832,3.561273764713951,-5.465029472873421,22.03143853581919
-1565660934534.0,2183891.0,3647.0,0.02209,0.05231,-0.82703,0.55933,0.01776,-251.39415,16.754438,3.5600039529420386,-5.454502097070655,22.030552868077535
-1565660934529.0,2183891.0,3652.0,0.02209,0.05231,-0.82703,0.55933,0.01776,-251.39415,16.754438,3.5600039529420386,-5.454502097070655,22.030552868077535
-1565660934523.0,2183891.0,3658.0,0.02209,0.05231,-0.82703,0.55933,0.01776,-251.39415,16.754438,3.5600039529420386,-5.454502097070655,22.030552868077535
-1565660934517.0,2183904.0,3664.0,0.02203,0.05225,-0.82703,0.55927,0.01776,-251.36848,16.74669,3.5582467064267305,-5.444566034605836,22.031833466720684
-1565660934513.0,2183911.0,3668.0,0.02203,0.05225,-0.82703,0.55927,0.01776,-251.36848,16.74669,3.5582467064267305,-5.444566034605836,22.031833466720684
-1565660934507.0,2183920.0,3674.0,0.02197,0.05225,-0.82703,0.55927,0.01776,-251.37038,16.765121,3.562083047586944,-5.438854052372952,22.031698092038567
-1565660934501.0,2183920.0,3680.0,0.02197,0.05225,-0.82703,0.55927,0.01776,-251.37038,16.765121,3.562083047586944,-5.438854052372952,22.031698092038567
-1565660934494.0,2183927.0,3687.0,0.02191,0.05225,-0.82703,0.55927,0.01776,-251.37224,16.78355,3.565919367541734,-5.4331421243574995,22.031562718937252
-1565660934489.0,2183936.0,3692.0,0.02191,0.05231,-0.82709,0.55927,0.0177,-251.25589,16.803106,3.5720257432229277,-5.437156070215233,22.041428963370464
-1565660934482.0,2183945.0,3699.0,0.02185,0.05231,-0.82709,0.5592,0.0177,-251.22638,16.822357,3.57603772262218,-5.431022251721576,22.043794370602626
-1565660934478.0,2183945.0,3703.0,0.02185,0.05237,-0.82709,0.5592,0.0177,-251.22708,16.849247,3.5817840262235765,-5.434884377638929,22.04452113130459
-1565660934473.0,2183951.0,3708.0,0.02179,0.05237,-0.82709,0.5592,0.0177,-251.22894,16.867666,3.585619754498796,-5.429172072880505,22.044385378473535
-1565660934468.0,2183951.0,3713.0,0.02173,0.05237,-0.82709,0.55914,0.0177,-251.20393,16.886791,3.589605243928101,-5.42309813360561,22.04639375964507
-1565660934461.0,2183959.0,3720.0,0.02173,0.05243,-0.82715,0.55914,0.0177,-251.08786,16.9063,3.5957130052129,-5.4271098715756745,22.05626051060071
-1565660934456.0,2183968.0,3725.0,0.02167,0.05243,-0.82715,0.55908,0.0177,-251.06285,16.925415,3.599697607829784,-5.421035124296426,22.05826981301196
-1565660934451.0,2183975.0,3730.0,0.02161,0.05249,-0.82721,0.55902,0.0177,-250.92169,16.96398,3.6097900021063527,-5.418970464510039,22.070146140797917
-1565660934445.0,2183975.0,3736.0,0.02155,0.05249,-0.82721,0.55902,0.0177,-250.92351,16.982372,3.6136243319163452,-5.4132574816433845,22.070009930117763
-1565660934440.0,2183982.0,3741.0,0.02148,0.05255,-0.82727,0.55896,0.0177,-250.78293,17.023962,3.6243552609262384,-5.410238552177743,22.081863574734385
-1565660934434.0,2183992.0,3747.0,0.02142,0.05255,-0.82727,0.55896,0.0177,-250.78471,17.042341,3.628189097012652,-5.404525237420338,22.081727147768873
-1565660934427.0,2183992.0,3754.0,0.02142,0.05261,-0.82727,0.5589,0.0177,-250.75854,17.069891,3.634084561669226,-5.40802219927173,22.084603662233846
-1565660934423.0,2184004.0,3758.0,0.02136,0.05261,-0.82727,0.5589,0.0177,-250.76033,17.088272,3.6379179325965123,-5.402308905429837,22.084467051904184
-1565660934417.0,2184004.0,3764.0,0.0213,0.05261,-0.82733,0.5589,0.0177,-250.6455,17.099169,3.642113880358124,-5.396742765506763,22.093466903475147
-1565660934412.0,2184014.0,3769.0,0.0213,0.05267,-0.82733,0.55884,0.0177,-250.61932,17.126701,3.648008992916259,-5.400238853700955,22.096344916614967
-1565660934406.0,2184019.0,3775.0,0.02124,0.05267,-0.82733,0.55884,0.0177,-250.62108,17.14507,3.6518418745054038,-5.394525218875974,22.096208089511023
-1565660934401.0,2184019.0,3780.0,0.02118,0.05267,-0.82733,0.55884,0.0177,-250.62283,17.163439,3.655674736819569,-5.38881163785502,22.096071264016757
-1565660934395.0,2184027.0,3786.0,0.02112,0.05267,-0.82733,0.55884,0.0177,-250.62451,17.181805,3.6595075799909673,-5.383098110579758,22.09593444013217
-1565660934389.0,2184037.0,3792.0,0.02112,0.05267,-0.82733,0.55884,0.0177,-250.62451,17.181805,3.6595075799909673,-5.383098110579758,22.09593444013217
-1565660934383.0,2184044.0,3798.0,0.02106,0.05267,-0.82733,0.55878,0.0177,-250.59949,17.20086,3.6634855449220805,-5.377020904078592,22.097946981188528
-1565660934378.0,2184044.0,3803.0,0.02106,0.05273,-0.82733,0.55878,0.0177,-250.60014,17.227705,3.669233860875684,-5.3808797850529295,22.098676176424974
-1565660934372.0,2184051.0,3809.0,0.021,0.05273,-0.82733,0.55884,0.0177,-250.62868,17.245386,3.672921495693263,-5.375530478451192,22.096389770449264
-1565660934367.0,2184051.0,3814.0,0.021,0.05273,-0.82733,0.55884,0.0177,-250.62868,17.245386,3.672921495693263,-5.375530478451192,22.096389770449264
-1565660934362.0,2184060.0,3819.0,0.02094,0.05273,-0.82733,0.55884,0.0177,-250.63034,17.263754,3.6767542525484584,-5.369817075883802,22.09625279157504
-1565660934356.0,2184067.0,3825.0,0.02087,0.05273,-0.82733,0.55884,0.0177,-250.63239,17.285187,3.6812257787365272,-5.363151507234596,22.09609298492741
-1565660934349.0,2184077.0,3832.0,0.02087,0.05273,-0.82733,0.5589,0.01764,-250.65926,17.284508,3.6810819535955686,-5.363515646214838,22.09394403673798
-1565660934345.0,2184077.0,3836.0,0.02081,0.05267,-0.82727,0.5589,0.01764,-250.77687,17.283607,3.678803923944584,-5.353799086622408,22.083942628657454
-1565660934338.0,2184087.0,3843.0,0.02075,0.05267,-0.82727,0.55896,0.01764,-250.80534,17.301308,3.682494077915741,-5.348450017439344,22.081658141024164
-1565660934332.0,2184087.0,3849.0,0.02069,0.05261,-0.82727,0.55896,0.01764,-250.80638,17.292835,3.6805800288654846,-5.338877399569095,22.0807940322442
-1565660934329.0,2184087.0,3852.0,0.02069,0.05261,-0.82727,0.55896,0.01764,-250.80638,17.292835,3.6805800288654846,-5.338877399569095,22.0807940322442
-1565660934323.0,2184099.0,3858.0,0.02063,0.05255,-0.82727,0.55902,0.01764,-250.83424,17.283688,3.678523982023398,-5.329667807044192,22.07778384590482
-1565660934317.0,2184105.0,3864.0,0.02063,0.05255,-0.82721,0.55902,0.01764,-250.95079,17.291262,3.6781618536556575,-5.329525349748255,22.06864732032905
-1565660934312.0,2184113.0,3869.0,0.02057,0.05243,-0.82721,0.55908,0.01764,-250.97794,17.255238,3.670360473751957,-5.316454912479866,22.064914639217335
-1565660934306.0,2184120.0,3875.0,0.02057,0.05237,-0.82721,0.55908,0.01764,-250.97728,17.228365,3.664613850699431,-5.3125943660258095,22.064190635313324
-1565660934300.0,2184120.0,3881.0,0.02051,0.05231,-0.82721,0.55908,0.01764,-250.97821,17.219885,3.6627018556771485,-5.303021892271386,22.063331716563994
-1565660934296.0,2184128.0,3885.0,0.02051,0.05219,-0.82715,0.55914,0.01764,-251.1206,17.17301,3.6507083179605884,-5.295519740900315,22.05060508695891
-1565660934290.0,2184136.0,3891.0,0.02045,0.05212,-0.82715,0.55914,0.01764,-251.12157,17.160051,3.64784003116936,-5.285304068386557,22.049629060639546
-1565660934284.0,2184136.0,3897.0,0.02045,0.05206,-0.82715,0.5592,0.01764,-251.14777,17.132502,3.641953603448576,-5.2818027666918015,22.046765280004195
-1565660934278.0,2184144.0,3903.0,0.02045,0.052,-0.82715,0.5592,0.0177,-251.14711,17.105618,3.6362082176674306,-5.277941608139787,22.04604631056742
-1565660934273.0,2184152.0,3908.0,0.02039,0.05194,-0.82709,0.55927,0.0177,-251.29628,17.10386,3.6337766111745418,-5.268646869695781,22.03355468812174
-1565660934266.0,2184152.0,3915.0,0.02039,0.05188,-0.82709,0.55933,0.0177,-251.32251,17.0763,3.6278914117590584,-5.265143521550004,22.03069514437871
-1565660934261.0,2184161.0,3920.0,0.02032,0.05182,-0.82709,0.55933,0.0177,-251.32379,17.07089,3.6266226694635124,-5.2546191075383915,22.029822073223713
-1565660934255.0,2184171.0,3926.0,0.02032,0.05164,-0.82703,0.55945,0.0177,-251.49274,16.996342,3.608753917609096,-5.243606305158267,22.01425666011238
-1565660934250.0,2184171.0,3931.0,0.02026,0.05164,-0.82697,0.55951,0.0177,-251.63849,17.021587,3.6120958119758297,-5.238112853411794,22.002843651266687
-1565660934245.0,2184179.0,3936.0,0.02026,0.05157,-0.82697,0.55957,0.0177,-251.66463,16.989513,3.6052558296932875,-5.233962043474263,21.999872856053415
-1565660934239.0,2184179.0,3942.0,0.02026,0.05151,-0.8269,0.55963,0.0177,-251.82779,16.970633,3.598959085214255,-5.230291071087113,21.986358828848594
-1565660934234.0,2184189.0,3947.0,0.0202,0.05145,-0.82684,0.55969,0.0177,-251.97328,16.96896,3.5965615926032304,-5.220933962026052,21.974235892917008
-1565660934228.0,2184199.0,3953.0,0.0202,0.05139,-0.82684,0.55975,0.0177,-251.99959,16.94135,3.590680523977848,-5.217424598853798,21.97138930945654
-1565660934222.0,2184204.0,3959.0,0.0202,0.05139,-0.82678,0.55981,0.0177,-252.14415,16.948149,3.5901872296650477,-5.2176399377284035,21.96011198957632
-1565660934217.0,2184204.0,3964.0,0.0202,0.05133,-0.82672,0.55988,0.0177,-252.29277,16.927874,3.583929805800155,-5.214048952446731,21.947769221670384
-1565660934209.0,2184212.0,3972.0,0.0202,0.05127,-0.82672,0.55994,0.0177,-252.31908,16.900238,3.5780498076805665,-5.210537487522121,21.944926906263007
-1565660934206.0,2184219.0,3975.0,0.0202,0.05121,-0.8266,0.56006,0.0177,-252.60837,16.88682,3.571325009331542,-5.207099845819846,21.921666497225246
-1565660934199.0,2184228.0,3982.0,0.0202,0.05121,-0.82654,0.56018,0.0177,-252.78062,16.892952,3.5706937629276543,-5.2076674917378245,21.908261188471414
-1565660934193.0,2184228.0,3988.0,0.0202,0.05121,-0.82648,0.56024,0.0177,-252.92596,16.89975,3.570201705719382,-5.207881584548102,21.896986440091553
-1565660934188.0,2184235.0,3993.0,0.0202,0.05115,-0.82648,0.5603,0.0177,-252.95233,16.872063,3.5643236039973956,-5.204366840184608,21.89415085818962
-1565660934182.0,2184245.0,3999.0,0.0202,0.05115,-0.82642,0.56042,0.0177,-253.12482,16.878187,3.5636927692127394,-5.204933655160184,21.880750891969967
-1565660934177.0,2184245.0,4004.0,0.0202,0.05115,-0.82635,0.56049,0.0177,-253.29486,16.886124,3.5631191831110125,-5.205182945749151,21.86759970226062
-1565660934171.0,2184255.0,4010.0,0.0202,0.05115,-0.82629,0.56061,0.0177,-253.46773,16.892265,3.562488346674754,-5.205749761460197,21.854203779386765
-1565660934166.0,2184255.0,4015.0,0.02026,0.05115,-0.82617,0.56079,0.0177,-253.78517,16.88661,3.5575189750254066,-5.21223414194512,21.829671818942344
-1565660934160.0,2184263.0,4021.0,0.02026,0.05115,-0.82605,0.56085,0.0177,-254.05092,16.900913,3.556674445811577,-5.212307531911524,21.80925069517602
-1565660934153.0,2184272.0,4028.0,0.02026,0.05109,-0.82599,0.56097,0.0177,-254.22386,16.879934,3.550307328097944,-5.209000987587687,21.795154704915944
-1565660934148.0,2184272.0,4033.0,0.02026,0.05109,-0.82593,0.56104,0.0177,-254.37509,16.886644,3.5497924044841525,-5.2092726257649495,21.783532176557443
-1565660934143.0,2184279.0,4038.0,0.02026,0.05109,-0.82587,0.56116,0.0177,-254.54924,16.892809,3.5491611410690505,-5.2098382024406105,21.770147666487233
-1565660934137.0,2184287.0,4044.0,0.02026,0.05109,-0.82581,0.56128,0.0177,-254.72331,16.898966,3.5485298767911915,-5.210403779625323,21.756765831160052
-1565660934132.0,2184287.0,4049.0,0.02026,0.05103,-0.82574,0.56134,0.0177,-254.88992,16.87988,3.54224594561674,-5.206717825422468,21.743266070080594
-1565660934128.0,2184297.0,4053.0,0.02026,0.05103,-0.82568,0.56146,0.0177,-255.0644,16.886038,3.541615093128709,-5.207282571320898,21.72988804538241
-1565660934121.0,2184305.0,4060.0,0.02026,0.05096,-0.82562,0.56152,0.0177,-255.21115,16.86114,3.534435767586641,-5.202972173744836,21.71779829573778
-1565660934115.0,2184305.0,4066.0,0.02032,0.0509,-0.8255,0.56171,0.01764,-255.53607,16.828043,3.5237062382970663,-5.20562773379594,21.692232811219682
-1565660934109.0,2184312.0,4072.0,0.02032,0.05084,-0.82544,0.56183,0.01764,-255.7106,16.806944,3.517344267878332,-5.202311421019536,21.678158139424767
-1565660934104.0,2184319.0,4077.0,0.02032,0.05084,-0.82538,0.56189,0.01764,-255.85869,16.813755,3.5168539092249462,-5.202522129078516,21.666894481172534
-1565660934099.0,2184328.0,4082.0,0.02032,0.05078,-0.82532,0.56201,0.01764,-256.0336,16.79263,3.510493298679482,-5.19920376149902,21.65282439342812
-1565660934093.0,2184328.0,4088.0,0.02039,0.05072,-0.82526,0.56207,0.01764,-256.1793,16.750212,3.4997749241476184,-5.202180683562314,21.641009501149668
-1565660934088.0,2184328.0,4093.0,0.02039,0.05066,-0.82526,0.56213,0.0177,-256.2059,16.722252,3.493904810422186,-5.198649954014586,21.638205923980152
-1565660934082.0,2184339.0,4099.0,0.02039,0.0506,-0.8252,0.56226,0.0177,-256.38565,16.700949,3.4875222025287296,-5.195385203778716,21.62379336014226
-1565660934077.0,2184348.0,4104.0,0.02039,0.05054,-0.82513,0.56232,0.0177,-256.55402,16.68165,3.4812464226449364,-5.191688141832601,21.610305232106953
-1565660934071.0,2184356.0,4110.0,0.02045,0.05048,-0.82507,0.56238,0.0177,-256.70044,16.642237,3.4711713522281444,-5.19370985860934,21.598472982081304
-1565660934066.0,2184356.0,4115.0,0.02045,0.05042,-0.82507,0.56244,0.0177,-256.72708,16.614235,3.4653025859498783,-5.190175379441651,21.595676742758116
-1565660934059.0,2184364.0,4122.0,0.02051,0.05029,-0.82495,0.56256,0.0177,-257.02213,16.54957,3.4480579946069874,-5.1878695836142255,21.57177259104344
-1565660934054.0,2184372.0,4127.0,0.02051,0.05023,-0.82495,0.56262,0.0177,-257.04877,16.521542,3.4421899918798626,-5.184332582782217,21.568981332541682
-1565660934048.0,2184372.0,4133.0,0.02057,0.05017,-0.82489,0.56262,0.0177,-257.16824,16.482662,3.4322575026394317,-5.186001632137154,21.5592464062329
-1565660934043.0,2184380.0,4138.0,0.02057,0.05011,-0.82489,0.56268,0.0177,-257.19495,16.454615,3.426389709487738,-5.1824633991005475,21.556457670176897
-1565660934038.0,2184388.0,4143.0,0.02063,0.05005,-0.82489,0.56274,0.0177,-257.2198,16.407677,3.4166609185113956,-5.184619156917211,21.553797138456005
-1565660934032.0,2184388.0,4149.0,0.02069,0.05005,-0.82483,0.56274,0.0177,-257.3401,16.396097,3.4124548585314414,-5.190171168123886,21.544757857919393
-1565660934027.0,2184396.0,4154.0,0.02069,0.04999,-0.82483,0.56281,0.0177,-257.37134,16.367918,3.4065630668114415,-5.186688774650573,21.541623442450657
-1565660934020.0,2184404.0,4161.0,0.02081,0.04987,-0.82477,0.56287,0.0177,-257.516,16.281929,3.3869019525604718,-5.1905072566839126,21.529231576440665
-1565660934015.0,2184412.0,4166.0,0.02081,0.04987,-0.82477,0.56287,0.0177,-257.516,16.281929,3.3869019525604718,-5.1905072566839126,21.529231576440665
-1565660934009.0,2184412.0,4172.0,0.02087,0.0498,-0.82477,0.56293,0.0177,-257.5406,16.230366,3.3762170606897293,-5.192011516666232,21.52646007095504
-1565660934002.0,2184412.0,4179.0,0.02087,0.04974,-0.82477,0.56293,0.0177,-257.53992,16.202978,3.3704924459613266,-5.188125161394537,21.525767977687437
-1565660933997.0,2184425.0,4184.0,0.02094,0.04974,-0.82477,0.56293,0.0177,-257.5376,16.180902,3.365985974008193,-5.19476822942132,21.52591496707892
-1565660933992.0,2184432.0,4189.0,0.02094,0.04968,-0.82477,0.56293,0.0177,-257.5369,16.153513,3.3602614455131916,-5.190881857160636,21.525223460086266
-1565660933987.0,2184438.0,4194.0,0.02094,0.04962,-0.82477,0.56293,0.0177,-257.5362,16.126125,3.3545370357210706,-5.18699550884813,21.524532720898478
-1565660933980.0,2184438.0,4201.0,0.021,0.04962,-0.82477,0.56293,0.0177,-257.5343,16.107208,3.3506742667939866,-5.1926895526736825,21.52465840218983
-1565660933976.0,2184447.0,4205.0,0.02106,0.04956,-0.82477,0.56293,0.0177,-257.53168,16.060905,3.341087129548572,-5.194497253369839,21.524093802407933
-1565660933971.0,2184455.0,4210.0,0.02106,0.0495,-0.82477,0.56293,0.0177,-257.53098,16.03352,3.3353629009442267,-5.190610882779522,21.523404287797675
-1565660933964.0,2184462.0,4217.0,0.02106,0.0495,-0.82477,0.56293,0.0177,-257.53098,16.03352,3.3353629009442267,-5.190610882779522,21.523404287797675
-1565660933959.0,2184462.0,4222.0,0.02106,0.0495,-0.82477,0.56287,0.0177,-257.5036,16.034216,3.3355080487351834,-5.190269144554044,21.5254934365518
-1565660933953.0,2184471.0,4228.0,0.02112,0.04944,-0.82477,0.56287,0.0177,-257.5009,15.987911,3.3259214584465506,-5.192077252539936,21.524929870954438
-1565660933947.0,2184479.0,4234.0,0.02112,0.04944,-0.82477,0.56287,0.0177,-257.5009,15.987911,3.3259214584465506,-5.192077252539936,21.524929870954438
-1565660933943.0,2184479.0,4238.0,0.02112,0.04938,-0.82483,0.56287,0.0177,-257.37787,15.953424,3.320537774737571,-5.188337118896572,21.53340956800848
-1565660933936.0,2184487.0,4245.0,0.02118,0.04938,-0.82483,0.56287,0.0177,-257.37595,15.934523,3.3166752496317002,-5.19403158906433,21.533534688176488
-1565660933931.0,2184487.0,4250.0,0.02124,0.04938,-0.82483,0.56281,0.0177,-257.34656,15.916324,3.3129590965911397,-5.199385195978818,21.53575001068485
-1565660933926.0,2184498.0,4255.0,0.02124,0.04938,-0.82483,0.56281,0.0177,-257.34656,15.916324,3.3129590965911397,-5.199385195978818,21.53575001068485
-1565660933919.0,2184498.0,4262.0,0.02124,0.04938,-0.82483,0.56281,0.01776,-257.34656,15.916324,3.3129590965911397,-5.199385195978818,21.53575001068485
-1565660933913.0,2184508.0,4268.0,0.02124,0.04944,-0.82483,0.56281,0.01776,-257.34726,15.943695,3.3186835862257547,-5.2032707922283885,21.536438463191487
-1565660933908.0,2184515.0,4273.0,0.02124,0.04944,-0.82489,0.56274,0.01776,-257.19315,15.937431,3.3191951373197264,-5.20301921259027,21.548045260992097
-1565660933903.0,2184523.0,4278.0,0.02124,0.0495,-0.82489,0.56274,0.0177,-257.19385,15.96479,3.3249201589421076,-5.206904348003154,21.54873443876913
-1565660933898.0,2184523.0,4283.0,0.02124,0.0495,-0.82489,0.56274,0.0177,-257.19385,15.96479,3.3249201589421076,-5.206904348003154,21.54873443876913
-1565660933892.0,2184533.0,4289.0,0.02124,0.0495,-0.82489,0.56274,0.0177,-257.19385,15.96479,3.3249201589421076,-5.206904348003154,21.54873443876913
-1565660933886.0,2184541.0,4295.0,0.02124,0.04956,-0.82489,0.56274,0.0177,-257.19455,15.99215,3.3306452989679265,-5.210789507423553,21.549424384335964
-1565660933881.0,2184541.0,4300.0,0.02124,0.04962,-0.82489,0.56274,0.0177,-257.19525,16.019512,3.3363705575329776,-5.214674690869777,21.55011509767681
-1565660933876.0,2184547.0,4305.0,0.02124,0.04962,-0.82489,0.56274,0.0177,-257.19525,16.019512,3.3363705575329776,-5.214674690869777,21.55011509767681
-1565660933869.0,2184555.0,4312.0,0.02124,0.04968,-0.82489,0.56274,0.0177,-257.19598,16.046873,3.3420959347730537,-5.218559898360137,21.55080657877579
-1565660933864.0,2184555.0,4317.0,0.02124,0.04968,-0.82489,0.56274,0.0177,-257.19598,16.046873,3.3420959347730537,-5.218559898360137,21.55080657877579
-1565660933859.0,2184563.0,4322.0,0.02124,0.04968,-0.82483,0.56274,0.0177,-257.31815,16.05401,3.3417535218389216,-5.218413255056075,21.541639356015054
-1565660933853.0,2184571.0,4328.0,0.02124,0.04968,-0.82483,0.56274,0.0177,-257.31815,16.05401,3.3417535218389216,-5.218413255056075,21.541639356015054
-1565660933844.0,2184581.0,4337.0,0.02124,0.04968,-0.82483,0.56274,0.0177,-257.31815,16.05401,3.3417535218389216,-5.218413255056075,21.541639356015054
-1565660933842.0,2184581.0,4339.0,0.02124,0.04974,-0.82483,0.56274,0.0177,-257.31885,16.081387,3.3474786042377542,-5.22229848570034,21.542331717576133
-1565660933834.0,2184592.0,4347.0,0.02124,0.04974,-0.82483,0.56274,0.0177,-257.31885,16.081387,3.3474786042377542,-5.22229848570034,21.542331717576133
-1565660933830.0,2184592.0,4351.0,0.02124,0.04974,-0.82483,0.56274,0.0177,-257.31885,16.081387,3.3474786042377542,-5.22229848570034,21.542331717576133
-1565660933824.0,2184599.0,4357.0,0.02124,0.04968,-0.82483,0.56274,0.0177,-257.31815,16.05401,3.3417535218389216,-5.218413255056075,21.541639356015054
-1565660933818.0,2184599.0,4363.0,0.02124,0.04968,-0.82483,0.56281,0.0177,-257.35007,16.053188,3.3415827288247177,-5.218813417373446,21.539199951980706
-1565660933813.0,2184609.0,4368.0,0.02124,0.04968,-0.82483,0.56281,0.0177,-257.35007,16.053188,3.3415827288247177,-5.218813417373446,21.539199951980706
-1565660933808.0,2184614.0,4373.0,0.02124,0.04968,-0.82483,0.56281,0.0177,-257.35007,16.053188,3.3415827288247177,-5.218813417373446,21.539199951980706
-1565660933802.0,2184623.0,4379.0,0.02124,0.04968,-0.82483,0.56281,0.0177,-257.35007,16.053188,3.3415827288247177,-5.218813417373446,21.539199951980706
-1565660933796.0,2184623.0,4385.0,0.02124,0.04968,-0.82483,0.56281,0.0177,-257.35007,16.053188,3.3415827288247177,-5.218813417373446,21.539199951980706
-1565660933790.0,2184632.0,4391.0,0.02124,0.04968,-0.82483,0.56281,0.0177,-257.35007,16.053188,3.3415827288247177,-5.218813417373446,21.539199951980706
-1565660933784.0,2184638.0,4397.0,0.02124,0.04968,-0.82483,0.56281,0.0177,-257.35007,16.053188,3.3415827288247177,-5.218813417373446,21.539199951980706
-1565660933780.0,2184647.0,4401.0,0.02124,0.04968,-0.82483,0.56281,0.0177,-257.35007,16.053188,3.3415827288247177,-5.218813417373446,21.539199951980706
-1565660933772.0,2184647.0,4409.0,0.02124,0.04968,-0.82483,0.56281,0.0177,-257.35007,16.053188,3.3415827288247177,-5.218813417373446,21.539199951980706
-1565660933767.0,2184659.0,4414.0,0.02124,0.04974,-0.82483,0.56281,0.0177,-257.3508,16.080563,3.3473078111685868,-5.222699133787988,21.539892243789637
-1565660933762.0,2184664.0,4419.0,0.0213,0.04974,-0.82483,0.56274,0.0177,-257.31686,16.062483,3.3436171040653115,-5.227993263541633,21.542457824799413
-1565660933758.0,2184664.0,4423.0,0.02124,0.04974,-0.82483,0.56274,0.0177,-257.31885,16.081387,3.3474786042377542,-5.22229848570034,21.542331717576133
-1565660933751.0,2184664.0,4430.0,0.02124,0.0498,-0.82483,0.56274,0.0177,-257.31955,16.108757,3.3532038055848834,-5.2261837404246725,21.543024847018998
-1565660933745.0,2184676.0,4436.0,0.02124,0.0498,-0.82489,0.56274,0.01776,-257.19736,16.101595,3.35354704582147,-5.226330385546513,21.552191844184804
-1565660933740.0,2184684.0,4441.0,0.02124,0.0498,-0.82483,0.56274,0.01776,-257.31955,16.108757,3.3532038055848834,-5.2261837404246725,21.543024847018998
-1565660933733.0,2184693.0,4448.0,0.02118,0.0498,-0.82483,0.56274,0.01776,-257.32153,16.12766,3.357065255968236,-5.220488979027936,21.542898585471164
-1565660933728.0,2184693.0,4453.0,0.02118,0.0498,-0.82483,0.56274,0.01776,-257.32153,16.12766,3.357065255968236,-5.220488979027936,21.542898585471164
-1565660933724.0,2184699.0,4457.0,0.02112,0.0498,-0.82483,0.56274,0.01776,-257.32346,16.14656,3.3609266848477453,-5.214794269346279,21.542772325332948
-1565660933717.0,2184707.0,4464.0,0.02112,0.0498,-0.82483,0.56274,0.01776,-257.32346,16.14656,3.3609266848477453,-5.214794269346279,21.542772325332948
-1565660933712.0,2184715.0,4469.0,0.02112,0.04974,-0.82483,0.56281,0.01776,-257.35468,16.11837,3.3550317159937335,-5.211309725976482,21.53964008796258
-1565660933707.0,2184715.0,4474.0,0.02112,0.04974,-0.82483,0.56281,0.01776,-257.35468,16.11837,3.3550317159937335,-5.211309725976482,21.53964008796258
-1565660933701.0,2184725.0,4480.0,0.02106,0.04968,-0.82483,0.56281,0.01776,-257.356,16.109901,3.353168638068394,-5.201729488807664,21.53882218739365
-1565660933695.0,2184725.0,4486.0,0.02106,0.04968,-0.82477,0.56287,0.01776,-257.5057,16.11638,3.3526810902432795,-5.201927079207689,21.52756446271819
-1565660933690.0,2184732.0,4491.0,0.02106,0.04968,-0.82477,0.56287,0.01776,-257.5057,16.11638,3.3526810902432795,-5.201927079207689,21.52756446271819
-1565660933683.0,2184742.0,4498.0,0.02106,0.04962,-0.82477,0.56293,0.01776,-257.53238,16.088293,3.3468114766297594,-5.198383647925381,21.524784084879215
-1565660933679.0,2184748.0,4502.0,0.021,0.04962,-0.82471,0.56293,0.01776,-257.65668,16.114384,3.3503322844633283,-5.192544572319935,21.515490019823247
-1565660933674.0,2184748.0,4507.0,0.021,0.04962,-0.82471,0.56299,0.01776,-257.68408,16.113686,3.3501875518451247,-5.192887140238043,21.513401876877168
-1565660933667.0,2184748.0,4514.0,0.021,0.04962,-0.82471,0.56305,0.01776,-257.71146,16.11299,3.3500428191841163,-5.193229708342296,21.51131411998874
-1565660933663.0,2184761.0,4518.0,0.021,0.04956,-0.82465,0.56305,0.01776,-257.83334,16.09276,3.3439773445953613,-5.189197537525093,21.501455213099916
-1565660933657.0,2184767.0,4524.0,0.02094,0.04956,-0.82465,0.56311,0.01782,-257.8627,16.111006,3.347696663687542,-5.183846502443077,21.499243228969576
-1565660933651.0,2184767.0,4530.0,0.02094,0.04956,-0.82458,0.56311,0.01782,-258.0059,16.119394,3.347298171084488,-5.183677844331638,21.488545008820495
-1565660933645.0,2184776.0,4536.0,0.02094,0.04956,-0.82458,0.56317,0.01782,-258.03336,16.118696,3.3471538535519425,-5.1840199932121545,21.486459657303314
-1565660933641.0,2184783.0,4540.0,0.02087,0.04956,-0.82452,0.56323,0.01782,-258.18597,16.147333,3.3511769845656705,-5.17757663463087,21.475058210023604
-1565660933635.0,2184791.0,4546.0,0.02087,0.04956,-0.82452,0.56323,0.01782,-258.18597,16.147333,3.3511769845656705,-5.17757663463087,21.475058210023604
-1565660933628.0,2184791.0,4553.0,0.02087,0.04956,-0.82452,0.56329,0.01782,-258.21344,16.146639,3.351033151456513,-5.177918780207945,21.4729743726905
-1565660933624.0,2184801.0,4557.0,0.02087,0.0495,-0.82452,0.56329,0.01782,-258.21274,16.119198,3.345310734727161,-5.174030026339326,21.47228523931085
-1565660933618.0,2184808.0,4563.0,0.02081,0.0495,-0.82446,0.56335,0.01782,-258.3651,16.144686,3.3486914637500536,-5.168535939726715,21.460906118593982
-1565660933613.0,2184814.0,4568.0,0.02081,0.0495,-0.82446,0.56342,0.01776,-258.39716,16.143879,3.34852414287475,-5.168934620632504,21.458476843390727
-1565660933607.0,2184814.0,4574.0,0.02075,0.0495,-0.8244,0.56342,0.01776,-258.52228,16.170095,3.3520491770808674,-5.163099683093561,21.449180326428902
-1565660933601.0,2184825.0,4580.0,0.02075,0.0495,-0.8244,0.56348,0.01776,-258.54977,16.169403,3.3519061743964746,-5.163441406637547,21.447099247272973
-1565660933595.0,2184825.0,4586.0,0.02069,0.0495,-0.82434,0.56354,0.01776,-258.70255,16.194967,3.355289024083792,-5.157949068646954,21.43572186435898
-1565660933588.0,2184833.0,4593.0,0.02069,0.0495,-0.82434,0.5636,0.01776,-258.73004,16.194275,3.3551464365593007,-5.158290789416521,21.43364229447326
-1565660933584.0,2184833.0,4597.0,0.02069,0.0495,-0.82428,0.5636,0.01776,-258.8534,16.201523,3.3548053014236983,-5.158147957015914,21.424469523173286
-1565660933578.0,2184848.0,4603.0,0.02063,0.0495,-0.82428,0.56366,0.01776,-258.88287,16.21986,3.358530519696755,-5.152799324402147,21.422266249980325
-1565660933573.0,2184853.0,4608.0,0.02063,0.04956,-0.82428,0.56366,0.0177,-258.88358,16.247358,3.3642511710737435,-5.156690502283912,21.42295484568804
-1565660933567.0,2184860.0,4614.0,0.02063,0.0495,-0.82422,0.56372,0.0177,-259.03403,16.226448,3.358047216151676,-5.152998625361921,21.411015166386207
-1565660933562.0,2184860.0,4619.0,0.02063,0.0495,-0.82422,0.56372,0.0177,-259.03403,16.226448,3.358047216151676,-5.152998625361921,21.411015166386207
-1565660933555.0,2184867.0,4626.0,0.02057,0.0495,-0.82416,0.56378,0.0177,-259.18726,16.25209,3.3614325368745575,-5.147508448687893,21.399639493167314
-1565660933550.0,2184877.0,4631.0,0.02057,0.0495,-0.82416,0.56384,0.0177,-259.21478,16.251404,3.3612907795398095,-5.1478501638421506,21.397563658015883
-1565660933545.0,2184882.0,4636.0,0.02057,0.0495,-0.82416,0.56384,0.0177,-259.21478,16.251404,3.3612907795398095,-5.1478501638421506,21.397563658015883
-1565660933539.0,2184882.0,4642.0,0.02051,0.0495,-0.8241,0.56384,0.0177,-259.34045,16.277756,3.364818676020331,-5.14201914779738,21.388264035767904
-1565660933533.0,2184891.0,4648.0,0.02051,0.0495,-0.8241,0.5639,0.0177,-259.368,16.277071,3.364677333855781,-5.142360860003934,21.386189325185356
-1565660933528.0,2184891.0,4653.0,0.02045,0.0495,-0.8241,0.56396,0.0177,-259.39752,16.295456,3.3684058257639045,-5.137013602729646,21.383990414872954
-1565660933520.0,2184900.0,4661.0,0.02045,0.0495,-0.82404,0.56396,0.0177,-259.52167,16.302788,3.36806470667761,-5.136872431879839,21.374815208874196
-1565660933517.0,2184908.0,4664.0,0.02045,0.0495,-0.82404,0.56396,0.0177,-259.52167,16.302788,3.36806470667761,-5.136872431879839,21.374815208874196
-1565660933510.0,2184915.0,4671.0,0.02039,0.04944,-0.82404,0.56403,0.0177,-259.555,16.293518,3.3660518257184115,-5.127689007335185,21.371584697503494
-1565660933505.0,2184915.0,4676.0,0.02039,0.04944,-0.82397,0.56409,0.0177,-259.7275,16.301384,3.365513828709885,-5.127866083890344,21.358807170522468
-1565660933500.0,2184915.0,4681.0,0.02032,0.04944,-0.82397,0.56409,0.0177,-259.7297,16.323662,3.3700296787840904,-5.121230158866275,21.358662151128414
-1565660933494.0,2184928.0,4687.0,0.02032,0.04944,-0.82397,0.56409,0.0177,-259.7297,16.323662,3.3700296787840904,-5.121230158866275,21.358662151128414
-1565660933489.0,2184936.0,4692.0,0.02032,0.04944,-0.82397,0.56415,0.0177,-259.75726,16.322983,3.3698896513375414,-5.121571445755007,21.356590725851817
-1565660933482.0,2184944.0,4699.0,0.02032,0.04938,-0.82391,0.56415,0.0177,-259.88098,16.302753,3.3638312316387444,-5.117536830629527,21.346727567829646
-1565660933478.0,2184944.0,4703.0,0.02032,0.04938,-0.82391,0.56421,0.0177,-259.90857,16.302073,3.363691204079826,-5.117877701366446,21.344657303141005
-1565660933473.0,2184953.0,4708.0,0.02026,0.04938,-0.82391,0.56421,0.0177,-259.91037,16.321177,3.3675627731770676,-5.11219026443389,21.3445332366139
-1565660933466.0,2184961.0,4715.0,0.02026,0.04932,-0.82385,0.56427,0.0177,-260.06198,16.300264,3.3613657172998543,-5.108496160005681,21.332600791687256
-1565660933460.0,2184966.0,4721.0,0.02026,0.04926,-0.82385,0.56433,0.0177,-260.08887,16.271992,3.355509058412933,-5.1049411007471255,21.32984738389615
-1565660933455.0,2184966.0,4726.0,0.02026,0.04926,-0.82379,0.56433,0.0177,-260.21344,16.279318,3.3551696057269504,-5.104801248524719,21.3206691142437
-1565660933448.0,2184976.0,4733.0,0.02026,0.04926,-0.82379,0.56439,0.0177,-260.24103,16.278639,3.3550299931652527,-5.105141284139273,21.31860157612094
-1565660933443.0,2184984.0,4738.0,0.02026,0.04919,-0.82379,0.56445,0.0177,-260.26785,16.24575,3.3482211241162845,-5.100935616771676,21.315736572236588
-1565660933435.0,2184984.0,4746.0,0.02026,0.04919,-0.82373,0.56445,0.01764,-260.39276,16.253078,3.3478821534517724,-5.100795765422328,21.30655789491854
-1565660933433.0,2184993.0,4748.0,0.02026,0.04913,-0.82373,0.56445,0.01764,-260.3921,16.225458,3.342166188632419,-5.0968994748981675,21.3058747468704
-1565660933427.0,2184993.0,4754.0,0.02026,0.04913,-0.82373,0.56451,0.01764,-260.41968,16.22478,3.342026575954669,-5.097238608963719,21.303808820130087
-1565660933422.0,2185000.0,4759.0,0.02026,0.04907,-0.82373,0.56451,0.01764,-260.419,16.19716,3.3363107284156586,-5.093341925850762,21.303126499985297
-1565660933416.0,2185000.0,4765.0,0.02026,0.04907,-0.82367,0.56451,0.01764,-260.54388,16.204458,3.3359725844871218,-5.093202076154669,21.29394660439972
-1565660933410.0,2185011.0,4771.0,0.02026,0.04901,-0.82367,0.56458,0.01764,-260.57547,16.176033,3.3300943860503316,-5.089700102883422,21.290856153959155
-1565660933406.0,2185020.0,4775.0,0.0202,0.04901,-0.82367,0.56458,0.01764,-260.5774,16.195196,3.333968680740722,-5.084014572255481,21.290733315580397
-1565660933399.0,2185020.0,4782.0,0.0202,0.04901,-0.82367,0.56458,0.01764,-260.5774,16.195196,3.333968680740722,-5.084014572255481,21.290733315580397
-1565660933395.0,2185029.0,4786.0,0.0202,0.04895,-0.82367,0.56458,0.01764,-260.5767,16.16756,3.328253507937699,-5.0801174860460545,21.290052645135987
-1565660933387.0,2185037.0,4794.0,0.0202,0.04895,-0.82367,0.56458,0.01764,-260.5767,16.16756,3.328253507937699,-5.0801174860460545,21.290052645135987
-1565660933383.0,2185037.0,4798.0,0.0202,0.04895,-0.82367,0.56464,0.01764,-260.6043,16.166885,3.3281143104059883,-5.080455368796206,21.28798846442318
-1565660933378.0,2185046.0,4803.0,0.0202,0.04895,-0.82367,0.56464,0.01764,-260.6043,16.166885,3.3281143104059883,-5.080455368796206,21.28798846442318
-1565660933372.0,2185054.0,4809.0,0.0202,0.04895,-0.82367,0.56464,0.01764,-260.6043,16.166885,3.3281143104059883,-5.080455368796206,21.28798846442318
-1565660933366.0,2185061.0,4815.0,0.02026,0.04889,-0.82367,0.56464,0.01764,-260.6017,16.120085,3.3185244904235156,-5.082243354764266,21.287431129721938
-1565660933361.0,2185061.0,4820.0,0.02026,0.04889,-0.82367,0.56464,0.01764,-260.6017,16.120085,3.3185244904235156,-5.082243354764266,21.287431129721938
-1565660933356.0,2185067.0,4825.0,0.02026,0.04889,-0.82367,0.56464,0.01764,-260.6017,16.120085,3.3185244904235156,-5.082243354764266,21.287431129721938
-1565660933349.0,2185078.0,4832.0,0.02026,0.04889,-0.82367,0.56464,0.01764,-260.6017,16.120085,3.3185244904235156,-5.082243354764266,21.287431129721938
-1565660933344.0,2185078.0,4837.0,0.02032,0.04883,-0.82367,0.56464,0.01764,-260.5992,16.073294,3.3089347127294255,-5.0840313456946,21.286874257725216
-1565660933339.0,2185084.0,4842.0,0.02032,0.04883,-0.82367,0.56464,0.01764,-260.5992,16.073294,3.3089347127294255,-5.0840313456946,21.286874257725216
-1565660933332.0,2185084.0,4849.0,0.02032,0.04883,-0.82367,0.56458,0.01758,-260.57156,16.073975,3.3090747406778416,-5.083694289386586,21.288938366341114
-1565660933328.0,2185097.0,4853.0,0.02039,0.04883,-0.82367,0.56458,0.01758,-260.5693,16.051622,3.3045545859093974,-5.09032741003553,21.289081142516352
-1565660933320.0,2185105.0,4861.0,0.02039,0.04883,-0.82367,0.56458,0.01758,-260.5693,16.051622,3.3045545859093974,-5.09032741003553,21.289081142516352
-1565660933316.0,2185105.0,4865.0,0.02039,0.04883,-0.82367,0.56458,0.01758,-260.5693,16.051622,3.3045545859093974,-5.09032741003553,21.289081142516352
-1565660933309.0,2185112.0,4872.0,0.02045,0.04883,-0.82373,0.56451,0.01758,-260.41028,16.02605,3.30118106409858,-5.0957609185443795,21.30079263487829
-1565660933304.0,2185119.0,4877.0,0.02045,0.04883,-0.82373,0.56451,0.01758,-260.41028,16.02605,3.30118106409858,-5.0957609185443795,21.30079263487829
-1565660933299.0,2185119.0,4882.0,0.02051,0.04877,-0.82373,0.56451,0.01758,-260.40762,15.979281,3.2915917151908958,-5.097550258578875,21.300235960827905
-1565660933292.0,2185128.0,4889.0,0.02051,0.04877,-0.82373,0.56445,0.01758,-260.38,15.979969,3.2917330579303212,-5.097213609353683,21.302301629249627
-1565660933288.0,2185135.0,4893.0,0.02057,0.04877,-0.82379,0.56445,0.01758,-260.2532,15.953645,3.288195550433808,-5.103041662589001,21.31160356820766
-1565660933283.0,2185143.0,4898.0,0.02057,0.04877,-0.82379,0.56439,0.01758,-260.22556,15.954335,3.288337308326305,-5.102705010484107,21.313670360679325
-1565660933276.0,2185143.0,4905.0,0.02063,0.04883,-0.82379,0.56439,0.01758,-260.22437,15.9628105,3.2901799456206837,-5.112287481023601,21.314472162844822
-1565660933272.0,2185151.0,4909.0,0.02069,0.04883,-0.82385,0.56433,0.01758,-260.0702,15.937213,3.2867858530062346,-5.117779839646487,21.325841273468924
-1565660933265.0,2185160.0,4916.0,0.02069,0.04877,-0.82385,0.56433,0.01764,-260.0695,15.909622,3.281069567857344,-5.113884274250345,21.32516173868426
-1565660933260.0,2185160.0,4921.0,0.02075,0.04877,-0.82385,0.56427,0.01764,-260.03992,15.891195,3.277339741699049,-5.1192346512634375,21.32735251203397
-1565660933252.0,2185168.0,4929.0,0.02075,0.04877,-0.82391,0.56427,0.01764,-259.91528,15.884058,3.277675851799636,-5.119377889122335,21.336530964596264
-1565660933248.0,2185168.0,4933.0,0.02075,0.04877,-0.82391,0.56421,0.01764,-259.8877,15.884752,3.277818855310962,-5.119041228432115,21.338600410276243
-1565660933244.0,2185181.0,4937.0,0.02081,0.04877,-0.82391,0.56421,0.01764,-259.8858,15.86565,3.273946839040799,-5.124728726279636,21.338722919713447
-1565660933237.0,2185187.0,4944.0,0.02081,0.04877,-0.82397,0.56421,0.01764,-259.76138,15.858535,3.2742829531055326,-5.124872379555053,21.347900407967884
-1565660933231.0,2185195.0,4950.0,0.02081,0.04871,-0.82397,0.56415,0.01764,-259.73315,15.831669,3.268709321285146,-5.1206413519728615,21.349291947087124
-1565660933226.0,2185195.0,4955.0,0.02081,0.04871,-0.82397,0.56415,0.01758,-259.73315,15.831669,3.268709321285146,-5.1206413519728615,21.349291947087124
-1565660933220.0,2185204.0,4961.0,0.02081,0.04871,-0.82397,0.56415,0.01758,-259.73315,15.831669,3.268709321285146,-5.1206413519728615,21.349291947087124
-1565660933215.0,2185212.0,4966.0,0.02087,0.04871,-0.82397,0.56415,0.01758,-259.7311,15.812575,3.264837675772375,-5.126329278246006,21.349414359877898
-1565660933209.0,2185212.0,4972.0,0.02087,0.04865,-0.82397,0.56415,0.01758,-259.7304,15.785012,3.2591207144138328,-5.122434903317547,21.348735943878438
-1565660933202.0,2185218.0,4979.0,0.02087,0.04865,-0.82397,0.56409,0.01758,-259.70288,15.785709,3.2592645483163425,-5.122099069384799,21.350806801696052
-1565660933198.0,2185228.0,4983.0,0.02087,0.04865,-0.82397,0.56415,0.01758,-259.7304,15.785012,3.2591207144138328,-5.122434903317547,21.348735943878438
-1565660933192.0,2185235.0,4989.0,0.02087,0.04865,-0.82397,0.56415,0.01758,-259.7304,15.785012,3.2591207144138328,-5.122434903317547,21.348735943878438
-1565660933187.0,2185235.0,4994.0,0.02087,0.04865,-0.82397,0.56415,0.01758,-259.7304,15.785012,3.2591207144138328,-5.122434903317547,21.348735943878438
-1565660933181.0,2185244.0,5000.0,0.02094,0.04865,-0.82397,0.56415,0.01758,-259.728,15.7627325,3.2546037353243116,-5.12907084085633,21.34887858052673
-1565660933175.0,2185244.0,5006.0,0.02094,0.04871,-0.82397,0.56409,0.01758,-259.70117,15.790996,3.260465047140067,-5.1326290025977,21.351628119461225
-1565660933170.0,2185252.0,5011.0,0.02094,0.04871,-0.82397,0.56415,0.01758,-259.7287,15.790296,3.260320728603982,-5.1329652562593955,21.349557176491814
-1565660933164.0,2185252.0,5017.0,0.02094,0.04877,-0.82397,0.56415,0.01758,-259.7294,15.817856,3.2660378384291144,-5.136859695440403,21.350236541376972
-1565660933159.0,2185265.0,5022.0,0.021,0.04883,-0.82397,0.56415,0.01758,-259.72812,15.826327,3.26788342714955,-5.146442264069916,21.35103939941304
-1565660933152.0,2185272.0,5029.0,0.021,0.04883,-0.82397,0.56415,0.01758,-259.72812,15.826327,3.26788342714955,-5.146442264069916,21.35103939941304
-1565660933149.0,2185272.0,5032.0,0.021,0.04889,-0.82397,0.56415,0.01752,-259.72882,15.853889,3.2736007979351136,-5.150336785677955,21.351720456388335
-1565660933143.0,2185280.0,5038.0,0.021,0.04895,-0.82397,0.56415,0.01752,-259.72952,15.881455,3.2793182856963,-5.154231331146147,21.3524022822497
-1565660933135.0,2185287.0,5046.0,0.021,0.04901,-0.82397,0.56415,0.01752,-259.73022,15.909018,3.2850358905689725,-5.158125900492924,21.35308487698167
-1565660933132.0,2185287.0,5049.0,0.02094,0.04913,-0.82391,0.56415,0.01752,-259.85797,15.990408,3.300004347312623,-5.160082272191155,21.345151259343368
-1565660933125.0,2185296.0,5056.0,0.02094,0.04919,-0.82391,0.56415,0.01752,-259.85867,16.017982,3.3057218631207412,-5.163976877446119,21.345836117108803
-1565660933120.0,2185303.0,5061.0,0.02087,0.04926,-0.82391,0.56415,0.01752,-259.8619,16.072453,3.316909105344633,-5.1618847480803804,21.346491662346295
-1565660933115.0,2185303.0,5066.0,0.02087,0.04932,-0.82391,0.56421,0.01752,-259.8902,16.09933,3.322483009419933,-5.166119846757622,21.345107590480126
-1565660933109.0,2185313.0,5072.0,0.02081,0.04938,-0.82391,0.56421,0.01752,-259.89285,16.146015,3.3320726245239416,-5.16432700074239,21.345670564579464
-1565660933104.0,2185320.0,5077.0,0.02081,0.0495,-0.82391,0.56421,0.01752,-259.89426,16.201168,3.3435086366363618,-5.172117115782269,21.347046668833826
-1565660933098.0,2185328.0,5083.0,0.02075,0.04956,-0.82391,0.56421,0.01752,-259.89685,16.24785,3.3530984746673025,-5.170324252793437,21.347611333366117
-1565660933092.0,2185335.0,5089.0,0.02069,0.04962,-0.82391,0.56421,0.01752,-259.8995,16.29454,3.36268835490906,-5.168531394880896,21.348176459324847
-1565660933086.0,2185335.0,5095.0,0.02063,0.04974,-0.82391,0.56421,0.01752,-259.90286,16.368813,3.3779967338251007,-5.170633602413793,21.34943309507929
-1565660933081.0,2185335.0,5100.0,0.02057,0.0498,-0.82385,0.56421,0.01752,-260.03003,16.422895,3.3872435936489556,-5.168698737276085,21.34082260001253
-1565660933076.0,2185349.0,5105.0,0.02045,0.04999,-0.82385,0.56421,0.01752,-260.03607,16.548517,3.413094538556777,-5.169658091922579,21.34276708085217
-1565660933070.0,2185355.0,5111.0,0.02039,0.05005,-0.82385,0.56421,0.01752,-260.03864,16.595234,3.4226844236399945,-5.167865650109103,21.343335991869438
-1565660933064.0,2185355.0,5117.0,0.02032,0.05017,-0.82385,0.56421,0.01752,-260.04218,16.672733,3.4386383153104614,-5.169020351442459,21.344580251746592
-1565660933058.0,2185363.0,5123.0,0.02026,0.05029,-0.82385,0.56421,0.01752,-260.04535,16.74704,3.4539473388816786,-5.1711229748139935,21.34584792968174
-1565660933052.0,2185370.0,5129.0,0.02014,0.05035,-0.82385,0.56421,0.01752,-260.0497,16.812885,3.467408624630232,-5.163643046626582,21.346292902397096
-1565660933046.0,2185380.0,5135.0,0.02008,0.05048,-0.82385,0.56421,0.01752,-260.05295,16.891796,3.4836712799730996,-5.166394826200669,21.347680397259097
-1565660933042.0,2185380.0,5139.0,0.01996,0.0506,-0.82385,0.56421,0.01752,-260.05792,16.985239,3.502852021854993,-5.162809966105235,21.34882682486308
-1565660933037.0,2185387.0,5144.0,0.01978,0.0509,-0.82379,0.56421,0.01746,-260.1911,17.188374,3.54271258368466,-5.165086192516007,21.34278049987971
-1565660933031.0,2185396.0,5150.0,0.01971,0.05103,-0.82379,0.56421,0.01746,-260.19452,17.27052,3.5596211277347076,-5.16689054658766,21.344158756082194
-1565660933024.0,2185396.0,5157.0,0.01959,0.05121,-0.82379,0.56421,0.01746,-260.19995,17.39163,3.5845222912537524,-5.167201551382715,21.34602228347954
-1565660933019.0,2185403.0,5162.0,0.01953,0.05133,-0.82379,0.56427,0.01746,-260.2306,17.465338,3.599698742730195,-5.1696589433635625,21.34524036302352
-1565660933013.0,2185413.0,5168.0,0.01947,0.05145,-0.82373,0.56427,0.01752,-260.3585,17.54767,3.614656046691891,-5.171628398455308,21.337354822756495
-1565660933008.0,2185413.0,5173.0,0.01935,0.05164,-0.82373,0.56427,0.01752,-260.3639,17.673456,3.6405119298864035,-5.172590726091956,21.339349550664963
-1565660933004.0,2185419.0,5177.0,0.01929,0.05176,-0.82373,0.56433,0.01752,-260.3944,17.747215,3.6556909003106766,-5.17505235020777,21.338577237880244
-1565660932997.0,2185419.0,5184.0,0.01923,0.05194,-0.82367,0.56433,0.01752,-260.5229,17.85737,3.6763667149286876,-5.1809206737520315,21.331416501692615
-1565660932992.0,2185434.0,5189.0,0.01917,0.05206,-0.82367,0.56433,0.01752,-260.52585,17.93182,3.6916791270571654,-5.183026236246865,21.332719984831968
-1565660932982.0,2185441.0,5199.0,0.0191,0.05231,-0.82367,0.56439,0.01752,-260.558,18.068707,3.7199014299206548,-5.192986566894565,21.33349519519301
-1565660932980.0,2185441.0,5201.0,0.01904,0.05243,-0.82361,0.56439,0.01752,-260.68604,18.151436,3.7348542573328993,-5.194961548755416,21.32563057539255
-1565660932974.0,2185449.0,5207.0,0.01904,0.05255,-0.82361,0.56439,0.01752,-260.68735,18.206743,3.7462968318146013,-5.2027545270779445,21.32707649526448
-1565660932969.0,2185455.0,5212.0,0.01898,0.05261,-0.82361,0.56439,0.01752,-260.68948,18.25358,3.7558892796674264,-5.200964890947478,21.32766850450237
-1565660932963.0,2185463.0,5218.0,0.01898,0.05267,-0.82361,0.56439,0.01752,-260.69016,18.28123,3.761610850496063,-5.204861405208279,21.32839323024288
-1565660932959.0,2185463.0,5222.0,0.01892,0.0528,-0.82355,0.56445,0.01752,-260.84613,18.368092,3.777384807315381,-5.207851621215864,21.318589434960998
-1565660932951.0,2185470.0,5230.0,0.01892,0.05286,-0.82355,0.56445,0.01752,-260.84677,18.395758,3.7831063327778183,-5.211748592394411,21.3193164978871
-1565660932947.0,2185470.0,5234.0,0.01886,0.05292,-0.82355,0.56445,0.01752,-260.84894,18.442623,3.7926992026859008,-5.209959759147728,21.31991149123462
-1565660932940.0,2185480.0,5241.0,0.01886,0.05292,-0.82355,0.56445,0.01752,-260.84894,18.442623,3.7926992026859008,-5.209959759147728,21.31991149123462
-1565660932935.0,2185487.0,5246.0,0.01886,0.05304,-0.82355,0.56445,0.01752,-260.8502,18.497961,3.8041428243794266,-5.217753751844435,21.321369148547802
-1565660932932.0,2185487.0,5249.0,0.01886,0.05304,-0.82355,0.56445,0.01752,-260.8502,18.497961,3.8041428243794266,-5.217753751844435,21.321369148547802
-1565660932925.0,2185496.0,5256.0,0.01886,0.05304,-0.82355,0.56445,0.01752,-260.8502,18.497961,3.8041428243794266,-5.217753751844435,21.321369148547802
-1565660932919.0,2185503.0,5262.0,0.01886,0.05304,-0.82355,0.56445,0.01752,-260.8502,18.497961,3.8041428243794266,-5.217753751844435,21.321369148547802
-1565660932912.0,2185503.0,5269.0,0.01886,0.0531,-0.82355,0.56451,0.01752,-260.87848,18.524998,3.809734899105793,-5.222017394708232,21.3200319029188
-1565660932909.0,2185517.0,5272.0,0.01892,0.05304,-0.82355,0.56451,0.01752,-260.8763,18.478127,3.800141321299943,-5.223805848076804,21.319435106708056
-1565660932903.0,2185524.0,5278.0,0.01892,0.05304,-0.82355,0.56445,0.01752,-260.84866,18.478764,3.8002716608832876,-5.223439651063621,21.321502295505454
-1565660932898.0,2185524.0,5283.0,0.01898,0.05304,-0.82355,0.56445,0.01752,-260.84714,18.459568,3.796400482170807,-5.229125601867291,21.321635444048567
-1565660932892.0,2185531.0,5289.0,0.01898,0.05304,-0.82355,0.56445,0.01752,-260.84714,18.459568,3.796400482170807,-5.229125601867291,21.321635444048567
-1565660932885.0,2185541.0,5296.0,0.01904,0.05304,-0.82355,0.56439,0.01752,-260.81793,18.44101,3.792660457886022,-5.23444540086197,21.32383621445291
-1565660932880.0,2185541.0,5301.0,0.01904,0.05304,-0.82355,0.56439,0.01758,-260.81793,18.44101,3.792660457886022,-5.23444540086197,21.32383621445291
-1565660932874.0,2185548.0,5307.0,0.01904,0.05298,-0.82361,0.56439,0.01758,-260.6919,18.404932,3.787303488733018,-5.230680159677162,21.332282939462715
-1565660932868.0,2185555.0,5313.0,0.01904,0.05298,-0.82361,0.56439,0.01758,-260.6919,18.404932,3.787303488733018,-5.230680159677162,21.332282939462715
-1565660932863.0,2185555.0,5318.0,0.0191,0.05298,-0.82361,0.56439,0.01758,-260.69043,18.385752,3.7834326712860666,-5.2363665905101415,21.332415997679647
-1565660932857.0,2185564.0,5324.0,0.0191,0.05298,-0.82361,0.56439,0.01758,-260.69043,18.385752,3.7834326712860666,-5.2363665905101415,21.332415997679647
-1565660932851.0,2185571.0,5330.0,0.0191,0.05292,-0.82361,0.56433,0.01758,-260.6621,18.358738,3.777841983230988,-5.2321045069830765,21.333755615566133
-1565660932847.0,2185580.0,5334.0,0.0191,0.05292,-0.82361,0.56433,0.01758,-260.6621,18.358738,3.777841983230988,-5.2321045069830765,21.333755615566133
-1565660932841.0,2185580.0,5340.0,0.01904,0.05292,-0.82367,0.56433,0.01752,-260.5384,18.369528,3.7820769880211658,-5.22654957081774,21.342798275709754
-1565660932834.0,2185588.0,5347.0,0.01904,0.05292,-0.82367,0.56433,0.01752,-260.5384,18.369528,3.7820769880211658,-5.22654957081774,21.342798275709754
-1565660932829.0,2185588.0,5352.0,0.01904,0.05286,-0.82367,0.56427,0.01752,-260.51016,18.342527,3.7764856249423615,-5.222288382624181,21.34413989017075
-1565660932819.0,2185599.0,5362.0,0.01904,0.05286,-0.82367,0.56427,0.01752,-260.51016,18.342527,3.7764856249423615,-5.222288382624181,21.34413989017075
-1565660932817.0,2185610.0,5364.0,0.01904,0.05286,-0.82367,0.56427,0.01752,-260.51016,18.342527,3.7764856249423615,-5.222288382624181,21.34413989017075
-1565660932813.0,2185610.0,5368.0,0.01904,0.05286,-0.82367,0.56433,0.01752,-260.53775,18.341887,3.7763544552993555,-5.222653336216611,21.342070254407417
-1565660932807.0,2185617.0,5374.0,0.01904,0.0528,-0.82367,0.56433,0.01752,-260.53714,18.314247,3.7706320478126916,-5.2187571258335,21.341343001091275
-1565660932802.0,2185617.0,5379.0,0.01904,0.0528,-0.82367,0.56433,0.01752,-260.53714,18.314247,3.7706320478126916,-5.2187571258335,21.341343001091275
-1565660932795.0,2185625.0,5386.0,0.01904,0.05273,-0.82361,0.56433,0.01752,-260.66156,18.290346,3.763592797808462,-5.214080124285373,21.331319536615837
-1565660932791.0,2185632.0,5390.0,0.01904,0.05273,-0.82361,0.56439,0.01752,-260.68924,18.289705,3.763461627899497,-5.214444175574181,21.329251136316884
-1565660932784.0,2185642.0,5397.0,0.01904,0.05267,-0.82361,0.56439,0.01752,-260.68863,18.262049,3.757739904441746,-5.210547601915816,21.328525487823285
-1565660932780.0,2185642.0,5401.0,0.0191,0.05267,-0.82361,0.56439,0.01752,-260.68713,18.242872,3.753868942730232,-5.216233850085199,21.328657746967494
-1565660932772.0,2185649.0,5409.0,0.0191,0.05261,-0.82355,0.56445,0.01752,-260.8395,18.222893,3.7476532860291365,-5.21256861983581,21.316688263643442
-1565660932768.0,2185655.0,5413.0,0.0191,0.05261,-0.82355,0.56445,0.01752,-260.8395,18.222893,3.7476532860291365,-5.21256861983581,21.316688263643442
-1565660932763.0,2185664.0,5418.0,0.0191,0.05255,-0.82355,0.56451,0.01752,-260.86652,18.194584,3.7418006120223355,-5.20903444900463,21.313897182298717
-1565660932757.0,2185670.0,5424.0,0.0191,0.05255,-0.82355,0.56451,0.01752,-260.86652,18.194584,3.7418006120223355,-5.20903444900463,21.313897182298717
-1565660932751.0,2185670.0,5430.0,0.0191,0.05249,-0.82349,0.56451,0.01752,-260.99124,18.175205,3.7357180289166676,-5.205005214724168,21.303995919049683
-1565660932746.0,2185670.0,5435.0,0.0191,0.05249,-0.82349,0.56458,0.01752,-261.02356,18.174456,3.73556451241589,-5.2054280020039245,21.301586098013985
-1565660932741.0,2185682.0,5440.0,0.0191,0.05249,-0.82349,0.56458,0.01758,-261.02356,18.174456,3.73556451241589,-5.2054280020039245,21.301586098013985
-1565660932735.0,2185682.0,5446.0,0.01917,0.05249,-0.82349,0.56458,0.01758,-261.0217,18.152046,3.7310467279099093,-5.212060942578946,21.301739686682794
-1565660932730.0,2185694.0,5451.0,0.01917,0.05249,-0.82349,0.56458,0.01758,-261.0217,18.152046,3.7310467279099093,-5.212060942578946,21.301739686682794
-1565660932724.0,2185701.0,5457.0,0.01917,0.05243,-0.82349,0.56464,0.01758,-261.0487,18.123722,3.725194198985413,-5.2085250486032475,21.298951617001848
-1565660932718.0,2185709.0,5463.0,0.01917,0.05243,-0.82349,0.56464,0.01758,-261.0487,18.123722,3.725194198985413,-5.2085250486032475,21.298951617001848
-1565660932711.0,2185709.0,5470.0,0.01917,0.05243,-0.82343,0.56464,0.01758,-261.1743,18.131996,3.7248329870376327,-5.208392698921172,21.28977353002982
-1565660932708.0,2185717.0,5473.0,0.01917,0.05249,-0.82343,0.56464,0.01758,-261.17496,18.159689,3.730553032783561,-5.212290985223461,21.290496544446626
-1565660932701.0,2185725.0,5480.0,0.01917,0.05249,-0.82343,0.56464,0.01758,-261.17496,18.159689,3.730553032783561,-5.212290985223461,21.290496544446626
-1565660932696.0,2185725.0,5485.0,0.01917,0.05249,-0.82343,0.56464,0.01752,-261.17496,18.159689,3.730553032783561,-5.212290985223461,21.290496544446626
-1565660932690.0,2185732.0,5491.0,0.01923,0.05249,-0.82343,0.56464,0.01752,-261.1733,18.140461,3.726680208644992,-5.217976006443555,21.29062813296197
-1565660932684.0,2185742.0,5497.0,0.01923,0.05249,-0.82343,0.56464,0.01752,-261.1733,18.140461,3.726680208644992,-5.217976006443555,21.29062813296197
-1565660932680.0,2185742.0,5501.0,0.01923,0.05249,-0.82343,0.56464,0.01752,-261.1733,18.140461,3.726680208644992,-5.217976006443555,21.29062813296197
-1565660932673.0,2185749.0,5508.0,0.01923,0.05249,-0.82343,0.56464,0.01758,-261.1733,18.140461,3.726680208644992,-5.217976006443555,21.29062813296197
-1565660932667.0,2185760.0,5514.0,0.01923,0.05243,-0.82343,0.56464,0.01752,-261.17267,18.112768,3.7209601350873984,-5.214077684850178,21.289904964193013
-1565660932663.0,2185760.0,5518.0,0.01923,0.05243,-0.82349,0.56464,0.01758,-261.0471,18.104507,3.7213213518876618,-5.2142104499737725,21.299083087382925
-1565660932656.0,2185760.0,5525.0,0.01923,0.05243,-0.82349,0.56458,0.01758,-261.01944,18.105152,3.7214538370140446,-5.213848470038282,21.301148225481512
-1565660932650.0,2185772.0,5531.0,0.01923,0.05243,-0.82349,0.56458,0.01758,-261.01944,18.105152,3.7214538370140446,-5.213848470038282,21.301148225481512
-1565660932645.0,2185779.0,5536.0,0.01923,0.05243,-0.82349,0.56458,0.01758,-261.01944,18.105152,3.7214538370140446,-5.213848470038282,21.301148225481512
-1565660932638.0,2185787.0,5543.0,0.01923,0.05237,-0.82355,0.56451,0.01758,-260.86108,18.069986,3.7162488435879526,-5.209661528714919,21.312013708570376
-1565660932633.0,2185787.0,5548.0,0.01923,0.05237,-0.82355,0.56451,0.01758,-260.86108,18.069986,3.7162488435879526,-5.209661528714919,21.312013708570376
-1565660932629.0,2185797.0,5552.0,0.01923,0.05237,-0.82355,0.56451,0.01758,-260.86108,18.069986,3.7162488435879526,-5.209661528714919,21.312013708570376
-1565660932622.0,2185797.0,5559.0,0.01923,0.05237,-0.82355,0.56445,0.01758,-260.83347,18.070635,3.7163813285624885,-5.20929996564137,21.314080331593118
-1565660932618.0,2185805.0,5563.0,0.01923,0.05231,-0.82355,0.56445,0.01758,-260.8328,18.042969,3.7106606771846042,-5.205403009644509,21.313358744368372
-1565660932611.0,2185812.0,5570.0,0.01923,0.05231,-0.82361,0.56445,0.01758,-260.7074,18.03474,3.7110210665434344,-5.205535772935324,21.322535954665284
-1565660932607.0,2185812.0,5574.0,0.01929,0.05225,-0.82361,0.56445,0.01758,-260.70514,17.987902,3.7014285034955416,-5.207325007830253,21.321946413410686
-1565660932599.0,2185827.0,5582.0,0.01929,0.05219,-0.82361,0.56445,0.01758,-260.70447,17.960247,3.6957076590722466,-5.2034280640730195,21.32122632818742
-1565660932595.0,2185827.0,5586.0,0.01929,0.05219,-0.82361,0.56445,0.01758,-260.70447,17.960247,3.6957076590722466,-5.2034280640730195,21.32122632818742
-1565660932588.0,2185839.0,5593.0,0.01929,0.05212,-0.82361,0.56445,0.01764,-260.7037,17.927986,3.68903349705973,-5.198881660194969,21.32038719976822
-1565660932584.0,2185839.0,5597.0,0.01935,0.05206,-0.82361,0.56445,0.01764,-260.70142,17.88115,3.679441193801983,-5.200670876167807,21.319799449122755
-1565660932578.0,2185839.0,5603.0,0.01935,0.052,-0.82361,0.56445,0.01764,-260.70074,17.853498,3.673720713253293,-5.196773973614323,21.319081642333586
-1565660932573.0,2185851.0,5608.0,0.01941,0.05194,-0.82361,0.56445,0.01764,-260.69852,17.806665,3.6641285569832873,-5.198563183598714,21.31849496643298
-1565660932566.0,2185851.0,5615.0,0.01941,0.05188,-0.82361,0.56451,0.01764,-260.7255,17.778362,3.658274564738125,-5.19502446586355,21.3157116297254
-1565660932562.0,2185862.0,5619.0,0.01941,0.05182,-0.82355,0.56451,0.01764,-260.8502,17.758795,3.6521973975422832,-5.190993181064322,21.30581846162457
-1565660932554.0,2185869.0,5627.0,0.01947,0.05176,-0.82355,0.56451,0.01764,-260.84787,17.711935,3.6426054762791047,-5.192781546177337,21.305233357562074
-1565660932550.0,2185869.0,5631.0,0.01953,0.05164,-0.82355,0.56458,0.01764,-260.8772,17.636648,3.627137205430505,-5.191088568693554,21.301525152021767
-1565660932544.0,2185878.0,5637.0,0.01953,0.05157,-0.82355,0.56458,0.01758,-260.87643,17.60437,3.6204647132784573,-5.186541206765962,21.300693537100315
-1565660932538.0,2185883.0,5643.0,0.01953,0.05151,-0.82355,0.56464,0.01758,-260.9034,17.576052,3.614611005652935,-5.182999104622166,21.297916520522705
-1565660932533.0,2185893.0,5648.0,0.01959,0.05145,-0.82349,0.56464,0.01758,-261.0264,17.537157,3.604664091056246,-5.18465130532865,21.288155800156957
-1565660932528.0,2185899.0,5653.0,0.01959,0.05145,-0.82349,0.56464,0.01758,-261.0264,17.537157,3.604664091056246,-5.18465130532865,21.288155800156957
-1565660932522.0,2185899.0,5659.0,0.01965,0.05133,-0.82349,0.56464,0.01758,-261.02338,17.462599,3.589353707656085,-5.182540214444061,21.28686391369395
-1565660932517.0,2185909.0,5664.0,0.01965,0.05133,-0.82349,0.5647,0.01758,-261.0511,17.461937,3.5892183157030613,-5.182894582292614,21.28480011358225
-1565660932512.0,2185909.0,5669.0,0.01965,0.05121,-0.82349,0.5647,0.01758,-261.04977,17.406584,3.577781838690903,-5.175097569014455,21.283382462745777
-1565660932506.0,2185919.0,5675.0,0.01971,0.05115,-0.82343,0.56476,0.01758,-261.20062,17.366926,3.5677015486761174,-5.177101214131815,21.271560202500808
-1565660932501.0,2185926.0,5680.0,0.01971,0.05103,-0.82343,0.56476,0.01758,-261.1993,17.311546,3.5562665733594283,-5.169303443841102,21.27014674419395
-1565660932495.0,2185926.0,5686.0,0.01971,0.05096,-0.82343,0.56476,0.01758,-261.19855,17.279243,3.5495963953390244,-5.164754788850911,21.269323647058158
-1565660932489.0,2185935.0,5692.0,0.01971,0.05096,-0.82343,0.56476,0.01758,-261.19855,17.279243,3.5495963953390244,-5.164754788850911,21.269323647058158
-1565660932483.0,2185935.0,5698.0,0.01971,0.0509,-0.82343,0.56476,0.01758,-261.19788,17.251554,3.54387923120217,-5.160855967696094,21.26861896815734
-1565660932476.0,2185944.0,5705.0,0.01978,0.05084,-0.82343,0.56482,0.01758,-261.22287,17.200777,3.5335055634574237,-5.163940093225396,21.266001718599654
-1565660932473.0,2185952.0,5708.0,0.01978,0.05078,-0.82343,0.56482,0.01758,-261.2222,17.173088,3.527788609269967,-5.160040862870865,21.26529845827058
-1565660932467.0,2185959.0,5714.0,0.01978,0.05072,-0.82343,0.56482,0.01758,-261.22153,17.145395,3.522071775903,-5.156141656479234,21.26459596680519
-1565660932462.0,2185959.0,5719.0,0.01978,0.0506,-0.82343,0.56482,0.01758,-261.2202,17.090017,3.510638471086987,-5.148343315510676,21.263193290531106
-1565660932455.0,2185968.0,5726.0,0.01978,0.05054,-0.82343,0.56482,0.01758,-261.21954,17.06233,3.5049219993661773,-5.14444418089675,21.262493105755013
-1565660932447.0,2185977.0,5734.0,0.01978,0.05048,-0.82343,0.56482,0.01758,-261.21887,17.034641,3.4992056479223255,-5.140545070171728,21.261793689908004
-1565660932444.0,2185977.0,5737.0,0.01978,0.05042,-0.82343,0.56482,0.01758,-261.2182,17.006952,3.4934894166195543,-5.136645983317117,21.261095043006293
-1565660932438.0,2185985.0,5743.0,0.01978,0.05035,-0.82343,0.56482,0.01758,-261.21744,16.974644,3.4868206317633605,-5.132097078798275,21.26028092683741
-1565660932432.0,2185994.0,5749.0,0.01984,0.05029,-0.82343,0.56488,0.01758,-261.24265,16.92707,3.477092695974653,-5.134229470827182,21.257648864400707
-1565660932427.0,2185994.0,5754.0,0.01978,0.05023,-0.82343,0.56488,0.01758,-261.2438,16.9186,3.4752525166316266,-5.124645774178717,21.25682685397075
-1565660932423.0,2186001.0,5758.0,0.01984,0.05023,-0.82343,0.56488,0.01758,-261.242,16.899382,3.4713768169394106,-5.13033000840892,21.25695255868041
-1565660932417.0,2186006.0,5764.0,0.01984,0.05017,-0.82343,0.56488,0.01758,-261.24133,16.871693,3.4656610575024858,-5.126430569817676,21.256257021925848
-1565660932411.0,2186006.0,5770.0,0.01984,0.05011,-0.82343,0.56488,0.01758,-261.24066,16.844004,3.459945417528005,-5.122531155034952,21.255562254153162
-1565660932401.0,2186019.0,5780.0,0.0199,0.05005,-0.82336,0.56494,0.01758,-261.4126,16.805325,3.4498146221479264,-5.124501177532574,21.242221486679924
-1565660932399.0,2186019.0,5782.0,0.0199,0.04999,-0.82336,0.56494,0.01758,-261.41196,16.777618,3.4440996758379465,-5.120601360340615,21.241528030527903
-1565660932393.0,2186031.0,5788.0,0.0199,0.04999,-0.82336,0.56494,0.01758,-261.41196,16.777618,3.4440996758379465,-5.120601360340615,21.241528030527903
-1565660932383.0,2186040.0,5798.0,0.0199,0.04993,-0.82336,0.565,0.01758,-261.439,16.749243,3.438247726121446,-5.117046233879207,21.238776317801523
-1565660932381.0,2186040.0,5800.0,0.0199,0.04987,-0.82336,0.565,0.01758,-261.43832,16.721539,3.432533017845987,-5.113146047962971,21.23808445959631
-1565660932376.0,2186048.0,5805.0,0.0199,0.04987,-0.8233,0.565,0.01758,-261.56424,16.72913,3.4321893846106746,-5.113008679016107,21.22890157263113
-1565660932371.0,2186048.0,5810.0,0.0199,0.04974,-0.8233,0.56506,0.01764,-261.59055,16.668406,3.419671697325587,-5.104901708344442,21.22534720467381
-1565660932366.0,2186060.0,5815.0,0.0199,0.04968,-0.8233,0.56512,0.01764,-261.61755,16.640017,3.413820655673698,-5.101344114960431,21.222600432929667
-1565660932360.0,2186060.0,5821.0,0.0199,0.04968,-0.8233,0.56512,0.01764,-261.61755,16.640017,3.413820655673698,-5.101344114960431,21.222600432929667
-1565660932354.0,2186069.0,5827.0,0.0199,0.04962,-0.82324,0.56512,0.01758,-261.74298,16.619844,3.4077649441288207,-5.097305830653515,21.21272815837341
-1565660932348.0,2186077.0,5833.0,0.0199,0.04962,-0.82324,0.56519,0.01758,-261.77533,16.619062,3.4076049675937847,-5.097705433429801,21.210329370605862
-1565660932344.0,2186077.0,5837.0,0.0199,0.04956,-0.82324,0.56519,0.01758,-261.7747,16.591331,3.4018916986885204,-5.093804053612589,21.20964144973125
-1565660932338.0,2186083.0,5843.0,0.0199,0.0495,-0.82324,0.56525,0.01758,-261.80173,16.562931,3.3960414251396895,-5.090244381854407,21.206898724810785
-1565660932333.0,2186092.0,5848.0,0.0199,0.0495,-0.82318,0.56525,0.01758,-261.92783,16.570448,3.3957003407258908,-5.090107017809404,21.197714723271204
-1565660932327.0,2186092.0,5854.0,0.0199,0.04938,-0.82318,0.56525,0.01758,-261.9265,16.51496,3.3842752199251107,-5.082303545707411,21.196342622998813
-1565660932321.0,2186104.0,5860.0,0.0199,0.04938,-0.82318,0.56531,0.01758,-261.95425,16.514288,3.3841380970656356,-5.082644397736954,21.194288269024284
-1565660932316.0,2186104.0,5865.0,0.01996,0.04938,-0.82318,0.56531,0.01758,-261.95242,16.495012,3.3802589809898476,-5.088326533942412,21.194411492599286
-1565660932310.0,2186111.0,5871.0,0.01996,0.04932,-0.82312,0.56537,0.01758,-262.10593,16.47408,3.374069183452552,-5.084627044659306,21.182487924973145
-1565660932305.0,2186121.0,5876.0,0.02002,0.04932,-0.82312,0.56537,0.01758,-262.10406,16.454792,3.370189601277627,-5.090308784203195,21.18261093964128
-1565660932300.0,2186121.0,5881.0,0.02002,0.04932,-0.82312,0.56537,0.01758,-262.10406,16.454792,3.370189601277627,-5.090308784203195,21.18261093964128
-1565660932295.0,2186127.0,5886.0,0.02002,0.04932,-0.82312,0.56537,0.01758,-262.10406,16.454792,3.370189601277627,-5.090308784203195,21.18261093964128
-1565660932288.0,2186135.0,5893.0,0.02008,0.04932,-0.82306,0.56543,0.01758,-262.25647,16.442293,3.365831772925084,-5.096192411204479,21.171495375776246
-1565660932283.0,2186135.0,5898.0,0.02008,0.04938,-0.82306,0.56543,0.01758,-262.25714,16.470062,3.3715434105407955,-5.100095462204555,21.172180776846005
-1565660932277.0,2186144.0,5904.0,0.02008,0.04938,-0.82306,0.56543,0.01758,-262.25714,16.470062,3.3715434105407955,-5.100095462204555,21.172180776846005
-1565660932272.0,2186150.0,5909.0,0.02008,0.04938,-0.82306,0.56543,0.01758,-262.25714,16.470062,3.3715434105407955,-5.100095462204555,21.172180776846005
-1565660932267.0,2186150.0,5914.0,0.02008,0.04944,-0.823,0.56549,0.01758,-262.41217,16.50465,3.3767761119570414,-5.104201205064315,21.161628584291194
-1565660932261.0,2186162.0,5920.0,0.02008,0.04944,-0.823,0.56549,0.01758,-262.41217,16.50465,3.3767761119570414,-5.104201205064315,21.161628584291194
-1565660932255.0,2186169.0,5926.0,0.02008,0.04944,-0.823,0.56549,0.01758,-262.41217,16.50465,3.3767761119570414,-5.104201205064315,21.161628584291194
-1565660932250.0,2186177.0,5931.0,0.02002,0.0495,-0.823,0.56549,0.01758,-262.41483,16.551752,3.386367931813001,-5.102423650361343,21.162192215752114
-1565660932244.0,2186177.0,5937.0,0.02002,0.0495,-0.823,0.56549,0.01758,-262.41483,16.551752,3.386367931813001,-5.102423650361343,21.162192215752114
-1565660932239.0,2186187.0,5942.0,0.02002,0.0495,-0.823,0.56549,0.01758,-262.41483,16.551752,3.386367931813001,-5.102423650361343,21.162192215752114
-1565660932232.0,2186187.0,5949.0,0.02002,0.0495,-0.823,0.56549,0.01758,-262.41483,16.551752,3.386367931813001,-5.102423650361343,21.162192215752114
-1565660932228.0,2186195.0,5953.0,0.02002,0.0495,-0.823,0.56549,0.01758,-262.41483,16.551752,3.386367931813001,-5.102423650361343,21.162192215752114
-1565660932223.0,2186202.0,5958.0,0.02002,0.0495,-0.823,0.56549,0.01758,-262.41483,16.551752,3.386367931813001,-5.102423650361343,21.162192215752114
-1565660932216.0,2186202.0,5965.0,0.01996,0.0495,-0.823,0.56549,0.01758,-262.41666,16.571066,3.3902482722126783,-5.0967426320685725,21.162068855902746
-1565660932211.0,2186213.0,5970.0,0.01996,0.04944,-0.823,0.56549,0.01764,-262.416,16.543282,3.384536866435273,-5.09283918727354,21.161382169400824
-1565660932205.0,2186220.0,5976.0,0.01996,0.04944,-0.823,0.56549,0.01764,-262.416,16.543282,3.384536866435273,-5.09283918727354,21.161382169400824
-1565660932200.0,2186220.0,5981.0,0.01996,0.04944,-0.823,0.56549,0.01764,-262.416,16.543282,3.384536866435273,-5.09283918727354,21.161382169400824
-1565660932194.0,2186230.0,5987.0,0.01996,0.04944,-0.823,0.56555,0.01764,-262.4438,16.542606,3.3843993279123556,-5.093180459048223,21.159331416464738
-1565660932188.0,2186236.0,5993.0,0.01996,0.04938,-0.823,0.56555,0.01764,-262.4431,16.51482,3.3786880400302204,-5.089276621719785,21.158645558871626
-1565660932183.0,2186236.0,5998.0,0.0199,0.04938,-0.823,0.56555,0.01764,-262.44498,16.534136,3.382568829979922,-5.083595719604676,21.158522529307533
-1565660932178.0,2186246.0,6003.0,0.0199,0.04938,-0.823,0.56555,0.01764,-262.44498,16.534136,3.382568829979922,-5.083595719604676,21.158522529307533
-1565660932173.0,2186251.0,6008.0,0.0199,0.04932,-0.82294,0.56561,0.01764,-262.59888,16.513193,3.3763807179156204,-5.079895015028622,21.14660051191916
-1565660932167.0,2186251.0,6014.0,0.0199,0.04932,-0.82294,0.56561,0.01764,-262.59888,16.513193,3.3763807179156204,-5.079895015028622,21.14660051191916
-1565660932161.0,2186260.0,6020.0,0.0199,0.04926,-0.82288,0.56573,0.01764,-262.78073,16.49155,3.3700564264067445,-5.076533523882879,21.13263130191575
-1565660932156.0,2186271.0,6025.0,0.01996,0.04926,-0.82288,0.56573,0.01764,-262.77887,16.472208,3.366174328391585,-5.08221353540002,21.132753888811052
-1565660932150.0,2186271.0,6031.0,0.01996,0.04919,-0.82281,0.5658,0.01764,-262.95895,16.447716,3.3589566380213776,-5.07789307843878,21.118847871823746
-1565660932145.0,2186280.0,6036.0,0.01996,0.04919,-0.82281,0.56586,0.01764,-262.98676,16.447039,3.358819099084406,-5.0782326166440885,21.1168016098069
-1565660932136.0,2186289.0,6045.0,0.01996,0.04913,-0.82275,0.56592,0.01764,-263.1413,16.42602,3.352633529802864,-5.074528077428629,21.104884173080592
-1565660932133.0,2186289.0,6048.0,0.01996,0.04913,-0.82275,0.56592,0.01764,-263.1413,16.42602,3.352633529802864,-5.074528077428629,21.104884173080592
-1565660932128.0,2186296.0,6053.0,0.01996,0.04913,-0.82269,0.56598,0.01758,-263.29645,16.432823,3.352157448706874,-5.074729424790207,21.09364954896175
-1565660932123.0,2186303.0,6058.0,0.01996,0.04907,-0.82269,0.56604,0.01758,-263.3236,16.404295,3.34631136511365,-5.071161437364709,21.090923954912938
-1565660932117.0,2186303.0,6064.0,0.02002,0.04907,-0.82263,0.56604,0.01758,-263.4494,16.392387,3.342088870371794,-5.076701900586693,21.081854804420985
-1565660932111.0,2186312.0,6070.0,0.02002,0.04907,-0.82263,0.56616,0.01758,-263.50516,16.39103,3.3418129612732144,-5.077379319302789,21.077770211732172
-1565660932104.0,2186318.0,6077.0,0.02002,0.04907,-0.82257,0.56616,0.01758,-263.6328,16.398502,3.3414748277082875,-5.077241129692374,21.068578921153062
-1565660932099.0,2186318.0,6082.0,0.02002,0.04901,-0.82257,0.56622,0.01758,-263.66,16.369942,3.3356292460574295,-5.073671471769134,21.065856516989555
-1565660932095.0,2186329.0,6086.0,0.02002,0.04901,-0.82251,0.56622,0.01758,-263.78787,16.377413,3.3352915256878917,-5.07353328295298,21.056664132776575
-1565660932088.0,2186329.0,6093.0,0.02002,0.04895,-0.82251,0.56628,0.01758,-263.8151,16.348837,3.3294464744339214,-5.069962817239283,21.053943607611245
-1565660932082.0,2186340.0,6099.0,0.02002,0.04895,-0.82251,0.56628,0.01758,-263.8151,16.348837,3.3294464744339214,-5.069962817239283,21.053943607611245
-1565660932079.0,2186346.0,6102.0,0.02002,0.04889,-0.82245,0.56635,0.01758,-263.9751,16.327608,3.3232416537955856,-5.066309599256692,21.041691750014024
-1565660932072.0,2186346.0,6109.0,0.02002,0.04883,-0.82245,0.56635,0.01758,-263.97446,16.299702,3.317535204403107,-5.062400402672463,21.04101257078817
-1565660932067.0,2186358.0,6114.0,0.02008,0.04877,-0.82245,0.56641,0.01758,-263.99966,16.25167,3.3078038238886727,-5.0645047464512345,21.038416935616056
-1565660932060.0,2186364.0,6121.0,0.02008,0.04871,-0.82245,0.56641,0.01764,-263.99896,16.223763,3.30209758085425,-5.06059514663397,21.03773920376878
-1565660932055.0,2186364.0,6126.0,0.02014,0.04871,-0.82245,0.56641,0.01764,-263.9971,16.204325,3.2982104410261415,-5.066272049873623,21.037859896814098
-1565660932050.0,2186372.0,6131.0,0.0202,0.04865,-0.82245,0.56641,0.01764,-263.9944,16.156979,3.288617100633172,-5.06803935812883,21.03730332546705
-1565660932043.0,2186380.0,6138.0,0.0202,0.04858,-0.82245,0.56641,0.01764,-263.99356,16.12442,3.2819600374483238,-5.063478135704772,21.036514155894125
-1565660932039.0,2186387.0,6142.0,0.02026,0.04852,-0.82245,0.56641,0.01764,-263.9909,16.077072,3.2723668435425464,-5.065245436320602,21.03595877344779
-1565660932032.0,2186387.0,6149.0,0.02026,0.04852,-0.82245,0.56641,0.01764,-263.9909,16.077072,3.2723668435425464,-5.065245436320602,21.03595877344779
-1565660932028.0,2186395.0,6153.0,0.02032,0.04846,-0.82245,0.56641,0.01764,-263.98828,16.029732,3.262773691379608,-5.067012741768254,21.035403858581745
-1565660932022.0,2186395.0,6159.0,0.02032,0.04846,-0.82245,0.56641,0.01764,-263.98828,16.029732,3.262773691379608,-5.067012741768254,21.035403858581745
-1565660932017.0,2186406.0,6164.0,0.02039,0.0484,-0.82245,0.56641,0.01764,-263.98526,15.979147,3.2525326851534695,-5.069726211108896,21.034869396857957
-1565660932010.0,2186416.0,6171.0,0.02045,0.0484,-0.82245,0.56641,0.01764,-263.98328,15.959709,3.248645299661359,-5.075403194583548,21.034989310741878
-1565660932006.0,2186421.0,6175.0,0.02045,0.0484,-0.82245,0.56635,0.01758,-263.95535,15.960403,3.248786230101024,-5.075069110885397,21.03702717917197
-1565660931999.0,2186421.0,6182.0,0.02051,0.0484,-0.82245,0.56635,0.01758,-263.95325,15.940962,3.2448992385109743,-5.0807461413762285,21.03714711654341
-1565660931995.0,2186429.0,6186.0,0.02051,0.0484,-0.82251,0.56635,0.01758,-263.82513,15.933706,3.245232789429871,-5.080887714019949,21.046341027241553
-1565660931987.0,2186429.0,6194.0,0.02051,0.04834,-0.82251,0.56635,0.01758,-263.82443,15.905816,3.2395266569890606,-5.07697842916182,21.04566700619361
-1565660931983.0,2186442.0,6198.0,0.02051,0.04834,-0.82251,0.56635,0.01758,-263.82443,15.905816,3.2395266569890606,-5.07697842916182,21.04566700619361
-1565660931979.0,2186447.0,6202.0,0.02057,0.04834,-0.82251,0.56635,0.01758,-263.82245,15.8863945,3.2356396213776435,-5.082655890624447,21.04578682656613
-1565660931973.0,2186447.0,6208.0,0.02057,0.04834,-0.82251,0.56635,0.01758,-263.82245,15.8863945,3.2356396213776435,-5.082655890624447,21.04578682656613
-1565660931967.0,2186458.0,6214.0,0.02057,0.04834,-0.82251,0.56628,0.01758,-263.78992,15.887208,3.2358050089847845,-5.082266605126002,21.048165644555596
-1565660931961.0,2186464.0,6220.0,0.02063,0.04834,-0.82257,0.56628,0.01758,-263.66006,15.860577,3.2322515816141735,-5.0880865157431465,21.057478716812952
-1565660931956.0,2186464.0,6225.0,0.02069,0.04834,-0.82257,0.56622,0.01758,-263.63004,15.841862,3.2285075825626794,-5.093430810265392,21.059638763203864
-1565660931950.0,2186472.0,6231.0,0.02069,0.04828,-0.82257,0.56622,0.01758,-263.62933,15.813987,3.222801071689502,-5.089522346602276,21.058965037298222
-1565660931944.0,2186480.0,6237.0,0.02069,0.04828,-0.82257,0.56622,0.01758,-263.62933,15.813987,3.222801071689502,-5.089522346602276,21.058965037298222
-1565660931939.0,2186488.0,6242.0,0.02075,0.04828,-0.82257,0.56622,0.01758,-263.62726,15.794576,3.2189148479507383,-5.09520033286164,21.05908479114879
-1565660931934.0,2186488.0,6247.0,0.02075,0.04822,-0.82257,0.56622,0.01758,-263.62656,15.766701,3.2132084258129634,-5.091291858441772,21.05841168351195
-1565660931928.0,2186496.0,6253.0,0.02081,0.04822,-0.82257,0.56622,0.01758,-263.62454,15.747296,3.209322153179772,-5.09696986033066,21.05853128640743
-1565660931922.0,2186504.0,6259.0,0.02081,0.04822,-0.82257,0.56622,0.01758,-263.62454,15.747296,3.209322153179772,-5.09696986033066,21.05853128640743
-1565660931917.0,2186504.0,6264.0,0.02087,0.04816,-0.82257,0.56628,0.01758,-263.64966,15.699306,3.1995856609111955,-5.0990718319842285,21.055938194357125
-1565660931912.0,2186512.0,6269.0,0.02094,0.0481,-0.82257,0.56628,0.01758,-263.64636,15.648772,3.189344829770331,-5.101787300182163,21.055405540670563
-1565660931905.0,2186512.0,6276.0,0.021,0.04803,-0.82251,0.56628,0.01758,-263.77133,15.603917,3.1784697752027364,-5.102759980185565,21.045547640947447
-1565660931900.0,2186524.0,6281.0,0.021,0.04803,-0.82251,0.56628,0.01758,-263.77133,15.603917,3.1784697752027364,-5.102759980185565,21.045547640947447
-1565660931894.0,2186532.0,6287.0,0.02106,0.04797,-0.82251,0.56635,0.01758,-263.80103,15.555778,3.168707893280732,-5.104915019386783,21.04261737169844
-1565660931888.0,2186532.0,6293.0,0.02106,0.04791,-0.82251,0.56635,0.01758,-263.80032,15.527891,3.163002341568039,-5.10100558847666,21.041947478672725
-1565660931883.0,2186541.0,6298.0,0.02112,0.04791,-0.82251,0.56635,0.01758,-263.79813,15.508465,3.159114909462073,-5.106683262088186,21.042066220606443
-1565660931878.0,2186548.0,6303.0,0.02118,0.04785,-0.82251,0.56635,0.01758,-263.7953,15.461154,3.1495219636852405,-5.10845150966634,21.04151553730746
-1565660931871.0,2186548.0,6310.0,0.02124,0.04773,-0.82251,0.56641,0.01758,-263.81955,15.385238,3.1340773695178092,-5.1066397738620735,21.03825905372787
-1565660931866.0,2186559.0,6315.0,0.0213,0.04773,-0.82245,0.56641,0.01758,-263.94543,15.372774,3.1298603852238696,-5.112170464465178,21.029182496058255
-1565660931859.0,2186564.0,6322.0,0.0213,0.04767,-0.82245,0.56641,0.01758,-263.9447,15.344877,3.1241555986551,-5.108260575140308,21.02851503000693
-1565660931854.0,2186564.0,6327.0,0.02136,0.04761,-0.82245,0.56641,0.01758,-263.94177,15.297539,3.114562847107141,-5.110027998718569,21.02796626634084
-1565660931848.0,2186573.0,6333.0,0.02136,0.04761,-0.82245,0.56647,0.01752,-263.96967,15.296815,3.1144156182848084,-5.110356647266408,21.02592920920688
-1565660931844.0,2186580.0,6337.0,0.02142,0.04755,-0.82245,0.56647,0.01752,-263.96674,15.249482,3.1048224881820574,-5.112123662449764,21.02538095009416
-1565660931839.0,2186587.0,6342.0,0.02142,0.04749,-0.82245,0.56647,0.01752,-263.96603,15.221581,3.0991179908166204,-5.108213359235921,21.024715550960764
-1565660931831.0,2186587.0,6350.0,0.02142,0.04742,-0.82245,0.56647,0.01752,-263.96518,15.189034,3.0924628879985634,-5.103651368969599,21.02394022632768
-1565660931826.0,2186596.0,6355.0,0.02148,0.04736,-0.82245,0.56647,0.01752,-263.96222,15.141701,3.0828699831000916,-5.105418365668607,21.02339377663506
-1565660931819.0,2186596.0,6362.0,0.02155,0.0473,-0.82245,0.56647,0.01752,-263.95895,15.091132,3.0726289941706186,-5.108131582770367,21.022867316844867
-1565660931814.0,2186608.0,6367.0,0.02155,0.04724,-0.82245,0.56653,0.01752,-263.98608,15.062506,3.066776369229902,-5.104547395420055,21.02016840934253
-1565660931810.0,2186615.0,6371.0,0.02155,0.04718,-0.82245,0.56653,0.01758,-263.98535,15.034608,3.061072401638684,-5.100636724240748,21.019506722176644
-1565660931802.0,2186615.0,6379.0,0.02161,0.04712,-0.82245,0.56653,0.01758,-263.9823,14.987274,3.051479317650026,-5.1024032984665055,21.018962458598978
-1565660931799.0,2186626.0,6382.0,0.02161,0.04706,-0.82245,0.56653,0.01758,-263.9816,14.959376,3.0457755498943806,-5.098492640351847,21.018302161522172
-1565660931794.0,2186631.0,6387.0,0.02161,0.047,-0.82245,0.56653,0.01758,-263.98083,14.931478,3.0400718952624364,-5.09458200605172,21.017642635443906
-1565660931786.0,2186631.0,6395.0,0.02161,0.04694,-0.82245,0.56653,0.01758,-263.98013,14.903582,3.0343683536181545,-5.090671395547471,21.016983880378362
-1565660931782.0,2186643.0,6399.0,0.02167,0.04681,-0.82245,0.56653,0.01758,-263.9763,14.823708,3.0181216743789037,-5.087875580971467,21.015675092268992
-1565660931776.0,2186650.0,6405.0,0.02167,0.04675,-0.82245,0.56653,0.01758,-263.97552,14.79581,3.0124184629408717,-5.083965011232162,21.015018627053763
-1565660931770.0,2186657.0,6411.0,0.02167,0.04669,-0.82245,0.56653,0.01758,-263.9748,14.767913,3.006715363945936,-5.080054465238099,21.01436293292197
-1565660931765.0,2186657.0,6416.0,0.02167,0.04663,-0.82245,0.56653,0.01758,-263.97406,14.740017,3.001012377258064,-5.07614394297063,21.013708009887736
-1565660931760.0,2186664.0,6421.0,0.02167,0.04663,-0.82245,0.56653,0.01758,-263.97406,14.740017,3.001012377258064,-5.07614394297063,21.013708009887736
-1565660931754.0,2186672.0,6427.0,0.02167,0.04657,-0.82245,0.56653,0.01758,-263.97333,14.71212,2.9953095027412298,-5.072233444411107,21.01305385796509
-1565660931748.0,2186672.0,6433.0,0.02173,0.04651,-0.82245,0.56653,0.01752,-263.97028,14.664792,2.9857171893383483,-5.073999940675676,21.012515589035317
-1565660931743.0,2186679.0,6438.0,0.02173,0.04651,-0.82239,0.56659,0.01752,-264.12625,14.670658,2.985246799073197,-5.074170985702036,21.001283496783856
-1565660931737.0,2186679.0,6444.0,0.02173,0.04645,-0.82239,0.56659,0.01752,-264.12552,14.64275,2.9795445358674097,-5.070260084946596,21.000630690170013
-1565660931732.0,2186691.0,6449.0,0.02173,0.04639,-0.82239,0.56665,0.01752,-264.15268,14.614101,2.9736925959240916,-5.0666694131094125,20.997944491020263
-1565660931726.0,2186701.0,6455.0,0.02179,0.04633,-0.82239,0.56665,0.01752,-264.14957,14.566746,2.9641000655326124,-5.068434651706563,20.997407867034255
-1565660931716.0,2186701.0,6465.0,0.02179,0.04633,-0.82239,0.56665,0.01752,-264.14957,14.566746,2.9641000655326124,-5.068434651706563,20.997407867034255
-1565660931713.0,2186701.0,6468.0,0.02179,0.04626,-0.82233,0.56665,0.01758,-264.277,14.540731,2.957128914531863,-5.063721089785567,20.987450772404912
-1565660931709.0,2186718.0,6472.0,0.02185,0.04626,-0.82233,0.56671,0.01758,-264.30264,14.520536,2.95308774416638,-5.0697165015967665,20.985532166159857
-1565660931702.0,2186718.0,6479.0,0.02185,0.04626,-0.82233,0.56671,0.01758,-264.30264,14.520536,2.95308774416638,-5.0697165015967665,20.985532166159857
-1565660931697.0,2186725.0,6484.0,0.02185,0.0462,-0.82233,0.56671,0.01758,-264.30188,14.492615,2.947386306896237,-5.065804799522183,20.984882282328172
-1565660931692.0,2186731.0,6489.0,0.02191,0.0462,-0.82227,0.56677,0.01758,-264.4559,14.478929,2.9430257778714806,-5.071648582344722,20.973765344956206
-1565660931685.0,2186739.0,6496.0,0.02197,0.0462,-0.82227,0.56677,0.01758,-264.45355,14.459457,2.9391343139687054,-5.0773243402659265,20.97387949601037
