timestamp,norm_posX,norm_posY,confidence,theta,phi
0.0,0.08896913033118459,0.5281237694458285,0.9951297809790706,2.3750844795544004,-2.205697516739032
8.399999991524965,0.08857714508729612,0.5282380346717168,0.9957163072716304,2.3748187393501556,-2.2073743645159376
16.80000001215376,0.0894042504808878,0.5279670218655701,0.9958634323338046,2.3755128356299866,-2.2040114475861636
25.200000003678724,0.08872836461876199,0.5279986503065954,0.9954744984328425,2.37538854951099,-2.2072635244829186
33.59999999520369,0.08904225341234832,0.5279913740884483,0.9949030238536459,2.3754144109904134,-2.205710585500458
41.99999998672865,0.08908857286789792,0.5279587593119925,0.9946568447265134,2.375492338326056,-2.2055660805399278
50.40000000735745,0.08912429939348962,0.5277919936808237,0.9959311337565991,2.375981506501498,-2.205975262865917
58.79899999126792,0.08869498752961809,0.5281917294187242,0.9954228430948033,2.374938042990081,-2.2069186767508366
67.19900001189671,0.08938180297228318,0.5277257605942289,0.9956706327638664,2.376133150168174,-2.2048471440244097
75.59900000342168,0.08923411986863092,0.5274563800456666,0.9953295963882544,2.37679066924959,-2.206351058640497
83.99899999494664,0.08920627309396867,0.5275567639535776,0.9951814662948746,2.376563627185113,-2.2062352630372963
92.39899998647161,0.08935276199275996,0.5282803479206258,0.9941067033206412,2.374675549785242,-2.2032882481467873
100.7990000071004,0.08938324172390182,0.5277754588579638,0.9950231085943844,2.37598605152329,-2.2046625894148626
109.19899999862537,0.08962576540482452,0.528264120989776,0.9956493205851128,2.3748014632431715,-2.202088228850398
117.59899999015033,0.08941533618203126,0.5281003912065225,0.9945465895685253,2.3751573876228,-2.2035387193924896
125.99900001077913,0.08939096607025325,0.5281025974493363,0.9940605174392583,2.3751369798055886,-2.203633188611636
134.3990000023041,0.08900668854687951,0.528181268765017,0.9956503620313637,2.375037508833311,-2.205483649789202
142.79899999382906,0.08946287913595521,0.528459724258378,0.9944096246320571,2.3742933025269117,-2.2023160712027345
151.19900001445785,0.08932724767809459,0.5279220491533938,0.9946898369637902,2.3756317741867297,-2.2045387566000114
159.59900000598282,0.0889785458619734,0.5283864548319315,0.9955913257547706,2.3745470779447637,-2.2050652075904167
167.99899999750778,0.08913057452223469,0.5285450765441408,0.9952402055786,2.3741390463397765,-2.203825873666765
176.39899998903275,0.0894951788988756,0.5286222216454796,0.994725552199105,2.373901380324498,-2.201708828712131
184.79900000966154,0.08943434470622007,0.5283466600123489,0.9953278139836397,2.37462882012773,-2.2028612831307983
193.1990000011865,0.08963935737223334,0.5282457097966861,0.99532006912739,2.374934013523248,-2.2021989169570517
201.59899999271147,0.08915936186627275,0.528592428300993,0.9957169587247011,2.374076238106175,-2.203626074236924
209.99900001334026,0.09004416552119139,0.5276210816148603,0.995406935470157,2.3765499587316667,-2.2020404551016677
218.39900000486523,0.09008484425433175,0.528210425374438,0.9951826050864045,2.375031355416607,-2.200079743630183
226.7989999963902,0.09051204427993494,0.527288989923001,0.9952156124447311,2.3773754799224864,-2.2006373717037775
235.1980000094045,0.09014550682245197,0.5279150379592662,0.9955703879734157,2.3758615100222644,-2.2007546413822667
243.59800000092946,0.09046220981176782,0.5280815269052084,0.9958683191570067,2.3754554639838994,-2.198707117307525
251.99799999245442,0.09018352669453603,0.5279266550129569,0.9950102647779725,2.375792768389661,-2.2004730427121406
260.3980000130832,0.08998245102579894,0.5284631047793984,0.9955356681216825,2.374467763275186,-2.199968817462678
268.7980000046082,0.09034883650720146,0.5277537261690577,0.9956314494110432,2.376249311932671,-2.200174828394883
277.19799999613315,0.0902806683580919,0.5275926814883529,0.9953202606839388,2.3766404868463966,-2.200962225995399
285.5979999876581,0.09037013737840134,0.5274517833336458,0.995639490304371,2.3770549094721063,-2.201007988149546
293.9980000082869,0.0903161049744865,0.528006460059353,0.9956543005852236,2.3756534109574545,-2.199667537319392
302.3979999998119,0.09008456679831785,0.5278403703288561,0.9952841707590746,2.376077116018219,-2.2013167464771026
310.79799999133684,0.09065108706323341,0.5277926195488678,0.9958298251060727,2.376216941505084,-2.1986435109222224
319.19800001196563,0.0904689200936076,0.5276395828115199,0.9960770128043934,2.376641402080809,-2.2000545149806667
327.5980000034906,0.09021154142247659,0.5277641585516311,0.9958223824992626,2.3762907009758445,-2.200931628129991
335.99799999501556,0.0906083860614455,0.5278752860921678,0.9956733682661015,2.376056343420808,-2.19868778246374
344.3979999865405,0.09063739263051929,0.5276134671695438,0.9962866883942602,2.376739166236681,-2.1993317437060322
352.7980000071693,0.09052434978344763,0.5278947246205894,0.9960497916125935,2.3760276655527286,-2.1990816721828854
361.1979999986943,0.09067702037454177,0.5277779756171198,0.995736933632327,2.376307253490309,-2.1986331909060928
369.59799999021925,0.09058027136744942,0.5274566297860924,0.9957227781768155,2.3771250680800424,-2.200058477186018
377.99800001084805,0.09094106083570397,0.5278673566560261,0.9962039600132835,2.37613358367563,-2.197130254963289
386.398000002373,0.09094832059537908,0.5278967659847262,0.995875282011653,2.37605631792075,-2.1970049518738564
394.797999993898,0.09104775747283486,0.5274331251446966,0.995659872827981,2.37720414192308,-2.197812558312791
403.19800001452677,0.09165499377676918,0.5275889212185,0.9957978675990526,2.3768513918253156,-2.1943911016706625
411.59699999843724,0.09148060749029288,0.527340988689293,0.9961344346249543,2.3775426348959874,-2.196066914209429
419.9969999899622,0.0913704995406432,0.5281144564330524,0.996310104698268,2.3756024028555114,-2.1944135868061965
428.397000010591,0.09124983084116511,0.528043965171654,0.9961749947697887,2.375764239179594,-2.1951929326281725
436.79700000211596,0.09157183338421841,0.5279668962555677,0.9958035647916426,2.3759854950152945,-2.193849413181409
445.19699999364093,0.09186545039638769,0.5277371310986374,0.996383936073706,2.3766166164982763,-2.193119227443291
453.5970000142697,0.09166890671066392,0.5283124590095933,0.9962897835481458,2.3751371809656345,-2.192415906501858
461.9970000057947,0.09159201653898714,0.5284293111953824,0.9963206793120368,2.3748847743446944,-2.1925253845386847
470.39699999731965,0.09121798424389764,0.5283459652253117,0.9961029175580329,2.3750917228178317,-2.194615647790605
478.7969999888446,0.09191644846616746,0.5279216265922313,0.9963597146463025,2.3761873979457753,-2.1923915595750367
487.1970000094734,0.0918923965465904,0.5283808821432054,0.995664962211884,2.3750193407733717,-2.1911921675293184
495.5970000009984,0.09180962088342852,0.528327406419126,0.9955284466749535,2.3751126036710835,-2.191694612486093
503.99699999252334,0.09159336282753099,0.5287918508528978,0.9966393587036716,2.3740454955509396,-2.191596885655663
512.3970000131521,0.09179767959720975,0.5290086218991901,0.9968220663974281,2.3735402413329063,-2.190033060545202
520.7970000046771,0.091357067398764,0.5289698722195098,0.9966947901966323,2.3736119899308226,-2.1922840070404055
529.1969999962021,0.09160134260880497,0.5293831418322148,0.9967665593591143,2.372602389037739,-2.189955445909238
537.596999987727,0.09142948919643282,0.5296843287971891,0.9965449543967846,2.3718508266036338,-2.1899659898323716
545.9970000083558,0.09141251290287,0.5294116342329588,0.995951939537283,2.372489926130266,-2.190749064785119
554.3969999998808,0.09136510972859782,0.5294296978334476,0.9968180545504365,2.372547437377635,-2.1910786439173036
562.7969999914058,0.09146152289871194,0.5294282667468017,0.9964019114605663,2.3725509922488817,-2.1906066379069418
571.1970000120346,0.09166159701037753,0.5296665934306222,0.996657120999733,2.371944573935199,-2.188942225979004
579.595999995945,0.0917970961526983,0.529319367313949,0.9966453605154736,2.372853687178327,-2.189298172548126
587.99599998747,0.09224248983908012,0.5292283741715904,0.9967549419077953,2.373147202299199,-2.187451247740301
596.3960000080988,0.09157663467641139,0.5298701146439526,0.9969797550141611,2.3715171575858833,-2.1889105876115185
604.7959999996237,0.0913935758475291,0.5297845378952162,0.9966441411319269,2.3716831465728716,-2.1899816614215046
613.1959999911487,0.09190844341367832,0.5298143546739149,0.9966174862674784,2.37160258507379,-2.1873579178890012
621.5960000117775,0.09186886720731273,0.5296428208989052,0.9972225831366581,2.372123517079449,-2.188157464964
629.9960000033025,0.09159160030077773,0.529910731351107,0.9968019019336727,2.371405827758362,-2.1887104566902806
638.3959999948274,0.0920624934191733,0.5298193537570774,0.9973088198857764,2.3717053018350764,-2.186750330396519
646.7959999863524,0.0926197631224687,0.5295292235992067,0.9967230978361622,2.37241391669577,-2.184794572410644
655.1960000069812,0.09205408810237606,0.5299612501973272,0.9970963401635602,2.3713851105223096,-2.1864485065196453
663.5959999985062,0.09190009622485489,0.5300517359843289,0.997030526604402,2.3711070618807955,-2.1868810238987986
671.9959999900311,0.09184700631034523,0.5300012196907673,0.9974501917776196,2.371318513430916,-2.187401190711581
680.3960000106599,0.09211419676855828,0.5300184224446487,0.9976249215814287,2.3713083802783563,-2.1860893236023133
688.7960000021849,0.09189664596653717,0.5307734159901363,0.9977520972858147,2.3694557520614636,-2.1851269576856036
697.1959999937098,0.09284967514189138,0.5298524583041262,0.9968424319323261,2.3717167991998593,-2.1829376529198834
705.5960000143386,0.09259861043741831,0.5302166098687748,0.9972589176130334,2.3708126232068047,-2.183175143294496
713.9960000058636,0.09265848663342169,0.5302438878098131,0.9970237641672306,2.370759723253595,-2.1828296916627843
722.3959999973886,0.09256936983612132,0.5301520250459104,0.9972924851591454,2.3709861520703845,-2.183511648444041
730.7959999889135,0.0928165379263329,0.530563209645452,0.9977142885136916,2.369984866345807,-2.1812211164410593
739.1960000095423,0.09274263839100047,0.5302948719259266,0.9963029410118106,2.370523489153218,-2.1821281753669757
747.5960000010673,0.09265749078281357,0.5307383405967088,0.9969785780150432,2.36947859282611,-2.1814228386413035
755.9950000140816,0.0924740026426151,0.5302188894401649,0.9970628146152367,2.3707999362094316,-2.183767584975818
764.3950000056066,0.0924706196142111,0.5308845975991359,0.9972383019355158,2.3691767984433945,-2.1820227818097027
772.7949999971315,0.09211295015504657,0.5302988505486432,0.9973385999485707,2.3706268481180914,-2.1853509546548087
781.1949999886565,0.09216966502923114,0.530557733613351,0.9975656337371963,2.3700417882378333,-2.1844501740781914
789.5950000092853,0.09179572413490211,0.5305514371507694,0.9973786350031847,2.3699741513721517,-2.1861790532159615
797.9950000008103,0.09167216450015028,0.5303998377058328,0.9974036298507647,2.3704313710054667,-2.187312450167799
806.3949999923352,0.09199319013533795,0.5299238551191146,0.9972542303066152,2.371602885662514,-2.187025633991092
814.795000012964,0.09148948285696931,0.5303686857102654,0.9978104369882145,2.37051760436185,-2.1883069022333608
823.195000004489,0.09188580135782898,0.5299979073203128,0.9971197682198235,2.3713931575008385,-2.187313497245922
831.5949999960139,0.09115633839549701,0.530432711213114,0.9971556872218132,2.3702690275403215,-2.189641580276544
839.9949999875389,0.09163119698008648,0.5298503433200359,0.9974001282622599,2.3717826112407248,-2.189002747575043
848.3950000081677,0.0888234323809856,0.5279992373237087,0.9965680008005683,2.376244770285614,-2.208044099930473
856.7949999996927,0.08339335373536061,0.5225695895864323,0.9961701245494401,2.3897057402066646,-2.2531837281055407
949.1939999861643,0.0714402623796456,0.5188240680577717,0.9972665384407393,2.399140294782033,-2.3366503851247753
957.5940000067931,0.07112731640213807,0.5188789536941983,0.9918481134545907,2.398860148234361,-2.3381200370105906
965.993999998318,0.07082755594303851,0.5189842158809161,0.9981792165406377,2.398608097794616,-2.339602619129818
974.393999989843,0.0715730316613488,0.5178438553856991,0.9785852816410274,2.4017028649885956,-2.3399908813190993
982.7940000104718,0.06968869763238335,0.5192296179773299,0.9974293177065832,2.398037004390076,-2.345895950422274
991.1940000019968,0.06985006993108103,0.5193999261003204,0.9933111700482904,2.3974636484195213,-2.3438879424250647
999.5939999935217,0.07017987720789379,0.5191824225907966,0.9975447275310295,2.3980211936858593,-2.3427116021757413
1007.9940000141505,0.06929668480515846,0.5198114271901844,0.9979892915291745,2.396431991116167,-2.3457139095544646
1016.3940000056755,0.06955353346514066,0.519704715991981,0.9956174607672321,2.3967540240649474,-2.344627060483285
1024.7939999972004,0.07023690609440454,0.51824556195294,0.9968835378225882,2.400388945673336,-2.346233607375848
1033.1939999887254,0.06954962471211985,0.5144089804753101,0.9964564960122919,2.4104657455786107,-2.3680344028046543
1041.5940000093542,0.06971658060645458,0.5132862144494557,0.996987986459485,2.413388055346016,-2.3721313578206127
1049.9940000008792,0.06912474453714532,0.5134882399711638,0.9978467644704184,2.4129222561854524,-2.3753215978420887
1058.3939999924041,0.0692656222126459,0.5140743229265492,0.9971914605531805,2.4113184533774485,-2.371457971593703
1066.794000013033,0.07005490175299914,0.5134307879527783,0.9975151302584836,2.4130764139965644,-2.369306255833983
1075.194000004558,0.06960410198588604,0.5138546296353393,0.9977930904521546,2.4120159085368464,-2.3704577276849412
1083.5939999960829,0.06978426824631061,0.513544570577616,0.9972712899277401,2.412740695802723,-2.3705185965352413
1091.9939999876078,0.06956285472723991,0.5141901176745407,0.9974920766001826,2.4110818584710083,-2.3690527696736337
1100.3940000082366,0.07039499315539963,0.5139758093013225,0.9971109555877612,2.4116001189597136,-2.364394650514098
1108.792999992147,0.07073517268880289,0.5141032922973265,0.9970836636294907,2.4112731443103863,-2.361561707473634
1117.1930000127759,0.07139762078598384,0.5137886335605513,0.9968892699542385,2.4120947000774104,-2.358615097598757
1125.5930000043008,0.07149846529988854,0.5139911665732216,0.9967254214144768,2.411526602565098,-2.3569541117687094
1133.9929999958258,0.07120927460761468,0.514969854066794,0.9967683802351531,2.4088856720757255,-2.3542749067456974
1142.3929999873508,0.07166724944546718,0.5144532973181126,0.9966343907223723,2.4102576977575647,-2.3536442674360223
1150.7930000079796,0.07128041629700413,0.5149184396330522,0.9960679829878153,2.4089223903791157,-2.353846924692758
1159.1929999995045,0.07184002213662133,0.5153867977316993,0.9965348511314349,2.407764335241429,-2.3482653435023524
1167.5929999910295,0.07204313783687973,0.5154080645526055,0.9964858227350161,2.4077466634521234,-2.3469369290293494
1175.9930000116583,0.07280303131299419,0.5147469572981652,0.995778312490397,2.4094039607167645,-2.3448154928230482
1184.3930000031833,0.07265576110895022,0.5153906556766652,0.9958616224818647,2.4076540150979646,-2.342813556890276
1192.7929999947082,0.07322995887056835,0.5160648133249284,0.9965009167464205,2.405984037870021,-2.3364325022193735
1201.1929999862332,0.07312077495024258,0.5157082325543363,0.9965869411780987,2.406896885050958,-2.3386179429383813
1209.593000006862,0.0732722987930619,0.5163002007187301,0.9960114123441021,2.4052831651499322,-2.3349960790756374
1217.992999998387,0.07371915728999792,0.5162403030408034,0.9958399781670365,2.40542560273681,-2.3324171725969522
1226.392999989912,0.07437071792759635,0.5158638820537065,0.996004443194271,2.4064440930048847,-2.3299975244405773
1234.7930000105407,0.07486712987521597,0.5161429315971344,0.9960190314101885,2.405663086831116,-2.325638794243401
1243.1930000020657,0.07501062920991153,0.5159931132528204,0.99498735447102,2.406020819612497,-2.3253111392845685
1251.5929999935906,0.07508268641958518,0.5163801702539026,0.99490907381526,2.405005766028293,-2.3232483660391012
1259.9930000142194,0.07525043799050488,0.5166838688469118,0.9958002334223568,2.404262083378943,-2.321052814084976
1268.3930000057444,0.07537744666640211,0.517099634778264,0.9949890823453071,2.4031171676664798,-2.3184588227895198
1276.7919999896549,0.07599052732020609,0.5164542003335626,0.995179600540605,2.4048548570942305,-2.3174466539398515
1285.1920000102837,0.07656506236818199,0.516858943939613,0.995978744049054,2.4038271203610164,-2.3123606352648367
1293.5920000018086,0.07699948134048977,0.5169648884007909,0.9960614161524165,2.403573421978197,-2.309352105560619
1301.9919999933336,0.07740904916042331,0.5171442800427111,0.9954304808130504,2.4030450359577675,-2.30606676916903
1310.3920000139624,0.07765041190945912,0.5168637720028154,0.9957618464217864,2.403814002821488,-2.3058011140583274
1318.7920000054874,0.07812739772842861,0.5169110403770215,0.9948970656205919,2.4036431474392987,-2.3026767727052673
1327.1919999970123,0.07863077680652805,0.5169083096608429,0.9949802782727656,2.4036466381192394,-2.299686027487885
1335.5919999885373,0.07898105081231135,0.5172004042249678,0.9947281268030469,2.402860344217624,-2.296430639884462
1343.992000009166,0.07979950805063832,0.5167629334975491,0.9955505399593099,2.404048082420825,-2.293385647010782
1352.392000000691,0.07998220980647677,0.5166881147786356,0.9939959012927185,2.4041698482232405,-2.292471503462455
1360.791999992216,0.080728610030304,0.5167259372818724,0.9952157902310266,2.4041209688917067,-2.2880444041437467
1369.1920000128448,0.0804501551926938,0.516840035275138,0.9950639700285445,2.4037738838609575,-2.2891475660193175
1377.5920000043698,0.08163700849066072,0.5168257427823315,0.9945497087955708,2.403800828616589,-2.282286782609212
1385.9919999958947,0.08180012838826904,0.5166287003939918,0.9942288340786627,2.404343762808993,-2.28213601275591
1394.3919999874197,0.08213639684450955,0.51659032479405,0.9950015017113867,2.4045055407222944,-2.2804439802661625
1402.7920000080485,0.08214669457676767,0.516749815335735,0.9938654390217662,2.404023585220713,-2.2796732203758587
1411.1919999995735,0.08318752477460131,0.515869883127131,0.9938736131239762,2.406351634372899,-2.277031629003697
1419.5919999910984,0.08316244745829424,0.516610542335967,0.9935317110838986,2.404357307630895,-2.2743130144621597
1427.9920000117272,0.08339263390890946,0.516196369515733,0.9932088577072228,2.405435935760746,-2.2745293308831704
1436.3920000032522,0.08371727543153148,0.5165378084328921,0.9936463484852773,2.4045411255820843,-2.2714063857021096
1444.7919999947771,0.08373568780160472,0.5163725484621304,0.9940359654283103,2.4049770724127852,-2.271918774577478
1453.1910000077914,0.08403459091683825,0.515976404955936,0.992453840802343,2.4059620804922845,-2.271594855255086
1461.5909999993164,0.08484690010556602,0.5154767660562077,0.9935338872212873,2.407377321999117,-2.2689967618241416
1469.9909999908414,0.08449647252959291,0.5163108492812643,0.9922514039240196,2.4050787976449115,-2.2677221876526943
1478.3910000114702,0.08501398383806738,0.5166209944644272,0.9933998590722168,2.4043024903695898,-2.2637260248477937
1486.7910000029951,0.0850947424737332,0.5162536755676238,0.992140435144653,2.4052437147625505,-2.2645744075218963
1495.19099999452,0.08513616309110077,0.5165274306980912,0.9932893795919292,2.404545829580225,-2.263375745236975
1503.591000015149,0.08516615344238847,0.5172132350073073,0.9928065816166354,2.4027097516767393,-2.2606592561267624
1511.9910000066739,0.08545899684004352,0.5166863185008631,0.9925414165472756,2.404085662859404,-2.260914011572852
1520.3909999981988,0.08584201451918885,0.516744904139318,0.9933283246276116,2.4039391598541062,-2.2585713683486635
1528.7909999897238,0.08557819147798984,0.5172110631688784,0.993164399548104,2.402718633838258,-2.258370916102414
1537.1910000103526,0.08636349523582529,0.5174509888290774,0.9933345154706344,2.402151762763791,-2.253254454451978
1545.5910000018775,0.08641879797327157,0.51697746476286,0.9924123081991874,2.4033451342406416,-2.25455312621437
1553.9909999934025,0.08681759277973722,0.5169588767312182,0.9922123110543586,2.403360141437941,-2.25235458156931
1562.3910000140313,0.08710207252204878,0.5172393936041642,0.993599059865605,2.4027162430054756,-2.2499403293220057
1570.7910000055563,0.08693217815015206,0.5174246194805074,0.9934362793329972,2.4022093803348055,-2.2501894444820074
1579.1909999970812,0.08726132086337302,0.517631003695125,0.9925086687014618,2.4016430974171654,-2.247614646881474
1587.5909999886062,0.08725890015262908,0.5179271336630362,0.9928683431809467,2.400851882001151,-2.2465692919277087
1595.991000009235,0.08765793170586864,0.5180930307236524,0.9939327559509746,2.400483389066848,-2.243919024204724
1604.39100000076,0.08773754290582732,0.5174992419488961,0.9922672471857332,2.402006239831544,-2.245494129836301
1612.790999992285,0.08796844782243092,0.5183280013843728,0.9921788725728696,2.39984395193222,-2.2413809533238926
1621.1910000129137,0.08845418848035429,0.5177327288126482,0.9923991557694933,2.4014214211238625,-2.240820748730429
1629.5899999968242,0.0882345672896208,0.518538962682783,0.9929870806390434,2.3993418211626176,-2.2392949061804575
1637.9899999883492,0.08803499282384522,0.5185025307676672,0.992894557062891,2.3994248695033438,-2.2404807476120827
1646.390000008978,0.0881858563923906,0.5184858255409446,0.9930293314523407,2.399471137865862,-2.239724848261457
1654.790000000503,0.08842588859541536,0.5188540207921641,0.9927012229040152,2.3984948879852848,-2.237152953450442
1663.1899999920279,0.08815302757624588,0.5185621701090184,0.9923364295164425,2.3992705413143214,-2.239640112775388
1671.5900000126567,0.0885128910588473,0.5189124137676357,0.9929987926656438,2.398376167065834,-2.236539600915371
1679.9900000041816,0.08842441366493689,0.5190164031866847,0.992266834396593,2.398068548849852,-2.236607500953955
1688.3899999957066,0.08876757367695598,0.519306253537682,0.9925398362582077,2.3973771111919087,-2.2338899284477316
1696.7899999872316,0.0887575364359047,0.5190538650312766,0.9916476656051871,2.3979773625025786,-2.234700810182595
1705.1900000078604,0.08846397117556082,0.5194575365996423,0.9931448548665605,2.3970213906281828,-2.2350706442100035
1713.5899999993853,0.08921574187366339,0.5190042952470071,0.9919184422085642,2.3981360711738677,-2.232456881410266
1721.9899999909103,0.08903150177793603,0.5194279427429123,0.9924206117750457,2.397075645802146,-2.232095107278021
1730.390000011539,0.08951312870993985,0.5190204324064213,0.9921570988746167,2.3981103531919414,-2.230838363685553
1738.790000003064,0.08892224190104159,0.5203785998718068,0.9927557513767333,2.394646503089808,-2.2295951698223475
1747.189999994589,0.08863925658418967,0.5199476335147735,0.9925706254322505,2.395780443635334,-2.2325496184870217
1755.5900000152178,0.08903037279304202,0.5200906946395518,0.9926313508795792,2.3954115083932965,-2.2299958052595716
1763.9900000067428,0.08852005833977392,0.5209215168156442,0.9927296683251473,2.3932567939619154,-2.22997589219686
1772.3899999982677,0.08925564543059288,0.5193029512642513,0.9917937429489718,2.3974361586452217,-2.2313684048906772
1780.7899999897927,0.08905838751030667,0.520262959768275,0.9921379325977018,2.3949817036063785,-2.2293064732691463
1789.1900000104215,0.08955515093510913,0.5200249766634757,0.9936631717167729,2.395640466472351,-2.2275147546674465
1797.5900000019465,0.08910245895753795,0.5200266528049203,0.993407590860477,2.3956587194426655,-2.2299487006166787
1805.9890000149608,0.0891759472802045,0.5204593070684502,0.9933731672166313,2.394522364306505,-2.228115527486062
1814.3890000064857,0.08898721774841159,0.5206865968068266,0.9937726019343853,2.3940023931189205,-2.2284787829908286
1822.7889999980107,0.089080279440702,0.5207000696244437,0.993087730025639,2.393905562162886,-2.227846277879796
1831.1889999895357,0.08900623253863031,0.5208516005516536,0.9926375379899475,2.393482152637782,-2.2276961845063
1839.5890000101645,0.08859070070517996,0.5206958158616132,0.9933764683832162,2.3939372795064267,-2.230489478319423
1847.9890000016894,0.08914435195177992,0.5208225757228109,0.9930071167276588,2.393622196749207,-2.2271598502373235
1856.3889999932144,0.08870108990319699,0.5212392931602698,0.9929556558465127,2.392527730255973,-2.228123115833574
1864.7890000138432,0.0888660136601093,0.521397035193245,0.9939024074455709,2.392203683656581,-2.2268681966247024
1873.1890000053681,0.08861797746499711,0.5210321575256864,0.9931904349135801,2.3930820889516142,-2.229267148856699
1881.588999996893,0.08887642499533151,0.5209087699160682,0.9925066691302608,2.3933791524320407,-2.2282662401085194
1889.988999988418,0.089053531704318,0.5214497203897994,0.9931528119107572,2.3920527883613136,-2.225686009500499
1898.3890000090469,0.08875527742236233,0.5216973487716084,0.99317415551714,2.391408232779148,-2.2264505995607076
1906.7890000005718,0.08891240337893525,0.5212928263199219,0.9928611821570904,2.3924279046287094,-2.2268917277249254
1915.1889999920968,0.0883982290365041,0.5218197915120202,0.9935061582131492,2.3910859783639347,-2.227929054590353
1923.5890000127256,0.08876184511176533,0.5214983169236247,0.9927558379892546,2.391950993486757,-2.227103859525108
1931.9890000042506,0.08833295057581267,0.5218331011939241,0.993414364869198,2.3910996503027793,-2.2283047035927237
1940.3889999957755,0.0883780225961738,0.5216873435129477,0.9920262694300378,2.3914135862067836,-2.2284430220362985
1948.7889999873005,0.08868264976852078,0.522332291340511,0.9937156221359341,2.3898503341672943,-2.2249126579965535
1957.1890000079293,0.08867095913845269,0.5219083636233378,0.9929343725753803,2.390938328295937,-2.2263287291758425
1965.5889999994542,0.08877692930036707,0.5219725052145904,0.9932463837098041,2.3907694335642455,-2.2255589720526774
1973.9880000124685,0.08894732442163197,0.5215787928887936,0.9926894600531744,2.3918116811572063,-2.2259703923623166
1982.3880000039935,0.08879173550084012,0.5223297697844569,0.9918106865712404,2.389765931579526,-2.2242091190669093
1990.7879999955185,0.08858423536055735,0.5222581048511125,0.993445166520553,2.390079324729994,-2.2257257364328615
1999.1879999870434,0.08876366051092761,0.5223739620307438,0.9940766273657848,2.3898221611257813,-2.2244749322500987
2007.5880000076722,0.08875039081487594,0.5223595741605727,0.9935687395983275,2.389839967057315,-2.224561197240038
2015.9879999991972,0.08885865539146902,0.522412892420838,0.9927284919942312,2.3896825455097743,-2.223792056420309
2024.3879999907222,0.08868761550320006,0.5224294758842646,0.9938845304177983,2.38966530578258,-2.224675367634977
2032.788000011351,0.08898958813205038,0.5230198100153798,0.9933646330213923,2.3881542790312995,-2.2212300197996604
2041.188000002876,0.08879682399469671,0.5229014649922274,0.9932433982784531,2.3884563694529204,-2.2226082921775623
2049.587999994401,0.0888126734861224,0.523054545046338,0.9944425412824772,2.388123442231212,-2.222132519042639
2057.9880000150297,0.088975818120457,0.5229271639294015,0.9940941813310594,2.388465621695269,-2.22170601435358
2066.3880000065546,0.08903688501518925,0.5233464546573309,0.9939055393393637,2.3874179645674087,-2.2201097068118636
2074.7879999980796,0.08899924054224266,0.5230948777250732,0.9937991682671641,2.38806699033153,-2.2211028139849818
2083.1879999896046,0.08831157087053407,0.523559509190602,0.9941627949377057,2.386848653060451,-2.2231864570595365
2091.5880000102334,0.08842140233702214,0.5234988925715599,0.9943654468848866,2.3870548172177055,-2.2228813595485892
2099.9880000017583,0.08849816929861642,0.523706516856192,0.9943821710912933,2.3865285595059746,-2.221835756514951
2108.3879999932833,0.08839977331398892,0.5234277051702074,0.9942945077033492,2.3872452270146365,-2.2232311670453893
2116.788000013912,0.08856858624900835,0.5241207231375974,0.9945175461876946,2.3854406177131944,-2.2201301160247033
2125.188000005437,0.08840810574380598,0.5240407640134722,0.9944472400106679,2.385709443116697,-2.2213119492959144
2133.587999996962,0.08820611348913436,0.5240796057166704,0.9942583840979609,2.385577839924582,-2.222193215788022
2141.987999988487,0.08869597636489672,0.5241618169948028,0.9934153486194495,2.38534296927937,-2.2193518211955476
2150.3870000015013,0.08859353556451861,0.5242970792810354,0.9942470682729172,2.385026300343593,-2.2195063837849265
2158.7869999930263,0.08841728496224813,0.5246639362463682,0.9942408245677371,2.3841178759248036,-2.219324047628937
2167.187000013655,0.0882721223814035,0.5246597208879019,0.9945227596748831,2.3841368933639653,-2.2201023425203816
2175.58700000518,0.08786543616969986,0.5250538439213117,0.9944775709626578,2.3831571854438858,-2.221027764056146
2183.986999996705,0.08835413158591061,0.5247584410515065,0.994181451366292,2.3839093732518846,-2.219407733390333
2192.38699998823,0.08854646480111636,0.5246263174340811,0.9944091678394243,2.3842691086244723,-2.2188546559533124
2200.7870000088587,0.0879952498795367,0.5257622815973546,0.9946029137826622,2.3813929336189785,-2.218230263206438
2209.1870000003837,0.0879988401489337,0.5258319454578405,0.9945533355506083,2.3811879317806213,-2.217956248957222
2217.5869999919087,0.08836264889403819,0.5256635912049478,0.9946420622174631,2.381681223151925,-2.216694203256945
2225.9870000125375,0.08801550670507048,0.5262445224034626,0.9945620195868056,2.3802030271754444,-2.216705517633249
2234.3870000040624,0.08833482768421437,0.5262385748484877,0.9944675221913483,2.380230716953071,-2.215101575759699
2242.7869999955874,0.08845262182388662,0.5264116676726615,0.9942883277202025,2.379771404798489,-2.2139434087013568
2251.1869999871124,0.08868742685685102,0.5265972240830752,0.9944090353113394,2.3793100217869885,-2.2121965872791316
2259.587000007741,0.08894201998377352,0.5264189115657057,0.9947328236336294,2.379797843314622,-2.2114850880218455
2267.986999999266,0.08875779564559724,0.5262841159898333,0.9941509698893682,2.3800825788906383,-2.212747499666906
2276.386999990791,0.0888377739066252,0.5265045270811131,0.9948509358334563,2.379643926145205,-2.2118541503810776
2284.78700001142,0.08902019665201558,0.5263467357087618,0.9942030859507853,2.3799618368699464,-2.211274430133784
2293.187000002945,0.08894719475289561,0.5264112576836721,0.9942707185217088,2.3797691873159312,-2.211410268922997
2301.58699999447,0.08924868797775894,0.5265395189238438,0.9940075260166806,2.3794769522830532,-2.2095374686479707
2309.9870000150986,0.0888903677822249,0.5272171208277596,0.9941472282754482,2.377719025404581,-2.2092783724216454
2318.3870000066236,0.08901539898802797,0.5271825745861942,0.9942942912830152,2.377903954891246,-2.208889930034706
2326.785999990534,0.08885162610930308,0.5272623149240871,0.9944872235742166,2.377671254226838,-2.209439313735384
2335.186000011163,0.08885762715619876,0.5273814330815838,0.9946799518459531,2.3773990256751305,-2.2090979565019384
2343.586000002688,0.08890628656968716,0.5271985887627646,0.9939908140237744,2.377828687563852,-2.2093453794325466
2351.9859999942128,0.08955915743717693,0.5269170574452456,0.9947077372723098,2.378586150307264,-2.206933175445334
2360.3860000148416,0.08913759293650134,0.5267350844044214,0.994388787703693,2.378983336142217,-2.2095218690595564
2368.7860000063665,0.08892904219037465,0.5274959992950752,0.9943954471060908,2.3770357368245176,-2.208287272315398
2377.1859999978915,0.08924124744104027,0.5270287492050807,0.9934356316832883,2.3781998699104263,-2.208062155143815
2385.5859999894165,0.08871833236081432,0.527329078253585,0.9938666613290976,2.3774303049901544,-2.209811678857156
2393.9860000100452,0.08936022468978119,0.5259802209052536,0.9939476926827192,2.3808700752034273,-2.2106075269578698
2402.38600000157,0.09015125812352051,0.5240886859031282,0.9942493342634949,2.3856857110549554,-2.212293121464273
2410.785999993095,0.09014529843800725,0.5237812194898197,0.99450862072526,2.3864977330709305,-2.2133069076340264
2419.186000013724,0.09040058232078829,0.5240348420734859,0.9945013578485912,2.38587997991044,-2.2112606516742086
2427.586000005249,0.09004471456856997,0.5238666243651653,0.9943357700129924,2.3862666233088357,-2.2135435343491463
2435.985999996774,0.08976041291399177,0.5238301924268501,0.9941390094648873,2.3863058389543106,-2.2150421997626464
2444.385999988299,0.08966915710623517,0.5237007678843341,0.994934477952941,2.3866849737004237,-2.2159864037994836
2452.7860000089277,0.08926827028936017,0.5238390676017277,0.9943593339164326,2.386267227780281,-2.2175369306720314
2461.1860000004526,0.08945765598050456,0.5236349850020876,0.9945566393724419,2.386813488440033,-2.217225946836738
2469.5859999919776,0.08920869583644535,0.523872700750186,0.9943692832075943,2.386154327601008,-2.2177007118870224
2477.9860000126064,0.08930408305481548,0.5238858073181499,0.9937555843907286,2.386106165935095,-2.2171438414790465
2486.3860000041313,0.08938648686977935,0.5233504142044644,0.9939488796547439,2.3874578339812156,-2.218354991347639
2494.7859999956563,0.08910318286926806,0.5233801729981746,0.994540963872206,2.3873981600493264,-2.219759704376337
2503.1850000086706,0.08942450939578031,0.5233668463976484,0.9939068726812321,2.387418172033839,-2.2181098979196316
2511.5850000001956,0.08899122247304839,0.5232713227273156,0.9945233644777745,2.387663698339386,-2.220663955814323
2519.9849999917205,0.08931987540742767,0.5228199622531275,0.9944621912887426,2.3887595536851274,-2.2202772468633722
2528.3850000123493,0.08929931795005767,0.52332400371104,0.9935706951179867,2.3874445647596088,-2.218768295517292
2536.7850000038743,0.08935253631010616,0.5231074013572714,0.9937224006183649,2.3879894747118593,-2.2191543261718825
2545.1849999953993,0.08955504066378595,0.5225760603425837,0.9944978602555291,2.3893205528359847,-2.219720974467548
2553.5849999869242,0.08951269578633507,0.5226460746507066,0.9935392172686607,2.389166530161908,-2.2197600959902792
2561.985000007553,0.08963868067761123,0.5221453816073496,0.9936242396140329,2.3904103168820665,-2.2206195209339663
2570.384999999078,0.08934516834345718,0.5225021346411953,0.9938672637685377,2.3894929778681364,-2.2210231180563706
2578.784999990603,0.08955864594400662,0.5222677925891351,0.9931675761879789,2.3900610806177824,-2.220597733267224
2587.1850000112318,0.08929069847609039,0.5222756275013876,0.9935731422307627,2.3900588418818014,-2.2220010073635996
2595.5850000027567,0.08975645151461845,0.5221681516609306,0.9935534470238425,2.3903314289193967,-2.2199015379801326
2603.9849999942817,0.08951744100666889,0.522002950674251,0.9938767317467682,2.3907619962971873,-2.22168336810077
2612.3850000149105,0.08941330364474682,0.5220608708201946,0.9942726850293415,2.3906253072542563,-2.22206316852179
2620.7850000064354,0.08960499488300062,0.5219448543841295,0.993978420790581,2.3909119918076596,-2.221410532375508
2629.1849999979604,0.08961947964976602,0.5218889036998453,0.9931965207872794,2.3910158300119257,-2.2214516269386992
2637.5849999894854,0.08940922867857815,0.522252879476901,0.9941837217445806,2.390113052506117,-2.2214466131033137
2645.985000010114,0.08926629096491254,0.5217736570829093,0.9937751188116651,2.3913255537788882,-2.2236909537050944
2654.385000001639,0.08963535183620497,0.5215159007845351,0.9935375360538085,2.391951290025273,-2.222519556865546
2662.784999993164,0.08936177076009795,0.52186754469014,0.9938467955999738,2.391068470904936,-2.222866443380751
2671.185000013793,0.08934270243667708,0.5219710517263281,0.9944570233108465,2.390856800674321,-2.2227196830568907
2679.5839999977034,0.0892677224820119,0.5214681342666778,0.993710022545807,2.3920978176147445,-2.2246403158289216
2687.9839999892283,0.08915686520077148,0.5217487283802253,0.9937440503817748,2.391368436378918,-2.2243131841436514
2696.384000009857,0.08883795151178005,0.5214621688408784,0.9931667591805285,2.3920458747306554,-2.2268214714030083
2704.784000001382,0.08872889630513665,0.5217013753514239,0.9938738152873279,2.39149994577968,-2.2267334519292397
2713.183999992907,0.08863816968890355,0.5216829249369691,0.9934388769369983,2.391487368167799,-2.2271792812737683
2721.584000013536,0.08923943718691554,0.5213465600038701,0.9939867955203973,2.3924116350954234,-2.2251809301299574
2729.984000005061,0.08875027284504125,0.5217305076511047,0.9940453619155248,2.391428616332584,-2.2265325639639535
2738.3839999965858,0.0888055166894203,0.5216318067331516,0.9941988348803648,2.3917157608216435,-2.2266097136077336
2746.7839999881107,0.08853438052564755,0.5218877655109369,0.9937742710499523,2.391054000231033,-2.227211240063338
2755.1840000087395,0.08884550774382757,0.5218423406866023,0.9941276649044564,2.391143602651949,-2.225675689448544
2763.5840000002645,0.0888188293562587,0.5221186831277015,0.9942141095347204,2.3904669063840576,-2.224982929169525
2771.9839999917895,0.08902095165984161,0.5217893539758374,0.9931719443142072,2.391234501306132,-2.2248527908257443
2780.3840000124183,0.08901413103910212,0.5217563367709946,0.9939013369696496,2.3913896171794944,-2.2251018378568252
2788.784000003943,0.08946857190536832,0.521462808865818,0.992939616527195,2.3920898386275224,-2.2235679576704426
2797.183999995468,0.08920844649845341,0.5214051297820466,0.9942325180590943,2.3923207496489063,-2.2252476738618716
2805.583999986993,0.08904615862491623,0.5217468897762756,0.9934014953970355,2.391386699614488,-2.2249219479659113
2813.984000007622,0.08950048720773625,0.5212717378267342,0.9937979568589829,2.392655557200732,-2.224125046072371
2822.383999999147,0.08895068112382472,0.521554891595042,0.9941589040974455,2.39192160096181,-2.2261037849597853
2830.783999990672,0.08913198757465626,0.5214653421392499,0.9940537098007971,2.3921699423186906,-2.2254634417312027
2839.1840000113007,0.08909551426870452,0.5215193728894483,0.9941792071271531,2.392043026602533,-2.225500613632065
2847.582999995211,0.08909040209671319,0.5217228925519077,0.9942039253279333,2.391500368045034,-2.224845508592339
2855.982999986736,0.08931476414333143,0.5215714270490392,0.9936021514210915,2.3919033401918277,-2.2241708339654043
2864.383000007365,0.08925067891368901,0.521895568055804,0.9942547014432204,2.391069310258493,-2.2234710880283037
2872.78299999889,0.08924486549655164,0.521535510812281,0.9942918157104988,2.3920347086323055,-2.2247131680810366
2881.182999990415,0.08881134268439679,0.5217864486313963,0.9945278903219936,2.3913828498598297,-2.226181415580891
2889.5830000110436,0.08901799494269405,0.522205092710577,0.9944393076173231,2.3903440370736346,-2.22381268211227
2897.9830000025686,0.08890754088242847,0.5217348730578479,0.9948047803151421,2.391562988190738,-2.225912916472839
2906.3829999940936,0.08905028004425582,0.5217806343512803,0.9937414967509911,2.3914309268639533,-2.2249925884706845
2914.7830000147223,0.08918277343747168,0.521918384123516,0.9951549552966664,2.3911727351221863,-2.224002149106206
2923.1830000062473,0.0887197821375679,0.5222427346388254,0.9948661569425656,2.3902901397162037,-2.225324414578083
2931.5829999977723,0.08879955675556009,0.5218406714495536,0.9947239773299742,2.3913107951093866,-2.226172757620393
2939.9829999892972,0.08869221749456377,0.5225604274782187,0.994841591086516,2.389492509868336,-2.2244838365115718
2948.383000009926,0.0886841995686237,0.5222282006501182,0.9946705675948644,2.390345139160851,-2.2255850382456246
2956.783000001451,0.08891703880078534,0.5222115380682497,0.9951912512182383,2.3904665105332388,-2.2245344703632415
2965.182999992976,0.08891704681225825,0.522528168324028,0.9949547085827017,2.3896225853834934,-2.2234794332041465
2973.5830000136048,0.08880664956871395,0.5222246907705242,0.9935180370426456,2.3903428204920636,-2.224935099526781
2981.9830000051297,0.08841670679412558,0.522647685671644,0.9938280660168197,2.389240427088113,-2.2256095157385105
2990.3829999966547,0.08915231727992046,0.5221637169109292,0.9953091659783442,2.390660338607609,-2.223559910383343
2998.7829999881797,0.08909122414409616,0.5226751781377881,0.9950148431286756,2.3892809010380898,-2.2221556683569177
3007.1830000088084,0.08909358028860978,0.5230966954047205,0.9947396486752231,2.388265822938128,-2.220913576059599
3015.5830000003334,0.08947848158147664,0.5225972686637188,0.9948967353093103,2.3895188590883647,-2.220436107569423
3023.9820000133477,0.08898751892308798,0.5225849574124386,0.995395414870674,2.3896526755381537,-2.2231978120482254
3032.3820000048727,0.08869678021715108,0.5228548412951739,0.9949867472460747,2.388873361699082,-2.223732609892226
3040.7819999963976,0.08929622653488636,0.5224316760144082,0.9951935218204132,2.3900236634903824,-2.2220330587300365
3049.1819999879226,0.08910921407660322,0.5232234091258656,0.9946499258225193,2.3879117465020894,-2.2203893686875897
3057.5820000085514,0.08899608167164948,0.5229017432973778,0.9946979817513716,2.388773224923802,-2.2220486675081776
3065.9820000000764,0.08930057864408933,0.5229751695191559,0.9955336457188603,2.388678827324583,-2.220370004564117
3074.3819999916013,0.08900602198061876,0.5227497169791084,0.9956158070856748,2.3892786100593355,-2.222652891559995
3082.78200001223,0.0898406400029483,0.5225613295348915,0.9953509318625595,2.3897504901545186,-2.2188714824911027
3091.182000003755,0.08897968529319744,0.5233721680072558,0.9951230721394435,2.3876193528428287,-2.2207316890343347
3099.58199999528,0.08884951821512281,0.5233498934564347,0.9940813712268868,2.387630274757036,-2.2214103640426783
3107.981999986805,0.08922551514919244,0.5225837045608084,0.9948223025736566,2.3897040375244263,-2.2220289800708493
3116.382000007434,0.08927350942208837,0.5227817238433835,0.9949692898789642,2.3891863342759,-2.2211378395668713
3124.781999998959,0.08941136836035372,0.5226315264328609,0.995204999140733,2.389587765901743,-2.220916094177543
3133.1819999904837,0.08886866985335802,0.5228694087729242,0.9949360895780353,2.3889674449741114,-2.2229866014786004
3141.5820000111125,0.08902782064205601,0.5227240423586832,0.9947948965653289,2.3893289749454643,-2.2225964975106005
3149.9820000026375,0.08921428824964366,0.5228445254849415,0.9952749522774471,2.3890437630629537,-2.2212771287614546
3158.3819999941625,0.08890487519745163,0.5229424811395933,0.9951684526091424,2.3888219533843733,-2.2226297587052652
3166.7820000147913,0.08903184202386213,0.5224537735666536,0.9941872616383362,2.389974169318673,-2.2233587885517627
3175.1820000063162,0.08869998317221164,0.5231280166563391,0.9946209644982432,2.388246003946564,-2.2229624722225587
3183.581999997841,0.08877219636180556,0.5228611162915201,0.9945364927679027,2.388929669516709,-2.223428048183525
3191.981999989366,0.08885015685061229,0.5231776249526972,0.9945933819982214,2.3881181903680258,-2.222019999754163
3200.3810000023805,0.08872621741895532,0.5228544481227482,0.9940994387550744,2.3889405677238384,-2.2236805687886756
3208.7809999939054,0.08855084934923703,0.5226681785535507,0.9950895252539039,2.389423858693771,-2.2252007052588794
3217.181000014534,0.08851673922875722,0.5232810572234117,0.9944998114598517,2.3878722868504614,-2.223465566220907
3225.581000006059,0.08856853657985493,0.5233170871033185,0.9948109851705209,2.387723919695214,-2.2229955331145703
3233.980999997584,0.08859653606840805,0.5233683983034105,0.9949420183577827,2.387610648424225,-2.2227150048293605
3242.380999989109,0.08884270020131577,0.5230746352491285,0.9947905695142986,2.3883647763614837,-2.2223574028505375
3250.781000009738,0.08881659544512015,0.5228823247287055,0.9941844863507153,2.3888413591771744,-2.2230767524057327
3259.181000001263,0.08896623049645687,0.5231732366904358,0.9950999850425878,2.388139259180238,-2.2214427171700657
3267.580999992788,0.08941860453125869,0.5225053321743645,0.9948610227203513,2.389878807341511,-2.2212270689707556
3275.9810000134166,0.08928145376822112,0.5230998264467803,0.9953646127656134,2.388352956552411,-2.2200684020941215
3284.3810000049416,0.08946386491579306,0.5231886779478646,0.9951371654379234,2.3881286735708662,-2.2188454213966553
3292.7809999964666,0.08917779442210402,0.5230661820748569,0.994044601477843,2.38836073425694,-2.2205956605353836
3301.1809999879915,0.08926979243170807,0.5230734421378125,0.994695769139369,2.3883909032218575,-2.2201671211488025
3309.5810000086203,0.08878828659757776,0.5230811247889836,0.9945773558889313,2.3883445452734975,-2.2226158898659167
3317.9810000001453,0.08900908470069355,0.5229109730753787,0.9944410343652694,2.388781612652706,-2.2220002686794498
3326.3809999916703,0.0892901508363301,0.5233265643531351,0.9950629979748173,2.387744232940783,-2.219270365044194
3334.781000012299,0.08895048817714919,0.5235567263477501,0.9951020788544163,2.387138121802915,-2.2202920474289884
3343.181000003824,0.0888623643619006,0.5228986553946161,0.9948227788338058,2.3888426813438604,-2.222851310843964
3351.580999995349,0.08864770092580435,0.523164499505687,0.9944718436005946,2.388108837934052,-2.2230541770614405
3359.980999986874,0.08830791634333375,0.5228964171313584,0.9939078799582364,2.3887221851132585,-2.2255720752333654
3368.3810000075027,0.08754503767272226,0.5226321756579168,0.9946661261325349,2.3894260331091792,-2.230478936739646
3376.779999991413,0.08796519245346728,0.5224265411694727,0.9946351567711007,2.3899311417807563,-2.2288851327563046
3385.180000012042,0.0882357352442483,0.5223103242187608,0.9947425577852528,2.390258853715139,-2.2278756506058617
3393.580000003567,0.08815744775110863,0.5225017698812584,0.9948149702772767,2.389753618853424,-2.2276532164262166
3401.979999995092,0.08788337460759817,0.5228515130144953,0.9937646517633543,2.3887837022016205,-2.227865864315652
3410.379999986617,0.08819059672104057,0.5223782409911448,0.9948501435670919,2.3900507829495763,-2.227843936148129
3418.7800000072457,0.08805025300397525,0.5224480501028785,0.9938495491571524,2.389784445567607,-2.228226125335763
3427.1799999987707,0.08784137929805773,0.5227836375172928,0.9944255727967541,2.388972402295468,-2.2283269645057335
3435.5799999902956,0.0874517346976262,0.5228809969810556,0.993711924352227,2.3886802500855624,-2.2300052968110267
3443.9800000109244,0.08797411947254101,0.5228065419382908,0.9937194499895913,2.3888545823836664,-2.227463446668293
3452.3800000024494,0.08786146153050094,0.5222170838629022,0.9944638350780307,2.390415432836188,-2.2300256775948606
3460.7799999939743,0.08803627645255716,0.5224426396707873,0.9943143044107684,2.389841983721057,-2.228384447854388
3469.180000014603,0.08785164911800987,0.5231062942850883,0.9943656383798148,2.3880884962819984,-2.227154522993734
3477.580000006128,0.08782489824357312,0.5231007054253,0.9942589709920724,2.3880907942524106,-2.227294566454481
3485.979999997653,0.0880012814226605,0.5229686247709797,0.993902161715438,2.388438986437684,-2.226803008342033
3494.379999989178,0.08780202244933273,0.5229607084637842,0.9935579134972169,2.3884159648796968,-2.2278101766624605
3502.780000009807,0.08779836318148355,0.5227494488345367,0.9937589367089121,2.3889213794754425,-2.228449719485924
3511.180000001332,0.08840209660294444,0.5224176325465553,0.9935241943134951,2.3897861831760148,-2.226352410832441
3519.5799999928568,0.08823450966878292,0.5228121838149806,0.9947374670353887,2.388831136832319,-2.2260619776920847
3527.9800000134856,0.08788679768705485,0.522990138882454,0.9936892812630698,2.3883307818711264,-2.227255042514358
3536.3800000050105,0.08805528579350001,0.5228619057381296,0.9950009601195553,2.388731620572387,-2.2268886373684085
3544.778999988921,0.08824971645866268,0.522253712380911,0.9930311673121177,2.390145930369243,-2.2275863947723114
3553.17900000955,0.0876252556203621,0.5231005846314859,0.9933217437642249,2.388002457366603,-2.2282093173994246
3561.5790000010747,0.0882474414797616,0.5225574836796661,0.994127007982351,2.3893775939034385,-2.2266429537745815
3569.9789999925997,0.08789272401167106,0.5227574516585207,0.9933715044740288,2.3888505612547455,-2.227849379967602
3578.3790000132285,0.08740501145961374,0.5231647780888273,0.9936897127623907,2.3878265972047577,-2.229146883264297
3586.7790000047535,0.08745293762786285,0.5231352946121783,0.9937616268868849,2.387865060419404,-2.228931454687852
3595.1789999962784,0.08757148954279029,0.5233599584579448,0.9946665440595975,2.3873320878069633,-2.2276555174394925
3603.5789999878034,0.08791088242271528,0.5229515204665429,0.993448207067844,2.3883510097552927,-2.2271306003646023
3611.979000008432,0.0873061733965809,0.5231360505008069,0.9939608385379288,2.3878658607214627,-2.2297071343284474
3620.378999999957,0.0875944640403187,0.523233586763057,0.9934883364852134,2.3876161986193973,-2.2278767307903258
3628.778999991482,0.087467690616345,0.5232709287956065,0.9934599498663236,2.3874792013378134,-2.2283610901216635
3637.179000012111,0.08741780218946645,0.5234878300548655,0.9941435927085672,2.386968411717389,-2.228000526909564
3645.579000003636,0.08718290600748002,0.5236771456859917,0.9947696492260132,2.386499242076434,-2.228656554918583
3653.978999995161,0.08746085419516678,0.5231835879536542,0.9935843957758258,2.387705702132901,-2.2286803826090504
3662.378999986686,0.08759588943552447,0.5234244189022305,0.9944265385229131,2.3871058018588434,-2.227227958173673
3670.7790000073146,0.08719126007604006,0.5232544706413018,0.9939336214783736,2.3875219741121256,-2.2298713238091814
3679.1789999988396,0.08707542437871227,0.5233473755267375,0.9941197130945804,2.387295613412219,-2.230202676057718
3687.5789999903645,0.08729264840329413,0.5238123316589544,0.9946043589445815,2.3861348349193086,-2.2276211755303796
3695.9790000109933,0.08739575353033366,0.5238428295069177,0.9934950648558032,2.385988885519517,-2.2268789149960315
3704.3790000025183,0.0874912436666297,0.5230407089015773,0.9937862854561897,2.3880482938222607,-2.228941117711229
3712.7789999940433,0.08762854951622163,0.5232770487852965,0.9938331804783067,2.3874166591638444,-2.2274232808477
3721.1780000070576,0.08742830005580035,0.5225512870655821,0.9939922002468777,2.3893065352740805,-2.230851369836463
3729.5779999985825,0.0872410324995454,0.5229572501237509,0.9924923848415117,2.3881922796187847,-2.230421203283346
3737.9779999901075,0.08743088918778028,0.5234893431953059,0.994616261984993,2.386867892066515,-2.2277782469387932
3746.3780000107363,0.08767322078644053,0.5224192655920508,0.9940843386815849,2.3895999171546074,-2.229911310797858
3754.7780000022613,0.08719167355455752,0.5230994365350472,0.9934865597268011,2.387853458594095,-2.2302647559502065
3763.177999993786,0.08750145886084866,0.5231651474276577,0.9939669707476249,2.387685742709553,-2.228421953651309
3771.578000014415,0.08735641223248578,0.5231572654803542,0.9942848358846005,2.3877020982341906,-2.2292054051707892
3779.97800000594,0.08690138214804452,0.5231392404986026,0.9935694992113973,2.38769699023237,-2.231586367480186
3788.377999997465,0.08702668528223087,0.5226475793998524,0.9937428998937606,2.3889670646836154,-2.23252425323376
3796.77799998899,0.0868777034918696,0.5231394484938573,0.9937871051512119,2.3876704652922096,-2.231670624982677
3805.1780000096187,0.08669658165608371,0.5228724172630088,0.9936366392517445,2.3883857008593554,-2.233540026161335
3813.5780000011437,0.0861783140173971,0.5232327624538162,0.9940299664403828,2.387427644036869,-2.2350703697043164
3821.9779999926686,0.08666128831554457,0.5224840165027534,0.9929437891072814,2.389348409122487,-2.234936356374488
3830.3780000132974,0.0873529097169885,0.5207397267272137,0.993127495354083,2.3938215706508217,-2.2369483214180703
3838.7780000048224,0.08712355619792485,0.5211379052138683,0.992731317232867,2.3927781014558636,-2.2368334571776978
3847.1779999963474,0.08728235307148999,0.521257300007018,0.9935357652347819,2.3924884022475807,-2.2356184072530754
3855.5779999878723,0.08722367140442149,0.5207854877554702,0.9926386052000561,2.3936481542356476,-2.237402753606567
3863.978000008501,0.08716095920380304,0.5210073534477472,0.9932453992614673,2.3930863408563066,-2.2370203505601456
3872.378000000026,0.08683456182657974,0.5211091392296492,0.9926276968414852,2.392826751774959,-2.238437775255049
3880.777999991551,0.08645336273716975,0.5213148115349786,0.9928359852064027,2.392301975332152,-2.239810512768257
3889.17800001218,0.08704934368516914,0.5211221141991051,0.9925824775668944,2.392798383962165,-2.2372511072424333
3897.5769999960903,0.08695226599394487,0.5210598268953117,0.9931873390996051,2.3929699710746184,-2.2379950612531747
3905.9769999876153,0.08685273884577116,0.5204760185344184,0.9930463535196535,2.3944133649746715,-2.2403751091988586
3914.377000008244,0.08741216437217156,0.5208430121296321,0.9938305470517875,2.3935401546664727,-2.236265478501932
3922.776999999769,0.08670360895676357,0.5210879288018017,0.9937734994024413,2.3928774524132144,-2.2392050735706297
3931.176999991294,0.08710977499351272,0.5206411536341609,0.9920606634965647,2.393970463993289,-2.2384148057072513
3939.577000011923,0.08728716578781279,0.5205023521148633,0.992145213961536,2.394346091850377,-2.2379509074313426
3947.9770000034478,0.08735974716159242,0.5208875703895448,0.9935652169701682,2.3934346031527047,-2.236413510208365
3956.3769999949727,0.087880129172944,0.5206440412655653,0.9931029219229662,2.394004078881181,-2.23434214854167
3964.7769999864977,0.0868015473323446,0.520713770549408,0.993140301430924,2.3938268644823175,-2.2398995001748983
3973.1770000071265,0.0872672574804783,0.5203688226459919,0.992989015052974,2.3947086573479424,-2.2385305823076047
3981.5769999986514,0.08755712437767649,0.5204998308930411,0.9928883935096795,2.394398998996721,-2.236583380827062
3989.9769999901764,0.08718874763811205,0.5206359232712654,0.9933966589356514,2.3940484872368986,-2.2381094776853967
3998.377000010805,0.08803708917162334,0.5203800617397103,0.9946371480397536,2.394813189280371,-2.2345736746679865
4006.77700000233,0.08781151399758809,0.5200382314353301,0.9938033133788792,2.3956181178036458,-2.2367941263566022
4015.176999993855,0.08756900075638807,0.5205298553243051,0.9928044195137691,2.3942802453417973,-2.236355518801651
4023.577000014484,0.08741748497873605,0.5201463713845792,0.9933843848484939,2.3953057533791715,-2.238499998578643
4031.977000006009,0.08756155853588599,0.5203352233811863,0.9932909263208181,2.3948055659201466,-2.237077182973266
4040.376999997534,0.0872091802883106,0.5206043135617362,0.9927004044952009,2.3940786826319322,-2.238024033378888
4048.776999989059,0.08783238137908941,0.5198577397643959,0.9936839114163981,2.3961095943619553,-2.237322589393757
4057.1770000096876,0.08740617651818416,0.5204555578474954,0.9938137277104114,2.394584935502451,-2.237652850444395
4065.5770000012126,0.0872891615123633,0.5201744144104348,0.9925791304042051,2.3951939019805555,-2.2390349862595524
4073.976000014227,0.08683275927583214,0.5206481444424557,0.9937439235472739,2.3940262448523826,-2.2399978703073167
4082.376000005752,0.08714506397938164,0.5205098036717748,0.9939473497769414,2.394422169163514,-2.2388398701163497
4090.775999997277,0.08714618236414946,0.5205808487681638,0.99225929606882,2.394167365538499,-2.2384847847949922
4099.175999988802,0.08767883991625966,0.5201461561753513,0.9925185754154584,2.3953252595120413,-2.2371254902812425
4107.576000009431,0.08771382710153963,0.5201302914499923,0.9936223635565028,2.3954379212287735,-2.2371028758850895
4115.9760000009555,0.08723121133522929,0.5210940560294449,0.9942468172987272,2.3929701984692695,-2.236525890993316
4124.3759999924805,0.08729241562712495,0.520853496459954,0.9939500541664039,2.393506008368641,-2.2368611027740397
4132.776000013109,0.08753919778173129,0.5208436528514095,0.993671383190658,2.39359679723807,-2.235674675000504
4141.176000004634,0.08752299604763314,0.5209160090705656,0.9943097969027903,2.393395949848577,-2.2355002445158845
4149.575999996159,0.08821428477981952,0.5202387523093766,0.9941631191098448,2.395207906956808,-2.234139323227121
4157.975999987684,0.08807723446717483,0.5202710342602405,0.9926772081653387,2.395060245152327,-2.2346654619664066
4166.376000008313,0.08739214059700551,0.5210444952694661,0.9936397235005654,2.3930773692906304,-2.235796118097099
4174.775999999838,0.08786350844884572,0.5208564335889221,0.994629419036167,2.3936292320094568,-2.2340014153691445
4183.175999991363,0.08799056659661746,0.5206693829162159,0.9941802937352957,2.394116985159834,-2.233946800498116
4191.576000011992,0.08794978260049877,0.5210096201554226,0.9949249540783333,2.3932855744253465,-2.2331180004640383
4199.976000003517,0.08781588235869453,0.5205405780754859,0.9932492601261347,2.39439523095088,-2.2352211476307264
4208.375999995042,0.08807923722802605,0.5206769266388676,0.9944604188572927,2.3941059338435644,-2.233461665219478
4216.775999986567,0.08768098391535908,0.5206827600071571,0.9938873268046067,2.394076186760199,-2.2355480526066627
4225.176000007195,0.08769592027000979,0.5209593456702792,0.9947091040573163,2.3934148509885924,-2.23463727586583
4233.57599999872,0.0882260914669029,0.5205487712987994,0.994672927446937,2.394438368140583,-2.2331022186259752
4241.975000011735,0.08827864384293163,0.5204616046296076,0.994733858542753,2.394683703599941,-2.233140259811752
4250.37500000326,0.08809028134380484,0.5202235889366449,0.9936147785217313,2.3952551635923163,-2.2348656577637396
4258.774999994785,0.08777475471942182,0.5206188934359661,0.9942223837305144,2.3942522661691172,-2.235274892876012
4267.17499998631,0.08785632848660993,0.5205459550382914,0.9944051225391863,2.394434974864831,-2.2350707498131026
4275.575000006938,0.08707591979635057,0.5207930760209749,0.9943652760762713,2.393795045558197,-2.238432293439549
4283.974999998463,0.08817058210031847,0.5206517151712868,0.9949800035795886,2.3942115260453165,-2.2331202547123015
4292.374999989988,0.08780152177360448,0.520700416806428,0.9950991835355153,2.3941101839996795,-2.2349691872599706
4300.775000010617,0.08771939695341499,0.5204320278145438,0.9949728293759172,2.394857021435068,-2.236381608136737
4309.175000002142,0.08851455102032046,0.5200544687904781,0.9938873386291373,2.395702895887914,-2.2331721725242653
4317.574999993667,0.08756617146764656,0.5206113303072202,0.9941707289019113,2.394245552519957,-2.2363758802948097
4325.975000014296,0.0876792793953463,0.5209353174519427,0.9929672426951832,2.3933909167573355,-2.2346711961259667
4334.375000005821,0.08866613842041282,0.5198160240429769,0.9949402982202838,2.3964173675526133,-2.2333025075784936
4342.774999997346,0.08783933936534796,0.5201386095556707,0.9948376848928199,2.395508979881112,-2.236546441964026
4351.174999988871,0.0881110339020732,0.5204934946854038,0.9941839246305874,2.3945579561888044,-2.2338626579891074
4359.5750000094995,0.08792069046761819,0.520170948229328,0.9951718911300439,2.39547129340448,-2.236074349706503
4367.9750000010245,0.08805047783443634,0.5200868245718098,0.9950275304632611,2.395615910653626,-2.2355437453230724
4376.374999992549,0.08805311603478091,0.5205812623746138,0.9937052165984888,2.3943358820038916,-2.233889746236924
4384.775000013178,0.0884647175359797,0.5198317161400654,0.9938324381724606,2.3962428827959954,-2.234119727981616
4393.175000004703,0.08867909756155487,0.5197673144654507,0.9927412623289229,2.3963996700295307,-2.233170624894889
4401.574999996228,0.08842204886548899,0.5197948392358476,0.9945343997870582,2.3963907283517587,-2.2345524637717555
4409.974999987753,0.08818572845302271,0.5202810541288869,0.9943813018830171,2.3951069009073267,-2.2341651499452952
4418.374000000767,0.08820977860126086,0.5194744361265886,0.9931964306956982,2.397161342146729,-2.2366673978333065
4426.773999992292,0.08849771250443013,0.5199982764354013,0.9933598536257997,2.395793266132992,-2.2333623618685743
4435.174000012921,0.08837213296601121,0.5195090859175362,0.9936574223534023,2.3970461038467197,-2.235639274634869
4443.574000004446,0.088283334570637,0.5200334203070232,0.9932767146901336,2.395689756780021,-2.234373125415969
4451.973999995971,0.08825804176891623,0.5198173347853668,0.9936820669989702,2.3962183719831693,-2.2351784055032846
4460.373999987496,0.08828704787357164,0.5198598985176,0.9935868642250655,2.3961414840428197,-2.2349334364754325
4468.774000008125,0.08834620410130975,0.5197864766954619,0.9937972752578312,2.396343435917819,-2.2348790222568407
4477.17399999965,0.08811169639747404,0.5196211747756008,0.9935884969741767,2.396783144513119,-2.236707167475599
4485.573999991175,0.08803398448237942,0.5197338846910455,0.9938279829623997,2.3964938636140953,-2.2367524177967586
4493.974000011804,0.08807239301381439,0.5196853929079426,0.9934577474946449,2.3965471819998845,-2.2365946314039813
4502.374000003329,0.08770114496480721,0.5192496467310483,0.993264620091701,2.3976608097788144,-2.240034290205407
4510.7739999948535,0.08734305392958515,0.5196846144834636,0.9932082296020691,2.396503653362144,-2.2404552069287345
4519.1739999863785,0.08710830179896956,0.5194774937509044,0.9931055547817076,2.3970105805251745,-2.242378144545589
4527.574000007007,0.08734114919936493,0.519724196643145,0.9930370068038711,2.396423843891402,-2.2403680694955903
4535.973999998532,0.08724854777138695,0.5194770400445929,0.992934786832755,2.397063608437014,-2.241702192981234
4544.373999990057,0.08695654398103966,0.5194467805584064,0.9916118079601863,2.39704789071315,-2.2432380917006296
4552.774000010686,0.08704197142714314,0.5198692200442191,0.9939480405339423,2.39604258620147,-2.2414871136764303
4561.174000002211,0.08697950816747077,0.5195067107221096,0.9925528391131253,2.3969422975719965,-2.242989166300048
4569.573999993736,0.08686188588230319,0.5195000106578123,0.9938163975804313,2.397001350114647,-2.2437164969925316
4577.974000014365,0.08688170377950151,0.5194474023347324,0.992759881230065,2.3970965174193726,-2.2437221395243614
4586.37400000589,0.08674399631811784,0.5197674159853094,0.9935747332248276,2.396295097549409,-2.243427300495062
4594.7729999898,0.08677188092941863,0.5201059516893729,0.9919963589487705,2.3953535403200905,-2.242028461324137
4603.173000010429,0.08693252190067584,0.5193565738236072,0.9930620521525035,2.3973280859466093,-2.2437488196651256
4611.573000001954,0.08682931697387737,0.5200413677670503,0.9934055832707216,2.3955787068297205,-2.2420276302757847
4619.972999993479,0.08702709425970427,0.5198359650702191,0.9915764628151494,2.3960800032037617,-2.241602618621477
4628.373000014108,0.0868837171139524,0.5195250417417576,0.9934599249212339,2.39696483758912,-2.2435580675985007
4636.773000005633,0.08748478840545992,0.5194779871272674,0.9932595380450514,2.397085817575442,-2.2404599399116933
4645.172999997158,0.08655390021559102,0.5198785526071387,0.9936928098425416,2.3960754919878284,-2.244190325407163
4653.572999988683,0.08749294261899747,0.5195856735281322,0.9938286662472845,2.396832812756184,-2.240093972435689
4661.973000009311,0.08708129057000198,0.5202439527115752,0.9926386841131175,2.3950832646444438,-2.240031185223363
4670.373000000836,0.08712474568412949,0.5194311510961767,0.9926591048167321,2.3971513429870637,-2.242478858623941
4678.772999992361,0.08726811064904147,0.5194542117380008,0.9933979382486156,2.3971874003130975,-2.241775931308447
4687.17300001299,0.08742810950061272,0.519848133732755,0.9918118372036879,2.3960647121434135,-2.239421735303897
4695.573000004515,0.08736353412024282,0.5197003961401068,0.9944025707984171,2.3965867956381834,-2.240487431275207
4703.97299999604,0.0874348809513,0.519740905402844,0.9936097798246193,2.3964547611980596,-2.2399229205433993
4712.372999987565,0.08715476204044714,0.5203757502317374,0.9926836077086774,2.394768850746888,-2.239235755740185
4720.773000008194,0.08719193653467734,0.5204668904112044,0.9929439033297235,2.3945535266294717,-2.2387631924478124
4729.172999999719,0.08694799207213091,0.5204526074240994,0.9934357188144108,2.394639959963365,-2.2402024726002394
4737.572999991244,0.08665784083191053,0.5208169607821044,0.9934673556761302,2.3936765062094305,-2.240511949711928
4745.9730000118725,0.08650242648297972,0.5204759312107858,0.994065897722796,2.394545317361672,-2.2424749531334376
4754.3730000033975,0.0874104394921158,0.5207097048667351,0.9937579075420195,2.3940012334736616,-2.236899685425349
4762.772999994922,0.08678485805211285,0.5205826156004398,0.9926447855036529,2.394213584366919,-2.2405036188433867
4771.172000007937,0.08630966049268532,0.5207901642243209,0.9937535112547805,2.393770629643635,-2.242519409326558
4779.571999999462,0.08650343332792029,0.521114813102686,0.994242948753164,2.3929270897232393,-2.2403796235637827
4787.971999990987,0.08677141992909147,0.5212174570598473,0.9936479764146976,2.3926785501786534,-2.23862357032318
4796.3720000116155,0.0867971832531265,0.5206918329419125,0.9933317068793803,2.394016293155324,-2.2402059008780455
4804.77200000314,0.08708759637800005,0.5208067387679257,0.9937811697260112,2.3937613089173,-2.2383265468303013
4813.171999994665,0.08777616962026427,0.5213318174789502,0.9946314079839509,2.392485223408419,-2.2330340774111703
4821.57199998619,0.08929453905270046,0.5215164555764887,0.993323710873975,2.3919713572570322,-2.2243410927890923
4829.972000006819,0.08875439260455371,0.5214311848718607,0.9934624109937774,2.3922012452330828,-2.227478903544717
4838.371999998344,0.0890705437851234,0.5212006874782856,0.9943497301128167,2.392829555830186,-2.226606432042403
4846.771999989869,0.0890777264068503,0.5214728057565607,0.9940715960460561,2.392107051073447,-2.2256584791027203
4855.172000010498,0.08886544064184117,0.521087374042746,0.9946618565147364,2.3931444570466778,-2.2280926495346276
4863.572000002023,0.08867562294680269,0.5207799657034133,0.9943841300986538,2.393889310778691,-2.2300251799248643
4871.971999993548,0.08878779668580102,0.5210099951213609,0.9944808647743176,2.393253781305032,-2.228615993479236
4880.372000014177,0.08889530056997481,0.5207420514160799,0.9944045138539956,2.3939505379799177,-2.228926333264379
4888.772000005702,0.08924009828415987,0.5206613111138614,0.9938619420325049,2.3942063161671916,-2.227434891897913
4897.1719999972265,0.08880132408599177,0.5208163385959075,0.994434348265279,2.3937539748698367,-2.2291752891365575
4905.5719999887515,0.08934611220028481,0.5205920260559695,0.9941863919879683,2.394423306235156,-2.2271573539576996
4913.97200000938,0.08960166626198421,0.5205153435775749,0.9941964133393395,2.3945826155092567,-2.2259949068959384
4922.372000000905,0.08945955490587157,0.5209144443057552,0.9944683772841124,2.393559949144075,-2.2254655519377295
4930.77199999243,0.08886420191516793,0.5206711155065908,0.9941831548136854,2.394113110795886,-2.2292908780100267
4939.1710000054445,0.08945844464899215,0.5210185308710497,0.9939220091809905,2.3932810695523075,-2.225119611075515
4947.5709999969695,0.0893892795324085,0.5210901659893759,0.9944987399788031,2.3931185920695976,-2.225287423962989
4955.970999988494,0.08952919837514299,0.5204041596740767,0.9944603080714394,2.394887978476881,-2.226767093016416
4964.371000009123,0.09004010514174468,0.520686809079282,0.9943039212631399,2.3941039312951546,-2.2230734737981126
4972.771000000648,0.08982920120833615,0.5204174554590697,0.9932814722443465,2.394794976541323,-2.2250478536402842
4981.170999992173,0.08996794098369199,0.5204312578015149,0.9949637520621628,2.3948735297730606,-2.2244455352666153
4989.571000012802,0.09005311130659237,0.5205113603975559,0.9946757118978953,2.3945705296259914,-2.223590934772733
4997.971000004327,0.09000875557555714,0.5207687172528634,0.9933861094891924,2.3938831765743247,-2.2229607444994945
5006.370999995852,0.08941072737983805,0.5206131435604981,0.9946556535595684,2.394276149268688,-2.2266045616980237
5014.770999987377,0.09037466632290406,0.520118552416935,0.9941617439586925,2.3956114932682837,-2.2232038931677107
5023.171000008006,0.09001017010189294,0.5204972597903782,0.9941605271889787,2.394660352860257,-2.2239443097490956
5031.570999999531,0.09014418433222779,0.5206792947882828,0.9942835131287935,2.3941527975590593,-2.2225949346395155
5039.970999991056,0.09025921027736636,0.5202171438006218,0.9943461248327888,2.395341979234122,-2.223471678559494
5048.371000011684,0.0902797515322944,0.5202327490576664,0.9931371375368807,2.395244000330043,-2.2232250310634756
5056.771000003209,0.09021082522723134,0.5207735148474164,0.9939055531774876,2.393870820371879,-2.221883055363344
5065.170999994734,0.09013155158134731,0.5207645873585904,0.9937214789763957,2.3938900674754144,-2.2223225153100192
5073.570999986259,0.08983693431962134,0.5203628008840375,0.993776656111628,2.3948632244890886,-2.225072323744093
5081.971000006888,0.08966044566818913,0.5208280911979576,0.9937055381343792,2.393691764632689,-2.2245454713165396
5090.370999998413,0.08972438450448408,0.5201629707415524,0.9931667727439847,2.395322170229967,-2.226227788031855
5098.770999989938,0.0892999355872373,0.5211673986662937,0.9930310217282889,2.392782033566718,-2.2252990840348064
5107.171000010567,0.08921984706146394,0.5208229875598718,0.9934884972908774,2.393683477038664,-2.2268550986065825
5115.569999994477,0.08955107627618783,0.5209768928128835,0.9941497404716136,2.393295702968896,-2.2246236144496363
5123.970000015106,0.089352968103705,0.5212439418205499,0.9932444648249162,2.3925784488967867,-2.2247636190732294
5132.370000006631,0.08893745066861056,0.5215506694929344,0.9944084090630589,2.3917764163393813,-2.225947819325783
5140.769999998156,0.08862418146816475,0.5216055090540976,0.9940758252188978,2.3916577238271715,-2.22745830222156
5149.169999989681,0.08895400413813075,0.5214013873659233,0.9928345624902327,2.392147443107706,-2.226320680360683
5157.57000001031,0.08928689021078054,0.5208479028301058,0.9942866623991684,2.393621560821916,-2.226423664427881
5165.970000001835,0.08889881977453973,0.5209035732873308,0.9935775919265598,2.3934274188997158,-2.228218245873335
5174.36999999336,0.08883412664506558,0.5211287410735601,0.9944909605348285,2.392894303252614,-2.227903264547934
5182.7700000139885,0.0886943410739586,0.5214540140934534,0.9926396491102235,2.391955945558546,-2.2274355466147187
5191.170000005513,0.08864770593316465,0.5215604534520539,0.9926211737148698,2.3917151125702003,-2.2273893373206577
5199.569999997038,0.0882904755353862,0.5214183993677184,0.9936388431509092,2.3920891174907473,-2.229751450158505
5207.969999988563,0.08863365278429178,0.5215311749076368,0.9935235254965815,2.391836785013571,-2.2276292763866326
5216.370000009192,0.08842138864211897,0.5218951270642358,0.993556155251882,2.3908678392355553,-2.2275265852637633
5224.770000000717,0.08823939493117657,0.5217884598689517,0.9937307725219057,2.391167303783528,-2.2288706212704787
5233.169999992242,0.08825410684749802,0.5219958267872118,0.9932033531673446,2.390602790060928,-2.2280757837988223
5241.570000012871,0.08856191326218896,0.5218399205510811,0.993602900855255,2.3910512792653265,-2.2270266716030016
5249.970000004396,0.08868503017039835,0.5213631948857133,0.9931914521715275,2.392275702277603,-2.227910409174982
5258.369999995921,0.08821049435165067,0.5222524123493617,0.9942236622820378,2.390019074693873,-2.227597155294104
5266.769999987446,0.08837165882656742,0.5219166214643838,0.9947880304333111,2.3908989179842477,-2.227852689961968
5275.170000008075,0.08856561662306195,0.522058386366908,0.9938787363978353,2.3905136391613375,-2.2263423969608076
5283.5699999995995,0.08867840645248597,0.5223377661274748,0.9937096634759227,2.389783644008605,-2.2248369885868153
5291.969000012614,0.08919148277871569,0.5219137144680135,0.9936183443370111,2.390916626815105,-2.2235621982896263
5300.369000004139,0.08864961081213654,0.5223656701043125,0.9937651034261864,2.3897430622831,-2.22494674009649
5308.768999995664,0.08844011976215622,0.5226853617603275,0.9938065779600735,2.388970280723791,-2.2251010295658764
5317.168999987189,0.08883788658447847,0.5222497669348672,0.9939227214985241,2.3901142764799292,-2.2244401119342117
5325.5690000078175,0.08890134933797764,0.5225677400355044,0.9947502329587032,2.3893140093894996,-2.2231205811165076
5333.9689999993425,0.0884823730121604,0.5222074153368333,0.9933398564149651,2.3901508294777303,-2.2263339498659374
5342.368999990867,0.08875251206832191,0.5224326985378156,0.9933985517365708,2.389620615739172,-2.2242688658254144
5350.769000011496,0.08912186999559654,0.5221472410130314,0.9941298386163481,2.3904156483761074,-2.2233345152644373
5359.169000003021,0.08908411776469523,0.5228486155984544,0.9936096050421611,2.388552717598073,-2.2212147497018138
5367.568999994546,0.08880463642304157,0.5225215493228313,0.994404712008867,2.389439755818147,-2.2237849663366878
5375.969000015175,0.08908808533956511,0.5226003810028057,0.9945908118939709,2.3892675224928577,-2.2220966423643764
5384.3690000067,0.08900670322575496,0.5225602900168467,0.9943297235879573,2.3893603806398658,-2.222634127062499
5392.768999998225,0.08886805230733667,0.5228289308637042,0.994661396897272,2.3886785251482303,-2.2225201972752364
5401.16899998975,0.08898244026868847,0.5232240025952835,0.9937827024341548,2.3876725832599983,-2.2206880912968785
5409.569000010379,0.08898691396689085,0.5225535718524418,0.9940187017324117,2.389408694638656,-2.222806312566403
5417.969000001904,0.08882545536390474,0.5229254214459964,0.9946971849717963,2.388534282062203,-2.2225948752279976
5426.368999993429,0.08894302168156783,0.5231576715909352,0.9946556789953694,2.3878875866062788,-2.221170428048826
5434.769000014057,0.08868688025620752,0.5229875936775394,0.9948970920790535,2.38836835470057,-2.2231131603936443
5443.169000005582,0.0887282590832755,0.5230567591047095,0.9944339991398339,2.388178077362003,-2.2226583772365727
5451.568999997107,0.08856579835029858,0.5237256476150598,0.9945699507238577,2.3864432833184526,-2.221368178144839
5459.968999988632,0.0888693244486773,0.523720206774132,0.9943689160007869,2.3864922785978413,-2.2198587395972007
5468.368000001647,0.08857198503641346,0.5237776638933964,0.9943150178857498,2.3863553905111714,-2.2212414942778995
5476.7679999931715,0.08871535949625545,0.5240703351731137,0.9947384440980813,2.3856384664291324,-2.219629241145252
5485.1680000138,0.08888960410765794,0.5237663562328673,0.9950454977793369,2.3864551002239938,-2.2197314918235103
5493.568000005325,0.08873899316715476,0.5244218933084346,0.9945771178462379,2.3847350701226566,-2.2184064268313
5501.96799999685,0.08871106517598451,0.5243701896058779,0.9943852499905607,2.384870324199277,-2.2187162945560623
5510.367999988375,0.08878691783263495,0.5247876070955845,0.9946700402766218,2.3838554059532537,-2.2171091079066483
5518.768000009004,0.0887360855268918,0.5240474402136932,0.9948962435328205,2.385748406517117,-2.2196706615013273
5527.168000000529,0.08887620509909482,0.5245200581590204,0.9950668568008977,2.3845643865009882,-2.217512799163616
5535.567999992054,0.08857086887414738,0.5243601976129648,0.9944949003498568,2.3849363549331657,-2.219535484275528
5543.968000012683,0.08855946718974347,0.5250443570467067,0.9943349989113948,2.383195112952165,-2.2174846895146727
5552.368000004208,0.08791720339790716,0.5242451389229899,0.9941538813364713,2.3851831538162678,-2.2232235540443956
5560.767999995733,0.08865795844805416,0.5239069297836798,0.9944576091459618,2.3861227066627255,-2.2205379951475006
5569.167999987258,0.08797086502123319,0.524498133247026,0.995309018617453,2.3846481737758722,-2.222321182798775
5577.568000007886,0.08810647777208977,0.5244299795577801,0.9947279867327985,2.3847705560046517,-2.221749773082508
5585.967999999411,0.08806996111969526,0.5254419262761896,0.9960040118294546,2.382256073864666,-2.2189011879756366
5594.367999990936,0.08814260315786945,0.5245955647062391,0.9945363901240614,2.384323859696789,-2.2210094268005767
5602.768000011565,0.088190741403446,0.5246065433227292,0.9948174036033632,2.384354336342456,-2.2208138315954424
5611.16800000309,0.08813492162882186,0.5244459407483795,0.9954222305655748,2.3847657542895675,-2.2216065517280525
5619.567999994615,0.08813691778233287,0.5248586388162932,0.9948491901636979,2.383691742674994,-2.2202806493266825
5627.968000015244,0.08791318710988705,0.5250604619311838,0.9947341135338063,2.383164030704583,-2.2207954086803854
5636.368000006769,0.0886670182381157,0.5242364411523406,0.9945839164686154,2.385279394820152,-2.219461998263482
5644.766999990679,0.0878884352474814,0.5247420518096042,0.9946191880275272,2.3840115730868106,-2.221967677835677
5653.167000011308,0.08772800925597739,0.5249429793492209,0.9950113474839006,2.3834765604923245,-2.2221418359310645
5661.567000002833,0.0881978819266144,0.5245307739818768,0.995269884607485,2.3846338085552996,-2.221143046922819
5669.966999994358,0.08789321830016875,0.5248476590373604,0.9948935600265358,2.383732902989119,-2.2215999111269307
5678.367000014987,0.08775388188246139,0.5248596022266119,0.9950902055488632,2.3837201988965013,-2.222314075047177
5686.767000006512,0.08782505063429431,0.5251533752456357,0.9953791746230866,2.3829960620772876,-2.2210688658210445
5695.166999998037,0.08834035687281175,0.5242909560809308,0.994732898510515,2.385154022361999,-2.221010182929738
5703.566999989562,0.0883328443725679,0.5247349305941238,0.9951148925949772,2.384038015671414,-2.219694697258142
5711.9670000101905,0.08827937754635391,0.5248542060517518,0.9949597909214316,2.383727313290226,-2.219592462014957
5720.3670000017155,0.08809968307997176,0.5254754186931299,0.9953723155826384,2.3821707834253254,-2.2186444312691256
5728.7669999932405,0.0881084560595526,0.5250113224063957,0.9952548619989664,2.3833584586002585,-2.220039767863777
5737.167000013869,0.08844188154183552,0.525108771286851,0.9946303590424723,2.3830454055789447,-2.217915571043933
5745.567000005394,0.08820423360616339,0.5250139050863898,0.9951579084436186,2.383338952880563,-2.21951594675253
5753.966999996919,0.08854406792107668,0.5245265185773009,0.9952869864762218,2.384628461370391,-2.2193344209449846
5762.366999988444,0.08832846999470031,0.5250783693919434,0.9955853228146625,2.383186593487599,-2.218691689424086
5770.767000009073,0.08865400937966675,0.524527548668515,0.9948369858870766,2.3845731326422204,-2.218681844694917
5779.167000000598,0.08885732294774859,0.5244886306202199,0.9949130557539108,2.3846561078781963,-2.217724951864543
5787.566999992123,0.08881673178781177,0.5243602892166979,0.994229631475121,2.384931143714167,-2.2182531078207215
5795.967000012752,0.08886390779053492,0.5243608148699073,0.9943858890939244,2.3849309861889676,-2.218008946992395
5804.367000004277,0.08862437497117534,0.5251642300436166,0.9957366717077974,2.3830359219762993,-2.2170008332310647
5812.765999988187,0.08897117100790322,0.524309574296812,0.9951262560497219,2.385105985502722,-2.217678754122424
5821.166000008816,0.08854276280971014,0.5245495778652842,0.9948282181824274,2.3844654138448607,-2.2191123377002047
5829.566000000341,0.08866404479476442,0.524251043061344,0.9943175600321621,2.3851963090742694,-2.2193628516480843
5837.965999991866,0.08877520889838611,0.524247511454875,0.9948570696008087,2.3852499387323305,-2.2188645522337818
5846.366000012495,0.08880071135329484,0.52474120714215,0.9947192299586586,2.383962537941957,-2.217163992848327
5854.76600000402,0.088630224244445,0.5243726014105352,0.9949405713091037,2.3849039586540126,-2.219187972839936
5863.165999995545,0.0885821399817031,0.5243199799434615,0.9945285849708609,2.385022564106248,-2.219577069443671
5871.5659999870695,0.08819895180484183,0.5243356009380828,0.9955982662299684,2.3850147075425814,-2.2215680224206498
5879.966000007698,0.08833573111353062,0.5245431820799675,0.9946015031052056,2.3844299338086885,-2.220127665149947
5888.365999999223,0.0884186914362175,0.524442279214255,0.9943604899936452,2.384708202885585,-2.2200420197688406
5896.765999990748,0.0881758251790675,0.5243355980566259,0.9942160011367155,2.3849028886686647,-2.2215186519143932
5905.166000011377,0.08834661786047882,0.524124594036295,0.9943560154706972,2.3854491154755872,-2.2212999948292818
5913.566000002902,0.08790218063503899,0.5242723357449212,0.9942395528120487,2.385082136183369,-2.2231686049016037
5921.965999994427,0.08813636481716199,0.5245201297148708,0.994533016665048,2.3844622199422516,-2.2211946120482855
5930.366000015056,0.0880958117387686,0.5240857617754918,0.994312651447871,2.3855560555059965,-2.2227396371134995
5938.766000006581,0.08832181275933451,0.5239838476931034,0.9938545724858638,2.385829284722694,-2.221900495438457
5947.165999998106,0.08813113733405746,0.5241371770047347,0.9936888909490702,2.3853704366259127,-2.2223119361722192
5955.565999989631,0.08781568747352626,0.5241860910392875,0.9949975430832937,2.385274000569115,-2.223847108252282
5963.966000010259,0.0875499202705626,0.5236627060652913,0.9935794181221232,2.386571279550404,-2.226827945862032
5972.366000001784,0.08812730233472461,0.5234816483623779,0.9943105131484282,2.3871308778825857,-2.224522307147477
5980.765999993309,0.0881652686783763,0.5239199702214035,0.9946205130981746,2.3860162199630497,-2.222952962913861
5989.165000006324,0.08877511254710102,0.5230147726784494,0.9944135260115552,2.388336550344069,-2.222623431307835
5997.564999997849,0.09066917742505173,0.5216598025734299,0.9945841051902965,2.3918507604373818,-2.217066594408737
6005.964999989374,0.09136702513452333,0.5217127728865558,0.9943429597320338,2.391740084172203,-2.2133128257772605
6014.365000010002,0.09114354487448537,0.5217609441170985,0.9942128504828099,2.3916135076330147,-2.214317126702108
6022.765000001527,0.09099741084565842,0.5218346639229066,0.9944049489005584,2.3914345870491363,-2.2148607472313935
6031.164999993052,0.09132486254794489,0.5219902470015021,0.9943901320670918,2.3909947559069678,-2.212618228462911
6039.565000013681,0.09093749952026924,0.5219995803188529,0.9934874108251047,2.39095108583728,-2.214566441871834
6047.965000005206,0.09129323611476714,0.5220791695121079,0.9937020159978789,2.390795319515254,-2.2125484744271406
6056.364999996731,0.09141027987212783,0.522107083746989,0.9942119976297609,2.3906829305682384,-2.2117960764775124
6064.764999988256,0.09125864115497481,0.521784469447713,0.9944282720932439,2.3915857673848415,-2.213695563024057
6073.165000008885,0.09115676799748869,0.5211837397938879,0.9933992617121457,2.3930683620604256,-2.216015888316113
6081.56500000041,0.09106865740161112,0.5214853701726175,0.9947924817062141,2.3923706184631213,-2.215642909928717
6089.964999991935,0.0914918140851058,0.5210578332485172,0.9935143125558913,2.393408597708808,-2.2146925704206026
6098.3650000125635,0.09144901279291809,0.5216260228601506,0.9944857289030897,2.391992819977576,-2.2132030979987656
6106.7650000040885,0.091582897377869,0.5213557073044428,0.9939738238240199,2.3926671686640644,-2.21332265331493
6115.1649999956135,0.09126393506610739,0.5216650148623725,0.9931973064979693,2.3917919133187655,-2.213890540685056
6123.564999987138,0.09112627071400867,0.5219759923887903,0.9939114280944692,2.3910550290921457,-2.2137262392426966
6131.965000007767,0.0911040776349803,0.5215432127673848,0.9941710940830017,2.392126699149674,-2.215134389486669
6140.364999999292,0.0908146015495677,0.5220148054401517,0.9947149805588342,2.3910123714414033,-2.215307042366235
6148.764999990817,0.09100507085567991,0.5221125592470026,0.9941022847745062,2.3907135727270945,-2.213942328372447
6157.165000011446,0.09104977759976282,0.5220203749304542,0.9941143037149945,2.390911276258623,-2.2139397443830298
6165.563999995356,0.09060533540424096,0.5215635509561158,0.9927773408135929,2.392044867870964,-2.2176222562925596
6173.963999986881,0.09036409521836468,0.5221524841342339,0.9940027134418968,2.390619365736688,-2.2171579721985126
6182.36400000751,0.09062504857576972,0.5218029155903932,0.9937910726837802,2.3914758943455308,-2.216835594023112
6190.763999999035,0.09037498188024014,0.5219371214967429,0.9939895233704904,2.391160309946292,-2.2177597721525633
6199.16399999056,0.09008761925354385,0.5221220835445521,0.9945190752377472,2.3906773000353025,-2.2186631631476157
6207.564000011189,0.0905844407445386,0.521753395599443,0.9942455349419331,2.3916560438627577,-2.217282405061769
6215.964000002714,0.0906252545723932,0.5212196011287882,0.9935965344496677,2.3929607836322853,-2.218652575824027
6224.363999994239,0.09084742140083461,0.5211331830088964,0.9945368183931553,2.3932835829253367,-2.2179170401735493
6232.764000014868,0.09009773991702011,0.5219565365317254,0.9946004878903285,2.3911376853752135,-2.2191854792674626
6241.164000006393,0.09020614791529943,0.5218966172318568,0.9936787811957907,2.3912069364285933,-2.2186809349004006
6249.563999997918,0.09032136596422902,0.521944797431088,0.9942904552548969,2.391134434781024,-2.218005711573646
6257.9639999894425,0.09077567721287778,0.5210824154612649,0.9935881780981254,2.393359456524952,-2.218369988891985
6266.364000010071,0.0901687522398178,0.5222301665433037,0.9947540914632039,2.3904716964300374,-2.2180088392832116
6274.764000001596,0.09027163452520082,0.5223215831182804,0.9944295354695142,2.390186806670661,-2.2171108696324384
6283.163999993121,0.09006751674846578,0.5215807912241504,0.9949586065219921,2.392148189059111,-2.220600648276321
6291.56400001375,0.09062741355791556,0.5215504380700426,0.9944247060840281,2.3922217035136932,-2.217764149446113
6299.964000005275,0.09013974919232268,0.522579635645464,0.9940282946736401,2.3894858104135883,-2.2169298894495095
6308.3639999968,0.09028986779844299,0.5217278287628735,0.993881682834906,2.391757673367624,-2.2189535334350756
6316.763999988325,0.09063853140344938,0.5214573905613025,0.9951048812097938,2.392519620335261,-2.2180883083225877
6325.164000008954,0.09047362228468518,0.5216471009011014,0.9934434833469695,2.391897351347223,-2.218147027472046
6333.564000000479,0.0906155186501401,0.5215216395413514,0.9942727180992178,2.3923159151483517,-2.217947478840304
6341.963000013493,0.09064289136132553,0.5216200150869706,0.9949679348881225,2.392068472217537,-2.217502680496468
6350.363000005018,0.09072672465515952,0.521375976603318,0.995126934390555,2.3927623533398257,-2.2179354403800158
6358.762999996543,0.09092933134881998,0.5209910927381323,0.995110333344634,2.3937053498907925,-2.218023534031627
6367.162999988068,0.09052802664396306,0.5214358881863268,0.9940996809158467,2.3925325239912896,-2.2186693453
6375.563000008697,0.09066874782615901,0.5217149000166124,0.9951346994954964,2.391911066782959,-2.2171992840036374
6383.963000000222,0.09040088350115463,0.5221507273705693,0.9942490140804228,2.3907207724941264,-2.2171178742688618
6392.362999991747,0.09022625781875745,0.5220686447561154,0.9952213218724804,2.391015052060181,-2.218411220978625
6400.763000012375,0.09067439885321056,0.5216984970498786,0.9950548487201112,2.391947742802534,-2.217213221293419
6409.1630000039,0.09064764411675919,0.5214285056631935,0.9951052908498872,2.392664179838716,-2.218237991051275
6417.562999995425,0.09033641543692941,0.5220511675807791,0.9951060532013427,2.391030044779664,-2.2178470283865503
6425.96299998695,0.09009893499920434,0.5225110446204826,0.9953604681999217,2.389826771169328,-2.21760512785471
6434.363000007579,0.08984416490270668,0.5228681418990029,0.9953282527338317,2.3889486063515633,-2.2178684982316406
6442.762999999104,0.09003547899375067,0.522251801369231,0.9946293859735722,2.3904724781600843,-2.218720170362967
6451.162999990629,0.0906123744516969,0.521760228590231,0.9952152992408551,2.391823077678382,-2.2173932549311797
6459.563000011258,0.09087867864061243,0.5217643395773556,0.9956045924909127,2.391898289852623,-2.2161226375608347
6467.963000002783,0.09061890172081215,0.5217743935481327,0.9953138601040505,2.391821250876391,-2.2173667031032127
6476.362999994308,0.0905955319628549,0.5221764131599688,0.9957105137292865,2.390759374904184,-2.216182305143659
6484.763000014937,0.09064340084275066,0.5219637160296766,0.9946647606620078,2.391225156290519,-2.216479249038434
6493.1630000064615,0.09092491613908535,0.5221305566946024,0.9949326742201697,2.390851713722385,-2.214577469426625
6501.5629999979865,0.09117722825155541,0.5217639663709217,0.9952019105749079,2.3918463329457764,-2.2144928682024587
6509.962000011001,0.090510824815264,0.5229190096514471,0.994978431621333,2.388817771027482,-2.2142520238582253
