timestamp,norm_posX,norm_posY,confidence,theta,phi
33.59999996609986,0.14225352722752796,0.5269004208601771,0.8136626603036179,2.3375071066846362,-1.7059690849904556
41.99999995762482,0.13994431203177066,0.5273397336269758,0.8697496643484883,2.336520692573384,-1.7120358211347562
50.40000000735745,0.1393793596232311,0.5254050711716466,0.9999583103653749,2.340487549121601,-1.7148875074943448
58.79999999888241,0.13912737729853014,0.523822816567421,0.9988976514039505,2.343763821554182,-1.7166675106149638
67.19999999040738,0.13748240411662485,0.5243124908809853,0.999484632144543,2.3427157125654428,-1.7209120200473318
75.59999998193234,0.13650512016652253,0.5242817396182997,0.999823810510789,2.3427674880181804,-1.7236608717619084
83.9999999734573,0.13517000443033017,0.5242697815825533,0.9996340805196844,2.3427313002423427,-1.7273861926357699
92.39999996498227,0.1344726289492375,0.5246315155451103,0.9990999426166459,2.3419417649482592,-1.729067013112536
100.8000000147149,0.13410765298504373,0.5242572727513737,0.9997892824583399,2.3428260592754224,-1.7303938770365437
109.20000000623986,0.13411120876300564,0.5226708130765714,0.999938027741562,2.3458979757820346,-1.7314665874568311
117.59999999776483,0.13384151679970174,0.5229851492662503,0.9995646179679131,2.345264156701585,-1.7320017934120187
125.99999998928979,0.1331000373909849,0.5226336571809611,0.9995506752729674,2.346003613113661,-1.7343516773236425
134.39999998081475,0.1329960805049754,0.5233961955836173,0.9987685827903665,2.344448565789078,-1.7340911480190118
142.79999997233972,0.1327523091207461,0.5223727250405691,0.9993678550265404,2.3464728252640734,-1.735501835682059
151.19999996386468,0.13212874349886872,0.5233107841653107,0.9981429347216557,2.344559413312872,-1.7365740485734529
159.6000000135973,0.13249954869867211,0.522797833074026,0.9994577868326896,2.345656407652673,-1.7359208935089163
168.00000000512227,0.1322555714523348,0.5225852825921923,0.9985319580892187,2.346040315690177,-1.7367482303728767
176.39999999664724,0.1322282588474965,0.5224778857891696,0.9987335250063738,2.3463030420385462,-1.7369187305345457
184.7999999881722,0.13141502885712417,0.5237102318449274,0.9983430263426001,2.3438951194808886,-1.7383421295245944
193.19999997969717,0.13174596421741613,0.5233846262329989,0.9991303881252231,2.344489659271172,-1.7376254356505245
201.59999997122213,0.1312792834877095,0.5225911297004208,0.9989352710334632,2.3459712396331365,-1.73948110595014
209.9999999627471,0.1312954490776268,0.5224969030309766,0.9991890617521477,2.3463487171544064,-1.7395681427108378
218.40000001247972,0.13170878041363104,0.5222688244088258,0.9992031182363277,2.3466687539680517,-1.7385196991347267
226.8000000040047,0.13142280066603837,0.5227357558130095,0.9993584030879546,2.345743950092312,-1.7389916650313562
235.19999999552965,0.13127661981247182,0.5228861169041912,0.9987755593320641,2.34553097061844,-1.739324946696694
243.59999998705462,0.1306694501945624,0.522488662688511,0.9991385062736954,2.3462802082828227,-1.7413151689948831
251.99999997857958,0.13110685265793517,0.5229833257546475,0.9990397583502919,2.3452932760095555,-1.7397189326969222
260.39999997010455,0.13086209103653723,0.523146152110658,0.9985634120205382,2.344913777124756,-1.7402730622657598
268.7999999616295,0.13005039060813886,0.5234340747670143,0.9985504221810354,2.344365147868745,-1.7423634907192604
277.20000001136214,0.13054743196097096,0.5235469200632444,0.9991870195173227,2.3441779397560816,-1.7408914916782594
285.6000000028871,0.1305468436731053,0.5238595759374739,0.9990138867009746,2.3435687493452564,-1.7406710672280383
293.99999999441206,0.12978482578627798,0.523227161679211,0.9994995585174843,2.344922821256405,-1.7433154658488443
302.39999998593703,0.12960446403317177,0.5234191985974228,0.9992798127075334,2.3444898167677866,-1.743666838490718
310.799999977462,0.12985945660776874,0.5244093650390298,0.9989503213331227,2.3425216547039485,-1.7422257251217854
319.19999996898696,0.12948362733612218,0.5242500923714284,0.998859325900504,2.3428976917957924,-1.7434215844597134
327.5999999605119,0.12989084215337657,0.5240743941329116,0.9989816200239069,2.3432034438885334,-1.7423860400663282
336.00000001024455,0.1295615924197635,0.5242051927848407,0.9988928258264602,2.342942837086756,-1.7432191244764088
344.4000000017695,0.1291669576771634,0.5246972128893681,0.998822308404933,2.342005969647359,-1.7439872506126048
352.7999999932945,0.1298034970298795,0.5242534077457948,0.9986318353873963,2.342891911171569,-1.742517493657529
361.19999998481944,0.12897381473660907,0.5249944100771051,0.9982404711304207,2.3413948519676704,-1.7443075234263425
369.5999999763444,0.12952824812987745,0.5245089272579494,0.9979120869975062,2.342414903449644,-1.7431182421262796
377.99999996786937,0.1289879669800429,0.524470358762168,0.9993040493706521,2.342483456980609,-1.744666911499098
386.39999995939434,0.12919828975080044,0.5251790084521477,0.9988580463023152,2.341084745965758,-1.7435608474004314
394.80000000912696,0.12939170434713665,0.5251582934270791,0.9983750123731735,2.341173799031004,-1.7430481198627452
403.2000000006519,0.12917261106604708,0.5252862164020167,0.9991341695179988,2.340930318902808,-1.7435755898684064
411.5999999921769,0.12899457333459852,0.525486831198785,0.9987440071197735,2.3405437651066427,-1.7439350004676133
419.99999998370185,0.12897857794662454,0.5254097618919525,0.9988168220914099,2.3407299642639217,-1.744047578760445
428.3999999752268,0.12935811698468594,0.5251105997993426,0.9984994734752776,2.341301292577381,-1.743188623667518
436.7999999667518,0.12953924666469666,0.5256057186775753,0.9990069764691423,2.340280837934562,-1.7423078648565709
445.19999995827675,0.12984427185345443,0.5251590933528377,0.9987708257758454,2.3412909711948964,-1.7418149918546988
453.6000000080094,0.12897210193652486,0.5259924881550613,0.9982721237260713,2.3396016884678352,-1.7436529447766838
461.99999999953434,0.12959348213761795,0.5248543380691364,0.9995979529470296,2.3418404014487626,-1.7427222390747703
470.3999999910593,0.12945872618339296,0.5252410007054178,0.9992325423057107,2.3410859657716583,-1.742826019961036
478.79999998258427,0.12975458148347485,0.5251737225997564,0.9984999494487629,2.3412243003113753,-1.7420438298360919
487.19999997410923,0.129423362780138,0.5255149595570525,0.9988410241903033,2.340537577171891,-1.7427256904097552
495.5999999656342,0.12946076544337992,0.5259290968802002,0.998195906322588,2.3396938665936524,-1.742314088993145
504.0000000153668,0.12971061778067866,0.5251405357408325,0.9988220912358514,2.3412684558751966,-1.7421840231411683
512.4000000068918,0.12985828570854863,0.5254467770599158,0.9987642661284735,2.3406438393210993,-1.7415420257761374
520.7999999984168,0.12916486460743748,0.526211155507074,0.9986178363921913,2.3391215211022476,-1.7429373500073233
529.1999999899417,0.1287179781776003,0.5257593838311567,0.9983425056142171,2.3400109619742078,-1.7445179360380345
537.5999999814667,0.12915593206981976,0.5257608541091932,0.9985426731372763,2.340014315307839,-1.7432875519087567
545.9999999729916,0.12877907755345733,0.5259435880131478,0.9995351835600389,2.3396972776113563,-1.7442304624498866
554.3999999645166,0.12904454033919124,0.5261740631550187,0.9979127147560761,2.33917567892142,-1.7432952820422072
562.8000000142492,0.12848435679422154,0.5257362975296254,0.998941265849375,2.3400909663232965,-1.7452039610072374
571.2000000057742,0.12859803929910535,0.5259719305970652,0.9989450090259707,2.3395743356661143,-1.7446955564185793
579.5999999972992,0.12884618003750686,0.5259851795550767,0.9988209565144445,2.339574023010769,-1.7439974677216286
587.9999999888241,0.1287900563041872,0.5252050423818699,0.9989648761488887,2.3410786731048394,-1.7447072063101325
596.3999999803491,0.12783617089975316,0.5260663430531115,0.9983339470817949,2.3395119116947964,-1.746813730525914
604.7999999718741,0.12860744173863142,0.525401629689433,0.9986861897482424,2.3406350866433696,-1.745059364485397
613.199999963399,0.12837257530303864,0.5257732144698256,0.9986254752115227,2.3399461660606726,-1.7454664456003748
621.6000000131316,0.12848192233624803,0.5253493503208927,0.9983748860453415,2.340727939522007,-1.7454470973369833
630.0000000046566,0.1280948896747644,0.5264648969649599,0.9981700051716251,2.33852887738382,-1.7457274675221266
638.3999999961816,0.12812613494464925,0.5261161308387898,0.9987765772640774,2.339214434536097,-1.7458914809980013
646.7999999877065,0.12805558178935655,0.5261331709528552,0.9980386408430792,2.3392077384392067,-1.7460869976779572
655.1999999792315,0.12750547913032245,0.5260101122788667,0.9988018104128836,2.339436065606806,-1.747719099738393
663.5999999707565,0.12793655799711115,0.5255664028796334,0.9992472845486976,2.3402735424369503,-1.7468157033726521
671.9999999622814,0.12785230109940637,0.526447751365027,0.9985998458559316,2.3385794679245,-1.7464274524764394
680.4000000120141,0.1280962829353272,0.5259411432579075,0.9990660838607954,2.339535150895856,-1.746093787592412
688.800000003539,0.12735649317509043,0.5264864961721505,0.9982398827487606,2.3384759226692444,-1.7477833971099284
697.199999995064,0.1279125384493939,0.526059030400277,0.999417358216941,2.3392623199167843,-1.7465107259570638
705.599999986589,0.12783744820980064,0.5261318253931941,0.9983763174190431,2.3391354432962905,-1.7466749074225043
713.9999999781139,0.12744653672332618,0.5259935106807581,0.9987898755861898,2.3394652968391036,-1.747895889146045
722.3999999696389,0.1272710603750983,0.527301485953479,0.9984791546665899,2.336912595592908,-1.7474462600224205
730.7999999611638,0.1276216312155672,0.526673419848058,0.9985912194608904,2.3380791520983037,-1.7468922443475927
739.2000000108965,0.12792341354395464,0.5264660204863361,0.999224304991693,2.338488227382762,-1.7461948642523353
747.6000000024214,0.1274778542036123,0.5269731173092161,0.9990769964705667,2.3376011162980106,-1.7471186087448305
755.9999999939464,0.127156828218901,0.5265709157430185,0.9987654492221866,2.3383014964372677,-1.7482804028326178
764.3999999854714,0.12735703776604584,0.5270403727961717,0.9981071310047467,2.337403527318997,-1.7473859578365518
772.7999999769963,0.1271263746584002,0.5272982017230509,0.9981793896549084,2.3368676605957512,-1.747836406540699
781.1999999685213,0.12717137767968945,0.5264065121835592,0.9990835723086804,2.3386292441818095,-1.748360792401015
789.5999999600463,0.13045272196131924,0.5209122148670238,0.998170597022473,2.349640072126048,-1.743163393695821
798.0000000097789,0.1331955435853253,0.5155064805616153,0.8497580899744711,2.360733383644742,-1.7394473378983624
806.4000000013039,0.13908309202367947,0.5030621722197195,0.9980995443724724,2.386326873278032,-1.7319476049994564
814.7999999928288,0.14276531734424366,0.4982191778343009,0.9989567798476268,2.396575158435384,-1.724901278876463
823.1999999843538,0.14418048978688067,0.4944440630580548,0.9998342368776636,2.4046492660616665,-1.7237268857186918
831.5999999758787,0.1426630028972662,0.49426598726207693,0.9998312792617416,2.405017010965239,-1.7284490340974652
839.9999999674037,0.1429500008347297,0.49548660203780304,0.9996524446075914,2.4023630775028937,-1.7265590223271128
848.3999999589287,0.1427572544700419,0.4958622536988614,0.9998783398062902,2.4016105199652067,-1.7268455321493463
856.8000000086613,0.14191951783045603,0.49567751326975873,0.9997121000609096,2.4019791323095485,-1.7295102360201522
865.2000000001863,0.14168904506691354,0.49634130570374546,0.9995731000836321,2.4005184864102596,-1.729639183954466
873.5999999917112,0.14168524919106865,0.4964746665236305,0.9997686846320245,2.400273865350149,-1.7295530220516573
881.9999999832362,0.1409043637017296,0.49675104392125,0.9999404481776447,2.3996518533999995,-1.7316594228466062
890.3999999747612,0.14107189531451167,0.4973524814869027,0.9998812754178408,2.398403951876088,-1.7306689299512137
898.7999999662861,0.1405116812604245,0.4970958481187542,0.9997747494824738,2.3989369046100015,-1.7325584194635797
907.1999999578111,0.14047022816054144,0.49715014810762537,0.9998558063709344,2.398762759224278,-1.7326186111556015
915.6000000075437,0.14029795870747463,0.49774624437974624,0.9998365443961001,2.3974941228690225,-1.7326400648424638
923.9999999990687,0.13932041747054918,0.49866257178400153,0.9997434913186899,2.395516594535704,-1.7347969866821118
932.3999999905936,0.13960994592257797,0.49881377162527796,0.9998200859050489,2.3952299005488955,-1.7338167056233431
940.7999999821186,0.13934528046328118,0.49937616566157916,0.9998631547775853,2.3940070239442925,-1.734132831530879
949.1999999736436,0.13846010172136344,0.5002124351291461,0.9998524928466467,2.392194075408059,-1.7360692013761256
957.5999999651685,0.13837923975744992,0.5005966404998472,0.9997482430517907,2.3914264455325176,-1.736007752111899
966.0000000149012,0.13859920975564935,0.5000055557965233,0.9998194510079864,2.3926322491006644,-1.7358255963029983
974.4000000064261,0.13710433554201623,0.5023041642135838,0.9996027635748427,2.387754706786812,-1.7383683696251335
982.7999999979511,0.13778277716278015,0.5020394497790828,0.99970362864885,2.38837365375156,-1.7365925536796176
991.199999989476,0.13644210338270607,0.5023249450089671,0.9999206678808661,2.3877730200586837,-1.7403388111800189
999.599999981001,0.13622222272367304,0.5029247642558985,0.9997962412543923,2.3864870566225003,-1.7404869602794921
1007.999999972526,0.1360513366418063,0.5027447368512978,0.9998923473621993,2.386804738140741,-1.7411221727443575
1016.399999964051,0.13599076154343245,0.5041546409639281,0.999526531873325,2.3838155335975006,-1.7401302094625795
1024.8000000137836,0.13542394195197044,0.5049061354987048,0.9997774267894545,2.3822694844420735,-1.7411990070241854
1033.2000000053085,0.13485434042318428,0.50558168255416,0.9998626846685118,2.3808899153262435,-1.7423380592949824
1041.5999999968335,0.13488838629314975,0.5065507335788857,0.9997064600476696,2.3787640296895556,-1.7414131976823275
1049.9999999883585,0.1347015963552535,0.5079339565505541,0.9997342987171264,2.3759973750345273,-1.7408845359436182
1058.3999999798834,0.13440557743443132,0.5081114400044233,0.9995381933954025,2.375546300118794,-1.7415807432383426
1066.7999999714084,0.13382181507579607,0.5091008781901099,0.9995311178785636,2.3734810315474384,-1.7424904000885435
1075.1999999629334,0.13301944231301582,0.5101900979050615,0.999536696807593,2.3713052704453577,-1.7439881043080472
1083.600000012666,0.13258459040348464,0.5120291753396451,0.9998402254233562,2.367488628158136,-1.7437829915309104
1092.000000004191,0.1324511756957618,0.5128167054185129,0.9991151630571307,2.365877153952256,-1.7435519615994652
1100.399999995716,0.13182033878641733,0.5135701197262638,0.9992198748203818,2.3642542412612135,-1.744759396320221
1108.7999999872409,0.13110347013382748,0.513749941287293,0.9991724784804688,2.3639001196052085,-1.7466969441767752
1117.1999999787658,0.1302963051799572,0.51492919103133,0.999747032172389,2.361522693652493,-1.7481125060608869
1125.5999999702908,0.1300764760701877,0.5156933957086731,0.9988695613687527,2.359908052274289,-1.7481263219851695
1133.9999999618158,0.12941515640477178,0.5171242678234262,0.9988822410186823,2.357044066991142,-1.7489279455052922
1142.4000000115484,0.12926670140012755,0.516704019375915,0.9996034377199091,2.357827786804925,-1.749657894815119
1150.8010000106879,0.12754314858366342,0.5177548695492691,0.9997175847049856,2.3557988934090845,-1.7538272385910796
1159.2010000022128,0.1272195008710061,0.5189904640030909,0.999049035061286,2.353210142470537,-1.7537525979003072
1167.6009999937378,0.12626515348185485,0.5201437419331879,0.9994814653142446,2.3509862026591835,-1.7556216654037002
1176.0009999852628,0.12645660826243796,0.5204641803355572,0.9990821849868725,2.3501969394849813,-1.7547704378790907
1184.4009999767877,0.12554376976462983,0.5208683790408941,0.9995925466225661,2.3494477497018518,-1.7570880914755445
1192.8009999683127,0.1250064147584058,0.5217418151329105,0.9989553432326789,2.3476578351586004,-1.7579266646796237
1201.2009999598376,0.12447788103682673,0.5222939635622287,0.9995137349778719,2.3465464768837827,-1.7590016382875948
1209.6010000095703,0.12368949163664511,0.5234110187591721,0.9993158164063799,2.344371104999409,-1.7603989471333028
1218.0010000010952,0.12310090621689022,0.5233842630580149,0.9995296922992829,2.3444054537690935,-1.7620887782267676
1226.4009999926202,0.12198639976921695,0.5239707108210985,0.999502165893477,2.343234939918529,-1.76480304779681
1234.8009999841452,0.1212494991192306,0.5247551600958398,0.9989803365192801,2.341605101041455,-1.7662565466188065
1243.2009999756701,0.12115138327622392,0.525137340258022,0.9992492379846303,2.3409059939695993,-1.766258871469666
1251.600999967195,0.1202924621898481,0.5258427066590416,0.9993429488041378,2.3394266290215002,-1.7681139552273335
1260.00099995872,0.11941469832328622,0.5265822356335488,0.9993812350196202,2.338015619427944,-1.7700459981726853
1268.4010000084527,0.11843697354135116,0.5265184635897746,0.9994314234808279,2.338194998569447,-1.7728965439877356
1276.8009999999776,0.11804143690123765,0.5268873020321257,0.9994457848897839,2.3373867255627636,-1.7736952187546644
1285.2009999915026,0.11751992581339374,0.5273010534380923,0.999724836176261,2.336654433089906,-1.7748827940229648
1293.6009999830276,0.11655036266523551,0.5279952041263902,0.9997420507055701,2.3352482890580495,-1.7770680310440927
1302.0009999745525,0.11630155347455688,0.5285842763405284,0.9974124526909872,2.3339461841077664,-1.7772446664013222
1310.4009999660775,0.1150191858569705,0.5293513021990376,0.9991554989978152,2.3326071729002864,-1.7803403723200646
1318.8009999576025,0.11476616546302373,0.5302777250844816,0.9989399178084261,2.3307487928192603,-1.7802996494812264
1327.201000007335,0.1136696003817832,0.5306580781384631,0.9991321172753302,2.3299700223792,-1.7830863239733556
1335.60099999886,0.11311997406400942,0.5313089521403493,0.9994889189728681,2.328700966016423,-1.7841222687312375
1344.000999990385,0.11228749187596532,0.5315828893853903,0.9986441403548971,2.3281357676832757,-1.7862456249733136
1352.40099998191,0.11197043418766181,0.5322087243291189,0.99892181757358,2.3269485141313875,-1.7866540751919076
1360.800999973435,0.11086138617357481,0.5327946307558387,0.9989133838291608,2.3257365898311972,-1.789287880136656
1369.20099996496,0.10998181835863088,0.5338775962498647,0.9986861873548242,2.3236013740823376,-1.7908866521786788
1377.6010000146925,0.10969900851389713,0.5338662288522886,0.9996106279751664,2.323731197795369,-1.791743060054946
1386.0010000062175,0.10839883046580523,0.5340457348683731,0.9989695898597685,2.323385984326744,-1.7952759014206325
1394.4009999977425,0.10829035672093434,0.5346492361128836,0.999211522895046,2.3221615112751413,-1.795066159781345
1402.8009999892674,0.10753077037029266,0.5352078487096512,0.9989883409902961,2.3209648983672477,-1.796705155131094
1411.2009999807924,0.10758790110146679,0.535626998423373,0.99920010424631,2.320212156215048,-1.7962296512567035
1419.6009999723174,0.10684222267860104,0.5364097507676322,0.9993039493240281,2.3187144357099387,-1.7977043682806981
1428.0009999638423,0.1067493174281525,0.5360116766705884,0.999142183358632,2.3194193589540544,-1.798260766885172
1436.401000013575,0.10559771422819715,0.5370176423377803,0.998551030011196,2.3174836713478455,-1.800692035176227
1444.8010000051,0.10658140817315509,0.5341358643079099,0.9992855860245893,2.3230662735702516,-1.800284862992846
1453.200999996625,0.10652044620847345,0.5323410630910494,0.9990167792579558,2.326565769438292,-1.8019625451767902
1461.6009999881499,0.10727503527428825,0.5310967165675711,0.999167259323355,2.3289757440262693,-1.800851043351214
1470.0009999796748,0.10760040335623863,0.5318796971078616,0.9994619513217228,2.3274434745142187,-1.7992624160515005
1478.4009999711998,0.10669915401031749,0.531927629270631,0.9996714158814486,2.327333124554811,-1.8017833646687207
1486.8009999627247,0.10692859701618915,0.5323285045297015,0.9987398332215066,2.326512301805918,-1.8007736349238352
1495.2010000124574,0.10623936376583912,0.5323598390025404,0.9994879179693159,2.3264298713055354,-1.8027012212577347
1503.6010000039823,0.10584387598365175,0.5322271549492661,0.9992956399799487,2.3266698361357543,-1.8039326872678172
1512.0009999955073,0.10546320359546613,0.5321938052892254,0.9993173252179255,2.3267199040584674,-1.8050405431853116
1520.4009999870323,0.10512827584871491,0.5317187972234207,0.9995019197689087,2.3276429846577975,-1.8064017585816357
1528.8009999785572,0.10576993121894143,0.5324387046284549,0.9992952148476896,2.326211084659268,-1.8039423152857144
1537.2009999700822,0.10584900820186824,0.5318875998043177,0.9992199126250192,2.327281532047395,-1.8041824225845962
1545.6009999616072,0.10626139171222988,0.5309183906050008,0.9997163522064451,2.329140503407097,-1.803813575482999
1554.0010000113398,0.10527944460885372,0.5310342827063469,0.9994131997209679,2.3289853219314436,-1.8065594859209222
1562.4010000028647,0.10612165979306347,0.5305509923256031,0.9988941701310132,2.329810338962615,-1.8045048602079379
1570.8009999943897,0.1055034783380131,0.5305956172298688,0.9993179151925246,2.3298064146991155,-1.806277684177384
1579.2009999859147,0.10592080620790725,0.5297836223877055,0.9988575037668749,2.3313129070754814,-1.805741531404729
1587.6009999774396,0.10582310594429271,0.5300562975028251,0.9992312800157103,2.3307799661616513,-1.8057869472304686
1596.0009999689646,0.10586373840360416,0.5292966428038828,0.9994536927363517,2.3322882110926586,-1.8063372638109014
1604.4009999604896,0.10546970342050299,0.5292972359539816,0.9993408963566346,2.332361050438076,-1.8075055137688156
1612.8010000102222,0.10664521086907404,0.5275864986480483,0.9988741024672384,2.335661492183191,-1.80558366200487
1621.2010000017472,0.10670038345704932,0.5270025333111876,0.9988509472095733,2.3367682859635366,-1.8059156074501943
1629.6009999932721,0.10679278141992761,0.526816195343516,0.999786250780751,2.337200865885374,-1.8058436235042004
1638.000999984797,0.10712343924228422,0.5263509390406305,0.9987027730969696,2.338009029627552,-1.805244811663657
1646.400999976322,0.10735543627067008,0.525667186651724,0.9995000707893947,2.3394929950607253,-1.8052399621256223
1654.800999967847,0.10754782100551075,0.5245357694448429,0.9992105013576243,2.3417123943913634,-1.8056761338467702
1663.200999959372,0.10841358048039665,0.5234962242026803,0.9993843624616666,2.3437309619425957,-1.8040655679114617
1671.6010000091046,0.10845276640997885,0.5234784139115498,0.999399843917832,2.343803022281326,-1.8039848658206001
1680.0010000006296,0.10884264598679638,0.5228736900682385,0.9998521447238085,2.3449981755026266,-1.803386698490009
1688.4009999921545,0.10895366788988721,0.5227683632721833,0.9996538169978019,2.3452046884697544,-1.8031560985125274
1696.8009999836795,0.1100401234993031,0.5223388685768522,0.9990158526976057,2.3459539672641223,-1.8003268784022317
1705.2009999752045,0.11021503835760829,0.5219067938840475,0.9996455001548875,2.346903731202581,-1.8002429516049705
1713.6009999667294,0.1110622755451057,0.5206666559497573,0.9994071485954071,2.3493654177222405,-1.7988710653383357
1722.0009999582544,0.11191396200690154,0.5206190403139742,0.9993987863278149,2.349527151082361,-1.7964598068683733
1730.401000007987,0.11161490293665807,0.5209923831018959,0.9996583270866445,2.3487925725260768,-1.79700609674485
1738.800999999512,0.11356162983378196,0.520303688298114,0.9996913180734538,2.3501374272328,-1.7919289410611645
1747.200999991037,0.11353713248729233,0.5200667217727473,0.9991133370847589,2.350618861766793,-1.792211041782533
1755.600999982562,0.11512471464286925,0.518653282369526,0.9997010342476391,2.353440871295978,-1.788816877401455
1764.0009999740869,0.11553009646169259,0.5190699698399015,0.9997368069757184,2.3526159320455546,-1.7872774690294535
1772.4009999656118,0.11568531099713293,0.5194564047224982,0.9997684393404531,2.351843597497186,-1.7864922343652467
1780.8010000153445,0.11668634223936118,0.5196183835299824,0.9992650011556766,2.351537238049259,-1.7834530243196824
1789.2010000068694,0.11743937838499918,0.519636222017365,0.9996905685086979,2.3514854184510225,-1.7812468470934806
1797.6009999983944,0.11775138857652548,0.519543950803617,0.9994017543826508,2.351689255714462,-1.7804288149684178
1806.0009999899194,0.11870675247073312,0.5186281805270277,0.9997461721474934,2.353524598891795,-1.7784331500529555
1814.4009999814443,0.11912376356433611,0.5188192472273987,0.9993923116063732,2.3531105002852857,-1.7770499700467186
1822.8009999729693,0.11876032926791362,0.5192200334669943,0.9995637123591028,2.3523398136660414,-1.7777796029569584
1831.2009999644943,0.11899466653601269,0.5189085482381678,0.9995244710921107,2.3529330507488213,-1.7773496501369124
1839.6010000142269,0.11942783860114865,0.5191447983098783,0.9988407916858697,2.352493757702147,-1.7759113265487028
1848.0010000057518,0.11950281873463231,0.5197058056727297,0.9998573797237589,2.3514547219538255,-1.7752616768893539
1856.4009999972768,0.11915237525286493,0.519637559106876,0.9992482170061654,2.3514939320772323,-1.7762912241221747
1864.8009999888018,0.11974390396470232,0.5194630883167728,0.998962321209725,2.3518315432253325,-1.7747216642538803
1873.2009999803267,0.11915504312881868,0.5199898789114032,0.9991699220544561,2.350795715405847,-1.7759927034135559
1881.6009999718517,0.11884553805082336,0.5190154551980999,0.9994969309380473,2.3527618248889803,-1.7777098607211268
1890.0009999633767,0.11882556638728836,0.5192928489101509,0.99930866875793,2.3521901485522094,-1.777527909668867
1898.4010000131093,0.11966731678415062,0.5193722112837442,0.9995850039130469,2.352078555005684,-1.775045500058022
1906.8010000046343,0.11946351126257264,0.5196320761253463,0.9996187033171264,2.3516660788618897,-1.7754630186932547
1915.2009999961592,0.11900958160771324,0.5200481281097885,0.9996979031105471,2.3507429353625704,-1.776390908535642
1923.6009999876842,0.11902728371996156,0.5195622826436788,0.9995581244549998,2.3517507974220533,-1.7767600862054975
1932.0009999792092,0.11917115269488847,0.5191463060019827,0.9991710710044008,2.3525869614043353,-1.7766931728074065
1940.4009999707341,0.11861040797410953,0.5197626530720745,0.9995509347741225,2.351313263526405,-1.7777832078298017
1948.800999962259,0.11966410027726856,0.5195069896397883,0.9991576928190214,2.351829483580339,-1.7749512464981807
1957.2010000119917,0.11894167143121219,0.5201699000812272,0.9991888405210196,2.3505598915723276,-1.7765108297269732
1965.6010000035167,0.11924629741338029,0.5200144561846034,0.9991646056954102,2.350868113664774,-1.7757590404866321
1974.0009999950416,0.11873650793727313,0.5197031170331238,0.9997048645724183,2.35155574812685,-1.7775198094600133
1982.4009999865666,0.11950632392434471,0.5200164342520759,0.9996505167793392,2.3509312570300454,-1.7750340487725405
1990.8009999780916,0.11990472478450442,0.5196586954852906,0.9993787551800791,2.3516271569213427,-1.774171630908559
1999.2009999696165,0.11936493812555411,0.5203211550729927,0.9993764575403318,2.3503263264275143,-1.7751914526587589
2007.6009999611415,0.11955480384034374,0.5204735823116422,0.9995713261524486,2.3500253729777287,-1.7745190266815734
2016.0010000108741,0.11879249315286575,0.5204617474276303,0.9995161487106933,2.350030709848349,-1.7767213227333032
2024.401000002399,0.1162858776757191,0.5223989453119284,0.9991703388592126,2.346188132335554,-1.782345169669184
2032.800999993924,0.11657911879301394,0.522472088828275,0.9992363101991641,2.3460953862660756,-1.7814612744238008
2041.200999985449,0.11715555526080271,0.5224066218454622,0.9990204141498679,2.3461650116986887,-1.779829587984893
2049.600999976974,0.11812203385092404,0.5216232924370877,0.9992077789740899,2.3477703103440657,-1.7777147884763884
2058.000999968499,0.11762961596883659,0.522502694069876,0.9988585990133168,2.34598553171882,-1.778390473744083
2066.400999960024,0.11742742791377529,0.5220334701416967,0.999417565351635,2.347001149992775,-1.7793960539808937
2074.8010000097565,0.1176416236032869,0.5221856919897414,0.9995782282280952,2.3467166571201594,-1.7786604459634625
2083.2010000012815,0.11761671281794857,0.5225722585857431,0.9987366890218735,2.3458896345555353,-1.7783879332319337
2091.6009999928065,0.11737871246134746,0.5225323818264872,0.9996817632526662,2.3460622259511394,-1.7791450022546242
2100.0009999843314,0.117229903884241,0.5222816932326301,0.9992387012582622,2.3465490341088278,-1.779776536269348
2108.4009999758564,0.11715569023908703,0.5226279417922534,0.9996167524929175,2.3458619551854265,-1.7797034384781876
2116.8009999673814,0.11786642190172288,0.5227268018663641,0.9993921900211421,2.345705311072034,-1.777593869646285
2125.2009999589063,0.11761054482516649,0.5225727239167366,0.9996052455259946,2.3460054829634727,-1.7784543213489998
2133.601000008639,0.11810798718855339,0.5225300568897164,0.9993438510432764,2.346023762399062,-1.7770308952177518
2142.001000000164,0.11791166013497567,0.5222724260087206,0.9988646468486346,2.3464991041168077,-1.7777924645472263
2150.400999991689,0.11722572140114437,0.5225631030613487,0.9994418671658145,2.3460387312177526,-1.7795758187047446
2158.800999983214,0.11660603046778051,0.5231927402318187,0.9992886267494991,2.3447663546960613,-1.7808279329618844
2167.200999974739,0.11708878239888518,0.5231749239293426,0.9997828767660211,2.344844339864493,-1.7794723917639719
2175.6009999662638,0.11705266880789438,0.5229117926518252,0.9995235105366156,2.3453076119693437,-1.7797688145472532
2184.0009999577887,0.11706123411471685,0.5231480358965921,0.998985512728125,2.344830840521575,-1.7795455733943515
2192.4010000075214,0.11660602701927228,0.5232265965997831,0.999091997239882,2.344780081787595,-1.7808342493927136
2200.8009999990463,0.11664488051058175,0.5229923972555545,0.9995656398500852,2.3451823824205777,-1.7808901722071064
2209.2009999905713,0.11629423380479942,0.5226871335855979,0.9997983439853072,2.3458578381864155,-1.7821838512094865
2217.6009999820963,0.11673428932390681,0.5230207525966124,0.9995048181026657,2.3451619883166024,-1.7806245702834886
2226.000999973621,0.1164435039519605,0.5238132791715024,0.9985356456594102,2.3436014495650896,-1.7808095095257648
2234.400999965146,0.11681050327999212,0.5227308025217368,0.9992735107028503,2.345778502104446,-1.7806631583057617
2242.801000014879,0.11641658676484017,0.5223299743136699,0.9995023040311383,2.346534442266004,-1.7821154321558998
2251.201000006404,0.11640043461092983,0.5226891854584139,0.9998059904995981,2.3458740832641136,-1.7818847236193496
2259.6009999979287,0.11653077739257518,0.5228880840308588,0.9995458536180722,2.345411885456213,-1.7813148778361863
2268.0009999894537,0.11647921258167063,0.5228475390947385,0.9984125454587413,2.345455446190242,-1.781481369371445
2276.4009999809787,0.11633660291451173,0.5226081013705881,0.999566808776665,2.3459849425850923,-1.7821149451394744
2284.8009999725036,0.11569866931879798,0.5230504059518226,0.9995645828628672,2.3451373559760422,-1.783597057995244
2293.2009999640286,0.11619125420734,0.5225745332205914,0.9993872941600195,2.3461116139243794,-1.7825877634342506
2301.601000013761,0.11620530604845562,0.5225514501263664,0.9994911366799316,2.3461435828927786,-1.7825606010258597
2310.001000005286,0.11595819841387281,0.5233868480569744,0.9995144152918524,2.3444879619875754,-1.782576386614402
2318.400999996811,0.11584226258677263,0.522590427278637,0.9997963254855268,2.3461461720985795,-1.7836096218542772
2326.800999988336,0.1156893238555079,0.5228851126657481,0.9991800228475258,2.345438428884142,-1.78375081525284
2335.200999979861,0.11551176972930022,0.5225058660468093,0.9996397403103973,2.346292569860006,-1.7846254272880764
2343.600999971386,0.11553717274320693,0.5232674879233311,0.9994261411052355,2.3447088125586246,-1.7838816986941706
2352.000999962911,0.11470469056256363,0.5227551673692945,0.999621577776124,2.345687079032745,-1.7866977974526417
2360.4010000126436,0.11465359177493543,0.5233448067050668,0.9993899026804992,2.3445288993613707,-1.7863523539319237
2368.8010000041686,0.11530542098612981,0.5223333956827791,0.9998565119214806,2.346553455214296,-1.7853315188584806
2377.2009999956936,0.11631138000628556,0.5225872997618346,0.9991405141334546,2.346033144105682,-1.7822079771529473
2385.6009999872185,0.11633991089827958,0.5226126226848475,0.9992501629504946,2.3459815706224325,-1.7821040312352434
2394.0009999787435,0.11664744100621319,0.5224390921837563,0.9987802941823666,2.3462724761100024,-1.7813393980773315
2402.401999977883,0.1161096703498103,0.5227587954397113,0.9996654296608958,2.3457366391281975,-1.7826650453361932
2410.801999969408,0.11640558110572483,0.5218501024242927,0.9991919047605035,2.347476601413199,-1.7825442574060573
2419.201999960933,0.11581903708378202,0.5223781000654972,0.9994903737855525,2.3464836035194208,-1.7838186539127983
2427.6020000106655,0.11590654305521353,0.5228195879899189,0.9995660891700467,2.345586533792293,-1.783187173516609
2436.0020000021905,0.11628653484412443,0.5218598809050151,0.9984645447611217,2.3473452748238914,-1.7828318918756838
2444.4019999937154,0.11663508932314164,0.5216551244150482,0.9993350206652292,2.347884862755853,-1.782053724249499
2452.8019999852404,0.11608898483213732,0.5210547210276917,0.9993958243385646,2.3490314432684345,-1.7841186464559444
2461.2019999767654,0.11619307505329997,0.5214851831052861,0.999470191055633,2.3482063622296656,-1.7834671803041127
2469.6019999682903,0.11681193435748397,0.5219457161270297,0.9994288776514845,2.3472497363539464,-1.7812754080251119
2478.0019999598153,0.11623276092059535,0.5215440092893502,0.9997492416111204,2.3480662516607187,-1.78329289967949
2486.402000009548,0.11575516723891988,0.5218566334703498,0.9994776864078984,2.347429215798144,-1.784403285995317
2494.802000001073,0.11615857994474962,0.5222507332213666,0.9995373832700829,2.34660884159374,-1.7828905849662544
2503.201999992598,0.11641834641705144,0.5218875666895284,0.9996493518928407,2.34742102935872,-1.782484050915677
2511.601999984123,0.11595362196246484,0.5217465677185902,0.9998557416370722,2.3476352816792647,-1.7839169836197915
2520.001999975648,0.11555115990389124,0.5218420662922107,0.9995335095948482,2.347469102056314,-1.7850101596274217
2528.4019999671727,0.11609301859197765,0.5215184776947277,0.9995604342726365,2.3481028612248798,-1.783712399078024
2536.8019999586977,0.11643707440814466,0.5212619562542072,0.9996350995239025,2.3485724810023383,-1.782916201410521
2545.2020000084303,0.11592696162929288,0.5216412488323637,0.9998573540623332,2.347857292117425,-1.78408836605383
2553.6019999999553,0.1156978276228613,0.5217776259255635,0.9998939372184728,2.3476161297508886,-1.7846487147921104
2562.0019999914803,0.11546889668338309,0.5213211295498023,0.9995192134593618,2.3484318669392703,-1.7856580997446934
2570.401999983005,0.11563309070769368,0.5216612885136268,0.9996184719253808,2.347725936247113,-1.7848817042289018
2578.80199997453,0.11548846690055674,0.521190888010631,0.9993177185997792,2.3486232792073483,-1.7856826910987198
2587.201999966055,0.11539002058329739,0.5217098673338665,0.9996401455820022,2.347678042570062,-1.7855648150261023
2595.60199995758,0.11510989666017783,0.5224571137584095,0.999137109768558,2.3461408151603798,-1.7857192794423558
2604.0020000073127,0.11611707018729929,0.520574014236749,0.9991616712100775,2.349853362283075,-1.7843866606790852
2612.4019999988377,0.11576419129215787,0.5211602597896452,0.9993379617760134,2.3486589208293323,-1.7848993009035652
2620.8019999903627,0.1173132295980964,0.5212270839186197,0.9989754095941186,2.34847345831607,-1.7803416082531767
2629.2019999818876,0.11735358617918049,0.5217605389267455,0.9998458448694999,2.3475266204924243,-1.7798285610541291
2637.6019999734126,0.11932026102166385,0.5236894373825274,0.999958390940982,2.3436341159557106,-1.7725746129483568
2646.0019999649376,0.12069339894677142,0.5251322239270799,0.9999288794222958,2.340782747705049,-1.7675125795342297
2654.40200001467,0.12376656482603746,0.5274002623848217,0.999610840612257,2.336207179607717,-1.7570376165027493
2662.802000006195,0.12763640741090834,0.5287625529977766,0.9996505619905203,2.3334199784488336,-1.745154445526885
2730.0019999966025,0.10803264234104795,0.5495101004475265,0.7268658001201056,2.291664221159274,-1.7834418405784498
2755.2019999711774,0.13277203902955192,0.5202071417137458,0.8397487212492782,2.350667571318868,-1.7369655434371931
2763.6019999627024,0.12961912346756982,0.5206903039914872,0.9998190108032895,2.3496768437103785,-1.7455567742643259
2772.002000012435,0.1279124450444983,0.520171175354537,0.9991231241950755,2.3507678547395634,-1.7508316502770018
2780.40200000396,0.12449561427593991,0.52106575967501,0.9999263709157882,2.348865303955169,-1.7598599800636112
2788.801999995485,0.12271435148343626,0.5205914430019609,0.9999485477281875,2.3498024118117256,-1.7653362449409447
2797.20199998701,0.12251780938193488,0.5192623382981466,0.9999209080499252,2.352538146399204,-1.767003268518525
2805.601999978535,0.12119273225283042,0.5191751502533289,0.9999476971680954,2.3526972911122934,-1.7708915724881464
2814.00199997006,0.12058508557212537,0.5189056031996038,0.9997375955129997,2.3531802435855744,-1.7728472295869815
2822.401999961585,0.12002422482644674,0.5194687680301365,0.9996180084664549,2.352063559453922,-1.7740068356643142
2830.8020000113174,0.1195783534787398,0.5195030787976705,0.9994390437661577,2.3519831755038396,-1.77526266561203
2839.2020000028424,0.11820727853468727,0.5201318221701713,0.9996385312313552,2.350727624220111,-1.7787040325665193
2847.6019999943674,0.11770534538901582,0.5200301989723998,0.9998524133633209,2.3509673304596697,-1.780257751634418
2856.0019999858923,0.11777898759174459,0.5194204774894715,0.999787338873244,2.3521638828128864,-1.7805498189580093
2864.4019999774173,0.11776089728943347,0.5200278008166366,0.9996996987389567,2.3509807402465026,-1.780102545910445
2872.8019999689423,0.11704592753619378,0.5202661802134345,0.9999122876959228,2.3505562516638117,-1.7819942271169813
2881.201999960467,0.1177120256997715,0.5188046608458956,0.9996769431444917,2.3534278627529903,-1.7812803401883501
2889.6020000102,0.11716044542138415,0.5204501653688378,0.9995461545190465,2.350106075961727,-1.781471713422857
2898.002000001725,0.11642215421398183,0.5199156463353927,0.9994258409913159,2.3511969040744325,-1.7840754880430552
2906.40199999325,0.11540027308484983,0.5203475632697816,0.9999472195597922,2.3504140281023083,-1.7867070730831192
2914.8019999847747,0.11588527865284175,0.520505080879937,0.9998657666056578,2.3500380395427722,-1.7851378628336283
2923.2019999762997,0.11583588038889232,0.5204520900049736,0.9996345559111718,2.3501588363033523,-1.785332929785508
2931.6019999678247,0.11658718360431468,0.5196929932498408,0.9997712425406308,2.3516815858738456,-1.7838036085255675
2940.0019999593496,0.11606322459439741,0.5206716797202803,0.9995514840597374,2.3497479991158245,-1.784498294610995
2948.4020000090823,0.11514615327682214,0.5203459240548778,0.9998360160323463,2.350408973179353,-1.7874429273812724
2956.802000000607,0.11529401802342223,0.5211619070134423,0.9995974828986104,2.348774260031726,-1.7863113509948105
2965.201999992132,0.11559859805343073,0.5204936343321418,0.99996867805712,2.350178128503836,-1.7860303524255772
2973.601999983657,0.11531972049987523,0.5208938029204299,0.9999386372851268,2.3494252264330533,-1.7865168027220226
2982.001999975182,0.11512278224462764,0.5207208794112185,0.9996053649109589,2.349651518372376,-1.7871844980121467
2990.401999966707,0.11554838665216347,0.5205421938177236,0.9998898297616954,2.3501001284205967,-1.7861427395543368
2998.801999958232,0.11465028189545712,0.5209079381912194,0.9998430385572354,2.34935786336489,-1.7884301331800696
3007.2020000079647,0.11430786087966753,0.5213309563375595,0.9998684161014278,2.3485768751422667,-1.789087392461262
3015.6019999994896,0.11413368394833481,0.5214815273154718,0.9999797079584319,2.34827219305636,-1.7894610899006949
3024.0019999910146,0.11431808653924466,0.521308965739016,0.9997539662729935,2.3485545264053367,-1.7890474001640404
3032.4019999825396,0.1154148370419537,0.5206223918792168,0.9998946947045065,2.3499709232112114,-1.7864750918493593
3040.8019999740645,0.11514570828169716,0.5207154491657081,0.9995510064165395,2.349770074933681,-1.7871698057684666
3049.2019999655895,0.11429211195957097,0.5209131934780595,0.9999561459196981,2.3494672065117053,-1.7895187788721958
3057.602000015322,0.1145254970243379,0.5213095368275108,0.999555664536553,2.3486476639149156,-1.788486759406067
3066.002000006847,0.11615784757889278,0.5219317834520123,0.999475984273554,2.347371164896001,-1.783215666513769
3074.401999998372,0.11682897219220023,0.5232635706656277,0.9997828221303889,2.344773830346689,-1.780190795094637
3082.801999989897,0.11559911195383372,0.5243749719161906,0.9994317392573067,2.3425869818138096,-1.7828124453056593
3091.201999981422,0.11651532760819032,0.5235213038563274,0.999402928533726,2.3442306765169083,-1.780865938384281
3099.601999972947,0.11592717830011331,0.5237091002151236,0.9997936433417834,2.3439595434399414,-1.7824449072935917
3108.001999964472,0.11577400151817399,0.524050696394051,0.9996169798048488,2.343219309284656,-1.7825745972726748
3116.4020000142045,0.11573729184201617,0.5242668956151053,0.9993965653491064,2.3427481897346802,-1.782482426190661
3124.8020000057295,0.11678612766677707,0.5226922258194986,0.9998558878298693,2.3460675169879717,-1.780855629940223
3133.2019999972545,0.11520473504548442,0.5231970568448261,0.9997111617120527,2.344992334695595,-1.7849612037367426
3141.6019999887794,0.11646787869776128,0.5233785796160408,0.9995665779231232,2.3446044328007325,-1.781159209873674
3150.0019999803044,0.11612571526310153,0.5237479237241692,0.9987878132455167,2.3438756824703306,-1.781838669797867
3158.4019999718294,0.11596330448442753,0.5228760597743243,0.9997944558442861,2.345657772762039,-1.783055026722032
3166.8019999633543,0.11698375279912257,0.5225048566766602,0.9996298059050807,2.346409764803885,-1.780429174387122
3175.202000013087,0.11603485123327384,0.5225411938235769,0.9995585251585114,2.346312800416899,-1.7831247679801625
3183.602000004612,0.11635412019396316,0.5226966202113636,0.9999656712310602,2.34601397156337,-1.7820780899147175
3192.001999996137,0.11702083683259565,0.5226290104215217,0.9997083870636118,2.3461083624544203,-1.7801959957072233
3200.401999987662,0.11779260265535144,0.5225250218055806,0.9994807479049577,2.346383223605682,-1.7780884251225089
3208.801999979187,0.11944375281205674,0.5222527916104253,0.9989462554121102,2.3468453106214504,-1.773530139905099
3217.2019999707118,0.12075431347013539,0.5234547733862086,0.999774356934578,2.3444901645524023,-1.7688188861161687
3225.6019999622367,0.12351092528714944,0.5241236794624835,0.9998366011233526,2.343125308644641,-1.76042012526656
3234.0020000119694,0.12465357806694524,0.525952520323588,0.9999593730560882,2.3394366456120137,-1.755762356072522
3242.4020000034943,0.12770722588853375,0.5266049151252716,0.9998906748625752,2.338013762456859,-1.746630496277247
3250.8019999950193,0.13061766063002386,0.5276573743374388,0.7084024639085972,2.3357253211000737,-1.7376612181247213
3444.0019999747165,0.12975017143989973,0.5124192378247061,0.6669466207553701,2.3666807770040776,-1.751706764424498
3460.8019999577664,0.12811418614985973,0.5177592459390357,0.9980956955069593,2.3555844587886288,-1.7521071304014812
3469.202000007499,0.12741444891721798,0.5178533892331955,0.9996320286249079,2.3554514182973976,-1.7540649832858992
3477.601999999024,0.12610307089585437,0.51773622678414,0.9998558039777219,2.355669907996014,-1.7579246634409627
3486.001999990549,0.12512911966924212,0.5183595392777294,0.9999945119156814,2.3543600732280066,-1.7602115199539115
3494.401999982074,0.12464384313853975,0.5174611443369412,0.9999980448774685,2.3561997175920975,-1.7623450122555786
3502.801999973599,0.12371384424032272,0.5185642082227835,0.9999858621605369,2.3539645659840334,-1.7641308345838662
3511.201999965124,0.12349801826103493,0.517330890670203,0.9999609823041578,2.3564360628026555,-1.765753356624096
3519.6020000148565,0.12365754047393725,0.5176941562545929,0.9997868826435293,2.3557124756202312,-1.7649985484095165
3528.0020000063814,0.12275932985410645,0.518165078568261,0.9999466078321583,2.3547753381041243,-1.767214143589472
3536.4019999979064,0.12308327360651497,0.5175959264587136,0.9995979228075442,2.3559191942831967,-1.766743014416538
3544.8019999894314,0.12285916844083591,0.5177649467443348,0.9996610194258917,2.3556209546771636,-1.7672694272932623
3553.2019999809563,0.12235743033565746,0.5177292540098294,0.9996824880626212,2.3557458960216757,-1.768772213252635
3561.6019999724813,0.12244195206884005,0.5171559305969675,0.9996962277200292,2.3568541878470017,-1.7689825376525037
3570.0019999640062,0.12207631160940684,0.5174634479204197,0.9997372806012446,2.3562570571282704,-1.7697968714821077
3578.402000013739,0.12197972499792202,0.5178226201845927,0.9995747614762139,2.355537271345065,-1.7697806979978223
3586.802000005264,0.12201523078033913,0.5178630092279771,0.9988858265456222,2.355382796584422,-1.7696150853303587
3595.201999996789,0.12118482432891473,0.5174478902792712,0.9995880149713007,2.3563026262600437,-1.772401676918891
3603.6019999883138,0.1209228666830052,0.5178125576748145,0.999646725572517,2.3555476572087595,-1.7728485708151906
3612.0019999798387,0.12054926225347376,0.5176224266700883,0.9998327238036976,2.355926975723395,-1.7740908023274202
3620.4019999713637,0.12052910741298058,0.5171858902049424,0.9992802607569892,2.3567858205951278,-1.7745083026253128
3628.8019999628887,0.12017000522169345,0.5173624097731231,0.9998835165577464,2.356516088042238,-1.775438919007463
3637.2020000126213,0.11932681329758976,0.5177921479900915,0.9997514033226373,2.3556243642823897,-1.7775160494826694
3645.6030000117607,0.12035922845801758,0.518396256327291,0.9997307031892787,2.35446625830827,-1.7740331793320996
3654.0030000032857,0.12023321102508291,0.5202481697422103,0.9997135351392765,2.3506804427024375,-1.7728317625898604
3662.4029999948107,0.11937913439702515,0.5219896472999358,0.9992873787122301,2.3471349008548366,-1.7738345113727576
3670.8029999863356,0.11947750340045057,0.5214029486000402,0.9998686759520342,2.3483873653416536,-1.7740660393033227
3679.2029999778606,0.11938551042843507,0.5211079447283499,0.9998300669861699,2.349034102242608,-1.7745974255106645
3687.6029999693856,0.11898687381188355,0.520900224858013,0.9989894389178764,2.349417990009702,-1.775905669027089
3696.0029999609105,0.11940431786359414,0.5204564857330893,0.9993211855159121,2.3503459268828557,-1.7750854834745324
3704.403000010643,0.11938339507395215,0.5207905501336136,0.9995601051040799,2.3496105655136184,-1.7748416477719022
3712.803000002168,0.11919731152050654,0.5208995626373176,0.9996204475381725,2.3495020452961333,-1.7753333888721292
3721.202999993693,0.11892653339980833,0.5214692515007255,0.9987595472541516,2.348243262722453,-1.7755932590539167
3729.602999985218,0.11925331285614185,0.5211666324149671,0.9989307201873998,2.348963294578586,-1.7749491704101552
3738.002999976743,0.1188033030164553,0.5226893157074349,0.9998315335905892,2.3459767296840304,-1.7750139246221537
3746.402999968268,0.11894147045181258,0.5215891522780083,0.9995991202589101,2.3481647101280174,-1.7755178524341404
3754.802999959793,0.11844474803248599,0.5214179324736201,0.9994182014708671,2.348508174849454,-1.7770918376765947
3763.2030000095256,0.11904141674920594,0.5217596916932729,0.9994417208570606,2.3478713931036554,-1.77510898466058
3771.6030000010505,0.11824983033816046,0.5222575748498146,0.999172532615154,2.3468807491469836,-1.7769784594499445
3780.0029999925755,0.11863798986561554,0.5218619488920597,0.9994439374409467,2.3476194150015446,-1.776166505238631
3788.4029999841005,0.11862095447719137,0.5222251150581632,0.9991235678530386,2.34695567556963,-1.7759413912736464
3796.8029999756254,0.11878112687852811,0.5217128120965562,0.999742136289086,2.3480083233969373,-1.7759151771023156
3805.2029999671504,0.11894026818012167,0.521969075334012,0.9997574332110469,2.3475294489410667,-1.77525922874117
3813.6029999586754,0.11922656501954396,0.5223421510354618,0.9997192463783948,2.3468364479087116,-1.77415075257231
3822.003000008408,0.11861612923306168,0.5222892035637517,0.9997072345933243,2.3469586122961137,-1.775956717605906
3830.402999999933,0.11832031362396785,0.5230280025700622,0.9993725196557445,2.345416751367302,-1.776171338178397
3838.802999991458,0.11781187579567005,0.5229546783413305,0.9994141066803933,2.3456685011374865,-1.777737142345648
3847.202999982983,0.11920243444642206,0.5222221562516409,0.998884025600942,2.3470404272403047,-1.7743038245178882
3855.602999974508,0.11848796017443548,0.521985597179502,0.999389178029179,2.3475296949821427,-1.7765617131184552
3864.002999966033,0.11837467866334724,0.5229499395111119,0.9988057520000799,2.3455985093859884,-1.7760900935114243
3872.4029999575578,0.11864096373484592,0.5223412430334065,0.999398849372232,2.346857459217166,-1.77584352655182
3880.8030000072904,0.11855513954991168,0.5225934712761078,0.9994097440470787,2.346302965568832,-1.7758616423473088
3889.2029999988154,0.11797788369049597,0.5240568472992052,0.9991162857470197,2.3433798141980167,-1.7763163306699778
3897.6029999903403,0.11846237524294043,0.5225980290221675,0.9993756468548713,2.3462960548279783,-1.7761255336387896
3906.0029999818653,0.11813738658720174,0.5230763178711397,0.998897153148911,2.345398797635047,-1.7766897746995391
3914.4029999733903,0.11816485549233553,0.5221498642713165,0.9987206828937971,2.34719967512039,-1.7773555929393505
3922.802999964915,0.11807695530438762,0.5225334959602173,0.9993402269516957,2.3464846249868723,-1.7773124267068023
3931.203000014648,0.11817290363276194,0.522569338759002,0.9994132565196372,2.346426613043396,-1.77701233682301
3939.603000006173,0.11776229973432759,0.522889042042967,0.9990027917093441,2.3457667565311544,-1.7779203132996424
3948.0029999976978,0.11756617045012545,0.5232995734800331,0.999220770897915,2.344920797935226,-1.7781336249719562
3956.4029999892227,0.11789501122564464,0.5229374284744176,0.9988541566381338,2.3455715518568985,-1.7774574256603737
3964.8029999807477,0.1180884716383102,0.5216931899700776,0.99947485549886,2.348149131917064,-1.7779704288213156
3973.2029999722727,0.11808790464143329,0.5216458904112006,0.9992298133406688,2.348138515864408,-1.7779673996545966
3981.6029999637976,0.11731778996585174,0.5223229740579286,0.9992883504267642,2.3468292925800185,-1.779642056870729
3990.0030000135303,0.1174475655516555,0.522461114891768,0.9995199538390371,2.346631673649305,-1.779185961203119
3998.403000005055,0.11740104872774855,0.5217766924499808,0.9995583148614974,2.3478800741536885,-1.779841162337404
4006.80299999658,0.11756904555932968,0.5216078040258816,0.9995455765087772,2.348215807214683,-1.779496797643107
4015.202999988105,0.11796847121608808,0.5213910493995785,0.9990330066470287,2.348593823569114,-1.7785017004770025
4023.60299997963,0.11850335587972145,0.5216721488110696,0.9997887081222425,2.3481392389925237,-1.7767698989518346
4032.002999971155,0.11838812145661684,0.5221210461447784,0.9992774719197336,2.3471776198031162,-1.7767033121350175
4040.40299996268,0.11784235246850301,0.5216473949122682,0.9986059981025723,2.3480177464238476,-1.7786250100741954
4048.8030000124127,0.11844628284864123,0.5214637692101178,0.9994025387909665,2.3484593147327386,-1.7770671718192645
4057.2030000039376,0.11846373758733267,0.5206644092322074,0.999574769358387,2.349993147062788,-1.7776554330399408
4065.6029999954626,0.11854367018270154,0.5212474188765104,0.9989512665147255,2.348864339639327,-1.7769545254346144
4074.0029999869876,0.118390800523684,0.5212068869340531,0.9995807755579789,2.3488984735394363,-1.777409741762755
4082.4029999785125,0.11816330133462478,0.5218538218157545,0.9993889452044707,2.3476088145562346,-1.777529459888639
4090.8029999700375,0.11822737073847436,0.5216375737771773,0.9997185331596581,2.3480545238304513,-1.7775300632925726
4099.202999961562,0.11838235179648474,0.5217582744365512,0.9989688834316013,2.3477698345367055,-1.7769650702197803
4107.603000011295,0.1180941221963224,0.5218091793433237,0.9995356129361209,2.3477137780444446,-1.777772495745737
4116.00300000282,0.11802452201626075,0.5213713680525751,0.9996746579597489,2.348619753415809,-1.7783507146569641
4124.402999994345,0.11848633582579474,0.5207235352095604,0.9995199067080911,2.349826882936629,-1.7775207321500055
4132.80299998587,0.1188879014851568,0.5213169567569351,0.99952998656791,2.348665535095332,-1.7758793253458285
4141.202999977395,0.11884027050893908,0.5211559120973437,0.9995866743021314,2.3489829548679406,-1.7761481731965847
4149.60299996892,0.1182205550893948,0.5212816118495939,0.9990668159609835,2.3486960001695256,-1.7778165854578643
4158.002999960445,0.11879885010974242,0.5213561008577596,0.9990740961643564,2.348621119168396,-1.7761176612117624
4166.4030000101775,0.11843649331298574,0.5204549000422058,0.9995979604674554,2.3504145792222326,-1.7779102354763578
4174.8030000017025,0.1182840423796105,0.5208996282134349,0.9995579945932547,2.349450659224947,-1.777948031761106
4183.202999993227,0.1179756275397652,0.5221807056725143,0.999700737085244,2.346977434697798,-1.7778078919233005
4191.602999984752,0.11819831754190631,0.5209870776445817,0.9991663604167551,2.349296379752389,-1.7781312248807626
4200.002999976277,0.11845353423049634,0.5216348746294366,0.9990873563485757,2.3480302016308503,-1.776867988075761
4208.402999967802,0.11879779152580369,0.5213996457947248,0.9991003622096268,2.348403801426856,-1.776030618360246
4216.802999959327,0.11882419961537653,0.5212354272699958,0.9995051398652738,2.348789408776088,-1.7761142707967363
4225.20300000906,0.11893351186981241,0.5212381598738203,0.9995062006096261,2.3487686200673035,-1.7757905057996806
4233.603000000585,0.11889630325702982,0.52099652851271,0.9997487295515661,2.3492718971497446,-1.776106368827878
4242.00299999211,0.11883313259810886,0.5205314064999111,0.9992838981845276,2.3501802775373744,-1.7766661819078617
4250.402999983635,0.11874303604353025,0.5207297016166572,0.9994333972902569,2.349770658620302,-1.7767559161826194
4258.80299997516,0.1194229820492084,0.5204524004103527,0.9989188016923376,2.35026243092373,-1.774997160673158
4267.202999966685,0.1185735241873207,0.5207907142388832,0.9994095208613664,2.349645744133938,-1.7771933772457458
4275.60299995821,0.11943251137685448,0.5208629500072103,0.9993893630854205,2.3495276742924824,-1.774665683786003
4284.003000007942,0.1184850627522522,0.5201328217131781,0.9982938360542383,2.350892114165409,-1.7779694790155953
4292.402999999467,0.11954734690479056,0.5203731473813469,0.9995882697633633,2.3504768136331724,-1.7747268285697437
4300.802999990992,0.11907546758092709,0.5198776250618827,0.9995588381128747,2.3514543085397026,-1.7764965088080225
4309.202999982517,0.11887717258709452,0.5199954045380545,0.9992372583610089,2.3511776490491916,-1.776954669078982
4317.602999974042,0.11878932653677228,0.5207098985789356,0.9991253753526751,2.349774808589402,-1.7766239843805067
4326.002999965567,0.118670071035812,0.52015685624589,0.9996806470684374,2.3509381179158413,-1.7774535795991628
4334.4030000153,0.11906420581597868,0.5199295560365538,0.9991718975969532,2.351359678499033,-1.7764896135906518
4342.803000006825,0.1184700641473893,0.5197211976602141,0.999153256918191,2.351745319107409,-1.7783705475618814
4351.20299999835,0.11853466437076987,0.5199385577134115,0.9996522693439229,2.351368640053882,-1.7780255215398915
4359.602999989875,0.11824508622717902,0.5208373457709143,0.9989842731659307,2.34945118039782,-1.7780605905212663
4368.0029999814,0.11777362954231445,0.5218898181918227,0.999446507826186,2.3473787496995913,-1.7785562199504987
4376.402999972925,0.11813600699508262,0.5205440171154299,0.9993178686313894,2.350104063226141,-1.778648957505862
4384.80299996445,0.11821551413633805,0.5205858565923611,0.9989748412706959,2.349982303854735,-1.7783680987032058
4393.203000014182,0.11804225845087415,0.5217890401656969,0.9993600241540539,2.3475631819118052,-1.777858834545393
4401.603000005707,0.11870551922835686,0.5203903392036267,0.9989877662520976,2.3503042726694727,-1.7770865288126858
4410.002999997232,0.11804036400089654,0.5206281072589625,0.9997759069799439,2.3499568057835196,-1.778863802389886
4418.402999988757,0.11810346035784343,0.5209423495777973,0.9990042901439432,2.3492410656095277,-1.778381809902915
4426.802999980282,0.11833513167235928,0.5194394223944541,0.999886012433587,2.352332203700921,-1.7790082801027938
4435.202999971807,0.11889675571431021,0.5198917441367161,0.9997773756039466,2.35139681034155,-1.7769895212518594
4443.602999963332,0.11866339507282678,0.5198520663339266,0.9995753635227753,2.3515686473986896,-1.7777366515356379
4452.003000013065,0.11782901595564237,0.5207665594016397,0.9996421958601555,2.34965649611593,-1.7793488206091979
4460.40300000459,0.1188094200685799,0.5198927988971139,0.9995005174137329,2.351410801987172,-1.777248037925478
4468.8029999961145,0.11825030060309669,0.520240106098637,0.9995580998993437,2.3506529703612755,-1.7785483887677573
4477.2029999876395,0.11918998519809257,0.5201919089643765,0.9995178162476961,2.3507934102344046,-1.7758903153262673
4485.602999979164,0.11903065567109436,0.5194358443332603,0.9994509997354029,2.3523489991578725,-1.7769998966117466
4494.002999970689,0.11910911756588374,0.5197081808039357,0.9994568245144273,2.3517909177114182,-1.7765395787035625
4502.402999962214,0.11919504323651946,0.5194387237673272,0.9993286178074089,2.352301108858454,-1.7765039188752167
4510.803000011947,0.11861935643000195,0.5197864328484115,0.9996509284106412,2.35165374161003,-1.7778998141273552
4519.203000003472,0.11845870559368699,0.5192065959548187,0.9995015490358385,2.352817432482984,-1.7788542888248242
4527.602999994997,0.11838988657054368,0.5191767385887409,0.9989343569556225,2.3528186525652006,-1.7790544563975375
4536.002999986522,0.11931008886406316,0.519652601865651,0.9985679838045168,2.351791883488866,-1.7759587226378046
4544.402999978047,0.11903074345209683,0.5189092562256519,0.999293518701261,2.3533580472743236,-1.7774225685243759
4552.802999969572,0.11910443846075118,0.5187821745287963,0.9995473230434714,2.353656269253235,-1.7773338951229603
4561.202999961097,0.11905408858187375,0.5190983522765759,0.9991776421036755,2.3530442814565133,-1.7772231313000042
4569.603000010829,0.11864630425696668,0.5193704336782392,0.9993935844494457,2.3524266285723736,-1.7781460429043732
4578.003000002354,0.11895079211881816,0.5184306743332636,0.9991702460641256,2.3543106800222495,-1.7780552333185986
4586.402999993879,0.11860252541357666,0.5190620863616285,0.9989722361789032,2.3530597734593757,-1.7785392100537798
4594.802999985404,0.11862998269242371,0.5191608958856302,0.9994161834477011,2.352914564367928,-1.7783984015523444
4603.202999976929,0.1190015311351901,0.5189223726489939,0.9990000480713408,2.3532918282764506,-1.7774795717193117
4611.602999968454,0.11856704717165933,0.5188991113527199,0.9991180203784522,2.353402194853954,-1.7787864043898614
4620.002999959979,0.11922932799760874,0.517363389143122,0.9994904978179402,2.3564823342122803,-1.7781621112633876
4628.403000009712,0.1188309130042244,0.5185848298108693,0.999590444036058,2.354080614053545,-1.7783062562226781
4636.803000001237,0.11901020450798142,0.5188929098018491,0.9992189938523628,2.3533980225545568,-1.77749890416303
4645.202999992762,0.11934997020090946,0.5181096844994855,0.9992841258905971,2.3549764408981133,-1.7771759292781781
4653.602999984287,0.11931316433842913,0.5185522169118357,0.9992067265580316,2.3540967311307175,-1.7769131919217669
4662.002999975812,0.11957081701761627,0.5183527427759573,0.9992907952510167,2.354538330951447,-1.776350456043749
4670.402999967337,0.12008384805243955,0.5183616318112145,0.9995028377816917,2.354504849680313,-1.7748479475595478
4678.802999958862,0.12032867429327987,0.5188253899987749,0.9993278319299732,2.353603972282687,-1.7737635071296056
4687.203000008594,0.12229869451523068,0.5192243400755203,0.9998930054861203,2.3527278834525287,-1.7677109904472528
4695.603000000119,0.12363208230325262,0.5198758309945648,0.9992053779130747,2.3515021809769427,-1.763377455540063
4704.002999991644,0.12500969416535743,0.5219802459262428,0.9997560398849965,2.3472410597556554,-1.757754461580658
4712.402999983169,0.12968250756880995,0.5226072391104979,0.9993414841451538,2.3459523683836823,-1.7439890074082118
4720.802999974694,0.1328057204723506,0.5231961942041697,0.9999699947178242,2.344700815606215,-1.7347207386601342
4729.202999966219,0.13600259753178356,0.5231539507564491,0.7267776154111637,2.344593824341886,-1.725708830192002
4888.802999979816,0.1318864584781206,0.5148778425732512,0.6447312257783537,2.361604518974417,-1.7435571335792017
4897.203999978956,0.13025959089968575,0.5213816632170779,0.9977913582435214,2.348443188778692,-1.7432743181794284
4905.603999970481,0.1295185345157847,0.5203779700173232,0.793333374521252,2.3504307395117614,-1.746122831291092
4914.003999962006,0.1278215789745596,0.5208415070885566,0.9999394165579337,2.3494735803606397,-1.7505962215628172
4922.404000011738,0.12717425027800328,0.5206435337241395,0.9996680379744467,2.3498185203758384,-1.7525753167408535
4930.804000003263,0.12694898224549434,0.5203569023985039,0.9998892111363755,2.3503916300202476,-1.753438947159272
4939.203999994788,0.12599707834976007,0.5205430124898139,0.9998038832603549,2.35004116145151,-1.7560236862150689
4947.603999986313,0.12516999202766121,0.52034276094465,0.9999776704597418,2.3505674905052985,-1.7585944685513237
4956.003999977838,0.12506138101842695,0.5201149142759376,0.999835445893894,2.3509727270429797,-1.7590655443777117
4964.403999969363,0.124644926559677,0.5201237226154061,0.9988057344125897,2.3508949466321942,-1.7602297561382774
4972.803999960888,0.12377598229742906,0.5199521116359045,0.9993892870440135,2.3513154456563266,-1.7628898173191687
4981.204000010621,0.12381723253419903,0.5199434613635576,0.9996089597843693,2.351332223959486,-1.7627780003316265
4989.604000002146,0.12426474020572095,0.5194354916092587,0.9991935539571016,2.3523161593167434,-1.7618840991576294
4998.003999993671,0.1234440391485557,0.5194553615596798,0.9993946654653088,2.3523189380330414,-1.7642454598824093
5006.403999985196,0.12281966940207067,0.5199436626056549,0.9986042028307763,2.351306494976402,-1.7656357159463263
5014.803999976721,0.12294279908111108,0.5204496218078134,0.9991967903993376,2.3503803638306846,-1.7649092407359066
5023.203999968246,0.121968103407798,0.5201142883826206,0.9999115245662722,2.3510905336518957,-1.7679983822251595
5031.603999959771,0.1224372546574044,0.52060411353461,0.9993034492200062,2.3500012931416645,-1.7662101269377166
5040.004000009503,0.12219566462551143,0.52007579896622,0.999169756321834,2.3510445709652683,-1.7673255834510788
5048.404000001028,0.12227275515629232,0.5207459301569337,0.9993565973002587,2.3497045673368135,-1.766563486456504
5056.803999992553,0.1223116256479401,0.5201536780426472,0.9994282352279643,2.3508946858046844,-1.7669312919555793
5065.203999984078,0.12113854590701072,0.5208458499552335,0.9996674139627834,2.34957556208173,-1.7697714774271989
5073.603999975603,0.12110492016963229,0.5202649118463238,0.999235018006629,2.3506813263800375,-1.7703189127597625
5082.003999967128,0.12130327426489891,0.5208066900946862,0.9983071495045457,2.3495893167076733,-1.7693035426542802
5090.403999958653,0.12079203184197448,0.52070796932683,0.9990321488572981,2.349829814751933,-1.7708724173879422
5098.804000008386,0.12111597268630625,0.5210594604320691,0.9991785068407182,2.3490509831663617,-1.769623756502772
5107.203999999911,0.12070004453233359,0.5203854164245856,0.9992483955458593,2.3504728053160466,-1.771400235955853
5115.603999991436,0.11915907599201656,0.5221032750263186,0.9988275477179978,2.3470537680203254,-1.7744338545260432
5124.0039999829605,0.12037925689931565,0.5214775467565631,0.9991029183608161,2.3483005486021806,-1.7714360908108644
5132.4039999744855,0.11962913053990491,0.5206977337370742,0.9989796949714027,2.349856494803211,-1.7742344260419034
5140.80399996601,0.11973240261641545,0.5210773766136444,0.9988628622049333,2.3491132575175286,-1.7736304924657529
5149.203999957535,0.12016456033631702,0.5211340389967216,0.9992385672834859,2.349018763284743,-1.7723471591519468
5157.604000007268,0.11947867791575853,0.5214255711590627,0.9997254760819826,2.3484439440611307,-1.774085860854661
5166.003999998793,0.1193405437395001,0.5207484759390042,0.9994503040015247,2.349857580380794,-1.775067246540461
5174.403999990318,0.11991013987959773,0.5210937861853523,0.9992632098876572,2.3491259106514164,-1.7731236356437836
5182.803999981843,0.11920573627258721,0.5216362726423212,0.9992990461812719,2.3480846439236926,-1.774723774392111
5191.203999973368,0.1190130452262927,0.5206250657508822,0.9985589739335832,2.3500683796122788,-1.7761000148798383
5199.603999964893,0.11963597976531566,0.5214372391598983,0.9993568685660501,2.348466534259205,-1.773642220987021
5208.0040000146255,0.1191541108331308,0.5211721422118031,0.9995004130253787,2.349032726500343,-1.7752637949564158
5216.40400000615,0.1194895266521813,0.5208494611961786,0.9987280227084248,2.3496521910384716,-1.7745525635027137
5224.803999997675,0.1190002764959905,0.5214842269777464,0.9993530387123525,2.3484227059372538,-1.7754550502290516
5233.2039999892,0.11984090301569736,0.5211749920268396,0.9990078037242414,2.348999044813301,-1.7732708813819378
5241.603999980725,0.11917431435817578,0.5205712594465969,0.9997032732358129,2.3503040247916758,-1.7757320275462751
5250.00399997225,0.11847383409000187,0.5216272396585555,0.9993216302335358,2.3481906791879315,-1.7768762841523966
5258.403999963775,0.11904711581730228,0.5207330357603993,0.9995134703859774,2.3499439686767705,-1.775949936408565
5266.804000013508,0.11817570533101214,0.5221215458371098,0.999278962187622,2.3472094080433905,-1.7773282583315497
5275.204000005033,0.11828898681575999,0.521477394950978,0.9992986074070619,2.3484983617232276,-1.7775372023996245
5283.603999996558,0.11827814131718553,0.5219837964928505,0.9994932737730532,2.347533068538225,-1.7771675436966263
5292.003999988083,0.11803689466047906,0.5219289345736706,0.9996264596143425,2.347684216288098,-1.777925705200018
5300.403999979608,0.11822238595169968,0.5218526870543689,0.9991946983657672,2.3477314746530413,-1.7774104199211989
5308.803999971133,0.11863087113224262,0.5211815891105569,0.9994677827259507,2.349067572477432,-1.776787443690195
5317.203999962658,0.11816097437677162,0.5206956136337795,0.9994787117385828,2.3500558619673675,-1.7785569146682536
5325.60400001239,0.11861505519741473,0.5218818314196156,0.9991515028286077,2.347716651461803,-1.7762729760921687
5334.004000003915,0.11766176264239978,0.5211025809595977,0.9997541180285218,2.3492775089610207,-1.77967400523452
5342.40399999544,0.11806714088685162,0.5213254743784691,0.9993668644772081,2.3488511424091745,-1.7783245516347634
5350.803999986965,0.11816062876893625,0.5207259057795633,0.9996362697003559,2.3500172668244828,-1.7785417866187736
5359.20399997849,0.1176592931046676,0.5217859987967595,0.9989354264159058,2.347838847779056,-1.779078695507163
5367.603999970015,0.11859004768639406,0.5214731756067346,0.9993715046153455,2.3484355902629117,-1.776642771390858
5376.00399996154,0.11816348232122845,0.5205182670525982,0.9997197645912332,2.350393690526219,-1.7786911398317158
5384.404000011273,0.11839784064430389,0.5207759065352389,0.9994299919832691,2.3498472172166576,-1.7777849912195172
5392.804000002798,0.11790889950230513,0.5205230299644041,0.9998002580135628,2.35044041589398,-1.7794474275124275
5401.203999994323,0.1182404724050961,0.5207749191117724,0.9995546467619514,2.3498057733020454,-1.7782223803238073
5409.603999985848,0.1175022311040788,0.5211406542236418,0.9993340637179324,2.3490540537017295,-1.7800408771614322
5418.003999977373,0.11814009612620505,0.5210429393022349,0.9993951706295098,2.3492787973744784,-1.7782921835090186
5426.403999968898,0.1175963452223916,0.5209523423124156,0.9993722288675997,2.349431886778059,-1.7799275245919934
5434.8039999604225,0.11835400984161018,0.5206203204312074,0.9993534343939282,2.3500635455321346,-1.7780019342874431
5443.204000010155,0.11853687815601299,0.5202922487567109,0.9992791730501911,2.3507224664018955,-1.7777486628641967
5451.60400000168,0.11846411564026171,0.520378436386745,0.9994937262060485,2.350585737072235,-1.7779019350556953
5460.003999993205,0.11845297012257228,0.5201274192191849,0.9995286320967041,2.3510192986307787,-1.7781156072610322
5468.40399998473,0.1177898622467,0.5200376906357451,0.9994382441743265,2.351230341993761,-1.7801243261561384
5476.803999976255,0.11872116869308998,0.5201728810527788,0.9986953027422695,2.350843395322534,-1.7772662522661131
5485.20399996778,0.11810618703830325,0.5195671067975127,0.9992761230430043,2.352169606311118,-1.7796035724797035
5493.603999959305,0.1179473064198751,0.5200331429579141,0.9993652212267261,2.3511998132643535,-1.7796553132309867
5502.004000009038,0.11814557891896,0.5197570579323072,0.9999205887390088,2.3517839614340157,-1.7793268716304473
5510.4040000005625,0.11872705015198629,0.519123463869589,0.9997122112420992,2.353008783307498,-1.7781564853867708
5518.8039999920875,0.11777645036282718,0.5189021024201554,0.9995833203903964,2.353486352721211,-1.78111811838292
5527.203999983612,0.11793885486478532,0.5192466271989158,0.9993197646646695,2.3527467059572196,-1.7803327931903195
5535.603999975137,0.11821135031740986,0.5197994053906586,0.998848572729448,2.3515615910807384,-1.7790426731661162
5544.003999966662,0.11832858273411243,0.5188757509003101,0.9990006507411809,2.3534308614470745,-1.779490758761748
5552.403999958187,0.11810761628463196,0.5197390416369119,0.9994083259040705,2.3517226543723373,-1.7794110088141817
5560.80400000792,0.11804144226470696,0.5184077293667777,0.999674723351224,2.354397606289716,-1.78073490162275
5569.203999999445,0.11862918009387399,0.5186220178350276,0.9997771810110645,2.353983316434236,-1.7788511356490613
5577.60399999097,0.11819716123091557,0.5184867963482386,0.9993390388370322,2.3541966721155987,-1.780196812806722
5586.003999982495,0.11787845617167378,0.518665734194262,0.9995849697568925,2.3538498778103767,-1.780976052623204
5594.40399997402,0.11798364762580942,0.5185872591875949,0.9994819432889732,2.3539966329205577,-1.7807326030478816
5602.803999965545,0.11831233952121725,0.5183986392568116,0.9993468879863725,2.3543419104110623,-1.7799236035822232
5611.204000015277,0.1181084875129426,0.5190154388422045,0.9992130518701675,2.353013539647531,-1.7799532859839948
5619.604000006802,0.11804752421689821,0.5184069604973497,0.9988590673106706,2.3543019839916886,-1.7806766239189251
5628.003999998327,0.11829638670160274,0.5181805501690728,0.9992073996658596,2.3547801023316386,-1.780155896835634
5636.403999989852,0.11777441065635127,0.5186307790114629,0.9996802433503346,2.353907238063946,-1.7813029368001818
5644.803999981377,0.11883172362517987,0.5176717972667593,0.9996835144159683,2.3558180034382166,-1.7790384447557788
5653.203999972902,0.11848219567206471,0.517650187079034,0.99942810944393,2.3558252890079583,-1.7800592589435502
5661.603999964427,0.11806004935753305,0.5188356824641154,0.9992990513076143,2.3534351320892695,-1.7802724000701986
5670.00400001416,0.11762446593027209,0.5180466548494698,0.999685856943701,2.355026179961111,-1.7822165559658876
5678.404000005685,0.118633853825256,0.517727795349233,0.999730649190549,2.355690078243569,-1.7795601979363238
5686.80399999721,0.1179236958869001,0.5180801850769956,0.9995517305678399,2.354959388010362,-1.7813167144168398
5695.203999988735,0.11887663548911878,0.5175623071893038,0.9993611961072938,2.3559556424883934,-1.7789662962184192
5703.60399998026,0.11810829185565845,0.517686745127186,0.9990617305875523,2.355685349562529,-1.7810888070955764
5712.003999971785,0.1180284313321311,0.5180451482058903,0.9997979799045958,2.355063442223545,-1.7810561389650459
5720.40399996331,0.1182497032172122,0.5182975374862234,0.999770906245256,2.354583516914038,-1.7802081798628204
5728.804000013042,0.11775141288720707,0.5188992521968625,0.9995436406889529,2.3533445240862485,-1.7811305455399258
5737.204000004567,0.11826939912368495,0.5179190113851092,0.9995228376323163,2.3552907230723346,-1.7804514534815625
5745.603999996092,0.11780992709063867,0.5181742141505697,0.9985281688794232,2.3546940382403765,-1.7815347523664984
5754.003999987617,0.11778660424252493,0.5183745737144732,0.999421173170832,2.3543437132374216,-1.781453289309517
5762.403999979142,0.11830906586421208,0.5177918253824039,0.9997282154474149,2.355550628456784,-1.7804465471738666
5770.803999970667,0.11792206236678,0.5185232747356212,0.9995123389327227,2.354039350650134,-1.7809298118548362
5779.203999962192,0.11840158109563448,0.5183396702720046,0.9993949454531031,2.3544062716345797,-1.7796915255794747
5787.604000011925,0.11779279702457575,0.5193200056062853,0.9995025199744964,2.3524657532600486,-1.7806376425317878
5796.00400000345,0.11779215086923789,0.5184940545464534,0.9998315421895542,2.3541172308239853,-1.7813407042548328
5804.403999994975,0.11795117323307043,0.5182787835340619,0.9992389123576312,2.3545345886870734,-1.7810558054034202
5812.8039999865,0.11829322010658197,0.5181329777269584,0.9990827792387462,2.35481437872726,-1.7801797381567142
5821.2039999780245,0.11824814088162769,0.5177124302248479,0.9999348258837378,2.355735697941675,-1.7807027490883973
5829.6039999695495,0.11915505710844587,0.517764088007464,0.9991211846257078,2.355530177690143,-1.7779763109515865
5838.003999961074,0.11868243460519232,0.5192425218460475,0.997529011768303,2.3525021424037535,-1.7780732197611009
5846.404000010807,0.11827011742712008,0.519620869037297,0.9998743055987561,2.351938664031884,-1.779031056646028
5854.804000002332,0.11926394724279929,0.5189901723687251,0.999294360023672,2.3530790239074157,-1.7766298327433852
5863.203999993857,0.12042548520160841,0.5187759117100161,0.9996827880030918,2.3535260163940213,-1.7734517654178614
5871.603999985382,0.12059378123788007,0.5186841785623388,0.9998309586201097,2.3537445874039986,-1.773054936781249
5880.003999976907,0.12184784818559025,0.5208562801146064,0.9996847010719623,2.349364969475756,-1.7676480937841599
5888.403999968432,0.12346819060166521,0.5216379196009396,0.9999304037864154,2.347831027056788,-1.762390148646029
5896.803999959957,0.12601524435563616,0.5245077498170596,0.9999612178556052,2.3421145207344995,-1.7529314223275942
5905.2040000096895,0.13008912370586997,0.5263296788594757,0.999572988775302,2.3383318818278176,-1.7400699605157284
6090.003999997862,0.13438766629482224,0.5215424698058457,0.6313150152586151,2.3480595593209,-1.7314554964070334
6098.403999989387,0.13182815279579704,0.5263652226870614,0.9944633993681393,2.338365769701152,-1.735214353881442
6106.803999980912,0.13298673130695876,0.5248470939492484,0.999946031837202,2.341412742706936,-1.733046366244302
6115.203999972437,0.13304841017675356,0.5222076371712054,0.9875925246861359,2.3468406627591465,-1.7347970666377912
6123.6039999639615,0.13177925670974097,0.5216873837153906,0.9894925395648015,2.3479369938071457,-1.7387786855474028
6132.004000013694,0.13073667794733312,0.5230248827609827,0.9999784641910495,2.3451661085218793,-1.7407188614651372
6140.404000005219,0.1294704044302803,0.5233527305270933,0.9999732912318843,2.344461359843378,-1.7440384190791678
6148.805000004359,0.1290596349843546,0.5231875967387616,0.9999005735940779,2.3448382446882707,-1.7453381293906778
6157.204999995884,0.12835410589688415,0.5229171533464073,0.9999535165848126,2.3454041013593483,-1.7475456561171787
6165.6049999874085,0.12826390669065862,0.5238422206560662,0.9999814753158199,2.343577716547156,-1.7471192841400234
6174.0049999789335,0.12822913212628628,0.5233117051331384,0.9994746645388183,2.344582023180331,-1.7475929855704029
6182.404999970458,0.1276181332960508,0.5227418866703211,0.9997633973619151,2.345761167786932,-1.7497663582586693
6190.804999961983,0.12741639857464787,0.5220528855500508,0.9995151160250652,2.3471174240802726,-1.7508527505280167
6199.205000011716,0.1274959945661752,0.5222175679987391,0.9995726199756793,2.3467956617499572,-1.7505043856195042
6207.605000003241,0.12734301370814824,0.5226999982392776,0.998810473615551,2.345842441715293,-1.750577886514166
6216.004999994766,0.12734560649264673,0.5223793600885418,0.998643864670115,2.3464146211558123,-1.750788258080269
6224.404999986291,0.12742087453707102,0.5218482439435015,0.9988883312665814,2.3475795054865563,-1.7510145973662108
6232.804999977816,0.12689424775928543,0.5217637144315141,0.9995654668549604,2.347802894005639,-1.7525978396279192
6241.204999969341,0.1264578143578559,0.5219511756718682,0.9998283226791057,2.347473807725698,-1.7537141544042671
6249.604999960866,0.12647397095409266,0.5222305932082236,0.9999780875543407,2.3469595411533017,-1.7534704667027718
6258.005000010598,0.12613445524516403,0.5216481974344761,0.9990620454920851,2.34803138422763,-1.7548507811819867
6266.405000002123,0.12637876849641563,0.5220659361191109,0.9997552582249414,2.3472839824424288,-1.7538659068912088
6274.804999993648,0.12602858678081366,0.5217501842336159,0.9982920752988395,2.3478701741022925,-1.755089907745906
6283.204999985173,0.12573606831688638,0.521620021978196,0.9995769526876351,2.3481758700271325,-1.7560418123809352
6291.604999976698,0.1256909169276022,0.5219434345470281,0.9988862965371699,2.347491430451343,-1.7559064450981146
6300.004999968223,0.125942654990643,0.5220284404506854,0.9988612192236768,2.3473231505920062,-1.755123911923678
6308.404999959748,0.1255130014230535,0.5218265527216698,0.9996756390387044,2.347772578168891,-1.756522043706006
6316.805000009481,0.12546086775181559,0.521209693795254,0.998928193125188,2.351006686269297,-1.760971904024118
6325.205000001006,0.12536695410463547,0.5209956792141268,0.9986751315317741,2.3514474966326713,-1.76142126915231
6333.604999992531,0.12509051039472432,0.5218789462176577,0.9987896201985317,2.349764767919698,-1.7615638561722136
6342.004999984056,0.12537909190315313,0.5212213330763039,0.9993400499447068,2.351054519133475,-1.761229439987665
6350.404999975581,0.12478793420452457,0.5213098109356114,0.9995182868601473,2.350916479527882,-1.7629060938892622
6358.804999967106,0.12282626699551602,0.5215005607690111,0.9993759768064667,2.3505820950659473,-1.7685270251187593
6367.204999958631,0.12061282806030338,0.5193653047220905,0.9994580000526602,2.354856662999462,-1.7768191238985138
6375.605000008363,0.11925576748673379,0.5197838734694016,0.9997215052720775,2.354124895070787,-1.780534760273847
6384.004999999888,0.11940961484748151,0.519836972940165,0.9996549450236638,2.353937860266737,-1.7799992450135573
6392.404999991413,0.11980179718252044,0.5195759648746228,0.9990250563519429,2.3545035105100456,-1.7790750459035907
6400.804999982938,0.11862672323319931,0.5203524195260174,0.9995475406632683,2.3529626832046153,-1.781907627550432
6409.204999974463,0.11940139338453629,0.5196809144116622,0.9986163177978017,2.354344621922836,-1.7801957192449998
6417.604999965988,0.11902099944581294,0.5199269577687042,0.9996166288199371,2.3539106898829925,-1.7811405946937517
6426.004999957513,0.11925308435909292,0.519469281436216,0.9992346365620404,2.35480602505067,-1.7808315989158507
6434.405000007246,0.11888786150293788,0.519577631156978,0.9996903290323429,2.3546099202758417,-1.7818330616078195
6442.804999998771,0.11899926870886235,0.5195798927756815,0.9992362593789398,2.3545507209829983,-1.7814769157214845
6451.204999990296,0.11891573971627234,0.5191314686336317,0.999583973555779,2.355503569749774,-1.7821311632919445
6459.604999981821,0.11895639600054042,0.5196438079278015,0.9992503731351274,2.3544159008847534,-1.7815469006306501
6468.004999973346,0.11927238046826756,0.5194849533573995,0.9992365701842542,2.3548331585475704,-1.7807858040031257
6476.4049999648705,0.1197787373290907,0.5195416030382003,0.998952311695732,2.354716944814528,-1.779233393880607
6484.805000014603,0.11933402945030554,0.520207302342203,0.9993803958082379,2.3533250036091498,-1.7799644119008506
6493.205000006128,0.12007872062200634,0.519102576813494,0.9994947369419068,2.3556755775636073,-1.7787475910480948
6501.604999997653,0.12003171852936041,0.5198266449333626,0.9993325787484024,2.3541015312041687,-1.7782239065690697
