T3_EW_PW_B3_C0_P2332335_S14_0821105453.csv
SaveFileName,FrameCount,UTC,TimeSinceStart,HeadPositionX,HeadPositionY,HeadPositionZ,HeadForwardVectorX,HeadForwardVectorY,HeadForwardVectorZ,HeadAngleX,HeadAngleY,HeadAngleZ,HeadQuaternionX,HeadQuaternionY,HeadQuaternionZ,HeadQuaternionW,TargetPositionX,TargetPositionY,TargetPositionZ,AngleDifference,OverTarget
T3_EW_PW_B3_C0_P2332335_S14_0821105453.csv,72188,1566354844009,2353.207,0.09254567,-0.01457364,0.01167246,-0.02502034,0.001439135,0.9996859,359.9175,358.5663,359.5468,-0.0006700291,-0.01251391,-0.003963305,0.9999136,1.06066,-1.06066,10,9.209209,0
T3_EW_PW_B3_C0_P2332335_S14_0821105453.csv,72189,1566354844043,2353.242,0.09164588,-0.01477144,0.01222377,-0.02337639,0.002341102,0.999724,359.8659,358.6605,359.3993,-0.001109179,-0.01169499,-0.005255542,0.9999172,1.06066,-1.06066,10,9.176139,0
T3_EW_PW_B3_C0_P2332335_S14_0821105453.csv,72190,1566354844077,2353.276,0.09052407,-0.0152921,0.01318316,-0.02162758,0.002776853,0.9997622,359.8409,358.7607,359.2592,-0.001318411,-0.0108232,-0.0064788,0.9999196,1.06066,-1.06066,10,9.121734,0
T3_EW_PW_B3_C0_P2332335_S14_0821105453.csv,72191,1566354844109,2353.309,0.08908349,-0.01607468,0.01427327,-0.01956573,-0.0009612917,0.9998081,0.05507797,358.8789,359.0959,0.0005577921,-0.009779242,-0.007884271,0.999921,1.06066,-1.06066,10,8.894791,0
T3_EW_PW_B3_C0_P2332335_S14_0821105453.csv,72192,1566354844143,2353.342,0.08751029,-0.01699711,0.01606346,-0.01709281,-0.004131029,0.9998454,0.2366912,359.0206,358.9145,0.002146314,-0.008526822,-0.009454907,0.9999167,1.06066,-1.06066,10,8.673057,0
T3_EW_PW_B3_C0_P2332335_S14_0821105453.csv,72193,1566354844176,2353.376,0.08583836,-0.01707411,0.01854236,-0.01422323,-0.005372317,0.9998844,0.3078125,359.185,358.8369,0.002758146,-0.007084241,-0.01013053,0.9999198,1.06066,-1.06066,10,8.511447,0
T3_EW_PW_B3_C0_P2332335_S14_0821105453.csv,72194,1566354844209,2353.409,0.08399586,-0.01693859,0.02171329,-0.009821123,-0.004328982,0.9999424,0.2480332,359.4373,358.7842,0.002216449,-0.004887414,-0.01059891,0.9999295,1.06066,-1.06066,10,8.375667,0
T3_EW_PW_B3_C0_P2332335_S14_0821105453.csv,72195,1566354844243,2353.442,0.08187337,-0.01707989,0.0252118,-0.005819402,-0.006906176,0.9999592,0.3956979,359.6666,358.639,0.003487409,-0.002868549,-0.01186638,0.9999194,1.06066,-1.06066,10,8.11837,0
T3_EW_PW_B3_C0_P2332335_S14_0821105453.csv,72196,1566354844275,2353.475,0.07958726,-0.01753198,0.02916361,-0.00156898,-0.008795846,0.9999601,0.5039714,359.9101,358.5525,0.004407523,-0.0007288983,-0.01262775,0.9999103,1.06066,-1.06066,10,7.877961,0
T3_EW_PW_B3_C0_P2332335_S14_0821105453.csv,72197,1566354844310,2353.51,0.07713451,-0.01884217,0.03338899,0.004062133,-0.01331648,0.9999031,0.7630005,0.2327643,358.3792,0.006628978,0.002125174,-0.01415647,0.9998756,1.06066,-1.06066,10,7.474121,0
T3_EW_PW_B3_C0_P2332335_S14_0821105453.csv,72198,1566354844341,2353.542,0.07444549,-0.01967609,0.03802265,0.01082943,-0.02172178,0.9997054,1.244664,0.6206393,358.0898,0.01076959,0.005596053,-0.01672691,0.9997864,1.06066,-1.06066,10,6.872667,0
T3_EW_PW_B3_C0_P2332335_S14_0821105453.csv,72199,1566354844377,2353.576,0.07192931,-0.01899623,0.04340718,0.02092127,-0.02709849,0.9994138,1.552819,1.199229,357.6114,0.01332869,0.01074424,-0.02098215,0.9996333,1.06066,-1.06066,10,6.259463,0
T3_EW_PW_B3_C0_P2332335_S14_0821105453.csv,72200,1566354844410,2353.609,0.07086776,-0.02090328,0.04917262,0.04111103,-0.04108887,0.9983094,2.354882,2.358145,357.4019,0.02007274,0.02103338,-0.02308407,0.9993107,1.06066,-1.06066,10,4.878613,0
T3_EW_PW_B3_C0_P2332335_S14_0821105453.csv,72201,1566354844446,2353.645,0.07040358,-0.02467861,0.05532669,0.0657927,-0.06268523,0.9958624,3.593956,3.779814,357.6435,0.03065653,0.03360039,-0.02157581,0.998732,1.06066,-1.06066,10,3.002179,0
T3_EW_PW_B3_C0_P2332335_S14_0821105453.csv,72202,1566354844475,2353.675,0.07007133,-0.02749067,0.06216321,0.08549975,-0.07383351,0.9935987,4.234201,4.91822,358.0238,0.03616306,0.0435072,-0.01880194,0.9982213,1.06066,-1.06066,10,1.841325,0
T3_EW_PW_B3_C0_P2332335_S14_0821105453.csv,72203,1566354844510,2353.709,0.070223,-0.02968973,0.07012582,0.1023705,-0.07997481,0.9915262,4.587118,5.894641,358.6696,0.03936739,0.05183709,-0.01364228,0.9977861,1.06066,-1.06066,10,1.326184,0
T3_EW_PW_B3_C0_P2332335_S14_0821105453.csv,72204,1566354844543,2353.742,0.07064742,-0.03278011,0.07850019,0.111206,-0.09047797,0.9896701,5.191105,6.411247,359.4215,0.04493202,0.05608966,-0.00756714,0.9973855,1.06066,-1.06066,10,0.992881,0
T3_EW_PW_B3_C0_P2332335_S14_0821105453.csv,72205,1566354844575,2353.776,0.07120779,-0.03517059,0.08692491,0.1117079,-0.1120692,0.9874015,6.434609,6.454613,0.05713164,0.05606206,0.05618066,-0.002662585,0.9968419,1.06066,-1.06066,10,0.9348176,1
T3_EW_PW_B3_C0_P2332335_S14_0821105453.csv,72206,1566354844608,2353.808,0.0721069,-0.03524461,0.09685868,0.1066325,-0.114052,0.9877356,6.548947,6.161589,0.2853968,0.05717014,0.05351413,-0.000586918,0.996929,1.06066,-1.06066,10,0.8086666,1
T3_EW_PW_B3_C0_P2332335_S14_0821105453.csv,72207,1566354844644,2353.843,0.0733396,-0.03480136,0.1077479,0.09736797,-0.1041837,0.9897804,5.980139,5.618298,0.1584488,0.05216781,0.04887045,-0.001177277,0.9974412,1.06066,-1.06066,10,0.1186941,1
T3_EW_PW_B3_C0_P2332335_S14_0821105453.csv,72208,1566354844675,2353.875,0.07512516,-0.03577589,0.1190525,0.09046087,-0.1031712,0.9905415,5.921814,5.218043,359.5876,0.05143707,0.04564495,-0.005942158,0.9976149,1.06066,-1.06066,10,0.4764233,1
T3_EW_PW_B3_C0_P2332335_S14_0821105453.csv,72209,1566354844710,2353.91,0.07816985,-0.03714817,0.1319562,0.09290688,-0.0987507,0.9907657,5.667235,5.357121,359.2968,0.04909443,0.04697768,-0.008432411,0.9976531,1.06066,-1.06066,10,0.3966355,1
T3_EW_PW_B3_C0_P2332335_S14_0821105453.csv,72210,1566354844741,2353.941,0.08193708,-0.03853264,0.1469064,0.09984417,-0.08841442,0.9910671,5.072396,5.752802,359.1562,0.04382443,0.05045652,-0.009567958,0.9977185,1.06066,-1.06066,10,0.825194,1
T3_EW_PW_B3_C0_P2332335_S14_0821105453.csv,72211,1566354844775,2353.976,0.08608858,-0.04041328,0.1635122,0.1078556,-0.07965096,0.9909707,4.568503,6.211529,359.1564,0.03939901,0.05442774,-0.009504205,0.9976948,1.06066,-1.06066,10,1.434359,1
T3_EW_PW_B3_C0_P2332335_S14_0821105453.csv,72212,1566354844808,2354.007,0.09042032,-0.04307047,0.1810663,0.11402,-0.08187357,0.9900991,4.696267,6.569253,359.1635,0.04048488,0.05754512,-0.00962936,0.9974753,1.06066,-1.06066,10,1.507011,0
T3_EW_PW_B3_C0_P2332335_S14_0821105453.csv,72213,1566354844842,2354.042,0.09492327,-0.04740956,0.1992166,0.1165781,-0.09508849,0.9886191,5.456413,6.725269,359.2693,0.04714168,0.05889068,-0.009150214,0.9971088,1.06066,-1.06066,10,1.169523,0
T3_EW_PW_B3_C0_P2332335_S14_0821105453.csv,72214,1566354844874,2354.074,0.09954505,-0.05210257,0.218227,0.113862,-0.1110075,0.9872754,6.373399,6.578829,359.4225,0.05520868,0.05756985,-0.008213734,0.99678,1.06066,-1.06066,10,1.090919,0
T3_EW_PW_B3_C0_P2332335_S14_0821105453.csv,72215,1566354844909,2354.109,0.1042431,-0.05411331,0.2388163,0.107578,-0.1101885,0.9880716,6.326183,6.213702,359.1967,0.05471653,0.05450052,-0.009979277,0.9969635,1.06066,-1.06066,10,0.7712635,1
T3_EW_PW_B3_C0_P2332335_S14_0821105453.csv,72216,1566354844943,2354.143,0.1095682,-0.05592583,0.2601714,0.1025509,-0.1002335,0.9896649,5.752614,5.915978,359.1536,0.04973105,0.05190744,-0.009956286,0.9973632,1.06066,-1.06066,10,0.3544303,1
T3_EW_PW_B3_C0_P2332335_S14_0821105453.csv,72217,1566354844976,2354.175,0.1154499,-0.05815394,0.281231,0.09889629,-0.1035947,0.9896907,5.946207,5.706421,359.2443,0.0514739,0.05005088,-0.009159445,0.9973773,1.06066,-1.06066,10,0.1724585,1
T3_EW_PW_B3_C0_P2332335_S14_0821105453.csv,72218,1566354845009,2354.209,0.1217403,-0.05783812,0.3037935,0.0958274,-0.09162869,0.9911717,5.257311,5.522245,359.418,0.04556438,0.04835337,-0.007276627,0.997764,1.06066,-1.06066,10,0.6205508,1
T3_EW_PW_B3_C0_P2332335_S14_0821105453.csv,72219,1566354845043,2354.242,0.1282033,-0.05602064,0.3270724,0.09096604,-0.08277014,0.9924083,4.747811,5.237205,359.6438,0.04123529,0.0457765,-0.004994522,0.9980878,1.06066,-1.06066,10,1.185312,1
T3_EW_PW_B3_C0_P2332335_S14_0821105453.csv,72220,1566354845073,2354.274,0.1348702,-0.05084874,0.3507954,0.08572251,-0.08357165,0.9928079,4.793894,4.934879,359.8228,0.04171709,0.04307852,-0.003343808,0.9981948,1.06066,-1.06066,10,1.274875,0
T3_EW_PW_B3_C0_P2332335_S14_0821105453.csv,72221,1566354845110,2354.31,0.1422962,-0.04399905,0.3754915,0.08867141,-0.07606048,0.9931527,4.362157,5.101997,359.8303,0.03795419,0.04453263,-0.003172337,0.9982817,1.06066,-1.06066,10,1.677014,0
T3_EW_PW_B3_C0_P2332335_S14_0821105453.csv,72222,1566354845142,2354.342,0.1502055,-0.03802741,0.3999488,0.09941068,-0.08317219,0.9915644,4.770927,5.725138,0.123652,0.04162405,0.04985231,-0.001001843,0.9978884,1.06066,-1.06066,10,1.318489,0
T3_EW_PW_B3_C0_P2332335_S14_0821105453.csv,72223,1566354845175,2354.375,0.1577014,-0.03022347,0.4250556,0.1087036,-0.0939569,0.989624,5.391286,6.26843,0.7342228,0.04730911,0.05431258,0.003819252,0.9973953,1.06066,-1.06066,10,1.137116,0
T3_EW_PW_B3_C0_P2332335_S14_0821105453.csv,72224,1566354845208,2354.408,0.1638337,-0.02579848,0.4511148,0.1097828,-0.07771711,0.9909126,4.457357,6.321996,0.7247209,0.0391765,0.05485347,0.00416563,0.9977169,1.06066,-1.06066,10,1.949433,1
T3_EW_PW_B3_C0_P2332335_S14_0821105453.csv,72225,1566354845244,2354.444,0.1683506,-0.03418529,0.475721,0.1019682,-0.09822588,0.9899263,5.637018,5.881057,0.7200285,0.04942865,0.05092774,0.003745064,0.9974714,1.06066,-1.06066,10,0.7173703,0
T3_EW_PW_B3_C0_P2332335_S14_0821105453.csv,72226,1566354845273,2354.474,0.1716183,-0.03898165,0.5000558,0.09219182,-0.1280761,0.9874701,7.358429,5.333766,0.2192238,0.0641895,0.04631047,-0.001078703,0.9968621,1.06066,-1.06066,10,1.246783,1
T3_EW_PW_B3_C0_P2332335_S14_0821105453.csv,72227,1566354845313,2354.51,0.1739596,-0.03621043,0.5280621,0.08495417,-0.1061066,0.990719,6.090929,4.901124,359.2328,0.05279271,0.04305138,-0.008951326,0.9976369,1.06066,-1.06066,10,0.4471871,0
T3_EW_PW_B3_C0_P2332335_S14_0821105453.csv,72228,1566354845342,2354.542,0.1768278,-0.03738377,0.5542914,0.0828509,-0.1122996,0.9902144,6.447893,4.782778,359.3475,0.05595169,0.04197873,-0.008026577,0.9975184,1.06066,-1.06066,10,0.6305605,1
T3_EW_PW_B3_C0_P2332335_S14_0821105453.csv,72229,1566354845376,2354.576,0.1786058,-0.04133829,0.5784347,0.07894498,-0.1485862,0.9857433,8.545004,4.57886,359.8311,0.07438187,0.03994614,-0.0044449,0.9964195,1.06066,-1.06066,10,2.515517,1
T3_EW_PW_B3_C0_P2332335_S14_0821105453.csv,72230,1566354845407,2354.607,0.1801383,-0.04321458,0.6029074,0.07346191,-0.1582743,0.9846586,9.106747,4.266732,0.1627782,0.07938533,0.03699543,-0.001540214,0.9961561,1.06066,-1.06066,10,3.144107,0
T3_EW_PW_B3_C0_P2332335_S14_0821105453.csv,72231,1566354845442,2354.642,0.181961,-0.04494867,0.6278987,0.0677386,-0.1600418,0.9847833,9.209322,3.934908,0.4699168,0.08037233,0.03389169,0.001329006,0.9961877,1.06066,-1.06066,10,3.360161,0
T3_EW_PW_B3_C0_P2332335_S14_0821105453.csv,72232,1566354845475,2354.675,0.1838959,-0.04604034,0.655305,0.06252215,-0.1403867,0.9881207,8.070226,3.620495,0.483233,0.07046494,0.03121434,0.001981573,0.9970238,1.06066,-1.06066,10,2.567274,0
T3_EW_PW_B3_C0_P2332335_S14_0821105453.csv,72233,1566354845510,2354.71,0.1864431,-0.04772814,0.6850618,0.06253061,-0.1042702,0.9925813,5.98512,3.604754,0.4021187,0.05229035,0.03122603,0.001860628,0.9981419,1.06066,-1.06066,10,1.757583,0
T3_EW_PW_B3_C0_P2332335_S14_0821105453.csv,72234,1566354845542,2354.741,0.1886071,-0.05359446,0.7136207,0.06454258,-0.1048854,0.9923877,6.020564,3.721143,359.9461,0.05247222,0.03244726,-0.002174174,0.9980928,1.06066,-1.06066,10,1.64056,0
T3_EW_PW_B3_C0_P2332335_S14_0821105453.csv,72235,1566354845576,2354.776,0.1901146,-0.06136763,0.7430876,0.06915718,-0.1149242,0.9909641,6.599256,3.992072,359.3049,0.05731061,0.03512092,-0.008057196,0.9977059,1.06066,-1.06066,10,1.448614,0
T3_EW_PW_B3_C0_P2332335_S14_0821105453.csv,72236,1566354845608,2354.807,0.191534,-0.06596099,0.7750459,0.07940505,-0.1066405,0.9911219,6.12169,4.580544,359.0745,0.05302975,0.04033473,-0.01019198,0.997726,1.06066,-1.06066,10,0.7969672,0
T3_EW_PW_B3_C0_P2332335_S14_0821105453.csv,72237,1566354845642,2354.842,0.192145,-0.0657956,0.8087697,0.09333619,-0.09040163,0.991522,5.186713,5.377649,359.0468,0.04480596,0.0472379,-0.01042302,0.9978238,1.06066,-1.06066,10,0.9638805,1
T3_EW_PW_B3_C0_P2332335_S14_0821105453.csv,72238,1566354845674,2354.874,0.1924763,-0.06481717,0.8428863,0.1077863,-0.0801667,0.9909366,4.598148,6.207778,359.4749,0.03980846,0.05428598,-0.006743934,0.9977088,1.06066,-1.06066,10,1.766468,1
T3_EW_PW_B3_C0_P2332335_S14_0821105453.csv,72239,1566354845709,2354.908,0.1915248,-0.06270619,0.8762391,0.1165274,-0.1023148,0.9879034,5.872485,6.727195,359.5562,0.05090912,0.0587927,-0.006866375,0.9969476,1.06066,-1.06066,10,1.32323,0
T3_EW_PW_B3_C0_P2332335_S14_0821105453.csv,72240,1566354845741,2354.941,0.1894538,-0.05113855,0.9090677,0.1150187,-0.1196362,0.9861328,6.871109,6.652699,359.0313,0.05933309,0.05842254,-0.01190122,0.9964561,1.06066,-1.06066,10,1.299202,0
T3_EW_PW_B3_C0_P2332335_S14_0821105453.csv,72241,1566354845775,2354.975,0.187649,-0.03828052,0.9421867,0.1079254,-0.1238155,0.9864187,7.112355,6.243975,358.5069,0.0612216,0.05515951,-0.01636297,0.9964646,1.06066,-1.06066,10,1.015293,0
T3_EW_PW_B3_C0_P2332335_S14_0821105453.csv,72242,1566354845807,2355.007,0.186854,-0.0293639,0.9746892,0.1019543,-0.1014177,0.9896058,5.820812,5.882155,358.1017,0.04985165,0.05207571,-0.0191267,0.9972147,1.06066,-1.06066,10,0.7543329,1
T3_EW_PW_B3_C0_P2332335_S14_0821105453.csv,72243,1566354845842,2355.042,0.1873794,-0.03027554,1.005861,0.1028489,-0.1059137,0.9890422,6.07981,5.936755,358.25,0.05216443,0.05251465,-0.01797508,0.9970948,1.06066,-1.06066,10,0.5760729,1
T3_EW_PW_B3_C0_P2332335_S14_0821105453.csv,72244,1566354845873,2355.073,0.1889706,-0.02760579,1.037518,0.1093883,-0.1085665,0.9880524,6.232687,6.317545,358.6018,0.05360567,0.05567978,-0.01516004,0.9968934,1.06066,-1.06066,10,0.8194832,1
T3_EW_PW_B3_C0_P2332335_S14_0821105453.csv,72245,1566354845909,2355.109,0.1918787,-0.02585914,1.070716,0.1183951,-0.08352635,0.9894473,4.79129,6.823445,359.584,0.04150948,0.0596097,-0.006108495,0.9973397,1.06066,-1.06066,10,2.18767,1
T3_EW_PW_B3_C0_P2332335_S14_0821105453.csv,72246,1566354845942,2355.141,0.1936657,-0.03185056,1.100953,0.1197863,-0.1207628,0.9854276,6.936128,6.930739,0.3697516,0.06057594,0.0601394,-0.0004415576,0.9963502,1.06066,-1.06066,10,1.406809,0
T3_EW_PW_B3_C0_P2332335_S14_0821105453.csv,72247,1566354845975,2355.175,0.1936949,-0.03586754,1.130288,0.1114259,-0.1459127,0.9830024,8.390136,6.467023,0.7637765,0.07340921,0.05576631,0.002510617,0.9957384,1.06066,-1.06066,10,2.029605,0
T3_EW_PW_B3_C0_P2332335_S14_0821105453.csv,72248,1566354846007,2355.207,0.1936881,-0.03877129,1.159822,0.1013439,-0.1504049,0.9834164,8.650393,5.883724,0.5228542,0.07555057,0.05083226,0.0006731878,0.9958453,1.06066,-1.06066,10,2.10645,0
T3_EW_PW_B3_C0_P2332335_S14_0821105453.csv,72249,1566354846043,2355.241,0.1935899,-0.04316064,1.188913,0.09154165,-0.1527885,0.98401,8.788562,5.314882,359.8117,0.07646104,0.04635388,-0.005189026,0.995981,1.06066,-1.06066,10,2.253075,0
T3_EW_PW_B3_C0_P2332335_S14_0821105453.csv,72250,1566354846076,2355.276,0.1939031,-0.04761688,1.218351,0.0873764,-0.1455169,0.9854898,8.367214,5.066761,359.1505,0.07255274,0.04462274,-0.01061088,0.9963093,1.06066,-1.06066,10,1.904131,0
T3_EW_PW_B3_C0_P2332335_S14_0821105453.csv,72251,1566354846109,2355.309,0.1955662,-0.05170229,1.249062,0.08537361,-0.1331793,0.987408,7.653349,4.941637,359.2018,0.06637516,0.04347782,-0.00982045,0.9967987,1.06066,-1.06066,10,1.310002,0
T3_EW_PW_B3_C0_P2332335_S14_0821105453.csv,72252,1566354846142,2355.341,0.1982035,-0.05838689,1.280493,0.08288801,-0.1205284,0.9892434,6.922601,4.789585,359.5881,0.06017131,0.04192517,-0.006107412,0.9972886,1.06066,-1.06066,10,0.9412843,0
T3_EW_PW_B3_C0_P2332335_S14_0821105453.csv,72253,1566354846176,2355.375,0.2010375,-0.06662361,1.3114,0.07883827,-0.1193435,0.989718,6.854218,4.55441,359.8952,0.05969516,0.03971782,-0.003287465,0.9974208,1.06066,-1.06066,10,1.146201,1
T3_EW_PW_B3_C0_P2332335_S14_0821105453.csv,72254,1566354846208,2355.408,0.2061273,-0.074325,1.34359,0.07785007,-0.1214694,0.9895375,6.976915,4.498376,0.2350103,0.06088079,0.03904816,-0.0003425205,0.9973809,1.06066,-1.06066,10,1.240173,1
T3_EW_PW_B3_C0_P2332335_S14_0821105453.csv,72255,1566354846241,2355.441,0.2121903,-0.07481806,1.377122,0.07847017,-0.1174278,0.9899763,6.743679,4.532056,359.9804,0.058763,0.03948093,-0.002495803,0.9974878,1.06066,-1.06066,10,1.109593,1
T3_EW_PW_B3_C0_P2332335_S14_0821105453.csv,72256,1566354846274,2355.474,0.2183807,-0.07275936,1.410279,0.08154693,-0.09869391,0.9917709,5.663965,4.700489,359.3756,0.04914181,0.04122631,-0.007464004,0.9979127,1.06066,-1.06066,10,1.245055,1
T3_EW_PW_B3_C0_P2332335_S14_0821105453.csv,72257,1566354846308,2355.507,0.224985,-0.07118982,1.441113,0.08608973,-0.1436533,0.9858764,8.259304,4.990583,-0.001727115,0.0719447,0.04342533,-0.003150296,0.9964579,1.06066,-1.06066,10,1.792641,1
T3_EW_PW_B3_C0_P2332335_S14_0821105453.csv,72258,1566354846340,2355.54,0.2301229,-0.05522222,1.474303,0.08564119,-0.1176913,0.9893505,6.758878,4.947365,359.8068,0.0588205,0.04318466,-0.004225525,0.9973251,1.06066,-1.06066,10,0.6158028,0
T3_EW_PW_B3_C0_P2332335_S14_0821105453.csv,72259,1566354846374,2355.574,0.235334,-0.03326353,1.506887,0.08483507,-0.0847173,0.992787,4.859769,4.884141,359.8744,0.04231156,0.04261738,-0.002900984,0.9981909,1.06066,-1.06066,10,2.112296,1
T3_EW_PW_B3_C0_P2332335_S14_0821105453.csv,72260,1566354846406,2355.606,0.2391479,-0.02407702,1.537483,0.08480723,-0.06163373,0.9944893,3.533592,4.874229,359.3419,0.03055902,0.04267885,-0.00704642,0.9985965,1.06066,-1.06066,10,3.482116,0
T3_EW_PW_B3_C0_P2332335_S14_0821105453.csv,72261,1566354846441,2355.641,0.2419877,-0.02503101,1.568103,0.08468128,-0.06959867,0.9939744,3.990937,4.869534,359.4761,0.03459457,0.04261474,-0.006043814,0.9984742,1.06066,-1.06066,10,3.053899,0
T3_EW_PW_B3_C0_P2332335_S14_0821105453.csv,72262,1566354846475,2355.675,0.2427031,-0.01996911,1.601787,0.07519178,-0.04873314,0.9959775,2.79331,4.317381,359.4393,0.02417197,0.03777488,-0.005806371,0.998977,1.06066,-1.06066,10,4.41557,0
T3_EW_PW_B3_C0_P2332335_S14_0821105453.csv,72263,1566354846508,2355.708,0.2429979,-0.01943023,1.637064,0.06619945,-0.03252551,0.9972761,1.863903,3.797737,359.2528,0.0160396,0.03323635,-0.007054812,0.9992939,1.06066,-1.06066,10,5.496223,0
T3_EW_PW_B3_C0_P2332335_S14_0821105453.csv,72264,1566354846541,2355.741,0.2441414,-0.02766014,1.669946,0.06465952,-0.07946587,0.9947383,4.557864,3.719082,359.477,0.03959505,0.0326048,-0.005848277,0.9986666,1.06066,-1.06066,10,3.103875,0
T3_EW_PW_B3_C0_P2332335_S14_0821105453.csv,72265,1566354846577,2355.776,0.2459463,-0.03628043,1.702124,0.07018913,-0.1249586,0.9896761,7.178368,4.056699,359.8029,0.06250203,0.03543213,-0.003931478,0.997408,1.06066,-1.06066,10,1.548766,0
T3_EW_PW_B3_C0_P2332335_S14_0821105453.csv,72266,1566354846608,2355.808,0.2479809,-0.04107802,1.73472,0.07485127,-0.1377359,0.9876366,7.916853,4.334063,0.1252511,0.06902445,0.03764718,-0.001520682,0.9969032,1.06066,-1.06066,10,1.567604,0
T3_EW_PW_B3_C0_P2332335_S14_0821105453.csv,72267,1566354846645,2355.843,0.2496513,-0.04690707,1.767356,0.076817,-0.1431723,0.9867122,8.231456,4.451582,0.3993402,0.07185165,0.03848729,0.000685878,0.9966723,1.06066,-1.06066,10,1.704447,0
T3_EW_PW_B3_C0_P2332335_S14_0821105453.csv,72268,1566354846674,2355.874,0.2506678,-0.05245953,1.800758,0.07301831,-0.139162,0.9875739,7.999361,4.228587,0.5306075,0.06987309,0.03648001,0.002042691,0.9968866,1.06066,-1.06066,10,1.734832,0
T3_EW_PW_B3_C0_P2332335_S14_0821105453.csv,72269,1566354846709,2355.908,0.251328,-0.05505527,1.836064,0.06799214,-0.1189445,0.9905702,6.83119,3.926589,0.4938044,0.05968992,0.03394149,0.002257982,0.9976372,1.06066,-1.06066,10,1.729522,0
T3_EW_PW_B3_C0_P2332335_S14_0821105453.csv,72270,1566354846741,2355.941,0.2520725,-0.05921646,1.87163,0.06690947,-0.103098,0.9924182,5.917594,3.857082,0.4063772,0.05170742,0.033425,0.001802485,0.9981011,1.06066,-1.06066,10,2.105428,0
T3_EW_PW_B3_C0_P2332335_S14_0821105453.csv,72271,1566354846775,2355.974,0.2529854,-0.06733184,1.906243,0.07333284,-0.1110267,0.9911082,6.374505,4.231647,0.3491808,0.05567352,0.0366931,0.0009876835,0.9977741,1.06066,-1.06066,10,1.571221,0
T3_EW_PW_B3_C0_P2332335_S14_0821105453.csv,72272,1566354846807,2356.007,0.2536364,-0.07131813,1.941447,0.08586265,-0.1154313,0.9895975,6.628501,4.958862,0.2382081,0.05784786,0.04306822,-0.0004276616,0.9973959,1.06066,-1.06066,10,0.826142,0
T3_EW_PW_B3_C0_P2332335_S14_0821105453.csv,72273,1566354846841,2356.04,0.2540906,-0.06930202,1.977951,0.09976317,-0.1046534,0.9894923,6.007197,5.757253,0.2286263,0.05243251,0.05004688,-0.0006415918,0.9973694,1.06066,-1.06066,10,1.002882,1
T3_EW_PW_B3_C0_P2332335_S14_0821105453.csv,72274,1566354846874,2356.074,0.2541989,-0.06116632,2.01382,0.1094404,-0.11553,0.9872566,6.634194,6.325584,0.3582629,0.05794572,0.05489977,-7.597009E-05,0.9968091,1.06066,-1.06066,10,0.7230757,1
T3_EW_PW_B3_C0_P2332335_S14_0821105453.csv,72275,1566354846909,2356.109,0.2534254,-0.04725407,2.050432,0.1075978,-0.1145433,0.9875741,6.577286,6.217941,359.7835,0.05717931,0.05425395,-0.004994607,0.9968762,1.06066,-1.06066,10,0.7730374,1
T3_EW_PW_B3_C0_P2332335_S14_0821105453.csv,72276,1566354846939,2356.14,0.2532381,-0.03244809,2.084865,0.1031411,-0.1091115,0.988664,6.264098,5.955766,358.9286,0.05407619,0.05238074,-0.01216128,0.9970878,1.06066,-1.06066,10,1.107475,1
T3_EW_PW_B3_C0_P2332335_S14_0821105453.csv,72277,1566354846975,2356.175,0.2538376,-0.02474722,2.117895,0.1000022,-0.1106265,0.9888182,6.351434,5.774862,358.7436,0.05477322,0.05090009,-0.01372388,0.9971062,1.06066,-1.06066,10,1.099495,1
T3_EW_PW_B3_C0_P2332335_S14_0821105453.csv,72278,1566354847006,2356.206,0.2556581,-0.02537808,2.150624,0.1080511,-0.111734,0.9878464,6.415282,6.242226,358.4181,0.05511591,0.05512754,-0.01680839,0.9968153,1.06066,-1.06066,10,1.126917,1
T3_EW_PW_B3_C0_P2332335_S14_0821105453.csv,72279,1566354847042,2356.242,0.2591287,-0.0207609,2.184603,0.1286571,-0.08900678,0.9876868,5.106471,7.421617,358.7061,0.04372137,0.06515411,-0.01413876,0.9968167,1.06066,-1.06066,10,2.888731,1
T3_EW_PW_B3_C0_P2332335_S14_0821105453.csv,72280,1566354847072,2356.272,0.2630246,-0.02121101,2.219035,0.1441534,-0.07424901,0.9867659,4.258073,8.311361,0.1094181,0.0371216,0.0723813,-0.001740464,0.9966845,1.06066,-1.06066,10,4.116468,0
T3_EW_PW_B3_C0_P2332335_S14_0821105453.csv,72281,1566354847112,2356.311,0.2649543,-0.03133691,2.250249,0.1422024,-0.1317942,0.9810244,7.573283,8.247746,0.8620692,0.06640822,0.07125848,0.002737952,0.995241,1.06066,-1.06066,10,2.365213,0
T3_EW_PW_B3_C0_P2332335_S14_0821105453.csv,72282,1566354847139,2356.339,0.2661537,-0.03635344,2.281797,0.1329806,-0.1595023,0.9782,9.17801,7.74157,0.4546,0.08009146,0.06697295,-0.001455614,0.994534,1.06066,-1.06066,10,2.479782,0
T3_EW_PW_B3_C0_P2332335_S14_0821105453.csv,72283,1566354847174,2356.374,0.2680966,-0.04069905,2.31299,0.1237795,-0.1717143,0.9773397,9.887505,7.218049,359.6962,0.08584028,0.06294131,-0.00806046,0.9942861,1.06066,-1.06066,10,2.709711,0
T3_EW_PW_B3_C0_P2332335_S14_0821105453.csv,72284,1566354847206,2356.406,0.2703575,-0.0459153,2.343774,0.118114,-0.1775629,0.9769956,10.22784,6.893327,358.9564,0.088426,0.0606879,-0.01441342,0.9941278,1.06066,-1.06066,10,2.891373,0
T3_EW_PW_B3_C0_P2332335_S14_0821105453.csv,72285,1566354847241,2356.441,0.2736298,-0.0486461,2.376609,0.1206172,-0.1565375,0.9802793,9.005975,7.014628,358.7069,0.07767086,0.06186749,-0.01603072,0.9949285,1.06066,-1.06066,10,1.852135,0
T3_EW_PW_B3_C0_P2332335_S14_0821105453.csv,72286,1566354847272,2356.473,0.2775865,-0.05152192,2.410821,0.1239646,-0.132442,0.9834083,7.61073,7.184587,359.2779,0.06584165,0.06293429,-0.01043364,0.9957888,1.06066,-1.06066,10,1.284509,0
T3_EW_PW_B3_C0_P2332335_S14_0821105453.csv,72287,1566354847308,2356.508,0.2812853,-0.05928338,2.444893,0.1210884,-0.1278576,0.9843729,7.34581,7.012764,359.7598,0.06381238,0.06116801,-0.006006133,0.9960675,1.06066,-1.06066,10,1.125701,1
T3_EW_PW_B3_C0_P2332335_S14_0821105453.csv,72288,1566354847339,2356.539,0.2853729,-0.06954962,2.478305,0.1119493,-0.1388864,0.9839603,7.983411,6.49087,0.08610836,0.06954283,0.05642367,-0.003192551,0.9959769,1.06066,-1.06066,10,0.7915472,1
T3_EW_PW_B3_C0_P2332335_S14_0821105453.csv,72289,1566354847378,2356.577,0.2912024,-0.07617821,2.512444,0.1011961,-0.1454116,0.9841823,8.361115,5.870665,0.5706865,0.07305756,0.05070934,0.001227327,0.996037,1.06066,-1.06066,10,0.9095671,1
T3_EW_PW_B3_C0_P2332335_S14_0821105453.csv,72290,1566354847408,2356.607,0.2976842,-0.07455558,2.548183,0.09515314,-0.1260465,0.9874503,7.241196,5.504167,0.4458624,0.06326245,0.04767284,0.0008465725,0.9968573,1.06066,-1.06066,10,0.4256662,1
T3_EW_PW_B3_C0_P2332335_S14_0821105453.csv,72291,1566354847440,2356.64,0.3057452,-0.0716389,2.58313,0.09308507,-0.1062971,0.9899677,6.101905,5.371636,0.2087232,0.05325068,0.04669587,-0.0006771575,0.9974886,1.06066,-1.06066,10,1.519169,1
T3_EW_PW_B3_C0_P2332335_S14_0821105453.csv,72292,1566354847474,2356.674,0.3129097,-0.06273484,2.613702,0.08924673,-0.1478739,0.9849712,8.503735,5.177345,0.3081353,0.07418618,0.04484186,-0.0006697543,0.9962355,1.06066,-1.06066,10,1.03722,1
T3_EW_PW_B3_C0_P2332335_S14_0821105453.csv,72293,1566354847506,2356.706,0.3201531,-0.04825494,2.646659,0.08975186,-0.1391205,0.9861998,7.996958,5.200037,0.08119144,0.06969025,0.04520353,-0.002457106,0.996541,1.06066,-1.06066,10,0.5794597,1
T3_EW_PW_B3_C0_P2332335_S14_0821105453.csv,72294,1566354847540,2356.74,0.3259999,-0.03001003,2.67887,0.09417883,-0.1085042,0.9896248,6.229094,5.436249,359.3476,0.05400074,0.04766059,-0.008254857,0.9973687,1.06066,-1.06066,10,1.768904,1
T3_EW_PW_B3_C0_P2332335_S14_0821105453.csv,72295,1566354847574,2356.773,0.3306966,-0.02660181,2.70994,0.1002636,-0.08875059,0.9909947,5.091733,5.777227,358.7296,0.04380184,0.05083344,-0.01329943,0.9976575,1.06066,-1.06066,10,2.942444,0
T3_EW_PW_B3_C0_P2332335_S14_0821105453.csv,72296,1566354847607,2356.807,0.3334496,-0.02611762,2.742382,0.09871342,-0.1085448,0.9891783,6.231436,5.69887,359.674,0.05414409,0.04979228,-0.005539246,0.9972755,1.06066,-1.06066,10,1.841432,0
T3_EW_PW_B3_C0_P2332335_S14_0821105453.csv,72297,1566354847641,2356.84,0.3345135,-0.02378251,2.778527,0.09386001,-0.07720288,0.9925875,4.427805,5.40188,359.772,0.03849358,0.04716436,-0.003806612,0.998138,1.06066,-1.06066,10,3.717943,0
T3_EW_PW_B3_C0_P2332335_S14_0821105453.csv,72298,1566354847673,2356.873,0.3349744,-0.03024445,2.81199,0.08917797,-0.1098754,0.9899367,6.308135,5.147568,359.8538,0.05490831,0.04490796,-0.00374329,0.997474,1.06066,-1.06066,10,1.909879,0
T3_EW_PW_B3_C0_P2332335_S14_0821105453.csv,72299,1566354847708,2356.907,0.3353072,-0.03881171,2.84363,0.08556315,-0.1581218,0.9837055,9.097893,4.971101,0.01964996,0.07924351,0.04321725,-0.003268725,0.9959127,1.06066,-1.06066,10,1.294978,0
T3_EW_PW_B3_C0_P2332335_S14_0821105453.csv,72300,1566354847739,2356.938,0.3359025,-0.0432541,2.876073,0.08288296,-0.1690987,0.9821079,9.735419,4.823927,0.03678957,0.08479367,0.04190527,-0.003251469,0.9955117,1.06066,-1.06066,10,1.914586,1
T3_EW_PW_B3_C0_P2332335_S14_0821105453.csv,72301,1566354847774,2356.974,0.3368812,-0.0474693,2.908487,0.08010218,-0.1680461,0.9825193,9.674234,4.660864,0.5401177,0.08444366,0.04012011,0.001263967,0.9956195,1.06066,-1.06066,10,1.959446,0
T3_EW_PW_B3_C0_P2332335_S14_0821105453.csv,72302,1566354847808,2357.007,0.337519,-0.05247077,2.941068,0.07281147,-0.1645746,0.9836736,9.472522,4.23331,1.00238,0.0828317,0.03608491,0.005661971,0.995894,1.06066,-1.06066,10,2.114426,0
T3_EW_PW_B3_C0_P2332335_S14_0821105453.csv,72303,1566354847840,2357.04,0.3376436,-0.0560037,2.975349,0.06274726,-0.1473359,0.9870942,8.472569,3.637264,0.9876804,0.07410261,0.03101155,0.006246923,0.9967487,1.06066,-1.06066,10,2.247509,0
T3_EW_PW_B3_C0_P2332335_S14_0821105453.csv,72304,1566354847874,2357.073,0.3379954,-0.06074655,3.01044,0.05568295,-0.1275124,0.9902727,7.325865,3.218347,0.894135,0.06407821,0.02752517,0.00598972,0.9975473,1.06066,-1.06066,10,2.770292,0
T3_EW_PW_B3_C0_P2332335_S14_0821105453.csv,72305,1566354847907,2357.106,0.3385629,-0.06767417,3.045026,0.05552283,-0.1163896,0.9916505,6.683779,3.204663,0.7851855,0.05846102,0.02751484,0.005207662,0.9978969,1.06066,-1.06066,10,3.040923,0
T3_EW_PW_B3_C0_P2332335_S14_0821105453.csv,72306,1566354847938,2357.138,0.339042,-0.07457045,3.07934,0.06284705,-0.1247132,0.9902004,7.164192,3.631635,0.7237462,0.06264577,0.03122975,0.004320628,0.9975377,1.06066,-1.06066,10,2.471084,0
T3_EW_PW_B3_C0_P2332335_S14_0821105453.csv,72307,1566354847975,2357.174,0.3385298,-0.07338578,3.115057,0.07486366,-0.1192996,0.9900318,6.851681,4.32433,0.2927386,0.05981004,0.03750785,0.000293758,0.9975048,1.06066,-1.06066,10,2.078202,0
T3_EW_PW_B3_C0_P2332335_S14_0821105453.csv,72308,1566354848004,2357.205,0.3384691,-0.0719429,3.151082,0.08476262,-0.1041971,0.9909381,5.980909,4.889051,0.3835257,0.05226438,0.04241931,0.001114159,0.9977313,1.06066,-1.06066,10,2.459572,0
T3_EW_PW_B3_C0_P2332335_S14_0821105453.csv,72309,1566354848040,2357.24,0.3369624,-0.06319161,3.183588,0.08792602,-0.1267422,0.9880311,7.281375,5.085421,-0.002167979,0.06343587,0.04427577,-0.002835949,0.9969993,1.06066,-1.06066,10,1.38889,0
T3_EW_PW_B3_C0_P2332335_S14_0821105453.csv,72310,1566354848072,2357.271,0.3361696,-0.05144476,3.215948,0.0889388,-0.1350218,0.9868429,7.759878,5.149844,359.8928,0.06755569,0.04488599,-0.003972222,0.9966974,1.06066,-1.06066,10,1.142438,1
T3_EW_PW_B3_C0_P2332335_S14_0821105453.csv,72311,1566354848107,2357.306,0.3357696,-0.03516635,3.248734,0.0863084,-0.1078154,0.9904174,6.1894,4.980371,359.8719,0.05388695,0.04344514,-0.003460426,0.9975955,1.06066,-1.06066,10,2.655349,1
T3_EW_PW_B3_C0_P2332335_S14_0821105453.csv,72312,1566354848139,2357.34,0.3367552,-0.02739166,3.282151,0.08352747,-0.05487306,0.9949935,3.145575,4.798601,0.1800426,0.02748853,0.04180454,0.0004201797,0.9987475,1.06066,-1.06066,10,5.709422,0
T3_EW_PW_B3_C0_P2332335_S14_0821105453.csv,72313,1566354848174,2357.372,0.3391302,-0.02456477,3.315642,0.08512343,-0.06530079,0.9942282,3.744124,4.893593,0.7493131,0.03291636,0.04245456,0.005134881,0.9985428,1.06066,-1.06066,10,5.172332,0
T3_EW_PW_B3_C0_P2332335_S14_0821105453.csv,72314,1566354848207,2357.406,0.3426764,-0.02279086,3.351313,0.08937515,-0.0534884,0.9945607,3.066123,5.135031,0.9459652,0.02709567,0.04455841,0.007045333,0.9986144,1.06066,-1.06066,10,5.845832,0
T3_EW_PW_B3_C0_P2332335_S14_0821105453.csv,72315,1566354848242,2357.441,0.3466457,-0.0315687,3.384603,0.0910698,-0.1004681,0.9907635,5.766127,5.251801,0.8870148,0.05059758,0.04536629,0.005418372,0.9976735,1.06066,-1.06066,10,3.156907,0
T3_EW_PW_B3_C0_P2332335_S14_0821105453.csv,72316,1566354848271,2357.472,0.3490782,-0.03934671,3.416002,0.08574553,-0.1542309,0.9843071,8.872195,4.978615,0.3136331,0.07739242,0.04309117,-0.0006332153,0.9960689,1.06066,-1.06066,10,1.180515,0
T3_EW_PW_B3_C0_P2332335_S14_0821105453.csv,72317,1566354848307,2357.506,0.3516927,-0.04564777,3.447123,0.08103522,-0.1833215,0.9797074,10.56329,4.728382,359.1895,0.09168036,0.04172561,-0.01083454,0.9948549,1.06066,-1.06066,10,2.303248,1
T3_EW_PW_B3_C0_P2332335_S14_0821105453.csv,72318,1566354848338,2357.538,0.3542846,-0.05195223,3.477168,0.08214429,-0.2035061,0.9756216,11.74206,4.812774,358.0687,0.101481,0.04348324,-0.02104418,0.9936639,1.06066,-1.06066,10,3.289619,0
T3_EW_PW_B3_C0_P2332335_S14_0821105453.csv,72319,1566354848373,2357.573,0.3569842,-0.0574848,3.506938,0.09128878,-0.2070884,0.9740537,11.95178,5.354148,357.6999,0.103043,0.0485309,-0.0248018,0.9931827,1.06066,-1.06066,10,3.321484,0
T3_EW_PW_B3_C0_P2332335_S14_0821105453.csv,72320,1566354848406,2357.605,0.3599792,-0.05828572,3.539293,0.1036177,-0.1716554,0.9796927,9.884084,6.037474,358.3304,0.08525488,0.05371459,-0.01903181,0.9947282,1.06066,-1.06066,10,1.125701,0
T3_EW_PW_B3_C0_P2332335_S14_0821105453.csv,72321,1566354848440,2357.639,0.3627563,-0.06071479,3.572343,0.1101623,-0.1340266,0.9848356,7.702334,6.382492,359.122,0.06663327,0.05605541,-0.01137139,0.9961368,1.06066,-1.06066,10,1.104644,1
T3_EW_PW_B3_C0_P2332335_S14_0821105453.csv,72322,1566354848473,2357.673,0.3654626,-0.06907928,3.604882,0.1080082,-0.1281564,0.985855,7.363073,6.252268,359.826,0.06403248,0.054519,-0.005014427,0.9964449,1.06066,-1.06066,10,1.400535,1
T3_EW_PW_B3_C0_P2332335_S14_0821105453.csv,72323,1566354848507,2357.706,0.3689282,-0.07746665,3.639036,0.09907503,-0.1285164,0.986746,7.383872,5.733613,0.2808081,0.06443337,0.0497528,-0.000778141,0.9966807,1.06066,-1.06066,10,1.430671,1
T3_EW_PW_B3_C0_P2332335_S14_0821105453.csv,72324,1566354848539,2357.739,0.3737031,-0.08029414,3.674151,0.08925807,-0.1319769,0.9872259,7.583844,5.166237,0.1980922,0.06614366,0.04485572,-0.001257388,0.9968006,1.06066,-1.06066,10,1.55658,1
T3_EW_PW_B3_C0_P2332335_S14_0821105453.csv,72325,1566354848573,2357.772,0.3797133,-0.07887477,3.709922,0.08301456,-0.1147336,0.9899216,6.588261,4.793592,359.5946,0.05726341,0.04195355,-0.005932117,0.9974596,1.06066,-1.06066,10,2.620623,1
T3_EW_PW_B3_C0_P2332335_S14_0821105453.csv,72326,1566354848606,2357.805,0.3866605,-0.07918693,3.742699,0.08292773,-0.164471,0.9828898,9.466503,4.8227,359.7358,0.08234694,0.04212005,-0.005767333,0.9956965,1.06066,-1.06066,10,1.440214,0
T3_EW_PW_B3_C0_P2332335_S14_0821105453.csv,72327,1566354848639,2357.839,0.392655,-0.06925805,3.775567,0.08441495,-0.1546296,0.9843596,8.895317,4.901477,359.3579,0.07723732,0.04306512,-0.008897419,0.9960425,1.06066,-1.06066,10,1.213698,1
T3_EW_PW_B3_C0_P2332335_S14_0821105453.csv,72328,1566354848673,2357.872,0.3984319,-0.04823502,3.807596,0.08866348,-0.1367395,0.9866312,7.859221,5.135084,359.6753,0.06833517,0.04488556,-0.005893974,0.9966348,1.06066,-1.06066,10,1.675497,1
T3_EW_PW_B3_C0_P2332335_S14_0821105453.csv,72329,1566354848709,2357.908,0.4021478,-0.03118103,3.839452,0.09153649,-0.08987726,0.9917374,5.156546,5.273409,359.077,0.04456494,0.04631681,-0.01010701,0.9978811,1.06066,-1.06066,10,4.355681,1
T3_EW_PW_B3_C0_P2332335_S14_0821105453.csv,72330,1566354848738,2357.938,0.4052026,-0.03119142,3.871013,0.09520788,-0.08873177,0.9914949,5.090651,5.484986,359.6047,0.04419368,0.04795279,-0.005567129,0.997856,1.06066,-1.06066,10,4.433807,0
T3_EW_PW_B3_C0_P2332335_S14_0821105453.csv,72331,1566354848772,2357.972,0.4062873,-0.03055666,3.903791,0.09119565,-0.1075688,0.9900062,6.175188,5.263019,359.8724,0.05375474,0.04590558,-0.003583317,0.997492,1.06066,-1.06066,10,3.469103,0
T3_EW_PW_B3_C0_P2332335_S14_0821105453.csv,72332,1566354848804,2358.004,0.4066998,-0.02820436,3.940187,0.08601097,-0.08569793,0.9926016,4.91616,4.952426,359.7001,0.04273528,0.04327685,-0.004464985,0.9981387,1.06066,-1.06066,10,4.848201,0
T3_EW_PW_B3_C0_P2332335_S14_0821105453.csv,72333,1566354848838,2358.038,0.4071494,-0.0350009,3.974102,0.08345132,-0.1193276,0.9893416,6.853299,4.821506,359.7704,0.05963353,0.04210752,-0.004512173,0.9973217,1.06066,-1.06066,10,3.066182,0
T3_EW_PW_B3_C0_P2332335_S14_0821105453.csv,72334,1566354848873,2358.072,0.4075648,-0.04487275,4.005658,0.08144862,-0.1776969,0.9807089,10.23564,4.747563,0.2072203,0.08920197,0.04109209,-0.001895105,0.9951637,1.06066,-1.06066,10,1.597407,0
T3_EW_PW_B3_C0_P2332335_S14_0821105453.csv,72335,1566354848906,2358.105,0.4080888,-0.05050644,4.037656,0.08026405,-0.1974387,0.9770239,11.38722,4.696392,0.5281075,0.0993123,0.04031289,0.0005172383,0.9942393,1.06066,-1.06066,10,2.379321,1
T3_EW_PW_B3_C0_P2332335_S14_0821105453.csv,72336,1566354848938,2358.138,0.4085436,-0.05610772,4.069342,0.07593326,-0.2024477,0.9763448,11.68013,4.447113,1.100128,0.1020412,0.03761937,0.00559561,0.9940529,1.06066,-1.06066,10,2.780941,0
T3_EW_PW_B3_C0_P2332335_S14_0821105453.csv,72337,1566354848973,2358.173,0.4085365,-0.06000677,4.101282,0.06589917,-0.1972667,0.9781325,11.37717,3.854332,1.608821,0.09952544,0.03206934,0.01062907,0.9944613,1.06066,-1.06066,10,3.014478,0
T3_EW_PW_B3_C0_P2332335_S14_0821105453.csv,72338,1566354849004,2358.204,0.4079833,-0.06218939,4.134109,0.05685335,-0.1725471,0.9833592,9.935946,3.308897,1.266585,0.08687541,0.02780458,0.008506608,0.9957948,1.06066,-1.06066,10,3.014543,0
T3_EW_PW_B3_C0_P2332335_S14_0821105453.csv,72339,1566354849041,2358.24,0.4080811,-0.06748897,4.165973,0.05657953,-0.1568121,0.9860064,9.021908,3.284174,0.8778004,0.07883391,0.02796408,0.005379602,0.9964809,1.06066,-1.06066,10,3.112064,0
T3_EW_PW_B3_C0_P2332335_S14_0821105453.csv,72340,1566354849071,2358.271,0.4084643,-0.07479684,4.197582,0.06637117,-0.139768,0.9879574,8.034423,3.843366,0.507992,0.07016434,0.0331403,0.002070476,0.9969827,1.06066,-1.06066,10,2.974667,0
T3_EW_PW_B3_C0_P2332335_S14_0821105453.csv,72341,1566354849108,2358.306,0.4084501,-0.08015563,4.229478,0.08415344,-0.1359319,0.9871376,7.812513,4.872681,0.6205632,0.06829132,0.04204139,0.00250207,0.9967761,1.06066,-1.06066,10,2.358417,0
T3_EW_PW_B3_C0_P2332335_S14_0821105453.csv,72342,1566354849137,2358.337,0.4081655,-0.07914896,4.262986,0.1000219,-0.1157504,0.9882295,6.646907,5.779408,0.6782966,0.05819586,0.04998509,0.002979198,0.9970486,1.06066,-1.06066,10,3.081531,0
T3_EW_PW_B3_C0_P2332335_S14_0821105453.csv,72343,1566354849174,2358.374,0.4072883,-0.06950204,4.295962,0.1117254,-0.1218224,0.9862437,6.99729,6.463128,0.4085045,0.06112809,0.05604891,0.0001125177,0.996555,1.06066,-1.06066,10,2.798343,0
T3_EW_PW_B3_C0_P2332335_S14_0821105453.csv,72344,1566354849204,2358.404,0.407023,-0.06161768,4.330172,0.116348,-0.1180579,0.9861671,6.78003,6.728653,359.7348,0.05889474,0.05871863,-0.005776722,0.996519,1.06066,-1.06066,10,3.152315,0
T3_EW_PW_B3_C0_P2332335_S14_0821105453.csv,72345,1566354849239,2358.439,0.406875,-0.04905754,4.360995,0.1155329,-0.1471712,0.9823405,8.463032,6.707732,359.1048,0.07320235,0.05891676,-0.01209411,0.9955019,1.06066,-1.06066,10,1.643777,0
T3_EW_PW_B3_C0_P2332335_S14_0821105453.csv,72346,1566354849272,2358.472,0.4083136,-0.03637964,4.39235,0.118501,-0.136981,0.9834601,7.873188,6.87067,359.3475,0.06818759,0.06016987,-0.009784492,0.9958084,1.06066,-1.06066,10,2.421639,1
T3_EW_PW_B3_C0_P2332335_S14_0821105453.csv,72347,1566354849306,2358.505,0.4104753,-0.03080512,4.424397,0.125213,-0.1116806,0.9858241,6.412202,7.238579,359.0706,0.05530329,0.06347831,-0.01161151,0.9963821,1.06066,-1.06066,10,4.025988,0
T3_EW_PW_B3_C0_P2332335_S14_0821105453.csv,72348,1566354849338,2358.538,0.4134592,-0.03082805,4.4553,0.1361581,-0.1299485,0.9821275,7.466619,7.89294,359.0421,0.06438165,0.06921902,-0.01280333,0.9954395,1.06066,-1.06066,10,3.225372,0
T3_EW_PW_B3_C0_P2332335_S14_0821105453.csv,72349,1566354849372,2358.572,0.4167008,-0.03488044,4.486454,0.1440595,-0.137711,0.9799401,7.915412,8.363061,359.4001,0.06845462,0.07310218,-0.01024116,0.9949197,1.06066,-1.06066,10,3.056846,0
T3_EW_PW_B3_C0_P2332335_S14_0821105453.csv,72350,1566354849406,2358.605,0.4183017,-0.04141287,4.515817,0.1401818,-0.1762299,0.9743162,10.15024,8.187364,359.3823,0.08785149,0.07158218,-0.01167054,0.9934898,1.06066,-1.06066,10,1.514136,0
T3_EW_PW_B3_C0_P2332335_S14_0821105453.csv,72351,1566354849438,2358.637,0.4188109,-0.0476018,4.543687,0.1296333,-0.2096698,0.9691408,12.103,7.618719,358.6323,0.1043935,0.06731742,-0.01884578,0.9920762,1.06066,-1.06066,10,1.880344,1
T3_EW_PW_B3_C0_P2332335_S14_0821105453.csv,72352,1566354849471,2358.671,0.4191019,-0.05335938,4.569943,0.120423,-0.2339407,0.9647642,13.52919,7.114928,358.3066,0.11664,0.06334816,-0.02195421,0.9909088,1.06066,-1.06066,10,3.112881,1
T3_EW_PW_B3_C0_P2332335_S14_0821105453.csv,72353,1566354849506,2358.705,0.4189066,-0.0568086,4.595874,0.1152029,-0.2370807,0.9646352,13.71431,6.810374,358.0433,0.1181593,0.06099829,-0.0240131,0.9908285,1.06066,-1.06066,10,3.263208,0
T3_EW_PW_B3_C0_P2332335_S14_0821105453.csv,72354,1566354849538,2358.738,0.4197006,-0.05681118,4.623612,0.117738,-0.2103736,0.9705054,12.14425,6.917101,358.2852,0.1046781,0.06156125,-0.02123327,0.9923719,1.06066,-1.06066,10,1.644848,0
T3_EW_PW_B3_C0_P2332335_S14_0821105453.csv,72355,1566354849572,2358.771,0.4209652,-0.05612579,4.653135,0.1168759,-0.1686657,0.9787195,9.710251,6.809847,358.9538,0.08394331,0.05994796,-0.0141078,0.9945657,1.06066,-1.06066,10,0.8566085,1
T3_EW_PW_B3_C0_P2332335_S14_0821105453.csv,72356,1566354849606,2358.806,0.4217356,-0.06137643,4.682119,0.1074008,-0.1558152,0.9819301,8.96408,6.242042,359.3161,0.07770536,0.05474337,-0.01019544,0.9954201,1.06066,-1.06066,10,1.712694,1
T3_EW_PW_B3_C0_P2332335_S14_0821105453.csv,72357,1566354849639,2358.837,0.4232132,-0.07142964,4.710995,0.09494961,-0.1591271,0.9826816,9.156237,5.518956,359.505,0.07951762,0.04833372,-0.008143935,0.9956277,1.06066,-1.06066,10,1.906905,1
T3_EW_PW_B3_C0_P2332335_S14_0821105453.csv,72358,1566354849670,2358.87,0.4260027,-0.08100309,4.740194,0.0845914,-0.1753961,0.980857,10.10171,4.929126,359.6581,0.08783028,0.04309678,-0.006755617,0.9951798,1.06066,-1.06066,10,1.955847,1
T3_EW_PW_B3_C0_P2332335_S14_0821105453.csv,72359,1566354849705,2358.905,0.4305543,-0.0828959,4.771254,0.0803737,-0.1704063,0.9820905,9.811443,4.678626,359.6747,0.08532934,0.04091028,-0.00631705,0.9954925,1.06066,-1.06066,10,2.270986,1
T3_EW_PW_B3_C0_P2332335_S14_0821105453.csv,72360,1566354849736,2358.936,0.4359433,-0.08187091,4.801925,0.08088166,-0.1517418,0.9851054,8.727881,4.693717,359.1366,0.07571788,0.04140193,-0.01062234,0.9962128,1.06066,-1.06066,10,2.827778,0
T3_EW_PW_B3_C0_P2332335_S14_0821105453.csv,72361,1566354849773,2358.973,0.442068,-0.07997689,4.828295,0.08667443,-0.2044244,0.9750376,11.79581,5.079866,359.1573,0.1023282,0.04483482,-0.01186145,0.993669,1.06066,-1.06066,10,2.049182,0
T3_EW_PW_B3_C0_P2332335_S14_0821105453.csv,72362,1566354849804,2359.004,0.4471288,-0.071635,4.857444,0.09271332,-0.1771319,0.9798105,10.20274,5.405446,358.7395,0.08829724,0.04794127,-0.0151364,0.9948247,1.06066,-1.06066,10,1.503501,1
T3_EW_PW_B3_C0_P2332335_S14_0821105453.csv,72363,1566354849839,2359.039,0.4524516,-0.04971832,4.886047,0.09932465,-0.1348798,0.9858712,7.751671,5.753029,359.254,0.06718197,0.0505072,-0.009878963,0.9964126,1.06066,-1.06066,10,3.50459,1
T3_EW_PW_B3_C0_P2332335_S14_0821105453.csv,72364,1566354849872,2359.072,0.4565215,-0.03510426,4.915015,0.108105,-0.0922981,0.9898456,5.295829,6.232798,358.9583,0.04563446,0.05472367,-0.01157901,0.997391,1.06066,-1.06066,10,6.053075,0
T3_EW_PW_B3_C0_P2332335_S14_0821105453.csv,72365,1566354849906,2359.104,0.459556,-0.03472485,4.942806,0.1201635,-0.08281527,0.9892939,4.750406,6.925445,359.2126,0.04095193,0.06063006,-0.009356074,0.997276,1.06066,-1.06066,10,6.640891,0
T3_EW_PW_B3_C0_P2332335_S14_0821105453.csv,72366,1566354849938,2359.139,0.4605104,-0.03812322,4.972898,0.120533,-0.1040674,0.9872395,5.973438,6.960847,359.8474,0.05192758,0.06069425,-0.004490872,0.9967947,1.06066,-1.06066,10,5.44712,0
T3_EW_PW_B3_C0_P2332335_S14_0821105453.csv,72367,1566354849971,2359.171,0.4596461,-0.03668597,5.006426,0.1142034,-0.09768829,0.9886428,5.606067,6.589336,359.2231,0.04843152,0.05773205,-0.009571164,0.9971107,1.06066,-1.06066,10,5.907637,0
T3_EW_PW_B3_C0_P2332335_S14_0821105453.csv,72368,1566354850005,2359.205,0.4587235,-0.04086826,5.039117,0.1086165,-0.122786,0.9864715,7.052917,6.283301,358.9203,0.06089889,0.05527716,-0.0127611,0.9965305,1.06066,-1.06066,10,4.524632,0
T3_EW_PW_B3_C0_P2332335_S14_0821105453.csv,72369,1566354850040,2359.239,0.4578412,-0.0515808,5.068069,0.1020791,-0.2034908,0.9737409,11.74116,5.984565,359.6063,0.1019633,0.05227833,-0.008752583,0.993375,1.06066,-1.06066,10,0.998776,0
T3_EW_PW_B3_C0_P2332335_S14_0821105453.csv,72370,1566354850072,2359.271,0.4571185,-0.05948357,5.09569,0.09589959,-0.2570676,0.9616234,14.89613,5.695093,0.2785116,0.1295868,0.04894464,-0.004032705,0.9903512,1.06066,-1.06066,10,3.674557,1
T3_EW_PW_B3_C0_P2332335_S14_0821105453.csv,72371,1566354850105,2359.304,0.4569827,-0.06442907,5.121843,0.0918257,-0.2759451,0.956777,16.01835,5.482113,0.8680694,0.1395269,0.04630012,0.0008298336,0.9891349,1.06066,-1.06066,10,4.809824,0
T3_EW_PW_B3_C0_P2332335_S14_0821105453.csv,72372,1566354850137,2359.337,0.4569321,-0.06336028,5.149496,0.08449611,-0.2500438,0.9645405,14.48011,5.006469,1.078479,0.1263087,0.04214069,0.003823344,0.9910882,1.06066,-1.06066,10,3.582116,0
T3_EW_PW_B3_C0_P2332335_S14_0821105453.csv,72373,1566354850175,2359.374,0.4570052,-0.05729209,5.18012,0.07674044,-0.1792094,0.9808134,10.32371,4.473801,0.9030898,0.09020454,0.03816336,0.004331397,0.9951824,1.06066,-1.06066,10,2.942377,0
T3_EW_PW_B3_C0_P2332335_S14_0821105453.csv,72374,1566354850207,2359.406,0.45756,-0.06116413,5.208746,0.0763313,-0.1602077,0.9841275,9.218949,4.435119,0.6253332,0.08051285,0.0381301,0.002325758,0.9960213,1.06066,-1.06066,10,3.657787,0
T3_EW_PW_B3_C0_P2332335_S14_0821105453.csv,72375,1566354850242,2359.441,0.4581491,-0.07008497,5.236694,0.08350444,-0.1703554,0.9818381,9.808482,4.861255,0.2422678,0.08550289,0.04207379,-0.00152108,0.9954481,1.06066,-1.06066,10,2.956183,0
T3_EW_PW_B3_C0_P2332335_S14_0821105453.csv,72376,1566354850271,2359.471,0.4591261,-0.07771885,5.266504,0.09782013,-0.167437,0.9810179,9.638832,5.694305,0.1816885,0.08399019,0.04936301,-0.002595217,0.9952398,1.06066,-1.06066,10,2.513883,0
T3_EW_PW_B3_C0_P2332335_S14_0821105453.csv,72377,1566354850306,2359.504,0.4598414,-0.07984176,5.297189,0.1207056,-0.174962,0.9771481,10.07645,7.041983,0.2712092,0.08779909,0.06096931,-0.003040252,0.994266,1.06066,-1.06066,10,1.628708,0
T3_EW_PW_B3_C0_P2332335_S14_0821105453.csv,72378,1566354850339,2359.538,0.4598132,-0.0790466,5.328751,0.1436049,-0.1713598,0.9746863,9.86689,8.381343,0.102203,0.08583347,0.07272857,-0.005398199,0.9936368,1.06066,-1.06066,10,2.168169,1
T3_EW_PW_B3_C0_P2332335_S14_0821105453.csv,72379,1566354850374,2359.573,0.4577264,-0.07524057,5.356848,0.1565766,-0.1968365,0.9678528,11.35203,9.189539,359.974,0.0985672,0.07973756,-0.008148268,0.9918972,1.06066,-1.06066,10,1.833444,1
T3_EW_PW_B3_C0_P2332335_S14_0821105453.csv,72380,1566354850406,2359.605,0.4555801,-0.06927585,5.385238,0.1630977,-0.2180951,0.9622025,12.59717,9.62045,0.2345254,0.1094937,0.08312558,-0.007172668,0.9904796,1.06066,-1.06066,10,2.177717,1
T3_EW_PW_B3_C0_P2332335_S14_0821105453.csv,72381,1566354850439,2359.638,0.4527913,-0.05201348,5.415295,0.1594745,-0.19314,0.9681244,11.13609,9.354055,359.8461,0.09659561,0.08128402,-0.009244043,0.9919561,1.06066,-1.06066,10,2.115073,1
T3_EW_PW_B3_C0_P2332335_S14_0821105453.csv,72382,1566354850472,2359.672,0.4508951,-0.03606268,5.444705,0.1497653,-0.1489633,0.9774356,8.566855,8.711263,359.7257,0.07429306,0.07591283,-0.008052732,0.9943103,1.06066,-1.06066,10,4.141133,1
T3_EW_PW_B3_C0_P2332335_S14_0821105453.csv,72383,1566354850504,2359.704,0.4506895,-0.0342527,5.472036,0.1410868,-0.1403565,0.9799972,8.068475,8.192386,359.5397,0.06988606,0.07153548,-0.009021977,0.9949459,1.06066,-1.06066,10,4.62135,0
SUMMARY:
dwellCount,eachTime,totalTime
23
0,0.2333984
1,0.1682129
2,0.03344727
3,0.02978516
4,0.06567383
5,0.06713867
6,0.1335449
7,0.1660156
8,0.03344727
9,0.2351074
10,0.2668457
11,0.03125
12,0.06640625
13,0.03442383
14,0.166748
15,0.1022949
16,0.03320313
17,0.03295898
18,0.06591797
19,0.166748
20,0.06640625
21,0.03295898
22,0.1674805
2.399414